trip_id,stop_id,delay_min,snapshot_time
307430546,de:12054:900230003:4:53,0.0,2026-10-02T01:01:04.695736+02:00
307430546,de:12054:900230999:1:51,0.0,2026-10-02T01:01:04.695736+02:00
307430546,de:12054:900230006:1:50,0.0,2026-10-02T01:01:04.695736+02:00
307430546,de:12054:900230007:1:50,0.0,2026-10-02T01:01:04.695736+02:00
307430546,de:12054:900220010:1:50,0.0,2026-10-02T01:01:04.695736+02:00
307430546,de:12054:900220012:2:51,0.0,2026-10-02T01:01:04.695736+02:00
307430546,de:12063:900210001:2:51,0.0,2026-10-02T01:01:04.695736+02:00
307430546,de:12065:900200000:1:51,0.0,2026-10-02T01:01:04.695736+02:00
295900317,de:11000:900089303:1:51,0.0,2026-10-02T01:01:04.695736+02:00
295900317,de:11000:900096405:1:50,-0.8,2026-10-02T01:01:04.695736+02:00
295900317,de:11000:900096458:1:50,-0.5,2026-10-02T01:01:04.695736+02:00
295900317,de:11000:900085105:1:50,-0.8,2026-10-02T01:01:04.695736+02:00
295900317,de:11000:900085201:1:51,0.0,2026-10-02T01:01:04.695736+02:00
295900317,de:11000:900130003:1:51,-0.8,2026-10-02T01:01:04.695736+02:00
295900317,de:11000:900110011:1:50,-0.9,2026-10-02T01:01:04.695736+02:00
295900317,de:11000:900007102:1:50,-0.7,2026-10-02T01:01:04.695736+02:00
295900317,de:11000:900008101:1:50,-0.4,2026-10-02T01:01:04.695736+02:00
295900317,de:11000:900007104:1:51,-0.2,2026-10-02T01:01:04.695736+02:00
295900317,de:11000:900100007:1:50,-0.2,2026-10-02T01:01:04.695736+02:00
295900317,de:11000:900100001:4:56,0.0,2026-10-02T01:01:04.695736+02:00
295900317,de:11000:900100025:1:50,-0.9,2026-10-02T01:01:04.695736+02:00
295900317,de:11000:900100020:4:56,-0.9,2026-10-02T01:01:04.695736+02:00
306895750,de:12067:900310805::1,0.0,2026-10-02T01:01:04.695736+02:00
306895750,de:12067:900310825::1,0.0,2026-10-02T01:01:04.695736+02:00
306895750,de:12067:900310835::2,0.0,2026-10-02T01:01:04.695736+02:00
306895750,de:12067:900310001::9,0.0,2026-10-02T01:01:04.695736+02:00
306895750,de:12067:900311149::2,0.0,2026-10-02T01:01:04.695736+02:00
306895750,de:12067:900310001::11,0.0,2026-10-02T01:01:04.695736+02:00
306895750,de:12067:900310001::2,0.0,2026-10-02T01:01:04.695736+02:00
306895750,de:12067:900310816::1,0.0,2026-10-02T01:01:04.695736+02:00
306895750,de:12067:900310627::1,0.0,2026-10-02T01:01:04.695736+02:00
306895750,de:12067:900310781::1,0.0,2026-10-02T01:01:04.695736+02:00
306895750,de:12067:900310822::1,0.0,2026-10-02T01:01:04.695736+02:00
306895750,de:12067:900310771::1,0.0,2026-10-02T01:01:04.695736+02:00
306895750,de:12067:900310800::1,0.0,2026-10-02T01:01:04.695736+02:00
306895750,de:12067:900310879::1,0.0,2026-10-02T01:01:04.695736+02:00
306895750,de:12067:900310010::4,0.0,2026-10-02T01:01:04.695736+02:00
306895750,de:12067:900310880::1,0.0,2026-10-02T01:01:04.695736+02:00
306895750,de:12067:900310815::1,0.0,2026-10-02T01:01:04.695736+02:00
306895750,de:12067:900310807::1,0.0,2026-10-02T01:01:04.695736+02:00
306895928,de:12067:900310001::5,0.0,2026-10-02T01:01:04.695736+02:00
306895928,de:12067:900311149::1,0.0,2026-10-02T01:01:04.695736+02:00
306895928,de:12067:900310781::1,0.0,2026-10-02T01:01:04.695736+02:00
306895928,de:12067:900310822::1,0.0,2026-10-02T01:01:04.695736+02:00
306895928,de:12067:900310808::1,0.0,2026-10-02T01:01:04.695736+02:00
306895928,de:12067:900310777::1,0.0,2026-10-02T01:01:04.695736+02:00
306895928,de:12067:900310796::1,0.0,2026-10-02T01:01:04.695736+02:00
306895928,de:12067:900310875::1,0.0,2026-10-02T01:01:04.695736+02:00
306895928,de:12067:900310837::1,0.0,2026-10-02T01:01:04.695736+02:00
306895928,de:12067:900310817::1,0.0,2026-10-02T01:01:04.695736+02:00
306895928,de:12067:900311145::1,0.0,2026-10-02T01:01:04.695736+02:00
295883509,de:11000:900049201:1:51,0.0,2026-10-02T01:01:04.695736+02:00
295883509,de:11000:900049202:1:51,0.0,2026-10-02T01:01:04.695736+02:00
295883509,de:11000:900066101:1:51,-0.3,2026-10-02T01:01:04.695736+02:00
295883509,de:11000:900066102:1:51,-0.2,2026-10-02T01:01:04.695736+02:00
295883509,de:11000:900062202:1:51,-0.2,2026-10-02T01:01:04.695736+02:00
295883509,de:11000:900063101:1:51,-0.2,2026-10-02T01:01:04.695736+02:00
295883509,de:11000:900060101:1:51,-0.9,2026-10-02T01:01:04.695736+02:00
295883509,de:11000:900054104:1:51,-0.9,2026-10-02T01:01:04.695736+02:00
295883509,de:11000:900057104:1:50,-0.4,2026-10-02T01:01:04.695736+02:00
295883509,de:11000:900057102:1:51,-0.1,2026-10-02T01:01:04.695736+02:00
295883509,de:11000:900012101:2:52,-0.8,2026-10-02T01:01:04.695736+02:00
295883509,de:11000:900100020:4:57,-0.9,2026-10-02T01:01:04.695736+02:00
307252181,de:11000:900007102:1:51,0.0,2026-10-02T01:01:04.695736+02:00
307252181,de:11000:900009104:1:51,-0.8,2026-10-02T01:01:04.695736+02:00
307252181,de:11000:900003200:5:58,-0.7,2026-10-02T01:01:04.695736+02:00
295882590,de:11000:900053301:2:52,0.0,2026-10-02T01:01:04.695736+02:00
295882590,de:11000:900052201:1:51,0.0,2026-10-02T01:01:04.695736+02:00
295882590,de:11000:900050355:1:51,-0.3,2026-10-02T01:01:04.695736+02:00
295882590,de:11000:900050301:1:51,-0.4,2026-10-02T01:01:04.695736+02:00
295882590,de:11000:900049201:1:51,0.0,2026-10-02T01:01:04.695736+02:00
295882590,de:11000:900049202:1:51,0.0,2026-10-02T01:01:04.695736+02:00
295882590,de:11000:900066101:1:51,-0.3,2026-10-02T01:01:04.695736+02:00
295882590,de:11000:900066102:1:51,-0.2,2026-10-02T01:01:04.695736+02:00
295882590,de:11000:900062202:1:51,-0.2,2026-10-02T01:01:04.695736+02:00
295882590,de:11000:900063101:1:51,-0.2,2026-10-02T01:01:04.695736+02:00
295882590,de:11000:900060101:1:51,-0.9,2026-10-02T01:01:04.695736+02:00
295882590,de:11000:900054104:1:51,-0.9,2026-10-02T01:01:04.695736+02:00
295882590,de:11000:900057104:1:50,-0.4,2026-10-02T01:01:04.695736+02:00
295882590,de:11000:900057102:1:51,-0.1,2026-10-02T01:01:04.695736+02:00
295882590,de:11000:900012101:2:52,-0.9,2026-10-02T01:01:04.695736+02:00
295882590,de:11000:900100020:4:57,-0.3,2026-10-02T01:01:04.695736+02:00
295882590,de:11000:900100025:1:51,-0.4,2026-10-02T01:01:04.695736+02:00
295882590,de:11000:900100001:4:57,-0.1,2026-10-02T01:01:04.695736+02:00
295882590,de:11000:900100007:1:51,-0.2,2026-10-02T01:01:04.695736+02:00
295882590,de:11000:900007104:2:52,-0.2,2026-10-02T01:01:04.695736+02:00
295882590,de:11000:900008101:1:51,-0.9,2026-10-02T01:01:04.695736+02:00
295882590,de:11000:900007102:2:53,-0.6,2026-10-02T01:01:04.695736+02:00
295882590,de:11000:900110011:2:53,-0.9,2026-10-02T01:01:04.695736+02:00
295882590,de:11000:900085201:1:50,-0.9,2026-10-02T01:01:04.695736+02:00
295882590,de:11000:900084101:1:50,-0.7,2026-10-02T01:01:04.695736+02:00
295882590,de:11000:900096101:1:50,-0.8,2026-10-02T01:01:04.695736+02:00
295882590,de:11000:900094101:1:50,-0.1,2026-10-02T01:01:04.695736+02:00
295882590,de:11000:900093201:1:50,-0.4,2026-10-02T01:01:04.695736+02:00
295882590,de:11000:900092201:1:50,-0.2,2026-10-02T01:01:04.695736+02:00
295883535,de:11000:900053301:2:53,0.0,2026-10-02T01:01:04.695736+02:00
295883535,de:11000:900052201:1:51,0.0,2026-10-02T01:01:04.695736+02:00
295883535,de:11000:900050355:1:51,-0.3,2026-10-02T01:01:04.695736+02:00
295883535,de:11000:900050301:1:51,-0.4,2026-10-02T01:01:04.695736+02:00
295883535,de:11000:900049201:1:51,0.0,2026-10-02T01:01:04.695736+02:00
295883535,de:11000:900049202:1:51,0.0,2026-10-02T01:01:04.695736+02:00
295883535,de:11000:900066101:1:51,-0.3,2026-10-02T01:01:04.695736+02:00
295883535,de:11000:900066102:1:51,-0.2,2026-10-02T01:01:04.695736+02:00
295883535,de:11000:900062202:1:51,-0.2,2026-10-02T01:01:04.695736+02:00
295883535,de:11000:900063101:1:51,-0.2,2026-10-02T01:01:04.695736+02:00
295883535,de:11000:900060101:1:51,-0.9,2026-10-02T01:01:04.695736+02:00
295883535,de:11000:900054104:1:51,-0.9,2026-10-02T01:01:04.695736+02:00
295883535,de:11000:900057104:1:50,-0.4,2026-10-02T01:01:04.695736+02:00
295883535,de:11000:900057102:1:51,-0.1,2026-10-02T01:01:04.695736+02:00
295883535,de:11000:900012101:2:52,-0.8,2026-10-02T01:01:04.695736+02:00
295883535,de:11000:900100020:4:57,-0.9,2026-10-02T01:01:04.695736+02:00
295882432,de:11000:900092201:1:50,0.0,2026-10-02T01:01:04.695736+02:00
295882432,de:11000:900093201:1:51,-0.4,2026-10-02T01:01:04.695736+02:00
295882432,de:11000:900094101:1:51,-0.3,2026-10-02T01:01:04.695736+02:00
295882432,de:11000:900096101:1:51,-0.1,2026-10-02T01:01:04.695736+02:00
295882432,de:11000:900084101:1:51,-0.2,2026-10-02T01:01:04.695736+02:00
295882432,de:11000:900085201:1:51,-0.8,2026-10-02T01:01:04.695736+02:00
295882432,de:11000:900130003:1:51,-0.8,2026-10-02T01:01:04.695736+02:00
295882432,de:11000:900110011:1:50,-0.9,2026-10-02T01:01:04.695736+02:00
295882432,de:11000:900007102:1:50,-0.9,2026-10-02T01:01:04.695736+02:00
295882432,de:11000:900008101:1:50,0.0,2026-10-02T01:01:04.695736+02:00
295882432,de:11000:900007104:1:51,-0.7,2026-10-02T01:01:04.695736+02:00
295882432,de:11000:900100007:1:50,-0.7,2026-10-02T01:01:04.695736+02:00
295882432,de:11000:900100001:4:56,-0.5,2026-10-02T01:01:04.695736+02:00
295882432,de:11000:900100025:1:50,-0.4,2026-10-02T01:01:04.695736+02:00
295882432,de:11000:900100020:3:54,-0.4,2026-10-02T01:01:04.695736+02:00
295882432,de:11000:900012101:1:51,-0.5,2026-10-02T01:01:04.695736+02:00
295882432,de:11000:900057102:1:50,-0.7,2026-10-02T01:01:04.695736+02:00
295882432,de:11000:900057104:2:51,-0.4,2026-10-02T01:01:04.695736+02:00
295882432,de:11000:900054104:1:50,-0.3,2026-10-02T01:01:04.695736+02:00
295882432,de:11000:900060101:1:50,-0.3,2026-10-02T01:01:04.695736+02:00
295882432,de:11000:900063101:1:50,-0.1,2026-10-02T01:01:04.695736+02:00
295882432,de:11000:900062202:1:50,-0.1,2026-10-02T01:01:04.695736+02:00
295882432,de:11000:900066102:1:50,-0.2,2026-10-02T01:01:04.695736+02:00
295882432,de:11000:900066101:1:50,-0.1,2026-10-02T01:01:04.695736+02:00
295882432,de:11000:900049202:1:50,-0.3,2026-10-02T01:01:04.695736+02:00
295882432,de:11000:900049201:1:50,-0.4,2026-10-02T01:01:04.695736+02:00
295882432,de:11000:900050301:1:50,0.0,2026-10-02T01:01:04.695736+02:00
295882432,de:11000:900050355:1:50,-0.1,2026-10-02T01:01:04.695736+02:00
295882432,de:11000:900052201:1:50,-0.5,2026-10-02T01:01:04.695736+02:00
295882432,de:11000:900053301:1:51,-0.9,2026-10-02T01:01:04.695736+02:00
307432319,de:12054:900230003:4:53,0.0,2026-10-02T01:01:04.695736+02:00
307432319,de:12054:900230999:1:51,0.0,2026-10-02T01:01:04.695736+02:00
307432319,de:12054:900230006:1:50,0.0,2026-10-02T01:01:04.695736+02:00
307432319,de:12054:900230007:1:50,0.0,2026-10-02T01:01:04.695736+02:00
307432319,de:12054:900220010:1:50,0.0,2026-10-02T01:01:04.695736+02:00
307432319,de:12054:900230002:1:52,0.0,2026-10-02T01:01:04.695736+02:00
307432319,de:12069:900220002:1:50,0.0,2026-10-02T01:01:04.695736+02:00
307432319,de:12072:900245836:1:50,0.0,2026-10-02T01:01:04.695736+02:00
307432319,de:12061:900260009:2:54,0.0,2026-10-02T01:01:04.695736+02:00
307431736,de:12061:900260009:2:54,0.0,2026-10-02T01:01:04.695736+02:00
307431736,de:12072:900245836:2:51,0.0,2026-10-02T01:01:04.695736+02:00
307431736,de:12069:900220002:2:51,0.0,2026-10-02T01:01:04.695736+02:00
307431736,de:12054:900230002:1:50,0.0,2026-10-02T01:01:04.695736+02:00
307431736,de:12054:900220010:2:51,0.0,2026-10-02T01:01:04.695736+02:00
307431736,de:12054:900230007:2:52,0.0,2026-10-02T01:01:04.695736+02:00
307431736,de:12054:900230006:2:51,0.0,2026-10-02T01:01:04.695736+02:00
307431736,de:12054:900230999:1:50,0.0,2026-10-02T01:01:04.695736+02:00
307433848,de:12065:900200005:2:1,0.0,2026-10-02T01:01:04.695736+02:00
307433848,de:11000:900152001:3:53,0.0,2026-10-02T01:01:04.695736+02:00
307433848,de:11000:900160004:4:56,0.0,2026-10-02T01:01:04.695736+02:00
307433848,de:11000:900120003:4:56,0.0,2026-10-02T01:01:04.695736+02:00
307433848,de:11000:900192001:1:50,0.0,2026-10-02T01:01:04.695736+02:00
307433848,de:12061:900260009:2:54,0.0,2026-10-02T01:01:04.695736+02:00
307433848,de:12072:900245030:2:51,0.0,2026-10-02T01:01:04.695736+02:00
307433848,de:12072:900245029:2:52,0.0,2026-10-02T01:01:04.695736+02:00
307433836,de:12065:900200005:2:1,0.0,2026-10-02T01:01:04.695736+02:00
307433836,de:11000:900152001:3:53,0.0,2026-10-02T01:01:04.695736+02:00
307433836,de:11000:900160004:4:56,0.0,2026-10-02T01:01:04.695736+02:00
307433836,de:11000:900120003:4:56,0.0,2026-10-02T01:01:04.695736+02:00
307433836,de:11000:900192001:1:50,0.0,2026-10-02T01:01:04.695736+02:00
307433836,de:12061:900260009:2:54,0.0,2026-10-02T01:01:04.695736+02:00
307433836,de:12072:900245030:2:51,0.0,2026-10-02T01:01:04.695736+02:00
307433836,de:12072:900245029:2:52,0.0,2026-10-02T01:01:04.695736+02:00
307432906,de:12072:900245027:2:53,0.0,2026-10-02T01:01:04.695736+02:00
307432906,de:12061:900260009:2:54,0.0,2026-10-02T01:01:04.695736+02:00
307432906,de:11000:900192001:1:51,0.0,2026-10-02T01:01:04.695736+02:00
307432906,de:11000:900120003:4:57,0.0,2026-10-02T01:01:04.695736+02:00
307432906,de:11000:900160004:2:52,0.0,2026-10-02T01:01:04.695736+02:00
307432906,de:11000:900152001:2:52,0.0,2026-10-02T01:01:04.695736+02:00
307432906,de:12060:900350160:2:53,0.0,2026-10-02T01:01:04.695736+02:00
307432906,de:12060:900350158:1:50,0.0,2026-10-02T01:01:04.695736+02:00
307432906,de:12060:900350137:1:50,0.0,2026-10-02T01:01:04.695736+02:00
307432906,de:12060:900350126:1:50,0.0,2026-10-02T01:01:04.695736+02:00
307432906,de:12060:900350127:2:51,0.0,2026-10-02T01:01:04.695736+02:00
307437674,de:12053:900360000:3:54,0.0,2026-10-02T01:01:04.695736+02:00
307437674,de:12067:900311233:1:50,0.0,2026-10-02T01:01:04.695736+02:00
307437674,de:12067:900311232:1:50,0.0,2026-10-02T01:01:04.695736+02:00
307437674,de:12067:900311620:1:50,0.0,2026-10-02T01:01:04.695736+02:00
307437674,de:12067:900311631:1:50,0.0,2026-10-02T01:01:04.695736+02:00
307437674,de:12067:900311307:1:50,0.0,2026-10-02T01:01:04.695736+02:00
307437674,de:12067:900310601:1:50,0.0,2026-10-02T01:01:04.695736+02:00
307437674,de:12067:900311612:1:51,0.0,2026-10-02T01:01:04.695736+02:00
307437674,de:12067:900311250:2:51,0.0,2026-10-02T01:01:04.695736+02:00
307437674,de:12071:900445593:1:50,0.0,2026-10-02T01:01:04.695736+02:00
307437674,de:12071:900445801:2:51,0.0,2026-10-02T01:01:04.695736+02:00
307437674,de:12071:900445751:2:51,0.0,2026-10-02T01:01:04.695736+02:00
307437674,de:12071:900445750:2:51,0.0,2026-10-02T01:01:04.695736+02:00
307437674,de:12071:900446103:1:50,0.0,2026-10-02T01:01:04.695736+02:00
307437674,de:12071:900446411:1:50,0.0,2026-10-02T01:01:04.695736+02:00
307437674,de:12052:900470307:1:50,0.0,2026-10-02T01:01:04.695736+02:00
307437674,de:12052:900470163:1:50,0.0,2026-10-02T01:01:04.695736+02:00
307437674,de:12052:900470001:1:50,0.0,2026-10-02T01:01:04.695736+02:00
307437674,de:12052:900470000:4:55,0.0,2026-10-02T01:01:04.695736+02:00
307437674,de:12071:900445885:1:50,0.0,2026-10-02T01:01:04.695736+02:00
307437674,de:12066:900435459:2:51,0.0,2026-10-02T01:01:04.695736+02:00
307437674,de:12066:900435527:1:50,0.0,2026-10-02T01:01:04.695736+02:00
307437674,de:12062:900415005:2:51,0.0,2026-10-02T01:01:04.695736+02:00
307437674,de:12062:900415112:3:52,0.0,2026-10-02T01:01:04.695736+02:00
307437674,de:12062:900415466:2:51,0.0,2026-10-02T01:01:04.695736+02:00
307437674,de:12062:900415357:2:51,0.0,2026-10-02T01:01:04.695736+02:00
307437674,de:12062:900415467:1:50,0.0,2026-10-02T01:01:04.695736+02:00
307437674,de:12062:900415345:4:55,0.0,2026-10-02T01:01:04.695736+02:00
307430446,de:12063:900210005:2:53,0.0,2026-10-02T01:01:04.695736+02:00
307430446,de:12063:900210326:2:51,0.0,2026-10-02T01:01:04.695736+02:00
307430446,de:12063:900210011:2:51,0.0,2026-10-02T01:01:04.695736+02:00
307430446,de:12063:900210010:2:51,0.0,2026-10-02T01:01:04.695736+02:00
307430446,de:12063:900210180:2:51,0.0,2026-10-02T01:01:04.695736+02:00
307430446,de:11000:900037168:2:51,0.0,2026-10-02T01:01:04.695736+02:00
307430446,de:11000:900029101:3:55,0.0,2026-10-02T01:01:04.695736+02:00
307430388,de:11000:900029101:2:53,0.0,2026-10-02T01:01:04.695736+02:00
307430388,de:11000:900037168:1:50,0.0,2026-10-02T01:01:04.695736+02:00
307430388,de:12063:900210180:1:50,0.0,2026-10-02T01:01:04.695736+02:00
307430388,de:12063:900210010:1:50,0.0,2026-10-02T01:01:04.695736+02:00
307430388,de:12063:900210011:1:50,0.0,2026-10-02T01:01:04.695736+02:00
307430388,de:12063:900210326:1:50,0.0,2026-10-02T01:01:04.695736+02:00
307430388,de:12063:900210005:2:53,0.0,2026-10-02T01:01:04.695736+02:00
307258681,de:12072:900245027:2:52,0.0,2026-10-02T01:01:04.695736+02:00
307258681,de:12072:900245028:1:50,-0.9,2026-10-02T01:01:04.695736+02:00
307258681,de:11000:900074201:1:50,-0.9,2026-10-02T01:01:04.695736+02:00
307258681,de:11000:900074202:2:51,-0.1,2026-10-02T01:01:04.695736+02:00
307258681,de:11000:900072101:2:51,-0.1,2026-10-02T01:01:04.695736+02:00
307258681,de:11000:900073101:1:51,-0.4,2026-10-02T01:01:04.695736+02:00
307258681,de:11000:900068301:1:51,-0.7,2026-10-02T01:01:04.695736+02:00
307258681,de:11000:900058102:2:51,-0.7,2026-10-02T01:01:04.695736+02:00
307258681,de:11000:900058101:1:51,-0.3,2026-10-02T01:01:04.695736+02:00
307258681,de:11000:900058103:1:51,-0.1,2026-10-02T01:01:04.695736+02:00
307258681,de:11000:900012101:2:53,-0.7,2026-10-02T01:01:04.695736+02:00
307258681,de:11000:900100020:4:57,-0.8,2026-10-02T01:01:04.695736+02:00
307258681,de:11000:900100025:1:51,-0.9,2026-10-02T01:01:04.695736+02:00
307258681,de:11000:900100001:4:57,-0.6,2026-10-02T01:01:04.695736+02:00
307258681,de:11000:900100007:1:51,-0.7,2026-10-02T01:01:04.695736+02:00
307258681,de:11000:900007104:2:52,-0.7,2026-10-02T01:01:04.695736+02:00
307258681,de:11000:900008101:1:51,-0.4,2026-10-02T01:01:04.695736+02:00
307258681,de:11000:900007102:2:53,-0.1,2026-10-02T01:01:04.695736+02:00
307258681,de:11000:900110011:2:52,-0.4,2026-10-02T01:01:04.695736+02:00
307258681,de:11000:900130002:1:50,-0.7,2026-10-02T01:01:04.695736+02:00
307258681,de:11000:900130001:1:50,-0.4,2026-10-02T01:01:04.695736+02:00
307258681,de:11000:900142001:1:50,-0.9,2026-10-02T01:01:04.695736+02:00
307258681,de:11000:900143001:1:51,-0.7,2026-10-02T01:01:04.695736+02:00
307258681,de:11000:900135001:1:50,-0.4,2026-10-02T01:01:04.695736+02:00
307258681,de:12060:900350162:1:50,0.0,2026-10-02T01:01:04.695736+02:00
307258681,de:12060:900350163:1:51,-0.4,2026-10-02T01:01:04.695736+02:00
307258681,de:12060:900350161:1:50,-0.7,2026-10-02T01:01:04.695736+02:00
307258681,de:12060:900350160:1:51,-0.4,2026-10-02T01:01:04.695736+02:00
307430104,de:11000:900003200:1:50,0.0,2026-10-02T01:01:04.695736+02:00
307430104,de:11000:900007102:4:57,0.0,2026-10-02T01:01:04.695736+02:00
307430104,de:11000:900120003:4:56,0.0,2026-10-02T01:01:04.695736+02:00
307430104,de:11000:900192001:1:51,0.0,2026-10-02T01:01:04.695736+02:00
307430104,de:12061:900260009:2:54,0.0,2026-10-02T01:01:04.695736+02:00
307430078,de:12061:900260009:2:54,0.0,2026-10-02T01:01:04.695736+02:00
307430078,de:11000:900058101:4:57,0.0,2026-10-02T01:01:04.695736+02:00
307430078,de:11000:900100020:2:53,0.0,2026-10-02T01:01:04.695736+02:00
307430078,de:11000:900003200:3:55,0.0,2026-10-02T01:01:04.695736+02:00
306896184,de:12067:900310013::3,0.0,2026-10-02T01:01:04.695736+02:00
306896184,de:12067:900310563::3,0.0,2026-10-02T01:01:04.695736+02:00
306896184,de:12067:900310559::1,0.0,2026-10-02T01:01:04.695736+02:00
306896184,de:12067:900310558::1,0.0,2026-10-02T01:01:04.695736+02:00
306896184,de:12067:900310556::1,0.0,2026-10-02T01:01:04.695736+02:00
306896184,de:12067:900310621::1,0.0,2026-10-02T01:01:04.695736+02:00
306896184,de:12067:900310568::1,0.0,2026-10-02T01:01:04.695736+02:00
306896184,de:12067:900310955::1,0.0,2026-10-02T01:01:04.695736+02:00
306896184,de:12067:900310949::1,0.0,2026-10-02T01:01:04.695736+02:00
306896184,de:12067:900310952::1,0.0,2026-10-02T01:01:04.695736+02:00
306896184,de:12067:900310025::1,0.0,2026-10-02T01:01:04.695736+02:00
306896184,de:12067:900310015::1,0.0,2026-10-02T01:01:04.695736+02:00
306896184,de:12067:900310836::1,0.0,2026-10-02T01:01:04.695736+02:00
306896184,de:12067:900310838::1,0.0,2026-10-02T01:01:04.695736+02:00
306895932,de:12064:900320250::1,0.0,2026-10-02T01:01:04.695736+02:00
306895932,de:12064:900320267::2,0.0,2026-10-02T01:01:04.695736+02:00
306895932,de:12067:900310017::2,0.0,2026-10-02T01:01:04.695736+02:00
306895932,de:12067:900310509::1,0.0,2026-10-02T01:01:04.695736+02:00
306895932,de:12067:900310508::1,0.0,2026-10-02T01:01:04.695736+02:00
306895932,de:12067:900310580::2,0.0,2026-10-02T01:01:04.695736+02:00
306895932,de:12067:900310578::4,0.0,2026-10-02T01:01:04.695736+02:00
306895932,de:12067:900310534::2,0.0,2026-10-02T01:01:04.695736+02:00
306895932,de:11000:900310550::2,0.0,2026-10-02T01:01:04.695736+02:00
306895932,de:12067:900310572::2,0.0,2026-10-02T01:01:04.695736+02:00
306895932,de:12067:900310013::2,0.0,2026-10-02T01:01:04.695736+02:00
306895932,de:12067:900310563::3,0.0,2026-10-02T01:01:04.695736+02:00
306895932,de:12067:900310563::2,0.0,2026-10-02T01:01:04.695736+02:00
306895932,de:12067:900310569::1,0.0,2026-10-02T01:01:04.695736+02:00
306895932,de:12067:900310571::1,0.0,2026-10-02T01:01:04.695736+02:00
306895932,de:12067:900310579::1,0.0,2026-10-02T01:01:04.695736+02:00
306895932,de:12067:900310553::1,0.0,2026-10-02T01:01:04.695736+02:00
306895932,de:12067:900310558::2,0.0,2026-10-02T01:01:04.695736+02:00
306895932,de:12067:900310559::2,0.0,2026-10-02T01:01:04.695736+02:00
306895932,de:12067:900310560::1,0.0,2026-10-02T01:01:04.695736+02:00
306895932,de:12067:900310573::1,0.0,2026-10-02T01:01:04.695736+02:00
306895932,de:12067:900310581::1,0.0,2026-10-02T01:01:04.695736+02:00
306895932,de:12067:900310567::1,0.0,2026-10-02T01:01:04.695736+02:00
306895932,de:12067:900310561::1,0.0,2026-10-02T01:01:04.695736+02:00
306895932,de:12067:900310565::1,0.0,2026-10-02T01:01:04.695736+02:00
295900299,de:11000:900064201:1:50,0.0,2026-10-02T01:01:04.695736+02:00
295900299,de:12069:900220114:1:51,-0.1,2026-10-02T01:01:04.695736+02:00
295900341,de:12069:900220114:1:51,0.0,2026-10-02T01:01:04.695736+02:00
295900341,de:11000:900064201:1:51,-0.1,2026-10-02T01:01:04.695736+02:00
295900341,de:11000:900064256:1:51,0.0,2026-10-02T01:01:04.695736+02:00
295900341,de:11000:900064301:3:53,-0.3,2026-10-02T01:01:04.695736+02:00
295900341,de:11000:900067221:1:50,-0.3,2026-10-02T01:01:04.695736+02:00
295900341,de:11000:900063452:1:51,-0.4,2026-10-02T01:01:04.695736+02:00
295900341,de:11000:900058102:2:53,-0.5,2026-10-02T01:01:04.695736+02:00
295900341,de:11000:900058101:1:51,-0.3,2026-10-02T01:01:04.695736+02:00
295900341,de:11000:900058103:1:51,0.0,2026-10-02T01:01:04.695736+02:00
295900341,de:11000:900012101:2:53,-0.7,2026-10-02T01:01:04.695736+02:00
295900341,de:11000:900100020:4:57,-0.8,2026-10-02T01:01:04.695736+02:00
295900341,de:11000:900100025:1:51,-0.9,2026-10-02T01:01:04.695736+02:00
295900341,de:11000:900100001:4:57,-0.6,2026-10-02T01:01:04.695736+02:00
295900341,de:11000:900100007:1:51,-0.7,2026-10-02T01:01:04.695736+02:00
295900341,de:11000:900007104:2:52,-0.7,2026-10-02T01:01:04.695736+02:00
295900341,de:11000:900008101:1:51,-0.4,2026-10-02T01:01:04.695736+02:00
295900341,de:11000:900007102:2:53,-0.2,2026-10-02T01:01:04.695736+02:00
295900341,de:11000:900110011:2:53,-0.4,2026-10-02T01:01:04.695736+02:00
295900341,de:11000:900085201:1:50,-0.8,2026-10-02T01:01:04.695736+02:00
295900341,de:11000:900085105:1:50,-0.8,2026-10-02T01:01:04.695736+02:00
295900341,de:11000:900096458:1:50,-0.1,2026-10-02T01:01:04.695736+02:00
295900341,de:11000:900096405:1:50,-0.8,2026-10-02T01:01:04.695736+02:00
295900341,de:11000:900089303:1:50,-0.7,2026-10-02T01:01:04.695736+02:00
295900341,de:11000:900091205:1:50,-0.3,2026-10-02T01:01:04.695736+02:00
295900341,de:11000:900091203:1:50,-0.5,2026-10-02T01:01:04.695736+02:00
295900341,de:12065:900200000:1:55,-0.7,2026-10-02T01:01:04.695736+02:00
295900273,de:12065:900200000:4:54,0.0,2026-10-02T01:01:04.695736+02:00
295900273,de:11000:900091203:1:50,0.0,2026-10-02T01:01:04.695736+02:00
295900273,de:11000:900091205:1:50,-0.2,2026-10-02T01:01:04.695736+02:00
295900273,de:11000:900089303:1:51,-0.5,2026-10-02T01:01:04.695736+02:00
295900273,de:11000:900096405:1:50,-0.8,2026-10-02T01:01:04.695736+02:00
295900273,de:11000:900096458:1:50,-0.5,2026-10-02T01:01:04.695736+02:00
295900273,de:11000:900085105:1:50,-0.8,2026-10-02T01:01:04.695736+02:00
295900273,de:11000:900085201:1:51,0.0,2026-10-02T01:01:04.695736+02:00
295900273,de:11000:900130003:1:51,-0.8,2026-10-02T01:01:04.695736+02:00
295900273,de:11000:900110011:1:50,-0.9,2026-10-02T01:01:04.695736+02:00
295900273,de:11000:900007102:1:50,-0.7,2026-10-02T01:01:04.695736+02:00
295900273,de:11000:900008101:1:50,-0.4,2026-10-02T01:01:04.695736+02:00
295900273,de:11000:900007104:1:51,-0.2,2026-10-02T01:01:04.695736+02:00
295900273,de:11000:900100007:1:50,-0.2,2026-10-02T01:01:04.695736+02:00
295900273,de:11000:900100001:4:56,0.0,2026-10-02T01:01:04.695736+02:00
295900273,de:11000:900100025:1:50,-0.9,2026-10-02T01:01:04.695736+02:00
295900273,de:11000:900100020:3:54,-0.9,2026-10-02T01:01:04.695736+02:00
295900273,de:11000:900012101:1:51,0.0,2026-10-02T01:01:04.695736+02:00
295900273,de:11000:900058103:1:50,-0.7,2026-10-02T01:01:04.695736+02:00
295900273,de:11000:900058101:1:50,-0.3,2026-10-02T01:01:04.695736+02:00
295900273,de:11000:900058102:1:52,0.0,2026-10-02T01:01:04.695736+02:00
295900273,de:11000:900063452:1:50,-0.1,2026-10-02T01:01:04.695736+02:00
295900273,de:11000:900067221:1:50,-0.2,2026-10-02T01:01:04.695736+02:00
295900273,de:11000:900064301:3:52,-0.2,2026-10-02T01:01:04.695736+02:00
295900273,de:11000:900064256:1:50,-0.7,2026-10-02T01:01:04.695736+02:00
295900273,de:11000:900064201:1:50,-0.6,2026-10-02T01:01:04.695736+02:00
295900273,de:12069:900220114:1:51,-0.9,2026-10-02T01:01:04.695736+02:00
295896074,de:11000:900135001:1:50,0.0,2026-10-02T01:01:04.695736+02:00
295896074,de:11000:900143001:1:51,-0.8,2026-10-02T01:01:04.695736+02:00
295896074,de:11000:900142001:1:51,-0.3,2026-10-02T01:01:04.695736+02:00
295896074,de:11000:900130001:1:51,-0.8,2026-10-02T01:01:04.695736+02:00
295896074,de:11000:900130002:1:51,-0.3,2026-10-02T01:01:04.695736+02:00
295896074,de:11000:900110011:1:51,-0.7,2026-10-02T01:01:04.695736+02:00
295896074,de:11000:900007102:1:50,-0.7,2026-10-02T01:01:04.695736+02:00
295896074,de:11000:900008101:1:50,-0.5,2026-10-02T01:01:04.695736+02:00
295896074,de:11000:900007104:1:51,-0.2,2026-10-02T01:01:04.695736+02:00
295896074,de:11000:900100007:1:50,-0.2,2026-10-02T01:01:04.695736+02:00
295896074,de:11000:900100001:4:56,0.0,2026-10-02T01:01:04.695736+02:00
295896074,de:11000:900100025:1:50,-0.9,2026-10-02T01:01:04.695736+02:00
295896074,de:11000:900100020:3:54,-0.9,2026-10-02T01:01:04.695736+02:00
295896074,de:11000:900012101:1:51,0.0,2026-10-02T01:01:04.695736+02:00
295896074,de:11000:900058103:1:50,-0.8,2026-10-02T01:01:04.695736+02:00
295896074,de:11000:900058101:1:50,-0.4,2026-10-02T01:01:04.695736+02:00
295896074,de:11000:900058102:1:50,-0.4,2026-10-02T01:01:04.695736+02:00
295896074,de:11000:900068301:1:50,-0.7,2026-10-02T01:01:04.695736+02:00
295896074,de:11000:900073101:1:50,-0.9,2026-10-02T01:01:04.695736+02:00
295896074,de:11000:900072101:1:50,-0.2,2026-10-02T01:01:04.695736+02:00
295896074,de:11000:900074202:1:50,-0.2,2026-10-02T01:01:04.695736+02:00
295896074,de:11000:900074201:1:50,-0.4,2026-10-02T01:01:04.695736+02:00
295896156,de:11000:900074201:1:50,0.0,2026-10-02T01:01:04.695736+02:00
295896156,de:11000:900074202:2:51,-0.1,2026-10-02T01:01:04.695736+02:00
295896156,de:11000:900072101:2:51,-0.1,2026-10-02T01:01:04.695736+02:00
295896156,de:11000:900073101:1:51,-0.4,2026-10-02T01:01:04.695736+02:00
295896156,de:11000:900068301:1:51,-0.7,2026-10-02T01:01:04.695736+02:00
295896156,de:11000:900058102:2:51,-0.7,2026-10-02T01:01:04.695736+02:00
295896156,de:11000:900058101:1:51,-0.3,2026-10-02T01:01:04.695736+02:00
295896156,de:11000:900058103:1:51,-0.1,2026-10-02T01:01:04.695736+02:00
295896156,de:11000:900012101:2:53,-0.7,2026-10-02T01:01:04.695736+02:00
295896156,de:11000:900100020:4:57,-0.8,2026-10-02T01:01:04.695736+02:00
295896156,de:11000:900100025:1:51,-0.9,2026-10-02T01:01:04.695736+02:00
295896156,de:11000:900100001:4:57,-0.6,2026-10-02T01:01:04.695736+02:00
295896156,de:11000:900100007:1:51,-0.7,2026-10-02T01:01:04.695736+02:00
295896156,de:11000:900007104:2:52,-0.7,2026-10-02T01:01:04.695736+02:00
295896156,de:11000:900008101:1:51,-0.4,2026-10-02T01:01:04.695736+02:00
295896156,de:11000:900007102:2:53,-0.1,2026-10-02T01:01:04.695736+02:00
295896156,de:11000:900110011:2:52,-0.4,2026-10-02T01:01:04.695736+02:00
295896156,de:11000:900130002:1:50,-0.7,2026-10-02T01:01:04.695736+02:00
295896156,de:11000:900130001:1:50,-0.4,2026-10-02T01:01:04.695736+02:00
295896156,de:11000:900142001:1:50,-0.9,2026-10-02T01:01:04.695736+02:00
295896156,de:11000:900143001:1:51,-0.7,2026-10-02T01:01:04.695736+02:00
295896156,de:11000:900135001:1:50,-0.4,2026-10-02T01:01:04.695736+02:00
295903126,de:12069:900220114:1:50,0.0,2026-10-02T01:01:04.695736+02:00
295903126,de:11000:900064201:1:51,-0.1,2026-10-02T01:01:04.695736+02:00
295903126,de:11000:900064256:1:51,0.0,2026-10-02T01:01:04.695736+02:00
295903126,de:11000:900064301:3:53,-0.3,2026-10-02T01:01:04.695736+02:00
295903126,de:11000:900067221:1:50,-0.3,2026-10-02T01:01:04.695736+02:00
295903126,de:11000:900063452:1:51,-0.4,2026-10-02T01:01:04.695736+02:00
295903126,de:11000:900058102:2:53,-0.5,2026-10-02T01:01:04.695736+02:00
295903126,de:11000:900058101:1:51,-0.3,2026-10-02T01:01:04.695736+02:00
295903126,de:11000:900058103:1:51,0.0,2026-10-02T01:01:04.695736+02:00
295903126,de:11000:900012101:2:53,-0.7,2026-10-02T01:01:04.695736+02:00
295903126,de:11000:900100020:4:57,-0.8,2026-10-02T01:01:04.695736+02:00
295903126,de:11000:900100025:1:51,-0.9,2026-10-02T01:01:04.695736+02:00
295903126,de:11000:900100001:4:57,-0.6,2026-10-02T01:01:04.695736+02:00
295903126,de:11000:900100007:1:51,-0.7,2026-10-02T01:01:04.695736+02:00
295903126,de:11000:900007104:2:52,-0.7,2026-10-02T01:01:04.695736+02:00
295903126,de:11000:900008101:1:51,-0.4,2026-10-02T01:01:04.695736+02:00
295903126,de:11000:900007102:2:53,-0.2,2026-10-02T01:01:04.695736+02:00
295903126,de:11000:900110011:2:52,-0.4,2026-10-02T01:01:04.695736+02:00
295903126,de:11000:900130002:1:50,0.0,2026-10-02T01:01:04.695736+02:00
295903126,de:11000:900130001:1:50,-0.7,2026-10-02T01:01:04.695736+02:00
295903126,de:11000:900142001:1:50,-0.2,2026-10-02T01:01:04.695736+02:00
307434510,de:11000:900192001:1:51,0.0,2026-10-02T01:01:04.695736+02:00
307434510,de:11000:900120003:4:57,0.0,2026-10-02T01:01:04.695736+02:00
307434510,de:11000:900007102:4:56,0.0,2026-10-02T01:01:04.695736+02:00
307434510,de:11000:900020201:1:51,0.0,2026-10-02T01:01:04.695736+02:00
307434510,de:11000:900029101:2:52,0.0,2026-10-02T01:01:04.695736+02:00
307434510,de:11000:900037168:1:50,0.0,2026-10-02T01:01:04.695736+02:00
307434510,de:12063:900210180:1:50,0.0,2026-10-02T01:01:04.695736+02:00
307434510,de:12063:900210010:1:50,0.0,2026-10-02T01:01:04.695736+02:00
307434510,de:12063:900210011:1:50,0.0,2026-10-02T01:01:04.695736+02:00
307434510,de:12063:900210326:1:50,0.0,2026-10-02T01:01:04.695736+02:00
307434510,de:12063:900210005:1:50,0.0,2026-10-02T01:01:04.695736+02:00
306896351,de:12067:900310013::4,0.0,2026-10-02T01:01:04.695736+02:00
306896351,de:12067:900310557::3,0.0,2026-10-02T01:01:04.695736+02:00
306896351,de:12067:900310555::1,0.0,2026-10-02T01:01:04.695736+02:00
306896351,de:12067:900310853::1,0.0,2026-10-02T01:01:04.695736+02:00
306896351,de:12067:900310845::1,0.0,2026-10-02T01:01:04.695736+02:00
306896351,de:12067:900310857::1,0.0,2026-10-02T01:01:04.695736+02:00
306896351,de:12067:900310854::1,0.0,2026-10-02T01:01:04.695736+02:00
306896351,de:12067:900310846::1,0.0,2026-10-02T01:01:04.695736+02:00
306896351,de:12067:900310847::1,0.0,2026-10-02T01:01:04.695736+02:00
306896351,de:12067:900310890::1,0.0,2026-10-02T01:01:04.695736+02:00
306896351,de:12067:900310889::1,0.0,2026-10-02T01:01:04.695736+02:00
306896351,de:12067:900310882::1,0.0,2026-10-02T01:01:04.695736+02:00
306896351,de:12067:900310920::1,0.0,2026-10-02T01:01:04.695736+02:00
306896351,de:12067:900310883::1,0.0,2026-10-02T01:01:04.695736+02:00
306896351,de:12067:900310885::1,0.0,2026-10-02T01:01:04.695736+02:00
306896351,de:12067:900310881::1,0.0,2026-10-02T01:01:04.695736+02:00
306896351,de:12067:900310888::1,0.0,2026-10-02T01:01:04.695736+02:00
295906893,de:11000:900029101:1:50,0.0,2026-10-02T01:01:04.695736+02:00
295906893,de:11000:900030202:1:50,-0.3,2026-10-02T01:01:04.695736+02:00
295906893,de:11000:900025424:1:51,-0.2,2026-10-02T01:01:04.695736+02:00
295906893,de:11000:900025321:1:51,-0.2,2026-10-02T01:01:04.695736+02:00
295906893,de:11000:900026105:1:50,-0.4,2026-10-02T01:01:04.695736+02:00
295906893,de:11000:900025423:1:50,-0.7,2026-10-02T01:01:04.695736+02:00
295906893,de:11000:900024102:2:53,-0.7,2026-10-02T01:01:04.695736+02:00
295906893,de:11000:900024101:3:55,-0.3,2026-10-02T01:01:04.695736+02:00
295906893,de:11000:900024203:1:51,-0.8,2026-10-02T01:01:04.695736+02:00
295906893,de:11000:900023201:3:54,-0.7,2026-10-02T01:01:04.695736+02:00
295906893,de:11000:900003103:1:50,-0.8,2026-10-02T01:01:04.695736+02:00
295906893,de:11000:900003102:1:50,-0.9,2026-10-02T01:01:04.695736+02:00
295906893,de:11000:900003201:3:54,-0.5,2026-10-02T01:01:04.695736+02:00
295906893,de:11000:900100001:3:54,-0.1,2026-10-02T01:01:04.695736+02:00
295906893,de:11000:900100002:1:50,-0.4,2026-10-02T01:01:04.695736+02:00
295906893,de:11000:900100003:2:52,-0.1,2026-10-02T01:01:04.695736+02:00
295906893,de:11000:900100004:1:50,-0.4,2026-10-02T01:01:04.695736+02:00
295906893,de:11000:900120005:4:55,-0.6,2026-10-02T01:01:04.695736+02:00
295906893,de:11000:900120004:1:50,-0.1,2026-10-02T01:01:04.695736+02:00
295906893,de:11000:900120003:2:53,-0.4,2026-10-02T01:01:04.695736+02:00
295906893,de:11000:900160001:1:51,-0.4,2026-10-02T01:01:04.695736+02:00
295906893,de:11000:900160002:1:50,-0.7,2026-10-02T01:01:04.695736+02:00
295906893,de:11000:900162001:1:51,-0.3,2026-10-02T01:01:04.695736+02:00
295906893,de:11000:900180002:1:51,-0.3,2026-10-02T01:01:04.695736+02:00
295906893,de:11000:900180001:1:50,-0.7,2026-10-02T01:01:04.695736+02:00
295906893,de:11000:900182001:1:51,-0.2,2026-10-02T01:01:04.695736+02:00
295906893,de:11000:900182002:1:51,-0.4,2026-10-02T01:01:04.695736+02:00
295906893,de:11000:900183001:1:51,0.0,2026-10-02T01:01:04.695736+02:00
295906893,de:11000:900183002:1:51,-0.3,2026-10-02T01:01:04.695736+02:00
295906893,de:12067:900310004:3:53,-0.5,2026-10-02T01:01:04.695736+02:00
295906964,de:11000:900029101:1:50,0.0,2026-10-02T01:01:04.695736+02:00
295906964,de:11000:900030202:1:50,-0.3,2026-10-02T01:01:04.695736+02:00
295906964,de:11000:900025424:1:51,-0.2,2026-10-02T01:01:04.695736+02:00
295906964,de:11000:900025321:1:51,-0.2,2026-10-02T01:01:04.695736+02:00
295906964,de:11000:900026105:1:50,-0.4,2026-10-02T01:01:04.695736+02:00
295906964,de:11000:900025423:1:50,-0.7,2026-10-02T01:01:04.695736+02:00
295906964,de:11000:900024102:2:53,-0.7,2026-10-02T01:01:04.695736+02:00
295906964,de:11000:900024101:3:55,-0.3,2026-10-02T01:01:04.695736+02:00
295906964,de:11000:900024203:1:51,-0.8,2026-10-02T01:01:04.695736+02:00
295906964,de:11000:900023201:3:54,-0.7,2026-10-02T01:01:04.695736+02:00
295906964,de:11000:900003103:1:50,-0.8,2026-10-02T01:01:04.695736+02:00
295906964,de:11000:900003102:1:50,-0.9,2026-10-02T01:01:04.695736+02:00
295906964,de:11000:900003201:3:54,-0.5,2026-10-02T01:01:04.695736+02:00
295906964,de:11000:900100001:3:54,-0.1,2026-10-02T01:01:04.695736+02:00
295906964,de:11000:900100002:1:50,-0.4,2026-10-02T01:01:04.695736+02:00
295906964,de:11000:900100003:2:52,-0.1,2026-10-02T01:01:04.695736+02:00
295906964,de:11000:900100004:1:50,-0.4,2026-10-02T01:01:04.695736+02:00
295906964,de:11000:900120005:4:55,-0.6,2026-10-02T01:01:04.695736+02:00
295906964,de:11000:900120004:1:50,-0.1,2026-10-02T01:01:04.695736+02:00
295906964,de:11000:900120003:2:53,-0.4,2026-10-02T01:01:04.695736+02:00
295906964,de:11000:900160001:1:51,-0.4,2026-10-02T01:01:04.695736+02:00
295906964,de:11000:900160002:1:50,-0.7,2026-10-02T01:01:04.695736+02:00
295906964,de:11000:900162001:1:51,-0.3,2026-10-02T01:01:04.695736+02:00
295906964,de:11000:900180002:1:51,-0.3,2026-10-02T01:01:04.695736+02:00
295906964,de:11000:900180001:1:50,-0.7,2026-10-02T01:01:04.695736+02:00
295906964,de:11000:900182001:1:51,-0.2,2026-10-02T01:01:04.695736+02:00
295906964,de:11000:900182002:1:51,-0.4,2026-10-02T01:01:04.695736+02:00
295906964,de:11000:900183001:1:51,0.0,2026-10-02T01:01:04.695736+02:00
295906964,de:11000:900183002:1:51,-0.3,2026-10-02T01:01:04.695736+02:00
295906964,de:12067:900310004:3:52,-0.5,2026-10-02T01:01:04.695736+02:00
307272013,de:11000:900029101:1:50,0.0,2026-10-02T01:01:04.695736+02:00
307272013,de:11000:900030202:1:50,-0.3,2026-10-02T01:01:04.695736+02:00
307272013,de:11000:900025424:1:51,-0.2,2026-10-02T01:01:04.695736+02:00
307272013,de:11000:900025321:1:51,-0.2,2026-10-02T01:01:04.695736+02:00
307272013,de:11000:900026105:1:50,-0.4,2026-10-02T01:01:04.695736+02:00
307272013,de:11000:900025423:1:50,-0.7,2026-10-02T01:01:04.695736+02:00
307272013,de:11000:900024102:2:53,-0.7,2026-10-02T01:01:04.695736+02:00
307272013,de:11000:900024101:3:55,-0.3,2026-10-02T01:01:04.695736+02:00
307272013,de:11000:900024203:1:51,-0.8,2026-10-02T01:01:04.695736+02:00
307272013,de:11000:900023201:3:54,-0.7,2026-10-02T01:01:04.695736+02:00
307272013,de:11000:900003103:1:50,-0.8,2026-10-02T01:01:04.695736+02:00
307272013,de:11000:900003102:1:50,-0.9,2026-10-02T01:01:04.695736+02:00
307272013,de:11000:900003201:3:54,-0.5,2026-10-02T01:01:04.695736+02:00
307272013,de:11000:900100001:3:54,-0.1,2026-10-02T01:01:04.695736+02:00
307272013,de:11000:900100002:1:50,-0.4,2026-10-02T01:01:04.695736+02:00
307272013,de:11000:900100003:2:52,-0.1,2026-10-02T01:01:04.695736+02:00
307272013,de:11000:900100004:1:50,-0.3,2026-10-02T01:01:04.695736+02:00
307272013,de:11000:900120005:4:55,-0.5,2026-10-02T01:01:04.695736+02:00
307444169,de:12072:900245002:2:52,0.0,2026-10-02T01:01:04.695736+02:00
307444169,de:12072:900245016:2:51,0.0,2026-10-02T01:01:04.695736+02:00
307444169,de:12072:900245010:2:51,0.0,2026-10-02T01:01:04.695736+02:00
307444169,de:12072:900245037:2:51,0.0,2026-10-02T01:01:04.695736+02:00
307444169,de:12072:900245029:2:53,0.0,2026-10-02T01:01:04.695736+02:00
307444169,de:11000:900064301:2:51,0.0,2026-10-02T01:01:04.695736+02:00
307444169,de:11000:900058101:3:55,0.0,2026-10-02T01:01:04.695736+02:00
307444169,de:11000:900100020:2:52,0.0,2026-10-02T01:01:04.695736+02:00
307444169,de:11000:900003200:4:56,0.0,2026-10-02T01:01:04.695736+02:00
307444169,de:11000:900020201:1:51,0.0,2026-10-02T01:01:04.695736+02:00
307444169,de:11000:900029101:2:53,0.0,2026-10-02T01:01:04.695736+02:00
307444523,de:11000:900029101:3:54,0.0,2026-10-02T01:01:04.695736+02:00
307444523,de:11000:900020201:1:50,0.0,2026-10-02T01:01:04.695736+02:00
307444523,de:11000:900003200:1:51,0.0,2026-10-02T01:01:04.695736+02:00
307444523,de:11000:900100020:1:51,0.0,2026-10-02T01:01:04.695736+02:00
307444523,de:11000:900058101:3:54,0.0,2026-10-02T01:01:04.695736+02:00
307444523,de:11000:900064301:1:50,0.0,2026-10-02T01:01:04.695736+02:00
307444523,de:12072:900245029:1:51,0.0,2026-10-02T01:01:04.695736+02:00
307444523,de:12072:900245037:1:50,0.0,2026-10-02T01:01:04.695736+02:00
307444523,de:12072:900245010:1:50,0.0,2026-10-02T01:01:04.695736+02:00
307444523,de:12072:900245016:1:50,0.0,2026-10-02T01:01:04.695736+02:00
307444523,de:12072:900245002:2:52,0.0,2026-10-02T01:01:04.695736+02:00
295910966,de:11000:900120005:4:56,0.0,2026-10-02T01:01:04.695736+02:00
295910966,de:11000:900120004:1:50,-0.9,2026-10-02T01:01:04.695736+02:00
295910966,de:11000:900120003:2:53,-0.1,2026-10-02T01:01:04.695736+02:00
295910966,de:11000:900160001:1:51,-0.9,2026-10-02T01:01:04.695736+02:00
295910966,de:11000:900160002:1:50,-0.2,2026-10-02T01:01:04.695736+02:00
295910966,de:11000:900162001:1:51,-0.3,2026-10-02T01:01:04.695736+02:00
306896600,de:12067:900310001::3,0.0,2026-10-02T01:01:04.695736+02:00
306896600,de:12067:900310816::1,0.0,2026-10-02T01:01:04.695736+02:00
306896600,de:12067:900310627::1,0.0,2026-10-02T01:01:04.695736+02:00
306896600,de:12067:900310781::1,0.0,2026-10-02T01:01:04.695736+02:00
306896600,de:12067:900310789::1,0.0,2026-10-02T01:01:04.695736+02:00
306896600,de:12067:900310797::1,0.0,2026-10-02T01:01:04.695736+02:00
306896600,de:12067:900310773::1,0.0,2026-10-02T01:01:04.695736+02:00
306896600,de:12067:900311109::1,0.0,2026-10-02T01:01:04.695736+02:00
306896600,de:12067:900310782::1,0.0,2026-10-02T01:01:04.695736+02:00
306896600,de:12067:900310824::1,0.0,2026-10-02T01:01:04.695736+02:00
306896600,de:12067:900310734::1,0.0,2026-10-02T01:01:04.695736+02:00
306896600,de:12067:900310733::1,0.0,2026-10-02T01:01:04.695736+02:00
306896600,de:12067:900310005::1,0.0,2026-10-02T01:01:04.695736+02:00
306896600,de:12067:900310754::1,0.0,2026-10-02T01:01:04.695736+02:00
306896600,de:12067:900310761::1,-0.5,2026-10-02T01:01:04.695736+02:00
306896600,de:12067:900310763::1,0.0,2026-10-02T01:01:04.695736+02:00
306896600,de:12067:900310762::1,0.0,2026-10-02T01:01:04.695736+02:00
306896600,de:12067:900311090::1,0.0,2026-10-02T01:01:04.695736+02:00
306896600,de:12067:900311088::2,0.0,2026-10-02T01:01:04.695736+02:00
306896600,de:12067:900311089::2,0.0,2026-10-02T01:01:04.695736+02:00
306896600,de:12067:900310706::2,0.0,2026-10-02T01:01:04.695736+02:00
306896600,de:12067:900310705::1,0.0,2026-10-02T01:01:04.695736+02:00
306896600,de:12067:900310704::2,0.0,2026-10-02T01:01:04.695736+02:00
306896600,de:12067:900310947::1,0.0,2026-10-02T01:01:04.695736+02:00
306896600,de:12067:900311086::0,0.0,2026-10-02T01:01:04.695736+02:00
306896600,de:12067:900310745::1,0.0,2026-10-02T01:01:04.695736+02:00
306896600,de:12067:900310973::2,0.0,2026-10-02T01:01:04.695736+02:00
306896600,de:12067:900310969::1,0.0,2026-10-02T01:01:04.695736+02:00
306896600,de:12067:900310971::2,0.0,2026-10-02T01:01:04.695736+02:00
306896600,de:12067:900311019::1,0.0,2026-10-02T01:01:04.695736+02:00
306896600,de:12067:900310971::1,0.0,2026-10-02T01:01:04.695736+02:00
306896600,de:12067:900310876::1,0.0,2026-10-02T01:01:04.695736+02:00
306896600,de:12067:900310007::1,0.0,2026-10-02T01:01:04.695736+02:00
306896600,de:12067:900310735::1,0.0,2026-10-02T01:01:04.695736+02:00
306896600,de:12067:900310009::1,0.0,2026-10-02T01:01:04.695736+02:00
307437143,de:12069:900220143:1:50,0.0,2026-10-02T01:01:04.695736+02:00
307437143,de:12069:900220142:2:51,0.0,2026-10-02T01:01:04.695736+02:00
307437143,de:12069:900220141:2:51,0.0,2026-10-02T01:01:04.695736+02:00
307437143,de:12069:900222030:2:51,0.0,2026-10-02T01:01:04.695736+02:00
307437143,de:12069:900220005:2:51,0.0,2026-10-02T01:01:04.695736+02:00
307437143,de:12069:900220004:2:51,0.0,2026-10-02T01:01:04.695736+02:00
307437143,de:12069:900220003:1:51,0.0,2026-10-02T01:01:04.695736+02:00
307437143,de:12069:900220006:2:51,0.0,2026-10-02T01:01:04.695736+02:00
307437143,de:12069:900220008:2:51,0.0,2026-10-02T01:01:04.695736+02:00
307437143,de:12054:900230001:2:51,0.0,2026-10-02T01:01:04.695736+02:00
307437143,de:11000:900053301:3:55,0.0,2026-10-02T01:01:04.695736+02:00
307437143,de:11000:900024101:1:50,0.0,2026-10-02T01:01:04.695736+02:00
307436192,de:11000:900024101:1:50,0.0,2026-10-02T01:01:04.695736+02:00
307436192,de:11000:900053301:3:54,0.0,2026-10-02T01:01:04.695736+02:00
307436192,de:12054:900230001:1:50,0.0,2026-10-02T01:01:04.695736+02:00
307436192,de:12069:900220008:1:50,0.0,2026-10-02T01:01:04.695736+02:00
307436192,de:12069:900220006:1:50,0.0,2026-10-02T01:01:04.695736+02:00
307436192,de:12069:900220003:1:50,0.0,2026-10-02T01:01:04.695736+02:00
307436192,de:12069:900220004:1:50,0.0,2026-10-02T01:01:04.695736+02:00
307436192,de:12069:900220005:1:50,0.0,2026-10-02T01:01:04.695736+02:00
307436192,de:12069:900222030:1:50,0.0,2026-10-02T01:01:04.695736+02:00
307436192,de:12069:900220141:1:50,0.0,2026-10-02T01:01:04.695736+02:00
307436192,de:12069:900220142:1:50,0.0,2026-10-02T01:01:04.695736+02:00
307436192,de:12069:900220143:1:50,0.0,2026-10-02T01:01:04.695736+02:00
306896742,de:12067:900310001::4,0.0,2026-10-02T01:01:04.695736+02:00
306896742,de:12067:900310816::1,0.0,2026-10-02T01:01:04.695736+02:00
306896742,de:12067:900310627::1,0.0,2026-10-02T01:01:04.695736+02:00
306896742,de:12067:900310781::1,0.0,2026-10-02T01:01:04.695736+02:00
306896742,de:12067:900310822::1,0.0,2026-10-02T01:01:04.695736+02:00
306896742,de:12067:900310808::1,0.0,2026-10-02T01:01:04.695736+02:00
306896742,de:12067:900310777::1,0.0,2026-10-02T01:01:04.695736+02:00
306896742,de:12067:900310796::1,0.0,2026-10-02T01:01:04.695736+02:00
306896742,de:12067:900310875::1,0.0,2026-10-02T01:01:04.695736+02:00
306896742,de:12067:900310837::1,0.0,2026-10-02T01:01:04.695736+02:00
306896742,de:12067:900310817::1,0.0,2026-10-02T01:01:04.695736+02:00
306896742,de:12067:900310819::1,-0.5,2026-10-02T01:01:04.695736+02:00
306896742,de:12067:900310785::1,-0.5,2026-10-02T01:01:04.695736+02:00
306896742,de:12067:900310743::1,-0.5,2026-10-02T01:01:04.695736+02:00
306896742,de:12067:900310741::1,-0.5,2026-10-02T01:01:04.695736+02:00
306896742,de:12067:900310742::1,0.0,2026-10-02T01:01:04.695736+02:00
306896742,de:12067:900310929::1,-0.5,2026-10-02T01:01:04.695736+02:00
306896742,de:12067:900310930::1,0.0,2026-10-02T01:01:04.695736+02:00
306896742,de:12067:900310928::1,-0.5,2026-10-02T01:01:04.695736+02:00
306896742,de:12067:900311037::1,-0.5,2026-10-02T01:01:04.695736+02:00
306896742,de:12067:900311032::1,-0.5,2026-10-02T01:01:04.695736+02:00
306896742,de:12067:900311041::1,-0.5,2026-10-02T01:01:04.695736+02:00
306896742,de:12067:900311038::1,-0.5,2026-10-02T01:01:04.695736+02:00
306896742,de:12067:900311040::1,-0.5,2026-10-02T01:01:04.695736+02:00
306896742,de:12067:900311031::1,-0.5,2026-10-02T01:01:04.695736+02:00
306896742,de:12067:900311039::1,-0.5,2026-10-02T01:01:04.695736+02:00
306896231,de:12067:900310013::5,0.0,2026-10-02T01:01:04.695736+02:00
306896231,de:12067:900310563::3,0.0,2026-10-02T01:01:04.695736+02:00
306896231,de:12067:900310563::4,0.0,2026-10-02T01:01:04.695736+02:00
306896231,de:12067:900310557::3,0.0,2026-10-02T01:01:04.695736+02:00
306896231,de:12067:900310555::1,0.0,2026-10-02T01:01:04.695736+02:00
306896231,de:12067:900310852::1,0.0,2026-10-02T01:01:04.695736+02:00
306896231,de:12067:900310850::1,0.0,2026-10-02T01:01:04.695736+02:00
306896231,de:12067:900310851::1,0.0,2026-10-02T01:01:04.695736+02:00
306896231,de:12067:900310849::1,0.0,2026-10-02T01:01:04.695736+02:00
306896231,de:12067:900310856::1,0.0,2026-10-02T01:01:04.695736+02:00
306896231,de:12067:900310849::2,0.0,2026-10-02T01:01:04.695736+02:00
306896231,de:12067:900310851::2,0.0,2026-10-02T01:01:04.695736+02:00
306896231,de:12067:900310850::2,0.0,2026-10-02T01:01:04.695736+02:00
306896231,de:12067:900310852::2,0.0,2026-10-02T01:01:04.695736+02:00
306896231,de:12067:900310002::7,0.0,2026-10-02T01:01:04.695736+02:00
306896231,de:12067:900310864::1,0.0,2026-10-02T01:01:04.695736+02:00
306896231,de:12067:900310861::1,0.0,2026-10-02T01:01:04.695736+02:00
306896231,de:12067:900310002::1,0.0,2026-10-02T01:01:04.695736+02:00
306896231,de:12067:900310865::1,0.0,2026-10-02T01:01:04.695736+02:00
306896231,de:12067:900310862::1,0.0,2026-10-02T01:01:04.695736+02:00
306896231,de:12067:900310863::1,0.0,2026-10-02T01:01:04.695736+02:00
306896231,de:12067:900311027::1,0.0,2026-10-02T01:01:04.695736+02:00
306896231,de:12067:900311026::1,0.0,2026-10-02T01:01:04.695736+02:00
306896231,de:12067:900310965::1,0.0,2026-10-02T01:01:04.695736+02:00
306896231,de:12067:900311029::2,0.0,2026-10-02T01:01:04.695736+02:00
306896231,de:12067:900311028::1,0.0,2026-10-02T01:01:04.695736+02:00
306896231,de:12067:900311021::1,0.0,2026-10-02T01:01:04.695736+02:00
306896231,de:12067:900311030::2,0.0,2026-10-02T01:01:04.695736+02:00
306896231,de:12067:900310856::1,59.0,2026-10-02T01:01:04.695736+02:00
306896231,de:12067:900310856::1,0.0,2026-10-02T01:01:04.695736+02:00
307446728,de:12062:900415345:5:56,0.0,2026-10-02T01:01:04.695736+02:00
307446728,de:12062:900416072:1:50,0.0,2026-10-02T01:01:04.695736+02:00
307446728,de:14730:8011131,0.0,2026-10-02T01:01:04.695736+02:00
307446728,de:14730:8010351,0.0,2026-10-02T01:01:04.695736+02:00
307446728,de:14730:8012371,0.0,2026-10-02T01:01:04.695736+02:00
307446728,de:14730:8011387,0.0,2026-10-02T01:01:04.695736+02:00
307446728,de:14730:8010161,0.0,2026-10-02T01:01:04.695736+02:00
307446728,de:14730:8010095,0.0,2026-10-02T01:01:04.695736+02:00
307446728,de:14730:8011959,0.0,2026-10-02T01:01:04.695736+02:00
307446728,de:14730:8012656,0.0,2026-10-02T01:01:04.695736+02:00
307446728,de:14730:8013093,0.0,2026-10-02T01:01:04.695736+02:00
307446728,de:14713:8012190,0.0,2026-10-02T01:01:04.695736+02:00
307446728,de:14713:8012195,0.0,2026-10-02T01:01:04.695736+02:00
307446728,000008012273,0.0,2026-10-02T01:01:04.695736+02:00
307446728,de:14713:8012196,0.0,2026-10-02T01:01:04.695736+02:00
307446728,de:14713:8098205,0.0,2026-10-02T01:01:04.695736+02:00
307446728,de:14713:8012186,0.0,2026-10-02T01:01:04.695736+02:00
307446728,de:14713:8012202,0.0,2026-10-02T01:01:04.695736+02:00
307446728,de:14713:8012184,0.0,2026-10-02T01:01:04.695736+02:00
307446728,de:14713:8012187,0.0,2026-10-02T01:01:04.695736+02:00
307446728,de:14713:8012343,0.0,2026-10-02T01:01:04.695736+02:00
307446728,de:14713:8012194,0.0,2026-10-02T01:01:04.695736+02:00
307446728,de:14713:8010008,0.0,2026-10-02T01:01:04.695736+02:00
307446728,de:14713:8011491,0.0,2026-10-02T01:01:04.695736+02:00
307446728,de:14729:8010059,0.0,2026-10-02T01:01:04.695736+02:00
307446728,de:14729:8011626,0.0,2026-10-02T01:01:04.695736+02:00
307446728,de:14729:8012284,0.0,2026-10-02T01:01:04.695736+02:00
307446728,de:14729:8011018,0.0,2026-10-02T01:01:04.695736+02:00
307446728,de:14729:8013362,0.0,2026-10-02T01:01:04.695736+02:00
307446728,de:14729:8013361,0.0,2026-10-02T01:01:04.695736+02:00
295910349,de:12067:900310004:3:53,0.0,2026-10-02T01:01:04.695736+02:00
295910349,de:11000:900183002:1:50,-0.1,2026-10-02T01:01:04.695736+02:00
295910349,de:11000:900183001:1:50,-0.4,2026-10-02T01:01:04.695736+02:00
295910349,de:11000:900182002:1:50,0.0,2026-10-02T01:01:04.695736+02:00
295910349,de:11000:900182001:1:50,-0.2,2026-10-02T01:01:04.695736+02:00
295910349,de:11000:900180001:1:50,-0.7,2026-10-02T01:01:04.695736+02:00
295910349,de:11000:900180002:1:50,-0.7,2026-10-02T01:01:04.695736+02:00
295910349,de:11000:900162001:1:50,-0.9,2026-10-02T01:01:04.695736+02:00
295910349,de:11000:900160002:1:50,0.0,2026-10-02T01:01:04.695736+02:00
295910349,de:11000:900160001:1:50,-0.3,2026-10-02T01:01:04.695736+02:00
295910349,de:11000:900120003:3:55,-0.1,2026-10-02T01:01:04.695736+02:00
295910349,de:11000:900120004:2:53,-0.6,2026-10-02T01:01:04.695736+02:00
295910349,de:11000:900120005:5:58,-0.9,2026-10-02T01:01:04.695736+02:00
295910349,de:11000:900100004:1:51,-0.9,2026-10-02T01:01:04.695736+02:00
295910349,de:11000:900100003:2:53,-0.9,2026-10-02T01:01:04.695736+02:00
295910349,de:11000:900100002:1:51,-0.9,2026-10-02T01:01:04.695736+02:00
295910349,de:11000:900100001:3:55,-0.9,2026-10-02T01:01:04.695736+02:00
295910349,de:11000:900003201:3:55,-0.6,2026-10-02T01:01:04.695736+02:00
295910349,de:11000:900003102:1:51,-0.3,2026-10-02T01:01:04.695736+02:00
295910349,de:11000:900003103:1:51,-0.4,2026-10-02T01:01:04.695736+02:00
295910349,de:11000:900023201:3:55,-0.3,2026-10-02T01:01:04.695736+02:00
295910349,de:11000:900024203:1:51,-0.3,2026-10-02T01:01:04.695736+02:00
295910349,de:11000:900024101:4:56,-0.3,2026-10-02T01:01:04.695736+02:00
307446026,de:12070:900216026:3:53,0.0,2026-10-02T01:01:04.695736+02:00
307446026,de:15090:8010121,0.0,2026-10-02T01:01:04.695736+02:00
307446026,de:15090:8012967,0.0,2026-10-02T01:01:04.695736+02:00
307446026,de:15090:8012568,0.0,2026-10-02T01:01:04.695736+02:00
307446026,de:15090:8011665,0.0,2026-10-02T01:01:04.695736+02:00
307446026,de:15090:8011460,0.0,2026-10-02T01:01:04.695736+02:00
307446026,000008013045,0.0,2026-10-02T01:01:04.695736+02:00
307446026,de:15090:8010335,0.0,2026-10-02T01:01:04.695736+02:00
307446026,de:15090:8010334,0.0,2026-10-02T01:01:04.695736+02:00
307446026,de:15090:8011355,0.0,2026-10-02T01:01:04.695736+02:00
307446026,de:15090:8013083,0.0,2026-10-02T01:01:04.695736+02:00
307446026,de:15083:8012295,0.0,2026-10-02T01:01:04.695736+02:00
307446026,de:15083:8011042,0.0,2026-10-02T01:01:04.695736+02:00
307446026,de:15083:8013402,0.0,2026-10-02T01:01:04.695736+02:00
307446026,de:15083:8073410,0.0,2026-10-02T01:01:04.695736+02:00
307446026,de:15083:8013344,0.0,2026-10-02T01:01:04.695736+02:00
307446026,de:15003:8010086,0.0,2026-10-02T01:01:04.695736+02:00
307446026,de:15003:8012289,0.0,2026-10-02T01:01:04.695736+02:00
307446026,de:15003:8010226,0.0,2026-10-02T01:01:04.695736+02:00
307446026,de:15003:8010224,0.0,2026-10-02T01:01:04.695736+02:00
307446026,de:15003:8013456,0.0,2026-10-02T01:01:04.695736+02:00
307446026,de:15003:8013485,0.0,2026-10-02T01:01:04.695736+02:00
307446026,de:15003:8012291,0.0,2026-10-02T01:01:04.695736+02:00
307446026,de:15003:8012287,0.0,2026-10-02T01:01:04.695736+02:00
307446026,de:15089:8081270,0.0,2026-10-02T01:01:04.695736+02:00
307446026,de:15089:8010318,0.0,2026-10-02T01:01:04.695736+02:00
307446026,de:15089:8081260,0.0,2026-10-02T01:01:04.695736+02:00
307446026,de:15089:8012907,0.0,2026-10-02T01:01:04.695736+02:00
306896157,de:12067:900310838::1,0.0,2026-10-02T01:01:04.695736+02:00
306896157,de:12067:900310836::2,0.0,2026-10-02T01:01:04.695736+02:00
306896157,de:12067:900310015::1,0.0,2026-10-02T01:01:04.695736+02:00
306896157,de:12067:900310025::2,0.0,2026-10-02T01:01:04.695736+02:00
306896157,de:12067:900310952::2,0.0,2026-10-02T01:01:04.695736+02:00
306896157,de:12067:900310949::2,0.0,2026-10-02T01:01:04.695736+02:00
306896157,de:12067:900310955::2,0.0,2026-10-02T01:01:04.695736+02:00
306896157,de:12067:900310568::2,0.0,2026-10-02T01:01:04.695736+02:00
306896157,de:12067:900310556::2,0.0,2026-10-02T01:01:04.695736+02:00
306896157,de:12067:900310558::4,0.0,2026-10-02T01:01:04.695736+02:00
306896157,de:12067:900310559::2,0.0,2026-10-02T01:01:04.695736+02:00
306896157,de:12067:900310563::4,0.0,2026-10-02T01:01:04.695736+02:00
306896157,de:12067:900310013::7,0.0,2026-10-02T01:01:04.695736+02:00
307280430,de:11000:900020202:1:50,0.0,2026-10-02T01:01:04.695736+02:00
307280430,de:11000:900001201:1:50,-0.2,2026-10-02T01:01:04.695736+02:00
307280430,de:11000:900009104:1:50,-0.8,2026-10-02T01:01:04.695736+02:00
307280430,de:11000:900007102:2:52,-0.4,2026-10-02T01:01:04.695736+02:00
307280430,de:11000:900110001:1:50,-0.6,2026-10-02T01:01:04.695736+02:00
307280430,de:11000:900110002:1:50,-0.4,2026-10-02T01:01:04.695736+02:00
307280430,de:11000:900110003:1:50,-0.4,2026-10-02T01:01:04.695736+02:00
307280430,de:11000:900110004:1:50,-0.8,2026-10-02T01:01:04.695736+02:00
307280430,de:11000:900110012:1:50,-0.7,2026-10-02T01:01:04.695736+02:00
307280430,de:11000:900120001:1:50,-0.7,2026-10-02T01:01:04.695736+02:00
307280430,de:11000:900120003:5:58,-0.1,2026-10-02T01:01:04.695736+02:00
307280430,de:11000:900190001:1:50,-0.4,2026-10-02T01:01:04.695736+02:00
307280430,de:11000:900077106:1:50,-0.4,2026-10-02T01:01:04.695736+02:00
307280430,de:11000:900078201:1:50,-0.3,2026-10-02T01:01:04.695736+02:00
307280430,de:11000:900079221:1:50,-0.2,2026-10-02T01:01:04.695736+02:00
307280430,de:11000:900068201:1:50,-0.8,2026-10-02T01:01:04.695736+02:00
307280430,de:11000:900058101:5:58,-0.1,2026-10-02T01:01:04.695736+02:00
307280430,de:11000:900054104:2:52,-0.7,2026-10-02T01:01:04.695736+02:00
307280430,de:11000:900054105:1:50,-0.9,2026-10-02T01:01:04.695736+02:00
307280430,de:11000:900044202:1:50,-0.7,2026-10-02T01:01:04.695736+02:00
307280430,de:11000:900045102:1:50,-0.7,2026-10-02T01:01:04.695736+02:00
307280430,de:11000:900044101:1:50,-0.8,2026-10-02T01:01:04.695736+02:00
307280430,de:11000:900040101:1:50,-0.3,2026-10-02T01:01:04.695736+02:00
307280430,de:11000:900024101:3:54,-0.8,2026-10-02T01:01:04.695736+02:00
307283068,de:11000:900009104:1:51,0.0,2026-10-02T01:01:04.695736+02:00
307283068,de:11000:900007102:2:52,-0.9,2026-10-02T01:01:04.695736+02:00
307283068,de:11000:900110001:1:50,-0.6,2026-10-02T01:01:04.695736+02:00
307283068,de:11000:900110002:1:50,-0.4,2026-10-02T01:01:04.695736+02:00
307283068,de:11000:900110003:1:50,-0.4,2026-10-02T01:01:04.695736+02:00
307283068,de:11000:900110004:1:50,-0.8,2026-10-02T01:01:04.695736+02:00
307283068,de:11000:900110012:1:50,-0.7,2026-10-02T01:01:04.695736+02:00
307283068,de:11000:900120001:1:50,-0.7,2026-10-02T01:01:04.695736+02:00
307283068,de:11000:900120003:5:58,-0.1,2026-10-02T01:01:04.695736+02:00
307283068,de:11000:900190001:1:50,-0.4,2026-10-02T01:01:04.695736+02:00
307283068,de:11000:900077106:1:50,-0.4,2026-10-02T01:01:04.695736+02:00
307283068,de:11000:900078201:1:50,-0.3,2026-10-02T01:01:04.695736+02:00
307283068,de:11000:900079221:1:50,-0.2,2026-10-02T01:01:04.695736+02:00
307286701,de:11000:900040101:1:50,0.0,2026-10-02T01:01:04.695736+02:00
307286701,de:11000:900044101:1:50,-0.8,2026-10-02T01:01:04.695736+02:00
307286701,de:11000:900045102:1:51,-0.9,2026-10-02T01:01:04.695736+02:00
307286701,de:11000:900044202:1:51,-0.9,2026-10-02T01:01:04.695736+02:00
307286701,de:11000:900054105:1:51,-0.7,2026-10-02T01:01:04.695736+02:00
307286701,de:11000:900054104:2:53,-0.3,2026-10-02T01:01:04.695736+02:00
307286701,de:11000:900058101:5:59,-0.2,2026-10-02T01:01:04.695736+02:00
307286701,de:11000:900068201:1:51,-0.8,2026-10-02T01:01:04.695736+02:00
307286701,de:11000:900079221:1:51,-0.4,2026-10-02T01:01:04.695736+02:00
307286701,de:11000:900078201:1:51,-0.1,2026-10-02T01:01:04.695736+02:00
307286701,de:11000:900077106:1:51,0.0,2026-10-02T01:01:04.695736+02:00
307286701,de:11000:900190001:2:52,-0.9,2026-10-02T01:01:04.695736+02:00
307286701,de:11000:900120003:5:59,-0.4,2026-10-02T01:01:04.695736+02:00
307286701,de:11000:900120001:1:51,0.0,2026-10-02T01:01:04.695736+02:00
307286701,de:11000:900110012:1:51,-0.2,2026-10-02T01:01:04.695736+02:00
307286701,de:11000:900110004:1:51,-0.1,2026-10-02T01:01:04.695736+02:00
307286701,de:11000:900110003:1:51,-0.4,2026-10-02T01:01:04.695736+02:00
307286701,de:11000:900110002:1:51,-0.4,2026-10-02T01:01:04.695736+02:00
307286701,de:11000:900110001:1:51,-0.1,2026-10-02T01:01:04.695736+02:00
307286701,de:11000:900007102:1:51,-0.6,2026-10-02T01:01:04.695736+02:00
307286701,de:11000:900009104:1:50,-0.8,2026-10-02T01:01:04.695736+02:00
307286701,de:11000:900001201:1:50,-0.3,2026-10-02T01:01:04.695736+02:00
307286701,de:11000:900020202:1:50,-0.1,2026-10-02T01:01:04.695736+02:00
307286632,de:11000:900024101:3:54,0.0,2026-10-02T01:01:04.695736+02:00
307286632,de:11000:900040101:1:50,-0.2,2026-10-02T01:01:04.695736+02:00
307286632,de:11000:900044101:1:50,-0.3,2026-10-02T01:01:04.695736+02:00
307286632,de:11000:900045102:1:51,-0.4,2026-10-02T01:01:04.695736+02:00
307286632,de:11000:900044202:1:51,-0.4,2026-10-02T01:01:04.695736+02:00
307286632,de:11000:900054105:1:51,-0.2,2026-10-02T01:01:04.695736+02:00
307286632,de:11000:900054104:2:53,-0.8,2026-10-02T01:01:04.695736+02:00
307286632,de:11000:900058101:5:59,-0.2,2026-10-02T01:01:04.695736+02:00
307286632,de:11000:900068201:1:51,-0.8,2026-10-02T01:01:04.695736+02:00
307286632,de:11000:900079221:1:51,-0.4,2026-10-02T01:01:04.695736+02:00
307286632,de:11000:900078201:1:51,-0.1,2026-10-02T01:01:04.695736+02:00
307286632,de:11000:900077106:1:51,0.0,2026-10-02T01:01:04.695736+02:00
307286632,de:11000:900190001:2:52,-0.9,2026-10-02T01:01:04.695736+02:00
307286632,de:11000:900120003:5:59,-0.4,2026-10-02T01:01:04.695736+02:00
307286632,de:11000:900120001:1:51,0.0,2026-10-02T01:01:04.695736+02:00
307286632,de:11000:900110012:1:51,-0.2,2026-10-02T01:01:04.695736+02:00
307286632,de:11000:900110004:1:51,-0.1,2026-10-02T01:01:04.695736+02:00
307286632,de:11000:900110003:1:51,-0.4,2026-10-02T01:01:04.695736+02:00
307286632,de:11000:900110002:1:51,-0.4,2026-10-02T01:01:04.695736+02:00
307286632,de:11000:900110001:1:51,-0.1,2026-10-02T01:01:04.695736+02:00
307286632,de:11000:900007102:1:51,-0.6,2026-10-02T01:01:04.695736+02:00
307286632,de:11000:900009104:1:51,-0.8,2026-10-02T01:01:04.695736+02:00
307286632,de:11000:900001201:1:51,-0.3,2026-10-02T01:01:04.695736+02:00
307286632,de:11000:900020202:1:51,-0.1,2026-10-02T01:01:04.695736+02:00
307286626,de:11000:900024101:3:54,0.0,2026-10-02T01:01:04.695736+02:00
307286626,de:11000:900040101:1:50,-0.2,2026-10-02T01:01:04.695736+02:00
307286626,de:11000:900044101:1:50,-0.3,2026-10-02T01:01:04.695736+02:00
307286626,de:11000:900045102:1:51,-0.4,2026-10-02T01:01:04.695736+02:00
307286626,de:11000:900044202:1:51,-0.4,2026-10-02T01:01:04.695736+02:00
307286626,de:11000:900054105:1:51,-0.2,2026-10-02T01:01:04.695736+02:00
307286626,de:11000:900054104:2:53,-0.8,2026-10-02T01:01:04.695736+02:00
307286626,de:11000:900058101:5:59,-0.2,2026-10-02T01:01:04.695736+02:00
307286626,de:11000:900068201:1:51,-0.8,2026-10-02T01:01:04.695736+02:00
307286626,de:11000:900079221:1:51,-0.4,2026-10-02T01:01:04.695736+02:00
307286626,de:11000:900078201:1:51,-0.1,2026-10-02T01:01:04.695736+02:00
307286626,de:11000:900077106:1:51,0.0,2026-10-02T01:01:04.695736+02:00
307286626,de:11000:900190001:2:52,-0.9,2026-10-02T01:01:04.695736+02:00
307286626,de:11000:900120003:5:59,-0.4,2026-10-02T01:01:04.695736+02:00
307286626,de:11000:900120001:1:51,0.0,2026-10-02T01:01:04.695736+02:00
307286626,de:11000:900110012:1:51,-0.2,2026-10-02T01:01:04.695736+02:00
307286626,de:11000:900110004:1:51,-0.1,2026-10-02T01:01:04.695736+02:00
307286626,de:11000:900110003:1:51,-0.4,2026-10-02T01:01:04.695736+02:00
307286626,de:11000:900110002:1:51,-0.4,2026-10-02T01:01:04.695736+02:00
307286626,de:11000:900110001:1:51,-0.1,2026-10-02T01:01:04.695736+02:00
307286626,de:11000:900007102:1:51,-0.6,2026-10-02T01:01:04.695736+02:00
307286626,de:11000:900009104:1:51,-0.8,2026-10-02T01:01:04.695736+02:00
307286626,de:11000:900001201:1:51,-0.3,2026-10-02T01:01:04.695736+02:00
307286626,de:11000:900020202:1:51,-0.1,2026-10-02T01:01:04.695736+02:00
307286688,de:11000:900040101:1:50,0.0,2026-10-02T01:01:04.695736+02:00
307286688,de:11000:900044101:1:50,-0.8,2026-10-02T01:01:04.695736+02:00
307286688,de:11000:900045102:1:51,-0.9,2026-10-02T01:01:04.695736+02:00
307286688,de:11000:900044202:1:51,-0.9,2026-10-02T01:01:04.695736+02:00
307286688,de:11000:900054105:1:51,-0.7,2026-10-02T01:01:04.695736+02:00
307286688,de:11000:900054104:2:53,-0.3,2026-10-02T01:01:04.695736+02:00
307286688,de:11000:900058101:5:59,-0.2,2026-10-02T01:01:04.695736+02:00
307286688,de:11000:900068201:1:51,-0.8,2026-10-02T01:01:04.695736+02:00
307286688,de:11000:900079221:1:51,-0.4,2026-10-02T01:01:04.695736+02:00
307286688,de:11000:900078201:1:51,-0.1,2026-10-02T01:01:04.695736+02:00
307286688,de:11000:900077106:1:51,0.0,2026-10-02T01:01:04.695736+02:00
307286688,de:11000:900190001:2:52,-0.9,2026-10-02T01:01:04.695736+02:00
307286688,de:11000:900120003:5:59,-0.4,2026-10-02T01:01:04.695736+02:00
307286688,de:11000:900120001:1:51,0.0,2026-10-02T01:01:04.695736+02:00
307286688,de:11000:900110012:1:51,-0.2,2026-10-02T01:01:04.695736+02:00
307286688,de:11000:900110004:1:51,-0.1,2026-10-02T01:01:04.695736+02:00
307286688,de:11000:900110003:1:51,-0.4,2026-10-02T01:01:04.695736+02:00
307286688,de:11000:900110002:1:51,-0.4,2026-10-02T01:01:04.695736+02:00
307286688,de:11000:900110001:1:51,-0.1,2026-10-02T01:01:04.695736+02:00
307286688,de:11000:900007102:1:51,-0.6,2026-10-02T01:01:04.695736+02:00
307286688,de:11000:900009104:1:50,-0.8,2026-10-02T01:01:04.695736+02:00
307286688,de:11000:900001201:1:50,-0.3,2026-10-02T01:01:04.695736+02:00
307286688,de:11000:900020202:1:50,-0.1,2026-10-02T01:01:04.695736+02:00
307286682,de:11000:900040101:1:50,0.0,2026-10-02T01:01:04.695736+02:00
307286682,de:11000:900044101:1:50,-0.8,2026-10-02T01:01:04.695736+02:00
307286682,de:11000:900045102:1:51,-0.9,2026-10-02T01:01:04.695736+02:00
307286682,de:11000:900044202:1:51,-0.9,2026-10-02T01:01:04.695736+02:00
307286682,de:11000:900054105:1:51,-0.7,2026-10-02T01:01:04.695736+02:00
307286682,de:11000:900054104:2:53,-0.3,2026-10-02T01:01:04.695736+02:00
307286682,de:11000:900058101:5:59,-0.2,2026-10-02T01:01:04.695736+02:00
307286682,de:11000:900068201:1:51,-0.8,2026-10-02T01:01:04.695736+02:00
307286682,de:11000:900079221:1:51,-0.4,2026-10-02T01:01:04.695736+02:00
307286682,de:11000:900078201:1:51,-0.1,2026-10-02T01:01:04.695736+02:00
307286682,de:11000:900077106:1:51,0.0,2026-10-02T01:01:04.695736+02:00
307286682,de:11000:900190001:2:52,-0.9,2026-10-02T01:01:04.695736+02:00
307286682,de:11000:900120003:5:59,-0.4,2026-10-02T01:01:04.695736+02:00
307286682,de:11000:900120001:1:51,0.0,2026-10-02T01:01:04.695736+02:00
307286682,de:11000:900110012:1:51,-0.2,2026-10-02T01:01:04.695736+02:00
307286682,de:11000:900110004:1:51,-0.1,2026-10-02T01:01:04.695736+02:00
307286682,de:11000:900110003:1:51,-0.4,2026-10-02T01:01:04.695736+02:00
307286682,de:11000:900110002:1:51,-0.4,2026-10-02T01:01:04.695736+02:00
307286682,de:11000:900110001:1:51,-0.1,2026-10-02T01:01:04.695736+02:00
307286682,de:11000:900007102:1:51,-0.6,2026-10-02T01:01:04.695736+02:00
307286682,de:11000:900009104:1:50,-0.8,2026-10-02T01:01:04.695736+02:00
307286682,de:11000:900001201:1:50,-0.3,2026-10-02T01:01:04.695736+02:00
307286682,de:11000:900020202:1:50,-0.1,2026-10-02T01:01:04.695736+02:00
307286681,de:11000:900040101:1:50,0.0,2026-10-02T01:01:04.695736+02:00
307286681,de:11000:900044101:1:50,-0.8,2026-10-02T01:01:04.695736+02:00
307286681,de:11000:900045102:1:51,-0.9,2026-10-02T01:01:04.695736+02:00
307286681,de:11000:900044202:1:51,-0.9,2026-10-02T01:01:04.695736+02:00
307286681,de:11000:900054105:1:51,-0.7,2026-10-02T01:01:04.695736+02:00
307286681,de:11000:900054104:2:53,-0.3,2026-10-02T01:01:04.695736+02:00
307286681,de:11000:900058101:5:59,-0.2,2026-10-02T01:01:04.695736+02:00
307286681,de:11000:900068201:1:51,-0.8,2026-10-02T01:01:04.695736+02:00
307286681,de:11000:900079221:1:51,-0.4,2026-10-02T01:01:04.695736+02:00
307286681,de:11000:900078201:1:51,-0.1,2026-10-02T01:01:04.695736+02:00
307286681,de:11000:900077106:1:51,0.0,2026-10-02T01:01:04.695736+02:00
307286681,de:11000:900190001:2:52,-0.9,2026-10-02T01:01:04.695736+02:00
307286681,de:11000:900120003:5:59,-0.4,2026-10-02T01:01:04.695736+02:00
307286681,de:11000:900120001:1:51,0.0,2026-10-02T01:01:04.695736+02:00
307286681,de:11000:900110012:1:51,-0.2,2026-10-02T01:01:04.695736+02:00
307286681,de:11000:900110004:1:51,-0.1,2026-10-02T01:01:04.695736+02:00
307286681,de:11000:900110003:1:51,-0.4,2026-10-02T01:01:04.695736+02:00
307286681,de:11000:900110002:1:51,-0.4,2026-10-02T01:01:04.695736+02:00
307286681,de:11000:900110001:1:51,-0.1,2026-10-02T01:01:04.695736+02:00
307286681,de:11000:900007102:1:51,-0.6,2026-10-02T01:01:04.695736+02:00
307286681,de:11000:900009104:1:50,-0.8,2026-10-02T01:01:04.695736+02:00
307286681,de:11000:900001201:1:50,-0.3,2026-10-02T01:01:04.695736+02:00
307286681,de:11000:900020202:1:50,-0.1,2026-10-02T01:01:04.695736+02:00
307286675,de:11000:900040101:1:50,0.0,2026-10-02T01:01:04.695736+02:00
307286675,de:11000:900044101:1:50,-0.8,2026-10-02T01:01:04.695736+02:00
307286675,de:11000:900045102:1:51,-0.9,2026-10-02T01:01:04.695736+02:00
307286675,de:11000:900044202:1:51,-0.9,2026-10-02T01:01:04.695736+02:00
307286675,de:11000:900054105:1:51,-0.7,2026-10-02T01:01:04.695736+02:00
307286675,de:11000:900054104:2:53,-0.3,2026-10-02T01:01:04.695736+02:00
307286675,de:11000:900058101:5:59,-0.2,2026-10-02T01:01:04.695736+02:00
307286675,de:11000:900068201:1:51,-0.8,2026-10-02T01:01:04.695736+02:00
307286675,de:11000:900079221:1:51,-0.4,2026-10-02T01:01:04.695736+02:00
307286675,de:11000:900078201:1:51,-0.1,2026-10-02T01:01:04.695736+02:00
307286675,de:11000:900077106:1:51,0.0,2026-10-02T01:01:04.695736+02:00
307286675,de:11000:900190001:2:52,-0.9,2026-10-02T01:01:04.695736+02:00
307286675,de:11000:900120003:5:59,-0.4,2026-10-02T01:01:04.695736+02:00
307286675,de:11000:900120001:1:51,0.0,2026-10-02T01:01:04.695736+02:00
307286675,de:11000:900110012:1:51,-0.2,2026-10-02T01:01:04.695736+02:00
307286675,de:11000:900110004:1:51,-0.1,2026-10-02T01:01:04.695736+02:00
307286675,de:11000:900110003:1:51,-0.4,2026-10-02T01:01:04.695736+02:00
307286675,de:11000:900110002:1:51,-0.4,2026-10-02T01:01:04.695736+02:00
307286675,de:11000:900110001:1:51,-0.1,2026-10-02T01:01:04.695736+02:00
307286675,de:11000:900007102:1:51,-0.6,2026-10-02T01:01:04.695736+02:00
307286675,de:11000:900009104:1:50,-0.8,2026-10-02T01:01:04.695736+02:00
307286675,de:11000:900001201:1:50,-0.3,2026-10-02T01:01:04.695736+02:00
307286675,de:11000:900020202:1:50,-0.1,2026-10-02T01:01:04.695736+02:00
307292659,de:12061:900260001:2:52,0.0,2026-10-02T01:01:04.695736+02:00
307292659,de:12061:900260002:1:51,-0.8,2026-10-02T01:01:04.695736+02:00
307292659,de:12061:900260003:1:51,-0.7,2026-10-02T01:01:04.695736+02:00
307292659,de:12061:900260004:1:51,-0.9,2026-10-02T01:01:04.695736+02:00
307292659,de:11000:900186001:2:53,-0.2,2026-10-02T01:01:04.695736+02:00
307292659,de:11000:900193002:1:51,-0.2,2026-10-02T01:01:04.695736+02:00
307292659,de:11000:900193001:2:51,-0.8,2026-10-02T01:01:04.695736+02:00
307292659,de:11000:900192001:3:55,-0.7,2026-10-02T01:01:04.695736+02:00
307292659,de:11000:900191001:1:50,-0.4,2026-10-02T01:01:04.695736+02:00
307292659,de:11000:900077155:1:50,-0.9,2026-10-02T01:01:04.695736+02:00
307292659,de:11000:900078201:1:50,-0.4,2026-10-02T01:01:04.695736+02:00
307292659,de:11000:900079221:1:50,-0.2,2026-10-02T01:01:04.695736+02:00
307292659,de:11000:900068201:1:50,-0.8,2026-10-02T01:01:04.695736+02:00
307292659,de:11000:900058101:5:58,-0.1,2026-10-02T01:01:04.695736+02:00
307292659,de:11000:900054104:2:52,-0.2,2026-10-02T01:01:04.695736+02:00
307292659,de:11000:900054105:1:50,-0.9,2026-10-02T01:01:04.695736+02:00
307292659,de:11000:900044202:1:50,-0.7,2026-10-02T01:01:04.695736+02:00
307292650,de:12061:900260001:2:52,0.0,2026-10-02T01:01:04.695736+02:00
307292650,de:12061:900260002:1:51,-0.8,2026-10-02T01:01:04.695736+02:00
307292650,de:12061:900260003:1:51,-0.7,2026-10-02T01:01:04.695736+02:00
307292650,de:12061:900260004:1:51,-0.9,2026-10-02T01:01:04.695736+02:00
307292650,de:11000:900186001:2:53,-0.2,2026-10-02T01:01:04.695736+02:00
307292650,de:11000:900193002:1:51,-0.2,2026-10-02T01:01:04.695736+02:00
307292650,de:11000:900193001:2:51,-0.8,2026-10-02T01:01:04.695736+02:00
307292650,de:11000:900192001:3:55,-0.7,2026-10-02T01:01:04.695736+02:00
307292650,de:11000:900191001:1:50,-0.4,2026-10-02T01:01:04.695736+02:00
307292650,de:11000:900077155:1:50,-0.9,2026-10-02T01:01:04.695736+02:00
307292650,de:11000:900078201:1:50,-0.4,2026-10-02T01:01:04.695736+02:00
307292650,de:11000:900079221:1:50,-0.2,2026-10-02T01:01:04.695736+02:00
307292650,de:11000:900068201:1:50,-0.8,2026-10-02T01:01:04.695736+02:00
307292650,de:11000:900058101:5:58,-0.1,2026-10-02T01:01:04.695736+02:00
307292650,de:11000:900054104:2:52,-0.2,2026-10-02T01:01:04.695736+02:00
307292650,de:11000:900054105:1:50,-0.9,2026-10-02T01:01:04.695736+02:00
307292650,de:11000:900044202:1:50,-0.7,2026-10-02T01:01:04.695736+02:00
295932962,de:11000:900058101:5:59,0.0,2026-10-02T01:01:04.695736+02:00
295932962,de:11000:900068201:1:51,-0.3,2026-10-02T01:01:04.695736+02:00
295932962,de:11000:900079221:1:51,-0.9,2026-10-02T01:01:04.695736+02:00
295932962,de:11000:900078201:1:51,-0.6,2026-10-02T01:01:04.695736+02:00
295932962,de:11000:900077155:1:51,-0.2,2026-10-02T01:01:04.695736+02:00
295932962,de:11000:900191001:2:51,-0.7,2026-10-02T01:01:04.695736+02:00
295932962,de:11000:900192001:2:53,-0.7,2026-10-02T01:01:04.695736+02:00
295932962,de:11000:900192002:1:50,-0.5,2026-10-02T01:01:04.695736+02:00
295932962,de:11000:900180003:1:50,-0.7,2026-10-02T01:01:04.695736+02:00
295933077,de:11000:900180003:1:50,0.0,2026-10-02T01:01:04.695736+02:00
295933077,de:11000:900192002:1:50,-0.4,2026-10-02T01:01:04.695736+02:00
295933077,de:11000:900192001:3:54,-0.2,2026-10-02T01:01:04.695736+02:00
295933077,de:11000:900191001:1:50,-0.9,2026-10-02T01:01:04.695736+02:00
295933077,de:11000:900077155:1:50,-0.4,2026-10-02T01:01:04.695736+02:00
295933077,de:11000:900078201:1:50,-0.9,2026-10-02T01:01:04.695736+02:00
295933077,de:11000:900079221:1:50,-0.7,2026-10-02T01:01:04.695736+02:00
295933077,de:11000:900068201:1:50,-0.3,2026-10-02T01:01:04.695736+02:00
295933077,de:11000:900058101:5:58,-0.6,2026-10-02T01:01:04.695736+02:00
295940781,de:11000:900176001:1:50,0.0,2026-10-02T01:01:04.695736+02:00
295940781,de:11000:900175002:1:50,-0.7,2026-10-02T01:01:04.695736+02:00
295940781,de:11000:900175001:1:50,-0.6,2026-10-02T01:01:04.695736+02:00
295940781,de:11000:900171001:1:50,-0.3,2026-10-02T01:01:04.695736+02:00
295940781,de:11000:900171002:1:51,-0.4,2026-10-02T01:01:04.695736+02:00
295940781,de:11000:900160004:1:51,-0.8,2026-10-02T01:01:04.695736+02:00
295940781,de:11000:900160003:1:51,-0.8,2026-10-02T01:01:04.695736+02:00
295940781,de:11000:900120003:3:54,-0.9,2026-10-02T01:01:04.695736+02:00
295940781,de:11000:900120004:2:52,-0.6,2026-10-02T01:01:04.695736+02:00
295940781,de:11000:900120005:5:57,-0.9,2026-10-02T01:01:04.695736+02:00
306896915,de:12067:900310001::4,0.0,2026-10-02T01:01:04.695736+02:00
306896915,de:12067:900310816::1,0.0,2026-10-02T01:01:04.695736+02:00
306896915,de:12067:900310627::1,0.0,2026-10-02T01:01:04.695736+02:00
306896915,de:12067:900310781::1,0.0,2026-10-02T01:01:04.695736+02:00
306896915,de:12067:900310822::1,0.0,2026-10-02T01:01:04.695736+02:00
306896915,de:12067:900310771::1,0.0,2026-10-02T01:01:04.695736+02:00
306896915,de:12067:900310800::1,0.0,2026-10-02T01:01:04.695736+02:00
306896915,de:12067:900310879::1,0.0,2026-10-02T01:01:04.695736+02:00
306896915,de:12067:900310010::4,0.0,2026-10-02T01:01:04.695736+02:00
306896915,de:12067:900310880::1,0.0,2026-10-02T01:01:04.695736+02:00
306896915,de:12067:900310900::1,0.0,2026-10-02T01:01:04.695736+02:00
306896915,de:12067:900310917::1,0.0,2026-10-02T01:01:04.695736+02:00
306896915,de:12067:900310916::1,-0.5,2026-10-02T01:01:04.695736+02:00
306896915,de:12067:900310915::1,-0.5,2026-10-02T01:01:04.695736+02:00
306896915,de:12067:900310703::4,0.0,2026-10-02T01:01:04.695736+02:00
306896915,de:12067:900310914::1,0.0,2026-10-02T01:01:04.695736+02:00
306896915,de:12067:900310974::1,0.0,2026-10-02T01:01:04.695736+02:00
306896915,de:12067:900310975::1,0.0,2026-10-02T01:01:04.695736+02:00
306896915,de:12067:900310908::1,0.0,2026-10-02T01:01:04.695736+02:00
306896915,de:12067:900311002::1,0.0,2026-10-02T01:01:04.695736+02:00
306896915,de:12067:900310841::1,0.0,2026-10-02T01:01:04.695736+02:00
306896915,de:12067:900310722::1,-0.5,2026-10-02T01:01:04.695736+02:00
306896915,de:12067:900310637::1,0.0,2026-10-02T01:01:04.695736+02:00
306896915,de:12067:900311129::7,0.0,2026-10-02T01:01:04.695736+02:00
306896915,de:12067:900311129::4,0.0,2026-10-02T01:01:04.695736+02:00
306896915,de:12067:900310727::3,0.0,2026-10-02T01:01:04.695736+02:00
306896915,de:12067:900310755::2,0.0,2026-10-02T01:01:04.695736+02:00
306896915,de:12067:900310728::3,0.0,2026-10-02T01:01:04.695736+02:00
306896915,de:12067:900311129::6,0.0,2026-10-02T01:01:04.695736+02:00
307430543,de:12054:900230003:4:53,0.0,2026-10-02T01:01:04.695736+02:00
307430543,de:12054:900230999:1:51,0.0,2026-10-02T01:01:04.695736+02:00
307430543,de:12054:900230006:1:50,0.0,2026-10-02T01:01:04.695736+02:00
307430543,de:12054:900230007:2:52,0.0,2026-10-02T01:01:04.695736+02:00
307430543,de:12054:900220010:1:50,0.0,2026-10-02T01:01:04.695736+02:00
307430543,de:12054:900220012:2:51,0.0,2026-10-02T01:01:04.695736+02:00
307430543,de:12063:900210001:2:51,0.0,2026-10-02T01:01:04.695736+02:00
307430543,de:12065:900200000:1:51,0.0,2026-10-02T01:01:04.695736+02:00
307430543,de:12065:900200010:1:50,0.0,2026-10-02T01:01:04.695736+02:00
307430543,de:12065:900200008:1:50,0.0,2026-10-02T01:01:04.695736+02:00
307430543,de:12065:900200005:1:2,0.0,2026-10-02T01:01:04.695736+02:00
306895976,de:12064:900320250::1,0.0,2026-10-02T01:01:04.695736+02:00
306895976,de:12064:900320267::2,0.0,2026-10-02T01:01:04.695736+02:00
306895976,de:12067:900310017::2,0.0,2026-10-02T01:01:04.695736+02:00
306895976,de:12067:900310509::1,0.0,2026-10-02T01:01:04.695736+02:00
306895976,de:12067:900310508::1,0.0,2026-10-02T01:01:04.695736+02:00
306895976,de:12067:900310580::2,0.0,2026-10-02T01:01:04.695736+02:00
306895976,de:12067:900310578::4,0.0,2026-10-02T01:01:04.695736+02:00
306895976,de:12067:900310534::2,0.0,2026-10-02T01:01:04.695736+02:00
306895976,de:11000:900310550::2,0.0,2026-10-02T01:01:04.695736+02:00
306895976,de:12067:900310572::2,0.0,2026-10-02T01:01:04.695736+02:00
306895976,de:12067:900310013::2,0.0,2026-10-02T01:01:04.695736+02:00
306895976,de:12067:900310563::3,0.0,2026-10-02T01:01:04.695736+02:00
306895976,de:12067:900310563::2,0.0,2026-10-02T01:01:04.695736+02:00
306895976,de:12067:900310569::1,0.0,2026-10-02T01:01:04.695736+02:00
306895976,de:12067:900310571::1,0.0,2026-10-02T01:01:04.695736+02:00
306895976,de:12067:900310579::1,0.0,2026-10-02T01:01:04.695736+02:00
306895976,de:12067:900310553::1,0.0,2026-10-02T01:01:04.695736+02:00
306895976,de:12067:900310558::2,0.0,2026-10-02T01:01:04.695736+02:00
306895976,de:12067:900310559::2,0.0,2026-10-02T01:01:04.695736+02:00
306895976,de:12067:900310560::1,0.0,2026-10-02T01:01:04.695736+02:00
306895976,de:12067:900310573::1,0.0,2026-10-02T01:01:04.695736+02:00
306895976,de:12067:900310581::1,0.0,2026-10-02T01:01:04.695736+02:00
306896912,de:12067:900310001::4,0.0,2026-10-02T01:01:04.695736+02:00
306896912,de:12067:900310816::1,0.0,2026-10-02T01:01:04.695736+02:00
306896912,de:12067:900310627::1,0.0,2026-10-02T01:01:04.695736+02:00
306896912,de:12067:900310781::1,0.0,2026-10-02T01:01:04.695736+02:00
306896912,de:12067:900310822::1,0.0,2026-10-02T01:01:04.695736+02:00
306896912,de:12067:900310771::1,0.0,2026-10-02T01:01:04.695736+02:00
306896912,de:12067:900310800::1,0.0,2026-10-02T01:01:04.695736+02:00
306896912,de:12067:900310879::1,0.0,2026-10-02T01:01:04.695736+02:00
306896912,de:12067:900310010::4,0.0,2026-10-02T01:01:04.695736+02:00
306896912,de:12067:900310880::1,0.0,2026-10-02T01:01:04.695736+02:00
306896912,de:12067:900310900::1,0.0,2026-10-02T01:01:04.695736+02:00
306896912,de:12067:900310917::1,0.0,2026-10-02T01:01:04.695736+02:00
306896912,de:12067:900310916::1,-0.5,2026-10-02T01:01:04.695736+02:00
306896912,de:12067:900310915::1,-0.5,2026-10-02T01:01:04.695736+02:00
306896912,de:12067:900310703::4,0.0,2026-10-02T01:01:04.695736+02:00
306896912,de:12067:900310914::1,0.0,2026-10-02T01:01:04.695736+02:00
306896912,de:12067:900310974::1,0.0,2026-10-02T01:01:04.695736+02:00
306896912,de:12067:900310975::1,0.0,2026-10-02T01:01:04.695736+02:00
306896912,de:12067:900310908::1,0.0,2026-10-02T01:01:04.695736+02:00
306896912,de:12067:900311002::1,0.0,2026-10-02T01:01:04.695736+02:00
306896912,de:12067:900310841::1,0.0,2026-10-02T01:01:04.695736+02:00
306896912,de:12067:900310722::1,-0.5,2026-10-02T01:01:04.695736+02:00
306896912,de:12067:900310637::1,0.0,2026-10-02T01:01:04.695736+02:00
306896912,de:12067:900311129::7,0.0,2026-10-02T01:01:04.695736+02:00
306896912,de:12067:900311129::4,0.0,2026-10-02T01:01:04.695736+02:00
306896912,de:12067:900310727::3,0.0,2026-10-02T01:01:04.695736+02:00
306896912,de:12067:900310755::2,0.0,2026-10-02T01:01:04.695736+02:00
306896912,de:12067:900310728::3,0.0,2026-10-02T01:01:04.695736+02:00
306896912,de:12067:900311129::6,0.0,2026-10-02T01:01:04.695736+02:00
306896802,de:12067:900311054::1,0.0,2026-10-02T01:01:04.695736+02:00
306896802,de:12067:900311110::1,0.0,2026-10-02T01:01:04.695736+02:00
306896802,de:12067:900311058::1,0.0,2026-10-02T01:01:04.695736+02:00
306896802,de:12067:900310611::2,0.0,2026-10-02T01:01:04.695736+02:00
295946304,de:11000:900170004:1:50,0.0,2026-10-02T01:01:04.695736+02:00
295946304,de:11000:900170003:1:51,-0.3,2026-10-02T01:01:04.695736+02:00
295946304,de:11000:900170002:1:51,-0.1,2026-10-02T01:01:04.695736+02:00
295946304,de:11000:900170001:1:51,-0.9,2026-10-02T01:01:04.695736+02:00
295946304,de:11000:900170005:1:51,-0.7,2026-10-02T01:01:04.695736+02:00
295946304,de:11000:900171003:1:51,-0.6,2026-10-02T01:01:04.695736+02:00
295946304,de:11000:900171002:1:51,-0.9,2026-10-02T01:01:04.695736+02:00
295946304,de:11000:900160004:1:51,-0.3,2026-10-02T01:01:04.695736+02:00
295946304,de:11000:900160003:1:51,-0.4,2026-10-02T01:01:04.695736+02:00
295946304,de:11000:900120003:3:55,-0.6,2026-10-02T01:01:04.695736+02:00
295946304,de:11000:900120004:2:53,-0.1,2026-10-02T01:01:04.695736+02:00
295946304,de:11000:900120005:5:58,-0.4,2026-10-02T01:01:04.695736+02:00
295946304,de:11000:900100004:1:51,-0.9,2026-10-02T01:01:04.695736+02:00
295946304,de:11000:900100003:2:53,-0.9,2026-10-02T01:01:04.695736+02:00
295946304,de:11000:900100002:1:51,-0.9,2026-10-02T01:01:04.695736+02:00
295946304,de:11000:900100001:3:55,-0.9,2026-10-02T01:01:04.695736+02:00
295946304,de:11000:900003201:3:55,-0.6,2026-10-02T01:01:04.695736+02:00
295946304,de:11000:900003102:1:51,-0.3,2026-10-02T01:01:04.695736+02:00
295946304,de:11000:900003103:1:51,-0.4,2026-10-02T01:01:04.695736+02:00
295946304,de:11000:900023201:3:55,-0.3,2026-10-02T01:01:04.695736+02:00
295946304,de:11000:900024203:1:51,-0.3,2026-10-02T01:01:04.695736+02:00
295946304,de:11000:900024101:4:57,-0.3,2026-10-02T01:01:04.695736+02:00
295946304,de:11000:900024102:1:50,-0.6,2026-10-02T01:01:04.695736+02:00
295946304,de:11000:900048101:1:50,-0.8,2026-10-02T01:01:04.695736+02:00
295946304,de:11000:900052201:2:52,0.0,2026-10-02T01:01:04.695736+02:00
295946304,de:11000:900053301:1:50,-0.4,2026-10-02T01:01:04.695736+02:00
295946304,de:12054:900230003:1:50,-0.4,2026-10-02T01:01:04.695736+02:00
295946304,de:12054:900230000:1:51,-0.4,2026-10-02T01:01:04.695736+02:00
295946304,de:12054:900230999:3:55,-0.9,2026-10-02T01:01:04.695736+02:00
295946300,de:11000:900170004:1:50,0.0,2026-10-02T01:01:04.695736+02:00
295946300,de:11000:900170003:1:51,-0.3,2026-10-02T01:01:04.695736+02:00
295946300,de:11000:900170002:1:51,-0.1,2026-10-02T01:01:04.695736+02:00
295946300,de:11000:900170001:1:51,-0.9,2026-10-02T01:01:04.695736+02:00
295946300,de:11000:900170005:1:51,-0.7,2026-10-02T01:01:04.695736+02:00
295946300,de:11000:900171003:1:51,-0.6,2026-10-02T01:01:04.695736+02:00
295946300,de:11000:900171002:1:51,-0.9,2026-10-02T01:01:04.695736+02:00
295946300,de:11000:900160004:1:51,-0.3,2026-10-02T01:01:04.695736+02:00
295946300,de:11000:900160003:1:51,-0.4,2026-10-02T01:01:04.695736+02:00
295946300,de:11000:900120003:3:55,-0.6,2026-10-02T01:01:04.695736+02:00
295946300,de:11000:900120004:2:53,-0.1,2026-10-02T01:01:04.695736+02:00
295946300,de:11000:900120005:5:58,-0.4,2026-10-02T01:01:04.695736+02:00
295946300,de:11000:900100004:1:51,-0.9,2026-10-02T01:01:04.695736+02:00
295946300,de:11000:900100003:2:53,-0.9,2026-10-02T01:01:04.695736+02:00
295946300,de:11000:900100002:1:51,-0.9,2026-10-02T01:01:04.695736+02:00
295946300,de:11000:900100001:3:55,-0.9,2026-10-02T01:01:04.695736+02:00
295946300,de:11000:900003201:3:55,-0.6,2026-10-02T01:01:04.695736+02:00
295946300,de:11000:900003102:1:51,-0.3,2026-10-02T01:01:04.695736+02:00
295946300,de:11000:900003103:1:51,-0.4,2026-10-02T01:01:04.695736+02:00
295946300,de:11000:900023201:3:55,-0.3,2026-10-02T01:01:04.695736+02:00
295946300,de:11000:900024203:1:51,-0.3,2026-10-02T01:01:04.695736+02:00
295946300,de:11000:900024101:4:57,-0.3,2026-10-02T01:01:04.695736+02:00
295946300,de:11000:900024102:1:50,-0.6,2026-10-02T01:01:04.695736+02:00
295946300,de:11000:900048101:1:50,-0.8,2026-10-02T01:01:04.695736+02:00
295946300,de:11000:900052201:2:52,0.0,2026-10-02T01:01:04.695736+02:00
295946300,de:11000:900053301:1:50,-0.4,2026-10-02T01:01:04.695736+02:00
295946300,de:12054:900230003:1:50,-0.4,2026-10-02T01:01:04.695736+02:00
295946300,de:12054:900230000:1:51,-0.4,2026-10-02T01:01:04.695736+02:00
295946300,de:12054:900230999:3:55,-0.9,2026-10-02T01:01:04.695736+02:00
295946297,de:11000:900170004:1:50,0.0,2026-10-02T01:01:04.695736+02:00
295946297,de:11000:900170003:1:51,-0.3,2026-10-02T01:01:04.695736+02:00
295946297,de:11000:900170002:1:51,-0.1,2026-10-02T01:01:04.695736+02:00
295946297,de:11000:900170001:1:51,-0.9,2026-10-02T01:01:04.695736+02:00
295946297,de:11000:900170005:1:51,-0.7,2026-10-02T01:01:04.695736+02:00
295946297,de:11000:900171003:1:51,-0.6,2026-10-02T01:01:04.695736+02:00
295946297,de:11000:900171002:1:51,-0.9,2026-10-02T01:01:04.695736+02:00
295946297,de:11000:900160004:1:51,-0.3,2026-10-02T01:01:04.695736+02:00
295946297,de:11000:900160003:1:51,-0.4,2026-10-02T01:01:04.695736+02:00
295946297,de:11000:900120003:3:55,-0.6,2026-10-02T01:01:04.695736+02:00
295946297,de:11000:900120004:2:53,-0.1,2026-10-02T01:01:04.695736+02:00
295946297,de:11000:900120005:5:58,-0.4,2026-10-02T01:01:04.695736+02:00
295946297,de:11000:900100004:1:51,-0.9,2026-10-02T01:01:04.695736+02:00
295946297,de:11000:900100003:2:53,-0.9,2026-10-02T01:01:04.695736+02:00
295946297,de:11000:900100002:1:51,-0.9,2026-10-02T01:01:04.695736+02:00
295946297,de:11000:900100001:3:55,-0.9,2026-10-02T01:01:04.695736+02:00
295946297,de:11000:900003201:3:55,-0.6,2026-10-02T01:01:04.695736+02:00
295946297,de:11000:900003102:1:51,-0.3,2026-10-02T01:01:04.695736+02:00
295946297,de:11000:900003103:1:51,-0.4,2026-10-02T01:01:04.695736+02:00
295946297,de:11000:900023201:3:55,-0.3,2026-10-02T01:01:04.695736+02:00
295946297,de:11000:900024203:1:51,-0.3,2026-10-02T01:01:04.695736+02:00
295946297,de:11000:900024101:4:57,-0.3,2026-10-02T01:01:04.695736+02:00
295946297,de:11000:900024102:1:50,-0.6,2026-10-02T01:01:04.695736+02:00
295946297,de:11000:900048101:1:50,-0.8,2026-10-02T01:01:04.695736+02:00
295946297,de:11000:900052201:2:52,0.0,2026-10-02T01:01:04.695736+02:00
295946297,de:11000:900053301:1:50,-0.4,2026-10-02T01:01:04.695736+02:00
295946297,de:12054:900230003:1:50,-0.4,2026-10-02T01:01:04.695736+02:00
295946297,de:12054:900230000:1:51,-0.4,2026-10-02T01:01:04.695736+02:00
295946297,de:12054:900230999:3:55,-0.9,2026-10-02T01:01:04.695736+02:00
295946175,de:12054:900230999:3:54,0.0,2026-10-02T01:01:04.695736+02:00
295946175,de:12054:900230000:1:50,-0.3,2026-10-02T01:01:04.695736+02:00
295946175,de:12054:900230003:1:54,-0.3,2026-10-02T01:01:04.695736+02:00
295946175,de:11000:900053301:2:53,-0.4,2026-10-02T01:01:04.695736+02:00
295946175,de:11000:900052201:2:53,-0.7,2026-10-02T01:01:04.695736+02:00
295946175,de:11000:900048101:2:53,-0.9,2026-10-02T01:01:04.695736+02:00
295946175,de:11000:900024102:2:53,-0.9,2026-10-02T01:01:04.695736+02:00
295946175,de:11000:900024101:3:55,-0.3,2026-10-02T01:01:04.695736+02:00
295946175,de:11000:900024203:1:51,-0.3,2026-10-02T01:01:04.695736+02:00
295946175,de:11000:900023201:3:54,-0.2,2026-10-02T01:01:04.695736+02:00
295946175,de:11000:900003103:1:50,-0.3,2026-10-02T01:01:04.695736+02:00
295946175,de:11000:900003102:1:50,-0.4,2026-10-02T01:01:04.695736+02:00
295946175,de:11000:900003201:3:54,0.0,2026-10-02T01:01:04.695736+02:00
295946175,de:11000:900100001:3:54,-0.6,2026-10-02T01:01:04.695736+02:00
295946175,de:11000:900100002:1:50,-0.9,2026-10-02T01:01:04.695736+02:00
295946175,de:11000:900100003:2:52,-0.6,2026-10-02T01:01:04.695736+02:00
295946175,de:11000:900100004:1:50,-0.9,2026-10-02T01:01:04.695736+02:00
295946175,de:11000:900120005:4:55,-0.1,2026-10-02T01:01:04.695736+02:00
295946175,de:11000:900120004:1:50,-0.6,2026-10-02T01:01:04.695736+02:00
295946175,de:11000:900120003:2:53,-0.9,2026-10-02T01:01:04.695736+02:00
295946175,de:11000:900160003:1:50,-0.2,2026-10-02T01:01:04.695736+02:00
295946175,de:11000:900160004:1:50,-0.2,2026-10-02T01:01:04.695736+02:00
295946175,de:11000:900171002:1:50,-0.7,2026-10-02T01:01:04.695736+02:00
295946175,de:11000:900171003:1:50,-0.8,2026-10-02T01:01:04.695736+02:00
295946175,de:11000:900170005:1:50,-0.3,2026-10-02T01:01:04.695736+02:00
295946175,de:11000:900170001:1:50,-0.1,2026-10-02T01:01:04.695736+02:00
295946175,de:11000:900170002:1:50,-0.9,2026-10-02T01:01:04.695736+02:00
295946175,de:11000:900170003:1:50,-0.7,2026-10-02T01:01:04.695736+02:00
295946175,de:11000:900170004:1:50,-0.9,2026-10-02T01:01:04.695736+02:00
295946159,de:12054:900230999:3:54,0.0,2026-10-02T01:01:04.695736+02:00
295946159,de:12054:900230000:1:50,-0.3,2026-10-02T01:01:04.695736+02:00
295946159,de:12054:900230003:1:54,-0.3,2026-10-02T01:01:04.695736+02:00
295946159,de:11000:900053301:2:53,-0.4,2026-10-02T01:01:04.695736+02:00
295946159,de:11000:900052201:2:53,-0.7,2026-10-02T01:01:04.695736+02:00
295946159,de:11000:900048101:2:53,-0.9,2026-10-02T01:01:04.695736+02:00
295946159,de:11000:900024102:2:53,-0.9,2026-10-02T01:01:04.695736+02:00
295946159,de:11000:900024101:3:55,-0.3,2026-10-02T01:01:04.695736+02:00
295946159,de:11000:900024203:1:51,-0.3,2026-10-02T01:01:04.695736+02:00
295946159,de:11000:900023201:3:54,-0.2,2026-10-02T01:01:04.695736+02:00
295946159,de:11000:900003103:1:50,-0.3,2026-10-02T01:01:04.695736+02:00
295946159,de:11000:900003102:1:50,-0.4,2026-10-02T01:01:04.695736+02:00
295946159,de:11000:900003201:3:54,0.0,2026-10-02T01:01:04.695736+02:00
295946159,de:11000:900100001:3:54,-0.6,2026-10-02T01:01:04.695736+02:00
295946159,de:11000:900100002:1:50,-0.9,2026-10-02T01:01:04.695736+02:00
295946159,de:11000:900100003:2:52,-0.6,2026-10-02T01:01:04.695736+02:00
295946159,de:11000:900100004:1:50,-0.9,2026-10-02T01:01:04.695736+02:00
295946159,de:11000:900120005:4:55,-0.1,2026-10-02T01:01:04.695736+02:00
295946159,de:11000:900120004:1:50,-0.6,2026-10-02T01:01:04.695736+02:00
295946159,de:11000:900120003:2:53,-0.9,2026-10-02T01:01:04.695736+02:00
295946159,de:11000:900160003:1:50,-0.2,2026-10-02T01:01:04.695736+02:00
295946159,de:11000:900160004:1:50,-0.2,2026-10-02T01:01:04.695736+02:00
295946159,de:11000:900171002:1:50,-0.7,2026-10-02T01:01:04.695736+02:00
295946159,de:11000:900171003:1:50,-0.8,2026-10-02T01:01:04.695736+02:00
295946159,de:11000:900170005:1:50,-0.3,2026-10-02T01:01:04.695736+02:00
295946159,de:11000:900170001:1:50,-0.1,2026-10-02T01:01:04.695736+02:00
295946159,de:11000:900170002:1:50,-0.9,2026-10-02T01:01:04.695736+02:00
295946159,de:11000:900170003:1:50,-0.7,2026-10-02T01:01:04.695736+02:00
295946159,de:11000:900170004:2:52,-0.9,2026-10-02T01:01:04.695736+02:00
307441028,de:12068:900205006:1:50,0.0,2026-10-02T01:01:04.695736+02:00
307441028,de:12068:900205005:1:50,0.0,2026-10-02T01:01:04.695736+02:00
307441028,de:12068:900205512:1:50,0.0,2026-10-02T01:01:04.695736+02:00
307441028,de:12065:900203491:1:50,0.0,2026-10-02T01:01:04.695736+02:00
307441028,de:12065:900203452:1:50,0.0,2026-10-02T01:01:04.695736+02:00
307441028,de:12065:900200004:1:51,0.0,2026-10-02T01:01:04.695736+02:00
307441028,de:12065:900200000:1:50,0.0,2026-10-02T01:01:04.695736+02:00
295953599,de:11000:900151001:1:51,0.0,2026-10-02T01:01:04.695736+02:00
295953599,de:11000:900152001:1:51,-0.6,2026-10-02T01:01:04.695736+02:00
295953599,de:11000:900152002:1:51,-0.2,2026-10-02T01:01:04.695736+02:00
295953599,de:11000:900171003:1:51,-0.9,2026-10-02T01:01:04.695736+02:00
295953599,de:11000:900171002:1:51,-0.9,2026-10-02T01:01:04.695736+02:00
295953599,de:11000:900160004:1:51,-0.3,2026-10-02T01:01:04.695736+02:00
295953599,de:11000:900160003:1:51,-0.4,2026-10-02T01:01:04.695736+02:00
295953599,de:11000:900120003:3:54,-0.6,2026-10-02T01:01:04.695736+02:00
295953599,de:11000:900120004:2:52,-0.1,2026-10-02T01:01:04.695736+02:00
295949534,de:11000:900170004:2:52,0.0,2026-10-02T01:01:04.695736+02:00
295949534,de:11000:900170003:1:51,-0.3,2026-10-02T01:01:04.695736+02:00
295949534,de:11000:900170002:1:51,-0.1,2026-10-02T01:01:04.695736+02:00
295949534,de:11000:900170001:1:51,-0.9,2026-10-02T01:01:04.695736+02:00
295949534,de:11000:900170005:1:51,-0.7,2026-10-02T01:01:04.695736+02:00
295949534,de:11000:900171003:1:51,-0.6,2026-10-02T01:01:04.695736+02:00
295949534,de:11000:900171002:1:51,-0.9,2026-10-02T01:01:04.695736+02:00
295949534,de:11000:900160004:1:51,-0.3,2026-10-02T01:01:04.695736+02:00
295949534,de:11000:900160003:1:51,-0.4,2026-10-02T01:01:04.695736+02:00
295949534,de:11000:900120003:3:55,-0.6,2026-10-02T01:01:04.695736+02:00
295949534,de:11000:900120004:2:53,-0.1,2026-10-02T01:01:04.695736+02:00
295949534,de:11000:900120005:5:58,-0.4,2026-10-02T01:01:04.695736+02:00
295949534,de:11000:900100004:1:51,-0.9,2026-10-02T01:01:04.695736+02:00
295949534,de:11000:900100003:2:53,-0.9,2026-10-02T01:01:04.695736+02:00
295949534,de:11000:900100002:1:51,-0.9,2026-10-02T01:01:04.695736+02:00
295949534,de:11000:900100001:3:55,-0.9,2026-10-02T01:01:04.695736+02:00
295949534,de:11000:900003201:3:55,-0.6,2026-10-02T01:01:04.695736+02:00
295949534,de:11000:900003102:1:51,-0.3,2026-10-02T01:01:04.695736+02:00
295949534,de:11000:900003103:1:51,-0.4,2026-10-02T01:01:04.695736+02:00
295949534,de:11000:900023201:3:55,-0.3,2026-10-02T01:01:04.695736+02:00
295949534,de:11000:900024203:1:51,-0.3,2026-10-02T01:01:04.695736+02:00
295949534,de:11000:900024101:4:57,-0.3,2026-10-02T01:01:04.695736+02:00
295949534,de:11000:900024102:1:50,-0.6,2026-10-02T01:01:04.695736+02:00
295949534,de:11000:900048101:1:50,-0.8,2026-10-02T01:01:04.695736+02:00
295949534,de:11000:900052201:2:52,0.0,2026-10-02T01:01:04.695736+02:00
295949534,de:11000:900053301:1:50,-0.4,2026-10-02T01:01:04.695736+02:00
295949534,de:12054:900230003:1:50,-0.4,2026-10-02T01:01:04.695736+02:00
295949534,de:12054:900230000:1:51,-0.4,2026-10-02T01:01:04.695736+02:00
295949534,de:12054:900230999:3:54,-0.9,2026-10-02T01:01:04.695736+02:00
295956075,de:11000:900151001:1:50,0.0,2026-10-02T01:01:04.695736+02:00
295956075,de:11000:900152001:1:51,-0.6,2026-10-02T01:01:04.695736+02:00
295956075,de:11000:900152002:1:51,-0.2,2026-10-02T01:01:04.695736+02:00
295956075,de:11000:900171003:1:51,-0.9,2026-10-02T01:01:04.695736+02:00
295956075,de:11000:900171002:1:51,-0.9,2026-10-02T01:01:04.695736+02:00
295956075,de:11000:900160004:1:51,-0.3,2026-10-02T01:01:04.695736+02:00
295956075,de:11000:900160003:1:51,-0.4,2026-10-02T01:01:04.695736+02:00
295956075,de:11000:900120003:3:54,-0.6,2026-10-02T01:01:04.695736+02:00
295956075,de:11000:900120004:2:52,-0.1,2026-10-02T01:01:04.695736+02:00
295949530,de:11000:900170004:2:52,0.0,2026-10-02T01:01:04.695736+02:00
295949530,de:11000:900170003:1:51,-0.3,2026-10-02T01:01:04.695736+02:00
295949530,de:11000:900170002:1:51,-0.1,2026-10-02T01:01:04.695736+02:00
295949530,de:11000:900170001:1:51,-0.9,2026-10-02T01:01:04.695736+02:00
295949530,de:11000:900170005:1:51,-0.7,2026-10-02T01:01:04.695736+02:00
295949530,de:11000:900171003:1:51,-0.6,2026-10-02T01:01:04.695736+02:00
295949530,de:11000:900171002:1:51,-0.9,2026-10-02T01:01:04.695736+02:00
295949530,de:11000:900160004:1:51,-0.3,2026-10-02T01:01:04.695736+02:00
295949530,de:11000:900160003:1:51,-0.4,2026-10-02T01:01:04.695736+02:00
295949530,de:11000:900120003:3:55,-0.6,2026-10-02T01:01:04.695736+02:00
295949530,de:11000:900120004:2:53,-0.1,2026-10-02T01:01:04.695736+02:00
295949530,de:11000:900120005:5:58,-0.4,2026-10-02T01:01:04.695736+02:00
295949530,de:11000:900100004:1:51,-0.9,2026-10-02T01:01:04.695736+02:00
295949530,de:11000:900100003:2:53,-0.9,2026-10-02T01:01:04.695736+02:00
295949530,de:11000:900100002:1:51,-0.9,2026-10-02T01:01:04.695736+02:00
295949530,de:11000:900100001:3:55,-0.9,2026-10-02T01:01:04.695736+02:00
295949530,de:11000:900003201:3:55,-0.6,2026-10-02T01:01:04.695736+02:00
295949530,de:11000:900003102:1:51,-0.3,2026-10-02T01:01:04.695736+02:00
295949530,de:11000:900003103:1:51,-0.4,2026-10-02T01:01:04.695736+02:00
295949530,de:11000:900023201:3:55,-0.3,2026-10-02T01:01:04.695736+02:00
295949530,de:11000:900024203:1:51,-0.3,2026-10-02T01:01:04.695736+02:00
295949530,de:11000:900024101:4:57,-0.3,2026-10-02T01:01:04.695736+02:00
295949530,de:11000:900024102:1:50,-0.6,2026-10-02T01:01:04.695736+02:00
295949530,de:11000:900048101:1:50,-0.8,2026-10-02T01:01:04.695736+02:00
295949530,de:11000:900052201:2:52,0.0,2026-10-02T01:01:04.695736+02:00
295949530,de:11000:900053301:1:50,-0.4,2026-10-02T01:01:04.695736+02:00
295949530,de:12054:900230003:1:50,-0.4,2026-10-02T01:01:04.695736+02:00
295949530,de:12054:900230000:1:51,-0.4,2026-10-02T01:01:04.695736+02:00
295949530,de:12054:900230999:3:54,-0.9,2026-10-02T01:01:04.695736+02:00
295949448,de:12054:900230999:3:55,0.0,2026-10-02T01:01:04.695736+02:00
295949448,de:12054:900230000:1:50,-0.3,2026-10-02T01:01:04.695736+02:00
295949448,de:12054:900230003:1:54,-0.3,2026-10-02T01:01:04.695736+02:00
295949448,de:11000:900053301:2:53,-0.4,2026-10-02T01:01:04.695736+02:00
295949448,de:11000:900052201:2:53,-0.7,2026-10-02T01:01:04.695736+02:00
295949448,de:11000:900048101:2:53,-0.9,2026-10-02T01:01:04.695736+02:00
295949448,de:11000:900024102:2:53,-0.9,2026-10-02T01:01:04.695736+02:00
295949448,de:11000:900024101:3:55,-0.3,2026-10-02T01:01:04.695736+02:00
295949448,de:11000:900024203:1:51,-0.3,2026-10-02T01:01:04.695736+02:00
295949448,de:11000:900023201:3:54,-0.2,2026-10-02T01:01:04.695736+02:00
295949448,de:11000:900003103:1:50,-0.3,2026-10-02T01:01:04.695736+02:00
295949448,de:11000:900003102:1:50,-0.4,2026-10-02T01:01:04.695736+02:00
295949448,de:11000:900003201:3:54,0.0,2026-10-02T01:01:04.695736+02:00
295949448,de:11000:900100001:3:54,-0.6,2026-10-02T01:01:04.695736+02:00
295949448,de:11000:900100002:1:50,-0.9,2026-10-02T01:01:04.695736+02:00
295949448,de:11000:900100003:2:52,-0.6,2026-10-02T01:01:04.695736+02:00
295949448,de:11000:900100004:1:50,-0.9,2026-10-02T01:01:04.695736+02:00
295949448,de:11000:900120005:4:55,-0.1,2026-10-02T01:01:04.695736+02:00
295949448,de:11000:900120004:1:50,-0.6,2026-10-02T01:01:04.695736+02:00
295949448,de:11000:900120003:2:53,-0.9,2026-10-02T01:01:04.695736+02:00
295949448,de:11000:900160003:1:50,-0.2,2026-10-02T01:01:04.695736+02:00
295949448,de:11000:900160004:1:50,-0.2,2026-10-02T01:01:04.695736+02:00
295949448,de:11000:900171002:1:50,-0.7,2026-10-02T01:01:04.695736+02:00
295949448,de:11000:900171003:1:50,-0.8,2026-10-02T01:01:04.695736+02:00
295949448,de:11000:900170005:1:50,-0.3,2026-10-02T01:01:04.695736+02:00
295949448,de:11000:900170001:1:50,-0.1,2026-10-02T01:01:04.695736+02:00
295949448,de:11000:900170002:1:50,-0.9,2026-10-02T01:01:04.695736+02:00
295949448,de:11000:900170003:1:50,-0.7,2026-10-02T01:01:04.695736+02:00
295949448,de:11000:900170004:2:52,-0.9,2026-10-02T01:01:04.695736+02:00
295949444,de:12054:900230999:3:55,0.0,2026-10-02T01:01:04.695736+02:00
295949444,de:12054:900230000:1:50,-0.3,2026-10-02T01:01:04.695736+02:00
295949444,de:12054:900230003:1:54,-0.3,2026-10-02T01:01:04.695736+02:00
295949444,de:11000:900053301:2:53,-0.4,2026-10-02T01:01:04.695736+02:00
295949444,de:11000:900052201:2:53,-0.7,2026-10-02T01:01:04.695736+02:00
295949444,de:11000:900048101:2:53,-0.9,2026-10-02T01:01:04.695736+02:00
295949444,de:11000:900024102:2:53,-0.9,2026-10-02T01:01:04.695736+02:00
295949444,de:11000:900024101:3:55,-0.3,2026-10-02T01:01:04.695736+02:00
295949444,de:11000:900024203:1:51,-0.3,2026-10-02T01:01:04.695736+02:00
295949444,de:11000:900023201:3:54,-0.2,2026-10-02T01:01:04.695736+02:00
295949444,de:11000:900003103:1:50,-0.3,2026-10-02T01:01:04.695736+02:00
295949444,de:11000:900003102:1:50,-0.4,2026-10-02T01:01:04.695736+02:00
295949444,de:11000:900003201:3:54,0.0,2026-10-02T01:01:04.695736+02:00
295949444,de:11000:900100001:3:54,-0.6,2026-10-02T01:01:04.695736+02:00
295949444,de:11000:900100002:1:50,-0.9,2026-10-02T01:01:04.695736+02:00
295949444,de:11000:900100003:2:52,-0.6,2026-10-02T01:01:04.695736+02:00
295949444,de:11000:900100004:1:50,-0.9,2026-10-02T01:01:04.695736+02:00
295949444,de:11000:900120005:4:55,-0.1,2026-10-02T01:01:04.695736+02:00
295949444,de:11000:900120004:1:50,-0.6,2026-10-02T01:01:04.695736+02:00
295949444,de:11000:900120003:2:53,-0.9,2026-10-02T01:01:04.695736+02:00
295949444,de:11000:900160003:1:50,-0.2,2026-10-02T01:01:04.695736+02:00
295949444,de:11000:900160004:1:50,-0.2,2026-10-02T01:01:04.695736+02:00
295949444,de:11000:900171002:1:50,-0.7,2026-10-02T01:01:04.695736+02:00
295949444,de:11000:900171003:1:50,-0.8,2026-10-02T01:01:04.695736+02:00
295949444,de:11000:900170005:1:50,-0.3,2026-10-02T01:01:04.695736+02:00
295949444,de:11000:900170001:1:50,-0.1,2026-10-02T01:01:04.695736+02:00
295949444,de:11000:900170002:1:50,-0.9,2026-10-02T01:01:04.695736+02:00
295949444,de:11000:900170003:1:50,-0.7,2026-10-02T01:01:04.695736+02:00
295949444,de:11000:900170004:2:52,-0.9,2026-10-02T01:01:04.695736+02:00
306895482,de:12067:900310807::1,0.0,2026-10-02T01:01:04.695736+02:00
306895482,de:12067:900310815::2,0.0,2026-10-02T01:01:04.695736+02:00
306895482,de:12067:900310880::2,0.0,2026-10-02T01:01:04.695736+02:00
306895482,de:12067:900310010::2,0.0,2026-10-02T01:01:04.695736+02:00
306895482,de:12067:900310770::2,0.0,2026-10-02T01:01:04.695736+02:00
306895482,de:12067:900310812::2,0.0,2026-10-02T01:01:04.695736+02:00
306895482,de:12067:900310806::2,0.0,2026-10-02T01:01:04.695736+02:00
306895482,de:12067:900310821::2,0.0,2026-10-02T01:01:04.695736+02:00
306895482,de:12067:900310794::2,0.0,2026-10-02T01:01:04.695736+02:00
306895482,de:12067:900310808::2,0.0,2026-10-02T01:01:04.695736+02:00
306895482,de:12067:900310822::2,0.0,2026-10-02T01:01:04.695736+02:00
306895482,de:12067:900310781::2,0.0,2026-10-02T01:01:04.695736+02:00
306895482,de:12067:900310627::2,0.0,2026-10-02T01:01:04.695736+02:00
306895482,de:12067:900310816::2,0.0,2026-10-02T01:01:04.695736+02:00
306895482,de:12067:900310022::1,0.0,2026-10-02T01:01:04.695736+02:00
306895482,de:12067:900310001::11,0.0,2026-10-02T01:01:04.695736+02:00
306895482,de:12067:900310001::1,0.0,2026-10-02T01:01:04.695736+02:00
306895482,de:12067:900310696::1,0.0,2026-10-02T01:01:04.695736+02:00
306895482,de:12067:900310788::1,0.0,2026-10-02T01:01:04.695736+02:00
306895482,de:12067:900310790::1,0.0,2026-10-02T01:01:04.695736+02:00
306895482,de:12067:900310787::1,0.0,2026-10-02T01:01:04.695736+02:00
306895482,de:12067:900310809::1,0.0,2026-10-02T01:01:04.695736+02:00
306895482,de:12067:900310825::1,0.0,2026-10-02T01:01:04.695736+02:00
306895482,de:12067:900310792::2,0.0,2026-10-02T01:01:04.695736+02:00
306895482,de:12067:900310774::2,0.0,2026-10-02T01:01:04.695736+02:00
306895482,de:12067:900310793::1,0.0,2026-10-02T01:01:04.695736+02:00
306895482,de:12067:900310628::1,0.0,2026-10-02T01:01:04.695736+02:00
306895482,de:12067:900310814::1,0.0,2026-10-02T01:01:04.695736+02:00
306895482,de:12067:900311083::3,0.0,2026-10-02T01:01:04.695736+02:00
306896025,de:12064:900320007::4,0.0,2026-10-02T01:01:04.695736+02:00
306896025,de:12064:900320113::2,0.0,2026-10-02T01:01:04.695736+02:00
306896025,de:12067:900310523::2,0.0,2026-10-02T01:01:04.695736+02:00
306896025,de:12067:900310535::2,0.0,2026-10-02T01:01:04.695736+02:00
306896025,de:12067:900310522::2,0.0,2026-10-02T01:01:04.695736+02:00
306896025,de:12067:900310021::2,0.0,2026-10-02T01:01:04.695736+02:00
306896025,de:12067:900310500::1,0.0,2026-10-02T01:01:04.695736+02:00
306896025,de:12067:900310501::2,0.0,2026-10-02T01:01:04.695736+02:00
306896025,de:12067:900310020::2,0.0,2026-10-02T01:01:04.695736+02:00
306896025,de:12067:900310528::2,0.0,2026-10-02T01:01:04.695736+02:00
306896025,de:12067:900310529::2,0.0,2026-10-02T01:01:04.695736+02:00
306896025,de:12067:900311012::2,0.0,2026-10-02T01:01:04.695736+02:00
306896025,de:12067:900311014::2,0.0,2026-10-02T01:01:04.695736+02:00
306896025,de:12067:900310536::2,0.0,2026-10-02T01:01:04.695736+02:00
306896025,de:12067:900310543::2,0.0,2026-10-02T01:01:04.695736+02:00
306896025,de:12067:900310578::4,0.0,2026-10-02T01:01:04.695736+02:00
306896025,de:12067:900310534::2,0.0,2026-10-02T01:01:04.695736+02:00
306896025,de:11000:900310550::2,0.0,2026-10-02T01:01:04.695736+02:00
306896025,de:12067:900310572::2,0.0,2026-10-02T01:01:04.695736+02:00
306896025,de:12067:900310013::7,0.0,2026-10-02T01:01:04.695736+02:00
306896065,de:12067:900310021::2,0.0,2026-10-02T01:01:04.695736+02:00
306896065,de:12067:900311096::1,0.0,2026-10-02T01:01:04.695736+02:00
306896065,de:12067:900311097::2,0.0,2026-10-02T01:01:04.695736+02:00
306896065,de:12067:900311095::2,0.0,2026-10-02T01:01:04.695736+02:00
306896065,de:12067:900310580::2,0.0,2026-10-02T01:01:04.695736+02:00
306896065,de:12067:900310578::4,0.0,2026-10-02T01:01:04.695736+02:00
306896065,de:12067:900310534::2,0.0,2026-10-02T01:01:04.695736+02:00
306896065,de:11000:900310550::2,0.0,2026-10-02T01:01:04.695736+02:00
306896065,de:12067:900310572::2,0.0,2026-10-02T01:01:04.695736+02:00
306896065,de:12067:900310013::7,0.0,2026-10-02T01:01:04.695736+02:00
306895499,de:12067:900310807::1,0.0,2026-10-02T01:01:04.695736+02:00
306895499,de:12067:900310815::2,0.0,2026-10-02T01:01:04.695736+02:00
306895499,de:12067:900310880::2,0.0,2026-10-02T01:01:04.695736+02:00
306895499,de:12067:900310010::2,0.0,2026-10-02T01:01:04.695736+02:00
306895499,de:12067:900310770::2,0.0,2026-10-02T01:01:04.695736+02:00
306895499,de:12067:900310812::2,0.0,2026-10-02T01:01:04.695736+02:00
306895499,de:12067:900310806::2,0.0,2026-10-02T01:01:04.695736+02:00
306895499,de:12067:900310778::2,0.0,2026-10-02T01:01:04.695736+02:00
306895499,de:12067:900310768::2,0.0,2026-10-02T01:01:04.695736+02:00
306895499,de:12067:900310786::2,0.0,2026-10-02T01:01:04.695736+02:00
306895499,de:12067:900310784::2,0.0,2026-10-02T01:01:04.695736+02:00
306895499,de:12067:900311104::2,0.0,2026-10-02T01:01:04.695736+02:00
306895499,de:12067:900310995::1,0.0,2026-10-02T01:01:04.695736+02:00
306895499,de:12067:900310779::2,0.0,2026-10-02T01:01:04.695736+02:00
306895499,de:12067:900310808::2,0.0,2026-10-02T01:01:04.695736+02:00
306895499,de:12067:900310822::2,0.0,2026-10-02T01:01:04.695736+02:00
306895499,de:12067:900310781::2,0.0,2026-10-02T01:01:04.695736+02:00
306895499,de:12067:900310627::2,0.0,2026-10-02T01:01:04.695736+02:00
306895499,de:12067:900310816::2,0.0,2026-10-02T01:01:04.695736+02:00
306895499,de:12067:900310022::1,0.0,2026-10-02T01:01:04.695736+02:00
306895499,de:12067:900310001::11,0.0,2026-10-02T01:01:04.695736+02:00
306895499,de:12067:900310001::1,0.0,2026-10-02T01:01:04.695736+02:00
306895499,de:12067:900310696::1,0.0,2026-10-02T01:01:04.695736+02:00
306895499,de:12067:900310788::1,0.0,2026-10-02T01:01:04.695736+02:00
306895499,de:12067:900310790::1,0.0,2026-10-02T01:01:04.695736+02:00
306895499,de:12067:900310787::1,0.0,2026-10-02T01:01:04.695736+02:00
306895499,de:12067:900310809::1,0.0,2026-10-02T01:01:04.695736+02:00
306895499,de:12067:900310825::1,0.0,2026-10-02T01:01:04.695736+02:00
306895499,de:12067:900310792::2,0.0,2026-10-02T01:01:04.695736+02:00
306895499,de:12067:900310774::2,0.0,2026-10-02T01:01:04.695736+02:00
306895499,de:12067:900310793::1,0.0,2026-10-02T01:01:04.695736+02:00
306895499,de:12067:900310628::1,0.0,2026-10-02T01:01:04.695736+02:00
306895499,de:12067:900310814::1,0.0,2026-10-02T01:01:04.695736+02:00
306895499,de:12067:900311083::3,0.0,2026-10-02T01:01:04.695736+02:00
295959982,de:12065:900200008:1:51,0.0,2026-10-02T01:01:04.695736+02:00
295959982,de:12065:900200009:1:51,-0.7,2026-10-02T01:01:04.695736+02:00
295959982,de:12065:900200011:1:51,-0.3,2026-10-02T01:01:04.695736+02:00
295959982,de:12065:900200012:1:51,-0.8,2026-10-02T01:01:04.695736+02:00
295959982,de:12065:900200013:1:50,-0.4,2026-10-02T01:01:04.695736+02:00
295959982,de:11000:900142001:1:51,-0.7,2026-10-02T01:01:04.695736+02:00
295959982,de:11000:900130001:1:51,-0.2,2026-10-02T01:01:04.695736+02:00
295959982,de:11000:900130002:1:51,-0.7,2026-10-02T01:01:04.695736+02:00
295959982,de:11000:900110011:1:51,-0.2,2026-10-02T01:01:04.695736+02:00
295959982,de:11000:900110001:1:50,-0.2,2026-10-02T01:01:04.695736+02:00
295959982,de:11000:900110002:1:50,-0.9,2026-10-02T01:01:04.695736+02:00
295959982,de:11000:900110003:1:50,-0.9,2026-10-02T01:01:04.695736+02:00
295959982,de:11000:900110004:1:50,-0.3,2026-10-02T01:01:04.695736+02:00
295959982,de:11000:900110012:1:50,-0.2,2026-10-02T01:01:04.695736+02:00
295959982,de:11000:900120001:1:50,-0.2,2026-10-02T01:01:04.695736+02:00
295959982,de:11000:900120003:5:58,-0.6,2026-10-02T01:01:04.695736+02:00
295959982,de:11000:900190001:1:50,-0.1,2026-10-02T01:01:04.695736+02:00
295959982,de:11000:900191002:1:50,0.0,2026-10-02T01:01:04.695736+02:00
295959982,de:11000:900191001:2:52,-0.4,2026-10-02T01:01:04.695736+02:00
295959982,de:11000:900192001:2:52,-0.2,2026-10-02T01:01:04.695736+02:00
295959982,de:11000:900193001:1:50,-0.7,2026-10-02T01:01:04.695736+02:00
295959982,de:11000:900193002:1:50,-0.3,2026-10-02T01:01:04.695736+02:00
295959982,de:11000:900186001:1:50,-0.3,2026-10-02T01:01:04.695736+02:00
295959982,de:12061:900260004:1:50,-0.7,2026-10-02T01:01:04.695736+02:00
295959982,de:12061:900260003:1:50,-0.9,2026-10-02T01:01:04.695736+02:00
295959982,de:12061:900260002:1:50,-0.9,2026-10-02T01:01:04.695736+02:00
295960128,de:11000:900186001:2:53,0.0,2026-10-02T01:01:04.695736+02:00
295960128,de:11000:900193002:1:51,-0.2,2026-10-02T01:01:04.695736+02:00
295960128,de:11000:900193001:2:51,-0.8,2026-10-02T01:01:04.695736+02:00
295960128,de:11000:900192001:3:55,-0.7,2026-10-02T01:01:04.695736+02:00
295960128,de:11000:900191001:1:50,-0.4,2026-10-02T01:01:04.695736+02:00
295960128,de:11000:900191002:1:51,-0.8,2026-10-02T01:01:04.695736+02:00
295960128,de:11000:900190001:2:53,-0.6,2026-10-02T01:01:04.695736+02:00
295960128,de:11000:900120003:5:59,0.0,2026-10-02T01:01:04.695736+02:00
295960128,de:11000:900120001:1:51,-0.6,2026-10-02T01:01:04.695736+02:00
295960128,de:11000:900110012:1:51,-0.8,2026-10-02T01:01:04.695736+02:00
295960128,de:11000:900110004:1:51,-0.7,2026-10-02T01:01:04.695736+02:00
295960128,de:11000:900110003:1:51,0.0,2026-10-02T01:01:04.695736+02:00
295960128,de:11000:900110002:1:51,0.0,2026-10-02T01:01:04.695736+02:00
295960128,de:11000:900110001:1:51,-0.7,2026-10-02T01:01:04.695736+02:00
295960128,de:11000:900110011:2:52,-0.4,2026-10-02T01:01:04.695736+02:00
295960128,de:11000:900130002:1:50,0.0,2026-10-02T01:01:04.695736+02:00
295960128,de:11000:900130001:1:50,-0.7,2026-10-02T01:01:04.695736+02:00
295960128,de:11000:900142001:1:50,-0.2,2026-10-02T01:01:04.695736+02:00
295960128,de:12065:900200013:1:50,-0.3,2026-10-02T01:01:04.695736+02:00
295960128,de:12065:900200012:1:50,-0.9,2026-10-02T01:01:04.695736+02:00
295960128,de:12065:900200011:1:50,-0.4,2026-10-02T01:01:04.695736+02:00
295960128,de:12065:900200009:1:50,-0.9,2026-10-02T01:01:04.695736+02:00
295960128,de:12065:900200008:1:50,-0.9,2026-10-02T01:01:04.695736+02:00
295963629,de:11000:900192001:2:53,0.0,2026-10-02T01:01:04.695736+02:00
295963629,de:11000:900193001:1:50,-0.7,2026-10-02T01:01:04.695736+02:00
295963629,de:11000:900193002:1:50,-0.3,2026-10-02T01:01:04.695736+02:00
295963629,de:11000:900195510:1:51,-0.7,2026-10-02T01:01:04.695736+02:00
295963629,de:11000:900196001:1:50,-0.9,2026-10-02T01:01:04.695736+02:00
295963629,de:12061:900260005:3:54,-0.7,2026-10-02T01:01:04.695736+02:00
295963629,de:12061:900260080:1:50,0.0,2026-10-02T01:01:04.695736+02:00
295963629,de:12061:900260009:3:56,-0.2,2026-10-02T01:01:04.695736+02:00
307434543,de:12052:900470000:2:52,0.0,2026-10-02T01:01:04.695736+02:00
307434543,de:12071:900445884:1:50,0.0,2026-10-02T01:01:04.695736+02:00
307434543,de:12066:900435884:1:50,0.0,2026-10-02T01:01:04.695736+02:00
307434543,de:12066:900435697:1:50,0.0,2026-10-02T01:01:04.695736+02:00
307434543,de:12066:900435602:1:50,0.0,2026-10-02T01:01:04.695736+02:00
307434543,de:12061:900261512:1:50,0.0,2026-10-02T01:01:04.695736+02:00
307434543,de:12061:900260019:1:50,0.0,2026-10-02T01:01:04.695736+02:00
307434543,de:12061:900260611:2:51,0.0,2026-10-02T01:01:04.695736+02:00
307435172,de:11000:900192001:1:50,0.0,2026-10-02T01:01:04.695736+02:00
307435172,de:12061:900260005:2:52,0.0,2026-10-02T01:01:04.695736+02:00
307332653,de:11000:900029101:1:51,0.0,2026-10-02T01:01:04.695736+02:00
307332653,de:11000:900030202:1:50,-0.3,2026-10-02T01:01:04.695736+02:00
307332653,de:11000:900025424:1:51,-0.2,2026-10-02T01:01:04.695736+02:00
307332653,de:11000:900025321:1:51,-0.2,2026-10-02T01:01:04.695736+02:00
307332653,de:11000:900026105:1:50,-0.4,2026-10-02T01:01:04.695736+02:00
307332653,de:11000:900025423:1:50,-0.7,2026-10-02T01:01:04.695736+02:00
307332653,de:11000:900024102:2:53,-0.7,2026-10-02T01:01:04.695736+02:00
307332653,de:11000:900024101:3:55,-0.3,2026-10-02T01:01:04.695736+02:00
307332653,de:11000:900024203:1:51,-0.8,2026-10-02T01:01:04.695736+02:00
307332653,de:11000:900023201:3:54,-0.7,2026-10-02T01:01:04.695736+02:00
307332653,de:11000:900003103:1:50,-0.8,2026-10-02T01:01:04.695736+02:00
307332653,de:11000:900003102:1:50,-0.9,2026-10-02T01:01:04.695736+02:00
307332653,de:11000:900003201:3:54,-0.5,2026-10-02T01:01:04.695736+02:00
307332653,de:11000:900100001:3:54,-0.1,2026-10-02T01:01:04.695736+02:00
307332653,de:11000:900100002:1:50,-0.4,2026-10-02T01:01:04.695736+02:00
307332653,de:11000:900100003:2:52,-0.1,2026-10-02T01:01:04.695736+02:00
307332653,de:11000:900100004:1:50,-0.4,2026-10-02T01:01:04.695736+02:00
307332653,de:11000:900120005:4:56,-0.6,2026-10-02T01:01:04.695736+02:00
307332653,de:11000:900120004:1:51,-0.1,2026-10-02T01:01:04.695736+02:00
307332653,de:11000:900190001:1:51,-0.2,2026-10-02T01:01:04.695736+02:00
307332653,de:11000:900191002:1:50,0.0,2026-10-02T01:01:04.695736+02:00
307332653,de:11000:900191001:2:52,-0.4,2026-10-02T01:01:04.695736+02:00
307332653,de:11000:900192001:2:52,-0.7,2026-10-02T01:01:04.695736+02:00
307332653,de:11000:900193001:1:50,-0.2,2026-10-02T01:01:04.695736+02:00
307332653,de:11000:900193002:1:50,-0.8,2026-10-02T01:01:04.695736+02:00
307332653,de:11000:900195510:1:51,-0.2,2026-10-02T01:01:04.695736+02:00
307332653,de:11000:900196001:1:50,-0.4,2026-10-02T01:01:04.695736+02:00
307332653,de:12061:900260005:3:54,-0.2,2026-10-02T01:01:04.695736+02:00
307332653,de:12061:900260080:1:50,-0.7,2026-10-02T01:01:04.695736+02:00
307332653,de:12061:900260009:3:55,-0.9,2026-10-02T01:01:04.695736+02:00
306050661,de:12067:900310013::2,0.0,2026-10-02T01:01:04.695736+02:00
306050661,de:12067:900310572::1,0.0,2026-10-02T01:01:04.695736+02:00
306050661,de:11000:900310550::1,0.0,2026-10-02T01:01:04.695736+02:00
306050661,de:12067:900310534::1,0.0,2026-10-02T01:01:04.695736+02:00
306050661,de:12067:900310533::2,0.0,2026-10-02T01:01:04.695736+02:00
306050661,de:12067:900310532::2,0.0,2026-10-02T01:01:04.695736+02:00
306050661,de:12067:900310531::2,0.0,2026-10-02T01:01:04.695736+02:00
306050661,de:12067:900310530::2,0.0,2026-10-02T01:01:04.695736+02:00
306050661,de:12064:900320254::2,0.0,2026-10-02T01:01:04.695736+02:00
306050661,de:12064:900320246::4,0.0,2026-10-02T01:01:04.695736+02:00
306050661,de:12064:900320252::3,0.0,2026-10-02T01:01:04.695736+02:00
306050661,de:12064:900320283::2,0.0,2026-10-02T01:01:04.695736+02:00
306050661,de:12064:900320249::4,0.0,2026-10-02T01:01:04.695736+02:00
306050661,de:12064:900320242::2,0.0,2026-10-02T01:01:04.695736+02:00
306050661,de:12064:900320264::2,0.0,2026-10-02T01:01:04.695736+02:00
306050661,de:12064:900320263::2,0.0,2026-10-02T01:01:04.695736+02:00
306050661,de:12064:900320262::2,0.0,2026-10-02T01:01:04.695736+02:00
306050661,de:12064:900320275::2,0.0,2026-10-02T01:01:04.695736+02:00
306050661,de:12064:900320274::1,0.0,2026-10-02T01:01:04.695736+02:00
306050661,de:12064:900320282::2,0.0,2026-10-02T01:01:04.695736+02:00
306050661,de:12064:900320273::2,0.0,2026-10-02T01:01:04.695736+02:00
306050661,de:12064:900320659::2,0.0,2026-10-02T01:01:04.695736+02:00
306050661,de:12064:900320960::2,0.0,2026-10-02T01:01:04.695736+02:00
306050661,de:12064:900320998::2,0.0,2026-10-02T01:01:04.695736+02:00
306050661,de:12064:900320999::2,0.0,2026-10-02T01:01:04.695736+02:00
306050661,de:12064:900320562::2,0.0,2026-10-02T01:01:04.695736+02:00
306050661,de:12064:900320561::2,0.0,2026-10-02T01:01:04.695736+02:00
306050661,de:12064:900320004::4,0.0,2026-10-02T01:01:04.695736+02:00
306896126,de:12067:900311043::1,0.0,2026-10-02T01:01:04.695736+02:00
306896126,de:12067:900311042::2,0.0,2026-10-02T01:01:04.695736+02:00
306896126,de:12067:900310953::2,0.0,2026-10-02T01:01:04.695736+02:00
306896126,de:12067:900310954::2,0.0,2026-10-02T01:01:04.695736+02:00
306896126,de:12067:900310956::2,0.0,2026-10-02T01:01:04.695736+02:00
306896126,de:12067:900310951::2,0.0,2026-10-02T01:01:04.695736+02:00
306896126,de:12067:900310955::2,0.0,2026-10-02T01:01:04.695736+02:00
306896126,de:12067:900310568::2,0.0,2026-10-02T01:01:04.695736+02:00
306896126,de:12067:900310556::2,0.0,2026-10-02T01:01:04.695736+02:00
306896126,de:12067:900310558::4,0.0,2026-10-02T01:01:04.695736+02:00
306896126,de:12067:900310559::2,0.0,2026-10-02T01:01:04.695736+02:00
306896126,de:12067:900310563::4,0.0,2026-10-02T01:01:04.695736+02:00
306896126,de:12067:900310013::7,0.0,2026-10-02T01:01:04.695736+02:00
306896321,de:12067:900310846::2,0.0,2026-10-02T01:01:04.695736+02:00
306896321,de:12067:900310854::2,0.0,2026-10-02T01:01:04.695736+02:00
306896321,de:12067:900310857::2,0.0,2026-10-02T01:01:04.695736+02:00
306896321,de:12067:900310853::1,0.0,2026-10-02T01:01:04.695736+02:00
306896321,de:12067:900310845::1,0.0,2026-10-02T01:01:04.695736+02:00
306896321,de:12067:900310855::2,0.0,2026-10-02T01:01:04.695736+02:00
306896321,de:12067:900310844::2,0.0,2026-10-02T01:01:04.695736+02:00
306896321,de:12067:900310856::1,0.0,2026-10-02T01:01:04.695736+02:00
306896321,de:12067:900310849::2,0.0,2026-10-02T01:01:04.695736+02:00
306896321,de:12067:900310851::2,0.0,2026-10-02T01:01:04.695736+02:00
306896321,de:12067:900310850::2,0.0,2026-10-02T01:01:04.695736+02:00
306896321,de:12067:900310852::2,0.0,2026-10-02T01:01:04.695736+02:00
306896321,de:12067:900310555::2,0.0,2026-10-02T01:01:04.695736+02:00
306896321,de:12067:900310557::2,0.0,2026-10-02T01:01:04.695736+02:00
306896321,de:12067:900310563::3,0.0,2026-10-02T01:01:04.695736+02:00
306896321,de:12067:900310563::4,0.0,2026-10-02T01:01:04.695736+02:00
306896321,de:12067:900310013::7,0.0,2026-10-02T01:01:04.695736+02:00
306896540,de:12067:900310081::1,0.0,2026-10-02T01:01:04.695736+02:00
306896540,de:12067:900310080::2,0.0,2026-10-02T01:01:04.695736+02:00
306896540,de:12067:900310050::1,0.0,2026-10-02T01:01:04.695736+02:00
306896540,de:12067:900310080::1,0.0,2026-10-02T01:01:04.695736+02:00
306896540,de:12067:900310710::1,0.0,2026-10-02T01:01:04.695736+02:00
306896540,de:12067:900310708::1,0.0,2026-10-02T01:01:04.695736+02:00
306896540,de:12067:900310710::2,0.0,2026-10-02T01:01:04.695736+02:00
306896540,de:12067:900310709::2,0.0,2026-10-02T01:01:04.695736+02:00
306896540,de:12067:900310869::1,0.0,2026-10-02T01:01:04.695736+02:00
306896540,de:12067:900310870::2,0.0,2026-10-02T01:01:04.695736+02:00
306896540,de:12067:900310872::2,0.0,2026-10-02T01:01:04.695736+02:00
306896540,de:12067:900311066::1,0.0,2026-10-02T01:01:04.695736+02:00
306896540,de:12067:900311067::1,0.0,2026-10-02T01:01:04.695736+02:00
306896540,de:12067:900310871::2,0.0,2026-10-02T01:01:04.695736+02:00
306896540,de:12067:900311046::2,0.0,2026-10-02T01:01:04.695736+02:00
306896540,de:12067:900310632::1,0.0,2026-10-02T01:01:04.695736+02:00
306896540,de:12067:900310753::1,0.0,2026-10-02T01:01:04.695736+02:00
306896540,de:12067:900310752::1,0.0,2026-10-02T01:01:04.695736+02:00
306896540,de:12067:900310752::2,0.0,2026-10-02T01:01:04.695736+02:00
306896540,de:12067:900310753::2,0.0,2026-10-02T01:01:04.695736+02:00
306896540,de:12067:900310632::2,0.0,2026-10-02T01:01:04.695736+02:00
306896540,de:12067:900310633::2,0.0,2026-10-02T01:01:04.695736+02:00
306896540,de:12067:900311047::2,0.0,2026-10-02T01:01:04.695736+02:00
306896540,de:12067:900311044::2,0.0,2026-10-02T01:01:04.695736+02:00
306896540,de:12067:900311108::2,0.0,2026-10-02T01:01:04.695736+02:00
306896540,de:12067:900310746::1,0.0,2026-10-02T01:01:04.695736+02:00
306896540,de:12067:900310960::2,0.0,2026-10-02T01:01:04.695736+02:00
306896540,de:12067:900310961::2,0.0,2026-10-02T01:01:04.695736+02:00
306896540,de:12067:900311083::2,0.0,2026-10-02T01:01:04.695736+02:00
306896540,de:12067:900310814::2,0.0,2026-10-02T01:01:04.695736+02:00
306896540,de:12067:900310804::2,0.0,2026-10-02T01:01:04.695736+02:00
306896540,de:12067:900311150::2,0.0,2026-10-02T01:01:04.695736+02:00
306896540,de:12067:900311135::2,0.0,2026-10-02T01:01:04.695736+02:00
306896540,de:12067:900311149::2,0.0,2026-10-02T01:01:04.695736+02:00
306896540,de:12067:900310001::11,0.0,2026-10-02T01:01:04.695736+02:00
306896595,de:12067:900310009::1,0.0,2026-10-02T01:01:04.695736+02:00
306896595,de:12067:900310007::2,0.0,2026-10-02T01:01:04.695736+02:00
306896595,de:12067:900310876::2,0.0,2026-10-02T01:01:04.695736+02:00
306896595,de:12067:900310971::2,0.0,2026-10-02T01:01:04.695736+02:00
306896595,de:12067:900311019::1,0.0,2026-10-02T01:01:04.695736+02:00
306896595,de:12067:900310971::1,0.0,2026-10-02T01:01:04.695736+02:00
306896595,de:12067:900310969::2,0.0,2026-10-02T01:01:04.695736+02:00
306896595,de:12067:900310973::1,0.0,2026-10-02T01:01:04.695736+02:00
306896595,de:12067:900310745::1,0.0,2026-10-02T01:01:04.695736+02:00
306896595,de:12067:900311086::0,0.0,2026-10-02T01:01:04.695736+02:00
306896595,de:12067:900310947::2,0.0,2026-10-02T01:01:04.695736+02:00
306896595,de:12067:900310704::1,0.0,2026-10-02T01:01:04.695736+02:00
306896595,de:12067:900310705::2,0.0,2026-10-02T01:01:04.695736+02:00
306896595,de:12067:900310706::1,0.0,2026-10-02T01:01:04.695736+02:00
306896595,de:12067:900311089::1,0.0,2026-10-02T01:01:04.695736+02:00
306896595,de:12067:900311088::1,0.0,2026-10-02T01:01:04.695736+02:00
306896595,de:12067:900311090::2,0.0,2026-10-02T01:01:04.695736+02:00
306896595,de:12067:900310762::2,0.0,2026-10-02T01:01:04.695736+02:00
306896595,de:12067:900310763::2,0.0,2026-10-02T01:01:04.695736+02:00
306896595,de:12067:900310761::2,-0.5,2026-10-02T01:01:04.695736+02:00
306896595,de:12067:900310754::2,0.0,2026-10-02T01:01:04.695736+02:00
306896595,de:12067:900310005::2,0.0,2026-10-02T01:01:04.695736+02:00
306896595,de:12067:900310733::2,0.0,2026-10-02T01:01:04.695736+02:00
306896595,de:12067:900310734::2,0.0,2026-10-02T01:01:04.695736+02:00
306896595,de:12067:900310824::2,0.0,2026-10-02T01:01:04.695736+02:00
306896595,de:12067:900310782::2,0.0,2026-10-02T01:01:04.695736+02:00
306896595,de:12067:900311109::2,0.0,2026-10-02T01:01:04.695736+02:00
306896595,de:12067:900310773::2,0.0,2026-10-02T01:01:04.695736+02:00
306896595,de:12067:900310797::2,0.0,2026-10-02T01:01:04.695736+02:00
306896595,de:12067:900310789::2,0.0,2026-10-02T01:01:04.695736+02:00
306896595,de:12067:900310781::2,0.0,2026-10-02T01:01:04.695736+02:00
306896595,de:12067:900310627::2,0.0,2026-10-02T01:01:04.695736+02:00
306896595,de:12067:900310816::2,0.0,2026-10-02T01:01:04.695736+02:00
306896595,de:12067:900310022::1,0.0,2026-10-02T01:01:04.695736+02:00
306896595,de:12067:900310001::11,0.0,2026-10-02T01:01:04.695736+02:00
306897169,de:12067:900311513::1,0.0,2026-10-02T01:01:04.695736+02:00
306897169,de:12067:900311510::1,0.0,2026-10-02T01:01:04.695736+02:00
306897169,de:12067:900311512::1,0.0,2026-10-02T01:01:04.695736+02:00
306897169,de:12067:900311563::1,0.0,2026-10-02T01:01:04.695736+02:00
306897169,de:12067:900311520::1,0.0,2026-10-02T01:01:04.695736+02:00
306897169,de:12067:900311221::2,0.0,2026-10-02T01:01:04.695736+02:00
306897169,de:12067:900310070::2,0.0,2026-10-02T01:01:04.695736+02:00
306897169,de:12067:900310901::2,0.0,2026-10-02T01:01:04.695736+02:00
306897169,de:12067:900311471::2,0.0,2026-10-02T01:01:04.695736+02:00
306897169,de:12067:900311472::1,0.0,2026-10-02T01:01:04.695736+02:00
306897169,de:12067:900311513::2,0.0,2026-10-02T01:01:04.695736+02:00
307436046,de:12066:900435000:2:53,0.0,2026-10-02T01:01:04.695736+02:00
307436046,de:12066:900435001:2:51,0.0,2026-10-02T01:01:04.695736+02:00
307436046,de:12066:900435339:1:50,0.0,2026-10-02T01:01:04.695736+02:00
307436046,de:12066:900435209:1:50,0.0,2026-10-02T01:01:04.695736+02:00
307436046,de:12066:900435818:1:50,0.0,2026-10-02T01:01:04.695736+02:00
307436046,de:12066:900435459:1:50,0.0,2026-10-02T01:01:04.695736+02:00
307436046,de:12066:900435602:2:51,0.0,2026-10-02T01:01:04.695736+02:00
307436046,de:12061:900261512:2:52,0.0,2026-10-02T01:01:04.695736+02:00
307435213,de:12061:900260611:1:50,0.0,2026-10-02T01:01:04.695736+02:00
307435213,de:12061:900260019:1:50,0.0,2026-10-02T01:01:04.695736+02:00
307435213,de:12061:900261512:2:51,0.0,2026-10-02T01:01:04.695736+02:00
307435213,de:12066:900435602:2:51,0.0,2026-10-02T01:01:04.695736+02:00
307435213,de:12066:900435697:1:50,0.0,2026-10-02T01:01:04.695736+02:00
307435213,de:12066:900435884:1:50,0.0,2026-10-02T01:01:04.695736+02:00
307435213,de:12071:900445956:1:50,0.0,2026-10-02T01:01:04.695736+02:00
307435213,de:12071:900445884:1:50,0.0,2026-10-02T01:01:04.695736+02:00
307435213,de:12052:900470000:2:52,0.0,2026-10-02T01:01:04.695736+02:00
306897028,de:12067:900311330::2,0.0,2026-10-02T01:01:04.695736+02:00
306897028,de:12067:900311328::1,0.0,2026-10-02T01:01:04.695736+02:00
306897028,de:12067:900311300::2,0.0,2026-10-02T01:01:04.695736+02:00
306897028,de:12067:900311356::2,0.0,2026-10-02T01:01:04.695736+02:00
306897028,de:12067:900311311::2,0.0,2026-10-02T01:01:04.695736+02:00
306897028,de:12067:900311312::2,0.0,2026-10-02T01:01:04.695736+02:00
306897028,de:12067:900311383::6,0.0,2026-10-02T01:01:04.695736+02:00
306895353,de:12067:900311039::1,0.0,2026-10-02T01:01:04.695736+02:00
306895353,de:12067:900311031::2,0.0,2026-10-02T01:01:04.695736+02:00
306895353,de:12067:900311040::2,0.0,2026-10-02T01:01:04.695736+02:00
306895353,de:12067:900311038::2,0.0,2026-10-02T01:01:04.695736+02:00
306895353,de:12067:900311041::2,0.0,2026-10-02T01:01:04.695736+02:00
306895353,de:12067:900311032::2,0.0,2026-10-02T01:01:04.695736+02:00
306895353,de:12067:900311011::1,0.0,2026-10-02T01:01:04.695736+02:00
306895353,de:12067:900311001::1,0.0,2026-10-02T01:01:04.695736+02:00
306895353,de:12067:900310945::2,0.0,2026-10-02T01:01:04.695736+02:00
306895353,de:12067:900311059::1,0.0,2026-10-02T01:01:04.695736+02:00
306895353,de:12067:900311110::3,0.0,2026-10-02T01:01:04.695736+02:00
306895353,de:12067:900311058::1,0.0,2026-10-02T01:01:04.695736+02:00
306895353,de:12067:900310611::2,0.0,2026-10-02T01:01:04.695736+02:00
307420243,de:11000:900120003:6:60,0.0,2026-10-02T01:01:04.695736+02:00
307420243,de:11000:900160004:2:52,0.0,2026-10-02T01:01:04.695736+02:00
307420243,de:11000:900152001:2:52,0.0,2026-10-02T01:01:04.695736+02:00
307420243,de:12065:900200005:1:1,0.0,2026-10-02T01:01:04.695736+02:00
307420243,de:12065:900200041:1:50,0.0,2026-10-02T01:01:04.695736+02:00
307420243,de:12065:900200043:1:50,0.0,2026-10-02T01:01:04.695736+02:00
307420243,de:12065:900203961:1:50,0.0,2026-10-02T01:01:04.695736+02:00
307420243,de:12065:900203780:1:50,0.0,2026-10-02T01:01:04.695736+02:00
307420243,de:12065:900203942:1:50,0.0,2026-10-02T01:01:04.695736+02:00
307420243,de:12065:900203853:1:50,0.0,2026-10-02T01:01:04.695736+02:00
307420243,de:12065:900203898:1:50,0.0,2026-10-02T01:01:04.695736+02:00
307420243,de:12065:900203956:1:50,0.0,2026-10-02T01:01:04.695736+02:00
307420243,de:12073:900340353:1:50,0.0,2026-10-02T01:01:04.695736+02:00
307420243,de:12073:900340026:1:50,0.0,2026-10-02T01:01:04.695736+02:00
307420243,de:12073:900340027:1:50,0.0,2026-10-02T01:01:04.695736+02:00
306895184,de:12067:900311129::1,0.0,2026-10-02T01:01:04.695736+02:00
306895184,de:12067:900310755::1,0.0,2026-10-02T01:01:04.695736+02:00
306895184,de:12067:900310738::1,0.0,2026-10-02T01:01:04.695736+02:00
306895184,de:12067:900310725::1,0.0,2026-10-02T01:01:04.695736+02:00
306895184,de:12067:900310909::1,0.0,2026-10-02T01:01:04.695736+02:00
306895184,de:12067:900310609::1,0.0,2026-10-02T01:01:04.695736+02:00
306895184,de:12067:900310060::2,0.0,2026-10-02T01:01:04.695736+02:00
306895184,de:12067:900310858::3,0.0,2026-10-02T01:01:04.695736+02:00
306895184,de:12067:900311269::2,0.0,2026-10-02T01:01:04.695736+02:00
306895184,de:12067:900311228::2,0.0,2026-10-02T01:01:04.695736+02:00
306895184,de:12067:900311239::2,0.0,2026-10-02T01:01:04.695736+02:00
306895184,de:12067:900311227::1,0.0,2026-10-02T01:01:04.695736+02:00
306895184,de:12067:900311402::1,0.0,2026-10-02T01:01:04.695736+02:00
306895184,de:12067:900311311::2,0.0,2026-10-02T01:01:04.695736+02:00
306895184,de:12067:900311312::2,0.0,2026-10-02T01:01:04.695736+02:00
306895184,de:12067:900311383::3,0.0,2026-10-02T01:01:04.695736+02:00
306895184,de:12067:900311315::2,0.0,2026-10-02T01:01:04.695736+02:00
306895184,de:12067:900311348::2,0.0,2026-10-02T01:01:04.695736+02:00
306895184,de:12067:900311308::4,0.0,2026-10-02T01:01:04.695736+02:00
306895192,de:12067:900311129::1,0.0,2026-10-02T01:01:04.695736+02:00
306895192,de:12067:900310755::1,0.0,2026-10-02T01:01:04.695736+02:00
306895192,de:12067:900310738::1,0.0,2026-10-02T01:01:04.695736+02:00
306895192,de:12067:900310725::1,0.0,2026-10-02T01:01:04.695736+02:00
306895192,de:12067:900310909::1,0.0,2026-10-02T01:01:04.695736+02:00
306895192,de:12067:900310609::1,0.0,2026-10-02T01:01:04.695736+02:00
306895192,de:12067:900310060::2,0.0,2026-10-02T01:01:04.695736+02:00
306895192,de:12067:900310858::3,0.0,2026-10-02T01:01:04.695736+02:00
306895192,de:12067:900311269::2,0.0,2026-10-02T01:01:04.695736+02:00
306895192,de:12067:900311228::2,0.0,2026-10-02T01:01:04.695736+02:00
306895192,de:12067:900311239::2,0.0,2026-10-02T01:01:04.695736+02:00
306895192,de:12067:900311227::1,0.0,2026-10-02T01:01:04.695736+02:00
306895192,de:12067:900311402::1,0.0,2026-10-02T01:01:04.695736+02:00
306895192,de:12067:900311311::2,0.0,2026-10-02T01:01:04.695736+02:00
306895192,de:12067:900311312::2,0.0,2026-10-02T01:01:04.695736+02:00
306895192,de:12067:900311383::3,0.0,2026-10-02T01:01:04.695736+02:00
306895192,de:12067:900311315::2,0.0,2026-10-02T01:01:04.695736+02:00
306895192,de:12067:900311348::2,0.0,2026-10-02T01:01:04.695736+02:00
306895192,de:12067:900311308::4,0.0,2026-10-02T01:01:04.695736+02:00
306895221,de:12067:900311308::5,0.0,2026-10-02T01:01:04.695736+02:00
306895221,de:12067:900311380::1,0.0,2026-10-02T01:01:04.695736+02:00
306895221,de:12067:900311348::1,0.0,2026-10-02T01:01:04.695736+02:00
306895221,de:12067:900311315::1,0.0,2026-10-02T01:01:04.695736+02:00
306895221,de:12067:900311383::3,0.0,2026-10-02T01:01:04.695736+02:00
306895221,de:12067:900311312::1,0.0,2026-10-02T01:01:04.695736+02:00
306895221,de:12067:900311311::1,0.0,2026-10-02T01:01:04.695736+02:00
306895221,de:12067:900311402::2,0.0,2026-10-02T01:01:04.695736+02:00
306895221,de:12067:900311227::2,0.0,2026-10-02T01:01:04.695736+02:00
306895221,de:12067:900311239::1,0.0,2026-10-02T01:01:04.695736+02:00
306895221,de:12067:900311228::1,0.0,2026-10-02T01:01:04.695736+02:00
306895221,de:12067:900311269::1,0.0,2026-10-02T01:01:04.695736+02:00
306895221,de:12067:900310858::1,0.0,2026-10-02T01:01:04.695736+02:00
306895221,de:12067:900310060::1,0.0,2026-10-02T01:01:04.695736+02:00
306895221,de:12067:900310609::1,0.0,2026-10-02T01:01:04.695736+02:00
306895221,de:12067:900310909::1,0.0,2026-10-02T01:01:04.695736+02:00
306895221,de:12067:900310725::2,0.0,2026-10-02T01:01:04.695736+02:00
306895221,de:12067:900310738::2,0.0,2026-10-02T01:01:04.695736+02:00
306895221,de:12067:900310639::1,0.0,2026-10-02T01:01:04.695736+02:00
306895221,de:12067:900310626::1,0.0,2026-10-02T01:01:04.695736+02:00
306895221,de:12067:900311129::6,0.0,2026-10-02T01:01:04.695736+02:00
306895298,de:12061:900261462::1,0.0,2026-10-02T01:01:04.695736+02:00
306895298,de:12061:900261465::2,0.0,2026-10-02T01:01:04.695736+02:00
306895298,de:12061:900261420::2,0.0,2026-10-02T01:01:04.695736+02:00
306895298,de:12061:900261207::2,0.0,2026-10-02T01:01:04.695736+02:00
306895298,de:12061:900261208::2,0.0,2026-10-02T01:01:04.695736+02:00
306895298,de:12061:900261734::1,0.0,2026-10-02T01:01:04.695736+02:00
306895298,de:12067:900310934::2,0.0,2026-10-02T01:01:04.695736+02:00
306895298,de:12067:900311068::2,0.0,2026-10-02T01:01:04.695736+02:00
306895298,de:12067:900310625::1,0.0,2026-10-02T01:01:04.695736+02:00
306895298,de:12067:900311003::1,0.0,2026-10-02T01:01:04.695736+02:00
306895298,de:12067:900310744::1,0.0,2026-10-02T01:01:04.695736+02:00
306895298,de:12067:900310907::1,0.0,2026-10-02T01:01:04.695736+02:00
306895298,de:12061:900261694::1,0.0,2026-10-02T01:01:04.695736+02:00
306895298,de:12067:900311081::1,0.0,2026-10-02T01:01:04.695736+02:00
306895298,de:12067:900310907::2,0.0,2026-10-02T01:01:04.695736+02:00
306895298,de:12067:900310905::1,0.0,2026-10-02T01:01:04.695736+02:00
306895298,de:12067:900310906::2,0.0,2026-10-02T01:01:04.695736+02:00
306895298,de:12067:900310826::2,0.0,2026-10-02T01:01:04.695736+02:00
306895298,de:12067:900311065::1,0.0,2026-10-02T01:01:04.695736+02:00
306895298,de:12067:900311063::1,0.0,2026-10-02T01:01:04.695736+02:00
306895298,de:12067:900311062::1,0.0,2026-10-02T01:01:04.695736+02:00
306895298,de:12067:900310987::3,0.0,2026-10-02T01:01:04.695736+02:00
306895298,de:12067:900310984::1,0.0,2026-10-02T01:01:04.695736+02:00
306895298,de:12067:900310716::2,0.0,2026-10-02T01:01:04.695736+02:00
306895298,de:12067:900310942::2,0.0,2026-10-02T01:01:04.695736+02:00
306895298,de:12067:900310721::1,0.0,2026-10-02T01:01:04.695736+02:00
306895298,de:12067:900310755::2,0.0,2026-10-02T01:01:04.695736+02:00
306895298,de:12067:900310728::2,0.0,2026-10-02T01:01:04.695736+02:00
306895298,de:12067:900311129::6,0.0,2026-10-02T01:01:04.695736+02:00
306897080,de:12067:900310758::1,0.0,2026-10-02T01:01:04.695736+02:00
306897080,de:12067:900310012::2,0.0,2026-10-02T01:01:04.695736+02:00
306897080,de:12067:900311005::2,0.0,2026-10-02T01:01:04.695736+02:00
306897080,de:12067:900310834::1,0.0,2026-10-02T01:01:04.695736+02:00
307243245,de:12065:900200005:3:2,0.0,2026-10-02T01:01:04.695736+02:00
307243245,de:12065:900200006:1:51,-0.3,2026-10-02T01:01:04.695736+02:00
307243245,de:12065:900200007:1:51,-0.7,2026-10-02T01:01:04.695736+02:00
307243245,de:12065:900200008:1:51,-0.2,2026-10-02T01:01:04.695736+02:00
307243245,de:12065:900200009:1:51,-0.1,2026-10-02T01:01:04.695736+02:00
307243245,de:11000:900092201:1:51,-0.7,2026-10-02T01:01:04.695736+02:00
307243245,de:11000:900093201:1:51,-0.4,2026-10-02T01:01:04.695736+02:00
307243245,de:11000:900094101:1:51,-0.8,2026-10-02T01:01:04.695736+02:00
307243245,de:11000:900096101:1:51,-0.1,2026-10-02T01:01:04.695736+02:00
307243245,de:11000:900084101:1:51,-0.2,2026-10-02T01:01:04.695736+02:00
307243245,de:11000:900085201:1:51,-0.8,2026-10-02T01:01:04.695736+02:00
307243245,de:11000:900130003:1:51,-0.8,2026-10-02T01:01:04.695736+02:00
307243245,de:11000:900110011:1:50,-0.9,2026-10-02T01:01:04.695736+02:00
307243245,de:11000:900007102:1:50,-0.9,2026-10-02T01:01:04.695736+02:00
307243245,de:11000:900008101:1:50,0.0,2026-10-02T01:01:04.695736+02:00
307243245,de:11000:900007104:1:51,-0.7,2026-10-02T01:01:04.695736+02:00
307243245,de:11000:900100007:1:50,-0.7,2026-10-02T01:01:04.695736+02:00
307243245,de:11000:900100001:4:56,-0.5,2026-10-02T01:01:04.695736+02:00
307243245,de:11000:900100025:1:50,-0.4,2026-10-02T01:01:04.695736+02:00
307243245,de:11000:900100020:3:55,-0.4,2026-10-02T01:01:04.695736+02:00
307243245,de:11000:900012101:1:51,-0.5,2026-10-02T01:01:04.695736+02:00
307243245,de:11000:900057102:1:50,-0.7,2026-10-02T01:01:04.695736+02:00
307243245,de:11000:900057104:2:51,-0.4,2026-10-02T01:01:04.695736+02:00
307243245,de:11000:900054104:1:50,-0.3,2026-10-02T01:01:04.695736+02:00
307243245,de:11000:900060101:1:50,-0.3,2026-10-02T01:01:04.695736+02:00
307243245,de:11000:900063101:1:50,-0.1,2026-10-02T01:01:04.695736+02:00
307243245,de:11000:900062202:1:50,-0.1,2026-10-02T01:01:04.695736+02:00
307243245,de:11000:900066102:1:50,-0.2,2026-10-02T01:01:04.695736+02:00
307243245,de:11000:900066101:1:50,-0.1,2026-10-02T01:01:04.695736+02:00
307243245,de:11000:900049202:1:50,-0.3,2026-10-02T01:01:04.695736+02:00
307243245,de:11000:900049201:1:50,-0.4,2026-10-02T01:01:04.695736+02:00
307243245,de:11000:900050301:1:50,0.0,2026-10-02T01:01:04.695736+02:00
307243245,de:11000:900050355:1:50,-0.1,2026-10-02T01:01:04.695736+02:00
307243245,de:11000:900052201:1:50,-0.5,2026-10-02T01:01:04.695736+02:00
307243245,de:11000:900053301:1:51,-0.9,2026-10-02T01:01:04.695736+02:00
295879329,de:12065:900200005:3:1,0.0,2026-10-02T01:01:04.695736+02:00
295879329,de:12065:900200006:1:51,-0.3,2026-10-02T01:01:04.695736+02:00
295879329,de:12065:900200007:1:51,-0.7,2026-10-02T01:01:04.695736+02:00
295879329,de:12065:900200008:1:51,-0.2,2026-10-02T01:01:04.695736+02:00
295879329,de:12065:900200009:1:51,-0.1,2026-10-02T01:01:04.695736+02:00
295879329,de:11000:900092201:1:51,-0.7,2026-10-02T01:01:04.695736+02:00
295879329,de:11000:900093201:1:51,-0.4,2026-10-02T01:01:04.695736+02:00
295879329,de:11000:900094101:1:51,-0.8,2026-10-02T01:01:04.695736+02:00
295879329,de:11000:900096101:1:51,-0.1,2026-10-02T01:01:04.695736+02:00
295879329,de:11000:900084101:1:51,-0.2,2026-10-02T01:01:04.695736+02:00
295879329,de:11000:900085201:1:51,-0.8,2026-10-02T01:01:04.695736+02:00
295879329,de:11000:900130003:1:51,-0.8,2026-10-02T01:01:04.695736+02:00
295879329,de:11000:900110011:1:50,-0.9,2026-10-02T01:01:04.695736+02:00
295879329,de:11000:900007102:1:50,-0.9,2026-10-02T01:01:04.695736+02:00
295879329,de:11000:900008101:1:50,0.0,2026-10-02T01:01:04.695736+02:00
295879329,de:11000:900007104:1:51,-0.7,2026-10-02T01:01:04.695736+02:00
295879329,de:11000:900100007:1:50,-0.7,2026-10-02T01:01:04.695736+02:00
295879329,de:11000:900100001:4:56,-0.5,2026-10-02T01:01:04.695736+02:00
295879329,de:11000:900100025:1:50,-0.4,2026-10-02T01:01:04.695736+02:00
295879329,de:11000:900100020:3:54,-0.4,2026-10-02T01:01:04.695736+02:00
295879329,de:11000:900012101:1:51,-0.5,2026-10-02T01:01:04.695736+02:00
295879329,de:11000:900057102:1:50,-0.7,2026-10-02T01:01:04.695736+02:00
295879329,de:11000:900057104:2:51,-0.4,2026-10-02T01:01:04.695736+02:00
295879329,de:11000:900054104:1:50,-0.3,2026-10-02T01:01:04.695736+02:00
295879329,de:11000:900060101:1:50,-0.3,2026-10-02T01:01:04.695736+02:00
295879329,de:11000:900063101:1:50,-0.1,2026-10-02T01:01:04.695736+02:00
295879329,de:11000:900062202:1:50,-0.1,2026-10-02T01:01:04.695736+02:00
295879329,de:11000:900066102:1:50,-0.2,2026-10-02T01:01:04.695736+02:00
295879329,de:11000:900066101:1:50,-0.1,2026-10-02T01:01:04.695736+02:00
295879329,de:11000:900049202:1:50,-0.3,2026-10-02T01:01:04.695736+02:00
295879329,de:11000:900049201:1:50,-0.4,2026-10-02T01:01:04.695736+02:00
295879329,de:11000:900050301:1:50,0.0,2026-10-02T01:01:04.695736+02:00
295879329,de:11000:900050355:1:50,-0.1,2026-10-02T01:01:04.695736+02:00
295879329,de:11000:900052201:1:50,-0.5,2026-10-02T01:01:04.695736+02:00
295879329,de:11000:900053301:1:51,-0.9,2026-10-02T01:01:04.695736+02:00
295879427,de:11000:900053301:2:52,0.0,2026-10-02T01:01:04.695736+02:00
295879427,de:11000:900052201:1:51,0.0,2026-10-02T01:01:04.695736+02:00
295879427,de:11000:900050355:1:51,-0.3,2026-10-02T01:01:04.695736+02:00
295879427,de:11000:900050301:1:51,-0.4,2026-10-02T01:01:04.695736+02:00
295879427,de:11000:900049201:1:51,0.0,2026-10-02T01:01:04.695736+02:00
295879427,de:11000:900049202:1:51,0.0,2026-10-02T01:01:04.695736+02:00
295879427,de:11000:900066101:1:51,-0.3,2026-10-02T01:01:04.695736+02:00
295879427,de:11000:900066102:1:51,-0.2,2026-10-02T01:01:04.695736+02:00
295879427,de:11000:900062202:1:51,-0.2,2026-10-02T01:01:04.695736+02:00
295879427,de:11000:900063101:1:51,-0.2,2026-10-02T01:01:04.695736+02:00
295879427,de:11000:900060101:1:51,-0.9,2026-10-02T01:01:04.695736+02:00
295879427,de:11000:900054104:1:51,-0.9,2026-10-02T01:01:04.695736+02:00
295879427,de:11000:900057104:1:50,-0.4,2026-10-02T01:01:04.695736+02:00
295879427,de:11000:900057102:1:51,-0.1,2026-10-02T01:01:04.695736+02:00
295879427,de:11000:900012101:2:52,-0.9,2026-10-02T01:01:04.695736+02:00
295879427,de:11000:900100020:4:57,-0.3,2026-10-02T01:01:04.695736+02:00
295879427,de:11000:900100025:1:51,-0.4,2026-10-02T01:01:04.695736+02:00
295879427,de:11000:900100001:4:57,-0.1,2026-10-02T01:01:04.695736+02:00
295879427,de:11000:900100007:1:51,-0.2,2026-10-02T01:01:04.695736+02:00
295879427,de:11000:900007104:2:52,-0.2,2026-10-02T01:01:04.695736+02:00
295879427,de:11000:900008101:1:51,-0.9,2026-10-02T01:01:04.695736+02:00
295879427,de:11000:900007102:2:53,-0.6,2026-10-02T01:01:04.695736+02:00
295879427,de:11000:900110011:2:53,-0.9,2026-10-02T01:01:04.695736+02:00
295879427,de:11000:900085201:1:50,-0.9,2026-10-02T01:01:04.695736+02:00
295879427,de:11000:900084101:1:50,-0.7,2026-10-02T01:01:04.695736+02:00
295879427,de:11000:900096101:1:50,-0.8,2026-10-02T01:01:04.695736+02:00
295879427,de:11000:900094101:1:50,-0.1,2026-10-02T01:01:04.695736+02:00
295879427,de:11000:900093201:1:50,-0.4,2026-10-02T01:01:04.695736+02:00
295879427,de:11000:900092201:1:50,-0.2,2026-10-02T01:01:04.695736+02:00
295879427,de:12065:900200009:1:50,-0.7,2026-10-02T01:01:04.695736+02:00
295879427,de:12065:900200008:1:50,-0.7,2026-10-02T01:01:04.695736+02:00
295879427,de:12065:900200007:1:50,-0.2,2026-10-02T01:01:04.695736+02:00
295879427,de:12065:900200006:1:50,-0.5,2026-10-02T01:01:04.695736+02:00
295879427,de:12065:900200005:3:1,-0.9,2026-10-02T01:01:04.695736+02:00
295879419,de:11000:900053301:2:52,0.0,2026-10-02T01:01:04.695736+02:00
295879419,de:11000:900052201:1:51,0.0,2026-10-02T01:01:04.695736+02:00
295879419,de:11000:900050355:1:51,-0.3,2026-10-02T01:01:04.695736+02:00
295879419,de:11000:900050301:1:51,-0.4,2026-10-02T01:01:04.695736+02:00
295879419,de:11000:900049201:1:51,0.0,2026-10-02T01:01:04.695736+02:00
295879419,de:11000:900049202:1:51,0.0,2026-10-02T01:01:04.695736+02:00
295879419,de:11000:900066101:1:51,-0.3,2026-10-02T01:01:04.695736+02:00
295879419,de:11000:900066102:1:51,-0.2,2026-10-02T01:01:04.695736+02:00
295879419,de:11000:900062202:1:51,-0.2,2026-10-02T01:01:04.695736+02:00
295879419,de:11000:900063101:1:51,-0.2,2026-10-02T01:01:04.695736+02:00
295879419,de:11000:900060101:1:51,-0.9,2026-10-02T01:01:04.695736+02:00
295879419,de:11000:900054104:1:51,-0.9,2026-10-02T01:01:04.695736+02:00
295879419,de:11000:900057104:1:50,-0.4,2026-10-02T01:01:04.695736+02:00
295879419,de:11000:900057102:1:51,-0.1,2026-10-02T01:01:04.695736+02:00
295879419,de:11000:900012101:2:52,-0.9,2026-10-02T01:01:04.695736+02:00
295879419,de:11000:900100020:4:57,-0.3,2026-10-02T01:01:04.695736+02:00
295879419,de:11000:900100025:1:51,-0.4,2026-10-02T01:01:04.695736+02:00
295879419,de:11000:900100001:4:57,-0.1,2026-10-02T01:01:04.695736+02:00
295879419,de:11000:900100007:1:51,-0.2,2026-10-02T01:01:04.695736+02:00
295879419,de:11000:900007104:2:52,-0.2,2026-10-02T01:01:04.695736+02:00
295879419,de:11000:900008101:1:51,-0.9,2026-10-02T01:01:04.695736+02:00
295879419,de:11000:900007102:2:53,-0.6,2026-10-02T01:01:04.695736+02:00
295879419,de:11000:900110011:2:53,-0.9,2026-10-02T01:01:04.695736+02:00
295879419,de:11000:900085201:1:50,-0.9,2026-10-02T01:01:04.695736+02:00
295879419,de:11000:900084101:1:50,-0.7,2026-10-02T01:01:04.695736+02:00
295879419,de:11000:900096101:1:50,-0.8,2026-10-02T01:01:04.695736+02:00
295879419,de:11000:900094101:1:50,-0.1,2026-10-02T01:01:04.695736+02:00
295879419,de:11000:900093201:1:50,-0.4,2026-10-02T01:01:04.695736+02:00
295879419,de:11000:900092201:1:50,-0.2,2026-10-02T01:01:04.695736+02:00
295879419,de:12065:900200009:1:50,-0.7,2026-10-02T01:01:04.695736+02:00
295879419,de:12065:900200008:1:50,-0.7,2026-10-02T01:01:04.695736+02:00
295879419,de:12065:900200007:1:50,-0.2,2026-10-02T01:01:04.695736+02:00
295879419,de:12065:900200006:1:50,-0.5,2026-10-02T01:01:04.695736+02:00
295879419,de:12065:900200005:3:1,-0.9,2026-10-02T01:01:04.695736+02:00
295879415,de:11000:900053301:2:52,0.0,2026-10-02T01:01:04.695736+02:00
295879415,de:11000:900052201:1:51,0.0,2026-10-02T01:01:04.695736+02:00
295879415,de:11000:900050355:1:51,-0.3,2026-10-02T01:01:04.695736+02:00
295879415,de:11000:900050301:1:51,-0.4,2026-10-02T01:01:04.695736+02:00
295879415,de:11000:900049201:1:51,0.0,2026-10-02T01:01:04.695736+02:00
295879415,de:11000:900049202:1:51,0.0,2026-10-02T01:01:04.695736+02:00
295879415,de:11000:900066101:1:51,-0.3,2026-10-02T01:01:04.695736+02:00
295879415,de:11000:900066102:1:51,-0.2,2026-10-02T01:01:04.695736+02:00
295879415,de:11000:900062202:1:51,-0.2,2026-10-02T01:01:04.695736+02:00
295879415,de:11000:900063101:1:51,-0.2,2026-10-02T01:01:04.695736+02:00
295879415,de:11000:900060101:1:51,-0.9,2026-10-02T01:01:04.695736+02:00
295879415,de:11000:900054104:1:51,-0.9,2026-10-02T01:01:04.695736+02:00
295879415,de:11000:900057104:1:50,-0.4,2026-10-02T01:01:04.695736+02:00
295879415,de:11000:900057102:1:51,-0.1,2026-10-02T01:01:04.695736+02:00
295879415,de:11000:900012101:2:52,-0.9,2026-10-02T01:01:04.695736+02:00
295879415,de:11000:900100020:4:57,-0.3,2026-10-02T01:01:04.695736+02:00
295879415,de:11000:900100025:1:51,-0.4,2026-10-02T01:01:04.695736+02:00
295879415,de:11000:900100001:4:57,-0.1,2026-10-02T01:01:04.695736+02:00
295879415,de:11000:900100007:1:51,-0.2,2026-10-02T01:01:04.695736+02:00
295879415,de:11000:900007104:2:52,-0.2,2026-10-02T01:01:04.695736+02:00
295879415,de:11000:900008101:1:51,-0.9,2026-10-02T01:01:04.695736+02:00
295879415,de:11000:900007102:2:53,-0.6,2026-10-02T01:01:04.695736+02:00
295879415,de:11000:900110011:2:53,-0.9,2026-10-02T01:01:04.695736+02:00
295879415,de:11000:900085201:1:50,-0.9,2026-10-02T01:01:04.695736+02:00
295879415,de:11000:900084101:1:50,-0.7,2026-10-02T01:01:04.695736+02:00
295879415,de:11000:900096101:1:50,-0.8,2026-10-02T01:01:04.695736+02:00
295879415,de:11000:900094101:1:50,-0.1,2026-10-02T01:01:04.695736+02:00
295879415,de:11000:900093201:1:50,-0.4,2026-10-02T01:01:04.695736+02:00
295879415,de:11000:900092201:1:50,-0.2,2026-10-02T01:01:04.695736+02:00
295879415,de:12065:900200009:1:50,-0.7,2026-10-02T01:01:04.695736+02:00
295879415,de:12065:900200008:1:50,-0.7,2026-10-02T01:01:04.695736+02:00
295879415,de:12065:900200007:1:50,-0.2,2026-10-02T01:01:04.695736+02:00
295879415,de:12065:900200006:1:50,-0.5,2026-10-02T01:01:04.695736+02:00
295879415,de:12065:900200005:3:1,-0.9,2026-10-02T01:01:04.695736+02:00
295883540,de:11000:900053301:2:53,0.0,2026-10-02T01:01:04.695736+02:00
295883540,de:11000:900052201:1:51,0.0,2026-10-02T01:01:04.695736+02:00
295883540,de:11000:900050355:1:51,-0.3,2026-10-02T01:01:04.695736+02:00
295883540,de:11000:900050301:1:51,-0.4,2026-10-02T01:01:04.695736+02:00
295883540,de:11000:900049201:1:51,0.0,2026-10-02T01:01:04.695736+02:00
295883540,de:11000:900049202:1:51,0.0,2026-10-02T01:01:04.695736+02:00
295883540,de:11000:900066101:1:51,-0.3,2026-10-02T01:01:04.695736+02:00
295883540,de:11000:900066102:1:51,-0.2,2026-10-02T01:01:04.695736+02:00
295883540,de:11000:900062202:1:51,-0.2,2026-10-02T01:01:04.695736+02:00
295883540,de:11000:900063101:1:51,-0.2,2026-10-02T01:01:04.695736+02:00
295883540,de:11000:900060101:1:51,-0.9,2026-10-02T01:01:04.695736+02:00
295883540,de:11000:900054104:1:51,-0.9,2026-10-02T01:01:04.695736+02:00
295883540,de:11000:900057104:1:50,-0.4,2026-10-02T01:01:04.695736+02:00
295883540,de:11000:900057102:1:51,-0.1,2026-10-02T01:01:04.695736+02:00
295883540,de:11000:900012101:2:52,-0.8,2026-10-02T01:01:04.695736+02:00
295883540,de:11000:900100020:4:57,-0.9,2026-10-02T01:01:04.695736+02:00
295883521,de:11000:900049201:1:51,0.0,2026-10-02T01:01:04.695736+02:00
295883521,de:11000:900049202:1:51,0.0,2026-10-02T01:01:04.695736+02:00
295883521,de:11000:900066101:1:51,-0.3,2026-10-02T01:01:04.695736+02:00
295883521,de:11000:900066102:1:51,-0.2,2026-10-02T01:01:04.695736+02:00
295883521,de:11000:900062202:1:51,-0.2,2026-10-02T01:01:04.695736+02:00
295883521,de:11000:900063101:1:51,-0.2,2026-10-02T01:01:04.695736+02:00
295883521,de:11000:900060101:1:51,-0.9,2026-10-02T01:01:04.695736+02:00
295883521,de:11000:900054104:1:51,-0.9,2026-10-02T01:01:04.695736+02:00
295883521,de:11000:900057104:1:50,-0.4,2026-10-02T01:01:04.695736+02:00
295883521,de:11000:900057102:1:51,-0.1,2026-10-02T01:01:04.695736+02:00
295883521,de:11000:900012101:2:52,-0.8,2026-10-02T01:01:04.695736+02:00
295883521,de:11000:900100020:4:57,-0.9,2026-10-02T01:01:04.695736+02:00
307252173,de:11000:900007102:1:51,0.0,2026-10-02T01:01:04.695736+02:00
307252173,de:11000:900009104:1:51,-0.8,2026-10-02T01:01:04.695736+02:00
307252173,de:11000:900003200:5:58,-0.7,2026-10-02T01:01:04.695736+02:00
307252321,de:11000:900003200:5:58,0.0,2026-10-02T01:01:04.695736+02:00
307252321,de:11000:900009104:1:50,-0.8,2026-10-02T01:01:04.695736+02:00
307252321,de:11000:900007102:2:52,-0.4,2026-10-02T01:01:04.695736+02:00
306896903,de:12067:900310001::4,0.0,2026-10-02T01:01:04.695736+02:00
306896903,de:12067:900310816::1,0.0,2026-10-02T01:01:04.695736+02:00
306896903,de:12067:900310627::1,0.0,2026-10-02T01:01:04.695736+02:00
306896903,de:12067:900310781::1,0.0,2026-10-02T01:01:04.695736+02:00
306896903,de:12067:900310822::1,0.0,2026-10-02T01:01:04.695736+02:00
306896903,de:12067:900310771::1,0.0,2026-10-02T01:01:04.695736+02:00
306896903,de:12067:900310800::1,0.0,2026-10-02T01:01:04.695736+02:00
306896903,de:12067:900310879::1,0.0,2026-10-02T01:01:04.695736+02:00
306896903,de:12067:900310010::4,0.0,2026-10-02T01:01:04.695736+02:00
306896903,de:12067:900310880::1,0.0,2026-10-02T01:01:04.695736+02:00
306896903,de:12067:900310900::1,0.0,2026-10-02T01:01:04.695736+02:00
306896903,de:12067:900310917::1,0.0,2026-10-02T01:01:04.695736+02:00
306896903,de:12067:900310916::1,-0.5,2026-10-02T01:01:04.695736+02:00
306896903,de:12067:900310915::1,-0.5,2026-10-02T01:01:04.695736+02:00
306896903,de:12067:900310703::4,0.0,2026-10-02T01:01:04.695736+02:00
306896903,de:12067:900310914::1,0.0,2026-10-02T01:01:04.695736+02:00
306896903,de:12067:900310974::1,0.0,2026-10-02T01:01:04.695736+02:00
306896903,de:12067:900310975::1,0.0,2026-10-02T01:01:04.695736+02:00
306896903,de:12067:900310908::1,0.0,2026-10-02T01:01:04.695736+02:00
306896903,de:12067:900311002::1,0.0,2026-10-02T01:01:04.695736+02:00
306896903,de:12067:900310841::1,0.0,2026-10-02T01:01:04.695736+02:00
306896903,de:12067:900310722::1,-0.5,2026-10-02T01:01:04.695736+02:00
306896903,de:12067:900310637::1,0.0,2026-10-02T01:01:04.695736+02:00
306896903,de:12067:900311129::7,0.0,2026-10-02T01:01:04.695736+02:00
306896903,de:12067:900311129::4,0.0,2026-10-02T01:01:04.695736+02:00
306896903,de:12067:900310727::3,0.0,2026-10-02T01:01:04.695736+02:00
306896903,de:12067:900310755::2,0.0,2026-10-02T01:01:04.695736+02:00
306896903,de:12067:900310728::3,0.0,2026-10-02T01:01:04.695736+02:00
306896903,de:12067:900311129::6,0.0,2026-10-02T01:01:04.695736+02:00
306896245,de:12061:900260001::6,0.0,2026-10-02T01:01:04.695736+02:00
306896245,de:12061:900260798::1,0.0,2026-10-02T01:01:04.695736+02:00
306896245,de:12061:900260890::1,0.0,2026-10-02T01:01:04.695736+02:00
306896245,de:12061:900260887::1,0.0,2026-10-02T01:01:04.695736+02:00
306896245,de:12061:900260886::1,0.0,2026-10-02T01:01:04.695736+02:00
306896245,de:12061:900260888::1,0.0,2026-10-02T01:01:04.695736+02:00
306896245,de:12061:900260889::1,0.0,2026-10-02T01:01:04.695736+02:00
306896245,de:12061:900261047::1,0.0,2026-10-02T01:01:04.695736+02:00
306896245,de:12061:900261048::1,0.0,2026-10-02T01:01:04.695736+02:00
306896245,de:12061:900261051::1,0.0,2026-10-02T01:01:04.695736+02:00
306896245,de:12061:900261050::2,0.0,2026-10-02T01:01:04.695736+02:00
306896245,de:12061:900260170::1,0.0,2026-10-02T01:01:04.695736+02:00
306896245,de:12061:900260167::1,0.0,2026-10-02T01:01:04.695736+02:00
306896245,de:12061:900260168::1,0.0,2026-10-02T01:01:04.695736+02:00
306896245,de:12061:900260171::1,0.0,2026-10-02T01:01:04.695736+02:00
306896245,de:12061:900260166::1,0.0,2026-10-02T01:01:04.695736+02:00
306896245,de:12061:900260169::4,0.0,2026-10-02T01:01:04.695736+02:00
306896245,de:12061:900260165::1,0.0,2026-10-02T01:01:04.695736+02:00
306896245,de:12067:900310950::2,0.0,2026-10-02T01:01:04.695736+02:00
306896245,de:12067:900310955::2,0.0,2026-10-02T01:01:04.695736+02:00
306896245,de:12067:900310568::2,0.0,2026-10-02T01:01:04.695736+02:00
306896245,de:12067:900310556::2,0.0,2026-10-02T01:01:04.695736+02:00
306896245,de:12067:900310558::4,0.0,2026-10-02T01:01:04.695736+02:00
306896245,de:12067:900310559::2,0.0,2026-10-02T01:01:04.695736+02:00
306896245,de:12067:900310563::4,0.0,2026-10-02T01:01:04.695736+02:00
306896245,de:12067:900310013::7,0.0,2026-10-02T01:01:04.695736+02:00
306897263,de:12067:900311308::5,0.0,2026-10-02T01:01:04.695736+02:00
306897263,de:12067:900311380::1,0.0,2026-10-02T01:01:04.695736+02:00
306897263,de:12067:900311348::1,0.0,2026-10-02T01:01:04.695736+02:00
306897263,de:12067:900311315::1,0.0,2026-10-02T01:01:04.695736+02:00
306897263,de:12067:900311383::2,0.0,2026-10-02T01:01:04.695736+02:00
306897263,de:12067:900311312::1,0.0,2026-10-02T01:01:04.695736+02:00
306897263,de:12067:900311311::1,0.0,2026-10-02T01:01:04.695736+02:00
306897263,de:12067:900311402::2,0.0,2026-10-02T01:01:04.695736+02:00
306897263,de:12067:900311405::1,0.0,2026-10-02T01:01:04.695736+02:00
306896033,de:12064:900320007::4,0.0,2026-10-02T01:01:04.695736+02:00
306896033,de:12064:900320113::2,0.0,2026-10-02T01:01:04.695736+02:00
306896033,de:12067:900310523::2,0.0,2026-10-02T01:01:04.695736+02:00
306896033,de:12067:900310535::2,0.0,2026-10-02T01:01:04.695736+02:00
306896033,de:12067:900310522::2,0.0,2026-10-02T01:01:04.695736+02:00
306896033,de:12067:900310021::2,0.0,2026-10-02T01:01:04.695736+02:00
306896033,de:12067:900310500::1,0.0,2026-10-02T01:01:04.695736+02:00
306896033,de:12067:900310501::2,0.0,2026-10-02T01:01:04.695736+02:00
306896033,de:12067:900310020::2,0.0,2026-10-02T01:01:04.695736+02:00
306896033,de:12067:900310528::2,0.0,2026-10-02T01:01:04.695736+02:00
306896033,de:12067:900310529::2,0.0,2026-10-02T01:01:04.695736+02:00
306896033,de:12067:900311012::2,0.0,2026-10-02T01:01:04.695736+02:00
306896033,de:12067:900311014::2,0.0,2026-10-02T01:01:04.695736+02:00
306896033,de:12067:900310536::2,0.0,2026-10-02T01:01:04.695736+02:00
306896033,de:12067:900310543::2,0.0,2026-10-02T01:01:04.695736+02:00
306896033,de:12067:900310578::4,0.0,2026-10-02T01:01:04.695736+02:00
306896033,de:12067:900310534::2,0.0,2026-10-02T01:01:04.695736+02:00
306896033,de:11000:900310550::2,0.0,2026-10-02T01:01:04.695736+02:00
306896033,de:12067:900310572::2,0.0,2026-10-02T01:01:04.695736+02:00
306896033,de:12067:900310013::7,0.0,2026-10-02T01:01:04.695736+02:00
306896026,de:12064:900320007::4,0.0,2026-10-02T01:01:04.695736+02:00
306896026,de:12064:900320113::2,0.0,2026-10-02T01:01:04.695736+02:00
306896026,de:12067:900310523::2,0.0,2026-10-02T01:01:04.695736+02:00
306896026,de:12067:900310535::2,0.0,2026-10-02T01:01:04.695736+02:00
306896026,de:12067:900310522::2,0.0,2026-10-02T01:01:04.695736+02:00
306896026,de:12067:900310021::2,0.0,2026-10-02T01:01:04.695736+02:00
306896026,de:12067:900310500::1,0.0,2026-10-02T01:01:04.695736+02:00
306896026,de:12067:900310501::2,0.0,2026-10-02T01:01:04.695736+02:00
306896026,de:12067:900310020::2,0.0,2026-10-02T01:01:04.695736+02:00
306896026,de:12067:900310528::2,0.0,2026-10-02T01:01:04.695736+02:00
306896026,de:12067:900310529::2,0.0,2026-10-02T01:01:04.695736+02:00
306896026,de:12067:900311012::2,0.0,2026-10-02T01:01:04.695736+02:00
306896026,de:12067:900311014::2,0.0,2026-10-02T01:01:04.695736+02:00
306896026,de:12067:900310536::2,0.0,2026-10-02T01:01:04.695736+02:00
306896026,de:12067:900310543::2,0.0,2026-10-02T01:01:04.695736+02:00
306896026,de:12067:900310578::4,0.0,2026-10-02T01:01:04.695736+02:00
306896026,de:12067:900310534::2,0.0,2026-10-02T01:01:04.695736+02:00
306896026,de:11000:900310550::2,0.0,2026-10-02T01:01:04.695736+02:00
306896026,de:12067:900310572::2,0.0,2026-10-02T01:01:04.695736+02:00
306896026,de:12067:900310013::7,0.0,2026-10-02T01:01:04.695736+02:00
306896146,de:12067:900310015::1,0.0,2026-10-02T01:01:04.695736+02:00
306896146,de:12067:900310025::2,0.0,2026-10-02T01:01:04.695736+02:00
306896146,de:12067:900310952::2,0.0,2026-10-02T01:01:04.695736+02:00
306896146,de:12067:900310949::2,0.0,2026-10-02T01:01:04.695736+02:00
306896146,de:12067:900310955::2,0.0,2026-10-02T01:01:04.695736+02:00
306896146,de:12067:900310568::2,0.0,2026-10-02T01:01:04.695736+02:00
306896146,de:12067:900310556::2,0.0,2026-10-02T01:01:04.695736+02:00
306896146,de:12067:900310558::4,0.0,2026-10-02T01:01:04.695736+02:00
306896146,de:12067:900310559::2,0.0,2026-10-02T01:01:04.695736+02:00
306896146,de:12067:900310563::4,0.0,2026-10-02T01:01:04.695736+02:00
306896146,de:12067:900310013::7,0.0,2026-10-02T01:01:04.695736+02:00
307438379,de:12052:900470000:6:59,0.0,2026-10-02T01:01:04.695736+02:00
307438379,de:12066:900435001:2:52,0.0,2026-10-02T01:01:04.695736+02:00
307438379,de:12066:900435000:1:50,0.0,2026-10-02T01:01:04.695736+02:00
307438379,de:12066:900435061:2:51,0.0,2026-10-02T01:01:04.695736+02:00
307438379,de:12066:900435203:2:51,0.0,2026-10-02T01:01:04.695736+02:00
307438379,de:12062:900416008:1:50,0.0,2026-10-02T01:01:04.695736+02:00
307438379,de:12062:900415167:1:51,0.0,2026-10-02T01:01:04.695736+02:00
307438379,de:12062:900415502:1:50,0.0,2026-10-02T01:01:04.695736+02:00
307432333,de:12054:900230003:4:53,0.0,2026-10-02T01:01:04.695736+02:00
307432333,de:12054:900230999:1:51,0.0,2026-10-02T01:01:04.695736+02:00
307432333,de:12054:900230006:1:50,0.0,2026-10-02T01:01:04.695736+02:00
307432333,de:12054:900230007:1:50,0.0,2026-10-02T01:01:04.695736+02:00
307432333,de:12054:900220010:1:50,0.0,2026-10-02T01:01:04.695736+02:00
307432333,de:12054:900230002:1:52,0.0,2026-10-02T01:01:04.695736+02:00
307432333,de:12069:900220002:1:50,0.0,2026-10-02T01:01:04.695736+02:00
307432333,de:12072:900245836:1:50,0.0,2026-10-02T01:01:04.695736+02:00
307432333,de:12061:900260009:2:54,0.0,2026-10-02T01:01:04.695736+02:00
307431830,de:12061:900260009:2:54,0.0,2026-10-02T01:01:04.695736+02:00
307431830,de:12072:900245836:2:51,0.0,2026-10-02T01:01:04.695736+02:00
307431830,de:12069:900220002:2:51,0.0,2026-10-02T01:01:04.695736+02:00
307431830,de:12054:900230002:1:50,0.0,2026-10-02T01:01:04.695736+02:00
307431830,de:12054:900220010:2:51,0.0,2026-10-02T01:01:04.695736+02:00
307431830,de:12054:900230007:2:52,0.0,2026-10-02T01:01:04.695736+02:00
307431830,de:12054:900230006:2:51,0.0,2026-10-02T01:01:04.695736+02:00
307431830,de:12054:900230999:2:53,0.0,2026-10-02T01:01:04.695736+02:00
307431830,de:12054:900230003:4:53,0.0,2026-10-02T01:01:04.695736+02:00
307433571,de:12072:900245029:2:52,0.0,2026-10-02T01:01:04.695736+02:00
307433571,de:12072:900245030:2:51,0.0,2026-10-02T01:01:04.695736+02:00
307433571,de:12061:900260009:2:54,0.0,2026-10-02T01:01:04.695736+02:00
307433571,de:11000:900192001:1:51,0.0,2026-10-02T01:01:04.695736+02:00
307433571,de:11000:900120003:4:57,0.0,2026-10-02T01:01:04.695736+02:00
307433571,de:11000:900160004:4:56,0.0,2026-10-02T01:01:04.695736+02:00
307433571,de:11000:900152001:2:52,0.0,2026-10-02T01:01:04.695736+02:00
307433571,de:12065:900200005:2:1,0.0,2026-10-02T01:01:04.695736+02:00
307431127,de:12063:900210001:1:50,0.0,2026-10-02T01:01:04.695736+02:00
307431127,de:12054:900220012:1:50,0.0,2026-10-02T01:01:04.695736+02:00
307431127,de:12054:900220010:2:51,0.0,2026-10-02T01:01:04.695736+02:00
307431127,de:12054:900230007:2:52,0.0,2026-10-02T01:01:04.695736+02:00
307431127,de:12054:900230006:2:51,0.0,2026-10-02T01:01:04.695736+02:00
307431127,de:12054:900230999:2:53,0.0,2026-10-02T01:01:04.695736+02:00
307431127,de:12054:900230003:4:53,0.0,2026-10-02T01:01:04.695736+02:00
307431127,de:11000:900053301:3:55,0.0,2026-10-02T01:01:04.695736+02:00
307431127,de:11000:900024101:2:52,0.0,2026-10-02T01:01:04.695736+02:00
307431127,de:11000:900029101:2:52,0.0,2026-10-02T01:01:04.695736+02:00
307431127,de:12063:900210010:1:50,0.0,2026-10-02T01:01:04.695736+02:00
307431127,de:12065:900200000:1:51,0.0,2026-10-02T01:01:04.695736+02:00
307431389,de:12065:900200000:1:51,0.0,2026-10-02T01:01:04.695736+02:00
307431389,de:12063:900210010:2:51,0.0,2026-10-02T01:01:04.695736+02:00
307431389,de:11000:900029101:3:55,0.0,2026-10-02T01:01:04.695736+02:00
307431389,de:11000:900024101:1:51,0.0,2026-10-02T01:01:04.695736+02:00
307431389,de:11000:900053301:3:54,0.0,2026-10-02T01:01:04.695736+02:00
307431389,de:12054:900230003:3:52,0.0,2026-10-02T01:01:04.695736+02:00
307431389,de:12054:900230999:1:51,0.0,2026-10-02T01:01:04.695736+02:00
307431389,de:12054:900230006:1:50,0.0,2026-10-02T01:01:04.695736+02:00
307431389,de:12054:900230007:1:50,0.0,2026-10-02T01:01:04.695736+02:00
307431389,de:12054:900220010:1:50,0.0,2026-10-02T01:01:04.695736+02:00
307431389,de:12054:900220012:2:51,0.0,2026-10-02T01:01:04.695736+02:00
307431389,de:12063:900210001:2:51,0.0,2026-10-02T01:01:04.695736+02:00
307431110,de:12063:900210001:1:50,0.0,2026-10-02T01:01:04.695736+02:00
307431110,de:12054:900220012:1:50,0.0,2026-10-02T01:01:04.695736+02:00
307431110,de:12054:900220010:2:51,0.0,2026-10-02T01:01:04.695736+02:00
307431110,de:12054:900230007:2:52,0.0,2026-10-02T01:01:04.695736+02:00
307431110,de:12054:900230006:2:51,0.0,2026-10-02T01:01:04.695736+02:00
307431110,de:12054:900230999:2:53,0.0,2026-10-02T01:01:04.695736+02:00
307431110,de:12054:900230003:4:53,0.0,2026-10-02T01:01:04.695736+02:00
307431110,de:11000:900053301:3:55,0.0,2026-10-02T01:01:04.695736+02:00
307431110,de:11000:900024101:2:52,0.0,2026-10-02T01:01:04.695736+02:00
307431110,de:11000:900029101:2:52,0.0,2026-10-02T01:01:04.695736+02:00
307431110,de:12063:900210010:1:50,0.0,2026-10-02T01:01:04.695736+02:00
307431110,de:12065:900200000:1:51,0.0,2026-10-02T01:01:04.695736+02:00
306896592,de:12067:900310009::1,0.0,2026-10-02T01:01:04.695736+02:00
306896592,de:12067:900310007::2,0.0,2026-10-02T01:01:04.695736+02:00
306896592,de:12067:900310876::2,0.0,2026-10-02T01:01:04.695736+02:00
306896592,de:12067:900310971::2,0.0,2026-10-02T01:01:04.695736+02:00
306896592,de:12067:900311019::1,0.0,2026-10-02T01:01:04.695736+02:00
306896592,de:12067:900310971::1,0.0,2026-10-02T01:01:04.695736+02:00
306896592,de:12067:900310969::2,0.0,2026-10-02T01:01:04.695736+02:00
306896592,de:12067:900310973::1,0.0,2026-10-02T01:01:04.695736+02:00
306896592,de:12067:900310745::1,0.0,2026-10-02T01:01:04.695736+02:00
306896592,de:12067:900311086::0,0.0,2026-10-02T01:01:04.695736+02:00
306896592,de:12067:900310763::2,0.0,2026-10-02T01:01:04.695736+02:00
306896592,de:12067:900310761::2,-0.5,2026-10-02T01:01:04.695736+02:00
306896592,de:12067:900310754::2,0.0,2026-10-02T01:01:04.695736+02:00
306896592,de:12067:900310005::2,0.0,2026-10-02T01:01:04.695736+02:00
306896592,de:12067:900310733::2,0.0,2026-10-02T01:01:04.695736+02:00
306896592,de:12067:900310734::2,0.0,2026-10-02T01:01:04.695736+02:00
306896592,de:12067:900310824::2,0.0,2026-10-02T01:01:04.695736+02:00
306896592,de:12067:900310782::2,0.0,2026-10-02T01:01:04.695736+02:00
306896592,de:12067:900311109::2,0.0,2026-10-02T01:01:04.695736+02:00
306896592,de:12067:900310773::2,0.0,2026-10-02T01:01:04.695736+02:00
306896592,de:12067:900310797::2,0.0,2026-10-02T01:01:04.695736+02:00
306896592,de:12067:900310789::2,0.0,2026-10-02T01:01:04.695736+02:00
306896592,de:12067:900310781::2,0.0,2026-10-02T01:01:04.695736+02:00
306896592,de:12067:900310627::2,0.0,2026-10-02T01:01:04.695736+02:00
306896592,de:12067:900310816::2,0.0,2026-10-02T01:01:04.695736+02:00
306896592,de:12067:900310022::1,0.0,2026-10-02T01:01:04.695736+02:00
306896592,de:12067:900310001::11,0.0,2026-10-02T01:01:04.695736+02:00
307433299,de:11000:900160004:4:57,0.0,2026-10-02T01:01:04.695736+02:00
307433299,de:11000:900120003:4:56,0.0,2026-10-02T01:01:04.695736+02:00
307433299,de:11000:900192001:1:50,0.0,2026-10-02T01:01:04.695736+02:00
307433299,de:12061:900260009:2:54,0.0,2026-10-02T01:01:04.695736+02:00
306896772,de:12067:900310001::4,0.0,2026-10-02T01:01:04.695736+02:00
306896772,de:12067:900310696::1,0.0,2026-10-02T01:01:04.695736+02:00
306896772,de:12067:900310788::1,0.0,2026-10-02T01:01:04.695736+02:00
306896772,de:12067:900310936::1,0.0,2026-10-02T01:01:04.695736+02:00
306896772,de:12067:900311125::1,0.0,2026-10-02T01:01:04.695736+02:00
306896772,de:12067:900310860::1,0.0,2026-10-02T01:01:04.695736+02:00
306896772,de:12067:900311157::1,0.0,2026-10-02T01:01:04.695736+02:00
306896772,de:12067:900310864::1,0.0,2026-10-02T01:01:04.695736+02:00
306896772,de:12067:900310861::1,0.0,2026-10-02T01:01:04.695736+02:00
306896772,de:12067:900310002::1,0.0,2026-10-02T01:01:04.695736+02:00
306896772,de:12067:900311114::1,0.0,2026-10-02T01:01:04.695736+02:00
306896772,de:12067:900310031::3,0.0,2026-10-02T01:01:04.695736+02:00
306896772,de:12067:900310555::2,0.0,2026-10-02T01:01:04.695736+02:00
306896772,de:12067:900310557::2,0.0,2026-10-02T01:01:04.695736+02:00
306896772,de:12067:900310013::7,0.0,2026-10-02T01:01:04.695736+02:00
306896776,de:12067:900310001::4,0.0,2026-10-02T01:01:04.695736+02:00
306896776,de:12067:900310696::1,0.0,2026-10-02T01:01:04.695736+02:00
306896776,de:12067:900310788::1,0.0,2026-10-02T01:01:04.695736+02:00
306896776,de:12067:900310936::1,0.0,2026-10-02T01:01:04.695736+02:00
306896776,de:12067:900311125::1,0.0,2026-10-02T01:01:04.695736+02:00
306896776,de:12067:900310860::1,0.0,2026-10-02T01:01:04.695736+02:00
306896776,de:12067:900311157::1,0.0,2026-10-02T01:01:04.695736+02:00
306896776,de:12067:900310864::1,0.0,2026-10-02T01:01:04.695736+02:00
306896776,de:12067:900310861::1,0.0,2026-10-02T01:01:04.695736+02:00
306896776,de:12067:900310002::1,0.0,2026-10-02T01:01:04.695736+02:00
306896776,de:12067:900311114::1,0.0,2026-10-02T01:01:04.695736+02:00
306896776,de:12067:900310031::3,0.0,2026-10-02T01:01:04.695736+02:00
306896776,de:12067:900310555::2,0.0,2026-10-02T01:01:04.695736+02:00
306896776,de:12067:900310557::2,0.0,2026-10-02T01:01:04.695736+02:00
306896776,de:12067:900310013::7,0.0,2026-10-02T01:01:04.695736+02:00
307432798,de:12061:900260009:2:54,0.0,2026-10-02T01:01:04.695736+02:00
307432798,de:11000:900192001:1:51,0.0,2026-10-02T01:01:04.695736+02:00
307432798,de:11000:900120003:4:57,0.0,2026-10-02T01:01:04.695736+02:00
307432798,de:11000:900160004:2:53,0.0,2026-10-02T01:01:04.695736+02:00
307432798,de:11000:900152001:2:52,0.0,2026-10-02T01:01:04.695736+02:00
307432798,de:12060:900350160:2:53,0.0,2026-10-02T01:01:04.695736+02:00
307432798,de:12060:900350158:1:50,0.0,2026-10-02T01:01:04.695736+02:00
307432798,de:12060:900350137:1:50,0.0,2026-10-02T01:01:04.695736+02:00
307432798,de:12060:900350126:1:50,0.0,2026-10-02T01:01:04.695736+02:00
307432798,de:12060:900350127:2:51,0.0,2026-10-02T01:01:04.695736+02:00
307433243,de:12060:900350127:2:51,0.0,2026-10-02T01:01:04.695736+02:00
307433243,de:12060:900350126:2:51,0.0,2026-10-02T01:01:04.695736+02:00
307433243,de:12060:900350137:2:51,0.0,2026-10-02T01:01:04.695736+02:00
307433243,de:12060:900350158:1:50,0.0,2026-10-02T01:01:04.695736+02:00
307433243,de:12060:900350160:2:52,0.0,2026-10-02T01:01:04.695736+02:00
307433243,de:11000:900152001:3:53,0.0,2026-10-02T01:01:04.695736+02:00
307433243,de:11000:900160004:4:56,0.0,2026-10-02T01:01:04.695736+02:00
307433243,de:11000:900120003:4:56,0.0,2026-10-02T01:01:04.695736+02:00
307433243,de:11000:900192001:1:50,0.0,2026-10-02T01:01:04.695736+02:00
307433243,de:12061:900260009:2:53,0.0,2026-10-02T01:01:04.695736+02:00
307433243,de:12072:900245027:2:53,0.0,2026-10-02T01:01:04.695736+02:00
307435337,de:12061:900260009:2:54,0.0,2026-10-02T01:01:04.695736+02:00
307435337,de:11000:900058101:4:57,0.0,2026-10-02T01:01:04.695736+02:00
307435337,de:11000:900100020:2:53,0.0,2026-10-02T01:01:04.695736+02:00
307435337,de:11000:900003200:4:57,0.0,2026-10-02T01:01:04.695736+02:00
307440151,de:12065:900200000:1:51,0.0,2026-10-02T01:01:04.695736+02:00
307440151,de:12065:900200004:1:50,0.0,2026-10-02T01:01:04.695736+02:00
307440151,de:12065:900204003:1:50,0.0,2026-10-02T01:01:04.695736+02:00
307440151,de:12065:900203671:1:50,0.0,2026-10-02T01:01:04.695736+02:00
307440151,de:12065:900204001:1:50,0.0,2026-10-02T01:01:04.695736+02:00
307440151,de:12065:900203452:1:51,0.0,2026-10-02T01:01:04.695736+02:00
307440216,de:12065:900200004:1:50,0.0,2026-10-02T01:01:04.695736+02:00
307440216,de:12065:900200000:1:51,0.0,2026-10-02T01:01:04.695736+02:00
306896703,de:12067:900311039::1,0.0,2026-10-02T01:01:04.695736+02:00
306896703,de:12067:900311031::2,0.0,2026-10-02T01:01:04.695736+02:00
306896703,de:12067:900311040::2,0.0,2026-10-02T01:01:04.695736+02:00
306896703,de:12067:900311038::2,0.0,2026-10-02T01:01:04.695736+02:00
306896703,de:12067:900311041::2,0.0,2026-10-02T01:01:04.695736+02:00
306896703,de:12067:900311032::2,0.0,2026-10-02T01:01:04.695736+02:00
306896703,de:12067:900311037::2,0.0,2026-10-02T01:01:04.695736+02:00
306896703,de:12067:900310928::2,0.0,2026-10-02T01:01:04.695736+02:00
306896703,de:12067:900310930::2,-0.5,2026-10-02T01:01:04.695736+02:00
306896703,de:12067:900310932::1,-0.5,2026-10-02T01:01:04.695736+02:00
306896703,de:12067:900310791::2,-0.5,2026-10-02T01:01:04.695736+02:00
306896703,de:12067:900311145::2,-0.5,2026-10-02T01:01:04.695736+02:00
306896703,de:12067:900310817::2,-0.5,2026-10-02T01:01:04.695736+02:00
306896703,de:12067:900310837::2,-0.5,2026-10-02T01:01:04.695736+02:00
306896703,de:12067:900310875::2,-0.5,2026-10-02T01:01:04.695736+02:00
306896703,de:12067:900310796::2,-0.5,2026-10-02T01:01:04.695736+02:00
306896703,de:12067:900310777::2,-0.5,2026-10-02T01:01:04.695736+02:00
306896703,de:12067:900310808::2,-0.5,2026-10-02T01:01:04.695736+02:00
306896703,de:12067:900310822::2,-0.5,2026-10-02T01:01:04.695736+02:00
306896703,de:12067:900310781::2,-0.5,2026-10-02T01:01:04.695736+02:00
306896703,de:12067:900310627::2,-0.5,2026-10-02T01:01:04.695736+02:00
306896703,de:12067:900310816::2,0.0,2026-10-02T01:01:04.695736+02:00
306896703,de:12067:900310022::1,0.0,2026-10-02T01:01:04.695736+02:00
306896703,de:12067:900310001::11,0.0,2026-10-02T01:01:04.695736+02:00
295892971,de:12060:900350160:1:51,0.0,2026-10-02T01:01:04.695736+02:00
295892971,de:12060:900350161:1:50,-0.3,2026-10-02T01:01:04.695736+02:00
295892971,de:12060:900350163:1:50,-0.1,2026-10-02T01:01:04.695736+02:00
295892971,de:12060:900350162:1:50,-0.8,2026-10-02T01:01:04.695736+02:00
295892971,de:11000:900135001:1:50,-0.3,2026-10-02T01:01:04.695736+02:00
295892971,de:11000:900143001:1:51,-0.8,2026-10-02T01:01:04.695736+02:00
295892971,de:11000:900142001:1:51,-0.3,2026-10-02T01:01:04.695736+02:00
295892971,de:11000:900130001:1:51,-0.8,2026-10-02T01:01:04.695736+02:00
295892971,de:11000:900130002:1:51,-0.3,2026-10-02T01:01:04.695736+02:00
295892971,de:11000:900110011:1:51,-0.7,2026-10-02T01:01:04.695736+02:00
295892971,de:11000:900007102:1:50,-0.7,2026-10-02T01:01:04.695736+02:00
295892971,de:11000:900008101:1:50,-0.5,2026-10-02T01:01:04.695736+02:00
295892971,de:11000:900007104:1:51,-0.2,2026-10-02T01:01:04.695736+02:00
295892971,de:11000:900100007:1:50,-0.2,2026-10-02T01:01:04.695736+02:00
295892971,de:11000:900100001:4:56,0.0,2026-10-02T01:01:04.695736+02:00
295892971,de:11000:900100025:1:50,-0.9,2026-10-02T01:01:04.695736+02:00
295892971,de:11000:900100020:3:54,-0.9,2026-10-02T01:01:04.695736+02:00
295892971,de:11000:900012101:1:51,0.0,2026-10-02T01:01:04.695736+02:00
295892971,de:11000:900058103:1:50,-0.8,2026-10-02T01:01:04.695736+02:00
295892971,de:11000:900058101:1:50,-0.4,2026-10-02T01:01:04.695736+02:00
295892971,de:11000:900058102:1:50,-0.4,2026-10-02T01:01:04.695736+02:00
295892971,de:11000:900068301:1:50,-0.7,2026-10-02T01:01:04.695736+02:00
295892971,de:11000:900073101:1:50,-0.9,2026-10-02T01:01:04.695736+02:00
295892971,de:11000:900072101:1:50,-0.2,2026-10-02T01:01:04.695736+02:00
295892971,de:11000:900074202:1:50,-0.2,2026-10-02T01:01:04.695736+02:00
295892971,de:11000:900074201:1:50,-0.4,2026-10-02T01:01:04.695736+02:00
295892971,de:12072:900245028:1:51,-0.9,2026-10-02T01:01:04.695736+02:00
295892971,de:12072:900245027:2:52,-0.9,2026-10-02T01:01:04.695736+02:00
295892951,de:12060:900350160:1:51,0.0,2026-10-02T01:01:04.695736+02:00
295892951,de:12060:900350161:1:50,-0.3,2026-10-02T01:01:04.695736+02:00
295892951,de:12060:900350163:1:50,-0.1,2026-10-02T01:01:04.695736+02:00
295892951,de:12060:900350162:1:50,-0.8,2026-10-02T01:01:04.695736+02:00
295892951,de:11000:900135001:1:50,-0.3,2026-10-02T01:01:04.695736+02:00
295892951,de:11000:900143001:1:51,-0.8,2026-10-02T01:01:04.695736+02:00
295892951,de:11000:900142001:1:51,-0.3,2026-10-02T01:01:04.695736+02:00
295892951,de:11000:900130001:1:51,-0.8,2026-10-02T01:01:04.695736+02:00
295892951,de:11000:900130002:1:51,-0.3,2026-10-02T01:01:04.695736+02:00
295892951,de:11000:900110011:1:51,-0.7,2026-10-02T01:01:04.695736+02:00
295892951,de:11000:900007102:1:50,-0.7,2026-10-02T01:01:04.695736+02:00
295892951,de:11000:900008101:1:50,-0.5,2026-10-02T01:01:04.695736+02:00
295892951,de:11000:900007104:1:51,-0.2,2026-10-02T01:01:04.695736+02:00
295892951,de:11000:900100007:1:50,-0.2,2026-10-02T01:01:04.695736+02:00
295892951,de:11000:900100001:4:56,0.0,2026-10-02T01:01:04.695736+02:00
295892951,de:11000:900100025:1:50,-0.9,2026-10-02T01:01:04.695736+02:00
295892951,de:11000:900100020:3:54,-0.9,2026-10-02T01:01:04.695736+02:00
295892951,de:11000:900012101:1:51,0.0,2026-10-02T01:01:04.695736+02:00
295892951,de:11000:900058103:1:50,-0.8,2026-10-02T01:01:04.695736+02:00
295892951,de:11000:900058101:1:50,-0.4,2026-10-02T01:01:04.695736+02:00
295892951,de:11000:900058102:1:50,-0.4,2026-10-02T01:01:04.695736+02:00
295892951,de:11000:900068301:1:50,-0.7,2026-10-02T01:01:04.695736+02:00
295892951,de:11000:900073101:1:50,-0.9,2026-10-02T01:01:04.695736+02:00
295892951,de:11000:900072101:1:50,-0.2,2026-10-02T01:01:04.695736+02:00
295892951,de:11000:900074202:1:50,-0.2,2026-10-02T01:01:04.695736+02:00
295892951,de:11000:900074201:1:50,-0.4,2026-10-02T01:01:04.695736+02:00
295892951,de:12072:900245028:1:50,-0.9,2026-10-02T01:01:04.695736+02:00
295892951,de:12072:900245027:2:52,-0.9,2026-10-02T01:01:04.695736+02:00
307430153,de:11000:900003200:1:50,0.0,2026-10-02T01:01:04.695736+02:00
307430153,de:11000:900100020:1:50,0.0,2026-10-02T01:01:04.695736+02:00
307430153,de:11000:900058101:2:52,0.0,2026-10-02T01:01:04.695736+02:00
307430153,de:12061:900260009:2:54,0.0,2026-10-02T01:01:04.695736+02:00
295900337,de:12069:900220114:1:51,0.0,2026-10-02T01:01:04.695736+02:00
295900337,de:11000:900064201:1:51,-0.1,2026-10-02T01:01:04.695736+02:00
295900337,de:11000:900064256:1:51,0.0,2026-10-02T01:01:04.695736+02:00
295900337,de:11000:900064301:3:53,-0.3,2026-10-02T01:01:04.695736+02:00
295900337,de:11000:900067221:1:50,-0.3,2026-10-02T01:01:04.695736+02:00
295900337,de:11000:900063452:1:51,-0.4,2026-10-02T01:01:04.695736+02:00
295900337,de:11000:900058102:2:53,-0.5,2026-10-02T01:01:04.695736+02:00
295900337,de:11000:900058101:1:51,-0.3,2026-10-02T01:01:04.695736+02:00
295900337,de:11000:900058103:1:51,0.0,2026-10-02T01:01:04.695736+02:00
295900337,de:11000:900012101:2:53,-0.7,2026-10-02T01:01:04.695736+02:00
295900337,de:11000:900100020:4:57,-0.8,2026-10-02T01:01:04.695736+02:00
295900337,de:11000:900100025:1:51,-0.9,2026-10-02T01:01:04.695736+02:00
295900337,de:11000:900100001:4:57,-0.6,2026-10-02T01:01:04.695736+02:00
295900337,de:11000:900100007:1:51,-0.7,2026-10-02T01:01:04.695736+02:00
295900337,de:11000:900007104:2:52,-0.7,2026-10-02T01:01:04.695736+02:00
295900337,de:11000:900008101:1:51,-0.4,2026-10-02T01:01:04.695736+02:00
295900337,de:11000:900007102:2:53,-0.2,2026-10-02T01:01:04.695736+02:00
295900337,de:11000:900110011:2:53,-0.4,2026-10-02T01:01:04.695736+02:00
295900337,de:11000:900085201:1:50,-0.8,2026-10-02T01:01:04.695736+02:00
295900337,de:11000:900085105:1:50,-0.8,2026-10-02T01:01:04.695736+02:00
295900337,de:11000:900096458:1:50,-0.1,2026-10-02T01:01:04.695736+02:00
295900337,de:11000:900096405:1:50,-0.8,2026-10-02T01:01:04.695736+02:00
295900337,de:11000:900089303:1:50,-0.7,2026-10-02T01:01:04.695736+02:00
295900337,de:11000:900091205:1:50,-0.3,2026-10-02T01:01:04.695736+02:00
295900337,de:11000:900091203:1:50,-0.5,2026-10-02T01:01:04.695736+02:00
295900337,de:12065:900200000:1:55,-0.7,2026-10-02T01:01:04.695736+02:00
295900376,de:12069:900220114:1:51,0.0,2026-10-02T01:01:04.695736+02:00
295900376,de:11000:900064201:1:51,-0.1,2026-10-02T01:01:04.695736+02:00
295900376,de:11000:900064256:1:51,0.0,2026-10-02T01:01:04.695736+02:00
295900376,de:11000:900064301:3:53,-0.3,2026-10-02T01:01:04.695736+02:00
295900376,de:11000:900067221:1:50,-0.3,2026-10-02T01:01:04.695736+02:00
295900376,de:11000:900063452:1:51,-0.4,2026-10-02T01:01:04.695736+02:00
295900376,de:11000:900058102:2:53,-0.5,2026-10-02T01:01:04.695736+02:00
295900376,de:11000:900058101:1:51,-0.3,2026-10-02T01:01:04.695736+02:00
295900376,de:11000:900058103:1:51,0.0,2026-10-02T01:01:04.695736+02:00
295900376,de:11000:900012101:2:53,-0.7,2026-10-02T01:01:04.695736+02:00
295900376,de:11000:900100020:4:57,-0.8,2026-10-02T01:01:04.695736+02:00
295900376,de:11000:900100025:1:51,-0.9,2026-10-02T01:01:04.695736+02:00
295900376,de:11000:900100001:4:57,-0.6,2026-10-02T01:01:04.695736+02:00
295900376,de:11000:900100007:1:51,-0.7,2026-10-02T01:01:04.695736+02:00
295900376,de:11000:900007104:2:52,-0.7,2026-10-02T01:01:04.695736+02:00
295900376,de:11000:900008101:1:51,-0.4,2026-10-02T01:01:04.695736+02:00
295900376,de:11000:900007102:2:53,-0.2,2026-10-02T01:01:04.695736+02:00
295900376,de:11000:900110011:2:53,-0.4,2026-10-02T01:01:04.695736+02:00
295900376,de:11000:900085201:1:50,-0.8,2026-10-02T01:01:04.695736+02:00
295900376,de:11000:900085105:1:50,-0.8,2026-10-02T01:01:04.695736+02:00
295900376,de:11000:900096458:1:50,-0.1,2026-10-02T01:01:04.695736+02:00
295900376,de:11000:900096405:1:50,-0.8,2026-10-02T01:01:04.695736+02:00
295900376,de:11000:900089303:1:50,-0.7,2026-10-02T01:01:04.695736+02:00
295900376,de:11000:900091205:1:50,-0.3,2026-10-02T01:01:04.695736+02:00
295900376,de:11000:900091203:1:50,-0.5,2026-10-02T01:01:04.695736+02:00
295900376,de:12065:900200000:4:54,-0.7,2026-10-02T01:01:04.695736+02:00
306897019,de:12067:900311308::5,0.0,2026-10-02T01:01:04.695736+02:00
306897019,de:12067:900311380::1,0.0,2026-10-02T01:01:04.695736+02:00
306897019,de:12067:900311348::1,0.0,2026-10-02T01:01:04.695736+02:00
306897019,de:12067:900311315::1,0.0,2026-10-02T01:01:04.695736+02:00
306897019,de:12067:900311383::6,0.0,2026-10-02T01:01:04.695736+02:00
306897019,de:12067:900311305::1,0.0,2026-10-02T01:01:04.695736+02:00
306897019,de:12067:900311320::1,0.0,2026-10-02T01:01:04.695736+02:00
306897019,de:12067:900311354::2,0.0,2026-10-02T01:01:04.695736+02:00
306897019,de:12067:900311352::2,0.0,2026-10-02T01:01:04.695736+02:00
306897019,de:12067:900311336::2,0.0,2026-10-02T01:01:04.695736+02:00
306897019,de:12067:900311371::1,0.0,2026-10-02T01:01:04.695736+02:00
306897019,de:12067:900311364::1,0.0,2026-10-02T01:01:04.695736+02:00
306897019,de:12067:900311374::2,0.0,2026-10-02T01:01:04.695736+02:00
306897019,de:12067:900311365::2,0.0,2026-10-02T01:01:04.695736+02:00
306897019,de:12067:900311363::2,0.0,2026-10-02T01:01:04.695736+02:00
306897019,de:12067:900311362::2,0.0,2026-10-02T01:01:04.695736+02:00
306897019,de:12067:900311377::2,0.0,2026-10-02T01:01:04.695736+02:00
306897019,de:12067:900311376::2,0.0,2026-10-02T01:01:04.695736+02:00
306897019,de:12067:900311316::2,0.0,2026-10-02T01:01:04.695736+02:00
306897019,de:12067:900311384::2,0.0,2026-10-02T01:01:04.695736+02:00
306897019,de:12067:900311317::2,0.0,2026-10-02T01:01:04.695736+02:00
306897019,de:12067:900310027::2,0.0,2026-10-02T01:01:04.695736+02:00
306897019,de:12067:900311359::2,0.0,2026-10-02T01:01:04.695736+02:00
306897019,de:12067:900311345::2,0.0,2026-10-02T01:01:04.695736+02:00
306897019,de:12067:900311341::2,0.0,2026-10-02T01:01:04.695736+02:00
306897019,de:12067:900311339::1,0.0,2026-10-02T01:01:04.695736+02:00
306897019,de:12067:900311340::1,0.0,2026-10-02T01:01:04.695736+02:00
306897019,de:12067:900311339::2,0.0,2026-10-02T01:01:04.695736+02:00
306897019,de:12067:900311309::1,0.0,2026-10-02T01:01:04.695736+02:00
306897019,de:12067:900311310::1,0.0,2026-10-02T01:01:04.695736+02:00
306897019,de:12067:900311307::1,0.0,2026-10-02T01:01:04.695736+02:00
306897019,de:12067:900311308::4,0.0,2026-10-02T01:01:04.695736+02:00
295896129,de:11000:900135001:1:50,0.0,2026-10-02T01:01:04.695736+02:00
295896129,de:11000:900143001:1:51,-0.8,2026-10-02T01:01:04.695736+02:00
295896129,de:11000:900142001:1:51,-0.3,2026-10-02T01:01:04.695736+02:00
295896129,de:11000:900130001:1:51,-0.8,2026-10-02T01:01:04.695736+02:00
295896129,de:11000:900130002:1:51,-0.3,2026-10-02T01:01:04.695736+02:00
295896129,de:11000:900110011:1:51,-0.7,2026-10-02T01:01:04.695736+02:00
295896129,de:11000:900007102:1:50,-0.7,2026-10-02T01:01:04.695736+02:00
295896129,de:11000:900008101:1:50,-0.5,2026-10-02T01:01:04.695736+02:00
295896129,de:11000:900007104:1:51,-0.2,2026-10-02T01:01:04.695736+02:00
295896129,de:11000:900100007:1:50,-0.2,2026-10-02T01:01:04.695736+02:00
295896129,de:11000:900100001:4:56,0.0,2026-10-02T01:01:04.695736+02:00
295896129,de:11000:900100025:1:50,-0.9,2026-10-02T01:01:04.695736+02:00
295896129,de:11000:900100020:3:54,-0.9,2026-10-02T01:01:04.695736+02:00
295896129,de:11000:900012101:1:51,0.0,2026-10-02T01:01:04.695736+02:00
295896129,de:11000:900058103:1:50,-0.8,2026-10-02T01:01:04.695736+02:00
295896129,de:11000:900058101:1:50,-0.4,2026-10-02T01:01:04.695736+02:00
295896129,de:11000:900058102:1:50,-0.4,2026-10-02T01:01:04.695736+02:00
295896129,de:11000:900068301:1:50,-0.7,2026-10-02T01:01:04.695736+02:00
295896129,de:11000:900073101:1:50,-0.9,2026-10-02T01:01:04.695736+02:00
295896129,de:11000:900072101:1:50,-0.2,2026-10-02T01:01:04.695736+02:00
295896129,de:11000:900074202:1:50,-0.2,2026-10-02T01:01:04.695736+02:00
295896129,de:11000:900074201:1:50,-0.4,2026-10-02T01:01:04.695736+02:00
295896085,de:11000:900135001:1:50,0.0,2026-10-02T01:01:04.695736+02:00
295896085,de:11000:900143001:1:51,-0.8,2026-10-02T01:01:04.695736+02:00
295896085,de:11000:900142001:1:51,-0.3,2026-10-02T01:01:04.695736+02:00
295896085,de:11000:900130001:1:51,-0.8,2026-10-02T01:01:04.695736+02:00
295896085,de:11000:900130002:1:51,-0.3,2026-10-02T01:01:04.695736+02:00
295896085,de:11000:900110011:1:51,-0.7,2026-10-02T01:01:04.695736+02:00
295896085,de:11000:900007102:1:50,-0.7,2026-10-02T01:01:04.695736+02:00
295896085,de:11000:900008101:1:50,-0.5,2026-10-02T01:01:04.695736+02:00
295896085,de:11000:900007104:1:51,-0.2,2026-10-02T01:01:04.695736+02:00
295896085,de:11000:900100007:1:50,-0.2,2026-10-02T01:01:04.695736+02:00
295896085,de:11000:900100001:4:56,0.0,2026-10-02T01:01:04.695736+02:00
295896085,de:11000:900100025:1:50,-0.9,2026-10-02T01:01:04.695736+02:00
295896085,de:11000:900100020:3:54,-0.9,2026-10-02T01:01:04.695736+02:00
295896085,de:11000:900012101:1:51,0.0,2026-10-02T01:01:04.695736+02:00
295896085,de:11000:900058103:1:50,-0.8,2026-10-02T01:01:04.695736+02:00
295896085,de:11000:900058101:1:50,-0.4,2026-10-02T01:01:04.695736+02:00
295896085,de:11000:900058102:1:50,-0.4,2026-10-02T01:01:04.695736+02:00
295896085,de:11000:900068301:1:50,-0.7,2026-10-02T01:01:04.695736+02:00
295896085,de:11000:900073101:1:50,-0.9,2026-10-02T01:01:04.695736+02:00
295896085,de:11000:900072101:1:50,-0.2,2026-10-02T01:01:04.695736+02:00
295896085,de:11000:900074202:1:50,-0.2,2026-10-02T01:01:04.695736+02:00
295896085,de:11000:900074201:1:50,-0.4,2026-10-02T01:01:04.695736+02:00
306896223,de:12067:900311039::1,0.0,2026-10-02T01:01:04.695736+02:00
306896223,de:12067:900311034::2,0.0,2026-10-02T01:01:04.695736+02:00
306896223,de:12067:900311035::2,0.0,2026-10-02T01:01:04.695736+02:00
306896223,de:12067:900310964::2,0.0,2026-10-02T01:01:04.695736+02:00
306896223,de:12067:900311021::1,0.0,2026-10-02T01:01:04.695736+02:00
306896223,de:12067:900311028::2,0.0,2026-10-02T01:01:04.695736+02:00
306896223,de:12067:900311029::1,0.0,2026-10-02T01:01:04.695736+02:00
306896223,de:12067:900310965::2,0.0,2026-10-02T01:01:04.695736+02:00
306896223,de:12067:900311026::2,0.0,2026-10-02T01:01:04.695736+02:00
306896223,de:12067:900311027::2,0.0,2026-10-02T01:01:04.695736+02:00
306896223,de:12067:900310863::2,0.0,2026-10-02T01:01:04.695736+02:00
306896223,de:12067:900310862::2,0.0,2026-10-02T01:01:04.695736+02:00
306896223,de:12067:900310865::2,0.0,2026-10-02T01:01:04.695736+02:00
306896223,de:12067:900310002::7,0.0,2026-10-02T01:01:04.695736+02:00
306896223,de:12067:900310864::1,0.0,2026-10-02T01:01:04.695736+02:00
306896223,de:12067:900310861::1,0.0,2026-10-02T01:01:04.695736+02:00
306896223,de:12067:900310002::1,0.0,2026-10-02T01:01:04.695736+02:00
306896223,de:12067:900310031::3,0.0,2026-10-02T01:01:04.695736+02:00
306896223,de:12067:900310555::2,0.0,2026-10-02T01:01:04.695736+02:00
306896223,de:12067:900310557::2,0.0,2026-10-02T01:01:04.695736+02:00
306896223,de:12067:900310013::7,0.0,2026-10-02T01:01:04.695736+02:00
306897252,de:12067:900311308::5,0.0,2026-10-02T01:01:04.695736+02:00
306897252,de:12067:900311380::1,0.0,2026-10-02T01:01:04.695736+02:00
306897252,de:12067:900311348::1,0.0,2026-10-02T01:01:04.695736+02:00
306897252,de:12067:900311315::1,0.0,2026-10-02T01:01:04.695736+02:00
306897252,de:12067:900311383::5,0.0,2026-10-02T01:01:04.695736+02:00
306897252,de:12067:900311312::1,0.0,2026-10-02T01:01:04.695736+02:00
306897252,de:12067:900311311::1,0.0,2026-10-02T01:01:04.695736+02:00
306897252,de:12067:900311356::1,0.0,2026-10-02T01:01:04.695736+02:00
306897252,de:12067:900311325::1,0.0,2026-10-02T01:01:04.695736+02:00
306897252,de:12067:900311306::1,0.0,2026-10-02T01:01:04.695736+02:00
306897252,de:12067:900311531::1,0.0,2026-10-02T01:01:04.695736+02:00
306897252,de:12067:900311530::1,0.0,2026-10-02T01:01:04.695736+02:00
306897252,de:12067:900311542::2,0.0,2026-10-02T01:01:04.695736+02:00
306897252,de:12067:900311543::1,0.0,2026-10-02T01:01:04.695736+02:00
306897252,de:12067:900311401::1,0.0,2026-10-02T01:01:04.695736+02:00
306897252,de:12067:900311560::1,0.0,2026-10-02T01:01:04.695736+02:00
306897252,de:12067:900311442::1,0.0,2026-10-02T01:01:04.695736+02:00
306897252,de:12067:900311477::1,0.0,2026-10-02T01:01:04.695736+02:00
306897252,de:12067:900311478::1,0.0,2026-10-02T01:01:04.695736+02:00
306897252,de:12067:900311490::1,0.0,2026-10-02T01:01:04.695736+02:00
306897252,de:12067:900311482::3,0.0,2026-10-02T01:01:04.695736+02:00
295896159,de:11000:900074201:1:50,0.0,2026-10-02T01:01:04.695736+02:00
295896159,de:11000:900074202:2:51,-0.1,2026-10-02T01:01:04.695736+02:00
295896159,de:11000:900072101:2:51,-0.1,2026-10-02T01:01:04.695736+02:00
295896159,de:11000:900073101:1:51,-0.4,2026-10-02T01:01:04.695736+02:00
295896159,de:11000:900068301:1:51,-0.7,2026-10-02T01:01:04.695736+02:00
295896159,de:11000:900058102:2:51,-0.7,2026-10-02T01:01:04.695736+02:00
295896159,de:11000:900058101:1:51,-0.3,2026-10-02T01:01:04.695736+02:00
295896159,de:11000:900058103:1:51,-0.1,2026-10-02T01:01:04.695736+02:00
295896159,de:11000:900012101:2:53,-0.7,2026-10-02T01:01:04.695736+02:00
295896159,de:11000:900100020:4:57,-0.8,2026-10-02T01:01:04.695736+02:00
295896159,de:11000:900100025:1:51,-0.9,2026-10-02T01:01:04.695736+02:00
295896159,de:11000:900100001:4:57,-0.6,2026-10-02T01:01:04.695736+02:00
295896159,de:11000:900100007:1:51,-0.7,2026-10-02T01:01:04.695736+02:00
295896159,de:11000:900007104:2:52,-0.7,2026-10-02T01:01:04.695736+02:00
295896159,de:11000:900008101:1:51,-0.4,2026-10-02T01:01:04.695736+02:00
295896159,de:11000:900007102:2:53,-0.1,2026-10-02T01:01:04.695736+02:00
295896159,de:11000:900110011:2:52,-0.4,2026-10-02T01:01:04.695736+02:00
295896159,de:11000:900130002:1:50,-0.7,2026-10-02T01:01:04.695736+02:00
295896159,de:11000:900130001:1:50,-0.4,2026-10-02T01:01:04.695736+02:00
295896159,de:11000:900142001:1:50,-0.9,2026-10-02T01:01:04.695736+02:00
295896159,de:11000:900143001:1:51,-0.7,2026-10-02T01:01:04.695736+02:00
295896159,de:11000:900135001:1:50,-0.4,2026-10-02T01:01:04.695736+02:00
295903146,de:12069:900220114:1:50,0.0,2026-10-02T01:01:04.695736+02:00
295903146,de:11000:900064201:1:51,-0.1,2026-10-02T01:01:04.695736+02:00
295903146,de:11000:900064256:1:51,0.0,2026-10-02T01:01:04.695736+02:00
295903146,de:11000:900064301:3:53,-0.3,2026-10-02T01:01:04.695736+02:00
295903146,de:11000:900067221:1:50,-0.3,2026-10-02T01:01:04.695736+02:00
295903146,de:11000:900063452:1:51,-0.4,2026-10-02T01:01:04.695736+02:00
295903146,de:11000:900058102:2:53,-0.5,2026-10-02T01:01:04.695736+02:00
295903146,de:11000:900058101:1:51,-0.3,2026-10-02T01:01:04.695736+02:00
295903146,de:11000:900058103:1:51,0.0,2026-10-02T01:01:04.695736+02:00
295903146,de:11000:900012101:2:53,-0.7,2026-10-02T01:01:04.695736+02:00
295903146,de:11000:900100020:4:57,-0.8,2026-10-02T01:01:04.695736+02:00
295903146,de:11000:900100025:1:51,-0.9,2026-10-02T01:01:04.695736+02:00
295903146,de:11000:900100001:4:57,-0.6,2026-10-02T01:01:04.695736+02:00
295903146,de:11000:900100007:1:51,-0.7,2026-10-02T01:01:04.695736+02:00
295903146,de:11000:900007104:2:52,-0.7,2026-10-02T01:01:04.695736+02:00
295903146,de:11000:900008101:1:51,-0.4,2026-10-02T01:01:04.695736+02:00
295903146,de:11000:900007102:2:53,-0.2,2026-10-02T01:01:04.695736+02:00
295903146,de:11000:900110011:2:52,-0.4,2026-10-02T01:01:04.695736+02:00
295903146,de:11000:900130002:1:50,0.0,2026-10-02T01:01:04.695736+02:00
295903146,de:11000:900130001:1:50,-0.7,2026-10-02T01:01:04.695736+02:00
295903146,de:11000:900142001:1:50,-0.2,2026-10-02T01:01:04.695736+02:00
295903134,de:12069:900220114:1:50,0.0,2026-10-02T01:01:04.695736+02:00
295903134,de:11000:900064201:1:51,-0.1,2026-10-02T01:01:04.695736+02:00
295903134,de:11000:900064256:1:51,0.0,2026-10-02T01:01:04.695736+02:00
295903134,de:11000:900064301:3:53,-0.3,2026-10-02T01:01:04.695736+02:00
295903134,de:11000:900067221:1:50,-0.3,2026-10-02T01:01:04.695736+02:00
295903134,de:11000:900063452:1:51,-0.4,2026-10-02T01:01:04.695736+02:00
295903134,de:11000:900058102:2:53,-0.5,2026-10-02T01:01:04.695736+02:00
295903134,de:11000:900058101:1:51,-0.3,2026-10-02T01:01:04.695736+02:00
295903134,de:11000:900058103:1:51,0.0,2026-10-02T01:01:04.695736+02:00
295903134,de:11000:900012101:2:53,-0.7,2026-10-02T01:01:04.695736+02:00
295903134,de:11000:900100020:4:57,-0.8,2026-10-02T01:01:04.695736+02:00
295903134,de:11000:900100025:1:51,-0.9,2026-10-02T01:01:04.695736+02:00
295903134,de:11000:900100001:4:57,-0.6,2026-10-02T01:01:04.695736+02:00
295903134,de:11000:900100007:1:51,-0.7,2026-10-02T01:01:04.695736+02:00
295903134,de:11000:900007104:2:52,-0.7,2026-10-02T01:01:04.695736+02:00
295903134,de:11000:900008101:1:51,-0.4,2026-10-02T01:01:04.695736+02:00
295903134,de:11000:900007102:2:53,-0.2,2026-10-02T01:01:04.695736+02:00
295903134,de:11000:900110011:2:52,-0.4,2026-10-02T01:01:04.695736+02:00
295903134,de:11000:900130002:1:50,0.0,2026-10-02T01:01:04.695736+02:00
295903134,de:11000:900130001:1:50,-0.7,2026-10-02T01:01:04.695736+02:00
295903134,de:11000:900142001:1:50,-0.2,2026-10-02T01:01:04.695736+02:00
295903127,de:12069:900220114:1:50,0.0,2026-10-02T01:01:04.695736+02:00
295903127,de:11000:900064201:1:51,-0.1,2026-10-02T01:01:04.695736+02:00
295903127,de:11000:900064256:1:51,0.0,2026-10-02T01:01:04.695736+02:00
295903127,de:11000:900064301:3:53,-0.3,2026-10-02T01:01:04.695736+02:00
295903127,de:11000:900067221:1:50,-0.3,2026-10-02T01:01:04.695736+02:00
295903127,de:11000:900063452:1:51,-0.4,2026-10-02T01:01:04.695736+02:00
295903127,de:11000:900058102:2:53,-0.5,2026-10-02T01:01:04.695736+02:00
295903127,de:11000:900058101:1:51,-0.3,2026-10-02T01:01:04.695736+02:00
295903127,de:11000:900058103:1:51,0.0,2026-10-02T01:01:04.695736+02:00
295903127,de:11000:900012101:2:53,-0.7,2026-10-02T01:01:04.695736+02:00
295903127,de:11000:900100020:4:57,-0.8,2026-10-02T01:01:04.695736+02:00
295903127,de:11000:900100025:1:51,-0.9,2026-10-02T01:01:04.695736+02:00
295903127,de:11000:900100001:4:57,-0.6,2026-10-02T01:01:04.695736+02:00
295903127,de:11000:900100007:1:51,-0.7,2026-10-02T01:01:04.695736+02:00
295903127,de:11000:900007104:2:52,-0.7,2026-10-02T01:01:04.695736+02:00
295903127,de:11000:900008101:1:51,-0.4,2026-10-02T01:01:04.695736+02:00
295903127,de:11000:900007102:2:53,-0.2,2026-10-02T01:01:04.695736+02:00
295903127,de:11000:900110011:2:52,-0.4,2026-10-02T01:01:04.695736+02:00
295903127,de:11000:900130002:1:50,0.0,2026-10-02T01:01:04.695736+02:00
295903127,de:11000:900130001:1:50,-0.7,2026-10-02T01:01:04.695736+02:00
295903127,de:11000:900142001:1:50,-0.2,2026-10-02T01:01:04.695736+02:00
295902985,de:11000:900130002:1:51,0.0,2026-10-02T01:01:04.695736+02:00
295902985,de:11000:900110011:1:51,-0.7,2026-10-02T01:01:04.695736+02:00
295902985,de:11000:900007102:1:50,-0.7,2026-10-02T01:01:04.695736+02:00
295902985,de:11000:900008101:1:50,-0.4,2026-10-02T01:01:04.695736+02:00
295902985,de:11000:900007104:1:50,-0.2,2026-10-02T01:01:04.695736+02:00
295906925,de:11000:900029101:1:50,0.0,2026-10-02T01:01:04.695736+02:00
295906925,de:11000:900030202:1:50,-0.3,2026-10-02T01:01:04.695736+02:00
295906925,de:11000:900025424:1:51,-0.2,2026-10-02T01:01:04.695736+02:00
295906925,de:11000:900025321:1:51,-0.2,2026-10-02T01:01:04.695736+02:00
295906925,de:11000:900026105:1:50,-0.4,2026-10-02T01:01:04.695736+02:00
295906925,de:11000:900025423:1:50,-0.7,2026-10-02T01:01:04.695736+02:00
295906925,de:11000:900024102:2:53,-0.7,2026-10-02T01:01:04.695736+02:00
295906925,de:11000:900024101:3:55,-0.3,2026-10-02T01:01:04.695736+02:00
295906925,de:11000:900024203:1:51,-0.8,2026-10-02T01:01:04.695736+02:00
295906925,de:11000:900023201:3:54,-0.7,2026-10-02T01:01:04.695736+02:00
295906925,de:11000:900003103:1:50,-0.8,2026-10-02T01:01:04.695736+02:00
295906925,de:11000:900003102:1:50,-0.9,2026-10-02T01:01:04.695736+02:00
295906925,de:11000:900003201:3:54,-0.5,2026-10-02T01:01:04.695736+02:00
295906925,de:11000:900100001:3:54,-0.1,2026-10-02T01:01:04.695736+02:00
295906925,de:11000:900100002:1:50,-0.4,2026-10-02T01:01:04.695736+02:00
295906925,de:11000:900100003:2:52,-0.1,2026-10-02T01:01:04.695736+02:00
295906925,de:11000:900100004:1:50,-0.4,2026-10-02T01:01:04.695736+02:00
295906925,de:11000:900120005:4:55,-0.6,2026-10-02T01:01:04.695736+02:00
295906925,de:11000:900120004:1:50,-0.1,2026-10-02T01:01:04.695736+02:00
295906925,de:11000:900120003:2:53,-0.4,2026-10-02T01:01:04.695736+02:00
295906925,de:11000:900160001:1:51,-0.4,2026-10-02T01:01:04.695736+02:00
295906925,de:11000:900160002:1:50,-0.7,2026-10-02T01:01:04.695736+02:00
295906925,de:11000:900162001:1:51,-0.3,2026-10-02T01:01:04.695736+02:00
295906925,de:11000:900180002:1:51,-0.3,2026-10-02T01:01:04.695736+02:00
295906925,de:11000:900180001:1:50,-0.7,2026-10-02T01:01:04.695736+02:00
295906925,de:11000:900182001:1:51,-0.2,2026-10-02T01:01:04.695736+02:00
295906925,de:11000:900182002:1:51,-0.4,2026-10-02T01:01:04.695736+02:00
295906925,de:11000:900183001:1:51,0.0,2026-10-02T01:01:04.695736+02:00
295906925,de:11000:900183002:1:51,-0.3,2026-10-02T01:01:04.695736+02:00
295906925,de:12067:900310004:3:53,-0.5,2026-10-02T01:01:04.695736+02:00
295906917,de:11000:900029101:1:50,0.0,2026-10-02T01:01:04.695736+02:00
295906917,de:11000:900030202:1:50,-0.3,2026-10-02T01:01:04.695736+02:00
295906917,de:11000:900025424:1:51,-0.2,2026-10-02T01:01:04.695736+02:00
295906917,de:11000:900025321:1:51,-0.2,2026-10-02T01:01:04.695736+02:00
295906917,de:11000:900026105:1:50,-0.4,2026-10-02T01:01:04.695736+02:00
295906917,de:11000:900025423:1:50,-0.7,2026-10-02T01:01:04.695736+02:00
295906917,de:11000:900024102:2:53,-0.7,2026-10-02T01:01:04.695736+02:00
295906917,de:11000:900024101:3:55,-0.3,2026-10-02T01:01:04.695736+02:00
295906917,de:11000:900024203:1:51,-0.8,2026-10-02T01:01:04.695736+02:00
295906917,de:11000:900023201:3:54,-0.7,2026-10-02T01:01:04.695736+02:00
295906917,de:11000:900003103:1:50,-0.8,2026-10-02T01:01:04.695736+02:00
295906917,de:11000:900003102:1:50,-0.9,2026-10-02T01:01:04.695736+02:00
295906917,de:11000:900003201:3:54,-0.5,2026-10-02T01:01:04.695736+02:00
295906917,de:11000:900100001:3:54,-0.1,2026-10-02T01:01:04.695736+02:00
295906917,de:11000:900100002:1:50,-0.4,2026-10-02T01:01:04.695736+02:00
295906917,de:11000:900100003:2:52,-0.1,2026-10-02T01:01:04.695736+02:00
295906917,de:11000:900100004:1:50,-0.4,2026-10-02T01:01:04.695736+02:00
295906917,de:11000:900120005:4:55,-0.6,2026-10-02T01:01:04.695736+02:00
295906917,de:11000:900120004:1:50,-0.1,2026-10-02T01:01:04.695736+02:00
295906917,de:11000:900120003:2:53,-0.4,2026-10-02T01:01:04.695736+02:00
295906917,de:11000:900160001:1:51,-0.4,2026-10-02T01:01:04.695736+02:00
295906917,de:11000:900160002:1:50,-0.7,2026-10-02T01:01:04.695736+02:00
295906917,de:11000:900162001:1:51,-0.3,2026-10-02T01:01:04.695736+02:00
295906917,de:11000:900180002:1:51,-0.3,2026-10-02T01:01:04.695736+02:00
295906917,de:11000:900180001:1:50,-0.7,2026-10-02T01:01:04.695736+02:00
295906917,de:11000:900182001:1:51,-0.2,2026-10-02T01:01:04.695736+02:00
295906917,de:11000:900182002:1:51,-0.4,2026-10-02T01:01:04.695736+02:00
295906917,de:11000:900183001:1:51,0.0,2026-10-02T01:01:04.695736+02:00
295906917,de:11000:900183002:1:51,-0.3,2026-10-02T01:01:04.695736+02:00
295906917,de:12067:900310004:3:53,-0.5,2026-10-02T01:01:04.695736+02:00
307442792,de:11000:900007102:4:57,0.0,2026-10-02T01:01:04.695736+02:00
307442792,de:12060:900350160:2:53,0.0,2026-10-02T01:01:04.695736+02:00
307442792,de:12060:900350127:2:51,0.0,2026-10-02T01:01:04.695736+02:00
307442792,000300570037,0.0,2026-10-02T01:01:04.695736+02:00
295910965,de:11000:900120005:4:56,0.0,2026-10-02T01:01:04.695736+02:00
295910965,de:11000:900120004:1:50,-0.9,2026-10-02T01:01:04.695736+02:00
295910965,de:11000:900120003:2:53,-0.1,2026-10-02T01:01:04.695736+02:00
295910965,de:11000:900160001:1:51,-0.9,2026-10-02T01:01:04.695736+02:00
295910965,de:11000:900160002:1:50,-0.2,2026-10-02T01:01:04.695736+02:00
295910965,de:11000:900162001:1:51,-0.3,2026-10-02T01:01:04.695736+02:00
295910962,de:11000:900120005:4:56,0.0,2026-10-02T01:01:04.695736+02:00
295910962,de:11000:900120004:1:50,-0.9,2026-10-02T01:01:04.695736+02:00
295910962,de:11000:900120003:2:53,-0.1,2026-10-02T01:01:04.695736+02:00
295910962,de:11000:900160001:1:51,-0.9,2026-10-02T01:01:04.695736+02:00
295910962,de:11000:900160002:1:50,-0.2,2026-10-02T01:01:04.695736+02:00
295910962,de:11000:900162001:1:51,-0.3,2026-10-02T01:01:04.695736+02:00
307437554,de:12062:900415345:4:55,0.0,2026-10-02T01:01:04.695736+02:00
307437554,de:12062:900415467:2:51,0.0,2026-10-02T01:01:04.695736+02:00
307437554,de:12062:900415357:1:50,0.0,2026-10-02T01:01:04.695736+02:00
307437554,de:12062:900415466:1:50,0.0,2026-10-02T01:01:04.695736+02:00
307437554,de:12062:900415112:4:53,0.0,2026-10-02T01:01:04.695736+02:00
307437554,de:12062:900415005:1:50,0.0,2026-10-02T01:01:04.695736+02:00
307437554,de:12066:900435527:2:51,0.0,2026-10-02T01:01:04.695736+02:00
307437554,de:12066:900435459:2:51,0.0,2026-10-02T01:01:04.695736+02:00
307437554,de:12071:900445885:2:51,0.0,2026-10-02T01:01:04.695736+02:00
307437554,de:12052:900470000:3:54,0.0,2026-10-02T01:01:04.695736+02:00
307437554,de:12052:900470001:2:51,0.0,2026-10-02T01:01:04.695736+02:00
307437554,de:12052:900470163:2:51,0.0,2026-10-02T01:01:04.695736+02:00
307437554,de:12052:900470307:2:51,0.0,2026-10-02T01:01:04.695736+02:00
307437554,de:12071:900446411:2:51,0.0,2026-10-02T01:01:04.695736+02:00
307437554,de:12071:900446103:2:51,0.0,2026-10-02T01:01:04.695736+02:00
307437554,de:12071:900445750:1:50,0.0,2026-10-02T01:01:04.695736+02:00
307437554,de:12071:900445751:1:50,0.0,2026-10-02T01:01:04.695736+02:00
307437554,de:12071:900445801:1:50,0.0,2026-10-02T01:01:04.695736+02:00
307437554,de:12071:900445593:2:52,0.0,2026-10-02T01:01:04.695736+02:00
307437554,de:12067:900311250:1:50,0.0,2026-10-02T01:01:04.695736+02:00
307437554,de:12067:900311612:1:50,0.0,2026-10-02T01:01:04.695736+02:00
307437554,de:12067:900310601:1:51,0.0,2026-10-02T01:01:04.695736+02:00
307437554,de:12067:900311307:1:51,0.0,2026-10-02T01:01:04.695736+02:00
307437554,de:12067:900311631:1:51,0.0,2026-10-02T01:01:04.695736+02:00
307437554,de:12067:900311620:2:51,0.0,2026-10-02T01:01:04.695736+02:00
307437554,de:12067:900311232:2:51,0.0,2026-10-02T01:01:04.695736+02:00
307437554,de:12067:900311233:2:51,0.0,2026-10-02T01:01:04.695736+02:00
307437554,de:12053:900360000:3:54,0.0,2026-10-02T01:01:04.695736+02:00
306896652,de:12067:900310611::1,0.0,2026-10-02T01:01:04.695736+02:00
306896652,de:12067:900311058::2,0.0,2026-10-02T01:01:04.695736+02:00
306896652,de:12067:900311110::4,0.0,2026-10-02T01:01:04.695736+02:00
306896652,de:12067:900311059::2,0.0,2026-10-02T01:01:04.695736+02:00
306896652,de:12067:900311069::1,0.0,2026-10-02T01:01:04.695736+02:00
306896652,de:12067:900311118::1,0.0,2026-10-02T01:01:04.695736+02:00
306896652,de:12067:900310966::1,0.0,2026-10-02T01:01:04.695736+02:00
306896652,de:12067:900310997::1,0.0,2026-10-02T01:01:04.695736+02:00
306896652,de:12067:900310998::1,0.0,2026-10-02T01:01:04.695736+02:00
306896652,de:12067:900310997::2,0.0,2026-10-02T01:01:04.695736+02:00
306896652,de:12067:900310966::2,0.0,2026-10-02T01:01:04.695736+02:00
306896652,de:12067:900311118::2,0.0,2026-10-02T01:01:04.695736+02:00
306896652,de:12067:900310904::2,0.0,2026-10-02T01:01:04.695736+02:00
306896652,de:12067:900310991::2,0.0,2026-10-02T01:01:04.695736+02:00
306896652,de:12067:900310990::1,0.0,2026-10-02T01:01:04.695736+02:00
306896652,de:12067:900310989::2,0.0,2026-10-02T01:01:04.695736+02:00
306896652,de:12067:900310992::2,-0.5,2026-10-02T01:01:04.695736+02:00
306896652,de:12067:900310995::1,0.0,2026-10-02T01:01:04.695736+02:00
306896652,de:12067:900310779::2,0.0,2026-10-02T01:01:04.695736+02:00
306896652,de:12067:900310808::2,0.0,2026-10-02T01:01:04.695736+02:00
306896652,de:12067:900310822::2,0.0,2026-10-02T01:01:04.695736+02:00
306896652,de:12067:900310781::2,0.0,2026-10-02T01:01:04.695736+02:00
306896652,de:12067:900310627::2,0.0,2026-10-02T01:01:04.695736+02:00
306896652,de:12067:900310816::2,0.0,2026-10-02T01:01:04.695736+02:00
306896652,de:12067:900310022::1,0.0,2026-10-02T01:01:04.695736+02:00
306896652,de:12067:900310001::11,0.0,2026-10-02T01:01:04.695736+02:00
306896956,de:12067:900311308::6,0.0,2026-10-02T01:01:04.695736+02:00
306896956,de:12067:900311335::1,0.0,2026-10-02T01:01:04.695736+02:00
306896956,de:12067:900311339::1,0.0,2026-10-02T01:01:04.695736+02:00
306896956,de:12067:900311340::1,0.0,2026-10-02T01:01:04.695736+02:00
306896956,de:12067:900311339::2,0.0,2026-10-02T01:01:04.695736+02:00
306896956,de:12067:900311341::1,0.0,2026-10-02T01:01:04.695736+02:00
306896956,de:12067:900311345::1,0.0,2026-10-02T01:01:04.695736+02:00
306896956,de:12067:900311359::1,0.0,2026-10-02T01:01:04.695736+02:00
306896956,de:12067:900310027::1,0.0,2026-10-02T01:01:04.695736+02:00
306896956,de:12067:900311317::1,0.0,2026-10-02T01:01:04.695736+02:00
306896956,de:12067:900311384::1,0.0,2026-10-02T01:01:04.695736+02:00
306896956,de:12067:900311316::1,0.0,2026-10-02T01:01:04.695736+02:00
306896956,de:12067:900311376::1,0.0,2026-10-02T01:01:04.695736+02:00
306896956,de:12067:900311377::1,0.0,2026-10-02T01:01:04.695736+02:00
306896956,de:12067:900311362::1,0.0,2026-10-02T01:01:04.695736+02:00
306896956,de:12067:900311363::1,0.0,2026-10-02T01:01:04.695736+02:00
306896956,de:12067:900311365::1,0.0,2026-10-02T01:01:04.695736+02:00
306896956,de:12067:900311374::1,0.0,2026-10-02T01:01:04.695736+02:00
306896956,de:12067:900311364::2,0.0,2026-10-02T01:01:04.695736+02:00
306896956,de:12067:900311371::2,0.0,2026-10-02T01:01:04.695736+02:00
306896956,de:12067:900311336::1,0.0,2026-10-02T01:01:04.695736+02:00
306896956,de:12067:900311352::1,0.0,2026-10-02T01:01:04.695736+02:00
306896956,de:12067:900311354::1,0.0,2026-10-02T01:01:04.695736+02:00
306896956,de:12067:900311357::1,0.0,2026-10-02T01:01:04.695736+02:00
306896956,de:12067:900311356::1,0.0,2026-10-02T01:01:04.695736+02:00
306896956,de:12067:900311325::2,0.0,2026-10-02T01:01:04.695736+02:00
306896956,de:12067:900311383::6,0.0,2026-10-02T01:01:04.695736+02:00
306896956,de:12067:900311315::2,0.0,2026-10-02T01:01:04.695736+02:00
306896956,de:12067:900311348::2,0.0,2026-10-02T01:01:04.695736+02:00
306896956,de:12067:900311308::4,0.0,2026-10-02T01:01:04.695736+02:00
295910401,de:12067:900310004:3:53,0.0,2026-10-02T01:01:04.695736+02:00
295910401,de:11000:900183002:1:50,-0.1,2026-10-02T01:01:04.695736+02:00
295910401,de:11000:900183001:1:50,-0.4,2026-10-02T01:01:04.695736+02:00
295910401,de:11000:900182002:1:50,0.0,2026-10-02T01:01:04.695736+02:00
295910401,de:11000:900182001:1:50,-0.2,2026-10-02T01:01:04.695736+02:00
295910401,de:11000:900180001:1:50,-0.7,2026-10-02T01:01:04.695736+02:00
295910401,de:11000:900180002:1:50,-0.7,2026-10-02T01:01:04.695736+02:00
295910401,de:11000:900162001:1:50,-0.9,2026-10-02T01:01:04.695736+02:00
295910401,de:11000:900160002:1:50,0.0,2026-10-02T01:01:04.695736+02:00
295910401,de:11000:900160001:1:50,-0.3,2026-10-02T01:01:04.695736+02:00
295910401,de:11000:900120003:3:54,-0.1,2026-10-02T01:01:04.695736+02:00
295910401,de:11000:900120004:2:52,-0.6,2026-10-02T01:01:04.695736+02:00
295910401,de:11000:900120005:4:56,-0.9,2026-10-02T01:01:04.695736+02:00
295910137,de:11000:900048101:2:52,0.0,2026-10-02T01:01:04.695736+02:00
295910137,de:11000:900024102:2:52,-0.7,2026-10-02T01:01:04.695736+02:00
295910137,de:11000:900024101:3:55,-0.3,2026-10-02T01:01:04.695736+02:00
295910137,de:11000:900024203:1:51,-0.3,2026-10-02T01:01:04.695736+02:00
295910137,de:11000:900023201:3:54,-0.2,2026-10-02T01:01:04.695736+02:00
295910137,de:11000:900003103:1:50,-0.3,2026-10-02T01:01:04.695736+02:00
295910137,de:11000:900003102:1:50,-0.4,2026-10-02T01:01:04.695736+02:00
295910137,de:11000:900003201:3:54,0.0,2026-10-02T01:01:04.695736+02:00
295910137,de:11000:900100001:3:54,-0.6,2026-10-02T01:01:04.695736+02:00
295910137,de:11000:900100002:1:50,-0.9,2026-10-02T01:01:04.695736+02:00
295910137,de:11000:900100003:2:52,-0.6,2026-10-02T01:01:04.695736+02:00
295910137,de:11000:900100004:1:50,-0.9,2026-10-02T01:01:04.695736+02:00
295910137,de:11000:900120005:4:55,-0.1,2026-10-02T01:01:04.695736+02:00
295910137,de:11000:900120004:1:50,-0.1,2026-10-02T01:01:04.695736+02:00
295910137,de:11000:900120003:2:53,-0.4,2026-10-02T01:01:04.695736+02:00
295910137,de:11000:900160001:1:51,-0.4,2026-10-02T01:01:04.695736+02:00
295910137,de:11000:900160002:1:50,-0.7,2026-10-02T01:01:04.695736+02:00
295910137,de:11000:900162001:1:51,-0.3,2026-10-02T01:01:04.695736+02:00
295910137,de:11000:900180002:1:51,-0.3,2026-10-02T01:01:04.695736+02:00
295910137,de:11000:900180001:1:50,-0.7,2026-10-02T01:01:04.695736+02:00
295910137,de:11000:900182001:1:51,-0.2,2026-10-02T01:01:04.695736+02:00
295910137,de:11000:900182002:1:51,-0.4,2026-10-02T01:01:04.695736+02:00
295910137,de:11000:900183001:1:51,0.0,2026-10-02T01:01:04.695736+02:00
295910137,de:11000:900183002:1:51,-0.3,2026-10-02T01:01:04.695736+02:00
295910137,de:12067:900310004:3:53,-0.5,2026-10-02T01:01:04.695736+02:00
307446736,de:12062:900415345:5:56,0.0,2026-10-02T01:01:04.695736+02:00
307446736,de:12062:900416072:1:50,0.0,2026-10-02T01:01:04.695736+02:00
307446736,de:14730:8011131,0.0,2026-10-02T01:01:04.695736+02:00
307446736,de:14730:8010351,0.0,2026-10-02T01:01:04.695736+02:00
307446736,de:14730:8012371,0.0,2026-10-02T01:01:04.695736+02:00
307446736,de:14730:8011387,0.0,2026-10-02T01:01:04.695736+02:00
307446736,de:14730:8010161,0.0,2026-10-02T01:01:04.695736+02:00
307446736,de:14730:8010095,0.0,2026-10-02T01:01:04.695736+02:00
307446736,de:14730:8011959,0.0,2026-10-02T01:01:04.695736+02:00
307446736,de:14730:8012656,0.0,2026-10-02T01:01:04.695736+02:00
307446736,de:14730:8013093,0.0,2026-10-02T01:01:04.695736+02:00
307446736,de:14713:8012190,0.0,2026-10-02T01:01:04.695736+02:00
307446736,de:14713:8012195,0.0,2026-10-02T01:01:04.695736+02:00
307446736,000008012273,0.0,2026-10-02T01:01:04.695736+02:00
307446736,de:14713:8012196,0.0,2026-10-02T01:01:04.695736+02:00
307446736,de:14713:8098205,0.0,2026-10-02T01:01:04.695736+02:00
307446736,de:14713:8012186,0.0,2026-10-02T01:01:04.695736+02:00
307446736,de:14713:8012202,0.0,2026-10-02T01:01:04.695736+02:00
307446736,de:14713:8012184,0.0,2026-10-02T01:01:04.695736+02:00
307446736,de:14713:8012187,0.0,2026-10-02T01:01:04.695736+02:00
307446736,de:14713:8012343,0.0,2026-10-02T01:01:04.695736+02:00
307446736,de:14713:8012194,0.0,2026-10-02T01:01:04.695736+02:00
307446736,de:14713:8010008,0.0,2026-10-02T01:01:04.695736+02:00
307446736,de:14713:8011491,0.0,2026-10-02T01:01:04.695736+02:00
307446736,de:14729:8010059,0.0,2026-10-02T01:01:04.695736+02:00
307446736,de:14729:8011626,0.0,2026-10-02T01:01:04.695736+02:00
307446736,de:14729:8012284,0.0,2026-10-02T01:01:04.695736+02:00
307446736,de:14729:8011018,0.0,2026-10-02T01:01:04.695736+02:00
307446736,de:14729:8013362,0.0,2026-10-02T01:01:04.695736+02:00
307446736,de:14729:8013361,0.0,2026-10-02T01:01:04.695736+02:00
306896491,de:12064:900320228::1,0.0,2026-10-02T01:01:04.695736+02:00
306896491,de:12064:900320280::2,0.0,2026-10-02T01:01:04.695736+02:00
306896491,de:12064:900320229::2,-0.5,2026-10-02T01:01:04.695736+02:00
306896491,de:12064:900320279::2,-0.5,2026-10-02T01:01:04.695736+02:00
306896491,de:12064:900320277::2,0.0,2026-10-02T01:01:04.695736+02:00
306896491,de:12067:900311015::2,0.0,2026-10-02T01:01:04.695736+02:00
306896491,de:12067:900310711::2,0.0,2026-10-02T01:01:04.695736+02:00
306896491,de:12067:900310712::2,0.0,2026-10-02T01:01:04.695736+02:00
306896491,de:12067:900310802::2,0.0,2026-10-02T01:01:04.695736+02:00
306896491,de:12067:900310803::2,0.0,2026-10-02T01:01:04.695736+02:00
306896491,de:12067:900310813::2,0.0,2026-10-02T01:01:04.695736+02:00
306896491,de:12067:900310825::1,0.0,2026-10-02T01:01:04.695736+02:00
306896491,de:12067:900310835::2,0.0,2026-10-02T01:01:04.695736+02:00
306896491,de:12067:900310001::9,0.0,2026-10-02T01:01:04.695736+02:00
306896491,de:12067:900311149::2,0.0,2026-10-02T01:01:04.695736+02:00
306896491,de:12067:900310001::11,0.0,2026-10-02T01:01:04.695736+02:00
307275259,de:12067:900310004:3:52,0.0,2026-10-02T01:01:04.695736+02:00
307275259,de:11000:900183002:1:50,-0.1,2026-10-02T01:01:04.695736+02:00
307275259,de:11000:900183001:1:50,-0.4,2026-10-02T01:01:04.695736+02:00
307275259,de:11000:900182002:1:50,0.0,2026-10-02T01:01:04.695736+02:00
307275259,de:11000:900182001:1:50,-0.2,2026-10-02T01:01:04.695736+02:00
307275259,de:11000:900180001:1:50,-0.7,2026-10-02T01:01:04.695736+02:00
307275259,de:11000:900180002:1:50,-0.7,2026-10-02T01:01:04.695736+02:00
307275259,de:11000:900162001:1:50,-0.9,2026-10-02T01:01:04.695736+02:00
307275259,de:11000:900160002:1:50,0.0,2026-10-02T01:01:04.695736+02:00
307275259,de:11000:900160001:1:50,-0.3,2026-10-02T01:01:04.695736+02:00
307275259,de:11000:900120003:3:55,-0.1,2026-10-02T01:01:04.695736+02:00
307275259,de:11000:900120004:2:53,-0.6,2026-10-02T01:01:04.695736+02:00
307275259,de:11000:900120005:5:58,-0.9,2026-10-02T01:01:04.695736+02:00
307275259,de:11000:900100004:1:51,-0.9,2026-10-02T01:01:04.695736+02:00
307275259,de:11000:900100003:2:53,-0.9,2026-10-02T01:01:04.695736+02:00
307275259,de:11000:900100002:1:51,-0.9,2026-10-02T01:01:04.695736+02:00
307275259,de:11000:900100001:3:55,-0.9,2026-10-02T01:01:04.695736+02:00
307275259,de:11000:900003201:3:55,-0.6,2026-10-02T01:01:04.695736+02:00
307275259,de:11000:900003102:1:51,-0.3,2026-10-02T01:01:04.695736+02:00
307275259,de:11000:900003103:1:51,-0.4,2026-10-02T01:01:04.695736+02:00
307275259,de:11000:900023201:3:55,-0.3,2026-10-02T01:01:04.695736+02:00
307275259,de:11000:900024203:1:51,-0.3,2026-10-02T01:01:04.695736+02:00
307275259,de:11000:900024101:4:56,-0.3,2026-10-02T01:01:04.695736+02:00
295910125,de:11000:900024101:3:55,0.0,2026-10-02T01:01:04.695736+02:00
295910125,de:11000:900024203:1:51,-0.3,2026-10-02T01:01:04.695736+02:00
295910125,de:11000:900023201:3:54,-0.2,2026-10-02T01:01:04.695736+02:00
295910125,de:11000:900003103:1:50,-0.3,2026-10-02T01:01:04.695736+02:00
295910125,de:11000:900003102:1:50,-0.4,2026-10-02T01:01:04.695736+02:00
295910125,de:11000:900003201:3:54,0.0,2026-10-02T01:01:04.695736+02:00
295910125,de:11000:900100001:3:54,-0.6,2026-10-02T01:01:04.695736+02:00
295910125,de:11000:900100002:1:50,-0.9,2026-10-02T01:01:04.695736+02:00
295910125,de:11000:900100003:2:52,-0.6,2026-10-02T01:01:04.695736+02:00
295910125,de:11000:900100004:1:50,-0.9,2026-10-02T01:01:04.695736+02:00
295910125,de:11000:900120005:4:55,-0.1,2026-10-02T01:01:04.695736+02:00
295910125,de:11000:900120004:1:50,-0.1,2026-10-02T01:01:04.695736+02:00
295910125,de:11000:900120003:2:53,-0.4,2026-10-02T01:01:04.695736+02:00
295910125,de:11000:900160001:1:51,-0.4,2026-10-02T01:01:04.695736+02:00
295910125,de:11000:900160002:1:50,-0.7,2026-10-02T01:01:04.695736+02:00
295910125,de:11000:900162001:1:51,-0.3,2026-10-02T01:01:04.695736+02:00
295910125,de:11000:900180002:1:51,-0.3,2026-10-02T01:01:04.695736+02:00
295910125,de:11000:900180001:1:50,-0.7,2026-10-02T01:01:04.695736+02:00
295910125,de:11000:900182001:1:51,-0.2,2026-10-02T01:01:04.695736+02:00
295910125,de:11000:900182002:1:51,-0.4,2026-10-02T01:01:04.695736+02:00
295910340,de:12067:900310004:3:53,0.0,2026-10-02T01:01:04.695736+02:00
295910340,de:11000:900183002:1:50,-0.1,2026-10-02T01:01:04.695736+02:00
295910340,de:11000:900183001:1:50,-0.4,2026-10-02T01:01:04.695736+02:00
295910340,de:11000:900182002:1:50,0.0,2026-10-02T01:01:04.695736+02:00
295910340,de:11000:900182001:1:50,-0.2,2026-10-02T01:01:04.695736+02:00
295910340,de:11000:900180001:1:50,-0.7,2026-10-02T01:01:04.695736+02:00
295910340,de:11000:900180002:1:50,-0.7,2026-10-02T01:01:04.695736+02:00
295910340,de:11000:900162001:1:50,-0.9,2026-10-02T01:01:04.695736+02:00
295910340,de:11000:900160002:1:50,0.0,2026-10-02T01:01:04.695736+02:00
295910340,de:11000:900160001:1:50,-0.3,2026-10-02T01:01:04.695736+02:00
295910340,de:11000:900120003:3:55,-0.1,2026-10-02T01:01:04.695736+02:00
295910340,de:11000:900120004:2:53,-0.6,2026-10-02T01:01:04.695736+02:00
295910340,de:11000:900120005:5:58,-0.9,2026-10-02T01:01:04.695736+02:00
295910340,de:11000:900100004:1:51,-0.9,2026-10-02T01:01:04.695736+02:00
295910340,de:11000:900100003:2:53,-0.9,2026-10-02T01:01:04.695736+02:00
295910340,de:11000:900100002:1:51,-0.9,2026-10-02T01:01:04.695736+02:00
295910340,de:11000:900100001:3:55,-0.9,2026-10-02T01:01:04.695736+02:00
295910340,de:11000:900003201:3:55,-0.6,2026-10-02T01:01:04.695736+02:00
295910340,de:11000:900003102:1:51,-0.3,2026-10-02T01:01:04.695736+02:00
295910340,de:11000:900003103:1:51,-0.4,2026-10-02T01:01:04.695736+02:00
295910340,de:11000:900023201:3:55,-0.3,2026-10-02T01:01:04.695736+02:00
295910340,de:11000:900024203:1:51,-0.3,2026-10-02T01:01:04.695736+02:00
295910340,de:11000:900024101:4:56,-0.3,2026-10-02T01:01:04.695736+02:00
307280588,de:11000:900020202:1:51,0.0,2026-10-02T01:01:04.695736+02:00
307280588,de:11000:900001201:1:51,-0.2,2026-10-02T01:01:04.695736+02:00
307280588,de:11000:900009104:1:51,-0.8,2026-10-02T01:01:04.695736+02:00
307280588,de:11000:900007102:2:52,-0.9,2026-10-02T01:01:04.695736+02:00
307280588,de:11000:900110001:1:50,-0.6,2026-10-02T01:01:04.695736+02:00
307280588,de:11000:900110002:1:50,-0.4,2026-10-02T01:01:04.695736+02:00
307280588,de:11000:900110003:1:50,-0.4,2026-10-02T01:01:04.695736+02:00
307280588,de:11000:900110004:1:50,-0.8,2026-10-02T01:01:04.695736+02:00
307280588,de:11000:900110012:1:50,-0.7,2026-10-02T01:01:04.695736+02:00
307280588,de:11000:900120001:1:50,-0.7,2026-10-02T01:01:04.695736+02:00
307280588,de:11000:900120003:5:58,-0.1,2026-10-02T01:01:04.695736+02:00
307280588,de:11000:900190001:1:50,-0.4,2026-10-02T01:01:04.695736+02:00
307280588,de:11000:900077106:1:50,-0.4,2026-10-02T01:01:04.695736+02:00
307280588,de:11000:900078201:1:50,-0.3,2026-10-02T01:01:04.695736+02:00
307280588,de:11000:900079221:1:50,-0.2,2026-10-02T01:01:04.695736+02:00
307280588,de:11000:900068201:1:50,-0.8,2026-10-02T01:01:04.695736+02:00
307280588,de:11000:900058101:5:58,-0.1,2026-10-02T01:01:04.695736+02:00
307280588,de:11000:900054104:2:52,-0.2,2026-10-02T01:01:04.695736+02:00
307280588,de:11000:900054105:1:50,-0.9,2026-10-02T01:01:04.695736+02:00
307280588,de:11000:900044202:1:50,-0.7,2026-10-02T01:01:04.695736+02:00
307280588,de:11000:900045102:1:50,-0.7,2026-10-02T01:01:04.695736+02:00
307280588,de:11000:900044101:1:50,-0.8,2026-10-02T01:01:04.695736+02:00
307280588,de:11000:900040101:1:50,-0.8,2026-10-02T01:01:04.695736+02:00
307280462,de:11000:900020202:1:50,0.0,2026-10-02T01:01:04.695736+02:00
307280462,de:11000:900001201:1:50,-0.2,2026-10-02T01:01:04.695736+02:00
307280462,de:11000:900009104:1:50,-0.8,2026-10-02T01:01:04.695736+02:00
307280462,de:11000:900007102:2:52,-0.4,2026-10-02T01:01:04.695736+02:00
307280462,de:11000:900110001:1:50,-0.6,2026-10-02T01:01:04.695736+02:00
307280462,de:11000:900110002:1:50,-0.4,2026-10-02T01:01:04.695736+02:00
307280462,de:11000:900110003:1:50,-0.4,2026-10-02T01:01:04.695736+02:00
307280462,de:11000:900110004:1:50,-0.8,2026-10-02T01:01:04.695736+02:00
307280462,de:11000:900110012:1:50,-0.7,2026-10-02T01:01:04.695736+02:00
307280462,de:11000:900120001:1:50,-0.7,2026-10-02T01:01:04.695736+02:00
307280462,de:11000:900120003:5:58,-0.1,2026-10-02T01:01:04.695736+02:00
307280462,de:11000:900190001:1:50,-0.4,2026-10-02T01:01:04.695736+02:00
307280462,de:11000:900077106:1:50,-0.4,2026-10-02T01:01:04.695736+02:00
307280462,de:11000:900078201:1:50,-0.3,2026-10-02T01:01:04.695736+02:00
307280462,de:11000:900079221:1:50,-0.2,2026-10-02T01:01:04.695736+02:00
307280462,de:11000:900068201:1:50,-0.8,2026-10-02T01:01:04.695736+02:00
307280462,de:11000:900058101:5:58,-0.1,2026-10-02T01:01:04.695736+02:00
307280462,de:11000:900054104:2:52,-0.7,2026-10-02T01:01:04.695736+02:00
307280462,de:11000:900054105:1:50,-0.9,2026-10-02T01:01:04.695736+02:00
307280462,de:11000:900044202:1:50,-0.7,2026-10-02T01:01:04.695736+02:00
307280462,de:11000:900045102:1:50,-0.7,2026-10-02T01:01:04.695736+02:00
307280462,de:11000:900044101:1:50,-0.8,2026-10-02T01:01:04.695736+02:00
307280462,de:11000:900040101:1:50,-0.3,2026-10-02T01:01:04.695736+02:00
307280462,de:11000:900024101:3:54,-0.8,2026-10-02T01:01:04.695736+02:00
307280429,de:11000:900020202:1:50,0.0,2026-10-02T01:01:04.695736+02:00
307280429,de:11000:900001201:1:50,-0.2,2026-10-02T01:01:04.695736+02:00
307280429,de:11000:900009104:1:50,-0.8,2026-10-02T01:01:04.695736+02:00
307280429,de:11000:900007102:2:52,-0.4,2026-10-02T01:01:04.695736+02:00
307280429,de:11000:900110001:1:50,-0.6,2026-10-02T01:01:04.695736+02:00
307280429,de:11000:900110002:1:50,-0.4,2026-10-02T01:01:04.695736+02:00
307280429,de:11000:900110003:1:50,-0.4,2026-10-02T01:01:04.695736+02:00
307280429,de:11000:900110004:1:50,-0.8,2026-10-02T01:01:04.695736+02:00
307280429,de:11000:900110012:1:50,-0.7,2026-10-02T01:01:04.695736+02:00
307280429,de:11000:900120001:1:50,-0.7,2026-10-02T01:01:04.695736+02:00
307280429,de:11000:900120003:5:58,-0.1,2026-10-02T01:01:04.695736+02:00
307280429,de:11000:900190001:1:50,-0.4,2026-10-02T01:01:04.695736+02:00
307280429,de:11000:900077106:1:50,-0.4,2026-10-02T01:01:04.695736+02:00
307280429,de:11000:900078201:1:50,-0.3,2026-10-02T01:01:04.695736+02:00
307280429,de:11000:900079221:1:50,-0.2,2026-10-02T01:01:04.695736+02:00
307280429,de:11000:900068201:1:50,-0.8,2026-10-02T01:01:04.695736+02:00
307280429,de:11000:900058101:5:58,-0.1,2026-10-02T01:01:04.695736+02:00
307280429,de:11000:900054104:2:52,-0.7,2026-10-02T01:01:04.695736+02:00
307280429,de:11000:900054105:1:50,-0.9,2026-10-02T01:01:04.695736+02:00
307280429,de:11000:900044202:1:50,-0.7,2026-10-02T01:01:04.695736+02:00
307280429,de:11000:900045102:1:50,-0.7,2026-10-02T01:01:04.695736+02:00
307280429,de:11000:900044101:1:50,-0.8,2026-10-02T01:01:04.695736+02:00
307280429,de:11000:900040101:1:50,-0.3,2026-10-02T01:01:04.695736+02:00
307280429,de:11000:900024101:3:54,-0.8,2026-10-02T01:01:04.695736+02:00
307286652,de:11000:900024101:3:54,0.0,2026-10-02T01:01:04.695736+02:00
307286652,de:11000:900040101:1:50,-0.2,2026-10-02T01:01:04.695736+02:00
307286652,de:11000:900044101:1:50,-0.3,2026-10-02T01:01:04.695736+02:00
307286652,de:11000:900045102:1:51,-0.4,2026-10-02T01:01:04.695736+02:00
307286652,de:11000:900044202:1:51,-0.4,2026-10-02T01:01:04.695736+02:00
307286652,de:11000:900054105:1:51,-0.2,2026-10-02T01:01:04.695736+02:00
307286652,de:11000:900054104:2:53,-0.8,2026-10-02T01:01:04.695736+02:00
307286652,de:11000:900058101:5:59,-0.2,2026-10-02T01:01:04.695736+02:00
307286652,de:11000:900068201:1:51,-0.8,2026-10-02T01:01:04.695736+02:00
307286652,de:11000:900079221:1:51,-0.4,2026-10-02T01:01:04.695736+02:00
307286652,de:11000:900078201:1:51,-0.1,2026-10-02T01:01:04.695736+02:00
307286652,de:11000:900077106:1:51,0.0,2026-10-02T01:01:04.695736+02:00
307286652,de:11000:900190001:2:52,-0.9,2026-10-02T01:01:04.695736+02:00
307286652,de:11000:900120003:5:59,-0.4,2026-10-02T01:01:04.695736+02:00
307286652,de:11000:900120001:1:51,0.0,2026-10-02T01:01:04.695736+02:00
307286652,de:11000:900110012:1:51,-0.2,2026-10-02T01:01:04.695736+02:00
307286652,de:11000:900110004:1:51,-0.1,2026-10-02T01:01:04.695736+02:00
307286652,de:11000:900110003:1:51,-0.4,2026-10-02T01:01:04.695736+02:00
307286652,de:11000:900110002:1:51,-0.4,2026-10-02T01:01:04.695736+02:00
307286652,de:11000:900110001:1:51,-0.1,2026-10-02T01:01:04.695736+02:00
307286652,de:11000:900007102:1:51,-0.6,2026-10-02T01:01:04.695736+02:00
307286652,de:11000:900009104:1:51,-0.8,2026-10-02T01:01:04.695736+02:00
307286652,de:11000:900001201:1:51,-0.3,2026-10-02T01:01:04.695736+02:00
307286652,de:11000:900020202:1:51,-0.1,2026-10-02T01:01:04.695736+02:00
306895834,de:12067:900311115::2,0.0,2026-10-02T01:01:04.695736+02:00
306895834,de:12067:900310773::2,0.0,2026-10-02T01:01:04.695736+02:00
306895834,de:12067:900310797::2,0.0,2026-10-02T01:01:04.695736+02:00
306895834,de:12067:900310789::2,0.0,2026-10-02T01:01:04.695736+02:00
306895834,de:12067:900310781::2,0.0,2026-10-02T01:01:04.695736+02:00
306895834,de:12067:900311155::1,0.0,2026-10-02T01:01:04.695736+02:00
306895834,de:12067:900311149::2,0.0,2026-10-02T01:01:04.695736+02:00
306895834,de:12067:900310001::11,0.0,2026-10-02T01:01:04.695736+02:00
306895832,de:12067:900311115::2,0.0,2026-10-02T01:01:04.695736+02:00
306895832,de:12067:900310773::2,0.0,2026-10-02T01:01:04.695736+02:00
306895832,de:12067:900310797::2,0.0,2026-10-02T01:01:04.695736+02:00
306895832,de:12067:900310789::2,0.0,2026-10-02T01:01:04.695736+02:00
306895832,de:12067:900310781::2,0.0,2026-10-02T01:01:04.695736+02:00
306895832,de:12067:900311155::1,0.0,2026-10-02T01:01:04.695736+02:00
306895832,de:12067:900311149::2,0.0,2026-10-02T01:01:04.695736+02:00
306895832,de:12067:900310001::11,0.0,2026-10-02T01:01:04.695736+02:00
307292678,de:12061:900260001:2:52,0.0,2026-10-02T01:01:04.695736+02:00
307292678,de:12061:900260002:1:51,-0.8,2026-10-02T01:01:04.695736+02:00
307292678,de:12061:900260003:1:51,-0.7,2026-10-02T01:01:04.695736+02:00
307292678,de:12061:900260004:1:51,-0.9,2026-10-02T01:01:04.695736+02:00
307292678,de:11000:900186001:2:53,-0.2,2026-10-02T01:01:04.695736+02:00
307292678,de:11000:900193002:1:51,-0.2,2026-10-02T01:01:04.695736+02:00
307292678,de:11000:900193001:2:51,-0.8,2026-10-02T01:01:04.695736+02:00
307292678,de:11000:900192001:3:55,-0.7,2026-10-02T01:01:04.695736+02:00
307292678,de:11000:900191001:1:50,-0.4,2026-10-02T01:01:04.695736+02:00
307292678,de:11000:900077155:1:50,-0.9,2026-10-02T01:01:04.695736+02:00
307292678,de:11000:900078201:1:50,-0.4,2026-10-02T01:01:04.695736+02:00
307292678,de:11000:900079221:1:50,-0.2,2026-10-02T01:01:04.695736+02:00
307292678,de:11000:900068201:1:50,-0.8,2026-10-02T01:01:04.695736+02:00
307292678,de:11000:900058101:5:58,-0.1,2026-10-02T01:01:04.695736+02:00
307292678,de:11000:900054104:2:52,-0.2,2026-10-02T01:01:04.695736+02:00
307292678,de:11000:900054105:1:50,-0.9,2026-10-02T01:01:04.695736+02:00
307292678,de:11000:900044202:1:50,-0.7,2026-10-02T01:01:04.695736+02:00
307292662,de:12061:900260001:2:52,0.0,2026-10-02T01:01:04.695736+02:00
307292662,de:12061:900260002:1:51,-0.8,2026-10-02T01:01:04.695736+02:00
307292662,de:12061:900260003:1:51,-0.7,2026-10-02T01:01:04.695736+02:00
307292662,de:12061:900260004:1:51,-0.9,2026-10-02T01:01:04.695736+02:00
307292662,de:11000:900186001:2:53,-0.2,2026-10-02T01:01:04.695736+02:00
307292662,de:11000:900193002:1:51,-0.2,2026-10-02T01:01:04.695736+02:00
307292662,de:11000:900193001:2:51,-0.8,2026-10-02T01:01:04.695736+02:00
307292662,de:11000:900192001:3:55,-0.7,2026-10-02T01:01:04.695736+02:00
307292662,de:11000:900191001:1:50,-0.4,2026-10-02T01:01:04.695736+02:00
307292662,de:11000:900077155:1:50,-0.9,2026-10-02T01:01:04.695736+02:00
307292662,de:11000:900078201:1:50,-0.4,2026-10-02T01:01:04.695736+02:00
307292662,de:11000:900079221:1:50,-0.2,2026-10-02T01:01:04.695736+02:00
307292662,de:11000:900068201:1:50,-0.8,2026-10-02T01:01:04.695736+02:00
307292662,de:11000:900058101:5:58,-0.1,2026-10-02T01:01:04.695736+02:00
307292662,de:11000:900054104:2:52,-0.2,2026-10-02T01:01:04.695736+02:00
307292662,de:11000:900054105:1:50,-0.9,2026-10-02T01:01:04.695736+02:00
307292662,de:11000:900044202:1:50,-0.7,2026-10-02T01:01:04.695736+02:00
307292658,de:12061:900260001:2:52,0.0,2026-10-02T01:01:04.695736+02:00
307292658,de:12061:900260002:1:51,-0.8,2026-10-02T01:01:04.695736+02:00
307292658,de:12061:900260003:1:51,-0.7,2026-10-02T01:01:04.695736+02:00
307292658,de:12061:900260004:1:51,-0.9,2026-10-02T01:01:04.695736+02:00
307292658,de:11000:900186001:2:53,-0.2,2026-10-02T01:01:04.695736+02:00
307292658,de:11000:900193002:1:51,-0.2,2026-10-02T01:01:04.695736+02:00
307292658,de:11000:900193001:2:51,-0.8,2026-10-02T01:01:04.695736+02:00
307292658,de:11000:900192001:3:55,-0.7,2026-10-02T01:01:04.695736+02:00
307292658,de:11000:900191001:1:50,-0.4,2026-10-02T01:01:04.695736+02:00
307292658,de:11000:900077155:1:50,-0.9,2026-10-02T01:01:04.695736+02:00
307292658,de:11000:900078201:1:50,-0.4,2026-10-02T01:01:04.695736+02:00
307292658,de:11000:900079221:1:50,-0.2,2026-10-02T01:01:04.695736+02:00
307292658,de:11000:900068201:1:50,-0.8,2026-10-02T01:01:04.695736+02:00
307292658,de:11000:900058101:5:58,-0.1,2026-10-02T01:01:04.695736+02:00
307292658,de:11000:900054104:2:52,-0.2,2026-10-02T01:01:04.695736+02:00
307292658,de:11000:900054105:1:50,-0.9,2026-10-02T01:01:04.695736+02:00
307292658,de:11000:900044202:1:50,-0.7,2026-10-02T01:01:04.695736+02:00
307292651,de:12061:900260001:2:52,0.0,2026-10-02T01:01:04.695736+02:00
307292651,de:12061:900260002:1:51,-0.8,2026-10-02T01:01:04.695736+02:00
307292651,de:12061:900260003:1:51,-0.7,2026-10-02T01:01:04.695736+02:00
307292651,de:12061:900260004:1:51,-0.9,2026-10-02T01:01:04.695736+02:00
307292651,de:11000:900186001:2:53,-0.2,2026-10-02T01:01:04.695736+02:00
307292651,de:11000:900193002:1:51,-0.2,2026-10-02T01:01:04.695736+02:00
307292651,de:11000:900193001:2:51,-0.8,2026-10-02T01:01:04.695736+02:00
307292651,de:11000:900192001:3:55,-0.7,2026-10-02T01:01:04.695736+02:00
307292651,de:11000:900191001:1:50,-0.4,2026-10-02T01:01:04.695736+02:00
307292651,de:11000:900077155:1:50,-0.9,2026-10-02T01:01:04.695736+02:00
307292651,de:11000:900078201:1:50,-0.4,2026-10-02T01:01:04.695736+02:00
307292651,de:11000:900079221:1:50,-0.2,2026-10-02T01:01:04.695736+02:00
307292651,de:11000:900068201:1:50,-0.8,2026-10-02T01:01:04.695736+02:00
307292651,de:11000:900058101:5:58,-0.1,2026-10-02T01:01:04.695736+02:00
307292651,de:11000:900054104:2:52,-0.2,2026-10-02T01:01:04.695736+02:00
307292651,de:11000:900054105:1:50,-0.9,2026-10-02T01:01:04.695736+02:00
307292651,de:11000:900044202:1:50,-0.7,2026-10-02T01:01:04.695736+02:00
307292207,de:11000:900044202:1:51,0.0,2026-10-02T01:01:04.695736+02:00
307292207,de:11000:900054105:1:51,-0.2,2026-10-02T01:01:04.695736+02:00
307292207,de:11000:900054104:2:53,-0.8,2026-10-02T01:01:04.695736+02:00
307292207,de:11000:900058101:5:59,-0.7,2026-10-02T01:01:04.695736+02:00
307292207,de:11000:900068201:1:51,-0.3,2026-10-02T01:01:04.695736+02:00
307292207,de:11000:900079221:1:51,-0.9,2026-10-02T01:01:04.695736+02:00
307292207,de:11000:900078201:1:51,-0.6,2026-10-02T01:01:04.695736+02:00
307292207,de:11000:900077155:1:51,-0.2,2026-10-02T01:01:04.695736+02:00
307292207,de:11000:900191001:2:51,-0.7,2026-10-02T01:01:04.695736+02:00
307292207,de:11000:900192001:2:52,-0.7,2026-10-02T01:01:04.695736+02:00
307292207,de:11000:900193001:1:50,-0.2,2026-10-02T01:01:04.695736+02:00
307292207,de:11000:900193002:1:50,-0.8,2026-10-02T01:01:04.695736+02:00
307292207,de:11000:900186001:1:50,-0.8,2026-10-02T01:01:04.695736+02:00
307292207,de:12061:900260004:1:50,-0.2,2026-10-02T01:01:04.695736+02:00
307292207,de:12061:900260003:1:50,-0.4,2026-10-02T01:01:04.695736+02:00
307292207,de:12061:900260002:1:51,-0.2,2026-10-02T01:01:04.695736+02:00
307292207,de:12061:900260001:2:52,-0.2,2026-10-02T01:01:04.695736+02:00
307292203,de:11000:900044202:1:51,0.0,2026-10-02T01:01:04.695736+02:00
307292203,de:11000:900054105:1:51,-0.2,2026-10-02T01:01:04.695736+02:00
307292203,de:11000:900054104:2:53,-0.8,2026-10-02T01:01:04.695736+02:00
307292203,de:11000:900058101:5:59,-0.7,2026-10-02T01:01:04.695736+02:00
307292203,de:11000:900068201:1:51,-0.3,2026-10-02T01:01:04.695736+02:00
307292203,de:11000:900079221:1:51,-0.9,2026-10-02T01:01:04.695736+02:00
307292203,de:11000:900078201:1:51,-0.6,2026-10-02T01:01:04.695736+02:00
307292203,de:11000:900077155:1:51,-0.2,2026-10-02T01:01:04.695736+02:00
307292203,de:11000:900191001:2:51,-0.7,2026-10-02T01:01:04.695736+02:00
307292203,de:11000:900192001:2:52,-0.7,2026-10-02T01:01:04.695736+02:00
307292203,de:11000:900193001:1:50,-0.2,2026-10-02T01:01:04.695736+02:00
307292203,de:11000:900193002:1:50,-0.8,2026-10-02T01:01:04.695736+02:00
307292203,de:11000:900186001:1:50,-0.8,2026-10-02T01:01:04.695736+02:00
307292203,de:12061:900260004:1:50,-0.2,2026-10-02T01:01:04.695736+02:00
307292203,de:12061:900260003:1:50,-0.4,2026-10-02T01:01:04.695736+02:00
307292203,de:12061:900260002:1:51,-0.2,2026-10-02T01:01:04.695736+02:00
307292203,de:12061:900260001:2:52,-0.2,2026-10-02T01:01:04.695736+02:00
295932963,de:11000:900058101:5:59,0.0,2026-10-02T01:01:04.695736+02:00
295932963,de:11000:900068201:1:51,-0.3,2026-10-02T01:01:04.695736+02:00
295932963,de:11000:900079221:1:51,-0.9,2026-10-02T01:01:04.695736+02:00
295932963,de:11000:900078201:1:51,-0.6,2026-10-02T01:01:04.695736+02:00
295932963,de:11000:900077155:1:51,-0.2,2026-10-02T01:01:04.695736+02:00
295932963,de:11000:900191001:2:51,-0.7,2026-10-02T01:01:04.695736+02:00
295932963,de:11000:900192001:2:53,-0.7,2026-10-02T01:01:04.695736+02:00
295932963,de:11000:900192002:1:50,-0.5,2026-10-02T01:01:04.695736+02:00
295932963,de:11000:900180003:1:50,-0.7,2026-10-02T01:01:04.695736+02:00
295932955,de:11000:900058101:5:59,0.0,2026-10-02T01:01:04.695736+02:00
295932955,de:11000:900068201:1:51,-0.3,2026-10-02T01:01:04.695736+02:00
295932955,de:11000:900079221:1:51,-0.9,2026-10-02T01:01:04.695736+02:00
295932955,de:11000:900078201:1:51,-0.6,2026-10-02T01:01:04.695736+02:00
295932955,de:11000:900077155:1:51,-0.2,2026-10-02T01:01:04.695736+02:00
295932955,de:11000:900191001:2:51,-0.7,2026-10-02T01:01:04.695736+02:00
295932955,de:11000:900192001:2:53,-0.7,2026-10-02T01:01:04.695736+02:00
295932955,de:11000:900192002:1:50,-0.5,2026-10-02T01:01:04.695736+02:00
295932955,de:11000:900180003:1:50,-0.7,2026-10-02T01:01:04.695736+02:00
295936914,de:12064:900320001:1:50,0.0,2026-10-02T01:01:04.695736+02:00
295936914,de:12064:900320002:1:50,-0.3,2026-10-02T01:01:04.695736+02:00
295936914,de:12064:900320003:1:50,-0.1,2026-10-02T01:01:04.695736+02:00
295936914,de:12064:900320004:2:51,-0.8,2026-10-02T01:01:04.695736+02:00
295936914,de:12064:900320005:1:50,0.0,2026-10-02T01:01:04.695736+02:00
295936914,de:12064:900320006:1:51,-0.8,2026-10-02T01:01:04.695736+02:00
295936914,de:12064:900320007:1:50,-0.8,2026-10-02T01:01:04.695736+02:00
295936914,de:12064:900320008:1:51,-0.5,2026-10-02T01:01:04.695736+02:00
295936914,de:12064:900320026:1:50,-0.3,2026-10-02T01:01:04.695736+02:00
295936914,de:11000:900176001:1:51,-0.7,2026-10-02T01:01:04.695736+02:00
295936914,de:11000:900175002:1:50,-0.7,2026-10-02T01:01:04.695736+02:00
295936914,de:11000:900175001:1:50,-0.6,2026-10-02T01:01:04.695736+02:00
295936914,de:11000:900171001:1:50,-0.3,2026-10-02T01:01:04.695736+02:00
295936914,de:11000:900171002:1:51,-0.4,2026-10-02T01:01:04.695736+02:00
295936914,de:11000:900160004:1:51,-0.8,2026-10-02T01:01:04.695736+02:00
295936914,de:11000:900160003:1:51,-0.9,2026-10-02T01:01:04.695736+02:00
295936914,de:11000:900120003:3:55,-0.1,2026-10-02T01:01:04.695736+02:00
295936914,de:11000:900120004:2:53,-0.6,2026-10-02T01:01:04.695736+02:00
295936914,de:11000:900120005:5:58,-0.9,2026-10-02T01:01:04.695736+02:00
295936914,de:11000:900100004:1:51,-0.4,2026-10-02T01:01:04.695736+02:00
295936914,de:11000:900100003:2:53,-0.4,2026-10-02T01:01:04.695736+02:00
295936914,de:11000:900100002:1:51,-0.4,2026-10-02T01:01:04.695736+02:00
295936914,de:11000:900100001:3:55,-0.4,2026-10-02T01:01:04.695736+02:00
295936914,de:11000:900003201:3:55,-0.1,2026-10-02T01:01:04.695736+02:00
295936914,de:11000:900003102:1:51,-0.8,2026-10-02T01:01:04.695736+02:00
295936914,de:11000:900003103:1:51,-0.9,2026-10-02T01:01:04.695736+02:00
295936914,de:11000:900023201:3:55,-0.8,2026-10-02T01:01:04.695736+02:00
295936914,de:11000:900024203:1:51,-0.8,2026-10-02T01:01:04.695736+02:00
295936914,de:11000:900024101:4:57,-0.8,2026-10-02T01:01:04.695736+02:00
295936914,de:11000:900024102:1:51,-0.1,2026-10-02T01:01:04.695736+02:00
306897034,de:12067:900311383::6,0.0,2026-10-02T01:01:04.695736+02:00
306897034,de:12067:900311300::1,0.0,2026-10-02T01:01:04.695736+02:00
306897034,de:12067:900311328::1,0.0,2026-10-02T01:01:04.695736+02:00
306897034,de:12067:900311330::1,0.0,2026-10-02T01:01:04.695736+02:00
295940245,de:12064:900320008:1:51,0.0,2026-10-02T01:01:04.695736+02:00
295940245,de:12064:900320026:1:50,-0.3,2026-10-02T01:01:04.695736+02:00
295940245,de:11000:900176001:1:51,-0.7,2026-10-02T01:01:04.695736+02:00
295940245,de:11000:900175002:1:50,-0.7,2026-10-02T01:01:04.695736+02:00
295940245,de:11000:900175001:1:50,-0.6,2026-10-02T01:01:04.695736+02:00
295940245,de:11000:900171001:1:50,-0.3,2026-10-02T01:01:04.695736+02:00
295940245,de:11000:900171002:1:51,-0.4,2026-10-02T01:01:04.695736+02:00
295940245,de:11000:900160004:1:51,-0.8,2026-10-02T01:01:04.695736+02:00
295940245,de:11000:900160003:1:51,-0.9,2026-10-02T01:01:04.695736+02:00
295940245,de:11000:900120003:3:55,-0.1,2026-10-02T01:01:04.695736+02:00
295940245,de:11000:900120004:2:53,-0.6,2026-10-02T01:01:04.695736+02:00
295940245,de:11000:900120005:5:58,-0.9,2026-10-02T01:01:04.695736+02:00
295940245,de:11000:900100004:1:51,-0.4,2026-10-02T01:01:04.695736+02:00
295940245,de:11000:900100003:2:53,-0.4,2026-10-02T01:01:04.695736+02:00
295940245,de:11000:900100002:1:51,-0.4,2026-10-02T01:01:04.695736+02:00
295940245,de:11000:900100001:3:55,-0.4,2026-10-02T01:01:04.695736+02:00
295940245,de:11000:900003201:3:55,-0.1,2026-10-02T01:01:04.695736+02:00
295940245,de:11000:900003102:1:51,-0.8,2026-10-02T01:01:04.695736+02:00
295940245,de:11000:900003103:1:51,-0.9,2026-10-02T01:01:04.695736+02:00
295940245,de:11000:900023201:3:55,-0.8,2026-10-02T01:01:04.695736+02:00
295940245,de:11000:900024203:1:51,-0.8,2026-10-02T01:01:04.695736+02:00
295940245,de:11000:900024101:4:57,-0.8,2026-10-02T01:01:04.695736+02:00
295940245,de:11000:900024102:1:51,-0.1,2026-10-02T01:01:04.695736+02:00
295940152,de:11000:900024102:2:52,0.0,2026-10-02T01:01:04.695736+02:00
295940152,de:11000:900024101:3:54,-0.8,2026-10-02T01:01:04.695736+02:00
295940152,de:11000:900024203:1:51,-0.8,2026-10-02T01:01:04.695736+02:00
295940152,de:11000:900023201:3:54,-0.7,2026-10-02T01:01:04.695736+02:00
295940152,de:11000:900003103:1:50,-0.8,2026-10-02T01:01:04.695736+02:00
295940152,de:11000:900003102:1:50,-0.9,2026-10-02T01:01:04.695736+02:00
295940152,de:11000:900003201:3:54,-0.5,2026-10-02T01:01:04.695736+02:00
295940152,de:11000:900100001:3:54,-0.1,2026-10-02T01:01:04.695736+02:00
295940152,de:11000:900100002:1:50,-0.4,2026-10-02T01:01:04.695736+02:00
295940152,de:11000:900100003:2:52,-0.1,2026-10-02T01:01:04.695736+02:00
295940152,de:11000:900100004:1:50,-0.4,2026-10-02T01:01:04.695736+02:00
295940152,de:11000:900120005:4:55,-0.6,2026-10-02T01:01:04.695736+02:00
295940152,de:11000:900120004:1:50,-0.1,2026-10-02T01:01:04.695736+02:00
295940152,de:11000:900120003:2:53,-0.4,2026-10-02T01:01:04.695736+02:00
295940152,de:11000:900160003:1:50,-0.7,2026-10-02T01:01:04.695736+02:00
295940152,de:11000:900160004:1:50,-0.7,2026-10-02T01:01:04.695736+02:00
295940152,de:11000:900171002:1:50,-0.2,2026-10-02T01:01:04.695736+02:00
295940152,de:11000:900171001:2:51,-0.3,2026-10-02T01:01:04.695736+02:00
295940152,de:11000:900175001:2:51,-0.5,2026-10-02T01:01:04.695736+02:00
295940152,de:11000:900175002:1:51,0.0,2026-10-02T01:01:04.695736+02:00
295940152,de:11000:900176001:2:52,-0.3,2026-10-02T01:01:04.695736+02:00
307440982,de:12070:900216026:3:53,0.0,2026-10-02T01:01:04.695736+02:00
307440982,de:12070:900216013:1:50,0.0,2026-10-02T01:01:04.695736+02:00
307440982,de:12070:900215696:1:50,0.0,2026-10-02T01:01:04.695736+02:00
307440982,de:12070:900215350:1:50,0.0,2026-10-02T01:01:04.695736+02:00
307440982,de:12070:900215723:1:50,0.0,2026-10-02T01:01:04.695736+02:00
307440982,de:12068:900205322:1:50,0.0,2026-10-02T01:01:04.695736+02:00
307440982,de:12068:900205130:1:50,0.0,2026-10-02T01:01:04.695736+02:00
307440982,de:12068:900205617:2:51,0.0,2026-10-02T01:01:04.695736+02:00
307440982,de:12068:900205090:1:50,0.0,2026-10-02T01:01:04.695736+02:00
307440982,de:12068:900205092:1:50,0.0,2026-10-02T01:01:04.695736+02:00
307440982,de:12068:900205022:1:50,0.0,2026-10-02T01:01:04.695736+02:00
307440982,de:12068:900205023:1:50,0.0,2026-10-02T01:01:04.695736+02:00
307440982,de:12068:900205006:1:50,0.0,2026-10-02T01:01:04.695736+02:00
307440982,de:12068:900205005:1:50,0.0,2026-10-02T01:01:04.695736+02:00
307440982,de:12068:900205512:1:50,0.0,2026-10-02T01:01:04.695736+02:00
307440982,de:12065:900203491:1:50,0.0,2026-10-02T01:01:04.695736+02:00
307440982,de:12065:900203452:1:50,0.0,2026-10-02T01:01:04.695736+02:00
307440982,de:12065:900200004:1:51,0.0,2026-10-02T01:01:04.695736+02:00
307440982,de:12065:900200000:1:50,0.0,2026-10-02T01:01:04.695736+02:00
306895180,de:12067:900311129::1,0.0,2026-10-02T01:01:04.695736+02:00
306895180,de:12067:900310755::1,0.0,2026-10-02T01:01:04.695736+02:00
306895180,de:12067:900310738::1,0.0,2026-10-02T01:01:04.695736+02:00
306895180,de:12067:900310725::1,0.0,2026-10-02T01:01:04.695736+02:00
306895180,de:12067:900310909::1,0.0,2026-10-02T01:01:04.695736+02:00
306895180,de:12067:900310609::1,0.0,2026-10-02T01:01:04.695736+02:00
306895180,de:12067:900310060::2,0.0,2026-10-02T01:01:04.695736+02:00
306895180,de:12067:900310858::3,0.0,2026-10-02T01:01:04.695736+02:00
306895180,de:12067:900311269::2,0.0,2026-10-02T01:01:04.695736+02:00
306895180,de:12067:900311228::2,0.0,2026-10-02T01:01:04.695736+02:00
306895180,de:12067:900311239::2,0.0,2026-10-02T01:01:04.695736+02:00
306895180,de:12067:900311227::1,0.0,2026-10-02T01:01:04.695736+02:00
306895180,de:12067:900311402::1,0.0,2026-10-02T01:01:04.695736+02:00
306895180,de:12067:900311311::2,0.0,2026-10-02T01:01:04.695736+02:00
306895180,de:12067:900311312::2,0.0,2026-10-02T01:01:04.695736+02:00
306895180,de:12067:900311383::3,0.0,2026-10-02T01:01:04.695736+02:00
306895180,de:12067:900311315::2,0.0,2026-10-02T01:01:04.695736+02:00
306895180,de:12067:900311348::2,0.0,2026-10-02T01:01:04.695736+02:00
306895180,de:12067:900311308::4,0.0,2026-10-02T01:01:04.695736+02:00
306895210,de:12067:900311308::5,0.0,2026-10-02T01:01:04.695736+02:00
306895210,de:12067:900311380::1,0.0,2026-10-02T01:01:04.695736+02:00
306895210,de:12067:900311348::1,0.0,2026-10-02T01:01:04.695736+02:00
306895210,de:12067:900311315::1,0.0,2026-10-02T01:01:04.695736+02:00
306895210,de:12067:900311383::3,0.0,2026-10-02T01:01:04.695736+02:00
306895210,de:12067:900311312::1,0.0,2026-10-02T01:01:04.695736+02:00
306895210,de:12067:900311311::1,0.0,2026-10-02T01:01:04.695736+02:00
306895210,de:12067:900311402::2,0.0,2026-10-02T01:01:04.695736+02:00
306895210,de:12067:900311227::2,0.0,2026-10-02T01:01:04.695736+02:00
306895210,de:12067:900311239::1,0.0,2026-10-02T01:01:04.695736+02:00
306895210,de:12067:900311228::1,0.0,2026-10-02T01:01:04.695736+02:00
306895210,de:12067:900311269::1,0.0,2026-10-02T01:01:04.695736+02:00
306895210,de:12067:900310858::1,0.0,2026-10-02T01:01:04.695736+02:00
306895210,de:12067:900310060::1,0.0,2026-10-02T01:01:04.695736+02:00
306895210,de:12067:900310609::1,0.0,2026-10-02T01:01:04.695736+02:00
306895210,de:12067:900310909::1,0.0,2026-10-02T01:01:04.695736+02:00
306895210,de:12067:900310725::2,0.0,2026-10-02T01:01:04.695736+02:00
306895210,de:12067:900310738::2,0.0,2026-10-02T01:01:04.695736+02:00
306895210,de:12067:900310639::1,0.0,2026-10-02T01:01:04.695736+02:00
306895210,de:12067:900310626::1,0.0,2026-10-02T01:01:04.695736+02:00
306895210,de:12067:900311129::6,0.0,2026-10-02T01:01:04.695736+02:00
307312015,de:11000:900024101:4:56,0.0,2026-10-02T01:01:04.695736+02:00
307312015,de:11000:900024102:1:50,-0.6,2026-10-02T01:01:04.695736+02:00
307312015,de:11000:900048101:1:50,-0.8,2026-10-02T01:01:04.695736+02:00
307312015,de:11000:900052201:2:52,0.0,2026-10-02T01:01:04.695736+02:00
307312015,de:11000:900053301:1:50,-0.4,2026-10-02T01:01:04.695736+02:00
307312015,de:12054:900230003:1:50,-0.4,2026-10-02T01:01:04.695736+02:00
307312015,de:12054:900230000:1:51,-0.4,2026-10-02T01:01:04.695736+02:00
307312015,de:12054:900230999:3:54,-0.9,2026-10-02T01:01:04.695736+02:00
307311919,de:11000:900170004:2:52,0.0,2026-10-02T01:01:04.695736+02:00
307311919,de:11000:900170003:1:51,-0.3,2026-10-02T01:01:04.695736+02:00
307311919,de:11000:900170002:1:51,-0.1,2026-10-02T01:01:04.695736+02:00
307311919,de:11000:900170001:1:51,-0.9,2026-10-02T01:01:04.695736+02:00
307311919,de:11000:900170005:1:51,-0.7,2026-10-02T01:01:04.695736+02:00
307311919,de:11000:900171003:1:51,-0.6,2026-10-02T01:01:04.695736+02:00
307311919,de:11000:900171002:1:51,-0.9,2026-10-02T01:01:04.695736+02:00
307311919,de:11000:900160004:1:51,-0.3,2026-10-02T01:01:04.695736+02:00
307311919,de:11000:900160003:1:51,-0.4,2026-10-02T01:01:04.695736+02:00
307311919,de:11000:900120003:3:55,-0.6,2026-10-02T01:01:04.695736+02:00
307311919,de:11000:900120004:2:53,-0.1,2026-10-02T01:01:04.695736+02:00
307311919,de:11000:900120005:5:58,-0.4,2026-10-02T01:01:04.695736+02:00
307311919,de:11000:900100004:1:51,-0.9,2026-10-02T01:01:04.695736+02:00
307311919,de:11000:900100003:2:53,-0.9,2026-10-02T01:01:04.695736+02:00
307311919,de:11000:900100002:1:51,-0.9,2026-10-02T01:01:04.695736+02:00
307311919,de:11000:900100001:3:55,-0.9,2026-10-02T01:01:04.695736+02:00
307311919,de:11000:900003201:3:55,-0.6,2026-10-02T01:01:04.695736+02:00
307311919,de:11000:900003102:1:51,-0.3,2026-10-02T01:01:04.695736+02:00
307311919,de:11000:900003103:1:51,-0.4,2026-10-02T01:01:04.695736+02:00
307311919,de:11000:900023201:3:55,-0.3,2026-10-02T01:01:04.695736+02:00
307311919,de:11000:900024203:1:51,-0.3,2026-10-02T01:01:04.695736+02:00
307311919,de:11000:900024101:4:57,-0.3,2026-10-02T01:01:04.695736+02:00
307311919,de:11000:900024102:1:50,-0.6,2026-10-02T01:01:04.695736+02:00
307311919,de:11000:900048101:1:50,-0.8,2026-10-02T01:01:04.695736+02:00
307311919,de:11000:900052201:2:52,0.0,2026-10-02T01:01:04.695736+02:00
307311919,de:11000:900053301:1:50,-0.4,2026-10-02T01:01:04.695736+02:00
307311919,de:12054:900230003:1:50,-0.4,2026-10-02T01:01:04.695736+02:00
307311919,de:12054:900230000:1:51,-0.4,2026-10-02T01:01:04.695736+02:00
307311919,de:12054:900230999:3:55,-0.9,2026-10-02T01:01:04.695736+02:00
295946312,de:11000:900170004:1:50,0.0,2026-10-02T01:01:04.695736+02:00
295946312,de:11000:900170003:1:51,-0.3,2026-10-02T01:01:04.695736+02:00
295946312,de:11000:900170002:1:51,-0.1,2026-10-02T01:01:04.695736+02:00
295946312,de:11000:900170001:1:51,-0.9,2026-10-02T01:01:04.695736+02:00
295946312,de:11000:900170005:1:51,-0.7,2026-10-02T01:01:04.695736+02:00
295946312,de:11000:900171003:1:51,-0.6,2026-10-02T01:01:04.695736+02:00
295946312,de:11000:900171002:1:51,-0.9,2026-10-02T01:01:04.695736+02:00
295946312,de:11000:900160004:1:51,-0.3,2026-10-02T01:01:04.695736+02:00
295946312,de:11000:900160003:1:51,-0.4,2026-10-02T01:01:04.695736+02:00
295946312,de:11000:900120003:3:55,-0.6,2026-10-02T01:01:04.695736+02:00
295946312,de:11000:900120004:2:53,-0.1,2026-10-02T01:01:04.695736+02:00
295946312,de:11000:900120005:5:58,-0.4,2026-10-02T01:01:04.695736+02:00
295946312,de:11000:900100004:1:51,-0.9,2026-10-02T01:01:04.695736+02:00
295946312,de:11000:900100003:2:53,-0.9,2026-10-02T01:01:04.695736+02:00
295946312,de:11000:900100002:1:51,-0.9,2026-10-02T01:01:04.695736+02:00
295946312,de:11000:900100001:3:55,-0.9,2026-10-02T01:01:04.695736+02:00
295946312,de:11000:900003201:3:55,-0.6,2026-10-02T01:01:04.695736+02:00
295946312,de:11000:900003102:1:51,-0.3,2026-10-02T01:01:04.695736+02:00
295946312,de:11000:900003103:1:51,-0.4,2026-10-02T01:01:04.695736+02:00
295946312,de:11000:900023201:3:55,-0.3,2026-10-02T01:01:04.695736+02:00
295946312,de:11000:900024203:1:51,-0.3,2026-10-02T01:01:04.695736+02:00
295946312,de:11000:900024101:4:57,-0.3,2026-10-02T01:01:04.695736+02:00
295946312,de:11000:900024102:1:50,-0.6,2026-10-02T01:01:04.695736+02:00
295946312,de:11000:900048101:1:50,-0.8,2026-10-02T01:01:04.695736+02:00
295946312,de:11000:900052201:2:52,0.0,2026-10-02T01:01:04.695736+02:00
295946312,de:11000:900053301:1:50,-0.4,2026-10-02T01:01:04.695736+02:00
295946312,de:12054:900230003:1:50,-0.4,2026-10-02T01:01:04.695736+02:00
295946312,de:12054:900230000:1:51,-0.4,2026-10-02T01:01:04.695736+02:00
295946312,de:12054:900230999:3:55,-0.9,2026-10-02T01:01:04.695736+02:00
295946305,de:11000:900170004:1:50,0.0,2026-10-02T01:01:04.695736+02:00
295946305,de:11000:900170003:1:51,-0.3,2026-10-02T01:01:04.695736+02:00
295946305,de:11000:900170002:1:51,-0.1,2026-10-02T01:01:04.695736+02:00
295946305,de:11000:900170001:1:51,-0.9,2026-10-02T01:01:04.695736+02:00
295946305,de:11000:900170005:1:51,-0.7,2026-10-02T01:01:04.695736+02:00
295946305,de:11000:900171003:1:51,-0.6,2026-10-02T01:01:04.695736+02:00
295946305,de:11000:900171002:1:51,-0.9,2026-10-02T01:01:04.695736+02:00
295946305,de:11000:900160004:1:51,-0.3,2026-10-02T01:01:04.695736+02:00
295946305,de:11000:900160003:1:51,-0.4,2026-10-02T01:01:04.695736+02:00
295946305,de:11000:900120003:3:55,-0.6,2026-10-02T01:01:04.695736+02:00
295946305,de:11000:900120004:2:53,-0.1,2026-10-02T01:01:04.695736+02:00
295946305,de:11000:900120005:5:58,-0.4,2026-10-02T01:01:04.695736+02:00
295946305,de:11000:900100004:1:51,-0.9,2026-10-02T01:01:04.695736+02:00
295946305,de:11000:900100003:2:53,-0.9,2026-10-02T01:01:04.695736+02:00
295946305,de:11000:900100002:1:51,-0.9,2026-10-02T01:01:04.695736+02:00
295946305,de:11000:900100001:3:55,-0.9,2026-10-02T01:01:04.695736+02:00
295946305,de:11000:900003201:3:55,-0.6,2026-10-02T01:01:04.695736+02:00
295946305,de:11000:900003102:1:51,-0.3,2026-10-02T01:01:04.695736+02:00
295946305,de:11000:900003103:1:51,-0.4,2026-10-02T01:01:04.695736+02:00
295946305,de:11000:900023201:3:55,-0.3,2026-10-02T01:01:04.695736+02:00
295946305,de:11000:900024203:1:51,-0.3,2026-10-02T01:01:04.695736+02:00
295946305,de:11000:900024101:4:57,-0.3,2026-10-02T01:01:04.695736+02:00
295946305,de:11000:900024102:1:50,-0.6,2026-10-02T01:01:04.695736+02:00
295946305,de:11000:900048101:1:50,-0.8,2026-10-02T01:01:04.695736+02:00
295946305,de:11000:900052201:2:52,0.0,2026-10-02T01:01:04.695736+02:00
295946305,de:11000:900053301:1:50,-0.4,2026-10-02T01:01:04.695736+02:00
295946305,de:12054:900230003:1:50,-0.4,2026-10-02T01:01:04.695736+02:00
295946305,de:12054:900230000:1:51,-0.4,2026-10-02T01:01:04.695736+02:00
295946305,de:12054:900230999:3:55,-0.9,2026-10-02T01:01:04.695736+02:00
295946301,de:11000:900170004:1:50,0.0,2026-10-02T01:01:04.695736+02:00
295946301,de:11000:900170003:1:51,-0.3,2026-10-02T01:01:04.695736+02:00
295946301,de:11000:900170002:1:51,-0.1,2026-10-02T01:01:04.695736+02:00
295946301,de:11000:900170001:1:51,-0.9,2026-10-02T01:01:04.695736+02:00
295946301,de:11000:900170005:1:51,-0.7,2026-10-02T01:01:04.695736+02:00
295946301,de:11000:900171003:1:51,-0.6,2026-10-02T01:01:04.695736+02:00
295946301,de:11000:900171002:1:51,-0.9,2026-10-02T01:01:04.695736+02:00
295946301,de:11000:900160004:1:51,-0.3,2026-10-02T01:01:04.695736+02:00
295946301,de:11000:900160003:1:51,-0.4,2026-10-02T01:01:04.695736+02:00
295946301,de:11000:900120003:3:55,-0.6,2026-10-02T01:01:04.695736+02:00
295946301,de:11000:900120004:2:53,-0.1,2026-10-02T01:01:04.695736+02:00
295946301,de:11000:900120005:5:58,-0.4,2026-10-02T01:01:04.695736+02:00
295946301,de:11000:900100004:1:51,-0.9,2026-10-02T01:01:04.695736+02:00
295946301,de:11000:900100003:2:53,-0.9,2026-10-02T01:01:04.695736+02:00
295946301,de:11000:900100002:1:51,-0.9,2026-10-02T01:01:04.695736+02:00
295946301,de:11000:900100001:3:55,-0.9,2026-10-02T01:01:04.695736+02:00
295946301,de:11000:900003201:3:55,-0.6,2026-10-02T01:01:04.695736+02:00
295946301,de:11000:900003102:1:51,-0.3,2026-10-02T01:01:04.695736+02:00
295946301,de:11000:900003103:1:51,-0.4,2026-10-02T01:01:04.695736+02:00
295946301,de:11000:900023201:3:55,-0.3,2026-10-02T01:01:04.695736+02:00
295946301,de:11000:900024203:1:51,-0.3,2026-10-02T01:01:04.695736+02:00
295946301,de:11000:900024101:4:57,-0.3,2026-10-02T01:01:04.695736+02:00
295946301,de:11000:900024102:1:50,-0.6,2026-10-02T01:01:04.695736+02:00
295946301,de:11000:900048101:1:50,-0.8,2026-10-02T01:01:04.695736+02:00
295946301,de:11000:900052201:2:52,0.0,2026-10-02T01:01:04.695736+02:00
295946301,de:11000:900053301:1:50,-0.4,2026-10-02T01:01:04.695736+02:00
295946301,de:12054:900230003:1:50,-0.4,2026-10-02T01:01:04.695736+02:00
295946301,de:12054:900230000:1:51,-0.4,2026-10-02T01:01:04.695736+02:00
295946301,de:12054:900230999:3:55,-0.9,2026-10-02T01:01:04.695736+02:00
295946289,de:11000:900170004:1:50,0.0,2026-10-02T01:01:04.695736+02:00
295946289,de:11000:900170003:1:51,-0.3,2026-10-02T01:01:04.695736+02:00
295946289,de:11000:900170002:1:51,-0.1,2026-10-02T01:01:04.695736+02:00
295946289,de:11000:900170001:1:51,-0.9,2026-10-02T01:01:04.695736+02:00
295946289,de:11000:900170005:1:51,-0.7,2026-10-02T01:01:04.695736+02:00
295946289,de:11000:900171003:1:51,-0.6,2026-10-02T01:01:04.695736+02:00
295946289,de:11000:900171002:1:51,-0.9,2026-10-02T01:01:04.695736+02:00
295946289,de:11000:900160004:1:51,-0.3,2026-10-02T01:01:04.695736+02:00
295946289,de:11000:900160003:1:51,-0.4,2026-10-02T01:01:04.695736+02:00
295946289,de:11000:900120003:3:55,-0.6,2026-10-02T01:01:04.695736+02:00
295946289,de:11000:900120004:2:53,-0.1,2026-10-02T01:01:04.695736+02:00
295946289,de:11000:900120005:5:58,-0.4,2026-10-02T01:01:04.695736+02:00
295946289,de:11000:900100004:1:51,-0.9,2026-10-02T01:01:04.695736+02:00
295946289,de:11000:900100003:2:53,-0.9,2026-10-02T01:01:04.695736+02:00
295946289,de:11000:900100002:1:51,-0.9,2026-10-02T01:01:04.695736+02:00
295946289,de:11000:900100001:3:55,-0.9,2026-10-02T01:01:04.695736+02:00
295946289,de:11000:900003201:3:55,-0.6,2026-10-02T01:01:04.695736+02:00
295946289,de:11000:900003102:1:51,-0.3,2026-10-02T01:01:04.695736+02:00
295946289,de:11000:900003103:1:51,-0.4,2026-10-02T01:01:04.695736+02:00
295946289,de:11000:900023201:3:55,-0.3,2026-10-02T01:01:04.695736+02:00
295946289,de:11000:900024203:1:51,-0.3,2026-10-02T01:01:04.695736+02:00
295946289,de:11000:900024101:4:57,-0.3,2026-10-02T01:01:04.695736+02:00
295946289,de:11000:900024102:1:50,-0.6,2026-10-02T01:01:04.695736+02:00
295946289,de:11000:900048101:1:50,-0.8,2026-10-02T01:01:04.695736+02:00
295946289,de:11000:900052201:2:52,0.0,2026-10-02T01:01:04.695736+02:00
295946289,de:11000:900053301:1:50,-0.4,2026-10-02T01:01:04.695736+02:00
295946289,de:12054:900230003:1:50,-0.4,2026-10-02T01:01:04.695736+02:00
295946289,de:12054:900230000:1:51,-0.4,2026-10-02T01:01:04.695736+02:00
295946289,de:12054:900230999:3:55,-0.9,2026-10-02T01:01:04.695736+02:00
295949549,de:11000:900170004:2:52,0.0,2026-10-02T01:01:04.695736+02:00
295949549,de:11000:900170003:1:51,-0.3,2026-10-02T01:01:04.695736+02:00
295949549,de:11000:900170002:1:51,-0.1,2026-10-02T01:01:04.695736+02:00
295949549,de:11000:900170001:1:51,-0.9,2026-10-02T01:01:04.695736+02:00
295949549,de:11000:900170005:1:51,-0.7,2026-10-02T01:01:04.695736+02:00
295949549,de:11000:900171003:1:51,-0.6,2026-10-02T01:01:04.695736+02:00
295949549,de:11000:900171002:1:51,-0.9,2026-10-02T01:01:04.695736+02:00
295949549,de:11000:900160004:1:51,-0.3,2026-10-02T01:01:04.695736+02:00
295949549,de:11000:900160003:1:51,-0.4,2026-10-02T01:01:04.695736+02:00
295949549,de:11000:900120003:3:55,-0.6,2026-10-02T01:01:04.695736+02:00
295949549,de:11000:900120004:2:53,-0.1,2026-10-02T01:01:04.695736+02:00
295949549,de:11000:900120005:5:58,-0.4,2026-10-02T01:01:04.695736+02:00
295949549,de:11000:900100004:1:51,-0.9,2026-10-02T01:01:04.695736+02:00
295949549,de:11000:900100003:2:53,-0.9,2026-10-02T01:01:04.695736+02:00
295949549,de:11000:900100002:1:51,-0.9,2026-10-02T01:01:04.695736+02:00
295949549,de:11000:900100001:3:55,-0.9,2026-10-02T01:01:04.695736+02:00
295949549,de:11000:900003201:3:55,-0.6,2026-10-02T01:01:04.695736+02:00
295949549,de:11000:900003102:1:51,-0.3,2026-10-02T01:01:04.695736+02:00
295949549,de:11000:900003103:1:51,-0.4,2026-10-02T01:01:04.695736+02:00
295949549,de:11000:900023201:3:55,-0.3,2026-10-02T01:01:04.695736+02:00
295949549,de:11000:900024203:1:51,-0.3,2026-10-02T01:01:04.695736+02:00
295949549,de:11000:900024101:4:57,-0.3,2026-10-02T01:01:04.695736+02:00
295949549,de:11000:900024102:1:50,-0.6,2026-10-02T01:01:04.695736+02:00
295949549,de:11000:900048101:1:50,-0.8,2026-10-02T01:01:04.695736+02:00
295949549,de:11000:900052201:2:52,0.0,2026-10-02T01:01:04.695736+02:00
295949549,de:11000:900053301:1:50,-0.4,2026-10-02T01:01:04.695736+02:00
295949549,de:12054:900230003:1:50,-0.4,2026-10-02T01:01:04.695736+02:00
295949549,de:12054:900230000:1:51,-0.4,2026-10-02T01:01:04.695736+02:00
295949549,de:12054:900230999:3:54,-0.9,2026-10-02T01:01:04.695736+02:00
295953421,de:11000:900120005:4:56,0.0,2026-10-02T01:01:04.695736+02:00
295953421,de:11000:900120004:1:50,-0.6,2026-10-02T01:01:04.695736+02:00
295953421,de:11000:900120003:2:53,-0.9,2026-10-02T01:01:04.695736+02:00
295953421,de:11000:900160003:1:50,-0.2,2026-10-02T01:01:04.695736+02:00
295953421,de:11000:900160004:1:50,-0.2,2026-10-02T01:01:04.695736+02:00
295953421,de:11000:900171002:1:50,-0.7,2026-10-02T01:01:04.695736+02:00
295953421,de:11000:900171003:1:50,-0.8,2026-10-02T01:01:04.695736+02:00
295953421,de:11000:900152002:1:50,-0.4,2026-10-02T01:01:04.695736+02:00
295953421,de:11000:900152001:1:50,-0.6,2026-10-02T01:01:04.695736+02:00
295953421,de:11000:900151001:1:51,-0.9,2026-10-02T01:01:04.695736+02:00
307289078,de:11000:900079221:1:51,0.0,2026-10-02T01:01:04.695736+02:00
307289078,de:11000:900078201:1:51,-0.1,2026-10-02T01:01:04.695736+02:00
307289078,de:11000:900077106:1:51,0.0,2026-10-02T01:01:04.695736+02:00
307289078,de:11000:900190001:2:52,-0.9,2026-10-02T01:01:04.695736+02:00
307289078,de:11000:900120003:5:59,-0.4,2026-10-02T01:01:04.695736+02:00
307289078,de:11000:900120001:1:51,0.0,2026-10-02T01:01:04.695736+02:00
307289078,de:11000:900110012:1:51,-0.2,2026-10-02T01:01:04.695736+02:00
307289078,de:11000:900110004:1:51,-0.1,2026-10-02T01:01:04.695736+02:00
307289078,de:11000:900110003:1:51,-0.4,2026-10-02T01:01:04.695736+02:00
307289078,de:11000:900110002:1:51,-0.4,2026-10-02T01:01:04.695736+02:00
307289078,de:11000:900110001:1:51,-0.1,2026-10-02T01:01:04.695736+02:00
307289078,de:11000:900007102:1:51,-0.6,2026-10-02T01:01:04.695736+02:00
307289078,de:11000:900009104:1:51,-0.3,2026-10-02T01:01:04.695736+02:00
307289059,de:11000:900079221:1:51,0.0,2026-10-02T01:01:04.695736+02:00
307289059,de:11000:900078201:1:51,-0.1,2026-10-02T01:01:04.695736+02:00
307289059,de:11000:900077106:1:51,0.0,2026-10-02T01:01:04.695736+02:00
307289059,de:11000:900190001:2:52,-0.9,2026-10-02T01:01:04.695736+02:00
307289059,de:11000:900120003:5:59,-0.4,2026-10-02T01:01:04.695736+02:00
307289059,de:11000:900120001:1:51,0.0,2026-10-02T01:01:04.695736+02:00
307289059,de:11000:900110012:1:51,-0.2,2026-10-02T01:01:04.695736+02:00
307289059,de:11000:900110004:1:51,-0.1,2026-10-02T01:01:04.695736+02:00
307289059,de:11000:900110003:1:51,-0.4,2026-10-02T01:01:04.695736+02:00
307289059,de:11000:900110002:1:51,-0.4,2026-10-02T01:01:04.695736+02:00
307289059,de:11000:900110001:1:51,-0.1,2026-10-02T01:01:04.695736+02:00
307289059,de:11000:900007102:1:51,-0.6,2026-10-02T01:01:04.695736+02:00
307289059,de:11000:900009104:1:51,-0.3,2026-10-02T01:01:04.695736+02:00
306895228,de:12067:900311308::5,0.0,2026-10-02T01:01:04.695736+02:00
306895228,de:12067:900311380::1,0.0,2026-10-02T01:01:04.695736+02:00
306895228,de:12067:900311348::1,0.0,2026-10-02T01:01:04.695736+02:00
306895228,de:12067:900311315::1,0.0,2026-10-02T01:01:04.695736+02:00
306895228,de:12067:900311383::4,0.0,2026-10-02T01:01:04.695736+02:00
306895228,de:12067:900311305::1,0.0,2026-10-02T01:01:04.695736+02:00
306895228,de:12067:900311320::1,0.0,2026-10-02T01:01:04.695736+02:00
306895228,de:12067:900311318::1,0.0,2026-10-02T01:01:04.695736+02:00
306895228,de:12067:900311473::1,0.0,2026-10-02T01:01:04.695736+02:00
306895228,de:12067:900311471::1,0.0,2026-10-02T01:01:04.695736+02:00
306895228,de:12067:900310901::1,0.0,2026-10-02T01:01:04.695736+02:00
306895228,de:12067:900311070::1,0.0,2026-10-02T01:01:04.695736+02:00
306895228,de:12067:900311071::1,0.0,2026-10-02T01:01:04.695736+02:00
306895228,de:12067:900311094::1,0.0,2026-10-02T01:01:04.695736+02:00
306895228,de:12067:900310840::1,0.0,2026-10-02T01:01:04.695736+02:00
306895228,de:12067:900311074::1,0.0,2026-10-02T01:01:04.695736+02:00
306895228,de:12067:900311075::1,0.0,2026-10-02T01:01:04.695736+02:00
306895228,de:12067:900311073::1,0.0,2026-10-02T01:01:04.695736+02:00
306895228,de:12067:900310859::1,0.0,2026-10-02T01:01:04.695736+02:00
306895228,de:12067:900310927::1,0.0,2026-10-02T01:01:04.695736+02:00
306895228,de:12067:900310926::1,0.0,2026-10-02T01:01:04.695736+02:00
306895228,de:12067:900310766::1,0.0,2026-10-02T01:01:04.695736+02:00
306895228,de:12067:900310765::1,0.0,2026-10-02T01:01:04.695736+02:00
306895228,de:12067:900310764::2,0.0,2026-10-02T01:01:04.695736+02:00
306895228,de:12067:900310910::1,0.0,2026-10-02T01:01:04.695736+02:00
306895228,de:12067:900311101::2,0.0,2026-10-02T01:01:04.695736+02:00
306895228,de:12067:900311099::2,0.0,2026-10-02T01:01:04.695736+02:00
306895228,de:12067:900310725::2,0.0,2026-10-02T01:01:04.695736+02:00
306895228,de:12067:900310738::2,0.0,2026-10-02T01:01:04.695736+02:00
306895228,de:12067:900310639::1,0.0,2026-10-02T01:01:04.695736+02:00
306895228,de:12067:900310626::1,0.0,2026-10-02T01:01:04.695736+02:00
306895228,de:12067:900310727::1,0.0,2026-10-02T01:01:04.695736+02:00
306895228,de:12067:900310755::2,0.0,2026-10-02T01:01:04.695736+02:00
306895228,de:12067:900310728::1,0.0,2026-10-02T01:01:04.695736+02:00
306895228,de:12067:900311129::6,0.0,2026-10-02T01:01:04.695736+02:00
295956052,de:11000:900151001:1:50,0.0,2026-10-02T01:01:04.695736+02:00
295956052,de:11000:900152001:1:51,-0.6,2026-10-02T01:01:04.695736+02:00
295956052,de:11000:900152002:1:51,-0.2,2026-10-02T01:01:04.695736+02:00
295956052,de:11000:900171003:1:51,-0.9,2026-10-02T01:01:04.695736+02:00
295956052,de:11000:900171002:1:51,-0.9,2026-10-02T01:01:04.695736+02:00
295956052,de:11000:900160004:1:51,-0.3,2026-10-02T01:01:04.695736+02:00
295956052,de:11000:900160003:1:51,-0.4,2026-10-02T01:01:04.695736+02:00
295956052,de:11000:900120003:3:54,-0.6,2026-10-02T01:01:04.695736+02:00
295956052,de:11000:900120004:2:52,-0.1,2026-10-02T01:01:04.695736+02:00
295949460,de:12054:900230999:3:55,0.0,2026-10-02T01:01:04.695736+02:00
295949460,de:12054:900230000:1:50,-0.3,2026-10-02T01:01:04.695736+02:00
295949460,de:12054:900230003:1:54,-0.3,2026-10-02T01:01:04.695736+02:00
295949460,de:11000:900053301:2:53,-0.4,2026-10-02T01:01:04.695736+02:00
295949460,de:11000:900052201:2:53,-0.7,2026-10-02T01:01:04.695736+02:00
295949460,de:11000:900048101:2:53,-0.9,2026-10-02T01:01:04.695736+02:00
295949460,de:11000:900024102:2:53,-0.9,2026-10-02T01:01:04.695736+02:00
295949460,de:11000:900024101:3:55,-0.3,2026-10-02T01:01:04.695736+02:00
295949460,de:11000:900024203:1:51,-0.3,2026-10-02T01:01:04.695736+02:00
295949460,de:11000:900023201:3:54,-0.2,2026-10-02T01:01:04.695736+02:00
295949460,de:11000:900003103:1:50,-0.3,2026-10-02T01:01:04.695736+02:00
295949460,de:11000:900003102:1:50,-0.4,2026-10-02T01:01:04.695736+02:00
295949460,de:11000:900003201:3:54,0.0,2026-10-02T01:01:04.695736+02:00
295949460,de:11000:900100001:3:54,-0.6,2026-10-02T01:01:04.695736+02:00
295949460,de:11000:900100002:1:50,-0.9,2026-10-02T01:01:04.695736+02:00
295949460,de:11000:900100003:2:52,-0.6,2026-10-02T01:01:04.695736+02:00
295949460,de:11000:900100004:1:50,-0.9,2026-10-02T01:01:04.695736+02:00
295949460,de:11000:900120005:4:55,-0.1,2026-10-02T01:01:04.695736+02:00
295949460,de:11000:900120004:1:50,-0.6,2026-10-02T01:01:04.695736+02:00
295949460,de:11000:900120003:2:53,-0.9,2026-10-02T01:01:04.695736+02:00
295949460,de:11000:900160003:1:50,-0.2,2026-10-02T01:01:04.695736+02:00
295949460,de:11000:900160004:1:50,-0.2,2026-10-02T01:01:04.695736+02:00
295949460,de:11000:900171002:1:50,-0.7,2026-10-02T01:01:04.695736+02:00
295949460,de:11000:900171003:1:50,-0.8,2026-10-02T01:01:04.695736+02:00
295949460,de:11000:900170005:1:50,-0.3,2026-10-02T01:01:04.695736+02:00
295949460,de:11000:900170001:1:50,-0.1,2026-10-02T01:01:04.695736+02:00
295949460,de:11000:900170002:1:50,-0.9,2026-10-02T01:01:04.695736+02:00
295949460,de:11000:900170003:1:50,-0.7,2026-10-02T01:01:04.695736+02:00
295949460,de:11000:900170004:2:52,-0.9,2026-10-02T01:01:04.695736+02:00
295949456,de:12054:900230999:3:55,0.0,2026-10-02T01:01:04.695736+02:00
295949456,de:12054:900230000:1:50,-0.3,2026-10-02T01:01:04.695736+02:00
295949456,de:12054:900230003:1:54,-0.3,2026-10-02T01:01:04.695736+02:00
295949456,de:11000:900053301:2:53,-0.4,2026-10-02T01:01:04.695736+02:00
295949456,de:11000:900052201:2:53,-0.7,2026-10-02T01:01:04.695736+02:00
295949456,de:11000:900048101:2:53,-0.9,2026-10-02T01:01:04.695736+02:00
295949456,de:11000:900024102:2:53,-0.9,2026-10-02T01:01:04.695736+02:00
295949456,de:11000:900024101:3:55,-0.3,2026-10-02T01:01:04.695736+02:00
295949456,de:11000:900024203:1:51,-0.3,2026-10-02T01:01:04.695736+02:00
295949456,de:11000:900023201:3:54,-0.2,2026-10-02T01:01:04.695736+02:00
295949456,de:11000:900003103:1:50,-0.3,2026-10-02T01:01:04.695736+02:00
295949456,de:11000:900003102:1:50,-0.4,2026-10-02T01:01:04.695736+02:00
295949456,de:11000:900003201:3:54,0.0,2026-10-02T01:01:04.695736+02:00
295949456,de:11000:900100001:3:54,-0.6,2026-10-02T01:01:04.695736+02:00
295949456,de:11000:900100002:1:50,-0.9,2026-10-02T01:01:04.695736+02:00
295949456,de:11000:900100003:2:52,-0.6,2026-10-02T01:01:04.695736+02:00
295949456,de:11000:900100004:1:50,-0.9,2026-10-02T01:01:04.695736+02:00
295949456,de:11000:900120005:4:55,-0.1,2026-10-02T01:01:04.695736+02:00
295949456,de:11000:900120004:1:50,-0.6,2026-10-02T01:01:04.695736+02:00
295949456,de:11000:900120003:2:53,-0.9,2026-10-02T01:01:04.695736+02:00
295949456,de:11000:900160003:1:50,-0.2,2026-10-02T01:01:04.695736+02:00
295949456,de:11000:900160004:1:50,-0.2,2026-10-02T01:01:04.695736+02:00
295949456,de:11000:900171002:1:50,-0.7,2026-10-02T01:01:04.695736+02:00
295949456,de:11000:900171003:1:50,-0.8,2026-10-02T01:01:04.695736+02:00
295949456,de:11000:900170005:1:50,-0.3,2026-10-02T01:01:04.695736+02:00
295949456,de:11000:900170001:1:50,-0.1,2026-10-02T01:01:04.695736+02:00
295949456,de:11000:900170002:1:50,-0.9,2026-10-02T01:01:04.695736+02:00
295949456,de:11000:900170003:1:50,-0.7,2026-10-02T01:01:04.695736+02:00
295949456,de:11000:900170004:2:52,-0.9,2026-10-02T01:01:04.695736+02:00
307436880,de:12061:900261512:2:52,0.0,2026-10-02T01:01:04.695736+02:00
307436880,de:12066:900435602:2:51,0.0,2026-10-02T01:01:04.695736+02:00
307436880,de:12066:900435459:2:52,0.0,2026-10-02T01:01:04.695736+02:00
307436880,de:12066:900435818:1:50,0.0,2026-10-02T01:01:04.695736+02:00
307436880,de:12066:900435209:1:50,0.0,2026-10-02T01:01:04.695736+02:00
307436880,de:12066:900435339:1:50,0.0,2026-10-02T01:01:04.695736+02:00
307436880,de:12066:900435001:3:53,0.0,2026-10-02T01:01:04.695736+02:00
307436880,de:12066:900435000:2:53,0.0,2026-10-02T01:01:04.695736+02:00
307436873,de:12061:900261512:2:52,0.0,2026-10-02T01:01:04.695736+02:00
307436873,de:12066:900435602:2:51,0.0,2026-10-02T01:01:04.695736+02:00
307436873,de:12066:900435459:2:52,0.0,2026-10-02T01:01:04.695736+02:00
307436873,de:12066:900435818:1:50,0.0,2026-10-02T01:01:04.695736+02:00
307436873,de:12066:900435209:1:50,0.0,2026-10-02T01:01:04.695736+02:00
307436873,de:12066:900435339:1:50,0.0,2026-10-02T01:01:04.695736+02:00
307436873,de:12066:900435001:3:53,0.0,2026-10-02T01:01:04.695736+02:00
307436873,de:12066:900435000:2:53,0.0,2026-10-02T01:01:04.695736+02:00
295949438,de:12054:900230999:3:55,0.0,2026-10-02T01:01:04.695736+02:00
295949438,de:12054:900230000:1:50,-0.3,2026-10-02T01:01:04.695736+02:00
295949438,de:12054:900230003:1:54,-0.3,2026-10-02T01:01:04.695736+02:00
295949438,de:11000:900053301:2:53,-0.4,2026-10-02T01:01:04.695736+02:00
295949438,de:11000:900052201:2:53,-0.7,2026-10-02T01:01:04.695736+02:00
295949438,de:11000:900048101:2:53,-0.9,2026-10-02T01:01:04.695736+02:00
295949438,de:11000:900024102:2:53,-0.9,2026-10-02T01:01:04.695736+02:00
295949438,de:11000:900024101:3:55,-0.3,2026-10-02T01:01:04.695736+02:00
295949438,de:11000:900024203:1:51,-0.3,2026-10-02T01:01:04.695736+02:00
295949438,de:11000:900023201:3:54,-0.2,2026-10-02T01:01:04.695736+02:00
295949438,de:11000:900003103:1:50,-0.3,2026-10-02T01:01:04.695736+02:00
295949438,de:11000:900003102:1:50,-0.4,2026-10-02T01:01:04.695736+02:00
295949438,de:11000:900003201:3:54,0.0,2026-10-02T01:01:04.695736+02:00
295949438,de:11000:900100001:3:54,-0.6,2026-10-02T01:01:04.695736+02:00
295949438,de:11000:900100002:1:50,-0.9,2026-10-02T01:01:04.695736+02:00
295949438,de:11000:900100003:2:52,-0.6,2026-10-02T01:01:04.695736+02:00
295949438,de:11000:900100004:1:50,-0.9,2026-10-02T01:01:04.695736+02:00
295949438,de:11000:900120005:4:55,-0.1,2026-10-02T01:01:04.695736+02:00
295949438,de:11000:900120004:1:50,-0.6,2026-10-02T01:01:04.695736+02:00
295949438,de:11000:900120003:2:53,-0.9,2026-10-02T01:01:04.695736+02:00
295949438,de:11000:900160003:1:50,-0.2,2026-10-02T01:01:04.695736+02:00
295949438,de:11000:900160004:1:50,-0.2,2026-10-02T01:01:04.695736+02:00
295949438,de:11000:900171002:1:50,-0.7,2026-10-02T01:01:04.695736+02:00
295949438,de:11000:900171003:1:50,-0.8,2026-10-02T01:01:04.695736+02:00
295949438,de:11000:900170005:1:50,-0.3,2026-10-02T01:01:04.695736+02:00
295949438,de:11000:900170001:1:50,-0.1,2026-10-02T01:01:04.695736+02:00
295949438,de:11000:900170002:1:50,-0.9,2026-10-02T01:01:04.695736+02:00
295949438,de:11000:900170003:1:50,-0.7,2026-10-02T01:01:04.695736+02:00
295949438,de:11000:900170004:2:52,-0.9,2026-10-02T01:01:04.695736+02:00
295959964,de:12065:900200008:1:51,0.0,2026-10-02T01:01:04.695736+02:00
295959964,de:12065:900200009:1:51,-0.7,2026-10-02T01:01:04.695736+02:00
295959964,de:12065:900200011:1:51,-0.3,2026-10-02T01:01:04.695736+02:00
295959964,de:12065:900200012:1:51,-0.8,2026-10-02T01:01:04.695736+02:00
295959964,de:12065:900200013:1:50,-0.4,2026-10-02T01:01:04.695736+02:00
295959964,de:11000:900142001:1:51,-0.7,2026-10-02T01:01:04.695736+02:00
295959964,de:11000:900130001:1:51,-0.2,2026-10-02T01:01:04.695736+02:00
295959964,de:11000:900130002:1:51,-0.7,2026-10-02T01:01:04.695736+02:00
295959964,de:11000:900110011:1:51,-0.2,2026-10-02T01:01:04.695736+02:00
295959964,de:11000:900110001:1:50,-0.2,2026-10-02T01:01:04.695736+02:00
295959964,de:11000:900110002:1:50,-0.9,2026-10-02T01:01:04.695736+02:00
295959964,de:11000:900110003:1:50,-0.9,2026-10-02T01:01:04.695736+02:00
295959964,de:11000:900110004:1:50,-0.3,2026-10-02T01:01:04.695736+02:00
295959964,de:11000:900110012:1:50,-0.2,2026-10-02T01:01:04.695736+02:00
295959964,de:11000:900120001:1:50,-0.2,2026-10-02T01:01:04.695736+02:00
295959964,de:11000:900120003:5:58,-0.6,2026-10-02T01:01:04.695736+02:00
295959964,de:11000:900190001:1:50,-0.1,2026-10-02T01:01:04.695736+02:00
295959964,de:11000:900191002:1:50,0.0,2026-10-02T01:01:04.695736+02:00
295959964,de:11000:900191001:2:52,-0.4,2026-10-02T01:01:04.695736+02:00
295959964,de:11000:900192001:2:52,-0.2,2026-10-02T01:01:04.695736+02:00
295959964,de:11000:900193001:1:50,-0.7,2026-10-02T01:01:04.695736+02:00
295959964,de:11000:900193002:1:50,-0.3,2026-10-02T01:01:04.695736+02:00
295959964,de:11000:900186001:1:51,-0.3,2026-10-02T01:01:04.695736+02:00
295960131,de:12061:900260002:1:50,0.0,2026-10-02T01:01:04.695736+02:00
295960131,de:12061:900260003:1:51,-0.7,2026-10-02T01:01:04.695736+02:00
295960131,de:12061:900260004:1:51,-0.9,2026-10-02T01:01:04.695736+02:00
295960131,de:11000:900186001:2:53,-0.2,2026-10-02T01:01:04.695736+02:00
295960131,de:11000:900193002:1:51,-0.2,2026-10-02T01:01:04.695736+02:00
295960131,de:11000:900193001:2:51,-0.8,2026-10-02T01:01:04.695736+02:00
295960131,de:11000:900192001:3:55,-0.7,2026-10-02T01:01:04.695736+02:00
295960131,de:11000:900191001:1:50,-0.4,2026-10-02T01:01:04.695736+02:00
295960131,de:11000:900191002:1:51,-0.8,2026-10-02T01:01:04.695736+02:00
295960131,de:11000:900190001:2:53,-0.6,2026-10-02T01:01:04.695736+02:00
295960131,de:11000:900120003:5:59,0.0,2026-10-02T01:01:04.695736+02:00
295960131,de:11000:900120001:1:51,-0.6,2026-10-02T01:01:04.695736+02:00
295960131,de:11000:900110012:1:51,-0.8,2026-10-02T01:01:04.695736+02:00
295960131,de:11000:900110004:1:51,-0.7,2026-10-02T01:01:04.695736+02:00
295960131,de:11000:900110003:1:51,0.0,2026-10-02T01:01:04.695736+02:00
295960131,de:11000:900110002:1:51,0.0,2026-10-02T01:01:04.695736+02:00
295960131,de:11000:900110001:1:51,-0.7,2026-10-02T01:01:04.695736+02:00
295960131,de:11000:900110011:2:52,-0.4,2026-10-02T01:01:04.695736+02:00
295960131,de:11000:900130002:1:50,0.0,2026-10-02T01:01:04.695736+02:00
295960131,de:11000:900130001:1:50,-0.7,2026-10-02T01:01:04.695736+02:00
295960131,de:11000:900142001:1:50,-0.2,2026-10-02T01:01:04.695736+02:00
295960131,de:12065:900200013:1:50,-0.3,2026-10-02T01:01:04.695736+02:00
295960131,de:12065:900200012:1:50,-0.9,2026-10-02T01:01:04.695736+02:00
295960131,de:12065:900200011:1:50,-0.4,2026-10-02T01:01:04.695736+02:00
295960131,de:12065:900200009:1:50,-0.9,2026-10-02T01:01:04.695736+02:00
295960131,de:12065:900200008:1:50,-0.9,2026-10-02T01:01:04.695736+02:00
295963648,de:12061:900260005:3:54,0.0,2026-10-02T01:01:04.695736+02:00
295963648,de:12061:900260080:1:50,0.0,2026-10-02T01:01:04.695736+02:00
295963648,de:12061:900260009:3:56,-0.2,2026-10-02T01:01:04.695736+02:00
295963595,de:11000:900092201:1:51,0.0,2026-10-02T01:01:04.695736+02:00
295963595,de:11000:900093201:1:51,-0.4,2026-10-02T01:01:04.695736+02:00
295963595,de:11000:900094101:1:51,-0.3,2026-10-02T01:01:04.695736+02:00
295963595,de:11000:900096101:1:51,-0.1,2026-10-02T01:01:04.695736+02:00
295963595,de:11000:900084101:1:51,-0.2,2026-10-02T01:01:04.695736+02:00
295963595,de:11000:900085201:1:51,-0.8,2026-10-02T01:01:04.695736+02:00
295963595,de:11000:900130003:1:51,-0.8,2026-10-02T01:01:04.695736+02:00
295963595,de:11000:900110011:1:50,-0.9,2026-10-02T01:01:04.695736+02:00
295963595,de:11000:900110001:1:50,-0.2,2026-10-02T01:01:04.695736+02:00
295963595,de:11000:900110002:1:50,-0.9,2026-10-02T01:01:04.695736+02:00
295963595,de:11000:900110003:1:50,-0.9,2026-10-02T01:01:04.695736+02:00
295963595,de:11000:900110004:1:50,-0.3,2026-10-02T01:01:04.695736+02:00
295963595,de:11000:900110012:1:50,-0.2,2026-10-02T01:01:04.695736+02:00
295963595,de:11000:900120001:1:50,-0.2,2026-10-02T01:01:04.695736+02:00
295963595,de:11000:900120003:5:58,-0.6,2026-10-02T01:01:04.695736+02:00
295963595,de:11000:900190001:1:51,-0.1,2026-10-02T01:01:04.695736+02:00
295963595,de:11000:900191002:1:50,0.0,2026-10-02T01:01:04.695736+02:00
295963595,de:11000:900191001:2:52,-0.4,2026-10-02T01:01:04.695736+02:00
295963595,de:11000:900192001:2:52,-0.2,2026-10-02T01:01:04.695736+02:00
295963595,de:11000:900193001:1:50,-0.7,2026-10-02T01:01:04.695736+02:00
295963595,de:11000:900193002:1:50,-0.3,2026-10-02T01:01:04.695736+02:00
295963595,de:11000:900195510:1:51,-0.7,2026-10-02T01:01:04.695736+02:00
295963595,de:11000:900196001:1:50,-0.9,2026-10-02T01:01:04.695736+02:00
295963595,de:12061:900260005:3:54,-0.7,2026-10-02T01:01:04.695736+02:00
295963595,de:12061:900260080:1:50,0.0,2026-10-02T01:01:04.695736+02:00
295963595,de:12061:900260009:3:56,-0.2,2026-10-02T01:01:04.695736+02:00
307332426,de:11000:900029101:1:51,0.0,2026-10-02T01:01:04.695736+02:00
307332426,de:11000:900030202:1:50,-0.3,2026-10-02T01:01:04.695736+02:00
307332426,de:11000:900025424:1:51,-0.2,2026-10-02T01:01:04.695736+02:00
307332426,de:11000:900025321:1:51,-0.2,2026-10-02T01:01:04.695736+02:00
307332426,de:11000:900026105:1:50,-0.4,2026-10-02T01:01:04.695736+02:00
307332426,de:11000:900025423:1:50,-0.7,2026-10-02T01:01:04.695736+02:00
307332426,de:11000:900024102:2:53,-0.7,2026-10-02T01:01:04.695736+02:00
307332426,de:11000:900024101:3:55,-0.3,2026-10-02T01:01:04.695736+02:00
307332426,de:11000:900024203:1:51,-0.8,2026-10-02T01:01:04.695736+02:00
307332426,de:11000:900023201:3:54,-0.7,2026-10-02T01:01:04.695736+02:00
307332426,de:11000:900003103:1:50,-0.8,2026-10-02T01:01:04.695736+02:00
307332426,de:11000:900003102:1:50,-0.9,2026-10-02T01:01:04.695736+02:00
307332426,de:11000:900003201:3:54,-0.5,2026-10-02T01:01:04.695736+02:00
307332426,de:11000:900100001:3:54,-0.1,2026-10-02T01:01:04.695736+02:00
307332426,de:11000:900100002:1:50,-0.4,2026-10-02T01:01:04.695736+02:00
307332426,de:11000:900100003:2:52,-0.1,2026-10-02T01:01:04.695736+02:00
307332426,de:11000:900100004:1:50,-0.4,2026-10-02T01:01:04.695736+02:00
307332426,de:11000:900120005:4:55,-0.6,2026-10-02T01:01:04.695736+02:00
307332426,de:11000:900120004:1:50,-0.1,2026-10-02T01:01:04.695736+02:00
307332426,de:11000:900190001:1:51,-0.2,2026-10-02T01:01:04.695736+02:00
307332426,de:11000:900191002:1:50,0.0,2026-10-02T01:01:04.695736+02:00
307332426,de:11000:900191001:2:52,-0.4,2026-10-02T01:01:04.695736+02:00
307332426,de:11000:900192001:2:52,-0.7,2026-10-02T01:01:04.695736+02:00
307332426,de:11000:900193001:1:50,-0.2,2026-10-02T01:01:04.695736+02:00
307332426,de:11000:900193002:1:50,-0.8,2026-10-02T01:01:04.695736+02:00
307332426,de:11000:900195510:1:51,-0.2,2026-10-02T01:01:04.695736+02:00
307332426,de:11000:900196001:1:50,-0.4,2026-10-02T01:01:04.695736+02:00
307332426,de:12061:900260005:3:54,-0.2,2026-10-02T01:01:04.695736+02:00
307332426,de:12061:900260080:1:50,-0.7,2026-10-02T01:01:04.695736+02:00
307332426,de:12061:900260009:3:55,-0.9,2026-10-02T01:01:04.695736+02:00
307434569,de:12052:900470000:2:51,0.0,2026-10-02T01:01:04.695736+02:00
307434569,de:12071:900445884:1:50,0.0,2026-10-02T01:01:04.695736+02:00
307434569,de:12066:900435884:1:50,0.0,2026-10-02T01:01:04.695736+02:00
307434569,de:12066:900435697:1:50,0.0,2026-10-02T01:01:04.695736+02:00
307434569,de:12066:900435602:1:50,0.0,2026-10-02T01:01:04.695736+02:00
307434569,de:12061:900261512:1:50,0.0,2026-10-02T01:01:04.695736+02:00
307434569,de:12061:900260019:1:50,0.0,2026-10-02T01:01:04.695736+02:00
307434569,de:12061:900260611:2:51,0.0,2026-10-02T01:01:04.695736+02:00
307435166,de:12061:900260005:1:50,0.0,2026-10-02T01:01:04.695736+02:00
307435166,de:11000:900192001:1:51,0.0,2026-10-02T01:01:04.695736+02:00
307332665,de:11000:900029101:1:51,0.0,2026-10-02T01:01:04.695736+02:00
307332665,de:11000:900030202:1:50,-0.3,2026-10-02T01:01:04.695736+02:00
307332665,de:11000:900025424:1:51,-0.2,2026-10-02T01:01:04.695736+02:00
307332665,de:11000:900025321:1:51,-0.2,2026-10-02T01:01:04.695736+02:00
307332665,de:11000:900026105:1:50,-0.4,2026-10-02T01:01:04.695736+02:00
307332665,de:11000:900025423:1:50,-0.7,2026-10-02T01:01:04.695736+02:00
307332665,de:11000:900024102:2:53,-0.7,2026-10-02T01:01:04.695736+02:00
307332665,de:11000:900024101:3:55,-0.3,2026-10-02T01:01:04.695736+02:00
307332665,de:11000:900024203:1:51,-0.8,2026-10-02T01:01:04.695736+02:00
307332665,de:11000:900023201:3:54,-0.7,2026-10-02T01:01:04.695736+02:00
307332665,de:11000:900003103:1:50,-0.8,2026-10-02T01:01:04.695736+02:00
307332665,de:11000:900003102:1:50,-0.9,2026-10-02T01:01:04.695736+02:00
307332665,de:11000:900003201:3:54,-0.5,2026-10-02T01:01:04.695736+02:00
307332665,de:11000:900100001:3:54,-0.1,2026-10-02T01:01:04.695736+02:00
307332665,de:11000:900100002:1:50,-0.4,2026-10-02T01:01:04.695736+02:00
307332665,de:11000:900100003:2:52,-0.1,2026-10-02T01:01:04.695736+02:00
307332665,de:11000:900100004:1:50,-0.4,2026-10-02T01:01:04.695736+02:00
307332665,de:11000:900120005:4:56,-0.6,2026-10-02T01:01:04.695736+02:00
307332665,de:11000:900120004:1:51,-0.1,2026-10-02T01:01:04.695736+02:00
307332665,de:11000:900190001:1:51,-0.2,2026-10-02T01:01:04.695736+02:00
307332665,de:11000:900191002:1:50,0.0,2026-10-02T01:01:04.695736+02:00
307332665,de:11000:900191001:2:52,-0.4,2026-10-02T01:01:04.695736+02:00
307332665,de:11000:900192001:2:52,-0.7,2026-10-02T01:01:04.695736+02:00
307332665,de:11000:900193001:1:50,-0.2,2026-10-02T01:01:04.695736+02:00
307332665,de:11000:900193002:1:50,-0.8,2026-10-02T01:01:04.695736+02:00
307332665,de:11000:900195510:1:51,-0.2,2026-10-02T01:01:04.695736+02:00
307332665,de:11000:900196001:1:50,-0.4,2026-10-02T01:01:04.695736+02:00
307332665,de:12061:900260005:3:54,-0.2,2026-10-02T01:01:04.695736+02:00
307332665,de:12061:900260080:1:50,-0.7,2026-10-02T01:01:04.695736+02:00
307332665,de:12061:900260009:3:55,-0.9,2026-10-02T01:01:04.695736+02:00
307332658,de:11000:900029101:1:51,0.0,2026-10-02T01:01:04.695736+02:00
307332658,de:11000:900030202:1:50,-0.3,2026-10-02T01:01:04.695736+02:00
307332658,de:11000:900025424:1:51,-0.2,2026-10-02T01:01:04.695736+02:00
307332658,de:11000:900025321:1:51,-0.2,2026-10-02T01:01:04.695736+02:00
307332658,de:11000:900026105:1:50,-0.4,2026-10-02T01:01:04.695736+02:00
307332658,de:11000:900025423:1:50,-0.7,2026-10-02T01:01:04.695736+02:00
307332658,de:11000:900024102:2:53,-0.7,2026-10-02T01:01:04.695736+02:00
307332658,de:11000:900024101:3:55,-0.3,2026-10-02T01:01:04.695736+02:00
307332658,de:11000:900024203:1:51,-0.8,2026-10-02T01:01:04.695736+02:00
307332658,de:11000:900023201:3:54,-0.7,2026-10-02T01:01:04.695736+02:00
307332658,de:11000:900003103:1:50,-0.8,2026-10-02T01:01:04.695736+02:00
307332658,de:11000:900003102:1:50,-0.9,2026-10-02T01:01:04.695736+02:00
307332658,de:11000:900003201:3:54,-0.5,2026-10-02T01:01:04.695736+02:00
307332658,de:11000:900100001:3:54,-0.1,2026-10-02T01:01:04.695736+02:00
307332658,de:11000:900100002:1:50,-0.4,2026-10-02T01:01:04.695736+02:00
307332658,de:11000:900100003:2:52,-0.1,2026-10-02T01:01:04.695736+02:00
307332658,de:11000:900100004:1:50,-0.4,2026-10-02T01:01:04.695736+02:00
307332658,de:11000:900120005:4:56,-0.6,2026-10-02T01:01:04.695736+02:00
307332658,de:11000:900120004:1:51,-0.1,2026-10-02T01:01:04.695736+02:00
307332658,de:11000:900190001:1:51,-0.2,2026-10-02T01:01:04.695736+02:00
307332658,de:11000:900191002:1:50,0.0,2026-10-02T01:01:04.695736+02:00
307332658,de:11000:900191001:2:52,-0.4,2026-10-02T01:01:04.695736+02:00
307332658,de:11000:900192001:2:52,-0.7,2026-10-02T01:01:04.695736+02:00
307332658,de:11000:900193001:1:50,-0.2,2026-10-02T01:01:04.695736+02:00
307332658,de:11000:900193002:1:50,-0.8,2026-10-02T01:01:04.695736+02:00
307332658,de:11000:900195510:1:51,-0.2,2026-10-02T01:01:04.695736+02:00
307332658,de:11000:900196001:1:50,-0.4,2026-10-02T01:01:04.695736+02:00
307332658,de:12061:900260005:3:54,-0.2,2026-10-02T01:01:04.695736+02:00
307332658,de:12061:900260080:1:50,-0.7,2026-10-02T01:01:04.695736+02:00
307332658,de:12061:900260009:3:55,-0.9,2026-10-02T01:01:04.695736+02:00
306044891,de:12064:900320228::1,0.0,2026-10-02T01:01:04.695736+02:00
306044891,de:12064:900320211::2,0.0,2026-10-02T01:01:04.695736+02:00
306044891,de:12064:900320214::2,0.0,2026-10-02T01:01:04.695736+02:00
306044891,de:12064:900320227::2,0.0,2026-10-02T01:01:04.695736+02:00
306044891,de:12064:900320014::1,0.0,2026-10-02T01:01:04.695736+02:00
306897090,de:12067:900310834::1,0.0,2026-10-02T01:01:04.695736+02:00
306897090,de:12067:900311005::1,0.0,2026-10-02T01:01:04.695736+02:00
306897090,de:12067:900310012::1,0.0,2026-10-02T01:01:04.695736+02:00
306897090,de:12067:900310758::1,0.0,2026-10-02T01:01:04.695736+02:00
306897090,de:12067:900310012::2,0.0,2026-10-02T01:01:04.695736+02:00
306897090,de:12067:900311005::2,0.0,2026-10-02T01:01:04.695736+02:00
306897090,de:12067:900310638::1,0.0,2026-10-02T01:01:04.695736+02:00
306897090,de:12067:900310988::1,0.0,2026-10-02T01:01:04.695736+02:00
306897090,de:12067:900310958::2,0.0,2026-10-02T01:01:04.695736+02:00
306897090,de:12067:900310957::2,0.0,2026-10-02T01:01:04.695736+02:00
306897090,de:12067:900311223::2,0.0,2026-10-02T01:01:04.695736+02:00
306897090,de:12067:900311222::2,0.0,2026-10-02T01:01:04.695736+02:00
306897090,de:12067:900311482::1,0.0,2026-10-02T01:01:04.695736+02:00
306895621,de:12067:900311083::3,0.0,2026-10-02T01:01:04.695736+02:00
306895621,de:12067:900310775::1,0.0,2026-10-02T01:01:04.695736+02:00
306895621,de:12067:900311083::2,0.0,2026-10-02T01:01:04.695736+02:00
306895621,de:12067:900310814::2,0.0,2026-10-02T01:01:04.695736+02:00
306895621,de:12067:900310804::2,0.0,2026-10-02T01:01:04.695736+02:00
306895621,de:12067:900311150::2,0.0,2026-10-02T01:01:04.695736+02:00
306895621,de:12067:900311135::2,0.0,2026-10-02T01:01:04.695736+02:00
306895621,de:12067:900311149::2,0.0,2026-10-02T01:01:04.695736+02:00
306895621,de:12067:900310001::11,0.0,2026-10-02T01:01:04.695736+02:00
306895621,de:12067:900310001::2,0.0,2026-10-02T01:01:04.695736+02:00
306895621,de:12067:900310816::1,0.0,2026-10-02T01:01:04.695736+02:00
306895621,de:12067:900310627::1,0.0,2026-10-02T01:01:04.695736+02:00
306895621,de:12067:900310781::1,0.0,2026-10-02T01:01:04.695736+02:00
306895621,de:12067:900310822::1,0.0,2026-10-02T01:01:04.695736+02:00
306895621,de:12067:900310771::1,0.0,2026-10-02T01:01:04.695736+02:00
306895621,de:12067:900310811::1,0.0,2026-10-02T01:01:04.695736+02:00
306895621,de:12067:900310630::1,0.0,2026-10-02T01:01:04.695736+02:00
306895621,de:12067:900310812::1,0.0,2026-10-02T01:01:04.695736+02:00
306895621,de:12067:900310770::1,0.0,2026-10-02T01:01:04.695736+02:00
306895621,de:12067:900310010::3,0.0,2026-10-02T01:01:04.695736+02:00
306895621,de:12067:900310880::1,0.0,2026-10-02T01:01:04.695736+02:00
306895621,de:12067:900310815::1,0.0,2026-10-02T01:01:04.695736+02:00
306895621,de:12067:900310807::1,0.0,2026-10-02T01:01:04.695736+02:00
306897065,de:12067:900310925::1,0.0,2026-10-02T01:01:04.695736+02:00
306897065,de:12067:900310874::1,0.0,2026-10-02T01:01:04.695736+02:00
306897065,de:12067:900310866::1,0.0,2026-10-02T01:01:04.695736+02:00
306897065,de:12067:900311092::1,0.0,2026-10-02T01:01:04.695736+02:00
306897065,de:12067:900310975::1,0.0,2026-10-02T01:01:04.695736+02:00
306897065,de:12067:900310908::1,-0.5,2026-10-02T01:01:04.695736+02:00
306897065,de:12067:900311020::1,-0.5,2026-10-02T01:01:04.695736+02:00
306897065,de:12067:900310834::1,-0.5,2026-10-02T01:01:04.695736+02:00
306897076,de:12053:900360063::1,0.0,2026-10-02T01:01:04.695736+02:00
306897076,de:12053:900360155::2,0.0,2026-10-02T01:01:04.695736+02:00
306897076,de:12067:900311485::1,0.0,2026-10-02T01:01:04.695736+02:00
306897076,de:12067:900311482::1,0.0,2026-10-02T01:01:04.695736+02:00
306897076,de:12067:900311489::1,0.0,2026-10-02T01:01:04.695736+02:00
306897076,de:12067:900311480::1,0.0,2026-10-02T01:01:04.695736+02:00
306897076,de:12067:900311222::1,0.0,2026-10-02T01:01:04.695736+02:00
306897076,de:12067:900311223::1,0.0,2026-10-02T01:01:04.695736+02:00
306897076,de:12067:900310957::1,0.0,2026-10-02T01:01:04.695736+02:00
306897076,de:12067:900310958::1,0.0,2026-10-02T01:01:04.695736+02:00
306897076,de:12067:900310988::2,0.0,2026-10-02T01:01:04.695736+02:00
306897076,de:12067:900310638::2,0.0,2026-10-02T01:01:04.695736+02:00
306897076,de:12067:900310834::1,0.0,2026-10-02T01:01:04.695736+02:00
306043960,de:12064:900320909::1,0.0,2026-10-02T01:01:04.695736+02:00
306043960,de:12064:900320908::2,0.0,2026-10-02T01:01:04.695736+02:00
306043960,de:12064:900320907::2,0.0,2026-10-02T01:01:04.695736+02:00
306043960,de:12064:900320918::2,0.0,2026-10-02T01:01:04.695736+02:00
306043960,de:12064:900320914::2,0.0,2026-10-02T01:01:04.695736+02:00
306043960,de:12064:900320915::1,0.0,2026-10-02T01:01:04.695736+02:00
306043960,de:12064:900320903::1,0.0,2026-10-02T01:01:04.695736+02:00
306043960,de:12064:900320902::1,0.0,2026-10-02T01:01:04.695736+02:00
306043960,de:12064:900320900::1,0.0,2026-10-02T01:01:04.695736+02:00
306050738,de:12064:900320004::4,0.0,2026-10-02T01:01:04.695736+02:00
306050738,de:12064:900320561::1,0.0,2026-10-02T01:01:04.695736+02:00
306050738,de:12064:900320562::1,0.0,2026-10-02T01:01:04.695736+02:00
306050738,de:12064:900320999::1,0.0,2026-10-02T01:01:04.695736+02:00
306050738,de:12064:900320998::1,0.0,2026-10-02T01:01:04.695736+02:00
306050738,de:12064:900320960::1,0.0,2026-10-02T01:01:04.695736+02:00
306050738,de:12064:900320659::1,0.0,2026-10-02T01:01:04.695736+02:00
306050738,de:12064:900320273::1,0.0,2026-10-02T01:01:04.695736+02:00
306050738,de:12064:900320282::1,0.0,2026-10-02T01:01:04.695736+02:00
306050738,de:12064:900320274::1,0.0,2026-10-02T01:01:04.695736+02:00
306050738,de:12064:900320275::1,0.0,2026-10-02T01:01:04.695736+02:00
306050738,de:12064:900320262::1,0.0,2026-10-02T01:01:04.695736+02:00
306050738,de:12064:900320263::1,0.0,2026-10-02T01:01:04.695736+02:00
306050738,de:12064:900320264::1,0.0,2026-10-02T01:01:04.695736+02:00
306050738,de:12064:900320242::1,0.0,2026-10-02T01:01:04.695736+02:00
306050738,de:12064:900320249::3,0.0,2026-10-02T01:01:04.695736+02:00
306050738,de:12064:900320283::1,0.0,2026-10-02T01:01:04.695736+02:00
306050738,de:12064:900320252::1,0.0,2026-10-02T01:01:04.695736+02:00
306050738,de:12064:900320246::3,0.0,2026-10-02T01:01:04.695736+02:00
306050738,de:12064:900320254::1,0.0,2026-10-02T01:01:04.695736+02:00
306050738,de:12067:900310530::1,0.0,2026-10-02T01:01:04.695736+02:00
306050738,de:12067:900310531::1,0.0,2026-10-02T01:01:04.695736+02:00
306050738,de:12067:900310532::1,0.0,2026-10-02T01:01:04.695736+02:00
306050738,de:12067:900310533::1,0.0,2026-10-02T01:01:04.695736+02:00
306050738,de:12067:900310534::2,0.0,2026-10-02T01:01:04.695736+02:00
306050738,de:11000:900310550::2,0.0,2026-10-02T01:01:04.695736+02:00
306050738,de:12067:900310572::2,0.0,2026-10-02T01:01:04.695736+02:00
306050738,de:12067:900310013::2,0.0,2026-10-02T01:01:04.695736+02:00
295879438,de:11000:900053301:2:52,0.0,2026-10-02T01:01:04.695736+02:00
295879438,de:11000:900052201:1:51,0.0,2026-10-02T01:01:04.695736+02:00
295879438,de:11000:900050355:1:51,-0.3,2026-10-02T01:01:04.695736+02:00
295879438,de:11000:900050301:1:51,-0.4,2026-10-02T01:01:04.695736+02:00
295879438,de:11000:900049201:1:51,0.0,2026-10-02T01:01:04.695736+02:00
295879438,de:11000:900049202:1:51,0.0,2026-10-02T01:01:04.695736+02:00
295879438,de:11000:900066101:1:51,-0.3,2026-10-02T01:01:04.695736+02:00
295879438,de:11000:900066102:1:51,-0.2,2026-10-02T01:01:04.695736+02:00
295879438,de:11000:900062202:1:51,-0.2,2026-10-02T01:01:04.695736+02:00
295879438,de:11000:900063101:1:51,-0.2,2026-10-02T01:01:04.695736+02:00
295879438,de:11000:900060101:1:51,-0.9,2026-10-02T01:01:04.695736+02:00
295879438,de:11000:900054104:1:51,-0.9,2026-10-02T01:01:04.695736+02:00
295879438,de:11000:900057104:1:50,-0.4,2026-10-02T01:01:04.695736+02:00
295879438,de:11000:900057102:1:51,-0.1,2026-10-02T01:01:04.695736+02:00
295879438,de:11000:900012101:2:52,-0.9,2026-10-02T01:01:04.695736+02:00
295879438,de:11000:900100020:4:57,-0.3,2026-10-02T01:01:04.695736+02:00
295879438,de:11000:900100025:1:51,-0.4,2026-10-02T01:01:04.695736+02:00
295879438,de:11000:900100001:4:57,-0.1,2026-10-02T01:01:04.695736+02:00
295879438,de:11000:900100007:1:51,-0.2,2026-10-02T01:01:04.695736+02:00
295879438,de:11000:900007104:2:52,-0.2,2026-10-02T01:01:04.695736+02:00
295879438,de:11000:900008101:1:51,-0.9,2026-10-02T01:01:04.695736+02:00
295879438,de:11000:900007102:2:53,-0.6,2026-10-02T01:01:04.695736+02:00
295879438,de:11000:900110011:2:53,-0.9,2026-10-02T01:01:04.695736+02:00
295879438,de:11000:900085201:1:50,-0.9,2026-10-02T01:01:04.695736+02:00
295879438,de:11000:900084101:1:50,-0.7,2026-10-02T01:01:04.695736+02:00
295879438,de:11000:900096101:1:50,-0.8,2026-10-02T01:01:04.695736+02:00
295879438,de:11000:900094101:1:50,-0.1,2026-10-02T01:01:04.695736+02:00
295879438,de:11000:900093201:1:50,-0.4,2026-10-02T01:01:04.695736+02:00
295879438,de:11000:900092201:1:50,-0.2,2026-10-02T01:01:04.695736+02:00
295879438,de:12065:900200009:1:50,-0.7,2026-10-02T01:01:04.695736+02:00
295879438,de:12065:900200008:1:50,-0.7,2026-10-02T01:01:04.695736+02:00
295879438,de:12065:900200007:1:50,-0.2,2026-10-02T01:01:04.695736+02:00
295879438,de:12065:900200006:1:50,-0.5,2026-10-02T01:01:04.695736+02:00
295879438,de:12065:900200005:3:1,-0.9,2026-10-02T01:01:04.695736+02:00
295879325,de:12065:900200005:3:1,0.0,2026-10-02T01:01:04.695736+02:00
295879325,de:12065:900200006:1:51,-0.3,2026-10-02T01:01:04.695736+02:00
295879325,de:12065:900200007:1:51,-0.7,2026-10-02T01:01:04.695736+02:00
295879325,de:12065:900200008:1:51,-0.2,2026-10-02T01:01:04.695736+02:00
295879325,de:12065:900200009:1:51,-0.1,2026-10-02T01:01:04.695736+02:00
295879325,de:11000:900092201:1:51,-0.7,2026-10-02T01:01:04.695736+02:00
295879325,de:11000:900093201:1:51,-0.4,2026-10-02T01:01:04.695736+02:00
295879325,de:11000:900094101:1:51,-0.8,2026-10-02T01:01:04.695736+02:00
295879325,de:11000:900096101:1:51,-0.1,2026-10-02T01:01:04.695736+02:00
295879325,de:11000:900084101:1:51,-0.2,2026-10-02T01:01:04.695736+02:00
295879325,de:11000:900085201:1:51,-0.8,2026-10-02T01:01:04.695736+02:00
295879325,de:11000:900130003:1:51,-0.8,2026-10-02T01:01:04.695736+02:00
295879325,de:11000:900110011:1:50,-0.9,2026-10-02T01:01:04.695736+02:00
295879325,de:11000:900007102:1:50,-0.9,2026-10-02T01:01:04.695736+02:00
295879325,de:11000:900008101:1:50,0.0,2026-10-02T01:01:04.695736+02:00
295879325,de:11000:900007104:1:51,-0.7,2026-10-02T01:01:04.695736+02:00
295879325,de:11000:900100007:1:50,-0.7,2026-10-02T01:01:04.695736+02:00
295879325,de:11000:900100001:4:56,-0.5,2026-10-02T01:01:04.695736+02:00
295879325,de:11000:900100025:1:50,-0.4,2026-10-02T01:01:04.695736+02:00
295879325,de:11000:900100020:3:54,-0.4,2026-10-02T01:01:04.695736+02:00
295879325,de:11000:900012101:1:51,-0.5,2026-10-02T01:01:04.695736+02:00
295879325,de:11000:900057102:1:50,-0.7,2026-10-02T01:01:04.695736+02:00
295879325,de:11000:900057104:2:51,-0.4,2026-10-02T01:01:04.695736+02:00
295879325,de:11000:900054104:1:50,-0.3,2026-10-02T01:01:04.695736+02:00
295879325,de:11000:900060101:1:50,-0.3,2026-10-02T01:01:04.695736+02:00
295879325,de:11000:900063101:1:50,-0.1,2026-10-02T01:01:04.695736+02:00
295879325,de:11000:900062202:1:50,-0.1,2026-10-02T01:01:04.695736+02:00
295879325,de:11000:900066102:1:50,-0.2,2026-10-02T01:01:04.695736+02:00
295879325,de:11000:900066101:1:50,-0.1,2026-10-02T01:01:04.695736+02:00
295879325,de:11000:900049202:1:50,-0.3,2026-10-02T01:01:04.695736+02:00
295879325,de:11000:900049201:1:50,-0.4,2026-10-02T01:01:04.695736+02:00
295879325,de:11000:900050301:1:50,0.0,2026-10-02T01:01:04.695736+02:00
295879325,de:11000:900050355:1:50,-0.1,2026-10-02T01:01:04.695736+02:00
295879325,de:11000:900052201:1:50,-0.5,2026-10-02T01:01:04.695736+02:00
295879325,de:11000:900053301:1:51,-0.9,2026-10-02T01:01:04.695736+02:00
295879420,de:11000:900053301:2:52,0.0,2026-10-02T01:01:04.695736+02:00
295879420,de:11000:900052201:1:51,0.0,2026-10-02T01:01:04.695736+02:00
295879420,de:11000:900050355:1:51,-0.3,2026-10-02T01:01:04.695736+02:00
295879420,de:11000:900050301:1:51,-0.4,2026-10-02T01:01:04.695736+02:00
295879420,de:11000:900049201:1:51,0.0,2026-10-02T01:01:04.695736+02:00
295879420,de:11000:900049202:1:51,0.0,2026-10-02T01:01:04.695736+02:00
295879420,de:11000:900066101:1:51,-0.3,2026-10-02T01:01:04.695736+02:00
295879420,de:11000:900066102:1:51,-0.2,2026-10-02T01:01:04.695736+02:00
295879420,de:11000:900062202:1:51,-0.2,2026-10-02T01:01:04.695736+02:00
295879420,de:11000:900063101:1:51,-0.2,2026-10-02T01:01:04.695736+02:00
295879420,de:11000:900060101:1:51,-0.9,2026-10-02T01:01:04.695736+02:00
295879420,de:11000:900054104:1:51,-0.9,2026-10-02T01:01:04.695736+02:00
295879420,de:11000:900057104:1:50,-0.4,2026-10-02T01:01:04.695736+02:00
295879420,de:11000:900057102:1:51,-0.1,2026-10-02T01:01:04.695736+02:00
295879420,de:11000:900012101:2:52,-0.9,2026-10-02T01:01:04.695736+02:00
295879420,de:11000:900100020:4:57,-0.3,2026-10-02T01:01:04.695736+02:00
295879420,de:11000:900100025:1:51,-0.4,2026-10-02T01:01:04.695736+02:00
295879420,de:11000:900100001:4:57,-0.1,2026-10-02T01:01:04.695736+02:00
295879420,de:11000:900100007:1:51,-0.2,2026-10-02T01:01:04.695736+02:00
295879420,de:11000:900007104:2:52,-0.2,2026-10-02T01:01:04.695736+02:00
295879420,de:11000:900008101:1:51,-0.9,2026-10-02T01:01:04.695736+02:00
295879420,de:11000:900007102:2:53,-0.6,2026-10-02T01:01:04.695736+02:00
295879420,de:11000:900110011:2:53,-0.9,2026-10-02T01:01:04.695736+02:00
295879420,de:11000:900085201:1:50,-0.9,2026-10-02T01:01:04.695736+02:00
295879420,de:11000:900084101:1:50,-0.7,2026-10-02T01:01:04.695736+02:00
295879420,de:11000:900096101:1:50,-0.8,2026-10-02T01:01:04.695736+02:00
295879420,de:11000:900094101:1:50,-0.1,2026-10-02T01:01:04.695736+02:00
295879420,de:11000:900093201:1:50,-0.4,2026-10-02T01:01:04.695736+02:00
295879420,de:11000:900092201:1:50,-0.2,2026-10-02T01:01:04.695736+02:00
295879420,de:12065:900200009:1:50,-0.7,2026-10-02T01:01:04.695736+02:00
295879420,de:12065:900200008:1:50,-0.7,2026-10-02T01:01:04.695736+02:00
295879420,de:12065:900200007:1:50,-0.2,2026-10-02T01:01:04.695736+02:00
295879420,de:12065:900200006:1:50,-0.5,2026-10-02T01:01:04.695736+02:00
295879420,de:12065:900200005:3:1,-0.9,2026-10-02T01:01:04.695736+02:00
306895942,de:12064:900320250::1,0.0,2026-10-02T01:01:04.695736+02:00
306895942,de:12064:900320267::2,0.0,2026-10-02T01:01:04.695736+02:00
306895942,de:12067:900310017::2,0.0,2026-10-02T01:01:04.695736+02:00
306895942,de:12067:900310509::1,0.0,2026-10-02T01:01:04.695736+02:00
306895942,de:12067:900310508::1,0.0,2026-10-02T01:01:04.695736+02:00
306895942,de:12067:900310580::2,0.0,2026-10-02T01:01:04.695736+02:00
306895942,de:12067:900310578::4,0.0,2026-10-02T01:01:04.695736+02:00
306895942,de:12067:900310534::2,0.0,2026-10-02T01:01:04.695736+02:00
306895942,de:11000:900310550::2,0.0,2026-10-02T01:01:04.695736+02:00
306895942,de:12067:900310572::2,0.0,2026-10-02T01:01:04.695736+02:00
306895942,de:12067:900310013::2,0.0,2026-10-02T01:01:04.695736+02:00
306895942,de:12067:900310563::3,0.0,2026-10-02T01:01:04.695736+02:00
306895942,de:12067:900310563::2,0.0,2026-10-02T01:01:04.695736+02:00
306895942,de:12067:900310569::1,0.0,2026-10-02T01:01:04.695736+02:00
306895942,de:12067:900310571::1,0.0,2026-10-02T01:01:04.695736+02:00
306895942,de:12067:900310579::1,0.0,2026-10-02T01:01:04.695736+02:00
306895942,de:12067:900310553::1,0.0,2026-10-02T01:01:04.695736+02:00
306895942,de:12067:900310558::2,0.0,2026-10-02T01:01:04.695736+02:00
306895942,de:12067:900310559::2,0.0,2026-10-02T01:01:04.695736+02:00
306895942,de:12067:900310560::1,0.0,2026-10-02T01:01:04.695736+02:00
306895942,de:12067:900310573::1,0.0,2026-10-02T01:01:04.695736+02:00
306895942,de:12067:900310581::1,0.0,2026-10-02T01:01:04.695736+02:00
306895942,de:12067:900310567::1,0.0,2026-10-02T01:01:04.695736+02:00
306895942,de:12067:900310561::1,0.0,2026-10-02T01:01:04.695736+02:00
306895942,de:12067:900310565::1,0.0,2026-10-02T01:01:04.695736+02:00
306896180,de:12067:900310013::3,0.0,2026-10-02T01:01:04.695736+02:00
306896180,de:12067:900310563::3,0.0,2026-10-02T01:01:04.695736+02:00
306896180,de:12067:900310559::1,0.0,2026-10-02T01:01:04.695736+02:00
306896180,de:12067:900310558::1,0.0,2026-10-02T01:01:04.695736+02:00
306896180,de:12067:900310556::1,0.0,2026-10-02T01:01:04.695736+02:00
306896180,de:12067:900310621::1,0.0,2026-10-02T01:01:04.695736+02:00
306896180,de:12067:900310568::1,0.0,2026-10-02T01:01:04.695736+02:00
306896180,de:12067:900310955::1,0.0,2026-10-02T01:01:04.695736+02:00
306896180,de:12067:900310949::1,0.0,2026-10-02T01:01:04.695736+02:00
306896180,de:12067:900310952::1,0.0,2026-10-02T01:01:04.695736+02:00
306896180,de:12067:900310025::1,0.0,2026-10-02T01:01:04.695736+02:00
306896180,de:12067:900310015::1,0.0,2026-10-02T01:01:04.695736+02:00
306896180,de:12067:900310836::1,0.0,2026-10-02T01:01:04.695736+02:00
306896180,de:12067:900310838::1,0.0,2026-10-02T01:01:04.695736+02:00
295883460,de:11000:900100020:3:55,0.0,2026-10-02T01:01:04.695736+02:00
295883460,de:11000:900012101:1:51,-0.5,2026-10-02T01:01:04.695736+02:00
295883460,de:11000:900057102:1:50,-0.7,2026-10-02T01:01:04.695736+02:00
295883460,de:11000:900057104:2:51,-0.4,2026-10-02T01:01:04.695736+02:00
295883460,de:11000:900054104:1:50,-0.3,2026-10-02T01:01:04.695736+02:00
295883460,de:11000:900060101:1:50,-0.3,2026-10-02T01:01:04.695736+02:00
295883460,de:11000:900063101:1:50,-0.1,2026-10-02T01:01:04.695736+02:00
295883460,de:11000:900062202:1:50,-0.1,2026-10-02T01:01:04.695736+02:00
295883460,de:11000:900066102:1:50,-0.2,2026-10-02T01:01:04.695736+02:00
295883460,de:11000:900066101:1:50,-0.1,2026-10-02T01:01:04.695736+02:00
295883460,de:11000:900049202:1:50,-0.3,2026-10-02T01:01:04.695736+02:00
295883460,de:11000:900049201:1:51,-0.4,2026-10-02T01:01:04.695736+02:00
295883522,de:11000:900049201:1:51,0.0,2026-10-02T01:01:04.695736+02:00
295883522,de:11000:900049202:1:51,0.0,2026-10-02T01:01:04.695736+02:00
295883522,de:11000:900066101:1:51,-0.3,2026-10-02T01:01:04.695736+02:00
295883522,de:11000:900066102:1:51,-0.2,2026-10-02T01:01:04.695736+02:00
295883522,de:11000:900062202:1:51,-0.2,2026-10-02T01:01:04.695736+02:00
295883522,de:11000:900063101:1:51,-0.2,2026-10-02T01:01:04.695736+02:00
295883522,de:11000:900060101:1:51,-0.9,2026-10-02T01:01:04.695736+02:00
295883522,de:11000:900054104:1:51,-0.9,2026-10-02T01:01:04.695736+02:00
295883522,de:11000:900057104:1:50,-0.4,2026-10-02T01:01:04.695736+02:00
295883522,de:11000:900057102:1:51,-0.1,2026-10-02T01:01:04.695736+02:00
295883522,de:11000:900012101:2:52,-0.8,2026-10-02T01:01:04.695736+02:00
295883522,de:11000:900100020:4:57,-0.9,2026-10-02T01:01:04.695736+02:00
306896363,de:12067:900311129::4,0.0,2026-10-02T01:01:04.695736+02:00
306896363,de:12067:900310755::2,0.0,2026-10-02T01:01:04.695736+02:00
306896363,de:12067:900310728::3,0.0,2026-10-02T01:01:04.695736+02:00
306896363,de:12067:900310727::3,0.0,2026-10-02T01:01:04.695736+02:00
306896363,de:12067:900310942::1,0.0,2026-10-02T01:01:04.695736+02:00
306896363,de:12067:900310716::1,0.0,2026-10-02T01:01:04.695736+02:00
306896363,de:12067:900310740::1,0.0,2026-10-02T01:01:04.695736+02:00
306896363,de:12067:900310739::2,0.0,2026-10-02T01:01:04.695736+02:00
306896363,de:12067:900310747::2,0.0,2026-10-02T01:01:04.695736+02:00
306896363,de:12067:900310924::2,0.0,2026-10-02T01:01:04.695736+02:00
306896363,de:12067:900310925::1,0.0,2026-10-02T01:01:04.695736+02:00
306896363,de:12067:900310600::2,0.0,2026-10-02T01:01:04.695736+02:00
306896363,de:12067:900310829::1,0.0,2026-10-02T01:01:04.695736+02:00
306896363,de:12067:900310827::2,0.0,2026-10-02T01:01:04.695736+02:00
306896363,de:12067:900310982::1,0.0,2026-10-02T01:01:04.695736+02:00
306896363,de:12067:900310757::2,0.0,2026-10-02T01:01:04.695736+02:00
306896363,de:12067:900310756::2,0.0,2026-10-02T01:01:04.695736+02:00
306896363,de:12067:900310118::2,0.0,2026-10-02T01:01:04.695736+02:00
306896363,de:12067:900310100::2,0.0,2026-10-02T01:01:04.695736+02:00
306896363,de:12067:900310108::2,0.0,2026-10-02T01:01:04.695736+02:00
306896363,de:12067:900310111::2,0.0,2026-10-02T01:01:04.695736+02:00
306896363,de:12067:900310101::2,0.0,2026-10-02T01:01:04.695736+02:00
306896363,de:12067:900310112::2,0.0,2026-10-02T01:01:04.695736+02:00
306896363,de:12067:900310109::1,0.0,2026-10-02T01:01:04.695736+02:00
306896363,de:12067:900310040::2,0.0,2026-10-02T01:01:04.695736+02:00
306896363,de:12067:900310105::2,0.0,2026-10-02T01:01:04.695736+02:00
306896363,de:12067:900310970::2,0.0,2026-10-02T01:01:04.695736+02:00
306896363,de:12067:900310972::2,0.0,2026-10-02T01:01:04.695736+02:00
306896363,de:12067:900310810::1,0.0,2026-10-02T01:01:04.695736+02:00
306896363,de:12067:900310769::2,0.0,2026-10-02T01:01:04.695736+02:00
306896363,de:12067:900310695::3,0.0,2026-10-02T01:01:04.695736+02:00
306896363,de:12067:900310812::2,0.0,2026-10-02T01:01:04.695736+02:00
306896363,de:12067:900310630::2,0.0,2026-10-02T01:01:04.695736+02:00
306896363,de:12067:900310811::2,0.0,2026-10-02T01:01:04.695736+02:00
306896363,de:12067:900310771::2,0.0,2026-10-02T01:01:04.695736+02:00
306896363,de:12067:900310822::2,0.0,2026-10-02T01:01:04.695736+02:00
306896363,de:12067:900310781::2,0.0,2026-10-02T01:01:04.695736+02:00
306896363,de:12067:900310627::2,-0.5,2026-10-02T01:01:04.695736+02:00
306896363,de:12067:900310816::2,0.0,2026-10-02T01:01:04.695736+02:00
306896363,de:12067:900310022::1,0.0,2026-10-02T01:01:04.695736+02:00
306896363,de:12067:900310001::11,0.0,2026-10-02T01:01:04.695736+02:00
306896511,de:12067:900310001::3,0.0,2026-10-02T01:01:04.695736+02:00
306896511,de:12067:900311149::1,0.0,2026-10-02T01:01:04.695736+02:00
306896511,de:12067:900310835::1,0.0,2026-10-02T01:01:04.695736+02:00
306896511,de:12067:900310825::1,0.0,2026-10-02T01:01:04.695736+02:00
306896511,de:12067:900310813::1,0.0,2026-10-02T01:01:04.695736+02:00
306896511,de:12067:900310803::1,0.0,2026-10-02T01:01:04.695736+02:00
306896511,de:12067:900310802::1,0.0,2026-10-02T01:01:04.695736+02:00
306896511,de:12067:900310712::1,0.0,2026-10-02T01:01:04.695736+02:00
306896511,de:12067:900310711::1,0.0,2026-10-02T01:01:04.695736+02:00
306896511,de:12067:900311015::1,0.0,2026-10-02T01:01:04.695736+02:00
306896511,de:12064:900320277::1,0.0,2026-10-02T01:01:04.695736+02:00
306896511,de:12064:900320279::1,-0.5,2026-10-02T01:01:04.695736+02:00
306896511,de:12064:900320229::1,-0.5,2026-10-02T01:01:04.695736+02:00
306896511,de:12064:900320280::1,0.0,2026-10-02T01:01:04.695736+02:00
306896511,de:12064:900320228::1,0.0,2026-10-02T01:01:04.695736+02:00
307252178,de:11000:900007102:1:51,0.0,2026-10-02T01:01:04.695736+02:00
307252178,de:11000:900009104:1:51,-0.8,2026-10-02T01:01:04.695736+02:00
307252178,de:11000:900003200:5:58,-0.7,2026-10-02T01:01:04.695736+02:00
307252176,de:11000:900007102:1:51,0.0,2026-10-02T01:01:04.695736+02:00
307252176,de:11000:900009104:1:51,-0.8,2026-10-02T01:01:04.695736+02:00
307252176,de:11000:900003200:5:58,-0.7,2026-10-02T01:01:04.695736+02:00
307252169,de:11000:900007102:1:51,0.0,2026-10-02T01:01:04.695736+02:00
307252169,de:11000:900009104:1:51,-0.8,2026-10-02T01:01:04.695736+02:00
307252169,de:11000:900003200:5:58,-0.7,2026-10-02T01:01:04.695736+02:00
306896851,de:12067:900311129::4,0.0,2026-10-02T01:01:04.695736+02:00
306896851,de:12067:900311129::4,-12.0,2026-10-02T01:01:04.695736+02:00
306896851,de:12067:900310727::3,0.0,2026-10-02T01:01:04.695736+02:00
306896851,de:12067:900310755::2,0.0,2026-10-02T01:01:04.695736+02:00
306896851,de:12067:900310728::3,0.0,2026-10-02T01:01:04.695736+02:00
306896851,de:12067:900311129::7,0.0,2026-10-02T01:01:04.695736+02:00
306896851,de:12067:900311129::4,12.0,2026-10-02T01:01:04.695736+02:00
306896851,de:12067:900311129::4,0.0,2026-10-02T01:01:04.695736+02:00
306896851,de:12067:900310637::2,0.0,2026-10-02T01:01:04.695736+02:00
306896851,de:12067:900310722::2,-0.5,2026-10-02T01:01:04.695736+02:00
306896851,de:12067:900310841::2,0.0,2026-10-02T01:01:04.695736+02:00
306896851,de:12067:900311002::3,0.0,2026-10-02T01:01:04.695736+02:00
306896851,de:12067:900310908::2,0.0,2026-10-02T01:01:04.695736+02:00
306896851,de:12067:900310975::2,0.0,2026-10-02T01:01:04.695736+02:00
306896851,de:12067:900310974::2,0.0,2026-10-02T01:01:04.695736+02:00
306896851,de:12067:900310914::2,0.0,2026-10-02T01:01:04.695736+02:00
306896851,de:12067:900310703::3,0.0,2026-10-02T01:01:04.695736+02:00
306896851,de:12067:900310915::2,-0.5,2026-10-02T01:01:04.695736+02:00
306896851,de:12067:900310916::2,-0.5,2026-10-02T01:01:04.695736+02:00
306896851,de:12067:900310917::2,0.0,2026-10-02T01:01:04.695736+02:00
306896851,de:12067:900310900::2,0.0,2026-10-02T01:01:04.695736+02:00
306896851,de:12067:900310880::2,0.0,2026-10-02T01:01:04.695736+02:00
306896851,de:12067:900310010::1,0.0,2026-10-02T01:01:04.695736+02:00
306896851,de:12067:900310879::2,0.0,2026-10-02T01:01:04.695736+02:00
306896851,de:12067:900310800::2,0.0,2026-10-02T01:01:04.695736+02:00
306896851,de:12067:900310771::2,0.0,2026-10-02T01:01:04.695736+02:00
306896851,de:12067:900310822::2,0.0,2026-10-02T01:01:04.695736+02:00
306896851,de:12067:900310781::2,0.0,2026-10-02T01:01:04.695736+02:00
306896851,de:12067:900310627::2,-0.5,2026-10-02T01:01:04.695736+02:00
306896851,de:12067:900310816::2,0.0,2026-10-02T01:01:04.695736+02:00
306896851,de:12067:900310022::1,0.0,2026-10-02T01:01:04.695736+02:00
306896851,de:12067:900310001::11,0.0,2026-10-02T01:01:04.695736+02:00
295882579,de:11000:900053301:2:52,0.0,2026-10-02T01:01:04.695736+02:00
295882579,de:11000:900052201:1:51,0.0,2026-10-02T01:01:04.695736+02:00
295882579,de:11000:900050355:1:51,-0.3,2026-10-02T01:01:04.695736+02:00
295882579,de:11000:900050301:1:51,-0.4,2026-10-02T01:01:04.695736+02:00
295882579,de:11000:900049201:1:51,0.0,2026-10-02T01:01:04.695736+02:00
295882579,de:11000:900049202:1:51,0.0,2026-10-02T01:01:04.695736+02:00
295882579,de:11000:900066101:1:51,-0.3,2026-10-02T01:01:04.695736+02:00
295882579,de:11000:900066102:1:51,-0.2,2026-10-02T01:01:04.695736+02:00
295882579,de:11000:900062202:1:51,-0.2,2026-10-02T01:01:04.695736+02:00
295882579,de:11000:900063101:1:51,-0.2,2026-10-02T01:01:04.695736+02:00
295882579,de:11000:900060101:1:51,-0.9,2026-10-02T01:01:04.695736+02:00
295882579,de:11000:900054104:1:51,-0.9,2026-10-02T01:01:04.695736+02:00
295882579,de:11000:900057104:1:50,-0.4,2026-10-02T01:01:04.695736+02:00
295882579,de:11000:900057102:1:51,-0.1,2026-10-02T01:01:04.695736+02:00
295882579,de:11000:900012101:2:52,-0.9,2026-10-02T01:01:04.695736+02:00
295882579,de:11000:900100020:4:57,-0.3,2026-10-02T01:01:04.695736+02:00
295882579,de:11000:900100025:1:51,-0.4,2026-10-02T01:01:04.695736+02:00
295882579,de:11000:900100001:4:57,-0.1,2026-10-02T01:01:04.695736+02:00
295882579,de:11000:900100007:1:51,-0.2,2026-10-02T01:01:04.695736+02:00
295882579,de:11000:900007104:2:52,-0.2,2026-10-02T01:01:04.695736+02:00
295882579,de:11000:900008101:1:51,-0.9,2026-10-02T01:01:04.695736+02:00
295882579,de:11000:900007102:2:53,-0.6,2026-10-02T01:01:04.695736+02:00
295882579,de:11000:900110011:2:53,-0.9,2026-10-02T01:01:04.695736+02:00
295882579,de:11000:900085201:1:50,-0.9,2026-10-02T01:01:04.695736+02:00
295882579,de:11000:900084101:1:50,-0.7,2026-10-02T01:01:04.695736+02:00
295882579,de:11000:900096101:1:50,-0.8,2026-10-02T01:01:04.695736+02:00
295882579,de:11000:900094101:1:50,-0.1,2026-10-02T01:01:04.695736+02:00
295882579,de:11000:900093201:1:50,-0.4,2026-10-02T01:01:04.695736+02:00
295882579,de:11000:900092201:1:50,-0.2,2026-10-02T01:01:04.695736+02:00
295882576,de:11000:900053301:2:52,0.0,2026-10-02T01:01:04.695736+02:00
295882576,de:11000:900052201:1:51,0.0,2026-10-02T01:01:04.695736+02:00
295882576,de:11000:900050355:1:51,-0.3,2026-10-02T01:01:04.695736+02:00
295882576,de:11000:900050301:1:51,-0.4,2026-10-02T01:01:04.695736+02:00
295882576,de:11000:900049201:1:51,0.0,2026-10-02T01:01:04.695736+02:00
295882576,de:11000:900049202:1:51,0.0,2026-10-02T01:01:04.695736+02:00
295882576,de:11000:900066101:1:51,-0.3,2026-10-02T01:01:04.695736+02:00
295882576,de:11000:900066102:1:51,-0.2,2026-10-02T01:01:04.695736+02:00
295882576,de:11000:900062202:1:51,-0.2,2026-10-02T01:01:04.695736+02:00
295882576,de:11000:900063101:1:51,-0.2,2026-10-02T01:01:04.695736+02:00
295882576,de:11000:900060101:1:51,-0.9,2026-10-02T01:01:04.695736+02:00
295882576,de:11000:900054104:1:51,-0.9,2026-10-02T01:01:04.695736+02:00
295882576,de:11000:900057104:1:50,-0.4,2026-10-02T01:01:04.695736+02:00
295882576,de:11000:900057102:1:51,-0.1,2026-10-02T01:01:04.695736+02:00
295882576,de:11000:900012101:2:52,-0.9,2026-10-02T01:01:04.695736+02:00
295882576,de:11000:900100020:4:57,-0.3,2026-10-02T01:01:04.695736+02:00
295882576,de:11000:900100025:1:51,-0.4,2026-10-02T01:01:04.695736+02:00
295882576,de:11000:900100001:4:57,-0.1,2026-10-02T01:01:04.695736+02:00
295882576,de:11000:900100007:1:51,-0.2,2026-10-02T01:01:04.695736+02:00
295882576,de:11000:900007104:2:52,-0.2,2026-10-02T01:01:04.695736+02:00
295882576,de:11000:900008101:1:51,-0.9,2026-10-02T01:01:04.695736+02:00
295882576,de:11000:900007102:2:53,-0.6,2026-10-02T01:01:04.695736+02:00
295882576,de:11000:900110011:2:53,-0.9,2026-10-02T01:01:04.695736+02:00
295882576,de:11000:900085201:1:50,-0.9,2026-10-02T01:01:04.695736+02:00
295882576,de:11000:900084101:1:50,-0.7,2026-10-02T01:01:04.695736+02:00
295882576,de:11000:900096101:1:50,-0.8,2026-10-02T01:01:04.695736+02:00
295882576,de:11000:900094101:1:50,-0.1,2026-10-02T01:01:04.695736+02:00
295882576,de:11000:900093201:1:50,-0.4,2026-10-02T01:01:04.695736+02:00
295882576,de:11000:900092201:1:50,-0.2,2026-10-02T01:01:04.695736+02:00
306896023,de:12064:900320007::4,0.0,2026-10-02T01:01:04.695736+02:00
306896023,de:12064:900320113::2,0.0,2026-10-02T01:01:04.695736+02:00
306896023,de:12067:900310523::2,0.0,2026-10-02T01:01:04.695736+02:00
306896023,de:12067:900310535::2,0.0,2026-10-02T01:01:04.695736+02:00
306896023,de:12067:900310522::2,0.0,2026-10-02T01:01:04.695736+02:00
306896023,de:12067:900310021::2,0.0,2026-10-02T01:01:04.695736+02:00
306896023,de:12067:900310500::1,0.0,2026-10-02T01:01:04.695736+02:00
306896023,de:12067:900310501::2,0.0,2026-10-02T01:01:04.695736+02:00
306896023,de:12067:900310020::2,0.0,2026-10-02T01:01:04.695736+02:00
306896023,de:12067:900310528::2,0.0,2026-10-02T01:01:04.695736+02:00
306896023,de:12067:900310529::2,0.0,2026-10-02T01:01:04.695736+02:00
306896023,de:12067:900311012::2,0.0,2026-10-02T01:01:04.695736+02:00
306896023,de:12067:900311014::2,0.0,2026-10-02T01:01:04.695736+02:00
306896023,de:12067:900310536::2,0.0,2026-10-02T01:01:04.695736+02:00
306896023,de:12067:900310543::2,0.0,2026-10-02T01:01:04.695736+02:00
306896023,de:12067:900310578::4,0.0,2026-10-02T01:01:04.695736+02:00
306896023,de:12067:900310534::2,0.0,2026-10-02T01:01:04.695736+02:00
306896023,de:11000:900310550::2,0.0,2026-10-02T01:01:04.695736+02:00
306896023,de:12067:900310572::2,0.0,2026-10-02T01:01:04.695736+02:00
306896023,de:12067:900310013::7,0.0,2026-10-02T01:01:04.695736+02:00
306896162,de:12067:900310838::1,0.0,2026-10-02T01:01:04.695736+02:00
306896162,de:12067:900310836::2,0.0,2026-10-02T01:01:04.695736+02:00
306896162,de:12067:900310015::1,0.0,2026-10-02T01:01:04.695736+02:00
306896162,de:12067:900310025::2,0.0,2026-10-02T01:01:04.695736+02:00
306896162,de:12067:900310952::2,0.0,2026-10-02T01:01:04.695736+02:00
306896162,de:12067:900310949::2,0.0,2026-10-02T01:01:04.695736+02:00
306896162,de:12067:900310955::2,0.0,2026-10-02T01:01:04.695736+02:00
306896162,de:12067:900310568::2,0.0,2026-10-02T01:01:04.695736+02:00
306896162,de:12067:900310556::2,0.0,2026-10-02T01:01:04.695736+02:00
306896162,de:12067:900310558::4,0.0,2026-10-02T01:01:04.695736+02:00
306896162,de:12067:900310559::2,0.0,2026-10-02T01:01:04.695736+02:00
306896162,de:12067:900310563::4,0.0,2026-10-02T01:01:04.695736+02:00
306896162,de:12067:900310013::7,0.0,2026-10-02T01:01:04.695736+02:00
307438430,de:12062:900415167:1:50,0.0,2026-10-02T01:01:04.695736+02:00
307438430,de:12062:900416008:2:51,0.0,2026-10-02T01:01:04.695736+02:00
307438430,de:12066:900435203:1:50,0.0,2026-10-02T01:01:04.695736+02:00
307438430,de:12066:900435061:3:54,0.0,2026-10-02T01:01:04.695736+02:00
307438430,de:12066:900435000:1:50,0.0,2026-10-02T01:01:04.695736+02:00
307438430,de:12066:900435001:1:50,0.0,2026-10-02T01:01:04.695736+02:00
307438430,de:12052:900470000:1:50,0.0,2026-10-02T01:01:04.695736+02:00
307438361,de:12052:900470000:1:50,0.0,2026-10-02T01:01:04.695736+02:00
307438361,de:12066:900435001:2:52,0.0,2026-10-02T01:01:04.695736+02:00
307438361,de:12066:900435000:2:53,0.0,2026-10-02T01:01:04.695736+02:00
306896495,de:12064:900320228::1,0.0,2026-10-02T01:01:04.695736+02:00
306896495,de:12064:900320280::2,0.0,2026-10-02T01:01:04.695736+02:00
306896495,de:12064:900320229::2,-0.5,2026-10-02T01:01:04.695736+02:00
306896495,de:12064:900320279::2,-0.5,2026-10-02T01:01:04.695736+02:00
306896495,de:12064:900320277::2,0.0,2026-10-02T01:01:04.695736+02:00
306896495,de:12067:900311015::2,0.0,2026-10-02T01:01:04.695736+02:00
306896495,de:12067:900310711::2,0.0,2026-10-02T01:01:04.695736+02:00
306896495,de:12067:900310712::2,0.0,2026-10-02T01:01:04.695736+02:00
306896495,de:12067:900310802::2,0.0,2026-10-02T01:01:04.695736+02:00
306896495,de:12067:900310803::2,0.0,2026-10-02T01:01:04.695736+02:00
306896495,de:12067:900310813::2,0.0,2026-10-02T01:01:04.695736+02:00
306896495,de:12067:900310825::1,0.0,2026-10-02T01:01:04.695736+02:00
306896495,de:12067:900310835::2,0.0,2026-10-02T01:01:04.695736+02:00
306896495,de:12067:900310001::9,0.0,2026-10-02T01:01:04.695736+02:00
306896495,de:12067:900311149::2,0.0,2026-10-02T01:01:04.695736+02:00
306896495,de:12067:900310001::11,0.0,2026-10-02T01:01:04.695736+02:00
306896490,de:12064:900320228::1,0.0,2026-10-02T01:01:04.695736+02:00
306896490,de:12064:900320280::2,0.0,2026-10-02T01:01:04.695736+02:00
306896490,de:12064:900320229::2,-0.5,2026-10-02T01:01:04.695736+02:00
306896490,de:12064:900320279::2,-0.5,2026-10-02T01:01:04.695736+02:00
306896490,de:12064:900320277::2,0.0,2026-10-02T01:01:04.695736+02:00
306896490,de:12067:900311015::2,0.0,2026-10-02T01:01:04.695736+02:00
306896490,de:12067:900310711::2,0.0,2026-10-02T01:01:04.695736+02:00
306896490,de:12067:900310712::2,0.0,2026-10-02T01:01:04.695736+02:00
306896490,de:12067:900310802::2,0.0,2026-10-02T01:01:04.695736+02:00
306896490,de:12067:900310803::2,0.0,2026-10-02T01:01:04.695736+02:00
306896490,de:12067:900310813::2,0.0,2026-10-02T01:01:04.695736+02:00
306896490,de:12067:900310825::1,0.0,2026-10-02T01:01:04.695736+02:00
306896490,de:12067:900310835::2,0.0,2026-10-02T01:01:04.695736+02:00
306896490,de:12067:900310001::9,0.0,2026-10-02T01:01:04.695736+02:00
306896490,de:12067:900311149::2,0.0,2026-10-02T01:01:04.695736+02:00
306896490,de:12067:900310001::11,0.0,2026-10-02T01:01:04.695736+02:00
307432913,de:12072:900245027:2:53,0.0,2026-10-02T01:01:04.695736+02:00
307432913,de:12061:900260009:2:54,0.0,2026-10-02T01:01:04.695736+02:00
307432913,de:11000:900192001:1:51,0.0,2026-10-02T01:01:04.695736+02:00
307432913,de:11000:900120003:4:57,0.0,2026-10-02T01:01:04.695736+02:00
307432913,de:11000:900160004:2:52,0.0,2026-10-02T01:01:04.695736+02:00
307432913,de:11000:900152001:2:52,0.0,2026-10-02T01:01:04.695736+02:00
307432913,de:12060:900350160:2:53,0.0,2026-10-02T01:01:04.695736+02:00
307432913,de:12060:900350158:1:50,0.0,2026-10-02T01:01:04.695736+02:00
307432913,de:12060:900350137:1:50,0.0,2026-10-02T01:01:04.695736+02:00
307432913,de:12060:900350126:1:50,0.0,2026-10-02T01:01:04.695736+02:00
307432913,de:12060:900350127:2:51,0.0,2026-10-02T01:01:04.695736+02:00
306895401,de:12067:900311129::3,0.0,2026-10-02T01:01:04.695736+02:00
306895401,de:12067:900310755::2,0.0,2026-10-02T01:01:04.695736+02:00
306895401,de:12067:900310728::2,0.0,2026-10-02T01:01:04.695736+02:00
306895401,de:12067:900310727::2,0.0,2026-10-02T01:01:04.695736+02:00
306895401,de:12067:900310942::1,0.0,2026-10-02T01:01:04.695736+02:00
306895401,de:12067:900310902::1,0.0,2026-10-02T01:01:04.695736+02:00
306895401,de:12067:900311064::1,0.0,2026-10-02T01:01:04.695736+02:00
306895401,de:12067:900311065::1,0.0,2026-10-02T01:01:04.695736+02:00
306897071,de:12067:900310940::1,0.0,2026-10-02T01:01:04.695736+02:00
306897071,de:12067:900310921::2,0.0,2026-10-02T01:01:04.695736+02:00
306897071,de:12067:900310941::2,0.0,2026-10-02T01:01:04.695736+02:00
306897071,de:12067:900310700::1,0.0,2026-10-02T01:01:04.695736+02:00
306897071,de:12067:900310925::1,0.0,2026-10-02T01:01:04.695736+02:00
307433257,de:12060:900350127:2:51,0.0,2026-10-02T01:01:04.695736+02:00
307433257,de:12060:900350126:2:51,0.0,2026-10-02T01:01:04.695736+02:00
307433257,de:12060:900350137:2:51,0.0,2026-10-02T01:01:04.695736+02:00
307433257,de:12060:900350158:1:50,0.0,2026-10-02T01:01:04.695736+02:00
307433257,de:12060:900350160:2:52,0.0,2026-10-02T01:01:04.695736+02:00
307433257,de:11000:900152001:3:53,0.0,2026-10-02T01:01:04.695736+02:00
307433257,de:11000:900160004:4:56,0.0,2026-10-02T01:01:04.695736+02:00
307433257,de:11000:900120003:4:56,0.0,2026-10-02T01:01:04.695736+02:00
307433257,de:11000:900192001:1:50,0.0,2026-10-02T01:01:04.695736+02:00
307433257,de:12061:900260009:2:53,0.0,2026-10-02T01:01:04.695736+02:00
307433257,de:12072:900245027:2:53,0.0,2026-10-02T01:01:04.695736+02:00
307437695,de:12053:900360000:3:54,0.0,2026-10-02T01:01:04.695736+02:00
307437695,de:12067:900311233:1:50,0.0,2026-10-02T01:01:04.695736+02:00
307437695,de:12067:900311232:1:50,0.0,2026-10-02T01:01:04.695736+02:00
307437695,de:12067:900311620:1:50,0.0,2026-10-02T01:01:04.695736+02:00
307437695,de:12067:900311631:1:50,0.0,2026-10-02T01:01:04.695736+02:00
307437695,de:12067:900311307:1:50,0.0,2026-10-02T01:01:04.695736+02:00
307437695,de:12067:900310601:1:50,0.0,2026-10-02T01:01:04.695736+02:00
307437695,de:12067:900311612:1:51,0.0,2026-10-02T01:01:04.695736+02:00
307437695,de:12067:900311250:2:51,0.0,2026-10-02T01:01:04.695736+02:00
307437695,de:12071:900445593:1:50,0.0,2026-10-02T01:01:04.695736+02:00
307437695,de:12071:900445801:2:51,0.0,2026-10-02T01:01:04.695736+02:00
307437695,de:12071:900445751:2:51,0.0,2026-10-02T01:01:04.695736+02:00
307437695,de:12071:900445750:2:51,0.0,2026-10-02T01:01:04.695736+02:00
307437695,de:12071:900446103:1:50,0.0,2026-10-02T01:01:04.695736+02:00
307437695,de:12071:900446411:1:50,0.0,2026-10-02T01:01:04.695736+02:00
307437695,de:12052:900470307:1:50,0.0,2026-10-02T01:01:04.695736+02:00
307437695,de:12052:900470163:1:50,0.0,2026-10-02T01:01:04.695736+02:00
307437695,de:12052:900470001:1:50,0.0,2026-10-02T01:01:04.695736+02:00
307437695,de:12052:900470000:6:59,0.0,2026-10-02T01:01:04.695736+02:00
307437695,de:12071:900445885:1:50,0.0,2026-10-02T01:01:04.695736+02:00
307437695,de:12066:900435459:2:51,0.0,2026-10-02T01:01:04.695736+02:00
307437695,de:12066:900435527:1:50,0.0,2026-10-02T01:01:04.695736+02:00
307437695,de:12062:900415005:2:51,0.0,2026-10-02T01:01:04.695736+02:00
307437695,de:12062:900415112:3:52,0.0,2026-10-02T01:01:04.695736+02:00
307437695,de:12062:900415466:2:51,0.0,2026-10-02T01:01:04.695736+02:00
307437695,de:12062:900415357:2:51,0.0,2026-10-02T01:01:04.695736+02:00
307437695,de:12062:900415467:1:50,0.0,2026-10-02T01:01:04.695736+02:00
307437695,de:12062:900415345:4:55,0.0,2026-10-02T01:01:04.695736+02:00
307437795,de:12066:900435061:2:51,0.0,2026-10-02T01:01:04.695736+02:00
307437795,de:12066:900435203:2:51,0.0,2026-10-02T01:01:04.695736+02:00
307437795,de:12062:900416008:1:50,0.0,2026-10-02T01:01:04.695736+02:00
307437795,de:12062:900415167:1:50,0.0,2026-10-02T01:01:04.695736+02:00
307437795,de:12062:900415240:1:50,0.0,2026-10-02T01:01:04.695736+02:00
307437795,de:12062:900415345:2:52,0.0,2026-10-02T01:01:04.695736+02:00
307436784,de:12069:900220143:1:50,0.0,2026-10-02T01:01:04.695736+02:00
307436784,de:12069:900220142:2:51,0.0,2026-10-02T01:01:04.695736+02:00
307436784,de:12069:900220141:2:51,0.0,2026-10-02T01:01:04.695736+02:00
307436784,de:12069:900222030:2:51,0.0,2026-10-02T01:01:04.695736+02:00
307436784,de:12069:900220005:2:51,0.0,2026-10-02T01:01:04.695736+02:00
307436784,de:12069:900220004:2:51,0.0,2026-10-02T01:01:04.695736+02:00
307436784,de:12069:900220003:1:51,0.0,2026-10-02T01:01:04.695736+02:00
307436784,de:12069:900220006:2:51,0.0,2026-10-02T01:01:04.695736+02:00
307436784,de:12069:900220008:2:51,0.0,2026-10-02T01:01:04.695736+02:00
307436784,de:12054:900230001:2:51,0.0,2026-10-02T01:01:04.695736+02:00
307436784,de:11000:900053301:3:55,0.0,2026-10-02T01:01:04.695736+02:00
306895837,de:12067:900311115::2,0.0,2026-10-02T01:01:04.695736+02:00
306895837,de:12067:900310773::2,0.0,2026-10-02T01:01:04.695736+02:00
306895837,de:12067:900310797::2,0.0,2026-10-02T01:01:04.695736+02:00
306895837,de:12067:900310789::2,0.0,2026-10-02T01:01:04.695736+02:00
306895837,de:12067:900310781::2,0.0,2026-10-02T01:01:04.695736+02:00
306895837,de:12067:900311155::1,0.0,2026-10-02T01:01:04.695736+02:00
306895837,de:12067:900311149::2,0.0,2026-10-02T01:01:04.695736+02:00
306895837,de:12067:900310001::11,0.0,2026-10-02T01:01:04.695736+02:00
306895821,de:12067:900311115::2,0.0,2026-10-02T01:01:04.695736+02:00
306895821,de:12067:900310773::2,0.0,2026-10-02T01:01:04.695736+02:00
306895821,de:12067:900310797::2,0.0,2026-10-02T01:01:04.695736+02:00
306895821,de:12067:900310789::2,0.0,2026-10-02T01:01:04.695736+02:00
306895821,de:12067:900310781::2,0.0,2026-10-02T01:01:04.695736+02:00
306895821,de:12067:900311155::1,0.0,2026-10-02T01:01:04.695736+02:00
306895821,de:12067:900311149::2,0.0,2026-10-02T01:01:04.695736+02:00
306895821,de:12067:900310001::11,0.0,2026-10-02T01:01:04.695736+02:00
306896718,de:12067:900311039::1,0.0,2026-10-02T01:01:04.695736+02:00
306896718,de:12067:900311031::2,-0.5,2026-10-02T01:01:04.695736+02:00
306896718,de:12067:900311040::2,-0.5,2026-10-02T01:01:04.695736+02:00
306896718,de:12067:900311038::2,-0.5,2026-10-02T01:01:04.695736+02:00
306896718,de:12067:900311041::2,-0.5,2026-10-02T01:01:04.695736+02:00
306896718,de:12067:900311032::2,-0.5,2026-10-02T01:01:04.695736+02:00
306896718,de:12067:900311037::2,-0.5,2026-10-02T01:01:04.695736+02:00
306896718,de:12067:900310928::2,-0.5,2026-10-02T01:01:04.695736+02:00
306896718,de:12067:900310930::2,0.0,2026-10-02T01:01:04.695736+02:00
306896718,de:12067:900310929::2,-0.5,2026-10-02T01:01:04.695736+02:00
306896718,de:12067:900310742::2,0.0,2026-10-02T01:01:04.695736+02:00
306896718,de:12067:900310741::2,-0.5,2026-10-02T01:01:04.695736+02:00
306896718,de:12067:900310743::2,-0.5,2026-10-02T01:01:04.695736+02:00
306896718,de:12067:900310785::2,-0.5,2026-10-02T01:01:04.695736+02:00
306896718,de:12067:900310819::2,-0.5,2026-10-02T01:01:04.695736+02:00
306896718,de:12067:900310817::2,-0.5,2026-10-02T01:01:04.695736+02:00
306896718,de:12067:900310837::2,-0.5,2026-10-02T01:01:04.695736+02:00
306896718,de:12067:900310875::2,-0.5,2026-10-02T01:01:04.695736+02:00
306896718,de:12067:900310796::2,-0.5,2026-10-02T01:01:04.695736+02:00
306896718,de:12067:900310777::2,-0.5,2026-10-02T01:01:04.695736+02:00
306896718,de:12067:900310808::2,-0.5,2026-10-02T01:01:04.695736+02:00
306896718,de:12067:900310822::2,-0.5,2026-10-02T01:01:04.695736+02:00
306896718,de:12067:900310781::2,-0.5,2026-10-02T01:01:04.695736+02:00
306896718,de:12067:900310627::2,-0.5,2026-10-02T01:01:04.695736+02:00
306896718,de:12067:900310816::2,0.0,2026-10-02T01:01:04.695736+02:00
306896718,de:12067:900310022::1,0.0,2026-10-02T01:01:04.695736+02:00
306896718,de:12067:900310001::11,0.0,2026-10-02T01:01:04.695736+02:00
307430156,de:11000:900003200:1:50,0.0,2026-10-02T01:01:04.695736+02:00
307430156,de:11000:900100020:1:50,0.0,2026-10-02T01:01:04.695736+02:00
307430156,de:11000:900058101:2:52,0.0,2026-10-02T01:01:04.695736+02:00
307430156,de:12061:900260009:2:53,0.0,2026-10-02T01:01:04.695736+02:00
307430015,de:11000:900003200:1:50,0.0,2026-10-02T01:01:04.695736+02:00
307430015,de:11000:900100020:1:50,0.0,2026-10-02T01:01:04.695736+02:00
307430015,de:11000:900058101:2:52,0.0,2026-10-02T01:01:04.695736+02:00
307430015,de:12061:900260009:2:54,0.0,2026-10-02T01:01:04.695736+02:00
295900339,de:12069:900220114:1:51,0.0,2026-10-02T01:01:04.695736+02:00
295900339,de:11000:900064201:1:51,-0.1,2026-10-02T01:01:04.695736+02:00
295900339,de:11000:900064256:1:51,0.0,2026-10-02T01:01:04.695736+02:00
295900339,de:11000:900064301:3:53,-0.3,2026-10-02T01:01:04.695736+02:00
295900339,de:11000:900067221:1:50,-0.3,2026-10-02T01:01:04.695736+02:00
295900339,de:11000:900063452:1:51,-0.4,2026-10-02T01:01:04.695736+02:00
295900339,de:11000:900058102:2:53,-0.5,2026-10-02T01:01:04.695736+02:00
295900339,de:11000:900058101:1:51,-0.3,2026-10-02T01:01:04.695736+02:00
295900339,de:11000:900058103:1:51,0.0,2026-10-02T01:01:04.695736+02:00
295900339,de:11000:900012101:2:53,-0.7,2026-10-02T01:01:04.695736+02:00
295900339,de:11000:900100020:4:57,-0.8,2026-10-02T01:01:04.695736+02:00
295900339,de:11000:900100025:1:51,-0.9,2026-10-02T01:01:04.695736+02:00
295900339,de:11000:900100001:4:57,-0.6,2026-10-02T01:01:04.695736+02:00
295900339,de:11000:900100007:1:51,-0.7,2026-10-02T01:01:04.695736+02:00
295900339,de:11000:900007104:2:52,-0.7,2026-10-02T01:01:04.695736+02:00
295900339,de:11000:900008101:1:51,-0.4,2026-10-02T01:01:04.695736+02:00
295900339,de:11000:900007102:2:53,-0.2,2026-10-02T01:01:04.695736+02:00
295900339,de:11000:900110011:2:53,-0.4,2026-10-02T01:01:04.695736+02:00
295900339,de:11000:900085201:1:50,-0.8,2026-10-02T01:01:04.695736+02:00
295900339,de:11000:900085105:1:50,-0.8,2026-10-02T01:01:04.695736+02:00
295900339,de:11000:900096458:1:50,-0.1,2026-10-02T01:01:04.695736+02:00
295900339,de:11000:900096405:1:50,-0.8,2026-10-02T01:01:04.695736+02:00
295900339,de:11000:900089303:1:50,-0.7,2026-10-02T01:01:04.695736+02:00
295900339,de:11000:900091205:1:50,-0.3,2026-10-02T01:01:04.695736+02:00
295900339,de:11000:900091203:1:50,-0.5,2026-10-02T01:01:04.695736+02:00
295900339,de:12065:900200000:1:55,-0.7,2026-10-02T01:01:04.695736+02:00
295900245,de:12065:900200000:1:55,0.0,2026-10-02T01:01:04.695736+02:00
295900245,de:11000:900091203:1:50,0.0,2026-10-02T01:01:04.695736+02:00
295900245,de:11000:900091205:1:50,-0.2,2026-10-02T01:01:04.695736+02:00
295900245,de:11000:900089303:1:51,-0.5,2026-10-02T01:01:04.695736+02:00
295900245,de:11000:900096405:1:50,-0.8,2026-10-02T01:01:04.695736+02:00
295900245,de:11000:900096458:1:50,-0.5,2026-10-02T01:01:04.695736+02:00
295900245,de:11000:900085105:1:50,-0.8,2026-10-02T01:01:04.695736+02:00
295900245,de:11000:900085201:1:51,0.0,2026-10-02T01:01:04.695736+02:00
295900245,de:11000:900130003:1:51,-0.8,2026-10-02T01:01:04.695736+02:00
295900245,de:11000:900110011:1:50,-0.9,2026-10-02T01:01:04.695736+02:00
295900245,de:11000:900007102:1:50,-0.7,2026-10-02T01:01:04.695736+02:00
295900245,de:11000:900008101:1:50,-0.4,2026-10-02T01:01:04.695736+02:00
295900245,de:11000:900007104:1:51,-0.2,2026-10-02T01:01:04.695736+02:00
295900245,de:11000:900100007:1:50,-0.2,2026-10-02T01:01:04.695736+02:00
295900245,de:11000:900100001:4:56,0.0,2026-10-02T01:01:04.695736+02:00
295900245,de:11000:900100025:1:50,-0.9,2026-10-02T01:01:04.695736+02:00
295900245,de:11000:900100020:3:54,-0.9,2026-10-02T01:01:04.695736+02:00
295900245,de:11000:900012101:1:51,0.0,2026-10-02T01:01:04.695736+02:00
295900245,de:11000:900058103:1:50,-0.7,2026-10-02T01:01:04.695736+02:00
295900245,de:11000:900058101:1:50,-0.3,2026-10-02T01:01:04.695736+02:00
295900245,de:11000:900058102:1:52,0.0,2026-10-02T01:01:04.695736+02:00
295900245,de:11000:900063452:1:50,-0.1,2026-10-02T01:01:04.695736+02:00
295900245,de:11000:900067221:1:50,-0.2,2026-10-02T01:01:04.695736+02:00
295900245,de:11000:900064301:3:52,-0.2,2026-10-02T01:01:04.695736+02:00
295900245,de:11000:900064256:1:50,-0.7,2026-10-02T01:01:04.695736+02:00
295900245,de:11000:900064201:1:50,-0.6,2026-10-02T01:01:04.695736+02:00
295900245,de:12069:900220114:1:51,-0.9,2026-10-02T01:01:04.695736+02:00
295896067,de:11000:900135001:1:50,0.0,2026-10-02T01:01:04.695736+02:00
295896067,de:11000:900143001:1:51,-0.8,2026-10-02T01:01:04.695736+02:00
295896067,de:11000:900142001:1:51,-0.3,2026-10-02T01:01:04.695736+02:00
295896067,de:11000:900130001:1:51,-0.8,2026-10-02T01:01:04.695736+02:00
295896067,de:11000:900130002:1:51,-0.3,2026-10-02T01:01:04.695736+02:00
295896067,de:11000:900110011:1:51,-0.7,2026-10-02T01:01:04.695736+02:00
295896067,de:11000:900007102:1:50,-0.7,2026-10-02T01:01:04.695736+02:00
295896067,de:11000:900008101:1:50,-0.5,2026-10-02T01:01:04.695736+02:00
295896067,de:11000:900007104:1:51,-0.2,2026-10-02T01:01:04.695736+02:00
295896067,de:11000:900100007:1:50,-0.2,2026-10-02T01:01:04.695736+02:00
295896067,de:11000:900100001:4:56,0.0,2026-10-02T01:01:04.695736+02:00
295896067,de:11000:900100025:1:50,-0.9,2026-10-02T01:01:04.695736+02:00
295896067,de:11000:900100020:3:54,-0.9,2026-10-02T01:01:04.695736+02:00
295896067,de:11000:900012101:1:51,0.0,2026-10-02T01:01:04.695736+02:00
295896067,de:11000:900058103:1:50,-0.8,2026-10-02T01:01:04.695736+02:00
295896067,de:11000:900058101:1:50,-0.4,2026-10-02T01:01:04.695736+02:00
295896067,de:11000:900058102:1:50,-0.4,2026-10-02T01:01:04.695736+02:00
295896067,de:11000:900068301:1:50,-0.7,2026-10-02T01:01:04.695736+02:00
295896067,de:11000:900073101:1:50,-0.9,2026-10-02T01:01:04.695736+02:00
295896067,de:11000:900072101:1:50,-0.2,2026-10-02T01:01:04.695736+02:00
295896067,de:11000:900074202:1:50,-0.2,2026-10-02T01:01:04.695736+02:00
295896067,de:11000:900074201:1:50,-0.4,2026-10-02T01:01:04.695736+02:00
295896066,de:11000:900135001:1:50,0.0,2026-10-02T01:01:04.695736+02:00
295896066,de:11000:900143001:1:51,-0.8,2026-10-02T01:01:04.695736+02:00
295896066,de:11000:900142001:1:51,-0.3,2026-10-02T01:01:04.695736+02:00
295896066,de:11000:900130001:1:51,-0.8,2026-10-02T01:01:04.695736+02:00
295896066,de:11000:900130002:1:51,-0.3,2026-10-02T01:01:04.695736+02:00
295896066,de:11000:900110011:1:51,-0.7,2026-10-02T01:01:04.695736+02:00
295896066,de:11000:900007102:1:50,-0.7,2026-10-02T01:01:04.695736+02:00
295896066,de:11000:900008101:1:50,-0.5,2026-10-02T01:01:04.695736+02:00
295896066,de:11000:900007104:1:51,-0.2,2026-10-02T01:01:04.695736+02:00
295896066,de:11000:900100007:1:50,-0.2,2026-10-02T01:01:04.695736+02:00
295896066,de:11000:900100001:4:56,0.0,2026-10-02T01:01:04.695736+02:00
295896066,de:11000:900100025:1:50,-0.9,2026-10-02T01:01:04.695736+02:00
295896066,de:11000:900100020:3:54,-0.9,2026-10-02T01:01:04.695736+02:00
295896066,de:11000:900012101:1:51,0.0,2026-10-02T01:01:04.695736+02:00
295896066,de:11000:900058103:1:50,-0.8,2026-10-02T01:01:04.695736+02:00
295896066,de:11000:900058101:1:50,-0.4,2026-10-02T01:01:04.695736+02:00
295896066,de:11000:900058102:1:50,-0.4,2026-10-02T01:01:04.695736+02:00
295896066,de:11000:900068301:1:50,-0.7,2026-10-02T01:01:04.695736+02:00
295896066,de:11000:900073101:1:50,-0.9,2026-10-02T01:01:04.695736+02:00
295896066,de:11000:900072101:1:50,-0.2,2026-10-02T01:01:04.695736+02:00
295896066,de:11000:900074202:1:50,-0.2,2026-10-02T01:01:04.695736+02:00
295896066,de:11000:900074201:1:50,-0.4,2026-10-02T01:01:04.695736+02:00
295903130,de:12069:900220114:1:50,0.0,2026-10-02T01:01:04.695736+02:00
295903130,de:11000:900064201:1:51,-0.1,2026-10-02T01:01:04.695736+02:00
295903130,de:11000:900064256:1:51,0.0,2026-10-02T01:01:04.695736+02:00
295903130,de:11000:900064301:3:53,-0.3,2026-10-02T01:01:04.695736+02:00
295903130,de:11000:900067221:1:50,-0.3,2026-10-02T01:01:04.695736+02:00
295903130,de:11000:900063452:1:51,-0.4,2026-10-02T01:01:04.695736+02:00
295903130,de:11000:900058102:2:53,-0.5,2026-10-02T01:01:04.695736+02:00
295903130,de:11000:900058101:1:51,-0.3,2026-10-02T01:01:04.695736+02:00
295903130,de:11000:900058103:1:51,0.0,2026-10-02T01:01:04.695736+02:00
295903130,de:11000:900012101:2:53,-0.7,2026-10-02T01:01:04.695736+02:00
295903130,de:11000:900100020:4:57,-0.8,2026-10-02T01:01:04.695736+02:00
295903130,de:11000:900100025:1:51,-0.9,2026-10-02T01:01:04.695736+02:00
295903130,de:11000:900100001:4:57,-0.6,2026-10-02T01:01:04.695736+02:00
295903130,de:11000:900100007:1:51,-0.7,2026-10-02T01:01:04.695736+02:00
295903130,de:11000:900007104:2:52,-0.7,2026-10-02T01:01:04.695736+02:00
295903130,de:11000:900008101:1:51,-0.4,2026-10-02T01:01:04.695736+02:00
295903130,de:11000:900007102:2:53,-0.2,2026-10-02T01:01:04.695736+02:00
295903130,de:11000:900110011:2:52,-0.4,2026-10-02T01:01:04.695736+02:00
295903130,de:11000:900130002:1:50,0.0,2026-10-02T01:01:04.695736+02:00
295903130,de:11000:900130001:1:50,-0.7,2026-10-02T01:01:04.695736+02:00
295903130,de:11000:900142001:1:50,-0.2,2026-10-02T01:01:04.695736+02:00
295907217,de:12067:900310004:3:53,0.0,2026-10-02T01:01:04.695736+02:00
295907217,de:11000:900183002:1:50,-0.1,2026-10-02T01:01:04.695736+02:00
295907217,de:11000:900183001:1:50,-0.4,2026-10-02T01:01:04.695736+02:00
295907217,de:11000:900182002:1:50,0.0,2026-10-02T01:01:04.695736+02:00
295907217,de:11000:900182001:1:50,-0.2,2026-10-02T01:01:04.695736+02:00
295907217,de:11000:900180001:1:50,-0.7,2026-10-02T01:01:04.695736+02:00
295907217,de:11000:900180002:1:50,-0.7,2026-10-02T01:01:04.695736+02:00
295907217,de:11000:900162001:1:50,-0.9,2026-10-02T01:01:04.695736+02:00
295907217,de:11000:900160002:1:50,0.0,2026-10-02T01:01:04.695736+02:00
295907217,de:11000:900160001:1:50,-0.3,2026-10-02T01:01:04.695736+02:00
295907217,de:11000:900120003:3:55,-0.1,2026-10-02T01:01:04.695736+02:00
295907217,de:11000:900120004:2:53,-0.6,2026-10-02T01:01:04.695736+02:00
295907217,de:11000:900120005:5:58,-0.9,2026-10-02T01:01:04.695736+02:00
295907217,de:11000:900100004:1:51,-0.4,2026-10-02T01:01:04.695736+02:00
295907217,de:11000:900100003:2:53,-0.4,2026-10-02T01:01:04.695736+02:00
295907217,de:11000:900100002:1:51,-0.4,2026-10-02T01:01:04.695736+02:00
295907217,de:11000:900100001:3:55,-0.4,2026-10-02T01:01:04.695736+02:00
295907217,de:11000:900003201:3:55,-0.1,2026-10-02T01:01:04.695736+02:00
295907217,de:11000:900003102:1:51,-0.8,2026-10-02T01:01:04.695736+02:00
295907217,de:11000:900003103:1:51,-0.9,2026-10-02T01:01:04.695736+02:00
295907217,de:11000:900023201:3:55,-0.8,2026-10-02T01:01:04.695736+02:00
295907217,de:11000:900024203:1:51,-0.8,2026-10-02T01:01:04.695736+02:00
295907217,de:11000:900024101:4:57,-0.8,2026-10-02T01:01:04.695736+02:00
295907217,de:11000:900024102:1:51,-0.1,2026-10-02T01:01:04.695736+02:00
295907217,de:11000:900048101:1:51,-0.3,2026-10-02T01:01:04.695736+02:00
295907154,de:12067:900310004:3:53,0.0,2026-10-02T01:01:04.695736+02:00
295907154,de:11000:900183002:1:50,-0.1,2026-10-02T01:01:04.695736+02:00
295907154,de:11000:900183001:1:50,-0.4,2026-10-02T01:01:04.695736+02:00
295907154,de:11000:900182002:1:50,0.0,2026-10-02T01:01:04.695736+02:00
295907154,de:11000:900182001:1:50,-0.2,2026-10-02T01:01:04.695736+02:00
295907154,de:11000:900180001:1:50,-0.7,2026-10-02T01:01:04.695736+02:00
295907154,de:11000:900180002:1:50,-0.7,2026-10-02T01:01:04.695736+02:00
295907154,de:11000:900162001:1:50,-0.9,2026-10-02T01:01:04.695736+02:00
295907154,de:11000:900160002:1:50,0.0,2026-10-02T01:01:04.695736+02:00
295907154,de:11000:900160001:1:50,-0.3,2026-10-02T01:01:04.695736+02:00
295907154,de:11000:900120003:3:55,-0.1,2026-10-02T01:01:04.695736+02:00
295907154,de:11000:900120004:2:53,-0.6,2026-10-02T01:01:04.695736+02:00
295907154,de:11000:900120005:5:58,-0.9,2026-10-02T01:01:04.695736+02:00
295907154,de:11000:900100004:1:51,-0.4,2026-10-02T01:01:04.695736+02:00
295907154,de:11000:900100003:2:53,-0.4,2026-10-02T01:01:04.695736+02:00
295907154,de:11000:900100002:1:51,-0.4,2026-10-02T01:01:04.695736+02:00
295907154,de:11000:900100001:3:55,-0.4,2026-10-02T01:01:04.695736+02:00
295907154,de:11000:900003201:3:55,-0.1,2026-10-02T01:01:04.695736+02:00
295907154,de:11000:900003102:1:51,-0.8,2026-10-02T01:01:04.695736+02:00
295907154,de:11000:900003103:1:51,-0.9,2026-10-02T01:01:04.695736+02:00
295907154,de:11000:900023201:3:55,-0.8,2026-10-02T01:01:04.695736+02:00
295907154,de:11000:900024203:1:51,-0.8,2026-10-02T01:01:04.695736+02:00
295907154,de:11000:900024101:4:57,-0.8,2026-10-02T01:01:04.695736+02:00
295907154,de:11000:900024102:1:50,-0.1,2026-10-02T01:01:04.695736+02:00
295907154,de:11000:900025423:1:50,-0.4,2026-10-02T01:01:04.695736+02:00
295907154,de:11000:900026105:1:50,-0.7,2026-10-02T01:01:04.695736+02:00
295907154,de:11000:900025321:1:50,-0.3,2026-10-02T01:01:04.695736+02:00
295907154,de:11000:900025424:1:50,-0.3,2026-10-02T01:01:04.695736+02:00
295907154,de:11000:900030202:1:50,-0.9,2026-10-02T01:01:04.695736+02:00
295907154,de:11000:900029101:1:50,-0.9,2026-10-02T01:01:04.695736+02:00
295906922,de:11000:900029101:1:50,0.0,2026-10-02T01:01:04.695736+02:00
295906922,de:11000:900030202:1:50,-0.3,2026-10-02T01:01:04.695736+02:00
295906922,de:11000:900025424:1:51,-0.2,2026-10-02T01:01:04.695736+02:00
295906922,de:11000:900025321:1:51,-0.2,2026-10-02T01:01:04.695736+02:00
295906922,de:11000:900026105:1:50,-0.4,2026-10-02T01:01:04.695736+02:00
295906922,de:11000:900025423:1:50,-0.7,2026-10-02T01:01:04.695736+02:00
295906922,de:11000:900024102:2:53,-0.7,2026-10-02T01:01:04.695736+02:00
295906922,de:11000:900024101:3:55,-0.3,2026-10-02T01:01:04.695736+02:00
295906922,de:11000:900024203:1:51,-0.8,2026-10-02T01:01:04.695736+02:00
295906922,de:11000:900023201:3:54,-0.7,2026-10-02T01:01:04.695736+02:00
295906922,de:11000:900003103:1:50,-0.8,2026-10-02T01:01:04.695736+02:00
295906922,de:11000:900003102:1:50,-0.9,2026-10-02T01:01:04.695736+02:00
295906922,de:11000:900003201:3:54,-0.5,2026-10-02T01:01:04.695736+02:00
295906922,de:11000:900100001:3:54,-0.1,2026-10-02T01:01:04.695736+02:00
295906922,de:11000:900100002:1:50,-0.4,2026-10-02T01:01:04.695736+02:00
295906922,de:11000:900100003:2:52,-0.1,2026-10-02T01:01:04.695736+02:00
295906922,de:11000:900100004:1:50,-0.4,2026-10-02T01:01:04.695736+02:00
295906922,de:11000:900120005:4:55,-0.6,2026-10-02T01:01:04.695736+02:00
295906922,de:11000:900120004:1:50,-0.1,2026-10-02T01:01:04.695736+02:00
295906922,de:11000:900120003:2:53,-0.4,2026-10-02T01:01:04.695736+02:00
295906922,de:11000:900160001:1:51,-0.4,2026-10-02T01:01:04.695736+02:00
295906922,de:11000:900160002:1:50,-0.7,2026-10-02T01:01:04.695736+02:00
295906922,de:11000:900162001:1:51,-0.3,2026-10-02T01:01:04.695736+02:00
295906922,de:11000:900180002:1:51,-0.3,2026-10-02T01:01:04.695736+02:00
295906922,de:11000:900180001:1:50,-0.7,2026-10-02T01:01:04.695736+02:00
295906922,de:11000:900182001:1:51,-0.2,2026-10-02T01:01:04.695736+02:00
295906922,de:11000:900182002:1:51,-0.4,2026-10-02T01:01:04.695736+02:00
295906922,de:11000:900183001:1:51,0.0,2026-10-02T01:01:04.695736+02:00
295906922,de:11000:900183002:1:51,-0.3,2026-10-02T01:01:04.695736+02:00
295906922,de:12067:900310004:3:53,-0.5,2026-10-02T01:01:04.695736+02:00
307444528,de:11000:900029101:3:55,0.0,2026-10-02T01:01:04.695736+02:00
307444528,de:11000:900020201:1:50,0.0,2026-10-02T01:01:04.695736+02:00
307444528,de:11000:900003200:1:51,0.0,2026-10-02T01:01:04.695736+02:00
307444528,de:11000:900100020:1:51,0.0,2026-10-02T01:01:04.695736+02:00
307444528,de:11000:900058101:3:54,0.0,2026-10-02T01:01:04.695736+02:00
307444528,de:11000:900064301:1:50,0.0,2026-10-02T01:01:04.695736+02:00
307444528,de:12072:900245029:1:51,0.0,2026-10-02T01:01:04.695736+02:00
307444528,de:12072:900245037:1:50,0.0,2026-10-02T01:01:04.695736+02:00
307444528,de:12072:900245010:1:50,0.0,2026-10-02T01:01:04.695736+02:00
307444528,de:12072:900245016:1:50,0.0,2026-10-02T01:01:04.695736+02:00
307444528,de:12072:900245002:2:52,0.0,2026-10-02T01:01:04.695736+02:00
307442832,de:15091:8010222,0.0,2026-10-02T01:01:04.695736+02:00
307442832,de:15091:8013418,0.0,2026-10-02T01:01:04.695736+02:00
307442832,de:15091:8011290,0.0,2026-10-02T01:01:04.695736+02:00
307442832,de:15091:8013371,0.0,2026-10-02T01:01:04.695736+02:00
307442832,de:12072:900245018:1:50,0.0,2026-10-02T01:01:04.695736+02:00
307442832,de:12072:900245017:2:51,0.0,2026-10-02T01:01:04.695736+02:00
307442832,de:12072:900245002:1:50,0.0,2026-10-02T01:01:04.695736+02:00
307442832,de:12072:900245016:2:51,0.0,2026-10-02T01:01:04.695736+02:00
307442832,de:12072:900245014:2:51,0.0,2026-10-02T01:01:04.695736+02:00
307442832,de:12072:900245029:2:53,0.0,2026-10-02T01:01:04.695736+02:00
307442832,de:12072:900245030:2:51,0.0,2026-10-02T01:01:04.695736+02:00
307442832,de:12072:900245032:2:51,0.0,2026-10-02T01:01:04.695736+02:00
307442832,de:12069:900220001:2:51,0.0,2026-10-02T01:01:04.695736+02:00
307442832,de:11000:900064301:2:51,0.0,2026-10-02T01:01:04.695736+02:00
307442832,de:11000:900058101:4:56,0.0,2026-10-02T01:01:04.695736+02:00
307442832,de:11000:900100020:2:52,0.0,2026-10-02T01:01:04.695736+02:00
307442832,de:11000:900003200:3:55,0.0,2026-10-02T01:01:04.695736+02:00
307442832,de:11000:900007102:5:58,0.0,2026-10-02T01:01:04.695736+02:00
307442832,de:12060:900350160:2:53,0.0,2026-10-02T01:01:04.695736+02:00
307442832,de:12060:900350158:1:50,0.0,2026-10-02T01:01:04.695736+02:00
307442832,de:12060:900350137:1:50,0.0,2026-10-02T01:01:04.695736+02:00
307442832,de:12060:900350126:1:50,0.0,2026-10-02T01:01:04.695736+02:00
307442832,de:12060:900350127:2:52,0.0,2026-10-02T01:01:04.695736+02:00
307442832,de:12060:900350124:1:50,0.0,2026-10-02T01:01:04.695736+02:00
307442832,de:12060:900350125:1:50,0.0,2026-10-02T01:01:04.695736+02:00
307442832,de:12073:900340004:3:52,0.0,2026-10-02T01:01:04.695736+02:00
307442832,de:12073:900341270:1:50,0.0,2026-10-02T01:01:04.695736+02:00
307442832,de:12073:900340056:1:50,0.0,2026-10-02T01:01:04.695736+02:00
307442832,de:12073:900340055:1:50,0.0,2026-10-02T01:01:04.695736+02:00
307442832,de:12073:900340050:1:50,0.0,2026-10-02T01:01:04.695736+02:00
307442832,de:12073:900340979:1:50,0.0,2026-10-02T01:01:04.695736+02:00
307442832,de:13075:6237,0.0,2026-10-02T01:01:04.695736+02:00
295910969,de:11000:900120005:4:56,0.0,2026-10-02T01:01:04.695736+02:00
295910969,de:11000:900120004:1:50,-0.9,2026-10-02T01:01:04.695736+02:00
295910969,de:11000:900120003:2:53,-0.1,2026-10-02T01:01:04.695736+02:00
295910969,de:11000:900160001:1:51,-0.9,2026-10-02T01:01:04.695736+02:00
295910969,de:11000:900160002:1:50,-0.2,2026-10-02T01:01:04.695736+02:00
295910969,de:11000:900162001:1:51,-0.3,2026-10-02T01:01:04.695736+02:00
306896702,de:12067:900310001::4,0.0,2026-10-02T01:01:04.695736+02:00
306896702,de:12067:900310816::1,0.0,2026-10-02T01:01:04.695736+02:00
306896702,de:12067:900310627::1,0.0,2026-10-02T01:01:04.695736+02:00
306896702,de:12067:900310781::1,0.0,2026-10-02T01:01:04.695736+02:00
306896702,de:12067:900310822::1,0.0,2026-10-02T01:01:04.695736+02:00
306896702,de:12067:900310808::1,0.0,2026-10-02T01:01:04.695736+02:00
306896702,de:12067:900310779::1,0.0,2026-10-02T01:01:04.695736+02:00
306896702,de:12067:900310995::2,0.0,2026-10-02T01:01:04.695736+02:00
306896702,de:12067:900310992::1,-0.5,2026-10-02T01:01:04.695736+02:00
306896702,de:12067:900310989::1,0.0,2026-10-02T01:01:04.695736+02:00
306896702,de:12067:900310990::1,0.0,2026-10-02T01:01:04.695736+02:00
306896702,de:12067:900310991::1,0.0,2026-10-02T01:01:04.695736+02:00
306896702,de:12067:900310904::1,0.0,2026-10-02T01:01:04.695736+02:00
306896702,de:12067:900311118::1,0.0,2026-10-02T01:01:04.695736+02:00
306896702,de:12067:900310966::1,0.0,2026-10-02T01:01:04.695736+02:00
306896702,de:12067:900310997::1,0.0,2026-10-02T01:01:04.695736+02:00
306896702,de:12067:900310998::1,0.0,2026-10-02T01:01:04.695736+02:00
306896702,de:12067:900310997::2,0.0,2026-10-02T01:01:04.695736+02:00
306896702,de:12067:900310966::2,0.0,2026-10-02T01:01:04.695736+02:00
306896702,de:12067:900311118::2,0.0,2026-10-02T01:01:04.695736+02:00
306896702,de:12067:900311059::1,0.0,2026-10-02T01:01:04.695736+02:00
306896702,de:12067:900311110::3,0.0,2026-10-02T01:01:04.695736+02:00
306896702,de:12067:900311058::1,0.0,2026-10-02T01:01:04.695736+02:00
306896702,de:12067:900310611::2,0.0,2026-10-02T01:01:04.695736+02:00
307443585,de:12072:900245002:2:51,0.0,2026-10-02T01:01:04.695736+02:00
307443585,de:12072:900245017:1:50,0.0,2026-10-02T01:01:04.695736+02:00
307443585,de:12072:900245018:1:50,0.0,2026-10-02T01:01:04.695736+02:00
307443585,de:15091:8013371,0.0,2026-10-02T01:01:04.695736+02:00
307443585,de:15091:8011290,0.0,2026-10-02T01:01:04.695736+02:00
307443585,de:15091:8013418,0.0,2026-10-02T01:01:04.695736+02:00
307443585,de:15091:8010222,0.0,2026-10-02T01:01:04.695736+02:00
295910955,de:11000:900120005:4:56,0.0,2026-10-02T01:01:04.695736+02:00
295910955,de:11000:900120004:1:50,-0.9,2026-10-02T01:01:04.695736+02:00
295910955,de:11000:900120003:2:53,-0.1,2026-10-02T01:01:04.695736+02:00
295910955,de:11000:900160001:1:51,-0.9,2026-10-02T01:01:04.695736+02:00
295910955,de:11000:900160002:1:50,-0.2,2026-10-02T01:01:04.695736+02:00
295910955,de:11000:900162001:1:51,-0.3,2026-10-02T01:01:04.695736+02:00
295911026,de:11000:900162001:1:50,0.0,2026-10-02T01:01:04.695736+02:00
295911026,de:11000:900160002:1:50,-0.7,2026-10-02T01:01:04.695736+02:00
295911026,de:11000:900160001:1:50,0.0,2026-10-02T01:01:04.695736+02:00
295911026,de:11000:900120003:3:55,-0.7,2026-10-02T01:01:04.695736+02:00
295911026,de:11000:900120004:2:53,0.0,2026-10-02T01:01:04.695736+02:00
295911026,de:11000:900120005:4:56,-0.2,2026-10-02T01:01:04.695736+02:00
307440606,de:12065:900200000:1:50,0.0,2026-10-02T01:01:04.695736+02:00
307440606,de:12065:900200004:1:50,0.0,2026-10-02T01:01:04.695736+02:00
307440606,de:12065:900203452:1:50,0.0,2026-10-02T01:01:04.695736+02:00
307440606,de:12065:900203491:1:50,0.0,2026-10-02T01:01:04.695736+02:00
307440606,de:12068:900205512:1:50,0.0,2026-10-02T01:01:04.695736+02:00
307440606,de:12068:900205005:2:51,0.0,2026-10-02T01:01:04.695736+02:00
307440606,de:12068:900205006:2:51,0.0,2026-10-02T01:01:04.695736+02:00
307440606,de:12068:900205617:1:50,0.0,2026-10-02T01:01:04.695736+02:00
307440606,de:12068:900205130:1:50,0.0,2026-10-02T01:01:04.695736+02:00
307440606,de:12068:900205322:1:50,0.0,2026-10-02T01:01:04.695736+02:00
307440606,de:12070:900215723:1:50,0.0,2026-10-02T01:01:04.695736+02:00
307440606,de:12070:900215350:2:51,0.0,2026-10-02T01:01:04.695736+02:00
307440606,de:12070:900215696:1:50,0.0,2026-10-02T01:01:04.695736+02:00
307440606,de:12070:900216013:1:50,0.0,2026-10-02T01:01:04.695736+02:00
307440606,de:12070:900216026:3:53,0.0,2026-10-02T01:01:04.695736+02:00
306897206,de:12067:900311308::5,0.0,2026-10-02T01:01:04.695736+02:00
306897206,de:12067:900311380::1,0.0,2026-10-02T01:01:04.695736+02:00
306897206,de:12067:900311348::1,0.0,2026-10-02T01:01:04.695736+02:00
306897206,de:12067:900311315::1,0.0,2026-10-02T01:01:04.695736+02:00
306897206,de:12067:900311383::1,0.0,2026-10-02T01:01:04.695736+02:00
306897206,de:12067:900311305::1,0.0,2026-10-02T01:01:04.695736+02:00
306897206,de:12067:900311320::1,0.0,2026-10-02T01:01:04.695736+02:00
306897206,de:12067:900311354::2,0.0,2026-10-02T01:01:04.695736+02:00
306897206,de:12067:900311352::2,0.0,2026-10-02T01:01:04.695736+02:00
306897206,de:12067:900311336::2,0.0,2026-10-02T01:01:04.695736+02:00
306897206,de:12067:900311371::1,0.0,2026-10-02T01:01:04.695736+02:00
306897206,de:12067:900311364::1,0.0,2026-10-02T01:01:04.695736+02:00
306897206,de:12067:900310601::1,0.0,2026-10-02T01:01:04.695736+02:00
306897206,de:12067:900311511::1,0.0,2026-10-02T01:01:04.695736+02:00
306897206,de:12067:900311513::2,0.0,2026-10-02T01:01:04.695736+02:00
306897206,de:12067:900311513::1,0.0,2026-10-02T01:01:04.695736+02:00
306897206,de:12067:900311613::1,0.0,2026-10-02T01:01:04.695736+02:00
306897206,de:12067:900311616::1,0.0,2026-10-02T01:01:04.695736+02:00
306897206,de:12067:900311614::1,0.0,2026-10-02T01:01:04.695736+02:00
306897206,de:12067:900311612::1,0.0,2026-10-02T01:01:04.695736+02:00
306897206,de:12067:900311617::1,0.0,2026-10-02T01:01:04.695736+02:00
306897206,de:12067:900311615::1,0.0,2026-10-02T01:01:04.695736+02:00
306897206,de:12067:900311541::1,0.0,2026-10-02T01:01:04.695736+02:00
306897206,de:12067:900311541::2,0.0,2026-10-02T01:01:04.695736+02:00
306897206,de:12067:900311615::2,0.0,2026-10-02T01:01:04.695736+02:00
306897206,de:12067:900311230::1,0.0,2026-10-02T01:01:04.695736+02:00
306897206,de:12067:900311251::1,0.0,2026-10-02T01:01:04.695736+02:00
306897206,de:12067:900311567::1,0.0,2026-10-02T01:01:04.695736+02:00
306897206,de:12067:900311565::2,0.0,2026-10-02T01:01:04.695736+02:00
306896834,de:12067:900310001::4,0.0,2026-10-02T01:01:04.695736+02:00
306896834,de:12067:900310696::1,0.0,2026-10-02T01:01:04.695736+02:00
306896834,de:12067:900310788::1,0.0,2026-10-02T01:01:04.695736+02:00
306896834,de:12067:900310936::1,0.0,2026-10-02T01:01:04.695736+02:00
306896834,de:12067:900311125::1,0.0,2026-10-02T01:01:04.695736+02:00
306896834,de:12067:900310860::1,0.0,2026-10-02T01:01:04.695736+02:00
306896834,de:12067:900311157::1,0.0,2026-10-02T01:01:04.695736+02:00
306896834,de:12067:900310864::1,0.0,2026-10-02T01:01:04.695736+02:00
306896834,de:12067:900310861::1,0.0,2026-10-02T01:01:04.695736+02:00
306896834,de:12067:900310002::3,0.0,2026-10-02T01:01:04.695736+02:00
306896834,de:12067:900310895::1,0.0,2026-10-02T01:01:04.695736+02:00
306896834,de:12067:900310896::1,0.0,2026-10-02T01:01:04.695736+02:00
306896834,de:12067:900310897::1,0.0,2026-10-02T01:01:04.695736+02:00
306896834,de:12067:900310894::1,0.0,2026-10-02T01:01:04.695736+02:00
306896834,de:12064:900320888::4,0.0,2026-10-02T01:01:04.695736+02:00
306896834,de:12064:900320886::1,0.0,2026-10-02T01:01:04.695736+02:00
306896834,de:12064:900320284::1,0.0,2026-10-02T01:01:04.695736+02:00
306896834,de:12064:900320278::1,0.0,2026-10-02T01:01:04.695736+02:00
306896834,de:12064:900320274::1,0.0,2026-10-02T01:01:04.695736+02:00
307446738,de:12062:900415345:4:55,0.0,2026-10-02T01:01:04.695736+02:00
307446738,de:12062:900416072:1:50,0.0,2026-10-02T01:01:04.695736+02:00
307446738,de:14730:8011131,0.0,2026-10-02T01:01:04.695736+02:00
307446738,de:14730:8010351,0.0,2026-10-02T01:01:04.695736+02:00
307446738,de:14730:8012371,0.0,2026-10-02T01:01:04.695736+02:00
307446738,de:14730:8011387,0.0,2026-10-02T01:01:04.695736+02:00
307446738,de:14730:8010161,0.0,2026-10-02T01:01:04.695736+02:00
307446738,de:14730:8010095,0.0,2026-10-02T01:01:04.695736+02:00
307446738,de:14730:8011959,0.0,2026-10-02T01:01:04.695736+02:00
307446738,de:14730:8012656,0.0,2026-10-02T01:01:04.695736+02:00
307446738,de:14730:8013093,0.0,2026-10-02T01:01:04.695736+02:00
307446738,de:14713:8012190,0.0,2026-10-02T01:01:04.695736+02:00
307446738,de:14713:8012195,0.0,2026-10-02T01:01:04.695736+02:00
307446738,000008012273,0.0,2026-10-02T01:01:04.695736+02:00
307446738,de:14713:8012196,0.0,2026-10-02T01:01:04.695736+02:00
307446738,de:14713:8098205,0.0,2026-10-02T01:01:04.695736+02:00
307446738,de:14713:8012186,0.0,2026-10-02T01:01:04.695736+02:00
307446738,de:14713:8012202,0.0,2026-10-02T01:01:04.695736+02:00
307446738,de:14713:8012184,0.0,2026-10-02T01:01:04.695736+02:00
307446738,de:14713:8012187,0.0,2026-10-02T01:01:04.695736+02:00
307446738,de:14713:8012343,0.0,2026-10-02T01:01:04.695736+02:00
307446738,de:14713:8012194,0.0,2026-10-02T01:01:04.695736+02:00
307446738,de:14713:8010008,0.0,2026-10-02T01:01:04.695736+02:00
307446738,de:14713:8011491,0.0,2026-10-02T01:01:04.695736+02:00
307446738,de:14729:8010059,0.0,2026-10-02T01:01:04.695736+02:00
307446738,de:14729:8011626,0.0,2026-10-02T01:01:04.695736+02:00
307446738,de:14729:8012284,0.0,2026-10-02T01:01:04.695736+02:00
307446738,de:14729:8011018,0.0,2026-10-02T01:01:04.695736+02:00
307446738,de:14729:8013362,0.0,2026-10-02T01:01:04.695736+02:00
307446738,de:14729:8013361,0.0,2026-10-02T01:01:04.695736+02:00
307438301,de:12062:900415345:2:52,0.0,2026-10-02T01:01:04.695736+02:00
307438301,de:12062:900415240:1:50,0.0,2026-10-02T01:01:04.695736+02:00
307438301,de:12062:900415167:1:50,0.0,2026-10-02T01:01:04.695736+02:00
307438301,de:12062:900416008:2:51,0.0,2026-10-02T01:01:04.695736+02:00
307438301,de:12066:900435203:1:50,0.0,2026-10-02T01:01:04.695736+02:00
307438301,de:12066:900435061:3:54,0.0,2026-10-02T01:01:04.695736+02:00
307438301,de:12066:900435314:1:51,0.0,2026-10-02T01:01:04.695736+02:00
307438301,de:14625:6810,0.0,2026-10-02T01:01:04.695736+02:00
307438301,de:14625:8144:1:Gleis1,0.0,2026-10-02T01:01:04.695736+02:00
307438301,de:14625:8000,0.0,2026-10-02T01:01:04.695736+02:00
306897199,de:12067:900311565::2,0.0,2026-10-02T01:01:04.695736+02:00
306897199,de:12067:900311400::1,0.0,2026-10-02T01:01:04.695736+02:00
306897199,de:12067:900311513::2,0.0,2026-10-02T01:01:04.695736+02:00
306896211,de:12067:900310013::5,0.0,2026-10-02T01:01:04.695736+02:00
306896211,de:12067:900310557::3,0.0,2026-10-02T01:01:04.695736+02:00
306896211,de:12067:900310555::1,0.0,2026-10-02T01:01:04.695736+02:00
306896211,de:12067:900311114::1,0.0,2026-10-02T01:01:04.695736+02:00
306896211,de:12067:900311023::1,0.0,2026-10-02T01:01:04.695736+02:00
306896211,de:12067:900311024::1,-0.5,2026-10-02T01:01:04.695736+02:00
306896211,de:12067:900311025::1,0.0,2026-10-02T01:01:04.695736+02:00
306896211,de:12067:900310636::1,0.0,2026-10-02T01:01:04.695736+02:00
306896211,de:12067:900310635::1,0.0,2026-10-02T01:01:04.695736+02:00
306896211,de:12067:900311022::1,0.0,2026-10-02T01:01:04.695736+02:00
306896211,de:12067:900311021::1,0.0,2026-10-02T01:01:04.695736+02:00
306896211,de:12067:900310964::1,0.0,2026-10-02T01:01:04.695736+02:00
306896211,de:12067:900311035::1,0.0,2026-10-02T01:01:04.695736+02:00
306896211,de:12067:900311034::1,0.0,2026-10-02T01:01:04.695736+02:00
306896211,de:12067:900311039::1,0.0,2026-10-02T01:01:04.695736+02:00
295910122,de:11000:900024101:3:55,0.0,2026-10-02T01:01:04.695736+02:00
295910122,de:11000:900024203:1:51,-0.3,2026-10-02T01:01:04.695736+02:00
295910122,de:11000:900023201:3:54,-0.2,2026-10-02T01:01:04.695736+02:00
295910122,de:11000:900003103:1:50,-0.3,2026-10-02T01:01:04.695736+02:00
295910122,de:11000:900003102:1:50,-0.4,2026-10-02T01:01:04.695736+02:00
295910122,de:11000:900003201:3:54,0.0,2026-10-02T01:01:04.695736+02:00
295910122,de:11000:900100001:3:54,-0.6,2026-10-02T01:01:04.695736+02:00
295910122,de:11000:900100002:1:50,-0.9,2026-10-02T01:01:04.695736+02:00
295910122,de:11000:900100003:2:52,-0.6,2026-10-02T01:01:04.695736+02:00
295910122,de:11000:900100004:1:50,-0.9,2026-10-02T01:01:04.695736+02:00
295910122,de:11000:900120005:4:55,-0.1,2026-10-02T01:01:04.695736+02:00
295910122,de:11000:900120004:1:50,-0.1,2026-10-02T01:01:04.695736+02:00
295910122,de:11000:900120003:2:53,-0.4,2026-10-02T01:01:04.695736+02:00
295910122,de:11000:900160001:1:51,-0.4,2026-10-02T01:01:04.695736+02:00
295910122,de:11000:900160002:1:50,-0.7,2026-10-02T01:01:04.695736+02:00
295910122,de:11000:900162001:1:51,-0.3,2026-10-02T01:01:04.695736+02:00
295910122,de:11000:900180002:1:51,-0.3,2026-10-02T01:01:04.695736+02:00
295910122,de:11000:900180001:1:50,-0.7,2026-10-02T01:01:04.695736+02:00
295910122,de:11000:900182001:1:51,-0.2,2026-10-02T01:01:04.695736+02:00
295910122,de:11000:900182002:1:51,-0.4,2026-10-02T01:01:04.695736+02:00
295910122,de:11000:900183001:1:51,0.0,2026-10-02T01:01:04.695736+02:00
295910122,de:11000:900183002:1:51,-0.3,2026-10-02T01:01:04.695736+02:00
295910122,de:12067:900310004:3:52,-0.5,2026-10-02T01:01:04.695736+02:00
307280456,de:11000:900020202:1:50,0.0,2026-10-02T01:01:04.695736+02:00
307280456,de:11000:900001201:1:50,-0.2,2026-10-02T01:01:04.695736+02:00
307280456,de:11000:900009104:1:50,-0.8,2026-10-02T01:01:04.695736+02:00
307280456,de:11000:900007102:2:52,-0.4,2026-10-02T01:01:04.695736+02:00
307280456,de:11000:900110001:1:50,-0.6,2026-10-02T01:01:04.695736+02:00
307280456,de:11000:900110002:1:50,-0.4,2026-10-02T01:01:04.695736+02:00
307280456,de:11000:900110003:1:50,-0.4,2026-10-02T01:01:04.695736+02:00
307280456,de:11000:900110004:1:50,-0.8,2026-10-02T01:01:04.695736+02:00
307280456,de:11000:900110012:1:50,-0.7,2026-10-02T01:01:04.695736+02:00
307280456,de:11000:900120001:1:50,-0.7,2026-10-02T01:01:04.695736+02:00
307280456,de:11000:900120003:5:58,-0.1,2026-10-02T01:01:04.695736+02:00
307280456,de:11000:900190001:1:50,-0.4,2026-10-02T01:01:04.695736+02:00
307280456,de:11000:900077106:1:50,-0.4,2026-10-02T01:01:04.695736+02:00
307280456,de:11000:900078201:1:50,-0.3,2026-10-02T01:01:04.695736+02:00
307280456,de:11000:900079221:1:50,-0.2,2026-10-02T01:01:04.695736+02:00
307280456,de:11000:900068201:1:50,-0.8,2026-10-02T01:01:04.695736+02:00
307280456,de:11000:900058101:5:58,-0.1,2026-10-02T01:01:04.695736+02:00
307280456,de:11000:900054104:2:52,-0.7,2026-10-02T01:01:04.695736+02:00
307280456,de:11000:900054105:1:50,-0.9,2026-10-02T01:01:04.695736+02:00
307280456,de:11000:900044202:1:50,-0.7,2026-10-02T01:01:04.695736+02:00
307280456,de:11000:900045102:1:50,-0.7,2026-10-02T01:01:04.695736+02:00
307280456,de:11000:900044101:1:50,-0.8,2026-10-02T01:01:04.695736+02:00
307280456,de:11000:900040101:1:50,-0.3,2026-10-02T01:01:04.695736+02:00
307280456,de:11000:900024101:3:54,-0.8,2026-10-02T01:01:04.695736+02:00
307280572,de:11000:900020202:1:51,0.0,2026-10-02T01:01:04.695736+02:00
307280572,de:11000:900001201:1:51,-0.2,2026-10-02T01:01:04.695736+02:00
307280572,de:11000:900009104:1:51,-0.8,2026-10-02T01:01:04.695736+02:00
307280572,de:11000:900007102:2:52,-0.9,2026-10-02T01:01:04.695736+02:00
307280572,de:11000:900110001:1:50,-0.6,2026-10-02T01:01:04.695736+02:00
307280572,de:11000:900110002:1:50,-0.4,2026-10-02T01:01:04.695736+02:00
307280572,de:11000:900110003:1:50,-0.4,2026-10-02T01:01:04.695736+02:00
307280572,de:11000:900110004:1:50,-0.8,2026-10-02T01:01:04.695736+02:00
307280572,de:11000:900110012:1:50,-0.7,2026-10-02T01:01:04.695736+02:00
307280572,de:11000:900120001:1:50,-0.7,2026-10-02T01:01:04.695736+02:00
307280572,de:11000:900120003:5:58,-0.1,2026-10-02T01:01:04.695736+02:00
307280572,de:11000:900190001:1:50,-0.4,2026-10-02T01:01:04.695736+02:00
307280572,de:11000:900077106:1:50,-0.4,2026-10-02T01:01:04.695736+02:00
307280572,de:11000:900078201:1:50,-0.3,2026-10-02T01:01:04.695736+02:00
307280572,de:11000:900079221:1:50,-0.2,2026-10-02T01:01:04.695736+02:00
307280572,de:11000:900068201:1:50,-0.8,2026-10-02T01:01:04.695736+02:00
307280572,de:11000:900058101:5:58,-0.1,2026-10-02T01:01:04.695736+02:00
307280572,de:11000:900054104:2:52,-0.2,2026-10-02T01:01:04.695736+02:00
307280572,de:11000:900054105:1:50,-0.9,2026-10-02T01:01:04.695736+02:00
307280572,de:11000:900044202:1:50,-0.7,2026-10-02T01:01:04.695736+02:00
307280572,de:11000:900045102:1:50,-0.7,2026-10-02T01:01:04.695736+02:00
307280572,de:11000:900044101:1:50,-0.8,2026-10-02T01:01:04.695736+02:00
307280572,de:11000:900040101:1:50,-0.8,2026-10-02T01:01:04.695736+02:00
306897036,de:12067:900311319::1,0.0,2026-10-02T01:01:04.695736+02:00
306897036,de:12067:900311318::2,0.0,2026-10-02T01:01:04.695736+02:00
306897036,de:12067:900311320::2,0.0,2026-10-02T01:01:04.695736+02:00
306897036,de:12067:900311305::2,0.0,2026-10-02T01:01:04.695736+02:00
306897036,de:12067:900311383::6,0.0,2026-10-02T01:01:04.695736+02:00
306897036,de:12067:900311312::1,0.0,2026-10-02T01:01:04.695736+02:00
306897036,de:12067:900311311::1,0.0,2026-10-02T01:01:04.695736+02:00
306897036,de:12067:900311356::1,0.0,2026-10-02T01:01:04.695736+02:00
306897036,de:12067:900311300::1,0.0,2026-10-02T01:01:04.695736+02:00
306897036,de:12067:900311328::1,0.0,2026-10-02T01:01:04.695736+02:00
306897036,de:12067:900311330::1,0.0,2026-10-02T01:01:04.695736+02:00
306896997,de:12067:900311308::5,0.0,2026-10-02T01:01:04.695736+02:00
306896997,de:12067:900311380::1,0.0,2026-10-02T01:01:04.695736+02:00
306896997,de:12067:900311348::1,0.0,2026-10-02T01:01:04.695736+02:00
306896997,de:12067:900311350::1,0.0,2026-10-02T01:01:04.695736+02:00
306896997,de:12067:900311321::2,0.0,2026-10-02T01:01:04.695736+02:00
306896997,de:12067:900311353::2,0.0,2026-10-02T01:01:04.695736+02:00
306896997,de:12067:900311383::6,0.0,2026-10-02T01:01:04.695736+02:00
306896997,de:12067:900311305::1,0.0,2026-10-02T01:01:04.695736+02:00
306896997,de:12067:900311304::2,0.0,2026-10-02T01:01:04.695736+02:00
306896997,de:12067:900311334::2,0.0,2026-10-02T01:01:04.695736+02:00
306896997,de:12067:900311333::2,0.0,2026-10-02T01:01:04.695736+02:00
306896997,de:12067:900311352::2,0.0,2026-10-02T01:01:04.695736+02:00
306896997,de:12067:900311336::2,0.0,2026-10-02T01:01:04.695736+02:00
306896997,de:12067:900311371::1,0.0,2026-10-02T01:01:04.695736+02:00
306896997,de:12067:900311364::1,0.0,2026-10-02T01:01:04.695736+02:00
306896997,de:12067:900311374::2,0.0,2026-10-02T01:01:04.695736+02:00
306896997,de:12067:900311365::2,0.0,2026-10-02T01:01:04.695736+02:00
306896997,de:12067:900311363::2,0.0,2026-10-02T01:01:04.695736+02:00
306896997,de:12067:900311362::2,0.0,2026-10-02T01:01:04.695736+02:00
306896997,de:12067:900311377::2,0.0,2026-10-02T01:01:04.695736+02:00
306896997,de:12067:900311376::2,0.0,2026-10-02T01:01:04.695736+02:00
306896997,de:12067:900311316::2,0.0,2026-10-02T01:01:04.695736+02:00
306896997,de:12067:900311384::2,0.0,2026-10-02T01:01:04.695736+02:00
306896997,de:12067:900311317::2,0.0,2026-10-02T01:01:04.695736+02:00
306896997,de:12067:900310027::2,0.0,2026-10-02T01:01:04.695736+02:00
306896997,de:12067:900311359::2,0.0,2026-10-02T01:01:04.695736+02:00
306896997,de:12067:900311345::2,0.0,2026-10-02T01:01:04.695736+02:00
306896997,de:12067:900311341::2,0.0,2026-10-02T01:01:04.695736+02:00
306896997,de:12067:900311309::1,0.0,2026-10-02T01:01:04.695736+02:00
306896997,de:12067:900311310::1,0.0,2026-10-02T01:01:04.695736+02:00
306896997,de:12067:900311307::1,0.0,2026-10-02T01:01:04.695736+02:00
306896997,de:12067:900311308::4,0.0,2026-10-02T01:01:04.695736+02:00
306897000,de:12067:900311308::5,0.0,2026-10-02T01:01:04.695736+02:00
306897000,de:12067:900311380::1,0.0,2026-10-02T01:01:04.695736+02:00
306897000,de:12067:900311348::1,0.0,2026-10-02T01:01:04.695736+02:00
306897000,de:12067:900311350::1,0.0,2026-10-02T01:01:04.695736+02:00
306897000,de:12067:900311321::2,0.0,2026-10-02T01:01:04.695736+02:00
306897000,de:12067:900311353::2,0.0,2026-10-02T01:01:04.695736+02:00
306897000,de:12067:900311383::6,0.0,2026-10-02T01:01:04.695736+02:00
306897000,de:12067:900311305::1,0.0,2026-10-02T01:01:04.695736+02:00
306897000,de:12067:900311304::2,0.0,2026-10-02T01:01:04.695736+02:00
306897000,de:12067:900311334::2,0.0,2026-10-02T01:01:04.695736+02:00
306897000,de:12067:900311333::2,0.0,2026-10-02T01:01:04.695736+02:00
306897000,de:12067:900311352::2,0.0,2026-10-02T01:01:04.695736+02:00
306897000,de:12067:900311336::2,0.0,2026-10-02T01:01:04.695736+02:00
306897000,de:12067:900311371::1,0.0,2026-10-02T01:01:04.695736+02:00
306897000,de:12067:900311364::1,0.0,2026-10-02T01:01:04.695736+02:00
306897000,de:12067:900311374::2,0.0,2026-10-02T01:01:04.695736+02:00
306897000,de:12067:900311365::2,0.0,2026-10-02T01:01:04.695736+02:00
306897000,de:12067:900311363::2,0.0,2026-10-02T01:01:04.695736+02:00
306897000,de:12067:900311362::2,0.0,2026-10-02T01:01:04.695736+02:00
306897000,de:12067:900311377::2,0.0,2026-10-02T01:01:04.695736+02:00
306897000,de:12067:900311376::2,0.0,2026-10-02T01:01:04.695736+02:00
306897000,de:12067:900311316::2,0.0,2026-10-02T01:01:04.695736+02:00
306897000,de:12067:900311384::2,0.0,2026-10-02T01:01:04.695736+02:00
306897000,de:12067:900311317::2,0.0,2026-10-02T01:01:04.695736+02:00
306897000,de:12067:900310027::2,0.0,2026-10-02T01:01:04.695736+02:00
306897000,de:12067:900311359::2,0.0,2026-10-02T01:01:04.695736+02:00
306897000,de:12067:900311345::2,0.0,2026-10-02T01:01:04.695736+02:00
306897000,de:12067:900311341::2,0.0,2026-10-02T01:01:04.695736+02:00
306897000,de:12067:900311309::1,0.0,2026-10-02T01:01:04.695736+02:00
306897000,de:12067:900311310::1,0.0,2026-10-02T01:01:04.695736+02:00
306897000,de:12067:900311307::1,0.0,2026-10-02T01:01:04.695736+02:00
306897000,de:12067:900311308::4,0.0,2026-10-02T01:01:04.695736+02:00
307280568,de:11000:900020202:1:51,0.0,2026-10-02T01:01:04.695736+02:00
307280568,de:11000:900001201:1:51,-0.2,2026-10-02T01:01:04.695736+02:00
307280568,de:11000:900009104:1:51,-0.8,2026-10-02T01:01:04.695736+02:00
307280568,de:11000:900007102:2:52,-0.9,2026-10-02T01:01:04.695736+02:00
307280568,de:11000:900110001:1:50,-0.6,2026-10-02T01:01:04.695736+02:00
307280568,de:11000:900110002:1:50,-0.4,2026-10-02T01:01:04.695736+02:00
307280568,de:11000:900110003:1:50,-0.4,2026-10-02T01:01:04.695736+02:00
307280568,de:11000:900110004:1:50,-0.8,2026-10-02T01:01:04.695736+02:00
307280568,de:11000:900110012:1:50,-0.7,2026-10-02T01:01:04.695736+02:00
307280568,de:11000:900120001:1:50,-0.7,2026-10-02T01:01:04.695736+02:00
307280568,de:11000:900120003:5:58,-0.1,2026-10-02T01:01:04.695736+02:00
307280568,de:11000:900190001:1:50,-0.4,2026-10-02T01:01:04.695736+02:00
307280568,de:11000:900077106:1:50,-0.4,2026-10-02T01:01:04.695736+02:00
307280568,de:11000:900078201:1:50,-0.3,2026-10-02T01:01:04.695736+02:00
307280568,de:11000:900079221:1:50,-0.2,2026-10-02T01:01:04.695736+02:00
307280568,de:11000:900068201:1:50,-0.8,2026-10-02T01:01:04.695736+02:00
307280568,de:11000:900058101:5:58,-0.1,2026-10-02T01:01:04.695736+02:00
307280568,de:11000:900054104:2:52,-0.2,2026-10-02T01:01:04.695736+02:00
307280568,de:11000:900054105:1:50,-0.9,2026-10-02T01:01:04.695736+02:00
307280568,de:11000:900044202:1:50,-0.7,2026-10-02T01:01:04.695736+02:00
307280568,de:11000:900045102:1:50,-0.7,2026-10-02T01:01:04.695736+02:00
307280568,de:11000:900044101:1:50,-0.8,2026-10-02T01:01:04.695736+02:00
307280568,de:11000:900040101:1:50,-0.8,2026-10-02T01:01:04.695736+02:00
307280436,de:11000:900020202:1:50,0.0,2026-10-02T01:01:04.695736+02:00
307280436,de:11000:900001201:1:50,-0.2,2026-10-02T01:01:04.695736+02:00
307280436,de:11000:900009104:1:50,-0.8,2026-10-02T01:01:04.695736+02:00
307280436,de:11000:900007102:2:52,-0.4,2026-10-02T01:01:04.695736+02:00
307280436,de:11000:900110001:1:50,-0.6,2026-10-02T01:01:04.695736+02:00
307280436,de:11000:900110002:1:50,-0.4,2026-10-02T01:01:04.695736+02:00
307280436,de:11000:900110003:1:50,-0.4,2026-10-02T01:01:04.695736+02:00
307280436,de:11000:900110004:1:50,-0.8,2026-10-02T01:01:04.695736+02:00
307280436,de:11000:900110012:1:50,-0.7,2026-10-02T01:01:04.695736+02:00
307280436,de:11000:900120001:1:50,-0.7,2026-10-02T01:01:04.695736+02:00
307280436,de:11000:900120003:5:58,-0.1,2026-10-02T01:01:04.695736+02:00
307280436,de:11000:900190001:1:50,-0.4,2026-10-02T01:01:04.695736+02:00
307280436,de:11000:900077106:1:50,-0.4,2026-10-02T01:01:04.695736+02:00
307280436,de:11000:900078201:1:50,-0.3,2026-10-02T01:01:04.695736+02:00
307280436,de:11000:900079221:1:50,-0.2,2026-10-02T01:01:04.695736+02:00
307280436,de:11000:900068201:1:50,-0.8,2026-10-02T01:01:04.695736+02:00
307280436,de:11000:900058101:5:58,-0.1,2026-10-02T01:01:04.695736+02:00
307280436,de:11000:900054104:2:52,-0.7,2026-10-02T01:01:04.695736+02:00
307280436,de:11000:900054105:1:50,-0.9,2026-10-02T01:01:04.695736+02:00
307280436,de:11000:900044202:1:50,-0.7,2026-10-02T01:01:04.695736+02:00
307280436,de:11000:900045102:1:50,-0.7,2026-10-02T01:01:04.695736+02:00
307280436,de:11000:900044101:1:50,-0.8,2026-10-02T01:01:04.695736+02:00
307280436,de:11000:900040101:1:50,-0.3,2026-10-02T01:01:04.695736+02:00
307280436,de:11000:900024101:3:54,-0.8,2026-10-02T01:01:04.695736+02:00
306896901,de:12067:900310001::4,0.0,2026-10-02T01:01:04.695736+02:00
306896901,de:12067:900310816::1,0.0,2026-10-02T01:01:04.695736+02:00
306896901,de:12067:900310627::1,0.0,2026-10-02T01:01:04.695736+02:00
306896901,de:12067:900310781::1,0.0,2026-10-02T01:01:04.695736+02:00
306896901,de:12067:900310822::1,0.0,2026-10-02T01:01:04.695736+02:00
306896901,de:12067:900310771::1,0.0,2026-10-02T01:01:04.695736+02:00
306896901,de:12067:900310800::1,0.0,2026-10-02T01:01:04.695736+02:00
306896901,de:12067:900310879::1,0.0,2026-10-02T01:01:04.695736+02:00
306896901,de:12067:900310010::4,0.0,2026-10-02T01:01:04.695736+02:00
306896901,de:12067:900310880::1,0.0,2026-10-02T01:01:04.695736+02:00
306896901,de:12067:900310900::1,0.0,2026-10-02T01:01:04.695736+02:00
306896901,de:12067:900310917::1,0.0,2026-10-02T01:01:04.695736+02:00
306896901,de:12067:900310916::1,-0.5,2026-10-02T01:01:04.695736+02:00
306896901,de:12067:900310915::1,-0.5,2026-10-02T01:01:04.695736+02:00
306896901,de:12067:900310703::4,0.0,2026-10-02T01:01:04.695736+02:00
306896901,de:12067:900310914::1,0.0,2026-10-02T01:01:04.695736+02:00
306896901,de:12067:900310974::1,0.0,2026-10-02T01:01:04.695736+02:00
306896901,de:12067:900310975::1,0.0,2026-10-02T01:01:04.695736+02:00
306896901,de:12067:900310908::1,0.0,2026-10-02T01:01:04.695736+02:00
306896901,de:12067:900311002::1,0.0,2026-10-02T01:01:04.695736+02:00
306896901,de:12067:900310841::1,0.0,2026-10-02T01:01:04.695736+02:00
306896901,de:12067:900310722::1,-0.5,2026-10-02T01:01:04.695736+02:00
306896901,de:12067:900310637::1,0.0,2026-10-02T01:01:04.695736+02:00
306896901,de:12067:900311129::7,0.0,2026-10-02T01:01:04.695736+02:00
306896901,de:12067:900311129::4,0.0,2026-10-02T01:01:04.695736+02:00
306896901,de:12067:900310727::3,0.0,2026-10-02T01:01:04.695736+02:00
306896901,de:12067:900310755::2,0.0,2026-10-02T01:01:04.695736+02:00
306896901,de:12067:900310728::3,0.0,2026-10-02T01:01:04.695736+02:00
306896901,de:12067:900311129::6,0.0,2026-10-02T01:01:04.695736+02:00
307289068,de:11000:900079221:1:51,0.0,2026-10-02T01:01:04.695736+02:00
307289068,de:11000:900078201:1:51,-0.1,2026-10-02T01:01:04.695736+02:00
307289068,de:11000:900077106:1:51,0.0,2026-10-02T01:01:04.695736+02:00
307289068,de:11000:900190001:2:52,-0.9,2026-10-02T01:01:04.695736+02:00
307289068,de:11000:900120003:5:59,-0.4,2026-10-02T01:01:04.695736+02:00
307289068,de:11000:900120001:1:51,0.0,2026-10-02T01:01:04.695736+02:00
307289068,de:11000:900110012:1:51,-0.2,2026-10-02T01:01:04.695736+02:00
307289068,de:11000:900110004:1:51,-0.1,2026-10-02T01:01:04.695736+02:00
307289068,de:11000:900110003:1:51,-0.4,2026-10-02T01:01:04.695736+02:00
307289068,de:11000:900110002:1:51,-0.4,2026-10-02T01:01:04.695736+02:00
307289068,de:11000:900110001:1:51,-0.1,2026-10-02T01:01:04.695736+02:00
307289068,de:11000:900007102:1:51,-0.6,2026-10-02T01:01:04.695736+02:00
307289068,de:11000:900009104:1:51,-0.3,2026-10-02T01:01:04.695736+02:00
307289042,de:11000:900079221:1:51,0.0,2026-10-02T01:01:04.695736+02:00
307289042,de:11000:900078201:1:51,-0.1,2026-10-02T01:01:04.695736+02:00
307289042,de:11000:900077106:1:51,0.0,2026-10-02T01:01:04.695736+02:00
307289042,de:11000:900190001:2:52,-0.9,2026-10-02T01:01:04.695736+02:00
307289042,de:11000:900120003:5:59,-0.4,2026-10-02T01:01:04.695736+02:00
307289042,de:11000:900120001:1:51,0.0,2026-10-02T01:01:04.695736+02:00
307289042,de:11000:900110012:1:51,-0.2,2026-10-02T01:01:04.695736+02:00
307289042,de:11000:900110004:1:51,-0.1,2026-10-02T01:01:04.695736+02:00
307289042,de:11000:900110003:1:51,-0.4,2026-10-02T01:01:04.695736+02:00
307289042,de:11000:900110002:1:51,-0.4,2026-10-02T01:01:04.695736+02:00
307289042,de:11000:900110001:1:51,-0.1,2026-10-02T01:01:04.695736+02:00
307289042,de:11000:900007102:1:51,-0.6,2026-10-02T01:01:04.695736+02:00
307289042,de:11000:900009104:1:51,-0.3,2026-10-02T01:01:04.695736+02:00
307292681,de:12061:900260001:2:52,0.0,2026-10-02T01:01:04.695736+02:00
307292681,de:12061:900260002:1:51,-0.8,2026-10-02T01:01:04.695736+02:00
307292681,de:12061:900260003:1:51,-0.7,2026-10-02T01:01:04.695736+02:00
307292681,de:12061:900260004:1:51,-0.9,2026-10-02T01:01:04.695736+02:00
307292681,de:11000:900186001:2:53,-0.2,2026-10-02T01:01:04.695736+02:00
307292681,de:11000:900193002:1:51,-0.2,2026-10-02T01:01:04.695736+02:00
307292681,de:11000:900193001:2:51,-0.8,2026-10-02T01:01:04.695736+02:00
307292681,de:11000:900192001:3:55,-0.7,2026-10-02T01:01:04.695736+02:00
307292681,de:11000:900191001:1:50,-0.4,2026-10-02T01:01:04.695736+02:00
307292681,de:11000:900077155:1:50,-0.9,2026-10-02T01:01:04.695736+02:00
307292681,de:11000:900078201:1:50,-0.4,2026-10-02T01:01:04.695736+02:00
307292681,de:11000:900079221:1:50,-0.2,2026-10-02T01:01:04.695736+02:00
307292681,de:11000:900068201:1:50,-0.8,2026-10-02T01:01:04.695736+02:00
307292681,de:11000:900058101:5:58,-0.1,2026-10-02T01:01:04.695736+02:00
307292681,de:11000:900054104:2:52,-0.2,2026-10-02T01:01:04.695736+02:00
307292681,de:11000:900054105:1:50,-0.9,2026-10-02T01:01:04.695736+02:00
307292681,de:11000:900044202:1:50,-0.7,2026-10-02T01:01:04.695736+02:00
307292674,de:12061:900260001:2:52,0.0,2026-10-02T01:01:04.695736+02:00
307292674,de:12061:900260002:1:51,-0.8,2026-10-02T01:01:04.695736+02:00
307292674,de:12061:900260003:1:51,-0.7,2026-10-02T01:01:04.695736+02:00
307292674,de:12061:900260004:1:51,-0.9,2026-10-02T01:01:04.695736+02:00
307292674,de:11000:900186001:2:53,-0.2,2026-10-02T01:01:04.695736+02:00
307292674,de:11000:900193002:1:51,-0.2,2026-10-02T01:01:04.695736+02:00
307292674,de:11000:900193001:2:51,-0.8,2026-10-02T01:01:04.695736+02:00
307292674,de:11000:900192001:3:55,-0.7,2026-10-02T01:01:04.695736+02:00
307292674,de:11000:900191001:1:50,-0.4,2026-10-02T01:01:04.695736+02:00
307292674,de:11000:900077155:1:50,-0.9,2026-10-02T01:01:04.695736+02:00
307292674,de:11000:900078201:1:50,-0.4,2026-10-02T01:01:04.695736+02:00
307292674,de:11000:900079221:1:50,-0.2,2026-10-02T01:01:04.695736+02:00
307292674,de:11000:900068201:1:50,-0.8,2026-10-02T01:01:04.695736+02:00
307292674,de:11000:900058101:5:58,-0.1,2026-10-02T01:01:04.695736+02:00
307292674,de:11000:900054104:2:52,-0.2,2026-10-02T01:01:04.695736+02:00
307292674,de:11000:900054105:1:50,-0.9,2026-10-02T01:01:04.695736+02:00
307292674,de:11000:900044202:1:50,-0.7,2026-10-02T01:01:04.695736+02:00
307292673,de:12061:900260001:2:52,0.0,2026-10-02T01:01:04.695736+02:00
307292673,de:12061:900260002:1:51,-0.8,2026-10-02T01:01:04.695736+02:00
307292673,de:12061:900260003:1:51,-0.7,2026-10-02T01:01:04.695736+02:00
307292673,de:12061:900260004:1:51,-0.9,2026-10-02T01:01:04.695736+02:00
307292673,de:11000:900186001:2:53,-0.2,2026-10-02T01:01:04.695736+02:00
307292673,de:11000:900193002:1:51,-0.2,2026-10-02T01:01:04.695736+02:00
307292673,de:11000:900193001:2:51,-0.8,2026-10-02T01:01:04.695736+02:00
307292673,de:11000:900192001:3:55,-0.7,2026-10-02T01:01:04.695736+02:00
307292673,de:11000:900191001:1:50,-0.4,2026-10-02T01:01:04.695736+02:00
307292673,de:11000:900077155:1:50,-0.9,2026-10-02T01:01:04.695736+02:00
307292673,de:11000:900078201:1:50,-0.4,2026-10-02T01:01:04.695736+02:00
307292673,de:11000:900079221:1:50,-0.2,2026-10-02T01:01:04.695736+02:00
307292673,de:11000:900068201:1:50,-0.8,2026-10-02T01:01:04.695736+02:00
307292673,de:11000:900058101:5:58,-0.1,2026-10-02T01:01:04.695736+02:00
307292673,de:11000:900054104:2:52,-0.2,2026-10-02T01:01:04.695736+02:00
307292673,de:11000:900054105:1:50,-0.9,2026-10-02T01:01:04.695736+02:00
307292673,de:11000:900044202:1:50,-0.7,2026-10-02T01:01:04.695736+02:00
307292210,de:11000:900044202:1:51,0.0,2026-10-02T01:01:04.695736+02:00
307292210,de:11000:900054105:1:51,-0.2,2026-10-02T01:01:04.695736+02:00
307292210,de:11000:900054104:2:53,-0.8,2026-10-02T01:01:04.695736+02:00
307292210,de:11000:900058101:5:59,-0.7,2026-10-02T01:01:04.695736+02:00
307292210,de:11000:900068201:1:51,-0.3,2026-10-02T01:01:04.695736+02:00
307292210,de:11000:900079221:1:51,-0.9,2026-10-02T01:01:04.695736+02:00
307292210,de:11000:900078201:1:51,-0.6,2026-10-02T01:01:04.695736+02:00
307292210,de:11000:900077155:1:51,-0.2,2026-10-02T01:01:04.695736+02:00
307292210,de:11000:900191001:2:51,-0.7,2026-10-02T01:01:04.695736+02:00
307292210,de:11000:900192001:2:52,-0.7,2026-10-02T01:01:04.695736+02:00
307292210,de:11000:900193001:1:50,-0.2,2026-10-02T01:01:04.695736+02:00
307292210,de:11000:900193002:1:50,-0.8,2026-10-02T01:01:04.695736+02:00
307292210,de:11000:900186001:1:50,-0.8,2026-10-02T01:01:04.695736+02:00
307292210,de:12061:900260004:1:50,-0.2,2026-10-02T01:01:04.695736+02:00
307292210,de:12061:900260003:1:50,-0.4,2026-10-02T01:01:04.695736+02:00
307292210,de:12061:900260002:1:51,-0.2,2026-10-02T01:01:04.695736+02:00
307292210,de:12061:900260001:2:52,-0.2,2026-10-02T01:01:04.695736+02:00
295932974,de:11000:900058101:5:59,0.0,2026-10-02T01:01:04.695736+02:00
295932974,de:11000:900068201:1:51,-0.3,2026-10-02T01:01:04.695736+02:00
295932974,de:11000:900079221:1:51,-0.9,2026-10-02T01:01:04.695736+02:00
295932974,de:11000:900078201:1:51,-0.6,2026-10-02T01:01:04.695736+02:00
295932974,de:11000:900077155:1:51,-0.2,2026-10-02T01:01:04.695736+02:00
295932974,de:11000:900191001:2:51,-0.7,2026-10-02T01:01:04.695736+02:00
295932974,de:11000:900192001:2:53,-0.7,2026-10-02T01:01:04.695736+02:00
295932974,de:11000:900192002:1:50,-0.5,2026-10-02T01:01:04.695736+02:00
295932974,de:11000:900180003:1:50,-0.7,2026-10-02T01:01:04.695736+02:00
295936927,de:12064:900320001:1:50,0.0,2026-10-02T01:01:04.695736+02:00
295936927,de:12064:900320002:1:50,-0.3,2026-10-02T01:01:04.695736+02:00
295936927,de:12064:900320003:1:50,-0.1,2026-10-02T01:01:04.695736+02:00
295936927,de:12064:900320004:2:51,-0.8,2026-10-02T01:01:04.695736+02:00
295936927,de:12064:900320005:1:50,0.0,2026-10-02T01:01:04.695736+02:00
295936927,de:12064:900320006:1:51,-0.8,2026-10-02T01:01:04.695736+02:00
295936927,de:12064:900320007:1:50,-0.8,2026-10-02T01:01:04.695736+02:00
295936927,de:12064:900320008:1:51,-0.5,2026-10-02T01:01:04.695736+02:00
295936927,de:12064:900320026:1:50,-0.3,2026-10-02T01:01:04.695736+02:00
295936927,de:11000:900176001:1:51,-0.7,2026-10-02T01:01:04.695736+02:00
295936927,de:11000:900175002:1:50,-0.7,2026-10-02T01:01:04.695736+02:00
295936927,de:11000:900175001:1:50,-0.6,2026-10-02T01:01:04.695736+02:00
295936927,de:11000:900171001:1:50,-0.3,2026-10-02T01:01:04.695736+02:00
295936927,de:11000:900171002:1:51,-0.4,2026-10-02T01:01:04.695736+02:00
295936927,de:11000:900160004:1:51,-0.8,2026-10-02T01:01:04.695736+02:00
295936927,de:11000:900160003:1:51,-0.9,2026-10-02T01:01:04.695736+02:00
295936927,de:11000:900120003:3:55,-0.1,2026-10-02T01:01:04.695736+02:00
295936927,de:11000:900120004:2:53,-0.6,2026-10-02T01:01:04.695736+02:00
295936927,de:11000:900120005:5:58,-0.9,2026-10-02T01:01:04.695736+02:00
295936927,de:11000:900100004:1:51,-0.4,2026-10-02T01:01:04.695736+02:00
295936927,de:11000:900100003:2:53,-0.4,2026-10-02T01:01:04.695736+02:00
295936927,de:11000:900100002:1:51,-0.4,2026-10-02T01:01:04.695736+02:00
295936927,de:11000:900100001:3:55,-0.4,2026-10-02T01:01:04.695736+02:00
295936927,de:11000:900003201:3:55,-0.1,2026-10-02T01:01:04.695736+02:00
295936927,de:11000:900003102:1:51,-0.8,2026-10-02T01:01:04.695736+02:00
295936927,de:11000:900003103:1:51,-0.9,2026-10-02T01:01:04.695736+02:00
295936927,de:11000:900023201:3:55,-0.8,2026-10-02T01:01:04.695736+02:00
295936927,de:11000:900024203:1:51,-0.8,2026-10-02T01:01:04.695736+02:00
295936927,de:11000:900024101:4:57,-0.8,2026-10-02T01:01:04.695736+02:00
295936927,de:11000:900024102:1:51,-0.1,2026-10-02T01:01:04.695736+02:00
295940773,de:11000:900120005:4:56,0.0,2026-10-02T01:01:04.695736+02:00
295940773,de:11000:900120004:1:51,-0.1,2026-10-02T01:01:04.695736+02:00
295940773,de:11000:900120003:2:52,-0.4,2026-10-02T01:01:04.695736+02:00
295940773,de:11000:900160003:1:50,-0.7,2026-10-02T01:01:04.695736+02:00
295940773,de:11000:900160004:1:50,-0.7,2026-10-02T01:01:04.695736+02:00
295940773,de:11000:900171002:1:50,-0.2,2026-10-02T01:01:04.695736+02:00
295940773,de:11000:900171001:2:51,-0.3,2026-10-02T01:01:04.695736+02:00
295940773,de:11000:900175001:2:51,-0.5,2026-10-02T01:01:04.695736+02:00
295940773,de:11000:900175002:1:51,0.0,2026-10-02T01:01:04.695736+02:00
295940773,de:11000:900176001:1:50,-0.7,2026-10-02T01:01:04.695736+02:00
306896794,de:12067:900310993::1,0.0,2026-10-02T01:01:04.695736+02:00
306896794,de:12067:900310990::1,0.0,2026-10-02T01:01:04.695736+02:00
306896794,de:12067:900310989::2,0.0,2026-10-02T01:01:04.695736+02:00
306896794,de:12067:900310992::2,-0.5,2026-10-02T01:01:04.695736+02:00
306896794,de:12067:900310995::1,0.0,2026-10-02T01:01:04.695736+02:00
295940229,de:11000:900120004:1:51,0.0,2026-10-02T01:01:04.695736+02:00
295940229,de:11000:900120003:2:52,-0.4,2026-10-02T01:01:04.695736+02:00
295940229,de:11000:900160003:1:50,-0.7,2026-10-02T01:01:04.695736+02:00
295940229,de:11000:900160004:1:50,-0.7,2026-10-02T01:01:04.695736+02:00
295940229,de:11000:900171002:1:50,-0.2,2026-10-02T01:01:04.695736+02:00
295940229,de:11000:900171001:2:51,-0.3,2026-10-02T01:01:04.695736+02:00
295940229,de:11000:900175001:2:51,-0.5,2026-10-02T01:01:04.695736+02:00
295940229,de:11000:900175002:1:51,0.0,2026-10-02T01:01:04.695736+02:00
295940229,de:11000:900176001:2:52,-0.3,2026-10-02T01:01:04.695736+02:00
295940229,de:12064:900320026:1:51,-0.1,2026-10-02T01:01:04.695736+02:00
295940229,de:12064:900320008:1:50,-0.7,2026-10-02T01:01:04.695736+02:00
295942202,de:11000:900120005:4:56,0.0,2026-10-02T01:01:04.695736+02:00
295942202,de:11000:900120004:1:51,-0.1,2026-10-02T01:01:04.695736+02:00
295942202,de:11000:900120003:2:52,-0.4,2026-10-02T01:01:04.695736+02:00
295942202,de:11000:900160003:1:50,-0.7,2026-10-02T01:01:04.695736+02:00
295942202,de:11000:900160004:1:50,-0.7,2026-10-02T01:01:04.695736+02:00
295942202,de:11000:900171002:1:50,-0.2,2026-10-02T01:01:04.695736+02:00
295942202,de:11000:900171001:2:51,-0.3,2026-10-02T01:01:04.695736+02:00
295942202,de:11000:900175001:2:51,-0.5,2026-10-02T01:01:04.695736+02:00
295942202,de:11000:900175002:1:51,0.0,2026-10-02T01:01:04.695736+02:00
295942202,de:11000:900176001:1:50,-0.7,2026-10-02T01:01:04.695736+02:00
295940238,de:11000:900176001:1:51,0.0,2026-10-02T01:01:04.695736+02:00
295940238,de:11000:900175002:1:50,-0.7,2026-10-02T01:01:04.695736+02:00
295940238,de:11000:900175001:1:50,-0.6,2026-10-02T01:01:04.695736+02:00
295940238,de:11000:900171001:1:50,-0.3,2026-10-02T01:01:04.695736+02:00
295940238,de:11000:900171002:1:51,-0.4,2026-10-02T01:01:04.695736+02:00
295940238,de:11000:900160004:1:51,-0.8,2026-10-02T01:01:04.695736+02:00
295940238,de:11000:900160003:1:51,-0.9,2026-10-02T01:01:04.695736+02:00
295940238,de:11000:900120003:3:55,-0.1,2026-10-02T01:01:04.695736+02:00
295940238,de:11000:900120004:2:53,-0.6,2026-10-02T01:01:04.695736+02:00
295940238,de:11000:900120005:5:57,-0.9,2026-10-02T01:01:04.695736+02:00
307307105,de:12064:900320004:2:51,0.0,2026-10-02T01:01:04.695736+02:00
307307105,de:12064:900320005:1:50,0.0,2026-10-02T01:01:04.695736+02:00
307307105,de:12064:900320006:1:51,-0.8,2026-10-02T01:01:04.695736+02:00
307307105,de:12064:900320007:1:50,-0.8,2026-10-02T01:01:04.695736+02:00
307307105,de:12064:900320008:1:51,-0.5,2026-10-02T01:01:04.695736+02:00
307307105,de:12064:900320026:1:50,-0.3,2026-10-02T01:01:04.695736+02:00
307307105,de:11000:900176001:2:53,-0.7,2026-10-02T01:01:04.695736+02:00
307420543,de:12064:900320014:1:51,0.0,2026-10-02T01:01:04.695736+02:00
307420543,de:12064:900320012:1:50,0.0,2026-10-02T01:01:04.695736+02:00
307420543,de:12064:900320011:1:50,0.0,2026-10-02T01:01:04.695736+02:00
307420543,de:12064:900320004:1:50,0.0,2026-10-02T01:01:04.695736+02:00
307420543,de:11000:900160004:2:53,0.0,2026-10-02T01:01:04.695736+02:00
307420543,de:11000:900120003:7:61,0.0,2026-10-02T01:01:04.695736+02:00
306897043,de:12067:900311238::1,0.0,2026-10-02T01:01:04.695736+02:00
306897043,de:12067:900311236::2,0.0,2026-10-02T01:01:04.695736+02:00
306897043,de:12067:900311232::1,0.0,2026-10-02T01:01:04.695736+02:00
306897043,de:12067:900311237::1,0.0,2026-10-02T01:01:04.695736+02:00
306897043,de:12067:900311424::2,0.0,2026-10-02T01:01:04.695736+02:00
306897043,de:12067:900311423::2,0.0,2026-10-02T01:01:04.695736+02:00
306897043,de:12067:900311422::1,0.0,2026-10-02T01:01:04.695736+02:00
295946250,de:11000:900120005:4:55,0.0,2026-10-02T01:01:04.695736+02:00
295946250,de:11000:900120004:1:50,-0.6,2026-10-02T01:01:04.695736+02:00
295946250,de:11000:900120003:2:53,-0.9,2026-10-02T01:01:04.695736+02:00
295946250,de:11000:900160003:1:50,-0.2,2026-10-02T01:01:04.695736+02:00
295946250,de:11000:900160004:1:50,-0.2,2026-10-02T01:01:04.695736+02:00
295946250,de:11000:900171002:1:50,-0.7,2026-10-02T01:01:04.695736+02:00
295946250,de:11000:900171003:1:50,-0.8,2026-10-02T01:01:04.695736+02:00
295946250,de:11000:900170005:1:50,-0.3,2026-10-02T01:01:04.695736+02:00
295946250,de:11000:900170001:1:50,-0.1,2026-10-02T01:01:04.695736+02:00
295946250,de:11000:900170002:1:50,-0.9,2026-10-02T01:01:04.695736+02:00
295946250,de:11000:900170003:1:50,-0.7,2026-10-02T01:01:04.695736+02:00
295946250,de:11000:900170004:2:52,-0.9,2026-10-02T01:01:04.695736+02:00
306896420,de:12067:900310613::1,0.0,2026-10-02T01:01:04.695736+02:00
306896420,de:12067:900311078::2,0.0,2026-10-02T01:01:04.695736+02:00
306896420,de:12067:900311077::2,0.0,2026-10-02T01:01:04.695736+02:00
306896420,de:12067:900311082::2,0.0,2026-10-02T01:01:04.695736+02:00
306896420,de:12067:900310107::2,0.0,2026-10-02T01:01:04.695736+02:00
306896420,de:12067:900310113::1,0.0,2026-10-02T01:01:04.695736+02:00
306896420,de:12067:900310102::2,0.0,2026-10-02T01:01:04.695736+02:00
306896420,de:12067:900310103::2,0.0,2026-10-02T01:01:04.695736+02:00
306896420,de:12067:900310114::2,0.0,2026-10-02T01:01:04.695736+02:00
306896420,de:12067:900310119::2,0.0,2026-10-02T01:01:04.695736+02:00
306896420,de:12067:900310115::2,0.0,2026-10-02T01:01:04.695736+02:00
306896420,de:12067:900310106::2,0.0,2026-10-02T01:01:04.695736+02:00
306896420,de:12067:900310109::1,0.0,2026-10-02T01:01:04.695736+02:00
306896420,de:12067:900310631::1,0.0,2026-10-02T01:01:04.695736+02:00
306896420,de:12067:900310040::2,0.0,2026-10-02T01:01:04.695736+02:00
306896420,de:12067:900310105::2,0.0,2026-10-02T01:01:04.695736+02:00
306896420,de:12067:900310970::2,0.0,2026-10-02T01:01:04.695736+02:00
306896420,de:12067:900310972::2,0.0,2026-10-02T01:01:04.695736+02:00
306896420,de:12067:900310810::1,0.0,2026-10-02T01:01:04.695736+02:00
306896420,de:12067:900310769::2,0.0,2026-10-02T01:01:04.695736+02:00
306896420,de:12067:900310695::3,0.0,2026-10-02T01:01:04.695736+02:00
306896420,de:12067:900310812::2,0.0,2026-10-02T01:01:04.695736+02:00
306896420,de:12067:900310630::2,0.0,2026-10-02T01:01:04.695736+02:00
306896420,de:12067:900310811::2,0.0,2026-10-02T01:01:04.695736+02:00
306896420,de:12067:900310771::2,0.0,2026-10-02T01:01:04.695736+02:00
306896420,de:12067:900310822::2,0.0,2026-10-02T01:01:04.695736+02:00
306896420,de:12067:900310781::2,0.0,2026-10-02T01:01:04.695736+02:00
306896420,de:12067:900310627::2,-0.5,2026-10-02T01:01:04.695736+02:00
306896420,de:12067:900310816::2,0.0,2026-10-02T01:01:04.695736+02:00
306896420,de:12067:900310022::1,0.0,2026-10-02T01:01:04.695736+02:00
306896420,de:12067:900310001::11,0.0,2026-10-02T01:01:04.695736+02:00
306896466,de:12067:900310001::3,0.0,2026-10-02T01:01:04.695736+02:00
306896466,de:12067:900310816::1,0.0,2026-10-02T01:01:04.695736+02:00
306896466,de:12067:900310627::1,0.0,2026-10-02T01:01:04.695736+02:00
306896466,de:12067:900310781::1,0.0,2026-10-02T01:01:04.695736+02:00
306896466,de:12067:900310822::1,0.0,2026-10-02T01:01:04.695736+02:00
306896466,de:12067:900310771::1,0.0,2026-10-02T01:01:04.695736+02:00
306896466,de:12067:900310811::1,0.0,2026-10-02T01:01:04.695736+02:00
306896466,de:12067:900310630::1,0.0,2026-10-02T01:01:04.695736+02:00
306896466,de:12067:900310812::1,0.0,2026-10-02T01:01:04.695736+02:00
306896466,de:12067:900310695::2,0.0,2026-10-02T01:01:04.695736+02:00
306896466,de:12067:900310769::1,0.0,2026-10-02T01:01:04.695736+02:00
306896466,de:12067:900310810::2,0.0,2026-10-02T01:01:04.695736+02:00
306896466,de:12067:900310972::1,0.0,2026-10-02T01:01:04.695736+02:00
306896466,de:12067:900310970::1,0.0,2026-10-02T01:01:04.695736+02:00
306896466,de:12067:900310105::1,0.0,2026-10-02T01:01:04.695736+02:00
306896466,de:12067:900310040::1,0.0,2026-10-02T01:01:04.695736+02:00
306896466,de:12067:900310109::1,0.0,2026-10-02T01:01:04.695736+02:00
306896466,de:12067:900310631::1,0.0,2026-10-02T01:01:04.695736+02:00
306896466,de:12067:900310106::1,0.0,2026-10-02T01:01:04.695736+02:00
306896466,de:12067:900310115::1,0.0,2026-10-02T01:01:04.695736+02:00
306896466,de:12067:900310119::1,0.0,2026-10-02T01:01:04.695736+02:00
306896466,de:12067:900310114::1,0.0,2026-10-02T01:01:04.695736+02:00
306896466,de:12067:900310103::1,0.0,2026-10-02T01:01:04.695736+02:00
306896466,de:12067:900310102::1,0.0,2026-10-02T01:01:04.695736+02:00
306896466,de:12067:900310104::1,0.0,2026-10-02T01:01:04.695736+02:00
306896466,de:12067:900310116::1,0.0,2026-10-02T01:01:04.695736+02:00
306896466,de:12067:900310113::1,0.0,2026-10-02T01:01:04.695736+02:00
306896466,de:12067:900310107::1,0.0,2026-10-02T01:01:04.695736+02:00
306896466,de:12067:900311082::1,0.0,2026-10-02T01:01:04.695736+02:00
306896466,de:12067:900311077::1,0.0,2026-10-02T01:01:04.695736+02:00
306896466,de:12067:900311078::1,0.0,2026-10-02T01:01:04.695736+02:00
306896466,de:12067:900310613::1,0.0,2026-10-02T01:01:04.695736+02:00
295946298,de:11000:900170004:1:50,0.0,2026-10-02T01:01:04.695736+02:00
295946298,de:11000:900170003:1:51,-0.3,2026-10-02T01:01:04.695736+02:00
295946298,de:11000:900170002:1:51,-0.1,2026-10-02T01:01:04.695736+02:00
295946298,de:11000:900170001:1:51,-0.9,2026-10-02T01:01:04.695736+02:00
295946298,de:11000:900170005:1:51,-0.7,2026-10-02T01:01:04.695736+02:00
295946298,de:11000:900171003:1:51,-0.6,2026-10-02T01:01:04.695736+02:00
295946298,de:11000:900171002:1:51,-0.9,2026-10-02T01:01:04.695736+02:00
295946298,de:11000:900160004:1:51,-0.3,2026-10-02T01:01:04.695736+02:00
295946298,de:11000:900160003:1:51,-0.4,2026-10-02T01:01:04.695736+02:00
295946298,de:11000:900120003:3:55,-0.6,2026-10-02T01:01:04.695736+02:00
295946298,de:11000:900120004:2:53,-0.1,2026-10-02T01:01:04.695736+02:00
295946298,de:11000:900120005:5:58,-0.4,2026-10-02T01:01:04.695736+02:00
295946298,de:11000:900100004:1:51,-0.9,2026-10-02T01:01:04.695736+02:00
295946298,de:11000:900100003:2:53,-0.9,2026-10-02T01:01:04.695736+02:00
295946298,de:11000:900100002:1:51,-0.9,2026-10-02T01:01:04.695736+02:00
295946298,de:11000:900100001:3:55,-0.9,2026-10-02T01:01:04.695736+02:00
295946298,de:11000:900003201:3:55,-0.6,2026-10-02T01:01:04.695736+02:00
295946298,de:11000:900003102:1:51,-0.3,2026-10-02T01:01:04.695736+02:00
295946298,de:11000:900003103:1:51,-0.4,2026-10-02T01:01:04.695736+02:00
295946298,de:11000:900023201:3:55,-0.3,2026-10-02T01:01:04.695736+02:00
295946298,de:11000:900024203:1:51,-0.3,2026-10-02T01:01:04.695736+02:00
295946298,de:11000:900024101:4:57,-0.3,2026-10-02T01:01:04.695736+02:00
295946298,de:11000:900024102:1:50,-0.6,2026-10-02T01:01:04.695736+02:00
295946298,de:11000:900048101:1:50,-0.8,2026-10-02T01:01:04.695736+02:00
295946298,de:11000:900052201:2:52,0.0,2026-10-02T01:01:04.695736+02:00
295946298,de:11000:900053301:1:50,-0.4,2026-10-02T01:01:04.695736+02:00
295946298,de:12054:900230003:1:50,-0.4,2026-10-02T01:01:04.695736+02:00
295946298,de:12054:900230000:1:51,-0.4,2026-10-02T01:01:04.695736+02:00
295946298,de:12054:900230999:3:55,-0.9,2026-10-02T01:01:04.695736+02:00
295946179,de:12054:900230999:3:54,0.0,2026-10-02T01:01:04.695736+02:00
295946179,de:12054:900230000:1:50,-0.3,2026-10-02T01:01:04.695736+02:00
295946179,de:12054:900230003:1:54,-0.3,2026-10-02T01:01:04.695736+02:00
295946179,de:11000:900053301:2:53,-0.4,2026-10-02T01:01:04.695736+02:00
295946179,de:11000:900052201:2:53,-0.7,2026-10-02T01:01:04.695736+02:00
295946179,de:11000:900048101:2:53,-0.9,2026-10-02T01:01:04.695736+02:00
295946179,de:11000:900024102:2:53,-0.9,2026-10-02T01:01:04.695736+02:00
295946179,de:11000:900024101:3:55,-0.3,2026-10-02T01:01:04.695736+02:00
295946179,de:11000:900024203:1:51,-0.3,2026-10-02T01:01:04.695736+02:00
295946179,de:11000:900023201:3:54,-0.2,2026-10-02T01:01:04.695736+02:00
295946179,de:11000:900003103:1:50,-0.3,2026-10-02T01:01:04.695736+02:00
295946179,de:11000:900003102:1:50,-0.4,2026-10-02T01:01:04.695736+02:00
295946179,de:11000:900003201:3:54,0.0,2026-10-02T01:01:04.695736+02:00
295946179,de:11000:900100001:3:54,-0.6,2026-10-02T01:01:04.695736+02:00
295946179,de:11000:900100002:1:50,-0.9,2026-10-02T01:01:04.695736+02:00
295946179,de:11000:900100003:2:52,-0.6,2026-10-02T01:01:04.695736+02:00
295946179,de:11000:900100004:1:50,-0.9,2026-10-02T01:01:04.695736+02:00
295946179,de:11000:900120005:4:55,-0.1,2026-10-02T01:01:04.695736+02:00
295946179,de:11000:900120004:1:50,-0.6,2026-10-02T01:01:04.695736+02:00
295946179,de:11000:900120003:2:53,-0.9,2026-10-02T01:01:04.695736+02:00
295946179,de:11000:900160003:1:50,-0.2,2026-10-02T01:01:04.695736+02:00
295946179,de:11000:900160004:1:50,-0.2,2026-10-02T01:01:04.695736+02:00
295946179,de:11000:900171002:1:50,-0.7,2026-10-02T01:01:04.695736+02:00
295946179,de:11000:900171003:1:50,-0.8,2026-10-02T01:01:04.695736+02:00
295946179,de:11000:900170005:1:50,-0.3,2026-10-02T01:01:04.695736+02:00
295946179,de:11000:900170001:1:50,-0.1,2026-10-02T01:01:04.695736+02:00
295946179,de:11000:900170002:1:50,-0.9,2026-10-02T01:01:04.695736+02:00
295946179,de:11000:900170003:1:50,-0.7,2026-10-02T01:01:04.695736+02:00
295946179,de:11000:900170004:1:50,-0.9,2026-10-02T01:01:04.695736+02:00
295953504,de:11000:900120004:1:51,0.0,2026-10-02T01:01:04.695736+02:00
295953504,de:11000:900120003:2:52,-0.9,2026-10-02T01:01:04.695736+02:00
295953504,de:11000:900160003:1:50,-0.2,2026-10-02T01:01:04.695736+02:00
295953504,de:11000:900160004:1:50,-0.2,2026-10-02T01:01:04.695736+02:00
295953504,de:11000:900171002:1:50,-0.7,2026-10-02T01:01:04.695736+02:00
295953504,de:11000:900171003:1:50,-0.8,2026-10-02T01:01:04.695736+02:00
295953504,de:11000:900152002:1:50,-0.4,2026-10-02T01:01:04.695736+02:00
295953504,de:11000:900152001:1:50,-0.6,2026-10-02T01:01:04.695736+02:00
295953504,de:11000:900151001:1:51,-0.9,2026-10-02T01:01:04.695736+02:00
295953587,de:11000:900151001:1:51,0.0,2026-10-02T01:01:04.695736+02:00
295953587,de:11000:900152001:1:51,-0.6,2026-10-02T01:01:04.695736+02:00
295953587,de:11000:900152002:1:51,-0.2,2026-10-02T01:01:04.695736+02:00
295953587,de:11000:900171003:1:51,-0.9,2026-10-02T01:01:04.695736+02:00
295953587,de:11000:900171002:1:51,-0.9,2026-10-02T01:01:04.695736+02:00
295953587,de:11000:900160004:1:51,-0.3,2026-10-02T01:01:04.695736+02:00
295953587,de:11000:900160003:1:51,-0.4,2026-10-02T01:01:04.695736+02:00
295953587,de:11000:900120003:3:54,-0.6,2026-10-02T01:01:04.695736+02:00
295953587,de:11000:900120004:2:52,-0.1,2026-10-02T01:01:04.695736+02:00
295949562,de:11000:900024101:4:56,0.0,2026-10-02T01:01:04.695736+02:00
295949562,de:11000:900024102:1:50,-0.6,2026-10-02T01:01:04.695736+02:00
295949562,de:11000:900048101:1:50,-0.8,2026-10-02T01:01:04.695736+02:00
295949562,de:11000:900052201:2:52,0.0,2026-10-02T01:01:04.695736+02:00
295949562,de:11000:900053301:1:50,-0.4,2026-10-02T01:01:04.695736+02:00
295949562,de:12054:900230003:1:50,-0.4,2026-10-02T01:01:04.695736+02:00
295949562,de:12054:900230000:1:51,-0.4,2026-10-02T01:01:04.695736+02:00
295949562,de:12054:900230999:3:54,-0.9,2026-10-02T01:01:04.695736+02:00
295953537,de:11000:900151001:1:51,0.0,2026-10-02T01:01:04.695736+02:00
295953537,de:11000:900152001:1:51,-0.6,2026-10-02T01:01:04.695736+02:00
295953537,de:11000:900152002:1:51,-0.2,2026-10-02T01:01:04.695736+02:00
295953537,de:11000:900171003:1:51,-0.9,2026-10-02T01:01:04.695736+02:00
295953537,de:11000:900171002:1:51,-0.9,2026-10-02T01:01:04.695736+02:00
295953537,de:11000:900160004:1:51,-0.3,2026-10-02T01:01:04.695736+02:00
295953537,de:11000:900160003:1:51,-0.4,2026-10-02T01:01:04.695736+02:00
295953537,de:11000:900120003:3:55,-0.6,2026-10-02T01:01:04.695736+02:00
295953537,de:11000:900120004:2:53,-0.1,2026-10-02T01:01:04.695736+02:00
295953537,de:11000:900120005:5:57,-0.4,2026-10-02T01:01:04.695736+02:00
295949545,de:11000:900170004:2:52,0.0,2026-10-02T01:01:04.695736+02:00
295949545,de:11000:900170003:1:51,-0.3,2026-10-02T01:01:04.695736+02:00
295949545,de:11000:900170002:1:51,-0.1,2026-10-02T01:01:04.695736+02:00
295949545,de:11000:900170001:1:51,-0.9,2026-10-02T01:01:04.695736+02:00
295949545,de:11000:900170005:1:51,-0.7,2026-10-02T01:01:04.695736+02:00
295949545,de:11000:900171003:1:51,-0.6,2026-10-02T01:01:04.695736+02:00
295949545,de:11000:900171002:1:51,-0.9,2026-10-02T01:01:04.695736+02:00
295949545,de:11000:900160004:1:51,-0.3,2026-10-02T01:01:04.695736+02:00
295949545,de:11000:900160003:1:51,-0.4,2026-10-02T01:01:04.695736+02:00
295949545,de:11000:900120003:3:55,-0.6,2026-10-02T01:01:04.695736+02:00
295949545,de:11000:900120004:2:53,-0.1,2026-10-02T01:01:04.695736+02:00
295949545,de:11000:900120005:5:58,-0.4,2026-10-02T01:01:04.695736+02:00
295949545,de:11000:900100004:1:51,-0.9,2026-10-02T01:01:04.695736+02:00
295949545,de:11000:900100003:2:53,-0.9,2026-10-02T01:01:04.695736+02:00
295949545,de:11000:900100002:1:51,-0.9,2026-10-02T01:01:04.695736+02:00
295949545,de:11000:900100001:3:55,-0.9,2026-10-02T01:01:04.695736+02:00
295949545,de:11000:900003201:3:55,-0.6,2026-10-02T01:01:04.695736+02:00
295949545,de:11000:900003102:1:51,-0.3,2026-10-02T01:01:04.695736+02:00
295949545,de:11000:900003103:1:51,-0.4,2026-10-02T01:01:04.695736+02:00
295949545,de:11000:900023201:3:55,-0.3,2026-10-02T01:01:04.695736+02:00
295949545,de:11000:900024203:1:51,-0.3,2026-10-02T01:01:04.695736+02:00
295949545,de:11000:900024101:4:57,-0.3,2026-10-02T01:01:04.695736+02:00
295949545,de:11000:900024102:1:50,-0.6,2026-10-02T01:01:04.695736+02:00
295949545,de:11000:900048101:1:50,-0.8,2026-10-02T01:01:04.695736+02:00
295949545,de:11000:900052201:2:52,0.0,2026-10-02T01:01:04.695736+02:00
295949545,de:11000:900053301:1:50,-0.4,2026-10-02T01:01:04.695736+02:00
295949545,de:12054:900230003:1:50,-0.4,2026-10-02T01:01:04.695736+02:00
295949545,de:12054:900230000:1:51,-0.4,2026-10-02T01:01:04.695736+02:00
295949545,de:12054:900230999:3:54,-0.9,2026-10-02T01:01:04.695736+02:00
295956074,de:11000:900151001:1:50,0.0,2026-10-02T01:01:04.695736+02:00
295956074,de:11000:900152001:1:51,-0.6,2026-10-02T01:01:04.695736+02:00
295956074,de:11000:900152002:1:51,-0.2,2026-10-02T01:01:04.695736+02:00
295956074,de:11000:900171003:1:51,-0.9,2026-10-02T01:01:04.695736+02:00
295956074,de:11000:900171002:1:51,-0.9,2026-10-02T01:01:04.695736+02:00
295956074,de:11000:900160004:1:51,-0.3,2026-10-02T01:01:04.695736+02:00
295956074,de:11000:900160003:1:51,-0.4,2026-10-02T01:01:04.695736+02:00
295956074,de:11000:900120003:3:54,-0.6,2026-10-02T01:01:04.695736+02:00
295956074,de:11000:900120004:2:52,-0.1,2026-10-02T01:01:04.695736+02:00
295956070,de:11000:900151001:1:50,0.0,2026-10-02T01:01:04.695736+02:00
295956070,de:11000:900152001:1:51,-0.6,2026-10-02T01:01:04.695736+02:00
295956070,de:11000:900152002:1:51,-0.2,2026-10-02T01:01:04.695736+02:00
295956070,de:11000:900171003:1:51,-0.9,2026-10-02T01:01:04.695736+02:00
295956070,de:11000:900171002:1:51,-0.9,2026-10-02T01:01:04.695736+02:00
295956070,de:11000:900160004:1:51,-0.3,2026-10-02T01:01:04.695736+02:00
295956070,de:11000:900160003:1:51,-0.4,2026-10-02T01:01:04.695736+02:00
295956070,de:11000:900120003:3:54,-0.6,2026-10-02T01:01:04.695736+02:00
295956070,de:11000:900120004:2:52,-0.1,2026-10-02T01:01:04.695736+02:00
306895455,de:12067:900311083::3,0.0,2026-10-02T01:01:04.695736+02:00
306895455,de:12067:900310775::1,0.0,2026-10-02T01:01:04.695736+02:00
306895455,de:12067:900311083::2,0.0,2026-10-02T01:01:04.695736+02:00
306895455,de:12067:900310814::2,0.0,2026-10-02T01:01:04.695736+02:00
306895455,de:12067:900310628::2,0.0,2026-10-02T01:01:04.695736+02:00
306895455,de:12067:900310793::2,0.0,2026-10-02T01:01:04.695736+02:00
306895455,de:12067:900310774::1,0.0,2026-10-02T01:01:04.695736+02:00
306895455,de:12067:900310792::1,0.0,2026-10-02T01:01:04.695736+02:00
306895455,de:12067:900310825::1,0.0,2026-10-02T01:01:04.695736+02:00
306895455,de:12067:900310809::2,0.0,2026-10-02T01:01:04.695736+02:00
306895455,de:12067:900310787::2,0.0,2026-10-02T01:01:04.695736+02:00
306895455,de:12067:900310790::2,0.0,2026-10-02T01:01:04.695736+02:00
306895455,de:12067:900310788::2,0.0,2026-10-02T01:01:04.695736+02:00
306895455,de:12067:900310696::2,0.0,2026-10-02T01:01:04.695736+02:00
306895455,de:12067:900310001::11,0.0,2026-10-02T01:01:04.695736+02:00
306895455,de:12067:900310001::2,0.0,2026-10-02T01:01:04.695736+02:00
306895455,de:12067:900310816::1,0.0,2026-10-02T01:01:04.695736+02:00
306895455,de:12067:900310627::1,0.0,2026-10-02T01:01:04.695736+02:00
306895455,de:12067:900310781::1,0.0,2026-10-02T01:01:04.695736+02:00
306895455,de:12067:900310822::1,0.0,2026-10-02T01:01:04.695736+02:00
306895455,de:12067:900310808::1,0.0,2026-10-02T01:01:04.695736+02:00
306895455,de:12067:900310794::1,0.0,2026-10-02T01:01:04.695736+02:00
306895455,de:12067:900310821::1,0.0,2026-10-02T01:01:04.695736+02:00
306895455,de:12067:900310806::1,0.0,2026-10-02T01:01:04.695736+02:00
306895455,de:12067:900310812::1,0.0,2026-10-02T01:01:04.695736+02:00
306895455,de:12067:900310770::1,0.0,2026-10-02T01:01:04.695736+02:00
306895455,de:12067:900310010::3,0.0,2026-10-02T01:01:04.695736+02:00
306895455,de:12067:900310880::1,0.0,2026-10-02T01:01:04.695736+02:00
306895455,de:12067:900310815::1,0.0,2026-10-02T01:01:04.695736+02:00
306895455,de:12067:900310807::1,0.0,2026-10-02T01:01:04.695736+02:00
295949527,de:11000:900170004:2:52,0.0,2026-10-02T01:01:04.695736+02:00
295949527,de:11000:900170003:1:51,-0.3,2026-10-02T01:01:04.695736+02:00
295949527,de:11000:900170002:1:51,-0.1,2026-10-02T01:01:04.695736+02:00
295949527,de:11000:900170001:1:51,-0.9,2026-10-02T01:01:04.695736+02:00
295949527,de:11000:900170005:1:51,-0.7,2026-10-02T01:01:04.695736+02:00
295949527,de:11000:900171003:1:51,-0.6,2026-10-02T01:01:04.695736+02:00
295949527,de:11000:900171002:1:51,-0.9,2026-10-02T01:01:04.695736+02:00
295949527,de:11000:900160004:1:51,-0.3,2026-10-02T01:01:04.695736+02:00
295949527,de:11000:900160003:1:51,-0.4,2026-10-02T01:01:04.695736+02:00
295949527,de:11000:900120003:3:55,-0.6,2026-10-02T01:01:04.695736+02:00
295949527,de:11000:900120004:2:53,-0.1,2026-10-02T01:01:04.695736+02:00
295949527,de:11000:900120005:5:58,-0.4,2026-10-02T01:01:04.695736+02:00
295949527,de:11000:900100004:1:51,-0.9,2026-10-02T01:01:04.695736+02:00
295949527,de:11000:900100003:2:53,-0.9,2026-10-02T01:01:04.695736+02:00
295949527,de:11000:900100002:1:51,-0.9,2026-10-02T01:01:04.695736+02:00
295949527,de:11000:900100001:3:55,-0.9,2026-10-02T01:01:04.695736+02:00
295949527,de:11000:900003201:3:55,-0.6,2026-10-02T01:01:04.695736+02:00
295949527,de:11000:900003102:1:51,-0.3,2026-10-02T01:01:04.695736+02:00
295949527,de:11000:900003103:1:51,-0.4,2026-10-02T01:01:04.695736+02:00
295949527,de:11000:900023201:3:55,-0.3,2026-10-02T01:01:04.695736+02:00
295949527,de:11000:900024203:1:51,-0.3,2026-10-02T01:01:04.695736+02:00
295949527,de:11000:900024101:4:57,-0.3,2026-10-02T01:01:04.695736+02:00
295949527,de:11000:900024102:1:50,-0.6,2026-10-02T01:01:04.695736+02:00
295949527,de:11000:900048101:1:50,-0.8,2026-10-02T01:01:04.695736+02:00
295949527,de:11000:900052201:2:52,0.0,2026-10-02T01:01:04.695736+02:00
295949527,de:11000:900053301:1:50,-0.4,2026-10-02T01:01:04.695736+02:00
295949527,de:12054:900230003:1:50,-0.4,2026-10-02T01:01:04.695736+02:00
295949527,de:12054:900230000:1:51,-0.4,2026-10-02T01:01:04.695736+02:00
295949527,de:12054:900230999:3:54,-0.9,2026-10-02T01:01:04.695736+02:00
295959975,de:12065:900200008:1:51,0.0,2026-10-02T01:01:04.695736+02:00
295959975,de:12065:900200009:1:51,-0.7,2026-10-02T01:01:04.695736+02:00
295959975,de:12065:900200011:1:51,-0.3,2026-10-02T01:01:04.695736+02:00
295959975,de:12065:900200012:1:51,-0.8,2026-10-02T01:01:04.695736+02:00
295959975,de:12065:900200013:1:50,-0.4,2026-10-02T01:01:04.695736+02:00
295959975,de:11000:900142001:1:51,-0.7,2026-10-02T01:01:04.695736+02:00
295959975,de:11000:900130001:1:51,-0.2,2026-10-02T01:01:04.695736+02:00
295959975,de:11000:900130002:1:51,-0.7,2026-10-02T01:01:04.695736+02:00
295959975,de:11000:900110011:1:51,-0.2,2026-10-02T01:01:04.695736+02:00
295959975,de:11000:900110001:1:50,-0.2,2026-10-02T01:01:04.695736+02:00
295959975,de:11000:900110002:1:50,-0.9,2026-10-02T01:01:04.695736+02:00
295959975,de:11000:900110003:1:50,-0.9,2026-10-02T01:01:04.695736+02:00
295959975,de:11000:900110004:1:50,-0.3,2026-10-02T01:01:04.695736+02:00
295959975,de:11000:900110012:1:50,-0.2,2026-10-02T01:01:04.695736+02:00
295959975,de:11000:900120001:1:50,-0.2,2026-10-02T01:01:04.695736+02:00
295959975,de:11000:900120003:5:58,-0.6,2026-10-02T01:01:04.695736+02:00
295959975,de:11000:900190001:1:50,-0.1,2026-10-02T01:01:04.695736+02:00
295959975,de:11000:900191002:1:50,0.0,2026-10-02T01:01:04.695736+02:00
295959975,de:11000:900191001:2:52,-0.4,2026-10-02T01:01:04.695736+02:00
295959975,de:11000:900192001:2:52,-0.2,2026-10-02T01:01:04.695736+02:00
295959975,de:11000:900193001:1:50,-0.7,2026-10-02T01:01:04.695736+02:00
295959975,de:11000:900193002:1:50,-0.3,2026-10-02T01:01:04.695736+02:00
295959975,de:11000:900186001:1:50,-0.3,2026-10-02T01:01:04.695736+02:00
295959975,de:12061:900260004:1:50,-0.7,2026-10-02T01:01:04.695736+02:00
295959975,de:12061:900260003:1:50,-0.9,2026-10-02T01:01:04.695736+02:00
295959975,de:12061:900260002:1:50,-0.9,2026-10-02T01:01:04.695736+02:00
295960028,de:11000:900186001:2:52,0.0,2026-10-02T01:01:04.695736+02:00
295960028,de:11000:900193002:1:51,-0.2,2026-10-02T01:01:04.695736+02:00
295960028,de:11000:900193001:2:51,-0.8,2026-10-02T01:01:04.695736+02:00
295960028,de:11000:900192001:3:55,-0.7,2026-10-02T01:01:04.695736+02:00
295960028,de:11000:900191001:1:50,-0.4,2026-10-02T01:01:04.695736+02:00
295960028,de:11000:900191002:1:51,-0.8,2026-10-02T01:01:04.695736+02:00
295960028,de:11000:900190001:2:53,-0.6,2026-10-02T01:01:04.695736+02:00
295960028,de:11000:900120003:5:59,0.0,2026-10-02T01:01:04.695736+02:00
295960028,de:11000:900120001:1:51,-0.6,2026-10-02T01:01:04.695736+02:00
295960028,de:11000:900110012:1:51,-0.8,2026-10-02T01:01:04.695736+02:00
295960028,de:11000:900110004:1:51,-0.7,2026-10-02T01:01:04.695736+02:00
295960028,de:11000:900110003:1:51,0.0,2026-10-02T01:01:04.695736+02:00
295960028,de:11000:900110002:1:51,0.0,2026-10-02T01:01:04.695736+02:00
295960028,de:11000:900110001:1:51,-0.7,2026-10-02T01:01:04.695736+02:00
295960028,de:11000:900110011:2:52,-0.4,2026-10-02T01:01:04.695736+02:00
295960028,de:11000:900130002:1:50,0.0,2026-10-02T01:01:04.695736+02:00
295960028,de:11000:900130001:1:50,-0.7,2026-10-02T01:01:04.695736+02:00
295960028,de:11000:900142001:1:50,-0.2,2026-10-02T01:01:04.695736+02:00
295960012,de:11000:900186001:2:52,0.0,2026-10-02T01:01:04.695736+02:00
295960012,de:11000:900193002:1:51,-0.2,2026-10-02T01:01:04.695736+02:00
295960012,de:11000:900193001:2:51,-0.8,2026-10-02T01:01:04.695736+02:00
295960012,de:11000:900192001:3:55,-0.7,2026-10-02T01:01:04.695736+02:00
295960012,de:11000:900191001:1:50,-0.4,2026-10-02T01:01:04.695736+02:00
295960012,de:11000:900191002:1:51,-0.8,2026-10-02T01:01:04.695736+02:00
295960012,de:11000:900190001:2:53,-0.6,2026-10-02T01:01:04.695736+02:00
295960012,de:11000:900120003:5:59,0.0,2026-10-02T01:01:04.695736+02:00
295960012,de:11000:900120001:1:51,-0.6,2026-10-02T01:01:04.695736+02:00
295960012,de:11000:900110012:1:51,-0.8,2026-10-02T01:01:04.695736+02:00
295960012,de:11000:900110004:1:51,-0.7,2026-10-02T01:01:04.695736+02:00
295960012,de:11000:900110003:1:51,0.0,2026-10-02T01:01:04.695736+02:00
295960012,de:11000:900110002:1:51,0.0,2026-10-02T01:01:04.695736+02:00
295960012,de:11000:900110001:1:51,-0.7,2026-10-02T01:01:04.695736+02:00
295960012,de:11000:900110011:2:52,-0.4,2026-10-02T01:01:04.695736+02:00
295960012,de:11000:900130002:1:50,0.0,2026-10-02T01:01:04.695736+02:00
295960012,de:11000:900130001:1:50,-0.7,2026-10-02T01:01:04.695736+02:00
295960012,de:11000:900142001:1:50,-0.2,2026-10-02T01:01:04.695736+02:00
295960012,de:12065:900200013:1:50,-0.3,2026-10-02T01:01:04.695736+02:00
295960012,de:12065:900200012:1:50,-0.9,2026-10-02T01:01:04.695736+02:00
295960012,de:12065:900200011:1:50,-0.4,2026-10-02T01:01:04.695736+02:00
295960012,de:12065:900200009:1:50,-0.9,2026-10-02T01:01:04.695736+02:00
295960012,de:12065:900200008:1:50,-0.9,2026-10-02T01:01:04.695736+02:00
295963591,de:11000:900092201:1:51,0.0,2026-10-02T01:01:04.695736+02:00
295963591,de:11000:900093201:1:51,-0.4,2026-10-02T01:01:04.695736+02:00
295963591,de:11000:900094101:1:51,-0.3,2026-10-02T01:01:04.695736+02:00
295963591,de:11000:900096101:1:51,-0.1,2026-10-02T01:01:04.695736+02:00
295963591,de:11000:900084101:1:51,-0.2,2026-10-02T01:01:04.695736+02:00
295963591,de:11000:900085201:1:51,-0.8,2026-10-02T01:01:04.695736+02:00
295963591,de:11000:900130003:1:51,-0.8,2026-10-02T01:01:04.695736+02:00
295963591,de:11000:900110011:1:50,-0.9,2026-10-02T01:01:04.695736+02:00
295963591,de:11000:900110001:1:50,-0.2,2026-10-02T01:01:04.695736+02:00
295963591,de:11000:900110002:1:50,-0.9,2026-10-02T01:01:04.695736+02:00
295963591,de:11000:900110003:1:50,-0.9,2026-10-02T01:01:04.695736+02:00
295963591,de:11000:900110004:1:50,-0.3,2026-10-02T01:01:04.695736+02:00
295963591,de:11000:900110012:1:50,-0.2,2026-10-02T01:01:04.695736+02:00
295963591,de:11000:900120001:1:50,-0.2,2026-10-02T01:01:04.695736+02:00
295963591,de:11000:900120003:5:58,-0.6,2026-10-02T01:01:04.695736+02:00
295963591,de:11000:900190001:1:51,-0.1,2026-10-02T01:01:04.695736+02:00
295963591,de:11000:900191002:1:50,0.0,2026-10-02T01:01:04.695736+02:00
295963591,de:11000:900191001:2:52,-0.4,2026-10-02T01:01:04.695736+02:00
295963591,de:11000:900192001:2:52,-0.2,2026-10-02T01:01:04.695736+02:00
295963591,de:11000:900193001:1:50,-0.7,2026-10-02T01:01:04.695736+02:00
295963591,de:11000:900193002:1:50,-0.3,2026-10-02T01:01:04.695736+02:00
295963591,de:11000:900195510:1:51,-0.7,2026-10-02T01:01:04.695736+02:00
295963591,de:11000:900196001:1:50,-0.9,2026-10-02T01:01:04.695736+02:00
295963591,de:12061:900260005:3:54,-0.7,2026-10-02T01:01:04.695736+02:00
295963591,de:12061:900260080:1:50,0.0,2026-10-02T01:01:04.695736+02:00
295963591,de:12061:900260009:3:56,-0.2,2026-10-02T01:01:04.695736+02:00
295963708,de:12061:900260009:3:56,0.0,2026-10-02T01:01:04.695736+02:00
295963708,de:12061:900260080:1:51,-0.7,2026-10-02T01:01:04.695736+02:00
295963708,de:12061:900260005:3:55,0.0,2026-10-02T01:01:04.695736+02:00
295963708,de:11000:900196001:1:51,0.0,2026-10-02T01:01:04.695736+02:00
295963708,de:11000:900195510:1:50,-0.4,2026-10-02T01:01:04.695736+02:00
295963708,de:11000:900193002:1:51,-0.6,2026-10-02T01:01:04.695736+02:00
295963708,de:11000:900193001:2:51,-0.3,2026-10-02T01:01:04.695736+02:00
295963708,de:11000:900192001:3:55,-0.2,2026-10-02T01:01:04.695736+02:00
295963708,de:11000:900191001:1:50,-0.9,2026-10-02T01:01:04.695736+02:00
295963708,de:11000:900191002:1:51,-0.3,2026-10-02T01:01:04.695736+02:00
295963708,de:11000:900190001:2:53,-0.1,2026-10-02T01:01:04.695736+02:00
295963708,de:11000:900120003:5:59,-0.3,2026-10-02T01:01:04.695736+02:00
295963708,de:11000:900120001:1:51,-0.6,2026-10-02T01:01:04.695736+02:00
295963708,de:11000:900110012:1:51,-0.8,2026-10-02T01:01:04.695736+02:00
295963708,de:11000:900110004:1:51,-0.7,2026-10-02T01:01:04.695736+02:00
295963708,de:11000:900110003:1:51,0.0,2026-10-02T01:01:04.695736+02:00
295963708,de:11000:900110002:1:51,0.0,2026-10-02T01:01:04.695736+02:00
295963708,de:11000:900110001:1:51,-0.7,2026-10-02T01:01:04.695736+02:00
295963708,de:11000:900110011:2:53,-0.4,2026-10-02T01:01:04.695736+02:00
295963708,de:11000:900085201:1:50,-0.8,2026-10-02T01:01:04.695736+02:00
295963708,de:11000:900084101:1:50,-0.7,2026-10-02T01:01:04.695736+02:00
295963708,de:11000:900096101:1:50,-0.8,2026-10-02T01:01:04.695736+02:00
295963708,de:11000:900094101:1:51,-0.3,2026-10-02T01:01:04.695736+02:00
295963582,de:11000:900092201:1:51,0.0,2026-10-02T01:01:04.695736+02:00
295963582,de:11000:900093201:1:51,-0.4,2026-10-02T01:01:04.695736+02:00
295963582,de:11000:900094101:1:51,-0.3,2026-10-02T01:01:04.695736+02:00
295963582,de:11000:900096101:1:51,-0.1,2026-10-02T01:01:04.695736+02:00
295963582,de:11000:900084101:1:51,-0.2,2026-10-02T01:01:04.695736+02:00
295963582,de:11000:900085201:1:51,-0.8,2026-10-02T01:01:04.695736+02:00
295963582,de:11000:900130003:1:51,-0.8,2026-10-02T01:01:04.695736+02:00
295963582,de:11000:900110011:1:50,-0.9,2026-10-02T01:01:04.695736+02:00
295963582,de:11000:900110001:1:50,-0.2,2026-10-02T01:01:04.695736+02:00
295963582,de:11000:900110002:1:50,-0.9,2026-10-02T01:01:04.695736+02:00
295963582,de:11000:900110003:1:50,-0.9,2026-10-02T01:01:04.695736+02:00
295963582,de:11000:900110004:1:50,-0.3,2026-10-02T01:01:04.695736+02:00
295963582,de:11000:900110012:1:50,-0.2,2026-10-02T01:01:04.695736+02:00
295963582,de:11000:900120001:1:50,-0.2,2026-10-02T01:01:04.695736+02:00
295963582,de:11000:900120003:5:58,-0.6,2026-10-02T01:01:04.695736+02:00
295963582,de:11000:900190001:1:51,-0.1,2026-10-02T01:01:04.695736+02:00
295963582,de:11000:900191002:1:50,0.0,2026-10-02T01:01:04.695736+02:00
295963582,de:11000:900191001:2:52,-0.4,2026-10-02T01:01:04.695736+02:00
295963582,de:11000:900192001:2:52,-0.2,2026-10-02T01:01:04.695736+02:00
295963582,de:11000:900193001:1:50,-0.7,2026-10-02T01:01:04.695736+02:00
295963582,de:11000:900193002:1:50,-0.3,2026-10-02T01:01:04.695736+02:00
295963582,de:11000:900195510:1:51,-0.7,2026-10-02T01:01:04.695736+02:00
295963582,de:11000:900196001:1:50,-0.9,2026-10-02T01:01:04.695736+02:00
295963582,de:12061:900260005:3:54,-0.7,2026-10-02T01:01:04.695736+02:00
295963582,de:12061:900260080:1:50,0.0,2026-10-02T01:01:04.695736+02:00
295963582,de:12061:900260009:3:56,-0.2,2026-10-02T01:01:04.695736+02:00
295967843,de:11000:900024102:2:53,0.0,2026-10-02T01:01:04.695736+02:00
295967843,de:11000:900024101:3:55,-0.3,2026-10-02T01:01:04.695736+02:00
295967843,de:11000:900024203:1:51,-0.8,2026-10-02T01:01:04.695736+02:00
295967843,de:11000:900023201:3:54,-0.7,2026-10-02T01:01:04.695736+02:00
295967843,de:11000:900003103:1:50,-0.8,2026-10-02T01:01:04.695736+02:00
295967843,de:11000:900003102:1:50,-0.9,2026-10-02T01:01:04.695736+02:00
295967843,de:11000:900003201:3:54,-0.5,2026-10-02T01:01:04.695736+02:00
295967843,de:11000:900100001:3:54,-0.1,2026-10-02T01:01:04.695736+02:00
295967843,de:11000:900100002:1:50,-0.4,2026-10-02T01:01:04.695736+02:00
295967843,de:11000:900100003:2:52,-0.1,2026-10-02T01:01:04.695736+02:00
295967843,de:11000:900100004:1:50,-0.4,2026-10-02T01:01:04.695736+02:00
295967843,de:11000:900120005:4:55,-0.6,2026-10-02T01:01:04.695736+02:00
295967843,de:11000:900120004:1:50,-0.1,2026-10-02T01:01:04.695736+02:00
295967843,de:11000:900190001:1:51,-0.2,2026-10-02T01:01:04.695736+02:00
295967843,de:11000:900191002:1:50,0.0,2026-10-02T01:01:04.695736+02:00
295967843,de:11000:900191001:2:52,-0.4,2026-10-02T01:01:04.695736+02:00
295967843,de:11000:900192001:2:52,-0.7,2026-10-02T01:01:04.695736+02:00
295967843,de:11000:900193001:1:50,-0.2,2026-10-02T01:01:04.695736+02:00
295967843,de:11000:900193002:1:50,-0.8,2026-10-02T01:01:04.695736+02:00
295967843,de:11000:900195510:1:51,-0.2,2026-10-02T01:01:04.695736+02:00
295967843,de:11000:900196001:1:50,-0.4,2026-10-02T01:01:04.695736+02:00
295967843,de:12061:900260005:3:54,-0.2,2026-10-02T01:01:04.695736+02:00
295967843,de:12061:900260080:1:50,-0.7,2026-10-02T01:01:04.695736+02:00
295967843,de:12061:900260009:3:55,-0.9,2026-10-02T01:01:04.695736+02:00
306054159,de:12064:900320228::1,0.0,2026-10-02T01:01:04.695736+02:00
306054159,de:12064:900320226::1,0.0,2026-10-02T01:01:04.695736+02:00
306054159,de:12064:900320243::1,0.0,2026-10-02T01:01:04.695736+02:00
306054159,de:12064:900320386::1,0.0,2026-10-02T01:01:04.695736+02:00
306054159,de:12067:900310080::2,0.0,2026-10-02T01:01:04.695736+02:00
306054159,de:12067:900310710::1,0.0,2026-10-02T01:01:04.695736+02:00
306054159,de:12067:900310708::1,0.0,2026-10-02T01:01:04.695736+02:00
306054159,de:12064:900321422::1,0.0,2026-10-02T01:01:04.695736+02:00
306054159,de:12064:900321421::1,0.0,2026-10-02T01:01:04.695736+02:00
306054159,de:12064:900321674::1,0.0,2026-10-02T01:01:04.695736+02:00
306054159,de:12064:900321673::1,0.0,2026-10-02T01:01:04.695736+02:00
306054159,de:12064:900321783::2,0.0,2026-10-02T01:01:04.695736+02:00
306054159,de:12064:900321784::2,0.0,2026-10-02T01:01:04.695736+02:00
306054159,de:12064:900321786::2,0.0,2026-10-02T01:01:04.695736+02:00
306054159,de:12064:900321787::1,0.0,2026-10-02T01:01:04.695736+02:00
306054159,de:12064:900321785::1,0.0,2026-10-02T01:01:04.695736+02:00
306054159,de:12064:900321305::1,0.0,2026-10-02T01:01:04.695736+02:00
306054159,de:12064:900321304::1,0.0,2026-10-02T01:01:04.695736+02:00
306054159,de:12064:900321306::1,0.0,2026-10-02T01:01:04.695736+02:00
306054159,de:12064:900321733::1,0.0,2026-10-02T01:01:04.695736+02:00
306054159,de:12064:900321734::2,0.0,2026-10-02T01:01:04.695736+02:00
306054159,de:12064:900321845::1,0.0,2026-10-02T01:01:04.695736+02:00
306054159,de:12053:900360202::2,0.0,2026-10-02T01:01:04.695736+02:00
306054159,de:12053:900360203::2,0.0,2026-10-02T01:01:04.695736+02:00
306054159,de:12053:900360201::2,0.0,2026-10-02T01:01:04.695736+02:00
306054159,de:12053:900360033::2,0.0,2026-10-02T01:01:04.695736+02:00
306054159,de:12053:900360029::2,0.0,2026-10-02T01:01:04.695736+02:00
306054159,de:12053:900360075::2,0.0,2026-10-02T01:01:04.695736+02:00
306054159,de:12053:900360129::1,0.0,2026-10-02T01:01:04.695736+02:00
306054159,de:12053:900360024::2,0.0,2026-10-02T01:01:04.695736+02:00
306054159,de:12053:900360214::2,0.0,2026-10-02T01:01:04.695736+02:00
306054159,de:12053:900360141::3,0.0,2026-10-02T01:01:04.695736+02:00
306054159,de:12053:900360123::2,0.0,2026-10-02T01:01:04.695736+02:00
306054159,de:12053:900360000::3,0.0,2026-10-02T01:01:04.695736+02:00
306050659,de:12067:900310013::2,0.0,2026-10-02T01:01:04.695736+02:00
306050659,de:12067:900310572::1,0.0,2026-10-02T01:01:04.695736+02:00
306050659,de:11000:900310550::1,0.0,2026-10-02T01:01:04.695736+02:00
306050659,de:12067:900310534::1,0.0,2026-10-02T01:01:04.695736+02:00
306050659,de:12067:900310533::2,0.0,2026-10-02T01:01:04.695736+02:00
306050659,de:12067:900310532::2,0.0,2026-10-02T01:01:04.695736+02:00
306050659,de:12067:900310531::2,0.0,2026-10-02T01:01:04.695736+02:00
306050659,de:12067:900310530::2,0.0,2026-10-02T01:01:04.695736+02:00
306050659,de:12064:900320254::2,0.0,2026-10-02T01:01:04.695736+02:00
306050659,de:12064:900320246::4,0.0,2026-10-02T01:01:04.695736+02:00
306050659,de:12064:900320252::3,0.0,2026-10-02T01:01:04.695736+02:00
306050659,de:12064:900320283::2,0.0,2026-10-02T01:01:04.695736+02:00
306050659,de:12064:900320249::4,0.0,2026-10-02T01:01:04.695736+02:00
306050659,de:12064:900320242::2,0.0,2026-10-02T01:01:04.695736+02:00
306050659,de:12064:900320264::2,0.0,2026-10-02T01:01:04.695736+02:00
306050659,de:12064:900320263::2,0.0,2026-10-02T01:01:04.695736+02:00
306050659,de:12064:900320262::2,0.0,2026-10-02T01:01:04.695736+02:00
306050659,de:12064:900320275::2,0.0,2026-10-02T01:01:04.695736+02:00
306050659,de:12064:900320274::1,0.0,2026-10-02T01:01:04.695736+02:00
306050659,de:12064:900320282::2,0.0,2026-10-02T01:01:04.695736+02:00
306050659,de:12064:900320273::2,0.0,2026-10-02T01:01:04.695736+02:00
306050659,de:12064:900320659::2,0.0,2026-10-02T01:01:04.695736+02:00
306050659,de:12064:900320960::2,0.0,2026-10-02T01:01:04.695736+02:00
306050659,de:12064:900320998::2,0.0,2026-10-02T01:01:04.695736+02:00
306050659,de:12064:900320999::2,0.0,2026-10-02T01:01:04.695736+02:00
306050659,de:12064:900320562::2,0.0,2026-10-02T01:01:04.695736+02:00
306050659,de:12064:900320561::2,0.0,2026-10-02T01:01:04.695736+02:00
306050659,de:12064:900320004::4,0.0,2026-10-02T01:01:04.695736+02:00
306051989,de:12064:900321742::4,0.0,2026-10-02T01:01:04.695736+02:00
306051989,de:12064:900321751::1,0.0,2026-10-02T01:01:04.695736+02:00
306051989,de:12064:900321380::1,0.0,2026-10-02T01:01:04.695736+02:00
306051989,de:12064:900321381::2,0.0,2026-10-02T01:01:04.695736+02:00
306051989,de:12064:900321833::1,0.0,2026-10-02T01:01:04.695736+02:00
306051989,de:12064:900321490::1,0.0,2026-10-02T01:01:04.695736+02:00
306051989,de:12064:900321491::1,0.0,2026-10-02T01:01:04.695736+02:00
306051989,de:12064:900321492::1,0.0,2026-10-02T01:01:04.695736+02:00
306051989,de:12064:900320218::1,0.0,2026-10-02T01:01:04.695736+02:00
306051989,de:12064:900320225::1,0.0,2026-10-02T01:01:04.695736+02:00
306051989,de:12064:900320226::2,0.0,2026-10-02T01:01:04.695736+02:00
306051989,de:12064:900320228::1,0.0,2026-10-02T01:01:04.695736+02:00
306051989,de:12064:900320211::2,0.0,2026-10-02T01:01:04.695736+02:00
306051989,de:12064:900320214::2,0.0,2026-10-02T01:01:04.695736+02:00
306051989,de:12064:900320227::2,0.0,2026-10-02T01:01:04.695736+02:00
306051989,de:12064:900320014::2,0.0,2026-10-02T01:01:04.695736+02:00
306895558,de:12067:900311083::3,0.0,2026-10-02T01:01:04.695736+02:00
306895558,de:12067:900310775::1,0.0,2026-10-02T01:01:04.695736+02:00
306895558,de:12067:900311083::2,0.0,2026-10-02T01:01:04.695736+02:00
306895558,de:12067:900310814::2,0.0,2026-10-02T01:01:04.695736+02:00
306895558,de:12067:900310804::2,0.0,2026-10-02T01:01:04.695736+02:00
306895558,de:12067:900311150::2,0.0,2026-10-02T01:01:04.695736+02:00
306895558,de:12067:900311135::2,0.0,2026-10-02T01:01:04.695736+02:00
306895558,de:12067:900311149::2,0.0,2026-10-02T01:01:04.695736+02:00
306895558,de:12067:900310001::11,0.0,2026-10-02T01:01:04.695736+02:00
306895558,de:12067:900310001::2,0.0,2026-10-02T01:01:04.695736+02:00
306895558,de:12067:900310816::1,0.0,2026-10-02T01:01:04.695736+02:00
306895558,de:12067:900310627::1,0.0,2026-10-02T01:01:04.695736+02:00
306895558,de:12067:900311151::1,0.0,2026-10-02T01:01:04.695736+02:00
306895558,de:12067:900311152::1,0.0,2026-10-02T01:01:04.695736+02:00
306895558,de:12067:900310823::1,0.0,2026-10-02T01:01:04.695736+02:00
306895558,de:12067:900310773::1,0.0,2026-10-02T01:01:04.695736+02:00
306895558,de:12067:900311109::1,0.0,2026-10-02T01:01:04.695736+02:00
306895558,de:12067:900310782::1,0.0,2026-10-02T01:01:04.695736+02:00
306895558,de:12067:900310010::2,0.0,2026-10-02T01:01:04.695736+02:00
306895558,de:12067:900310770::2,0.0,2026-10-02T01:01:04.695736+02:00
306895558,de:12067:900310695::2,0.0,2026-10-02T01:01:04.695736+02:00
306895558,de:12067:900310769::1,0.0,2026-10-02T01:01:04.695736+02:00
306895558,de:12067:900310810::2,0.0,2026-10-02T01:01:04.695736+02:00
306895558,de:12067:900310980::1,0.0,2026-10-02T01:01:04.695736+02:00
306897251,de:12067:900311308::5,0.0,2026-10-02T01:01:04.695736+02:00
306897251,de:12067:900311380::1,0.0,2026-10-02T01:01:04.695736+02:00
306897251,de:12067:900311348::1,0.0,2026-10-02T01:01:04.695736+02:00
306897251,de:12067:900311315::1,0.0,2026-10-02T01:01:04.695736+02:00
306897251,de:12067:900311383::5,0.0,2026-10-02T01:01:04.695736+02:00
306897251,de:12067:900311325::1,0.0,2026-10-02T01:01:04.695736+02:00
306897251,de:12067:900311306::1,0.0,2026-10-02T01:01:04.695736+02:00
306897251,de:12067:900311531::1,0.0,2026-10-02T01:01:04.695736+02:00
306897251,de:12067:900311530::1,0.0,2026-10-02T01:01:04.695736+02:00
306897251,de:12067:900311542::2,0.0,2026-10-02T01:01:04.695736+02:00
306897251,de:12067:900311543::1,0.0,2026-10-02T01:01:04.695736+02:00
306897251,de:12067:900311401::1,0.0,2026-10-02T01:01:04.695736+02:00
306897251,de:12067:900311560::1,0.0,2026-10-02T01:01:04.695736+02:00
306897251,de:12067:900311442::1,0.0,2026-10-02T01:01:04.695736+02:00
306897251,de:12067:900311477::1,0.0,2026-10-02T01:01:04.695736+02:00
306897251,de:12067:900311475::1,0.0,2026-10-02T01:01:04.695736+02:00
306897251,de:12067:900311482::3,0.0,2026-10-02T01:01:04.695736+02:00
306895779,de:12067:900310807::1,0.0,2026-10-02T01:01:04.695736+02:00
306895779,de:12067:900310815::2,0.0,2026-10-02T01:01:04.695736+02:00
306895779,de:12067:900310880::2,0.0,2026-10-02T01:01:04.695736+02:00
306895779,de:12067:900310010::1,0.0,2026-10-02T01:01:04.695736+02:00
306895779,de:12067:900310879::2,0.0,2026-10-02T01:01:04.695736+02:00
306895779,de:12067:900310800::2,0.0,2026-10-02T01:01:04.695736+02:00
306895779,de:12067:900310771::2,0.0,2026-10-02T01:01:04.695736+02:00
306895779,de:12067:900310822::2,0.0,2026-10-02T01:01:04.695736+02:00
306895779,de:12067:900310781::2,0.0,2026-10-02T01:01:04.695736+02:00
306895779,de:12067:900310627::2,-0.5,2026-10-02T01:01:04.695736+02:00
306895779,de:12067:900310816::2,0.0,2026-10-02T01:01:04.695736+02:00
306895779,de:12067:900310022::1,0.0,2026-10-02T01:01:04.695736+02:00
306895779,de:12067:900310001::11,0.0,2026-10-02T01:01:04.695736+02:00
306895779,de:12067:900310001::5,0.0,2026-10-02T01:01:04.695736+02:00
306895779,de:12067:900311149::1,0.0,2026-10-02T01:01:04.695736+02:00
306895779,de:12067:900310835::1,0.0,2026-10-02T01:01:04.695736+02:00
306895779,de:12067:900310825::1,0.0,2026-10-02T01:01:04.695736+02:00
306895779,de:12067:900310805::1,0.0,2026-10-02T01:01:04.695736+02:00
306895874,de:12067:900310001::5,0.0,2026-10-02T01:01:04.695736+02:00
306895874,de:12067:900311149::1,0.0,2026-10-02T01:01:04.695736+02:00
306895874,de:12067:900310781::1,0.0,2026-10-02T01:01:04.695736+02:00
306895874,de:12067:900310789::1,0.0,2026-10-02T01:01:04.695736+02:00
306895874,de:12067:900310797::1,0.0,2026-10-02T01:01:04.695736+02:00
306895874,de:12067:900310773::1,0.0,2026-10-02T01:01:04.695736+02:00
306895874,de:12067:900311115::1,0.0,2026-10-02T01:01:04.695736+02:00
295879311,de:12065:900200005:3:1,0.0,2026-10-02T01:01:04.695736+02:00
295879311,de:12065:900200006:1:51,-0.3,2026-10-02T01:01:04.695736+02:00
295879311,de:12065:900200007:1:51,-0.7,2026-10-02T01:01:04.695736+02:00
295879311,de:12065:900200008:1:51,-0.2,2026-10-02T01:01:04.695736+02:00
295879311,de:12065:900200009:1:51,-0.1,2026-10-02T01:01:04.695736+02:00
295879311,de:11000:900092201:1:51,-0.7,2026-10-02T01:01:04.695736+02:00
295879311,de:11000:900093201:1:51,-0.4,2026-10-02T01:01:04.695736+02:00
295879311,de:11000:900094101:1:51,-0.8,2026-10-02T01:01:04.695736+02:00
295879311,de:11000:900096101:1:51,-0.1,2026-10-02T01:01:04.695736+02:00
295879311,de:11000:900084101:1:51,-0.2,2026-10-02T01:01:04.695736+02:00
295879311,de:11000:900085201:1:51,-0.8,2026-10-02T01:01:04.695736+02:00
295879311,de:11000:900130003:1:51,-0.8,2026-10-02T01:01:04.695736+02:00
295879311,de:11000:900110011:1:50,-0.9,2026-10-02T01:01:04.695736+02:00
295879311,de:11000:900007102:1:50,-0.9,2026-10-02T01:01:04.695736+02:00
295879311,de:11000:900008101:1:50,0.0,2026-10-02T01:01:04.695736+02:00
295879311,de:11000:900007104:1:51,-0.7,2026-10-02T01:01:04.695736+02:00
295879311,de:11000:900100007:1:50,-0.7,2026-10-02T01:01:04.695736+02:00
295879311,de:11000:900100001:4:56,-0.5,2026-10-02T01:01:04.695736+02:00
295879311,de:11000:900100025:1:50,-0.4,2026-10-02T01:01:04.695736+02:00
295879311,de:11000:900100020:3:54,-0.4,2026-10-02T01:01:04.695736+02:00
295879311,de:11000:900012101:1:51,-0.5,2026-10-02T01:01:04.695736+02:00
295879311,de:11000:900057102:1:50,-0.7,2026-10-02T01:01:04.695736+02:00
295879311,de:11000:900057104:2:51,-0.4,2026-10-02T01:01:04.695736+02:00
295879311,de:11000:900054104:1:50,-0.3,2026-10-02T01:01:04.695736+02:00
295879311,de:11000:900060101:1:50,-0.3,2026-10-02T01:01:04.695736+02:00
295879311,de:11000:900063101:1:50,-0.1,2026-10-02T01:01:04.695736+02:00
295879311,de:11000:900062202:1:50,-0.1,2026-10-02T01:01:04.695736+02:00
295879311,de:11000:900066102:1:50,-0.2,2026-10-02T01:01:04.695736+02:00
295879311,de:11000:900066101:1:50,-0.1,2026-10-02T01:01:04.695736+02:00
295879311,de:11000:900049202:1:50,-0.3,2026-10-02T01:01:04.695736+02:00
295879311,de:11000:900049201:1:50,-0.4,2026-10-02T01:01:04.695736+02:00
295879311,de:11000:900050301:1:50,0.0,2026-10-02T01:01:04.695736+02:00
295879311,de:11000:900050355:1:50,-0.1,2026-10-02T01:01:04.695736+02:00
295879311,de:11000:900052201:1:50,-0.5,2026-10-02T01:01:04.695736+02:00
295879311,de:11000:900053301:1:51,-0.9,2026-10-02T01:01:04.695736+02:00
295879412,de:11000:900053301:2:52,0.0,2026-10-02T01:01:04.695736+02:00
295879412,de:11000:900052201:1:51,0.0,2026-10-02T01:01:04.695736+02:00
295879412,de:11000:900050355:1:51,-0.3,2026-10-02T01:01:04.695736+02:00
295879412,de:11000:900050301:1:51,-0.4,2026-10-02T01:01:04.695736+02:00
295879412,de:11000:900049201:1:51,0.0,2026-10-02T01:01:04.695736+02:00
295879412,de:11000:900049202:1:51,0.0,2026-10-02T01:01:04.695736+02:00
295879412,de:11000:900066101:1:51,-0.3,2026-10-02T01:01:04.695736+02:00
295879412,de:11000:900066102:1:51,-0.2,2026-10-02T01:01:04.695736+02:00
295879412,de:11000:900062202:1:51,-0.2,2026-10-02T01:01:04.695736+02:00
295879412,de:11000:900063101:1:51,-0.2,2026-10-02T01:01:04.695736+02:00
295879412,de:11000:900060101:1:51,-0.9,2026-10-02T01:01:04.695736+02:00
295879412,de:11000:900054104:1:51,-0.9,2026-10-02T01:01:04.695736+02:00
295879412,de:11000:900057104:1:50,-0.4,2026-10-02T01:01:04.695736+02:00
295879412,de:11000:900057102:1:51,-0.1,2026-10-02T01:01:04.695736+02:00
295879412,de:11000:900012101:2:52,-0.9,2026-10-02T01:01:04.695736+02:00
295879412,de:11000:900100020:4:57,-0.3,2026-10-02T01:01:04.695736+02:00
295879412,de:11000:900100025:1:51,-0.4,2026-10-02T01:01:04.695736+02:00
295879412,de:11000:900100001:4:57,-0.1,2026-10-02T01:01:04.695736+02:00
295879412,de:11000:900100007:1:51,-0.2,2026-10-02T01:01:04.695736+02:00
295879412,de:11000:900007104:2:52,-0.2,2026-10-02T01:01:04.695736+02:00
295879412,de:11000:900008101:1:51,-0.9,2026-10-02T01:01:04.695736+02:00
295879412,de:11000:900007102:2:53,-0.6,2026-10-02T01:01:04.695736+02:00
295879412,de:11000:900110011:2:53,-0.9,2026-10-02T01:01:04.695736+02:00
295879412,de:11000:900085201:1:50,-0.9,2026-10-02T01:01:04.695736+02:00
295879412,de:11000:900084101:1:50,-0.7,2026-10-02T01:01:04.695736+02:00
295879412,de:11000:900096101:1:50,-0.8,2026-10-02T01:01:04.695736+02:00
295879412,de:11000:900094101:1:50,-0.1,2026-10-02T01:01:04.695736+02:00
295879412,de:11000:900093201:1:50,-0.4,2026-10-02T01:01:04.695736+02:00
295879412,de:11000:900092201:1:50,-0.2,2026-10-02T01:01:04.695736+02:00
295879412,de:12065:900200009:1:50,-0.7,2026-10-02T01:01:04.695736+02:00
295879412,de:12065:900200008:1:50,-0.7,2026-10-02T01:01:04.695736+02:00
295879412,de:12065:900200007:1:50,-0.2,2026-10-02T01:01:04.695736+02:00
295879412,de:12065:900200006:1:50,-0.5,2026-10-02T01:01:04.695736+02:00
295879412,de:12065:900200005:3:1,-0.9,2026-10-02T01:01:04.695736+02:00
306896080,de:12067:900310013::2,0.0,2026-10-02T01:01:04.695736+02:00
306896080,de:12067:900310572::1,0.0,2026-10-02T01:01:04.695736+02:00
306896080,de:11000:900310550::1,0.0,2026-10-02T01:01:04.695736+02:00
306896080,de:12067:900310534::1,0.0,2026-10-02T01:01:04.695736+02:00
306896080,de:12067:900310580::1,0.0,2026-10-02T01:01:04.695736+02:00
306896080,de:12067:900311095::1,0.0,2026-10-02T01:01:04.695736+02:00
306896080,de:12067:900311097::1,0.0,2026-10-02T01:01:04.695736+02:00
306896080,de:12067:900311096::2,0.0,2026-10-02T01:01:04.695736+02:00
306896080,de:12067:900310021::2,0.0,2026-10-02T01:01:04.695736+02:00
295883461,de:11000:900100020:3:55,0.0,2026-10-02T01:01:04.695736+02:00
295883461,de:11000:900012101:1:51,-0.5,2026-10-02T01:01:04.695736+02:00
295883461,de:11000:900057102:1:50,-0.7,2026-10-02T01:01:04.695736+02:00
295883461,de:11000:900057104:2:51,-0.4,2026-10-02T01:01:04.695736+02:00
295883461,de:11000:900054104:1:50,-0.3,2026-10-02T01:01:04.695736+02:00
295883461,de:11000:900060101:1:50,-0.3,2026-10-02T01:01:04.695736+02:00
295883461,de:11000:900063101:1:50,-0.1,2026-10-02T01:01:04.695736+02:00
295883461,de:11000:900062202:1:50,-0.1,2026-10-02T01:01:04.695736+02:00
295883461,de:11000:900066102:1:50,-0.2,2026-10-02T01:01:04.695736+02:00
295883461,de:11000:900066101:1:50,-0.1,2026-10-02T01:01:04.695736+02:00
295883461,de:11000:900049202:1:50,-0.3,2026-10-02T01:01:04.695736+02:00
295883461,de:11000:900049201:1:51,-0.4,2026-10-02T01:01:04.695736+02:00
306896368,de:12067:900311129::4,0.0,2026-10-02T01:01:04.695736+02:00
306896368,de:12067:900310755::2,0.0,2026-10-02T01:01:04.695736+02:00
306896368,de:12067:900310728::3,0.0,2026-10-02T01:01:04.695736+02:00
306896368,de:12067:900310727::3,0.0,2026-10-02T01:01:04.695736+02:00
306896368,de:12067:900310942::1,0.0,2026-10-02T01:01:04.695736+02:00
306896368,de:12067:900310716::1,0.0,2026-10-02T01:01:04.695736+02:00
306896368,de:12067:900310740::1,0.0,2026-10-02T01:01:04.695736+02:00
306896368,de:12067:900310739::2,0.0,2026-10-02T01:01:04.695736+02:00
306896368,de:12067:900310747::2,0.0,2026-10-02T01:01:04.695736+02:00
306896368,de:12067:900310924::2,0.0,2026-10-02T01:01:04.695736+02:00
306896368,de:12067:900310925::1,0.0,2026-10-02T01:01:04.695736+02:00
306896368,de:12067:900310600::2,0.0,2026-10-02T01:01:04.695736+02:00
306896368,de:12067:900310829::1,0.0,2026-10-02T01:01:04.695736+02:00
306896368,de:12067:900310827::2,0.0,2026-10-02T01:01:04.695736+02:00
306896368,de:12067:900310982::1,0.0,2026-10-02T01:01:04.695736+02:00
306896368,de:12067:900310757::2,0.0,2026-10-02T01:01:04.695736+02:00
306896368,de:12067:900310756::2,0.0,2026-10-02T01:01:04.695736+02:00
306896368,de:12067:900310118::2,0.0,2026-10-02T01:01:04.695736+02:00
306896368,de:12067:900310100::2,0.0,2026-10-02T01:01:04.695736+02:00
306896368,de:12067:900310108::2,0.0,2026-10-02T01:01:04.695736+02:00
306896368,de:12067:900310111::2,0.0,2026-10-02T01:01:04.695736+02:00
306896368,de:12067:900310101::2,0.0,2026-10-02T01:01:04.695736+02:00
306896368,de:12067:900310112::2,0.0,2026-10-02T01:01:04.695736+02:00
306896368,de:12067:900310109::1,0.0,2026-10-02T01:01:04.695736+02:00
306896368,de:12067:900310040::2,0.0,2026-10-02T01:01:04.695736+02:00
306896368,de:12067:900310105::2,0.0,2026-10-02T01:01:04.695736+02:00
306896368,de:12067:900310970::2,0.0,2026-10-02T01:01:04.695736+02:00
306896368,de:12067:900310972::2,0.0,2026-10-02T01:01:04.695736+02:00
306896368,de:12067:900310810::1,0.0,2026-10-02T01:01:04.695736+02:00
306896368,de:12067:900310769::2,0.0,2026-10-02T01:01:04.695736+02:00
306896368,de:12067:900310695::3,0.0,2026-10-02T01:01:04.695736+02:00
306896368,de:12067:900310812::2,0.0,2026-10-02T01:01:04.695736+02:00
306896368,de:12067:900310630::2,0.0,2026-10-02T01:01:04.695736+02:00
306896368,de:12067:900310811::2,0.0,2026-10-02T01:01:04.695736+02:00
306896368,de:12067:900310771::2,0.0,2026-10-02T01:01:04.695736+02:00
306896368,de:12067:900310822::2,0.0,2026-10-02T01:01:04.695736+02:00
306896368,de:12067:900310781::2,0.0,2026-10-02T01:01:04.695736+02:00
306896368,de:12067:900310627::2,-0.5,2026-10-02T01:01:04.695736+02:00
306896368,de:12067:900310816::2,0.0,2026-10-02T01:01:04.695736+02:00
306896368,de:12067:900310022::1,0.0,2026-10-02T01:01:04.695736+02:00
306896368,de:12067:900310001::11,0.0,2026-10-02T01:01:04.695736+02:00
295883476,de:11000:900100020:3:55,0.0,2026-10-02T01:01:04.695736+02:00
295883476,de:11000:900012101:1:51,-0.5,2026-10-02T01:01:04.695736+02:00
295883476,de:11000:900057102:1:50,-0.7,2026-10-02T01:01:04.695736+02:00
295883476,de:11000:900057104:2:51,-0.4,2026-10-02T01:01:04.695736+02:00
295883476,de:11000:900054104:1:50,-0.3,2026-10-02T01:01:04.695736+02:00
295883476,de:11000:900060101:1:50,-0.3,2026-10-02T01:01:04.695736+02:00
295883476,de:11000:900063101:1:50,-0.1,2026-10-02T01:01:04.695736+02:00
295883476,de:11000:900062202:1:50,-0.1,2026-10-02T01:01:04.695736+02:00
295883476,de:11000:900066102:1:50,-0.2,2026-10-02T01:01:04.695736+02:00
295883476,de:11000:900066101:1:50,-0.1,2026-10-02T01:01:04.695736+02:00
295883476,de:11000:900049202:1:50,-0.3,2026-10-02T01:01:04.695736+02:00
295883476,de:11000:900049201:1:50,-0.4,2026-10-02T01:01:04.695736+02:00
295883464,de:11000:900100020:3:55,0.0,2026-10-02T01:01:04.695736+02:00
295883464,de:11000:900012101:1:51,-0.5,2026-10-02T01:01:04.695736+02:00
295883464,de:11000:900057102:1:50,-0.7,2026-10-02T01:01:04.695736+02:00
295883464,de:11000:900057104:2:51,-0.4,2026-10-02T01:01:04.695736+02:00
295883464,de:11000:900054104:1:50,-0.3,2026-10-02T01:01:04.695736+02:00
295883464,de:11000:900060101:1:50,-0.3,2026-10-02T01:01:04.695736+02:00
295883464,de:11000:900063101:1:50,-0.1,2026-10-02T01:01:04.695736+02:00
295883464,de:11000:900062202:1:50,-0.1,2026-10-02T01:01:04.695736+02:00
295883464,de:11000:900066102:1:50,-0.2,2026-10-02T01:01:04.695736+02:00
295883464,de:11000:900066101:1:50,-0.1,2026-10-02T01:01:04.695736+02:00
295883464,de:11000:900049202:1:50,-0.3,2026-10-02T01:01:04.695736+02:00
295883464,de:11000:900049201:1:50,-0.4,2026-10-02T01:01:04.695736+02:00
306895991,de:12067:900310581::2,0.0,2026-10-02T01:01:04.695736+02:00
306895991,de:12067:900310573::2,0.0,2026-10-02T01:01:04.695736+02:00
306895991,de:12067:900310560::2,0.0,2026-10-02T01:01:04.695736+02:00
306895991,de:12067:900310563::4,0.0,2026-10-02T01:01:04.695736+02:00
306895991,de:12067:900310013::2,0.0,2026-10-02T01:01:04.695736+02:00
306895991,de:12067:900310572::1,0.0,2026-10-02T01:01:04.695736+02:00
306895991,de:11000:900310550::1,0.0,2026-10-02T01:01:04.695736+02:00
306895991,de:12067:900310534::1,0.0,2026-10-02T01:01:04.695736+02:00
306895991,de:12067:900310580::2,0.0,2026-10-02T01:01:04.695736+02:00
306895991,de:12067:900310578::4,0.0,2026-10-02T01:01:04.695736+02:00
306895991,de:12067:900310508::2,0.0,2026-10-02T01:01:04.695736+02:00
306895991,de:12067:900310509::2,0.0,2026-10-02T01:01:04.695736+02:00
306895991,de:12067:900310017::3,0.0,2026-10-02T01:01:04.695736+02:00
306895991,de:12064:900320267::1,0.0,2026-10-02T01:01:04.695736+02:00
306895991,de:12064:900320250::1,0.0,2026-10-02T01:01:04.695736+02:00
295883455,de:11000:900100020:3:55,0.0,2026-10-02T01:01:04.695736+02:00
295883455,de:11000:900012101:1:51,-0.5,2026-10-02T01:01:04.695736+02:00
295883455,de:11000:900057102:1:50,-0.7,2026-10-02T01:01:04.695736+02:00
295883455,de:11000:900057104:2:51,-0.4,2026-10-02T01:01:04.695736+02:00
295883455,de:11000:900054104:1:50,-0.3,2026-10-02T01:01:04.695736+02:00
295883455,de:11000:900060101:1:50,-0.3,2026-10-02T01:01:04.695736+02:00
295883455,de:11000:900063101:1:50,-0.1,2026-10-02T01:01:04.695736+02:00
295883455,de:11000:900062202:1:50,-0.1,2026-10-02T01:01:04.695736+02:00
295883455,de:11000:900066102:1:50,-0.2,2026-10-02T01:01:04.695736+02:00
295883455,de:11000:900066101:1:50,-0.1,2026-10-02T01:01:04.695736+02:00
295883455,de:11000:900049202:1:50,-0.3,2026-10-02T01:01:04.695736+02:00
295883455,de:11000:900049201:1:51,-0.4,2026-10-02T01:01:04.695736+02:00
307252313,de:11000:900003200:5:58,0.0,2026-10-02T01:01:04.695736+02:00
307252313,de:11000:900009104:1:50,-0.8,2026-10-02T01:01:04.695736+02:00
307252313,de:11000:900007102:2:52,-0.4,2026-10-02T01:01:04.695736+02:00
307252140,de:11000:900007102:1:51,0.0,2026-10-02T01:01:04.695736+02:00
307252140,de:11000:900009104:1:51,-0.8,2026-10-02T01:01:04.695736+02:00
307252140,de:11000:900003200:5:58,-0.7,2026-10-02T01:01:04.695736+02:00
307252188,de:11000:900007102:1:51,0.0,2026-10-02T01:01:04.695736+02:00
307252188,de:11000:900009104:1:51,-0.8,2026-10-02T01:01:04.695736+02:00
307252188,de:11000:900003200:5:58,-0.7,2026-10-02T01:01:04.695736+02:00
307252180,de:11000:900007102:1:51,0.0,2026-10-02T01:01:04.695736+02:00
307252180,de:11000:900009104:1:51,-0.8,2026-10-02T01:01:04.695736+02:00
307252180,de:11000:900003200:5:58,-0.7,2026-10-02T01:01:04.695736+02:00
307252324,de:11000:900003200:5:58,0.0,2026-10-02T01:01:04.695736+02:00
307252324,de:11000:900009104:1:50,-0.8,2026-10-02T01:01:04.695736+02:00
307252324,de:11000:900007102:2:52,-0.4,2026-10-02T01:01:04.695736+02:00
307252320,de:11000:900003200:5:58,0.0,2026-10-02T01:01:04.695736+02:00
307252320,de:11000:900009104:1:50,-0.8,2026-10-02T01:01:04.695736+02:00
307252320,de:11000:900007102:2:52,-0.4,2026-10-02T01:01:04.695736+02:00
295882572,de:11000:900053301:2:52,0.0,2026-10-02T01:01:04.695736+02:00
295882572,de:11000:900052201:1:51,0.0,2026-10-02T01:01:04.695736+02:00
295882572,de:11000:900050355:1:51,-0.3,2026-10-02T01:01:04.695736+02:00
295882572,de:11000:900050301:1:51,-0.4,2026-10-02T01:01:04.695736+02:00
295882572,de:11000:900049201:1:51,0.0,2026-10-02T01:01:04.695736+02:00
295882572,de:11000:900049202:1:51,0.0,2026-10-02T01:01:04.695736+02:00
295882572,de:11000:900066101:1:51,-0.3,2026-10-02T01:01:04.695736+02:00
295882572,de:11000:900066102:1:51,-0.2,2026-10-02T01:01:04.695736+02:00
295882572,de:11000:900062202:1:51,-0.2,2026-10-02T01:01:04.695736+02:00
295882572,de:11000:900063101:1:51,-0.2,2026-10-02T01:01:04.695736+02:00
295882572,de:11000:900060101:1:51,-0.9,2026-10-02T01:01:04.695736+02:00
295882572,de:11000:900054104:1:51,-0.9,2026-10-02T01:01:04.695736+02:00
295882572,de:11000:900057104:1:50,-0.4,2026-10-02T01:01:04.695736+02:00
295882572,de:11000:900057102:1:51,-0.1,2026-10-02T01:01:04.695736+02:00
295882572,de:11000:900012101:2:52,-0.9,2026-10-02T01:01:04.695736+02:00
295882572,de:11000:900100020:4:57,-0.3,2026-10-02T01:01:04.695736+02:00
295882572,de:11000:900100025:1:51,-0.4,2026-10-02T01:01:04.695736+02:00
295882572,de:11000:900100001:4:57,-0.1,2026-10-02T01:01:04.695736+02:00
295882572,de:11000:900100007:1:51,-0.2,2026-10-02T01:01:04.695736+02:00
295882572,de:11000:900007104:2:52,-0.2,2026-10-02T01:01:04.695736+02:00
295882572,de:11000:900008101:1:51,-0.9,2026-10-02T01:01:04.695736+02:00
295882572,de:11000:900007102:2:53,-0.6,2026-10-02T01:01:04.695736+02:00
295882572,de:11000:900110011:2:53,-0.9,2026-10-02T01:01:04.695736+02:00
295882572,de:11000:900085201:1:50,-0.9,2026-10-02T01:01:04.695736+02:00
295882572,de:11000:900084101:1:50,-0.7,2026-10-02T01:01:04.695736+02:00
295882572,de:11000:900096101:1:50,-0.8,2026-10-02T01:01:04.695736+02:00
295882572,de:11000:900094101:1:50,-0.1,2026-10-02T01:01:04.695736+02:00
295882572,de:11000:900093201:1:50,-0.4,2026-10-02T01:01:04.695736+02:00
295882572,de:11000:900092201:1:50,-0.2,2026-10-02T01:01:04.695736+02:00
306895741,de:12067:900310805::1,0.0,2026-10-02T01:01:04.695736+02:00
306895741,de:12067:900310825::1,0.0,2026-10-02T01:01:04.695736+02:00
306895741,de:12067:900310835::2,0.0,2026-10-02T01:01:04.695736+02:00
306895741,de:12067:900310001::9,0.0,2026-10-02T01:01:04.695736+02:00
306895741,de:12067:900311149::2,0.0,2026-10-02T01:01:04.695736+02:00
306895741,de:12067:900310001::11,0.0,2026-10-02T01:01:04.695736+02:00
307438426,de:12066:900435000:1:50,0.0,2026-10-02T01:01:04.695736+02:00
307438426,de:12066:900435001:1:50,0.0,2026-10-02T01:01:04.695736+02:00
307438426,de:12052:900470000:1:50,0.0,2026-10-02T01:01:04.695736+02:00
295882425,de:11000:900092201:1:50,0.0,2026-10-02T01:01:04.695736+02:00
295882425,de:11000:900093201:1:51,-0.4,2026-10-02T01:01:04.695736+02:00
295882425,de:11000:900094101:1:51,-0.3,2026-10-02T01:01:04.695736+02:00
295882425,de:11000:900096101:1:51,-0.1,2026-10-02T01:01:04.695736+02:00
295882425,de:11000:900084101:1:51,-0.2,2026-10-02T01:01:04.695736+02:00
295882425,de:11000:900085201:1:51,-0.8,2026-10-02T01:01:04.695736+02:00
295882425,de:11000:900130003:1:51,-0.8,2026-10-02T01:01:04.695736+02:00
295882425,de:11000:900110011:1:50,-0.9,2026-10-02T01:01:04.695736+02:00
295882425,de:11000:900007102:1:50,-0.9,2026-10-02T01:01:04.695736+02:00
295882425,de:11000:900008101:1:50,0.0,2026-10-02T01:01:04.695736+02:00
295882425,de:11000:900007104:1:51,-0.7,2026-10-02T01:01:04.695736+02:00
295882425,de:11000:900100007:1:50,-0.7,2026-10-02T01:01:04.695736+02:00
295882425,de:11000:900100001:4:56,-0.5,2026-10-02T01:01:04.695736+02:00
295882425,de:11000:900100025:1:50,-0.4,2026-10-02T01:01:04.695736+02:00
295882425,de:11000:900100020:3:54,-0.4,2026-10-02T01:01:04.695736+02:00
295882425,de:11000:900012101:1:51,-0.5,2026-10-02T01:01:04.695736+02:00
295882425,de:11000:900057102:1:50,-0.7,2026-10-02T01:01:04.695736+02:00
295882425,de:11000:900057104:2:51,-0.4,2026-10-02T01:01:04.695736+02:00
295882425,de:11000:900054104:1:50,-0.3,2026-10-02T01:01:04.695736+02:00
295882425,de:11000:900060101:1:50,-0.3,2026-10-02T01:01:04.695736+02:00
295882425,de:11000:900063101:1:50,-0.1,2026-10-02T01:01:04.695736+02:00
295882425,de:11000:900062202:1:50,-0.1,2026-10-02T01:01:04.695736+02:00
295882425,de:11000:900066102:1:50,-0.2,2026-10-02T01:01:04.695736+02:00
295882425,de:11000:900066101:1:50,-0.1,2026-10-02T01:01:04.695736+02:00
295882425,de:11000:900049202:1:50,-0.3,2026-10-02T01:01:04.695736+02:00
295882425,de:11000:900049201:1:50,-0.4,2026-10-02T01:01:04.695736+02:00
295882425,de:11000:900050301:1:50,0.0,2026-10-02T01:01:04.695736+02:00
295882425,de:11000:900050355:1:50,-0.1,2026-10-02T01:01:04.695736+02:00
295882425,de:11000:900052201:1:50,-0.5,2026-10-02T01:01:04.695736+02:00
295882425,de:11000:900053301:1:51,-0.9,2026-10-02T01:01:04.695736+02:00
307435506,de:11000:900003200:1:50,0.0,2026-10-02T01:01:04.695736+02:00
307435506,de:11000:900100020:1:50,0.0,2026-10-02T01:01:04.695736+02:00
307435506,de:11000:900058101:2:52,0.0,2026-10-02T01:01:04.695736+02:00
307435506,de:12061:900260009:2:54,0.0,2026-10-02T01:01:04.695736+02:00
307435499,de:11000:900003200:1:50,0.0,2026-10-02T01:01:04.695736+02:00
307435499,de:11000:900100020:1:50,0.0,2026-10-02T01:01:04.695736+02:00
307435499,de:11000:900058101:2:52,0.0,2026-10-02T01:01:04.695736+02:00
307435499,de:12061:900260009:2:54,0.0,2026-10-02T01:01:04.695736+02:00
307440167,de:12065:900200000:1:51,0.0,2026-10-02T01:01:04.695736+02:00
307440167,de:12065:900200004:1:50,0.0,2026-10-02T01:01:04.695736+02:00
307440167,de:12065:900204003:1:50,0.0,2026-10-02T01:01:04.695736+02:00
307440167,de:12065:900203671:1:50,0.0,2026-10-02T01:01:04.695736+02:00
307440167,de:12065:900204001:1:50,0.0,2026-10-02T01:01:04.695736+02:00
307440167,de:12065:900203452:1:51,0.0,2026-10-02T01:01:04.695736+02:00
307440237,de:12065:900203452:1:51,0.0,2026-10-02T01:01:04.695736+02:00
307440237,de:12065:900204001:1:50,0.0,2026-10-02T01:01:04.695736+02:00
307440237,de:12065:900203671:1:50,0.0,2026-10-02T01:01:04.695736+02:00
307440237,de:12065:900204003:1:50,0.0,2026-10-02T01:01:04.695736+02:00
307440237,de:12065:900200004:1:51,0.0,2026-10-02T01:01:04.695736+02:00
307440237,de:12065:900200000:1:51,0.0,2026-10-02T01:01:04.695736+02:00
307430420,de:12063:900210005:2:53,0.0,2026-10-02T01:01:04.695736+02:00
307430420,de:12063:900210326:2:51,0.0,2026-10-02T01:01:04.695736+02:00
307430420,de:12063:900210011:2:51,0.0,2026-10-02T01:01:04.695736+02:00
307430420,de:12063:900210010:2:51,0.0,2026-10-02T01:01:04.695736+02:00
307430420,de:12063:900210180:2:51,0.0,2026-10-02T01:01:04.695736+02:00
307430420,de:11000:900037168:2:51,0.0,2026-10-02T01:01:04.695736+02:00
307430420,de:11000:900029101:3:54,0.0,2026-10-02T01:01:04.695736+02:00
306895833,de:12067:900311115::2,0.0,2026-10-02T01:01:04.695736+02:00
306895833,de:12067:900310773::2,0.0,2026-10-02T01:01:04.695736+02:00
306895833,de:12067:900310797::2,0.0,2026-10-02T01:01:04.695736+02:00
306895833,de:12067:900310789::2,0.0,2026-10-02T01:01:04.695736+02:00
306895833,de:12067:900310781::2,0.0,2026-10-02T01:01:04.695736+02:00
306895833,de:12067:900311155::1,0.0,2026-10-02T01:01:04.695736+02:00
306895833,de:12067:900311149::2,0.0,2026-10-02T01:01:04.695736+02:00
306895833,de:12067:900310001::11,0.0,2026-10-02T01:01:04.695736+02:00
306896518,de:12067:900310001::3,0.0,2026-10-02T01:01:04.695736+02:00
306896518,de:12067:900311149::1,0.0,2026-10-02T01:01:04.695736+02:00
306896518,de:12067:900310835::1,0.0,2026-10-02T01:01:04.695736+02:00
306896518,de:12067:900310825::1,0.0,2026-10-02T01:01:04.695736+02:00
306896518,de:12067:900310937::1,0.0,2026-10-02T01:01:04.695736+02:00
306896518,de:12067:900310801::1,0.0,2026-10-02T01:01:04.695736+02:00
306896518,de:12067:900310803::1,0.0,2026-10-02T01:01:04.695736+02:00
306896518,de:12067:900310802::1,0.0,2026-10-02T01:01:04.695736+02:00
306896518,de:12067:900310712::1,0.0,2026-10-02T01:01:04.695736+02:00
306896518,de:12067:900310713::1,0.0,2026-10-02T01:01:04.695736+02:00
306896518,de:12067:900310877::1,0.0,2026-10-02T01:01:04.695736+02:00
306896518,de:12067:900310713::2,0.0,2026-10-02T01:01:04.695736+02:00
306896518,de:12067:900310711::1,0.0,2026-10-02T01:01:04.695736+02:00
306896518,de:12067:900311015::3,0.0,2026-10-02T01:01:04.695736+02:00
306896518,de:12067:900310831::1,0.0,2026-10-02T01:01:04.695736+02:00
306896518,de:12067:900311015::4,0.0,2026-10-02T01:01:04.695736+02:00
306896518,de:12064:900320277::1,0.0,2026-10-02T01:01:04.695736+02:00
306896518,de:12064:900320279::1,-0.5,2026-10-02T01:01:04.695736+02:00
306896518,de:12064:900320229::1,-0.5,2026-10-02T01:01:04.695736+02:00
306896518,de:12064:900320280::1,0.0,2026-10-02T01:01:04.695736+02:00
306896518,de:12064:900320228::1,0.0,2026-10-02T01:01:04.695736+02:00
306896566,de:12067:900310001::3,0.0,2026-10-02T01:01:04.695736+02:00
306896566,de:12067:900311149::1,0.0,2026-10-02T01:01:04.695736+02:00
306896566,de:12067:900311135::1,0.0,2026-10-02T01:01:04.695736+02:00
306896566,de:12067:900311150::1,0.0,2026-10-02T01:01:04.695736+02:00
306896566,de:12067:900310804::1,0.0,2026-10-02T01:01:04.695736+02:00
306896566,de:12067:900310628::2,0.0,2026-10-02T01:01:04.695736+02:00
306896566,de:12067:900310793::2,0.0,2026-10-02T01:01:04.695736+02:00
306896566,de:12067:900310774::1,0.0,2026-10-02T01:01:04.695736+02:00
306896566,de:12067:900310792::1,0.0,2026-10-02T01:01:04.695736+02:00
306896566,de:12067:900310825::1,0.0,2026-10-02T01:01:04.695736+02:00
306896566,de:12067:900310818::1,0.0,2026-10-02T01:01:04.695736+02:00
306896566,de:12067:900310961::1,0.0,2026-10-02T01:01:04.695736+02:00
306896566,de:12067:900310960::1,0.0,2026-10-02T01:01:04.695736+02:00
306896566,de:12067:900310746::1,0.0,2026-10-02T01:01:04.695736+02:00
306896566,de:12067:900311108::1,0.0,2026-10-02T01:01:04.695736+02:00
306896566,de:12067:900311044::1,0.0,2026-10-02T01:01:04.695736+02:00
306896566,de:12067:900311047::1,0.0,2026-10-02T01:01:04.695736+02:00
306896566,de:12067:900310633::1,0.0,2026-10-02T01:01:04.695736+02:00
306896566,de:12067:900311046::2,0.0,2026-10-02T01:01:04.695736+02:00
306896566,de:12067:900310632::1,0.0,2026-10-02T01:01:04.695736+02:00
306896566,de:12067:900310753::1,0.0,2026-10-02T01:01:04.695736+02:00
306896566,de:12067:900310752::1,0.0,2026-10-02T01:01:04.695736+02:00
306896566,de:12067:900310752::2,0.0,2026-10-02T01:01:04.695736+02:00
306896566,de:12067:900310753::2,0.0,2026-10-02T01:01:04.695736+02:00
306896566,de:12067:900310632::2,0.0,2026-10-02T01:01:04.695736+02:00
306896566,de:12067:900311046::1,0.0,2026-10-02T01:01:04.695736+02:00
306896566,de:12067:900310871::1,0.0,2026-10-02T01:01:04.695736+02:00
306896566,de:12067:900310872::1,0.0,2026-10-02T01:01:04.695736+02:00
306896566,de:12067:900310870::1,0.0,2026-10-02T01:01:04.695736+02:00
306896566,de:12067:900310869::1,0.0,2026-10-02T01:01:04.695736+02:00
306896566,de:12067:900310709::1,0.0,2026-10-02T01:01:04.695736+02:00
306896566,de:12067:900310710::1,0.0,2026-10-02T01:01:04.695736+02:00
306896566,de:12067:900310708::1,0.0,2026-10-02T01:01:04.695736+02:00
306896580,de:12067:900310001::3,0.0,2026-10-02T01:01:04.695736+02:00
306896580,de:12067:900311149::1,0.0,2026-10-02T01:01:04.695736+02:00
306896580,de:12067:900311135::1,0.0,2026-10-02T01:01:04.695736+02:00
306896580,de:12067:900311150::1,0.0,2026-10-02T01:01:04.695736+02:00
306896580,de:12067:900310804::1,0.0,2026-10-02T01:01:04.695736+02:00
306896580,de:12067:900310814::1,0.0,2026-10-02T01:01:04.695736+02:00
306896580,de:12067:900310775::1,0.0,2026-10-02T01:01:04.695736+02:00
306896580,de:12067:900310818::1,0.0,2026-10-02T01:01:04.695736+02:00
306896580,de:12067:900310961::1,0.0,2026-10-02T01:01:04.695736+02:00
306896580,de:12067:900310960::1,0.0,2026-10-02T01:01:04.695736+02:00
306896580,de:12067:900310746::1,0.0,2026-10-02T01:01:04.695736+02:00
306896580,de:12067:900311108::1,0.0,2026-10-02T01:01:04.695736+02:00
306896580,de:12067:900311044::1,0.0,2026-10-02T01:01:04.695736+02:00
306896580,de:12067:900311047::1,0.0,2026-10-02T01:01:04.695736+02:00
306896580,de:12067:900310633::1,0.0,2026-10-02T01:01:04.695736+02:00
306896580,de:12067:900311046::1,0.0,2026-10-02T01:01:04.695736+02:00
306896580,de:12067:900310871::1,0.0,2026-10-02T01:01:04.695736+02:00
306896580,de:12067:900310080::1,0.0,2026-10-02T01:01:04.695736+02:00
306896580,de:12067:900310080::1,-11.0,2026-10-02T01:01:04.695736+02:00
306896580,de:12067:900310081::1,0.0,2026-10-02T01:01:04.695736+02:00
306896580,de:12067:900310080::2,0.0,2026-10-02T01:01:04.695736+02:00
306896580,de:12067:900310050::1,0.0,2026-10-02T01:01:04.695736+02:00
306896580,de:12067:900310080::1,11.0,2026-10-02T01:01:04.695736+02:00
306896580,de:12067:900310080::1,0.0,2026-10-02T01:01:04.695736+02:00
306896580,de:12067:900310710::1,0.0,2026-10-02T01:01:04.695736+02:00
306896580,de:12067:900310708::1,0.0,2026-10-02T01:01:04.695736+02:00
306896814,de:12067:900310864::1,0.0,2026-10-02T01:01:04.695736+02:00
306896814,de:12067:900310861::1,0.0,2026-10-02T01:01:04.695736+02:00
306896814,de:12067:900311157::2,0.0,2026-10-02T01:01:04.695736+02:00
306896814,de:12067:900310860::2,0.0,2026-10-02T01:01:04.695736+02:00
306896814,de:12067:900311125::2,0.0,2026-10-02T01:01:04.695736+02:00
306896814,de:12067:900310936::2,0.0,2026-10-02T01:01:04.695736+02:00
306896814,de:12067:900310790::1,0.0,2026-10-02T01:01:04.695736+02:00
306896814,de:12067:900310787::1,0.0,2026-10-02T01:01:04.695736+02:00
306896814,de:12067:900310809::1,0.0,2026-10-02T01:01:04.695736+02:00
306896814,de:12067:900310825::1,0.0,2026-10-02T01:01:04.695736+02:00
306896814,de:12067:900310835::2,0.0,2026-10-02T01:01:04.695736+02:00
306896814,de:12067:900310001::9,0.0,2026-10-02T01:01:04.695736+02:00
306896814,de:12067:900311149::2,0.0,2026-10-02T01:01:04.695736+02:00
306896814,de:12067:900310001::11,0.0,2026-10-02T01:01:04.695736+02:00
306896959,de:12067:900311308::6,0.0,2026-10-02T01:01:04.695736+02:00
306896959,de:12067:900311335::1,0.0,2026-10-02T01:01:04.695736+02:00
306896959,de:12067:900311339::1,0.0,2026-10-02T01:01:04.695736+02:00
306896959,de:12067:900311340::1,0.0,2026-10-02T01:01:04.695736+02:00
306896959,de:12067:900311339::2,0.0,2026-10-02T01:01:04.695736+02:00
306896959,de:12067:900311341::1,0.0,2026-10-02T01:01:04.695736+02:00
306896959,de:12067:900311345::1,0.0,2026-10-02T01:01:04.695736+02:00
306896959,de:12067:900311359::1,0.0,2026-10-02T01:01:04.695736+02:00
306896959,de:12067:900310027::1,0.0,2026-10-02T01:01:04.695736+02:00
306896959,de:12067:900311317::1,0.0,2026-10-02T01:01:04.695736+02:00
306896959,de:12067:900311384::1,0.0,2026-10-02T01:01:04.695736+02:00
306896959,de:12067:900311316::1,0.0,2026-10-02T01:01:04.695736+02:00
306896959,de:12067:900311376::1,0.0,2026-10-02T01:01:04.695736+02:00
306896959,de:12067:900311377::1,0.0,2026-10-02T01:01:04.695736+02:00
306896959,de:12067:900311362::1,0.0,2026-10-02T01:01:04.695736+02:00
306896959,de:12067:900311363::1,0.0,2026-10-02T01:01:04.695736+02:00
306896959,de:12067:900311365::1,0.0,2026-10-02T01:01:04.695736+02:00
306896959,de:12067:900311374::1,0.0,2026-10-02T01:01:04.695736+02:00
306896959,de:12067:900311364::2,0.0,2026-10-02T01:01:04.695736+02:00
306896959,de:12067:900311371::2,0.0,2026-10-02T01:01:04.695736+02:00
306896959,de:12067:900311336::1,0.0,2026-10-02T01:01:04.695736+02:00
306896959,de:12067:900311352::1,0.0,2026-10-02T01:01:04.695736+02:00
306896959,de:12067:900311333::1,0.0,2026-10-02T01:01:04.695736+02:00
306896959,de:12067:900311334::1,0.0,2026-10-02T01:01:04.695736+02:00
306896959,de:12067:900311304::1,0.0,2026-10-02T01:01:04.695736+02:00
306896959,de:12067:900311305::2,0.0,2026-10-02T01:01:04.695736+02:00
306896959,de:12067:900311383::6,0.0,2026-10-02T01:01:04.695736+02:00
306896959,de:12067:900311353::1,0.0,2026-10-02T01:01:04.695736+02:00
306896959,de:12067:900311321::1,0.0,2026-10-02T01:01:04.695736+02:00
306896959,de:12067:900311350::2,0.0,2026-10-02T01:01:04.695736+02:00
306896959,de:12067:900311348::2,0.0,2026-10-02T01:01:04.695736+02:00
306896959,de:12067:900311308::4,0.0,2026-10-02T01:01:04.695736+02:00
306895909,de:12067:900311145::2,0.0,2026-10-02T01:01:04.695736+02:00
306895909,de:12067:900310817::2,0.0,2026-10-02T01:01:04.695736+02:00
306895909,de:12067:900310837::2,0.0,2026-10-02T01:01:04.695736+02:00
306895909,de:12067:900310875::2,0.0,2026-10-02T01:01:04.695736+02:00
306895909,de:12067:900310796::2,0.0,2026-10-02T01:01:04.695736+02:00
306895909,de:12067:900310777::2,0.0,2026-10-02T01:01:04.695736+02:00
306895909,de:12067:900310808::2,0.0,2026-10-02T01:01:04.695736+02:00
306895909,de:12067:900310822::2,0.0,2026-10-02T01:01:04.695736+02:00
306895909,de:12067:900310781::2,0.0,2026-10-02T01:01:04.695736+02:00
306895909,de:12067:900311155::1,0.0,2026-10-02T01:01:04.695736+02:00
306895909,de:12067:900311149::2,0.0,2026-10-02T01:01:04.695736+02:00
306895909,de:12067:900310001::11,0.0,2026-10-02T01:01:04.695736+02:00
306896989,de:12067:900311308::5,0.0,2026-10-02T01:01:04.695736+02:00
306896989,de:12067:900311380::1,0.0,2026-10-02T01:01:04.695736+02:00
306896989,de:12067:900311348::1,0.0,2026-10-02T01:01:04.695736+02:00
306896989,de:12067:900311315::1,0.0,2026-10-02T01:01:04.695736+02:00
306896989,de:12067:900311383::6,0.0,2026-10-02T01:01:04.695736+02:00
306896989,de:12067:900311356::2,0.0,2026-10-02T01:01:04.695736+02:00
306896989,de:12067:900310029::1,0.0,2026-10-02T01:01:04.695736+02:00
306896989,de:12067:900311357::2,0.0,2026-10-02T01:01:04.695736+02:00
306896989,de:12067:900311354::2,0.0,2026-10-02T01:01:04.695736+02:00
306896989,de:12067:900311352::2,0.0,2026-10-02T01:01:04.695736+02:00
306896989,de:12067:900311336::2,0.0,2026-10-02T01:01:04.695736+02:00
306896989,de:12067:900311371::1,0.0,2026-10-02T01:01:04.695736+02:00
306896989,de:12067:900311364::1,0.0,2026-10-02T01:01:04.695736+02:00
306896989,de:12067:900311374::2,0.0,2026-10-02T01:01:04.695736+02:00
306896989,de:12067:900311365::2,0.0,2026-10-02T01:01:04.695736+02:00
306896989,de:12067:900311363::2,0.0,2026-10-02T01:01:04.695736+02:00
306896989,de:12067:900311362::2,0.0,2026-10-02T01:01:04.695736+02:00
306896989,de:12067:900311377::2,0.0,2026-10-02T01:01:04.695736+02:00
306896989,de:12067:900311376::2,0.0,2026-10-02T01:01:04.695736+02:00
306896989,de:12067:900311316::2,0.0,2026-10-02T01:01:04.695736+02:00
306896989,de:12067:900311384::2,0.0,2026-10-02T01:01:04.695736+02:00
306896989,de:12067:900311317::2,0.0,2026-10-02T01:01:04.695736+02:00
306896989,de:12067:900310027::2,0.0,2026-10-02T01:01:04.695736+02:00
306896989,de:12067:900311359::2,0.0,2026-10-02T01:01:04.695736+02:00
306896989,de:12067:900311345::2,0.0,2026-10-02T01:01:04.695736+02:00
306896989,de:12067:900311341::2,0.0,2026-10-02T01:01:04.695736+02:00
306896989,de:12067:900311339::1,0.0,2026-10-02T01:01:04.695736+02:00
306896989,de:12067:900311340::1,0.0,2026-10-02T01:01:04.695736+02:00
306896989,de:12067:900311313::1,0.0,2026-10-02T01:01:04.695736+02:00
306896989,de:12067:900311314::1,0.0,2026-10-02T01:01:04.695736+02:00
306896989,de:12067:900311313::2,0.0,2026-10-02T01:01:04.695736+02:00
306896989,de:12067:900311339::2,0.0,2026-10-02T01:01:04.695736+02:00
306896989,de:12067:900311309::1,0.0,2026-10-02T01:01:04.695736+02:00
306896989,de:12067:900311310::1,0.0,2026-10-02T01:01:04.695736+02:00
306896989,de:12067:900311307::1,0.0,2026-10-02T01:01:04.695736+02:00
306896989,de:12067:900311308::4,0.0,2026-10-02T01:01:04.695736+02:00
307429771,de:12061:900260009:2:54,0.0,2026-10-02T01:01:04.695736+02:00
307429771,de:11000:900192001:1:51,0.0,2026-10-02T01:01:04.695736+02:00
307429771,de:11000:900120003:4:57,0.0,2026-10-02T01:01:04.695736+02:00
307429771,de:11000:900007102:4:56,0.0,2026-10-02T01:01:04.695736+02:00
307429771,de:11000:900003200:3:55,0.0,2026-10-02T01:01:04.695736+02:00
307430166,de:11000:900003200:1:50,0.0,2026-10-02T01:01:04.695736+02:00
307430166,de:11000:900100020:1:50,0.0,2026-10-02T01:01:04.695736+02:00
307430166,de:11000:900058101:2:52,0.0,2026-10-02T01:01:04.695736+02:00
307430166,de:12061:900260009:2:53,0.0,2026-10-02T01:01:04.695736+02:00
307430071,de:12061:900260009:2:54,0.0,2026-10-02T01:01:04.695736+02:00
307430071,de:11000:900058101:4:57,0.0,2026-10-02T01:01:04.695736+02:00
307430071,de:11000:900100020:2:53,0.0,2026-10-02T01:01:04.695736+02:00
307430071,de:11000:900003200:3:55,0.0,2026-10-02T01:01:04.695736+02:00
307430158,de:11000:900003200:1:50,0.0,2026-10-02T01:01:04.695736+02:00
307430158,de:11000:900100020:1:50,0.0,2026-10-02T01:01:04.695736+02:00
307430158,de:11000:900058101:2:52,0.0,2026-10-02T01:01:04.695736+02:00
307430158,de:12061:900260009:2:53,0.0,2026-10-02T01:01:04.695736+02:00
295900377,de:12069:900220114:1:51,0.0,2026-10-02T01:01:04.695736+02:00
295900377,de:11000:900064201:1:51,-0.1,2026-10-02T01:01:04.695736+02:00
295900377,de:11000:900064256:1:51,0.0,2026-10-02T01:01:04.695736+02:00
295900377,de:11000:900064301:3:53,-0.3,2026-10-02T01:01:04.695736+02:00
295900377,de:11000:900067221:1:50,-0.3,2026-10-02T01:01:04.695736+02:00
295900377,de:11000:900063452:1:51,-0.4,2026-10-02T01:01:04.695736+02:00
295900377,de:11000:900058102:2:53,-0.5,2026-10-02T01:01:04.695736+02:00
295900377,de:11000:900058101:1:51,-0.3,2026-10-02T01:01:04.695736+02:00
295900377,de:11000:900058103:1:51,0.0,2026-10-02T01:01:04.695736+02:00
295900377,de:11000:900012101:2:53,-0.7,2026-10-02T01:01:04.695736+02:00
295900377,de:11000:900100020:4:57,-0.8,2026-10-02T01:01:04.695736+02:00
295900377,de:11000:900100025:1:51,-0.9,2026-10-02T01:01:04.695736+02:00
295900377,de:11000:900100001:4:57,-0.6,2026-10-02T01:01:04.695736+02:00
295900377,de:11000:900100007:1:51,-0.7,2026-10-02T01:01:04.695736+02:00
295900377,de:11000:900007104:2:52,-0.7,2026-10-02T01:01:04.695736+02:00
295900377,de:11000:900008101:1:51,-0.4,2026-10-02T01:01:04.695736+02:00
295900377,de:11000:900007102:2:53,-0.2,2026-10-02T01:01:04.695736+02:00
295900377,de:11000:900110011:2:53,-0.4,2026-10-02T01:01:04.695736+02:00
295900377,de:11000:900085201:1:50,-0.8,2026-10-02T01:01:04.695736+02:00
295900377,de:11000:900085105:1:50,-0.8,2026-10-02T01:01:04.695736+02:00
295900377,de:11000:900096458:1:50,-0.1,2026-10-02T01:01:04.695736+02:00
295900377,de:11000:900096405:1:50,-0.8,2026-10-02T01:01:04.695736+02:00
295900377,de:11000:900089303:1:50,-0.7,2026-10-02T01:01:04.695736+02:00
295900377,de:11000:900091205:1:50,-0.3,2026-10-02T01:01:04.695736+02:00
295900377,de:11000:900091203:1:50,-0.5,2026-10-02T01:01:04.695736+02:00
295900377,de:12065:900200000:4:54,-0.7,2026-10-02T01:01:04.695736+02:00
295900243,de:12065:900200000:1:55,0.0,2026-10-02T01:01:04.695736+02:00
295900243,de:11000:900091203:1:50,0.0,2026-10-02T01:01:04.695736+02:00
295900243,de:11000:900091205:1:50,-0.2,2026-10-02T01:01:04.695736+02:00
295900243,de:11000:900089303:1:51,-0.5,2026-10-02T01:01:04.695736+02:00
295900243,de:11000:900096405:1:50,-0.8,2026-10-02T01:01:04.695736+02:00
295900243,de:11000:900096458:1:50,-0.5,2026-10-02T01:01:04.695736+02:00
295900243,de:11000:900085105:1:50,-0.8,2026-10-02T01:01:04.695736+02:00
295900243,de:11000:900085201:1:51,0.0,2026-10-02T01:01:04.695736+02:00
295900243,de:11000:900130003:1:51,-0.8,2026-10-02T01:01:04.695736+02:00
295900243,de:11000:900110011:1:50,-0.9,2026-10-02T01:01:04.695736+02:00
295900243,de:11000:900007102:1:50,-0.7,2026-10-02T01:01:04.695736+02:00
295900243,de:11000:900008101:1:50,-0.4,2026-10-02T01:01:04.695736+02:00
295900243,de:11000:900007104:1:51,-0.2,2026-10-02T01:01:04.695736+02:00
295900243,de:11000:900100007:1:50,-0.2,2026-10-02T01:01:04.695736+02:00
295900243,de:11000:900100001:4:56,0.0,2026-10-02T01:01:04.695736+02:00
295900243,de:11000:900100025:1:50,-0.9,2026-10-02T01:01:04.695736+02:00
295900243,de:11000:900100020:3:54,-0.9,2026-10-02T01:01:04.695736+02:00
295900243,de:11000:900012101:1:51,0.0,2026-10-02T01:01:04.695736+02:00
295900243,de:11000:900058103:1:50,-0.7,2026-10-02T01:01:04.695736+02:00
295900243,de:11000:900058101:1:50,-0.3,2026-10-02T01:01:04.695736+02:00
295900243,de:11000:900058102:1:52,0.0,2026-10-02T01:01:04.695736+02:00
295900243,de:11000:900063452:1:50,-0.1,2026-10-02T01:01:04.695736+02:00
295900243,de:11000:900067221:1:50,-0.2,2026-10-02T01:01:04.695736+02:00
295900243,de:11000:900064301:3:52,-0.2,2026-10-02T01:01:04.695736+02:00
295900243,de:11000:900064256:1:50,-0.7,2026-10-02T01:01:04.695736+02:00
295900243,de:11000:900064201:1:50,-0.6,2026-10-02T01:01:04.695736+02:00
295900243,de:12069:900220114:1:51,-0.9,2026-10-02T01:01:04.695736+02:00
295900271,de:12065:900200000:4:54,0.0,2026-10-02T01:01:04.695736+02:00
295900271,de:11000:900091203:1:50,0.0,2026-10-02T01:01:04.695736+02:00
295900271,de:11000:900091205:1:50,-0.2,2026-10-02T01:01:04.695736+02:00
295900271,de:11000:900089303:1:51,-0.5,2026-10-02T01:01:04.695736+02:00
295900271,de:11000:900096405:1:50,-0.8,2026-10-02T01:01:04.695736+02:00
295900271,de:11000:900096458:1:50,-0.5,2026-10-02T01:01:04.695736+02:00
295900271,de:11000:900085105:1:50,-0.8,2026-10-02T01:01:04.695736+02:00
295900271,de:11000:900085201:1:51,0.0,2026-10-02T01:01:04.695736+02:00
295900271,de:11000:900130003:1:51,-0.8,2026-10-02T01:01:04.695736+02:00
295900271,de:11000:900110011:1:50,-0.9,2026-10-02T01:01:04.695736+02:00
295900271,de:11000:900007102:1:50,-0.7,2026-10-02T01:01:04.695736+02:00
295900271,de:11000:900008101:1:50,-0.4,2026-10-02T01:01:04.695736+02:00
295900271,de:11000:900007104:1:51,-0.2,2026-10-02T01:01:04.695736+02:00
295900271,de:11000:900100007:1:50,-0.2,2026-10-02T01:01:04.695736+02:00
295900271,de:11000:900100001:4:56,0.0,2026-10-02T01:01:04.695736+02:00
295900271,de:11000:900100025:1:50,-0.9,2026-10-02T01:01:04.695736+02:00
295900271,de:11000:900100020:3:54,-0.9,2026-10-02T01:01:04.695736+02:00
295900271,de:11000:900012101:1:51,0.0,2026-10-02T01:01:04.695736+02:00
295900271,de:11000:900058103:1:50,-0.7,2026-10-02T01:01:04.695736+02:00
295900271,de:11000:900058101:1:50,-0.3,2026-10-02T01:01:04.695736+02:00
295900271,de:11000:900058102:1:52,0.0,2026-10-02T01:01:04.695736+02:00
295900271,de:11000:900063452:1:50,-0.1,2026-10-02T01:01:04.695736+02:00
295900271,de:11000:900067221:1:50,-0.2,2026-10-02T01:01:04.695736+02:00
295900271,de:11000:900064301:3:52,-0.2,2026-10-02T01:01:04.695736+02:00
295900271,de:11000:900064256:1:50,-0.7,2026-10-02T01:01:04.695736+02:00
295900271,de:11000:900064201:1:50,-0.6,2026-10-02T01:01:04.695736+02:00
295900271,de:12069:900220114:1:51,-0.9,2026-10-02T01:01:04.695736+02:00
295896132,de:11000:900135001:1:50,0.0,2026-10-02T01:01:04.695736+02:00
295896132,de:11000:900143001:1:51,-0.8,2026-10-02T01:01:04.695736+02:00
295896132,de:11000:900142001:1:51,-0.3,2026-10-02T01:01:04.695736+02:00
295896132,de:11000:900130001:1:51,-0.8,2026-10-02T01:01:04.695736+02:00
295896132,de:11000:900130002:1:51,-0.3,2026-10-02T01:01:04.695736+02:00
295896132,de:11000:900110011:1:51,-0.7,2026-10-02T01:01:04.695736+02:00
295896132,de:11000:900007102:1:50,-0.7,2026-10-02T01:01:04.695736+02:00
295896132,de:11000:900008101:1:50,-0.5,2026-10-02T01:01:04.695736+02:00
295896132,de:11000:900007104:1:51,-0.2,2026-10-02T01:01:04.695736+02:00
295896132,de:11000:900100007:1:50,-0.2,2026-10-02T01:01:04.695736+02:00
295896132,de:11000:900100001:4:56,0.0,2026-10-02T01:01:04.695736+02:00
295896132,de:11000:900100025:1:50,-0.9,2026-10-02T01:01:04.695736+02:00
295896132,de:11000:900100020:3:54,-0.9,2026-10-02T01:01:04.695736+02:00
295896132,de:11000:900012101:1:51,0.0,2026-10-02T01:01:04.695736+02:00
295896132,de:11000:900058103:1:50,-0.8,2026-10-02T01:01:04.695736+02:00
295896132,de:11000:900058101:1:50,-0.4,2026-10-02T01:01:04.695736+02:00
295896132,de:11000:900058102:1:50,-0.4,2026-10-02T01:01:04.695736+02:00
295896132,de:11000:900068301:1:50,-0.7,2026-10-02T01:01:04.695736+02:00
295896132,de:11000:900073101:1:50,-0.9,2026-10-02T01:01:04.695736+02:00
295896132,de:11000:900072101:1:50,-0.2,2026-10-02T01:01:04.695736+02:00
295896132,de:11000:900074202:1:50,-0.2,2026-10-02T01:01:04.695736+02:00
295896132,de:11000:900074201:1:50,-0.4,2026-10-02T01:01:04.695736+02:00
295896171,de:11000:900074201:1:50,0.0,2026-10-02T01:01:04.695736+02:00
295896171,de:11000:900074202:2:51,-0.1,2026-10-02T01:01:04.695736+02:00
295896171,de:11000:900072101:2:51,-0.1,2026-10-02T01:01:04.695736+02:00
295896171,de:11000:900073101:1:51,-0.4,2026-10-02T01:01:04.695736+02:00
295896171,de:11000:900068301:1:51,-0.7,2026-10-02T01:01:04.695736+02:00
295896171,de:11000:900058102:2:51,-0.7,2026-10-02T01:01:04.695736+02:00
295896171,de:11000:900058101:1:51,-0.3,2026-10-02T01:01:04.695736+02:00
295896171,de:11000:900058103:1:51,-0.1,2026-10-02T01:01:04.695736+02:00
295896171,de:11000:900012101:2:53,-0.7,2026-10-02T01:01:04.695736+02:00
295896171,de:11000:900100020:4:57,-0.8,2026-10-02T01:01:04.695736+02:00
295896171,de:11000:900100025:1:51,-0.9,2026-10-02T01:01:04.695736+02:00
295896171,de:11000:900100001:4:57,-0.6,2026-10-02T01:01:04.695736+02:00
295896171,de:11000:900100007:1:51,-0.7,2026-10-02T01:01:04.695736+02:00
295896171,de:11000:900007104:2:52,-0.7,2026-10-02T01:01:04.695736+02:00
295896171,de:11000:900008101:1:51,-0.4,2026-10-02T01:01:04.695736+02:00
295896171,de:11000:900007102:2:53,-0.1,2026-10-02T01:01:04.695736+02:00
295896171,de:11000:900110011:2:52,-0.4,2026-10-02T01:01:04.695736+02:00
295896171,de:11000:900130002:1:50,-0.7,2026-10-02T01:01:04.695736+02:00
295896171,de:11000:900130001:1:50,-0.4,2026-10-02T01:01:04.695736+02:00
295896171,de:11000:900142001:1:50,-0.9,2026-10-02T01:01:04.695736+02:00
295896171,de:11000:900143001:1:51,-0.7,2026-10-02T01:01:04.695736+02:00
295896171,de:11000:900135001:1:50,-0.4,2026-10-02T01:01:04.695736+02:00
295896163,de:11000:900074201:1:50,0.0,2026-10-02T01:01:04.695736+02:00
295896163,de:11000:900074202:2:51,-0.1,2026-10-02T01:01:04.695736+02:00
295896163,de:11000:900072101:2:51,-0.1,2026-10-02T01:01:04.695736+02:00
295896163,de:11000:900073101:1:51,-0.4,2026-10-02T01:01:04.695736+02:00
295896163,de:11000:900068301:1:51,-0.7,2026-10-02T01:01:04.695736+02:00
295896163,de:11000:900058102:2:51,-0.7,2026-10-02T01:01:04.695736+02:00
295896163,de:11000:900058101:1:51,-0.3,2026-10-02T01:01:04.695736+02:00
295896163,de:11000:900058103:1:51,-0.1,2026-10-02T01:01:04.695736+02:00
295896163,de:11000:900012101:2:53,-0.7,2026-10-02T01:01:04.695736+02:00
295896163,de:11000:900100020:4:57,-0.8,2026-10-02T01:01:04.695736+02:00
295896163,de:11000:900100025:1:51,-0.9,2026-10-02T01:01:04.695736+02:00
295896163,de:11000:900100001:4:57,-0.6,2026-10-02T01:01:04.695736+02:00
295896163,de:11000:900100007:1:51,-0.7,2026-10-02T01:01:04.695736+02:00
295896163,de:11000:900007104:2:52,-0.7,2026-10-02T01:01:04.695736+02:00
295896163,de:11000:900008101:1:51,-0.4,2026-10-02T01:01:04.695736+02:00
295896163,de:11000:900007102:2:53,-0.1,2026-10-02T01:01:04.695736+02:00
295896163,de:11000:900110011:2:52,-0.4,2026-10-02T01:01:04.695736+02:00
295896163,de:11000:900130002:1:50,-0.7,2026-10-02T01:01:04.695736+02:00
295896163,de:11000:900130001:1:50,-0.4,2026-10-02T01:01:04.695736+02:00
295896163,de:11000:900142001:1:50,-0.9,2026-10-02T01:01:04.695736+02:00
295896163,de:11000:900143001:1:51,-0.7,2026-10-02T01:01:04.695736+02:00
295896163,de:11000:900135001:1:50,-0.4,2026-10-02T01:01:04.695736+02:00
295903149,de:12069:900220114:1:50,0.0,2026-10-02T01:01:04.695736+02:00
295903149,de:11000:900064201:1:51,-0.1,2026-10-02T01:01:04.695736+02:00
295903149,de:11000:900064256:1:51,0.0,2026-10-02T01:01:04.695736+02:00
295903149,de:11000:900064301:3:53,-0.3,2026-10-02T01:01:04.695736+02:00
295903149,de:11000:900067221:1:50,-0.3,2026-10-02T01:01:04.695736+02:00
295903149,de:11000:900063452:1:51,-0.4,2026-10-02T01:01:04.695736+02:00
295903149,de:11000:900058102:2:53,-0.5,2026-10-02T01:01:04.695736+02:00
295903149,de:11000:900058101:1:51,-0.3,2026-10-02T01:01:04.695736+02:00
295903149,de:11000:900058103:1:51,0.0,2026-10-02T01:01:04.695736+02:00
295903149,de:11000:900012101:2:53,-0.7,2026-10-02T01:01:04.695736+02:00
295903149,de:11000:900100020:4:57,-0.8,2026-10-02T01:01:04.695736+02:00
295903149,de:11000:900100025:1:51,-0.9,2026-10-02T01:01:04.695736+02:00
295903149,de:11000:900100001:4:57,-0.6,2026-10-02T01:01:04.695736+02:00
295903149,de:11000:900100007:1:51,-0.7,2026-10-02T01:01:04.695736+02:00
295903149,de:11000:900007104:2:52,-0.7,2026-10-02T01:01:04.695736+02:00
295903149,de:11000:900008101:1:51,-0.4,2026-10-02T01:01:04.695736+02:00
295903149,de:11000:900007102:2:53,-0.2,2026-10-02T01:01:04.695736+02:00
295903149,de:11000:900110011:2:52,-0.4,2026-10-02T01:01:04.695736+02:00
295903149,de:11000:900130002:1:50,0.0,2026-10-02T01:01:04.695736+02:00
295903149,de:11000:900130001:1:50,-0.7,2026-10-02T01:01:04.695736+02:00
295903149,de:11000:900142001:1:50,-0.2,2026-10-02T01:01:04.695736+02:00
295903133,de:12069:900220114:1:50,0.0,2026-10-02T01:01:04.695736+02:00
295903133,de:11000:900064201:1:51,-0.1,2026-10-02T01:01:04.695736+02:00
295903133,de:11000:900064256:1:51,0.0,2026-10-02T01:01:04.695736+02:00
295903133,de:11000:900064301:3:53,-0.3,2026-10-02T01:01:04.695736+02:00
295903133,de:11000:900067221:1:50,-0.3,2026-10-02T01:01:04.695736+02:00
295903133,de:11000:900063452:1:51,-0.4,2026-10-02T01:01:04.695736+02:00
295903133,de:11000:900058102:2:53,-0.5,2026-10-02T01:01:04.695736+02:00
295903133,de:11000:900058101:1:51,-0.3,2026-10-02T01:01:04.695736+02:00
295903133,de:11000:900058103:1:51,0.0,2026-10-02T01:01:04.695736+02:00
295903133,de:11000:900012101:2:53,-0.7,2026-10-02T01:01:04.695736+02:00
295903133,de:11000:900100020:4:57,-0.8,2026-10-02T01:01:04.695736+02:00
295903133,de:11000:900100025:1:51,-0.9,2026-10-02T01:01:04.695736+02:00
295903133,de:11000:900100001:4:57,-0.6,2026-10-02T01:01:04.695736+02:00
295903133,de:11000:900100007:1:51,-0.7,2026-10-02T01:01:04.695736+02:00
295903133,de:11000:900007104:2:52,-0.7,2026-10-02T01:01:04.695736+02:00
295903133,de:11000:900008101:1:51,-0.4,2026-10-02T01:01:04.695736+02:00
295903133,de:11000:900007102:2:53,-0.2,2026-10-02T01:01:04.695736+02:00
295903133,de:11000:900110011:2:52,-0.4,2026-10-02T01:01:04.695736+02:00
295903133,de:11000:900130002:1:50,0.0,2026-10-02T01:01:04.695736+02:00
295903133,de:11000:900130001:1:50,-0.7,2026-10-02T01:01:04.695736+02:00
295903133,de:11000:900142001:1:50,-0.2,2026-10-02T01:01:04.695736+02:00
295902991,de:11000:900142001:1:51,0.0,2026-10-02T01:01:04.695736+02:00
295902991,de:11000:900130001:1:51,-0.2,2026-10-02T01:01:04.695736+02:00
295902991,de:11000:900130002:1:51,-0.7,2026-10-02T01:01:04.695736+02:00
295902991,de:11000:900110011:1:51,-0.2,2026-10-02T01:01:04.695736+02:00
295902991,de:11000:900007102:1:50,-0.7,2026-10-02T01:01:04.695736+02:00
295902991,de:11000:900008101:1:50,-0.4,2026-10-02T01:01:04.695736+02:00
295902991,de:11000:900007104:1:51,-0.2,2026-10-02T01:01:04.695736+02:00
295902991,de:11000:900100007:1:50,-0.2,2026-10-02T01:01:04.695736+02:00
295902991,de:11000:900100001:4:56,0.0,2026-10-02T01:01:04.695736+02:00
295902991,de:11000:900100025:1:50,-0.9,2026-10-02T01:01:04.695736+02:00
295902991,de:11000:900100020:3:54,-0.9,2026-10-02T01:01:04.695736+02:00
295902991,de:11000:900012101:1:51,0.0,2026-10-02T01:01:04.695736+02:00
295902991,de:11000:900058103:1:50,-0.7,2026-10-02T01:01:04.695736+02:00
295902991,de:11000:900058101:1:50,-0.3,2026-10-02T01:01:04.695736+02:00
295902991,de:11000:900058102:1:52,0.0,2026-10-02T01:01:04.695736+02:00
295902991,de:11000:900063452:1:50,-0.1,2026-10-02T01:01:04.695736+02:00
295902991,de:11000:900067221:1:50,-0.2,2026-10-02T01:01:04.695736+02:00
295902991,de:11000:900064301:3:52,-0.2,2026-10-02T01:01:04.695736+02:00
295902991,de:11000:900064256:1:50,-0.7,2026-10-02T01:01:04.695736+02:00
295902991,de:11000:900064201:1:50,-0.6,2026-10-02T01:01:04.695736+02:00
295902991,de:12069:900220114:1:50,-0.9,2026-10-02T01:01:04.695736+02:00
295902986,de:11000:900130002:1:51,0.0,2026-10-02T01:01:04.695736+02:00
295902986,de:11000:900110011:1:51,-0.7,2026-10-02T01:01:04.695736+02:00
295902986,de:11000:900007102:1:50,-0.7,2026-10-02T01:01:04.695736+02:00
295902986,de:11000:900008101:1:50,-0.4,2026-10-02T01:01:04.695736+02:00
295902986,de:11000:900007104:1:51,-0.2,2026-10-02T01:01:04.695736+02:00
295902986,de:11000:900100007:1:50,-0.2,2026-10-02T01:01:04.695736+02:00
295902986,de:11000:900100001:4:56,0.0,2026-10-02T01:01:04.695736+02:00
295902986,de:11000:900100025:1:50,-0.9,2026-10-02T01:01:04.695736+02:00
295902986,de:11000:900100020:3:54,-0.9,2026-10-02T01:01:04.695736+02:00
295902986,de:11000:900012101:1:51,0.0,2026-10-02T01:01:04.695736+02:00
295902986,de:11000:900058103:1:50,-0.7,2026-10-02T01:01:04.695736+02:00
295902986,de:11000:900058101:1:50,-0.3,2026-10-02T01:01:04.695736+02:00
295902986,de:11000:900058102:1:52,0.0,2026-10-02T01:01:04.695736+02:00
295902986,de:11000:900063452:1:50,-0.1,2026-10-02T01:01:04.695736+02:00
295902986,de:11000:900067221:1:50,-0.2,2026-10-02T01:01:04.695736+02:00
295902986,de:11000:900064301:3:52,-0.2,2026-10-02T01:01:04.695736+02:00
295907213,de:12067:900310004:3:52,0.0,2026-10-02T01:01:04.695736+02:00
295907213,de:11000:900183002:1:50,-0.1,2026-10-02T01:01:04.695736+02:00
295907213,de:11000:900183001:1:50,-0.4,2026-10-02T01:01:04.695736+02:00
295907213,de:11000:900182002:1:50,0.0,2026-10-02T01:01:04.695736+02:00
295907213,de:11000:900182001:1:50,-0.2,2026-10-02T01:01:04.695736+02:00
295907213,de:11000:900180001:1:50,-0.7,2026-10-02T01:01:04.695736+02:00
295907213,de:11000:900180002:1:50,-0.7,2026-10-02T01:01:04.695736+02:00
295907213,de:11000:900162001:1:50,-0.9,2026-10-02T01:01:04.695736+02:00
295907213,de:11000:900160002:1:50,0.0,2026-10-02T01:01:04.695736+02:00
295907213,de:11000:900160001:1:50,-0.3,2026-10-02T01:01:04.695736+02:00
295907213,de:11000:900120003:3:55,-0.1,2026-10-02T01:01:04.695736+02:00
295907213,de:11000:900120004:2:53,-0.6,2026-10-02T01:01:04.695736+02:00
295907213,de:11000:900120005:5:58,-0.9,2026-10-02T01:01:04.695736+02:00
295907213,de:11000:900100004:1:51,-0.4,2026-10-02T01:01:04.695736+02:00
295907213,de:11000:900100003:2:53,-0.4,2026-10-02T01:01:04.695736+02:00
295907213,de:11000:900100002:1:51,-0.4,2026-10-02T01:01:04.695736+02:00
295907213,de:11000:900100001:3:55,-0.4,2026-10-02T01:01:04.695736+02:00
295907213,de:11000:900003201:3:55,-0.1,2026-10-02T01:01:04.695736+02:00
295907213,de:11000:900003102:1:51,-0.8,2026-10-02T01:01:04.695736+02:00
295907213,de:11000:900003103:1:51,-0.9,2026-10-02T01:01:04.695736+02:00
295907213,de:11000:900023201:3:55,-0.8,2026-10-02T01:01:04.695736+02:00
295907213,de:11000:900024203:1:51,-0.8,2026-10-02T01:01:04.695736+02:00
295907213,de:11000:900024101:4:57,-0.8,2026-10-02T01:01:04.695736+02:00
295907213,de:11000:900024102:1:50,-0.1,2026-10-02T01:01:04.695736+02:00
295907213,de:11000:900025423:1:50,-0.4,2026-10-02T01:01:04.695736+02:00
295907213,de:11000:900026105:1:50,-0.7,2026-10-02T01:01:04.695736+02:00
295907213,de:11000:900025321:1:50,-0.3,2026-10-02T01:01:04.695736+02:00
295907213,de:11000:900025424:1:50,-0.3,2026-10-02T01:01:04.695736+02:00
295907213,de:11000:900030202:1:50,-0.9,2026-10-02T01:01:04.695736+02:00
295907213,de:11000:900029101:1:50,-0.9,2026-10-02T01:01:04.695736+02:00
306897245,de:12067:900311482::3,0.0,2026-10-02T01:01:04.695736+02:00
306897245,de:12067:900311490::2,0.0,2026-10-02T01:01:04.695736+02:00
306897245,de:12067:900311478::2,0.0,2026-10-02T01:01:04.695736+02:00
306897245,de:12067:900311477::2,0.0,2026-10-02T01:01:04.695736+02:00
306897245,de:12067:900311442::2,0.0,2026-10-02T01:01:04.695736+02:00
306897245,de:12067:900311560::1,0.0,2026-10-02T01:01:04.695736+02:00
306897245,de:12067:900311401::2,0.0,2026-10-02T01:01:04.695736+02:00
306897245,de:12067:900311543::2,0.0,2026-10-02T01:01:04.695736+02:00
306897245,de:12067:900311542::1,0.0,2026-10-02T01:01:04.695736+02:00
306897245,de:12067:900311530::2,0.0,2026-10-02T01:01:04.695736+02:00
306897245,de:12067:900311531::2,0.0,2026-10-02T01:01:04.695736+02:00
306897245,de:12067:900311306::2,0.0,2026-10-02T01:01:04.695736+02:00
306897245,de:12067:900311356::2,0.0,2026-10-02T01:01:04.695736+02:00
306897245,de:12067:900311311::2,0.0,2026-10-02T01:01:04.695736+02:00
306897245,de:12067:900311312::2,0.0,2026-10-02T01:01:04.695736+02:00
306897245,de:12067:900311383::5,0.0,2026-10-02T01:01:04.695736+02:00
306897245,de:12067:900311315::2,0.0,2026-10-02T01:01:04.695736+02:00
306897245,de:12067:900311348::2,0.0,2026-10-02T01:01:04.695736+02:00
306897245,de:12067:900311308::4,0.0,2026-10-02T01:01:04.695736+02:00
295910950,de:11000:900120005:5:57,0.0,2026-10-02T01:01:04.695736+02:00
295910950,de:11000:900120004:1:50,-0.9,2026-10-02T01:01:04.695736+02:00
295910950,de:11000:900120003:2:53,-0.1,2026-10-02T01:01:04.695736+02:00
295910950,de:11000:900160001:1:51,-0.9,2026-10-02T01:01:04.695736+02:00
295910950,de:11000:900160002:1:50,-0.2,2026-10-02T01:01:04.695736+02:00
295910950,de:11000:900162001:1:51,-0.3,2026-10-02T01:01:04.695736+02:00
306895412,de:12067:900310001::2,0.0,2026-10-02T01:01:04.695736+02:00
306895412,de:12067:900310816::1,0.0,2026-10-02T01:01:04.695736+02:00
306895412,de:12067:900310627::1,0.0,2026-10-02T01:01:04.695736+02:00
306895412,de:12067:900310781::1,0.0,2026-10-02T01:01:04.695736+02:00
306895412,de:12067:900310822::1,0.0,2026-10-02T01:01:04.695736+02:00
306895412,de:12067:900310796::2,0.0,2026-10-02T01:01:04.695736+02:00
306895412,de:12067:900310777::2,0.0,2026-10-02T01:01:04.695736+02:00
306895412,de:12067:900310794::1,0.0,2026-10-02T01:01:04.695736+02:00
306895412,de:12067:900310821::1,0.0,2026-10-02T01:01:04.695736+02:00
306895412,de:12067:900310806::1,0.0,2026-10-02T01:01:04.695736+02:00
306895412,de:12067:900310812::1,0.0,2026-10-02T01:01:04.695736+02:00
306895412,de:12067:900310770::1,0.0,2026-10-02T01:01:04.695736+02:00
306895412,de:12067:900310010::3,0.0,2026-10-02T01:01:04.695736+02:00
306895412,de:12067:900310880::1,0.0,2026-10-02T01:01:04.695736+02:00
306895412,de:12067:900310815::1,0.0,2026-10-02T01:01:04.695736+02:00
306895412,de:12067:900310807::1,0.0,2026-10-02T01:01:04.695736+02:00
307275167,de:11000:900024101:3:55,0.0,2026-10-02T01:01:04.695736+02:00
307275167,de:11000:900024203:1:51,-0.3,2026-10-02T01:01:04.695736+02:00
307275167,de:11000:900023201:3:54,-0.2,2026-10-02T01:01:04.695736+02:00
307275167,de:11000:900003103:1:50,-0.3,2026-10-02T01:01:04.695736+02:00
307275167,de:11000:900003102:1:50,-0.4,2026-10-02T01:01:04.695736+02:00
307275167,de:11000:900003201:3:54,0.0,2026-10-02T01:01:04.695736+02:00
307275167,de:11000:900100001:3:54,-0.6,2026-10-02T01:01:04.695736+02:00
307275167,de:11000:900100002:1:50,-0.9,2026-10-02T01:01:04.695736+02:00
307275167,de:11000:900100003:2:52,-0.6,2026-10-02T01:01:04.695736+02:00
307275167,de:11000:900100004:1:50,-0.9,2026-10-02T01:01:04.695736+02:00
307275167,de:11000:900120005:4:56,-0.1,2026-10-02T01:01:04.695736+02:00
307275167,de:11000:900120004:1:51,-0.1,2026-10-02T01:01:04.695736+02:00
307275167,de:11000:900120003:2:53,-0.4,2026-10-02T01:01:04.695736+02:00
307275167,de:11000:900160001:1:51,-0.4,2026-10-02T01:01:04.695736+02:00
307275167,de:11000:900160002:1:50,-0.7,2026-10-02T01:01:04.695736+02:00
307275167,de:11000:900162001:1:51,-0.3,2026-10-02T01:01:04.695736+02:00
307275167,de:11000:900180002:1:51,-0.3,2026-10-02T01:01:04.695736+02:00
307275167,de:11000:900180001:1:50,-0.7,2026-10-02T01:01:04.695736+02:00
307275167,de:11000:900182001:1:51,-0.2,2026-10-02T01:01:04.695736+02:00
307275167,de:11000:900182002:1:51,-0.4,2026-10-02T01:01:04.695736+02:00
307440995,de:12070:900216026:3:53,0.0,2026-10-02T01:01:04.695736+02:00
307440995,de:12070:900216013:1:50,0.0,2026-10-02T01:01:04.695736+02:00
307440995,de:12070:900215696:1:50,0.0,2026-10-02T01:01:04.695736+02:00
307440995,de:12070:900215350:1:50,0.0,2026-10-02T01:01:04.695736+02:00
307440995,de:12070:900215723:1:50,0.0,2026-10-02T01:01:04.695736+02:00
307440995,de:12068:900205322:1:50,0.0,2026-10-02T01:01:04.695736+02:00
307440995,de:12068:900205130:1:50,0.0,2026-10-02T01:01:04.695736+02:00
307440995,de:12068:900205617:2:51,0.0,2026-10-02T01:01:04.695736+02:00
307440995,de:12068:900205090:1:50,0.0,2026-10-02T01:01:04.695736+02:00
307440995,de:12068:900205092:1:50,0.0,2026-10-02T01:01:04.695736+02:00
307440995,de:12068:900205022:1:50,0.0,2026-10-02T01:01:04.695736+02:00
307440995,de:12068:900205023:1:50,0.0,2026-10-02T01:01:04.695736+02:00
307440995,de:12068:900205006:1:50,0.0,2026-10-02T01:01:04.695736+02:00
307440995,de:12068:900205005:1:50,0.0,2026-10-02T01:01:04.695736+02:00
307440995,de:12065:900203491:1:50,0.0,2026-10-02T01:01:04.695736+02:00
307440995,de:12065:900203452:1:50,0.0,2026-10-02T01:01:04.695736+02:00
307440995,de:12065:900200004:1:51,0.0,2026-10-02T01:01:04.695736+02:00
307440995,de:12065:900200000:1:50,0.0,2026-10-02T01:01:04.695736+02:00
295910136,de:11000:900048101:2:52,0.0,2026-10-02T01:01:04.695736+02:00
295910136,de:11000:900024102:2:52,-0.7,2026-10-02T01:01:04.695736+02:00
295910136,de:11000:900024101:3:55,-0.3,2026-10-02T01:01:04.695736+02:00
295910136,de:11000:900024203:1:51,-0.3,2026-10-02T01:01:04.695736+02:00
295910136,de:11000:900023201:3:54,-0.2,2026-10-02T01:01:04.695736+02:00
295910136,de:11000:900003103:1:50,-0.3,2026-10-02T01:01:04.695736+02:00
295910136,de:11000:900003102:1:50,-0.4,2026-10-02T01:01:04.695736+02:00
295910136,de:11000:900003201:3:54,0.0,2026-10-02T01:01:04.695736+02:00
295910136,de:11000:900100001:3:54,-0.6,2026-10-02T01:01:04.695736+02:00
295910136,de:11000:900100002:1:50,-0.9,2026-10-02T01:01:04.695736+02:00
295910136,de:11000:900100003:2:52,-0.6,2026-10-02T01:01:04.695736+02:00
295910136,de:11000:900100004:1:50,-0.9,2026-10-02T01:01:04.695736+02:00
295910136,de:11000:900120005:4:55,-0.1,2026-10-02T01:01:04.695736+02:00
295910136,de:11000:900120004:1:50,-0.1,2026-10-02T01:01:04.695736+02:00
295910136,de:11000:900120003:2:53,-0.4,2026-10-02T01:01:04.695736+02:00
295910136,de:11000:900160001:1:51,-0.4,2026-10-02T01:01:04.695736+02:00
295910136,de:11000:900160002:1:50,-0.7,2026-10-02T01:01:04.695736+02:00
295910136,de:11000:900162001:1:51,-0.3,2026-10-02T01:01:04.695736+02:00
295910136,de:11000:900180002:1:51,-0.3,2026-10-02T01:01:04.695736+02:00
295910136,de:11000:900180001:1:50,-0.7,2026-10-02T01:01:04.695736+02:00
295910136,de:11000:900182001:1:51,-0.2,2026-10-02T01:01:04.695736+02:00
295910136,de:11000:900182002:1:51,-0.4,2026-10-02T01:01:04.695736+02:00
295910136,de:11000:900183001:1:51,0.0,2026-10-02T01:01:04.695736+02:00
295910136,de:11000:900183002:1:51,-0.3,2026-10-02T01:01:04.695736+02:00
295910136,de:12067:900310004:3:53,-0.5,2026-10-02T01:01:04.695736+02:00
306897130,de:12067:900311129::2,0.0,2026-10-02T01:01:04.695736+02:00
306897130,de:12067:900310755::1,0.0,2026-10-02T01:01:04.695736+02:00
306897130,de:12067:900310738::1,0.0,2026-10-02T01:01:04.695736+02:00
306897130,de:12067:900310725::1,0.0,2026-10-02T01:01:04.695736+02:00
306897130,de:12067:900310909::1,0.0,2026-10-02T01:01:04.695736+02:00
306897130,de:12067:900311000::1,0.0,2026-10-02T01:01:04.695736+02:00
306897130,de:12067:900310968::1,-0.5,2026-10-02T01:01:04.695736+02:00
306897130,de:12067:900310839::1,0.0,2026-10-02T01:01:04.695736+02:00
306897130,de:12067:900310898::1,-0.5,2026-10-02T01:01:04.695736+02:00
306897130,de:12067:900311073::1,0.0,2026-10-02T01:01:04.695736+02:00
306897130,de:12067:900310859::1,0.0,2026-10-02T01:01:04.695736+02:00
306897130,de:12067:900310926::1,0.0,2026-10-02T01:01:04.695736+02:00
306897130,de:12067:900310765::1,0.0,2026-10-02T01:01:04.695736+02:00
306897112,de:12067:900311621::2,0.0,2026-10-02T01:01:04.695736+02:00
306897112,de:12067:900311623::2,0.0,2026-10-02T01:01:04.695736+02:00
306897112,de:12067:900311446::2,0.0,2026-10-02T01:01:04.695736+02:00
306897112,de:12067:900311444::2,0.0,2026-10-02T01:01:04.695736+02:00
306897112,de:12067:900311445::2,0.0,2026-10-02T01:01:04.695736+02:00
306897112,de:12067:900311220::2,0.0,2026-10-02T01:01:04.695736+02:00
306897112,de:12067:900311635::1,0.0,2026-10-02T01:01:04.695736+02:00
306897112,de:12067:900311633::2,0.0,2026-10-02T01:01:04.695736+02:00
306897112,de:12067:900311634::1,0.0,2026-10-02T01:01:04.695736+02:00
306897112,de:12067:900311591::1,0.0,2026-10-02T01:01:04.695736+02:00
306897112,de:12067:900311590::2,0.0,2026-10-02T01:01:04.695736+02:00
306897112,de:12067:900311370::2,0.0,2026-10-02T01:01:04.695736+02:00
306897112,de:12067:900311373::2,0.0,2026-10-02T01:01:04.695736+02:00
306897112,de:12067:900311301::2,0.0,2026-10-02T01:01:04.695736+02:00
306897112,de:12067:900311339::2,0.0,2026-10-02T01:01:04.695736+02:00
306897112,de:12067:900311309::1,0.0,2026-10-02T01:01:04.695736+02:00
306897112,de:12067:900311310::1,0.0,2026-10-02T01:01:04.695736+02:00
306897112,de:12067:900311307::1,0.0,2026-10-02T01:01:04.695736+02:00
306897112,de:12067:900311308::4,0.0,2026-10-02T01:01:04.695736+02:00
307446023,de:12070:900216026:3:53,0.0,2026-10-02T01:01:04.695736+02:00
307446023,de:15090:8010121,0.0,2026-10-02T01:01:04.695736+02:00
307446023,de:15090:8012967,0.0,2026-10-02T01:01:04.695736+02:00
307446023,de:15090:8012568,0.0,2026-10-02T01:01:04.695736+02:00
307446023,de:15090:8011665,0.0,2026-10-02T01:01:04.695736+02:00
307446023,de:15090:8011460,0.0,2026-10-02T01:01:04.695736+02:00
307446023,000008013045,0.0,2026-10-02T01:01:04.695736+02:00
307446023,de:15090:8010335,0.0,2026-10-02T01:01:04.695736+02:00
307446023,de:15090:8010334,0.0,2026-10-02T01:01:04.695736+02:00
307446023,de:15090:8011355,0.0,2026-10-02T01:01:04.695736+02:00
307446023,de:15090:8013083,0.0,2026-10-02T01:01:04.695736+02:00
307446023,de:15083:8012295,0.0,2026-10-02T01:01:04.695736+02:00
307446023,de:15083:8011042,0.0,2026-10-02T01:01:04.695736+02:00
307446023,de:15083:8013402,0.0,2026-10-02T01:01:04.695736+02:00
307446023,de:15083:8073410,0.0,2026-10-02T01:01:04.695736+02:00
307446023,de:15083:8013344,0.0,2026-10-02T01:01:04.695736+02:00
307446023,de:15003:8010086,0.0,2026-10-02T01:01:04.695736+02:00
307446023,de:15003:8012289,0.0,2026-10-02T01:01:04.695736+02:00
307446023,de:15003:8010226,0.0,2026-10-02T01:01:04.695736+02:00
307446023,de:15003:8010224,0.0,2026-10-02T01:01:04.695736+02:00
307446023,de:15003:8013456,0.0,2026-10-02T01:01:04.695736+02:00
307446023,de:15003:8013485,0.0,2026-10-02T01:01:04.695736+02:00
307446023,de:15003:8012291,0.0,2026-10-02T01:01:04.695736+02:00
307446023,de:15003:8012287,0.0,2026-10-02T01:01:04.695736+02:00
307446023,de:15089:8081270,0.0,2026-10-02T01:01:04.695736+02:00
307446023,de:15089:8010318,0.0,2026-10-02T01:01:04.695736+02:00
307446023,de:15089:8081260,0.0,2026-10-02T01:01:04.695736+02:00
307446023,de:15089:8012907,0.0,2026-10-02T01:01:04.695736+02:00
307280598,de:11000:900020202:1:51,0.0,2026-10-02T01:01:04.695736+02:00
307280598,de:11000:900001201:1:51,-0.2,2026-10-02T01:01:04.695736+02:00
307280598,de:11000:900009104:1:51,-0.8,2026-10-02T01:01:04.695736+02:00
307280598,de:11000:900007102:2:52,-0.9,2026-10-02T01:01:04.695736+02:00
307280598,de:11000:900110001:1:50,-0.6,2026-10-02T01:01:04.695736+02:00
307280598,de:11000:900110002:1:50,-0.4,2026-10-02T01:01:04.695736+02:00
307280598,de:11000:900110003:1:50,-0.4,2026-10-02T01:01:04.695736+02:00
307280598,de:11000:900110004:1:50,-0.8,2026-10-02T01:01:04.695736+02:00
307280598,de:11000:900110012:1:50,-0.7,2026-10-02T01:01:04.695736+02:00
307280598,de:11000:900120001:1:50,-0.7,2026-10-02T01:01:04.695736+02:00
307280598,de:11000:900120003:5:58,-0.1,2026-10-02T01:01:04.695736+02:00
307280598,de:11000:900190001:1:50,-0.4,2026-10-02T01:01:04.695736+02:00
307280598,de:11000:900077106:1:50,-0.4,2026-10-02T01:01:04.695736+02:00
307280598,de:11000:900078201:1:50,-0.3,2026-10-02T01:01:04.695736+02:00
307280598,de:11000:900079221:1:50,-0.2,2026-10-02T01:01:04.695736+02:00
307280598,de:11000:900068201:1:50,-0.8,2026-10-02T01:01:04.695736+02:00
307280598,de:11000:900058101:5:58,-0.1,2026-10-02T01:01:04.695736+02:00
307280598,de:11000:900054104:2:52,-0.2,2026-10-02T01:01:04.695736+02:00
307280598,de:11000:900054105:1:50,-0.9,2026-10-02T01:01:04.695736+02:00
307280598,de:11000:900044202:1:50,-0.7,2026-10-02T01:01:04.695736+02:00
307280598,de:11000:900045102:1:50,-0.7,2026-10-02T01:01:04.695736+02:00
307280598,de:11000:900044101:1:50,-0.8,2026-10-02T01:01:04.695736+02:00
307280598,de:11000:900040101:1:50,-0.8,2026-10-02T01:01:04.695736+02:00
307280475,de:11000:900020202:1:50,0.0,2026-10-02T01:01:04.695736+02:00
307280475,de:11000:900001201:1:50,-0.2,2026-10-02T01:01:04.695736+02:00
307280475,de:11000:900009104:1:50,-0.8,2026-10-02T01:01:04.695736+02:00
307280475,de:11000:900007102:2:52,-0.4,2026-10-02T01:01:04.695736+02:00
307280475,de:11000:900110001:1:50,-0.6,2026-10-02T01:01:04.695736+02:00
307280475,de:11000:900110002:1:50,-0.4,2026-10-02T01:01:04.695736+02:00
307280475,de:11000:900110003:1:50,-0.4,2026-10-02T01:01:04.695736+02:00
307280475,de:11000:900110004:1:50,-0.8,2026-10-02T01:01:04.695736+02:00
307280475,de:11000:900110012:1:50,-0.7,2026-10-02T01:01:04.695736+02:00
307280475,de:11000:900120001:1:50,-0.7,2026-10-02T01:01:04.695736+02:00
307280475,de:11000:900120003:5:58,-0.1,2026-10-02T01:01:04.695736+02:00
307280475,de:11000:900190001:1:50,-0.4,2026-10-02T01:01:04.695736+02:00
307280475,de:11000:900077106:1:50,-0.4,2026-10-02T01:01:04.695736+02:00
307280475,de:11000:900078201:1:50,-0.3,2026-10-02T01:01:04.695736+02:00
307280475,de:11000:900079221:1:50,-0.2,2026-10-02T01:01:04.695736+02:00
307280475,de:11000:900068201:1:50,-0.8,2026-10-02T01:01:04.695736+02:00
307280475,de:11000:900058101:5:58,-0.1,2026-10-02T01:01:04.695736+02:00
307280475,de:11000:900054104:2:52,-0.7,2026-10-02T01:01:04.695736+02:00
307280475,de:11000:900054105:1:50,-0.9,2026-10-02T01:01:04.695736+02:00
307280475,de:11000:900044202:1:50,-0.7,2026-10-02T01:01:04.695736+02:00
307280475,de:11000:900045102:1:50,-0.7,2026-10-02T01:01:04.695736+02:00
307280475,de:11000:900044101:1:50,-0.8,2026-10-02T01:01:04.695736+02:00
307280475,de:11000:900040101:1:50,-0.3,2026-10-02T01:01:04.695736+02:00
307280475,de:11000:900024101:3:54,-0.8,2026-10-02T01:01:04.695736+02:00
306896810,de:12067:900310001::4,0.0,2026-10-02T01:01:04.695736+02:00
306896810,de:12067:900310816::1,0.0,2026-10-02T01:01:04.695736+02:00
306896810,de:12067:900310627::1,0.0,2026-10-02T01:01:04.695736+02:00
306896810,de:12067:900310781::1,0.0,2026-10-02T01:01:04.695736+02:00
306896810,de:12067:900310822::1,0.0,2026-10-02T01:01:04.695736+02:00
306896810,de:12067:900310808::1,0.0,2026-10-02T01:01:04.695736+02:00
306896810,de:12067:900310779::1,0.0,2026-10-02T01:01:04.695736+02:00
306896810,de:12067:900310995::1,0.0,2026-10-02T01:01:04.695736+02:00
306896810,de:12067:900311104::1,0.0,2026-10-02T01:01:04.695736+02:00
306896810,de:12067:900310784::1,0.0,2026-10-02T01:01:04.695736+02:00
306896810,de:12067:900310786::1,0.0,2026-10-02T01:01:04.695736+02:00
306896810,de:12067:900310994::1,0.0,2026-10-02T01:01:04.695736+02:00
306896810,de:12067:900310993::1,0.0,2026-10-02T01:01:04.695736+02:00
307280453,de:11000:900020202:1:50,0.0,2026-10-02T01:01:04.695736+02:00
307280453,de:11000:900001201:1:50,-0.2,2026-10-02T01:01:04.695736+02:00
307280453,de:11000:900009104:1:50,-0.8,2026-10-02T01:01:04.695736+02:00
307280453,de:11000:900007102:2:52,-0.4,2026-10-02T01:01:04.695736+02:00
307280453,de:11000:900110001:1:50,-0.6,2026-10-02T01:01:04.695736+02:00
307280453,de:11000:900110002:1:50,-0.4,2026-10-02T01:01:04.695736+02:00
307280453,de:11000:900110003:1:50,-0.4,2026-10-02T01:01:04.695736+02:00
307280453,de:11000:900110004:1:50,-0.8,2026-10-02T01:01:04.695736+02:00
307280453,de:11000:900110012:1:50,-0.7,2026-10-02T01:01:04.695736+02:00
307280453,de:11000:900120001:1:50,-0.7,2026-10-02T01:01:04.695736+02:00
307280453,de:11000:900120003:5:58,-0.1,2026-10-02T01:01:04.695736+02:00
307280453,de:11000:900190001:1:50,-0.4,2026-10-02T01:01:04.695736+02:00
307280453,de:11000:900077106:1:50,-0.4,2026-10-02T01:01:04.695736+02:00
307280453,de:11000:900078201:1:50,-0.3,2026-10-02T01:01:04.695736+02:00
307280453,de:11000:900079221:1:50,-0.2,2026-10-02T01:01:04.695736+02:00
307280453,de:11000:900068201:1:50,-0.8,2026-10-02T01:01:04.695736+02:00
307280453,de:11000:900058101:5:58,-0.1,2026-10-02T01:01:04.695736+02:00
307280453,de:11000:900054104:2:52,-0.7,2026-10-02T01:01:04.695736+02:00
307280453,de:11000:900054105:1:50,-0.9,2026-10-02T01:01:04.695736+02:00
307280453,de:11000:900044202:1:50,-0.7,2026-10-02T01:01:04.695736+02:00
307280453,de:11000:900045102:1:50,-0.7,2026-10-02T01:01:04.695736+02:00
307280453,de:11000:900044101:1:50,-0.8,2026-10-02T01:01:04.695736+02:00
307280453,de:11000:900040101:1:50,-0.3,2026-10-02T01:01:04.695736+02:00
307280453,de:11000:900024101:3:54,-0.8,2026-10-02T01:01:04.695736+02:00
307280575,de:11000:900020202:1:51,0.0,2026-10-02T01:01:04.695736+02:00
307280575,de:11000:900001201:1:51,-0.2,2026-10-02T01:01:04.695736+02:00
307280575,de:11000:900009104:1:51,-0.8,2026-10-02T01:01:04.695736+02:00
307280575,de:11000:900007102:2:52,-0.9,2026-10-02T01:01:04.695736+02:00
307280575,de:11000:900110001:1:50,-0.6,2026-10-02T01:01:04.695736+02:00
307280575,de:11000:900110002:1:50,-0.4,2026-10-02T01:01:04.695736+02:00
307280575,de:11000:900110003:1:50,-0.4,2026-10-02T01:01:04.695736+02:00
307280575,de:11000:900110004:1:50,-0.8,2026-10-02T01:01:04.695736+02:00
307280575,de:11000:900110012:1:50,-0.7,2026-10-02T01:01:04.695736+02:00
307280575,de:11000:900120001:1:50,-0.7,2026-10-02T01:01:04.695736+02:00
307280575,de:11000:900120003:5:58,-0.1,2026-10-02T01:01:04.695736+02:00
307280575,de:11000:900190001:1:50,-0.4,2026-10-02T01:01:04.695736+02:00
307280575,de:11000:900077106:1:50,-0.4,2026-10-02T01:01:04.695736+02:00
307280575,de:11000:900078201:1:50,-0.3,2026-10-02T01:01:04.695736+02:00
307280575,de:11000:900079221:1:50,-0.2,2026-10-02T01:01:04.695736+02:00
307280575,de:11000:900068201:1:50,-0.8,2026-10-02T01:01:04.695736+02:00
307280575,de:11000:900058101:5:58,-0.1,2026-10-02T01:01:04.695736+02:00
307280575,de:11000:900054104:2:52,-0.2,2026-10-02T01:01:04.695736+02:00
307280575,de:11000:900054105:1:50,-0.9,2026-10-02T01:01:04.695736+02:00
307280575,de:11000:900044202:1:50,-0.7,2026-10-02T01:01:04.695736+02:00
307280575,de:11000:900045102:1:50,-0.7,2026-10-02T01:01:04.695736+02:00
307280575,de:11000:900044101:1:50,-0.8,2026-10-02T01:01:04.695736+02:00
307280575,de:11000:900040101:1:50,-0.8,2026-10-02T01:01:04.695736+02:00
307280546,de:11000:900020202:1:51,0.0,2026-10-02T01:01:04.695736+02:00
307280546,de:11000:900001201:1:51,-0.2,2026-10-02T01:01:04.695736+02:00
307280546,de:11000:900009104:1:51,-0.8,2026-10-02T01:01:04.695736+02:00
307280546,de:11000:900007102:2:52,-0.9,2026-10-02T01:01:04.695736+02:00
307280546,de:11000:900110001:1:50,-0.6,2026-10-02T01:01:04.695736+02:00
307280546,de:11000:900110002:1:50,-0.4,2026-10-02T01:01:04.695736+02:00
307280546,de:11000:900110003:1:50,-0.4,2026-10-02T01:01:04.695736+02:00
307280546,de:11000:900110004:1:50,-0.8,2026-10-02T01:01:04.695736+02:00
307280546,de:11000:900110012:1:50,-0.7,2026-10-02T01:01:04.695736+02:00
307280546,de:11000:900120001:1:50,-0.7,2026-10-02T01:01:04.695736+02:00
307280546,de:11000:900120003:5:58,-0.1,2026-10-02T01:01:04.695736+02:00
307280546,de:11000:900190001:1:50,-0.4,2026-10-02T01:01:04.695736+02:00
307280546,de:11000:900077106:1:50,-0.4,2026-10-02T01:01:04.695736+02:00
307280546,de:11000:900078201:1:50,-0.3,2026-10-02T01:01:04.695736+02:00
307280546,de:11000:900079221:1:50,-0.2,2026-10-02T01:01:04.695736+02:00
307280546,de:11000:900068201:1:50,-0.8,2026-10-02T01:01:04.695736+02:00
307280546,de:11000:900058101:5:58,-0.1,2026-10-02T01:01:04.695736+02:00
307280546,de:11000:900054104:2:52,-0.2,2026-10-02T01:01:04.695736+02:00
307280546,de:11000:900054105:1:50,-0.9,2026-10-02T01:01:04.695736+02:00
307280546,de:11000:900044202:1:50,-0.7,2026-10-02T01:01:04.695736+02:00
307280546,de:11000:900045102:1:50,-0.7,2026-10-02T01:01:04.695736+02:00
307280546,de:11000:900044101:1:50,-0.8,2026-10-02T01:01:04.695736+02:00
307280546,de:11000:900040101:1:50,-0.8,2026-10-02T01:01:04.695736+02:00
307286616,de:11000:900024101:3:54,0.0,2026-10-02T01:01:04.695736+02:00
307286616,de:11000:900040101:1:50,-0.2,2026-10-02T01:01:04.695736+02:00
307286616,de:11000:900044101:1:50,-0.3,2026-10-02T01:01:04.695736+02:00
307286616,de:11000:900045102:1:51,-0.4,2026-10-02T01:01:04.695736+02:00
307286616,de:11000:900044202:1:51,-0.4,2026-10-02T01:01:04.695736+02:00
307286616,de:11000:900054105:1:51,-0.2,2026-10-02T01:01:04.695736+02:00
307286616,de:11000:900054104:2:53,-0.8,2026-10-02T01:01:04.695736+02:00
307286616,de:11000:900058101:5:59,-0.2,2026-10-02T01:01:04.695736+02:00
307286616,de:11000:900068201:1:51,-0.8,2026-10-02T01:01:04.695736+02:00
307286616,de:11000:900079221:1:51,-0.4,2026-10-02T01:01:04.695736+02:00
307286616,de:11000:900078201:1:51,-0.1,2026-10-02T01:01:04.695736+02:00
307286616,de:11000:900077106:1:51,0.0,2026-10-02T01:01:04.695736+02:00
307286616,de:11000:900190001:2:52,-0.9,2026-10-02T01:01:04.695736+02:00
307286616,de:11000:900120003:5:59,-0.4,2026-10-02T01:01:04.695736+02:00
307286616,de:11000:900120001:1:51,0.0,2026-10-02T01:01:04.695736+02:00
307286616,de:11000:900110012:1:51,-0.2,2026-10-02T01:01:04.695736+02:00
307286616,de:11000:900110004:1:51,-0.1,2026-10-02T01:01:04.695736+02:00
307286616,de:11000:900110003:1:51,-0.4,2026-10-02T01:01:04.695736+02:00
307286616,de:11000:900110002:1:51,-0.4,2026-10-02T01:01:04.695736+02:00
307286616,de:11000:900110001:1:51,-0.1,2026-10-02T01:01:04.695736+02:00
307286616,de:11000:900007102:1:51,-0.6,2026-10-02T01:01:04.695736+02:00
307286616,de:11000:900009104:1:51,-0.8,2026-10-02T01:01:04.695736+02:00
307286616,de:11000:900001201:1:51,-0.3,2026-10-02T01:01:04.695736+02:00
307286616,de:11000:900020202:1:51,-0.1,2026-10-02T01:01:04.695736+02:00
307289072,de:11000:900079221:1:51,0.0,2026-10-02T01:01:04.695736+02:00
307289072,de:11000:900078201:1:51,-0.1,2026-10-02T01:01:04.695736+02:00
307289072,de:11000:900077106:1:51,0.0,2026-10-02T01:01:04.695736+02:00
307289072,de:11000:900190001:2:52,-0.9,2026-10-02T01:01:04.695736+02:00
307289072,de:11000:900120003:5:59,-0.4,2026-10-02T01:01:04.695736+02:00
307289072,de:11000:900120001:1:51,0.0,2026-10-02T01:01:04.695736+02:00
307289072,de:11000:900110012:1:51,-0.2,2026-10-02T01:01:04.695736+02:00
307289072,de:11000:900110004:1:51,-0.1,2026-10-02T01:01:04.695736+02:00
307289072,de:11000:900110003:1:51,-0.4,2026-10-02T01:01:04.695736+02:00
307289072,de:11000:900110002:1:51,-0.4,2026-10-02T01:01:04.695736+02:00
307289072,de:11000:900110001:1:51,-0.1,2026-10-02T01:01:04.695736+02:00
307289072,de:11000:900007102:1:51,-0.6,2026-10-02T01:01:04.695736+02:00
307289072,de:11000:900009104:1:51,-0.3,2026-10-02T01:01:04.695736+02:00
307289046,de:11000:900079221:1:51,0.0,2026-10-02T01:01:04.695736+02:00
307289046,de:11000:900078201:1:51,-0.1,2026-10-02T01:01:04.695736+02:00
307289046,de:11000:900077106:1:51,0.0,2026-10-02T01:01:04.695736+02:00
307289046,de:11000:900190001:2:52,-0.9,2026-10-02T01:01:04.695736+02:00
307289046,de:11000:900120003:5:59,-0.4,2026-10-02T01:01:04.695736+02:00
307289046,de:11000:900120001:1:51,0.0,2026-10-02T01:01:04.695736+02:00
307289046,de:11000:900110012:1:51,-0.2,2026-10-02T01:01:04.695736+02:00
307289046,de:11000:900110004:1:51,-0.1,2026-10-02T01:01:04.695736+02:00
307289046,de:11000:900110003:1:51,-0.4,2026-10-02T01:01:04.695736+02:00
307289046,de:11000:900110002:1:51,-0.4,2026-10-02T01:01:04.695736+02:00
307289046,de:11000:900110001:1:51,-0.1,2026-10-02T01:01:04.695736+02:00
307289046,de:11000:900007102:1:51,-0.6,2026-10-02T01:01:04.695736+02:00
307289046,de:11000:900009104:1:51,-0.3,2026-10-02T01:01:04.695736+02:00
307292640,de:12061:900260001:2:52,0.0,2026-10-02T01:01:04.695736+02:00
307292640,de:12061:900260002:1:51,-0.8,2026-10-02T01:01:04.695736+02:00
307292640,de:12061:900260003:1:51,-0.7,2026-10-02T01:01:04.695736+02:00
307292640,de:12061:900260004:1:51,-0.9,2026-10-02T01:01:04.695736+02:00
307292640,de:11000:900186001:2:53,-0.2,2026-10-02T01:01:04.695736+02:00
307292640,de:11000:900193002:1:51,-0.2,2026-10-02T01:01:04.695736+02:00
307292640,de:11000:900193001:2:51,-0.8,2026-10-02T01:01:04.695736+02:00
307292640,de:11000:900192001:3:55,-0.7,2026-10-02T01:01:04.695736+02:00
307292640,de:11000:900191001:1:50,-0.4,2026-10-02T01:01:04.695736+02:00
307292640,de:11000:900077155:1:50,-0.9,2026-10-02T01:01:04.695736+02:00
307292640,de:11000:900078201:1:50,-0.4,2026-10-02T01:01:04.695736+02:00
307292640,de:11000:900079221:1:50,-0.2,2026-10-02T01:01:04.695736+02:00
307292640,de:11000:900068201:1:50,-0.8,2026-10-02T01:01:04.695736+02:00
307292640,de:11000:900058101:5:58,-0.1,2026-10-02T01:01:04.695736+02:00
307292640,de:11000:900054104:2:52,-0.2,2026-10-02T01:01:04.695736+02:00
307292640,de:11000:900054105:1:50,-0.9,2026-10-02T01:01:04.695736+02:00
307292640,de:11000:900044202:1:50,-0.7,2026-10-02T01:01:04.695736+02:00
295928995,de:11000:900192001:3:54,0.0,2026-10-02T01:01:04.695736+02:00
295928995,de:11000:900191001:1:50,-0.4,2026-10-02T01:01:04.695736+02:00
295928995,de:11000:900077155:1:50,-0.9,2026-10-02T01:01:04.695736+02:00
295928995,de:11000:900078201:1:50,-0.9,2026-10-02T01:01:04.695736+02:00
295928995,de:11000:900079221:1:50,-0.7,2026-10-02T01:01:04.695736+02:00
306896976,de:12067:900311308::6,0.0,2026-10-02T01:01:04.695736+02:00
306896976,de:12067:900311335::1,0.0,2026-10-02T01:01:04.695736+02:00
306896976,de:12067:900311341::1,0.0,2026-10-02T01:01:04.695736+02:00
306896976,de:12067:900311345::1,0.0,2026-10-02T01:01:04.695736+02:00
306896976,de:12067:900311378::1,0.0,2026-10-02T01:01:04.695736+02:00
306896976,de:12067:900311376::1,0.0,2026-10-02T01:01:04.695736+02:00
306896976,de:12067:900311377::1,0.0,2026-10-02T01:01:04.695736+02:00
306896976,de:12067:900311362::1,0.0,2026-10-02T01:01:04.695736+02:00
306896976,de:12067:900311363::1,0.0,2026-10-02T01:01:04.695736+02:00
306896976,de:12067:900311365::1,0.0,2026-10-02T01:01:04.695736+02:00
306896976,de:12067:900311374::1,0.0,2026-10-02T01:01:04.695736+02:00
306896976,de:12067:900311364::2,0.0,2026-10-02T01:01:04.695736+02:00
306896976,de:12067:900311371::2,0.0,2026-10-02T01:01:04.695736+02:00
306896976,de:12067:900311336::1,0.0,2026-10-02T01:01:04.695736+02:00
306896976,de:12067:900311352::1,0.0,2026-10-02T01:01:04.695736+02:00
306896976,de:12067:900311333::1,0.0,2026-10-02T01:01:04.695736+02:00
306896976,de:12067:900311334::1,0.0,2026-10-02T01:01:04.695736+02:00
306896976,de:12067:900311304::1,0.0,2026-10-02T01:01:04.695736+02:00
306896976,de:12067:900311305::2,0.0,2026-10-02T01:01:04.695736+02:00
306896976,de:12067:900311383::6,0.0,2026-10-02T01:01:04.695736+02:00
306896976,de:12067:900311383::6,-12.0,2026-10-02T01:01:04.695736+02:00
306896976,de:12067:900311382::1,0.0,2026-10-02T01:01:04.695736+02:00
306896976,de:12067:900311381::1,0.0,2026-10-02T01:01:04.695736+02:00
306896976,de:12067:900311367::1,0.0,2026-10-02T01:01:04.695736+02:00
306896976,de:12067:900311382::2,0.0,2026-10-02T01:01:04.695736+02:00
306896976,de:12067:900311383::6,12.0,2026-10-02T01:01:04.695736+02:00
306896976,de:12067:900311383::6,0.0,2026-10-02T01:01:04.695736+02:00
295932989,de:11000:900058101:5:59,0.0,2026-10-02T01:01:04.695736+02:00
295932989,de:11000:900068201:1:51,-0.3,2026-10-02T01:01:04.695736+02:00
295932989,de:11000:900079221:1:51,-0.9,2026-10-02T01:01:04.695736+02:00
295932989,de:11000:900078201:1:51,-0.6,2026-10-02T01:01:04.695736+02:00
295932989,de:11000:900077155:1:51,-0.2,2026-10-02T01:01:04.695736+02:00
295932989,de:11000:900191001:2:51,-0.7,2026-10-02T01:01:04.695736+02:00
295932989,de:11000:900192001:2:53,-0.7,2026-10-02T01:01:04.695736+02:00
295932989,de:11000:900192002:1:50,-0.5,2026-10-02T01:01:04.695736+02:00
295932989,de:11000:900180003:1:50,-0.7,2026-10-02T01:01:04.695736+02:00
295932978,de:11000:900058101:5:59,0.0,2026-10-02T01:01:04.695736+02:00
295932978,de:11000:900068201:1:51,-0.3,2026-10-02T01:01:04.695736+02:00
295932978,de:11000:900079221:1:51,-0.9,2026-10-02T01:01:04.695736+02:00
295932978,de:11000:900078201:1:51,-0.6,2026-10-02T01:01:04.695736+02:00
295932978,de:11000:900077155:1:51,-0.2,2026-10-02T01:01:04.695736+02:00
295932978,de:11000:900191001:2:51,-0.7,2026-10-02T01:01:04.695736+02:00
295932978,de:11000:900192001:2:53,-0.7,2026-10-02T01:01:04.695736+02:00
295932978,de:11000:900192002:1:50,-0.5,2026-10-02T01:01:04.695736+02:00
295932978,de:11000:900180003:1:50,-0.7,2026-10-02T01:01:04.695736+02:00
295932961,de:11000:900058101:5:59,0.0,2026-10-02T01:01:04.695736+02:00
295932961,de:11000:900068201:1:51,-0.3,2026-10-02T01:01:04.695736+02:00
295932961,de:11000:900079221:1:51,-0.9,2026-10-02T01:01:04.695736+02:00
295932961,de:11000:900078201:1:51,-0.6,2026-10-02T01:01:04.695736+02:00
295932961,de:11000:900077155:1:51,-0.2,2026-10-02T01:01:04.695736+02:00
295932961,de:11000:900191001:2:51,-0.7,2026-10-02T01:01:04.695736+02:00
295932961,de:11000:900192001:2:53,-0.7,2026-10-02T01:01:04.695736+02:00
295932961,de:11000:900192002:1:50,-0.5,2026-10-02T01:01:04.695736+02:00
295932961,de:11000:900180003:1:50,-0.7,2026-10-02T01:01:04.695736+02:00
295932956,de:11000:900058101:5:59,0.0,2026-10-02T01:01:04.695736+02:00
295932956,de:11000:900068201:1:51,-0.3,2026-10-02T01:01:04.695736+02:00
295932956,de:11000:900079221:1:51,-0.9,2026-10-02T01:01:04.695736+02:00
295932956,de:11000:900078201:1:51,-0.6,2026-10-02T01:01:04.695736+02:00
295932956,de:11000:900077155:1:51,-0.2,2026-10-02T01:01:04.695736+02:00
295932956,de:11000:900191001:2:51,-0.7,2026-10-02T01:01:04.695736+02:00
295932956,de:11000:900192001:2:53,-0.7,2026-10-02T01:01:04.695736+02:00
295932956,de:11000:900192002:1:50,-0.5,2026-10-02T01:01:04.695736+02:00
295932956,de:11000:900180003:1:50,-0.7,2026-10-02T01:01:04.695736+02:00
295936923,de:12064:900320001:1:50,0.0,2026-10-02T01:01:04.695736+02:00
295936923,de:12064:900320002:1:50,-0.3,2026-10-02T01:01:04.695736+02:00
295936923,de:12064:900320003:1:50,-0.1,2026-10-02T01:01:04.695736+02:00
295936923,de:12064:900320004:2:51,-0.8,2026-10-02T01:01:04.695736+02:00
295936923,de:12064:900320005:1:50,0.0,2026-10-02T01:01:04.695736+02:00
295936923,de:12064:900320006:1:51,-0.8,2026-10-02T01:01:04.695736+02:00
295936923,de:12064:900320007:1:50,-0.8,2026-10-02T01:01:04.695736+02:00
295936923,de:12064:900320008:1:51,-0.5,2026-10-02T01:01:04.695736+02:00
295936923,de:12064:900320026:1:50,-0.3,2026-10-02T01:01:04.695736+02:00
295936923,de:11000:900176001:1:51,-0.7,2026-10-02T01:01:04.695736+02:00
295936923,de:11000:900175002:1:50,-0.7,2026-10-02T01:01:04.695736+02:00
295936923,de:11000:900175001:1:50,-0.6,2026-10-02T01:01:04.695736+02:00
295936923,de:11000:900171001:1:50,-0.3,2026-10-02T01:01:04.695736+02:00
295936923,de:11000:900171002:1:51,-0.4,2026-10-02T01:01:04.695736+02:00
295936923,de:11000:900160004:1:51,-0.8,2026-10-02T01:01:04.695736+02:00
295936923,de:11000:900160003:1:51,-0.9,2026-10-02T01:01:04.695736+02:00
295936923,de:11000:900120003:3:55,-0.1,2026-10-02T01:01:04.695736+02:00
295936923,de:11000:900120004:2:53,-0.6,2026-10-02T01:01:04.695736+02:00
295936923,de:11000:900120005:5:58,-0.9,2026-10-02T01:01:04.695736+02:00
295936923,de:11000:900100004:1:51,-0.4,2026-10-02T01:01:04.695736+02:00
295936923,de:11000:900100003:2:53,-0.4,2026-10-02T01:01:04.695736+02:00
295936923,de:11000:900100002:1:51,-0.4,2026-10-02T01:01:04.695736+02:00
295936923,de:11000:900100001:3:55,-0.4,2026-10-02T01:01:04.695736+02:00
295936923,de:11000:900003201:3:55,-0.1,2026-10-02T01:01:04.695736+02:00
295936923,de:11000:900003102:1:51,-0.8,2026-10-02T01:01:04.695736+02:00
295936923,de:11000:900003103:1:51,-0.9,2026-10-02T01:01:04.695736+02:00
295936923,de:11000:900023201:3:55,-0.8,2026-10-02T01:01:04.695736+02:00
295936923,de:11000:900024203:1:51,-0.8,2026-10-02T01:01:04.695736+02:00
295936923,de:11000:900024101:4:57,-0.8,2026-10-02T01:01:04.695736+02:00
295936923,de:11000:900024102:1:51,-0.1,2026-10-02T01:01:04.695736+02:00
307301982,de:11000:900024102:2:52,0.0,2026-10-02T01:01:04.695736+02:00
307301982,de:11000:900024101:3:55,-0.8,2026-10-02T01:01:04.695736+02:00
307301982,de:11000:900024203:1:51,-0.8,2026-10-02T01:01:04.695736+02:00
307301982,de:11000:900023201:3:54,-0.7,2026-10-02T01:01:04.695736+02:00
307301982,de:11000:900003103:1:50,-0.8,2026-10-02T01:01:04.695736+02:00
307301982,de:11000:900003102:1:50,-0.9,2026-10-02T01:01:04.695736+02:00
307301982,de:11000:900003201:3:54,-0.5,2026-10-02T01:01:04.695736+02:00
307301982,de:11000:900100001:3:54,-0.1,2026-10-02T01:01:04.695736+02:00
307301982,de:11000:900100002:1:50,-0.4,2026-10-02T01:01:04.695736+02:00
307301982,de:11000:900100003:2:52,-0.1,2026-10-02T01:01:04.695736+02:00
307301982,de:11000:900100004:1:50,-0.4,2026-10-02T01:01:04.695736+02:00
307301982,de:11000:900120005:4:55,-0.6,2026-10-02T01:01:04.695736+02:00
307301982,de:11000:900120004:1:50,-0.1,2026-10-02T01:01:04.695736+02:00
307301982,de:11000:900120003:2:53,-0.4,2026-10-02T01:01:04.695736+02:00
307301982,de:11000:900160003:1:50,-0.7,2026-10-02T01:01:04.695736+02:00
307301982,de:11000:900160004:1:50,-0.7,2026-10-02T01:01:04.695736+02:00
307301982,de:11000:900171002:1:50,-0.2,2026-10-02T01:01:04.695736+02:00
307301982,de:11000:900171001:2:51,-0.3,2026-10-02T01:01:04.695736+02:00
307301982,de:11000:900175001:2:51,-0.5,2026-10-02T01:01:04.695736+02:00
307301982,de:11000:900175002:1:51,0.0,2026-10-02T01:01:04.695736+02:00
307301982,de:11000:900176001:2:52,-0.3,2026-10-02T01:01:04.695736+02:00
307301982,de:12064:900320026:1:51,-0.1,2026-10-02T01:01:04.695736+02:00
307301982,de:12064:900320008:1:50,-0.7,2026-10-02T01:01:04.695736+02:00
307301982,de:12064:900320007:1:50,-0.4,2026-10-02T01:01:04.695736+02:00
307301982,de:12064:900320006:1:50,-0.8,2026-10-02T01:01:04.695736+02:00
307301982,de:12064:900320005:1:50,-0.2,2026-10-02T01:01:04.695736+02:00
307301982,de:12064:900320004:2:51,-0.9,2026-10-02T01:01:04.695736+02:00
307301982,de:12064:900320003:1:50,-0.8,2026-10-02T01:01:04.695736+02:00
307301982,de:12064:900320002:1:50,-0.5,2026-10-02T01:01:04.695736+02:00
307301982,de:12064:900320001:1:50,-0.2,2026-10-02T01:01:04.695736+02:00
295940774,de:11000:900120005:4:56,0.0,2026-10-02T01:01:04.695736+02:00
295940774,de:11000:900120004:1:51,-0.1,2026-10-02T01:01:04.695736+02:00
295940774,de:11000:900120003:2:52,-0.4,2026-10-02T01:01:04.695736+02:00
295940774,de:11000:900160003:1:50,-0.7,2026-10-02T01:01:04.695736+02:00
295940774,de:11000:900160004:1:50,-0.7,2026-10-02T01:01:04.695736+02:00
295940774,de:11000:900171002:1:50,-0.2,2026-10-02T01:01:04.695736+02:00
295940774,de:11000:900171001:2:51,-0.3,2026-10-02T01:01:04.695736+02:00
295940774,de:11000:900175001:2:51,-0.5,2026-10-02T01:01:04.695736+02:00
295940774,de:11000:900175002:1:51,0.0,2026-10-02T01:01:04.695736+02:00
295940774,de:11000:900176001:1:50,-0.7,2026-10-02T01:01:04.695736+02:00
306895381,de:12061:900260968::1,0.0,2026-10-02T01:01:04.695736+02:00
306895381,de:12061:900260584::1,0.0,2026-10-02T01:01:04.695736+02:00
306895381,de:12067:900310843::2,0.0,2026-10-02T01:01:04.695736+02:00
306895381,de:12067:900310842::2,0.0,2026-10-02T01:01:04.695736+02:00
306895381,de:12067:900310611::2,0.0,2026-10-02T01:01:04.695736+02:00
306895245,de:12061:900261462::1,0.0,2026-10-02T01:01:04.695736+02:00
306895245,de:12061:900261459::1,0.0,2026-10-02T01:01:04.695736+02:00
306895245,de:12061:900261610::1,-0.5,2026-10-02T01:01:04.695736+02:00
306895245,de:12061:900261192::2,0.0,2026-10-02T01:01:04.695736+02:00
306895245,de:12067:900311006::1,-0.5,2026-10-02T01:01:04.695736+02:00
306895245,de:12067:900310978::1,0.0,2026-10-02T01:01:04.695736+02:00
306895245,de:12061:900261908::1,0.0,2026-10-02T01:01:04.695736+02:00
306895245,de:12061:900261908::2,0.0,2026-10-02T01:01:04.695736+02:00
306895245,de:12067:900310978::2,0.0,2026-10-02T01:01:04.695736+02:00
306895245,de:12067:900310967::1,-0.5,2026-10-02T01:01:04.695736+02:00
306895245,de:12067:900310939::1,0.0,2026-10-02T01:01:04.695736+02:00
306895245,de:12067:900310767::1,0.0,2026-10-02T01:01:04.695736+02:00
306895245,de:12067:900310891::1,0.0,2026-10-02T01:01:04.695736+02:00
306895245,de:12067:900310767::2,0.0,2026-10-02T01:01:04.695736+02:00
306895245,de:12067:900310766::1,0.0,2026-10-02T01:01:04.695736+02:00
306895245,de:12067:900310765::1,0.0,2026-10-02T01:01:04.695736+02:00
306895245,de:12067:900310764::2,0.0,2026-10-02T01:01:04.695736+02:00
306895245,de:12067:900310910::1,0.0,2026-10-02T01:01:04.695736+02:00
306895245,de:12067:900311101::2,0.0,2026-10-02T01:01:04.695736+02:00
306895245,de:12067:900311100::1,0.0,2026-10-02T01:01:04.695736+02:00
306895245,de:12067:900311099::2,0.0,2026-10-02T01:01:04.695736+02:00
306895245,de:12067:900310725::2,0.0,2026-10-02T01:01:04.695736+02:00
306895245,de:12067:900310738::2,0.0,2026-10-02T01:01:04.695736+02:00
306895245,de:12067:900310639::1,0.0,2026-10-02T01:01:04.695736+02:00
306895245,de:12067:900310626::1,0.0,2026-10-02T01:01:04.695736+02:00
306895245,de:12067:900310727::1,0.0,2026-10-02T01:01:04.695736+02:00
306895245,de:12067:900310755::2,0.0,2026-10-02T01:01:04.695736+02:00
306895245,de:12067:900310728::1,0.0,2026-10-02T01:01:04.695736+02:00
306895245,de:12067:900311129::6,0.0,2026-10-02T01:01:04.695736+02:00
306897060,de:12067:900310874::1,0.0,2026-10-02T01:01:04.695736+02:00
306897060,de:12067:900310925::1,0.0,2026-10-02T01:01:04.695736+02:00
306897060,de:12067:900310600::2,0.0,2026-10-02T01:01:04.695736+02:00
306897060,de:12067:900310829::1,0.0,2026-10-02T01:01:04.695736+02:00
306897060,de:12067:900310828::1,0.0,2026-10-02T01:01:04.695736+02:00
306897060,de:12067:900311080::1,0.0,2026-10-02T01:01:04.695736+02:00
306897060,de:12067:900310613::1,0.0,2026-10-02T01:01:04.695736+02:00
306897060,de:12067:900310613::1,-9.0,2026-10-02T01:01:04.695736+02:00
306897060,de:12067:900311078::2,0.0,2026-10-02T01:01:04.695736+02:00
306897060,de:12067:900311077::2,0.0,2026-10-02T01:01:04.695736+02:00
306897060,de:12067:900311077::1,0.0,2026-10-02T01:01:04.695736+02:00
306897060,de:12067:900311078::1,0.0,2026-10-02T01:01:04.695736+02:00
306897060,de:12067:900310613::1,9.0,2026-10-02T01:01:04.695736+02:00
306897060,de:12067:900310613::1,0.0,2026-10-02T01:01:04.695736+02:00
306897060,de:12067:900311076::2,0.0,2026-10-02T01:01:04.695736+02:00
306897060,de:12067:900311009::1,0.0,2026-10-02T01:01:04.695736+02:00
306897060,de:12067:900311079::1,0.0,2026-10-02T01:01:04.695736+02:00
306897060,de:12067:900310731::1,0.0,2026-10-02T01:01:04.695736+02:00
306897060,de:12067:900310700::1,0.0,2026-10-02T01:01:04.695736+02:00
306897060,de:12067:900310941::1,0.0,2026-10-02T01:01:04.695736+02:00
306897060,de:12067:900311016::1,0.0,2026-10-02T01:01:04.695736+02:00
306897060,de:12067:900310921::1,0.0,2026-10-02T01:01:04.695736+02:00
306897060,de:12067:900310940::1,0.0,2026-10-02T01:01:04.695736+02:00
295940225,de:11000:900024102:2:52,0.0,2026-10-02T01:01:04.695736+02:00
295940225,de:11000:900024101:3:54,-0.8,2026-10-02T01:01:04.695736+02:00
295940225,de:11000:900024203:1:51,-0.8,2026-10-02T01:01:04.695736+02:00
295940225,de:11000:900023201:3:54,-0.7,2026-10-02T01:01:04.695736+02:00
295940225,de:11000:900003103:1:50,-0.8,2026-10-02T01:01:04.695736+02:00
295940225,de:11000:900003102:1:50,-0.9,2026-10-02T01:01:04.695736+02:00
295940225,de:11000:900003201:3:54,-0.5,2026-10-02T01:01:04.695736+02:00
295940225,de:11000:900100001:3:54,-0.1,2026-10-02T01:01:04.695736+02:00
295940225,de:11000:900100002:1:50,-0.4,2026-10-02T01:01:04.695736+02:00
295940225,de:11000:900100003:2:52,-0.1,2026-10-02T01:01:04.695736+02:00
295940225,de:11000:900100004:1:50,-0.4,2026-10-02T01:01:04.695736+02:00
295940225,de:11000:900120005:4:55,-0.6,2026-10-02T01:01:04.695736+02:00
295940225,de:11000:900120004:1:50,-0.1,2026-10-02T01:01:04.695736+02:00
295940225,de:11000:900120003:2:53,-0.4,2026-10-02T01:01:04.695736+02:00
295940225,de:11000:900160003:1:50,-0.7,2026-10-02T01:01:04.695736+02:00
295940225,de:11000:900160004:1:50,-0.7,2026-10-02T01:01:04.695736+02:00
295940225,de:11000:900171002:1:50,-0.2,2026-10-02T01:01:04.695736+02:00
295940225,de:11000:900171001:2:51,-0.3,2026-10-02T01:01:04.695736+02:00
295940225,de:11000:900175001:2:51,-0.5,2026-10-02T01:01:04.695736+02:00
295940225,de:11000:900175002:1:51,0.0,2026-10-02T01:01:04.695736+02:00
295940225,de:11000:900176001:1:50,-0.7,2026-10-02T01:01:04.695736+02:00
306895256,de:12067:900311129::2,0.0,2026-10-02T01:01:04.695736+02:00
306895256,de:12067:900310755::1,0.0,2026-10-02T01:01:04.695736+02:00
306895256,de:12067:900310738::1,0.0,2026-10-02T01:01:04.695736+02:00
306895256,de:12067:900310725::1,0.0,2026-10-02T01:01:04.695736+02:00
306895256,de:12067:900311099::1,0.0,2026-10-02T01:01:04.695736+02:00
306895256,de:12067:900311101::1,0.0,2026-10-02T01:01:04.695736+02:00
306895256,de:12067:900311100::1,0.0,2026-10-02T01:01:04.695736+02:00
306895256,de:12067:900310910::2,0.0,2026-10-02T01:01:04.695736+02:00
306895256,de:12067:900310764::1,0.0,2026-10-02T01:01:04.695736+02:00
306895256,de:12067:900310765::1,0.0,2026-10-02T01:01:04.695736+02:00
306895256,de:12067:900310766::1,0.0,2026-10-02T01:01:04.695736+02:00
306895256,de:12067:900310939::1,0.0,2026-10-02T01:01:04.695736+02:00
306895256,de:12067:900310967::1,-0.5,2026-10-02T01:01:04.695736+02:00
306895256,de:12067:900310978::1,0.0,2026-10-02T01:01:04.695736+02:00
306895256,de:12061:900261908::1,0.0,2026-10-02T01:01:04.695736+02:00
306895256,de:12061:900261654::1,0.0,2026-10-02T01:01:04.695736+02:00
306895256,de:12061:900261209::2,0.0,2026-10-02T01:01:04.695736+02:00
306895256,de:12061:900261210::1,0.0,2026-10-02T01:01:04.695736+02:00
306895256,de:12061:900261207::1,0.0,2026-10-02T01:01:04.695736+02:00
306895256,de:12061:900261420::1,0.0,2026-10-02T01:01:04.695736+02:00
306895256,de:12061:900261465::1,0.0,2026-10-02T01:01:04.695736+02:00
306895256,de:12061:900261462::1,0.0,2026-10-02T01:01:04.695736+02:00
306895182,de:12067:900311129::1,0.0,2026-10-02T01:01:04.695736+02:00
306895182,de:12067:900310755::1,0.0,2026-10-02T01:01:04.695736+02:00
306895182,de:12067:900310738::1,0.0,2026-10-02T01:01:04.695736+02:00
306895182,de:12067:900310725::1,0.0,2026-10-02T01:01:04.695736+02:00
306895182,de:12067:900310909::1,0.0,2026-10-02T01:01:04.695736+02:00
306895182,de:12067:900310609::1,0.0,2026-10-02T01:01:04.695736+02:00
306895182,de:12067:900310060::2,0.0,2026-10-02T01:01:04.695736+02:00
306895182,de:12067:900310858::3,0.0,2026-10-02T01:01:04.695736+02:00
306895182,de:12067:900311269::2,0.0,2026-10-02T01:01:04.695736+02:00
306895182,de:12067:900311228::2,0.0,2026-10-02T01:01:04.695736+02:00
306895182,de:12067:900311239::2,0.0,2026-10-02T01:01:04.695736+02:00
306895182,de:12067:900311227::1,0.0,2026-10-02T01:01:04.695736+02:00
306895182,de:12067:900311402::1,0.0,2026-10-02T01:01:04.695736+02:00
306895182,de:12067:900311311::2,0.0,2026-10-02T01:01:04.695736+02:00
306895182,de:12067:900311312::2,0.0,2026-10-02T01:01:04.695736+02:00
306895182,de:12067:900311383::3,0.0,2026-10-02T01:01:04.695736+02:00
306895182,de:12067:900311315::2,0.0,2026-10-02T01:01:04.695736+02:00
306895182,de:12067:900311348::2,0.0,2026-10-02T01:01:04.695736+02:00
306895182,de:12067:900311308::4,0.0,2026-10-02T01:01:04.695736+02:00
306895205,de:12067:900311308::5,0.0,2026-10-02T01:01:04.695736+02:00
306895205,de:12067:900311380::1,0.0,2026-10-02T01:01:04.695736+02:00
306895205,de:12067:900311348::1,0.0,2026-10-02T01:01:04.695736+02:00
306895205,de:12067:900311315::1,0.0,2026-10-02T01:01:04.695736+02:00
306895205,de:12067:900311383::3,0.0,2026-10-02T01:01:04.695736+02:00
306895205,de:12067:900311312::1,0.0,2026-10-02T01:01:04.695736+02:00
306895205,de:12067:900311311::1,0.0,2026-10-02T01:01:04.695736+02:00
306895205,de:12067:900311402::2,0.0,2026-10-02T01:01:04.695736+02:00
306895205,de:12067:900311227::2,0.0,2026-10-02T01:01:04.695736+02:00
306895205,de:12067:900311239::1,0.0,2026-10-02T01:01:04.695736+02:00
306895205,de:12067:900311228::1,0.0,2026-10-02T01:01:04.695736+02:00
306895205,de:12067:900311269::1,0.0,2026-10-02T01:01:04.695736+02:00
306895205,de:12067:900310858::1,0.0,2026-10-02T01:01:04.695736+02:00
306895205,de:12067:900310060::1,0.0,2026-10-02T01:01:04.695736+02:00
306895205,de:12067:900310609::1,0.0,2026-10-02T01:01:04.695736+02:00
306895205,de:12067:900310909::1,0.0,2026-10-02T01:01:04.695736+02:00
306895205,de:12067:900310725::2,0.0,2026-10-02T01:01:04.695736+02:00
306895205,de:12067:900310738::2,0.0,2026-10-02T01:01:04.695736+02:00
306895205,de:12067:900310639::1,0.0,2026-10-02T01:01:04.695736+02:00
306895205,de:12067:900310626::1,0.0,2026-10-02T01:01:04.695736+02:00
306895205,de:12067:900311129::6,0.0,2026-10-02T01:01:04.695736+02:00
306895257,de:12067:900311129::4,0.0,2026-10-02T01:01:04.695736+02:00
306895257,de:12067:900310755::2,0.0,2026-10-02T01:01:04.695736+02:00
306895257,de:12067:900310728::3,0.0,2026-10-02T01:01:04.695736+02:00
306895257,de:12067:900310727::3,0.0,2026-10-02T01:01:04.695736+02:00
306895257,de:12067:900310942::1,0.0,2026-10-02T01:01:04.695736+02:00
306895257,de:12067:900310716::1,0.0,2026-10-02T01:01:04.695736+02:00
306895257,de:12067:900310740::1,0.0,2026-10-02T01:01:04.695736+02:00
306895257,de:12067:900310736::1,0.0,2026-10-02T01:01:04.695736+02:00
306895257,de:12067:900310737::2,0.0,2026-10-02T01:01:04.695736+02:00
306895257,de:12067:900310841::2,0.0,2026-10-02T01:01:04.695736+02:00
306895257,de:12067:900311002::3,0.0,2026-10-02T01:01:04.695736+02:00
306895257,de:12067:900311020::1,0.0,2026-10-02T01:01:04.695736+02:00
306895257,de:12067:900310834::1,0.0,2026-10-02T01:01:04.695736+02:00
306895257,de:12067:900311020::2,0.0,2026-10-02T01:01:04.695736+02:00
306895257,de:12067:900310908::2,0.0,2026-10-02T01:01:04.695736+02:00
306895257,de:12067:900310975::2,0.0,2026-10-02T01:01:04.695736+02:00
306895257,de:12067:900310974::2,0.0,2026-10-02T01:01:04.695736+02:00
306895257,de:12067:900310914::2,0.0,2026-10-02T01:01:04.695736+02:00
306895257,de:12067:900310703::3,0.0,2026-10-02T01:01:04.695736+02:00
306895257,de:12067:900310915::2,-0.5,2026-10-02T01:01:04.695736+02:00
306895257,de:12067:900310916::2,-0.5,2026-10-02T01:01:04.695736+02:00
306895257,de:12067:900310917::2,0.0,2026-10-02T01:01:04.695736+02:00
306895257,de:12067:900310900::2,0.0,2026-10-02T01:01:04.695736+02:00
306895257,de:12067:900310880::2,0.0,2026-10-02T01:01:04.695736+02:00
306895257,de:12067:900310010::1,0.0,2026-10-02T01:01:04.695736+02:00
306895257,de:12067:900310879::2,0.0,2026-10-02T01:01:04.695736+02:00
306895257,de:12067:900310800::2,0.0,2026-10-02T01:01:04.695736+02:00
306895257,de:12067:900310771::2,0.0,2026-10-02T01:01:04.695736+02:00
306895257,de:12067:900310822::2,0.0,2026-10-02T01:01:04.695736+02:00
306895257,de:12067:900310781::2,0.0,2026-10-02T01:01:04.695736+02:00
306895257,de:12067:900310627::2,-0.5,2026-10-02T01:01:04.695736+02:00
306895257,de:12067:900310816::2,0.0,2026-10-02T01:01:04.695736+02:00
306895257,de:12067:900310022::1,0.0,2026-10-02T01:01:04.695736+02:00
306895257,de:12067:900310001::11,0.0,2026-10-02T01:01:04.695736+02:00
307311917,de:11000:900170004:2:52,0.0,2026-10-02T01:01:04.695736+02:00
307311917,de:11000:900170003:1:51,-0.3,2026-10-02T01:01:04.695736+02:00
307311917,de:11000:900170002:1:51,-0.1,2026-10-02T01:01:04.695736+02:00
307311917,de:11000:900170001:1:51,-0.9,2026-10-02T01:01:04.695736+02:00
307311917,de:11000:900170005:1:51,-0.7,2026-10-02T01:01:04.695736+02:00
307311917,de:11000:900171003:1:51,-0.6,2026-10-02T01:01:04.695736+02:00
307311917,de:11000:900171002:1:51,-0.9,2026-10-02T01:01:04.695736+02:00
307311917,de:11000:900160004:1:51,-0.3,2026-10-02T01:01:04.695736+02:00
307311917,de:11000:900160003:1:51,-0.4,2026-10-02T01:01:04.695736+02:00
307311917,de:11000:900120003:3:55,-0.6,2026-10-02T01:01:04.695736+02:00
307311917,de:11000:900120004:2:53,-0.1,2026-10-02T01:01:04.695736+02:00
307311917,de:11000:900120005:5:58,-0.4,2026-10-02T01:01:04.695736+02:00
307311917,de:11000:900100004:1:51,-0.9,2026-10-02T01:01:04.695736+02:00
307311917,de:11000:900100003:2:53,-0.9,2026-10-02T01:01:04.695736+02:00
307311917,de:11000:900100002:1:51,-0.9,2026-10-02T01:01:04.695736+02:00
307311917,de:11000:900100001:3:55,-0.9,2026-10-02T01:01:04.695736+02:00
307311917,de:11000:900003201:3:55,-0.6,2026-10-02T01:01:04.695736+02:00
307311917,de:11000:900003102:1:51,-0.3,2026-10-02T01:01:04.695736+02:00
307311917,de:11000:900003103:1:51,-0.4,2026-10-02T01:01:04.695736+02:00
307311917,de:11000:900023201:3:55,-0.3,2026-10-02T01:01:04.695736+02:00
307311917,de:11000:900024203:1:51,-0.3,2026-10-02T01:01:04.695736+02:00
307311917,de:11000:900024101:4:57,-0.3,2026-10-02T01:01:04.695736+02:00
307311917,de:11000:900024102:1:50,-0.6,2026-10-02T01:01:04.695736+02:00
307311917,de:11000:900048101:1:50,-0.8,2026-10-02T01:01:04.695736+02:00
307311917,de:11000:900052201:2:52,0.0,2026-10-02T01:01:04.695736+02:00
307311917,de:11000:900053301:1:50,-0.4,2026-10-02T01:01:04.695736+02:00
307311917,de:12054:900230003:1:50,-0.4,2026-10-02T01:01:04.695736+02:00
307311917,de:12054:900230000:1:51,-0.4,2026-10-02T01:01:04.695736+02:00
307311917,de:12054:900230999:3:55,-0.9,2026-10-02T01:01:04.695736+02:00
295946167,de:12054:900230999:3:54,0.0,2026-10-02T01:01:04.695736+02:00
295946167,de:12054:900230000:1:50,-0.3,2026-10-02T01:01:04.695736+02:00
295946167,de:12054:900230003:1:54,-0.3,2026-10-02T01:01:04.695736+02:00
295946167,de:11000:900053301:2:53,-0.4,2026-10-02T01:01:04.695736+02:00
295946167,de:11000:900052201:2:53,-0.7,2026-10-02T01:01:04.695736+02:00
295946167,de:11000:900048101:2:53,-0.9,2026-10-02T01:01:04.695736+02:00
295946167,de:11000:900024102:2:53,-0.9,2026-10-02T01:01:04.695736+02:00
295946167,de:11000:900024101:3:55,-0.3,2026-10-02T01:01:04.695736+02:00
295946167,de:11000:900024203:1:51,-0.3,2026-10-02T01:01:04.695736+02:00
295946167,de:11000:900023201:3:54,-0.2,2026-10-02T01:01:04.695736+02:00
295946167,de:11000:900003103:1:50,-0.3,2026-10-02T01:01:04.695736+02:00
295946167,de:11000:900003102:1:50,-0.4,2026-10-02T01:01:04.695736+02:00
295946167,de:11000:900003201:3:54,0.0,2026-10-02T01:01:04.695736+02:00
295946167,de:11000:900100001:3:54,-0.6,2026-10-02T01:01:04.695736+02:00
295946167,de:11000:900100002:1:50,-0.9,2026-10-02T01:01:04.695736+02:00
295946167,de:11000:900100003:2:52,-0.6,2026-10-02T01:01:04.695736+02:00
295946167,de:11000:900100004:1:50,-0.9,2026-10-02T01:01:04.695736+02:00
295946167,de:11000:900120005:4:55,-0.1,2026-10-02T01:01:04.695736+02:00
295946167,de:11000:900120004:1:50,-0.6,2026-10-02T01:01:04.695736+02:00
295946167,de:11000:900120003:2:53,-0.9,2026-10-02T01:01:04.695736+02:00
295946167,de:11000:900160003:1:50,-0.2,2026-10-02T01:01:04.695736+02:00
295946167,de:11000:900160004:1:50,-0.2,2026-10-02T01:01:04.695736+02:00
295946167,de:11000:900171002:1:50,-0.7,2026-10-02T01:01:04.695736+02:00
295946167,de:11000:900171003:1:50,-0.8,2026-10-02T01:01:04.695736+02:00
295946167,de:11000:900170005:1:50,-0.3,2026-10-02T01:01:04.695736+02:00
295946167,de:11000:900170001:1:50,-0.1,2026-10-02T01:01:04.695736+02:00
295946167,de:11000:900170002:1:50,-0.9,2026-10-02T01:01:04.695736+02:00
295946167,de:11000:900170003:1:50,-0.7,2026-10-02T01:01:04.695736+02:00
295946167,de:11000:900170004:1:50,-0.9,2026-10-02T01:01:04.695736+02:00
295946158,de:12054:900230999:3:54,0.0,2026-10-02T01:01:04.695736+02:00
295946158,de:12054:900230000:1:50,-0.3,2026-10-02T01:01:04.695736+02:00
295946158,de:12054:900230003:1:54,-0.3,2026-10-02T01:01:04.695736+02:00
295946158,de:11000:900053301:2:53,-0.4,2026-10-02T01:01:04.695736+02:00
295946158,de:11000:900052201:2:53,-0.7,2026-10-02T01:01:04.695736+02:00
295946158,de:11000:900048101:2:53,-0.9,2026-10-02T01:01:04.695736+02:00
295946158,de:11000:900024102:2:53,-0.9,2026-10-02T01:01:04.695736+02:00
295946158,de:11000:900024101:3:55,-0.3,2026-10-02T01:01:04.695736+02:00
295946158,de:11000:900024203:1:51,-0.3,2026-10-02T01:01:04.695736+02:00
295946158,de:11000:900023201:3:54,-0.2,2026-10-02T01:01:04.695736+02:00
295946158,de:11000:900003103:1:50,-0.3,2026-10-02T01:01:04.695736+02:00
295946158,de:11000:900003102:1:50,-0.4,2026-10-02T01:01:04.695736+02:00
295946158,de:11000:900003201:3:54,0.0,2026-10-02T01:01:04.695736+02:00
295946158,de:11000:900100001:3:54,-0.6,2026-10-02T01:01:04.695736+02:00
295946158,de:11000:900100002:1:50,-0.9,2026-10-02T01:01:04.695736+02:00
295946158,de:11000:900100003:2:52,-0.6,2026-10-02T01:01:04.695736+02:00
295946158,de:11000:900100004:1:50,-0.9,2026-10-02T01:01:04.695736+02:00
295946158,de:11000:900120005:4:55,-0.1,2026-10-02T01:01:04.695736+02:00
295946158,de:11000:900120004:1:50,-0.6,2026-10-02T01:01:04.695736+02:00
295946158,de:11000:900120003:2:53,-0.9,2026-10-02T01:01:04.695736+02:00
295946158,de:11000:900160003:1:50,-0.2,2026-10-02T01:01:04.695736+02:00
295946158,de:11000:900160004:1:50,-0.2,2026-10-02T01:01:04.695736+02:00
295946158,de:11000:900171002:1:50,-0.7,2026-10-02T01:01:04.695736+02:00
295946158,de:11000:900171003:1:50,-0.8,2026-10-02T01:01:04.695736+02:00
295946158,de:11000:900170005:1:50,-0.3,2026-10-02T01:01:04.695736+02:00
295946158,de:11000:900170001:1:50,-0.1,2026-10-02T01:01:04.695736+02:00
295946158,de:11000:900170002:1:50,-0.9,2026-10-02T01:01:04.695736+02:00
295946158,de:11000:900170003:1:50,-0.7,2026-10-02T01:01:04.695736+02:00
295946158,de:11000:900170004:2:52,-0.9,2026-10-02T01:01:04.695736+02:00
306895462,de:12067:900311083::3,0.0,2026-10-02T01:01:04.695736+02:00
306895462,de:12067:900310775::1,0.0,2026-10-02T01:01:04.695736+02:00
306895462,de:12067:900311083::2,0.0,2026-10-02T01:01:04.695736+02:00
306895462,de:12067:900310814::2,0.0,2026-10-02T01:01:04.695736+02:00
306895462,de:12067:900310628::2,0.0,2026-10-02T01:01:04.695736+02:00
306895462,de:12067:900310793::2,0.0,2026-10-02T01:01:04.695736+02:00
306895462,de:12067:900310774::1,0.0,2026-10-02T01:01:04.695736+02:00
306895462,de:12067:900310792::1,0.0,2026-10-02T01:01:04.695736+02:00
306895462,de:12067:900310825::1,0.0,2026-10-02T01:01:04.695736+02:00
306895462,de:12067:900310809::2,0.0,2026-10-02T01:01:04.695736+02:00
306895462,de:12067:900310787::2,0.0,2026-10-02T01:01:04.695736+02:00
306895462,de:12067:900310790::2,0.0,2026-10-02T01:01:04.695736+02:00
306895462,de:12067:900310788::2,0.0,2026-10-02T01:01:04.695736+02:00
306895462,de:12067:900310696::2,0.0,2026-10-02T01:01:04.695736+02:00
306895462,de:12067:900310001::11,0.0,2026-10-02T01:01:04.695736+02:00
306895462,de:12067:900310001::2,0.0,2026-10-02T01:01:04.695736+02:00
306895462,de:12067:900310816::1,0.0,2026-10-02T01:01:04.695736+02:00
306895462,de:12067:900310627::1,0.0,2026-10-02T01:01:04.695736+02:00
306895462,de:12067:900310781::1,0.0,2026-10-02T01:01:04.695736+02:00
306895462,de:12067:900310822::1,0.0,2026-10-02T01:01:04.695736+02:00
306895462,de:12067:900310808::1,0.0,2026-10-02T01:01:04.695736+02:00
306895462,de:12067:900310794::1,0.0,2026-10-02T01:01:04.695736+02:00
306895462,de:12067:900310821::1,0.0,2026-10-02T01:01:04.695736+02:00
306895462,de:12067:900310806::1,0.0,2026-10-02T01:01:04.695736+02:00
306895462,de:12067:900310812::1,0.0,2026-10-02T01:01:04.695736+02:00
306895462,de:12067:900310770::1,0.0,2026-10-02T01:01:04.695736+02:00
306895462,de:12067:900310010::3,0.0,2026-10-02T01:01:04.695736+02:00
306895462,de:12067:900310880::1,0.0,2026-10-02T01:01:04.695736+02:00
306895462,de:12067:900310815::1,0.0,2026-10-02T01:01:04.695736+02:00
306895462,de:12067:900310807::1,0.0,2026-10-02T01:01:04.695736+02:00
295953543,de:11000:900151001:1:50,0.0,2026-10-02T01:01:04.695736+02:00
295953543,de:11000:900152001:1:51,-0.6,2026-10-02T01:01:04.695736+02:00
295953543,de:11000:900152002:1:51,-0.2,2026-10-02T01:01:04.695736+02:00
295953543,de:11000:900171003:1:51,-0.9,2026-10-02T01:01:04.695736+02:00
295953543,de:11000:900171002:1:51,-0.9,2026-10-02T01:01:04.695736+02:00
295953543,de:11000:900160004:1:51,-0.3,2026-10-02T01:01:04.695736+02:00
295953543,de:11000:900160003:1:51,-0.4,2026-10-02T01:01:04.695736+02:00
295953543,de:11000:900120003:3:54,-0.6,2026-10-02T01:01:04.695736+02:00
295953543,de:11000:900120004:2:52,-0.1,2026-10-02T01:01:04.695736+02:00
295953602,de:11000:900151001:1:51,0.0,2026-10-02T01:01:04.695736+02:00
295953602,de:11000:900152001:1:51,-0.6,2026-10-02T01:01:04.695736+02:00
295953602,de:11000:900152002:1:51,-0.2,2026-10-02T01:01:04.695736+02:00
295953602,de:11000:900171003:1:51,-0.9,2026-10-02T01:01:04.695736+02:00
295953602,de:11000:900171002:1:51,-0.9,2026-10-02T01:01:04.695736+02:00
295953602,de:11000:900160004:1:51,-0.3,2026-10-02T01:01:04.695736+02:00
295953602,de:11000:900160003:1:51,-0.4,2026-10-02T01:01:04.695736+02:00
295953602,de:11000:900120003:3:54,-0.6,2026-10-02T01:01:04.695736+02:00
295953602,de:11000:900120004:2:52,-0.1,2026-10-02T01:01:04.695736+02:00
295949543,de:11000:900170004:2:52,0.0,2026-10-02T01:01:04.695736+02:00
295949543,de:11000:900170003:1:51,-0.3,2026-10-02T01:01:04.695736+02:00
295949543,de:11000:900170002:1:51,-0.1,2026-10-02T01:01:04.695736+02:00
295949543,de:11000:900170001:1:51,-0.9,2026-10-02T01:01:04.695736+02:00
295949543,de:11000:900170005:1:51,-0.7,2026-10-02T01:01:04.695736+02:00
295949543,de:11000:900171003:1:51,-0.6,2026-10-02T01:01:04.695736+02:00
295949543,de:11000:900171002:1:51,-0.9,2026-10-02T01:01:04.695736+02:00
295949543,de:11000:900160004:1:51,-0.3,2026-10-02T01:01:04.695736+02:00
295949543,de:11000:900160003:1:51,-0.4,2026-10-02T01:01:04.695736+02:00
295949543,de:11000:900120003:3:55,-0.6,2026-10-02T01:01:04.695736+02:00
295949543,de:11000:900120004:2:53,-0.1,2026-10-02T01:01:04.695736+02:00
295949543,de:11000:900120005:5:58,-0.4,2026-10-02T01:01:04.695736+02:00
295949543,de:11000:900100004:1:51,-0.9,2026-10-02T01:01:04.695736+02:00
295949543,de:11000:900100003:2:53,-0.9,2026-10-02T01:01:04.695736+02:00
295949543,de:11000:900100002:1:51,-0.9,2026-10-02T01:01:04.695736+02:00
295949543,de:11000:900100001:3:55,-0.9,2026-10-02T01:01:04.695736+02:00
295949543,de:11000:900003201:3:55,-0.6,2026-10-02T01:01:04.695736+02:00
295949543,de:11000:900003102:1:51,-0.3,2026-10-02T01:01:04.695736+02:00
295949543,de:11000:900003103:1:51,-0.4,2026-10-02T01:01:04.695736+02:00
295949543,de:11000:900023201:3:55,-0.3,2026-10-02T01:01:04.695736+02:00
295949543,de:11000:900024203:1:51,-0.3,2026-10-02T01:01:04.695736+02:00
295949543,de:11000:900024101:4:57,-0.3,2026-10-02T01:01:04.695736+02:00
295949543,de:11000:900024102:1:50,-0.6,2026-10-02T01:01:04.695736+02:00
295949543,de:11000:900048101:1:50,-0.8,2026-10-02T01:01:04.695736+02:00
295949543,de:11000:900052201:2:52,0.0,2026-10-02T01:01:04.695736+02:00
295949543,de:11000:900053301:1:50,-0.4,2026-10-02T01:01:04.695736+02:00
295949543,de:12054:900230003:1:50,-0.4,2026-10-02T01:01:04.695736+02:00
295949543,de:12054:900230000:1:51,-0.4,2026-10-02T01:01:04.695736+02:00
295949543,de:12054:900230999:3:54,-0.9,2026-10-02T01:01:04.695736+02:00
295953420,de:11000:900120005:4:56,0.0,2026-10-02T01:01:04.695736+02:00
295953420,de:11000:900120004:1:50,-0.6,2026-10-02T01:01:04.695736+02:00
295953420,de:11000:900120003:2:53,-0.9,2026-10-02T01:01:04.695736+02:00
295953420,de:11000:900160003:1:50,-0.2,2026-10-02T01:01:04.695736+02:00
295953420,de:11000:900160004:1:50,-0.2,2026-10-02T01:01:04.695736+02:00
295953420,de:11000:900171002:1:50,-0.7,2026-10-02T01:01:04.695736+02:00
295953420,de:11000:900171003:1:50,-0.8,2026-10-02T01:01:04.695736+02:00
295953420,de:11000:900152002:1:50,-0.4,2026-10-02T01:01:04.695736+02:00
295953420,de:11000:900152001:1:50,-0.6,2026-10-02T01:01:04.695736+02:00
295953420,de:11000:900151001:1:51,-0.9,2026-10-02T01:01:04.695736+02:00
295949463,de:12054:900230999:3:55,0.0,2026-10-02T01:01:04.695736+02:00
295949463,de:12054:900230000:1:50,-0.3,2026-10-02T01:01:04.695736+02:00
295949463,de:12054:900230003:1:54,-0.3,2026-10-02T01:01:04.695736+02:00
295949463,de:11000:900053301:2:53,-0.4,2026-10-02T01:01:04.695736+02:00
295949463,de:11000:900052201:2:53,-0.7,2026-10-02T01:01:04.695736+02:00
295949463,de:11000:900048101:2:53,-0.9,2026-10-02T01:01:04.695736+02:00
295949463,de:11000:900024102:2:53,-0.9,2026-10-02T01:01:04.695736+02:00
295949463,de:11000:900024101:3:55,-0.3,2026-10-02T01:01:04.695736+02:00
295949463,de:11000:900024203:1:51,-0.3,2026-10-02T01:01:04.695736+02:00
295949463,de:11000:900023201:3:54,-0.2,2026-10-02T01:01:04.695736+02:00
295949463,de:11000:900003103:1:50,-0.3,2026-10-02T01:01:04.695736+02:00
295949463,de:11000:900003102:1:50,-0.4,2026-10-02T01:01:04.695736+02:00
295949463,de:11000:900003201:3:54,0.0,2026-10-02T01:01:04.695736+02:00
295949463,de:11000:900100001:3:54,-0.6,2026-10-02T01:01:04.695736+02:00
295949463,de:11000:900100002:1:50,-0.9,2026-10-02T01:01:04.695736+02:00
295949463,de:11000:900100003:2:52,-0.6,2026-10-02T01:01:04.695736+02:00
295949463,de:11000:900100004:1:50,-0.9,2026-10-02T01:01:04.695736+02:00
295949463,de:11000:900120005:4:55,-0.1,2026-10-02T01:01:04.695736+02:00
295949463,de:11000:900120004:1:50,-0.6,2026-10-02T01:01:04.695736+02:00
295949463,de:11000:900120003:2:53,-0.9,2026-10-02T01:01:04.695736+02:00
295949463,de:11000:900160003:1:50,-0.2,2026-10-02T01:01:04.695736+02:00
295949463,de:11000:900160004:1:50,-0.2,2026-10-02T01:01:04.695736+02:00
295949463,de:11000:900171002:1:50,-0.7,2026-10-02T01:01:04.695736+02:00
295949463,de:11000:900171003:1:50,-0.8,2026-10-02T01:01:04.695736+02:00
295949463,de:11000:900170005:1:50,-0.3,2026-10-02T01:01:04.695736+02:00
295949463,de:11000:900170001:1:50,-0.1,2026-10-02T01:01:04.695736+02:00
295949463,de:11000:900170002:1:50,-0.9,2026-10-02T01:01:04.695736+02:00
295949463,de:11000:900170003:1:50,-0.7,2026-10-02T01:01:04.695736+02:00
295949463,de:11000:900170004:2:52,-0.9,2026-10-02T01:01:04.695736+02:00
295949455,de:12054:900230999:3:55,0.0,2026-10-02T01:01:04.695736+02:00
295949455,de:12054:900230000:1:50,-0.3,2026-10-02T01:01:04.695736+02:00
295949455,de:12054:900230003:1:54,-0.3,2026-10-02T01:01:04.695736+02:00
295949455,de:11000:900053301:2:53,-0.4,2026-10-02T01:01:04.695736+02:00
295949455,de:11000:900052201:2:53,-0.7,2026-10-02T01:01:04.695736+02:00
295949455,de:11000:900048101:2:53,-0.9,2026-10-02T01:01:04.695736+02:00
295949455,de:11000:900024102:2:53,-0.9,2026-10-02T01:01:04.695736+02:00
295949455,de:11000:900024101:3:55,-0.3,2026-10-02T01:01:04.695736+02:00
295949455,de:11000:900024203:1:51,-0.3,2026-10-02T01:01:04.695736+02:00
295949455,de:11000:900023201:3:54,-0.2,2026-10-02T01:01:04.695736+02:00
295949455,de:11000:900003103:1:50,-0.3,2026-10-02T01:01:04.695736+02:00
295949455,de:11000:900003102:1:50,-0.4,2026-10-02T01:01:04.695736+02:00
295949455,de:11000:900003201:3:54,0.0,2026-10-02T01:01:04.695736+02:00
295949455,de:11000:900100001:3:54,-0.6,2026-10-02T01:01:04.695736+02:00
295949455,de:11000:900100002:1:50,-0.9,2026-10-02T01:01:04.695736+02:00
295949455,de:11000:900100003:2:52,-0.6,2026-10-02T01:01:04.695736+02:00
295949455,de:11000:900100004:1:50,-0.9,2026-10-02T01:01:04.695736+02:00
295949455,de:11000:900120005:4:55,-0.1,2026-10-02T01:01:04.695736+02:00
295949455,de:11000:900120004:1:50,-0.6,2026-10-02T01:01:04.695736+02:00
295949455,de:11000:900120003:2:53,-0.9,2026-10-02T01:01:04.695736+02:00
295949455,de:11000:900160003:1:50,-0.2,2026-10-02T01:01:04.695736+02:00
295949455,de:11000:900160004:1:50,-0.2,2026-10-02T01:01:04.695736+02:00
295949455,de:11000:900171002:1:50,-0.7,2026-10-02T01:01:04.695736+02:00
295949455,de:11000:900171003:1:50,-0.8,2026-10-02T01:01:04.695736+02:00
295949455,de:11000:900170005:1:50,-0.3,2026-10-02T01:01:04.695736+02:00
295949455,de:11000:900170001:1:50,-0.1,2026-10-02T01:01:04.695736+02:00
295949455,de:11000:900170002:1:50,-0.9,2026-10-02T01:01:04.695736+02:00
295949455,de:11000:900170003:1:50,-0.7,2026-10-02T01:01:04.695736+02:00
295949455,de:11000:900170004:2:52,-0.9,2026-10-02T01:01:04.695736+02:00
295949443,de:12054:900230999:3:55,0.0,2026-10-02T01:01:04.695736+02:00
295949443,de:12054:900230000:1:50,-0.3,2026-10-02T01:01:04.695736+02:00
295949443,de:12054:900230003:1:54,-0.3,2026-10-02T01:01:04.695736+02:00
295949443,de:11000:900053301:2:53,-0.4,2026-10-02T01:01:04.695736+02:00
295949443,de:11000:900052201:2:53,-0.7,2026-10-02T01:01:04.695736+02:00
295949443,de:11000:900048101:2:53,-0.9,2026-10-02T01:01:04.695736+02:00
295949443,de:11000:900024102:2:53,-0.9,2026-10-02T01:01:04.695736+02:00
295949443,de:11000:900024101:3:55,-0.3,2026-10-02T01:01:04.695736+02:00
295949443,de:11000:900024203:1:51,-0.3,2026-10-02T01:01:04.695736+02:00
295949443,de:11000:900023201:3:54,-0.2,2026-10-02T01:01:04.695736+02:00
295949443,de:11000:900003103:1:50,-0.3,2026-10-02T01:01:04.695736+02:00
295949443,de:11000:900003102:1:50,-0.4,2026-10-02T01:01:04.695736+02:00
295949443,de:11000:900003201:3:54,0.0,2026-10-02T01:01:04.695736+02:00
295949443,de:11000:900100001:3:54,-0.6,2026-10-02T01:01:04.695736+02:00
295949443,de:11000:900100002:1:50,-0.9,2026-10-02T01:01:04.695736+02:00
295949443,de:11000:900100003:2:52,-0.6,2026-10-02T01:01:04.695736+02:00
295949443,de:11000:900100004:1:50,-0.9,2026-10-02T01:01:04.695736+02:00
295949443,de:11000:900120005:4:55,-0.1,2026-10-02T01:01:04.695736+02:00
295949443,de:11000:900120004:1:50,-0.6,2026-10-02T01:01:04.695736+02:00
295949443,de:11000:900120003:2:53,-0.9,2026-10-02T01:01:04.695736+02:00
295949443,de:11000:900160003:1:50,-0.2,2026-10-02T01:01:04.695736+02:00
295949443,de:11000:900160004:1:50,-0.2,2026-10-02T01:01:04.695736+02:00
295949443,de:11000:900171002:1:50,-0.7,2026-10-02T01:01:04.695736+02:00
295949443,de:11000:900171003:1:50,-0.8,2026-10-02T01:01:04.695736+02:00
295949443,de:11000:900170005:1:50,-0.3,2026-10-02T01:01:04.695736+02:00
295949443,de:11000:900170001:1:50,-0.1,2026-10-02T01:01:04.695736+02:00
295949443,de:11000:900170002:1:50,-0.9,2026-10-02T01:01:04.695736+02:00
295949443,de:11000:900170003:1:50,-0.7,2026-10-02T01:01:04.695736+02:00
295949443,de:11000:900170004:2:52,-0.9,2026-10-02T01:01:04.695736+02:00
295949439,de:12054:900230999:3:55,0.0,2026-10-02T01:01:04.695736+02:00
295949439,de:12054:900230000:1:50,-0.3,2026-10-02T01:01:04.695736+02:00
295949439,de:12054:900230003:1:54,-0.3,2026-10-02T01:01:04.695736+02:00
295949439,de:11000:900053301:2:53,-0.4,2026-10-02T01:01:04.695736+02:00
295949439,de:11000:900052201:2:53,-0.7,2026-10-02T01:01:04.695736+02:00
295949439,de:11000:900048101:2:53,-0.9,2026-10-02T01:01:04.695736+02:00
295949439,de:11000:900024102:2:53,-0.9,2026-10-02T01:01:04.695736+02:00
295949439,de:11000:900024101:3:55,-0.3,2026-10-02T01:01:04.695736+02:00
295949439,de:11000:900024203:1:51,-0.3,2026-10-02T01:01:04.695736+02:00
295949439,de:11000:900023201:3:54,-0.2,2026-10-02T01:01:04.695736+02:00
295949439,de:11000:900003103:1:50,-0.3,2026-10-02T01:01:04.695736+02:00
295949439,de:11000:900003102:1:50,-0.4,2026-10-02T01:01:04.695736+02:00
295949439,de:11000:900003201:3:54,0.0,2026-10-02T01:01:04.695736+02:00
295949439,de:11000:900100001:3:54,-0.6,2026-10-02T01:01:04.695736+02:00
295949439,de:11000:900100002:1:50,-0.9,2026-10-02T01:01:04.695736+02:00
295949439,de:11000:900100003:2:52,-0.6,2026-10-02T01:01:04.695736+02:00
295949439,de:11000:900100004:1:50,-0.9,2026-10-02T01:01:04.695736+02:00
295949439,de:11000:900120005:4:55,-0.1,2026-10-02T01:01:04.695736+02:00
295949439,de:11000:900120004:1:50,-0.6,2026-10-02T01:01:04.695736+02:00
295949439,de:11000:900120003:2:53,-0.9,2026-10-02T01:01:04.695736+02:00
295949439,de:11000:900160003:1:50,-0.2,2026-10-02T01:01:04.695736+02:00
295949439,de:11000:900160004:1:50,-0.2,2026-10-02T01:01:04.695736+02:00
295949439,de:11000:900171002:1:50,-0.7,2026-10-02T01:01:04.695736+02:00
295949439,de:11000:900171003:1:50,-0.8,2026-10-02T01:01:04.695736+02:00
295949439,de:11000:900170005:1:50,-0.3,2026-10-02T01:01:04.695736+02:00
295949439,de:11000:900170001:1:50,-0.1,2026-10-02T01:01:04.695736+02:00
295949439,de:11000:900170002:1:50,-0.9,2026-10-02T01:01:04.695736+02:00
295949439,de:11000:900170003:1:50,-0.7,2026-10-02T01:01:04.695736+02:00
295949439,de:11000:900170004:2:52,-0.9,2026-10-02T01:01:04.695736+02:00
306895506,de:12067:900310807::1,0.0,2026-10-02T01:01:04.695736+02:00
306895506,de:12067:900310815::2,0.0,2026-10-02T01:01:04.695736+02:00
306895506,de:12067:900310880::2,0.0,2026-10-02T01:01:04.695736+02:00
306895506,de:12067:900310010::2,0.0,2026-10-02T01:01:04.695736+02:00
306895506,de:12067:900310770::2,0.0,2026-10-02T01:01:04.695736+02:00
306895506,de:12067:900310812::2,0.0,2026-10-02T01:01:04.695736+02:00
306895506,de:12067:900310806::2,0.0,2026-10-02T01:01:04.695736+02:00
306895506,de:12067:900310778::2,0.0,2026-10-02T01:01:04.695736+02:00
306895506,de:12067:900310768::2,0.0,2026-10-02T01:01:04.695736+02:00
306895506,de:12067:900310786::2,0.0,2026-10-02T01:01:04.695736+02:00
306895506,de:12067:900310784::2,0.0,2026-10-02T01:01:04.695736+02:00
306895506,de:12067:900311104::2,0.0,2026-10-02T01:01:04.695736+02:00
306895506,de:12067:900310995::1,0.0,2026-10-02T01:01:04.695736+02:00
306895506,de:12067:900310779::2,0.0,2026-10-02T01:01:04.695736+02:00
306895506,de:12067:900310808::2,0.0,2026-10-02T01:01:04.695736+02:00
306895506,de:12067:900310822::2,0.0,2026-10-02T01:01:04.695736+02:00
306895506,de:12067:900310781::2,0.0,2026-10-02T01:01:04.695736+02:00
306895506,de:12067:900310627::2,0.0,2026-10-02T01:01:04.695736+02:00
306895506,de:12067:900310816::2,0.0,2026-10-02T01:01:04.695736+02:00
306895506,de:12067:900310022::1,0.0,2026-10-02T01:01:04.695736+02:00
306895506,de:12067:900310001::11,0.0,2026-10-02T01:01:04.695736+02:00
306895506,de:12067:900310001::1,0.0,2026-10-02T01:01:04.695736+02:00
306895506,de:12067:900310696::1,0.0,2026-10-02T01:01:04.695736+02:00
306895506,de:12067:900310788::1,0.0,2026-10-02T01:01:04.695736+02:00
306895506,de:12067:900310790::1,0.0,2026-10-02T01:01:04.695736+02:00
306895506,de:12067:900310787::1,0.0,2026-10-02T01:01:04.695736+02:00
306895506,de:12067:900310809::1,0.0,2026-10-02T01:01:04.695736+02:00
306895506,de:12067:900310825::1,0.0,2026-10-02T01:01:04.695736+02:00
306895506,de:12067:900310792::2,0.0,2026-10-02T01:01:04.695736+02:00
306895506,de:12067:900310774::2,0.0,2026-10-02T01:01:04.695736+02:00
306895506,de:12067:900310793::1,0.0,2026-10-02T01:01:04.695736+02:00
306895506,de:12067:900310628::1,0.0,2026-10-02T01:01:04.695736+02:00
306895506,de:12067:900310814::1,0.0,2026-10-02T01:01:04.695736+02:00
306895506,de:12067:900311083::3,0.0,2026-10-02T01:01:04.695736+02:00
295963594,de:11000:900092201:1:51,0.0,2026-10-02T01:01:04.695736+02:00
295963594,de:11000:900093201:1:51,-0.4,2026-10-02T01:01:04.695736+02:00
295963594,de:11000:900094101:1:51,-0.3,2026-10-02T01:01:04.695736+02:00
295963594,de:11000:900096101:1:51,-0.1,2026-10-02T01:01:04.695736+02:00
295963594,de:11000:900084101:1:51,-0.2,2026-10-02T01:01:04.695736+02:00
295963594,de:11000:900085201:1:51,-0.8,2026-10-02T01:01:04.695736+02:00
295963594,de:11000:900130003:1:51,-0.8,2026-10-02T01:01:04.695736+02:00
295963594,de:11000:900110011:1:50,-0.9,2026-10-02T01:01:04.695736+02:00
295963594,de:11000:900110001:1:50,-0.2,2026-10-02T01:01:04.695736+02:00
295963594,de:11000:900110002:1:50,-0.9,2026-10-02T01:01:04.695736+02:00
295963594,de:11000:900110003:1:50,-0.9,2026-10-02T01:01:04.695736+02:00
295963594,de:11000:900110004:1:50,-0.3,2026-10-02T01:01:04.695736+02:00
295963594,de:11000:900110012:1:50,-0.2,2026-10-02T01:01:04.695736+02:00
295963594,de:11000:900120001:1:50,-0.2,2026-10-02T01:01:04.695736+02:00
295963594,de:11000:900120003:5:58,-0.6,2026-10-02T01:01:04.695736+02:00
295963594,de:11000:900190001:1:51,-0.1,2026-10-02T01:01:04.695736+02:00
295963594,de:11000:900191002:1:50,0.0,2026-10-02T01:01:04.695736+02:00
295963594,de:11000:900191001:2:52,-0.4,2026-10-02T01:01:04.695736+02:00
295963594,de:11000:900192001:2:52,-0.2,2026-10-02T01:01:04.695736+02:00
295963594,de:11000:900193001:1:50,-0.7,2026-10-02T01:01:04.695736+02:00
295963594,de:11000:900193002:1:50,-0.3,2026-10-02T01:01:04.695736+02:00
295963594,de:11000:900195510:1:51,-0.7,2026-10-02T01:01:04.695736+02:00
295963594,de:11000:900196001:1:50,-0.9,2026-10-02T01:01:04.695736+02:00
295963594,de:12061:900260005:3:54,-0.7,2026-10-02T01:01:04.695736+02:00
295963594,de:12061:900260080:1:50,0.0,2026-10-02T01:01:04.695736+02:00
295963594,de:12061:900260009:3:56,-0.2,2026-10-02T01:01:04.695736+02:00
295963706,de:12061:900260009:3:56,0.0,2026-10-02T01:01:04.695736+02:00
295963706,de:12061:900260080:1:51,-0.7,2026-10-02T01:01:04.695736+02:00
295963706,de:12061:900260005:3:55,0.0,2026-10-02T01:01:04.695736+02:00
295963706,de:11000:900196001:1:51,0.0,2026-10-02T01:01:04.695736+02:00
295963706,de:11000:900195510:1:50,-0.4,2026-10-02T01:01:04.695736+02:00
295963706,de:11000:900193002:1:51,-0.6,2026-10-02T01:01:04.695736+02:00
295963706,de:11000:900193001:2:51,-0.3,2026-10-02T01:01:04.695736+02:00
295963706,de:11000:900192001:3:55,-0.2,2026-10-02T01:01:04.695736+02:00
295963706,de:11000:900191001:1:50,-0.9,2026-10-02T01:01:04.695736+02:00
295963706,de:11000:900191002:1:51,-0.3,2026-10-02T01:01:04.695736+02:00
295963706,de:11000:900190001:2:53,-0.1,2026-10-02T01:01:04.695736+02:00
295963706,de:11000:900120003:5:59,-0.3,2026-10-02T01:01:04.695736+02:00
295963706,de:11000:900120001:1:51,-0.6,2026-10-02T01:01:04.695736+02:00
295963706,de:11000:900110012:1:51,-0.8,2026-10-02T01:01:04.695736+02:00
295963706,de:11000:900110004:1:51,-0.7,2026-10-02T01:01:04.695736+02:00
295963706,de:11000:900110003:1:51,0.0,2026-10-02T01:01:04.695736+02:00
295963706,de:11000:900110002:1:51,0.0,2026-10-02T01:01:04.695736+02:00
295963706,de:11000:900110001:1:51,-0.7,2026-10-02T01:01:04.695736+02:00
295963706,de:11000:900110011:2:53,-0.4,2026-10-02T01:01:04.695736+02:00
295963706,de:11000:900085201:1:50,-0.8,2026-10-02T01:01:04.695736+02:00
295963706,de:11000:900084101:1:50,-0.7,2026-10-02T01:01:04.695736+02:00
295963706,de:11000:900096101:1:50,-0.8,2026-10-02T01:01:04.695736+02:00
295963706,de:11000:900094101:1:51,-0.3,2026-10-02T01:01:04.695736+02:00
306895628,de:12067:900311083::3,0.0,2026-10-02T01:01:04.695736+02:00
306895628,de:12067:900310775::1,0.0,2026-10-02T01:01:04.695736+02:00
306895628,de:12067:900311083::2,0.0,2026-10-02T01:01:04.695736+02:00
306895628,de:12067:900310814::2,0.0,2026-10-02T01:01:04.695736+02:00
306895628,de:12067:900310804::2,0.0,2026-10-02T01:01:04.695736+02:00
306895628,de:12067:900311150::2,0.0,2026-10-02T01:01:04.695736+02:00
306895628,de:12067:900311135::2,0.0,2026-10-02T01:01:04.695736+02:00
306895628,de:12067:900311149::2,0.0,2026-10-02T01:01:04.695736+02:00
306895628,de:12067:900310001::11,0.0,2026-10-02T01:01:04.695736+02:00
306895628,de:12067:900310001::2,0.0,2026-10-02T01:01:04.695736+02:00
306895628,de:12067:900310816::1,0.0,2026-10-02T01:01:04.695736+02:00
306895628,de:12067:900310627::1,0.0,2026-10-02T01:01:04.695736+02:00
306895628,de:12067:900310781::1,0.0,2026-10-02T01:01:04.695736+02:00
306895628,de:12067:900310822::1,0.0,2026-10-02T01:01:04.695736+02:00
306895628,de:12067:900310771::1,0.0,2026-10-02T01:01:04.695736+02:00
306895628,de:12067:900310811::1,0.0,2026-10-02T01:01:04.695736+02:00
306895628,de:12067:900310630::1,0.0,2026-10-02T01:01:04.695736+02:00
306895628,de:12067:900310812::1,0.0,2026-10-02T01:01:04.695736+02:00
306895628,de:12067:900310770::1,0.0,2026-10-02T01:01:04.695736+02:00
306895628,de:12067:900310010::3,0.0,2026-10-02T01:01:04.695736+02:00
306895628,de:12067:900310880::1,0.0,2026-10-02T01:01:04.695736+02:00
306895628,de:12067:900310815::1,0.0,2026-10-02T01:01:04.695736+02:00
306895628,de:12067:900310807::1,0.0,2026-10-02T01:01:04.695736+02:00
307435200,de:12061:900260611:1:50,0.0,2026-10-02T01:01:04.695736+02:00
307435200,de:12061:900260019:1:50,0.0,2026-10-02T01:01:04.695736+02:00
307435200,de:12061:900261512:2:51,0.0,2026-10-02T01:01:04.695736+02:00
307435200,de:12066:900435602:2:51,0.0,2026-10-02T01:01:04.695736+02:00
307435200,de:12066:900435697:1:50,0.0,2026-10-02T01:01:04.695736+02:00
307435200,de:12066:900435884:2:51,0.0,2026-10-02T01:01:04.695736+02:00
307435200,de:12071:900445956:1:50,0.0,2026-10-02T01:01:04.695736+02:00
307435200,de:12071:900445884:1:50,0.0,2026-10-02T01:01:04.695736+02:00
307435200,de:12052:900470000:2:51,0.0,2026-10-02T01:01:04.695736+02:00
306895694,de:12067:900310807::1,0.0,2026-10-02T01:01:04.695736+02:00
306895694,de:12067:900310815::2,0.0,2026-10-02T01:01:04.695736+02:00
306895694,de:12067:900310880::2,0.0,2026-10-02T01:01:04.695736+02:00
306895694,de:12067:900310010::2,0.0,2026-10-02T01:01:04.695736+02:00
306895694,de:12067:900310770::2,0.0,2026-10-02T01:01:04.695736+02:00
306895694,de:12067:900310812::2,0.0,2026-10-02T01:01:04.695736+02:00
306895694,de:12067:900310630::2,0.0,2026-10-02T01:01:04.695736+02:00
306895694,de:12067:900310811::2,0.0,2026-10-02T01:01:04.695736+02:00
306895694,de:12067:900310771::2,0.0,2026-10-02T01:01:04.695736+02:00
306895694,de:12067:900310822::2,0.0,2026-10-02T01:01:04.695736+02:00
306895694,de:12067:900310781::2,0.0,2026-10-02T01:01:04.695736+02:00
306895694,de:12067:900310627::2,-0.5,2026-10-02T01:01:04.695736+02:00
306895694,de:12067:900310816::2,0.0,2026-10-02T01:01:04.695736+02:00
306895694,de:12067:900310022::1,0.0,2026-10-02T01:01:04.695736+02:00
306895694,de:12067:900310001::11,0.0,2026-10-02T01:01:04.695736+02:00
306895694,de:12067:900310001::1,0.0,2026-10-02T01:01:04.695736+02:00
306895694,de:12067:900311149::1,0.0,2026-10-02T01:01:04.695736+02:00
306895694,de:12067:900311135::1,0.0,2026-10-02T01:01:04.695736+02:00
306895694,de:12067:900311150::1,0.0,2026-10-02T01:01:04.695736+02:00
306895694,de:12067:900310804::1,0.0,2026-10-02T01:01:04.695736+02:00
306895694,de:12067:900310814::1,0.0,2026-10-02T01:01:04.695736+02:00
306895694,de:12067:900311083::3,0.0,2026-10-02T01:01:04.695736+02:00
306044893,de:12064:900320228::1,0.0,2026-10-02T01:01:04.695736+02:00
306044893,de:12064:900320211::2,0.0,2026-10-02T01:01:04.695736+02:00
306044893,de:12064:900320214::2,0.0,2026-10-02T01:01:04.695736+02:00
306044893,de:12064:900320227::2,0.0,2026-10-02T01:01:04.695736+02:00
306044893,de:12064:900320014::1,0.0,2026-10-02T01:01:04.695736+02:00
306048254,de:12064:900320008::5,0.0,2026-10-02T01:01:04.695736+02:00
306048254,de:12064:900320046::2,0.0,2026-10-02T01:01:04.695736+02:00
306048254,de:12064:900320048::2,0.0,2026-10-02T01:01:04.695736+02:00
306048254,de:12064:900320045::2,0.0,2026-10-02T01:01:04.695736+02:00
306048254,de:12064:900320044::2,0.0,2026-10-02T01:01:04.695736+02:00
306048254,de:12064:900320043::2,0.0,2026-10-02T01:01:04.695736+02:00
306048254,de:12064:900320042::2,0.0,2026-10-02T01:01:04.695736+02:00
306048254,de:12064:900320027::2,0.0,2026-10-02T01:01:04.695736+02:00
306048254,de:12064:900320023::1,-2.0,2026-10-02T01:01:04.695736+02:00
306048254,de:12064:900320027::1,0.0,2026-10-02T01:01:04.695736+02:00
306048254,de:12064:900320231::1,0.0,2026-10-02T01:01:04.695736+02:00
306048254,de:12064:900320075::1,0.0,2026-10-02T01:01:04.695736+02:00
306048254,de:12064:900320074::1,0.0,2026-10-02T01:01:04.695736+02:00
306048254,de:12064:900320041::1,0.0,2026-10-02T01:01:04.695736+02:00
306048254,de:12064:900320042::1,0.0,2026-10-02T01:01:04.695736+02:00
306048254,de:12064:900320043::1,0.0,2026-10-02T01:01:04.695736+02:00
306048254,de:12064:900320044::1,0.0,2026-10-02T01:01:04.695736+02:00
306048254,de:12064:900320045::1,0.0,2026-10-02T01:01:04.695736+02:00
306048254,de:12064:900320048::1,0.0,2026-10-02T01:01:04.695736+02:00
306048254,de:12064:900320046::1,0.0,2026-10-02T01:01:04.695736+02:00
306048254,de:12064:900320008::1,0.0,2026-10-02T01:01:04.695736+02:00
306896317,de:12064:900320891::2,0.0,2026-10-02T01:01:04.695736+02:00
306896317,de:12067:900310919::2,0.0,2026-10-02T01:01:04.695736+02:00
306896317,de:12067:900310888::2,0.0,2026-10-02T01:01:04.695736+02:00
306896317,de:12067:900310881::2,0.0,2026-10-02T01:01:04.695736+02:00
306896317,de:12067:900310885::1,0.0,2026-10-02T01:01:04.695736+02:00
306895230,de:12067:900311308::5,0.0,2026-10-02T01:01:04.695736+02:00
306895230,de:12067:900311380::1,0.0,2026-10-02T01:01:04.695736+02:00
306895230,de:12067:900311348::1,0.0,2026-10-02T01:01:04.695736+02:00
306895230,de:12067:900311315::1,0.0,2026-10-02T01:01:04.695736+02:00
306895230,de:12067:900311383::4,0.0,2026-10-02T01:01:04.695736+02:00
306895230,de:12067:900311305::1,0.0,2026-10-02T01:01:04.695736+02:00
306895230,de:12067:900311320::1,0.0,2026-10-02T01:01:04.695736+02:00
306895230,de:12067:900311318::1,0.0,2026-10-02T01:01:04.695736+02:00
306895230,de:12067:900311473::1,0.0,2026-10-02T01:01:04.695736+02:00
306895230,de:12067:900311471::1,0.0,2026-10-02T01:01:04.695736+02:00
306895230,de:12067:900310901::1,0.0,2026-10-02T01:01:04.695736+02:00
306895230,de:12067:900311070::1,0.0,2026-10-02T01:01:04.695736+02:00
306895230,de:12067:900311071::1,0.0,2026-10-02T01:01:04.695736+02:00
306895230,de:12067:900311094::1,0.0,2026-10-02T01:01:04.695736+02:00
306895230,de:12067:900310840::1,0.0,2026-10-02T01:01:04.695736+02:00
306895230,de:12067:900310840::1,-8.0,2026-10-02T01:01:04.695736+02:00
306895230,de:12067:900310011::1,0.0,2026-10-02T01:01:04.695736+02:00
306895230,de:12067:900310899::1,0.0,2026-10-02T01:01:04.695736+02:00
306895230,de:12067:900310011::2,0.0,2026-10-02T01:01:04.695736+02:00
306895230,de:12067:900310840::1,8.0,2026-10-02T01:01:04.695736+02:00
306895230,de:12067:900310840::1,0.0,2026-10-02T01:01:04.695736+02:00
306895230,de:12067:900310750::1,0.0,2026-10-02T01:01:04.695736+02:00
306895230,de:12067:900311074::1,0.0,2026-10-02T01:01:04.695736+02:00
306895230,de:12067:900311075::1,0.0,2026-10-02T01:01:04.695736+02:00
306895230,de:12067:900311073::1,0.0,2026-10-02T01:01:04.695736+02:00
306895230,de:12067:900310859::1,0.0,2026-10-02T01:01:04.695736+02:00
306895230,de:12067:900310927::1,0.0,2026-10-02T01:01:04.695736+02:00
306895230,de:12067:900310926::1,0.0,2026-10-02T01:01:04.695736+02:00
306895230,de:12067:900310765::1,0.0,2026-10-02T01:01:04.695736+02:00
295879340,de:12065:900200005:3:1,0.0,2026-10-02T01:01:04.695736+02:00
295879340,de:12065:900200006:1:51,-0.3,2026-10-02T01:01:04.695736+02:00
295879340,de:12065:900200007:1:51,-0.7,2026-10-02T01:01:04.695736+02:00
295879340,de:12065:900200008:1:51,-0.2,2026-10-02T01:01:04.695736+02:00
295879340,de:12065:900200009:1:51,-0.1,2026-10-02T01:01:04.695736+02:00
295879340,de:11000:900092201:1:51,-0.7,2026-10-02T01:01:04.695736+02:00
295879340,de:11000:900093201:1:51,-0.4,2026-10-02T01:01:04.695736+02:00
295879340,de:11000:900094101:1:51,-0.8,2026-10-02T01:01:04.695736+02:00
295879340,de:11000:900096101:1:51,-0.1,2026-10-02T01:01:04.695736+02:00
295879340,de:11000:900084101:1:51,-0.2,2026-10-02T01:01:04.695736+02:00
295879340,de:11000:900085201:1:51,-0.8,2026-10-02T01:01:04.695736+02:00
295879340,de:11000:900130003:1:51,-0.8,2026-10-02T01:01:04.695736+02:00
295879340,de:11000:900110011:1:50,-0.9,2026-10-02T01:01:04.695736+02:00
295879340,de:11000:900007102:1:50,-0.9,2026-10-02T01:01:04.695736+02:00
295879340,de:11000:900008101:1:50,0.0,2026-10-02T01:01:04.695736+02:00
295879340,de:11000:900007104:1:51,-0.7,2026-10-02T01:01:04.695736+02:00
295879340,de:11000:900100007:1:50,-0.7,2026-10-02T01:01:04.695736+02:00
295879340,de:11000:900100001:4:56,-0.5,2026-10-02T01:01:04.695736+02:00
295879340,de:11000:900100025:1:50,-0.4,2026-10-02T01:01:04.695736+02:00
295879340,de:11000:900100020:3:54,-0.4,2026-10-02T01:01:04.695736+02:00
295879340,de:11000:900012101:1:51,-0.5,2026-10-02T01:01:04.695736+02:00
295879340,de:11000:900057102:1:50,-0.7,2026-10-02T01:01:04.695736+02:00
295879340,de:11000:900057104:2:51,-0.4,2026-10-02T01:01:04.695736+02:00
295879340,de:11000:900054104:1:50,-0.3,2026-10-02T01:01:04.695736+02:00
295879340,de:11000:900060101:1:50,-0.3,2026-10-02T01:01:04.695736+02:00
295879340,de:11000:900063101:1:50,-0.1,2026-10-02T01:01:04.695736+02:00
295879340,de:11000:900062202:1:50,-0.1,2026-10-02T01:01:04.695736+02:00
295879340,de:11000:900066102:1:50,-0.2,2026-10-02T01:01:04.695736+02:00
295879340,de:11000:900066101:1:50,-0.1,2026-10-02T01:01:04.695736+02:00
295879340,de:11000:900049202:1:50,-0.3,2026-10-02T01:01:04.695736+02:00
295879340,de:11000:900049201:1:50,-0.4,2026-10-02T01:01:04.695736+02:00
295879340,de:11000:900050301:1:50,0.0,2026-10-02T01:01:04.695736+02:00
295879340,de:11000:900050355:1:50,-0.1,2026-10-02T01:01:04.695736+02:00
295879340,de:11000:900052201:1:50,-0.5,2026-10-02T01:01:04.695736+02:00
295879340,de:11000:900053301:1:51,-0.9,2026-10-02T01:01:04.695736+02:00
295879333,de:12065:900200005:3:1,0.0,2026-10-02T01:01:04.695736+02:00
295879333,de:12065:900200006:1:51,-0.3,2026-10-02T01:01:04.695736+02:00
295879333,de:12065:900200007:1:51,-0.7,2026-10-02T01:01:04.695736+02:00
295879333,de:12065:900200008:1:51,-0.2,2026-10-02T01:01:04.695736+02:00
295879333,de:12065:900200009:1:51,-0.1,2026-10-02T01:01:04.695736+02:00
295879333,de:11000:900092201:1:51,-0.7,2026-10-02T01:01:04.695736+02:00
295879333,de:11000:900093201:1:51,-0.4,2026-10-02T01:01:04.695736+02:00
295879333,de:11000:900094101:1:51,-0.8,2026-10-02T01:01:04.695736+02:00
295879333,de:11000:900096101:1:51,-0.1,2026-10-02T01:01:04.695736+02:00
295879333,de:11000:900084101:1:51,-0.2,2026-10-02T01:01:04.695736+02:00
295879333,de:11000:900085201:1:51,-0.8,2026-10-02T01:01:04.695736+02:00
295879333,de:11000:900130003:1:51,-0.8,2026-10-02T01:01:04.695736+02:00
295879333,de:11000:900110011:1:50,-0.9,2026-10-02T01:01:04.695736+02:00
295879333,de:11000:900007102:1:50,-0.9,2026-10-02T01:01:04.695736+02:00
295879333,de:11000:900008101:1:50,0.0,2026-10-02T01:01:04.695736+02:00
295879333,de:11000:900007104:1:51,-0.7,2026-10-02T01:01:04.695736+02:00
295879333,de:11000:900100007:1:50,-0.7,2026-10-02T01:01:04.695736+02:00
295879333,de:11000:900100001:4:56,-0.5,2026-10-02T01:01:04.695736+02:00
295879333,de:11000:900100025:1:50,-0.4,2026-10-02T01:01:04.695736+02:00
295879333,de:11000:900100020:3:54,-0.4,2026-10-02T01:01:04.695736+02:00
295879333,de:11000:900012101:1:51,-0.5,2026-10-02T01:01:04.695736+02:00
295879333,de:11000:900057102:1:50,-0.7,2026-10-02T01:01:04.695736+02:00
295879333,de:11000:900057104:2:51,-0.4,2026-10-02T01:01:04.695736+02:00
295879333,de:11000:900054104:1:50,-0.3,2026-10-02T01:01:04.695736+02:00
295879333,de:11000:900060101:1:50,-0.3,2026-10-02T01:01:04.695736+02:00
295879333,de:11000:900063101:1:50,-0.1,2026-10-02T01:01:04.695736+02:00
295879333,de:11000:900062202:1:50,-0.1,2026-10-02T01:01:04.695736+02:00
295879333,de:11000:900066102:1:50,-0.2,2026-10-02T01:01:04.695736+02:00
295879333,de:11000:900066101:1:50,-0.1,2026-10-02T01:01:04.695736+02:00
295879333,de:11000:900049202:1:50,-0.3,2026-10-02T01:01:04.695736+02:00
295879333,de:11000:900049201:1:50,-0.4,2026-10-02T01:01:04.695736+02:00
295879333,de:11000:900050301:1:50,0.0,2026-10-02T01:01:04.695736+02:00
295879333,de:11000:900050355:1:50,-0.1,2026-10-02T01:01:04.695736+02:00
295879333,de:11000:900052201:1:50,-0.5,2026-10-02T01:01:04.695736+02:00
295879333,de:11000:900053301:1:51,-0.9,2026-10-02T01:01:04.695736+02:00
295879437,de:11000:900053301:2:52,0.0,2026-10-02T01:01:04.695736+02:00
295879437,de:11000:900052201:1:51,0.0,2026-10-02T01:01:04.695736+02:00
295879437,de:11000:900050355:1:51,-0.3,2026-10-02T01:01:04.695736+02:00
295879437,de:11000:900050301:1:51,-0.4,2026-10-02T01:01:04.695736+02:00
295879437,de:11000:900049201:1:51,0.0,2026-10-02T01:01:04.695736+02:00
295879437,de:11000:900049202:1:51,0.0,2026-10-02T01:01:04.695736+02:00
295879437,de:11000:900066101:1:51,-0.3,2026-10-02T01:01:04.695736+02:00
295879437,de:11000:900066102:1:51,-0.2,2026-10-02T01:01:04.695736+02:00
295879437,de:11000:900062202:1:51,-0.2,2026-10-02T01:01:04.695736+02:00
295879437,de:11000:900063101:1:51,-0.2,2026-10-02T01:01:04.695736+02:00
295879437,de:11000:900060101:1:51,-0.9,2026-10-02T01:01:04.695736+02:00
295879437,de:11000:900054104:1:51,-0.9,2026-10-02T01:01:04.695736+02:00
295879437,de:11000:900057104:1:50,-0.4,2026-10-02T01:01:04.695736+02:00
295879437,de:11000:900057102:1:51,-0.1,2026-10-02T01:01:04.695736+02:00
295879437,de:11000:900012101:2:52,-0.9,2026-10-02T01:01:04.695736+02:00
295879437,de:11000:900100020:4:57,-0.3,2026-10-02T01:01:04.695736+02:00
295879437,de:11000:900100025:1:51,-0.4,2026-10-02T01:01:04.695736+02:00
295879437,de:11000:900100001:4:57,-0.1,2026-10-02T01:01:04.695736+02:00
295879437,de:11000:900100007:1:51,-0.2,2026-10-02T01:01:04.695736+02:00
295879437,de:11000:900007104:2:52,-0.2,2026-10-02T01:01:04.695736+02:00
295879437,de:11000:900008101:1:51,-0.9,2026-10-02T01:01:04.695736+02:00
295879437,de:11000:900007102:2:53,-0.6,2026-10-02T01:01:04.695736+02:00
295879437,de:11000:900110011:2:53,-0.9,2026-10-02T01:01:04.695736+02:00
295879437,de:11000:900085201:1:50,-0.9,2026-10-02T01:01:04.695736+02:00
295879437,de:11000:900084101:1:50,-0.7,2026-10-02T01:01:04.695736+02:00
295879437,de:11000:900096101:1:50,-0.8,2026-10-02T01:01:04.695736+02:00
295879437,de:11000:900094101:1:50,-0.1,2026-10-02T01:01:04.695736+02:00
295879437,de:11000:900093201:1:50,-0.4,2026-10-02T01:01:04.695736+02:00
295879437,de:11000:900092201:1:50,-0.2,2026-10-02T01:01:04.695736+02:00
295879437,de:12065:900200009:1:50,-0.7,2026-10-02T01:01:04.695736+02:00
295879437,de:12065:900200008:1:50,-0.7,2026-10-02T01:01:04.695736+02:00
295879437,de:12065:900200007:1:50,-0.2,2026-10-02T01:01:04.695736+02:00
295879437,de:12065:900200006:1:50,-0.5,2026-10-02T01:01:04.695736+02:00
295879437,de:12065:900200005:3:1,-0.9,2026-10-02T01:01:04.695736+02:00
306895882,de:12067:900310001::5,0.0,2026-10-02T01:01:04.695736+02:00
306895882,de:12067:900311149::1,0.0,2026-10-02T01:01:04.695736+02:00
306895882,de:12067:900310781::1,0.0,2026-10-02T01:01:04.695736+02:00
306895882,de:12067:900310789::1,0.0,2026-10-02T01:01:04.695736+02:00
306895882,de:12067:900310797::1,0.0,2026-10-02T01:01:04.695736+02:00
306895882,de:12067:900310773::1,0.0,2026-10-02T01:01:04.695736+02:00
306895882,de:12067:900311115::1,0.0,2026-10-02T01:01:04.695736+02:00
306895920,de:12067:900310001::5,0.0,2026-10-02T01:01:04.695736+02:00
306895920,de:12067:900311149::1,0.0,2026-10-02T01:01:04.695736+02:00
306895920,de:12067:900310781::1,0.0,2026-10-02T01:01:04.695736+02:00
306895920,de:12067:900310822::1,0.0,2026-10-02T01:01:04.695736+02:00
306895920,de:12067:900310808::1,0.0,2026-10-02T01:01:04.695736+02:00
306895920,de:12067:900310777::1,0.0,2026-10-02T01:01:04.695736+02:00
306895920,de:12067:900310796::1,0.0,2026-10-02T01:01:04.695736+02:00
306895920,de:12067:900310875::1,0.0,2026-10-02T01:01:04.695736+02:00
306895920,de:12067:900310837::1,0.0,2026-10-02T01:01:04.695736+02:00
306895920,de:12067:900310817::1,0.0,2026-10-02T01:01:04.695736+02:00
306895920,de:12067:900311145::1,0.0,2026-10-02T01:01:04.695736+02:00
295879391,de:11000:900053301:2:52,0.0,2026-10-02T01:01:04.695736+02:00
295879391,de:11000:900052201:1:51,0.0,2026-10-02T01:01:04.695736+02:00
295879391,de:11000:900050355:1:51,-0.3,2026-10-02T01:01:04.695736+02:00
295879391,de:11000:900050301:1:51,-0.4,2026-10-02T01:01:04.695736+02:00
295879391,de:11000:900049201:1:51,0.0,2026-10-02T01:01:04.695736+02:00
295879391,de:11000:900049202:1:51,0.0,2026-10-02T01:01:04.695736+02:00
295879391,de:11000:900066101:1:51,-0.3,2026-10-02T01:01:04.695736+02:00
295879391,de:11000:900066102:1:51,-0.2,2026-10-02T01:01:04.695736+02:00
295879391,de:11000:900062202:1:51,-0.2,2026-10-02T01:01:04.695736+02:00
295879391,de:11000:900063101:1:51,-0.2,2026-10-02T01:01:04.695736+02:00
295879391,de:11000:900060101:1:51,-0.9,2026-10-02T01:01:04.695736+02:00
295879391,de:11000:900054104:1:51,-0.9,2026-10-02T01:01:04.695736+02:00
295879391,de:11000:900057104:1:50,-0.4,2026-10-02T01:01:04.695736+02:00
295879391,de:11000:900057102:1:51,-0.1,2026-10-02T01:01:04.695736+02:00
295879391,de:11000:900012101:2:52,-0.9,2026-10-02T01:01:04.695736+02:00
295879391,de:11000:900100020:4:57,-0.3,2026-10-02T01:01:04.695736+02:00
295879391,de:11000:900100025:1:51,-0.4,2026-10-02T01:01:04.695736+02:00
295879391,de:11000:900100001:4:57,-0.1,2026-10-02T01:01:04.695736+02:00
295879391,de:11000:900100007:1:51,-0.2,2026-10-02T01:01:04.695736+02:00
295879391,de:11000:900007104:2:52,-0.2,2026-10-02T01:01:04.695736+02:00
295879391,de:11000:900008101:1:51,-0.9,2026-10-02T01:01:04.695736+02:00
295879391,de:11000:900007102:2:53,-0.6,2026-10-02T01:01:04.695736+02:00
295879391,de:11000:900110011:2:53,-0.9,2026-10-02T01:01:04.695736+02:00
295879391,de:11000:900085201:1:50,-0.9,2026-10-02T01:01:04.695736+02:00
295879391,de:11000:900084101:1:50,-0.7,2026-10-02T01:01:04.695736+02:00
295879391,de:11000:900096101:1:50,-0.8,2026-10-02T01:01:04.695736+02:00
295879391,de:11000:900094101:1:50,-0.1,2026-10-02T01:01:04.695736+02:00
295879391,de:11000:900093201:1:50,-0.4,2026-10-02T01:01:04.695736+02:00
295879391,de:11000:900092201:1:50,-0.2,2026-10-02T01:01:04.695736+02:00
295879391,de:12065:900200009:1:50,-0.7,2026-10-02T01:01:04.695736+02:00
295879391,de:12065:900200008:1:50,-0.7,2026-10-02T01:01:04.695736+02:00
295879391,de:12065:900200007:1:50,-0.2,2026-10-02T01:01:04.695736+02:00
295879391,de:12065:900200006:1:50,-0.5,2026-10-02T01:01:04.695736+02:00
295879391,de:12065:900200005:3:2,-0.9,2026-10-02T01:01:04.695736+02:00
306896113,de:12067:900310013::4,0.0,2026-10-02T01:01:04.695736+02:00
306896113,de:12067:900310557::3,0.0,2026-10-02T01:01:04.695736+02:00
306896113,de:12067:900310555::1,0.0,2026-10-02T01:01:04.695736+02:00
306896113,de:12067:900311114::1,0.0,2026-10-02T01:01:04.695736+02:00
306896113,de:12067:900310031::2,0.0,2026-10-02T01:01:04.695736+02:00
295883483,de:11000:900100020:3:55,0.0,2026-10-02T01:01:04.695736+02:00
295883483,de:11000:900012101:1:51,-0.5,2026-10-02T01:01:04.695736+02:00
295883483,de:11000:900057102:1:50,-0.7,2026-10-02T01:01:04.695736+02:00
295883483,de:11000:900057104:2:51,-0.4,2026-10-02T01:01:04.695736+02:00
295883483,de:11000:900054104:1:50,-0.3,2026-10-02T01:01:04.695736+02:00
295883483,de:11000:900060101:1:50,-0.3,2026-10-02T01:01:04.695736+02:00
295883483,de:11000:900063101:1:50,-0.1,2026-10-02T01:01:04.695736+02:00
295883483,de:11000:900062202:1:50,-0.1,2026-10-02T01:01:04.695736+02:00
295883483,de:11000:900066102:1:50,-0.2,2026-10-02T01:01:04.695736+02:00
295883483,de:11000:900066101:1:50,-0.1,2026-10-02T01:01:04.695736+02:00
295883483,de:11000:900049202:1:50,-0.3,2026-10-02T01:01:04.695736+02:00
295883483,de:11000:900049201:1:50,-0.4,2026-10-02T01:01:04.695736+02:00
307252203,de:11000:900007102:1:51,0.0,2026-10-02T01:01:04.695736+02:00
307252203,de:11000:900009104:1:51,-0.8,2026-10-02T01:01:04.695736+02:00
307252203,de:11000:900003200:5:58,-0.7,2026-10-02T01:01:04.695736+02:00
307252196,de:11000:900007102:1:51,0.0,2026-10-02T01:01:04.695736+02:00
307252196,de:11000:900009104:1:51,-0.8,2026-10-02T01:01:04.695736+02:00
307252196,de:11000:900003200:5:58,-0.7,2026-10-02T01:01:04.695736+02:00
295882587,de:11000:900053301:2:52,0.0,2026-10-02T01:01:04.695736+02:00
295882587,de:11000:900052201:1:51,0.0,2026-10-02T01:01:04.695736+02:00
295882587,de:11000:900050355:1:51,-0.3,2026-10-02T01:01:04.695736+02:00
295882587,de:11000:900050301:1:51,-0.4,2026-10-02T01:01:04.695736+02:00
295882587,de:11000:900049201:1:51,0.0,2026-10-02T01:01:04.695736+02:00
295882587,de:11000:900049202:1:51,0.0,2026-10-02T01:01:04.695736+02:00
295882587,de:11000:900066101:1:51,-0.3,2026-10-02T01:01:04.695736+02:00
295882587,de:11000:900066102:1:51,-0.2,2026-10-02T01:01:04.695736+02:00
295882587,de:11000:900062202:1:51,-0.2,2026-10-02T01:01:04.695736+02:00
295882587,de:11000:900063101:1:51,-0.2,2026-10-02T01:01:04.695736+02:00
295882587,de:11000:900060101:1:51,-0.9,2026-10-02T01:01:04.695736+02:00
295882587,de:11000:900054104:1:51,-0.9,2026-10-02T01:01:04.695736+02:00
295882587,de:11000:900057104:1:50,-0.4,2026-10-02T01:01:04.695736+02:00
295882587,de:11000:900057102:1:51,-0.1,2026-10-02T01:01:04.695736+02:00
295882587,de:11000:900012101:2:52,-0.9,2026-10-02T01:01:04.695736+02:00
295882587,de:11000:900100020:4:57,-0.3,2026-10-02T01:01:04.695736+02:00
295882587,de:11000:900100025:1:51,-0.4,2026-10-02T01:01:04.695736+02:00
295882587,de:11000:900100001:4:57,-0.1,2026-10-02T01:01:04.695736+02:00
295882587,de:11000:900100007:1:51,-0.2,2026-10-02T01:01:04.695736+02:00
295882587,de:11000:900007104:2:52,-0.2,2026-10-02T01:01:04.695736+02:00
295882587,de:11000:900008101:1:51,-0.9,2026-10-02T01:01:04.695736+02:00
295882587,de:11000:900007102:2:53,-0.6,2026-10-02T01:01:04.695736+02:00
295882587,de:11000:900110011:2:53,-0.9,2026-10-02T01:01:04.695736+02:00
295882587,de:11000:900085201:1:50,-0.9,2026-10-02T01:01:04.695736+02:00
295882587,de:11000:900084101:1:50,-0.7,2026-10-02T01:01:04.695736+02:00
295882587,de:11000:900096101:1:50,-0.8,2026-10-02T01:01:04.695736+02:00
295882587,de:11000:900094101:1:50,-0.1,2026-10-02T01:01:04.695736+02:00
295882587,de:11000:900093201:1:50,-0.4,2026-10-02T01:01:04.695736+02:00
295882587,de:11000:900092201:1:50,-0.2,2026-10-02T01:01:04.695736+02:00
295882564,de:11000:900053301:2:52,0.0,2026-10-02T01:01:04.695736+02:00
295882564,de:11000:900052201:1:51,0.0,2026-10-02T01:01:04.695736+02:00
295882564,de:11000:900050355:1:51,-0.3,2026-10-02T01:01:04.695736+02:00
295882564,de:11000:900050301:1:51,-0.4,2026-10-02T01:01:04.695736+02:00
295882564,de:11000:900049201:1:51,0.0,2026-10-02T01:01:04.695736+02:00
295882564,de:11000:900049202:1:51,0.0,2026-10-02T01:01:04.695736+02:00
295882564,de:11000:900066101:1:51,-0.3,2026-10-02T01:01:04.695736+02:00
295882564,de:11000:900066102:1:51,-0.2,2026-10-02T01:01:04.695736+02:00
295882564,de:11000:900062202:1:51,-0.2,2026-10-02T01:01:04.695736+02:00
295882564,de:11000:900063101:1:51,-0.2,2026-10-02T01:01:04.695736+02:00
295882564,de:11000:900060101:1:51,-0.9,2026-10-02T01:01:04.695736+02:00
295882564,de:11000:900054104:1:51,-0.9,2026-10-02T01:01:04.695736+02:00
295882564,de:11000:900057104:1:50,-0.4,2026-10-02T01:01:04.695736+02:00
295882564,de:11000:900057102:1:51,-0.1,2026-10-02T01:01:04.695736+02:00
295882564,de:11000:900012101:2:52,-0.9,2026-10-02T01:01:04.695736+02:00
295882564,de:11000:900100020:4:57,-0.3,2026-10-02T01:01:04.695736+02:00
295882564,de:11000:900100025:1:51,-0.4,2026-10-02T01:01:04.695736+02:00
295882564,de:11000:900100001:4:57,-0.1,2026-10-02T01:01:04.695736+02:00
295882564,de:11000:900100007:1:51,-0.2,2026-10-02T01:01:04.695736+02:00
295882564,de:11000:900007104:2:52,-0.2,2026-10-02T01:01:04.695736+02:00
295882564,de:11000:900008101:1:51,-0.9,2026-10-02T01:01:04.695736+02:00
295882564,de:11000:900007102:2:53,-0.6,2026-10-02T01:01:04.695736+02:00
295882564,de:11000:900110011:2:53,-0.9,2026-10-02T01:01:04.695736+02:00
295882564,de:11000:900085201:1:50,-0.9,2026-10-02T01:01:04.695736+02:00
295882564,de:11000:900084101:1:50,-0.7,2026-10-02T01:01:04.695736+02:00
295882564,de:11000:900096101:1:50,-0.8,2026-10-02T01:01:04.695736+02:00
295882564,de:11000:900094101:1:50,-0.1,2026-10-02T01:01:04.695736+02:00
295882564,de:11000:900093201:1:50,-0.4,2026-10-02T01:01:04.695736+02:00
295882564,de:11000:900092201:1:50,-0.2,2026-10-02T01:01:04.695736+02:00
295882514,de:11000:900092201:1:51,0.0,2026-10-02T01:01:04.695736+02:00
295882514,de:11000:900093201:1:51,-0.4,2026-10-02T01:01:04.695736+02:00
295882514,de:11000:900094101:1:51,-0.8,2026-10-02T01:01:04.695736+02:00
295882514,de:11000:900096101:1:51,-0.1,2026-10-02T01:01:04.695736+02:00
295882514,de:11000:900084101:1:51,-0.2,2026-10-02T01:01:04.695736+02:00
295882514,de:11000:900085201:1:51,-0.8,2026-10-02T01:01:04.695736+02:00
295882514,de:11000:900130003:1:51,-0.8,2026-10-02T01:01:04.695736+02:00
295882514,de:11000:900110011:1:50,-0.9,2026-10-02T01:01:04.695736+02:00
295882514,de:11000:900007102:1:50,-0.9,2026-10-02T01:01:04.695736+02:00
295882514,de:11000:900008101:1:50,0.0,2026-10-02T01:01:04.695736+02:00
295882514,de:11000:900007104:1:51,-0.7,2026-10-02T01:01:04.695736+02:00
295882514,de:11000:900100007:1:50,-0.7,2026-10-02T01:01:04.695736+02:00
295882514,de:11000:900100001:4:56,-0.5,2026-10-02T01:01:04.695736+02:00
295882514,de:11000:900100025:1:50,-0.4,2026-10-02T01:01:04.695736+02:00
295882514,de:11000:900100020:3:54,-0.4,2026-10-02T01:01:04.695736+02:00
295882514,de:11000:900012101:1:51,-0.5,2026-10-02T01:01:04.695736+02:00
295882514,de:11000:900057102:1:50,-0.7,2026-10-02T01:01:04.695736+02:00
295882514,de:11000:900057104:2:51,-0.4,2026-10-02T01:01:04.695736+02:00
295882514,de:11000:900054104:1:50,-0.3,2026-10-02T01:01:04.695736+02:00
295882514,de:11000:900060101:1:50,-0.3,2026-10-02T01:01:04.695736+02:00
295882514,de:11000:900063101:1:50,-0.1,2026-10-02T01:01:04.695736+02:00
295882514,de:11000:900062202:1:50,-0.1,2026-10-02T01:01:04.695736+02:00
295882514,de:11000:900066102:1:50,-0.2,2026-10-02T01:01:04.695736+02:00
295882514,de:11000:900066101:1:50,-0.1,2026-10-02T01:01:04.695736+02:00
295882514,de:11000:900049202:1:50,-0.3,2026-10-02T01:01:04.695736+02:00
295882514,de:11000:900049201:1:50,-0.4,2026-10-02T01:01:04.695736+02:00
295882514,de:11000:900050301:1:50,0.0,2026-10-02T01:01:04.695736+02:00
295882514,de:11000:900050355:1:50,-0.1,2026-10-02T01:01:04.695736+02:00
295882514,de:11000:900052201:1:50,-0.5,2026-10-02T01:01:04.695736+02:00
295882514,de:11000:900053301:1:51,-0.9,2026-10-02T01:01:04.695736+02:00
306895918,de:12067:900310001::5,0.0,2026-10-02T01:01:04.695736+02:00
306895918,de:12067:900311149::1,0.0,2026-10-02T01:01:04.695736+02:00
306895918,de:12067:900310781::1,0.0,2026-10-02T01:01:04.695736+02:00
306895918,de:12067:900310822::1,0.0,2026-10-02T01:01:04.695736+02:00
306895918,de:12067:900310808::1,0.0,2026-10-02T01:01:04.695736+02:00
306895918,de:12067:900310777::1,0.0,2026-10-02T01:01:04.695736+02:00
306895918,de:12067:900310796::1,0.0,2026-10-02T01:01:04.695736+02:00
306895918,de:12067:900310780::1,0.0,2026-10-02T01:01:04.695736+02:00
306895918,de:12067:900310875::1,0.0,2026-10-02T01:01:04.695736+02:00
306895918,de:12067:900310837::1,0.0,2026-10-02T01:01:04.695736+02:00
306895918,de:12067:900310817::1,0.0,2026-10-02T01:01:04.695736+02:00
306895918,de:12067:900311145::1,0.0,2026-10-02T01:01:04.695736+02:00
306897001,de:12067:900311308::5,0.0,2026-10-02T01:01:04.695736+02:00
306897001,de:12067:900311380::1,0.0,2026-10-02T01:01:04.695736+02:00
306897001,de:12067:900311348::1,0.0,2026-10-02T01:01:04.695736+02:00
306897001,de:12067:900311350::1,0.0,2026-10-02T01:01:04.695736+02:00
306897001,de:12067:900311321::2,0.0,2026-10-02T01:01:04.695736+02:00
306897001,de:12067:900311353::2,0.0,2026-10-02T01:01:04.695736+02:00
306897001,de:12067:900311383::6,0.0,2026-10-02T01:01:04.695736+02:00
306897001,de:12067:900311305::1,0.0,2026-10-02T01:01:04.695736+02:00
306897001,de:12067:900311304::2,0.0,2026-10-02T01:01:04.695736+02:00
306897001,de:12067:900311334::2,0.0,2026-10-02T01:01:04.695736+02:00
306897001,de:12067:900311333::2,0.0,2026-10-02T01:01:04.695736+02:00
306897001,de:12067:900311352::2,0.0,2026-10-02T01:01:04.695736+02:00
306897001,de:12067:900311336::2,0.0,2026-10-02T01:01:04.695736+02:00
306897001,de:12067:900311371::1,0.0,2026-10-02T01:01:04.695736+02:00
306897001,de:12067:900311364::1,0.0,2026-10-02T01:01:04.695736+02:00
306897001,de:12067:900311374::2,0.0,2026-10-02T01:01:04.695736+02:00
306897001,de:12067:900311365::2,0.0,2026-10-02T01:01:04.695736+02:00
306897001,de:12067:900311363::2,0.0,2026-10-02T01:01:04.695736+02:00
306897001,de:12067:900311362::2,0.0,2026-10-02T01:01:04.695736+02:00
306897001,de:12067:900311377::2,0.0,2026-10-02T01:01:04.695736+02:00
306897001,de:12067:900311376::2,0.0,2026-10-02T01:01:04.695736+02:00
306897001,de:12067:900311316::2,0.0,2026-10-02T01:01:04.695736+02:00
306897001,de:12067:900311384::2,0.0,2026-10-02T01:01:04.695736+02:00
306897001,de:12067:900311317::2,0.0,2026-10-02T01:01:04.695736+02:00
306897001,de:12067:900310027::2,0.0,2026-10-02T01:01:04.695736+02:00
306897001,de:12067:900311359::2,0.0,2026-10-02T01:01:04.695736+02:00
306897001,de:12067:900311345::2,0.0,2026-10-02T01:01:04.695736+02:00
306897001,de:12067:900311341::2,0.0,2026-10-02T01:01:04.695736+02:00
306897001,de:12067:900311309::1,0.0,2026-10-02T01:01:04.695736+02:00
306897001,de:12067:900311310::1,0.0,2026-10-02T01:01:04.695736+02:00
306897001,de:12067:900311307::1,0.0,2026-10-02T01:01:04.695736+02:00
306897001,de:12067:900311308::4,0.0,2026-10-02T01:01:04.695736+02:00
295882446,de:11000:900092201:1:50,0.0,2026-10-02T01:01:04.695736+02:00
295882446,de:11000:900093201:1:51,-0.4,2026-10-02T01:01:04.695736+02:00
295882446,de:11000:900094101:1:51,-0.3,2026-10-02T01:01:04.695736+02:00
295882446,de:11000:900096101:1:51,-0.1,2026-10-02T01:01:04.695736+02:00
295882446,de:11000:900084101:1:51,-0.2,2026-10-02T01:01:04.695736+02:00
295882446,de:11000:900085201:1:51,-0.8,2026-10-02T01:01:04.695736+02:00
295882446,de:11000:900130003:1:51,-0.8,2026-10-02T01:01:04.695736+02:00
295882446,de:11000:900110011:1:50,-0.9,2026-10-02T01:01:04.695736+02:00
295882446,de:11000:900007102:1:50,-0.9,2026-10-02T01:01:04.695736+02:00
295882446,de:11000:900008101:1:50,0.0,2026-10-02T01:01:04.695736+02:00
295882446,de:11000:900007104:1:51,-0.7,2026-10-02T01:01:04.695736+02:00
295882446,de:11000:900100007:1:50,-0.7,2026-10-02T01:01:04.695736+02:00
295882446,de:11000:900100001:4:56,-0.5,2026-10-02T01:01:04.695736+02:00
295882446,de:11000:900100025:1:50,-0.4,2026-10-02T01:01:04.695736+02:00
295882446,de:11000:900100020:3:54,-0.4,2026-10-02T01:01:04.695736+02:00
295882446,de:11000:900012101:1:51,-0.5,2026-10-02T01:01:04.695736+02:00
295882446,de:11000:900057102:1:50,-0.7,2026-10-02T01:01:04.695736+02:00
295882446,de:11000:900057104:2:51,-0.4,2026-10-02T01:01:04.695736+02:00
295882446,de:11000:900054104:1:50,-0.3,2026-10-02T01:01:04.695736+02:00
295882446,de:11000:900060101:1:50,-0.3,2026-10-02T01:01:04.695736+02:00
295882446,de:11000:900063101:1:50,-0.1,2026-10-02T01:01:04.695736+02:00
295882446,de:11000:900062202:1:50,-0.1,2026-10-02T01:01:04.695736+02:00
295882446,de:11000:900066102:1:50,-0.2,2026-10-02T01:01:04.695736+02:00
295882446,de:11000:900066101:1:50,-0.1,2026-10-02T01:01:04.695736+02:00
295882446,de:11000:900049202:1:50,-0.3,2026-10-02T01:01:04.695736+02:00
295882446,de:11000:900049201:1:50,-0.4,2026-10-02T01:01:04.695736+02:00
295882446,de:11000:900050301:1:50,0.0,2026-10-02T01:01:04.695736+02:00
295882446,de:11000:900050355:1:50,-0.1,2026-10-02T01:01:04.695736+02:00
295882446,de:11000:900052201:1:50,-0.5,2026-10-02T01:01:04.695736+02:00
295882446,de:11000:900053301:1:51,-0.9,2026-10-02T01:01:04.695736+02:00
306896035,de:12064:900320007::4,0.0,2026-10-02T01:01:04.695736+02:00
306896035,de:12064:900320113::2,0.0,2026-10-02T01:01:04.695736+02:00
306896035,de:12067:900310523::2,0.0,2026-10-02T01:01:04.695736+02:00
306896035,de:12067:900310535::2,0.0,2026-10-02T01:01:04.695736+02:00
306896035,de:12067:900310522::2,0.0,2026-10-02T01:01:04.695736+02:00
306896035,de:12067:900310021::2,0.0,2026-10-02T01:01:04.695736+02:00
306896035,de:12067:900310500::1,0.0,2026-10-02T01:01:04.695736+02:00
306896035,de:12067:900310501::2,0.0,2026-10-02T01:01:04.695736+02:00
306896035,de:12067:900310020::2,0.0,2026-10-02T01:01:04.695736+02:00
306896035,de:12067:900310528::2,0.0,2026-10-02T01:01:04.695736+02:00
306896035,de:12067:900310529::2,0.0,2026-10-02T01:01:04.695736+02:00
306896035,de:12067:900311012::2,0.0,2026-10-02T01:01:04.695736+02:00
306896035,de:12067:900311014::2,0.0,2026-10-02T01:01:04.695736+02:00
306896035,de:12067:900310536::2,0.0,2026-10-02T01:01:04.695736+02:00
306896035,de:12067:900310543::2,0.0,2026-10-02T01:01:04.695736+02:00
306896035,de:12067:900310578::4,0.0,2026-10-02T01:01:04.695736+02:00
306896035,de:12067:900310534::2,0.0,2026-10-02T01:01:04.695736+02:00
306896035,de:11000:900310550::2,0.0,2026-10-02T01:01:04.695736+02:00
306896035,de:12067:900310572::2,0.0,2026-10-02T01:01:04.695736+02:00
306896035,de:12067:900310013::7,0.0,2026-10-02T01:01:04.695736+02:00
307438381,de:12052:900470000:1:50,0.0,2026-10-02T01:01:04.695736+02:00
307438381,de:12066:900435001:2:52,0.0,2026-10-02T01:01:04.695736+02:00
307438381,de:12066:900435000:2:53,0.0,2026-10-02T01:01:04.695736+02:00
307431834,de:12061:900260009:2:54,0.0,2026-10-02T01:01:04.695736+02:00
307431834,de:12072:900245836:2:51,0.0,2026-10-02T01:01:04.695736+02:00
307431834,de:12069:900220002:2:51,0.0,2026-10-02T01:01:04.695736+02:00
307431834,de:12054:900230002:1:50,0.0,2026-10-02T01:01:04.695736+02:00
307431834,de:12054:900220010:2:51,0.0,2026-10-02T01:01:04.695736+02:00
307431834,de:12054:900230007:2:52,0.0,2026-10-02T01:01:04.695736+02:00
307431834,de:12054:900230006:2:51,0.0,2026-10-02T01:01:04.695736+02:00
307431834,de:12054:900230999:2:53,0.0,2026-10-02T01:01:04.695736+02:00
307431834,de:12054:900230003:4:53,0.0,2026-10-02T01:01:04.695736+02:00
306896502,de:12064:900320228::1,0.0,2026-10-02T01:01:04.695736+02:00
306896502,de:12064:900320280::2,0.0,2026-10-02T01:01:04.695736+02:00
306896502,de:12064:900320229::2,-0.5,2026-10-02T01:01:04.695736+02:00
306896502,de:12064:900320279::2,-0.5,2026-10-02T01:01:04.695736+02:00
306896502,de:12064:900320277::2,0.0,2026-10-02T01:01:04.695736+02:00
306896502,de:12067:900311015::3,0.0,2026-10-02T01:01:04.695736+02:00
306896502,de:12067:900310831::1,0.0,2026-10-02T01:01:04.695736+02:00
306896502,de:12067:900311015::4,0.0,2026-10-02T01:01:04.695736+02:00
306896502,de:12067:900310711::2,0.0,2026-10-02T01:01:04.695736+02:00
306896502,de:12067:900310713::1,0.0,2026-10-02T01:01:04.695736+02:00
306896502,de:12067:900310877::1,0.0,2026-10-02T01:01:04.695736+02:00
306896502,de:12067:900310713::2,0.0,2026-10-02T01:01:04.695736+02:00
306896502,de:12067:900310712::2,0.0,2026-10-02T01:01:04.695736+02:00
306896502,de:12067:900310802::2,0.0,2026-10-02T01:01:04.695736+02:00
306896502,de:12067:900310803::2,0.0,2026-10-02T01:01:04.695736+02:00
306896502,de:12067:900310813::2,0.0,2026-10-02T01:01:04.695736+02:00
306896502,de:12067:900310825::1,0.0,2026-10-02T01:01:04.695736+02:00
306896502,de:12067:900310835::2,0.0,2026-10-02T01:01:04.695736+02:00
306896502,de:12067:900310001::9,0.0,2026-10-02T01:01:04.695736+02:00
306896502,de:12067:900311149::2,0.0,2026-10-02T01:01:04.695736+02:00
306896502,de:12067:900310001::11,0.0,2026-10-02T01:01:04.695736+02:00
295882424,de:11000:900092201:1:50,0.0,2026-10-02T01:01:04.695736+02:00
295882424,de:11000:900093201:1:51,-0.4,2026-10-02T01:01:04.695736+02:00
295882424,de:11000:900094101:1:51,-0.3,2026-10-02T01:01:04.695736+02:00
295882424,de:11000:900096101:1:51,-0.1,2026-10-02T01:01:04.695736+02:00
295882424,de:11000:900084101:1:51,-0.2,2026-10-02T01:01:04.695736+02:00
295882424,de:11000:900085201:1:51,-0.8,2026-10-02T01:01:04.695736+02:00
295882424,de:11000:900130003:1:51,-0.8,2026-10-02T01:01:04.695736+02:00
295882424,de:11000:900110011:1:50,-0.9,2026-10-02T01:01:04.695736+02:00
295882424,de:11000:900007102:1:50,-0.9,2026-10-02T01:01:04.695736+02:00
295882424,de:11000:900008101:1:50,0.0,2026-10-02T01:01:04.695736+02:00
295882424,de:11000:900007104:1:51,-0.7,2026-10-02T01:01:04.695736+02:00
295882424,de:11000:900100007:1:50,-0.7,2026-10-02T01:01:04.695736+02:00
295882424,de:11000:900100001:4:56,-0.5,2026-10-02T01:01:04.695736+02:00
295882424,de:11000:900100025:1:50,-0.4,2026-10-02T01:01:04.695736+02:00
295882424,de:11000:900100020:3:54,-0.4,2026-10-02T01:01:04.695736+02:00
295882424,de:11000:900012101:1:51,-0.5,2026-10-02T01:01:04.695736+02:00
295882424,de:11000:900057102:1:50,-0.7,2026-10-02T01:01:04.695736+02:00
295882424,de:11000:900057104:2:51,-0.4,2026-10-02T01:01:04.695736+02:00
295882424,de:11000:900054104:1:50,-0.3,2026-10-02T01:01:04.695736+02:00
295882424,de:11000:900060101:1:50,-0.3,2026-10-02T01:01:04.695736+02:00
295882424,de:11000:900063101:1:50,-0.1,2026-10-02T01:01:04.695736+02:00
295882424,de:11000:900062202:1:50,-0.1,2026-10-02T01:01:04.695736+02:00
295882424,de:11000:900066102:1:50,-0.2,2026-10-02T01:01:04.695736+02:00
295882424,de:11000:900066101:1:50,-0.1,2026-10-02T01:01:04.695736+02:00
295882424,de:11000:900049202:1:50,-0.3,2026-10-02T01:01:04.695736+02:00
295882424,de:11000:900049201:1:50,-0.4,2026-10-02T01:01:04.695736+02:00
295882424,de:11000:900050301:1:50,0.0,2026-10-02T01:01:04.695736+02:00
295882424,de:11000:900050355:1:50,-0.1,2026-10-02T01:01:04.695736+02:00
295882424,de:11000:900052201:1:50,-0.5,2026-10-02T01:01:04.695736+02:00
295882424,de:11000:900053301:1:51,-0.9,2026-10-02T01:01:04.695736+02:00
307431124,de:12063:900210001:1:50,0.0,2026-10-02T01:01:04.695736+02:00
307431124,de:12054:900220012:1:50,0.0,2026-10-02T01:01:04.695736+02:00
307431124,de:12054:900220010:2:51,0.0,2026-10-02T01:01:04.695736+02:00
307431124,de:12054:900230007:2:52,0.0,2026-10-02T01:01:04.695736+02:00
307431124,de:12054:900230006:2:51,0.0,2026-10-02T01:01:04.695736+02:00
307431124,de:12054:900230999:2:53,0.0,2026-10-02T01:01:04.695736+02:00
307431124,de:12054:900230003:4:53,0.0,2026-10-02T01:01:04.695736+02:00
307431124,de:11000:900053301:3:55,0.0,2026-10-02T01:01:04.695736+02:00
307431124,de:11000:900024101:2:52,0.0,2026-10-02T01:01:04.695736+02:00
307431124,de:11000:900029101:2:52,0.0,2026-10-02T01:01:04.695736+02:00
307431124,de:12063:900210010:1:50,0.0,2026-10-02T01:01:04.695736+02:00
307431124,de:12065:900200000:1:51,0.0,2026-10-02T01:01:04.695736+02:00
306896638,de:12067:900310611::1,0.0,2026-10-02T01:01:04.695736+02:00
306896638,de:12067:900311058::2,0.0,2026-10-02T01:01:04.695736+02:00
306896638,de:12067:900311110::4,0.0,2026-10-02T01:01:04.695736+02:00
306896638,de:12067:900311059::2,0.0,2026-10-02T01:01:04.695736+02:00
306896638,de:12067:900311069::1,0.0,2026-10-02T01:01:04.695736+02:00
306896638,de:12067:900311118::1,0.0,2026-10-02T01:01:04.695736+02:00
306896638,de:12067:900310966::1,0.0,2026-10-02T01:01:04.695736+02:00
306896638,de:12067:900310997::1,0.0,2026-10-02T01:01:04.695736+02:00
306896638,de:12067:900310998::1,0.0,2026-10-02T01:01:04.695736+02:00
306896638,de:12067:900310997::2,0.0,2026-10-02T01:01:04.695736+02:00
306896638,de:12067:900310966::2,0.0,2026-10-02T01:01:04.695736+02:00
306896638,de:12067:900311118::2,0.0,2026-10-02T01:01:04.695736+02:00
306896638,de:12067:900310904::2,0.0,2026-10-02T01:01:04.695736+02:00
306896638,de:12067:900310991::2,0.0,2026-10-02T01:01:04.695736+02:00
306896638,de:12067:900310990::1,0.0,2026-10-02T01:01:04.695736+02:00
306896638,de:12067:900310989::2,0.0,2026-10-02T01:01:04.695736+02:00
306896638,de:12067:900310992::2,-0.5,2026-10-02T01:01:04.695736+02:00
306896638,de:12067:900310995::1,0.0,2026-10-02T01:01:04.695736+02:00
306896638,de:12067:900310779::2,0.0,2026-10-02T01:01:04.695736+02:00
306896638,de:12067:900310808::2,0.0,2026-10-02T01:01:04.695736+02:00
306896638,de:12067:900310822::2,0.0,2026-10-02T01:01:04.695736+02:00
306896638,de:12067:900310781::2,0.0,2026-10-02T01:01:04.695736+02:00
306896638,de:12067:900310627::2,0.0,2026-10-02T01:01:04.695736+02:00
306896638,de:12067:900310816::2,0.0,2026-10-02T01:01:04.695736+02:00
306896638,de:12067:900310022::1,0.0,2026-10-02T01:01:04.695736+02:00
306896638,de:12067:900310001::11,0.0,2026-10-02T01:01:04.695736+02:00
306896637,de:12067:900310611::1,0.0,2026-10-02T01:01:04.695736+02:00
306896637,de:12067:900311058::2,0.0,2026-10-02T01:01:04.695736+02:00
306896637,de:12067:900311110::4,0.0,2026-10-02T01:01:04.695736+02:00
306896637,de:12067:900311059::2,0.0,2026-10-02T01:01:04.695736+02:00
306896637,de:12067:900311069::1,0.0,2026-10-02T01:01:04.695736+02:00
306896637,de:12067:900311118::1,0.0,2026-10-02T01:01:04.695736+02:00
306896637,de:12067:900310966::1,0.0,2026-10-02T01:01:04.695736+02:00
306896637,de:12067:900310997::1,0.0,2026-10-02T01:01:04.695736+02:00
306896637,de:12067:900310998::1,0.0,2026-10-02T01:01:04.695736+02:00
306896637,de:12067:900310997::2,0.0,2026-10-02T01:01:04.695736+02:00
306896637,de:12067:900310966::2,0.0,2026-10-02T01:01:04.695736+02:00
306896637,de:12067:900311118::2,0.0,2026-10-02T01:01:04.695736+02:00
306896637,de:12067:900310904::2,0.0,2026-10-02T01:01:04.695736+02:00
306896637,de:12067:900310991::2,0.0,2026-10-02T01:01:04.695736+02:00
306896637,de:12067:900310990::1,0.0,2026-10-02T01:01:04.695736+02:00
306896637,de:12067:900310989::2,0.0,2026-10-02T01:01:04.695736+02:00
306896637,de:12067:900310992::2,-0.5,2026-10-02T01:01:04.695736+02:00
306896637,de:12067:900310995::1,0.0,2026-10-02T01:01:04.695736+02:00
306896637,de:12067:900310779::2,0.0,2026-10-02T01:01:04.695736+02:00
306896637,de:12067:900310808::2,0.0,2026-10-02T01:01:04.695736+02:00
306896637,de:12067:900310822::2,0.0,2026-10-02T01:01:04.695736+02:00
306896637,de:12067:900310781::2,0.0,2026-10-02T01:01:04.695736+02:00
306896637,de:12067:900310627::2,0.0,2026-10-02T01:01:04.695736+02:00
306896637,de:12067:900310816::2,0.0,2026-10-02T01:01:04.695736+02:00
306896637,de:12067:900310022::1,0.0,2026-10-02T01:01:04.695736+02:00
306896637,de:12067:900310001::11,0.0,2026-10-02T01:01:04.695736+02:00
307435346,de:12061:900260009:2:54,0.0,2026-10-02T01:01:04.695736+02:00
307435346,de:11000:900058101:4:57,0.0,2026-10-02T01:01:04.695736+02:00
307435346,de:11000:900100020:2:53,0.0,2026-10-02T01:01:04.695736+02:00
307435346,de:11000:900003200:4:57,0.0,2026-10-02T01:01:04.695736+02:00
307435948,de:11000:900053301:3:54,0.0,2026-10-02T01:01:04.695736+02:00
307435948,de:12054:900230001:1:50,0.0,2026-10-02T01:01:04.695736+02:00
307435948,de:12069:900220008:1:50,0.0,2026-10-02T01:01:04.695736+02:00
307435948,de:12069:900220006:1:50,0.0,2026-10-02T01:01:04.695736+02:00
307435948,de:12069:900220003:1:50,0.0,2026-10-02T01:01:04.695736+02:00
307435948,de:12069:900220004:1:50,0.0,2026-10-02T01:01:04.695736+02:00
307435948,de:12069:900220005:1:50,0.0,2026-10-02T01:01:04.695736+02:00
307435948,de:12069:900222030:1:50,0.0,2026-10-02T01:01:04.695736+02:00
307435915,de:11000:900053301:3:54,0.0,2026-10-02T01:01:04.695736+02:00
307435915,de:12054:900230001:1:50,0.0,2026-10-02T01:01:04.695736+02:00
307435915,de:12069:900220008:1:50,0.0,2026-10-02T01:01:04.695736+02:00
307435915,de:12069:900220006:1:50,0.0,2026-10-02T01:01:04.695736+02:00
307435915,de:12069:900220003:1:50,0.0,2026-10-02T01:01:04.695736+02:00
307435915,de:12069:900220004:1:50,0.0,2026-10-02T01:01:04.695736+02:00
307435915,de:12069:900220005:1:50,0.0,2026-10-02T01:01:04.695736+02:00
307435915,de:12069:900222030:1:50,0.0,2026-10-02T01:01:04.695736+02:00
307435915,de:12069:900220141:1:50,0.0,2026-10-02T01:01:04.695736+02:00
307435915,de:12069:900220142:1:50,0.0,2026-10-02T01:01:04.695736+02:00
307435915,de:12069:900220143:1:50,0.0,2026-10-02T01:01:04.695736+02:00
306895835,de:12067:900311115::2,0.0,2026-10-02T01:01:04.695736+02:00
306895835,de:12067:900310773::2,0.0,2026-10-02T01:01:04.695736+02:00
306895835,de:12067:900310797::2,0.0,2026-10-02T01:01:04.695736+02:00
306895835,de:12067:900310789::2,0.0,2026-10-02T01:01:04.695736+02:00
306895835,de:12067:900310781::2,0.0,2026-10-02T01:01:04.695736+02:00
306895835,de:12067:900311155::1,0.0,2026-10-02T01:01:04.695736+02:00
306895835,de:12067:900311149::2,0.0,2026-10-02T01:01:04.695736+02:00
306895835,de:12067:900310001::11,0.0,2026-10-02T01:01:04.695736+02:00
295893058,de:12072:900245027:2:52,0.0,2026-10-02T01:01:04.695736+02:00
295893058,de:12072:900245028:1:50,-0.9,2026-10-02T01:01:04.695736+02:00
295893058,de:11000:900074201:1:50,-0.9,2026-10-02T01:01:04.695736+02:00
295893058,de:11000:900074202:2:51,-0.1,2026-10-02T01:01:04.695736+02:00
295893058,de:11000:900072101:2:51,-0.1,2026-10-02T01:01:04.695736+02:00
295893058,de:11000:900073101:1:51,-0.4,2026-10-02T01:01:04.695736+02:00
295893058,de:11000:900068301:1:51,-0.7,2026-10-02T01:01:04.695736+02:00
295893058,de:11000:900058102:2:51,-0.7,2026-10-02T01:01:04.695736+02:00
295893058,de:11000:900058101:1:51,-0.3,2026-10-02T01:01:04.695736+02:00
295893058,de:11000:900058103:1:51,-0.1,2026-10-02T01:01:04.695736+02:00
295893058,de:11000:900012101:2:53,-0.7,2026-10-02T01:01:04.695736+02:00
295893058,de:11000:900100020:4:57,-0.8,2026-10-02T01:01:04.695736+02:00
295893058,de:11000:900100025:1:51,-0.9,2026-10-02T01:01:04.695736+02:00
295893058,de:11000:900100001:4:57,-0.6,2026-10-02T01:01:04.695736+02:00
295893058,de:11000:900100007:1:51,-0.7,2026-10-02T01:01:04.695736+02:00
295893058,de:11000:900007104:2:52,-0.7,2026-10-02T01:01:04.695736+02:00
295893058,de:11000:900008101:1:51,-0.4,2026-10-02T01:01:04.695736+02:00
295893058,de:11000:900007102:2:53,-0.1,2026-10-02T01:01:04.695736+02:00
295893058,de:11000:900110011:2:52,-0.4,2026-10-02T01:01:04.695736+02:00
295893058,de:11000:900130002:1:50,-0.7,2026-10-02T01:01:04.695736+02:00
295893058,de:11000:900130001:1:50,-0.4,2026-10-02T01:01:04.695736+02:00
295893058,de:11000:900142001:1:50,-0.9,2026-10-02T01:01:04.695736+02:00
295893058,de:11000:900143001:1:51,-0.7,2026-10-02T01:01:04.695736+02:00
295893058,de:11000:900135001:1:50,-0.4,2026-10-02T01:01:04.695736+02:00
295893058,de:12060:900350162:1:50,0.0,2026-10-02T01:01:04.695736+02:00
295893058,de:12060:900350163:1:51,-0.4,2026-10-02T01:01:04.695736+02:00
295893058,de:12060:900350161:1:50,-0.7,2026-10-02T01:01:04.695736+02:00
295893058,de:12060:900350160:1:50,-0.4,2026-10-02T01:01:04.695736+02:00
307430164,de:11000:900003200:1:50,0.0,2026-10-02T01:01:04.695736+02:00
307430164,de:11000:900100020:1:50,0.0,2026-10-02T01:01:04.695736+02:00
307430164,de:11000:900058101:2:52,0.0,2026-10-02T01:01:04.695736+02:00
307430164,de:12061:900260009:2:53,0.0,2026-10-02T01:01:04.695736+02:00
307430161,de:11000:900003200:1:50,0.0,2026-10-02T01:01:04.695736+02:00
307430161,de:11000:900100020:1:50,0.0,2026-10-02T01:01:04.695736+02:00
307430161,de:11000:900058101:2:52,0.0,2026-10-02T01:01:04.695736+02:00
307430161,de:12061:900260009:2:54,0.0,2026-10-02T01:01:04.695736+02:00
306896736,de:12067:900310001::4,0.0,2026-10-02T01:01:04.695736+02:00
306896736,de:12067:900310816::1,0.0,2026-10-02T01:01:04.695736+02:00
306896736,de:12067:900310627::1,0.0,2026-10-02T01:01:04.695736+02:00
306896736,de:12067:900310781::1,0.0,2026-10-02T01:01:04.695736+02:00
306896736,de:12067:900310822::1,0.0,2026-10-02T01:01:04.695736+02:00
306896736,de:12067:900310808::1,0.0,2026-10-02T01:01:04.695736+02:00
306896736,de:12067:900310777::1,0.0,2026-10-02T01:01:04.695736+02:00
306896736,de:12067:900310796::1,0.0,2026-10-02T01:01:04.695736+02:00
306896736,de:12067:900310875::1,0.0,2026-10-02T01:01:04.695736+02:00
306896736,de:12067:900310837::1,0.0,2026-10-02T01:01:04.695736+02:00
306896736,de:12067:900310817::1,0.0,2026-10-02T01:01:04.695736+02:00
306896736,de:12067:900310819::1,-0.5,2026-10-02T01:01:04.695736+02:00
306896736,de:12067:900310785::1,-0.5,2026-10-02T01:01:04.695736+02:00
306896736,de:12067:900310743::1,-0.5,2026-10-02T01:01:04.695736+02:00
306896736,de:12067:900310741::1,-0.5,2026-10-02T01:01:04.695736+02:00
306896736,de:12067:900310742::1,0.0,2026-10-02T01:01:04.695736+02:00
306896736,de:12067:900310929::1,-0.5,2026-10-02T01:01:04.695736+02:00
306896736,de:12067:900310930::1,0.0,2026-10-02T01:01:04.695736+02:00
306896736,de:12067:900310928::1,-0.5,2026-10-02T01:01:04.695736+02:00
306896736,de:12067:900311037::1,-0.5,2026-10-02T01:01:04.695736+02:00
306896736,de:12067:900311032::1,-0.5,2026-10-02T01:01:04.695736+02:00
306896736,de:12067:900311041::1,-0.5,2026-10-02T01:01:04.695736+02:00
306896736,de:12067:900311038::1,-0.5,2026-10-02T01:01:04.695736+02:00
306896736,de:12067:900311040::1,-0.5,2026-10-02T01:01:04.695736+02:00
306896736,de:12067:900311031::1,-0.5,2026-10-02T01:01:04.695736+02:00
306896736,de:12067:900311039::1,-0.5,2026-10-02T01:01:04.695736+02:00
295900373,de:12069:900220114:1:51,0.0,2026-10-02T01:01:04.695736+02:00
295900373,de:11000:900064201:1:51,-0.1,2026-10-02T01:01:04.695736+02:00
295900373,de:11000:900064256:1:51,0.0,2026-10-02T01:01:04.695736+02:00
295900373,de:11000:900064301:3:53,-0.3,2026-10-02T01:01:04.695736+02:00
295900373,de:11000:900067221:1:50,-0.3,2026-10-02T01:01:04.695736+02:00
295900373,de:11000:900063452:1:51,-0.4,2026-10-02T01:01:04.695736+02:00
295900373,de:11000:900058102:2:53,-0.5,2026-10-02T01:01:04.695736+02:00
295900373,de:11000:900058101:1:51,-0.3,2026-10-02T01:01:04.695736+02:00
295900373,de:11000:900058103:1:51,0.0,2026-10-02T01:01:04.695736+02:00
295900373,de:11000:900012101:2:53,-0.7,2026-10-02T01:01:04.695736+02:00
295900373,de:11000:900100020:4:57,-0.8,2026-10-02T01:01:04.695736+02:00
295900373,de:11000:900100025:1:51,-0.9,2026-10-02T01:01:04.695736+02:00
295900373,de:11000:900100001:4:57,-0.6,2026-10-02T01:01:04.695736+02:00
295900373,de:11000:900100007:1:51,-0.7,2026-10-02T01:01:04.695736+02:00
295900373,de:11000:900007104:2:52,-0.7,2026-10-02T01:01:04.695736+02:00
295900373,de:11000:900008101:1:51,-0.4,2026-10-02T01:01:04.695736+02:00
295900373,de:11000:900007102:2:53,-0.2,2026-10-02T01:01:04.695736+02:00
295900373,de:11000:900110011:2:53,-0.4,2026-10-02T01:01:04.695736+02:00
295900373,de:11000:900085201:1:50,-0.8,2026-10-02T01:01:04.695736+02:00
295900373,de:11000:900085105:1:50,-0.8,2026-10-02T01:01:04.695736+02:00
295900373,de:11000:900096458:1:50,-0.1,2026-10-02T01:01:04.695736+02:00
295900373,de:11000:900096405:1:50,-0.8,2026-10-02T01:01:04.695736+02:00
295900373,de:11000:900089303:1:50,-0.7,2026-10-02T01:01:04.695736+02:00
295900373,de:11000:900091205:1:50,-0.3,2026-10-02T01:01:04.695736+02:00
295900373,de:11000:900091203:1:50,-0.5,2026-10-02T01:01:04.695736+02:00
295900373,de:12065:900200000:4:54,-0.7,2026-10-02T01:01:04.695736+02:00
295896158,de:11000:900074201:1:50,0.0,2026-10-02T01:01:04.695736+02:00
295896158,de:11000:900074202:2:51,-0.1,2026-10-02T01:01:04.695736+02:00
295896158,de:11000:900072101:2:51,-0.1,2026-10-02T01:01:04.695736+02:00
295896158,de:11000:900073101:1:51,-0.4,2026-10-02T01:01:04.695736+02:00
295896158,de:11000:900068301:1:51,-0.7,2026-10-02T01:01:04.695736+02:00
295896158,de:11000:900058102:2:51,-0.7,2026-10-02T01:01:04.695736+02:00
295896158,de:11000:900058101:1:51,-0.3,2026-10-02T01:01:04.695736+02:00
295896158,de:11000:900058103:1:51,-0.1,2026-10-02T01:01:04.695736+02:00
295896158,de:11000:900012101:2:53,-0.7,2026-10-02T01:01:04.695736+02:00
295896158,de:11000:900100020:4:57,-0.8,2026-10-02T01:01:04.695736+02:00
295896158,de:11000:900100025:1:51,-0.9,2026-10-02T01:01:04.695736+02:00
295896158,de:11000:900100001:4:57,-0.6,2026-10-02T01:01:04.695736+02:00
295896158,de:11000:900100007:1:51,-0.7,2026-10-02T01:01:04.695736+02:00
295896158,de:11000:900007104:2:52,-0.7,2026-10-02T01:01:04.695736+02:00
295896158,de:11000:900008101:1:51,-0.4,2026-10-02T01:01:04.695736+02:00
295896158,de:11000:900007102:2:53,-0.1,2026-10-02T01:01:04.695736+02:00
295896158,de:11000:900110011:2:52,-0.4,2026-10-02T01:01:04.695736+02:00
295896158,de:11000:900130002:1:50,-0.7,2026-10-02T01:01:04.695736+02:00
295896158,de:11000:900130001:1:50,-0.4,2026-10-02T01:01:04.695736+02:00
295896158,de:11000:900142001:1:50,-0.9,2026-10-02T01:01:04.695736+02:00
295896158,de:11000:900143001:1:51,-0.7,2026-10-02T01:01:04.695736+02:00
295896158,de:11000:900135001:1:50,-0.4,2026-10-02T01:01:04.695736+02:00
295896051,de:11000:900135001:1:50,0.0,2026-10-02T01:01:04.695736+02:00
295896051,de:11000:900143001:1:51,-0.8,2026-10-02T01:01:04.695736+02:00
295896051,de:11000:900142001:1:51,-0.3,2026-10-02T01:01:04.695736+02:00
295896051,de:11000:900130001:1:51,-0.8,2026-10-02T01:01:04.695736+02:00
295896051,de:11000:900130002:1:51,-0.3,2026-10-02T01:01:04.695736+02:00
295896051,de:11000:900110011:1:51,-0.7,2026-10-02T01:01:04.695736+02:00
295896051,de:11000:900007102:1:50,-0.7,2026-10-02T01:01:04.695736+02:00
295896051,de:11000:900008101:1:50,-0.5,2026-10-02T01:01:04.695736+02:00
295896051,de:11000:900007104:1:51,-0.2,2026-10-02T01:01:04.695736+02:00
295896051,de:11000:900100007:1:50,-0.2,2026-10-02T01:01:04.695736+02:00
295896051,de:11000:900100001:4:56,0.0,2026-10-02T01:01:04.695736+02:00
295896051,de:11000:900100025:1:50,-0.9,2026-10-02T01:01:04.695736+02:00
295896051,de:11000:900100020:3:54,-0.9,2026-10-02T01:01:04.695736+02:00
295896051,de:11000:900012101:1:51,0.0,2026-10-02T01:01:04.695736+02:00
295896051,de:11000:900058103:1:50,-0.8,2026-10-02T01:01:04.695736+02:00
295896051,de:11000:900058101:1:50,-0.4,2026-10-02T01:01:04.695736+02:00
295896051,de:11000:900058102:1:50,-0.4,2026-10-02T01:01:04.695736+02:00
295896051,de:11000:900068301:1:50,-0.7,2026-10-02T01:01:04.695736+02:00
295896051,de:11000:900073101:1:50,-0.9,2026-10-02T01:01:04.695736+02:00
295896051,de:11000:900072101:1:50,-0.2,2026-10-02T01:01:04.695736+02:00
295896051,de:11000:900074202:1:50,-0.2,2026-10-02T01:01:04.695736+02:00
295896051,de:11000:900074201:1:50,-0.4,2026-10-02T01:01:04.695736+02:00
295903148,de:12069:900220114:1:50,0.0,2026-10-02T01:01:04.695736+02:00
295903148,de:11000:900064201:1:51,-0.1,2026-10-02T01:01:04.695736+02:00
295903148,de:11000:900064256:1:51,0.0,2026-10-02T01:01:04.695736+02:00
295903148,de:11000:900064301:3:53,-0.3,2026-10-02T01:01:04.695736+02:00
295903148,de:11000:900067221:1:50,-0.3,2026-10-02T01:01:04.695736+02:00
295903148,de:11000:900063452:1:51,-0.4,2026-10-02T01:01:04.695736+02:00
295903148,de:11000:900058102:2:53,-0.5,2026-10-02T01:01:04.695736+02:00
295903148,de:11000:900058101:1:51,-0.3,2026-10-02T01:01:04.695736+02:00
295903148,de:11000:900058103:1:51,0.0,2026-10-02T01:01:04.695736+02:00
295903148,de:11000:900012101:2:53,-0.7,2026-10-02T01:01:04.695736+02:00
295903148,de:11000:900100020:4:57,-0.8,2026-10-02T01:01:04.695736+02:00
295903148,de:11000:900100025:1:51,-0.9,2026-10-02T01:01:04.695736+02:00
295903148,de:11000:900100001:4:57,-0.6,2026-10-02T01:01:04.695736+02:00
295903148,de:11000:900100007:1:51,-0.7,2026-10-02T01:01:04.695736+02:00
295903148,de:11000:900007104:2:52,-0.7,2026-10-02T01:01:04.695736+02:00
295903148,de:11000:900008101:1:51,-0.4,2026-10-02T01:01:04.695736+02:00
295903148,de:11000:900007102:2:53,-0.2,2026-10-02T01:01:04.695736+02:00
295903148,de:11000:900110011:2:52,-0.4,2026-10-02T01:01:04.695736+02:00
295903148,de:11000:900130002:1:50,0.0,2026-10-02T01:01:04.695736+02:00
295903148,de:11000:900130001:1:50,-0.7,2026-10-02T01:01:04.695736+02:00
295903148,de:11000:900142001:1:50,-0.2,2026-10-02T01:01:04.695736+02:00
295903145,de:12069:900220114:1:50,0.0,2026-10-02T01:01:04.695736+02:00
295903145,de:11000:900064201:1:51,-0.1,2026-10-02T01:01:04.695736+02:00
295903145,de:11000:900064256:1:51,0.0,2026-10-02T01:01:04.695736+02:00
295903145,de:11000:900064301:3:53,-0.3,2026-10-02T01:01:04.695736+02:00
295903145,de:11000:900067221:1:50,-0.3,2026-10-02T01:01:04.695736+02:00
295903145,de:11000:900063452:1:51,-0.4,2026-10-02T01:01:04.695736+02:00
295903145,de:11000:900058102:2:53,-0.5,2026-10-02T01:01:04.695736+02:00
295903145,de:11000:900058101:1:51,-0.3,2026-10-02T01:01:04.695736+02:00
295903145,de:11000:900058103:1:51,0.0,2026-10-02T01:01:04.695736+02:00
295903145,de:11000:900012101:2:53,-0.7,2026-10-02T01:01:04.695736+02:00
295903145,de:11000:900100020:4:57,-0.8,2026-10-02T01:01:04.695736+02:00
295903145,de:11000:900100025:1:51,-0.9,2026-10-02T01:01:04.695736+02:00
295903145,de:11000:900100001:4:57,-0.6,2026-10-02T01:01:04.695736+02:00
295903145,de:11000:900100007:1:51,-0.7,2026-10-02T01:01:04.695736+02:00
295903145,de:11000:900007104:2:52,-0.7,2026-10-02T01:01:04.695736+02:00
295903145,de:11000:900008101:1:51,-0.4,2026-10-02T01:01:04.695736+02:00
295903145,de:11000:900007102:2:53,-0.2,2026-10-02T01:01:04.695736+02:00
295903145,de:11000:900110011:2:52,-0.4,2026-10-02T01:01:04.695736+02:00
295903145,de:11000:900130002:1:50,0.0,2026-10-02T01:01:04.695736+02:00
295903145,de:11000:900130001:1:50,-0.7,2026-10-02T01:01:04.695736+02:00
295903145,de:11000:900142001:1:50,-0.2,2026-10-02T01:01:04.695736+02:00
295903131,de:12069:900220114:1:50,0.0,2026-10-02T01:01:04.695736+02:00
295903131,de:11000:900064201:1:51,-0.1,2026-10-02T01:01:04.695736+02:00
295903131,de:11000:900064256:1:51,0.0,2026-10-02T01:01:04.695736+02:00
295903131,de:11000:900064301:3:53,-0.3,2026-10-02T01:01:04.695736+02:00
295903131,de:11000:900067221:1:50,-0.3,2026-10-02T01:01:04.695736+02:00
295903131,de:11000:900063452:1:51,-0.4,2026-10-02T01:01:04.695736+02:00
295903131,de:11000:900058102:2:53,-0.5,2026-10-02T01:01:04.695736+02:00
295903131,de:11000:900058101:1:51,-0.3,2026-10-02T01:01:04.695736+02:00
295903131,de:11000:900058103:1:51,0.0,2026-10-02T01:01:04.695736+02:00
295903131,de:11000:900012101:2:53,-0.7,2026-10-02T01:01:04.695736+02:00
295903131,de:11000:900100020:4:57,-0.8,2026-10-02T01:01:04.695736+02:00
295903131,de:11000:900100025:1:51,-0.9,2026-10-02T01:01:04.695736+02:00
295903131,de:11000:900100001:4:57,-0.6,2026-10-02T01:01:04.695736+02:00
295903131,de:11000:900100007:1:51,-0.7,2026-10-02T01:01:04.695736+02:00
295903131,de:11000:900007104:2:52,-0.7,2026-10-02T01:01:04.695736+02:00
295903131,de:11000:900008101:1:51,-0.4,2026-10-02T01:01:04.695736+02:00
295903131,de:11000:900007102:2:53,-0.2,2026-10-02T01:01:04.695736+02:00
295903131,de:11000:900110011:2:52,-0.4,2026-10-02T01:01:04.695736+02:00
295903131,de:11000:900130002:1:50,0.0,2026-10-02T01:01:04.695736+02:00
295903131,de:11000:900130001:1:50,-0.7,2026-10-02T01:01:04.695736+02:00
295903131,de:11000:900142001:1:50,-0.2,2026-10-02T01:01:04.695736+02:00
307434483,de:11000:900192001:1:50,0.0,2026-10-02T01:01:04.695736+02:00
307434483,de:11000:900120003:4:57,0.0,2026-10-02T01:01:04.695736+02:00
307434483,de:11000:900007102:4:56,0.0,2026-10-02T01:01:04.695736+02:00
307434483,de:11000:900029101:2:52,0.0,2026-10-02T01:01:04.695736+02:00
307434483,de:11000:900037168:1:50,0.0,2026-10-02T01:01:04.695736+02:00
307434483,de:12063:900210180:1:50,0.0,2026-10-02T01:01:04.695736+02:00
307434483,de:12063:900210010:1:50,0.0,2026-10-02T01:01:04.695736+02:00
307434483,de:12063:900210011:1:50,0.0,2026-10-02T01:01:04.695736+02:00
307434483,de:12063:900210326:1:50,0.0,2026-10-02T01:01:04.695736+02:00
307434483,de:12063:900210005:1:50,0.0,2026-10-02T01:01:04.695736+02:00
306896700,de:12067:900310001::4,0.0,2026-10-02T01:01:04.695736+02:00
306896700,de:12067:900310816::1,0.0,2026-10-02T01:01:04.695736+02:00
306896700,de:12067:900310627::1,0.0,2026-10-02T01:01:04.695736+02:00
306896700,de:12067:900310781::1,0.0,2026-10-02T01:01:04.695736+02:00
306896700,de:12067:900310822::1,0.0,2026-10-02T01:01:04.695736+02:00
306896700,de:12067:900310808::1,0.0,2026-10-02T01:01:04.695736+02:00
306896700,de:12067:900310779::1,0.0,2026-10-02T01:01:04.695736+02:00
306896700,de:12067:900310995::2,0.0,2026-10-02T01:01:04.695736+02:00
306896700,de:12067:900310992::1,-0.5,2026-10-02T01:01:04.695736+02:00
306896700,de:12067:900310989::1,0.0,2026-10-02T01:01:04.695736+02:00
306896700,de:12067:900310990::1,0.0,2026-10-02T01:01:04.695736+02:00
306896700,de:12067:900310991::1,0.0,2026-10-02T01:01:04.695736+02:00
306896700,de:12067:900310904::1,0.0,2026-10-02T01:01:04.695736+02:00
306896700,de:12067:900311118::1,0.0,2026-10-02T01:01:04.695736+02:00
306896700,de:12067:900310966::1,0.0,2026-10-02T01:01:04.695736+02:00
306896700,de:12067:900310997::1,0.0,2026-10-02T01:01:04.695736+02:00
306896700,de:12067:900310998::1,0.0,2026-10-02T01:01:04.695736+02:00
306896700,de:12067:900310997::2,0.0,2026-10-02T01:01:04.695736+02:00
306896700,de:12067:900310966::2,0.0,2026-10-02T01:01:04.695736+02:00
306896700,de:12067:900311118::2,0.0,2026-10-02T01:01:04.695736+02:00
306896700,de:12067:900311059::1,0.0,2026-10-02T01:01:04.695736+02:00
306896700,de:12067:900311110::3,0.0,2026-10-02T01:01:04.695736+02:00
306896700,de:12067:900311058::1,0.0,2026-10-02T01:01:04.695736+02:00
306896700,de:12067:900310611::2,0.0,2026-10-02T01:01:04.695736+02:00
295906921,de:11000:900029101:1:50,0.0,2026-10-02T01:01:04.695736+02:00
295906921,de:11000:900030202:1:50,-0.3,2026-10-02T01:01:04.695736+02:00
295906921,de:11000:900025424:1:51,-0.2,2026-10-02T01:01:04.695736+02:00
295906921,de:11000:900025321:1:51,-0.2,2026-10-02T01:01:04.695736+02:00
295906921,de:11000:900026105:1:50,-0.4,2026-10-02T01:01:04.695736+02:00
295906921,de:11000:900025423:1:50,-0.7,2026-10-02T01:01:04.695736+02:00
295906921,de:11000:900024102:2:53,-0.7,2026-10-02T01:01:04.695736+02:00
295906921,de:11000:900024101:3:55,-0.3,2026-10-02T01:01:04.695736+02:00
295906921,de:11000:900024203:1:51,-0.8,2026-10-02T01:01:04.695736+02:00
295906921,de:11000:900023201:3:54,-0.7,2026-10-02T01:01:04.695736+02:00
295906921,de:11000:900003103:1:50,-0.8,2026-10-02T01:01:04.695736+02:00
295906921,de:11000:900003102:1:50,-0.9,2026-10-02T01:01:04.695736+02:00
295906921,de:11000:900003201:3:54,-0.5,2026-10-02T01:01:04.695736+02:00
295906921,de:11000:900100001:3:54,-0.1,2026-10-02T01:01:04.695736+02:00
295906921,de:11000:900100002:1:50,-0.4,2026-10-02T01:01:04.695736+02:00
295906921,de:11000:900100003:2:52,-0.1,2026-10-02T01:01:04.695736+02:00
295906921,de:11000:900100004:1:50,-0.4,2026-10-02T01:01:04.695736+02:00
295906921,de:11000:900120005:4:55,-0.6,2026-10-02T01:01:04.695736+02:00
295906921,de:11000:900120004:1:50,-0.1,2026-10-02T01:01:04.695736+02:00
295906921,de:11000:900120003:2:53,-0.4,2026-10-02T01:01:04.695736+02:00
295906921,de:11000:900160001:1:51,-0.4,2026-10-02T01:01:04.695736+02:00
295906921,de:11000:900160002:1:50,-0.7,2026-10-02T01:01:04.695736+02:00
295906921,de:11000:900162001:1:51,-0.3,2026-10-02T01:01:04.695736+02:00
295906921,de:11000:900180002:1:51,-0.3,2026-10-02T01:01:04.695736+02:00
295906921,de:11000:900180001:1:50,-0.7,2026-10-02T01:01:04.695736+02:00
295906921,de:11000:900182001:1:51,-0.2,2026-10-02T01:01:04.695736+02:00
295906921,de:11000:900182002:1:51,-0.4,2026-10-02T01:01:04.695736+02:00
295906921,de:11000:900183001:1:51,0.0,2026-10-02T01:01:04.695736+02:00
295906921,de:11000:900183002:1:51,-0.3,2026-10-02T01:01:04.695736+02:00
295906921,de:12067:900310004:3:53,-0.5,2026-10-02T01:01:04.695736+02:00
306896828,de:12067:900310001::4,0.0,2026-10-02T01:01:04.695736+02:00
306896828,de:12067:900310696::1,0.0,2026-10-02T01:01:04.695736+02:00
306896828,de:12067:900310788::1,0.0,2026-10-02T01:01:04.695736+02:00
306896828,de:12067:900310936::1,0.0,2026-10-02T01:01:04.695736+02:00
306896828,de:12067:900311125::1,0.0,2026-10-02T01:01:04.695736+02:00
306896828,de:12067:900310860::1,0.0,2026-10-02T01:01:04.695736+02:00
306896828,de:12067:900311157::1,0.0,2026-10-02T01:01:04.695736+02:00
306896828,de:12067:900310864::1,0.0,2026-10-02T01:01:04.695736+02:00
306896828,de:12067:900310861::1,0.0,2026-10-02T01:01:04.695736+02:00
306896828,de:12067:900310002::3,0.0,2026-10-02T01:01:04.695736+02:00
306896828,de:12067:900310895::1,0.0,2026-10-02T01:01:04.695736+02:00
306896828,de:12067:900310896::1,0.0,2026-10-02T01:01:04.695736+02:00
306896828,de:12067:900310897::1,0.0,2026-10-02T01:01:04.695736+02:00
306896828,de:12067:900310894::1,0.0,2026-10-02T01:01:04.695736+02:00
306896828,de:12064:900320891::2,0.0,2026-10-02T01:01:04.695736+02:00
306895967,de:12064:900320250::1,0.0,2026-10-02T01:01:04.695736+02:00
306895967,de:12064:900320267::2,0.0,2026-10-02T01:01:04.695736+02:00
306895967,de:12067:900310017::2,0.0,2026-10-02T01:01:04.695736+02:00
306895967,de:12067:900310509::1,0.0,2026-10-02T01:01:04.695736+02:00
306895967,de:12067:900310508::1,0.0,2026-10-02T01:01:04.695736+02:00
306895967,de:12067:900310580::1,0.0,2026-10-02T01:01:04.695736+02:00
306895967,de:12067:900311095::1,0.0,2026-10-02T01:01:04.695736+02:00
306895967,de:12067:900311097::1,0.0,2026-10-02T01:01:04.695736+02:00
306895967,de:12067:900311096::2,0.0,2026-10-02T01:01:04.695736+02:00
306895967,de:12067:900311096::1,0.0,2026-10-02T01:01:04.695736+02:00
306895967,de:12067:900311097::2,0.0,2026-10-02T01:01:04.695736+02:00
306895967,de:12067:900311095::2,0.0,2026-10-02T01:01:04.695736+02:00
306895967,de:12067:900310580::2,0.0,2026-10-02T01:01:04.695736+02:00
306895967,de:12067:900310578::4,0.0,2026-10-02T01:01:04.695736+02:00
306895967,de:12067:900310534::2,0.0,2026-10-02T01:01:04.695736+02:00
306895967,de:11000:900310550::2,0.0,2026-10-02T01:01:04.695736+02:00
306895967,de:12067:900310572::2,0.0,2026-10-02T01:01:04.695736+02:00
306895967,de:12067:900310013::2,0.0,2026-10-02T01:01:04.695736+02:00
306895967,de:12067:900310563::3,0.0,2026-10-02T01:01:04.695736+02:00
306895967,de:12067:900310563::2,0.0,2026-10-02T01:01:04.695736+02:00
306895967,de:12067:900310569::1,0.0,2026-10-02T01:01:04.695736+02:00
306895967,de:12067:900310571::1,0.0,2026-10-02T01:01:04.695736+02:00
306895967,de:12067:900310579::1,0.0,2026-10-02T01:01:04.695736+02:00
306895967,de:12067:900310553::1,0.0,2026-10-02T01:01:04.695736+02:00
306895967,de:12067:900310558::2,0.0,2026-10-02T01:01:04.695736+02:00
306895967,de:12067:900310559::2,0.0,2026-10-02T01:01:04.695736+02:00
306895967,de:12067:900310560::1,0.0,2026-10-02T01:01:04.695736+02:00
306895967,de:12067:900310573::1,0.0,2026-10-02T01:01:04.695736+02:00
306895967,de:12067:900310581::1,0.0,2026-10-02T01:01:04.695736+02:00
295910964,de:11000:900120005:4:56,0.0,2026-10-02T01:01:04.695736+02:00
295910964,de:11000:900120004:1:50,-0.9,2026-10-02T01:01:04.695736+02:00
295910964,de:11000:900120003:2:53,-0.1,2026-10-02T01:01:04.695736+02:00
295910964,de:11000:900160001:1:51,-0.9,2026-10-02T01:01:04.695736+02:00
295910964,de:11000:900160002:1:50,-0.2,2026-10-02T01:01:04.695736+02:00
295910964,de:11000:900162001:1:51,-0.3,2026-10-02T01:01:04.695736+02:00
307443278,de:12073:900341110:1:50,0.0,2026-10-02T01:01:04.695736+02:00
307443278,de:12073:900341111:1:50,0.0,2026-10-02T01:01:04.695736+02:00
307443278,de:12073:900340003:1:50,0.0,2026-10-02T01:01:04.695736+02:00
307443278,000300570037,0.0,2026-10-02T01:01:04.695736+02:00
307443278,de:12060:900350125:2:51,0.0,2026-10-02T01:01:04.695736+02:00
307443278,de:12060:900350124:2:51,0.0,2026-10-02T01:01:04.695736+02:00
307443278,de:12060:900350127:3:53,0.0,2026-10-02T01:01:04.695736+02:00
307443278,de:12060:900350160:2:52,0.0,2026-10-02T01:01:04.695736+02:00
307443278,de:11000:900007102:4:57,0.0,2026-10-02T01:01:04.695736+02:00
307443278,de:11000:900003200:1:51,0.0,2026-10-02T01:01:04.695736+02:00
307443278,de:11000:900100020:1:50,0.0,2026-10-02T01:01:04.695736+02:00
307443278,de:11000:900058101:2:53,0.0,2026-10-02T01:01:04.695736+02:00
307443278,de:11000:900064301:1:50,0.0,2026-10-02T01:01:04.695736+02:00
307443278,de:12069:900220001:1:50,0.0,2026-10-02T01:01:04.695736+02:00
307443278,de:12072:900245032:1:50,0.0,2026-10-02T01:01:04.695736+02:00
307443278,de:12072:900245030:1:50,0.0,2026-10-02T01:01:04.695736+02:00
307443278,de:12072:900245029:1:51,0.0,2026-10-02T01:01:04.695736+02:00
307443278,de:12072:900245014:1:50,0.0,2026-10-02T01:01:04.695736+02:00
307443278,de:12072:900245016:1:50,0.0,2026-10-02T01:01:04.695736+02:00
307443278,de:12072:900245002:2:51,0.0,2026-10-02T01:01:04.695736+02:00
307443278,de:12072:900245017:1:50,0.0,2026-10-02T01:01:04.695736+02:00
307443278,de:12072:900245018:2:51,0.0,2026-10-02T01:01:04.695736+02:00
307443278,de:15091:8013371,0.0,2026-10-02T01:01:04.695736+02:00
307443278,de:15091:8011290,0.0,2026-10-02T01:01:04.695736+02:00
307443278,de:15091:8013418,0.0,2026-10-02T01:01:04.695736+02:00
307443278,de:15091:8010222,0.0,2026-10-02T01:01:04.695736+02:00
307443638,de:12073:900340004:3:52,0.0,2026-10-02T01:01:04.695736+02:00
307443638,de:12060:900350125:2:51,0.0,2026-10-02T01:01:04.695736+02:00
307443638,de:12060:900350124:2:51,0.0,2026-10-02T01:01:04.695736+02:00
307443638,de:12060:900350127:3:53,0.0,2026-10-02T01:01:04.695736+02:00
307443638,de:12060:900350160:2:52,0.0,2026-10-02T01:01:04.695736+02:00
307443638,de:11000:900007102:4:57,0.0,2026-10-02T01:01:04.695736+02:00
307443638,de:11000:900003200:1:50,0.0,2026-10-02T01:01:04.695736+02:00
307443638,de:11000:900100020:1:50,0.0,2026-10-02T01:01:04.695736+02:00
307443638,de:11000:900058101:2:53,0.0,2026-10-02T01:01:04.695736+02:00
307443638,de:11000:900064301:1:50,0.0,2026-10-02T01:01:04.695736+02:00
307443638,de:12069:900220001:1:50,0.0,2026-10-02T01:01:04.695736+02:00
307443638,de:12072:900245032:1:50,0.0,2026-10-02T01:01:04.695736+02:00
307443638,de:12072:900245030:1:50,0.0,2026-10-02T01:01:04.695736+02:00
307443638,de:12072:900245029:1:50,0.0,2026-10-02T01:01:04.695736+02:00
307443638,de:12072:900245014:1:50,0.0,2026-10-02T01:01:04.695736+02:00
307443638,de:12072:900245016:1:50,0.0,2026-10-02T01:01:04.695736+02:00
307443638,de:12072:900245002:2:52,0.0,2026-10-02T01:01:04.695736+02:00
307443581,de:12060:900350127:2:51,0.0,2026-10-02T01:01:04.695736+02:00
307443581,de:12060:900350126:1:50,0.0,2026-10-02T01:01:04.695736+02:00
307443581,de:12060:900350137:1:50,0.0,2026-10-02T01:01:04.695736+02:00
307443581,de:12060:900350158:1:50,0.0,2026-10-02T01:01:04.695736+02:00
307443581,de:12060:900350160:2:52,0.0,2026-10-02T01:01:04.695736+02:00
307443581,de:11000:900007102:4:57,0.0,2026-10-02T01:01:04.695736+02:00
307443581,de:11000:900003200:1:50,0.0,2026-10-02T01:01:04.695736+02:00
295911027,de:11000:900162001:1:50,0.0,2026-10-02T01:01:04.695736+02:00
295911027,de:11000:900160002:1:50,-0.7,2026-10-02T01:01:04.695736+02:00
295911027,de:11000:900160001:1:50,0.0,2026-10-02T01:01:04.695736+02:00
295911027,de:11000:900120003:3:55,-0.7,2026-10-02T01:01:04.695736+02:00
295911027,de:11000:900120004:2:53,0.0,2026-10-02T01:01:04.695736+02:00
295911027,de:11000:900120005:4:56,-0.2,2026-10-02T01:01:04.695736+02:00
307440903,de:12070:900216026:3:53,0.0,2026-10-02T01:01:04.695736+02:00
307440903,de:12070:900216013:1:50,0.0,2026-10-02T01:01:04.695736+02:00
307440903,de:12070:900215696:1:50,0.0,2026-10-02T01:01:04.695736+02:00
307440903,de:12070:900215350:1:50,0.0,2026-10-02T01:01:04.695736+02:00
307440903,de:12070:900215723:1:50,0.0,2026-10-02T01:01:04.695736+02:00
307440903,de:12068:900205322:1:50,0.0,2026-10-02T01:01:04.695736+02:00
307440903,de:12068:900205130:1:50,0.0,2026-10-02T01:01:04.695736+02:00
307440903,de:12068:900205617:2:51,0.0,2026-10-02T01:01:04.695736+02:00
307440903,de:12068:900205006:1:50,0.0,2026-10-02T01:01:04.695736+02:00
307440903,de:12068:900205005:1:50,0.0,2026-10-02T01:01:04.695736+02:00
307440903,de:12068:900205512:1:50,0.0,2026-10-02T01:01:04.695736+02:00
307440903,de:12065:900203491:1:50,0.0,2026-10-02T01:01:04.695736+02:00
307440903,de:12065:900203452:1:50,0.0,2026-10-02T01:01:04.695736+02:00
307440903,de:12065:900200004:1:51,0.0,2026-10-02T01:01:04.695736+02:00
307440903,de:12065:900200000:1:50,0.0,2026-10-02T01:01:04.695736+02:00
307440993,de:12070:900216026:3:53,0.0,2026-10-02T01:01:04.695736+02:00
307440993,de:12070:900216013:1:50,0.0,2026-10-02T01:01:04.695736+02:00
307440993,de:12070:900215696:1:50,0.0,2026-10-02T01:01:04.695736+02:00
307440993,de:12070:900215350:1:50,0.0,2026-10-02T01:01:04.695736+02:00
307440993,de:12070:900215723:1:50,0.0,2026-10-02T01:01:04.695736+02:00
307440993,de:12068:900205322:1:50,0.0,2026-10-02T01:01:04.695736+02:00
307440993,de:12068:900205130:1:50,0.0,2026-10-02T01:01:04.695736+02:00
307440993,de:12068:900205617:2:51,0.0,2026-10-02T01:01:04.695736+02:00
307440993,de:12068:900205090:1:50,0.0,2026-10-02T01:01:04.695736+02:00
307440993,de:12068:900205092:1:50,0.0,2026-10-02T01:01:04.695736+02:00
307440993,de:12068:900205022:1:50,0.0,2026-10-02T01:01:04.695736+02:00
307440993,de:12068:900205023:1:50,0.0,2026-10-02T01:01:04.695736+02:00
307440993,de:12068:900205006:1:50,0.0,2026-10-02T01:01:04.695736+02:00
307440993,de:12068:900205005:1:50,0.0,2026-10-02T01:01:04.695736+02:00
307440993,de:12065:900203491:1:50,0.0,2026-10-02T01:01:04.695736+02:00
307440993,de:12065:900203452:1:50,0.0,2026-10-02T01:01:04.695736+02:00
307440993,de:12065:900200004:1:51,0.0,2026-10-02T01:01:04.695736+02:00
307440993,de:12065:900200000:1:50,0.0,2026-10-02T01:01:04.695736+02:00
307436292,de:11000:900024101:1:51,0.0,2026-10-02T01:01:04.695736+02:00
307436292,de:11000:900053301:3:54,0.0,2026-10-02T01:01:04.695736+02:00
307436292,de:12054:900230001:1:50,0.0,2026-10-02T01:01:04.695736+02:00
307436292,de:12069:900220008:1:50,0.0,2026-10-02T01:01:04.695736+02:00
307436292,de:12069:900220006:1:50,0.0,2026-10-02T01:01:04.695736+02:00
307436292,de:12069:900220003:1:50,0.0,2026-10-02T01:01:04.695736+02:00
307436292,de:12069:900220004:1:50,0.0,2026-10-02T01:01:04.695736+02:00
307436292,de:12069:900220005:1:50,0.0,2026-10-02T01:01:04.695736+02:00
307436292,de:12069:900222030:1:50,0.0,2026-10-02T01:01:04.695736+02:00
307436292,de:12069:900220141:1:50,0.0,2026-10-02T01:01:04.695736+02:00
307436292,de:12069:900220142:1:50,0.0,2026-10-02T01:01:04.695736+02:00
307436292,de:12069:900220143:1:50,0.0,2026-10-02T01:01:04.695736+02:00
295910129,de:11000:900024101:3:55,0.0,2026-10-02T01:01:04.695736+02:00
295910129,de:11000:900024203:1:51,-0.3,2026-10-02T01:01:04.695736+02:00
295910129,de:11000:900023201:3:54,-0.2,2026-10-02T01:01:04.695736+02:00
295910129,de:11000:900003103:1:50,-0.3,2026-10-02T01:01:04.695736+02:00
295910129,de:11000:900003102:1:50,-0.4,2026-10-02T01:01:04.695736+02:00
295910129,de:11000:900003201:3:54,0.0,2026-10-02T01:01:04.695736+02:00
295910129,de:11000:900100001:3:54,-0.6,2026-10-02T01:01:04.695736+02:00
295910129,de:11000:900100002:1:50,-0.9,2026-10-02T01:01:04.695736+02:00
295910129,de:11000:900100003:2:52,-0.6,2026-10-02T01:01:04.695736+02:00
295910129,de:11000:900100004:1:50,-0.9,2026-10-02T01:01:04.695736+02:00
295910129,de:11000:900120005:4:55,-0.1,2026-10-02T01:01:04.695736+02:00
295910129,de:11000:900120004:1:50,-0.1,2026-10-02T01:01:04.695736+02:00
295910129,de:11000:900120003:2:53,-0.4,2026-10-02T01:01:04.695736+02:00
295910129,de:11000:900160001:1:51,-0.4,2026-10-02T01:01:04.695736+02:00
295910129,de:11000:900160002:1:50,-0.7,2026-10-02T01:01:04.695736+02:00
295910129,de:11000:900162001:1:51,-0.3,2026-10-02T01:01:04.695736+02:00
295910129,de:11000:900180002:1:51,-0.3,2026-10-02T01:01:04.695736+02:00
295910129,de:11000:900180001:1:50,-0.7,2026-10-02T01:01:04.695736+02:00
295910129,de:11000:900182001:1:51,-0.2,2026-10-02T01:01:04.695736+02:00
295910129,de:11000:900182002:1:51,-0.4,2026-10-02T01:01:04.695736+02:00
295910129,de:11000:900183001:1:51,0.0,2026-10-02T01:01:04.695736+02:00
295910129,de:11000:900183002:1:51,-0.3,2026-10-02T01:01:04.695736+02:00
295910129,de:12067:900310004:3:53,-0.5,2026-10-02T01:01:04.695736+02:00
306896233,de:12067:900310864::1,0.0,2026-10-02T01:01:04.695736+02:00
306896233,de:12067:900310861::1,0.0,2026-10-02T01:01:04.695736+02:00
306896233,de:12067:900310002::1,0.0,2026-10-02T01:01:04.695736+02:00
306896233,de:12067:900310865::1,0.0,2026-10-02T01:01:04.695736+02:00
306896233,de:12067:900310862::1,0.0,2026-10-02T01:01:04.695736+02:00
306896233,de:12067:900310863::1,0.0,2026-10-02T01:01:04.695736+02:00
306896233,de:12067:900311027::1,0.0,2026-10-02T01:01:04.695736+02:00
306896233,de:12067:900311026::1,0.0,2026-10-02T01:01:04.695736+02:00
306896233,de:12067:900310965::1,0.0,2026-10-02T01:01:04.695736+02:00
306896233,de:12067:900311029::2,0.0,2026-10-02T01:01:04.695736+02:00
306896233,de:12067:900311028::1,0.0,2026-10-02T01:01:04.695736+02:00
306896233,de:12067:900311021::1,0.0,2026-10-02T01:01:04.695736+02:00
306896233,de:12067:900310964::1,0.0,2026-10-02T01:01:04.695736+02:00
306896233,de:12067:900311035::1,0.0,2026-10-02T01:01:04.695736+02:00
306896233,de:12067:900311034::1,0.0,2026-10-02T01:01:04.695736+02:00
306896233,de:12067:900311039::1,0.0,2026-10-02T01:01:04.695736+02:00
295910352,de:12067:900310004:3:53,0.0,2026-10-02T01:01:04.695736+02:00
295910352,de:11000:900183002:1:50,-0.1,2026-10-02T01:01:04.695736+02:00
295910352,de:11000:900183001:1:50,-0.4,2026-10-02T01:01:04.695736+02:00
295910352,de:11000:900182002:1:50,0.0,2026-10-02T01:01:04.695736+02:00
295910352,de:11000:900182001:1:50,-0.2,2026-10-02T01:01:04.695736+02:00
295910352,de:11000:900180001:1:50,-0.7,2026-10-02T01:01:04.695736+02:00
295910352,de:11000:900180002:1:50,-0.7,2026-10-02T01:01:04.695736+02:00
295910352,de:11000:900162001:1:50,-0.9,2026-10-02T01:01:04.695736+02:00
295910352,de:11000:900160002:1:50,0.0,2026-10-02T01:01:04.695736+02:00
295910352,de:11000:900160001:1:50,-0.3,2026-10-02T01:01:04.695736+02:00
295910352,de:11000:900120003:3:55,-0.1,2026-10-02T01:01:04.695736+02:00
295910352,de:11000:900120004:2:53,-0.6,2026-10-02T01:01:04.695736+02:00
295910352,de:11000:900120005:5:58,-0.9,2026-10-02T01:01:04.695736+02:00
295910352,de:11000:900100004:1:51,-0.9,2026-10-02T01:01:04.695736+02:00
295910352,de:11000:900100003:2:53,-0.9,2026-10-02T01:01:04.695736+02:00
295910352,de:11000:900100002:1:51,-0.9,2026-10-02T01:01:04.695736+02:00
295910352,de:11000:900100001:3:55,-0.9,2026-10-02T01:01:04.695736+02:00
295910352,de:11000:900003201:3:55,-0.6,2026-10-02T01:01:04.695736+02:00
295910352,de:11000:900003102:1:51,-0.3,2026-10-02T01:01:04.695736+02:00
295910352,de:11000:900003103:1:51,-0.4,2026-10-02T01:01:04.695736+02:00
295910352,de:11000:900023201:3:55,-0.3,2026-10-02T01:01:04.695736+02:00
295910352,de:11000:900024203:1:51,-0.3,2026-10-02T01:01:04.695736+02:00
295910352,de:11000:900024101:4:56,-0.3,2026-10-02T01:01:04.695736+02:00
295910119,de:11000:900024101:3:55,0.0,2026-10-02T01:01:04.695736+02:00
295910119,de:11000:900024203:1:51,-0.3,2026-10-02T01:01:04.695736+02:00
295910119,de:11000:900023201:3:54,-0.2,2026-10-02T01:01:04.695736+02:00
295910119,de:11000:900003103:1:50,-0.3,2026-10-02T01:01:04.695736+02:00
295910119,de:11000:900003102:1:50,-0.4,2026-10-02T01:01:04.695736+02:00
295910119,de:11000:900003201:3:54,0.0,2026-10-02T01:01:04.695736+02:00
295910119,de:11000:900100001:3:54,-0.6,2026-10-02T01:01:04.695736+02:00
295910119,de:11000:900100002:1:50,-0.9,2026-10-02T01:01:04.695736+02:00
295910119,de:11000:900100003:2:52,-0.6,2026-10-02T01:01:04.695736+02:00
295910119,de:11000:900100004:1:50,-0.9,2026-10-02T01:01:04.695736+02:00
295910119,de:11000:900120005:4:55,-0.1,2026-10-02T01:01:04.695736+02:00
295910119,de:11000:900120004:1:50,-0.1,2026-10-02T01:01:04.695736+02:00
295910119,de:11000:900120003:2:53,-0.4,2026-10-02T01:01:04.695736+02:00
295910119,de:11000:900160001:1:51,-0.4,2026-10-02T01:01:04.695736+02:00
295910119,de:11000:900160002:1:50,-0.7,2026-10-02T01:01:04.695736+02:00
295910119,de:11000:900162001:1:51,-0.3,2026-10-02T01:01:04.695736+02:00
295910119,de:11000:900180002:1:51,-0.3,2026-10-02T01:01:04.695736+02:00
295910119,de:11000:900180001:1:50,-0.7,2026-10-02T01:01:04.695736+02:00
295910119,de:11000:900182001:1:51,-0.2,2026-10-02T01:01:04.695736+02:00
295910119,de:11000:900182002:1:51,-0.4,2026-10-02T01:01:04.695736+02:00
295910119,de:11000:900183001:1:51,0.0,2026-10-02T01:01:04.695736+02:00
295910119,de:11000:900183002:1:51,-0.3,2026-10-02T01:01:04.695736+02:00
295910119,de:12067:900310004:3:52,-0.5,2026-10-02T01:01:04.695736+02:00
307446020,de:12070:900216026:3:53,0.0,2026-10-02T01:01:04.695736+02:00
307446020,de:15090:8010121,0.0,2026-10-02T01:01:04.695736+02:00
307446020,de:15090:8012967,0.0,2026-10-02T01:01:04.695736+02:00
307446020,de:15090:8012568,0.0,2026-10-02T01:01:04.695736+02:00
307446020,de:15090:8011665,0.0,2026-10-02T01:01:04.695736+02:00
307446020,de:15090:8011460,0.0,2026-10-02T01:01:04.695736+02:00
307446020,000008013045,0.0,2026-10-02T01:01:04.695736+02:00
307446020,de:15090:8010335,0.0,2026-10-02T01:01:04.695736+02:00
307446020,de:15090:8010334,0.0,2026-10-02T01:01:04.695736+02:00
307446020,de:15090:8011355,0.0,2026-10-02T01:01:04.695736+02:00
307446020,de:15090:8013083,0.0,2026-10-02T01:01:04.695736+02:00
307446020,de:15083:8012295,0.0,2026-10-02T01:01:04.695736+02:00
307446020,de:15083:8011042,0.0,2026-10-02T01:01:04.695736+02:00
307446020,de:15083:8013402,0.0,2026-10-02T01:01:04.695736+02:00
307446020,de:15083:8073410,0.0,2026-10-02T01:01:04.695736+02:00
307446020,de:15083:8013344,0.0,2026-10-02T01:01:04.695736+02:00
307446020,de:15003:8010086,0.0,2026-10-02T01:01:04.695736+02:00
307446020,de:15003:8012289,0.0,2026-10-02T01:01:04.695736+02:00
307446020,de:15003:8010226,0.0,2026-10-02T01:01:04.695736+02:00
307446020,de:15003:8010224,0.0,2026-10-02T01:01:04.695736+02:00
307446020,de:15003:8013456,0.0,2026-10-02T01:01:04.695736+02:00
307446020,de:15003:8013485,0.0,2026-10-02T01:01:04.695736+02:00
307446020,de:15003:8012291,0.0,2026-10-02T01:01:04.695736+02:00
307446020,de:15003:8012287,0.0,2026-10-02T01:01:04.695736+02:00
307446020,de:15089:8081270,0.0,2026-10-02T01:01:04.695736+02:00
307446020,de:15089:8010318,0.0,2026-10-02T01:01:04.695736+02:00
307446020,de:15089:8081260,0.0,2026-10-02T01:01:04.695736+02:00
307446020,de:15089:8012907,0.0,2026-10-02T01:01:04.695736+02:00
307280410,de:11000:900044202:1:50,0.0,2026-10-02T01:01:04.695736+02:00
307280410,de:11000:900045102:1:50,-0.7,2026-10-02T01:01:04.695736+02:00
307280410,de:11000:900044101:1:50,-0.8,2026-10-02T01:01:04.695736+02:00
307280410,de:11000:900040101:1:50,-0.3,2026-10-02T01:01:04.695736+02:00
307280410,de:11000:900024101:3:54,-0.8,2026-10-02T01:01:04.695736+02:00
307280466,de:11000:900020202:1:50,0.0,2026-10-02T01:01:04.695736+02:00
307280466,de:11000:900001201:1:50,-0.2,2026-10-02T01:01:04.695736+02:00
307280466,de:11000:900009104:1:50,-0.8,2026-10-02T01:01:04.695736+02:00
307280466,de:11000:900007102:2:52,-0.4,2026-10-02T01:01:04.695736+02:00
307280466,de:11000:900110001:1:50,-0.6,2026-10-02T01:01:04.695736+02:00
307280466,de:11000:900110002:1:50,-0.4,2026-10-02T01:01:04.695736+02:00
307280466,de:11000:900110003:1:50,-0.4,2026-10-02T01:01:04.695736+02:00
307280466,de:11000:900110004:1:50,-0.8,2026-10-02T01:01:04.695736+02:00
307280466,de:11000:900110012:1:50,-0.7,2026-10-02T01:01:04.695736+02:00
307280466,de:11000:900120001:1:50,-0.7,2026-10-02T01:01:04.695736+02:00
307280466,de:11000:900120003:5:58,-0.1,2026-10-02T01:01:04.695736+02:00
307280466,de:11000:900190001:1:50,-0.4,2026-10-02T01:01:04.695736+02:00
307280466,de:11000:900077106:1:50,-0.4,2026-10-02T01:01:04.695736+02:00
307280466,de:11000:900078201:1:50,-0.3,2026-10-02T01:01:04.695736+02:00
307280466,de:11000:900079221:1:50,-0.2,2026-10-02T01:01:04.695736+02:00
307280466,de:11000:900068201:1:50,-0.8,2026-10-02T01:01:04.695736+02:00
307280466,de:11000:900058101:5:58,-0.1,2026-10-02T01:01:04.695736+02:00
307280466,de:11000:900054104:2:52,-0.7,2026-10-02T01:01:04.695736+02:00
307280466,de:11000:900054105:1:50,-0.9,2026-10-02T01:01:04.695736+02:00
307280466,de:11000:900044202:1:50,-0.7,2026-10-02T01:01:04.695736+02:00
307280466,de:11000:900045102:1:50,-0.7,2026-10-02T01:01:04.695736+02:00
307280466,de:11000:900044101:1:50,-0.8,2026-10-02T01:01:04.695736+02:00
307280466,de:11000:900040101:1:50,-0.3,2026-10-02T01:01:04.695736+02:00
307280466,de:11000:900024101:3:54,-0.8,2026-10-02T01:01:04.695736+02:00
307283036,de:11000:900009104:1:51,0.0,2026-10-02T01:01:04.695736+02:00
307283036,de:11000:900007102:2:52,-0.9,2026-10-02T01:01:04.695736+02:00
307283036,de:11000:900110001:1:50,-0.6,2026-10-02T01:01:04.695736+02:00
307283036,de:11000:900110002:1:50,-0.4,2026-10-02T01:01:04.695736+02:00
307283036,de:11000:900110003:1:50,-0.4,2026-10-02T01:01:04.695736+02:00
307283036,de:11000:900110004:1:50,-0.8,2026-10-02T01:01:04.695736+02:00
307283036,de:11000:900110012:1:50,-0.7,2026-10-02T01:01:04.695736+02:00
307283036,de:11000:900120001:1:50,-0.7,2026-10-02T01:01:04.695736+02:00
307283036,de:11000:900120003:5:58,-0.1,2026-10-02T01:01:04.695736+02:00
307283036,de:11000:900190001:1:50,-0.4,2026-10-02T01:01:04.695736+02:00
307283036,de:11000:900077106:1:50,-0.4,2026-10-02T01:01:04.695736+02:00
307283036,de:11000:900078201:1:50,-0.3,2026-10-02T01:01:04.695736+02:00
307283036,de:11000:900079221:1:50,-0.2,2026-10-02T01:01:04.695736+02:00
307283026,de:11000:900009104:1:51,0.0,2026-10-02T01:01:04.695736+02:00
307283026,de:11000:900007102:2:52,-0.9,2026-10-02T01:01:04.695736+02:00
307283026,de:11000:900110001:1:50,-0.6,2026-10-02T01:01:04.695736+02:00
307283026,de:11000:900110002:1:50,-0.4,2026-10-02T01:01:04.695736+02:00
307283026,de:11000:900110003:1:50,-0.4,2026-10-02T01:01:04.695736+02:00
307283026,de:11000:900110004:1:50,-0.8,2026-10-02T01:01:04.695736+02:00
307283026,de:11000:900110012:1:50,-0.7,2026-10-02T01:01:04.695736+02:00
307283026,de:11000:900120001:1:50,-0.7,2026-10-02T01:01:04.695736+02:00
307283026,de:11000:900120003:5:58,-0.1,2026-10-02T01:01:04.695736+02:00
307283026,de:11000:900190001:1:50,-0.4,2026-10-02T01:01:04.695736+02:00
307283026,de:11000:900077106:1:50,-0.4,2026-10-02T01:01:04.695736+02:00
307283026,de:11000:900078201:1:50,-0.3,2026-10-02T01:01:04.695736+02:00
307283026,de:11000:900079221:1:50,-0.2,2026-10-02T01:01:04.695736+02:00
307286603,de:11000:900024101:3:54,0.0,2026-10-02T01:01:04.695736+02:00
307286603,de:11000:900040101:1:50,-0.2,2026-10-02T01:01:04.695736+02:00
307286603,de:11000:900044101:1:50,-0.3,2026-10-02T01:01:04.695736+02:00
307286603,de:11000:900045102:1:51,-0.4,2026-10-02T01:01:04.695736+02:00
307286603,de:11000:900044202:1:51,-0.4,2026-10-02T01:01:04.695736+02:00
307286603,de:11000:900054105:1:51,-0.2,2026-10-02T01:01:04.695736+02:00
307286603,de:11000:900054104:2:53,-0.8,2026-10-02T01:01:04.695736+02:00
307286603,de:11000:900058101:5:59,-0.2,2026-10-02T01:01:04.695736+02:00
307286603,de:11000:900068201:1:51,-0.8,2026-10-02T01:01:04.695736+02:00
307286603,de:11000:900079221:1:51,-0.4,2026-10-02T01:01:04.695736+02:00
307286603,de:11000:900078201:1:51,-0.1,2026-10-02T01:01:04.695736+02:00
307286603,de:11000:900077106:1:51,0.0,2026-10-02T01:01:04.695736+02:00
307286603,de:11000:900190001:2:52,-0.9,2026-10-02T01:01:04.695736+02:00
307286603,de:11000:900120003:5:59,-0.4,2026-10-02T01:01:04.695736+02:00
307286603,de:11000:900120001:1:51,0.0,2026-10-02T01:01:04.695736+02:00
307286603,de:11000:900110012:1:51,-0.2,2026-10-02T01:01:04.695736+02:00
307286603,de:11000:900110004:1:51,-0.1,2026-10-02T01:01:04.695736+02:00
307286603,de:11000:900110003:1:51,-0.4,2026-10-02T01:01:04.695736+02:00
307286603,de:11000:900110002:1:51,-0.4,2026-10-02T01:01:04.695736+02:00
307286603,de:11000:900110001:1:51,-0.1,2026-10-02T01:01:04.695736+02:00
307286603,de:11000:900007102:1:51,-0.6,2026-10-02T01:01:04.695736+02:00
307286603,de:11000:900009104:1:51,-0.8,2026-10-02T01:01:04.695736+02:00
307286603,de:11000:900001201:1:51,-0.3,2026-10-02T01:01:04.695736+02:00
307286603,de:11000:900020202:1:51,-0.1,2026-10-02T01:01:04.695736+02:00
307289055,de:11000:900079221:1:51,0.0,2026-10-02T01:01:04.695736+02:00
307289055,de:11000:900078201:1:51,-0.1,2026-10-02T01:01:04.695736+02:00
307289055,de:11000:900077106:1:51,0.0,2026-10-02T01:01:04.695736+02:00
307289055,de:11000:900190001:2:52,-0.9,2026-10-02T01:01:04.695736+02:00
307289055,de:11000:900120003:5:59,-0.4,2026-10-02T01:01:04.695736+02:00
307289055,de:11000:900120001:1:51,0.0,2026-10-02T01:01:04.695736+02:00
307289055,de:11000:900110012:1:51,-0.2,2026-10-02T01:01:04.695736+02:00
307289055,de:11000:900110004:1:51,-0.1,2026-10-02T01:01:04.695736+02:00
307289055,de:11000:900110003:1:51,-0.4,2026-10-02T01:01:04.695736+02:00
307289055,de:11000:900110002:1:51,-0.4,2026-10-02T01:01:04.695736+02:00
307289055,de:11000:900110001:1:51,-0.1,2026-10-02T01:01:04.695736+02:00
307289055,de:11000:900007102:1:51,-0.6,2026-10-02T01:01:04.695736+02:00
307289055,de:11000:900009104:1:51,-0.3,2026-10-02T01:01:04.695736+02:00
307292663,de:12061:900260001:2:52,0.0,2026-10-02T01:01:04.695736+02:00
307292663,de:12061:900260002:1:51,-0.8,2026-10-02T01:01:04.695736+02:00
307292663,de:12061:900260003:1:51,-0.7,2026-10-02T01:01:04.695736+02:00
307292663,de:12061:900260004:1:51,-0.9,2026-10-02T01:01:04.695736+02:00
307292663,de:11000:900186001:2:53,-0.2,2026-10-02T01:01:04.695736+02:00
307292663,de:11000:900193002:1:51,-0.2,2026-10-02T01:01:04.695736+02:00
307292663,de:11000:900193001:2:51,-0.8,2026-10-02T01:01:04.695736+02:00
307292663,de:11000:900192001:3:55,-0.7,2026-10-02T01:01:04.695736+02:00
307292663,de:11000:900191001:1:50,-0.4,2026-10-02T01:01:04.695736+02:00
307292663,de:11000:900077155:1:50,-0.9,2026-10-02T01:01:04.695736+02:00
307292663,de:11000:900078201:1:50,-0.4,2026-10-02T01:01:04.695736+02:00
307292663,de:11000:900079221:1:50,-0.2,2026-10-02T01:01:04.695736+02:00
307292663,de:11000:900068201:1:50,-0.8,2026-10-02T01:01:04.695736+02:00
307292663,de:11000:900058101:5:58,-0.1,2026-10-02T01:01:04.695736+02:00
307292663,de:11000:900054104:2:52,-0.2,2026-10-02T01:01:04.695736+02:00
307292663,de:11000:900054105:1:50,-0.9,2026-10-02T01:01:04.695736+02:00
307292663,de:11000:900044202:1:50,-0.7,2026-10-02T01:01:04.695736+02:00
307292209,de:11000:900044202:1:51,0.0,2026-10-02T01:01:04.695736+02:00
307292209,de:11000:900054105:1:51,-0.2,2026-10-02T01:01:04.695736+02:00
307292209,de:11000:900054104:2:53,-0.8,2026-10-02T01:01:04.695736+02:00
307292209,de:11000:900058101:5:59,-0.7,2026-10-02T01:01:04.695736+02:00
307292209,de:11000:900068201:1:51,-0.3,2026-10-02T01:01:04.695736+02:00
307292209,de:11000:900079221:1:51,-0.9,2026-10-02T01:01:04.695736+02:00
307292209,de:11000:900078201:1:51,-0.6,2026-10-02T01:01:04.695736+02:00
307292209,de:11000:900077155:1:51,-0.2,2026-10-02T01:01:04.695736+02:00
307292209,de:11000:900191001:2:51,-0.7,2026-10-02T01:01:04.695736+02:00
307292209,de:11000:900192001:2:52,-0.7,2026-10-02T01:01:04.695736+02:00
307292209,de:11000:900193001:1:50,-0.2,2026-10-02T01:01:04.695736+02:00
307292209,de:11000:900193002:1:50,-0.8,2026-10-02T01:01:04.695736+02:00
307292209,de:11000:900186001:1:50,-0.8,2026-10-02T01:01:04.695736+02:00
307292209,de:12061:900260004:1:50,-0.2,2026-10-02T01:01:04.695736+02:00
307292209,de:12061:900260003:1:50,-0.4,2026-10-02T01:01:04.695736+02:00
307292209,de:12061:900260002:1:51,-0.2,2026-10-02T01:01:04.695736+02:00
307292209,de:12061:900260001:2:52,-0.2,2026-10-02T01:01:04.695736+02:00
307292206,de:11000:900044202:1:51,0.0,2026-10-02T01:01:04.695736+02:00
307292206,de:11000:900054105:1:51,-0.2,2026-10-02T01:01:04.695736+02:00
307292206,de:11000:900054104:2:53,-0.8,2026-10-02T01:01:04.695736+02:00
307292206,de:11000:900058101:5:59,-0.7,2026-10-02T01:01:04.695736+02:00
307292206,de:11000:900068201:1:51,-0.3,2026-10-02T01:01:04.695736+02:00
307292206,de:11000:900079221:1:51,-0.9,2026-10-02T01:01:04.695736+02:00
307292206,de:11000:900078201:1:51,-0.6,2026-10-02T01:01:04.695736+02:00
307292206,de:11000:900077155:1:51,-0.2,2026-10-02T01:01:04.695736+02:00
307292206,de:11000:900191001:2:51,-0.7,2026-10-02T01:01:04.695736+02:00
307292206,de:11000:900192001:2:52,-0.7,2026-10-02T01:01:04.695736+02:00
307292206,de:11000:900193001:1:50,-0.2,2026-10-02T01:01:04.695736+02:00
307292206,de:11000:900193002:1:50,-0.8,2026-10-02T01:01:04.695736+02:00
307292206,de:11000:900186001:1:50,-0.8,2026-10-02T01:01:04.695736+02:00
307292206,de:12061:900260004:1:50,-0.2,2026-10-02T01:01:04.695736+02:00
307292206,de:12061:900260003:1:50,-0.4,2026-10-02T01:01:04.695736+02:00
307292206,de:12061:900260002:1:51,-0.2,2026-10-02T01:01:04.695736+02:00
307292206,de:12061:900260001:2:52,-0.2,2026-10-02T01:01:04.695736+02:00
295932966,de:11000:900058101:5:59,0.0,2026-10-02T01:01:04.695736+02:00
295932966,de:11000:900068201:1:51,-0.3,2026-10-02T01:01:04.695736+02:00
295932966,de:11000:900079221:1:51,-0.9,2026-10-02T01:01:04.695736+02:00
295932966,de:11000:900078201:1:51,-0.6,2026-10-02T01:01:04.695736+02:00
295932966,de:11000:900077155:1:51,-0.2,2026-10-02T01:01:04.695736+02:00
295932966,de:11000:900191001:2:51,-0.7,2026-10-02T01:01:04.695736+02:00
295932966,de:11000:900192001:2:53,-0.7,2026-10-02T01:01:04.695736+02:00
295932966,de:11000:900192002:1:50,-0.5,2026-10-02T01:01:04.695736+02:00
295932966,de:11000:900180003:1:50,-0.7,2026-10-02T01:01:04.695736+02:00
295940777,de:11000:900176001:1:50,0.0,2026-10-02T01:01:04.695736+02:00
295940777,de:11000:900175002:1:50,-0.7,2026-10-02T01:01:04.695736+02:00
295940777,de:11000:900175001:1:50,-0.6,2026-10-02T01:01:04.695736+02:00
295940777,de:11000:900171001:1:50,-0.3,2026-10-02T01:01:04.695736+02:00
295940777,de:11000:900171002:1:51,-0.4,2026-10-02T01:01:04.695736+02:00
295940777,de:11000:900160004:1:51,-0.8,2026-10-02T01:01:04.695736+02:00
295940777,de:11000:900160003:1:51,-0.8,2026-10-02T01:01:04.695736+02:00
295940777,de:11000:900120003:3:54,-0.9,2026-10-02T01:01:04.695736+02:00
295940777,de:11000:900120004:2:52,-0.6,2026-10-02T01:01:04.695736+02:00
295940777,de:11000:900120005:5:57,-0.9,2026-10-02T01:01:04.695736+02:00
306896897,de:12067:900310001::4,0.0,2026-10-02T01:01:04.695736+02:00
306896897,de:12067:900310816::1,0.0,2026-10-02T01:01:04.695736+02:00
306896897,de:12067:900310627::1,0.0,2026-10-02T01:01:04.695736+02:00
306896897,de:12067:900310781::1,0.0,2026-10-02T01:01:04.695736+02:00
306896897,de:12067:900310822::1,0.0,2026-10-02T01:01:04.695736+02:00
306896897,de:12067:900310771::1,0.0,2026-10-02T01:01:04.695736+02:00
306896897,de:12067:900310800::1,0.0,2026-10-02T01:01:04.695736+02:00
306896897,de:12067:900310879::1,0.0,2026-10-02T01:01:04.695736+02:00
306896897,de:12067:900310010::4,0.0,2026-10-02T01:01:04.695736+02:00
306896897,de:12067:900310880::1,0.0,2026-10-02T01:01:04.695736+02:00
306896897,de:12067:900310900::1,0.0,2026-10-02T01:01:04.695736+02:00
306896897,de:12067:900310917::1,0.0,2026-10-02T01:01:04.695736+02:00
306896897,de:12067:900310916::1,-0.5,2026-10-02T01:01:04.695736+02:00
306896897,de:12067:900310915::1,-0.5,2026-10-02T01:01:04.695736+02:00
306896897,de:12067:900310703::4,0.0,2026-10-02T01:01:04.695736+02:00
306896897,de:12067:900310914::1,0.0,2026-10-02T01:01:04.695736+02:00
306896897,de:12067:900310974::1,0.0,2026-10-02T01:01:04.695736+02:00
306896897,de:12067:900310975::1,0.0,2026-10-02T01:01:04.695736+02:00
306896897,de:12067:900310908::1,0.0,2026-10-02T01:01:04.695736+02:00
306896897,de:12067:900311002::1,0.0,2026-10-02T01:01:04.695736+02:00
306896897,de:12067:900310841::1,0.0,2026-10-02T01:01:04.695736+02:00
306896897,de:12067:900310722::1,-0.5,2026-10-02T01:01:04.695736+02:00
306896897,de:12067:900310637::1,0.0,2026-10-02T01:01:04.695736+02:00
306896897,de:12067:900311129::7,0.0,2026-10-02T01:01:04.695736+02:00
306896897,de:12067:900311129::4,0.0,2026-10-02T01:01:04.695736+02:00
306896897,de:12067:900310727::3,0.0,2026-10-02T01:01:04.695736+02:00
306896897,de:12067:900310755::2,0.0,2026-10-02T01:01:04.695736+02:00
306896897,de:12067:900310728::3,0.0,2026-10-02T01:01:04.695736+02:00
306896897,de:12067:900311129::6,0.0,2026-10-02T01:01:04.695736+02:00
306896547,de:12067:900310708::1,0.0,2026-10-02T01:01:04.695736+02:00
306896547,de:12067:900310710::2,0.0,2026-10-02T01:01:04.695736+02:00
306896547,de:12067:900310709::2,0.0,2026-10-02T01:01:04.695736+02:00
306896547,de:12067:900310869::1,0.0,2026-10-02T01:01:04.695736+02:00
306896547,de:12067:900310870::2,0.0,2026-10-02T01:01:04.695736+02:00
306896547,de:12067:900310872::2,0.0,2026-10-02T01:01:04.695736+02:00
306896547,de:12067:900311066::1,0.0,2026-10-02T01:01:04.695736+02:00
306896547,de:12067:900311067::1,0.0,2026-10-02T01:01:04.695736+02:00
306896547,de:12067:900310871::2,0.0,2026-10-02T01:01:04.695736+02:00
306896547,de:12067:900311046::2,0.0,2026-10-02T01:01:04.695736+02:00
306896547,de:12067:900310632::1,0.0,2026-10-02T01:01:04.695736+02:00
306896547,de:12067:900310753::1,0.0,2026-10-02T01:01:04.695736+02:00
306896547,de:12067:900310752::1,0.0,2026-10-02T01:01:04.695736+02:00
306896547,de:12067:900310752::2,0.0,2026-10-02T01:01:04.695736+02:00
306896547,de:12067:900310753::2,0.0,2026-10-02T01:01:04.695736+02:00
306896547,de:12067:900310632::2,0.0,2026-10-02T01:01:04.695736+02:00
306896547,de:12067:900310633::2,0.0,2026-10-02T01:01:04.695736+02:00
306896547,de:12067:900311047::2,0.0,2026-10-02T01:01:04.695736+02:00
306896547,de:12067:900311044::2,0.0,2026-10-02T01:01:04.695736+02:00
306896547,de:12067:900311108::2,0.0,2026-10-02T01:01:04.695736+02:00
306896547,de:12067:900310746::1,0.0,2026-10-02T01:01:04.695736+02:00
306896547,de:12067:900310960::2,0.0,2026-10-02T01:01:04.695736+02:00
306896547,de:12067:900310961::2,0.0,2026-10-02T01:01:04.695736+02:00
306896547,de:12067:900311083::2,0.0,2026-10-02T01:01:04.695736+02:00
306896547,de:12067:900310814::2,0.0,2026-10-02T01:01:04.695736+02:00
306896547,de:12067:900310804::2,0.0,2026-10-02T01:01:04.695736+02:00
306896547,de:12067:900311150::2,0.0,2026-10-02T01:01:04.695736+02:00
306896547,de:12067:900311135::2,0.0,2026-10-02T01:01:04.695736+02:00
306896547,de:12067:900311149::2,0.0,2026-10-02T01:01:04.695736+02:00
306896547,de:12067:900310001::11,0.0,2026-10-02T01:01:04.695736+02:00
295942215,de:11000:900120004:1:51,0.0,2026-10-02T01:01:04.695736+02:00
295942215,de:11000:900120003:2:52,-0.9,2026-10-02T01:01:04.695736+02:00
295942215,de:11000:900160003:1:50,-0.7,2026-10-02T01:01:04.695736+02:00
295942215,de:11000:900160004:1:50,-0.7,2026-10-02T01:01:04.695736+02:00
295942215,de:11000:900171002:1:50,-0.2,2026-10-02T01:01:04.695736+02:00
295942215,de:11000:900171001:2:51,-0.3,2026-10-02T01:01:04.695736+02:00
295942215,de:11000:900175001:2:51,-0.5,2026-10-02T01:01:04.695736+02:00
295942215,de:11000:900175002:1:51,0.0,2026-10-02T01:01:04.695736+02:00
295942215,de:11000:900176001:1:50,-0.7,2026-10-02T01:01:04.695736+02:00
295940217,de:11000:900024102:2:52,0.0,2026-10-02T01:01:04.695736+02:00
295940217,de:11000:900024101:3:54,-0.8,2026-10-02T01:01:04.695736+02:00
295940217,de:11000:900024203:1:51,-0.8,2026-10-02T01:01:04.695736+02:00
295940217,de:11000:900023201:3:54,-0.7,2026-10-02T01:01:04.695736+02:00
295940217,de:11000:900003103:1:50,-0.8,2026-10-02T01:01:04.695736+02:00
295940217,de:11000:900003102:1:50,-0.9,2026-10-02T01:01:04.695736+02:00
295940217,de:11000:900003201:3:54,-0.5,2026-10-02T01:01:04.695736+02:00
295940217,de:11000:900100001:3:54,-0.1,2026-10-02T01:01:04.695736+02:00
295940217,de:11000:900100002:1:50,-0.4,2026-10-02T01:01:04.695736+02:00
295940217,de:11000:900100003:2:52,-0.1,2026-10-02T01:01:04.695736+02:00
295940217,de:11000:900100004:1:50,-0.4,2026-10-02T01:01:04.695736+02:00
295940217,de:11000:900120005:4:55,-0.6,2026-10-02T01:01:04.695736+02:00
295940217,de:11000:900120004:1:50,-0.1,2026-10-02T01:01:04.695736+02:00
295940217,de:11000:900120003:2:53,-0.4,2026-10-02T01:01:04.695736+02:00
295940217,de:11000:900160003:1:50,-0.7,2026-10-02T01:01:04.695736+02:00
295940217,de:11000:900160004:1:50,-0.7,2026-10-02T01:01:04.695736+02:00
295940217,de:11000:900171002:1:50,-0.2,2026-10-02T01:01:04.695736+02:00
295940217,de:11000:900171001:2:51,-0.3,2026-10-02T01:01:04.695736+02:00
295940217,de:11000:900175001:2:51,-0.5,2026-10-02T01:01:04.695736+02:00
295940217,de:11000:900175002:1:51,0.0,2026-10-02T01:01:04.695736+02:00
295940217,de:11000:900176001:1:50,-0.7,2026-10-02T01:01:04.695736+02:00
295940244,de:12064:900320008:1:51,0.0,2026-10-02T01:01:04.695736+02:00
295940244,de:12064:900320026:1:50,-0.3,2026-10-02T01:01:04.695736+02:00
295940244,de:11000:900176001:1:51,-0.7,2026-10-02T01:01:04.695736+02:00
295940244,de:11000:900175002:1:50,-0.7,2026-10-02T01:01:04.695736+02:00
295940244,de:11000:900175001:1:50,-0.6,2026-10-02T01:01:04.695736+02:00
295940244,de:11000:900171001:1:50,-0.3,2026-10-02T01:01:04.695736+02:00
295940244,de:11000:900171002:1:51,-0.4,2026-10-02T01:01:04.695736+02:00
295940244,de:11000:900160004:1:51,-0.8,2026-10-02T01:01:04.695736+02:00
295940244,de:11000:900160003:1:51,-0.9,2026-10-02T01:01:04.695736+02:00
295940244,de:11000:900120003:3:55,-0.1,2026-10-02T01:01:04.695736+02:00
295940244,de:11000:900120004:2:53,-0.6,2026-10-02T01:01:04.695736+02:00
295940244,de:11000:900120005:5:58,-0.9,2026-10-02T01:01:04.695736+02:00
295940244,de:11000:900100004:1:51,-0.4,2026-10-02T01:01:04.695736+02:00
295940244,de:11000:900100003:2:53,-0.4,2026-10-02T01:01:04.695736+02:00
295940244,de:11000:900100002:1:51,-0.4,2026-10-02T01:01:04.695736+02:00
295940244,de:11000:900100001:3:55,-0.4,2026-10-02T01:01:04.695736+02:00
295940244,de:11000:900003201:3:55,-0.1,2026-10-02T01:01:04.695736+02:00
295940244,de:11000:900003102:1:51,-0.8,2026-10-02T01:01:04.695736+02:00
295940244,de:11000:900003103:1:51,-0.9,2026-10-02T01:01:04.695736+02:00
295940244,de:11000:900023201:3:55,-0.8,2026-10-02T01:01:04.695736+02:00
295940244,de:11000:900024203:1:51,-0.8,2026-10-02T01:01:04.695736+02:00
295940244,de:11000:900024101:4:57,-0.8,2026-10-02T01:01:04.695736+02:00
295940244,de:11000:900024102:1:51,-0.1,2026-10-02T01:01:04.695736+02:00
295940240,de:11000:900176001:1:51,0.0,2026-10-02T01:01:04.695736+02:00
295940240,de:11000:900175002:1:50,-0.7,2026-10-02T01:01:04.695736+02:00
295940240,de:11000:900175001:1:50,-0.6,2026-10-02T01:01:04.695736+02:00
295940240,de:11000:900171001:1:50,-0.3,2026-10-02T01:01:04.695736+02:00
295940240,de:11000:900171002:1:51,-0.4,2026-10-02T01:01:04.695736+02:00
295940240,de:11000:900160004:1:51,-0.8,2026-10-02T01:01:04.695736+02:00
295940240,de:11000:900160003:1:51,-0.9,2026-10-02T01:01:04.695736+02:00
295940240,de:11000:900120003:3:55,-0.1,2026-10-02T01:01:04.695736+02:00
295940240,de:11000:900120004:2:53,-0.6,2026-10-02T01:01:04.695736+02:00
295940240,de:11000:900120005:5:57,-0.9,2026-10-02T01:01:04.695736+02:00
307420466,de:11000:900120003:7:61,0.0,2026-10-02T01:01:04.695736+02:00
307420466,de:11000:900160004:2:52,0.0,2026-10-02T01:01:04.695736+02:00
307420466,de:12064:900320004:1:50,0.0,2026-10-02T01:01:04.695736+02:00
307420466,de:12064:900320011:2:51,0.0,2026-10-02T01:01:04.695736+02:00
307420466,de:12064:900320012:1:50,0.0,2026-10-02T01:01:04.695736+02:00
307420466,de:12064:900320014:1:51,0.0,2026-10-02T01:01:04.695736+02:00
307420530,de:12064:900320014:1:51,0.0,2026-10-02T01:01:04.695736+02:00
307420530,de:12064:900320012:1:50,0.0,2026-10-02T01:01:04.695736+02:00
307420530,de:12064:900320011:1:50,0.0,2026-10-02T01:01:04.695736+02:00
307420530,de:12064:900320004:1:50,0.0,2026-10-02T01:01:04.695736+02:00
307420530,de:11000:900160004:2:53,0.0,2026-10-02T01:01:04.695736+02:00
307420530,de:11000:900120003:6:60,0.0,2026-10-02T01:01:04.695736+02:00
307311863,de:11000:900170004:1:50,0.0,2026-10-02T01:01:04.695736+02:00
307311863,de:11000:900170003:1:51,-0.3,2026-10-02T01:01:04.695736+02:00
307311863,de:11000:900170002:1:51,-0.1,2026-10-02T01:01:04.695736+02:00
307311863,de:11000:900170001:1:51,-0.9,2026-10-02T01:01:04.695736+02:00
307311863,de:11000:900170005:1:51,-0.7,2026-10-02T01:01:04.695736+02:00
307311863,de:11000:900171003:1:51,-0.6,2026-10-02T01:01:04.695736+02:00
307311863,de:11000:900171002:1:51,-0.9,2026-10-02T01:01:04.695736+02:00
307311863,de:11000:900160004:1:51,-0.3,2026-10-02T01:01:04.695736+02:00
307311863,de:11000:900160003:1:51,-0.4,2026-10-02T01:01:04.695736+02:00
307311863,de:11000:900120003:3:55,-0.6,2026-10-02T01:01:04.695736+02:00
307311863,de:11000:900120004:2:53,-0.1,2026-10-02T01:01:04.695736+02:00
307311863,de:11000:900120005:5:58,-0.4,2026-10-02T01:01:04.695736+02:00
307311863,de:11000:900100004:1:51,-0.9,2026-10-02T01:01:04.695736+02:00
307311863,de:11000:900100003:2:53,-0.9,2026-10-02T01:01:04.695736+02:00
307311863,de:11000:900100002:1:51,-0.9,2026-10-02T01:01:04.695736+02:00
307311863,de:11000:900100001:3:55,-0.9,2026-10-02T01:01:04.695736+02:00
307311863,de:11000:900003201:3:55,-0.6,2026-10-02T01:01:04.695736+02:00
307311863,de:11000:900003102:1:51,-0.3,2026-10-02T01:01:04.695736+02:00
307311863,de:11000:900003103:1:51,-0.4,2026-10-02T01:01:04.695736+02:00
307311863,de:11000:900023201:3:55,-0.3,2026-10-02T01:01:04.695736+02:00
307311863,de:11000:900024203:1:51,-0.3,2026-10-02T01:01:04.695736+02:00
307311863,de:11000:900024101:4:57,-0.3,2026-10-02T01:01:04.695736+02:00
307311863,de:11000:900024102:1:50,-0.6,2026-10-02T01:01:04.695736+02:00
307311863,de:11000:900048101:1:50,-0.8,2026-10-02T01:01:04.695736+02:00
307311863,de:11000:900052201:2:52,0.0,2026-10-02T01:01:04.695736+02:00
307311863,de:11000:900053301:1:50,-0.4,2026-10-02T01:01:04.695736+02:00
307311863,de:12054:900230003:1:50,-0.4,2026-10-02T01:01:04.695736+02:00
307311863,de:12054:900230000:1:51,-0.4,2026-10-02T01:01:04.695736+02:00
307311863,de:12054:900230999:3:55,-0.9,2026-10-02T01:01:04.695736+02:00
295946176,de:12054:900230999:3:54,0.0,2026-10-02T01:01:04.695736+02:00
295946176,de:12054:900230000:1:50,-0.3,2026-10-02T01:01:04.695736+02:00
295946176,de:12054:900230003:1:54,-0.3,2026-10-02T01:01:04.695736+02:00
295946176,de:11000:900053301:2:53,-0.4,2026-10-02T01:01:04.695736+02:00
295946176,de:11000:900052201:2:53,-0.7,2026-10-02T01:01:04.695736+02:00
295946176,de:11000:900048101:2:53,-0.9,2026-10-02T01:01:04.695736+02:00
295946176,de:11000:900024102:2:53,-0.9,2026-10-02T01:01:04.695736+02:00
295946176,de:11000:900024101:3:55,-0.3,2026-10-02T01:01:04.695736+02:00
295946176,de:11000:900024203:1:51,-0.3,2026-10-02T01:01:04.695736+02:00
295946176,de:11000:900023201:3:54,-0.2,2026-10-02T01:01:04.695736+02:00
295946176,de:11000:900003103:1:50,-0.3,2026-10-02T01:01:04.695736+02:00
295946176,de:11000:900003102:1:50,-0.4,2026-10-02T01:01:04.695736+02:00
295946176,de:11000:900003201:3:54,0.0,2026-10-02T01:01:04.695736+02:00
295946176,de:11000:900100001:3:54,-0.6,2026-10-02T01:01:04.695736+02:00
295946176,de:11000:900100002:1:50,-0.9,2026-10-02T01:01:04.695736+02:00
295946176,de:11000:900100003:2:52,-0.6,2026-10-02T01:01:04.695736+02:00
295946176,de:11000:900100004:1:50,-0.9,2026-10-02T01:01:04.695736+02:00
295946176,de:11000:900120005:4:55,-0.1,2026-10-02T01:01:04.695736+02:00
295946176,de:11000:900120004:1:50,-0.6,2026-10-02T01:01:04.695736+02:00
295946176,de:11000:900120003:2:53,-0.9,2026-10-02T01:01:04.695736+02:00
295946176,de:11000:900160003:1:50,-0.2,2026-10-02T01:01:04.695736+02:00
295946176,de:11000:900160004:1:50,-0.2,2026-10-02T01:01:04.695736+02:00
295946176,de:11000:900171002:1:50,-0.7,2026-10-02T01:01:04.695736+02:00
295946176,de:11000:900171003:1:50,-0.8,2026-10-02T01:01:04.695736+02:00
295946176,de:11000:900170005:1:50,-0.3,2026-10-02T01:01:04.695736+02:00
295946176,de:11000:900170001:1:50,-0.1,2026-10-02T01:01:04.695736+02:00
295946176,de:11000:900170002:1:50,-0.9,2026-10-02T01:01:04.695736+02:00
295946176,de:11000:900170003:1:50,-0.7,2026-10-02T01:01:04.695736+02:00
295946176,de:11000:900170004:1:50,-0.9,2026-10-02T01:01:04.695736+02:00
295946171,de:12054:900230999:3:54,0.0,2026-10-02T01:01:04.695736+02:00
295946171,de:12054:900230000:1:50,-0.3,2026-10-02T01:01:04.695736+02:00
295946171,de:12054:900230003:1:54,-0.3,2026-10-02T01:01:04.695736+02:00
295946171,de:11000:900053301:2:53,-0.4,2026-10-02T01:01:04.695736+02:00
295946171,de:11000:900052201:2:53,-0.7,2026-10-02T01:01:04.695736+02:00
295946171,de:11000:900048101:2:53,-0.9,2026-10-02T01:01:04.695736+02:00
295946171,de:11000:900024102:2:53,-0.9,2026-10-02T01:01:04.695736+02:00
295946171,de:11000:900024101:3:55,-0.3,2026-10-02T01:01:04.695736+02:00
295946171,de:11000:900024203:1:51,-0.3,2026-10-02T01:01:04.695736+02:00
295946171,de:11000:900023201:3:54,-0.2,2026-10-02T01:01:04.695736+02:00
295946171,de:11000:900003103:1:50,-0.3,2026-10-02T01:01:04.695736+02:00
295946171,de:11000:900003102:1:50,-0.4,2026-10-02T01:01:04.695736+02:00
295946171,de:11000:900003201:3:54,0.0,2026-10-02T01:01:04.695736+02:00
295946171,de:11000:900100001:3:54,-0.6,2026-10-02T01:01:04.695736+02:00
295946171,de:11000:900100002:1:50,-0.9,2026-10-02T01:01:04.695736+02:00
295946171,de:11000:900100003:2:52,-0.6,2026-10-02T01:01:04.695736+02:00
295946171,de:11000:900100004:1:50,-0.9,2026-10-02T01:01:04.695736+02:00
295946171,de:11000:900120005:4:55,-0.1,2026-10-02T01:01:04.695736+02:00
295946171,de:11000:900120004:1:50,-0.6,2026-10-02T01:01:04.695736+02:00
295946171,de:11000:900120003:2:53,-0.9,2026-10-02T01:01:04.695736+02:00
295946171,de:11000:900160003:1:50,-0.2,2026-10-02T01:01:04.695736+02:00
295946171,de:11000:900160004:1:50,-0.2,2026-10-02T01:01:04.695736+02:00
295946171,de:11000:900171002:1:50,-0.7,2026-10-02T01:01:04.695736+02:00
295946171,de:11000:900171003:1:50,-0.8,2026-10-02T01:01:04.695736+02:00
295946171,de:11000:900170005:1:50,-0.3,2026-10-02T01:01:04.695736+02:00
295946171,de:11000:900170001:1:50,-0.1,2026-10-02T01:01:04.695736+02:00
295946171,de:11000:900170002:1:50,-0.9,2026-10-02T01:01:04.695736+02:00
295946171,de:11000:900170003:1:50,-0.7,2026-10-02T01:01:04.695736+02:00
295946171,de:11000:900170004:1:50,-0.9,2026-10-02T01:01:04.695736+02:00
295946157,de:12054:900230999:3:54,0.0,2026-10-02T01:01:04.695736+02:00
295946157,de:12054:900230000:1:50,-0.3,2026-10-02T01:01:04.695736+02:00
295946157,de:12054:900230003:1:54,-0.3,2026-10-02T01:01:04.695736+02:00
295946157,de:11000:900053301:2:53,-0.4,2026-10-02T01:01:04.695736+02:00
295946157,de:11000:900052201:2:53,-0.7,2026-10-02T01:01:04.695736+02:00
295946157,de:11000:900048101:2:53,-0.9,2026-10-02T01:01:04.695736+02:00
295946157,de:11000:900024102:2:53,-0.9,2026-10-02T01:01:04.695736+02:00
295946157,de:11000:900024101:3:55,-0.3,2026-10-02T01:01:04.695736+02:00
295946157,de:11000:900024203:1:51,-0.3,2026-10-02T01:01:04.695736+02:00
295946157,de:11000:900023201:3:54,-0.2,2026-10-02T01:01:04.695736+02:00
295946157,de:11000:900003103:1:50,-0.3,2026-10-02T01:01:04.695736+02:00
295946157,de:11000:900003102:1:50,-0.4,2026-10-02T01:01:04.695736+02:00
295946157,de:11000:900003201:3:54,0.0,2026-10-02T01:01:04.695736+02:00
295946157,de:11000:900100001:3:54,-0.6,2026-10-02T01:01:04.695736+02:00
295946157,de:11000:900100002:1:50,-0.9,2026-10-02T01:01:04.695736+02:00
295946157,de:11000:900100003:2:52,-0.6,2026-10-02T01:01:04.695736+02:00
295946157,de:11000:900100004:1:50,-0.9,2026-10-02T01:01:04.695736+02:00
295946157,de:11000:900120005:4:55,-0.1,2026-10-02T01:01:04.695736+02:00
295946157,de:11000:900120004:1:50,-0.6,2026-10-02T01:01:04.695736+02:00
295946157,de:11000:900120003:2:53,-0.9,2026-10-02T01:01:04.695736+02:00
295946157,de:11000:900160003:1:50,-0.2,2026-10-02T01:01:04.695736+02:00
295946157,de:11000:900160004:1:50,-0.2,2026-10-02T01:01:04.695736+02:00
295946157,de:11000:900171002:1:50,-0.7,2026-10-02T01:01:04.695736+02:00
295946157,de:11000:900171003:1:50,-0.8,2026-10-02T01:01:04.695736+02:00
295946157,de:11000:900170005:1:50,-0.3,2026-10-02T01:01:04.695736+02:00
295946157,de:11000:900170001:1:50,-0.1,2026-10-02T01:01:04.695736+02:00
295946157,de:11000:900170002:1:50,-0.9,2026-10-02T01:01:04.695736+02:00
295946157,de:11000:900170003:1:50,-0.7,2026-10-02T01:01:04.695736+02:00
295946157,de:11000:900170004:2:52,-0.9,2026-10-02T01:01:04.695736+02:00
306895459,de:12067:900311083::3,0.0,2026-10-02T01:01:04.695736+02:00
306895459,de:12067:900310775::1,0.0,2026-10-02T01:01:04.695736+02:00
306895459,de:12067:900311083::2,0.0,2026-10-02T01:01:04.695736+02:00
306895459,de:12067:900310814::2,0.0,2026-10-02T01:01:04.695736+02:00
306895459,de:12067:900310628::2,0.0,2026-10-02T01:01:04.695736+02:00
306895459,de:12067:900310793::2,0.0,2026-10-02T01:01:04.695736+02:00
306895459,de:12067:900310774::1,0.0,2026-10-02T01:01:04.695736+02:00
306895459,de:12067:900310792::1,0.0,2026-10-02T01:01:04.695736+02:00
306895459,de:12067:900310825::1,0.0,2026-10-02T01:01:04.695736+02:00
306895459,de:12067:900310809::2,0.0,2026-10-02T01:01:04.695736+02:00
306895459,de:12067:900310787::2,0.0,2026-10-02T01:01:04.695736+02:00
306895459,de:12067:900310790::2,0.0,2026-10-02T01:01:04.695736+02:00
306895459,de:12067:900310788::2,0.0,2026-10-02T01:01:04.695736+02:00
306895459,de:12067:900310696::2,0.0,2026-10-02T01:01:04.695736+02:00
306895459,de:12067:900310001::11,0.0,2026-10-02T01:01:04.695736+02:00
306895459,de:12067:900310001::2,0.0,2026-10-02T01:01:04.695736+02:00
306895459,de:12067:900310816::1,0.0,2026-10-02T01:01:04.695736+02:00
306895459,de:12067:900310627::1,0.0,2026-10-02T01:01:04.695736+02:00
306895459,de:12067:900310781::1,0.0,2026-10-02T01:01:04.695736+02:00
306895459,de:12067:900310822::1,0.0,2026-10-02T01:01:04.695736+02:00
306895459,de:12067:900310808::1,0.0,2026-10-02T01:01:04.695736+02:00
306895459,de:12067:900310794::1,0.0,2026-10-02T01:01:04.695736+02:00
306895459,de:12067:900310821::1,0.0,2026-10-02T01:01:04.695736+02:00
306895459,de:12067:900310806::1,0.0,2026-10-02T01:01:04.695736+02:00
306895459,de:12067:900310812::1,0.0,2026-10-02T01:01:04.695736+02:00
306895459,de:12067:900310770::1,0.0,2026-10-02T01:01:04.695736+02:00
306895459,de:12067:900310010::3,0.0,2026-10-02T01:01:04.695736+02:00
306895459,de:12067:900310880::1,0.0,2026-10-02T01:01:04.695736+02:00
306895459,de:12067:900310815::1,0.0,2026-10-02T01:01:04.695736+02:00
306895459,de:12067:900310807::1,0.0,2026-10-02T01:01:04.695736+02:00
295949550,de:11000:900170004:2:52,0.0,2026-10-02T01:01:04.695736+02:00
295949550,de:11000:900170003:1:51,-0.3,2026-10-02T01:01:04.695736+02:00
295949550,de:11000:900170002:1:51,-0.1,2026-10-02T01:01:04.695736+02:00
295949550,de:11000:900170001:1:51,-0.9,2026-10-02T01:01:04.695736+02:00
295949550,de:11000:900170005:1:51,-0.7,2026-10-02T01:01:04.695736+02:00
295949550,de:11000:900171003:1:51,-0.6,2026-10-02T01:01:04.695736+02:00
295949550,de:11000:900171002:1:51,-0.9,2026-10-02T01:01:04.695736+02:00
295949550,de:11000:900160004:1:51,-0.3,2026-10-02T01:01:04.695736+02:00
295949550,de:11000:900160003:1:51,-0.4,2026-10-02T01:01:04.695736+02:00
295949550,de:11000:900120003:3:55,-0.6,2026-10-02T01:01:04.695736+02:00
295949550,de:11000:900120004:2:53,-0.1,2026-10-02T01:01:04.695736+02:00
295949550,de:11000:900120005:5:58,-0.4,2026-10-02T01:01:04.695736+02:00
295949550,de:11000:900100004:1:51,-0.9,2026-10-02T01:01:04.695736+02:00
295949550,de:11000:900100003:2:53,-0.9,2026-10-02T01:01:04.695736+02:00
295949550,de:11000:900100002:1:51,-0.9,2026-10-02T01:01:04.695736+02:00
295949550,de:11000:900100001:3:55,-0.9,2026-10-02T01:01:04.695736+02:00
295949550,de:11000:900003201:3:55,-0.6,2026-10-02T01:01:04.695736+02:00
295949550,de:11000:900003102:1:51,-0.3,2026-10-02T01:01:04.695736+02:00
295949550,de:11000:900003103:1:51,-0.4,2026-10-02T01:01:04.695736+02:00
295949550,de:11000:900023201:3:55,-0.3,2026-10-02T01:01:04.695736+02:00
295949550,de:11000:900024203:1:51,-0.3,2026-10-02T01:01:04.695736+02:00
295949550,de:11000:900024101:4:57,-0.3,2026-10-02T01:01:04.695736+02:00
295949550,de:11000:900024102:1:50,-0.6,2026-10-02T01:01:04.695736+02:00
295949550,de:11000:900048101:1:50,-0.8,2026-10-02T01:01:04.695736+02:00
295949550,de:11000:900052201:2:52,0.0,2026-10-02T01:01:04.695736+02:00
295949550,de:11000:900053301:1:50,-0.4,2026-10-02T01:01:04.695736+02:00
295949550,de:12054:900230003:1:50,-0.4,2026-10-02T01:01:04.695736+02:00
295949550,de:12054:900230000:1:51,-0.4,2026-10-02T01:01:04.695736+02:00
295949550,de:12054:900230999:3:54,-0.9,2026-10-02T01:01:04.695736+02:00
295949471,de:12054:900230999:3:55,0.0,2026-10-02T01:01:04.695736+02:00
295949471,de:12054:900230000:1:50,-0.3,2026-10-02T01:01:04.695736+02:00
295949471,de:12054:900230003:1:54,-0.3,2026-10-02T01:01:04.695736+02:00
295949471,de:11000:900053301:2:53,-0.4,2026-10-02T01:01:04.695736+02:00
295949471,de:11000:900052201:2:53,-0.7,2026-10-02T01:01:04.695736+02:00
295949471,de:11000:900048101:2:53,-0.9,2026-10-02T01:01:04.695736+02:00
295949471,de:11000:900024102:2:53,-0.9,2026-10-02T01:01:04.695736+02:00
295949471,de:11000:900024101:3:55,-0.3,2026-10-02T01:01:04.695736+02:00
295949471,de:11000:900024203:1:51,-0.3,2026-10-02T01:01:04.695736+02:00
295949471,de:11000:900023201:3:54,-0.2,2026-10-02T01:01:04.695736+02:00
295949471,de:11000:900003103:1:50,-0.3,2026-10-02T01:01:04.695736+02:00
295949471,de:11000:900003102:1:50,-0.4,2026-10-02T01:01:04.695736+02:00
295949471,de:11000:900003201:3:54,0.0,2026-10-02T01:01:04.695736+02:00
295949471,de:11000:900100001:3:54,-0.6,2026-10-02T01:01:04.695736+02:00
295949471,de:11000:900100002:1:50,-0.9,2026-10-02T01:01:04.695736+02:00
295949471,de:11000:900100003:2:52,-0.6,2026-10-02T01:01:04.695736+02:00
295949471,de:11000:900100004:1:50,-0.9,2026-10-02T01:01:04.695736+02:00
295949471,de:11000:900120005:4:55,-0.1,2026-10-02T01:01:04.695736+02:00
295949471,de:11000:900120004:1:50,-0.6,2026-10-02T01:01:04.695736+02:00
295949471,de:11000:900120003:2:53,-0.9,2026-10-02T01:01:04.695736+02:00
295949471,de:11000:900160003:1:50,-0.2,2026-10-02T01:01:04.695736+02:00
295949471,de:11000:900160004:1:50,-0.2,2026-10-02T01:01:04.695736+02:00
295949471,de:11000:900171002:1:50,-0.7,2026-10-02T01:01:04.695736+02:00
295949471,de:11000:900171003:1:50,-0.8,2026-10-02T01:01:04.695736+02:00
295949471,de:11000:900170005:1:50,-0.3,2026-10-02T01:01:04.695736+02:00
295949471,de:11000:900170001:1:50,-0.1,2026-10-02T01:01:04.695736+02:00
295949471,de:11000:900170002:1:50,-0.9,2026-10-02T01:01:04.695736+02:00
295949471,de:11000:900170003:1:50,-0.7,2026-10-02T01:01:04.695736+02:00
295949471,de:11000:900170004:2:52,-0.9,2026-10-02T01:01:04.695736+02:00
295949542,de:11000:900170004:2:52,0.0,2026-10-02T01:01:04.695736+02:00
295949542,de:11000:900170003:1:51,-0.3,2026-10-02T01:01:04.695736+02:00
295949542,de:11000:900170002:1:51,-0.1,2026-10-02T01:01:04.695736+02:00
295949542,de:11000:900170001:1:51,-0.9,2026-10-02T01:01:04.695736+02:00
295949542,de:11000:900170005:1:51,-0.7,2026-10-02T01:01:04.695736+02:00
295949542,de:11000:900171003:1:51,-0.6,2026-10-02T01:01:04.695736+02:00
295949542,de:11000:900171002:1:51,-0.9,2026-10-02T01:01:04.695736+02:00
295949542,de:11000:900160004:1:51,-0.3,2026-10-02T01:01:04.695736+02:00
295949542,de:11000:900160003:1:51,-0.4,2026-10-02T01:01:04.695736+02:00
295949542,de:11000:900120003:3:55,-0.6,2026-10-02T01:01:04.695736+02:00
295949542,de:11000:900120004:2:53,-0.1,2026-10-02T01:01:04.695736+02:00
295949542,de:11000:900120005:5:58,-0.4,2026-10-02T01:01:04.695736+02:00
295949542,de:11000:900100004:1:51,-0.9,2026-10-02T01:01:04.695736+02:00
295949542,de:11000:900100003:2:53,-0.9,2026-10-02T01:01:04.695736+02:00
295949542,de:11000:900100002:1:51,-0.9,2026-10-02T01:01:04.695736+02:00
295949542,de:11000:900100001:3:55,-0.9,2026-10-02T01:01:04.695736+02:00
295949542,de:11000:900003201:3:55,-0.6,2026-10-02T01:01:04.695736+02:00
295949542,de:11000:900003102:1:51,-0.3,2026-10-02T01:01:04.695736+02:00
295949542,de:11000:900003103:1:51,-0.4,2026-10-02T01:01:04.695736+02:00
295949542,de:11000:900023201:3:55,-0.3,2026-10-02T01:01:04.695736+02:00
295949542,de:11000:900024203:1:51,-0.3,2026-10-02T01:01:04.695736+02:00
295949542,de:11000:900024101:4:57,-0.3,2026-10-02T01:01:04.695736+02:00
295949542,de:11000:900024102:1:50,-0.6,2026-10-02T01:01:04.695736+02:00
295949542,de:11000:900048101:1:50,-0.8,2026-10-02T01:01:04.695736+02:00
295949542,de:11000:900052201:2:52,0.0,2026-10-02T01:01:04.695736+02:00
295949542,de:11000:900053301:1:50,-0.4,2026-10-02T01:01:04.695736+02:00
295949542,de:12054:900230003:1:50,-0.4,2026-10-02T01:01:04.695736+02:00
295949542,de:12054:900230000:1:51,-0.4,2026-10-02T01:01:04.695736+02:00
295949542,de:12054:900230999:3:54,-0.9,2026-10-02T01:01:04.695736+02:00
295956090,de:11000:900151001:1:50,0.0,2026-10-02T01:01:04.695736+02:00
295956090,de:11000:900152001:1:51,-0.6,2026-10-02T01:01:04.695736+02:00
295956090,de:11000:900152002:1:51,-0.2,2026-10-02T01:01:04.695736+02:00
295956090,de:11000:900171003:1:51,-0.9,2026-10-02T01:01:04.695736+02:00
295956090,de:11000:900171002:1:51,-0.9,2026-10-02T01:01:04.695736+02:00
295956090,de:11000:900160004:1:51,-0.3,2026-10-02T01:01:04.695736+02:00
295956090,de:11000:900160003:1:51,-0.4,2026-10-02T01:01:04.695736+02:00
295956090,de:11000:900120003:3:54,-0.6,2026-10-02T01:01:04.695736+02:00
295956090,de:11000:900120004:2:52,-0.1,2026-10-02T01:01:04.695736+02:00
295956007,de:11000:900120004:1:51,0.0,2026-10-02T01:01:04.695736+02:00
295956007,de:11000:900120003:2:52,-0.9,2026-10-02T01:01:04.695736+02:00
295956007,de:11000:900160003:1:50,-0.2,2026-10-02T01:01:04.695736+02:00
295956007,de:11000:900160004:1:50,-0.2,2026-10-02T01:01:04.695736+02:00
295956007,de:11000:900171002:1:50,-0.7,2026-10-02T01:01:04.695736+02:00
295956007,de:11000:900171003:1:50,-0.8,2026-10-02T01:01:04.695736+02:00
295956007,de:11000:900152002:1:50,-0.4,2026-10-02T01:01:04.695736+02:00
295956007,de:11000:900152001:1:50,-0.6,2026-10-02T01:01:04.695736+02:00
295956007,de:11000:900151001:1:50,-0.9,2026-10-02T01:01:04.695736+02:00
295959983,de:12065:900200008:1:51,0.0,2026-10-02T01:01:04.695736+02:00
295959983,de:12065:900200009:1:51,-0.7,2026-10-02T01:01:04.695736+02:00
295959983,de:12065:900200011:1:51,-0.3,2026-10-02T01:01:04.695736+02:00
295959983,de:12065:900200012:1:51,-0.8,2026-10-02T01:01:04.695736+02:00
295959983,de:12065:900200013:1:50,-0.4,2026-10-02T01:01:04.695736+02:00
295959983,de:11000:900142001:1:51,-0.7,2026-10-02T01:01:04.695736+02:00
295959983,de:11000:900130001:1:51,-0.2,2026-10-02T01:01:04.695736+02:00
295959983,de:11000:900130002:1:51,-0.7,2026-10-02T01:01:04.695736+02:00
295959983,de:11000:900110011:1:51,-0.2,2026-10-02T01:01:04.695736+02:00
295959983,de:11000:900110001:1:50,-0.2,2026-10-02T01:01:04.695736+02:00
295959983,de:11000:900110002:1:50,-0.9,2026-10-02T01:01:04.695736+02:00
295959983,de:11000:900110003:1:50,-0.9,2026-10-02T01:01:04.695736+02:00
295959983,de:11000:900110004:1:50,-0.3,2026-10-02T01:01:04.695736+02:00
295959983,de:11000:900110012:1:50,-0.2,2026-10-02T01:01:04.695736+02:00
295959983,de:11000:900120001:1:50,-0.2,2026-10-02T01:01:04.695736+02:00
295959983,de:11000:900120003:5:58,-0.6,2026-10-02T01:01:04.695736+02:00
295959983,de:11000:900190001:1:50,-0.1,2026-10-02T01:01:04.695736+02:00
295959983,de:11000:900191002:1:50,0.0,2026-10-02T01:01:04.695736+02:00
295959983,de:11000:900191001:2:52,-0.4,2026-10-02T01:01:04.695736+02:00
295959983,de:11000:900192001:2:52,-0.2,2026-10-02T01:01:04.695736+02:00
295959983,de:11000:900193001:1:50,-0.7,2026-10-02T01:01:04.695736+02:00
295959983,de:11000:900193002:1:50,-0.3,2026-10-02T01:01:04.695736+02:00
295959983,de:11000:900186001:1:50,-0.3,2026-10-02T01:01:04.695736+02:00
295959983,de:12061:900260004:1:50,-0.7,2026-10-02T01:01:04.695736+02:00
295959983,de:12061:900260003:1:50,-0.9,2026-10-02T01:01:04.695736+02:00
295959983,de:12061:900260002:1:50,-0.9,2026-10-02T01:01:04.695736+02:00
295960030,de:11000:900186001:2:52,0.0,2026-10-02T01:01:04.695736+02:00
295960030,de:11000:900193002:1:51,-0.2,2026-10-02T01:01:04.695736+02:00
295960030,de:11000:900193001:2:51,-0.8,2026-10-02T01:01:04.695736+02:00
295960030,de:11000:900192001:3:55,-0.7,2026-10-02T01:01:04.695736+02:00
295960030,de:11000:900191001:1:50,-0.4,2026-10-02T01:01:04.695736+02:00
295960030,de:11000:900191002:1:51,-0.8,2026-10-02T01:01:04.695736+02:00
295960030,de:11000:900190001:2:53,-0.6,2026-10-02T01:01:04.695736+02:00
295960030,de:11000:900120003:5:59,0.0,2026-10-02T01:01:04.695736+02:00
295960030,de:11000:900120001:1:51,-0.6,2026-10-02T01:01:04.695736+02:00
295960030,de:11000:900110012:1:51,-0.8,2026-10-02T01:01:04.695736+02:00
295960030,de:11000:900110004:1:51,-0.7,2026-10-02T01:01:04.695736+02:00
295960030,de:11000:900110003:1:51,0.0,2026-10-02T01:01:04.695736+02:00
295960030,de:11000:900110002:1:51,0.0,2026-10-02T01:01:04.695736+02:00
295960030,de:11000:900110001:1:51,-0.7,2026-10-02T01:01:04.695736+02:00
295960030,de:11000:900110011:2:52,-0.4,2026-10-02T01:01:04.695736+02:00
295960030,de:11000:900130002:1:50,0.0,2026-10-02T01:01:04.695736+02:00
295960030,de:11000:900130001:1:50,-0.7,2026-10-02T01:01:04.695736+02:00
295960030,de:11000:900142001:1:50,-0.2,2026-10-02T01:01:04.695736+02:00
306895560,de:12067:900311083::3,0.0,2026-10-02T01:01:04.695736+02:00
306895560,de:12067:900310775::1,0.0,2026-10-02T01:01:04.695736+02:00
306895560,de:12067:900311083::2,0.0,2026-10-02T01:01:04.695736+02:00
306895560,de:12067:900310814::2,0.0,2026-10-02T01:01:04.695736+02:00
306895560,de:12067:900310804::2,0.0,2026-10-02T01:01:04.695736+02:00
306895560,de:12067:900311150::2,0.0,2026-10-02T01:01:04.695736+02:00
306895560,de:12067:900311135::2,0.0,2026-10-02T01:01:04.695736+02:00
306895560,de:12067:900311149::2,0.0,2026-10-02T01:01:04.695736+02:00
306895560,de:12067:900310001::11,0.0,2026-10-02T01:01:04.695736+02:00
306895560,de:12067:900310001::2,0.0,2026-10-02T01:01:04.695736+02:00
306895560,de:12067:900310816::1,0.0,2026-10-02T01:01:04.695736+02:00
306895560,de:12067:900310627::1,0.0,2026-10-02T01:01:04.695736+02:00
306895560,de:12067:900311151::1,0.0,2026-10-02T01:01:04.695736+02:00
306895560,de:12067:900311152::1,0.0,2026-10-02T01:01:04.695736+02:00
306895560,de:12067:900310823::1,0.0,2026-10-02T01:01:04.695736+02:00
306895560,de:12067:900310773::1,0.0,2026-10-02T01:01:04.695736+02:00
306895560,de:12067:900311109::1,0.0,2026-10-02T01:01:04.695736+02:00
306895560,de:12067:900310782::1,0.0,2026-10-02T01:01:04.695736+02:00
306895560,de:12067:900310010::2,0.0,2026-10-02T01:01:04.695736+02:00
306895560,de:12067:900310770::2,0.0,2026-10-02T01:01:04.695736+02:00
306895560,de:12067:900310695::2,0.0,2026-10-02T01:01:04.695736+02:00
306895560,de:12067:900310769::1,0.0,2026-10-02T01:01:04.695736+02:00
306895560,de:12067:900310810::2,0.0,2026-10-02T01:01:04.695736+02:00
306895560,de:12067:900310980::1,0.0,2026-10-02T01:01:04.695736+02:00
307332427,de:11000:900029101:1:51,0.0,2026-10-02T01:01:04.695736+02:00
307332427,de:11000:900030202:1:50,-0.3,2026-10-02T01:01:04.695736+02:00
307332427,de:11000:900025424:1:51,-0.2,2026-10-02T01:01:04.695736+02:00
307332427,de:11000:900025321:1:51,-0.2,2026-10-02T01:01:04.695736+02:00
307332427,de:11000:900026105:1:50,-0.4,2026-10-02T01:01:04.695736+02:00
307332427,de:11000:900025423:1:50,-0.7,2026-10-02T01:01:04.695736+02:00
307332427,de:11000:900024102:2:53,-0.7,2026-10-02T01:01:04.695736+02:00
307332427,de:11000:900024101:3:55,-0.3,2026-10-02T01:01:04.695736+02:00
307332427,de:11000:900024203:1:51,-0.8,2026-10-02T01:01:04.695736+02:00
307332427,de:11000:900023201:3:54,-0.7,2026-10-02T01:01:04.695736+02:00
307332427,de:11000:900003103:1:50,-0.8,2026-10-02T01:01:04.695736+02:00
307332427,de:11000:900003102:1:50,-0.9,2026-10-02T01:01:04.695736+02:00
307332427,de:11000:900003201:3:54,-0.5,2026-10-02T01:01:04.695736+02:00
307332427,de:11000:900100001:3:54,-0.1,2026-10-02T01:01:04.695736+02:00
307332427,de:11000:900100002:1:50,-0.4,2026-10-02T01:01:04.695736+02:00
307332427,de:11000:900100003:2:52,-0.1,2026-10-02T01:01:04.695736+02:00
307332427,de:11000:900100004:1:50,-0.4,2026-10-02T01:01:04.695736+02:00
307332427,de:11000:900120005:4:55,-0.6,2026-10-02T01:01:04.695736+02:00
307332427,de:11000:900120004:1:50,-0.1,2026-10-02T01:01:04.695736+02:00
307332427,de:11000:900190001:1:51,-0.2,2026-10-02T01:01:04.695736+02:00
307332427,de:11000:900191002:1:50,0.0,2026-10-02T01:01:04.695736+02:00
307332427,de:11000:900191001:2:52,-0.4,2026-10-02T01:01:04.695736+02:00
307332427,de:11000:900192001:2:52,-0.7,2026-10-02T01:01:04.695736+02:00
307332427,de:11000:900193001:1:50,-0.2,2026-10-02T01:01:04.695736+02:00
307332427,de:11000:900193002:1:50,-0.8,2026-10-02T01:01:04.695736+02:00
307332427,de:11000:900195510:1:51,-0.2,2026-10-02T01:01:04.695736+02:00
307332427,de:11000:900196001:1:50,-0.4,2026-10-02T01:01:04.695736+02:00
307332427,de:12061:900260005:3:54,-0.2,2026-10-02T01:01:04.695736+02:00
307332427,de:12061:900260080:1:50,-0.7,2026-10-02T01:01:04.695736+02:00
307332427,de:12061:900260009:3:55,-0.9,2026-10-02T01:01:04.695736+02:00
306895630,de:12067:900311083::3,0.0,2026-10-02T01:01:04.695736+02:00
306895630,de:12067:900310775::1,0.0,2026-10-02T01:01:04.695736+02:00
306895630,de:12067:900311083::2,0.0,2026-10-02T01:01:04.695736+02:00
306895630,de:12067:900310814::2,0.0,2026-10-02T01:01:04.695736+02:00
306895630,de:12067:900310804::2,0.0,2026-10-02T01:01:04.695736+02:00
306895630,de:12067:900311150::2,0.0,2026-10-02T01:01:04.695736+02:00
306895630,de:12067:900311135::2,0.0,2026-10-02T01:01:04.695736+02:00
306895630,de:12067:900311149::2,0.0,2026-10-02T01:01:04.695736+02:00
306895630,de:12067:900310001::11,0.0,2026-10-02T01:01:04.695736+02:00
306895630,de:12067:900310001::2,0.0,2026-10-02T01:01:04.695736+02:00
306895630,de:12067:900310816::1,0.0,2026-10-02T01:01:04.695736+02:00
306895630,de:12067:900310627::1,0.0,2026-10-02T01:01:04.695736+02:00
306895630,de:12067:900310781::1,0.0,2026-10-02T01:01:04.695736+02:00
306895630,de:12067:900310822::1,0.0,2026-10-02T01:01:04.695736+02:00
306895630,de:12067:900310771::1,0.0,2026-10-02T01:01:04.695736+02:00
306895630,de:12067:900310811::1,0.0,2026-10-02T01:01:04.695736+02:00
306895630,de:12067:900310630::1,0.0,2026-10-02T01:01:04.695736+02:00
306895630,de:12067:900310812::1,0.0,2026-10-02T01:01:04.695736+02:00
306895630,de:12067:900310770::1,0.0,2026-10-02T01:01:04.695736+02:00
306895630,de:12067:900310010::3,0.0,2026-10-02T01:01:04.695736+02:00
306895630,de:12067:900310880::1,0.0,2026-10-02T01:01:04.695736+02:00
306895630,de:12067:900310815::1,0.0,2026-10-02T01:01:04.695736+02:00
306895630,de:12067:900310807::1,0.0,2026-10-02T01:01:04.695736+02:00
307435154,de:12061:900260005:1:50,0.0,2026-10-02T01:01:04.695736+02:00
307435154,de:11000:900192001:1:51,0.0,2026-10-02T01:01:04.695736+02:00
295967885,de:12061:900260009:3:55,0.0,2026-10-02T01:01:04.695736+02:00
295967885,de:12061:900260080:1:51,-0.7,2026-10-02T01:01:04.695736+02:00
295967885,de:12061:900260005:3:55,0.0,2026-10-02T01:01:04.695736+02:00
295967885,de:11000:900196001:1:51,0.0,2026-10-02T01:01:04.695736+02:00
295967885,de:11000:900195510:1:50,-0.4,2026-10-02T01:01:04.695736+02:00
295967885,de:11000:900193002:1:51,-0.6,2026-10-02T01:01:04.695736+02:00
295967885,de:11000:900193001:2:51,-0.3,2026-10-02T01:01:04.695736+02:00
295967885,de:11000:900192001:3:55,-0.2,2026-10-02T01:01:04.695736+02:00
295967885,de:11000:900191001:1:50,0.0,2026-10-02T01:01:04.695736+02:00
295967885,de:11000:900191002:1:51,-0.7,2026-10-02T01:01:04.695736+02:00
295967885,de:11000:900190001:2:53,-0.4,2026-10-02T01:01:04.695736+02:00
295967885,de:11000:900120004:2:52,-0.9,2026-10-02T01:01:04.695736+02:00
295967885,de:11000:900120005:5:57,-0.1,2026-10-02T01:01:04.695736+02:00
295967885,de:11000:900100004:1:51,-0.4,2026-10-02T01:01:04.695736+02:00
295967885,de:11000:900100003:2:53,-0.4,2026-10-02T01:01:04.695736+02:00
295967885,de:11000:900100002:1:51,-0.4,2026-10-02T01:01:04.695736+02:00
295967885,de:11000:900100001:3:55,-0.4,2026-10-02T01:01:04.695736+02:00
295967885,de:11000:900003201:3:55,-0.1,2026-10-02T01:01:04.695736+02:00
295967885,de:11000:900003102:1:51,-0.8,2026-10-02T01:01:04.695736+02:00
295967885,de:11000:900003103:1:51,-0.9,2026-10-02T01:01:04.695736+02:00
295967885,de:11000:900023201:3:55,-0.8,2026-10-02T01:01:04.695736+02:00
295967885,de:11000:900024203:1:51,-0.8,2026-10-02T01:01:04.695736+02:00
295967885,de:11000:900024101:4:57,-0.8,2026-10-02T01:01:04.695736+02:00
295967885,de:11000:900024102:1:50,-0.1,2026-10-02T01:01:04.695736+02:00
295967885,de:11000:900025423:1:50,-0.4,2026-10-02T01:01:04.695736+02:00
295967885,de:11000:900026105:1:50,-0.7,2026-10-02T01:01:04.695736+02:00
295967885,de:11000:900025321:1:50,-0.3,2026-10-02T01:01:04.695736+02:00
295967885,de:11000:900025424:1:50,-0.3,2026-10-02T01:01:04.695736+02:00
295967885,de:11000:900030202:1:50,-0.9,2026-10-02T01:01:04.695736+02:00
295967885,de:11000:900029101:1:51,-0.9,2026-10-02T01:01:04.695736+02:00
307332657,de:11000:900029101:1:51,0.0,2026-10-02T01:01:04.695736+02:00
307332657,de:11000:900030202:1:50,-0.3,2026-10-02T01:01:04.695736+02:00
307332657,de:11000:900025424:1:51,-0.2,2026-10-02T01:01:04.695736+02:00
307332657,de:11000:900025321:1:51,-0.2,2026-10-02T01:01:04.695736+02:00
307332657,de:11000:900026105:1:50,-0.4,2026-10-02T01:01:04.695736+02:00
307332657,de:11000:900025423:1:50,-0.7,2026-10-02T01:01:04.695736+02:00
307332657,de:11000:900024102:2:53,-0.7,2026-10-02T01:01:04.695736+02:00
307332657,de:11000:900024101:3:55,-0.3,2026-10-02T01:01:04.695736+02:00
307332657,de:11000:900024203:1:51,-0.8,2026-10-02T01:01:04.695736+02:00
307332657,de:11000:900023201:3:54,-0.7,2026-10-02T01:01:04.695736+02:00
307332657,de:11000:900003103:1:50,-0.8,2026-10-02T01:01:04.695736+02:00
307332657,de:11000:900003102:1:50,-0.9,2026-10-02T01:01:04.695736+02:00
307332657,de:11000:900003201:3:54,-0.5,2026-10-02T01:01:04.695736+02:00
307332657,de:11000:900100001:3:54,-0.1,2026-10-02T01:01:04.695736+02:00
307332657,de:11000:900100002:1:50,-0.4,2026-10-02T01:01:04.695736+02:00
307332657,de:11000:900100003:2:52,-0.1,2026-10-02T01:01:04.695736+02:00
307332657,de:11000:900100004:1:50,-0.4,2026-10-02T01:01:04.695736+02:00
307332657,de:11000:900120005:4:56,-0.6,2026-10-02T01:01:04.695736+02:00
307332657,de:11000:900120004:1:51,-0.1,2026-10-02T01:01:04.695736+02:00
307332657,de:11000:900190001:1:51,-0.2,2026-10-02T01:01:04.695736+02:00
307332657,de:11000:900191002:1:50,0.0,2026-10-02T01:01:04.695736+02:00
307332657,de:11000:900191001:2:52,-0.4,2026-10-02T01:01:04.695736+02:00
307332657,de:11000:900192001:2:52,-0.7,2026-10-02T01:01:04.695736+02:00
307332657,de:11000:900193001:1:50,-0.2,2026-10-02T01:01:04.695736+02:00
307332657,de:11000:900193002:1:50,-0.8,2026-10-02T01:01:04.695736+02:00
307332657,de:11000:900195510:1:51,-0.2,2026-10-02T01:01:04.695736+02:00
307332657,de:11000:900196001:1:50,-0.4,2026-10-02T01:01:04.695736+02:00
307332657,de:12061:900260005:3:54,-0.2,2026-10-02T01:01:04.695736+02:00
307332657,de:12061:900260080:1:50,-0.7,2026-10-02T01:01:04.695736+02:00
307332657,de:12061:900260009:3:55,-0.9,2026-10-02T01:01:04.695736+02:00
306897087,de:12067:900311482::1,0.0,2026-10-02T01:01:04.695736+02:00
306897087,de:12067:900311222::1,0.0,2026-10-02T01:01:04.695736+02:00
306897087,de:12067:900311223::1,0.0,2026-10-02T01:01:04.695736+02:00
306897087,de:12067:900310957::1,0.0,2026-10-02T01:01:04.695736+02:00
306897087,de:12067:900310958::1,0.0,2026-10-02T01:01:04.695736+02:00
306897087,de:12067:900310988::2,0.0,2026-10-02T01:01:04.695736+02:00
306897087,de:12067:900310638::2,0.0,2026-10-02T01:01:04.695736+02:00
306897087,de:12067:900310834::1,0.0,2026-10-02T01:01:04.695736+02:00
306046684,de:12064:900320008::4,0.0,2026-10-02T01:01:04.695736+02:00
306046684,de:12064:900320047::1,0.0,2026-10-02T01:01:04.695736+02:00
306046684,de:12064:900320041::1,0.0,2026-10-02T01:01:04.695736+02:00
306046684,de:12064:900320042::1,0.0,2026-10-02T01:01:04.695736+02:00
306046684,de:12064:900320043::1,0.0,2026-10-02T01:01:04.695736+02:00
306046684,de:12064:900320044::1,0.0,2026-10-02T01:01:04.695736+02:00
306046684,de:12064:900320045::1,0.0,2026-10-02T01:01:04.695736+02:00
306046684,de:12064:900320048::1,0.0,2026-10-02T01:01:04.695736+02:00
306046684,de:12064:900320046::1,0.0,2026-10-02T01:01:04.695736+02:00
306046684,de:12064:900320008::1,0.0,2026-10-02T01:01:04.695736+02:00
306047970,de:12064:900320008::2,0.0,2026-10-02T01:01:04.695736+02:00
306047970,de:12064:900320050::2,0.0,2026-10-02T01:01:04.695736+02:00
306047970,de:12064:900320118::1,0.0,2026-10-02T01:01:04.695736+02:00
306047970,de:12064:900320117::1,0.0,2026-10-02T01:01:04.695736+02:00
306047970,de:12064:900320121::1,0.0,2026-10-02T01:01:04.695736+02:00
306047970,de:12064:900320122::1,0.0,2026-10-02T01:01:04.695736+02:00
306047970,de:12064:900320123::1,0.0,2026-10-02T01:01:04.695736+02:00
306047970,de:12064:900320905::1,0.0,2026-10-02T01:01:04.695736+02:00
306047970,de:12064:900320906::1,0.0,2026-10-02T01:01:04.695736+02:00
306047970,de:12064:900320903::1,0.0,2026-10-02T01:01:04.695736+02:00
306047970,de:12064:900320902::1,0.0,2026-10-02T01:01:04.695736+02:00
306047970,de:12064:900320900::1,0.0,2026-10-02T01:01:04.695736+02:00
306896797,de:12067:900310001::4,0.0,2026-10-02T01:01:04.695736+02:00
306896797,de:12067:900310816::1,0.0,2026-10-02T01:01:04.695736+02:00
306896797,de:12067:900310627::1,0.0,2026-10-02T01:01:04.695736+02:00
306896797,de:12067:900310781::1,0.0,2026-10-02T01:01:04.695736+02:00
306896797,de:12067:900310822::1,0.0,2026-10-02T01:01:04.695736+02:00
306896797,de:12067:900310808::1,0.0,2026-10-02T01:01:04.695736+02:00
306896797,de:12067:900310779::1,0.0,2026-10-02T01:01:04.695736+02:00
306896797,de:12067:900310995::2,0.0,2026-10-02T01:01:04.695736+02:00
306896797,de:12067:900310992::1,-0.5,2026-10-02T01:01:04.695736+02:00
306896797,de:12067:900310989::1,0.0,2026-10-02T01:01:04.695736+02:00
306896797,de:12067:900310990::1,0.0,2026-10-02T01:01:04.695736+02:00
306896797,de:12067:900310991::1,0.0,2026-10-02T01:01:04.695736+02:00
306896797,de:12067:900310904::1,0.0,2026-10-02T01:01:04.695736+02:00
306896797,de:12067:900311118::1,0.0,2026-10-02T01:01:04.695736+02:00
306896797,de:12067:900310966::1,0.0,2026-10-02T01:01:04.695736+02:00
306896797,de:12067:900310997::1,0.0,2026-10-02T01:01:04.695736+02:00
306896797,de:12067:900310998::1,0.0,2026-10-02T01:01:04.695736+02:00
306896797,de:12067:900310998::1,-10.0,2026-10-02T01:01:04.695736+02:00
306896797,de:12067:900310751::1,0.0,2026-10-02T01:01:04.695736+02:00
306896797,de:12067:900310998::1,10.0,2026-10-02T01:01:04.695736+02:00
306896797,de:12067:900310998::1,0.0,2026-10-02T01:01:04.695736+02:00
306896797,de:12067:900310997::2,0.0,2026-10-02T01:01:04.695736+02:00
306896797,de:12067:900310966::2,0.0,2026-10-02T01:01:04.695736+02:00
306896797,de:12067:900311118::2,0.0,2026-10-02T01:01:04.695736+02:00
306896797,de:12067:900311059::1,0.0,2026-10-02T01:01:04.695736+02:00
306896797,de:12067:900311110::3,0.0,2026-10-02T01:01:04.695736+02:00
306896797,de:12067:900311055::1,0.0,2026-10-02T01:01:04.695736+02:00
306896797,de:12067:900311054::1,0.0,2026-10-02T01:01:04.695736+02:00
307437789,de:12071:900445360:1:50,0.0,2026-10-02T01:01:04.695736+02:00
307437789,de:12066:900435347:1:50,0.0,2026-10-02T01:01:04.695736+02:00
307437789,de:12066:900435800:1:50,0.0,2026-10-02T01:01:04.695736+02:00
307437789,de:12066:900435001:2:52,0.0,2026-10-02T01:01:04.695736+02:00
307437789,de:12066:900435000:2:52,0.0,2026-10-02T01:01:04.695736+02:00
307437789,de:12066:900435802:2:51,0.0,2026-10-02T01:01:04.695736+02:00
307437789,de:12066:900435061:2:51,0.0,2026-10-02T01:01:04.695736+02:00
307437789,de:12066:900435203:2:51,0.0,2026-10-02T01:01:04.695736+02:00
307437789,de:12062:900416008:1:50,0.0,2026-10-02T01:01:04.695736+02:00
307437789,de:12062:900415167:1:50,0.0,2026-10-02T01:01:04.695736+02:00
307437789,de:12062:900415240:1:50,0.0,2026-10-02T01:01:04.695736+02:00
307437789,de:12062:900415345:2:52,0.0,2026-10-02T01:01:04.695736+02:00
306896207,de:12067:900310013::5,0.0,2026-10-02T01:01:04.695736+02:00
306896207,de:12067:900310557::3,0.0,2026-10-02T01:01:04.695736+02:00
306896207,de:12067:900310555::1,0.0,2026-10-02T01:01:04.695736+02:00
306896207,de:12067:900311114::1,0.0,2026-10-02T01:01:04.695736+02:00
306896207,de:12067:900311023::1,0.0,2026-10-02T01:01:04.695736+02:00
306896207,de:12067:900311024::1,-0.5,2026-10-02T01:01:04.695736+02:00
306896207,de:12067:900311025::1,0.0,2026-10-02T01:01:04.695736+02:00
306896207,de:12067:900310636::1,0.0,2026-10-02T01:01:04.695736+02:00
306896207,de:12067:900310635::1,0.0,2026-10-02T01:01:04.695736+02:00
306896207,de:12067:900311022::1,0.0,2026-10-02T01:01:04.695736+02:00
306896207,de:12067:900311021::1,0.0,2026-10-02T01:01:04.695736+02:00
306896207,de:12067:900310964::1,0.0,2026-10-02T01:01:04.695736+02:00
306896207,de:12067:900310868::1,0.0,2026-10-02T01:01:04.695736+02:00
306896207,de:12067:900310867::2,0.0,2026-10-02T01:01:04.695736+02:00
306896207,de:12067:900311036::2,0.0,2026-10-02T01:01:04.695736+02:00
306896207,de:12067:900311052::1,0.0,2026-10-02T01:01:04.695736+02:00
306896207,de:12067:900311034::1,0.0,2026-10-02T01:01:04.695736+02:00
306896207,de:12067:900311039::1,0.0,2026-10-02T01:01:04.695736+02:00
306895745,de:12067:900310805::1,0.0,2026-10-02T01:01:04.695736+02:00
306895745,de:12067:900310801::2,0.0,2026-10-02T01:01:04.695736+02:00
306895745,de:12067:900310937::2,0.0,2026-10-02T01:01:04.695736+02:00
306895745,de:12067:900310825::1,0.0,2026-10-02T01:01:04.695736+02:00
306895745,de:12067:900310792::2,0.0,2026-10-02T01:01:04.695736+02:00
306895745,de:12067:900310774::2,0.0,2026-10-02T01:01:04.695736+02:00
306895745,de:12067:900310798::2,0.0,2026-10-02T01:01:04.695736+02:00
306895745,de:12067:900311150::2,0.0,2026-10-02T01:01:04.695736+02:00
306895745,de:12067:900311135::2,0.0,2026-10-02T01:01:04.695736+02:00
306895745,de:12067:900311149::2,0.0,2026-10-02T01:01:04.695736+02:00
306895745,de:12067:900310001::11,0.0,2026-10-02T01:01:04.695736+02:00
306896439,de:12067:900310613::1,0.0,2026-10-02T01:01:04.695736+02:00
306896439,de:12067:900311078::2,0.0,2026-10-02T01:01:04.695736+02:00
306896439,de:12067:900311077::2,0.0,2026-10-02T01:01:04.695736+02:00
306896439,de:12067:900310751::1,0.0,2026-10-02T01:01:04.695736+02:00
306896439,de:12067:900311082::2,0.0,2026-10-02T01:01:04.695736+02:00
306896439,de:12067:900310107::2,0.0,2026-10-02T01:01:04.695736+02:00
306896439,de:12067:900310113::1,0.0,2026-10-02T01:01:04.695736+02:00
306896439,de:12067:900310102::2,0.0,2026-10-02T01:01:04.695736+02:00
306896439,de:12067:900310103::2,0.0,2026-10-02T01:01:04.695736+02:00
306896439,de:12067:900310114::2,0.0,2026-10-02T01:01:04.695736+02:00
306896439,de:12067:900310119::2,0.0,2026-10-02T01:01:04.695736+02:00
306896439,de:12067:900310115::2,0.0,2026-10-02T01:01:04.695736+02:00
306896439,de:12067:900310106::2,0.0,2026-10-02T01:01:04.695736+02:00
306896439,de:12067:900310109::1,0.0,2026-10-02T01:01:04.695736+02:00
306896439,de:12067:900310631::1,0.0,2026-10-02T01:01:04.695736+02:00
306896439,de:12067:900310040::2,0.0,2026-10-02T01:01:04.695736+02:00
306896439,de:12067:900310105::2,0.0,2026-10-02T01:01:04.695736+02:00
306896439,de:12067:900310970::2,0.0,2026-10-02T01:01:04.695736+02:00
306896439,de:12067:900310972::2,0.0,2026-10-02T01:01:04.695736+02:00
306896439,de:12067:900310810::1,0.0,2026-10-02T01:01:04.695736+02:00
306896439,de:12067:900310769::2,0.0,2026-10-02T01:01:04.695736+02:00
306896439,de:12067:900310695::3,0.0,2026-10-02T01:01:04.695736+02:00
306896439,de:12067:900310812::2,0.0,2026-10-02T01:01:04.695736+02:00
306896439,de:12067:900310630::2,0.0,2026-10-02T01:01:04.695736+02:00
306896439,de:12067:900310811::2,0.0,2026-10-02T01:01:04.695736+02:00
306896439,de:12067:900310771::2,0.0,2026-10-02T01:01:04.695736+02:00
306896439,de:12067:900310822::2,0.0,2026-10-02T01:01:04.695736+02:00
306896439,de:12067:900310781::2,0.0,2026-10-02T01:01:04.695736+02:00
306896439,de:12067:900310627::2,-0.5,2026-10-02T01:01:04.695736+02:00
306896439,de:12067:900310816::2,0.0,2026-10-02T01:01:04.695736+02:00
306896439,de:12067:900310022::1,0.0,2026-10-02T01:01:04.695736+02:00
306896439,de:12067:900310001::11,0.0,2026-10-02T01:01:04.695736+02:00
306897029,de:12067:900311330::2,0.0,2026-10-02T01:01:04.695736+02:00
306897029,de:12067:900311328::1,0.0,2026-10-02T01:01:04.695736+02:00
306897029,de:12067:900311300::2,0.0,2026-10-02T01:01:04.695736+02:00
306897029,de:12067:900311356::2,0.0,2026-10-02T01:01:04.695736+02:00
306897029,de:12067:900311311::2,0.0,2026-10-02T01:01:04.695736+02:00
306897029,de:12067:900311312::2,0.0,2026-10-02T01:01:04.695736+02:00
306897029,de:12067:900311383::6,0.0,2026-10-02T01:01:04.695736+02:00
306897029,de:12067:900311305::1,0.0,2026-10-02T01:01:04.695736+02:00
306897029,de:12067:900311320::1,0.0,2026-10-02T01:01:04.695736+02:00
306897029,de:12067:900311318::1,0.0,2026-10-02T01:01:04.695736+02:00
306897029,de:12067:900311319::1,0.0,2026-10-02T01:01:04.695736+02:00
306897029,de:12067:900311318::2,0.0,2026-10-02T01:01:04.695736+02:00
306897029,de:12067:900311354::2,0.0,2026-10-02T01:01:04.695736+02:00
306897029,de:12067:900311352::2,0.0,2026-10-02T01:01:04.695736+02:00
306897029,de:12067:900311336::2,0.0,2026-10-02T01:01:04.695736+02:00
306897029,de:12067:900311349::2,0.0,2026-10-02T01:01:04.695736+02:00
306897029,de:12067:900311377::2,0.0,2026-10-02T01:01:04.695736+02:00
306897029,de:12067:900311376::2,0.0,2026-10-02T01:01:04.695736+02:00
306897029,de:12067:900311308::4,0.0,2026-10-02T01:01:04.695736+02:00
307433919,de:12052:900470000:3:53,0.0,2026-10-02T01:01:04.695736+02:00
307433919,de:12052:900470001:3:52,0.0,2026-10-02T01:01:04.695736+02:00
307433919,de:12071:900445122:1:50,0.0,2026-10-02T01:01:04.695736+02:00
307433919,de:12071:900445010:2:52,0.0,2026-10-02T01:01:04.695736+02:00
306053615,de:12064:900321742::1,0.0,2026-10-02T01:01:04.695736+02:00
306053615,de:12064:900321746::1,0.0,2026-10-02T01:01:04.695736+02:00
306053615,de:12064:900321404::1,0.0,2026-10-02T01:01:04.695736+02:00
306053615,de:12064:900321386::1,0.0,2026-10-02T01:01:04.695736+02:00
306053615,de:12064:900321555::1,0.0,2026-10-02T01:01:04.695736+02:00
306053615,de:12064:900321360::1,0.0,2026-10-02T01:01:04.695736+02:00
306053615,de:12064:900321733::1,0.0,2026-10-02T01:01:04.695736+02:00
306053615,de:12064:900321531::1,0.0,2026-10-02T01:01:04.695736+02:00
306053615,de:12064:900321532::2,0.0,2026-10-02T01:01:04.695736+02:00
306053615,de:12064:900321534::2,0.0,2026-10-02T01:01:04.695736+02:00
306053615,de:12064:900321535::2,0.0,2026-10-02T01:01:04.695736+02:00
306053615,de:12053:900360209::2,0.0,2026-10-02T01:01:04.695736+02:00
306053615,de:12053:900360024::2,0.0,2026-10-02T01:01:04.695736+02:00
306053615,de:12053:900360214::2,0.0,2026-10-02T01:01:04.695736+02:00
306053615,de:12053:900360141::3,0.0,2026-10-02T01:01:04.695736+02:00
306053615,de:12053:900360123::2,0.0,2026-10-02T01:01:04.695736+02:00
306053615,de:12053:900360000::3,0.0,2026-10-02T01:01:04.695736+02:00
306045593,de:12064:900320007::2,0.0,2026-10-02T01:01:04.695736+02:00
306045593,de:12064:900320113::2,0.0,2026-10-02T01:01:04.695736+02:00
306045593,de:12064:900320124::2,0.0,2026-10-02T01:01:04.695736+02:00
306045593,de:12064:900320112::2,0.0,2026-10-02T01:01:04.695736+02:00
306045593,de:12064:900320111::2,0.0,2026-10-02T01:01:04.695736+02:00
306045593,de:12064:900320110::2,0.0,2026-10-02T01:01:04.695736+02:00
306045593,de:12064:900320109::2,0.0,2026-10-02T01:01:04.695736+02:00
306045593,de:12064:900320108::2,0.0,2026-10-02T01:01:04.695736+02:00
306045593,de:12064:900320107::2,0.0,2026-10-02T01:01:04.695736+02:00
306045593,de:12064:900320106::2,0.0,2026-10-02T01:01:04.695736+02:00
306045593,de:12064:900320104::2,0.0,2026-10-02T01:01:04.695736+02:00
306045593,de:12064:900320103::2,0.0,2026-10-02T01:01:04.695736+02:00
306045593,de:12064:900320102::2,0.0,2026-10-02T01:01:04.695736+02:00
306045593,de:12064:900320101::2,0.0,2026-10-02T01:01:04.695736+02:00
306045593,de:12064:900320100::2,0.0,2026-10-02T01:01:04.695736+02:00
306045593,de:12064:900320008::1,-1.0,2026-10-02T01:01:04.695736+02:00
306053994,de:12053:900360000::6,0.0,2026-10-02T01:01:04.695736+02:00
306053994,de:12053:900360123::1,0.0,2026-10-02T01:01:04.695736+02:00
306053994,de:12053:900360214::1,0.0,2026-10-02T01:01:04.695736+02:00
306053994,de:12053:900360209::1,0.0,2026-10-02T01:01:04.695736+02:00
306053994,de:12064:900321535::1,0.0,2026-10-02T01:01:04.695736+02:00
306053994,de:12064:900321534::1,0.0,2026-10-02T01:01:04.695736+02:00
306053994,de:12064:900321532::1,0.0,2026-10-02T01:01:04.695736+02:00
306053994,de:12064:900321530::2,0.0,2026-10-02T01:01:04.695736+02:00
306053994,de:12064:900321687::2,0.0,2026-10-02T01:01:04.695736+02:00
306053994,de:12064:900321685::2,0.0,2026-10-02T01:01:04.695736+02:00
306053994,de:12064:900321686::2,0.0,2026-10-02T01:01:04.695736+02:00
306053994,de:12064:900321689::2,0.0,2026-10-02T01:01:04.695736+02:00
306053994,de:12064:900321688::2,0.0,2026-10-02T01:01:04.695736+02:00
306053994,de:12064:900321472::2,0.0,2026-10-02T01:01:04.695736+02:00
306053994,de:12064:900321705::3,0.0,2026-10-02T01:01:04.695736+02:00
306053994,de:12064:900321712::1,0.0,2026-10-02T01:01:04.695736+02:00
306053994,de:12064:900321713::1,0.0,2026-10-02T01:01:04.695736+02:00
306053994,de:12064:900321712::2,0.0,2026-10-02T01:01:04.695736+02:00
306053994,de:12064:900321704::1,0.0,2026-10-02T01:01:04.695736+02:00
306053994,de:12064:900321705::2,0.0,2026-10-02T01:01:04.695736+02:00
306053994,de:12064:900321707::2,0.0,2026-10-02T01:01:04.695736+02:00
306053994,de:12064:900321474::2,0.0,2026-10-02T01:01:04.695736+02:00
306053994,de:12064:900321581::2,0.0,2026-10-02T01:01:04.695736+02:00
306053994,de:12064:900321582::1,0.0,2026-10-02T01:01:04.695736+02:00
306053994,de:12064:900321433::2,0.0,2026-10-02T01:01:04.695736+02:00
306053994,de:12064:900321604::2,0.0,2026-10-02T01:01:04.695736+02:00
306053994,de:12064:900321603::2,0.0,2026-10-02T01:01:04.695736+02:00
306053994,de:12064:900321471::2,0.0,2026-10-02T01:01:04.695736+02:00
306053994,de:12064:900321750::2,0.0,2026-10-02T01:01:04.695736+02:00
306053994,de:12064:900321741::1,0.0,2026-10-02T01:01:04.695736+02:00
306053994,de:12064:900321747::2,0.0,2026-10-02T01:01:04.695736+02:00
306053994,de:12064:900321742::5,0.0,2026-10-02T01:01:04.695736+02:00
306896190,de:12067:900311039::1,0.0,2026-10-02T01:01:04.695736+02:00
306896190,de:12067:900311034::2,0.0,2026-10-02T01:01:04.695736+02:00
306896190,de:12067:900311052::2,0.0,2026-10-02T01:01:04.695736+02:00
306896190,de:12067:900311036::1,0.0,2026-10-02T01:01:04.695736+02:00
306896190,de:12067:900310867::1,0.0,2026-10-02T01:01:04.695736+02:00
306896190,de:12067:900310868::2,0.0,2026-10-02T01:01:04.695736+02:00
306896190,de:12067:900310964::2,0.0,2026-10-02T01:01:04.695736+02:00
306896190,de:12067:900311021::1,0.0,2026-10-02T01:01:04.695736+02:00
306896190,de:12067:900311022::2,0.0,2026-10-02T01:01:04.695736+02:00
306896190,de:12067:900310635::2,0.0,2026-10-02T01:01:04.695736+02:00
306896190,de:12067:900310636::2,0.0,2026-10-02T01:01:04.695736+02:00
306896190,de:12067:900311025::2,0.0,2026-10-02T01:01:04.695736+02:00
306896190,de:12067:900311024::2,0.0,2026-10-02T01:01:04.695736+02:00
306896190,de:12067:900311023::1,-0.5,2026-10-02T01:01:04.695736+02:00
306896190,de:12067:900311114::1,0.0,2026-10-02T01:01:04.695736+02:00
306896190,de:12067:900310031::1,0.0,2026-10-02T01:01:04.695736+02:00
306897289,de:12067:900310949::2,0.0,2026-10-02T01:01:04.695736+02:00
306897289,de:12067:900310950::1,0.0,2026-10-02T01:01:04.695736+02:00
306897289,de:12061:900260165::2,0.0,2026-10-02T01:01:04.695736+02:00
306897289,de:12061:900260169::3,0.0,2026-10-02T01:01:04.695736+02:00
306897289,de:12061:900260166::2,0.0,2026-10-02T01:01:04.695736+02:00
306897289,de:12061:900260171::2,0.0,2026-10-02T01:01:04.695736+02:00
306897289,de:12061:900260168::2,0.0,2026-10-02T01:01:04.695736+02:00
306897289,de:12061:900260167::2,0.0,2026-10-02T01:01:04.695736+02:00
306897289,de:12061:900260170::2,0.0,2026-10-02T01:01:04.695736+02:00
306897289,de:12061:900261050::1,0.0,2026-10-02T01:01:04.695736+02:00
306897289,de:12061:900261051::2,0.0,2026-10-02T01:01:04.695736+02:00
306897289,de:12061:900261049::1,0.0,2026-10-02T01:01:04.695736+02:00
306897289,de:12061:900261048::2,0.0,2026-10-02T01:01:04.695736+02:00
306897289,de:12061:900261047::2,0.0,2026-10-02T01:01:04.695736+02:00
306897289,de:12061:900260889::2,0.0,2026-10-02T01:01:04.695736+02:00
306897289,de:12061:900260888::2,0.0,2026-10-02T01:01:04.695736+02:00
306897289,de:12061:900260886::2,0.0,2026-10-02T01:01:04.695736+02:00
306897289,de:12061:900260887::2,0.0,2026-10-02T01:01:04.695736+02:00
306897289,de:12061:900260890::2,0.0,2026-10-02T01:01:04.695736+02:00
306897289,de:12061:900260798::2,0.0,2026-10-02T01:01:04.695736+02:00
306897289,de:12061:900260001::8,0.0,2026-10-02T01:01:04.695736+02:00
306895757,de:12067:900310805::1,0.0,2026-10-02T01:01:04.695736+02:00
306895757,de:12067:900310801::2,0.0,2026-10-02T01:01:04.695736+02:00
306895757,de:12067:900310937::2,0.0,2026-10-02T01:01:04.695736+02:00
306895757,de:12067:900310825::1,0.0,2026-10-02T01:01:04.695736+02:00
306895757,de:12067:900310792::2,0.0,2026-10-02T01:01:04.695736+02:00
306895757,de:12067:900310774::2,0.0,2026-10-02T01:01:04.695736+02:00
306895757,de:12067:900310798::2,0.0,2026-10-02T01:01:04.695736+02:00
306895757,de:12067:900311150::2,0.0,2026-10-02T01:01:04.695736+02:00
306895757,de:12067:900311135::2,0.0,2026-10-02T01:01:04.695736+02:00
306895757,de:12067:900311149::2,0.0,2026-10-02T01:01:04.695736+02:00
306895757,de:12067:900310001::11,0.0,2026-10-02T01:01:04.695736+02:00
306895757,de:12067:900310001::2,0.0,2026-10-02T01:01:04.695736+02:00
306895757,de:12067:900310816::1,0.0,2026-10-02T01:01:04.695736+02:00
306895757,de:12067:900310627::1,0.0,2026-10-02T01:01:04.695736+02:00
306895757,de:12067:900310781::1,0.0,2026-10-02T01:01:04.695736+02:00
306895757,de:12067:900310822::1,0.0,2026-10-02T01:01:04.695736+02:00
306895757,de:12067:900310771::1,0.0,2026-10-02T01:01:04.695736+02:00
306895757,de:12067:900310800::1,0.0,2026-10-02T01:01:04.695736+02:00
306895757,de:12067:900310879::1,0.0,2026-10-02T01:01:04.695736+02:00
306895757,de:12067:900310010::4,0.0,2026-10-02T01:01:04.695736+02:00
306895757,de:12067:900310880::1,0.0,2026-10-02T01:01:04.695736+02:00
306895757,de:12067:900310815::1,0.0,2026-10-02T01:01:04.695736+02:00
306895757,de:12067:900310807::1,0.0,2026-10-02T01:01:04.695736+02:00
295879413,de:11000:900053301:2:52,0.0,2026-10-02T01:01:04.695736+02:00
295879413,de:11000:900052201:1:51,0.0,2026-10-02T01:01:04.695736+02:00
295879413,de:11000:900050355:1:51,-0.3,2026-10-02T01:01:04.695736+02:00
295879413,de:11000:900050301:1:51,-0.4,2026-10-02T01:01:04.695736+02:00
295879413,de:11000:900049201:1:51,0.0,2026-10-02T01:01:04.695736+02:00
295879413,de:11000:900049202:1:51,0.0,2026-10-02T01:01:04.695736+02:00
295879413,de:11000:900066101:1:51,-0.3,2026-10-02T01:01:04.695736+02:00
295879413,de:11000:900066102:1:51,-0.2,2026-10-02T01:01:04.695736+02:00
295879413,de:11000:900062202:1:51,-0.2,2026-10-02T01:01:04.695736+02:00
295879413,de:11000:900063101:1:51,-0.2,2026-10-02T01:01:04.695736+02:00
295879413,de:11000:900060101:1:51,-0.9,2026-10-02T01:01:04.695736+02:00
295879413,de:11000:900054104:1:51,-0.9,2026-10-02T01:01:04.695736+02:00
295879413,de:11000:900057104:1:50,-0.4,2026-10-02T01:01:04.695736+02:00
295879413,de:11000:900057102:1:51,-0.1,2026-10-02T01:01:04.695736+02:00
295879413,de:11000:900012101:2:52,-0.9,2026-10-02T01:01:04.695736+02:00
295879413,de:11000:900100020:4:57,-0.3,2026-10-02T01:01:04.695736+02:00
295879413,de:11000:900100025:1:51,-0.4,2026-10-02T01:01:04.695736+02:00
295879413,de:11000:900100001:4:57,-0.1,2026-10-02T01:01:04.695736+02:00
295879413,de:11000:900100007:1:51,-0.2,2026-10-02T01:01:04.695736+02:00
295879413,de:11000:900007104:2:52,-0.2,2026-10-02T01:01:04.695736+02:00
295879413,de:11000:900008101:1:51,-0.9,2026-10-02T01:01:04.695736+02:00
295879413,de:11000:900007102:2:53,-0.6,2026-10-02T01:01:04.695736+02:00
295879413,de:11000:900110011:2:53,-0.9,2026-10-02T01:01:04.695736+02:00
295879413,de:11000:900085201:1:50,-0.9,2026-10-02T01:01:04.695736+02:00
295879413,de:11000:900084101:1:50,-0.7,2026-10-02T01:01:04.695736+02:00
295879413,de:11000:900096101:1:50,-0.8,2026-10-02T01:01:04.695736+02:00
295879413,de:11000:900094101:1:50,-0.1,2026-10-02T01:01:04.695736+02:00
295879413,de:11000:900093201:1:50,-0.4,2026-10-02T01:01:04.695736+02:00
295879413,de:11000:900092201:1:50,-0.2,2026-10-02T01:01:04.695736+02:00
295879413,de:12065:900200009:1:50,-0.7,2026-10-02T01:01:04.695736+02:00
295879413,de:12065:900200008:1:50,-0.7,2026-10-02T01:01:04.695736+02:00
295879413,de:12065:900200007:1:50,-0.2,2026-10-02T01:01:04.695736+02:00
295879413,de:12065:900200006:1:50,-0.5,2026-10-02T01:01:04.695736+02:00
295879413,de:12065:900200005:3:1,-0.9,2026-10-02T01:01:04.695736+02:00
295879304,de:12065:900200005:3:1,0.0,2026-10-02T01:01:04.695736+02:00
295879304,de:12065:900200006:1:51,-0.3,2026-10-02T01:01:04.695736+02:00
295879304,de:12065:900200007:1:51,-0.7,2026-10-02T01:01:04.695736+02:00
295879304,de:12065:900200008:1:51,-0.2,2026-10-02T01:01:04.695736+02:00
295879304,de:12065:900200009:1:51,-0.1,2026-10-02T01:01:04.695736+02:00
295879304,de:11000:900092201:1:51,-0.7,2026-10-02T01:01:04.695736+02:00
295879304,de:11000:900093201:1:51,-0.4,2026-10-02T01:01:04.695736+02:00
295879304,de:11000:900094101:1:51,-0.8,2026-10-02T01:01:04.695736+02:00
295879304,de:11000:900096101:1:51,-0.1,2026-10-02T01:01:04.695736+02:00
295879304,de:11000:900084101:1:51,-0.2,2026-10-02T01:01:04.695736+02:00
295879304,de:11000:900085201:1:51,-0.8,2026-10-02T01:01:04.695736+02:00
295879304,de:11000:900130003:1:51,-0.8,2026-10-02T01:01:04.695736+02:00
295879304,de:11000:900110011:1:50,-0.9,2026-10-02T01:01:04.695736+02:00
295879304,de:11000:900007102:1:50,-0.9,2026-10-02T01:01:04.695736+02:00
295879304,de:11000:900008101:1:50,0.0,2026-10-02T01:01:04.695736+02:00
295879304,de:11000:900007104:1:51,-0.7,2026-10-02T01:01:04.695736+02:00
295879304,de:11000:900100007:1:50,-0.7,2026-10-02T01:01:04.695736+02:00
295879304,de:11000:900100001:4:56,-0.5,2026-10-02T01:01:04.695736+02:00
295879304,de:11000:900100025:1:50,-0.4,2026-10-02T01:01:04.695736+02:00
295879304,de:11000:900100020:3:54,-0.4,2026-10-02T01:01:04.695736+02:00
295879304,de:11000:900012101:1:51,-0.5,2026-10-02T01:01:04.695736+02:00
295879304,de:11000:900057102:1:50,-0.7,2026-10-02T01:01:04.695736+02:00
295879304,de:11000:900057104:2:51,-0.4,2026-10-02T01:01:04.695736+02:00
295879304,de:11000:900054104:1:50,-0.3,2026-10-02T01:01:04.695736+02:00
295879304,de:11000:900060101:1:50,-0.3,2026-10-02T01:01:04.695736+02:00
295879304,de:11000:900063101:1:50,-0.1,2026-10-02T01:01:04.695736+02:00
295879304,de:11000:900062202:1:50,-0.1,2026-10-02T01:01:04.695736+02:00
295879304,de:11000:900066102:1:50,-0.2,2026-10-02T01:01:04.695736+02:00
295879304,de:11000:900066101:1:50,-0.1,2026-10-02T01:01:04.695736+02:00
295879304,de:11000:900049202:1:50,-0.3,2026-10-02T01:01:04.695736+02:00
295879304,de:11000:900049201:1:50,-0.4,2026-10-02T01:01:04.695736+02:00
295879304,de:11000:900050301:1:50,0.0,2026-10-02T01:01:04.695736+02:00
295879304,de:11000:900050355:1:50,-0.1,2026-10-02T01:01:04.695736+02:00
295879304,de:11000:900052201:1:50,-0.5,2026-10-02T01:01:04.695736+02:00
295879304,de:11000:900053301:1:51,-0.9,2026-10-02T01:01:04.695736+02:00
306896230,de:12067:900310856::1,0.0,2026-10-02T01:01:04.695736+02:00
306896230,de:12067:900310849::2,0.0,2026-10-02T01:01:04.695736+02:00
306896230,de:12067:900310851::2,0.0,2026-10-02T01:01:04.695736+02:00
306896230,de:12067:900310850::2,0.0,2026-10-02T01:01:04.695736+02:00
306896230,de:12067:900310852::2,0.0,2026-10-02T01:01:04.695736+02:00
306896230,de:12067:900311114::1,0.0,2026-10-02T01:01:04.695736+02:00
306896230,de:12067:900310002::7,0.0,2026-10-02T01:01:04.695736+02:00
306896230,de:12067:900310864::1,0.0,2026-10-02T01:01:04.695736+02:00
306896230,de:12067:900310861::1,0.0,2026-10-02T01:01:04.695736+02:00
306896230,de:12067:900310002::1,0.0,2026-10-02T01:01:04.695736+02:00
306896230,de:12067:900310865::1,0.0,2026-10-02T01:01:04.695736+02:00
306896230,de:12067:900310862::1,0.0,2026-10-02T01:01:04.695736+02:00
306896230,de:12067:900310863::1,0.0,2026-10-02T01:01:04.695736+02:00
306896230,de:12067:900311027::1,0.0,2026-10-02T01:01:04.695736+02:00
306896230,de:12067:900311026::1,0.0,2026-10-02T01:01:04.695736+02:00
306896230,de:12067:900310965::1,0.0,2026-10-02T01:01:04.695736+02:00
306896230,de:12067:900311029::2,0.0,2026-10-02T01:01:04.695736+02:00
306896230,de:12067:900311028::1,0.0,2026-10-02T01:01:04.695736+02:00
306896230,de:12067:900311021::1,0.0,2026-10-02T01:01:04.695736+02:00
306896230,de:12067:900310964::1,0.0,2026-10-02T01:01:04.695736+02:00
306896230,de:12067:900311035::1,0.0,2026-10-02T01:01:04.695736+02:00
306896230,de:12067:900311034::1,0.0,2026-10-02T01:01:04.695736+02:00
306896230,de:12067:900311039::1,0.0,2026-10-02T01:01:04.695736+02:00
295883537,de:11000:900053301:2:53,0.0,2026-10-02T01:01:04.695736+02:00
295883537,de:11000:900052201:1:51,0.0,2026-10-02T01:01:04.695736+02:00
295883537,de:11000:900050355:1:51,-0.3,2026-10-02T01:01:04.695736+02:00
295883537,de:11000:900050301:1:51,-0.4,2026-10-02T01:01:04.695736+02:00
295883537,de:11000:900049201:1:51,0.0,2026-10-02T01:01:04.695736+02:00
295883537,de:11000:900049202:1:51,0.0,2026-10-02T01:01:04.695736+02:00
295883537,de:11000:900066101:1:51,-0.3,2026-10-02T01:01:04.695736+02:00
295883537,de:11000:900066102:1:51,-0.2,2026-10-02T01:01:04.695736+02:00
295883537,de:11000:900062202:1:51,-0.2,2026-10-02T01:01:04.695736+02:00
295883537,de:11000:900063101:1:51,-0.2,2026-10-02T01:01:04.695736+02:00
295883537,de:11000:900060101:1:51,-0.9,2026-10-02T01:01:04.695736+02:00
295883537,de:11000:900054104:1:51,-0.9,2026-10-02T01:01:04.695736+02:00
295883537,de:11000:900057104:1:50,-0.4,2026-10-02T01:01:04.695736+02:00
295883537,de:11000:900057102:1:51,-0.1,2026-10-02T01:01:04.695736+02:00
295883537,de:11000:900012101:2:52,-0.8,2026-10-02T01:01:04.695736+02:00
295883537,de:11000:900100020:4:57,-0.9,2026-10-02T01:01:04.695736+02:00
307252193,de:11000:900007102:1:51,0.0,2026-10-02T01:01:04.695736+02:00
307252193,de:11000:900009104:1:51,-0.8,2026-10-02T01:01:04.695736+02:00
307252193,de:11000:900003200:5:58,-0.7,2026-10-02T01:01:04.695736+02:00
307252191,de:11000:900007102:1:51,0.0,2026-10-02T01:01:04.695736+02:00
307252191,de:11000:900009104:1:51,-0.8,2026-10-02T01:01:04.695736+02:00
307252191,de:11000:900003200:5:58,-0.7,2026-10-02T01:01:04.695736+02:00
295882580,de:11000:900053301:2:52,0.0,2026-10-02T01:01:04.695736+02:00
295882580,de:11000:900052201:1:51,0.0,2026-10-02T01:01:04.695736+02:00
295882580,de:11000:900050355:1:51,-0.3,2026-10-02T01:01:04.695736+02:00
295882580,de:11000:900050301:1:51,-0.4,2026-10-02T01:01:04.695736+02:00
295882580,de:11000:900049201:1:51,0.0,2026-10-02T01:01:04.695736+02:00
295882580,de:11000:900049202:1:51,0.0,2026-10-02T01:01:04.695736+02:00
295882580,de:11000:900066101:1:51,-0.3,2026-10-02T01:01:04.695736+02:00
295882580,de:11000:900066102:1:51,-0.2,2026-10-02T01:01:04.695736+02:00
295882580,de:11000:900062202:1:51,-0.2,2026-10-02T01:01:04.695736+02:00
295882580,de:11000:900063101:1:51,-0.2,2026-10-02T01:01:04.695736+02:00
295882580,de:11000:900060101:1:51,-0.9,2026-10-02T01:01:04.695736+02:00
295882580,de:11000:900054104:1:51,-0.9,2026-10-02T01:01:04.695736+02:00
295882580,de:11000:900057104:1:50,-0.4,2026-10-02T01:01:04.695736+02:00
295882580,de:11000:900057102:1:51,-0.1,2026-10-02T01:01:04.695736+02:00
295882580,de:11000:900012101:2:52,-0.9,2026-10-02T01:01:04.695736+02:00
295882580,de:11000:900100020:4:57,-0.3,2026-10-02T01:01:04.695736+02:00
295882580,de:11000:900100025:1:51,-0.4,2026-10-02T01:01:04.695736+02:00
295882580,de:11000:900100001:4:57,-0.1,2026-10-02T01:01:04.695736+02:00
295882580,de:11000:900100007:1:51,-0.2,2026-10-02T01:01:04.695736+02:00
295882580,de:11000:900007104:2:52,-0.2,2026-10-02T01:01:04.695736+02:00
295882580,de:11000:900008101:1:51,-0.9,2026-10-02T01:01:04.695736+02:00
295882580,de:11000:900007102:2:53,-0.6,2026-10-02T01:01:04.695736+02:00
295882580,de:11000:900110011:2:53,-0.9,2026-10-02T01:01:04.695736+02:00
295882580,de:11000:900085201:1:50,-0.9,2026-10-02T01:01:04.695736+02:00
295882580,de:11000:900084101:1:50,-0.7,2026-10-02T01:01:04.695736+02:00
295882580,de:11000:900096101:1:50,-0.8,2026-10-02T01:01:04.695736+02:00
295882580,de:11000:900094101:1:50,-0.1,2026-10-02T01:01:04.695736+02:00
295882580,de:11000:900093201:1:50,-0.4,2026-10-02T01:01:04.695736+02:00
295882580,de:11000:900092201:1:50,-0.2,2026-10-02T01:01:04.695736+02:00
306896864,de:12067:900311129::4,0.0,2026-10-02T01:01:04.695736+02:00
306896864,de:12067:900311129::4,-12.0,2026-10-02T01:01:04.695736+02:00
306896864,de:12067:900310727::3,0.0,2026-10-02T01:01:04.695736+02:00
306896864,de:12067:900310755::2,0.0,2026-10-02T01:01:04.695736+02:00
306896864,de:12067:900310728::3,0.0,2026-10-02T01:01:04.695736+02:00
306896864,de:12067:900311129::7,0.0,2026-10-02T01:01:04.695736+02:00
306896864,de:12067:900311129::4,12.0,2026-10-02T01:01:04.695736+02:00
306896864,de:12067:900311129::4,0.0,2026-10-02T01:01:04.695736+02:00
306896864,de:12067:900310637::2,0.0,2026-10-02T01:01:04.695736+02:00
306896864,de:12067:900310722::2,-0.5,2026-10-02T01:01:04.695736+02:00
306896864,de:12067:900310841::2,0.0,2026-10-02T01:01:04.695736+02:00
306896864,de:12067:900311002::3,0.0,2026-10-02T01:01:04.695736+02:00
306896864,de:12067:900310908::2,0.0,2026-10-02T01:01:04.695736+02:00
306896864,de:12067:900310975::2,0.0,2026-10-02T01:01:04.695736+02:00
306896864,de:12067:900310974::2,0.0,2026-10-02T01:01:04.695736+02:00
306896864,de:12067:900310914::2,0.0,2026-10-02T01:01:04.695736+02:00
306896864,de:12067:900310703::3,0.0,2026-10-02T01:01:04.695736+02:00
306896864,de:12067:900310915::2,-0.5,2026-10-02T01:01:04.695736+02:00
306896864,de:12067:900310916::2,-0.5,2026-10-02T01:01:04.695736+02:00
306896864,de:12067:900310917::2,0.0,2026-10-02T01:01:04.695736+02:00
306896864,de:12067:900310900::2,0.0,2026-10-02T01:01:04.695736+02:00
306896864,de:12067:900310880::2,0.0,2026-10-02T01:01:04.695736+02:00
306896864,de:12067:900310010::1,0.0,2026-10-02T01:01:04.695736+02:00
306896864,de:12067:900310879::2,0.0,2026-10-02T01:01:04.695736+02:00
306896864,de:12067:900310800::2,0.0,2026-10-02T01:01:04.695736+02:00
306896864,de:12067:900310771::2,0.0,2026-10-02T01:01:04.695736+02:00
306896864,de:12067:900310822::2,0.0,2026-10-02T01:01:04.695736+02:00
306896864,de:12067:900310781::2,0.0,2026-10-02T01:01:04.695736+02:00
306896864,de:12067:900310627::2,-0.5,2026-10-02T01:01:04.695736+02:00
306896864,de:12067:900310816::2,0.0,2026-10-02T01:01:04.695736+02:00
306896864,de:12067:900310022::1,0.0,2026-10-02T01:01:04.695736+02:00
306896864,de:12067:900310001::11,0.0,2026-10-02T01:01:04.695736+02:00
295882577,de:11000:900053301:2:52,0.0,2026-10-02T01:01:04.695736+02:00
295882577,de:11000:900052201:1:51,0.0,2026-10-02T01:01:04.695736+02:00
295882577,de:11000:900050355:1:51,-0.3,2026-10-02T01:01:04.695736+02:00
295882577,de:11000:900050301:1:51,-0.4,2026-10-02T01:01:04.695736+02:00
295882577,de:11000:900049201:1:51,0.0,2026-10-02T01:01:04.695736+02:00
295882577,de:11000:900049202:1:51,0.0,2026-10-02T01:01:04.695736+02:00
295882577,de:11000:900066101:1:51,-0.3,2026-10-02T01:01:04.695736+02:00
295882577,de:11000:900066102:1:51,-0.2,2026-10-02T01:01:04.695736+02:00
295882577,de:11000:900062202:1:51,-0.2,2026-10-02T01:01:04.695736+02:00
295882577,de:11000:900063101:1:51,-0.2,2026-10-02T01:01:04.695736+02:00
295882577,de:11000:900060101:1:51,-0.9,2026-10-02T01:01:04.695736+02:00
295882577,de:11000:900054104:1:51,-0.9,2026-10-02T01:01:04.695736+02:00
295882577,de:11000:900057104:1:50,-0.4,2026-10-02T01:01:04.695736+02:00
295882577,de:11000:900057102:1:51,-0.1,2026-10-02T01:01:04.695736+02:00
295882577,de:11000:900012101:2:52,-0.9,2026-10-02T01:01:04.695736+02:00
295882577,de:11000:900100020:4:57,-0.3,2026-10-02T01:01:04.695736+02:00
295882577,de:11000:900100025:1:51,-0.4,2026-10-02T01:01:04.695736+02:00
295882577,de:11000:900100001:4:57,-0.1,2026-10-02T01:01:04.695736+02:00
295882577,de:11000:900100007:1:51,-0.2,2026-10-02T01:01:04.695736+02:00
295882577,de:11000:900007104:2:52,-0.2,2026-10-02T01:01:04.695736+02:00
295882577,de:11000:900008101:1:51,-0.9,2026-10-02T01:01:04.695736+02:00
295882577,de:11000:900007102:2:53,-0.6,2026-10-02T01:01:04.695736+02:00
295882577,de:11000:900110011:2:53,-0.9,2026-10-02T01:01:04.695736+02:00
295882577,de:11000:900085201:1:50,-0.9,2026-10-02T01:01:04.695736+02:00
295882577,de:11000:900084101:1:50,-0.7,2026-10-02T01:01:04.695736+02:00
295882577,de:11000:900096101:1:50,-0.8,2026-10-02T01:01:04.695736+02:00
295882577,de:11000:900094101:1:50,-0.1,2026-10-02T01:01:04.695736+02:00
295882577,de:11000:900093201:1:50,-0.4,2026-10-02T01:01:04.695736+02:00
295882577,de:11000:900092201:1:50,-0.2,2026-10-02T01:01:04.695736+02:00
295882573,de:11000:900053301:2:52,0.0,2026-10-02T01:01:04.695736+02:00
295882573,de:11000:900052201:1:51,0.0,2026-10-02T01:01:04.695736+02:00
295882573,de:11000:900050355:1:51,-0.3,2026-10-02T01:01:04.695736+02:00
295882573,de:11000:900050301:1:51,-0.4,2026-10-02T01:01:04.695736+02:00
295882573,de:11000:900049201:1:51,0.0,2026-10-02T01:01:04.695736+02:00
295882573,de:11000:900049202:1:51,0.0,2026-10-02T01:01:04.695736+02:00
295882573,de:11000:900066101:1:51,-0.3,2026-10-02T01:01:04.695736+02:00
295882573,de:11000:900066102:1:51,-0.2,2026-10-02T01:01:04.695736+02:00
295882573,de:11000:900062202:1:51,-0.2,2026-10-02T01:01:04.695736+02:00
295882573,de:11000:900063101:1:51,-0.2,2026-10-02T01:01:04.695736+02:00
295882573,de:11000:900060101:1:51,-0.9,2026-10-02T01:01:04.695736+02:00
295882573,de:11000:900054104:1:51,-0.9,2026-10-02T01:01:04.695736+02:00
295882573,de:11000:900057104:1:50,-0.4,2026-10-02T01:01:04.695736+02:00
295882573,de:11000:900057102:1:51,-0.1,2026-10-02T01:01:04.695736+02:00
295882573,de:11000:900012101:2:52,-0.9,2026-10-02T01:01:04.695736+02:00
295882573,de:11000:900100020:4:57,-0.3,2026-10-02T01:01:04.695736+02:00
295882573,de:11000:900100025:1:51,-0.4,2026-10-02T01:01:04.695736+02:00
295882573,de:11000:900100001:4:57,-0.1,2026-10-02T01:01:04.695736+02:00
295882573,de:11000:900100007:1:51,-0.2,2026-10-02T01:01:04.695736+02:00
295882573,de:11000:900007104:2:52,-0.2,2026-10-02T01:01:04.695736+02:00
295882573,de:11000:900008101:1:51,-0.9,2026-10-02T01:01:04.695736+02:00
295882573,de:11000:900007102:2:53,-0.6,2026-10-02T01:01:04.695736+02:00
295882573,de:11000:900110011:2:53,-0.9,2026-10-02T01:01:04.695736+02:00
295882573,de:11000:900085201:1:50,-0.9,2026-10-02T01:01:04.695736+02:00
295882573,de:11000:900084101:1:50,-0.7,2026-10-02T01:01:04.695736+02:00
295882573,de:11000:900096101:1:50,-0.8,2026-10-02T01:01:04.695736+02:00
295882573,de:11000:900094101:1:50,-0.1,2026-10-02T01:01:04.695736+02:00
295882573,de:11000:900093201:1:50,-0.4,2026-10-02T01:01:04.695736+02:00
295882573,de:11000:900092201:1:50,-0.2,2026-10-02T01:01:04.695736+02:00
306895305,de:12067:900311129::3,0.0,2026-10-02T01:01:04.695736+02:00
306895305,de:12067:900310755::2,0.0,2026-10-02T01:01:04.695736+02:00
306895305,de:12067:900310728::2,0.0,2026-10-02T01:01:04.695736+02:00
306895305,de:12067:900310727::2,0.0,2026-10-02T01:01:04.695736+02:00
306895305,de:12067:900310942::1,0.0,2026-10-02T01:01:04.695736+02:00
306895305,de:12067:900310716::1,0.0,2026-10-02T01:01:04.695736+02:00
306895305,de:12067:900310984::2,0.0,2026-10-02T01:01:04.695736+02:00
306895305,de:12067:900310987::1,0.0,2026-10-02T01:01:04.695736+02:00
306895305,de:12067:900311062::1,0.0,2026-10-02T01:01:04.695736+02:00
306895305,de:12067:900311063::2,0.0,2026-10-02T01:01:04.695736+02:00
306895305,de:12067:900311065::1,0.0,2026-10-02T01:01:04.695736+02:00
306895305,de:12067:900310826::1,0.0,2026-10-02T01:01:04.695736+02:00
306895305,de:12067:900310906::1,0.0,2026-10-02T01:01:04.695736+02:00
306895305,de:12067:900310905::1,0.0,2026-10-02T01:01:04.695736+02:00
306895305,de:12067:900310907::1,0.0,2026-10-02T01:01:04.695736+02:00
306895305,de:12067:900310907::2,0.0,2026-10-02T01:01:04.695736+02:00
306895305,de:12067:900310744::1,0.0,2026-10-02T01:01:04.695736+02:00
306895305,de:12067:900311003::2,0.0,2026-10-02T01:01:04.695736+02:00
306895305,de:12067:900310625::1,0.0,2026-10-02T01:01:04.695736+02:00
306895305,de:12067:900311068::1,0.0,2026-10-02T01:01:04.695736+02:00
306895305,de:12067:900310934::1,0.0,2026-10-02T01:01:04.695736+02:00
306895305,de:12061:900261734::2,0.0,2026-10-02T01:01:04.695736+02:00
306895305,de:12061:900261208::1,0.0,2026-10-02T01:01:04.695736+02:00
306895305,de:12061:900261207::1,0.0,2026-10-02T01:01:04.695736+02:00
306895305,de:12061:900261210::1,0.0,2026-10-02T01:01:04.695736+02:00
306896078,de:12067:900310558::2,0.0,2026-10-02T01:01:04.695736+02:00
306896078,de:12067:900310559::2,0.0,2026-10-02T01:01:04.695736+02:00
306896078,de:12067:900310563::4,0.0,2026-10-02T01:01:04.695736+02:00
306896078,de:12067:900310013::2,0.0,2026-10-02T01:01:04.695736+02:00
306896078,de:12067:900310572::1,0.0,2026-10-02T01:01:04.695736+02:00
306896078,de:11000:900310550::1,0.0,2026-10-02T01:01:04.695736+02:00
306896078,de:12067:900310534::1,0.0,2026-10-02T01:01:04.695736+02:00
306896078,de:12067:900310580::1,0.0,2026-10-02T01:01:04.695736+02:00
306896078,de:12067:900311095::1,0.0,2026-10-02T01:01:04.695736+02:00
306896078,de:12067:900311097::1,0.0,2026-10-02T01:01:04.695736+02:00
306896078,de:12067:900311096::2,0.0,2026-10-02T01:01:04.695736+02:00
306896078,de:12067:900310516::3,0.0,2026-10-02T01:01:04.695736+02:00
306896078,de:12067:900311014::1,0.0,2026-10-02T01:01:04.695736+02:00
306896078,de:12067:900311012::1,0.0,2026-10-02T01:01:04.695736+02:00
306896078,de:12067:900310574::1,0.0,2026-10-02T01:01:04.695736+02:00
306896078,de:12067:900310529::1,0.0,2026-10-02T01:01:04.695736+02:00
306896078,de:12067:900310503::1,0.0,2026-10-02T01:01:04.695736+02:00
306896078,de:12067:900310502::1,0.0,2026-10-02T01:01:04.695736+02:00
306896078,de:12067:900310014::1,0.0,2026-10-02T01:01:04.695736+02:00
306896078,de:12067:900310511::1,0.0,2026-10-02T01:01:04.695736+02:00
306896078,de:12067:900310501::1,0.0,2026-10-02T01:01:04.695736+02:00
306896078,de:12067:900310500::2,0.0,2026-10-02T01:01:04.695736+02:00
306896078,de:12067:900310021::2,0.0,2026-10-02T01:01:04.695736+02:00
306896077,de:12067:900310558::2,0.0,2026-10-02T01:01:04.695736+02:00
306896077,de:12067:900310559::2,0.0,2026-10-02T01:01:04.695736+02:00
306896077,de:12067:900310563::4,0.0,2026-10-02T01:01:04.695736+02:00
306896077,de:12067:900310013::2,0.0,2026-10-02T01:01:04.695736+02:00
306896077,de:12067:900310572::1,0.0,2026-10-02T01:01:04.695736+02:00
306896077,de:11000:900310550::1,0.0,2026-10-02T01:01:04.695736+02:00
306896077,de:12067:900310534::1,0.0,2026-10-02T01:01:04.695736+02:00
306896077,de:12067:900310580::1,0.0,2026-10-02T01:01:04.695736+02:00
306896077,de:12067:900311095::1,0.0,2026-10-02T01:01:04.695736+02:00
306896077,de:12067:900311097::1,0.0,2026-10-02T01:01:04.695736+02:00
306896077,de:12067:900311096::2,0.0,2026-10-02T01:01:04.695736+02:00
306896077,de:12067:900310516::3,0.0,2026-10-02T01:01:04.695736+02:00
306896077,de:12067:900311014::1,0.0,2026-10-02T01:01:04.695736+02:00
306896077,de:12067:900311012::1,0.0,2026-10-02T01:01:04.695736+02:00
306896077,de:12067:900310574::1,0.0,2026-10-02T01:01:04.695736+02:00
306896077,de:12067:900310529::1,0.0,2026-10-02T01:01:04.695736+02:00
306896077,de:12067:900310503::1,0.0,2026-10-02T01:01:04.695736+02:00
306896077,de:12067:900310502::1,0.0,2026-10-02T01:01:04.695736+02:00
306896077,de:12067:900310014::1,0.0,2026-10-02T01:01:04.695736+02:00
306896077,de:12067:900310511::1,0.0,2026-10-02T01:01:04.695736+02:00
306896077,de:12067:900310501::1,0.0,2026-10-02T01:01:04.695736+02:00
306896077,de:12067:900310500::2,0.0,2026-10-02T01:01:04.695736+02:00
306896077,de:12067:900310021::2,0.0,2026-10-02T01:01:04.695736+02:00
306896293,de:12067:900310013::3,0.0,2026-10-02T01:01:04.695736+02:00
306896293,de:12067:900310563::3,0.0,2026-10-02T01:01:04.695736+02:00
306896293,de:12067:900310559::1,0.0,2026-10-02T01:01:04.695736+02:00
306896293,de:12067:900310558::1,0.0,2026-10-02T01:01:04.695736+02:00
306896293,de:12067:900310556::1,0.0,2026-10-02T01:01:04.695736+02:00
306896293,de:12067:900310621::1,0.0,2026-10-02T01:01:04.695736+02:00
306896293,de:12067:900310568::1,0.0,2026-10-02T01:01:04.695736+02:00
306896293,de:12067:900310955::1,0.0,2026-10-02T01:01:04.695736+02:00
306896293,de:12067:900310950::1,0.0,2026-10-02T01:01:04.695736+02:00
306896293,de:12061:900260165::2,0.0,2026-10-02T01:01:04.695736+02:00
306896293,de:12061:900260169::3,0.0,2026-10-02T01:01:04.695736+02:00
306896293,de:12061:900260166::2,0.0,2026-10-02T01:01:04.695736+02:00
306896293,de:12061:900260171::2,0.0,2026-10-02T01:01:04.695736+02:00
306896293,de:12061:900260168::2,0.0,2026-10-02T01:01:04.695736+02:00
306896293,de:12061:900260167::2,0.0,2026-10-02T01:01:04.695736+02:00
306896293,de:12061:900260170::2,0.0,2026-10-02T01:01:04.695736+02:00
306896293,de:12061:900261050::1,0.0,2026-10-02T01:01:04.695736+02:00
306896293,de:12061:900261051::2,0.0,2026-10-02T01:01:04.695736+02:00
306896293,de:12061:900261048::2,0.0,2026-10-02T01:01:04.695736+02:00
306896293,de:12061:900261047::2,0.0,2026-10-02T01:01:04.695736+02:00
306896293,de:12061:900260889::2,0.0,2026-10-02T01:01:04.695736+02:00
306896293,de:12061:900260888::2,0.0,2026-10-02T01:01:04.695736+02:00
306896293,de:12061:900260886::2,0.0,2026-10-02T01:01:04.695736+02:00
306896293,de:12061:900260887::2,0.0,2026-10-02T01:01:04.695736+02:00
306896293,de:12061:900260890::2,0.0,2026-10-02T01:01:04.695736+02:00
306896293,de:12061:900260798::2,0.0,2026-10-02T01:01:04.695736+02:00
306896293,de:12061:900260001::8,0.0,2026-10-02T01:01:04.695736+02:00
306896282,de:12067:900310013::3,0.0,2026-10-02T01:01:04.695736+02:00
306896282,de:12067:900310563::3,0.0,2026-10-02T01:01:04.695736+02:00
306896282,de:12067:900310559::1,0.0,2026-10-02T01:01:04.695736+02:00
306896282,de:12067:900310558::1,0.0,2026-10-02T01:01:04.695736+02:00
306896282,de:12067:900310556::1,0.0,2026-10-02T01:01:04.695736+02:00
306896282,de:12067:900310621::1,0.0,2026-10-02T01:01:04.695736+02:00
306896282,de:12067:900310568::1,0.0,2026-10-02T01:01:04.695736+02:00
306896282,de:12067:900310955::1,0.0,2026-10-02T01:01:04.695736+02:00
306896282,de:12067:900310950::1,0.0,2026-10-02T01:01:04.695736+02:00
306896282,de:12061:900260165::2,0.0,2026-10-02T01:01:04.695736+02:00
306896282,de:12061:900260169::3,0.0,2026-10-02T01:01:04.695736+02:00
306896282,de:12061:900260166::2,0.0,2026-10-02T01:01:04.695736+02:00
306896282,de:12061:900260171::2,0.0,2026-10-02T01:01:04.695736+02:00
306896282,de:12061:900260168::2,0.0,2026-10-02T01:01:04.695736+02:00
306896282,de:12061:900260167::2,0.0,2026-10-02T01:01:04.695736+02:00
306896282,de:12061:900260170::2,0.0,2026-10-02T01:01:04.695736+02:00
306896282,de:12061:900261050::1,0.0,2026-10-02T01:01:04.695736+02:00
306896282,de:12061:900261051::2,0.0,2026-10-02T01:01:04.695736+02:00
306896282,de:12061:900261048::2,0.0,2026-10-02T01:01:04.695736+02:00
306896282,de:12061:900261047::2,0.0,2026-10-02T01:01:04.695736+02:00
306896282,de:12061:900260889::2,0.0,2026-10-02T01:01:04.695736+02:00
306896282,de:12061:900260888::2,0.0,2026-10-02T01:01:04.695736+02:00
306896282,de:12061:900260886::2,0.0,2026-10-02T01:01:04.695736+02:00
306896282,de:12061:900260887::2,0.0,2026-10-02T01:01:04.695736+02:00
306896282,de:12061:900260890::2,0.0,2026-10-02T01:01:04.695736+02:00
306896282,de:12061:900260798::2,0.0,2026-10-02T01:01:04.695736+02:00
306896282,de:12061:900260001::8,0.0,2026-10-02T01:01:04.695736+02:00
295882516,de:11000:900092201:1:51,0.0,2026-10-02T01:01:04.695736+02:00
295882516,de:11000:900093201:1:51,-0.4,2026-10-02T01:01:04.695736+02:00
295882516,de:11000:900094101:1:51,-0.8,2026-10-02T01:01:04.695736+02:00
295882516,de:11000:900096101:1:51,-0.1,2026-10-02T01:01:04.695736+02:00
295882516,de:11000:900084101:1:51,-0.2,2026-10-02T01:01:04.695736+02:00
295882516,de:11000:900085201:1:51,-0.8,2026-10-02T01:01:04.695736+02:00
295882516,de:11000:900130003:1:51,-0.8,2026-10-02T01:01:04.695736+02:00
295882516,de:11000:900110011:1:50,-0.9,2026-10-02T01:01:04.695736+02:00
295882516,de:11000:900007102:1:50,-0.9,2026-10-02T01:01:04.695736+02:00
295882516,de:11000:900008101:1:50,0.0,2026-10-02T01:01:04.695736+02:00
295882516,de:11000:900007104:1:51,-0.7,2026-10-02T01:01:04.695736+02:00
295882516,de:11000:900100007:1:50,-0.7,2026-10-02T01:01:04.695736+02:00
295882516,de:11000:900100001:4:56,-0.5,2026-10-02T01:01:04.695736+02:00
295882516,de:11000:900100025:1:50,-0.4,2026-10-02T01:01:04.695736+02:00
295882516,de:11000:900100020:3:54,-0.4,2026-10-02T01:01:04.695736+02:00
295882516,de:11000:900012101:1:51,-0.5,2026-10-02T01:01:04.695736+02:00
295882516,de:11000:900057102:1:50,-0.7,2026-10-02T01:01:04.695736+02:00
295882516,de:11000:900057104:2:51,-0.4,2026-10-02T01:01:04.695736+02:00
295882516,de:11000:900054104:1:50,-0.3,2026-10-02T01:01:04.695736+02:00
295882516,de:11000:900060101:1:50,-0.3,2026-10-02T01:01:04.695736+02:00
295882516,de:11000:900063101:1:50,-0.1,2026-10-02T01:01:04.695736+02:00
295882516,de:11000:900062202:1:50,-0.1,2026-10-02T01:01:04.695736+02:00
295882516,de:11000:900066102:1:50,-0.2,2026-10-02T01:01:04.695736+02:00
295882516,de:11000:900066101:1:50,-0.1,2026-10-02T01:01:04.695736+02:00
295882516,de:11000:900049202:1:50,-0.3,2026-10-02T01:01:04.695736+02:00
295882516,de:11000:900049201:1:50,-0.4,2026-10-02T01:01:04.695736+02:00
295882516,de:11000:900050301:1:50,0.0,2026-10-02T01:01:04.695736+02:00
295882516,de:11000:900050355:1:50,-0.1,2026-10-02T01:01:04.695736+02:00
295882516,de:11000:900052201:1:50,-0.5,2026-10-02T01:01:04.695736+02:00
295882516,de:11000:900053301:1:51,-0.9,2026-10-02T01:01:04.695736+02:00
295882476,de:11000:900092201:1:51,0.0,2026-10-02T01:01:04.695736+02:00
295882476,de:11000:900093201:1:51,-0.4,2026-10-02T01:01:04.695736+02:00
295882476,de:11000:900094101:1:51,-0.8,2026-10-02T01:01:04.695736+02:00
295882476,de:11000:900096101:1:51,-0.1,2026-10-02T01:01:04.695736+02:00
295882476,de:11000:900084101:1:51,-0.2,2026-10-02T01:01:04.695736+02:00
295882476,de:11000:900085201:1:51,-0.8,2026-10-02T01:01:04.695736+02:00
295882476,de:11000:900130003:1:51,-0.8,2026-10-02T01:01:04.695736+02:00
295882476,de:11000:900110011:1:50,-0.9,2026-10-02T01:01:04.695736+02:00
295882476,de:11000:900007102:1:50,-0.9,2026-10-02T01:01:04.695736+02:00
295882476,de:11000:900008101:1:50,0.0,2026-10-02T01:01:04.695736+02:00
295882476,de:11000:900007104:1:51,-0.7,2026-10-02T01:01:04.695736+02:00
295882476,de:11000:900100007:1:50,-0.7,2026-10-02T01:01:04.695736+02:00
295882476,de:11000:900100001:4:56,-0.5,2026-10-02T01:01:04.695736+02:00
295882476,de:11000:900100025:1:50,-0.4,2026-10-02T01:01:04.695736+02:00
295882476,de:11000:900100020:3:54,-0.4,2026-10-02T01:01:04.695736+02:00
295882476,de:11000:900012101:1:51,-0.5,2026-10-02T01:01:04.695736+02:00
295882476,de:11000:900057102:1:50,-0.7,2026-10-02T01:01:04.695736+02:00
295882476,de:11000:900057104:2:51,-0.4,2026-10-02T01:01:04.695736+02:00
295882476,de:11000:900054104:1:50,-0.3,2026-10-02T01:01:04.695736+02:00
295882476,de:11000:900060101:1:50,-0.3,2026-10-02T01:01:04.695736+02:00
295882476,de:11000:900063101:1:50,-0.1,2026-10-02T01:01:04.695736+02:00
295882476,de:11000:900062202:1:50,-0.1,2026-10-02T01:01:04.695736+02:00
295882476,de:11000:900066102:1:50,-0.2,2026-10-02T01:01:04.695736+02:00
295882476,de:11000:900066101:1:50,-0.1,2026-10-02T01:01:04.695736+02:00
295882476,de:11000:900049202:1:50,-0.3,2026-10-02T01:01:04.695736+02:00
295882476,de:11000:900049201:1:50,-0.4,2026-10-02T01:01:04.695736+02:00
306897257,de:12067:900311308::5,0.0,2026-10-02T01:01:04.695736+02:00
306897257,de:12067:900311380::1,0.0,2026-10-02T01:01:04.695736+02:00
306897257,de:12067:900311348::1,0.0,2026-10-02T01:01:04.695736+02:00
306897257,de:12067:900311315::1,0.0,2026-10-02T01:01:04.695736+02:00
306897257,de:12067:900311383::5,0.0,2026-10-02T01:01:04.695736+02:00
306897257,de:12067:900311312::1,0.0,2026-10-02T01:01:04.695736+02:00
306897257,de:12067:900311311::1,0.0,2026-10-02T01:01:04.695736+02:00
306897257,de:12067:900311356::1,0.0,2026-10-02T01:01:04.695736+02:00
306897257,de:12067:900311325::1,0.0,2026-10-02T01:01:04.695736+02:00
306897257,de:12067:900311306::1,0.0,2026-10-02T01:01:04.695736+02:00
306897257,de:12067:900311531::1,0.0,2026-10-02T01:01:04.695736+02:00
306897257,de:12067:900311530::1,0.0,2026-10-02T01:01:04.695736+02:00
306897257,de:12067:900311542::2,0.0,2026-10-02T01:01:04.695736+02:00
306897257,de:12067:900311543::1,0.0,2026-10-02T01:01:04.695736+02:00
306897257,de:12067:900311401::1,0.0,2026-10-02T01:01:04.695736+02:00
306897257,de:12067:900311560::1,0.0,2026-10-02T01:01:04.695736+02:00
306897257,de:12067:900311442::1,0.0,2026-10-02T01:01:04.695736+02:00
306897257,de:12067:900311477::1,0.0,2026-10-02T01:01:04.695736+02:00
306897257,de:12067:900311478::1,0.0,2026-10-02T01:01:04.695736+02:00
306897257,de:12067:900311490::1,0.0,2026-10-02T01:01:04.695736+02:00
306897257,de:12067:900311482::3,0.0,2026-10-02T01:01:04.695736+02:00
306896130,de:12067:900310953::2,0.0,2026-10-02T01:01:04.695736+02:00
306896130,de:12067:900310954::2,0.0,2026-10-02T01:01:04.695736+02:00
306896130,de:12067:900310956::2,0.0,2026-10-02T01:01:04.695736+02:00
306896130,de:12067:900310951::2,0.0,2026-10-02T01:01:04.695736+02:00
306896130,de:12067:900310949::2,0.0,2026-10-02T01:01:04.695736+02:00
306896130,de:12067:900310955::2,0.0,2026-10-02T01:01:04.695736+02:00
306896130,de:12067:900310568::2,0.0,2026-10-02T01:01:04.695736+02:00
306896130,de:12067:900310556::2,0.0,2026-10-02T01:01:04.695736+02:00
306896130,de:12067:900310558::4,0.0,2026-10-02T01:01:04.695736+02:00
306896130,de:12067:900310559::2,0.0,2026-10-02T01:01:04.695736+02:00
306896130,de:12067:900310563::4,0.0,2026-10-02T01:01:04.695736+02:00
306896130,de:12067:900310013::7,0.0,2026-10-02T01:01:04.695736+02:00
306896158,de:12067:900310838::1,0.0,2026-10-02T01:01:04.695736+02:00
306896158,de:12067:900310836::2,0.0,2026-10-02T01:01:04.695736+02:00
306896158,de:12067:900310015::1,0.0,2026-10-02T01:01:04.695736+02:00
306896158,de:12067:900310025::2,0.0,2026-10-02T01:01:04.695736+02:00
306896158,de:12067:900310952::2,0.0,2026-10-02T01:01:04.695736+02:00
306896158,de:12067:900310949::2,0.0,2026-10-02T01:01:04.695736+02:00
306896158,de:12067:900310955::2,0.0,2026-10-02T01:01:04.695736+02:00
306896158,de:12067:900310568::2,0.0,2026-10-02T01:01:04.695736+02:00
306896158,de:12067:900310556::2,0.0,2026-10-02T01:01:04.695736+02:00
306896158,de:12067:900310558::4,0.0,2026-10-02T01:01:04.695736+02:00
306896158,de:12067:900310559::2,0.0,2026-10-02T01:01:04.695736+02:00
306896158,de:12067:900310563::4,0.0,2026-10-02T01:01:04.695736+02:00
306896158,de:12067:900310013::7,0.0,2026-10-02T01:01:04.695736+02:00
306896145,de:12067:900310015::1,0.0,2026-10-02T01:01:04.695736+02:00
306896145,de:12067:900310025::2,0.0,2026-10-02T01:01:04.695736+02:00
306896145,de:12067:900310952::2,0.0,2026-10-02T01:01:04.695736+02:00
306896145,de:12067:900310949::2,0.0,2026-10-02T01:01:04.695736+02:00
306896145,de:12067:900310955::2,0.0,2026-10-02T01:01:04.695736+02:00
306896145,de:12067:900310568::2,0.0,2026-10-02T01:01:04.695736+02:00
306896145,de:12067:900310556::2,0.0,2026-10-02T01:01:04.695736+02:00
306896145,de:12067:900310558::4,0.0,2026-10-02T01:01:04.695736+02:00
306896145,de:12067:900310559::2,0.0,2026-10-02T01:01:04.695736+02:00
306896145,de:12067:900310563::4,0.0,2026-10-02T01:01:04.695736+02:00
306896145,de:12067:900310013::7,0.0,2026-10-02T01:01:04.695736+02:00
306896838,de:12067:900310001::4,0.0,2026-10-02T01:01:04.695736+02:00
306896838,de:12067:900310696::1,0.0,2026-10-02T01:01:04.695736+02:00
306896838,de:12067:900310788::1,0.0,2026-10-02T01:01:04.695736+02:00
306896838,de:12067:900310936::1,0.0,2026-10-02T01:01:04.695736+02:00
306896838,de:12067:900311125::1,0.0,2026-10-02T01:01:04.695736+02:00
306896838,de:12067:900310860::1,0.0,2026-10-02T01:01:04.695736+02:00
306896838,de:12067:900311157::1,0.0,2026-10-02T01:01:04.695736+02:00
306896838,de:12067:900310864::1,0.0,2026-10-02T01:01:04.695736+02:00
306896838,de:12067:900310861::1,0.0,2026-10-02T01:01:04.695736+02:00
306896838,de:12067:900310002::3,0.0,2026-10-02T01:01:04.695736+02:00
306896838,de:12067:900310895::1,0.0,2026-10-02T01:01:04.695736+02:00
306896838,de:12067:900310896::1,0.0,2026-10-02T01:01:04.695736+02:00
306896838,de:12067:900310897::1,0.0,2026-10-02T01:01:04.695736+02:00
306896838,de:12067:900310894::1,0.0,2026-10-02T01:01:04.695736+02:00
306896838,de:12064:900320888::4,0.0,2026-10-02T01:01:04.695736+02:00
306896838,de:12064:900320886::1,0.0,2026-10-02T01:01:04.695736+02:00
306896838,de:12064:900320284::1,0.0,2026-10-02T01:01:04.695736+02:00
306896838,de:12064:900320278::1,0.0,2026-10-02T01:01:04.695736+02:00
306896838,de:12064:900320274::1,0.0,2026-10-02T01:01:04.695736+02:00
307432325,de:12054:900230003:4:53,0.0,2026-10-02T01:01:04.695736+02:00
307432325,de:12054:900230999:1:51,0.0,2026-10-02T01:01:04.695736+02:00
307432325,de:12054:900230006:1:50,0.0,2026-10-02T01:01:04.695736+02:00
307432325,de:12054:900230007:1:50,0.0,2026-10-02T01:01:04.695736+02:00
307432325,de:12054:900220010:1:50,0.0,2026-10-02T01:01:04.695736+02:00
307432325,de:12054:900230002:1:52,0.0,2026-10-02T01:01:04.695736+02:00
307432325,de:12069:900220002:1:50,0.0,2026-10-02T01:01:04.695736+02:00
307432325,de:12072:900245836:1:50,0.0,2026-10-02T01:01:04.695736+02:00
307432325,de:12061:900260009:2:54,0.0,2026-10-02T01:01:04.695736+02:00
307432216,de:12054:900230999:1:50,0.0,2026-10-02T01:01:04.695736+02:00
307432216,de:12054:900230006:1:50,0.0,2026-10-02T01:01:04.695736+02:00
307432216,de:12054:900230007:1:50,0.0,2026-10-02T01:01:04.695736+02:00
307432216,de:12054:900220010:1:50,0.0,2026-10-02T01:01:04.695736+02:00
307432216,de:12054:900230002:1:52,0.0,2026-10-02T01:01:04.695736+02:00
307432216,de:12069:900220002:1:50,0.0,2026-10-02T01:01:04.695736+02:00
307432216,de:12072:900245836:1:50,0.0,2026-10-02T01:01:04.695736+02:00
307432216,de:12061:900260009:2:54,0.0,2026-10-02T01:01:04.695736+02:00
307432216,de:12061:900260001:1:50,0.0,2026-10-02T01:01:04.695736+02:00
307433593,de:12072:900245029:2:52,0.0,2026-10-02T01:01:04.695736+02:00
307433593,de:12072:900245030:2:51,0.0,2026-10-02T01:01:04.695736+02:00
307433593,de:12061:900260009:2:54,0.0,2026-10-02T01:01:04.695736+02:00
307433593,de:11000:900192001:1:51,0.0,2026-10-02T01:01:04.695736+02:00
307433593,de:11000:900120003:4:57,0.0,2026-10-02T01:01:04.695736+02:00
307433593,de:11000:900160004:4:56,0.0,2026-10-02T01:01:04.695736+02:00
307433593,de:11000:900152001:2:52,0.0,2026-10-02T01:01:04.695736+02:00
307433593,de:12065:900200005:2:1,0.0,2026-10-02T01:01:04.695736+02:00
307433841,de:12065:900200005:2:1,0.0,2026-10-02T01:01:04.695736+02:00
307433841,de:11000:900152001:3:53,0.0,2026-10-02T01:01:04.695736+02:00
307433841,de:11000:900160004:4:56,0.0,2026-10-02T01:01:04.695736+02:00
307433841,de:11000:900120003:4:56,0.0,2026-10-02T01:01:04.695736+02:00
307433841,de:11000:900192001:1:50,0.0,2026-10-02T01:01:04.695736+02:00
307433841,de:12061:900260009:2:54,0.0,2026-10-02T01:01:04.695736+02:00
307433841,de:12072:900245030:2:51,0.0,2026-10-02T01:01:04.695736+02:00
307433841,de:12072:900245029:2:52,0.0,2026-10-02T01:01:04.695736+02:00
307433570,de:12072:900245029:2:52,0.0,2026-10-02T01:01:04.695736+02:00
307433570,de:12072:900245030:2:51,0.0,2026-10-02T01:01:04.695736+02:00
307433570,de:12061:900260009:1:51,0.0,2026-10-02T01:01:04.695736+02:00
307433570,de:11000:900192001:1:51,0.0,2026-10-02T01:01:04.695736+02:00
307433570,de:11000:900120003:4:57,0.0,2026-10-02T01:01:04.695736+02:00
307433570,de:11000:900160004:4:56,0.0,2026-10-02T01:01:04.695736+02:00
307439733,de:14625:8000,0.0,2026-10-02T01:01:04.695736+02:00
307439733,de:14625:8144:1:Gleis1,0.0,2026-10-02T01:01:04.695736+02:00
307439733,de:14625:6810,0.0,2026-10-02T01:01:04.695736+02:00
307439733,de:12066:900435314:2:52,0.0,2026-10-02T01:01:04.695736+02:00
307439733,de:12066:900435061:2:52,0.0,2026-10-02T01:01:04.695736+02:00
307439733,de:12066:900435801:1:50,0.0,2026-10-02T01:01:04.695736+02:00
307439733,de:14627:5440,0.0,2026-10-02T01:01:04.695736+02:00
307439733,de:14627:5021,0.0,2026-10-02T01:01:04.695736+02:00
307439733,de:14627:5100,0.0,2026-10-02T01:01:04.695736+02:00
307439733,de:14627:4401,0.0,2026-10-02T01:01:04.695736+02:00
307439733,de:14627:4180,0.0,2026-10-02T01:01:04.695736+02:00
307439733,de:14612:16,0.0,2026-10-02T01:01:04.695736+02:00
306896639,de:12067:900310611::1,0.0,2026-10-02T01:01:04.695736+02:00
306896639,de:12067:900311058::2,0.0,2026-10-02T01:01:04.695736+02:00
306896639,de:12067:900311110::4,0.0,2026-10-02T01:01:04.695736+02:00
306896639,de:12067:900311059::2,0.0,2026-10-02T01:01:04.695736+02:00
306896639,de:12067:900311069::1,0.0,2026-10-02T01:01:04.695736+02:00
306896639,de:12067:900311118::1,0.0,2026-10-02T01:01:04.695736+02:00
306896639,de:12067:900310966::1,0.0,2026-10-02T01:01:04.695736+02:00
306896639,de:12067:900310997::1,0.0,2026-10-02T01:01:04.695736+02:00
306896639,de:12067:900310998::1,0.0,2026-10-02T01:01:04.695736+02:00
306896639,de:12067:900310997::2,0.0,2026-10-02T01:01:04.695736+02:00
306896639,de:12067:900310966::2,0.0,2026-10-02T01:01:04.695736+02:00
306896639,de:12067:900311118::2,0.0,2026-10-02T01:01:04.695736+02:00
306896639,de:12067:900310904::2,0.0,2026-10-02T01:01:04.695736+02:00
306896639,de:12067:900310991::2,0.0,2026-10-02T01:01:04.695736+02:00
306896639,de:12067:900310990::1,0.0,2026-10-02T01:01:04.695736+02:00
306896639,de:12067:900310989::2,0.0,2026-10-02T01:01:04.695736+02:00
306896639,de:12067:900310992::2,-0.5,2026-10-02T01:01:04.695736+02:00
306896639,de:12067:900310995::1,0.0,2026-10-02T01:01:04.695736+02:00
306896639,de:12067:900310779::2,0.0,2026-10-02T01:01:04.695736+02:00
306896639,de:12067:900310808::2,0.0,2026-10-02T01:01:04.695736+02:00
306896639,de:12067:900310822::2,0.0,2026-10-02T01:01:04.695736+02:00
306896639,de:12067:900310781::2,0.0,2026-10-02T01:01:04.695736+02:00
306896639,de:12067:900310627::2,0.0,2026-10-02T01:01:04.695736+02:00
306896639,de:12067:900310816::2,0.0,2026-10-02T01:01:04.695736+02:00
306896639,de:12067:900310022::1,0.0,2026-10-02T01:01:04.695736+02:00
306896639,de:12067:900310001::11,0.0,2026-10-02T01:01:04.695736+02:00
306896632,de:12067:900310611::1,0.0,2026-10-02T01:01:04.695736+02:00
306896632,de:12067:900311058::2,0.0,2026-10-02T01:01:04.695736+02:00
306896632,de:12067:900311110::4,0.0,2026-10-02T01:01:04.695736+02:00
306896632,de:12067:900311059::2,0.0,2026-10-02T01:01:04.695736+02:00
306896632,de:12067:900311069::1,0.0,2026-10-02T01:01:04.695736+02:00
306896632,de:12067:900311118::1,0.0,2026-10-02T01:01:04.695736+02:00
306896632,de:12067:900310966::1,0.0,2026-10-02T01:01:04.695736+02:00
306896632,de:12067:900310997::1,0.0,2026-10-02T01:01:04.695736+02:00
306896632,de:12067:900310998::1,0.0,2026-10-02T01:01:04.695736+02:00
306896632,de:12067:900310997::2,0.0,2026-10-02T01:01:04.695736+02:00
306896632,de:12067:900310966::2,0.0,2026-10-02T01:01:04.695736+02:00
306896632,de:12067:900311118::2,0.0,2026-10-02T01:01:04.695736+02:00
306896632,de:12067:900310904::2,0.0,2026-10-02T01:01:04.695736+02:00
306896632,de:12067:900310991::2,0.0,2026-10-02T01:01:04.695736+02:00
306896632,de:12067:900310990::1,0.0,2026-10-02T01:01:04.695736+02:00
306896632,de:12067:900310989::2,0.0,2026-10-02T01:01:04.695736+02:00
306896632,de:12067:900310992::2,-0.5,2026-10-02T01:01:04.695736+02:00
306896632,de:12067:900310995::1,0.0,2026-10-02T01:01:04.695736+02:00
306896632,de:12067:900310779::2,0.0,2026-10-02T01:01:04.695736+02:00
306896632,de:12067:900310808::2,0.0,2026-10-02T01:01:04.695736+02:00
306896632,de:12067:900310822::2,0.0,2026-10-02T01:01:04.695736+02:00
306896632,de:12067:900310781::2,0.0,2026-10-02T01:01:04.695736+02:00
306896632,de:12067:900310627::2,0.0,2026-10-02T01:01:04.695736+02:00
306896632,de:12067:900310816::2,0.0,2026-10-02T01:01:04.695736+02:00
306896632,de:12067:900310022::1,0.0,2026-10-02T01:01:04.695736+02:00
306896632,de:12067:900310001::11,0.0,2026-10-02T01:01:04.695736+02:00
307437776,de:12052:900470000:1:50,0.0,2026-10-02T01:01:04.695736+02:00
307437776,de:12071:900445986:2:51,0.0,2026-10-02T01:01:04.695736+02:00
307437776,de:12071:900445360:1:50,0.0,2026-10-02T01:01:04.695736+02:00
307437776,de:12066:900435347:1:50,0.0,2026-10-02T01:01:04.695736+02:00
307437776,de:12066:900435800:1:50,0.0,2026-10-02T01:01:04.695736+02:00
307437776,de:12066:900435001:2:52,0.0,2026-10-02T01:01:04.695736+02:00
307437776,de:12066:900435000:1:50,0.0,2026-10-02T01:01:04.695736+02:00
307437776,de:12066:900435802:2:51,0.0,2026-10-02T01:01:04.695736+02:00
307437776,de:12066:900435061:3:54,0.0,2026-10-02T01:01:04.695736+02:00
307437776,de:12066:900435203:2:51,0.0,2026-10-02T01:01:04.695736+02:00
307437776,de:12062:900416008:1:50,0.0,2026-10-02T01:01:04.695736+02:00
307437776,de:12062:900415167:1:50,0.0,2026-10-02T01:01:04.695736+02:00
307437776,de:12062:900415240:1:50,0.0,2026-10-02T01:01:04.695736+02:00
307437776,de:12062:900415345:2:52,0.0,2026-10-02T01:01:04.695736+02:00
307440225,de:12065:900203452:1:51,0.0,2026-10-02T01:01:04.695736+02:00
307440225,de:12065:900204001:1:50,0.0,2026-10-02T01:01:04.695736+02:00
307440225,de:12065:900203671:1:50,0.0,2026-10-02T01:01:04.695736+02:00
307440225,de:12065:900204003:1:50,0.0,2026-10-02T01:01:04.695736+02:00
307440225,de:12065:900200004:1:51,0.0,2026-10-02T01:01:04.695736+02:00
307440225,de:12065:900200000:1:51,0.0,2026-10-02T01:01:04.695736+02:00
306895830,de:12067:900311115::2,0.0,2026-10-02T01:01:04.695736+02:00
306895830,de:12067:900310773::2,0.0,2026-10-02T01:01:04.695736+02:00
306895830,de:12067:900310797::2,0.0,2026-10-02T01:01:04.695736+02:00
306895830,de:12067:900310789::2,0.0,2026-10-02T01:01:04.695736+02:00
306895830,de:12067:900310781::2,0.0,2026-10-02T01:01:04.695736+02:00
306895830,de:12067:900311155::1,0.0,2026-10-02T01:01:04.695736+02:00
306895830,de:12067:900311149::2,0.0,2026-10-02T01:01:04.695736+02:00
306895830,de:12067:900310001::11,0.0,2026-10-02T01:01:04.695736+02:00
306897115,de:12067:900311308::5,0.0,2026-10-02T01:01:04.695736+02:00
306897115,de:12067:900311335::1,0.0,2026-10-02T01:01:04.695736+02:00
306897115,de:12067:900311339::1,0.0,2026-10-02T01:01:04.695736+02:00
306897115,de:12067:900311301::1,0.0,2026-10-02T01:01:04.695736+02:00
306897115,de:12067:900311373::1,0.0,2026-10-02T01:01:04.695736+02:00
306897115,de:12067:900311370::1,0.0,2026-10-02T01:01:04.695736+02:00
306897115,de:12067:900311590::1,0.0,2026-10-02T01:01:04.695736+02:00
306897115,de:12067:900311592::1,0.0,2026-10-02T01:01:04.695736+02:00
306897115,de:12067:900311634::1,0.0,2026-10-02T01:01:04.695736+02:00
306897115,de:12067:900311633::1,0.0,2026-10-02T01:01:04.695736+02:00
306897115,de:12067:900311635::1,0.0,2026-10-02T01:01:04.695736+02:00
306897115,de:12067:900311220::1,0.0,2026-10-02T01:01:04.695736+02:00
306897115,de:12067:900311445::1,0.0,2026-10-02T01:01:04.695736+02:00
306897115,de:12067:900311444::1,0.0,2026-10-02T01:01:04.695736+02:00
306897115,de:12067:900311446::1,0.0,2026-10-02T01:01:04.695736+02:00
306897115,de:12067:900311623::1,0.0,2026-10-02T01:01:04.695736+02:00
306897115,de:12067:900311621::1,0.0,2026-10-02T01:01:04.695736+02:00
306897127,de:12067:900311129::2,0.0,2026-10-02T01:01:04.695736+02:00
306897127,de:12067:900310755::2,0.0,2026-10-02T01:01:04.695736+02:00
306897127,de:12067:900310728::4,0.0,2026-10-02T01:01:04.695736+02:00
306897127,de:12067:900310727::4,0.0,2026-10-02T01:01:04.695736+02:00
306897127,de:12067:900310755::1,0.0,2026-10-02T01:01:04.695736+02:00
306897127,de:12067:900310738::1,0.0,2026-10-02T01:01:04.695736+02:00
306897127,de:12067:900310725::1,0.0,2026-10-02T01:01:04.695736+02:00
306897127,de:12067:900310909::1,0.0,2026-10-02T01:01:04.695736+02:00
306897127,de:12067:900310609::1,0.0,2026-10-02T01:01:04.695736+02:00
306897127,de:12067:900311000::1,0.0,2026-10-02T01:01:04.695736+02:00
306897127,de:12067:900310839::1,-0.5,2026-10-02T01:01:04.695736+02:00
306897127,de:12067:900310898::1,0.0,2026-10-02T01:01:04.695736+02:00
306897127,de:12067:900311073::1,-0.5,2026-10-02T01:01:04.695736+02:00
306897127,de:12067:900310859::1,-0.5,2026-10-02T01:01:04.695736+02:00
306897127,de:12067:900310926::1,-0.5,2026-10-02T01:01:04.695736+02:00
306897127,de:12067:900310765::1,-0.5,2026-10-02T01:01:04.695736+02:00
307437514,de:12062:900415345:4:55,0.0,2026-10-02T01:01:04.695736+02:00
307437514,de:12062:900415467:2:51,0.0,2026-10-02T01:01:04.695736+02:00
307437514,de:12062:900415357:1:50,0.0,2026-10-02T01:01:04.695736+02:00
307437514,de:12062:900415466:1:50,0.0,2026-10-02T01:01:04.695736+02:00
307437514,de:12062:900415112:4:53,0.0,2026-10-02T01:01:04.695736+02:00
307437514,de:12062:900415005:1:50,0.0,2026-10-02T01:01:04.695736+02:00
307437514,de:12066:900435527:2:51,0.0,2026-10-02T01:01:04.695736+02:00
307437514,de:12066:900435459:2:51,0.0,2026-10-02T01:01:04.695736+02:00
307437514,de:12071:900445885:2:51,0.0,2026-10-02T01:01:04.695736+02:00
307437514,de:12052:900470000:3:54,0.0,2026-10-02T01:01:04.695736+02:00
306896215,de:12067:900310013::5,0.0,2026-10-02T01:01:04.695736+02:00
306896215,de:12067:900310563::3,0.0,2026-10-02T01:01:04.695736+02:00
306896215,de:12067:900310563::4,0.0,2026-10-02T01:01:04.695736+02:00
306896215,de:12067:900310557::3,0.0,2026-10-02T01:01:04.695736+02:00
306896215,de:12067:900310555::1,0.0,2026-10-02T01:01:04.695736+02:00
306896215,de:12067:900311114::1,0.0,2026-10-02T01:01:04.695736+02:00
306896215,de:12067:900311023::1,0.0,2026-10-02T01:01:04.695736+02:00
306896215,de:12067:900311024::1,-0.5,2026-10-02T01:01:04.695736+02:00
306896215,de:12067:900311025::1,0.0,2026-10-02T01:01:04.695736+02:00
306896215,de:12067:900310636::1,0.0,2026-10-02T01:01:04.695736+02:00
306896215,de:12067:900310635::1,0.0,2026-10-02T01:01:04.695736+02:00
306896215,de:12067:900311022::1,0.0,2026-10-02T01:01:04.695736+02:00
306896215,de:12067:900311021::1,0.0,2026-10-02T01:01:04.695736+02:00
306896215,de:12067:900310964::1,0.0,2026-10-02T01:01:04.695736+02:00
306896215,de:12067:900310868::1,0.0,2026-10-02T01:01:04.695736+02:00
306896215,de:12067:900310867::2,0.0,2026-10-02T01:01:04.695736+02:00
306896215,de:12067:900311036::2,0.0,2026-10-02T01:01:04.695736+02:00
306896215,de:12067:900311052::1,0.0,2026-10-02T01:01:04.695736+02:00
306896215,de:12067:900311034::1,0.0,2026-10-02T01:01:04.695736+02:00
306896215,de:12067:900311039::1,0.0,2026-10-02T01:01:04.695736+02:00
295893078,de:12072:900245027:2:52,0.0,2026-10-02T01:01:04.695736+02:00
295893078,de:12072:900245028:1:50,-0.9,2026-10-02T01:01:04.695736+02:00
295893078,de:11000:900074201:1:50,-0.9,2026-10-02T01:01:04.695736+02:00
295893078,de:11000:900074202:2:51,-0.1,2026-10-02T01:01:04.695736+02:00
295893078,de:11000:900072101:2:51,-0.1,2026-10-02T01:01:04.695736+02:00
295893078,de:11000:900073101:1:51,-0.4,2026-10-02T01:01:04.695736+02:00
295893078,de:11000:900068301:1:51,-0.7,2026-10-02T01:01:04.695736+02:00
295893078,de:11000:900058102:2:51,-0.7,2026-10-02T01:01:04.695736+02:00
295893078,de:11000:900058101:1:51,-0.3,2026-10-02T01:01:04.695736+02:00
295893078,de:11000:900058103:1:51,-0.1,2026-10-02T01:01:04.695736+02:00
295893078,de:11000:900012101:2:53,-0.7,2026-10-02T01:01:04.695736+02:00
295893078,de:11000:900100020:4:57,-0.8,2026-10-02T01:01:04.695736+02:00
295893078,de:11000:900100025:1:51,-0.9,2026-10-02T01:01:04.695736+02:00
295893078,de:11000:900100001:4:57,-0.6,2026-10-02T01:01:04.695736+02:00
295893078,de:11000:900100007:1:51,-0.7,2026-10-02T01:01:04.695736+02:00
295893078,de:11000:900007104:2:52,-0.7,2026-10-02T01:01:04.695736+02:00
295893078,de:11000:900008101:1:51,-0.4,2026-10-02T01:01:04.695736+02:00
295893078,de:11000:900007102:2:53,-0.1,2026-10-02T01:01:04.695736+02:00
295893078,de:11000:900110011:2:52,-0.4,2026-10-02T01:01:04.695736+02:00
295893078,de:11000:900130002:1:50,-0.7,2026-10-02T01:01:04.695736+02:00
295893078,de:11000:900130001:1:50,-0.4,2026-10-02T01:01:04.695736+02:00
295893078,de:11000:900142001:1:50,-0.9,2026-10-02T01:01:04.695736+02:00
295893078,de:11000:900143001:1:51,-0.7,2026-10-02T01:01:04.695736+02:00
295893078,de:11000:900135001:1:50,-0.4,2026-10-02T01:01:04.695736+02:00
295893078,de:12060:900350162:1:50,0.0,2026-10-02T01:01:04.695736+02:00
295893078,de:12060:900350163:1:51,-0.4,2026-10-02T01:01:04.695736+02:00
295893078,de:12060:900350161:1:50,-0.7,2026-10-02T01:01:04.695736+02:00
295893078,de:12060:900350160:1:51,-0.4,2026-10-02T01:01:04.695736+02:00
295893070,de:12072:900245027:2:52,0.0,2026-10-02T01:01:04.695736+02:00
295893070,de:12072:900245028:1:50,-0.9,2026-10-02T01:01:04.695736+02:00
295893070,de:11000:900074201:1:50,-0.9,2026-10-02T01:01:04.695736+02:00
295893070,de:11000:900074202:2:51,-0.1,2026-10-02T01:01:04.695736+02:00
295893070,de:11000:900072101:2:51,-0.1,2026-10-02T01:01:04.695736+02:00
295893070,de:11000:900073101:1:51,-0.4,2026-10-02T01:01:04.695736+02:00
295893070,de:11000:900068301:1:51,-0.7,2026-10-02T01:01:04.695736+02:00
295893070,de:11000:900058102:2:51,-0.7,2026-10-02T01:01:04.695736+02:00
295893070,de:11000:900058101:1:51,-0.3,2026-10-02T01:01:04.695736+02:00
295893070,de:11000:900058103:1:51,-0.1,2026-10-02T01:01:04.695736+02:00
295893070,de:11000:900012101:2:53,-0.7,2026-10-02T01:01:04.695736+02:00
295893070,de:11000:900100020:4:57,-0.8,2026-10-02T01:01:04.695736+02:00
295893070,de:11000:900100025:1:51,-0.9,2026-10-02T01:01:04.695736+02:00
295893070,de:11000:900100001:4:57,-0.6,2026-10-02T01:01:04.695736+02:00
295893070,de:11000:900100007:1:51,-0.7,2026-10-02T01:01:04.695736+02:00
295893070,de:11000:900007104:2:52,-0.7,2026-10-02T01:01:04.695736+02:00
295893070,de:11000:900008101:1:51,-0.4,2026-10-02T01:01:04.695736+02:00
295893070,de:11000:900007102:2:53,-0.1,2026-10-02T01:01:04.695736+02:00
295893070,de:11000:900110011:2:52,-0.4,2026-10-02T01:01:04.695736+02:00
295893070,de:11000:900130002:1:50,-0.7,2026-10-02T01:01:04.695736+02:00
295893070,de:11000:900130001:1:50,-0.4,2026-10-02T01:01:04.695736+02:00
295893070,de:11000:900142001:1:50,-0.9,2026-10-02T01:01:04.695736+02:00
295893070,de:11000:900143001:1:51,-0.7,2026-10-02T01:01:04.695736+02:00
295893070,de:11000:900135001:1:50,-0.4,2026-10-02T01:01:04.695736+02:00
295893070,de:12060:900350162:1:50,0.0,2026-10-02T01:01:04.695736+02:00
295893070,de:12060:900350163:1:51,-0.4,2026-10-02T01:01:04.695736+02:00
295893070,de:12060:900350161:1:50,-0.7,2026-10-02T01:01:04.695736+02:00
295893070,de:12060:900350160:1:51,-0.4,2026-10-02T01:01:04.695736+02:00
295900249,de:12065:900200000:1:55,0.0,2026-10-02T01:01:04.695736+02:00
295900249,de:11000:900091203:1:50,0.0,2026-10-02T01:01:04.695736+02:00
295900249,de:11000:900091205:1:50,-0.2,2026-10-02T01:01:04.695736+02:00
295900249,de:11000:900089303:1:51,-0.5,2026-10-02T01:01:04.695736+02:00
295900249,de:11000:900096405:1:50,-0.8,2026-10-02T01:01:04.695736+02:00
295900249,de:11000:900096458:1:50,-0.5,2026-10-02T01:01:04.695736+02:00
295900249,de:11000:900085105:1:50,-0.8,2026-10-02T01:01:04.695736+02:00
295900249,de:11000:900085201:1:51,0.0,2026-10-02T01:01:04.695736+02:00
295900249,de:11000:900130003:1:51,-0.8,2026-10-02T01:01:04.695736+02:00
295900249,de:11000:900110011:1:50,-0.9,2026-10-02T01:01:04.695736+02:00
295900249,de:11000:900007102:1:50,-0.7,2026-10-02T01:01:04.695736+02:00
295900249,de:11000:900008101:1:50,-0.4,2026-10-02T01:01:04.695736+02:00
295900249,de:11000:900007104:1:51,-0.2,2026-10-02T01:01:04.695736+02:00
295900249,de:11000:900100007:1:50,-0.2,2026-10-02T01:01:04.695736+02:00
295900249,de:11000:900100001:4:56,0.0,2026-10-02T01:01:04.695736+02:00
295900249,de:11000:900100025:1:50,-0.9,2026-10-02T01:01:04.695736+02:00
295900249,de:11000:900100020:3:54,-0.9,2026-10-02T01:01:04.695736+02:00
295900249,de:11000:900012101:1:51,0.0,2026-10-02T01:01:04.695736+02:00
295900249,de:11000:900058103:1:50,-0.7,2026-10-02T01:01:04.695736+02:00
295900249,de:11000:900058101:1:50,-0.3,2026-10-02T01:01:04.695736+02:00
295900249,de:11000:900058102:1:52,0.0,2026-10-02T01:01:04.695736+02:00
295900249,de:11000:900063452:1:50,-0.1,2026-10-02T01:01:04.695736+02:00
295900249,de:11000:900067221:1:50,-0.2,2026-10-02T01:01:04.695736+02:00
295900249,de:11000:900064301:3:52,-0.2,2026-10-02T01:01:04.695736+02:00
295900249,de:11000:900064256:1:50,-0.7,2026-10-02T01:01:04.695736+02:00
295900249,de:11000:900064201:1:50,-0.6,2026-10-02T01:01:04.695736+02:00
295900249,de:12069:900220114:1:51,-0.9,2026-10-02T01:01:04.695736+02:00
295900275,de:12065:900200000:4:54,0.0,2026-10-02T01:01:04.695736+02:00
295900275,de:11000:900091203:1:50,0.0,2026-10-02T01:01:04.695736+02:00
295900275,de:11000:900091205:1:50,-0.2,2026-10-02T01:01:04.695736+02:00
295900275,de:11000:900089303:1:51,-0.5,2026-10-02T01:01:04.695736+02:00
295900275,de:11000:900096405:1:50,-0.8,2026-10-02T01:01:04.695736+02:00
295900275,de:11000:900096458:1:50,-0.5,2026-10-02T01:01:04.695736+02:00
295900275,de:11000:900085105:1:50,-0.8,2026-10-02T01:01:04.695736+02:00
295900275,de:11000:900085201:1:51,0.0,2026-10-02T01:01:04.695736+02:00
295900275,de:11000:900130003:1:51,-0.8,2026-10-02T01:01:04.695736+02:00
295900275,de:11000:900110011:1:50,-0.9,2026-10-02T01:01:04.695736+02:00
295900275,de:11000:900007102:1:50,-0.7,2026-10-02T01:01:04.695736+02:00
295900275,de:11000:900008101:1:50,-0.4,2026-10-02T01:01:04.695736+02:00
295900275,de:11000:900007104:1:51,-0.2,2026-10-02T01:01:04.695736+02:00
295900275,de:11000:900100007:1:50,-0.2,2026-10-02T01:01:04.695736+02:00
295900275,de:11000:900100001:4:56,0.0,2026-10-02T01:01:04.695736+02:00
295900275,de:11000:900100025:1:50,-0.9,2026-10-02T01:01:04.695736+02:00
295900275,de:11000:900100020:3:54,-0.9,2026-10-02T01:01:04.695736+02:00
295900275,de:11000:900012101:1:51,0.0,2026-10-02T01:01:04.695736+02:00
295900275,de:11000:900058103:1:50,-0.7,2026-10-02T01:01:04.695736+02:00
295900275,de:11000:900058101:1:50,-0.3,2026-10-02T01:01:04.695736+02:00
295900275,de:11000:900058102:1:52,0.0,2026-10-02T01:01:04.695736+02:00
295900275,de:11000:900063452:1:50,-0.1,2026-10-02T01:01:04.695736+02:00
295900275,de:11000:900067221:1:50,-0.2,2026-10-02T01:01:04.695736+02:00
295900275,de:11000:900064301:3:52,-0.2,2026-10-02T01:01:04.695736+02:00
295900275,de:11000:900064256:1:50,-0.7,2026-10-02T01:01:04.695736+02:00
295900275,de:11000:900064201:1:50,-0.6,2026-10-02T01:01:04.695736+02:00
295900275,de:12069:900220114:1:51,-0.9,2026-10-02T01:01:04.695736+02:00
295900336,de:12069:900220114:1:51,0.0,2026-10-02T01:01:04.695736+02:00
295900336,de:11000:900064201:1:51,-0.1,2026-10-02T01:01:04.695736+02:00
295900336,de:11000:900064256:1:51,0.0,2026-10-02T01:01:04.695736+02:00
295900336,de:11000:900064301:3:53,-0.3,2026-10-02T01:01:04.695736+02:00
295900336,de:11000:900067221:1:50,-0.3,2026-10-02T01:01:04.695736+02:00
295900336,de:11000:900063452:1:51,-0.4,2026-10-02T01:01:04.695736+02:00
295900336,de:11000:900058102:2:53,-0.5,2026-10-02T01:01:04.695736+02:00
295900336,de:11000:900058101:1:51,-0.3,2026-10-02T01:01:04.695736+02:00
295900336,de:11000:900058103:1:51,0.0,2026-10-02T01:01:04.695736+02:00
295900336,de:11000:900012101:2:53,-0.7,2026-10-02T01:01:04.695736+02:00
295900336,de:11000:900100020:4:57,-0.8,2026-10-02T01:01:04.695736+02:00
295900336,de:11000:900100025:1:51,-0.9,2026-10-02T01:01:04.695736+02:00
295900336,de:11000:900100001:4:57,-0.6,2026-10-02T01:01:04.695736+02:00
295900336,de:11000:900100007:1:51,-0.7,2026-10-02T01:01:04.695736+02:00
295900336,de:11000:900007104:2:52,-0.7,2026-10-02T01:01:04.695736+02:00
295900336,de:11000:900008101:1:51,-0.4,2026-10-02T01:01:04.695736+02:00
295900336,de:11000:900007102:2:53,-0.2,2026-10-02T01:01:04.695736+02:00
295900336,de:11000:900110011:2:53,-0.4,2026-10-02T01:01:04.695736+02:00
295900336,de:11000:900085201:1:50,-0.8,2026-10-02T01:01:04.695736+02:00
295900336,de:11000:900085105:1:50,-0.8,2026-10-02T01:01:04.695736+02:00
295900336,de:11000:900096458:1:50,-0.1,2026-10-02T01:01:04.695736+02:00
295900336,de:11000:900096405:1:50,-0.8,2026-10-02T01:01:04.695736+02:00
295900336,de:11000:900089303:1:50,-0.7,2026-10-02T01:01:04.695736+02:00
295900336,de:11000:900091205:1:50,-0.3,2026-10-02T01:01:04.695736+02:00
295900336,de:11000:900091203:1:50,-0.5,2026-10-02T01:01:04.695736+02:00
295900336,de:12065:900200000:1:55,-0.7,2026-10-02T01:01:04.695736+02:00
295900335,de:12069:900220114:1:51,0.0,2026-10-02T01:01:04.695736+02:00
295900335,de:11000:900064201:1:51,-0.1,2026-10-02T01:01:04.695736+02:00
295900335,de:11000:900064256:1:51,0.0,2026-10-02T01:01:04.695736+02:00
295900335,de:11000:900064301:3:53,-0.3,2026-10-02T01:01:04.695736+02:00
295900335,de:11000:900067221:1:50,-0.3,2026-10-02T01:01:04.695736+02:00
295900335,de:11000:900063452:1:51,-0.4,2026-10-02T01:01:04.695736+02:00
295900335,de:11000:900058102:2:53,-0.5,2026-10-02T01:01:04.695736+02:00
295900335,de:11000:900058101:1:51,-0.3,2026-10-02T01:01:04.695736+02:00
295900335,de:11000:900058103:1:51,0.0,2026-10-02T01:01:04.695736+02:00
295900335,de:11000:900012101:2:53,-0.7,2026-10-02T01:01:04.695736+02:00
295900335,de:11000:900100020:4:57,-0.8,2026-10-02T01:01:04.695736+02:00
295900335,de:11000:900100025:1:51,-0.9,2026-10-02T01:01:04.695736+02:00
295900335,de:11000:900100001:4:57,-0.6,2026-10-02T01:01:04.695736+02:00
295900335,de:11000:900100007:1:51,-0.7,2026-10-02T01:01:04.695736+02:00
295900335,de:11000:900007104:2:52,-0.7,2026-10-02T01:01:04.695736+02:00
295900335,de:11000:900008101:1:51,-0.4,2026-10-02T01:01:04.695736+02:00
295900335,de:11000:900007102:2:53,-0.2,2026-10-02T01:01:04.695736+02:00
295900335,de:11000:900110011:2:53,-0.4,2026-10-02T01:01:04.695736+02:00
295900335,de:11000:900085201:1:50,-0.8,2026-10-02T01:01:04.695736+02:00
295900335,de:11000:900085105:1:50,-0.8,2026-10-02T01:01:04.695736+02:00
295900335,de:11000:900096458:1:50,-0.1,2026-10-02T01:01:04.695736+02:00
295900335,de:11000:900096405:1:50,-0.8,2026-10-02T01:01:04.695736+02:00
295900335,de:11000:900089303:1:50,-0.7,2026-10-02T01:01:04.695736+02:00
295900335,de:11000:900091205:1:50,-0.3,2026-10-02T01:01:04.695736+02:00
295900335,de:11000:900091203:1:50,-0.5,2026-10-02T01:01:04.695736+02:00
295900335,de:12065:900200000:1:55,-0.7,2026-10-02T01:01:04.695736+02:00
295896068,de:11000:900135001:1:50,0.0,2026-10-02T01:01:04.695736+02:00
295896068,de:11000:900143001:1:51,-0.8,2026-10-02T01:01:04.695736+02:00
295896068,de:11000:900142001:1:51,-0.3,2026-10-02T01:01:04.695736+02:00
295896068,de:11000:900130001:1:51,-0.8,2026-10-02T01:01:04.695736+02:00
295896068,de:11000:900130002:1:51,-0.3,2026-10-02T01:01:04.695736+02:00
295896068,de:11000:900110011:1:51,-0.7,2026-10-02T01:01:04.695736+02:00
295896068,de:11000:900007102:1:50,-0.7,2026-10-02T01:01:04.695736+02:00
295896068,de:11000:900008101:1:50,-0.5,2026-10-02T01:01:04.695736+02:00
295896068,de:11000:900007104:1:51,-0.2,2026-10-02T01:01:04.695736+02:00
295896068,de:11000:900100007:1:50,-0.2,2026-10-02T01:01:04.695736+02:00
295896068,de:11000:900100001:4:56,0.0,2026-10-02T01:01:04.695736+02:00
295896068,de:11000:900100025:1:50,-0.9,2026-10-02T01:01:04.695736+02:00
295896068,de:11000:900100020:3:54,-0.9,2026-10-02T01:01:04.695736+02:00
295896068,de:11000:900012101:1:51,0.0,2026-10-02T01:01:04.695736+02:00
295896068,de:11000:900058103:1:50,-0.8,2026-10-02T01:01:04.695736+02:00
295896068,de:11000:900058101:1:50,-0.4,2026-10-02T01:01:04.695736+02:00
295896068,de:11000:900058102:1:50,-0.4,2026-10-02T01:01:04.695736+02:00
295896068,de:11000:900068301:1:50,-0.7,2026-10-02T01:01:04.695736+02:00
295896068,de:11000:900073101:1:50,-0.9,2026-10-02T01:01:04.695736+02:00
295896068,de:11000:900072101:1:50,-0.2,2026-10-02T01:01:04.695736+02:00
295896068,de:11000:900074202:1:50,-0.2,2026-10-02T01:01:04.695736+02:00
295896068,de:11000:900074201:1:50,-0.4,2026-10-02T01:01:04.695736+02:00
295896064,de:11000:900135001:1:50,0.0,2026-10-02T01:01:04.695736+02:00
295896064,de:11000:900143001:1:51,-0.8,2026-10-02T01:01:04.695736+02:00
295896064,de:11000:900142001:1:51,-0.3,2026-10-02T01:01:04.695736+02:00
295896064,de:11000:900130001:1:51,-0.8,2026-10-02T01:01:04.695736+02:00
295896064,de:11000:900130002:1:51,-0.3,2026-10-02T01:01:04.695736+02:00
295896064,de:11000:900110011:1:51,-0.7,2026-10-02T01:01:04.695736+02:00
295896064,de:11000:900007102:1:50,-0.7,2026-10-02T01:01:04.695736+02:00
295896064,de:11000:900008101:1:50,-0.5,2026-10-02T01:01:04.695736+02:00
295896064,de:11000:900007104:1:51,-0.2,2026-10-02T01:01:04.695736+02:00
295896064,de:11000:900100007:1:50,-0.2,2026-10-02T01:01:04.695736+02:00
295896064,de:11000:900100001:4:56,0.0,2026-10-02T01:01:04.695736+02:00
295896064,de:11000:900100025:1:50,-0.9,2026-10-02T01:01:04.695736+02:00
295896064,de:11000:900100020:3:54,-0.9,2026-10-02T01:01:04.695736+02:00
295896064,de:11000:900012101:1:51,0.0,2026-10-02T01:01:04.695736+02:00
295896064,de:11000:900058103:1:50,-0.8,2026-10-02T01:01:04.695736+02:00
295896064,de:11000:900058101:1:50,-0.4,2026-10-02T01:01:04.695736+02:00
295896064,de:11000:900058102:1:50,-0.4,2026-10-02T01:01:04.695736+02:00
295896064,de:11000:900068301:1:50,-0.7,2026-10-02T01:01:04.695736+02:00
295896064,de:11000:900073101:1:50,-0.9,2026-10-02T01:01:04.695736+02:00
295896064,de:11000:900072101:1:50,-0.2,2026-10-02T01:01:04.695736+02:00
295896064,de:11000:900074202:1:50,-0.2,2026-10-02T01:01:04.695736+02:00
295896064,de:11000:900074201:1:50,-0.4,2026-10-02T01:01:04.695736+02:00
295903160,de:12069:900220114:1:50,0.0,2026-10-02T01:01:04.695736+02:00
295903160,de:11000:900064201:1:51,-0.1,2026-10-02T01:01:04.695736+02:00
295903160,de:11000:900064256:1:51,0.0,2026-10-02T01:01:04.695736+02:00
295903160,de:11000:900064301:3:53,-0.3,2026-10-02T01:01:04.695736+02:00
295903160,de:11000:900067221:1:50,-0.3,2026-10-02T01:01:04.695736+02:00
295903160,de:11000:900063452:1:51,-0.4,2026-10-02T01:01:04.695736+02:00
295903160,de:11000:900058102:2:53,-0.5,2026-10-02T01:01:04.695736+02:00
295903160,de:11000:900058101:1:51,-0.3,2026-10-02T01:01:04.695736+02:00
295903160,de:11000:900058103:1:51,0.0,2026-10-02T01:01:04.695736+02:00
295903160,de:11000:900012101:2:53,-0.7,2026-10-02T01:01:04.695736+02:00
295903160,de:11000:900100020:4:57,-0.8,2026-10-02T01:01:04.695736+02:00
295903160,de:11000:900100025:1:51,-0.9,2026-10-02T01:01:04.695736+02:00
295903160,de:11000:900100001:4:57,-0.6,2026-10-02T01:01:04.695736+02:00
295903160,de:11000:900100007:1:51,-0.7,2026-10-02T01:01:04.695736+02:00
295903160,de:11000:900007104:2:52,-0.7,2026-10-02T01:01:04.695736+02:00
295903160,de:11000:900008101:1:51,-0.4,2026-10-02T01:01:04.695736+02:00
295903160,de:11000:900007102:2:53,-0.2,2026-10-02T01:01:04.695736+02:00
295903160,de:11000:900110011:2:52,-0.4,2026-10-02T01:01:04.695736+02:00
295903160,de:11000:900130002:1:50,0.0,2026-10-02T01:01:04.695736+02:00
295903160,de:11000:900130001:1:50,-0.7,2026-10-02T01:01:04.695736+02:00
295903160,de:11000:900142001:1:50,-0.2,2026-10-02T01:01:04.695736+02:00
295907159,de:12067:900310004:3:53,0.0,2026-10-02T01:01:04.695736+02:00
295907159,de:11000:900183002:1:50,-0.1,2026-10-02T01:01:04.695736+02:00
295907159,de:11000:900183001:1:50,-0.4,2026-10-02T01:01:04.695736+02:00
295907159,de:11000:900182002:1:50,0.0,2026-10-02T01:01:04.695736+02:00
295907159,de:11000:900182001:1:50,-0.2,2026-10-02T01:01:04.695736+02:00
295907159,de:11000:900180001:1:50,-0.7,2026-10-02T01:01:04.695736+02:00
295907159,de:11000:900180002:1:50,-0.7,2026-10-02T01:01:04.695736+02:00
295907159,de:11000:900162001:1:50,-0.9,2026-10-02T01:01:04.695736+02:00
295907159,de:11000:900160002:1:50,0.0,2026-10-02T01:01:04.695736+02:00
295907159,de:11000:900160001:1:50,-0.3,2026-10-02T01:01:04.695736+02:00
295907159,de:11000:900120003:3:55,-0.1,2026-10-02T01:01:04.695736+02:00
295907159,de:11000:900120004:2:53,-0.6,2026-10-02T01:01:04.695736+02:00
295907159,de:11000:900120005:5:58,-0.9,2026-10-02T01:01:04.695736+02:00
295907159,de:11000:900100004:1:51,-0.4,2026-10-02T01:01:04.695736+02:00
295907159,de:11000:900100003:2:53,-0.4,2026-10-02T01:01:04.695736+02:00
295907159,de:11000:900100002:1:51,-0.4,2026-10-02T01:01:04.695736+02:00
295907159,de:11000:900100001:3:55,-0.4,2026-10-02T01:01:04.695736+02:00
295907159,de:11000:900003201:3:55,-0.1,2026-10-02T01:01:04.695736+02:00
295907159,de:11000:900003102:1:51,-0.8,2026-10-02T01:01:04.695736+02:00
295907159,de:11000:900003103:1:51,-0.9,2026-10-02T01:01:04.695736+02:00
295907159,de:11000:900023201:3:55,-0.8,2026-10-02T01:01:04.695736+02:00
295907159,de:11000:900024203:1:51,-0.8,2026-10-02T01:01:04.695736+02:00
295907159,de:11000:900024101:4:57,-0.8,2026-10-02T01:01:04.695736+02:00
295907159,de:11000:900024102:1:50,-0.1,2026-10-02T01:01:04.695736+02:00
295907159,de:11000:900025423:1:50,-0.4,2026-10-02T01:01:04.695736+02:00
295907159,de:11000:900026105:1:50,-0.7,2026-10-02T01:01:04.695736+02:00
295907159,de:11000:900025321:1:50,-0.3,2026-10-02T01:01:04.695736+02:00
295907159,de:11000:900025424:1:50,-0.3,2026-10-02T01:01:04.695736+02:00
295907159,de:11000:900030202:1:50,-0.9,2026-10-02T01:01:04.695736+02:00
295907159,de:11000:900029101:1:50,-0.9,2026-10-02T01:01:04.695736+02:00
295906928,de:11000:900029101:1:50,0.0,2026-10-02T01:01:04.695736+02:00
295906928,de:11000:900030202:1:50,-0.3,2026-10-02T01:01:04.695736+02:00
295906928,de:11000:900025424:1:51,-0.2,2026-10-02T01:01:04.695736+02:00
295906928,de:11000:900025321:1:51,-0.2,2026-10-02T01:01:04.695736+02:00
295906928,de:11000:900026105:1:50,-0.4,2026-10-02T01:01:04.695736+02:00
295906928,de:11000:900025423:1:50,-0.7,2026-10-02T01:01:04.695736+02:00
295906928,de:11000:900024102:2:53,-0.7,2026-10-02T01:01:04.695736+02:00
295906928,de:11000:900024101:3:55,-0.3,2026-10-02T01:01:04.695736+02:00
295906928,de:11000:900024203:1:51,-0.8,2026-10-02T01:01:04.695736+02:00
295906928,de:11000:900023201:3:54,-0.7,2026-10-02T01:01:04.695736+02:00
295906928,de:11000:900003103:1:50,-0.8,2026-10-02T01:01:04.695736+02:00
295906928,de:11000:900003102:1:50,-0.9,2026-10-02T01:01:04.695736+02:00
295906928,de:11000:900003201:3:54,-0.5,2026-10-02T01:01:04.695736+02:00
295906928,de:11000:900100001:3:54,-0.1,2026-10-02T01:01:04.695736+02:00
295906928,de:11000:900100002:1:50,-0.4,2026-10-02T01:01:04.695736+02:00
295906928,de:11000:900100003:2:52,-0.1,2026-10-02T01:01:04.695736+02:00
295906928,de:11000:900100004:1:50,-0.4,2026-10-02T01:01:04.695736+02:00
295906928,de:11000:900120005:4:55,-0.6,2026-10-02T01:01:04.695736+02:00
295906928,de:11000:900120004:1:50,-0.1,2026-10-02T01:01:04.695736+02:00
295906928,de:11000:900120003:2:53,-0.4,2026-10-02T01:01:04.695736+02:00
295906928,de:11000:900160001:1:51,-0.4,2026-10-02T01:01:04.695736+02:00
295906928,de:11000:900160002:1:50,-0.7,2026-10-02T01:01:04.695736+02:00
295906928,de:11000:900162001:1:51,-0.3,2026-10-02T01:01:04.695736+02:00
295906928,de:11000:900180002:1:51,-0.3,2026-10-02T01:01:04.695736+02:00
295906928,de:11000:900180001:1:50,-0.7,2026-10-02T01:01:04.695736+02:00
295906928,de:11000:900182001:1:51,-0.2,2026-10-02T01:01:04.695736+02:00
295906928,de:11000:900182002:1:51,-0.4,2026-10-02T01:01:04.695736+02:00
295906928,de:11000:900183001:1:51,0.0,2026-10-02T01:01:04.695736+02:00
295906928,de:11000:900183002:1:51,-0.3,2026-10-02T01:01:04.695736+02:00
295906928,de:12067:900310004:3:53,-0.5,2026-10-02T01:01:04.695736+02:00
295910963,de:11000:900120005:4:56,0.0,2026-10-02T01:01:04.695736+02:00
295910963,de:11000:900120004:1:50,-0.9,2026-10-02T01:01:04.695736+02:00
295910963,de:11000:900120003:2:53,-0.1,2026-10-02T01:01:04.695736+02:00
295910963,de:11000:900160001:1:51,-0.9,2026-10-02T01:01:04.695736+02:00
295910963,de:11000:900160002:1:50,-0.2,2026-10-02T01:01:04.695736+02:00
295910963,de:11000:900162001:1:51,-0.3,2026-10-02T01:01:04.695736+02:00
295911028,de:11000:900162001:1:50,0.0,2026-10-02T01:01:04.695736+02:00
295911028,de:11000:900160002:1:50,-0.7,2026-10-02T01:01:04.695736+02:00
295911028,de:11000:900160001:1:50,0.0,2026-10-02T01:01:04.695736+02:00
295911028,de:11000:900120003:3:55,-0.7,2026-10-02T01:01:04.695736+02:00
295911028,de:11000:900120004:2:53,0.0,2026-10-02T01:01:04.695736+02:00
295911028,de:11000:900120005:4:56,-0.2,2026-10-02T01:01:04.695736+02:00
295910398,de:12067:900310004:3:53,0.0,2026-10-02T01:01:04.695736+02:00
295910398,de:11000:900183002:1:50,-0.1,2026-10-02T01:01:04.695736+02:00
295910398,de:11000:900183001:1:50,-0.4,2026-10-02T01:01:04.695736+02:00
295910398,de:11000:900182002:1:50,0.0,2026-10-02T01:01:04.695736+02:00
295910398,de:11000:900182001:1:50,-0.2,2026-10-02T01:01:04.695736+02:00
295910398,de:11000:900180001:1:50,-0.7,2026-10-02T01:01:04.695736+02:00
295910398,de:11000:900180002:1:50,-0.7,2026-10-02T01:01:04.695736+02:00
295910398,de:11000:900162001:1:50,-0.9,2026-10-02T01:01:04.695736+02:00
295910398,de:11000:900160002:1:50,0.0,2026-10-02T01:01:04.695736+02:00
295910398,de:11000:900160001:1:50,-0.3,2026-10-02T01:01:04.695736+02:00
295910398,de:11000:900120003:3:54,-0.1,2026-10-02T01:01:04.695736+02:00
295910398,de:11000:900120004:2:52,-0.6,2026-10-02T01:01:04.695736+02:00
295910398,de:11000:900120005:4:56,-0.9,2026-10-02T01:01:04.695736+02:00
307437139,de:12069:900220143:1:50,0.0,2026-10-02T01:01:04.695736+02:00
307437139,de:12069:900220142:2:51,0.0,2026-10-02T01:01:04.695736+02:00
307437139,de:12069:900220141:2:51,0.0,2026-10-02T01:01:04.695736+02:00
307437139,de:12069:900222030:2:51,0.0,2026-10-02T01:01:04.695736+02:00
307437139,de:12069:900220005:2:51,0.0,2026-10-02T01:01:04.695736+02:00
307437139,de:12069:900220004:2:51,0.0,2026-10-02T01:01:04.695736+02:00
307437139,de:12069:900220003:1:51,0.0,2026-10-02T01:01:04.695736+02:00
307437139,de:12069:900220006:2:51,0.0,2026-10-02T01:01:04.695736+02:00
307437139,de:12069:900220008:2:51,0.0,2026-10-02T01:01:04.695736+02:00
307437139,de:12054:900230001:2:51,0.0,2026-10-02T01:01:04.695736+02:00
307437139,de:11000:900053301:3:55,0.0,2026-10-02T01:01:04.695736+02:00
307437139,de:11000:900024101:2:52,0.0,2026-10-02T01:01:04.695736+02:00
306895391,de:12067:900311065::1,0.0,2026-10-02T01:01:04.695736+02:00
306895391,de:12067:900311064::2,0.0,2026-10-02T01:01:04.695736+02:00
306895391,de:12067:900310902::2,0.0,2026-10-02T01:01:04.695736+02:00
306895391,de:12067:900310942::2,0.0,2026-10-02T01:01:04.695736+02:00
306895391,de:12067:900310721::1,0.0,2026-10-02T01:01:04.695736+02:00
306895391,de:12067:900310755::2,0.0,2026-10-02T01:01:04.695736+02:00
306895391,de:12067:900310728::2,0.0,2026-10-02T01:01:04.695736+02:00
306895391,de:12067:900311129::6,0.0,2026-10-02T01:01:04.695736+02:00
306897118,de:12067:900311308::5,0.0,2026-10-02T01:01:04.695736+02:00
306897118,de:12067:900311335::1,0.0,2026-10-02T01:01:04.695736+02:00
306897118,de:12067:900311339::1,0.0,2026-10-02T01:01:04.695736+02:00
306897118,de:12067:900311301::1,0.0,2026-10-02T01:01:04.695736+02:00
306897118,de:12067:900311373::1,0.0,2026-10-02T01:01:04.695736+02:00
306897118,de:12067:900311370::1,0.0,2026-10-02T01:01:04.695736+02:00
306897118,de:12067:900311590::1,0.0,2026-10-02T01:01:04.695736+02:00
306897118,de:12067:900311592::1,0.0,2026-10-02T01:01:04.695736+02:00
306897118,de:12067:900311634::1,0.0,2026-10-02T01:01:04.695736+02:00
306897118,de:12067:900311632::1,0.0,2026-10-02T01:01:04.695736+02:00
306897118,de:12067:900311622::1,0.0,2026-10-02T01:01:04.695736+02:00
306897118,de:12067:900311624::1,0.0,2026-10-02T01:01:04.695736+02:00
306897118,de:12067:900311232::2,0.0,2026-10-02T01:01:04.695736+02:00
306897118,de:12067:900311236::1,0.0,2026-10-02T01:01:04.695736+02:00
306897118,de:12067:900311234::1,0.0,2026-10-02T01:01:04.695736+02:00
306897118,de:12067:900311238::1,0.0,2026-10-02T01:01:04.695736+02:00
306897118,de:12067:900311235::2,0.0,2026-10-02T01:01:04.695736+02:00
306897118,de:12053:900360092::2,0.0,2026-10-02T01:01:04.695736+02:00
306897118,de:12053:900360093::1,0.0,2026-10-02T01:01:04.695736+02:00
307436295,de:11000:900024101:1:51,0.0,2026-10-02T01:01:04.695736+02:00
307436295,de:11000:900053301:3:54,0.0,2026-10-02T01:01:04.695736+02:00
307436295,de:12054:900230001:1:50,0.0,2026-10-02T01:01:04.695736+02:00
307436295,de:12069:900220008:1:50,0.0,2026-10-02T01:01:04.695736+02:00
307436295,de:12069:900220006:1:50,0.0,2026-10-02T01:01:04.695736+02:00
307436295,de:12069:900220003:1:50,0.0,2026-10-02T01:01:04.695736+02:00
307436295,de:12069:900220004:1:50,0.0,2026-10-02T01:01:04.695736+02:00
307436295,de:12069:900220005:1:50,0.0,2026-10-02T01:01:04.695736+02:00
307436295,de:12069:900222030:1:50,0.0,2026-10-02T01:01:04.695736+02:00
307436295,de:12069:900220141:1:50,0.0,2026-10-02T01:01:04.695736+02:00
307436295,de:12069:900220142:1:50,0.0,2026-10-02T01:01:04.695736+02:00
307436295,de:12069:900220143:1:50,0.0,2026-10-02T01:01:04.695736+02:00
307437136,de:12069:900220143:1:50,0.0,2026-10-02T01:01:04.695736+02:00
307437136,de:12069:900220142:1:50,0.0,2026-10-02T01:01:04.695736+02:00
307437136,de:12069:900220141:1:50,0.0,2026-10-02T01:01:04.695736+02:00
307437136,de:12069:900222030:2:51,0.0,2026-10-02T01:01:04.695736+02:00
307437136,de:12069:900220005:2:51,0.0,2026-10-02T01:01:04.695736+02:00
307437136,de:12069:900220004:2:51,0.0,2026-10-02T01:01:04.695736+02:00
307437136,de:12069:900220003:1:51,0.0,2026-10-02T01:01:04.695736+02:00
307437136,de:12069:900220006:2:51,0.0,2026-10-02T01:01:04.695736+02:00
307437136,de:12069:900220008:2:51,0.0,2026-10-02T01:01:04.695736+02:00
307437136,de:12054:900230001:2:51,0.0,2026-10-02T01:01:04.695736+02:00
307437136,de:11000:900053301:3:55,0.0,2026-10-02T01:01:04.695736+02:00
307437136,de:11000:900024101:1:50,0.0,2026-10-02T01:01:04.695736+02:00
307437032,de:12069:900220143:1:50,0.0,2026-10-02T01:01:04.695736+02:00
307437032,de:12069:900220142:2:51,0.0,2026-10-02T01:01:04.695736+02:00
307437032,de:12069:900220141:2:51,0.0,2026-10-02T01:01:04.695736+02:00
307437032,de:12069:900222030:2:51,0.0,2026-10-02T01:01:04.695736+02:00
307437032,de:12069:900220005:2:51,0.0,2026-10-02T01:01:04.695736+02:00
307437032,de:12069:900220004:2:51,0.0,2026-10-02T01:01:04.695736+02:00
307437032,de:12069:900220003:1:51,0.0,2026-10-02T01:01:04.695736+02:00
307437032,de:12069:900220006:2:51,0.0,2026-10-02T01:01:04.695736+02:00
307437032,de:12069:900220008:2:51,0.0,2026-10-02T01:01:04.695736+02:00
307437032,de:12054:900230001:2:51,0.0,2026-10-02T01:01:04.695736+02:00
307437032,de:11000:900053301:3:55,0.0,2026-10-02T01:01:04.695736+02:00
307437032,de:11000:900024101:2:52,0.0,2026-10-02T01:01:04.695736+02:00
295910330,de:12067:900310004:3:52,0.0,2026-10-02T01:01:04.695736+02:00
295910330,de:11000:900183002:1:50,-0.1,2026-10-02T01:01:04.695736+02:00
295910330,de:11000:900183001:1:50,-0.4,2026-10-02T01:01:04.695736+02:00
295910330,de:11000:900182002:1:50,0.0,2026-10-02T01:01:04.695736+02:00
295910330,de:11000:900182001:1:50,-0.2,2026-10-02T01:01:04.695736+02:00
295910330,de:11000:900180001:1:50,-0.7,2026-10-02T01:01:04.695736+02:00
295910330,de:11000:900180002:1:50,-0.7,2026-10-02T01:01:04.695736+02:00
295910330,de:11000:900162001:1:50,-0.9,2026-10-02T01:01:04.695736+02:00
295910330,de:11000:900160002:1:50,0.0,2026-10-02T01:01:04.695736+02:00
295910330,de:11000:900160001:1:50,-0.3,2026-10-02T01:01:04.695736+02:00
295910330,de:11000:900120003:3:54,-0.1,2026-10-02T01:01:04.695736+02:00
295910330,de:11000:900120004:2:52,-0.6,2026-10-02T01:01:04.695736+02:00
295910330,de:11000:900120005:5:57,-0.9,2026-10-02T01:01:04.695736+02:00
295910330,de:11000:900100004:1:51,-0.9,2026-10-02T01:01:04.695736+02:00
295910330,de:11000:900100003:2:53,-0.9,2026-10-02T01:01:04.695736+02:00
295910330,de:11000:900100002:1:51,-0.9,2026-10-02T01:01:04.695736+02:00
295910330,de:11000:900100001:3:55,-0.9,2026-10-02T01:01:04.695736+02:00
295910330,de:11000:900003201:3:55,-0.6,2026-10-02T01:01:04.695736+02:00
295910330,de:11000:900003102:1:51,-0.3,2026-10-02T01:01:04.695736+02:00
295910330,de:11000:900003103:1:51,-0.4,2026-10-02T01:01:04.695736+02:00
295910330,de:11000:900023201:3:55,-0.3,2026-10-02T01:01:04.695736+02:00
295910330,de:11000:900024203:1:51,-0.3,2026-10-02T01:01:04.695736+02:00
295910330,de:11000:900024101:4:56,-0.3,2026-10-02T01:01:04.695736+02:00
307280440,de:11000:900020202:1:50,0.0,2026-10-02T01:01:04.695736+02:00
307280440,de:11000:900001201:1:50,-0.2,2026-10-02T01:01:04.695736+02:00
307280440,de:11000:900009104:1:50,-0.8,2026-10-02T01:01:04.695736+02:00
307280440,de:11000:900007102:2:52,-0.4,2026-10-02T01:01:04.695736+02:00
307280440,de:11000:900110001:1:50,-0.6,2026-10-02T01:01:04.695736+02:00
307280440,de:11000:900110002:1:50,-0.4,2026-10-02T01:01:04.695736+02:00
307280440,de:11000:900110003:1:50,-0.4,2026-10-02T01:01:04.695736+02:00
307280440,de:11000:900110004:1:50,-0.8,2026-10-02T01:01:04.695736+02:00
307280440,de:11000:900110012:1:50,-0.7,2026-10-02T01:01:04.695736+02:00
307280440,de:11000:900120001:1:50,-0.7,2026-10-02T01:01:04.695736+02:00
307280440,de:11000:900120003:5:58,-0.1,2026-10-02T01:01:04.695736+02:00
307280440,de:11000:900190001:1:50,-0.4,2026-10-02T01:01:04.695736+02:00
307280440,de:11000:900077106:1:50,-0.4,2026-10-02T01:01:04.695736+02:00
307280440,de:11000:900078201:1:50,-0.3,2026-10-02T01:01:04.695736+02:00
307280440,de:11000:900079221:1:50,-0.2,2026-10-02T01:01:04.695736+02:00
307280440,de:11000:900068201:1:50,-0.8,2026-10-02T01:01:04.695736+02:00
307280440,de:11000:900058101:5:58,-0.1,2026-10-02T01:01:04.695736+02:00
307280440,de:11000:900054104:2:52,-0.7,2026-10-02T01:01:04.695736+02:00
307280440,de:11000:900054105:1:50,-0.9,2026-10-02T01:01:04.695736+02:00
307280440,de:11000:900044202:1:50,-0.7,2026-10-02T01:01:04.695736+02:00
307280440,de:11000:900045102:1:50,-0.7,2026-10-02T01:01:04.695736+02:00
307280440,de:11000:900044101:1:50,-0.8,2026-10-02T01:01:04.695736+02:00
307280440,de:11000:900040101:1:50,-0.3,2026-10-02T01:01:04.695736+02:00
307280440,de:11000:900024101:3:54,-0.8,2026-10-02T01:01:04.695736+02:00
307280423,de:11000:900020202:1:50,0.0,2026-10-02T01:01:04.695736+02:00
307280423,de:11000:900001201:1:50,-0.2,2026-10-02T01:01:04.695736+02:00
307280423,de:11000:900009104:1:50,-0.8,2026-10-02T01:01:04.695736+02:00
307280423,de:11000:900007102:2:52,-0.4,2026-10-02T01:01:04.695736+02:00
307280423,de:11000:900110001:1:50,-0.6,2026-10-02T01:01:04.695736+02:00
307280423,de:11000:900110002:1:50,-0.4,2026-10-02T01:01:04.695736+02:00
307280423,de:11000:900110003:1:50,-0.4,2026-10-02T01:01:04.695736+02:00
307280423,de:11000:900110004:1:50,-0.8,2026-10-02T01:01:04.695736+02:00
307280423,de:11000:900110012:1:50,-0.7,2026-10-02T01:01:04.695736+02:00
307280423,de:11000:900120001:1:50,-0.7,2026-10-02T01:01:04.695736+02:00
307280423,de:11000:900120003:5:58,-0.1,2026-10-02T01:01:04.695736+02:00
307280423,de:11000:900190001:1:50,-0.4,2026-10-02T01:01:04.695736+02:00
307280423,de:11000:900077106:1:50,-0.4,2026-10-02T01:01:04.695736+02:00
307280423,de:11000:900078201:1:50,-0.3,2026-10-02T01:01:04.695736+02:00
307280423,de:11000:900079221:1:50,-0.2,2026-10-02T01:01:04.695736+02:00
307280423,de:11000:900068201:1:50,-0.8,2026-10-02T01:01:04.695736+02:00
307280423,de:11000:900058101:5:58,-0.1,2026-10-02T01:01:04.695736+02:00
307280423,de:11000:900054104:2:52,-0.7,2026-10-02T01:01:04.695736+02:00
307280423,de:11000:900054105:1:50,-0.9,2026-10-02T01:01:04.695736+02:00
307280423,de:11000:900044202:1:50,-0.7,2026-10-02T01:01:04.695736+02:00
307280423,de:11000:900045102:1:50,-0.7,2026-10-02T01:01:04.695736+02:00
307280423,de:11000:900044101:1:50,-0.8,2026-10-02T01:01:04.695736+02:00
307280423,de:11000:900040101:1:50,-0.3,2026-10-02T01:01:04.695736+02:00
307280423,de:11000:900024101:3:54,-0.8,2026-10-02T01:01:04.695736+02:00
307283062,de:11000:900009104:1:51,0.0,2026-10-02T01:01:04.695736+02:00
307283062,de:11000:900007102:2:52,-0.9,2026-10-02T01:01:04.695736+02:00
307283062,de:11000:900110001:1:50,-0.6,2026-10-02T01:01:04.695736+02:00
307283062,de:11000:900110002:1:50,-0.4,2026-10-02T01:01:04.695736+02:00
307283062,de:11000:900110003:1:50,-0.4,2026-10-02T01:01:04.695736+02:00
307283062,de:11000:900110004:1:50,-0.8,2026-10-02T01:01:04.695736+02:00
307283062,de:11000:900110012:1:50,-0.7,2026-10-02T01:01:04.695736+02:00
307283062,de:11000:900120001:1:50,-0.7,2026-10-02T01:01:04.695736+02:00
307283062,de:11000:900120003:5:58,-0.1,2026-10-02T01:01:04.695736+02:00
307283062,de:11000:900190001:1:50,-0.4,2026-10-02T01:01:04.695736+02:00
307283062,de:11000:900077106:1:50,-0.4,2026-10-02T01:01:04.695736+02:00
307283062,de:11000:900078201:1:50,-0.3,2026-10-02T01:01:04.695736+02:00
307283062,de:11000:900079221:1:50,-0.2,2026-10-02T01:01:04.695736+02:00
307283055,de:11000:900009104:1:51,0.0,2026-10-02T01:01:04.695736+02:00
307283055,de:11000:900007102:2:52,-0.9,2026-10-02T01:01:04.695736+02:00
307283055,de:11000:900110001:1:50,-0.6,2026-10-02T01:01:04.695736+02:00
307283055,de:11000:900110002:1:50,-0.4,2026-10-02T01:01:04.695736+02:00
307283055,de:11000:900110003:1:50,-0.4,2026-10-02T01:01:04.695736+02:00
307283055,de:11000:900110004:1:50,-0.8,2026-10-02T01:01:04.695736+02:00
307283055,de:11000:900110012:1:50,-0.7,2026-10-02T01:01:04.695736+02:00
307283055,de:11000:900120001:1:50,-0.7,2026-10-02T01:01:04.695736+02:00
307283055,de:11000:900120003:5:58,-0.1,2026-10-02T01:01:04.695736+02:00
307283055,de:11000:900190001:1:50,-0.4,2026-10-02T01:01:04.695736+02:00
307283055,de:11000:900077106:1:50,-0.4,2026-10-02T01:01:04.695736+02:00
307283055,de:11000:900078201:1:50,-0.3,2026-10-02T01:01:04.695736+02:00
307283055,de:11000:900079221:1:50,-0.2,2026-10-02T01:01:04.695736+02:00
307283045,de:11000:900009104:1:51,0.0,2026-10-02T01:01:04.695736+02:00
307283045,de:11000:900007102:2:52,-0.9,2026-10-02T01:01:04.695736+02:00
307283045,de:11000:900110001:1:50,-0.6,2026-10-02T01:01:04.695736+02:00
307283045,de:11000:900110002:1:50,-0.4,2026-10-02T01:01:04.695736+02:00
307283045,de:11000:900110003:1:50,-0.4,2026-10-02T01:01:04.695736+02:00
307283045,de:11000:900110004:1:50,-0.8,2026-10-02T01:01:04.695736+02:00
307283045,de:11000:900110012:1:50,-0.7,2026-10-02T01:01:04.695736+02:00
307283045,de:11000:900120001:1:50,-0.7,2026-10-02T01:01:04.695736+02:00
307283045,de:11000:900120003:5:58,-0.1,2026-10-02T01:01:04.695736+02:00
307283045,de:11000:900190001:1:50,-0.4,2026-10-02T01:01:04.695736+02:00
307283045,de:11000:900077106:1:50,-0.4,2026-10-02T01:01:04.695736+02:00
307283045,de:11000:900078201:1:50,-0.3,2026-10-02T01:01:04.695736+02:00
307283045,de:11000:900079221:1:50,-0.2,2026-10-02T01:01:04.695736+02:00
307286646,de:11000:900024101:3:54,0.0,2026-10-02T01:01:04.695736+02:00
307286646,de:11000:900040101:1:50,-0.2,2026-10-02T01:01:04.695736+02:00
307286646,de:11000:900044101:1:50,-0.3,2026-10-02T01:01:04.695736+02:00
307286646,de:11000:900045102:1:51,-0.4,2026-10-02T01:01:04.695736+02:00
307286646,de:11000:900044202:1:51,-0.4,2026-10-02T01:01:04.695736+02:00
307286646,de:11000:900054105:1:51,-0.2,2026-10-02T01:01:04.695736+02:00
307286646,de:11000:900054104:2:53,-0.8,2026-10-02T01:01:04.695736+02:00
307286646,de:11000:900058101:5:59,-0.2,2026-10-02T01:01:04.695736+02:00
307286646,de:11000:900068201:1:51,-0.8,2026-10-02T01:01:04.695736+02:00
307286646,de:11000:900079221:1:51,-0.4,2026-10-02T01:01:04.695736+02:00
307286646,de:11000:900078201:1:51,-0.1,2026-10-02T01:01:04.695736+02:00
307286646,de:11000:900077106:1:51,0.0,2026-10-02T01:01:04.695736+02:00
307286646,de:11000:900190001:2:52,-0.9,2026-10-02T01:01:04.695736+02:00
307286646,de:11000:900120003:5:59,-0.4,2026-10-02T01:01:04.695736+02:00
307286646,de:11000:900120001:1:51,0.0,2026-10-02T01:01:04.695736+02:00
307286646,de:11000:900110012:1:51,-0.2,2026-10-02T01:01:04.695736+02:00
307286646,de:11000:900110004:1:51,-0.1,2026-10-02T01:01:04.695736+02:00
307286646,de:11000:900110003:1:51,-0.4,2026-10-02T01:01:04.695736+02:00
307286646,de:11000:900110002:1:51,-0.4,2026-10-02T01:01:04.695736+02:00
307286646,de:11000:900110001:1:51,-0.1,2026-10-02T01:01:04.695736+02:00
307286646,de:11000:900007102:1:51,-0.6,2026-10-02T01:01:04.695736+02:00
307286646,de:11000:900009104:1:51,-0.8,2026-10-02T01:01:04.695736+02:00
307286646,de:11000:900001201:1:51,-0.3,2026-10-02T01:01:04.695736+02:00
307286646,de:11000:900020202:1:51,-0.1,2026-10-02T01:01:04.695736+02:00
307286705,de:11000:900040101:1:50,0.0,2026-10-02T01:01:04.695736+02:00
307286705,de:11000:900044101:1:50,-0.8,2026-10-02T01:01:04.695736+02:00
307286705,de:11000:900045102:1:51,-0.9,2026-10-02T01:01:04.695736+02:00
307286705,de:11000:900044202:1:51,-0.9,2026-10-02T01:01:04.695736+02:00
307286705,de:11000:900054105:1:51,-0.7,2026-10-02T01:01:04.695736+02:00
307286705,de:11000:900054104:2:53,-0.3,2026-10-02T01:01:04.695736+02:00
307286705,de:11000:900058101:5:59,-0.2,2026-10-02T01:01:04.695736+02:00
307286705,de:11000:900068201:1:51,-0.8,2026-10-02T01:01:04.695736+02:00
307286705,de:11000:900079221:1:51,-0.4,2026-10-02T01:01:04.695736+02:00
307286705,de:11000:900078201:1:51,-0.1,2026-10-02T01:01:04.695736+02:00
307286705,de:11000:900077106:1:51,0.0,2026-10-02T01:01:04.695736+02:00
307286705,de:11000:900190001:2:52,-0.9,2026-10-02T01:01:04.695736+02:00
307286705,de:11000:900120003:5:59,-0.4,2026-10-02T01:01:04.695736+02:00
307286705,de:11000:900120001:1:51,0.0,2026-10-02T01:01:04.695736+02:00
307286705,de:11000:900110012:1:51,-0.2,2026-10-02T01:01:04.695736+02:00
307286705,de:11000:900110004:1:51,-0.1,2026-10-02T01:01:04.695736+02:00
307286705,de:11000:900110003:1:51,-0.4,2026-10-02T01:01:04.695736+02:00
307286705,de:11000:900110002:1:51,-0.4,2026-10-02T01:01:04.695736+02:00
307286705,de:11000:900110001:1:51,-0.1,2026-10-02T01:01:04.695736+02:00
307286705,de:11000:900007102:1:51,-0.6,2026-10-02T01:01:04.695736+02:00
307286705,de:11000:900009104:1:50,-0.8,2026-10-02T01:01:04.695736+02:00
307286705,de:11000:900001201:1:50,-0.3,2026-10-02T01:01:04.695736+02:00
307286705,de:11000:900020202:1:50,-0.1,2026-10-02T01:01:04.695736+02:00
307286636,de:11000:900024101:3:54,0.0,2026-10-02T01:01:04.695736+02:00
307286636,de:11000:900040101:1:50,-0.2,2026-10-02T01:01:04.695736+02:00
307286636,de:11000:900044101:1:50,-0.3,2026-10-02T01:01:04.695736+02:00
307286636,de:11000:900045102:1:51,-0.4,2026-10-02T01:01:04.695736+02:00
307286636,de:11000:900044202:1:51,-0.4,2026-10-02T01:01:04.695736+02:00
307286636,de:11000:900054105:1:51,-0.2,2026-10-02T01:01:04.695736+02:00
307286636,de:11000:900054104:2:53,-0.8,2026-10-02T01:01:04.695736+02:00
307286636,de:11000:900058101:5:59,-0.2,2026-10-02T01:01:04.695736+02:00
307286636,de:11000:900068201:1:51,-0.8,2026-10-02T01:01:04.695736+02:00
307286636,de:11000:900079221:1:51,-0.4,2026-10-02T01:01:04.695736+02:00
307286636,de:11000:900078201:1:51,-0.1,2026-10-02T01:01:04.695736+02:00
307286636,de:11000:900077106:1:51,0.0,2026-10-02T01:01:04.695736+02:00
307286636,de:11000:900190001:2:52,-0.9,2026-10-02T01:01:04.695736+02:00
307286636,de:11000:900120003:5:59,-0.4,2026-10-02T01:01:04.695736+02:00
307286636,de:11000:900120001:1:51,0.0,2026-10-02T01:01:04.695736+02:00
307286636,de:11000:900110012:1:51,-0.2,2026-10-02T01:01:04.695736+02:00
307286636,de:11000:900110004:1:51,-0.1,2026-10-02T01:01:04.695736+02:00
307286636,de:11000:900110003:1:51,-0.4,2026-10-02T01:01:04.695736+02:00
307286636,de:11000:900110002:1:51,-0.4,2026-10-02T01:01:04.695736+02:00
307286636,de:11000:900110001:1:51,-0.1,2026-10-02T01:01:04.695736+02:00
307286636,de:11000:900007102:1:51,-0.6,2026-10-02T01:01:04.695736+02:00
307286636,de:11000:900009104:1:51,-0.8,2026-10-02T01:01:04.695736+02:00
307286636,de:11000:900001201:1:51,-0.3,2026-10-02T01:01:04.695736+02:00
307286636,de:11000:900020202:1:51,-0.1,2026-10-02T01:01:04.695736+02:00
307286684,de:11000:900040101:1:50,0.0,2026-10-02T01:01:04.695736+02:00
307286684,de:11000:900044101:1:50,-0.8,2026-10-02T01:01:04.695736+02:00
307286684,de:11000:900045102:1:51,-0.9,2026-10-02T01:01:04.695736+02:00
307286684,de:11000:900044202:1:51,-0.9,2026-10-02T01:01:04.695736+02:00
307286684,de:11000:900054105:1:51,-0.7,2026-10-02T01:01:04.695736+02:00
307286684,de:11000:900054104:2:53,-0.3,2026-10-02T01:01:04.695736+02:00
307286684,de:11000:900058101:5:59,-0.2,2026-10-02T01:01:04.695736+02:00
307286684,de:11000:900068201:1:51,-0.8,2026-10-02T01:01:04.695736+02:00
307286684,de:11000:900079221:1:51,-0.4,2026-10-02T01:01:04.695736+02:00
307286684,de:11000:900078201:1:51,-0.1,2026-10-02T01:01:04.695736+02:00
307286684,de:11000:900077106:1:51,0.0,2026-10-02T01:01:04.695736+02:00
307286684,de:11000:900190001:2:52,-0.9,2026-10-02T01:01:04.695736+02:00
307286684,de:11000:900120003:5:59,-0.4,2026-10-02T01:01:04.695736+02:00
307286684,de:11000:900120001:1:51,0.0,2026-10-02T01:01:04.695736+02:00
307286684,de:11000:900110012:1:51,-0.2,2026-10-02T01:01:04.695736+02:00
307286684,de:11000:900110004:1:51,-0.1,2026-10-02T01:01:04.695736+02:00
307286684,de:11000:900110003:1:51,-0.4,2026-10-02T01:01:04.695736+02:00
307286684,de:11000:900110002:1:51,-0.4,2026-10-02T01:01:04.695736+02:00
307286684,de:11000:900110001:1:51,-0.1,2026-10-02T01:01:04.695736+02:00
307286684,de:11000:900007102:1:51,-0.6,2026-10-02T01:01:04.695736+02:00
307286684,de:11000:900009104:1:50,-0.8,2026-10-02T01:01:04.695736+02:00
307286684,de:11000:900001201:1:50,-0.3,2026-10-02T01:01:04.695736+02:00
307286684,de:11000:900020202:1:50,-0.1,2026-10-02T01:01:04.695736+02:00
307286602,de:11000:900024101:3:54,0.0,2026-10-02T01:01:04.695736+02:00
307286602,de:11000:900040101:1:50,-0.2,2026-10-02T01:01:04.695736+02:00
307286602,de:11000:900044101:1:50,-0.3,2026-10-02T01:01:04.695736+02:00
307286602,de:11000:900045102:1:51,-0.4,2026-10-02T01:01:04.695736+02:00
307286602,de:11000:900044202:1:51,-0.4,2026-10-02T01:01:04.695736+02:00
307286602,de:11000:900054105:1:51,-0.2,2026-10-02T01:01:04.695736+02:00
307286602,de:11000:900054104:2:53,-0.8,2026-10-02T01:01:04.695736+02:00
307286602,de:11000:900058101:5:59,-0.2,2026-10-02T01:01:04.695736+02:00
307286602,de:11000:900068201:1:51,-0.8,2026-10-02T01:01:04.695736+02:00
307286602,de:11000:900079221:1:51,-0.4,2026-10-02T01:01:04.695736+02:00
307286602,de:11000:900078201:1:51,-0.1,2026-10-02T01:01:04.695736+02:00
307286602,de:11000:900077106:1:51,0.0,2026-10-02T01:01:04.695736+02:00
307286602,de:11000:900190001:2:52,-0.9,2026-10-02T01:01:04.695736+02:00
307286602,de:11000:900120003:5:59,-0.4,2026-10-02T01:01:04.695736+02:00
307286602,de:11000:900120001:1:51,0.0,2026-10-02T01:01:04.695736+02:00
307286602,de:11000:900110012:1:51,-0.2,2026-10-02T01:01:04.695736+02:00
307286602,de:11000:900110004:1:51,-0.1,2026-10-02T01:01:04.695736+02:00
307286602,de:11000:900110003:1:51,-0.4,2026-10-02T01:01:04.695736+02:00
307286602,de:11000:900110002:1:51,-0.4,2026-10-02T01:01:04.695736+02:00
307286602,de:11000:900110001:1:51,-0.1,2026-10-02T01:01:04.695736+02:00
307286602,de:11000:900007102:1:51,-0.6,2026-10-02T01:01:04.695736+02:00
307286602,de:11000:900009104:1:51,-0.8,2026-10-02T01:01:04.695736+02:00
307286602,de:11000:900001201:1:51,-0.3,2026-10-02T01:01:04.695736+02:00
307286602,de:11000:900020202:1:51,-0.1,2026-10-02T01:01:04.695736+02:00
307289036,de:11000:900079221:1:51,0.0,2026-10-02T01:01:04.695736+02:00
307289036,de:11000:900078201:1:51,-0.1,2026-10-02T01:01:04.695736+02:00
307289036,de:11000:900077106:1:51,0.0,2026-10-02T01:01:04.695736+02:00
307289036,de:11000:900190001:2:52,-0.9,2026-10-02T01:01:04.695736+02:00
307289036,de:11000:900120003:5:59,-0.4,2026-10-02T01:01:04.695736+02:00
307289036,de:11000:900120001:1:51,0.0,2026-10-02T01:01:04.695736+02:00
307289036,de:11000:900110012:1:51,-0.2,2026-10-02T01:01:04.695736+02:00
307289036,de:11000:900110004:1:51,-0.1,2026-10-02T01:01:04.695736+02:00
307289036,de:11000:900110003:1:51,-0.4,2026-10-02T01:01:04.695736+02:00
307289036,de:11000:900110002:1:51,-0.4,2026-10-02T01:01:04.695736+02:00
307289036,de:11000:900110001:1:51,-0.1,2026-10-02T01:01:04.695736+02:00
307289036,de:11000:900007102:1:51,-0.6,2026-10-02T01:01:04.695736+02:00
307289036,de:11000:900009104:1:51,-0.3,2026-10-02T01:01:04.695736+02:00
307292688,de:12061:900260001:2:52,0.0,2026-10-02T01:01:04.695736+02:00
307292688,de:12061:900260002:1:51,-0.8,2026-10-02T01:01:04.695736+02:00
307292688,de:12061:900260003:1:51,-0.7,2026-10-02T01:01:04.695736+02:00
307292688,de:12061:900260004:1:51,-0.9,2026-10-02T01:01:04.695736+02:00
307292688,de:11000:900186001:2:53,-0.2,2026-10-02T01:01:04.695736+02:00
307292688,de:11000:900193002:1:51,-0.2,2026-10-02T01:01:04.695736+02:00
307292688,de:11000:900193001:2:51,-0.8,2026-10-02T01:01:04.695736+02:00
307292688,de:11000:900192001:3:55,-0.7,2026-10-02T01:01:04.695736+02:00
307292688,de:11000:900191001:1:50,-0.4,2026-10-02T01:01:04.695736+02:00
307292688,de:11000:900077155:1:50,-0.9,2026-10-02T01:01:04.695736+02:00
307292688,de:11000:900078201:1:50,-0.4,2026-10-02T01:01:04.695736+02:00
307292688,de:11000:900079221:1:50,-0.2,2026-10-02T01:01:04.695736+02:00
307292688,de:11000:900068201:1:50,-0.8,2026-10-02T01:01:04.695736+02:00
307292688,de:11000:900058101:5:58,-0.1,2026-10-02T01:01:04.695736+02:00
307292688,de:11000:900054104:2:52,-0.2,2026-10-02T01:01:04.695736+02:00
307292688,de:11000:900054105:1:50,-0.9,2026-10-02T01:01:04.695736+02:00
307292688,de:11000:900044202:1:50,-0.7,2026-10-02T01:01:04.695736+02:00
307292680,de:12061:900260001:2:52,0.0,2026-10-02T01:01:04.695736+02:00
307292680,de:12061:900260002:1:51,-0.8,2026-10-02T01:01:04.695736+02:00
307292680,de:12061:900260003:1:51,-0.7,2026-10-02T01:01:04.695736+02:00
307292680,de:12061:900260004:1:51,-0.9,2026-10-02T01:01:04.695736+02:00
307292680,de:11000:900186001:2:53,-0.2,2026-10-02T01:01:04.695736+02:00
307292680,de:11000:900193002:1:51,-0.2,2026-10-02T01:01:04.695736+02:00
307292680,de:11000:900193001:2:51,-0.8,2026-10-02T01:01:04.695736+02:00
307292680,de:11000:900192001:3:55,-0.7,2026-10-02T01:01:04.695736+02:00
307292680,de:11000:900191001:1:50,-0.4,2026-10-02T01:01:04.695736+02:00
307292680,de:11000:900077155:1:50,-0.9,2026-10-02T01:01:04.695736+02:00
307292680,de:11000:900078201:1:50,-0.4,2026-10-02T01:01:04.695736+02:00
307292680,de:11000:900079221:1:50,-0.2,2026-10-02T01:01:04.695736+02:00
307292680,de:11000:900068201:1:50,-0.8,2026-10-02T01:01:04.695736+02:00
307292680,de:11000:900058101:5:58,-0.1,2026-10-02T01:01:04.695736+02:00
307292680,de:11000:900054104:2:52,-0.2,2026-10-02T01:01:04.695736+02:00
307292680,de:11000:900054105:1:50,-0.9,2026-10-02T01:01:04.695736+02:00
307292680,de:11000:900044202:1:50,-0.7,2026-10-02T01:01:04.695736+02:00
295928975,de:11000:900186001:2:52,0.0,2026-10-02T01:01:04.695736+02:00
295928975,de:11000:900193002:1:51,-0.2,2026-10-02T01:01:04.695736+02:00
295928975,de:11000:900193001:2:51,-0.8,2026-10-02T01:01:04.695736+02:00
295928975,de:11000:900192001:3:55,-0.7,2026-10-02T01:01:04.695736+02:00
295928975,de:11000:900191001:1:50,-0.4,2026-10-02T01:01:04.695736+02:00
295928975,de:11000:900077155:1:50,-0.9,2026-10-02T01:01:04.695736+02:00
295928975,de:11000:900078201:1:50,-0.9,2026-10-02T01:01:04.695736+02:00
295928975,de:11000:900079221:1:50,-0.7,2026-10-02T01:01:04.695736+02:00
295928971,de:11000:900186001:2:52,0.0,2026-10-02T01:01:04.695736+02:00
295928971,de:11000:900193002:1:51,-0.2,2026-10-02T01:01:04.695736+02:00
295928971,de:11000:900193001:2:51,-0.8,2026-10-02T01:01:04.695736+02:00
295928971,de:11000:900192001:3:55,-0.7,2026-10-02T01:01:04.695736+02:00
295928971,de:11000:900191001:1:50,-0.4,2026-10-02T01:01:04.695736+02:00
295928971,de:11000:900077155:1:50,-0.9,2026-10-02T01:01:04.695736+02:00
295928971,de:11000:900078201:1:50,-0.9,2026-10-02T01:01:04.695736+02:00
295928971,de:11000:900079221:1:50,-0.7,2026-10-02T01:01:04.695736+02:00
295932973,de:11000:900058101:5:59,0.0,2026-10-02T01:01:04.695736+02:00
295932973,de:11000:900068201:1:51,-0.3,2026-10-02T01:01:04.695736+02:00
295932973,de:11000:900079221:1:51,-0.9,2026-10-02T01:01:04.695736+02:00
295932973,de:11000:900078201:1:51,-0.6,2026-10-02T01:01:04.695736+02:00
295932973,de:11000:900077155:1:51,-0.2,2026-10-02T01:01:04.695736+02:00
295932973,de:11000:900191001:2:51,-0.7,2026-10-02T01:01:04.695736+02:00
295932973,de:11000:900192001:2:53,-0.7,2026-10-02T01:01:04.695736+02:00
295932973,de:11000:900192002:1:50,-0.5,2026-10-02T01:01:04.695736+02:00
295932973,de:11000:900180003:1:50,-0.7,2026-10-02T01:01:04.695736+02:00
306895368,de:12067:900311017::1,0.0,2026-10-02T01:01:04.695736+02:00
306895368,de:12067:900311018::2,0.0,2026-10-02T01:01:04.695736+02:00
306895368,de:12067:900310843::2,0.0,2026-10-02T01:01:04.695736+02:00
306895368,de:12067:900310842::2,0.0,2026-10-02T01:01:04.695736+02:00
306895368,de:12067:900310611::2,0.0,2026-10-02T01:01:04.695736+02:00
295936928,de:12064:900320001:1:50,0.0,2026-10-02T01:01:04.695736+02:00
295936928,de:12064:900320002:1:50,-0.3,2026-10-02T01:01:04.695736+02:00
295936928,de:12064:900320003:1:50,-0.1,2026-10-02T01:01:04.695736+02:00
295936928,de:12064:900320004:2:51,-0.8,2026-10-02T01:01:04.695736+02:00
295936928,de:12064:900320005:1:50,0.0,2026-10-02T01:01:04.695736+02:00
295936928,de:12064:900320006:1:51,-0.8,2026-10-02T01:01:04.695736+02:00
295936928,de:12064:900320007:1:50,-0.8,2026-10-02T01:01:04.695736+02:00
295936928,de:12064:900320008:1:51,-0.5,2026-10-02T01:01:04.695736+02:00
295936928,de:12064:900320026:1:50,-0.3,2026-10-02T01:01:04.695736+02:00
295936928,de:11000:900176001:1:51,-0.7,2026-10-02T01:01:04.695736+02:00
295936928,de:11000:900175002:1:50,-0.7,2026-10-02T01:01:04.695736+02:00
295936928,de:11000:900175001:1:50,-0.6,2026-10-02T01:01:04.695736+02:00
295936928,de:11000:900171001:1:50,-0.3,2026-10-02T01:01:04.695736+02:00
295936928,de:11000:900171002:1:51,-0.4,2026-10-02T01:01:04.695736+02:00
295936928,de:11000:900160004:1:51,-0.8,2026-10-02T01:01:04.695736+02:00
295936928,de:11000:900160003:1:51,-0.9,2026-10-02T01:01:04.695736+02:00
295936928,de:11000:900120003:3:55,-0.1,2026-10-02T01:01:04.695736+02:00
295936928,de:11000:900120004:2:53,-0.6,2026-10-02T01:01:04.695736+02:00
295936928,de:11000:900120005:5:58,-0.9,2026-10-02T01:01:04.695736+02:00
295936928,de:11000:900100004:1:51,-0.4,2026-10-02T01:01:04.695736+02:00
295936928,de:11000:900100003:2:53,-0.4,2026-10-02T01:01:04.695736+02:00
295936928,de:11000:900100002:1:51,-0.4,2026-10-02T01:01:04.695736+02:00
295936928,de:11000:900100001:3:55,-0.4,2026-10-02T01:01:04.695736+02:00
295936928,de:11000:900003201:3:55,-0.1,2026-10-02T01:01:04.695736+02:00
295936928,de:11000:900003102:1:51,-0.8,2026-10-02T01:01:04.695736+02:00
295936928,de:11000:900003103:1:51,-0.9,2026-10-02T01:01:04.695736+02:00
295936928,de:11000:900023201:3:55,-0.8,2026-10-02T01:01:04.695736+02:00
295936928,de:11000:900024203:1:51,-0.8,2026-10-02T01:01:04.695736+02:00
295936928,de:11000:900024101:4:57,-0.8,2026-10-02T01:01:04.695736+02:00
295936928,de:11000:900024102:1:51,-0.1,2026-10-02T01:01:04.695736+02:00
295940182,de:11000:900024102:2:52,0.0,2026-10-02T01:01:04.695736+02:00
295940182,de:11000:900024101:3:54,-0.8,2026-10-02T01:01:04.695736+02:00
295940182,de:11000:900024203:1:51,-0.8,2026-10-02T01:01:04.695736+02:00
295940182,de:11000:900023201:3:54,-0.7,2026-10-02T01:01:04.695736+02:00
295940182,de:11000:900003103:1:50,-0.8,2026-10-02T01:01:04.695736+02:00
295940182,de:11000:900003102:1:50,-0.9,2026-10-02T01:01:04.695736+02:00
295940182,de:11000:900003201:3:54,-0.5,2026-10-02T01:01:04.695736+02:00
295940182,de:11000:900100001:3:54,-0.1,2026-10-02T01:01:04.695736+02:00
295940182,de:11000:900100002:1:50,-0.4,2026-10-02T01:01:04.695736+02:00
295940182,de:11000:900100003:2:52,-0.1,2026-10-02T01:01:04.695736+02:00
295940182,de:11000:900100004:1:50,-0.4,2026-10-02T01:01:04.695736+02:00
295940182,de:11000:900120005:4:55,-0.6,2026-10-02T01:01:04.695736+02:00
295940182,de:11000:900120004:1:50,-0.1,2026-10-02T01:01:04.695736+02:00
295940182,de:11000:900120003:2:53,-0.4,2026-10-02T01:01:04.695736+02:00
295940182,de:11000:900160003:1:50,-0.7,2026-10-02T01:01:04.695736+02:00
295940182,de:11000:900160004:1:50,-0.7,2026-10-02T01:01:04.695736+02:00
295940182,de:11000:900171002:1:50,-0.2,2026-10-02T01:01:04.695736+02:00
295940182,de:11000:900171001:2:51,-0.3,2026-10-02T01:01:04.695736+02:00
295940182,de:11000:900175001:2:51,-0.5,2026-10-02T01:01:04.695736+02:00
295940182,de:11000:900175002:1:51,0.0,2026-10-02T01:01:04.695736+02:00
295940182,de:11000:900176001:2:53,-0.3,2026-10-02T01:01:04.695736+02:00
295940182,de:12064:900320026:1:51,-0.1,2026-10-02T01:01:04.695736+02:00
295940182,de:12064:900320008:1:50,-0.7,2026-10-02T01:01:04.695736+02:00
295942230,de:11000:900176001:1:50,0.0,2026-10-02T01:01:04.695736+02:00
295942230,de:11000:900175002:1:50,-0.7,2026-10-02T01:01:04.695736+02:00
295942230,de:11000:900175001:1:50,-0.6,2026-10-02T01:01:04.695736+02:00
295942230,de:11000:900171001:1:50,-0.3,2026-10-02T01:01:04.695736+02:00
295942230,de:11000:900171002:1:51,-0.4,2026-10-02T01:01:04.695736+02:00
295942230,de:11000:900160004:1:51,-0.8,2026-10-02T01:01:04.695736+02:00
295942230,de:11000:900160003:1:51,-0.8,2026-10-02T01:01:04.695736+02:00
295942230,de:11000:900120003:3:54,-0.9,2026-10-02T01:01:04.695736+02:00
295942230,de:11000:900120004:2:52,-0.1,2026-10-02T01:01:04.695736+02:00
307433902,de:12071:900445010:2:52,-2.0,2026-10-02T01:01:04.695736+02:00
307433902,de:12071:900445122:1:50,0.0,2026-10-02T01:01:04.695736+02:00
307433902,de:12052:900470001:3:52,0.0,2026-10-02T01:01:04.695736+02:00
307433902,de:12052:900470000:3:53,0.0,2026-10-02T01:01:04.695736+02:00
306896984,de:12067:900311354::1,0.0,2026-10-02T01:01:04.695736+02:00
306896984,de:12067:900311320::2,0.0,2026-10-02T01:01:04.695736+02:00
306896984,de:12067:900311305::2,0.0,2026-10-02T01:01:04.695736+02:00
306896984,de:12067:900311383::6,0.0,2026-10-02T01:01:04.695736+02:00
306896984,de:12067:900311315::2,0.0,2026-10-02T01:01:04.695736+02:00
306896984,de:12067:900311348::2,0.0,2026-10-02T01:01:04.695736+02:00
306896984,de:12067:900311308::4,0.0,2026-10-02T01:01:04.695736+02:00
306895203,de:12067:900311308::5,0.0,2026-10-02T01:01:04.695736+02:00
306895203,de:12067:900311380::1,0.0,2026-10-02T01:01:04.695736+02:00
306895203,de:12067:900311348::1,0.0,2026-10-02T01:01:04.695736+02:00
306895203,de:12067:900311315::1,0.0,2026-10-02T01:01:04.695736+02:00
306895203,de:12067:900311383::3,0.0,2026-10-02T01:01:04.695736+02:00
306895203,de:12067:900311312::1,0.0,2026-10-02T01:01:04.695736+02:00
306895203,de:12067:900311311::1,0.0,2026-10-02T01:01:04.695736+02:00
306895203,de:12067:900311402::2,0.0,2026-10-02T01:01:04.695736+02:00
306895203,de:12067:900311227::2,0.0,2026-10-02T01:01:04.695736+02:00
306895203,de:12067:900311239::1,0.0,2026-10-02T01:01:04.695736+02:00
306895203,de:12067:900311228::1,0.0,2026-10-02T01:01:04.695736+02:00
306895203,de:12067:900311269::1,0.0,2026-10-02T01:01:04.695736+02:00
306895203,de:12067:900310858::1,0.0,2026-10-02T01:01:04.695736+02:00
306895203,de:12067:900310060::1,0.0,2026-10-02T01:01:04.695736+02:00
306895203,de:12067:900310609::1,0.0,2026-10-02T01:01:04.695736+02:00
306895203,de:12067:900310909::1,0.0,2026-10-02T01:01:04.695736+02:00
306895203,de:12067:900310725::2,0.0,2026-10-02T01:01:04.695736+02:00
306895203,de:12067:900310738::2,0.0,2026-10-02T01:01:04.695736+02:00
306895203,de:12067:900310639::1,0.0,2026-10-02T01:01:04.695736+02:00
306895203,de:12067:900310626::1,0.0,2026-10-02T01:01:04.695736+02:00
306895203,de:12067:900311129::6,0.0,2026-10-02T01:01:04.695736+02:00
295946290,de:11000:900170004:1:50,0.0,2026-10-02T01:01:04.695736+02:00
295946290,de:11000:900170003:1:51,-0.3,2026-10-02T01:01:04.695736+02:00
295946290,de:11000:900170002:1:51,-0.1,2026-10-02T01:01:04.695736+02:00
295946290,de:11000:900170001:1:51,-0.9,2026-10-02T01:01:04.695736+02:00
295946290,de:11000:900170005:1:51,-0.7,2026-10-02T01:01:04.695736+02:00
295946290,de:11000:900171003:1:51,-0.6,2026-10-02T01:01:04.695736+02:00
295946290,de:11000:900171002:1:51,-0.9,2026-10-02T01:01:04.695736+02:00
295946290,de:11000:900160004:1:51,-0.3,2026-10-02T01:01:04.695736+02:00
295946290,de:11000:900160003:1:51,-0.4,2026-10-02T01:01:04.695736+02:00
295946290,de:11000:900120003:3:55,-0.6,2026-10-02T01:01:04.695736+02:00
295946290,de:11000:900120004:2:53,-0.1,2026-10-02T01:01:04.695736+02:00
295946290,de:11000:900120005:5:58,-0.4,2026-10-02T01:01:04.695736+02:00
295946290,de:11000:900100004:1:51,-0.9,2026-10-02T01:01:04.695736+02:00
295946290,de:11000:900100003:2:53,-0.9,2026-10-02T01:01:04.695736+02:00
295946290,de:11000:900100002:1:51,-0.9,2026-10-02T01:01:04.695736+02:00
295946290,de:11000:900100001:3:55,-0.9,2026-10-02T01:01:04.695736+02:00
295946290,de:11000:900003201:3:55,-0.6,2026-10-02T01:01:04.695736+02:00
295946290,de:11000:900003102:1:51,-0.3,2026-10-02T01:01:04.695736+02:00
295946290,de:11000:900003103:1:51,-0.4,2026-10-02T01:01:04.695736+02:00
295946290,de:11000:900023201:3:55,-0.3,2026-10-02T01:01:04.695736+02:00
295946290,de:11000:900024203:1:51,-0.3,2026-10-02T01:01:04.695736+02:00
295946290,de:11000:900024101:4:57,-0.3,2026-10-02T01:01:04.695736+02:00
295946290,de:11000:900024102:1:50,-0.6,2026-10-02T01:01:04.695736+02:00
295946290,de:11000:900048101:1:50,-0.8,2026-10-02T01:01:04.695736+02:00
295946290,de:11000:900052201:2:52,0.0,2026-10-02T01:01:04.695736+02:00
295946290,de:11000:900053301:1:50,-0.4,2026-10-02T01:01:04.695736+02:00
295946290,de:12054:900230003:1:50,-0.4,2026-10-02T01:01:04.695736+02:00
295946290,de:12054:900230000:1:51,-0.4,2026-10-02T01:01:04.695736+02:00
295946290,de:12054:900230999:3:55,-0.9,2026-10-02T01:01:04.695736+02:00
306895425,de:12067:900311083::3,0.0,2026-10-02T01:01:04.695736+02:00
306895425,de:12067:900310775::1,0.0,2026-10-02T01:01:04.695736+02:00
306895425,de:12067:900311083::2,0.0,2026-10-02T01:01:04.695736+02:00
306895425,de:12067:900310814::2,0.0,2026-10-02T01:01:04.695736+02:00
306895425,de:12067:900310628::2,0.0,2026-10-02T01:01:04.695736+02:00
306895425,de:12067:900310793::2,0.0,2026-10-02T01:01:04.695736+02:00
306895425,de:12067:900310774::1,0.0,2026-10-02T01:01:04.695736+02:00
306895425,de:12067:900310792::1,0.0,2026-10-02T01:01:04.695736+02:00
306895425,de:12067:900310825::1,0.0,2026-10-02T01:01:04.695736+02:00
306895425,de:12067:900310809::2,0.0,2026-10-02T01:01:04.695736+02:00
306895425,de:12067:900310787::2,0.0,2026-10-02T01:01:04.695736+02:00
306895425,de:12067:900310790::2,0.0,2026-10-02T01:01:04.695736+02:00
306895425,de:12067:900310788::2,0.0,2026-10-02T01:01:04.695736+02:00
306895425,de:12067:900310696::2,0.0,2026-10-02T01:01:04.695736+02:00
306895425,de:12067:900310001::11,0.0,2026-10-02T01:01:04.695736+02:00
306895425,de:12067:900310001::2,0.0,2026-10-02T01:01:04.695736+02:00
306895425,de:12067:900310816::1,0.0,2026-10-02T01:01:04.695736+02:00
306895425,de:12067:900310627::1,0.0,2026-10-02T01:01:04.695736+02:00
306895425,de:12067:900310781::1,0.0,2026-10-02T01:01:04.695736+02:00
306895425,de:12067:900310822::1,0.0,2026-10-02T01:01:04.695736+02:00
306895425,de:12067:900310808::1,0.0,2026-10-02T01:01:04.695736+02:00
306895425,de:12067:900310779::1,0.0,2026-10-02T01:01:04.695736+02:00
306895425,de:12067:900310995::1,0.0,2026-10-02T01:01:04.695736+02:00
306895425,de:12067:900311104::1,0.0,2026-10-02T01:01:04.695736+02:00
306895425,de:12067:900310784::1,0.0,2026-10-02T01:01:04.695736+02:00
306895425,de:12067:900310786::1,0.0,2026-10-02T01:01:04.695736+02:00
306895425,de:12067:900310768::1,0.0,2026-10-02T01:01:04.695736+02:00
306895425,de:12067:900310023::1,0.0,2026-10-02T01:01:04.695736+02:00
306895425,de:12067:900310778::1,0.0,2026-10-02T01:01:04.695736+02:00
306895425,de:12067:900310806::1,0.0,2026-10-02T01:01:04.695736+02:00
306895425,de:12067:900310812::1,0.0,2026-10-02T01:01:04.695736+02:00
306895425,de:12067:900310770::1,0.0,2026-10-02T01:01:04.695736+02:00
306895425,de:12067:900310010::3,0.0,2026-10-02T01:01:04.695736+02:00
306895425,de:12067:900310880::1,0.0,2026-10-02T01:01:04.695736+02:00
306895425,de:12067:900310815::1,0.0,2026-10-02T01:01:04.695736+02:00
306895425,de:12067:900310807::1,0.0,2026-10-02T01:01:04.695736+02:00
295946178,de:12054:900230999:3:54,0.0,2026-10-02T01:01:04.695736+02:00
295946178,de:12054:900230000:1:50,-0.3,2026-10-02T01:01:04.695736+02:00
295946178,de:12054:900230003:1:54,-0.3,2026-10-02T01:01:04.695736+02:00
295946178,de:11000:900053301:2:53,-0.4,2026-10-02T01:01:04.695736+02:00
295946178,de:11000:900052201:2:53,-0.7,2026-10-02T01:01:04.695736+02:00
295946178,de:11000:900048101:2:53,-0.9,2026-10-02T01:01:04.695736+02:00
295946178,de:11000:900024102:2:53,-0.9,2026-10-02T01:01:04.695736+02:00
295946178,de:11000:900024101:3:55,-0.3,2026-10-02T01:01:04.695736+02:00
295946178,de:11000:900024203:1:51,-0.3,2026-10-02T01:01:04.695736+02:00
295946178,de:11000:900023201:3:54,-0.2,2026-10-02T01:01:04.695736+02:00
295946178,de:11000:900003103:1:50,-0.3,2026-10-02T01:01:04.695736+02:00
295946178,de:11000:900003102:1:50,-0.4,2026-10-02T01:01:04.695736+02:00
295946178,de:11000:900003201:3:54,0.0,2026-10-02T01:01:04.695736+02:00
295946178,de:11000:900100001:3:54,-0.6,2026-10-02T01:01:04.695736+02:00
295946178,de:11000:900100002:1:50,-0.9,2026-10-02T01:01:04.695736+02:00
295946178,de:11000:900100003:2:52,-0.6,2026-10-02T01:01:04.695736+02:00
295946178,de:11000:900100004:1:50,-0.9,2026-10-02T01:01:04.695736+02:00
295946178,de:11000:900120005:4:55,-0.1,2026-10-02T01:01:04.695736+02:00
295946178,de:11000:900120004:1:50,-0.6,2026-10-02T01:01:04.695736+02:00
295946178,de:11000:900120003:2:53,-0.9,2026-10-02T01:01:04.695736+02:00
295946178,de:11000:900160003:1:50,-0.2,2026-10-02T01:01:04.695736+02:00
295946178,de:11000:900160004:1:50,-0.2,2026-10-02T01:01:04.695736+02:00
295946178,de:11000:900171002:1:50,-0.7,2026-10-02T01:01:04.695736+02:00
295946178,de:11000:900171003:1:50,-0.8,2026-10-02T01:01:04.695736+02:00
295946178,de:11000:900170005:1:50,-0.3,2026-10-02T01:01:04.695736+02:00
295946178,de:11000:900170001:1:50,-0.1,2026-10-02T01:01:04.695736+02:00
295946178,de:11000:900170002:1:50,-0.9,2026-10-02T01:01:04.695736+02:00
295946178,de:11000:900170003:1:50,-0.7,2026-10-02T01:01:04.695736+02:00
295946178,de:11000:900170004:1:50,-0.9,2026-10-02T01:01:04.695736+02:00
295953604,de:11000:900151001:1:51,0.0,2026-10-02T01:01:04.695736+02:00
295953604,de:11000:900152001:1:51,-0.6,2026-10-02T01:01:04.695736+02:00
295953604,de:11000:900152002:1:51,-0.2,2026-10-02T01:01:04.695736+02:00
295953604,de:11000:900171003:1:51,-0.9,2026-10-02T01:01:04.695736+02:00
295953604,de:11000:900171002:1:51,-0.9,2026-10-02T01:01:04.695736+02:00
295953604,de:11000:900160004:1:51,-0.3,2026-10-02T01:01:04.695736+02:00
295953604,de:11000:900160003:1:51,-0.4,2026-10-02T01:01:04.695736+02:00
295953604,de:11000:900120003:3:54,-0.6,2026-10-02T01:01:04.695736+02:00
295953604,de:11000:900120004:2:52,-0.1,2026-10-02T01:01:04.695736+02:00
306897220,de:12053:900360000::4,0.0,2026-10-02T01:01:04.695736+02:00
306897220,de:12053:900360021::4,0.0,2026-10-02T01:01:04.695736+02:00
306897220,de:12053:900360059::4,0.0,2026-10-02T01:01:04.695736+02:00
306897220,de:12053:900360041::4,0.0,2026-10-02T01:01:04.695736+02:00
306897220,de:12053:900360135::2,0.0,2026-10-02T01:01:04.695736+02:00
306897220,de:12053:900360083::2,0.0,2026-10-02T01:01:04.695736+02:00
306897220,de:12053:900360096::4,0.0,2026-10-02T01:01:04.695736+02:00
306897220,de:12053:900360213::4,0.0,2026-10-02T01:01:04.695736+02:00
306897220,de:12053:900360062::2,0.0,2026-10-02T01:01:04.695736+02:00
306897220,de:12067:900311485::1,0.0,2026-10-02T01:01:04.695736+02:00
306897220,de:12067:900311482::2,0.0,2026-10-02T01:01:04.695736+02:00
306897220,de:12067:900311489::1,0.0,2026-10-02T01:01:04.695736+02:00
306897220,de:12067:900311483::2,0.0,2026-10-02T01:01:04.695736+02:00
306897220,de:12067:900310935::1,0.0,2026-10-02T01:01:04.695736+02:00
306897220,de:12067:900310933::1,0.0,2026-10-02T01:01:04.695736+02:00
306897220,de:12067:900311540::2,0.0,2026-10-02T01:01:04.695736+02:00
306897220,de:12067:900310615::2,0.0,2026-10-02T01:01:04.695736+02:00
306897220,de:12067:900310725::2,0.0,2026-10-02T01:01:04.695736+02:00
306897220,de:12067:900310738::2,0.0,2026-10-02T01:01:04.695736+02:00
306897220,de:12067:900310639::1,0.0,2026-10-02T01:01:04.695736+02:00
306897220,de:12067:900310626::1,0.0,2026-10-02T01:01:04.695736+02:00
306897220,de:12067:900311129::6,0.0,2026-10-02T01:01:04.695736+02:00
295953505,de:11000:900120004:1:51,0.0,2026-10-02T01:01:04.695736+02:00
295953505,de:11000:900120003:2:52,-0.9,2026-10-02T01:01:04.695736+02:00
295953505,de:11000:900160003:1:50,-0.2,2026-10-02T01:01:04.695736+02:00
295953505,de:11000:900160004:1:50,-0.2,2026-10-02T01:01:04.695736+02:00
295953505,de:11000:900171002:1:50,-0.7,2026-10-02T01:01:04.695736+02:00
295953505,de:11000:900171003:1:50,-0.8,2026-10-02T01:01:04.695736+02:00
295953505,de:11000:900152002:1:50,-0.4,2026-10-02T01:01:04.695736+02:00
295953505,de:11000:900152001:1:50,-0.6,2026-10-02T01:01:04.695736+02:00
295953505,de:11000:900151001:1:51,-0.9,2026-10-02T01:01:04.695736+02:00
295953586,de:11000:900151001:1:51,0.0,2026-10-02T01:01:04.695736+02:00
295953586,de:11000:900152001:1:51,-0.6,2026-10-02T01:01:04.695736+02:00
295953586,de:11000:900152002:1:51,-0.2,2026-10-02T01:01:04.695736+02:00
295953586,de:11000:900171003:1:51,-0.9,2026-10-02T01:01:04.695736+02:00
295953586,de:11000:900171002:1:51,-0.9,2026-10-02T01:01:04.695736+02:00
295953586,de:11000:900160004:1:51,-0.3,2026-10-02T01:01:04.695736+02:00
295953586,de:11000:900160003:1:51,-0.4,2026-10-02T01:01:04.695736+02:00
295953586,de:11000:900120003:3:54,-0.6,2026-10-02T01:01:04.695736+02:00
295953586,de:11000:900120004:2:52,-0.1,2026-10-02T01:01:04.695736+02:00
295953579,de:11000:900151001:1:51,0.0,2026-10-02T01:01:04.695736+02:00
295953579,de:11000:900152001:1:51,-0.6,2026-10-02T01:01:04.695736+02:00
295953579,de:11000:900152002:1:51,-0.2,2026-10-02T01:01:04.695736+02:00
295953579,de:11000:900171003:1:51,-0.9,2026-10-02T01:01:04.695736+02:00
295953579,de:11000:900171002:1:51,-0.9,2026-10-02T01:01:04.695736+02:00
295953579,de:11000:900160004:1:51,-0.3,2026-10-02T01:01:04.695736+02:00
295953579,de:11000:900160003:1:51,-0.4,2026-10-02T01:01:04.695736+02:00
295953579,de:11000:900120003:3:54,-0.6,2026-10-02T01:01:04.695736+02:00
295953579,de:11000:900120004:2:52,-0.1,2026-10-02T01:01:04.695736+02:00
295949478,de:12054:900230999:3:55,0.0,2026-10-02T01:01:04.695736+02:00
295949478,de:12054:900230000:1:50,-0.3,2026-10-02T01:01:04.695736+02:00
295949478,de:12054:900230003:1:54,-0.3,2026-10-02T01:01:04.695736+02:00
295949478,de:11000:900053301:2:53,-0.4,2026-10-02T01:01:04.695736+02:00
295949478,de:11000:900052201:2:53,-0.7,2026-10-02T01:01:04.695736+02:00
295949478,de:11000:900048101:2:53,-0.9,2026-10-02T01:01:04.695736+02:00
295949478,de:11000:900024102:2:53,-0.9,2026-10-02T01:01:04.695736+02:00
295949478,de:11000:900024101:3:55,-0.3,2026-10-02T01:01:04.695736+02:00
295949478,de:11000:900024203:1:51,-0.3,2026-10-02T01:01:04.695736+02:00
295949478,de:11000:900023201:3:54,-0.2,2026-10-02T01:01:04.695736+02:00
295949478,de:11000:900003103:1:50,-0.3,2026-10-02T01:01:04.695736+02:00
295949478,de:11000:900003102:1:50,-0.4,2026-10-02T01:01:04.695736+02:00
295949478,de:11000:900003201:3:54,0.0,2026-10-02T01:01:04.695736+02:00
295949478,de:11000:900100001:3:54,-0.6,2026-10-02T01:01:04.695736+02:00
295949478,de:11000:900100002:1:50,-0.9,2026-10-02T01:01:04.695736+02:00
295949478,de:11000:900100003:2:52,-0.6,2026-10-02T01:01:04.695736+02:00
295949478,de:11000:900100004:1:50,-0.9,2026-10-02T01:01:04.695736+02:00
295949478,de:11000:900120005:4:55,-0.1,2026-10-02T01:01:04.695736+02:00
295949478,de:11000:900120004:1:50,-0.6,2026-10-02T01:01:04.695736+02:00
295949478,de:11000:900120003:2:53,-0.9,2026-10-02T01:01:04.695736+02:00
295949478,de:11000:900160003:1:50,-0.2,2026-10-02T01:01:04.695736+02:00
295949478,de:11000:900160004:1:50,-0.2,2026-10-02T01:01:04.695736+02:00
295949478,de:11000:900171002:1:50,-0.7,2026-10-02T01:01:04.695736+02:00
295949478,de:11000:900171003:1:50,-0.8,2026-10-02T01:01:04.695736+02:00
295949478,de:11000:900170005:1:50,-0.3,2026-10-02T01:01:04.695736+02:00
295949478,de:11000:900170001:1:50,-0.1,2026-10-02T01:01:04.695736+02:00
295949478,de:11000:900170002:1:50,-0.9,2026-10-02T01:01:04.695736+02:00
295949478,de:11000:900170003:1:50,-0.7,2026-10-02T01:01:04.695736+02:00
295949478,de:11000:900170004:2:52,-0.9,2026-10-02T01:01:04.695736+02:00
295953538,de:11000:900151001:1:51,0.0,2026-10-02T01:01:04.695736+02:00
295953538,de:11000:900152001:1:51,-0.6,2026-10-02T01:01:04.695736+02:00
295953538,de:11000:900152002:1:51,-0.2,2026-10-02T01:01:04.695736+02:00
295953538,de:11000:900171003:1:51,-0.9,2026-10-02T01:01:04.695736+02:00
295953538,de:11000:900171002:1:51,-0.9,2026-10-02T01:01:04.695736+02:00
295953538,de:11000:900160004:1:51,-0.3,2026-10-02T01:01:04.695736+02:00
295953538,de:11000:900160003:1:51,-0.4,2026-10-02T01:01:04.695736+02:00
295953538,de:11000:900120003:3:55,-0.6,2026-10-02T01:01:04.695736+02:00
295953538,de:11000:900120004:2:53,-0.1,2026-10-02T01:01:04.695736+02:00
295953538,de:11000:900120005:5:57,-0.4,2026-10-02T01:01:04.695736+02:00
295956081,de:11000:900151001:1:50,0.0,2026-10-02T01:01:04.695736+02:00
295956081,de:11000:900152001:1:51,-0.6,2026-10-02T01:01:04.695736+02:00
295956081,de:11000:900152002:1:51,-0.2,2026-10-02T01:01:04.695736+02:00
295956081,de:11000:900171003:1:51,-0.9,2026-10-02T01:01:04.695736+02:00
295956081,de:11000:900171002:1:51,-0.9,2026-10-02T01:01:04.695736+02:00
295956081,de:11000:900160004:1:51,-0.3,2026-10-02T01:01:04.695736+02:00
295956081,de:11000:900160003:1:51,-0.4,2026-10-02T01:01:04.695736+02:00
295956081,de:11000:900120003:3:54,-0.6,2026-10-02T01:01:04.695736+02:00
295956081,de:11000:900120004:2:52,-0.1,2026-10-02T01:01:04.695736+02:00
295949458,de:12054:900230999:3:55,0.0,2026-10-02T01:01:04.695736+02:00
295949458,de:12054:900230000:1:50,-0.3,2026-10-02T01:01:04.695736+02:00
295949458,de:12054:900230003:1:54,-0.3,2026-10-02T01:01:04.695736+02:00
295949458,de:11000:900053301:2:53,-0.4,2026-10-02T01:01:04.695736+02:00
295949458,de:11000:900052201:2:53,-0.7,2026-10-02T01:01:04.695736+02:00
295949458,de:11000:900048101:2:53,-0.9,2026-10-02T01:01:04.695736+02:00
295949458,de:11000:900024102:2:53,-0.9,2026-10-02T01:01:04.695736+02:00
295949458,de:11000:900024101:3:55,-0.3,2026-10-02T01:01:04.695736+02:00
295949458,de:11000:900024203:1:51,-0.3,2026-10-02T01:01:04.695736+02:00
295949458,de:11000:900023201:3:54,-0.2,2026-10-02T01:01:04.695736+02:00
295949458,de:11000:900003103:1:50,-0.3,2026-10-02T01:01:04.695736+02:00
295949458,de:11000:900003102:1:50,-0.4,2026-10-02T01:01:04.695736+02:00
295949458,de:11000:900003201:3:54,0.0,2026-10-02T01:01:04.695736+02:00
295949458,de:11000:900100001:3:54,-0.6,2026-10-02T01:01:04.695736+02:00
295949458,de:11000:900100002:1:50,-0.9,2026-10-02T01:01:04.695736+02:00
295949458,de:11000:900100003:2:52,-0.6,2026-10-02T01:01:04.695736+02:00
295949458,de:11000:900100004:1:50,-0.9,2026-10-02T01:01:04.695736+02:00
295949458,de:11000:900120005:4:55,-0.1,2026-10-02T01:01:04.695736+02:00
295949458,de:11000:900120004:1:50,-0.6,2026-10-02T01:01:04.695736+02:00
295949458,de:11000:900120003:2:53,-0.9,2026-10-02T01:01:04.695736+02:00
295949458,de:11000:900160003:1:50,-0.2,2026-10-02T01:01:04.695736+02:00
295949458,de:11000:900160004:1:50,-0.2,2026-10-02T01:01:04.695736+02:00
295949458,de:11000:900171002:1:50,-0.7,2026-10-02T01:01:04.695736+02:00
295949458,de:11000:900171003:1:50,-0.8,2026-10-02T01:01:04.695736+02:00
295949458,de:11000:900170005:1:50,-0.3,2026-10-02T01:01:04.695736+02:00
295949458,de:11000:900170001:1:50,-0.1,2026-10-02T01:01:04.695736+02:00
295949458,de:11000:900170002:1:50,-0.9,2026-10-02T01:01:04.695736+02:00
295949458,de:11000:900170003:1:50,-0.7,2026-10-02T01:01:04.695736+02:00
295949458,de:11000:900170004:2:52,-0.9,2026-10-02T01:01:04.695736+02:00
307436058,de:12066:900435000:2:53,0.0,2026-10-02T01:01:04.695736+02:00
307436058,de:12066:900435001:2:51,0.0,2026-10-02T01:01:04.695736+02:00
307436058,de:12066:900435339:1:50,0.0,2026-10-02T01:01:04.695736+02:00
307436058,de:12066:900435209:1:50,0.0,2026-10-02T01:01:04.695736+02:00
307436058,de:12066:900435818:1:50,0.0,2026-10-02T01:01:04.695736+02:00
307436058,de:12066:900435459:1:50,0.0,2026-10-02T01:01:04.695736+02:00
307436058,de:12066:900435602:2:51,0.0,2026-10-02T01:01:04.695736+02:00
307436058,de:12061:900261512:2:52,0.0,2026-10-02T01:01:04.695736+02:00
307436036,de:12066:900435000:2:53,0.0,2026-10-02T01:01:04.695736+02:00
307436036,de:12066:900435001:2:51,0.0,2026-10-02T01:01:04.695736+02:00
307436036,de:12066:900435339:1:50,0.0,2026-10-02T01:01:04.695736+02:00
307436036,de:12066:900435209:1:50,0.0,2026-10-02T01:01:04.695736+02:00
307436036,de:12066:900435818:1:50,0.0,2026-10-02T01:01:04.695736+02:00
307436036,de:12066:900435459:1:50,0.0,2026-10-02T01:01:04.695736+02:00
307436036,de:12066:900435602:2:51,0.0,2026-10-02T01:01:04.695736+02:00
307436036,de:12061:900261512:2:52,0.0,2026-10-02T01:01:04.695736+02:00
295949440,de:12054:900230999:3:55,0.0,2026-10-02T01:01:04.695736+02:00
295949440,de:12054:900230000:1:50,-0.3,2026-10-02T01:01:04.695736+02:00
295949440,de:12054:900230003:1:54,-0.3,2026-10-02T01:01:04.695736+02:00
295949440,de:11000:900053301:2:53,-0.4,2026-10-02T01:01:04.695736+02:00
295949440,de:11000:900052201:2:53,-0.7,2026-10-02T01:01:04.695736+02:00
295949440,de:11000:900048101:2:53,-0.9,2026-10-02T01:01:04.695736+02:00
295949440,de:11000:900024102:2:53,-0.9,2026-10-02T01:01:04.695736+02:00
295949440,de:11000:900024101:3:55,-0.3,2026-10-02T01:01:04.695736+02:00
295949440,de:11000:900024203:1:51,-0.3,2026-10-02T01:01:04.695736+02:00
295949440,de:11000:900023201:3:54,-0.2,2026-10-02T01:01:04.695736+02:00
295949440,de:11000:900003103:1:50,-0.3,2026-10-02T01:01:04.695736+02:00
295949440,de:11000:900003102:1:50,-0.4,2026-10-02T01:01:04.695736+02:00
295949440,de:11000:900003201:3:54,0.0,2026-10-02T01:01:04.695736+02:00
295949440,de:11000:900100001:3:54,-0.6,2026-10-02T01:01:04.695736+02:00
295949440,de:11000:900100002:1:50,-0.9,2026-10-02T01:01:04.695736+02:00
295949440,de:11000:900100003:2:52,-0.6,2026-10-02T01:01:04.695736+02:00
295949440,de:11000:900100004:1:50,-0.9,2026-10-02T01:01:04.695736+02:00
295949440,de:11000:900120005:4:55,-0.1,2026-10-02T01:01:04.695736+02:00
295949440,de:11000:900120004:1:50,-0.6,2026-10-02T01:01:04.695736+02:00
295949440,de:11000:900120003:2:53,-0.9,2026-10-02T01:01:04.695736+02:00
295949440,de:11000:900160003:1:50,-0.2,2026-10-02T01:01:04.695736+02:00
295949440,de:11000:900160004:1:50,-0.2,2026-10-02T01:01:04.695736+02:00
295949440,de:11000:900171002:1:50,-0.7,2026-10-02T01:01:04.695736+02:00
295949440,de:11000:900171003:1:50,-0.8,2026-10-02T01:01:04.695736+02:00
295949440,de:11000:900170005:1:50,-0.3,2026-10-02T01:01:04.695736+02:00
295949440,de:11000:900170001:1:50,-0.1,2026-10-02T01:01:04.695736+02:00
295949440,de:11000:900170002:1:50,-0.9,2026-10-02T01:01:04.695736+02:00
295949440,de:11000:900170003:1:50,-0.7,2026-10-02T01:01:04.695736+02:00
295949440,de:11000:900170004:2:52,-0.9,2026-10-02T01:01:04.695736+02:00
295949436,de:12054:900230999:3:55,0.0,2026-10-02T01:01:04.695736+02:00
295949436,de:12054:900230000:1:50,-0.3,2026-10-02T01:01:04.695736+02:00
295949436,de:12054:900230003:1:54,-0.3,2026-10-02T01:01:04.695736+02:00
295949436,de:11000:900053301:2:53,-0.4,2026-10-02T01:01:04.695736+02:00
295949436,de:11000:900052201:2:53,-0.7,2026-10-02T01:01:04.695736+02:00
295949436,de:11000:900048101:2:53,-0.9,2026-10-02T01:01:04.695736+02:00
295949436,de:11000:900024102:2:53,-0.9,2026-10-02T01:01:04.695736+02:00
295949436,de:11000:900024101:3:55,-0.3,2026-10-02T01:01:04.695736+02:00
295949436,de:11000:900024203:1:51,-0.3,2026-10-02T01:01:04.695736+02:00
295949436,de:11000:900023201:3:54,-0.2,2026-10-02T01:01:04.695736+02:00
295949436,de:11000:900003103:1:50,-0.3,2026-10-02T01:01:04.695736+02:00
295949436,de:11000:900003102:1:50,-0.4,2026-10-02T01:01:04.695736+02:00
295949436,de:11000:900003201:3:54,0.0,2026-10-02T01:01:04.695736+02:00
295949436,de:11000:900100001:3:54,-0.6,2026-10-02T01:01:04.695736+02:00
295949436,de:11000:900100002:1:50,-0.9,2026-10-02T01:01:04.695736+02:00
295949436,de:11000:900100003:2:52,-0.6,2026-10-02T01:01:04.695736+02:00
295949436,de:11000:900100004:1:50,-0.9,2026-10-02T01:01:04.695736+02:00
295949436,de:11000:900120005:4:55,-0.1,2026-10-02T01:01:04.695736+02:00
295949436,de:11000:900120004:1:50,-0.6,2026-10-02T01:01:04.695736+02:00
295949436,de:11000:900120003:2:53,-0.9,2026-10-02T01:01:04.695736+02:00
295949436,de:11000:900160003:1:50,-0.2,2026-10-02T01:01:04.695736+02:00
295949436,de:11000:900160004:1:50,-0.2,2026-10-02T01:01:04.695736+02:00
295949436,de:11000:900171002:1:50,-0.7,2026-10-02T01:01:04.695736+02:00
295949436,de:11000:900171003:1:50,-0.8,2026-10-02T01:01:04.695736+02:00
295949436,de:11000:900170005:1:50,-0.3,2026-10-02T01:01:04.695736+02:00
295949436,de:11000:900170001:1:50,-0.1,2026-10-02T01:01:04.695736+02:00
295949436,de:11000:900170002:1:50,-0.9,2026-10-02T01:01:04.695736+02:00
295949436,de:11000:900170003:1:50,-0.7,2026-10-02T01:01:04.695736+02:00
295949436,de:11000:900170004:2:52,-0.9,2026-10-02T01:01:04.695736+02:00
295960053,de:12061:900260002:1:50,0.0,2026-10-02T01:01:04.695736+02:00
295960053,de:12061:900260003:1:51,-0.7,2026-10-02T01:01:04.695736+02:00
295960053,de:12061:900260004:1:51,-0.9,2026-10-02T01:01:04.695736+02:00
295960053,de:11000:900186001:2:53,-0.2,2026-10-02T01:01:04.695736+02:00
295960053,de:11000:900193002:1:51,-0.2,2026-10-02T01:01:04.695736+02:00
295960053,de:11000:900193001:2:51,-0.8,2026-10-02T01:01:04.695736+02:00
295960053,de:11000:900192001:3:55,-0.7,2026-10-02T01:01:04.695736+02:00
295960053,de:11000:900191001:1:50,-0.4,2026-10-02T01:01:04.695736+02:00
295960053,de:11000:900191002:1:51,-0.8,2026-10-02T01:01:04.695736+02:00
295960053,de:11000:900190001:2:53,-0.6,2026-10-02T01:01:04.695736+02:00
295960053,de:11000:900120003:5:59,0.0,2026-10-02T01:01:04.695736+02:00
295960053,de:11000:900120001:1:51,-0.6,2026-10-02T01:01:04.695736+02:00
295960053,de:11000:900110012:1:51,-0.8,2026-10-02T01:01:04.695736+02:00
295960053,de:11000:900110004:1:51,-0.7,2026-10-02T01:01:04.695736+02:00
295960053,de:11000:900110003:1:51,0.0,2026-10-02T01:01:04.695736+02:00
295960053,de:11000:900110002:1:51,0.0,2026-10-02T01:01:04.695736+02:00
295960053,de:11000:900110001:1:51,-0.7,2026-10-02T01:01:04.695736+02:00
295960053,de:11000:900110011:2:52,-0.4,2026-10-02T01:01:04.695736+02:00
295960053,de:11000:900130002:1:50,0.0,2026-10-02T01:01:04.695736+02:00
295960053,de:11000:900130001:1:50,-0.7,2026-10-02T01:01:04.695736+02:00
295960053,de:11000:900142001:1:50,-0.2,2026-10-02T01:01:04.695736+02:00
295960053,de:12065:900200013:1:50,-0.3,2026-10-02T01:01:04.695736+02:00
295960053,de:12065:900200012:1:50,-0.9,2026-10-02T01:01:04.695736+02:00
295960053,de:12065:900200011:1:50,-0.4,2026-10-02T01:01:04.695736+02:00
295960053,de:12065:900200009:1:50,-0.9,2026-10-02T01:01:04.695736+02:00
295960053,de:12065:900200008:1:50,-0.9,2026-10-02T01:01:04.695736+02:00
295959960,de:12065:900200008:1:51,0.0,2026-10-02T01:01:04.695736+02:00
295959960,de:12065:900200009:1:51,-0.7,2026-10-02T01:01:04.695736+02:00
295959960,de:12065:900200011:1:51,-0.3,2026-10-02T01:01:04.695736+02:00
295959960,de:12065:900200012:1:51,-0.8,2026-10-02T01:01:04.695736+02:00
295959960,de:12065:900200013:1:50,-0.4,2026-10-02T01:01:04.695736+02:00
295959960,de:11000:900142001:1:51,-0.7,2026-10-02T01:01:04.695736+02:00
295959960,de:11000:900130001:1:51,-0.2,2026-10-02T01:01:04.695736+02:00
295959960,de:11000:900130002:1:51,-0.7,2026-10-02T01:01:04.695736+02:00
295959960,de:11000:900110011:1:51,-0.2,2026-10-02T01:01:04.695736+02:00
295959960,de:11000:900110001:1:50,-0.2,2026-10-02T01:01:04.695736+02:00
295959960,de:11000:900110002:1:50,-0.9,2026-10-02T01:01:04.695736+02:00
295959960,de:11000:900110003:1:50,-0.9,2026-10-02T01:01:04.695736+02:00
295959960,de:11000:900110004:1:50,-0.3,2026-10-02T01:01:04.695736+02:00
295959960,de:11000:900110012:1:50,-0.2,2026-10-02T01:01:04.695736+02:00
295959960,de:11000:900120001:1:50,-0.2,2026-10-02T01:01:04.695736+02:00
295959960,de:11000:900120003:5:58,-0.6,2026-10-02T01:01:04.695736+02:00
295959960,de:11000:900190001:1:50,-0.1,2026-10-02T01:01:04.695736+02:00
295959960,de:11000:900191002:1:50,0.0,2026-10-02T01:01:04.695736+02:00
295959960,de:11000:900191001:2:52,-0.4,2026-10-02T01:01:04.695736+02:00
295959960,de:11000:900192001:2:52,-0.2,2026-10-02T01:01:04.695736+02:00
295959960,de:11000:900193001:1:50,-0.7,2026-10-02T01:01:04.695736+02:00
295959960,de:11000:900193002:1:50,-0.3,2026-10-02T01:01:04.695736+02:00
295959960,de:11000:900186001:1:51,-0.3,2026-10-02T01:01:04.695736+02:00
295960029,de:11000:900186001:2:52,0.0,2026-10-02T01:01:04.695736+02:00
295960029,de:11000:900193002:1:51,-0.2,2026-10-02T01:01:04.695736+02:00
295960029,de:11000:900193001:2:51,-0.8,2026-10-02T01:01:04.695736+02:00
295960029,de:11000:900192001:3:55,-0.7,2026-10-02T01:01:04.695736+02:00
295960029,de:11000:900191001:1:50,-0.4,2026-10-02T01:01:04.695736+02:00
295960029,de:11000:900191002:1:51,-0.8,2026-10-02T01:01:04.695736+02:00
295960029,de:11000:900190001:2:53,-0.6,2026-10-02T01:01:04.695736+02:00
295960029,de:11000:900120003:5:59,0.0,2026-10-02T01:01:04.695736+02:00
295960029,de:11000:900120001:1:51,-0.6,2026-10-02T01:01:04.695736+02:00
295960029,de:11000:900110012:1:51,-0.8,2026-10-02T01:01:04.695736+02:00
295960029,de:11000:900110004:1:51,-0.7,2026-10-02T01:01:04.695736+02:00
295960029,de:11000:900110003:1:51,0.0,2026-10-02T01:01:04.695736+02:00
295960029,de:11000:900110002:1:51,0.0,2026-10-02T01:01:04.695736+02:00
295960029,de:11000:900110001:1:51,-0.7,2026-10-02T01:01:04.695736+02:00
295960029,de:11000:900110011:2:52,-0.4,2026-10-02T01:01:04.695736+02:00
295960029,de:11000:900130002:1:50,0.0,2026-10-02T01:01:04.695736+02:00
295960029,de:11000:900130001:1:50,-0.7,2026-10-02T01:01:04.695736+02:00
295960029,de:11000:900142001:1:50,-0.2,2026-10-02T01:01:04.695736+02:00
295963606,de:11000:900092201:1:51,0.0,2026-10-02T01:01:04.695736+02:00
295963606,de:11000:900093201:1:51,-0.4,2026-10-02T01:01:04.695736+02:00
295963606,de:11000:900094101:1:51,-0.3,2026-10-02T01:01:04.695736+02:00
295963606,de:11000:900096101:1:51,-0.1,2026-10-02T01:01:04.695736+02:00
295963606,de:11000:900084101:1:51,-0.2,2026-10-02T01:01:04.695736+02:00
295963606,de:11000:900085201:1:51,-0.8,2026-10-02T01:01:04.695736+02:00
295963606,de:11000:900130003:1:51,-0.8,2026-10-02T01:01:04.695736+02:00
295963606,de:11000:900110011:1:50,-0.9,2026-10-02T01:01:04.695736+02:00
295963606,de:11000:900110001:1:50,-0.2,2026-10-02T01:01:04.695736+02:00
295963606,de:11000:900110002:1:50,-0.9,2026-10-02T01:01:04.695736+02:00
295963606,de:11000:900110003:1:50,-0.9,2026-10-02T01:01:04.695736+02:00
295963606,de:11000:900110004:1:50,-0.3,2026-10-02T01:01:04.695736+02:00
295963606,de:11000:900110012:1:50,-0.2,2026-10-02T01:01:04.695736+02:00
295963606,de:11000:900120001:1:50,-0.2,2026-10-02T01:01:04.695736+02:00
295963606,de:11000:900120003:5:58,-0.6,2026-10-02T01:01:04.695736+02:00
295963606,de:11000:900190001:1:51,-0.1,2026-10-02T01:01:04.695736+02:00
295963606,de:11000:900191002:1:50,0.0,2026-10-02T01:01:04.695736+02:00
295963606,de:11000:900191001:2:52,-0.4,2026-10-02T01:01:04.695736+02:00
295963606,de:11000:900192001:2:52,-0.2,2026-10-02T01:01:04.695736+02:00
295963606,de:11000:900193001:1:50,-0.7,2026-10-02T01:01:04.695736+02:00
295963606,de:11000:900193002:1:50,-0.3,2026-10-02T01:01:04.695736+02:00
295963606,de:11000:900195510:1:51,-0.7,2026-10-02T01:01:04.695736+02:00
295963606,de:11000:900196001:1:50,-0.9,2026-10-02T01:01:04.695736+02:00
295963606,de:12061:900260005:3:54,-0.7,2026-10-02T01:01:04.695736+02:00
295963606,de:12061:900260080:1:50,0.0,2026-10-02T01:01:04.695736+02:00
295963606,de:12061:900260009:3:56,-0.2,2026-10-02T01:01:04.695736+02:00
295963707,de:12061:900260009:3:56,0.0,2026-10-02T01:01:04.695736+02:00
295963707,de:12061:900260080:1:51,-0.7,2026-10-02T01:01:04.695736+02:00
295963707,de:12061:900260005:3:55,0.0,2026-10-02T01:01:04.695736+02:00
295963707,de:11000:900196001:1:51,0.0,2026-10-02T01:01:04.695736+02:00
295963707,de:11000:900195510:1:50,-0.4,2026-10-02T01:01:04.695736+02:00
295963707,de:11000:900193002:1:51,-0.6,2026-10-02T01:01:04.695736+02:00
295963707,de:11000:900193001:2:51,-0.3,2026-10-02T01:01:04.695736+02:00
295963707,de:11000:900192001:3:55,-0.2,2026-10-02T01:01:04.695736+02:00
295963707,de:11000:900191001:1:50,-0.9,2026-10-02T01:01:04.695736+02:00
295963707,de:11000:900191002:1:51,-0.3,2026-10-02T01:01:04.695736+02:00
295963707,de:11000:900190001:2:53,-0.1,2026-10-02T01:01:04.695736+02:00
295963707,de:11000:900120003:5:59,-0.3,2026-10-02T01:01:04.695736+02:00
295963707,de:11000:900120001:1:51,-0.6,2026-10-02T01:01:04.695736+02:00
295963707,de:11000:900110012:1:51,-0.8,2026-10-02T01:01:04.695736+02:00
295963707,de:11000:900110004:1:51,-0.7,2026-10-02T01:01:04.695736+02:00
295963707,de:11000:900110003:1:51,0.0,2026-10-02T01:01:04.695736+02:00
295963707,de:11000:900110002:1:51,0.0,2026-10-02T01:01:04.695736+02:00
295963707,de:11000:900110001:1:51,-0.7,2026-10-02T01:01:04.695736+02:00
295963707,de:11000:900110011:2:53,-0.4,2026-10-02T01:01:04.695736+02:00
295963707,de:11000:900085201:1:50,-0.8,2026-10-02T01:01:04.695736+02:00
295963707,de:11000:900084101:1:50,-0.7,2026-10-02T01:01:04.695736+02:00
295963707,de:11000:900096101:1:50,-0.8,2026-10-02T01:01:04.695736+02:00
295963707,de:11000:900094101:1:51,-0.3,2026-10-02T01:01:04.695736+02:00
295967897,de:12061:900260009:3:55,0.0,2026-10-02T01:01:04.695736+02:00
295967897,de:12061:900260080:1:51,-0.7,2026-10-02T01:01:04.695736+02:00
295967897,de:12061:900260005:3:55,0.0,2026-10-02T01:01:04.695736+02:00
295967897,de:11000:900196001:1:51,0.0,2026-10-02T01:01:04.695736+02:00
295967897,de:11000:900195510:1:50,-0.4,2026-10-02T01:01:04.695736+02:00
295967897,de:11000:900193002:1:51,-0.6,2026-10-02T01:01:04.695736+02:00
295967897,de:11000:900193001:2:51,-0.3,2026-10-02T01:01:04.695736+02:00
295967897,de:11000:900192001:3:55,-0.2,2026-10-02T01:01:04.695736+02:00
295967897,de:11000:900191001:1:50,0.0,2026-10-02T01:01:04.695736+02:00
295967897,de:11000:900191002:1:51,-0.7,2026-10-02T01:01:04.695736+02:00
295967897,de:11000:900190001:2:53,-0.4,2026-10-02T01:01:04.695736+02:00
295967897,de:11000:900120004:2:52,-0.9,2026-10-02T01:01:04.695736+02:00
295967897,de:11000:900120005:5:57,-0.1,2026-10-02T01:01:04.695736+02:00
295967897,de:11000:900100004:1:51,-0.4,2026-10-02T01:01:04.695736+02:00
295967897,de:11000:900100003:2:53,-0.4,2026-10-02T01:01:04.695736+02:00
295967897,de:11000:900100002:1:51,-0.4,2026-10-02T01:01:04.695736+02:00
295967897,de:11000:900100001:3:55,-0.4,2026-10-02T01:01:04.695736+02:00
295967897,de:11000:900003201:3:55,-0.1,2026-10-02T01:01:04.695736+02:00
295967897,de:11000:900003102:1:51,-0.8,2026-10-02T01:01:04.695736+02:00
295967897,de:11000:900003103:1:51,-0.9,2026-10-02T01:01:04.695736+02:00
295967897,de:11000:900023201:3:55,-0.8,2026-10-02T01:01:04.695736+02:00
295967897,de:11000:900024203:1:51,-0.8,2026-10-02T01:01:04.695736+02:00
295967897,de:11000:900024101:4:57,-0.8,2026-10-02T01:01:04.695736+02:00
295967897,de:11000:900024102:1:50,-0.1,2026-10-02T01:01:04.695736+02:00
295967897,de:11000:900025423:1:50,-0.4,2026-10-02T01:01:04.695736+02:00
295967897,de:11000:900026105:1:50,-0.7,2026-10-02T01:01:04.695736+02:00
295967897,de:11000:900025321:1:50,-0.3,2026-10-02T01:01:04.695736+02:00
295967897,de:11000:900025424:1:50,-0.3,2026-10-02T01:01:04.695736+02:00
295967897,de:11000:900030202:1:50,-0.9,2026-10-02T01:01:04.695736+02:00
295967897,de:11000:900029101:1:51,-0.9,2026-10-02T01:01:04.695736+02:00
307435178,de:11000:900192001:1:50,0.0,2026-10-02T01:01:04.695736+02:00
307435178,de:12061:900260005:1:50,0.0,2026-10-02T01:01:04.695736+02:00
307435159,de:12061:900260005:1:50,0.0,2026-10-02T01:01:04.695736+02:00
307435159,de:11000:900192001:1:51,0.0,2026-10-02T01:01:04.695736+02:00
295967873,de:12061:900260009:3:55,0.0,2026-10-02T01:01:04.695736+02:00
295967873,de:12061:900260080:1:51,-0.7,2026-10-02T01:01:04.695736+02:00
295967873,de:12061:900260005:3:55,0.0,2026-10-02T01:01:04.695736+02:00
295967873,de:11000:900196001:1:51,0.0,2026-10-02T01:01:04.695736+02:00
295967873,de:11000:900195510:1:50,-0.4,2026-10-02T01:01:04.695736+02:00
295967873,de:11000:900193002:1:51,-0.6,2026-10-02T01:01:04.695736+02:00
295967873,de:11000:900193001:2:51,-0.3,2026-10-02T01:01:04.695736+02:00
295967873,de:11000:900192001:3:55,-0.2,2026-10-02T01:01:04.695736+02:00
295967873,de:11000:900191001:1:50,0.0,2026-10-02T01:01:04.695736+02:00
295967873,de:11000:900191002:1:51,-0.7,2026-10-02T01:01:04.695736+02:00
295967873,de:11000:900190001:2:53,-0.4,2026-10-02T01:01:04.695736+02:00
295967873,de:11000:900120004:2:52,-0.9,2026-10-02T01:01:04.695736+02:00
295967873,de:11000:900120005:5:57,-0.1,2026-10-02T01:01:04.695736+02:00
295967873,de:11000:900100004:1:51,-0.4,2026-10-02T01:01:04.695736+02:00
295967873,de:11000:900100003:2:53,-0.4,2026-10-02T01:01:04.695736+02:00
295967873,de:11000:900100002:1:51,-0.4,2026-10-02T01:01:04.695736+02:00
295967873,de:11000:900100001:3:55,-0.4,2026-10-02T01:01:04.695736+02:00
295967873,de:11000:900003201:3:55,-0.1,2026-10-02T01:01:04.695736+02:00
295967873,de:11000:900003102:1:51,-0.8,2026-10-02T01:01:04.695736+02:00
295967873,de:11000:900003103:1:51,-0.9,2026-10-02T01:01:04.695736+02:00
295967873,de:11000:900023201:3:55,-0.8,2026-10-02T01:01:04.695736+02:00
295967873,de:11000:900024203:1:51,-0.8,2026-10-02T01:01:04.695736+02:00
295967873,de:11000:900024101:4:57,-0.8,2026-10-02T01:01:04.695736+02:00
295967873,de:11000:900024102:1:50,-0.1,2026-10-02T01:01:04.695736+02:00
295967873,de:11000:900025423:1:50,-0.4,2026-10-02T01:01:04.695736+02:00
295967873,de:11000:900026105:1:50,-0.7,2026-10-02T01:01:04.695736+02:00
295967873,de:11000:900025321:1:50,-0.3,2026-10-02T01:01:04.695736+02:00
295967873,de:11000:900025424:1:50,-0.3,2026-10-02T01:01:04.695736+02:00
295967873,de:11000:900030202:1:50,-0.9,2026-10-02T01:01:04.695736+02:00
295967873,de:11000:900029101:1:51,-0.9,2026-10-02T01:01:04.695736+02:00
306048754,de:12064:900321108::1,0.0,2026-10-02T01:01:04.695736+02:00
306048754,de:12064:900320564::2,0.0,2026-10-02T01:01:04.695736+02:00
306045649,de:12064:900320008::5,0.0,2026-10-02T01:01:04.695736+02:00
306045649,de:12064:900320100::1,0.0,2026-10-02T01:01:04.695736+02:00
306045649,de:12064:900320101::1,0.0,2026-10-02T01:01:04.695736+02:00
306045649,de:12064:900320102::1,0.0,2026-10-02T01:01:04.695736+02:00
306045649,de:12064:900320103::1,0.0,2026-10-02T01:01:04.695736+02:00
306045649,de:12064:900320104::1,0.0,2026-10-02T01:01:04.695736+02:00
306045649,de:12064:900320106::1,0.0,2026-10-02T01:01:04.695736+02:00
306045649,de:12064:900320107::1,0.0,2026-10-02T01:01:04.695736+02:00
306045649,de:12064:900320108::1,0.0,2026-10-02T01:01:04.695736+02:00
306045649,de:12064:900320109::1,0.0,2026-10-02T01:01:04.695736+02:00
306045649,de:12064:900320110::1,0.0,2026-10-02T01:01:04.695736+02:00
306045649,de:12064:900320111::1,0.0,2026-10-02T01:01:04.695736+02:00
306045649,de:12064:900320112::1,0.0,2026-10-02T01:01:04.695736+02:00
306045649,de:12064:900320124::1,0.0,2026-10-02T01:01:04.695736+02:00
306045649,de:12064:900320113::1,0.0,2026-10-02T01:01:04.695736+02:00
306045649,de:12064:900320130::1,0.0,2026-10-02T01:01:04.695736+02:00
306045649,de:12064:900320007::1,0.0,2026-10-02T01:01:04.695736+02:00
306045649,de:12064:900320115::1,0.0,2026-10-02T01:01:04.695736+02:00
306045649,de:12064:900320116::1,0.0,2026-10-02T01:01:04.695736+02:00
306045649,de:12064:900320114::1,0.0,2026-10-02T01:01:04.695736+02:00
306045649,de:12064:900320132::1,0.0,2026-10-02T01:01:04.695736+02:00
306045649,de:12064:900320118::2,0.0,2026-10-02T01:01:04.695736+02:00
306045649,de:12064:900320120::1,0.0,2026-10-02T01:01:04.695736+02:00
306045649,de:12064:900320119::2,0.0,2026-10-02T01:01:04.695736+02:00
306053089,de:12064:900321742::4,0.0,2026-10-02T01:01:04.695736+02:00
306053089,de:12064:900321744::1,0.0,2026-10-02T01:01:04.695736+02:00
306053089,de:12064:900321444::1,0.0,2026-10-02T01:01:04.695736+02:00
306053089,de:12064:900321443::1,0.0,2026-10-02T01:01:04.695736+02:00
306053089,de:12064:900321445::1,0.0,2026-10-02T01:01:04.695736+02:00
306053089,de:12064:900321677::1,0.0,2026-10-02T01:01:04.695736+02:00
306053089,de:12064:900321679::1,0.0,2026-10-02T01:01:04.695736+02:00
306053089,de:12064:900321626::1,0.0,2026-10-02T01:01:04.695736+02:00
306053089,de:12064:900321625::1,0.0,2026-10-02T01:01:04.695736+02:00
306053089,de:12064:900321629::1,0.0,2026-10-02T01:01:04.695736+02:00
306053089,de:12064:900321627::1,0.0,2026-10-02T01:01:04.695736+02:00
306053089,de:12064:900320834::1,0.0,2026-10-02T01:01:04.695736+02:00
306053089,de:12064:900320833::2,0.0,2026-10-02T01:01:04.695736+02:00
306053089,de:12064:900320861::2,0.0,2026-10-02T01:01:04.695736+02:00
306053089,de:12064:900320840::1,0.0,2026-10-02T01:01:04.695736+02:00
306053089,de:12064:900320751::1,0.0,2026-10-02T01:01:04.695736+02:00
306053089,de:12064:900320835::2,0.0,2026-10-02T01:01:04.695736+02:00
306053089,de:12064:900320836::2,0.0,2026-10-02T01:01:04.695736+02:00
306053089,de:12064:900320910::2,0.0,2026-10-02T01:01:04.695736+02:00
306053089,de:12064:900320848::2,0.0,2026-10-02T01:01:04.695736+02:00
306053089,de:12064:900320830::2,0.0,2026-10-02T01:01:04.695736+02:00
306053089,de:12064:900320832::2,0.0,2026-10-02T01:01:04.695736+02:00
306053089,de:12064:900320858::2,0.0,2026-10-02T01:01:04.695736+02:00
306053089,de:12064:900320880::2,0.0,2026-10-02T01:01:04.695736+02:00
306053089,de:12064:900320870::2,0.0,2026-10-02T01:01:04.695736+02:00
306053089,de:12064:900320860::2,0.0,2026-10-02T01:01:04.695736+02:00
306053089,de:12064:900320001::3,0.0,2026-10-02T01:01:04.695736+02:00
306053089,de:12064:900320554::2,0.0,2026-10-02T01:01:04.695736+02:00
306053089,de:12064:900320557::2,0.0,2026-10-02T01:01:04.695736+02:00
306053089,de:12064:900320558::2,0.0,2026-10-02T01:01:04.695736+02:00
306053089,de:12064:900320560::2,0.0,2026-10-02T01:01:04.695736+02:00
306053089,de:12064:900320025::2,0.0,2026-10-02T01:01:04.695736+02:00
306053089,de:12064:900320550::1,0.0,2026-10-02T01:01:04.695736+02:00
306053089,de:12064:900320567::1,0.0,2026-10-02T01:01:04.695736+02:00
306053089,de:12064:900320004::3,0.0,2026-10-02T01:01:04.695736+02:00
306895354,de:12061:900261019::1,0.0,2026-10-02T01:01:04.695736+02:00
306895354,de:12067:900310912::1,0.0,2026-10-02T01:01:04.695736+02:00
306895354,de:12067:900310707::1,0.0,2026-10-02T01:01:04.695736+02:00
306895354,de:12067:900310948::1,0.0,2026-10-02T01:01:04.695736+02:00
306895354,de:12067:900311033::1,0.0,2026-10-02T01:01:04.695736+02:00
306895354,de:12067:900311011::1,0.0,2026-10-02T01:01:04.695736+02:00
306895354,de:12067:900311001::1,0.0,2026-10-02T01:01:04.695736+02:00
306895354,de:12067:900310945::2,0.0,2026-10-02T01:01:04.695736+02:00
306895354,de:12067:900311059::1,0.0,2026-10-02T01:01:04.695736+02:00
306895354,de:12067:900311110::3,0.0,2026-10-02T01:01:04.695736+02:00
306895354,de:12067:900311058::1,0.0,2026-10-02T01:01:04.695736+02:00
306895354,de:12067:900310611::2,0.0,2026-10-02T01:01:04.695736+02:00
306895574,de:12067:900310980::1,0.0,2026-10-02T01:01:04.695736+02:00
306895574,de:12067:900310810::1,0.0,2026-10-02T01:01:04.695736+02:00
306895574,de:12067:900310769::2,0.0,2026-10-02T01:01:04.695736+02:00
306895574,de:12067:900311153::1,0.0,2026-10-02T01:01:04.695736+02:00
306895574,de:12067:900310695::3,0.0,2026-10-02T01:01:04.695736+02:00
306895574,de:12067:900310770::1,0.0,2026-10-02T01:01:04.695736+02:00
306895574,de:12067:900310010::3,0.0,2026-10-02T01:01:04.695736+02:00
306895574,de:12067:900310782::2,0.0,2026-10-02T01:01:04.695736+02:00
306895574,de:12067:900311109::2,0.0,2026-10-02T01:01:04.695736+02:00
306895574,de:12067:900310773::2,0.0,2026-10-02T01:01:04.695736+02:00
306895574,de:12067:900310823::2,0.0,2026-10-02T01:01:04.695736+02:00
306895574,de:12067:900311152::2,0.0,2026-10-02T01:01:04.695736+02:00
306895574,de:12067:900311151::2,0.0,2026-10-02T01:01:04.695736+02:00
306895574,de:12067:900310627::2,0.0,2026-10-02T01:01:04.695736+02:00
306895574,de:12067:900310816::2,0.0,2026-10-02T01:01:04.695736+02:00
306895574,de:12067:900310022::1,0.0,2026-10-02T01:01:04.695736+02:00
306895574,de:12067:900310001::11,0.0,2026-10-02T01:01:04.695736+02:00
306895574,de:12067:900310001::1,0.0,2026-10-02T01:01:04.695736+02:00
306895574,de:12067:900311149::1,0.0,2026-10-02T01:01:04.695736+02:00
306895574,de:12067:900311135::1,0.0,2026-10-02T01:01:04.695736+02:00
306895574,de:12067:900311150::1,0.0,2026-10-02T01:01:04.695736+02:00
306895574,de:12067:900310804::1,0.0,2026-10-02T01:01:04.695736+02:00
306895574,de:12067:900310814::1,0.0,2026-10-02T01:01:04.695736+02:00
306895574,de:12067:900311083::3,0.0,2026-10-02T01:01:04.695736+02:00
306051565,de:12064:900320283::2,0.0,2026-10-02T01:01:04.695736+02:00
306051565,de:12064:900320246::3,0.0,2026-10-02T01:01:04.695736+02:00
306051565,de:12064:900320260::2,0.0,2026-10-02T01:01:04.695736+02:00
306051565,de:12064:900320265::2,0.0,2026-10-02T01:01:04.695736+02:00
306051565,de:12064:900320256::1,0.0,2026-10-02T01:01:04.695736+02:00
306051565,de:12064:900320272::1,0.0,2026-10-02T01:01:04.695736+02:00
306051565,de:12064:900320256::2,0.0,2026-10-02T01:01:04.695736+02:00
306051565,de:12064:900320261::2,0.0,2026-10-02T01:01:04.695736+02:00
306051565,de:12064:900320257::2,0.0,2026-10-02T01:01:04.695736+02:00
306051565,de:12064:900320268::2,0.0,2026-10-02T01:01:04.695736+02:00
306051565,de:12064:900320654::2,0.0,2026-10-02T01:01:04.695736+02:00
306051565,de:12064:900320653::2,0.0,2026-10-02T01:01:04.695736+02:00
306051565,de:12064:900320658::2,0.0,2026-10-02T01:01:04.695736+02:00
306051565,de:12064:900320657::2,0.0,2026-10-02T01:01:04.695736+02:00
306051565,de:12064:900320652::2,0.0,2026-10-02T01:01:04.695736+02:00
306051565,de:12064:900320650::2,0.0,2026-10-02T01:01:04.695736+02:00
306051565,de:12064:900320639::1,0.0,2026-10-02T01:01:04.695736+02:00
306051565,de:12064:900320006::1,0.0,2026-10-02T01:01:04.695736+02:00
306895768,de:12067:900310001::5,0.0,2026-10-02T01:01:04.695736+02:00
306895768,de:12067:900311149::1,0.0,2026-10-02T01:01:04.695736+02:00
306895768,de:12067:900311135::1,0.0,2026-10-02T01:01:04.695736+02:00
306895768,de:12067:900311150::1,0.0,2026-10-02T01:01:04.695736+02:00
306895768,de:12067:900310798::1,0.0,2026-10-02T01:01:04.695736+02:00
306895768,de:12067:900310774::1,0.0,2026-10-02T01:01:04.695736+02:00
306895768,de:12067:900310792::1,0.0,2026-10-02T01:01:04.695736+02:00
306895768,de:12067:900310825::1,0.0,2026-10-02T01:01:04.695736+02:00
306895768,de:12067:900310937::1,0.0,2026-10-02T01:01:04.695736+02:00
306895768,de:12067:900310801::1,0.0,2026-10-02T01:01:04.695736+02:00
306895768,de:12067:900310805::1,0.0,2026-10-02T01:01:04.695736+02:00
306895782,de:12067:900310807::1,0.0,2026-10-02T01:01:04.695736+02:00
306895782,de:12067:900310815::2,0.0,2026-10-02T01:01:04.695736+02:00
306895782,de:12067:900310880::2,0.0,2026-10-02T01:01:04.695736+02:00
306895782,de:12067:900310010::1,0.0,2026-10-02T01:01:04.695736+02:00
306895782,de:12067:900310879::2,0.0,2026-10-02T01:01:04.695736+02:00
306895782,de:12067:900310800::2,0.0,2026-10-02T01:01:04.695736+02:00
306895782,de:12067:900310771::2,0.0,2026-10-02T01:01:04.695736+02:00
306895782,de:12067:900310822::2,0.0,2026-10-02T01:01:04.695736+02:00
306895782,de:12067:900310781::2,0.0,2026-10-02T01:01:04.695736+02:00
306895782,de:12067:900310627::2,-0.5,2026-10-02T01:01:04.695736+02:00
306895782,de:12067:900310816::2,0.0,2026-10-02T01:01:04.695736+02:00
306895782,de:12067:900310022::1,0.0,2026-10-02T01:01:04.695736+02:00
306895782,de:12067:900310001::11,0.0,2026-10-02T01:01:04.695736+02:00
306895782,de:12067:900310001::5,0.0,2026-10-02T01:01:04.695736+02:00
306895782,de:12067:900311149::1,0.0,2026-10-02T01:01:04.695736+02:00
306895782,de:12067:900310835::1,0.0,2026-10-02T01:01:04.695736+02:00
306895782,de:12067:900310825::1,0.0,2026-10-02T01:01:04.695736+02:00
306895782,de:12067:900310805::1,0.0,2026-10-02T01:01:04.695736+02:00
295879452,de:11000:900053301:2:52,0.0,2026-10-02T01:01:04.695736+02:00
295879452,de:11000:900052201:1:51,0.0,2026-10-02T01:01:04.695736+02:00
295879452,de:11000:900050355:1:51,-0.3,2026-10-02T01:01:04.695736+02:00
295879452,de:11000:900050301:1:51,-0.4,2026-10-02T01:01:04.695736+02:00
295879452,de:11000:900049201:1:51,0.0,2026-10-02T01:01:04.695736+02:00
295879452,de:11000:900049202:1:51,0.0,2026-10-02T01:01:04.695736+02:00
295879452,de:11000:900066101:1:51,-0.3,2026-10-02T01:01:04.695736+02:00
295879452,de:11000:900066102:1:51,-0.2,2026-10-02T01:01:04.695736+02:00
295879452,de:11000:900062202:1:51,-0.2,2026-10-02T01:01:04.695736+02:00
295879452,de:11000:900063101:1:51,-0.2,2026-10-02T01:01:04.695736+02:00
295879452,de:11000:900060101:1:51,-0.9,2026-10-02T01:01:04.695736+02:00
295879452,de:11000:900054104:1:51,-0.9,2026-10-02T01:01:04.695736+02:00
295879452,de:11000:900057104:1:50,-0.4,2026-10-02T01:01:04.695736+02:00
295879452,de:11000:900057102:1:51,-0.1,2026-10-02T01:01:04.695736+02:00
295879452,de:11000:900012101:2:52,-0.9,2026-10-02T01:01:04.695736+02:00
295879452,de:11000:900100020:4:57,-0.3,2026-10-02T01:01:04.695736+02:00
295879452,de:11000:900100025:1:51,-0.4,2026-10-02T01:01:04.695736+02:00
295879452,de:11000:900100001:4:57,-0.1,2026-10-02T01:01:04.695736+02:00
295879452,de:11000:900100007:1:51,-0.2,2026-10-02T01:01:04.695736+02:00
295879452,de:11000:900007104:2:52,-0.2,2026-10-02T01:01:04.695736+02:00
295879452,de:11000:900008101:1:51,-0.9,2026-10-02T01:01:04.695736+02:00
295879452,de:11000:900007102:2:53,-0.6,2026-10-02T01:01:04.695736+02:00
295879452,de:11000:900110011:2:53,-0.9,2026-10-02T01:01:04.695736+02:00
295879452,de:11000:900085201:1:50,-0.9,2026-10-02T01:01:04.695736+02:00
295879452,de:11000:900084101:1:50,-0.7,2026-10-02T01:01:04.695736+02:00
295879452,de:11000:900096101:1:50,-0.8,2026-10-02T01:01:04.695736+02:00
295879452,de:11000:900094101:1:50,-0.1,2026-10-02T01:01:04.695736+02:00
295879452,de:11000:900093201:1:50,-0.4,2026-10-02T01:01:04.695736+02:00
295879452,de:11000:900092201:1:50,-0.2,2026-10-02T01:01:04.695736+02:00
295879452,de:12065:900200009:1:50,-0.7,2026-10-02T01:01:04.695736+02:00
295879452,de:12065:900200008:1:50,-0.7,2026-10-02T01:01:04.695736+02:00
295879452,de:12065:900200007:1:50,-0.2,2026-10-02T01:01:04.695736+02:00
295879452,de:12065:900200006:1:50,-0.5,2026-10-02T01:01:04.695736+02:00
295879452,de:12065:900200005:3:1,-0.9,2026-10-02T01:01:04.695736+02:00
295879429,de:11000:900053301:2:52,0.0,2026-10-02T01:01:04.695736+02:00
295879429,de:11000:900052201:1:51,0.0,2026-10-02T01:01:04.695736+02:00
295879429,de:11000:900050355:1:51,-0.3,2026-10-02T01:01:04.695736+02:00
295879429,de:11000:900050301:1:51,-0.4,2026-10-02T01:01:04.695736+02:00
295879429,de:11000:900049201:1:51,0.0,2026-10-02T01:01:04.695736+02:00
295879429,de:11000:900049202:1:51,0.0,2026-10-02T01:01:04.695736+02:00
295879429,de:11000:900066101:1:51,-0.3,2026-10-02T01:01:04.695736+02:00
295879429,de:11000:900066102:1:51,-0.2,2026-10-02T01:01:04.695736+02:00
295879429,de:11000:900062202:1:51,-0.2,2026-10-02T01:01:04.695736+02:00
295879429,de:11000:900063101:1:51,-0.2,2026-10-02T01:01:04.695736+02:00
295879429,de:11000:900060101:1:51,-0.9,2026-10-02T01:01:04.695736+02:00
295879429,de:11000:900054104:1:51,-0.9,2026-10-02T01:01:04.695736+02:00
295879429,de:11000:900057104:1:50,-0.4,2026-10-02T01:01:04.695736+02:00
295879429,de:11000:900057102:1:51,-0.1,2026-10-02T01:01:04.695736+02:00
295879429,de:11000:900012101:2:52,-0.9,2026-10-02T01:01:04.695736+02:00
295879429,de:11000:900100020:4:57,-0.3,2026-10-02T01:01:04.695736+02:00
295879429,de:11000:900100025:1:51,-0.4,2026-10-02T01:01:04.695736+02:00
295879429,de:11000:900100001:4:57,-0.1,2026-10-02T01:01:04.695736+02:00
295879429,de:11000:900100007:1:51,-0.2,2026-10-02T01:01:04.695736+02:00
295879429,de:11000:900007104:2:52,-0.2,2026-10-02T01:01:04.695736+02:00
295879429,de:11000:900008101:1:51,-0.9,2026-10-02T01:01:04.695736+02:00
295879429,de:11000:900007102:2:53,-0.6,2026-10-02T01:01:04.695736+02:00
295879429,de:11000:900110011:2:53,-0.9,2026-10-02T01:01:04.695736+02:00
295879429,de:11000:900085201:1:50,-0.9,2026-10-02T01:01:04.695736+02:00
295879429,de:11000:900084101:1:50,-0.7,2026-10-02T01:01:04.695736+02:00
295879429,de:11000:900096101:1:50,-0.8,2026-10-02T01:01:04.695736+02:00
295879429,de:11000:900094101:1:50,-0.1,2026-10-02T01:01:04.695736+02:00
295879429,de:11000:900093201:1:50,-0.4,2026-10-02T01:01:04.695736+02:00
295879429,de:11000:900092201:1:50,-0.2,2026-10-02T01:01:04.695736+02:00
295879429,de:12065:900200009:1:50,-0.7,2026-10-02T01:01:04.695736+02:00
295879429,de:12065:900200008:1:50,-0.7,2026-10-02T01:01:04.695736+02:00
295879429,de:12065:900200007:1:50,-0.2,2026-10-02T01:01:04.695736+02:00
295879429,de:12065:900200006:1:50,-0.5,2026-10-02T01:01:04.695736+02:00
295879429,de:12065:900200005:3:1,-0.9,2026-10-02T01:01:04.695736+02:00
306895921,de:12067:900310001::5,0.0,2026-10-02T01:01:04.695736+02:00
306895921,de:12067:900311149::1,0.0,2026-10-02T01:01:04.695736+02:00
306895921,de:12067:900310781::1,0.0,2026-10-02T01:01:04.695736+02:00
306895921,de:12067:900310822::1,0.0,2026-10-02T01:01:04.695736+02:00
306895921,de:12067:900310808::1,0.0,2026-10-02T01:01:04.695736+02:00
306895921,de:12067:900310777::1,0.0,2026-10-02T01:01:04.695736+02:00
306895921,de:12067:900310796::1,0.0,2026-10-02T01:01:04.695736+02:00
306895921,de:12067:900310875::1,0.0,2026-10-02T01:01:04.695736+02:00
306895921,de:12067:900310837::1,0.0,2026-10-02T01:01:04.695736+02:00
306895921,de:12067:900310817::1,0.0,2026-10-02T01:01:04.695736+02:00
306895921,de:12067:900311145::1,0.0,2026-10-02T01:01:04.695736+02:00
306895937,de:12064:900320250::1,0.0,2026-10-02T01:01:04.695736+02:00
306895937,de:12064:900320267::2,0.0,2026-10-02T01:01:04.695736+02:00
306895937,de:12067:900310017::2,0.0,2026-10-02T01:01:04.695736+02:00
306895937,de:12067:900310509::1,0.0,2026-10-02T01:01:04.695736+02:00
306895937,de:12067:900310508::1,0.0,2026-10-02T01:01:04.695736+02:00
306895937,de:12067:900310580::2,0.0,2026-10-02T01:01:04.695736+02:00
306895937,de:12067:900310578::4,0.0,2026-10-02T01:01:04.695736+02:00
306895937,de:12067:900310534::2,0.0,2026-10-02T01:01:04.695736+02:00
306895937,de:11000:900310550::2,0.0,2026-10-02T01:01:04.695736+02:00
306895937,de:12067:900310572::2,0.0,2026-10-02T01:01:04.695736+02:00
306895937,de:12067:900310013::2,0.0,2026-10-02T01:01:04.695736+02:00
306895937,de:12067:900310563::3,0.0,2026-10-02T01:01:04.695736+02:00
306895937,de:12067:900310563::2,0.0,2026-10-02T01:01:04.695736+02:00
306895937,de:12067:900310569::1,0.0,2026-10-02T01:01:04.695736+02:00
306895937,de:12067:900310571::1,0.0,2026-10-02T01:01:04.695736+02:00
306895937,de:12067:900310579::1,0.0,2026-10-02T01:01:04.695736+02:00
306895937,de:12067:900310553::1,0.0,2026-10-02T01:01:04.695736+02:00
306895937,de:12067:900310558::2,0.0,2026-10-02T01:01:04.695736+02:00
306895937,de:12067:900310559::2,0.0,2026-10-02T01:01:04.695736+02:00
306895937,de:12067:900310560::1,0.0,2026-10-02T01:01:04.695736+02:00
306895937,de:12067:900310573::1,0.0,2026-10-02T01:01:04.695736+02:00
306895937,de:12067:900310581::1,0.0,2026-10-02T01:01:04.695736+02:00
306895937,de:12067:900310567::1,0.0,2026-10-02T01:01:04.695736+02:00
306895937,de:12067:900310561::1,0.0,2026-10-02T01:01:04.695736+02:00
306895937,de:12067:900310565::1,0.0,2026-10-02T01:01:04.695736+02:00
295879297,de:12065:900200005:3:1,0.0,2026-10-02T01:01:04.695736+02:00
295879297,de:12065:900200006:1:51,-0.3,2026-10-02T01:01:04.695736+02:00
295879297,de:12065:900200007:1:51,-0.7,2026-10-02T01:01:04.695736+02:00
295879297,de:12065:900200008:1:51,-0.2,2026-10-02T01:01:04.695736+02:00
295879297,de:12065:900200009:1:51,-0.1,2026-10-02T01:01:04.695736+02:00
295879297,de:11000:900092201:1:51,-0.7,2026-10-02T01:01:04.695736+02:00
295879297,de:11000:900093201:1:51,-0.4,2026-10-02T01:01:04.695736+02:00
295879297,de:11000:900094101:1:51,-0.8,2026-10-02T01:01:04.695736+02:00
295879297,de:11000:900096101:1:51,-0.1,2026-10-02T01:01:04.695736+02:00
295879297,de:11000:900084101:1:51,-0.2,2026-10-02T01:01:04.695736+02:00
295879297,de:11000:900085201:1:51,-0.8,2026-10-02T01:01:04.695736+02:00
295879297,de:11000:900130003:1:51,-0.8,2026-10-02T01:01:04.695736+02:00
295879297,de:11000:900110011:1:50,-0.9,2026-10-02T01:01:04.695736+02:00
295879297,de:11000:900007102:1:50,-0.9,2026-10-02T01:01:04.695736+02:00
295879297,de:11000:900008101:1:50,0.0,2026-10-02T01:01:04.695736+02:00
295879297,de:11000:900007104:1:51,-0.7,2026-10-02T01:01:04.695736+02:00
295879297,de:11000:900100007:1:50,-0.7,2026-10-02T01:01:04.695736+02:00
295879297,de:11000:900100001:4:56,-0.5,2026-10-02T01:01:04.695736+02:00
295879297,de:11000:900100025:1:50,-0.4,2026-10-02T01:01:04.695736+02:00
295879297,de:11000:900100020:3:54,-0.4,2026-10-02T01:01:04.695736+02:00
295879297,de:11000:900012101:1:51,-0.5,2026-10-02T01:01:04.695736+02:00
295879297,de:11000:900057102:1:50,-0.7,2026-10-02T01:01:04.695736+02:00
295879297,de:11000:900057104:2:51,-0.4,2026-10-02T01:01:04.695736+02:00
295879297,de:11000:900054104:1:50,-0.3,2026-10-02T01:01:04.695736+02:00
295879297,de:11000:900060101:1:50,-0.3,2026-10-02T01:01:04.695736+02:00
295879297,de:11000:900063101:1:50,-0.1,2026-10-02T01:01:04.695736+02:00
295879297,de:11000:900062202:1:50,-0.1,2026-10-02T01:01:04.695736+02:00
295879297,de:11000:900066102:1:50,-0.2,2026-10-02T01:01:04.695736+02:00
295879297,de:11000:900066101:1:50,-0.1,2026-10-02T01:01:04.695736+02:00
295879297,de:11000:900049202:1:50,-0.3,2026-10-02T01:01:04.695736+02:00
295879297,de:11000:900049201:1:50,-0.4,2026-10-02T01:01:04.695736+02:00
295879297,de:11000:900050301:1:50,0.0,2026-10-02T01:01:04.695736+02:00
295879297,de:11000:900050355:1:50,-0.1,2026-10-02T01:01:04.695736+02:00
295879297,de:11000:900052201:1:50,-0.5,2026-10-02T01:01:04.695736+02:00
295879297,de:11000:900053301:1:51,-0.9,2026-10-02T01:01:04.695736+02:00
306896183,de:12067:900310013::3,0.0,2026-10-02T01:01:04.695736+02:00
306896183,de:12067:900310563::3,0.0,2026-10-02T01:01:04.695736+02:00
306896183,de:12067:900310559::1,0.0,2026-10-02T01:01:04.695736+02:00
306896183,de:12067:900310558::1,0.0,2026-10-02T01:01:04.695736+02:00
306896183,de:12067:900310556::1,0.0,2026-10-02T01:01:04.695736+02:00
306896183,de:12067:900310621::1,0.0,2026-10-02T01:01:04.695736+02:00
306896183,de:12067:900310568::1,0.0,2026-10-02T01:01:04.695736+02:00
306896183,de:12067:900310955::1,0.0,2026-10-02T01:01:04.695736+02:00
306896183,de:12067:900310949::1,0.0,2026-10-02T01:01:04.695736+02:00
306896183,de:12067:900310952::1,0.0,2026-10-02T01:01:04.695736+02:00
306896183,de:12067:900310025::1,0.0,2026-10-02T01:01:04.695736+02:00
306896183,de:12067:900310015::1,0.0,2026-10-02T01:01:04.695736+02:00
306896183,de:12067:900310836::1,0.0,2026-10-02T01:01:04.695736+02:00
306896183,de:12067:900310838::1,0.0,2026-10-02T01:01:04.695736+02:00
295883526,de:11000:900049201:1:51,0.0,2026-10-02T01:01:04.695736+02:00
295883526,de:11000:900049202:1:51,0.0,2026-10-02T01:01:04.695736+02:00
295883526,de:11000:900066101:1:51,-0.3,2026-10-02T01:01:04.695736+02:00
295883526,de:11000:900066102:1:51,-0.2,2026-10-02T01:01:04.695736+02:00
295883526,de:11000:900062202:1:51,-0.2,2026-10-02T01:01:04.695736+02:00
295883526,de:11000:900063101:1:51,-0.2,2026-10-02T01:01:04.695736+02:00
295883526,de:11000:900060101:1:51,-0.9,2026-10-02T01:01:04.695736+02:00
295883526,de:11000:900054104:1:51,-0.9,2026-10-02T01:01:04.695736+02:00
295883526,de:11000:900057104:1:50,-0.4,2026-10-02T01:01:04.695736+02:00
295883526,de:11000:900057102:1:51,-0.1,2026-10-02T01:01:04.695736+02:00
295883526,de:11000:900012101:2:52,-0.8,2026-10-02T01:01:04.695736+02:00
295883526,de:11000:900100020:4:57,-0.9,2026-10-02T01:01:04.695736+02:00
306896283,de:12067:900310013::3,0.0,2026-10-02T01:01:04.695736+02:00
306896283,de:12067:900310563::3,0.0,2026-10-02T01:01:04.695736+02:00
306896283,de:12067:900310559::1,0.0,2026-10-02T01:01:04.695736+02:00
306896283,de:12067:900310558::1,0.0,2026-10-02T01:01:04.695736+02:00
306896283,de:12067:900310556::1,0.0,2026-10-02T01:01:04.695736+02:00
306896283,de:12067:900310621::1,0.0,2026-10-02T01:01:04.695736+02:00
306896283,de:12067:900310568::1,0.0,2026-10-02T01:01:04.695736+02:00
306896283,de:12067:900310955::1,0.0,2026-10-02T01:01:04.695736+02:00
306896283,de:12067:900310950::1,0.0,2026-10-02T01:01:04.695736+02:00
306896283,de:12061:900260165::2,0.0,2026-10-02T01:01:04.695736+02:00
306896283,de:12061:900260169::3,0.0,2026-10-02T01:01:04.695736+02:00
306896283,de:12061:900260166::2,0.0,2026-10-02T01:01:04.695736+02:00
306896283,de:12061:900260171::2,0.0,2026-10-02T01:01:04.695736+02:00
306896283,de:12061:900260168::2,0.0,2026-10-02T01:01:04.695736+02:00
306896283,de:12061:900260167::2,0.0,2026-10-02T01:01:04.695736+02:00
306896283,de:12061:900260170::2,0.0,2026-10-02T01:01:04.695736+02:00
306896283,de:12061:900261050::1,0.0,2026-10-02T01:01:04.695736+02:00
306896283,de:12061:900261051::2,0.0,2026-10-02T01:01:04.695736+02:00
306896283,de:12061:900261048::2,0.0,2026-10-02T01:01:04.695736+02:00
306896283,de:12061:900261047::2,0.0,2026-10-02T01:01:04.695736+02:00
306896283,de:12061:900260889::2,0.0,2026-10-02T01:01:04.695736+02:00
306896283,de:12061:900260888::2,0.0,2026-10-02T01:01:04.695736+02:00
306896283,de:12061:900260886::2,0.0,2026-10-02T01:01:04.695736+02:00
306896283,de:12061:900260887::2,0.0,2026-10-02T01:01:04.695736+02:00
306896283,de:12061:900260890::2,0.0,2026-10-02T01:01:04.695736+02:00
306896283,de:12061:900260798::2,0.0,2026-10-02T01:01:04.695736+02:00
306896283,de:12061:900260001::8,0.0,2026-10-02T01:01:04.695736+02:00
306896284,de:12067:900310013::3,0.0,2026-10-02T01:01:04.695736+02:00
306896284,de:12067:900310563::3,0.0,2026-10-02T01:01:04.695736+02:00
306896284,de:12067:900310559::1,0.0,2026-10-02T01:01:04.695736+02:00
306896284,de:12067:900310558::1,0.0,2026-10-02T01:01:04.695736+02:00
306896284,de:12067:900310556::1,0.0,2026-10-02T01:01:04.695736+02:00
306896284,de:12067:900310621::1,0.0,2026-10-02T01:01:04.695736+02:00
306896284,de:12067:900310568::1,0.0,2026-10-02T01:01:04.695736+02:00
306896284,de:12067:900310955::1,0.0,2026-10-02T01:01:04.695736+02:00
306896284,de:12067:900310950::1,0.0,2026-10-02T01:01:04.695736+02:00
306896284,de:12061:900260165::2,0.0,2026-10-02T01:01:04.695736+02:00
306896284,de:12061:900260169::3,0.0,2026-10-02T01:01:04.695736+02:00
306896284,de:12061:900260166::2,0.0,2026-10-02T01:01:04.695736+02:00
306896284,de:12061:900260171::2,0.0,2026-10-02T01:01:04.695736+02:00
306896284,de:12061:900260168::2,0.0,2026-10-02T01:01:04.695736+02:00
306896284,de:12061:900260167::2,0.0,2026-10-02T01:01:04.695736+02:00
306896284,de:12061:900260170::2,0.0,2026-10-02T01:01:04.695736+02:00
306896284,de:12061:900261050::1,0.0,2026-10-02T01:01:04.695736+02:00
306896284,de:12061:900261051::2,0.0,2026-10-02T01:01:04.695736+02:00
306896284,de:12061:900261048::2,0.0,2026-10-02T01:01:04.695736+02:00
306896284,de:12061:900261047::2,0.0,2026-10-02T01:01:04.695736+02:00
306896284,de:12061:900260889::2,0.0,2026-10-02T01:01:04.695736+02:00
306896284,de:12061:900260888::2,0.0,2026-10-02T01:01:04.695736+02:00
306896284,de:12061:900260886::2,0.0,2026-10-02T01:01:04.695736+02:00
306896284,de:12061:900260887::2,0.0,2026-10-02T01:01:04.695736+02:00
306896284,de:12061:900260890::2,0.0,2026-10-02T01:01:04.695736+02:00
306896284,de:12061:900260798::2,0.0,2026-10-02T01:01:04.695736+02:00
306896284,de:12061:900260001::8,0.0,2026-10-02T01:01:04.695736+02:00
306896285,de:12067:900310013::3,0.0,2026-10-02T01:01:04.695736+02:00
306896285,de:12067:900310563::3,0.0,2026-10-02T01:01:04.695736+02:00
306896285,de:12067:900310559::1,0.0,2026-10-02T01:01:04.695736+02:00
306896285,de:12067:900310558::1,0.0,2026-10-02T01:01:04.695736+02:00
306896285,de:12067:900310556::1,0.0,2026-10-02T01:01:04.695736+02:00
306896285,de:12067:900310621::1,0.0,2026-10-02T01:01:04.695736+02:00
306896285,de:12067:900310568::1,0.0,2026-10-02T01:01:04.695736+02:00
306896285,de:12067:900310955::1,0.0,2026-10-02T01:01:04.695736+02:00
306896285,de:12067:900310950::1,0.0,2026-10-02T01:01:04.695736+02:00
306896285,de:12061:900260165::2,0.0,2026-10-02T01:01:04.695736+02:00
306896285,de:12061:900260169::3,0.0,2026-10-02T01:01:04.695736+02:00
306896285,de:12061:900260166::2,0.0,2026-10-02T01:01:04.695736+02:00
306896285,de:12061:900260171::2,0.0,2026-10-02T01:01:04.695736+02:00
306896285,de:12061:900260168::2,0.0,2026-10-02T01:01:04.695736+02:00
306896285,de:12061:900260167::2,0.0,2026-10-02T01:01:04.695736+02:00
306896285,de:12061:900260170::2,0.0,2026-10-02T01:01:04.695736+02:00
306896285,de:12061:900261050::1,0.0,2026-10-02T01:01:04.695736+02:00
306896285,de:12061:900261051::2,0.0,2026-10-02T01:01:04.695736+02:00
306896285,de:12061:900261048::2,0.0,2026-10-02T01:01:04.695736+02:00
306896285,de:12061:900261047::2,0.0,2026-10-02T01:01:04.695736+02:00
306896285,de:12061:900260889::2,0.0,2026-10-02T01:01:04.695736+02:00
306896285,de:12061:900260888::2,0.0,2026-10-02T01:01:04.695736+02:00
306896285,de:12061:900260886::2,0.0,2026-10-02T01:01:04.695736+02:00
306896285,de:12061:900260887::2,0.0,2026-10-02T01:01:04.695736+02:00
306896285,de:12061:900260890::2,0.0,2026-10-02T01:01:04.695736+02:00
306896285,de:12061:900260798::2,0.0,2026-10-02T01:01:04.695736+02:00
306896285,de:12061:900260001::8,0.0,2026-10-02T01:01:04.695736+02:00
306896330,de:12067:900310013::4,0.0,2026-10-02T01:01:04.695736+02:00
306896330,de:12067:900310557::3,0.0,2026-10-02T01:01:04.695736+02:00
306896330,de:12067:900310555::1,0.0,2026-10-02T01:01:04.695736+02:00
306896330,de:12067:900310852::1,0.0,2026-10-02T01:01:04.695736+02:00
306896330,de:12067:900310850::1,0.0,2026-10-02T01:01:04.695736+02:00
306896330,de:12067:900310851::1,0.0,2026-10-02T01:01:04.695736+02:00
306896330,de:12067:900310849::1,0.0,2026-10-02T01:01:04.695736+02:00
306896330,de:12067:900310856::1,0.0,2026-10-02T01:01:04.695736+02:00
306896330,de:12067:900310844::1,0.0,2026-10-02T01:01:04.695736+02:00
306896330,de:12067:900310855::1,0.0,2026-10-02T01:01:04.695736+02:00
306896330,de:12067:900311970::1,0.0,2026-10-02T01:01:04.695736+02:00
306896330,de:12067:900310853::1,0.0,2026-10-02T01:01:04.695736+02:00
306896330,de:12067:900310845::1,0.0,2026-10-02T01:01:04.695736+02:00
306896330,de:12067:900310857::1,0.0,2026-10-02T01:01:04.695736+02:00
306896330,de:12067:900310854::1,0.0,2026-10-02T01:01:04.695736+02:00
306896330,de:12067:900310846::1,0.0,2026-10-02T01:01:04.695736+02:00
306896330,de:12067:900310847::1,0.0,2026-10-02T01:01:04.695736+02:00
306896330,de:12067:900310890::1,0.0,2026-10-02T01:01:04.695736+02:00
306896330,de:12067:900310889::1,0.0,2026-10-02T01:01:04.695736+02:00
306896330,de:12067:900310882::1,0.0,2026-10-02T01:01:04.695736+02:00
306896330,de:12067:900310920::1,0.0,2026-10-02T01:01:04.695736+02:00
306896330,de:12067:900310883::1,0.0,2026-10-02T01:01:04.695736+02:00
306896330,de:12067:900310885::1,0.0,2026-10-02T01:01:04.695736+02:00
306896330,de:12067:900310881::1,0.0,2026-10-02T01:01:04.695736+02:00
306896330,de:12067:900310888::1,0.0,2026-10-02T01:01:04.695736+02:00
295883503,de:11000:900049201:1:51,0.0,2026-10-02T01:01:04.695736+02:00
295883503,de:11000:900049202:1:51,0.0,2026-10-02T01:01:04.695736+02:00
295883503,de:11000:900066101:1:51,-0.3,2026-10-02T01:01:04.695736+02:00
295883503,de:11000:900066102:1:51,-0.2,2026-10-02T01:01:04.695736+02:00
295883503,de:11000:900062202:1:51,-0.2,2026-10-02T01:01:04.695736+02:00
295883503,de:11000:900063101:1:51,-0.2,2026-10-02T01:01:04.695736+02:00
295883503,de:11000:900060101:1:51,-0.9,2026-10-02T01:01:04.695736+02:00
295883503,de:11000:900054104:1:51,-0.9,2026-10-02T01:01:04.695736+02:00
295883503,de:11000:900057104:1:50,-0.4,2026-10-02T01:01:04.695736+02:00
295883503,de:11000:900057102:1:51,-0.1,2026-10-02T01:01:04.695736+02:00
295883503,de:11000:900012101:2:52,-0.8,2026-10-02T01:01:04.695736+02:00
295883503,de:11000:900100020:4:57,-0.9,2026-10-02T01:01:04.695736+02:00
307252349,de:11000:900003200:5:58,0.0,2026-10-02T01:01:04.695736+02:00
307252349,de:11000:900009104:1:50,-0.8,2026-10-02T01:01:04.695736+02:00
307252349,de:11000:900007102:2:52,-0.4,2026-10-02T01:01:04.695736+02:00
307252323,de:11000:900003200:5:58,0.0,2026-10-02T01:01:04.695736+02:00
307252323,de:11000:900009104:1:50,-0.8,2026-10-02T01:01:04.695736+02:00
307252323,de:11000:900007102:2:52,-0.4,2026-10-02T01:01:04.695736+02:00
307252322,de:11000:900003200:5:58,0.0,2026-10-02T01:01:04.695736+02:00
307252322,de:11000:900009104:1:50,-0.8,2026-10-02T01:01:04.695736+02:00
307252322,de:11000:900007102:2:52,-0.4,2026-10-02T01:01:04.695736+02:00
307252319,de:11000:900003200:5:58,0.0,2026-10-02T01:01:04.695736+02:00
307252319,de:11000:900009104:1:50,-0.8,2026-10-02T01:01:04.695736+02:00
307252319,de:11000:900007102:2:52,-0.4,2026-10-02T01:01:04.695736+02:00
306895313,de:12067:900311129::3,0.0,2026-10-02T01:01:04.695736+02:00
306895313,de:12067:900310755::2,0.0,2026-10-02T01:01:04.695736+02:00
306895313,de:12067:900310728::2,0.0,2026-10-02T01:01:04.695736+02:00
306895313,de:12067:900310727::2,0.0,2026-10-02T01:01:04.695736+02:00
306895313,de:12067:900310942::1,0.0,2026-10-02T01:01:04.695736+02:00
306895313,de:12067:900310716::1,0.0,2026-10-02T01:01:04.695736+02:00
306895313,de:12067:900310984::2,0.0,2026-10-02T01:01:04.695736+02:00
306895313,de:12067:900310987::1,0.0,2026-10-02T01:01:04.695736+02:00
306895313,de:12067:900311062::1,0.0,2026-10-02T01:01:04.695736+02:00
306895313,de:12067:900311063::2,0.0,2026-10-02T01:01:04.695736+02:00
306895313,de:12067:900311065::1,0.0,2026-10-02T01:01:04.695736+02:00
306895313,de:12067:900310826::1,0.0,2026-10-02T01:01:04.695736+02:00
306895313,de:12067:900310906::1,0.0,2026-10-02T01:01:04.695736+02:00
306895313,de:12067:900310905::1,0.0,2026-10-02T01:01:04.695736+02:00
306895313,de:12067:900310907::1,0.0,2026-10-02T01:01:04.695736+02:00
306895313,de:12067:900310907::2,0.0,2026-10-02T01:01:04.695736+02:00
306895313,de:12067:900310744::1,0.0,2026-10-02T01:01:04.695736+02:00
306895313,de:12067:900311003::2,0.0,2026-10-02T01:01:04.695736+02:00
306895313,de:12067:900310625::1,0.0,2026-10-02T01:01:04.695736+02:00
306895313,de:12067:900311068::1,0.0,2026-10-02T01:01:04.695736+02:00
306895313,de:12067:900310934::1,0.0,2026-10-02T01:01:04.695736+02:00
306895313,de:12061:900261734::2,0.0,2026-10-02T01:01:04.695736+02:00
306895313,de:12061:900261208::1,0.0,2026-10-02T01:01:04.695736+02:00
306895313,de:12061:900261207::1,0.0,2026-10-02T01:01:04.695736+02:00
306895313,de:12061:900261420::1,0.0,2026-10-02T01:01:04.695736+02:00
306895313,de:12061:900261465::1,0.0,2026-10-02T01:01:04.695736+02:00
306895313,de:12061:900261462::1,0.0,2026-10-02T01:01:04.695736+02:00
306896992,de:12067:900311308::5,0.0,2026-10-02T01:01:04.695736+02:00
306896992,de:12067:900311380::1,0.0,2026-10-02T01:01:04.695736+02:00
306896992,de:12067:900311348::1,0.0,2026-10-02T01:01:04.695736+02:00
306896992,de:12067:900311350::1,0.0,2026-10-02T01:01:04.695736+02:00
306896992,de:12067:900311321::2,0.0,2026-10-02T01:01:04.695736+02:00
306896992,de:12067:900311353::2,0.0,2026-10-02T01:01:04.695736+02:00
306896992,de:12067:900311383::6,0.0,2026-10-02T01:01:04.695736+02:00
306896992,de:12067:900311356::2,0.0,2026-10-02T01:01:04.695736+02:00
306896992,de:12067:900310029::1,0.0,2026-10-02T01:01:04.695736+02:00
306896992,de:12067:900311357::2,0.0,2026-10-02T01:01:04.695736+02:00
306896992,de:12067:900311354::2,0.0,2026-10-02T01:01:04.695736+02:00
306896992,de:12067:900311352::2,0.0,2026-10-02T01:01:04.695736+02:00
306896992,de:12067:900311336::2,0.0,2026-10-02T01:01:04.695736+02:00
306896992,de:12067:900311371::1,0.0,2026-10-02T01:01:04.695736+02:00
306896992,de:12067:900311364::1,0.0,2026-10-02T01:01:04.695736+02:00
306896992,de:12067:900311374::2,0.0,2026-10-02T01:01:04.695736+02:00
306896992,de:12067:900311365::2,0.0,2026-10-02T01:01:04.695736+02:00
306896992,de:12067:900311363::2,0.0,2026-10-02T01:01:04.695736+02:00
306896992,de:12067:900311362::2,0.0,2026-10-02T01:01:04.695736+02:00
306896992,de:12067:900311377::2,0.0,2026-10-02T01:01:04.695736+02:00
306896992,de:12067:900311376::2,0.0,2026-10-02T01:01:04.695736+02:00
306896992,de:12067:900311316::2,0.0,2026-10-02T01:01:04.695736+02:00
306896992,de:12067:900311384::2,0.0,2026-10-02T01:01:04.695736+02:00
306896992,de:12067:900311317::2,0.0,2026-10-02T01:01:04.695736+02:00
306896992,de:12067:900310027::2,0.0,2026-10-02T01:01:04.695736+02:00
306896992,de:12067:900311359::2,0.0,2026-10-02T01:01:04.695736+02:00
306896992,de:12067:900311345::2,0.0,2026-10-02T01:01:04.695736+02:00
306896992,de:12067:900311341::2,0.0,2026-10-02T01:01:04.695736+02:00
306896992,de:12067:900311309::1,0.0,2026-10-02T01:01:04.695736+02:00
306896992,de:12067:900311310::1,0.0,2026-10-02T01:01:04.695736+02:00
306896992,de:12067:900311307::1,0.0,2026-10-02T01:01:04.695736+02:00
306896992,de:12067:900311308::4,0.0,2026-10-02T01:01:04.695736+02:00
306896499,de:12064:900320228::1,0.0,2026-10-02T01:01:04.695736+02:00
306896499,de:12064:900320280::2,0.0,2026-10-02T01:01:04.695736+02:00
306896499,de:12064:900320229::2,-0.5,2026-10-02T01:01:04.695736+02:00
306896499,de:12064:900320279::2,-0.5,2026-10-02T01:01:04.695736+02:00
306896499,de:12064:900320277::2,0.0,2026-10-02T01:01:04.695736+02:00
306896499,de:12067:900311015::2,0.0,2026-10-02T01:01:04.695736+02:00
306896499,de:12067:900310711::2,0.0,2026-10-02T01:01:04.695736+02:00
306896499,de:12067:900310712::2,0.0,2026-10-02T01:01:04.695736+02:00
306896499,de:12067:900310802::2,0.0,2026-10-02T01:01:04.695736+02:00
306896499,de:12067:900310803::2,0.0,2026-10-02T01:01:04.695736+02:00
306896499,de:12067:900310813::2,0.0,2026-10-02T01:01:04.695736+02:00
306896499,de:12067:900310825::1,0.0,2026-10-02T01:01:04.695736+02:00
306896499,de:12067:900310835::2,0.0,2026-10-02T01:01:04.695736+02:00
306896499,de:12067:900310001::9,0.0,2026-10-02T01:01:04.695736+02:00
306896499,de:12067:900311149::2,0.0,2026-10-02T01:01:04.695736+02:00
306896499,de:12067:900310001::11,0.0,2026-10-02T01:01:04.695736+02:00
306896498,de:12064:900320228::1,0.0,2026-10-02T01:01:04.695736+02:00
306896498,de:12064:900320280::2,0.0,2026-10-02T01:01:04.695736+02:00
306896498,de:12064:900320229::2,-0.5,2026-10-02T01:01:04.695736+02:00
306896498,de:12064:900320279::2,-0.5,2026-10-02T01:01:04.695736+02:00
306896498,de:12064:900320277::2,0.0,2026-10-02T01:01:04.695736+02:00
306896498,de:12067:900311015::2,0.0,2026-10-02T01:01:04.695736+02:00
306896498,de:12067:900310711::2,0.0,2026-10-02T01:01:04.695736+02:00
306896498,de:12067:900310712::2,0.0,2026-10-02T01:01:04.695736+02:00
306896498,de:12067:900310802::2,0.0,2026-10-02T01:01:04.695736+02:00
306896498,de:12067:900310803::2,0.0,2026-10-02T01:01:04.695736+02:00
306896498,de:12067:900310813::2,0.0,2026-10-02T01:01:04.695736+02:00
306896498,de:12067:900310825::1,0.0,2026-10-02T01:01:04.695736+02:00
306896498,de:12067:900310835::2,0.0,2026-10-02T01:01:04.695736+02:00
306896498,de:12067:900310001::9,0.0,2026-10-02T01:01:04.695736+02:00
306896498,de:12067:900311149::2,0.0,2026-10-02T01:01:04.695736+02:00
306896498,de:12067:900310001::11,0.0,2026-10-02T01:01:04.695736+02:00
307438428,de:12066:900435000:1:50,0.0,2026-10-02T01:01:04.695736+02:00
307438428,de:12066:900435001:1:50,0.0,2026-10-02T01:01:04.695736+02:00
307438428,de:12052:900470000:1:50,0.0,2026-10-02T01:01:04.695736+02:00
306896492,de:12064:900320228::1,0.0,2026-10-02T01:01:04.695736+02:00
306896492,de:12064:900320280::2,0.0,2026-10-02T01:01:04.695736+02:00
306896492,de:12064:900320229::2,-0.5,2026-10-02T01:01:04.695736+02:00
306896492,de:12064:900320279::2,-0.5,2026-10-02T01:01:04.695736+02:00
306896492,de:12064:900320277::2,0.0,2026-10-02T01:01:04.695736+02:00
306896492,de:12067:900311015::2,0.0,2026-10-02T01:01:04.695736+02:00
306896492,de:12067:900310711::2,0.0,2026-10-02T01:01:04.695736+02:00
306896492,de:12067:900310712::2,0.0,2026-10-02T01:01:04.695736+02:00
306896492,de:12067:900310802::2,0.0,2026-10-02T01:01:04.695736+02:00
306896492,de:12067:900310803::2,0.0,2026-10-02T01:01:04.695736+02:00
306896492,de:12067:900310813::2,0.0,2026-10-02T01:01:04.695736+02:00
306896492,de:12067:900310825::1,0.0,2026-10-02T01:01:04.695736+02:00
306896492,de:12067:900310835::2,0.0,2026-10-02T01:01:04.695736+02:00
306896492,de:12067:900310001::9,0.0,2026-10-02T01:01:04.695736+02:00
306896492,de:12067:900311149::2,0.0,2026-10-02T01:01:04.695736+02:00
306896492,de:12067:900310001::11,0.0,2026-10-02T01:01:04.695736+02:00
307433577,de:12072:900245029:2:52,0.0,2026-10-02T01:01:04.695736+02:00
307433577,de:12072:900245030:2:51,0.0,2026-10-02T01:01:04.695736+02:00
307433577,de:12061:900260009:2:54,0.0,2026-10-02T01:01:04.695736+02:00
307433577,de:11000:900192001:1:51,0.0,2026-10-02T01:01:04.695736+02:00
307433577,de:11000:900120003:4:57,0.0,2026-10-02T01:01:04.695736+02:00
307433577,de:11000:900160004:4:56,0.0,2026-10-02T01:01:04.695736+02:00
307433577,de:11000:900152001:2:52,0.0,2026-10-02T01:01:04.695736+02:00
307433577,de:12065:900200005:2:1,0.0,2026-10-02T01:01:04.695736+02:00
307432910,de:12072:900245027:2:53,0.0,2026-10-02T01:01:04.695736+02:00
307432910,de:12061:900260009:2:54,0.0,2026-10-02T01:01:04.695736+02:00
307432910,de:11000:900192001:1:51,0.0,2026-10-02T01:01:04.695736+02:00
307432910,de:11000:900120003:4:57,0.0,2026-10-02T01:01:04.695736+02:00
307432910,de:11000:900160004:2:52,0.0,2026-10-02T01:01:04.695736+02:00
307432910,de:11000:900152001:2:52,0.0,2026-10-02T01:01:04.695736+02:00
307432910,de:12060:900350160:2:53,0.0,2026-10-02T01:01:04.695736+02:00
307432910,de:12060:900350158:1:50,0.0,2026-10-02T01:01:04.695736+02:00
307432910,de:12060:900350137:1:50,0.0,2026-10-02T01:01:04.695736+02:00
307432910,de:12060:900350126:1:50,0.0,2026-10-02T01:01:04.695736+02:00
307432910,de:12060:900350127:2:51,0.0,2026-10-02T01:01:04.695736+02:00
307437647,de:12053:900360000:3:54,0.0,2026-10-02T01:01:04.695736+02:00
307437647,de:12067:900311233:1:50,0.0,2026-10-02T01:01:04.695736+02:00
307437647,de:12067:900311232:1:50,0.0,2026-10-02T01:01:04.695736+02:00
307437647,de:12067:900311620:1:50,0.0,2026-10-02T01:01:04.695736+02:00
307437647,de:12067:900311631:1:50,0.0,2026-10-02T01:01:04.695736+02:00
307437647,de:12067:900311307:1:50,0.0,2026-10-02T01:01:04.695736+02:00
307437647,de:12067:900310601:1:50,0.0,2026-10-02T01:01:04.695736+02:00
307437647,de:12067:900311612:1:51,0.0,2026-10-02T01:01:04.695736+02:00
307437647,de:12067:900311250:2:51,0.0,2026-10-02T01:01:04.695736+02:00
307437647,de:12071:900445593:1:50,0.0,2026-10-02T01:01:04.695736+02:00
307437647,de:12071:900445801:2:51,0.0,2026-10-02T01:01:04.695736+02:00
307437647,de:12071:900445751:2:51,0.0,2026-10-02T01:01:04.695736+02:00
307437647,de:12071:900445750:2:51,0.0,2026-10-02T01:01:04.695736+02:00
307437647,de:12071:900446103:1:50,0.0,2026-10-02T01:01:04.695736+02:00
307437647,de:12071:900446411:1:50,0.0,2026-10-02T01:01:04.695736+02:00
307437647,de:12052:900470307:1:50,0.0,2026-10-02T01:01:04.695736+02:00
307437647,de:12052:900470163:1:50,0.0,2026-10-02T01:01:04.695736+02:00
307437647,de:12052:900470001:1:50,0.0,2026-10-02T01:01:04.695736+02:00
307437647,de:12052:900470000:3:54,0.0,2026-10-02T01:01:04.695736+02:00
307430597,de:12054:900230999:1:51,0.0,2026-10-02T01:01:04.695736+02:00
307430597,de:12054:900230006:1:50,0.0,2026-10-02T01:01:04.695736+02:00
307430597,de:12054:900230007:1:50,0.0,2026-10-02T01:01:04.695736+02:00
307430597,de:12054:900220010:1:50,0.0,2026-10-02T01:01:04.695736+02:00
307430597,de:12054:900220012:2:51,0.0,2026-10-02T01:01:04.695736+02:00
307430597,de:12063:900210001:2:51,0.0,2026-10-02T01:01:04.695736+02:00
307430597,de:12065:900200000:1:51,0.0,2026-10-02T01:01:04.695736+02:00
307430597,de:12065:900200010:1:50,0.0,2026-10-02T01:01:04.695736+02:00
307430597,de:12065:900200008:1:50,0.0,2026-10-02T01:01:04.695736+02:00
307430597,de:12065:900200005:1:2,0.0,2026-10-02T01:01:04.695736+02:00
307430392,de:11000:900029101:2:53,0.0,2026-10-02T01:01:04.695736+02:00
307430392,de:11000:900037168:1:50,0.0,2026-10-02T01:01:04.695736+02:00
307430392,de:12063:900210180:1:50,0.0,2026-10-02T01:01:04.695736+02:00
307430392,de:12063:900210010:1:50,0.0,2026-10-02T01:01:04.695736+02:00
307430392,de:12063:900210011:1:50,0.0,2026-10-02T01:01:04.695736+02:00
307430392,de:12063:900210326:1:50,0.0,2026-10-02T01:01:04.695736+02:00
307430392,de:12063:900210005:2:53,0.0,2026-10-02T01:01:04.695736+02:00
307430385,de:11000:900029101:2:53,0.0,2026-10-02T01:01:04.695736+02:00
307430385,de:11000:900037168:1:50,0.0,2026-10-02T01:01:04.695736+02:00
307430385,de:12063:900210180:1:50,0.0,2026-10-02T01:01:04.695736+02:00
307430385,de:12063:900210010:1:50,0.0,2026-10-02T01:01:04.695736+02:00
307430385,de:12063:900210011:1:50,0.0,2026-10-02T01:01:04.695736+02:00
307430385,de:12063:900210326:1:50,0.0,2026-10-02T01:01:04.695736+02:00
307430385,de:12063:900210005:2:53,0.0,2026-10-02T01:01:04.695736+02:00
307436762,de:12069:900220143:1:50,0.0,2026-10-02T01:01:04.695736+02:00
307436762,de:12069:900220142:2:51,0.0,2026-10-02T01:01:04.695736+02:00
307436762,de:12069:900220141:2:51,0.0,2026-10-02T01:01:04.695736+02:00
307436762,de:12069:900222030:2:51,0.0,2026-10-02T01:01:04.695736+02:00
307436762,de:12069:900220005:2:51,0.0,2026-10-02T01:01:04.695736+02:00
307436762,de:12069:900220004:2:51,0.0,2026-10-02T01:01:04.695736+02:00
307436762,de:12069:900220003:1:51,0.0,2026-10-02T01:01:04.695736+02:00
307436762,de:12069:900220006:2:51,0.0,2026-10-02T01:01:04.695736+02:00
307436762,de:12069:900220008:2:51,0.0,2026-10-02T01:01:04.695736+02:00
307436762,de:12054:900230001:2:51,0.0,2026-10-02T01:01:04.695736+02:00
307436762,de:11000:900053301:3:55,0.0,2026-10-02T01:01:04.695736+02:00
307430077,de:12061:900260009:2:54,0.0,2026-10-02T01:01:04.695736+02:00
307430077,de:11000:900058101:4:57,0.0,2026-10-02T01:01:04.695736+02:00
307430077,de:11000:900100020:2:53,0.0,2026-10-02T01:01:04.695736+02:00
307430077,de:11000:900003200:3:55,0.0,2026-10-02T01:01:04.695736+02:00
295900346,de:12069:900220114:1:51,0.0,2026-10-02T01:01:04.695736+02:00
295900346,de:11000:900064201:1:51,-0.1,2026-10-02T01:01:04.695736+02:00
295900346,de:11000:900064256:1:51,0.0,2026-10-02T01:01:04.695736+02:00
295900346,de:11000:900064301:3:53,-0.3,2026-10-02T01:01:04.695736+02:00
295900346,de:11000:900067221:1:50,-0.3,2026-10-02T01:01:04.695736+02:00
295900346,de:11000:900063452:1:51,-0.4,2026-10-02T01:01:04.695736+02:00
295900346,de:11000:900058102:2:53,-0.5,2026-10-02T01:01:04.695736+02:00
295900346,de:11000:900058101:1:51,-0.3,2026-10-02T01:01:04.695736+02:00
295900346,de:11000:900058103:1:51,0.0,2026-10-02T01:01:04.695736+02:00
295900346,de:11000:900012101:2:53,-0.7,2026-10-02T01:01:04.695736+02:00
295900346,de:11000:900100020:4:57,-0.8,2026-10-02T01:01:04.695736+02:00
295900346,de:11000:900100025:1:51,-0.9,2026-10-02T01:01:04.695736+02:00
295900346,de:11000:900100001:4:57,-0.6,2026-10-02T01:01:04.695736+02:00
295900346,de:11000:900100007:1:51,-0.7,2026-10-02T01:01:04.695736+02:00
295900346,de:11000:900007104:2:52,-0.7,2026-10-02T01:01:04.695736+02:00
295900346,de:11000:900008101:1:51,-0.4,2026-10-02T01:01:04.695736+02:00
295900346,de:11000:900007102:2:53,-0.2,2026-10-02T01:01:04.695736+02:00
295900346,de:11000:900110011:2:53,-0.4,2026-10-02T01:01:04.695736+02:00
295900346,de:11000:900085201:1:50,-0.8,2026-10-02T01:01:04.695736+02:00
295900346,de:11000:900085105:1:50,-0.8,2026-10-02T01:01:04.695736+02:00
295900346,de:11000:900096458:1:50,-0.1,2026-10-02T01:01:04.695736+02:00
295900346,de:11000:900096405:1:50,-0.8,2026-10-02T01:01:04.695736+02:00
295900346,de:11000:900089303:1:50,-0.7,2026-10-02T01:01:04.695736+02:00
295900346,de:11000:900091205:1:50,-0.3,2026-10-02T01:01:04.695736+02:00
295900346,de:11000:900091203:1:50,-0.5,2026-10-02T01:01:04.695736+02:00
295900346,de:12065:900200000:1:55,-0.7,2026-10-02T01:01:04.695736+02:00
295900342,de:12069:900220114:1:51,0.0,2026-10-02T01:01:04.695736+02:00
295900342,de:11000:900064201:1:51,-0.1,2026-10-02T01:01:04.695736+02:00
295900342,de:11000:900064256:1:51,0.0,2026-10-02T01:01:04.695736+02:00
295900342,de:11000:900064301:3:53,-0.3,2026-10-02T01:01:04.695736+02:00
295900342,de:11000:900067221:1:50,-0.3,2026-10-02T01:01:04.695736+02:00
295900342,de:11000:900063452:1:51,-0.4,2026-10-02T01:01:04.695736+02:00
295900342,de:11000:900058102:2:53,-0.5,2026-10-02T01:01:04.695736+02:00
295900342,de:11000:900058101:1:51,-0.3,2026-10-02T01:01:04.695736+02:00
295900342,de:11000:900058103:1:51,0.0,2026-10-02T01:01:04.695736+02:00
295900342,de:11000:900012101:2:53,-0.7,2026-10-02T01:01:04.695736+02:00
295900342,de:11000:900100020:4:57,-0.8,2026-10-02T01:01:04.695736+02:00
295900342,de:11000:900100025:1:51,-0.9,2026-10-02T01:01:04.695736+02:00
295900342,de:11000:900100001:4:57,-0.6,2026-10-02T01:01:04.695736+02:00
295900342,de:11000:900100007:1:51,-0.7,2026-10-02T01:01:04.695736+02:00
295900342,de:11000:900007104:2:52,-0.7,2026-10-02T01:01:04.695736+02:00
295900342,de:11000:900008101:1:51,-0.4,2026-10-02T01:01:04.695736+02:00
295900342,de:11000:900007102:2:53,-0.2,2026-10-02T01:01:04.695736+02:00
295900342,de:11000:900110011:2:53,-0.4,2026-10-02T01:01:04.695736+02:00
295900342,de:11000:900085201:1:50,-0.8,2026-10-02T01:01:04.695736+02:00
295900342,de:11000:900085105:1:50,-0.8,2026-10-02T01:01:04.695736+02:00
295900342,de:11000:900096458:1:50,-0.1,2026-10-02T01:01:04.695736+02:00
295900342,de:11000:900096405:1:50,-0.8,2026-10-02T01:01:04.695736+02:00
295900342,de:11000:900089303:1:50,-0.7,2026-10-02T01:01:04.695736+02:00
295900342,de:11000:900091205:1:50,-0.3,2026-10-02T01:01:04.695736+02:00
295900342,de:11000:900091203:1:50,-0.5,2026-10-02T01:01:04.695736+02:00
295900342,de:12065:900200000:1:55,-0.7,2026-10-02T01:01:04.695736+02:00
306897114,de:12067:900311308::5,0.0,2026-10-02T01:01:04.695736+02:00
306897114,de:12067:900311335::1,0.0,2026-10-02T01:01:04.695736+02:00
306897114,de:12067:900311339::1,0.0,2026-10-02T01:01:04.695736+02:00
306897114,de:12067:900311301::1,0.0,2026-10-02T01:01:04.695736+02:00
306897114,de:12067:900311373::1,0.0,2026-10-02T01:01:04.695736+02:00
306897114,de:12067:900311370::1,0.0,2026-10-02T01:01:04.695736+02:00
306897114,de:12067:900311590::1,0.0,2026-10-02T01:01:04.695736+02:00
306897114,de:12067:900311592::1,0.0,2026-10-02T01:01:04.695736+02:00
306897114,de:12067:900311634::1,0.0,2026-10-02T01:01:04.695736+02:00
306897114,de:12067:900311632::1,0.0,2026-10-02T01:01:04.695736+02:00
306897114,de:12067:900311622::1,0.0,2026-10-02T01:01:04.695736+02:00
306897114,de:12067:900311621::1,0.0,2026-10-02T01:01:04.695736+02:00
306897114,de:12067:900311624::1,0.0,2026-10-02T01:01:04.695736+02:00
306897114,de:12067:900311232::2,0.0,2026-10-02T01:01:04.695736+02:00
306897114,de:12067:900311236::1,0.0,2026-10-02T01:01:04.695736+02:00
306897114,de:12067:900311234::1,0.0,2026-10-02T01:01:04.695736+02:00
306897114,de:12067:900311238::1,0.0,2026-10-02T01:01:04.695736+02:00
295903141,de:12069:900220114:1:50,0.0,2026-10-02T01:01:04.695736+02:00
295903141,de:11000:900064201:1:51,-0.1,2026-10-02T01:01:04.695736+02:00
295903141,de:11000:900064256:1:51,0.0,2026-10-02T01:01:04.695736+02:00
295903141,de:11000:900064301:3:53,-0.3,2026-10-02T01:01:04.695736+02:00
295903141,de:11000:900067221:1:50,-0.3,2026-10-02T01:01:04.695736+02:00
295903141,de:11000:900063452:1:51,-0.4,2026-10-02T01:01:04.695736+02:00
295903141,de:11000:900058102:2:53,-0.5,2026-10-02T01:01:04.695736+02:00
295903141,de:11000:900058101:1:51,-0.3,2026-10-02T01:01:04.695736+02:00
295903141,de:11000:900058103:1:51,0.0,2026-10-02T01:01:04.695736+02:00
295903141,de:11000:900012101:2:53,-0.7,2026-10-02T01:01:04.695736+02:00
295903141,de:11000:900100020:4:57,-0.8,2026-10-02T01:01:04.695736+02:00
295903141,de:11000:900100025:1:51,-0.9,2026-10-02T01:01:04.695736+02:00
295903141,de:11000:900100001:4:57,-0.6,2026-10-02T01:01:04.695736+02:00
295903141,de:11000:900100007:1:51,-0.7,2026-10-02T01:01:04.695736+02:00
295903141,de:11000:900007104:2:52,-0.7,2026-10-02T01:01:04.695736+02:00
295903141,de:11000:900008101:1:51,-0.4,2026-10-02T01:01:04.695736+02:00
295903141,de:11000:900007102:2:53,-0.2,2026-10-02T01:01:04.695736+02:00
295903141,de:11000:900110011:2:52,-0.4,2026-10-02T01:01:04.695736+02:00
295903141,de:11000:900130002:1:50,0.0,2026-10-02T01:01:04.695736+02:00
295903141,de:11000:900130001:1:50,-0.7,2026-10-02T01:01:04.695736+02:00
295903141,de:11000:900142001:1:50,-0.2,2026-10-02T01:01:04.695736+02:00
295902997,de:11000:900142001:1:51,0.0,2026-10-02T01:01:04.695736+02:00
295902997,de:11000:900130001:1:51,-0.2,2026-10-02T01:01:04.695736+02:00
295902997,de:11000:900130002:1:51,-0.7,2026-10-02T01:01:04.695736+02:00
295902997,de:11000:900110011:1:51,-0.2,2026-10-02T01:01:04.695736+02:00
295902997,de:11000:900007102:1:50,-0.7,2026-10-02T01:01:04.695736+02:00
295902997,de:11000:900008101:1:50,-0.4,2026-10-02T01:01:04.695736+02:00
295902997,de:11000:900007104:1:51,-0.2,2026-10-02T01:01:04.695736+02:00
295902997,de:11000:900100007:1:50,-0.2,2026-10-02T01:01:04.695736+02:00
295902997,de:11000:900100001:4:56,0.0,2026-10-02T01:01:04.695736+02:00
295902997,de:11000:900100025:1:50,-0.9,2026-10-02T01:01:04.695736+02:00
295902997,de:11000:900100020:3:54,-0.9,2026-10-02T01:01:04.695736+02:00
295902997,de:11000:900012101:1:51,0.0,2026-10-02T01:01:04.695736+02:00
295902997,de:11000:900058103:1:50,-0.7,2026-10-02T01:01:04.695736+02:00
295902997,de:11000:900058101:1:50,-0.3,2026-10-02T01:01:04.695736+02:00
295902997,de:11000:900058102:1:52,0.0,2026-10-02T01:01:04.695736+02:00
295902997,de:11000:900063452:1:50,-0.1,2026-10-02T01:01:04.695736+02:00
295902997,de:11000:900067221:1:50,-0.2,2026-10-02T01:01:04.695736+02:00
295902997,de:11000:900064301:3:52,-0.2,2026-10-02T01:01:04.695736+02:00
295902997,de:11000:900064256:1:50,-0.7,2026-10-02T01:01:04.695736+02:00
295902997,de:11000:900064201:1:50,-0.6,2026-10-02T01:01:04.695736+02:00
295902997,de:12069:900220114:1:50,-0.9,2026-10-02T01:01:04.695736+02:00
295903121,de:12069:900220114:1:50,0.0,2026-10-02T01:01:04.695736+02:00
295903121,de:11000:900064201:1:51,-0.1,2026-10-02T01:01:04.695736+02:00
295903121,de:11000:900064256:1:51,0.0,2026-10-02T01:01:04.695736+02:00
295903121,de:11000:900064301:3:53,-0.3,2026-10-02T01:01:04.695736+02:00
295903121,de:11000:900067221:1:50,-0.3,2026-10-02T01:01:04.695736+02:00
295903121,de:11000:900063452:1:51,-0.4,2026-10-02T01:01:04.695736+02:00
295903121,de:11000:900058102:2:53,-0.5,2026-10-02T01:01:04.695736+02:00
295903121,de:11000:900058101:1:51,-0.3,2026-10-02T01:01:04.695736+02:00
295903121,de:11000:900058103:1:51,0.0,2026-10-02T01:01:04.695736+02:00
295903121,de:11000:900012101:2:53,-0.7,2026-10-02T01:01:04.695736+02:00
295903121,de:11000:900100020:4:57,-0.8,2026-10-02T01:01:04.695736+02:00
295903121,de:11000:900100025:1:51,-0.9,2026-10-02T01:01:04.695736+02:00
295903121,de:11000:900100001:4:57,-0.6,2026-10-02T01:01:04.695736+02:00
295903121,de:11000:900100007:1:51,-0.7,2026-10-02T01:01:04.695736+02:00
295903121,de:11000:900007104:2:52,-0.7,2026-10-02T01:01:04.695736+02:00
295903121,de:11000:900008101:1:51,-0.4,2026-10-02T01:01:04.695736+02:00
295903121,de:11000:900007102:2:53,-0.2,2026-10-02T01:01:04.695736+02:00
295903121,de:11000:900110011:2:52,-0.4,2026-10-02T01:01:04.695736+02:00
295903121,de:11000:900130002:1:50,0.0,2026-10-02T01:01:04.695736+02:00
295903121,de:11000:900130001:1:50,-0.7,2026-10-02T01:01:04.695736+02:00
295903121,de:11000:900142001:1:50,-0.2,2026-10-02T01:01:04.695736+02:00
295902990,de:11000:900142001:1:51,0.0,2026-10-02T01:01:04.695736+02:00
295902990,de:11000:900130001:1:51,-0.2,2026-10-02T01:01:04.695736+02:00
295902990,de:11000:900130002:1:51,-0.7,2026-10-02T01:01:04.695736+02:00
295902990,de:11000:900110011:1:51,-0.2,2026-10-02T01:01:04.695736+02:00
295902990,de:11000:900007102:1:50,-0.7,2026-10-02T01:01:04.695736+02:00
295902990,de:11000:900008101:1:50,-0.4,2026-10-02T01:01:04.695736+02:00
295902990,de:11000:900007104:1:51,-0.2,2026-10-02T01:01:04.695736+02:00
295902990,de:11000:900100007:1:50,-0.2,2026-10-02T01:01:04.695736+02:00
295902990,de:11000:900100001:4:56,0.0,2026-10-02T01:01:04.695736+02:00
295902990,de:11000:900100025:1:50,-0.9,2026-10-02T01:01:04.695736+02:00
295902990,de:11000:900100020:3:54,-0.9,2026-10-02T01:01:04.695736+02:00
295902990,de:11000:900012101:1:51,0.0,2026-10-02T01:01:04.695736+02:00
295902990,de:11000:900058103:1:50,-0.7,2026-10-02T01:01:04.695736+02:00
295902990,de:11000:900058101:1:50,-0.3,2026-10-02T01:01:04.695736+02:00
295902990,de:11000:900058102:1:52,0.0,2026-10-02T01:01:04.695736+02:00
295902990,de:11000:900063452:1:50,-0.1,2026-10-02T01:01:04.695736+02:00
295902990,de:11000:900067221:1:50,-0.2,2026-10-02T01:01:04.695736+02:00
295902990,de:11000:900064301:3:52,-0.2,2026-10-02T01:01:04.695736+02:00
295902990,de:11000:900064256:1:50,-0.7,2026-10-02T01:01:04.695736+02:00
295902990,de:11000:900064201:1:50,-0.6,2026-10-02T01:01:04.695736+02:00
295902990,de:12069:900220114:1:50,-0.9,2026-10-02T01:01:04.695736+02:00
295903119,de:12069:900220114:1:50,0.0,2026-10-02T01:01:04.695736+02:00
295903119,de:11000:900064201:1:51,-0.1,2026-10-02T01:01:04.695736+02:00
295906982,de:11000:900048101:1:51,0.0,2026-10-02T01:01:04.695736+02:00
295906982,de:11000:900024102:2:52,-0.7,2026-10-02T01:01:04.695736+02:00
295906982,de:11000:900024101:3:55,-0.3,2026-10-02T01:01:04.695736+02:00
295906982,de:11000:900024203:1:51,-0.8,2026-10-02T01:01:04.695736+02:00
295906982,de:11000:900023201:3:54,-0.7,2026-10-02T01:01:04.695736+02:00
295906982,de:11000:900003103:1:50,-0.8,2026-10-02T01:01:04.695736+02:00
295906982,de:11000:900003102:1:50,-0.9,2026-10-02T01:01:04.695736+02:00
295906982,de:11000:900003201:3:54,-0.5,2026-10-02T01:01:04.695736+02:00
295906982,de:11000:900100001:3:54,-0.1,2026-10-02T01:01:04.695736+02:00
295906982,de:11000:900100002:1:50,-0.4,2026-10-02T01:01:04.695736+02:00
295906982,de:11000:900100003:2:52,-0.1,2026-10-02T01:01:04.695736+02:00
295906982,de:11000:900100004:1:50,-0.4,2026-10-02T01:01:04.695736+02:00
295906982,de:11000:900120005:4:55,-0.6,2026-10-02T01:01:04.695736+02:00
295906982,de:11000:900120004:1:50,-0.1,2026-10-02T01:01:04.695736+02:00
295906982,de:11000:900120003:2:53,-0.4,2026-10-02T01:01:04.695736+02:00
295906982,de:11000:900160001:1:51,-0.4,2026-10-02T01:01:04.695736+02:00
295906982,de:11000:900160002:1:50,-0.7,2026-10-02T01:01:04.695736+02:00
295906982,de:11000:900162001:1:51,-0.3,2026-10-02T01:01:04.695736+02:00
295906982,de:11000:900180002:1:51,-0.3,2026-10-02T01:01:04.695736+02:00
295906982,de:11000:900180001:1:50,-0.7,2026-10-02T01:01:04.695736+02:00
295906982,de:11000:900182001:1:51,-0.2,2026-10-02T01:01:04.695736+02:00
295906982,de:11000:900182002:1:51,-0.4,2026-10-02T01:01:04.695736+02:00
295906982,de:11000:900183001:1:51,0.0,2026-10-02T01:01:04.695736+02:00
295906982,de:11000:900183002:1:51,-0.3,2026-10-02T01:01:04.695736+02:00
295906982,de:12067:900310004:3:52,-0.5,2026-10-02T01:01:04.695736+02:00
295907207,de:12067:900310004:3:52,0.0,2026-10-02T01:01:04.695736+02:00
295907207,de:11000:900183002:1:50,-0.1,2026-10-02T01:01:04.695736+02:00
295907207,de:11000:900183001:1:50,-0.4,2026-10-02T01:01:04.695736+02:00
295907207,de:11000:900182002:1:50,0.0,2026-10-02T01:01:04.695736+02:00
295907207,de:11000:900182001:1:50,-0.2,2026-10-02T01:01:04.695736+02:00
295907207,de:11000:900180001:1:50,-0.7,2026-10-02T01:01:04.695736+02:00
295907207,de:11000:900180002:1:50,-0.7,2026-10-02T01:01:04.695736+02:00
295907207,de:11000:900162001:1:50,-0.9,2026-10-02T01:01:04.695736+02:00
295907207,de:11000:900160002:1:50,0.0,2026-10-02T01:01:04.695736+02:00
295907207,de:11000:900160001:1:50,-0.3,2026-10-02T01:01:04.695736+02:00
295907207,de:11000:900120003:3:55,-0.1,2026-10-02T01:01:04.695736+02:00
295907207,de:11000:900120004:2:53,-0.6,2026-10-02T01:01:04.695736+02:00
295907207,de:11000:900120005:5:58,-0.9,2026-10-02T01:01:04.695736+02:00
295907207,de:11000:900100004:1:51,-0.4,2026-10-02T01:01:04.695736+02:00
295907207,de:11000:900100003:2:53,-0.4,2026-10-02T01:01:04.695736+02:00
295907207,de:11000:900100002:1:51,-0.4,2026-10-02T01:01:04.695736+02:00
295907207,de:11000:900100001:3:55,-0.4,2026-10-02T01:01:04.695736+02:00
295907207,de:11000:900003201:3:55,-0.1,2026-10-02T01:01:04.695736+02:00
295907207,de:11000:900003102:1:51,-0.8,2026-10-02T01:01:04.695736+02:00
295907207,de:11000:900003103:1:51,-0.9,2026-10-02T01:01:04.695736+02:00
295907207,de:11000:900023201:3:55,-0.8,2026-10-02T01:01:04.695736+02:00
295907207,de:11000:900024203:1:51,-0.8,2026-10-02T01:01:04.695736+02:00
295907207,de:11000:900024101:4:57,-0.8,2026-10-02T01:01:04.695736+02:00
295907207,de:11000:900024102:1:50,-0.1,2026-10-02T01:01:04.695736+02:00
295907207,de:11000:900025423:1:50,-0.4,2026-10-02T01:01:04.695736+02:00
295907207,de:11000:900026105:1:50,-0.7,2026-10-02T01:01:04.695736+02:00
295907207,de:11000:900025321:1:50,-0.3,2026-10-02T01:01:04.695736+02:00
295907207,de:11000:900025424:1:50,-0.3,2026-10-02T01:01:04.695736+02:00
295907207,de:11000:900030202:1:50,-0.9,2026-10-02T01:01:04.695736+02:00
295907207,de:11000:900029101:1:50,-0.9,2026-10-02T01:01:04.695736+02:00
307434469,de:11000:900192001:1:51,0.0,2026-10-02T01:01:04.695736+02:00
307434469,de:11000:900120003:4:57,0.0,2026-10-02T01:01:04.695736+02:00
307434469,de:11000:900007102:4:56,0.0,2026-10-02T01:01:04.695736+02:00
307434469,de:11000:900029101:2:52,0.0,2026-10-02T01:01:04.695736+02:00
307434469,de:11000:900037168:1:50,0.0,2026-10-02T01:01:04.695736+02:00
307434469,de:12063:900210180:1:50,0.0,2026-10-02T01:01:04.695736+02:00
307434469,de:12063:900210010:1:50,0.0,2026-10-02T01:01:04.695736+02:00
307434469,de:12063:900210011:1:50,0.0,2026-10-02T01:01:04.695736+02:00
307434469,de:12063:900210326:1:50,0.0,2026-10-02T01:01:04.695736+02:00
307434469,de:12063:900210005:1:50,0.0,2026-10-02T01:01:04.695736+02:00
307272015,de:11000:900029101:1:50,0.0,2026-10-02T01:01:04.695736+02:00
307272015,de:11000:900030202:1:50,-0.3,2026-10-02T01:01:04.695736+02:00
307272015,de:11000:900025424:1:51,-0.2,2026-10-02T01:01:04.695736+02:00
307272015,de:11000:900025321:1:51,-0.2,2026-10-02T01:01:04.695736+02:00
307272015,de:11000:900026105:1:50,-0.4,2026-10-02T01:01:04.695736+02:00
307272015,de:11000:900025423:1:50,-0.7,2026-10-02T01:01:04.695736+02:00
307272015,de:11000:900024102:2:53,-0.7,2026-10-02T01:01:04.695736+02:00
307272015,de:11000:900024101:3:55,-0.3,2026-10-02T01:01:04.695736+02:00
307272015,de:11000:900024203:1:51,-0.8,2026-10-02T01:01:04.695736+02:00
307272015,de:11000:900023201:3:54,-0.7,2026-10-02T01:01:04.695736+02:00
307272015,de:11000:900003103:1:50,-0.8,2026-10-02T01:01:04.695736+02:00
307272015,de:11000:900003102:1:50,-0.9,2026-10-02T01:01:04.695736+02:00
307272015,de:11000:900003201:3:54,-0.5,2026-10-02T01:01:04.695736+02:00
307272015,de:11000:900100001:3:54,-0.1,2026-10-02T01:01:04.695736+02:00
307272015,de:11000:900100002:1:50,-0.4,2026-10-02T01:01:04.695736+02:00
307272015,de:11000:900100003:2:52,-0.1,2026-10-02T01:01:04.695736+02:00
307272015,de:11000:900100004:1:50,-0.3,2026-10-02T01:01:04.695736+02:00
307272015,de:11000:900120005:4:55,-0.5,2026-10-02T01:01:04.695736+02:00
295911037,de:11000:900162001:1:50,0.0,2026-10-02T01:01:04.695736+02:00
295911037,de:11000:900160002:1:50,-0.7,2026-10-02T01:01:04.695736+02:00
295911037,de:11000:900160001:1:50,0.0,2026-10-02T01:01:04.695736+02:00
295911037,de:11000:900120003:3:55,-0.7,2026-10-02T01:01:04.695736+02:00
295911037,de:11000:900120004:2:53,0.0,2026-10-02T01:01:04.695736+02:00
295911037,de:11000:900120005:4:56,-0.2,2026-10-02T01:01:04.695736+02:00
295911032,de:11000:900162001:1:50,0.0,2026-10-02T01:01:04.695736+02:00
295911032,de:11000:900160002:1:50,-0.7,2026-10-02T01:01:04.695736+02:00
295911032,de:11000:900160001:1:50,0.0,2026-10-02T01:01:04.695736+02:00
295911032,de:11000:900120003:3:55,-0.7,2026-10-02T01:01:04.695736+02:00
295911032,de:11000:900120004:2:53,0.0,2026-10-02T01:01:04.695736+02:00
295911032,de:11000:900120005:4:56,-0.2,2026-10-02T01:01:04.695736+02:00
295910953,de:11000:900120005:4:56,0.0,2026-10-02T01:01:04.695736+02:00
295910953,de:11000:900120004:1:50,-0.9,2026-10-02T01:01:04.695736+02:00
295910953,de:11000:900120003:2:53,-0.1,2026-10-02T01:01:04.695736+02:00
295910953,de:11000:900160001:1:51,-0.9,2026-10-02T01:01:04.695736+02:00
295910953,de:11000:900160002:1:50,-0.2,2026-10-02T01:01:04.695736+02:00
295910953,de:11000:900162001:1:51,-0.3,2026-10-02T01:01:04.695736+02:00
307440604,de:12065:900200000:1:50,0.0,2026-10-02T01:01:04.695736+02:00
307440604,de:12065:900200004:1:50,0.0,2026-10-02T01:01:04.695736+02:00
307440604,de:12065:900203452:1:50,0.0,2026-10-02T01:01:04.695736+02:00
307440604,de:12065:900203491:1:50,0.0,2026-10-02T01:01:04.695736+02:00
307440604,de:12068:900205512:1:50,0.0,2026-10-02T01:01:04.695736+02:00
307440604,de:12068:900205005:2:51,0.0,2026-10-02T01:01:04.695736+02:00
307440604,de:12068:900205006:2:51,0.0,2026-10-02T01:01:04.695736+02:00
307440604,de:12068:900205617:1:50,0.0,2026-10-02T01:01:04.695736+02:00
307440604,de:12068:900205130:1:50,0.0,2026-10-02T01:01:04.695736+02:00
307440604,de:12068:900205322:1:50,0.0,2026-10-02T01:01:04.695736+02:00
307440604,de:12070:900215723:1:50,0.0,2026-10-02T01:01:04.695736+02:00
307440604,de:12070:900215350:2:51,0.0,2026-10-02T01:01:04.695736+02:00
307440604,de:12070:900215696:1:50,0.0,2026-10-02T01:01:04.695736+02:00
307440604,de:12070:900216013:1:50,0.0,2026-10-02T01:01:04.695736+02:00
307440604,de:12070:900216026:3:53,0.0,2026-10-02T01:01:04.695736+02:00
306897157,de:12067:900311513::1,0.0,2026-10-02T01:01:04.695736+02:00
306897157,de:12067:900311472::2,0.0,2026-10-02T01:01:04.695736+02:00
306897157,de:12067:900311471::1,0.0,2026-10-02T01:01:04.695736+02:00
306897157,de:12067:900310901::1,0.0,2026-10-02T01:01:04.695736+02:00
306897157,de:12067:900311471::2,0.0,2026-10-02T01:01:04.695736+02:00
306897157,de:12067:900311473::2,0.0,2026-10-02T01:01:04.695736+02:00
306897157,de:12067:900311318::2,0.0,2026-10-02T01:01:04.695736+02:00
306897157,de:12067:900311320::2,0.0,2026-10-02T01:01:04.695736+02:00
306897157,de:12067:900311305::2,0.0,2026-10-02T01:01:04.695736+02:00
306897157,de:12067:900311383::1,0.0,2026-10-02T01:01:04.695736+02:00
306897157,de:12067:900311315::2,0.0,2026-10-02T01:01:04.695736+02:00
306897157,de:12067:900311348::2,0.0,2026-10-02T01:01:04.695736+02:00
306897157,de:12067:900311308::4,0.0,2026-10-02T01:01:04.695736+02:00
306895275,de:12067:900310925::1,0.0,2026-10-02T01:01:04.695736+02:00
306895275,de:12067:900310874::1,0.0,2026-10-02T01:01:04.695736+02:00
306895275,de:12067:900310866::1,0.0,2026-10-02T01:01:04.695736+02:00
306895275,de:12067:900311092::1,0.0,2026-10-02T01:01:04.695736+02:00
306895275,de:12067:900311084::2,0.0,2026-10-02T01:01:04.695736+02:00
306895275,de:12067:900310974::2,0.0,2026-10-02T01:01:04.695736+02:00
306895275,de:12067:900310914::2,0.0,2026-10-02T01:01:04.695736+02:00
306895275,de:12067:900310703::3,0.0,2026-10-02T01:01:04.695736+02:00
306895275,de:12067:900310915::2,-0.5,2026-10-02T01:01:04.695736+02:00
306895275,de:12067:900310916::2,-0.5,2026-10-02T01:01:04.695736+02:00
306895275,de:12067:900310917::2,0.0,2026-10-02T01:01:04.695736+02:00
306895275,de:12067:900310900::2,0.0,2026-10-02T01:01:04.695736+02:00
306895275,de:12067:900310880::2,0.0,2026-10-02T01:01:04.695736+02:00
306895275,de:12067:900310010::1,0.0,2026-10-02T01:01:04.695736+02:00
306895275,de:12067:900310879::2,0.0,2026-10-02T01:01:04.695736+02:00
306895275,de:12067:900310800::2,0.0,2026-10-02T01:01:04.695736+02:00
306895275,de:12067:900310771::2,0.0,2026-10-02T01:01:04.695736+02:00
306895275,de:12067:900310822::2,0.0,2026-10-02T01:01:04.695736+02:00
306895275,de:12067:900310781::2,0.0,2026-10-02T01:01:04.695736+02:00
306895275,de:12067:900310627::2,-0.5,2026-10-02T01:01:04.695736+02:00
306895275,de:12067:900310816::2,0.0,2026-10-02T01:01:04.695736+02:00
306895275,de:12067:900310022::1,0.0,2026-10-02T01:01:04.695736+02:00
306895275,de:12067:900310001::11,0.0,2026-10-02T01:01:04.695736+02:00
307437003,de:12069:900220143:1:50,0.0,2026-10-02T01:01:04.695736+02:00
307437003,de:12069:900220142:2:51,0.0,2026-10-02T01:01:04.695736+02:00
307437003,de:12069:900220141:2:51,0.0,2026-10-02T01:01:04.695736+02:00
307437003,de:12069:900222030:2:51,0.0,2026-10-02T01:01:04.695736+02:00
307437003,de:12069:900220005:2:51,0.0,2026-10-02T01:01:04.695736+02:00
307437003,de:12069:900220004:2:51,0.0,2026-10-02T01:01:04.695736+02:00
307437003,de:12069:900220003:1:51,0.0,2026-10-02T01:01:04.695736+02:00
307437003,de:12069:900220006:2:51,0.0,2026-10-02T01:01:04.695736+02:00
307437003,de:12069:900220008:2:51,0.0,2026-10-02T01:01:04.695736+02:00
307437003,de:12054:900230001:2:51,0.0,2026-10-02T01:01:04.695736+02:00
307437003,de:11000:900053301:3:55,0.0,2026-10-02T01:01:04.695736+02:00
307437003,de:11000:900024101:1:51,0.0,2026-10-02T01:01:04.695736+02:00
306896289,de:12067:900310013::3,0.0,2026-10-02T01:01:04.695736+02:00
306896289,de:12067:900310563::3,0.0,2026-10-02T01:01:04.695736+02:00
306896289,de:12067:900310559::1,0.0,2026-10-02T01:01:04.695736+02:00
306896289,de:12067:900310558::1,0.0,2026-10-02T01:01:04.695736+02:00
306896289,de:12067:900310556::1,0.0,2026-10-02T01:01:04.695736+02:00
306896289,de:12067:900310621::1,0.0,2026-10-02T01:01:04.695736+02:00
306896289,de:12067:900310568::1,0.0,2026-10-02T01:01:04.695736+02:00
306896289,de:12067:900310955::1,0.0,2026-10-02T01:01:04.695736+02:00
306896289,de:12067:900310950::1,0.0,2026-10-02T01:01:04.695736+02:00
306896289,de:12061:900260165::2,0.0,2026-10-02T01:01:04.695736+02:00
306896289,de:12061:900260169::3,0.0,2026-10-02T01:01:04.695736+02:00
306896289,de:12061:900260166::2,0.0,2026-10-02T01:01:04.695736+02:00
306896289,de:12061:900260171::2,0.0,2026-10-02T01:01:04.695736+02:00
306896289,de:12061:900260168::2,0.0,2026-10-02T01:01:04.695736+02:00
306896289,de:12061:900260167::2,0.0,2026-10-02T01:01:04.695736+02:00
306896289,de:12061:900260170::2,0.0,2026-10-02T01:01:04.695736+02:00
306896289,de:12061:900261050::1,0.0,2026-10-02T01:01:04.695736+02:00
306896289,de:12061:900261051::2,0.0,2026-10-02T01:01:04.695736+02:00
306896289,de:12061:900261048::2,0.0,2026-10-02T01:01:04.695736+02:00
306896289,de:12061:900261047::2,0.0,2026-10-02T01:01:04.695736+02:00
306896289,de:12061:900260889::2,0.0,2026-10-02T01:01:04.695736+02:00
306896289,de:12061:900260888::2,0.0,2026-10-02T01:01:04.695736+02:00
306896289,de:12061:900260886::2,0.0,2026-10-02T01:01:04.695736+02:00
306896289,de:12061:900260887::2,0.0,2026-10-02T01:01:04.695736+02:00
306896289,de:12061:900260890::2,0.0,2026-10-02T01:01:04.695736+02:00
306896289,de:12061:900260798::2,0.0,2026-10-02T01:01:04.695736+02:00
306896289,de:12061:900260001::8,0.0,2026-10-02T01:01:04.695736+02:00
307446016,de:12070:900216026:3:53,0.0,2026-10-02T01:01:04.695736+02:00
307446016,de:15090:8010121,0.0,2026-10-02T01:01:04.695736+02:00
307446016,de:15090:8012967,0.0,2026-10-02T01:01:04.695736+02:00
307446016,de:15090:8012568,0.0,2026-10-02T01:01:04.695736+02:00
307446016,de:15090:8011665,0.0,2026-10-02T01:01:04.695736+02:00
307446016,de:15090:8011460,0.0,2026-10-02T01:01:04.695736+02:00
307446016,000008013045,0.0,2026-10-02T01:01:04.695736+02:00
307446016,de:15090:8010335,0.0,2026-10-02T01:01:04.695736+02:00
307446016,de:15090:8010334,0.0,2026-10-02T01:01:04.695736+02:00
307446016,de:15090:8011355,0.0,2026-10-02T01:01:04.695736+02:00
307446016,de:15090:8013083,0.0,2026-10-02T01:01:04.695736+02:00
307446016,de:15083:8012295,0.0,2026-10-02T01:01:04.695736+02:00
307446016,de:15083:8011042,0.0,2026-10-02T01:01:04.695736+02:00
307446016,de:15083:8013402,0.0,2026-10-02T01:01:04.695736+02:00
307446016,de:15083:8073410,0.0,2026-10-02T01:01:04.695736+02:00
307446016,de:15083:8013344,0.0,2026-10-02T01:01:04.695736+02:00
307446016,de:15003:8010086,0.0,2026-10-02T01:01:04.695736+02:00
307446016,de:15003:8012289,0.0,2026-10-02T01:01:04.695736+02:00
307446016,de:15003:8010226,0.0,2026-10-02T01:01:04.695736+02:00
307446016,de:15003:8010224,0.0,2026-10-02T01:01:04.695736+02:00
307446016,de:15003:8013456,0.0,2026-10-02T01:01:04.695736+02:00
307446016,de:15003:8013485,0.0,2026-10-02T01:01:04.695736+02:00
307446016,de:15003:8012291,0.0,2026-10-02T01:01:04.695736+02:00
307446016,de:15003:8012287,0.0,2026-10-02T01:01:04.695736+02:00
307446016,de:15089:8081270,0.0,2026-10-02T01:01:04.695736+02:00
307446016,de:15089:8010318,0.0,2026-10-02T01:01:04.695736+02:00
307446016,de:15089:8081260,0.0,2026-10-02T01:01:04.695736+02:00
307446016,de:15089:8012907,0.0,2026-10-02T01:01:04.695736+02:00
307280465,de:11000:900020202:1:50,0.0,2026-10-02T01:01:04.695736+02:00
307280465,de:11000:900001201:1:50,-0.2,2026-10-02T01:01:04.695736+02:00
307280465,de:11000:900009104:1:50,-0.8,2026-10-02T01:01:04.695736+02:00
307280465,de:11000:900007102:2:52,-0.4,2026-10-02T01:01:04.695736+02:00
307280465,de:11000:900110001:1:50,-0.6,2026-10-02T01:01:04.695736+02:00
307280465,de:11000:900110002:1:50,-0.4,2026-10-02T01:01:04.695736+02:00
307280465,de:11000:900110003:1:50,-0.4,2026-10-02T01:01:04.695736+02:00
307280465,de:11000:900110004:1:50,-0.8,2026-10-02T01:01:04.695736+02:00
307280465,de:11000:900110012:1:50,-0.7,2026-10-02T01:01:04.695736+02:00
307280465,de:11000:900120001:1:50,-0.7,2026-10-02T01:01:04.695736+02:00
307280465,de:11000:900120003:5:58,-0.1,2026-10-02T01:01:04.695736+02:00
307280465,de:11000:900190001:1:50,-0.4,2026-10-02T01:01:04.695736+02:00
307280465,de:11000:900077106:1:50,-0.4,2026-10-02T01:01:04.695736+02:00
307280465,de:11000:900078201:1:50,-0.3,2026-10-02T01:01:04.695736+02:00
307280465,de:11000:900079221:1:50,-0.2,2026-10-02T01:01:04.695736+02:00
307280465,de:11000:900068201:1:50,-0.8,2026-10-02T01:01:04.695736+02:00
307280465,de:11000:900058101:5:58,-0.1,2026-10-02T01:01:04.695736+02:00
307280465,de:11000:900054104:2:52,-0.7,2026-10-02T01:01:04.695736+02:00
307280465,de:11000:900054105:1:50,-0.9,2026-10-02T01:01:04.695736+02:00
307280465,de:11000:900044202:1:50,-0.7,2026-10-02T01:01:04.695736+02:00
307280465,de:11000:900045102:1:50,-0.7,2026-10-02T01:01:04.695736+02:00
307280465,de:11000:900044101:1:50,-0.8,2026-10-02T01:01:04.695736+02:00
307280465,de:11000:900040101:1:50,-0.3,2026-10-02T01:01:04.695736+02:00
307280465,de:11000:900024101:3:54,-0.8,2026-10-02T01:01:04.695736+02:00
307280584,de:11000:900020202:1:51,0.0,2026-10-02T01:01:04.695736+02:00
307280584,de:11000:900001201:1:51,-0.2,2026-10-02T01:01:04.695736+02:00
307280584,de:11000:900009104:1:51,-0.8,2026-10-02T01:01:04.695736+02:00
307280584,de:11000:900007102:2:52,-0.9,2026-10-02T01:01:04.695736+02:00
307280584,de:11000:900110001:1:50,-0.6,2026-10-02T01:01:04.695736+02:00
307280584,de:11000:900110002:1:50,-0.4,2026-10-02T01:01:04.695736+02:00
307280584,de:11000:900110003:1:50,-0.4,2026-10-02T01:01:04.695736+02:00
307280584,de:11000:900110004:1:50,-0.8,2026-10-02T01:01:04.695736+02:00
307280584,de:11000:900110012:1:50,-0.7,2026-10-02T01:01:04.695736+02:00
307280584,de:11000:900120001:1:50,-0.7,2026-10-02T01:01:04.695736+02:00
307280584,de:11000:900120003:5:58,-0.1,2026-10-02T01:01:04.695736+02:00
307280584,de:11000:900190001:1:50,-0.4,2026-10-02T01:01:04.695736+02:00
307280584,de:11000:900077106:1:50,-0.4,2026-10-02T01:01:04.695736+02:00
307280584,de:11000:900078201:1:50,-0.3,2026-10-02T01:01:04.695736+02:00
307280584,de:11000:900079221:1:50,-0.2,2026-10-02T01:01:04.695736+02:00
307280584,de:11000:900068201:1:50,-0.8,2026-10-02T01:01:04.695736+02:00
307280584,de:11000:900058101:5:58,-0.1,2026-10-02T01:01:04.695736+02:00
307280584,de:11000:900054104:2:52,-0.2,2026-10-02T01:01:04.695736+02:00
307280584,de:11000:900054105:1:50,-0.9,2026-10-02T01:01:04.695736+02:00
307280584,de:11000:900044202:1:50,-0.7,2026-10-02T01:01:04.695736+02:00
307280584,de:11000:900045102:1:50,-0.7,2026-10-02T01:01:04.695736+02:00
307280584,de:11000:900044101:1:50,-0.8,2026-10-02T01:01:04.695736+02:00
307280584,de:11000:900040101:1:50,-0.8,2026-10-02T01:01:04.695736+02:00
307280558,de:11000:900020202:1:51,0.0,2026-10-02T01:01:04.695736+02:00
307280558,de:11000:900001201:1:51,-0.2,2026-10-02T01:01:04.695736+02:00
307280558,de:11000:900009104:1:51,-0.8,2026-10-02T01:01:04.695736+02:00
307280558,de:11000:900007102:2:52,-0.9,2026-10-02T01:01:04.695736+02:00
307280558,de:11000:900110001:1:50,-0.6,2026-10-02T01:01:04.695736+02:00
307280558,de:11000:900110002:1:50,-0.4,2026-10-02T01:01:04.695736+02:00
307280558,de:11000:900110003:1:50,-0.4,2026-10-02T01:01:04.695736+02:00
307280558,de:11000:900110004:1:50,-0.8,2026-10-02T01:01:04.695736+02:00
307280558,de:11000:900110012:1:50,-0.7,2026-10-02T01:01:04.695736+02:00
307280558,de:11000:900120001:1:50,-0.7,2026-10-02T01:01:04.695736+02:00
307280558,de:11000:900120003:5:58,-0.1,2026-10-02T01:01:04.695736+02:00
307280558,de:11000:900190001:1:50,-0.4,2026-10-02T01:01:04.695736+02:00
307280558,de:11000:900077106:1:50,-0.4,2026-10-02T01:01:04.695736+02:00
307280558,de:11000:900078201:1:50,-0.3,2026-10-02T01:01:04.695736+02:00
307280558,de:11000:900079221:1:50,-0.2,2026-10-02T01:01:04.695736+02:00
307280558,de:11000:900068201:1:50,-0.8,2026-10-02T01:01:04.695736+02:00
307280558,de:11000:900058101:5:58,-0.1,2026-10-02T01:01:04.695736+02:00
307280558,de:11000:900054104:2:52,-0.2,2026-10-02T01:01:04.695736+02:00
307280558,de:11000:900054105:1:50,-0.9,2026-10-02T01:01:04.695736+02:00
307280558,de:11000:900044202:1:50,-0.7,2026-10-02T01:01:04.695736+02:00
307280558,de:11000:900045102:1:50,-0.7,2026-10-02T01:01:04.695736+02:00
307280558,de:11000:900044101:1:50,-0.8,2026-10-02T01:01:04.695736+02:00
307280558,de:11000:900040101:1:50,-0.8,2026-10-02T01:01:04.695736+02:00
307283046,de:11000:900009104:1:51,0.0,2026-10-02T01:01:04.695736+02:00
307283046,de:11000:900007102:2:52,-0.9,2026-10-02T01:01:04.695736+02:00
307283046,de:11000:900110001:1:50,-0.6,2026-10-02T01:01:04.695736+02:00
307283046,de:11000:900110002:1:50,-0.4,2026-10-02T01:01:04.695736+02:00
307283046,de:11000:900110003:1:50,-0.4,2026-10-02T01:01:04.695736+02:00
307283046,de:11000:900110004:1:50,-0.8,2026-10-02T01:01:04.695736+02:00
307283046,de:11000:900110012:1:50,-0.7,2026-10-02T01:01:04.695736+02:00
307283046,de:11000:900120001:1:50,-0.7,2026-10-02T01:01:04.695736+02:00
307283046,de:11000:900120003:5:58,-0.1,2026-10-02T01:01:04.695736+02:00
307283046,de:11000:900190001:1:50,-0.4,2026-10-02T01:01:04.695736+02:00
307283046,de:11000:900077106:1:50,-0.4,2026-10-02T01:01:04.695736+02:00
307283046,de:11000:900078201:1:50,-0.3,2026-10-02T01:01:04.695736+02:00
307283046,de:11000:900079221:1:50,-0.2,2026-10-02T01:01:04.695736+02:00
307283040,de:11000:900009104:1:51,0.0,2026-10-02T01:01:04.695736+02:00
307283040,de:11000:900007102:2:52,-0.9,2026-10-02T01:01:04.695736+02:00
307283040,de:11000:900110001:1:50,-0.6,2026-10-02T01:01:04.695736+02:00
307283040,de:11000:900110002:1:50,-0.4,2026-10-02T01:01:04.695736+02:00
307283040,de:11000:900110003:1:50,-0.4,2026-10-02T01:01:04.695736+02:00
307283040,de:11000:900110004:1:50,-0.8,2026-10-02T01:01:04.695736+02:00
307283040,de:11000:900110012:1:50,-0.7,2026-10-02T01:01:04.695736+02:00
307283040,de:11000:900120001:1:50,-0.7,2026-10-02T01:01:04.695736+02:00
307283040,de:11000:900120003:5:58,-0.1,2026-10-02T01:01:04.695736+02:00
307283040,de:11000:900190001:1:50,-0.4,2026-10-02T01:01:04.695736+02:00
307283040,de:11000:900077106:1:50,-0.4,2026-10-02T01:01:04.695736+02:00
307283040,de:11000:900078201:1:50,-0.3,2026-10-02T01:01:04.695736+02:00
307283040,de:11000:900079221:1:50,-0.2,2026-10-02T01:01:04.695736+02:00
307283031,de:11000:900009104:1:51,0.0,2026-10-02T01:01:04.695736+02:00
307283031,de:11000:900007102:2:52,-0.9,2026-10-02T01:01:04.695736+02:00
307283031,de:11000:900110001:1:50,-0.6,2026-10-02T01:01:04.695736+02:00
307283031,de:11000:900110002:1:50,-0.4,2026-10-02T01:01:04.695736+02:00
307283031,de:11000:900110003:1:50,-0.4,2026-10-02T01:01:04.695736+02:00
307283031,de:11000:900110004:1:50,-0.8,2026-10-02T01:01:04.695736+02:00
307283031,de:11000:900110012:1:50,-0.7,2026-10-02T01:01:04.695736+02:00
307283031,de:11000:900120001:1:50,-0.7,2026-10-02T01:01:04.695736+02:00
307283031,de:11000:900120003:5:58,-0.1,2026-10-02T01:01:04.695736+02:00
307283031,de:11000:900190001:1:50,-0.4,2026-10-02T01:01:04.695736+02:00
307283031,de:11000:900077106:1:50,-0.4,2026-10-02T01:01:04.695736+02:00
307283031,de:11000:900078201:1:50,-0.3,2026-10-02T01:01:04.695736+02:00
307283031,de:11000:900079221:1:50,-0.2,2026-10-02T01:01:04.695736+02:00
307286711,de:11000:900040101:1:50,0.0,2026-10-02T01:01:04.695736+02:00
307286711,de:11000:900044101:1:50,-0.8,2026-10-02T01:01:04.695736+02:00
307286711,de:11000:900045102:1:51,-0.9,2026-10-02T01:01:04.695736+02:00
307286711,de:11000:900044202:1:51,-0.9,2026-10-02T01:01:04.695736+02:00
307286711,de:11000:900054105:1:51,-0.7,2026-10-02T01:01:04.695736+02:00
307286711,de:11000:900054104:2:53,-0.3,2026-10-02T01:01:04.695736+02:00
307286711,de:11000:900058101:5:59,-0.2,2026-10-02T01:01:04.695736+02:00
307286711,de:11000:900068201:1:51,-0.8,2026-10-02T01:01:04.695736+02:00
307286711,de:11000:900079221:1:51,-0.4,2026-10-02T01:01:04.695736+02:00
307286711,de:11000:900078201:1:51,-0.1,2026-10-02T01:01:04.695736+02:00
307286711,de:11000:900077106:1:51,0.0,2026-10-02T01:01:04.695736+02:00
307286711,de:11000:900190001:2:52,-0.9,2026-10-02T01:01:04.695736+02:00
307286711,de:11000:900120003:5:59,-0.4,2026-10-02T01:01:04.695736+02:00
307286711,de:11000:900120001:1:51,0.0,2026-10-02T01:01:04.695736+02:00
307286711,de:11000:900110012:1:51,-0.2,2026-10-02T01:01:04.695736+02:00
307286711,de:11000:900110004:1:51,-0.1,2026-10-02T01:01:04.695736+02:00
307286711,de:11000:900110003:1:51,-0.4,2026-10-02T01:01:04.695736+02:00
307286711,de:11000:900110002:1:51,-0.4,2026-10-02T01:01:04.695736+02:00
307286711,de:11000:900110001:1:51,-0.1,2026-10-02T01:01:04.695736+02:00
307286711,de:11000:900007102:1:51,-0.6,2026-10-02T01:01:04.695736+02:00
307286711,de:11000:900009104:1:50,-0.8,2026-10-02T01:01:04.695736+02:00
307286711,de:11000:900001201:1:50,-0.3,2026-10-02T01:01:04.695736+02:00
307286711,de:11000:900020202:1:50,-0.1,2026-10-02T01:01:04.695736+02:00
307286692,de:11000:900040101:1:50,0.0,2026-10-02T01:01:04.695736+02:00
307286692,de:11000:900044101:1:50,-0.8,2026-10-02T01:01:04.695736+02:00
307286692,de:11000:900045102:1:51,-0.9,2026-10-02T01:01:04.695736+02:00
307286692,de:11000:900044202:1:51,-0.9,2026-10-02T01:01:04.695736+02:00
307286692,de:11000:900054105:1:51,-0.7,2026-10-02T01:01:04.695736+02:00
307286692,de:11000:900054104:2:53,-0.3,2026-10-02T01:01:04.695736+02:00
307286692,de:11000:900058101:5:59,-0.2,2026-10-02T01:01:04.695736+02:00
307286692,de:11000:900068201:1:51,-0.8,2026-10-02T01:01:04.695736+02:00
307286692,de:11000:900079221:1:51,-0.4,2026-10-02T01:01:04.695736+02:00
307286692,de:11000:900078201:1:51,-0.1,2026-10-02T01:01:04.695736+02:00
307286692,de:11000:900077106:1:51,0.0,2026-10-02T01:01:04.695736+02:00
307286692,de:11000:900190001:2:52,-0.9,2026-10-02T01:01:04.695736+02:00
307286692,de:11000:900120003:5:59,-0.4,2026-10-02T01:01:04.695736+02:00
307286692,de:11000:900120001:1:51,0.0,2026-10-02T01:01:04.695736+02:00
307286692,de:11000:900110012:1:51,-0.2,2026-10-02T01:01:04.695736+02:00
307286692,de:11000:900110004:1:51,-0.1,2026-10-02T01:01:04.695736+02:00
307286692,de:11000:900110003:1:51,-0.4,2026-10-02T01:01:04.695736+02:00
307286692,de:11000:900110002:1:51,-0.4,2026-10-02T01:01:04.695736+02:00
307286692,de:11000:900110001:1:51,-0.1,2026-10-02T01:01:04.695736+02:00
307286692,de:11000:900007102:1:51,-0.6,2026-10-02T01:01:04.695736+02:00
307286692,de:11000:900009104:1:50,-0.8,2026-10-02T01:01:04.695736+02:00
307286692,de:11000:900001201:1:50,-0.3,2026-10-02T01:01:04.695736+02:00
307286692,de:11000:900020202:1:50,-0.1,2026-10-02T01:01:04.695736+02:00
307286673,de:11000:900040101:1:50,0.0,2026-10-02T01:01:04.695736+02:00
307286673,de:11000:900044101:1:50,-0.8,2026-10-02T01:01:04.695736+02:00
307286673,de:11000:900045102:1:51,-0.9,2026-10-02T01:01:04.695736+02:00
307286673,de:11000:900044202:1:51,-0.9,2026-10-02T01:01:04.695736+02:00
307286673,de:11000:900054105:1:51,-0.7,2026-10-02T01:01:04.695736+02:00
307286673,de:11000:900054104:2:53,-0.3,2026-10-02T01:01:04.695736+02:00
307286673,de:11000:900058101:5:59,-0.2,2026-10-02T01:01:04.695736+02:00
307286673,de:11000:900068201:1:51,-0.8,2026-10-02T01:01:04.695736+02:00
307286673,de:11000:900079221:1:51,-0.4,2026-10-02T01:01:04.695736+02:00
307286673,de:11000:900078201:1:51,-0.1,2026-10-02T01:01:04.695736+02:00
307286673,de:11000:900077106:1:51,0.0,2026-10-02T01:01:04.695736+02:00
307286673,de:11000:900190001:2:52,-0.9,2026-10-02T01:01:04.695736+02:00
307286673,de:11000:900120003:5:59,-0.4,2026-10-02T01:01:04.695736+02:00
307286673,de:11000:900120001:1:51,0.0,2026-10-02T01:01:04.695736+02:00
307286673,de:11000:900110012:1:51,-0.2,2026-10-02T01:01:04.695736+02:00
307286673,de:11000:900110004:1:51,-0.1,2026-10-02T01:01:04.695736+02:00
307286673,de:11000:900110003:1:51,-0.4,2026-10-02T01:01:04.695736+02:00
307286673,de:11000:900110002:1:51,-0.4,2026-10-02T01:01:04.695736+02:00
307286673,de:11000:900110001:1:51,-0.1,2026-10-02T01:01:04.695736+02:00
307286673,de:11000:900007102:1:51,-0.6,2026-10-02T01:01:04.695736+02:00
307286673,de:11000:900009104:1:50,-0.8,2026-10-02T01:01:04.695736+02:00
307286673,de:11000:900001201:1:50,-0.3,2026-10-02T01:01:04.695736+02:00
307286673,de:11000:900020202:1:50,-0.1,2026-10-02T01:01:04.695736+02:00
306896850,de:12067:900311129::4,0.0,2026-10-02T01:01:04.695736+02:00
306896850,de:12067:900311129::4,-12.0,2026-10-02T01:01:04.695736+02:00
306896850,de:12067:900310727::3,0.0,2026-10-02T01:01:04.695736+02:00
306896850,de:12067:900310755::2,0.0,2026-10-02T01:01:04.695736+02:00
306896850,de:12067:900310728::3,0.0,2026-10-02T01:01:04.695736+02:00
306896850,de:12067:900311129::7,0.0,2026-10-02T01:01:04.695736+02:00
306896850,de:12067:900311129::4,12.0,2026-10-02T01:01:04.695736+02:00
306896850,de:12067:900311129::4,0.0,2026-10-02T01:01:04.695736+02:00
306896850,de:12067:900310637::2,0.0,2026-10-02T01:01:04.695736+02:00
306896850,de:12067:900310722::2,-0.5,2026-10-02T01:01:04.695736+02:00
306896850,de:12067:900310841::2,0.0,2026-10-02T01:01:04.695736+02:00
306896850,de:12067:900311002::3,0.0,2026-10-02T01:01:04.695736+02:00
306896850,de:12067:900310908::2,0.0,2026-10-02T01:01:04.695736+02:00
306896850,de:12067:900310975::2,0.0,2026-10-02T01:01:04.695736+02:00
306896850,de:12067:900310974::2,0.0,2026-10-02T01:01:04.695736+02:00
306896850,de:12067:900310914::2,0.0,2026-10-02T01:01:04.695736+02:00
306896850,de:12067:900310703::3,0.0,2026-10-02T01:01:04.695736+02:00
306896850,de:12067:900310915::2,-0.5,2026-10-02T01:01:04.695736+02:00
306896850,de:12067:900310916::2,-0.5,2026-10-02T01:01:04.695736+02:00
306896850,de:12067:900310917::2,0.0,2026-10-02T01:01:04.695736+02:00
306896850,de:12067:900310900::2,0.0,2026-10-02T01:01:04.695736+02:00
306896850,de:12067:900310880::2,0.0,2026-10-02T01:01:04.695736+02:00
306896850,de:12067:900310010::1,0.0,2026-10-02T01:01:04.695736+02:00
306896850,de:12067:900310879::2,0.0,2026-10-02T01:01:04.695736+02:00
306896850,de:12067:900310800::2,0.0,2026-10-02T01:01:04.695736+02:00
306896850,de:12067:900310771::2,0.0,2026-10-02T01:01:04.695736+02:00
306896850,de:12067:900310822::2,0.0,2026-10-02T01:01:04.695736+02:00
306896850,de:12067:900310781::2,0.0,2026-10-02T01:01:04.695736+02:00
306896850,de:12067:900310627::2,-0.5,2026-10-02T01:01:04.695736+02:00
306896850,de:12067:900310816::2,0.0,2026-10-02T01:01:04.695736+02:00
306896850,de:12067:900310022::1,0.0,2026-10-02T01:01:04.695736+02:00
306896850,de:12067:900310001::11,0.0,2026-10-02T01:01:04.695736+02:00
307289083,de:11000:900110003:1:51,0.0,2026-10-02T01:01:04.695736+02:00
307289083,de:11000:900110002:1:51,-0.4,2026-10-02T01:01:04.695736+02:00
307289083,de:11000:900110001:1:51,-0.1,2026-10-02T01:01:04.695736+02:00
307289083,de:11000:900007102:1:51,-0.6,2026-10-02T01:01:04.695736+02:00
307289083,de:11000:900009104:1:51,-0.3,2026-10-02T01:01:04.695736+02:00
307289056,de:11000:900079221:1:51,0.0,2026-10-02T01:01:04.695736+02:00
307289056,de:11000:900078201:1:51,-0.1,2026-10-02T01:01:04.695736+02:00
307289056,de:11000:900077106:1:51,0.0,2026-10-02T01:01:04.695736+02:00
307289056,de:11000:900190001:2:52,-0.9,2026-10-02T01:01:04.695736+02:00
307289056,de:11000:900120003:5:59,-0.4,2026-10-02T01:01:04.695736+02:00
307289056,de:11000:900120001:1:51,0.0,2026-10-02T01:01:04.695736+02:00
307289056,de:11000:900110012:1:51,-0.2,2026-10-02T01:01:04.695736+02:00
307289056,de:11000:900110004:1:51,-0.1,2026-10-02T01:01:04.695736+02:00
307289056,de:11000:900110003:1:51,-0.4,2026-10-02T01:01:04.695736+02:00
307289056,de:11000:900110002:1:51,-0.4,2026-10-02T01:01:04.695736+02:00
307289056,de:11000:900110001:1:51,-0.1,2026-10-02T01:01:04.695736+02:00
307289056,de:11000:900007102:1:51,-0.6,2026-10-02T01:01:04.695736+02:00
307289056,de:11000:900009104:1:51,-0.3,2026-10-02T01:01:04.695736+02:00
307292250,de:11000:900044202:1:51,0.0,2026-10-02T01:01:04.695736+02:00
307292250,de:11000:900054105:1:51,-0.2,2026-10-02T01:01:04.695736+02:00
307292250,de:11000:900054104:2:53,-0.8,2026-10-02T01:01:04.695736+02:00
307292250,de:11000:900058101:5:59,-0.7,2026-10-02T01:01:04.695736+02:00
307292250,de:11000:900068201:1:51,-0.3,2026-10-02T01:01:04.695736+02:00
307292250,de:11000:900079221:1:51,-0.9,2026-10-02T01:01:04.695736+02:00
307292250,de:11000:900078201:1:51,-0.6,2026-10-02T01:01:04.695736+02:00
307292250,de:11000:900077155:1:51,-0.2,2026-10-02T01:01:04.695736+02:00
307292250,de:11000:900191001:2:51,-0.7,2026-10-02T01:01:04.695736+02:00
307292250,de:11000:900192001:2:52,-0.7,2026-10-02T01:01:04.695736+02:00
307292250,de:11000:900193001:1:50,-0.2,2026-10-02T01:01:04.695736+02:00
307292250,de:11000:900193002:1:50,-0.8,2026-10-02T01:01:04.695736+02:00
307292250,de:11000:900186001:1:50,-0.8,2026-10-02T01:01:04.695736+02:00
307292250,de:12061:900260004:1:50,-0.2,2026-10-02T01:01:04.695736+02:00
307292250,de:12061:900260003:1:50,-0.4,2026-10-02T01:01:04.695736+02:00
307292250,de:12061:900260002:1:51,-0.2,2026-10-02T01:01:04.695736+02:00
307292250,de:12061:900260001:2:52,-0.2,2026-10-02T01:01:04.695736+02:00
307292665,de:12061:900260001:2:52,0.0,2026-10-02T01:01:04.695736+02:00
307292665,de:12061:900260002:1:51,-0.8,2026-10-02T01:01:04.695736+02:00
307292665,de:12061:900260003:1:51,-0.7,2026-10-02T01:01:04.695736+02:00
307292665,de:12061:900260004:1:51,-0.9,2026-10-02T01:01:04.695736+02:00
307292665,de:11000:900186001:2:53,-0.2,2026-10-02T01:01:04.695736+02:00
307292665,de:11000:900193002:1:51,-0.2,2026-10-02T01:01:04.695736+02:00
307292665,de:11000:900193001:2:51,-0.8,2026-10-02T01:01:04.695736+02:00
307292665,de:11000:900192001:3:55,-0.7,2026-10-02T01:01:04.695736+02:00
307292665,de:11000:900191001:1:50,-0.4,2026-10-02T01:01:04.695736+02:00
307292665,de:11000:900077155:1:50,-0.9,2026-10-02T01:01:04.695736+02:00
307292665,de:11000:900078201:1:50,-0.4,2026-10-02T01:01:04.695736+02:00
307292665,de:11000:900079221:1:50,-0.2,2026-10-02T01:01:04.695736+02:00
307292665,de:11000:900068201:1:50,-0.8,2026-10-02T01:01:04.695736+02:00
307292665,de:11000:900058101:5:58,-0.1,2026-10-02T01:01:04.695736+02:00
307292665,de:11000:900054104:2:52,-0.2,2026-10-02T01:01:04.695736+02:00
307292665,de:11000:900054105:1:50,-0.9,2026-10-02T01:01:04.695736+02:00
307292665,de:11000:900044202:1:50,-0.7,2026-10-02T01:01:04.695736+02:00
306896591,de:12067:900310009::1,0.0,2026-10-02T01:01:04.695736+02:00
306896591,de:12067:900310007::2,0.0,2026-10-02T01:01:04.695736+02:00
306896591,de:12067:900310876::2,0.0,2026-10-02T01:01:04.695736+02:00
306896591,de:12067:900310969::2,0.0,2026-10-02T01:01:04.695736+02:00
306896591,de:12067:900310973::1,0.0,2026-10-02T01:01:04.695736+02:00
306896591,de:12067:900310745::1,0.0,2026-10-02T01:01:04.695736+02:00
306896591,de:12067:900311086::0,0.0,2026-10-02T01:01:04.695736+02:00
306896591,de:12067:900310947::2,0.0,2026-10-02T01:01:04.695736+02:00
306896591,de:12067:900310704::1,0.0,2026-10-02T01:01:04.695736+02:00
306896591,de:12067:900310705::2,0.0,2026-10-02T01:01:04.695736+02:00
306896591,de:12067:900310706::1,0.0,2026-10-02T01:01:04.695736+02:00
306896591,de:12067:900311089::1,0.0,2026-10-02T01:01:04.695736+02:00
306896591,de:12067:900311088::1,0.0,2026-10-02T01:01:04.695736+02:00
306896591,de:12067:900311090::2,0.0,2026-10-02T01:01:04.695736+02:00
306896591,de:12067:900310762::2,0.0,2026-10-02T01:01:04.695736+02:00
306896591,de:12067:900310763::2,0.0,2026-10-02T01:01:04.695736+02:00
306896591,de:12067:900310761::2,-0.5,2026-10-02T01:01:04.695736+02:00
306896591,de:12067:900310754::2,0.0,2026-10-02T01:01:04.695736+02:00
306896591,de:12067:900310005::2,0.0,2026-10-02T01:01:04.695736+02:00
306896591,de:12067:900310733::2,0.0,2026-10-02T01:01:04.695736+02:00
306896591,de:12067:900310734::2,0.0,2026-10-02T01:01:04.695736+02:00
306896591,de:12067:900310824::2,0.0,2026-10-02T01:01:04.695736+02:00
306896591,de:12067:900310782::2,0.0,2026-10-02T01:01:04.695736+02:00
306896591,de:12067:900311109::2,0.0,2026-10-02T01:01:04.695736+02:00
306896591,de:12067:900310773::2,0.0,2026-10-02T01:01:04.695736+02:00
306896591,de:12067:900310797::2,0.0,2026-10-02T01:01:04.695736+02:00
306896591,de:12067:900310789::2,0.0,2026-10-02T01:01:04.695736+02:00
306896591,de:12067:900310781::2,0.0,2026-10-02T01:01:04.695736+02:00
306896591,de:12067:900310627::2,0.0,2026-10-02T01:01:04.695736+02:00
306896591,de:12067:900310816::2,0.0,2026-10-02T01:01:04.695736+02:00
306896591,de:12067:900310022::1,0.0,2026-10-02T01:01:04.695736+02:00
306896591,de:12067:900310001::11,0.0,2026-10-02T01:01:04.695736+02:00
307292649,de:12061:900260001:2:52,0.0,2026-10-02T01:01:04.695736+02:00
307292649,de:12061:900260002:1:51,-0.8,2026-10-02T01:01:04.695736+02:00
307292649,de:12061:900260003:1:51,-0.7,2026-10-02T01:01:04.695736+02:00
307292649,de:12061:900260004:1:51,-0.9,2026-10-02T01:01:04.695736+02:00
307292649,de:11000:900186001:2:53,-0.2,2026-10-02T01:01:04.695736+02:00
307292649,de:11000:900193002:1:51,-0.2,2026-10-02T01:01:04.695736+02:00
307292649,de:11000:900193001:2:51,-0.8,2026-10-02T01:01:04.695736+02:00
307292649,de:11000:900192001:3:55,-0.7,2026-10-02T01:01:04.695736+02:00
307292649,de:11000:900191001:1:50,-0.4,2026-10-02T01:01:04.695736+02:00
307292649,de:11000:900077155:1:50,-0.9,2026-10-02T01:01:04.695736+02:00
307292649,de:11000:900078201:1:50,-0.4,2026-10-02T01:01:04.695736+02:00
307292649,de:11000:900079221:1:50,-0.2,2026-10-02T01:01:04.695736+02:00
307292649,de:11000:900068201:1:50,-0.8,2026-10-02T01:01:04.695736+02:00
307292649,de:11000:900058101:5:58,-0.1,2026-10-02T01:01:04.695736+02:00
307292649,de:11000:900054104:2:52,-0.2,2026-10-02T01:01:04.695736+02:00
307292649,de:11000:900054105:1:50,-0.9,2026-10-02T01:01:04.695736+02:00
307292649,de:11000:900044202:1:50,-0.7,2026-10-02T01:01:04.695736+02:00
307292698,de:12061:900260001:2:52,0.0,2026-10-02T01:01:04.695736+02:00
307292698,de:12061:900260002:1:51,-0.8,2026-10-02T01:01:04.695736+02:00
307292698,de:12061:900260003:1:51,-0.7,2026-10-02T01:01:04.695736+02:00
307292698,de:12061:900260004:1:51,-0.9,2026-10-02T01:01:04.695736+02:00
307292698,de:11000:900186001:2:53,-0.2,2026-10-02T01:01:04.695736+02:00
307292698,de:11000:900193002:1:51,-0.2,2026-10-02T01:01:04.695736+02:00
307292698,de:11000:900193001:2:51,-0.8,2026-10-02T01:01:04.695736+02:00
307292698,de:11000:900192001:3:55,-0.7,2026-10-02T01:01:04.695736+02:00
307292698,de:11000:900191001:1:50,-0.4,2026-10-02T01:01:04.695736+02:00
307292698,de:11000:900077155:1:50,-0.9,2026-10-02T01:01:04.695736+02:00
307292698,de:11000:900078201:1:50,-0.4,2026-10-02T01:01:04.695736+02:00
307292698,de:11000:900079221:1:50,-0.2,2026-10-02T01:01:04.695736+02:00
307292698,de:11000:900068201:1:50,-0.8,2026-10-02T01:01:04.695736+02:00
307292698,de:11000:900058101:5:58,-0.1,2026-10-02T01:01:04.695736+02:00
307292698,de:11000:900054104:2:52,-0.2,2026-10-02T01:01:04.695736+02:00
307292698,de:11000:900054105:1:50,-0.9,2026-10-02T01:01:04.695736+02:00
307292698,de:11000:900044202:1:50,-0.7,2026-10-02T01:01:04.695736+02:00
295928990,de:11000:900186001:2:52,0.0,2026-10-02T01:01:04.695736+02:00
295928990,de:11000:900193002:1:51,-0.2,2026-10-02T01:01:04.695736+02:00
295928990,de:11000:900193001:2:51,-0.8,2026-10-02T01:01:04.695736+02:00
295928990,de:11000:900192001:3:55,-0.7,2026-10-02T01:01:04.695736+02:00
295928990,de:11000:900191001:1:50,-0.4,2026-10-02T01:01:04.695736+02:00
295928990,de:11000:900077155:1:50,-0.9,2026-10-02T01:01:04.695736+02:00
295928990,de:11000:900078201:1:50,-0.9,2026-10-02T01:01:04.695736+02:00
295928990,de:11000:900079221:1:50,-0.7,2026-10-02T01:01:04.695736+02:00
295932977,de:11000:900058101:5:59,0.0,2026-10-02T01:01:04.695736+02:00
295932977,de:11000:900068201:1:51,-0.3,2026-10-02T01:01:04.695736+02:00
295932977,de:11000:900079221:1:51,-0.9,2026-10-02T01:01:04.695736+02:00
295932977,de:11000:900078201:1:51,-0.6,2026-10-02T01:01:04.695736+02:00
295932977,de:11000:900077155:1:51,-0.2,2026-10-02T01:01:04.695736+02:00
295932977,de:11000:900191001:2:51,-0.7,2026-10-02T01:01:04.695736+02:00
295932977,de:11000:900192001:2:53,-0.7,2026-10-02T01:01:04.695736+02:00
295932977,de:11000:900192002:1:50,-0.5,2026-10-02T01:01:04.695736+02:00
295932977,de:11000:900180003:1:50,-0.7,2026-10-02T01:01:04.695736+02:00
295932976,de:11000:900058101:5:59,0.0,2026-10-02T01:01:04.695736+02:00
295932976,de:11000:900068201:1:51,-0.3,2026-10-02T01:01:04.695736+02:00
295932976,de:11000:900079221:1:51,-0.9,2026-10-02T01:01:04.695736+02:00
295932976,de:11000:900078201:1:51,-0.6,2026-10-02T01:01:04.695736+02:00
295932976,de:11000:900077155:1:51,-0.2,2026-10-02T01:01:04.695736+02:00
295932976,de:11000:900191001:2:51,-0.7,2026-10-02T01:01:04.695736+02:00
295932976,de:11000:900192001:2:53,-0.7,2026-10-02T01:01:04.695736+02:00
295932976,de:11000:900192002:1:50,-0.5,2026-10-02T01:01:04.695736+02:00
295932976,de:11000:900180003:1:50,-0.7,2026-10-02T01:01:04.695736+02:00
295933087,de:11000:900180003:1:50,0.0,2026-10-02T01:01:04.695736+02:00
295933087,de:11000:900192002:1:50,-0.4,2026-10-02T01:01:04.695736+02:00
295933087,de:11000:900192001:3:54,-0.2,2026-10-02T01:01:04.695736+02:00
295933087,de:11000:900191001:1:50,-0.9,2026-10-02T01:01:04.695736+02:00
295933087,de:11000:900077155:1:50,-0.4,2026-10-02T01:01:04.695736+02:00
295933087,de:11000:900078201:1:50,-0.9,2026-10-02T01:01:04.695736+02:00
295933087,de:11000:900079221:1:50,-0.7,2026-10-02T01:01:04.695736+02:00
295933087,de:11000:900068201:1:50,-0.3,2026-10-02T01:01:04.695736+02:00
295933087,de:11000:900058101:5:58,-0.6,2026-10-02T01:01:04.695736+02:00
307302013,de:11000:900024102:2:52,0.0,2026-10-02T01:01:04.695736+02:00
307302013,de:11000:900024101:3:55,-0.8,2026-10-02T01:01:04.695736+02:00
307302013,de:11000:900024203:1:51,-0.8,2026-10-02T01:01:04.695736+02:00
307302013,de:11000:900023201:3:54,-0.7,2026-10-02T01:01:04.695736+02:00
307302013,de:11000:900003103:1:50,-0.8,2026-10-02T01:01:04.695736+02:00
307302013,de:11000:900003102:1:50,-0.9,2026-10-02T01:01:04.695736+02:00
307302013,de:11000:900003201:3:54,-0.5,2026-10-02T01:01:04.695736+02:00
307302013,de:11000:900100001:3:54,-0.1,2026-10-02T01:01:04.695736+02:00
307302013,de:11000:900100002:1:50,-0.4,2026-10-02T01:01:04.695736+02:00
307302013,de:11000:900100003:2:52,-0.1,2026-10-02T01:01:04.695736+02:00
307302013,de:11000:900100004:1:50,-0.4,2026-10-02T01:01:04.695736+02:00
307302013,de:11000:900120005:4:55,-0.6,2026-10-02T01:01:04.695736+02:00
307302013,de:11000:900120004:1:50,-0.1,2026-10-02T01:01:04.695736+02:00
307302013,de:11000:900120003:2:53,-0.4,2026-10-02T01:01:04.695736+02:00
307302013,de:11000:900160003:1:50,-0.7,2026-10-02T01:01:04.695736+02:00
307302013,de:11000:900160004:1:50,-0.7,2026-10-02T01:01:04.695736+02:00
307302013,de:11000:900171002:1:50,-0.2,2026-10-02T01:01:04.695736+02:00
307302013,de:11000:900171001:2:51,-0.3,2026-10-02T01:01:04.695736+02:00
307302013,de:11000:900175001:2:51,-0.5,2026-10-02T01:01:04.695736+02:00
307302013,de:11000:900175002:1:51,0.0,2026-10-02T01:01:04.695736+02:00
307302013,de:11000:900176001:2:52,-0.3,2026-10-02T01:01:04.695736+02:00
307302013,de:12064:900320026:1:51,-0.1,2026-10-02T01:01:04.695736+02:00
307302013,de:12064:900320008:1:50,-0.7,2026-10-02T01:01:04.695736+02:00
307302013,de:12064:900320007:1:50,-0.4,2026-10-02T01:01:04.695736+02:00
307302013,de:12064:900320006:1:50,-0.8,2026-10-02T01:01:04.695736+02:00
307302013,de:12064:900320005:1:50,-0.2,2026-10-02T01:01:04.695736+02:00
307302013,de:12064:900320004:2:51,-0.9,2026-10-02T01:01:04.695736+02:00
307302013,de:12064:900320003:1:50,-0.8,2026-10-02T01:01:04.695736+02:00
307302013,de:12064:900320002:1:50,-0.5,2026-10-02T01:01:04.695736+02:00
307302013,de:12064:900320001:1:50,-0.2,2026-10-02T01:01:04.695736+02:00
307302010,de:11000:900024102:2:52,0.0,2026-10-02T01:01:04.695736+02:00
307302010,de:11000:900024101:3:55,-0.8,2026-10-02T01:01:04.695736+02:00
307302010,de:11000:900024203:1:51,-0.8,2026-10-02T01:01:04.695736+02:00
307302010,de:11000:900023201:3:54,-0.7,2026-10-02T01:01:04.695736+02:00
307302010,de:11000:900003103:1:50,-0.8,2026-10-02T01:01:04.695736+02:00
307302010,de:11000:900003102:1:50,-0.9,2026-10-02T01:01:04.695736+02:00
307302010,de:11000:900003201:3:54,-0.5,2026-10-02T01:01:04.695736+02:00
307302010,de:11000:900100001:3:54,-0.1,2026-10-02T01:01:04.695736+02:00
307302010,de:11000:900100002:1:50,-0.4,2026-10-02T01:01:04.695736+02:00
307302010,de:11000:900100003:2:52,-0.1,2026-10-02T01:01:04.695736+02:00
307302010,de:11000:900100004:1:50,-0.4,2026-10-02T01:01:04.695736+02:00
307302010,de:11000:900120005:4:55,-0.6,2026-10-02T01:01:04.695736+02:00
307302010,de:11000:900120004:1:50,-0.1,2026-10-02T01:01:04.695736+02:00
307302010,de:11000:900120003:2:53,-0.4,2026-10-02T01:01:04.695736+02:00
307302010,de:11000:900160003:1:50,-0.7,2026-10-02T01:01:04.695736+02:00
307302010,de:11000:900160004:1:50,-0.7,2026-10-02T01:01:04.695736+02:00
307302010,de:11000:900171002:1:50,-0.2,2026-10-02T01:01:04.695736+02:00
307302010,de:11000:900171001:2:51,-0.3,2026-10-02T01:01:04.695736+02:00
307302010,de:11000:900175001:2:51,-0.5,2026-10-02T01:01:04.695736+02:00
307302010,de:11000:900175002:1:51,0.0,2026-10-02T01:01:04.695736+02:00
307302010,de:11000:900176001:2:52,-0.3,2026-10-02T01:01:04.695736+02:00
307302010,de:12064:900320026:1:51,-0.1,2026-10-02T01:01:04.695736+02:00
307302010,de:12064:900320008:1:50,-0.7,2026-10-02T01:01:04.695736+02:00
307302010,de:12064:900320007:1:50,-0.4,2026-10-02T01:01:04.695736+02:00
307302010,de:12064:900320006:1:50,-0.8,2026-10-02T01:01:04.695736+02:00
307302010,de:12064:900320005:1:50,-0.2,2026-10-02T01:01:04.695736+02:00
307302010,de:12064:900320004:2:51,-0.9,2026-10-02T01:01:04.695736+02:00
307302010,de:12064:900320003:1:50,-0.8,2026-10-02T01:01:04.695736+02:00
307302010,de:12064:900320002:1:50,-0.5,2026-10-02T01:01:04.695736+02:00
307302010,de:12064:900320001:1:50,-0.2,2026-10-02T01:01:04.695736+02:00
307301995,de:11000:900024102:2:52,0.0,2026-10-02T01:01:04.695736+02:00
307301995,de:11000:900024101:3:55,-0.8,2026-10-02T01:01:04.695736+02:00
307301995,de:11000:900024203:1:51,-0.8,2026-10-02T01:01:04.695736+02:00
307301995,de:11000:900023201:3:54,-0.7,2026-10-02T01:01:04.695736+02:00
307301995,de:11000:900003103:1:50,-0.8,2026-10-02T01:01:04.695736+02:00
307301995,de:11000:900003102:1:50,-0.9,2026-10-02T01:01:04.695736+02:00
307301995,de:11000:900003201:3:54,-0.5,2026-10-02T01:01:04.695736+02:00
307301995,de:11000:900100001:3:54,-0.1,2026-10-02T01:01:04.695736+02:00
307301995,de:11000:900100002:1:50,-0.4,2026-10-02T01:01:04.695736+02:00
307301995,de:11000:900100003:2:52,-0.1,2026-10-02T01:01:04.695736+02:00
307301995,de:11000:900100004:1:50,-0.4,2026-10-02T01:01:04.695736+02:00
307301995,de:11000:900120005:4:55,-0.6,2026-10-02T01:01:04.695736+02:00
307301995,de:11000:900120004:1:50,-0.1,2026-10-02T01:01:04.695736+02:00
307301995,de:11000:900120003:2:53,-0.4,2026-10-02T01:01:04.695736+02:00
307301995,de:11000:900160003:1:50,-0.7,2026-10-02T01:01:04.695736+02:00
307301995,de:11000:900160004:1:50,-0.7,2026-10-02T01:01:04.695736+02:00
307301995,de:11000:900171002:1:50,-0.2,2026-10-02T01:01:04.695736+02:00
307301995,de:11000:900171001:2:51,-0.3,2026-10-02T01:01:04.695736+02:00
307301995,de:11000:900175001:2:51,-0.5,2026-10-02T01:01:04.695736+02:00
307301995,de:11000:900175002:1:51,0.0,2026-10-02T01:01:04.695736+02:00
307301995,de:11000:900176001:2:52,-0.3,2026-10-02T01:01:04.695736+02:00
307301995,de:12064:900320026:1:51,-0.1,2026-10-02T01:01:04.695736+02:00
307301995,de:12064:900320008:1:50,-0.7,2026-10-02T01:01:04.695736+02:00
307301995,de:12064:900320007:1:50,-0.4,2026-10-02T01:01:04.695736+02:00
307301995,de:12064:900320006:1:50,-0.8,2026-10-02T01:01:04.695736+02:00
307301995,de:12064:900320005:1:50,-0.2,2026-10-02T01:01:04.695736+02:00
307301995,de:12064:900320004:2:51,-0.9,2026-10-02T01:01:04.695736+02:00
307301995,de:12064:900320003:1:50,-0.8,2026-10-02T01:01:04.695736+02:00
307301995,de:12064:900320002:1:50,-0.5,2026-10-02T01:01:04.695736+02:00
307301995,de:12064:900320001:1:50,-0.2,2026-10-02T01:01:04.695736+02:00
307301985,de:11000:900024102:2:52,0.0,2026-10-02T01:01:04.695736+02:00
307301985,de:11000:900024101:3:55,-0.8,2026-10-02T01:01:04.695736+02:00
307301985,de:11000:900024203:1:51,-0.8,2026-10-02T01:01:04.695736+02:00
307301985,de:11000:900023201:3:54,-0.7,2026-10-02T01:01:04.695736+02:00
307301985,de:11000:900003103:1:50,-0.8,2026-10-02T01:01:04.695736+02:00
307301985,de:11000:900003102:1:50,-0.9,2026-10-02T01:01:04.695736+02:00
307301985,de:11000:900003201:3:54,-0.5,2026-10-02T01:01:04.695736+02:00
307301985,de:11000:900100001:3:54,-0.1,2026-10-02T01:01:04.695736+02:00
307301985,de:11000:900100002:1:50,-0.4,2026-10-02T01:01:04.695736+02:00
307301985,de:11000:900100003:2:52,-0.1,2026-10-02T01:01:04.695736+02:00
307301985,de:11000:900100004:1:50,-0.4,2026-10-02T01:01:04.695736+02:00
307301985,de:11000:900120005:4:55,-0.6,2026-10-02T01:01:04.695736+02:00
307301985,de:11000:900120004:1:50,-0.1,2026-10-02T01:01:04.695736+02:00
307301985,de:11000:900120003:2:53,-0.4,2026-10-02T01:01:04.695736+02:00
307301985,de:11000:900160003:1:50,-0.7,2026-10-02T01:01:04.695736+02:00
307301985,de:11000:900160004:1:50,-0.7,2026-10-02T01:01:04.695736+02:00
307301985,de:11000:900171002:1:50,-0.2,2026-10-02T01:01:04.695736+02:00
307301985,de:11000:900171001:2:51,-0.3,2026-10-02T01:01:04.695736+02:00
307301985,de:11000:900175001:2:51,-0.5,2026-10-02T01:01:04.695736+02:00
307301985,de:11000:900175002:1:51,0.0,2026-10-02T01:01:04.695736+02:00
307301985,de:11000:900176001:2:52,-0.3,2026-10-02T01:01:04.695736+02:00
307301985,de:12064:900320026:1:51,-0.1,2026-10-02T01:01:04.695736+02:00
307301985,de:12064:900320008:1:50,-0.7,2026-10-02T01:01:04.695736+02:00
307301985,de:12064:900320007:1:50,-0.4,2026-10-02T01:01:04.695736+02:00
307301985,de:12064:900320006:1:50,-0.8,2026-10-02T01:01:04.695736+02:00
307301985,de:12064:900320005:1:50,-0.2,2026-10-02T01:01:04.695736+02:00
307301985,de:12064:900320004:2:51,-0.9,2026-10-02T01:01:04.695736+02:00
307301985,de:12064:900320003:1:50,-0.8,2026-10-02T01:01:04.695736+02:00
307301985,de:12064:900320002:1:50,-0.5,2026-10-02T01:01:04.695736+02:00
307301985,de:12064:900320001:1:50,-0.2,2026-10-02T01:01:04.695736+02:00
307301981,de:11000:900024102:2:52,0.0,2026-10-02T01:01:04.695736+02:00
307301981,de:11000:900024101:3:55,-0.8,2026-10-02T01:01:04.695736+02:00
307301981,de:11000:900024203:1:51,-0.8,2026-10-02T01:01:04.695736+02:00
307301981,de:11000:900023201:3:54,-0.7,2026-10-02T01:01:04.695736+02:00
307301981,de:11000:900003103:1:50,-0.8,2026-10-02T01:01:04.695736+02:00
307301981,de:11000:900003102:1:50,-0.9,2026-10-02T01:01:04.695736+02:00
307301981,de:11000:900003201:3:54,-0.5,2026-10-02T01:01:04.695736+02:00
307301981,de:11000:900100001:3:54,-0.1,2026-10-02T01:01:04.695736+02:00
307301981,de:11000:900100002:1:50,-0.4,2026-10-02T01:01:04.695736+02:00
307301981,de:11000:900100003:2:52,-0.1,2026-10-02T01:01:04.695736+02:00
307301981,de:11000:900100004:1:50,-0.4,2026-10-02T01:01:04.695736+02:00
307301981,de:11000:900120005:4:55,-0.6,2026-10-02T01:01:04.695736+02:00
307301981,de:11000:900120004:1:50,-0.1,2026-10-02T01:01:04.695736+02:00
307301981,de:11000:900120003:2:53,-0.4,2026-10-02T01:01:04.695736+02:00
307301981,de:11000:900160003:1:50,-0.7,2026-10-02T01:01:04.695736+02:00
307301981,de:11000:900160004:1:50,-0.7,2026-10-02T01:01:04.695736+02:00
307301981,de:11000:900171002:1:50,-0.2,2026-10-02T01:01:04.695736+02:00
307301981,de:11000:900171001:2:51,-0.3,2026-10-02T01:01:04.695736+02:00
307301981,de:11000:900175001:2:51,-0.5,2026-10-02T01:01:04.695736+02:00
307301981,de:11000:900175002:1:51,0.0,2026-10-02T01:01:04.695736+02:00
307301981,de:11000:900176001:2:52,-0.3,2026-10-02T01:01:04.695736+02:00
307301981,de:12064:900320026:1:51,-0.1,2026-10-02T01:01:04.695736+02:00
307301981,de:12064:900320008:1:50,-0.7,2026-10-02T01:01:04.695736+02:00
307301981,de:12064:900320007:1:50,-0.4,2026-10-02T01:01:04.695736+02:00
307301981,de:12064:900320006:1:50,-0.8,2026-10-02T01:01:04.695736+02:00
307301981,de:12064:900320005:1:50,-0.2,2026-10-02T01:01:04.695736+02:00
307301981,de:12064:900320004:2:51,-0.9,2026-10-02T01:01:04.695736+02:00
307301981,de:12064:900320003:1:50,-0.8,2026-10-02T01:01:04.695736+02:00
307301981,de:12064:900320002:1:50,-0.5,2026-10-02T01:01:04.695736+02:00
307301981,de:12064:900320001:1:50,-0.2,2026-10-02T01:01:04.695736+02:00
295942219,de:11000:900120004:1:51,0.0,2026-10-02T01:01:04.695736+02:00
295942219,de:11000:900120003:2:52,-0.9,2026-10-02T01:01:04.695736+02:00
295942219,de:11000:900160003:1:50,-0.7,2026-10-02T01:01:04.695736+02:00
295942219,de:11000:900160004:1:50,-0.7,2026-10-02T01:01:04.695736+02:00
295942219,de:11000:900171002:1:50,-0.2,2026-10-02T01:01:04.695736+02:00
295942219,de:11000:900171001:2:51,-0.3,2026-10-02T01:01:04.695736+02:00
295942219,de:11000:900175001:2:51,-0.5,2026-10-02T01:01:04.695736+02:00
295942219,de:11000:900175002:1:51,0.0,2026-10-02T01:01:04.695736+02:00
295942219,de:11000:900176001:1:50,-0.7,2026-10-02T01:01:04.695736+02:00
295940226,de:11000:900024102:2:52,0.0,2026-10-02T01:01:04.695736+02:00
295940226,de:11000:900024101:3:54,-0.8,2026-10-02T01:01:04.695736+02:00
295940226,de:11000:900024203:1:51,-0.8,2026-10-02T01:01:04.695736+02:00
295940226,de:11000:900023201:3:54,-0.7,2026-10-02T01:01:04.695736+02:00
295940226,de:11000:900003103:1:50,-0.8,2026-10-02T01:01:04.695736+02:00
295940226,de:11000:900003102:1:50,-0.9,2026-10-02T01:01:04.695736+02:00
295940226,de:11000:900003201:3:54,-0.5,2026-10-02T01:01:04.695736+02:00
295940226,de:11000:900100001:3:54,-0.1,2026-10-02T01:01:04.695736+02:00
295940226,de:11000:900100002:1:50,-0.4,2026-10-02T01:01:04.695736+02:00
295940226,de:11000:900100003:2:52,-0.1,2026-10-02T01:01:04.695736+02:00
295940226,de:11000:900100004:1:50,-0.4,2026-10-02T01:01:04.695736+02:00
295940226,de:11000:900120005:4:55,-0.6,2026-10-02T01:01:04.695736+02:00
295940226,de:11000:900120004:1:50,-0.1,2026-10-02T01:01:04.695736+02:00
295940226,de:11000:900120003:2:53,-0.4,2026-10-02T01:01:04.695736+02:00
295940226,de:11000:900160003:1:50,-0.7,2026-10-02T01:01:04.695736+02:00
295940226,de:11000:900160004:1:50,-0.7,2026-10-02T01:01:04.695736+02:00
295940226,de:11000:900171002:1:50,-0.2,2026-10-02T01:01:04.695736+02:00
295940226,de:11000:900171001:2:51,-0.3,2026-10-02T01:01:04.695736+02:00
295940226,de:11000:900175001:2:51,-0.5,2026-10-02T01:01:04.695736+02:00
295940226,de:11000:900175002:1:51,0.0,2026-10-02T01:01:04.695736+02:00
295940226,de:11000:900176001:1:50,-0.7,2026-10-02T01:01:04.695736+02:00
295940250,de:12064:900320008:1:51,0.0,2026-10-02T01:01:04.695736+02:00
295940250,de:12064:900320026:1:50,-0.3,2026-10-02T01:01:04.695736+02:00
295940250,de:11000:900176001:1:51,-0.7,2026-10-02T01:01:04.695736+02:00
295940250,de:11000:900175002:1:50,-0.7,2026-10-02T01:01:04.695736+02:00
295940250,de:11000:900175001:1:50,-0.6,2026-10-02T01:01:04.695736+02:00
295940250,de:11000:900171001:1:50,-0.3,2026-10-02T01:01:04.695736+02:00
295940250,de:11000:900171002:1:51,-0.4,2026-10-02T01:01:04.695736+02:00
295940250,de:11000:900160004:1:51,-0.8,2026-10-02T01:01:04.695736+02:00
295940250,de:11000:900160003:1:51,-0.9,2026-10-02T01:01:04.695736+02:00
295940250,de:11000:900120003:3:55,-0.1,2026-10-02T01:01:04.695736+02:00
295940250,de:11000:900120004:2:53,-0.6,2026-10-02T01:01:04.695736+02:00
295940250,de:11000:900120005:5:58,-0.9,2026-10-02T01:01:04.695736+02:00
295940250,de:11000:900100004:1:51,-0.4,2026-10-02T01:01:04.695736+02:00
295940250,de:11000:900100003:2:53,-0.4,2026-10-02T01:01:04.695736+02:00
295940250,de:11000:900100002:1:51,-0.4,2026-10-02T01:01:04.695736+02:00
295940250,de:11000:900100001:3:55,-0.4,2026-10-02T01:01:04.695736+02:00
295940250,de:11000:900003201:3:55,-0.1,2026-10-02T01:01:04.695736+02:00
295940250,de:11000:900003102:1:51,-0.8,2026-10-02T01:01:04.695736+02:00
295940250,de:11000:900003103:1:51,-0.9,2026-10-02T01:01:04.695736+02:00
295940250,de:11000:900023201:3:55,-0.8,2026-10-02T01:01:04.695736+02:00
295940250,de:11000:900024203:1:51,-0.8,2026-10-02T01:01:04.695736+02:00
295940250,de:11000:900024101:4:57,-0.8,2026-10-02T01:01:04.695736+02:00
295940250,de:11000:900024102:1:51,-0.1,2026-10-02T01:01:04.695736+02:00
306897077,de:12067:900310009::1,0.0,2026-10-02T01:01:04.695736+02:00
306897077,de:12067:900310007::2,0.0,2026-10-02T01:01:04.695736+02:00
306897077,de:12067:900310876::1,0.0,2026-10-02T01:01:04.695736+02:00
306897077,de:12067:900310007::1,0.0,2026-10-02T01:01:04.695736+02:00
306897077,de:12067:900310735::1,0.0,2026-10-02T01:01:04.695736+02:00
306897077,de:12067:900311270::1,0.0,2026-10-02T01:01:04.695736+02:00
306897077,de:12067:900311484::1,0.0,2026-10-02T01:01:04.695736+02:00
306897077,de:12067:900311485::1,0.0,2026-10-02T01:01:04.695736+02:00
306897077,de:12067:900311482::1,0.0,2026-10-02T01:01:04.695736+02:00
306897077,de:12067:900311489::1,0.0,2026-10-02T01:01:04.695736+02:00
306897077,de:12067:900311480::1,0.0,2026-10-02T01:01:04.695736+02:00
306897077,de:12067:900311222::1,0.0,2026-10-02T01:01:04.695736+02:00
306897077,de:12067:900311223::1,0.0,2026-10-02T01:01:04.695736+02:00
306897077,de:12067:900310957::1,0.0,2026-10-02T01:01:04.695736+02:00
306897077,de:12067:900310958::1,0.0,2026-10-02T01:01:04.695736+02:00
306897077,de:12067:900310988::2,0.0,2026-10-02T01:01:04.695736+02:00
306897077,de:12067:900310638::2,0.0,2026-10-02T01:01:04.695736+02:00
306897077,de:12067:900310834::1,0.0,2026-10-02T01:01:04.695736+02:00
295953502,de:11000:900120004:1:51,0.0,2026-10-02T01:01:04.695736+02:00
295953502,de:11000:900120003:2:52,-0.9,2026-10-02T01:01:04.695736+02:00
295953502,de:11000:900160003:1:50,-0.2,2026-10-02T01:01:04.695736+02:00
295953502,de:11000:900160004:1:50,-0.2,2026-10-02T01:01:04.695736+02:00
295953502,de:11000:900171002:1:50,-0.7,2026-10-02T01:01:04.695736+02:00
295953502,de:11000:900171003:1:50,-0.8,2026-10-02T01:01:04.695736+02:00
295953502,de:11000:900152002:1:50,-0.4,2026-10-02T01:01:04.695736+02:00
295953502,de:11000:900152001:1:50,-0.6,2026-10-02T01:01:04.695736+02:00
295953502,de:11000:900151001:1:51,-0.9,2026-10-02T01:01:04.695736+02:00
295953594,de:11000:900151001:1:51,0.0,2026-10-02T01:01:04.695736+02:00
295953594,de:11000:900152001:1:51,-0.6,2026-10-02T01:01:04.695736+02:00
295953594,de:11000:900152002:1:51,-0.2,2026-10-02T01:01:04.695736+02:00
295953594,de:11000:900171003:1:51,-0.9,2026-10-02T01:01:04.695736+02:00
295953594,de:11000:900171002:1:51,-0.9,2026-10-02T01:01:04.695736+02:00
295953594,de:11000:900160004:1:51,-0.3,2026-10-02T01:01:04.695736+02:00
295953594,de:11000:900160003:1:51,-0.4,2026-10-02T01:01:04.695736+02:00
295953594,de:11000:900120003:3:54,-0.6,2026-10-02T01:01:04.695736+02:00
295953594,de:11000:900120004:2:52,-0.1,2026-10-02T01:01:04.695736+02:00
295953488,de:11000:900120004:1:51,0.0,2026-10-02T01:01:04.695736+02:00
295953488,de:11000:900120003:2:52,-0.9,2026-10-02T01:01:04.695736+02:00
295953488,de:11000:900160003:1:50,-0.2,2026-10-02T01:01:04.695736+02:00
295953488,de:11000:900160004:1:50,-0.2,2026-10-02T01:01:04.695736+02:00
295953488,de:11000:900171002:1:50,-0.7,2026-10-02T01:01:04.695736+02:00
295953488,de:11000:900171003:1:50,-0.8,2026-10-02T01:01:04.695736+02:00
295953488,de:11000:900152002:1:50,-0.4,2026-10-02T01:01:04.695736+02:00
295953488,de:11000:900152001:1:50,-0.6,2026-10-02T01:01:04.695736+02:00
295953488,de:11000:900151001:1:51,-0.9,2026-10-02T01:01:04.695736+02:00
295949477,de:12054:900230999:3:55,0.0,2026-10-02T01:01:04.695736+02:00
295949477,de:12054:900230000:1:50,-0.3,2026-10-02T01:01:04.695736+02:00
295949477,de:12054:900230003:1:54,-0.3,2026-10-02T01:01:04.695736+02:00
295949477,de:11000:900053301:2:53,-0.4,2026-10-02T01:01:04.695736+02:00
295949477,de:11000:900052201:2:53,-0.7,2026-10-02T01:01:04.695736+02:00
295949477,de:11000:900048101:2:53,-0.9,2026-10-02T01:01:04.695736+02:00
295949477,de:11000:900024102:2:53,-0.9,2026-10-02T01:01:04.695736+02:00
295949477,de:11000:900024101:3:55,-0.3,2026-10-02T01:01:04.695736+02:00
295949477,de:11000:900024203:1:51,-0.3,2026-10-02T01:01:04.695736+02:00
295949477,de:11000:900023201:3:54,-0.2,2026-10-02T01:01:04.695736+02:00
295949477,de:11000:900003103:1:50,-0.3,2026-10-02T01:01:04.695736+02:00
295949477,de:11000:900003102:1:50,-0.4,2026-10-02T01:01:04.695736+02:00
295949477,de:11000:900003201:3:54,0.0,2026-10-02T01:01:04.695736+02:00
295949477,de:11000:900100001:3:54,-0.6,2026-10-02T01:01:04.695736+02:00
295949477,de:11000:900100002:1:50,-0.9,2026-10-02T01:01:04.695736+02:00
295949477,de:11000:900100003:2:52,-0.6,2026-10-02T01:01:04.695736+02:00
295949477,de:11000:900100004:1:50,-0.9,2026-10-02T01:01:04.695736+02:00
295949477,de:11000:900120005:4:55,-0.1,2026-10-02T01:01:04.695736+02:00
295949477,de:11000:900120004:1:50,-0.6,2026-10-02T01:01:04.695736+02:00
295949477,de:11000:900120003:2:53,-0.9,2026-10-02T01:01:04.695736+02:00
295949477,de:11000:900160003:1:50,-0.2,2026-10-02T01:01:04.695736+02:00
295949477,de:11000:900160004:1:50,-0.2,2026-10-02T01:01:04.695736+02:00
295949477,de:11000:900171002:1:50,-0.7,2026-10-02T01:01:04.695736+02:00
295949477,de:11000:900171003:1:50,-0.8,2026-10-02T01:01:04.695736+02:00
295949477,de:11000:900170005:1:50,-0.3,2026-10-02T01:01:04.695736+02:00
295949477,de:11000:900170001:1:50,-0.1,2026-10-02T01:01:04.695736+02:00
295949477,de:11000:900170002:1:50,-0.9,2026-10-02T01:01:04.695736+02:00
295949477,de:11000:900170003:1:50,-0.7,2026-10-02T01:01:04.695736+02:00
295949477,de:11000:900170004:2:52,-0.9,2026-10-02T01:01:04.695736+02:00
295953535,de:11000:900151001:1:51,0.0,2026-10-02T01:01:04.695736+02:00
295953535,de:11000:900152001:1:51,-0.6,2026-10-02T01:01:04.695736+02:00
295953535,de:11000:900152002:1:51,-0.2,2026-10-02T01:01:04.695736+02:00
295953535,de:11000:900171003:1:51,-0.9,2026-10-02T01:01:04.695736+02:00
295953535,de:11000:900171002:1:51,-0.9,2026-10-02T01:01:04.695736+02:00
295953535,de:11000:900160004:1:51,-0.3,2026-10-02T01:01:04.695736+02:00
295953535,de:11000:900160003:1:51,-0.4,2026-10-02T01:01:04.695736+02:00
295953535,de:11000:900120003:3:55,-0.6,2026-10-02T01:01:04.695736+02:00
295953535,de:11000:900120004:2:53,-0.1,2026-10-02T01:01:04.695736+02:00
295953535,de:11000:900120005:5:57,-0.4,2026-10-02T01:01:04.695736+02:00
295953523,de:11000:900151001:1:51,0.0,2026-10-02T01:01:04.695736+02:00
295953523,de:11000:900152001:1:51,-0.6,2026-10-02T01:01:04.695736+02:00
295953523,de:11000:900152002:1:51,-0.2,2026-10-02T01:01:04.695736+02:00
295953523,de:11000:900171003:1:51,-0.9,2026-10-02T01:01:04.695736+02:00
295953523,de:11000:900171002:1:51,-0.9,2026-10-02T01:01:04.695736+02:00
295953523,de:11000:900160004:1:51,-0.3,2026-10-02T01:01:04.695736+02:00
295953523,de:11000:900160003:1:51,-0.4,2026-10-02T01:01:04.695736+02:00
295953523,de:11000:900120003:3:55,-0.6,2026-10-02T01:01:04.695736+02:00
295953523,de:11000:900120004:2:53,-0.1,2026-10-02T01:01:04.695736+02:00
295953523,de:11000:900120005:4:56,-0.4,2026-10-02T01:01:04.695736+02:00
295953522,de:11000:900151001:1:51,0.0,2026-10-02T01:01:04.695736+02:00
295953522,de:11000:900152001:1:51,-0.6,2026-10-02T01:01:04.695736+02:00
295953522,de:11000:900152002:1:51,-0.2,2026-10-02T01:01:04.695736+02:00
295953522,de:11000:900171003:1:51,-0.9,2026-10-02T01:01:04.695736+02:00
295953522,de:11000:900171002:1:51,-0.9,2026-10-02T01:01:04.695736+02:00
295953522,de:11000:900160004:1:51,-0.3,2026-10-02T01:01:04.695736+02:00
295953522,de:11000:900160003:1:51,-0.4,2026-10-02T01:01:04.695736+02:00
295953522,de:11000:900120003:3:55,-0.6,2026-10-02T01:01:04.695736+02:00
295953522,de:11000:900120004:2:53,-0.1,2026-10-02T01:01:04.695736+02:00
295953522,de:11000:900120005:4:56,-0.4,2026-10-02T01:01:04.695736+02:00
295956042,de:11000:900120005:4:56,0.0,2026-10-02T01:01:04.695736+02:00
295956042,de:11000:900120004:1:51,-0.6,2026-10-02T01:01:04.695736+02:00
295956042,de:11000:900120003:2:52,-0.9,2026-10-02T01:01:04.695736+02:00
295956042,de:11000:900160003:1:50,-0.2,2026-10-02T01:01:04.695736+02:00
295956042,de:11000:900160004:1:50,-0.2,2026-10-02T01:01:04.695736+02:00
295956042,de:11000:900171002:1:50,-0.7,2026-10-02T01:01:04.695736+02:00
295956042,de:11000:900171003:1:50,-0.8,2026-10-02T01:01:04.695736+02:00
295956042,de:11000:900152002:1:50,-0.4,2026-10-02T01:01:04.695736+02:00
295956042,de:11000:900152001:1:50,-0.6,2026-10-02T01:01:04.695736+02:00
295956042,de:11000:900151001:1:50,-0.9,2026-10-02T01:01:04.695736+02:00
295956034,de:11000:900120004:1:51,0.0,2026-10-02T01:01:04.695736+02:00
295956034,de:11000:900120003:2:52,-0.9,2026-10-02T01:01:04.695736+02:00
295956034,de:11000:900160003:1:50,-0.2,2026-10-02T01:01:04.695736+02:00
295956034,de:11000:900160004:1:50,-0.2,2026-10-02T01:01:04.695736+02:00
295956034,de:11000:900171002:1:50,-0.7,2026-10-02T01:01:04.695736+02:00
295956034,de:11000:900171003:1:50,-0.8,2026-10-02T01:01:04.695736+02:00
295956034,de:11000:900152002:1:50,-0.4,2026-10-02T01:01:04.695736+02:00
295956034,de:11000:900152001:1:50,-0.6,2026-10-02T01:01:04.695736+02:00
295956034,de:11000:900151001:1:50,-0.9,2026-10-02T01:01:04.695736+02:00
295956089,de:11000:900151001:1:50,0.0,2026-10-02T01:01:04.695736+02:00
295956089,de:11000:900152001:1:51,-0.6,2026-10-02T01:01:04.695736+02:00
295956089,de:11000:900152002:1:51,-0.2,2026-10-02T01:01:04.695736+02:00
295956089,de:11000:900171003:1:51,-0.9,2026-10-02T01:01:04.695736+02:00
295956089,de:11000:900171002:1:51,-0.9,2026-10-02T01:01:04.695736+02:00
295956089,de:11000:900160004:1:51,-0.3,2026-10-02T01:01:04.695736+02:00
295956089,de:11000:900160003:1:51,-0.4,2026-10-02T01:01:04.695736+02:00
295956089,de:11000:900120003:3:54,-0.6,2026-10-02T01:01:04.695736+02:00
295956089,de:11000:900120004:2:52,-0.1,2026-10-02T01:01:04.695736+02:00
295956088,de:11000:900151001:1:50,0.0,2026-10-02T01:01:04.695736+02:00
295956088,de:11000:900152001:1:51,-0.6,2026-10-02T01:01:04.695736+02:00
295956088,de:11000:900152002:1:51,-0.2,2026-10-02T01:01:04.695736+02:00
295956088,de:11000:900171003:1:51,-0.9,2026-10-02T01:01:04.695736+02:00
295956088,de:11000:900171002:1:51,-0.9,2026-10-02T01:01:04.695736+02:00
295956088,de:11000:900160004:1:51,-0.3,2026-10-02T01:01:04.695736+02:00
295956088,de:11000:900160003:1:51,-0.4,2026-10-02T01:01:04.695736+02:00
295956088,de:11000:900120003:3:54,-0.6,2026-10-02T01:01:04.695736+02:00
295956088,de:11000:900120004:2:52,-0.1,2026-10-02T01:01:04.695736+02:00
295956065,de:11000:900151001:1:50,0.0,2026-10-02T01:01:04.695736+02:00
295956065,de:11000:900152001:1:51,-0.6,2026-10-02T01:01:04.695736+02:00
295956065,de:11000:900152002:1:51,-0.2,2026-10-02T01:01:04.695736+02:00
295956065,de:11000:900171003:1:51,-0.9,2026-10-02T01:01:04.695736+02:00
295956065,de:11000:900171002:1:51,-0.9,2026-10-02T01:01:04.695736+02:00
295956065,de:11000:900160004:1:51,-0.3,2026-10-02T01:01:04.695736+02:00
295956065,de:11000:900160003:1:51,-0.4,2026-10-02T01:01:04.695736+02:00
295956065,de:11000:900120003:3:54,-0.6,2026-10-02T01:01:04.695736+02:00
295956065,de:11000:900120004:2:52,-0.1,2026-10-02T01:01:04.695736+02:00
295956006,de:11000:900120004:1:51,0.0,2026-10-02T01:01:04.695736+02:00
295956006,de:11000:900120003:2:52,-0.9,2026-10-02T01:01:04.695736+02:00
295956006,de:11000:900160003:1:50,-0.2,2026-10-02T01:01:04.695736+02:00
295956006,de:11000:900160004:1:50,-0.2,2026-10-02T01:01:04.695736+02:00
295956006,de:11000:900171002:1:50,-0.7,2026-10-02T01:01:04.695736+02:00
295956006,de:11000:900171003:1:50,-0.8,2026-10-02T01:01:04.695736+02:00
295956006,de:11000:900152002:1:50,-0.4,2026-10-02T01:01:04.695736+02:00
295956006,de:11000:900152001:1:50,-0.6,2026-10-02T01:01:04.695736+02:00
295956006,de:11000:900151001:1:50,-0.9,2026-10-02T01:01:04.695736+02:00
306896542,de:12067:900310708::1,0.0,2026-10-02T01:01:04.695736+02:00
306896542,de:12067:900310710::2,0.0,2026-10-02T01:01:04.695736+02:00
306896542,de:12067:900310709::2,0.0,2026-10-02T01:01:04.695736+02:00
306896542,de:12067:900310869::1,0.0,2026-10-02T01:01:04.695736+02:00
306896542,de:12067:900310870::2,0.0,2026-10-02T01:01:04.695736+02:00
306896542,de:12067:900310872::2,0.0,2026-10-02T01:01:04.695736+02:00
306896542,de:12067:900310871::2,0.0,2026-10-02T01:01:04.695736+02:00
306896542,de:12067:900311046::2,0.0,2026-10-02T01:01:04.695736+02:00
306896542,de:12067:900310632::1,0.0,2026-10-02T01:01:04.695736+02:00
306896542,de:12067:900310753::1,0.0,2026-10-02T01:01:04.695736+02:00
306896542,de:12067:900310752::1,0.0,2026-10-02T01:01:04.695736+02:00
306896542,de:12067:900310752::2,0.0,2026-10-02T01:01:04.695736+02:00
306896542,de:12067:900310753::2,0.0,2026-10-02T01:01:04.695736+02:00
306896542,de:12067:900310632::2,0.0,2026-10-02T01:01:04.695736+02:00
306896542,de:12067:900311045::2,0.0,2026-10-02T01:01:04.695736+02:00
306896542,de:12067:900310962::2,0.0,2026-10-02T01:01:04.695736+02:00
306896542,de:12067:900310959::2,0.0,2026-10-02T01:01:04.695736+02:00
306896542,de:12067:900310963::2,0.0,2026-10-02T01:01:04.695736+02:00
306896542,de:12067:900311083::2,0.0,2026-10-02T01:01:04.695736+02:00
306896542,de:12067:900310814::2,0.0,2026-10-02T01:01:04.695736+02:00
306896542,de:12067:900310804::2,0.0,2026-10-02T01:01:04.695736+02:00
306896542,de:12067:900311150::2,0.0,2026-10-02T01:01:04.695736+02:00
306896542,de:12067:900311135::2,0.0,2026-10-02T01:01:04.695736+02:00
306896542,de:12067:900311149::2,0.0,2026-10-02T01:01:04.695736+02:00
306896542,de:12067:900310001::11,0.0,2026-10-02T01:01:04.695736+02:00
307440550,de:12065:900200000:1:50,0.0,2026-10-02T01:01:04.695736+02:00
307440550,de:12065:900200004:1:50,0.0,2026-10-02T01:01:04.695736+02:00
307440550,de:12065:900203452:1:50,0.0,2026-10-02T01:01:04.695736+02:00
307440550,de:12065:900203491:1:50,0.0,2026-10-02T01:01:04.695736+02:00
307440550,de:12068:900205005:2:51,0.0,2026-10-02T01:01:04.695736+02:00
307440550,de:12068:900205006:2:51,0.0,2026-10-02T01:01:04.695736+02:00
307440550,de:12068:900205023:1:50,0.0,2026-10-02T01:01:04.695736+02:00
307440550,de:12068:900205022:1:50,0.0,2026-10-02T01:01:04.695736+02:00
307440550,de:12068:900205092:1:50,0.0,2026-10-02T01:01:04.695736+02:00
307440550,de:12068:900205090:1:50,0.0,2026-10-02T01:01:04.695736+02:00
307440550,de:12068:900205617:1:50,0.0,2026-10-02T01:01:04.695736+02:00
307440550,de:12068:900205130:1:50,0.0,2026-10-02T01:01:04.695736+02:00
307440550,de:12068:900205322:1:50,0.0,2026-10-02T01:01:04.695736+02:00
307440550,de:12070:900215723:1:50,0.0,2026-10-02T01:01:04.695736+02:00
307440550,de:12070:900215350:2:51,0.0,2026-10-02T01:01:04.695736+02:00
307440550,de:12070:900215696:1:50,0.0,2026-10-02T01:01:04.695736+02:00
307440550,de:12070:900216013:1:50,0.0,2026-10-02T01:01:04.695736+02:00
307440550,de:12070:900216026:3:53,0.0,2026-10-02T01:01:04.695736+02:00
307440535,de:12065:900200000:1:50,0.0,2026-10-02T01:01:04.695736+02:00
307440535,de:12065:900200004:1:50,0.0,2026-10-02T01:01:04.695736+02:00
307440535,de:12065:900203452:1:50,0.0,2026-10-02T01:01:04.695736+02:00
307440535,de:12065:900203491:1:50,0.0,2026-10-02T01:01:04.695736+02:00
307440535,de:12068:900205005:2:51,0.0,2026-10-02T01:01:04.695736+02:00
307440535,de:12068:900205006:2:51,0.0,2026-10-02T01:01:04.695736+02:00
307440535,de:12068:900205023:1:50,0.0,2026-10-02T01:01:04.695736+02:00
307440535,de:12068:900205022:1:50,0.0,2026-10-02T01:01:04.695736+02:00
307440535,de:12068:900205092:1:50,0.0,2026-10-02T01:01:04.695736+02:00
307440535,de:12068:900205090:1:50,0.0,2026-10-02T01:01:04.695736+02:00
307440535,de:12068:900205617:1:50,0.0,2026-10-02T01:01:04.695736+02:00
307440535,de:12068:900205130:1:50,0.0,2026-10-02T01:01:04.695736+02:00
307440535,de:12068:900205322:1:50,0.0,2026-10-02T01:01:04.695736+02:00
307440535,de:12070:900215723:1:50,0.0,2026-10-02T01:01:04.695736+02:00
307440535,de:12070:900215350:2:51,0.0,2026-10-02T01:01:04.695736+02:00
307440535,de:12070:900215696:1:50,0.0,2026-10-02T01:01:04.695736+02:00
307440535,de:12070:900216013:1:50,0.0,2026-10-02T01:01:04.695736+02:00
307440535,de:12070:900216026:3:53,0.0,2026-10-02T01:01:04.695736+02:00
295949528,de:11000:900170004:2:52,0.0,2026-10-02T01:01:04.695736+02:00
295949528,de:11000:900170003:1:51,-0.3,2026-10-02T01:01:04.695736+02:00
295949528,de:11000:900170002:1:51,-0.1,2026-10-02T01:01:04.695736+02:00
295949528,de:11000:900170001:1:51,-0.9,2026-10-02T01:01:04.695736+02:00
295949528,de:11000:900170005:1:51,-0.7,2026-10-02T01:01:04.695736+02:00
295949528,de:11000:900171003:1:51,-0.6,2026-10-02T01:01:04.695736+02:00
295949528,de:11000:900171002:1:51,-0.9,2026-10-02T01:01:04.695736+02:00
295949528,de:11000:900160004:1:51,-0.3,2026-10-02T01:01:04.695736+02:00
295949528,de:11000:900160003:1:51,-0.4,2026-10-02T01:01:04.695736+02:00
295949528,de:11000:900120003:3:55,-0.6,2026-10-02T01:01:04.695736+02:00
295949528,de:11000:900120004:2:53,-0.1,2026-10-02T01:01:04.695736+02:00
295949528,de:11000:900120005:5:58,-0.4,2026-10-02T01:01:04.695736+02:00
295949528,de:11000:900100004:1:51,-0.9,2026-10-02T01:01:04.695736+02:00
295949528,de:11000:900100003:2:53,-0.9,2026-10-02T01:01:04.695736+02:00
295949528,de:11000:900100002:1:51,-0.9,2026-10-02T01:01:04.695736+02:00
295949528,de:11000:900100001:3:55,-0.9,2026-10-02T01:01:04.695736+02:00
295949528,de:11000:900003201:3:55,-0.6,2026-10-02T01:01:04.695736+02:00
295949528,de:11000:900003102:1:51,-0.3,2026-10-02T01:01:04.695736+02:00
295949528,de:11000:900003103:1:51,-0.4,2026-10-02T01:01:04.695736+02:00
295949528,de:11000:900023201:3:55,-0.3,2026-10-02T01:01:04.695736+02:00
295949528,de:11000:900024203:1:51,-0.3,2026-10-02T01:01:04.695736+02:00
295949528,de:11000:900024101:4:57,-0.3,2026-10-02T01:01:04.695736+02:00
295949528,de:11000:900024102:1:50,-0.6,2026-10-02T01:01:04.695736+02:00
295949528,de:11000:900048101:1:50,-0.8,2026-10-02T01:01:04.695736+02:00
295949528,de:11000:900052201:2:52,0.0,2026-10-02T01:01:04.695736+02:00
295949528,de:11000:900053301:1:50,-0.4,2026-10-02T01:01:04.695736+02:00
295949528,de:12054:900230003:1:50,-0.4,2026-10-02T01:01:04.695736+02:00
295949528,de:12054:900230000:1:51,-0.4,2026-10-02T01:01:04.695736+02:00
295949528,de:12054:900230999:3:54,-0.9,2026-10-02T01:01:04.695736+02:00
295959991,de:12065:900200008:1:51,0.0,2026-10-02T01:01:04.695736+02:00
295959991,de:12065:900200009:1:51,-0.7,2026-10-02T01:01:04.695736+02:00
295959991,de:12065:900200011:1:51,-0.3,2026-10-02T01:01:04.695736+02:00
295959991,de:12065:900200012:1:51,-0.8,2026-10-02T01:01:04.695736+02:00
295959991,de:12065:900200013:1:50,-0.4,2026-10-02T01:01:04.695736+02:00
295959991,de:11000:900142001:1:51,-0.7,2026-10-02T01:01:04.695736+02:00
295959991,de:11000:900130001:1:51,-0.2,2026-10-02T01:01:04.695736+02:00
295959991,de:11000:900130002:1:51,-0.7,2026-10-02T01:01:04.695736+02:00
295959991,de:11000:900110011:1:51,-0.2,2026-10-02T01:01:04.695736+02:00
295959991,de:11000:900110001:1:50,-0.2,2026-10-02T01:01:04.695736+02:00
295959991,de:11000:900110002:1:50,-0.9,2026-10-02T01:01:04.695736+02:00
295959991,de:11000:900110003:1:50,-0.9,2026-10-02T01:01:04.695736+02:00
295959991,de:11000:900110004:1:50,-0.3,2026-10-02T01:01:04.695736+02:00
295959991,de:11000:900110012:1:50,-0.2,2026-10-02T01:01:04.695736+02:00
295959991,de:11000:900120001:1:50,-0.2,2026-10-02T01:01:04.695736+02:00
295959991,de:11000:900120003:5:58,-0.6,2026-10-02T01:01:04.695736+02:00
295959991,de:11000:900190001:1:50,-0.1,2026-10-02T01:01:04.695736+02:00
295959991,de:11000:900191002:1:50,0.0,2026-10-02T01:01:04.695736+02:00
295959991,de:11000:900191001:2:52,-0.4,2026-10-02T01:01:04.695736+02:00
295959991,de:11000:900192001:2:52,-0.2,2026-10-02T01:01:04.695736+02:00
295959991,de:11000:900193001:1:50,-0.7,2026-10-02T01:01:04.695736+02:00
295959991,de:11000:900193002:1:50,-0.3,2026-10-02T01:01:04.695736+02:00
295959991,de:11000:900186001:1:50,-0.3,2026-10-02T01:01:04.695736+02:00
295959991,de:12061:900260004:1:50,-0.7,2026-10-02T01:01:04.695736+02:00
295959991,de:12061:900260003:1:50,-0.9,2026-10-02T01:01:04.695736+02:00
295959991,de:12061:900260002:1:50,-0.9,2026-10-02T01:01:04.695736+02:00
295960104,de:11000:900186001:2:52,0.0,2026-10-02T01:01:04.695736+02:00
295960104,de:11000:900193002:1:51,-0.2,2026-10-02T01:01:04.695736+02:00
295960104,de:11000:900193001:2:51,-0.8,2026-10-02T01:01:04.695736+02:00
295960104,de:11000:900192001:3:55,-0.7,2026-10-02T01:01:04.695736+02:00
295960104,de:11000:900191001:1:50,-0.4,2026-10-02T01:01:04.695736+02:00
295960104,de:11000:900191002:1:51,-0.8,2026-10-02T01:01:04.695736+02:00
295960104,de:11000:900190001:2:53,-0.6,2026-10-02T01:01:04.695736+02:00
295960104,de:11000:900120003:5:59,0.0,2026-10-02T01:01:04.695736+02:00
295960104,de:11000:900120001:1:51,-0.6,2026-10-02T01:01:04.695736+02:00
295960104,de:11000:900110012:1:51,-0.8,2026-10-02T01:01:04.695736+02:00
295960104,de:11000:900110004:1:51,-0.7,2026-10-02T01:01:04.695736+02:00
295960104,de:11000:900110003:1:51,0.0,2026-10-02T01:01:04.695736+02:00
295960104,de:11000:900110002:1:51,0.0,2026-10-02T01:01:04.695736+02:00
295960104,de:11000:900110001:1:51,-0.7,2026-10-02T01:01:04.695736+02:00
295960104,de:11000:900110011:2:52,-0.4,2026-10-02T01:01:04.695736+02:00
295960104,de:11000:900130002:1:50,0.0,2026-10-02T01:01:04.695736+02:00
295960104,de:11000:900130001:1:50,-0.7,2026-10-02T01:01:04.695736+02:00
295960104,de:11000:900142001:1:50,-0.2,2026-10-02T01:01:04.695736+02:00
295960104,de:12065:900200013:1:50,-0.3,2026-10-02T01:01:04.695736+02:00
295960104,de:12065:900200012:1:50,-0.9,2026-10-02T01:01:04.695736+02:00
295960104,de:12065:900200011:1:50,-0.4,2026-10-02T01:01:04.695736+02:00
295960104,de:12065:900200009:1:50,-0.9,2026-10-02T01:01:04.695736+02:00
295960104,de:12065:900200008:1:50,-0.9,2026-10-02T01:01:04.695736+02:00
295963763,de:11000:900186001:2:52,0.0,2026-10-02T01:01:04.695736+02:00
295963763,de:11000:900193002:1:51,-0.6,2026-10-02T01:01:04.695736+02:00
295963763,de:11000:900193001:2:51,-0.3,2026-10-02T01:01:04.695736+02:00
295963763,de:11000:900192001:3:55,-0.2,2026-10-02T01:01:04.695736+02:00
295963763,de:11000:900191001:1:50,-0.9,2026-10-02T01:01:04.695736+02:00
295963763,de:11000:900191002:1:51,-0.3,2026-10-02T01:01:04.695736+02:00
295963763,de:11000:900190001:2:53,-0.1,2026-10-02T01:01:04.695736+02:00
295963763,de:11000:900120003:5:59,-0.3,2026-10-02T01:01:04.695736+02:00
295963763,de:11000:900120001:1:51,-0.6,2026-10-02T01:01:04.695736+02:00
295963763,de:11000:900110012:1:51,-0.8,2026-10-02T01:01:04.695736+02:00
295963763,de:11000:900110004:1:51,-0.7,2026-10-02T01:01:04.695736+02:00
295963763,de:11000:900110003:1:51,0.0,2026-10-02T01:01:04.695736+02:00
295963763,de:11000:900110002:1:51,0.0,2026-10-02T01:01:04.695736+02:00
295963763,de:11000:900110001:1:51,-0.7,2026-10-02T01:01:04.695736+02:00
295963763,de:11000:900110011:2:53,-0.4,2026-10-02T01:01:04.695736+02:00
295963763,de:11000:900085201:1:50,-0.8,2026-10-02T01:01:04.695736+02:00
295963763,de:11000:900084101:1:50,-0.7,2026-10-02T01:01:04.695736+02:00
295963763,de:11000:900096101:1:50,-0.8,2026-10-02T01:01:04.695736+02:00
295963763,de:11000:900094101:1:50,-0.3,2026-10-02T01:01:04.695736+02:00
295963763,de:11000:900093201:1:50,-0.4,2026-10-02T01:01:04.695736+02:00
295963763,de:11000:900092201:1:51,-0.2,2026-10-02T01:01:04.695736+02:00
295963613,de:11000:900092201:1:51,0.0,2026-10-02T01:01:04.695736+02:00
295963613,de:11000:900093201:1:51,-0.4,2026-10-02T01:01:04.695736+02:00
295963613,de:11000:900094101:1:51,-0.3,2026-10-02T01:01:04.695736+02:00
295963613,de:11000:900096101:1:51,-0.1,2026-10-02T01:01:04.695736+02:00
295963613,de:11000:900084101:1:51,-0.2,2026-10-02T01:01:04.695736+02:00
295963613,de:11000:900085201:1:51,-0.8,2026-10-02T01:01:04.695736+02:00
295963613,de:11000:900130003:1:51,-0.8,2026-10-02T01:01:04.695736+02:00
295963613,de:11000:900110011:1:50,-0.9,2026-10-02T01:01:04.695736+02:00
295963613,de:11000:900110001:1:50,-0.2,2026-10-02T01:01:04.695736+02:00
295963613,de:11000:900110002:1:50,-0.9,2026-10-02T01:01:04.695736+02:00
295963613,de:11000:900110003:1:50,-0.9,2026-10-02T01:01:04.695736+02:00
295963613,de:11000:900110004:1:50,-0.3,2026-10-02T01:01:04.695736+02:00
295963613,de:11000:900110012:1:50,-0.2,2026-10-02T01:01:04.695736+02:00
295963613,de:11000:900120001:1:50,-0.2,2026-10-02T01:01:04.695736+02:00
295963613,de:11000:900120003:5:58,-0.6,2026-10-02T01:01:04.695736+02:00
295963613,de:11000:900190001:1:51,-0.1,2026-10-02T01:01:04.695736+02:00
295963613,de:11000:900191002:1:50,0.0,2026-10-02T01:01:04.695736+02:00
295963613,de:11000:900191001:2:52,-0.4,2026-10-02T01:01:04.695736+02:00
295963613,de:11000:900192001:2:52,-0.2,2026-10-02T01:01:04.695736+02:00
295963613,de:11000:900193001:1:50,-0.7,2026-10-02T01:01:04.695736+02:00
295963613,de:11000:900193002:1:50,-0.3,2026-10-02T01:01:04.695736+02:00
295963613,de:11000:900195510:1:51,-0.7,2026-10-02T01:01:04.695736+02:00
295963613,de:11000:900196001:1:50,-0.9,2026-10-02T01:01:04.695736+02:00
295963613,de:12061:900260005:3:54,-0.7,2026-10-02T01:01:04.695736+02:00
295963613,de:12061:900260080:1:50,0.0,2026-10-02T01:01:04.695736+02:00
295963613,de:12061:900260009:3:56,-0.2,2026-10-02T01:01:04.695736+02:00
295963610,de:11000:900092201:1:51,0.0,2026-10-02T01:01:04.695736+02:00
295963610,de:11000:900093201:1:51,-0.4,2026-10-02T01:01:04.695736+02:00
295963610,de:11000:900094101:1:51,-0.3,2026-10-02T01:01:04.695736+02:00
295963610,de:11000:900096101:1:51,-0.1,2026-10-02T01:01:04.695736+02:00
295963610,de:11000:900084101:1:51,-0.2,2026-10-02T01:01:04.695736+02:00
295963610,de:11000:900085201:1:51,-0.8,2026-10-02T01:01:04.695736+02:00
295963610,de:11000:900130003:1:51,-0.8,2026-10-02T01:01:04.695736+02:00
295963610,de:11000:900110011:1:50,-0.9,2026-10-02T01:01:04.695736+02:00
295963610,de:11000:900110001:1:50,-0.2,2026-10-02T01:01:04.695736+02:00
295963610,de:11000:900110002:1:50,-0.9,2026-10-02T01:01:04.695736+02:00
295963610,de:11000:900110003:1:50,-0.9,2026-10-02T01:01:04.695736+02:00
295963610,de:11000:900110004:1:50,-0.3,2026-10-02T01:01:04.695736+02:00
295963610,de:11000:900110012:1:50,-0.2,2026-10-02T01:01:04.695736+02:00
295963610,de:11000:900120001:1:50,-0.2,2026-10-02T01:01:04.695736+02:00
295963610,de:11000:900120003:5:58,-0.6,2026-10-02T01:01:04.695736+02:00
295963610,de:11000:900190001:1:51,-0.1,2026-10-02T01:01:04.695736+02:00
295963610,de:11000:900191002:1:50,0.0,2026-10-02T01:01:04.695736+02:00
295963610,de:11000:900191001:2:52,-0.4,2026-10-02T01:01:04.695736+02:00
295963610,de:11000:900192001:2:52,-0.2,2026-10-02T01:01:04.695736+02:00
295963610,de:11000:900193001:1:50,-0.7,2026-10-02T01:01:04.695736+02:00
295963610,de:11000:900193002:1:50,-0.3,2026-10-02T01:01:04.695736+02:00
295963610,de:11000:900195510:1:51,-0.7,2026-10-02T01:01:04.695736+02:00
295963610,de:11000:900196001:1:50,-0.9,2026-10-02T01:01:04.695736+02:00
295963610,de:12061:900260005:3:54,-0.7,2026-10-02T01:01:04.695736+02:00
295963610,de:12061:900260080:1:50,0.0,2026-10-02T01:01:04.695736+02:00
295963610,de:12061:900260009:3:56,-0.2,2026-10-02T01:01:04.695736+02:00
295963609,de:11000:900092201:1:51,0.0,2026-10-02T01:01:04.695736+02:00
295963609,de:11000:900093201:1:51,-0.4,2026-10-02T01:01:04.695736+02:00
295963609,de:11000:900094101:1:51,-0.3,2026-10-02T01:01:04.695736+02:00
295963609,de:11000:900096101:1:51,-0.1,2026-10-02T01:01:04.695736+02:00
295963609,de:11000:900084101:1:51,-0.2,2026-10-02T01:01:04.695736+02:00
295963609,de:11000:900085201:1:51,-0.8,2026-10-02T01:01:04.695736+02:00
295963609,de:11000:900130003:1:51,-0.8,2026-10-02T01:01:04.695736+02:00
295963609,de:11000:900110011:1:50,-0.9,2026-10-02T01:01:04.695736+02:00
295963609,de:11000:900110001:1:50,-0.2,2026-10-02T01:01:04.695736+02:00
295963609,de:11000:900110002:1:50,-0.9,2026-10-02T01:01:04.695736+02:00
295963609,de:11000:900110003:1:50,-0.9,2026-10-02T01:01:04.695736+02:00
295963609,de:11000:900110004:1:50,-0.3,2026-10-02T01:01:04.695736+02:00
295963609,de:11000:900110012:1:50,-0.2,2026-10-02T01:01:04.695736+02:00
295963609,de:11000:900120001:1:50,-0.2,2026-10-02T01:01:04.695736+02:00
295963609,de:11000:900120003:5:58,-0.6,2026-10-02T01:01:04.695736+02:00
295963609,de:11000:900190001:1:51,-0.1,2026-10-02T01:01:04.695736+02:00
295963609,de:11000:900191002:1:50,0.0,2026-10-02T01:01:04.695736+02:00
295963609,de:11000:900191001:2:52,-0.4,2026-10-02T01:01:04.695736+02:00
295963609,de:11000:900192001:2:52,-0.2,2026-10-02T01:01:04.695736+02:00
295963609,de:11000:900193001:1:50,-0.7,2026-10-02T01:01:04.695736+02:00
295963609,de:11000:900193002:1:50,-0.3,2026-10-02T01:01:04.695736+02:00
295963609,de:11000:900195510:1:51,-0.7,2026-10-02T01:01:04.695736+02:00
295963609,de:11000:900196001:1:50,-0.9,2026-10-02T01:01:04.695736+02:00
295963609,de:12061:900260005:3:54,-0.7,2026-10-02T01:01:04.695736+02:00
295963609,de:12061:900260080:1:50,0.0,2026-10-02T01:01:04.695736+02:00
295963609,de:12061:900260009:3:56,-0.2,2026-10-02T01:01:04.695736+02:00
307328706,de:11000:900092201:1:51,0.0,2026-10-02T01:01:04.695736+02:00
307328706,de:11000:900093201:1:51,-0.4,2026-10-02T01:01:04.695736+02:00
307328706,de:11000:900094101:1:51,-0.3,2026-10-02T01:01:04.695736+02:00
307328706,de:11000:900096101:1:51,-0.1,2026-10-02T01:01:04.695736+02:00
307328706,de:11000:900084101:1:51,-0.2,2026-10-02T01:01:04.695736+02:00
307328706,de:11000:900085201:1:51,-0.8,2026-10-02T01:01:04.695736+02:00
307328706,de:11000:900130003:1:51,-0.8,2026-10-02T01:01:04.695736+02:00
307328706,de:11000:900110011:1:50,-0.9,2026-10-02T01:01:04.695736+02:00
307328706,de:11000:900110001:1:50,-0.2,2026-10-02T01:01:04.695736+02:00
307328706,de:11000:900110002:1:50,-0.9,2026-10-02T01:01:04.695736+02:00
307328706,de:11000:900110003:1:50,-0.9,2026-10-02T01:01:04.695736+02:00
307328706,de:11000:900110004:1:50,-0.3,2026-10-02T01:01:04.695736+02:00
307328706,de:11000:900110012:1:50,-0.2,2026-10-02T01:01:04.695736+02:00
307328706,de:11000:900120001:1:50,-0.2,2026-10-02T01:01:04.695736+02:00
307328706,de:11000:900120003:5:58,-0.6,2026-10-02T01:01:04.695736+02:00
307328706,de:11000:900190001:1:50,-0.1,2026-10-02T01:01:04.695736+02:00
307328706,de:11000:900191002:1:50,0.0,2026-10-02T01:01:04.695736+02:00
307328706,de:11000:900191001:2:52,-0.4,2026-10-02T01:01:04.695736+02:00
307328706,de:11000:900192001:2:52,-0.2,2026-10-02T01:01:04.695736+02:00
307328706,de:11000:900193001:1:50,-0.7,2026-10-02T01:01:04.695736+02:00
307328706,de:11000:900193002:1:50,-0.3,2026-10-02T01:01:04.695736+02:00
307328706,de:11000:900195510:1:51,-0.7,2026-10-02T01:01:04.695736+02:00
307328706,de:11000:900196001:1:50,-0.9,2026-10-02T01:01:04.695736+02:00
307328706,de:12061:900260005:3:54,-0.7,2026-10-02T01:01:04.695736+02:00
307328706,de:12061:900260080:1:50,0.0,2026-10-02T01:01:04.695736+02:00
307328706,de:12061:900260009:3:56,-0.2,2026-10-02T01:01:04.695736+02:00
295967955,de:12061:900260009:3:55,0.0,2026-10-02T01:01:04.695736+02:00
295967955,de:12061:900260080:1:51,-0.7,2026-10-02T01:01:04.695736+02:00
295967955,de:12061:900260005:3:55,0.0,2026-10-02T01:01:04.695736+02:00
295967955,de:11000:900196001:1:51,0.0,2026-10-02T01:01:04.695736+02:00
295967955,de:11000:900195510:1:50,-0.4,2026-10-02T01:01:04.695736+02:00
295967955,de:11000:900193002:1:51,-0.6,2026-10-02T01:01:04.695736+02:00
295967955,de:11000:900193001:2:51,-0.3,2026-10-02T01:01:04.695736+02:00
295967955,de:11000:900192001:3:55,-0.2,2026-10-02T01:01:04.695736+02:00
295967955,de:11000:900191001:1:50,0.0,2026-10-02T01:01:04.695736+02:00
295967955,de:11000:900191002:1:51,-0.7,2026-10-02T01:01:04.695736+02:00
295967955,de:11000:900190001:2:53,-0.4,2026-10-02T01:01:04.695736+02:00
295967955,de:11000:900120004:2:53,-0.9,2026-10-02T01:01:04.695736+02:00
295967955,de:11000:900120005:5:58,-0.1,2026-10-02T01:01:04.695736+02:00
295967955,de:11000:900100004:1:51,-0.4,2026-10-02T01:01:04.695736+02:00
295967955,de:11000:900100003:2:53,-0.4,2026-10-02T01:01:04.695736+02:00
295967955,de:11000:900100002:1:51,-0.4,2026-10-02T01:01:04.695736+02:00
295967955,de:11000:900100001:3:55,-0.4,2026-10-02T01:01:04.695736+02:00
295967955,de:11000:900003201:3:55,-0.1,2026-10-02T01:01:04.695736+02:00
295967955,de:11000:900003102:1:51,-0.8,2026-10-02T01:01:04.695736+02:00
295967955,de:11000:900003103:1:51,-0.9,2026-10-02T01:01:04.695736+02:00
295967955,de:11000:900023201:3:55,-0.8,2026-10-02T01:01:04.695736+02:00
295967955,de:11000:900024203:1:51,-0.8,2026-10-02T01:01:04.695736+02:00
295967955,de:11000:900024101:4:57,-0.8,2026-10-02T01:01:04.695736+02:00
295967955,de:11000:900024102:1:50,-0.1,2026-10-02T01:01:04.695736+02:00
295967955,de:11000:900025423:1:50,-0.4,2026-10-02T01:01:04.695736+02:00
295967955,de:11000:900026105:1:50,-0.7,2026-10-02T01:01:04.695736+02:00
295967955,de:11000:900025321:1:50,-0.3,2026-10-02T01:01:04.695736+02:00
295967955,de:11000:900025424:1:50,-0.3,2026-10-02T01:01:04.695736+02:00
295967955,de:11000:900030202:1:50,-0.9,2026-10-02T01:01:04.695736+02:00
295967955,de:11000:900029101:1:51,-0.9,2026-10-02T01:01:04.695736+02:00
307435202,de:12061:900260611:1:50,0.0,2026-10-02T01:01:04.695736+02:00
307435202,de:12061:900260019:1:50,0.0,2026-10-02T01:01:04.695736+02:00
307435202,de:12061:900261512:2:51,0.0,2026-10-02T01:01:04.695736+02:00
307435202,de:12066:900435602:2:51,0.0,2026-10-02T01:01:04.695736+02:00
307435202,de:12066:900435697:1:50,0.0,2026-10-02T01:01:04.695736+02:00
307435202,de:12066:900435884:1:50,0.0,2026-10-02T01:01:04.695736+02:00
307435202,de:12071:900445956:1:50,0.0,2026-10-02T01:01:04.695736+02:00
307435202,de:12071:900445884:1:50,0.0,2026-10-02T01:01:04.695736+02:00
307435202,de:12052:900470000:2:51,0.0,2026-10-02T01:01:04.695736+02:00
295967900,de:12061:900260009:3:55,0.0,2026-10-02T01:01:04.695736+02:00
295967900,de:12061:900260080:1:51,-0.7,2026-10-02T01:01:04.695736+02:00
295967900,de:12061:900260005:3:55,0.0,2026-10-02T01:01:04.695736+02:00
295967900,de:11000:900196001:1:51,0.0,2026-10-02T01:01:04.695736+02:00
295967900,de:11000:900195510:1:50,-0.4,2026-10-02T01:01:04.695736+02:00
295967900,de:11000:900193002:1:51,-0.6,2026-10-02T01:01:04.695736+02:00
295967900,de:11000:900193001:2:51,-0.3,2026-10-02T01:01:04.695736+02:00
295967900,de:11000:900192001:3:55,-0.2,2026-10-02T01:01:04.695736+02:00
295967900,de:11000:900191001:1:50,0.0,2026-10-02T01:01:04.695736+02:00
295967900,de:11000:900191002:1:51,-0.7,2026-10-02T01:01:04.695736+02:00
295967900,de:11000:900190001:2:53,-0.4,2026-10-02T01:01:04.695736+02:00
295967900,de:11000:900120004:2:52,-0.9,2026-10-02T01:01:04.695736+02:00
295967900,de:11000:900120005:5:57,-0.1,2026-10-02T01:01:04.695736+02:00
295967900,de:11000:900100004:1:51,-0.4,2026-10-02T01:01:04.695736+02:00
295967900,de:11000:900100003:2:53,-0.4,2026-10-02T01:01:04.695736+02:00
295967900,de:11000:900100002:1:51,-0.4,2026-10-02T01:01:04.695736+02:00
295967900,de:11000:900100001:3:55,-0.4,2026-10-02T01:01:04.695736+02:00
295967900,de:11000:900003201:3:55,-0.1,2026-10-02T01:01:04.695736+02:00
295967900,de:11000:900003102:1:51,-0.8,2026-10-02T01:01:04.695736+02:00
295967900,de:11000:900003103:1:51,-0.9,2026-10-02T01:01:04.695736+02:00
295967900,de:11000:900023201:3:55,-0.8,2026-10-02T01:01:04.695736+02:00
295967900,de:11000:900024203:1:51,-0.8,2026-10-02T01:01:04.695736+02:00
295967900,de:11000:900024101:4:57,-0.8,2026-10-02T01:01:04.695736+02:00
295967900,de:11000:900024102:1:50,-0.1,2026-10-02T01:01:04.695736+02:00
295967900,de:11000:900025423:1:50,-0.4,2026-10-02T01:01:04.695736+02:00
295967900,de:11000:900026105:1:50,-0.7,2026-10-02T01:01:04.695736+02:00
295967900,de:11000:900025321:1:50,-0.3,2026-10-02T01:01:04.695736+02:00
295967900,de:11000:900025424:1:50,-0.3,2026-10-02T01:01:04.695736+02:00
295967900,de:11000:900030202:1:50,-0.9,2026-10-02T01:01:04.695736+02:00
295967900,de:11000:900029101:1:51,-0.9,2026-10-02T01:01:04.695736+02:00
307435156,de:12061:900260005:1:50,0.0,2026-10-02T01:01:04.695736+02:00
307435156,de:11000:900192001:1:51,0.0,2026-10-02T01:01:04.695736+02:00
306895686,de:12067:900310807::1,0.0,2026-10-02T01:01:04.695736+02:00
306895686,de:12067:900310815::2,0.0,2026-10-02T01:01:04.695736+02:00
306895686,de:12067:900310880::2,0.0,2026-10-02T01:01:04.695736+02:00
306895686,de:12067:900310010::2,0.0,2026-10-02T01:01:04.695736+02:00
306895686,de:12067:900310770::2,0.0,2026-10-02T01:01:04.695736+02:00
306895686,de:12067:900310812::2,0.0,2026-10-02T01:01:04.695736+02:00
306895686,de:12067:900310630::2,0.0,2026-10-02T01:01:04.695736+02:00
306895686,de:12067:900310811::2,0.0,2026-10-02T01:01:04.695736+02:00
306895686,de:12067:900310771::2,0.0,2026-10-02T01:01:04.695736+02:00
306895686,de:12067:900310822::2,0.0,2026-10-02T01:01:04.695736+02:00
306895686,de:12067:900310781::2,0.0,2026-10-02T01:01:04.695736+02:00
306895686,de:12067:900310627::2,-0.5,2026-10-02T01:01:04.695736+02:00
306895686,de:12067:900310816::2,0.0,2026-10-02T01:01:04.695736+02:00
306895686,de:12067:900310022::1,0.0,2026-10-02T01:01:04.695736+02:00
306895686,de:12067:900310001::11,0.0,2026-10-02T01:01:04.695736+02:00
306895686,de:12067:900310001::1,0.0,2026-10-02T01:01:04.695736+02:00
306895686,de:12067:900311149::1,0.0,2026-10-02T01:01:04.695736+02:00
306895686,de:12067:900311135::1,0.0,2026-10-02T01:01:04.695736+02:00
306895686,de:12067:900311150::1,0.0,2026-10-02T01:01:04.695736+02:00
306895686,de:12067:900310804::1,0.0,2026-10-02T01:01:04.695736+02:00
306895686,de:12067:900310814::1,0.0,2026-10-02T01:01:04.695736+02:00
306895686,de:12067:900311083::3,0.0,2026-10-02T01:01:04.695736+02:00
306897160,de:12067:900311513::1,0.0,2026-10-02T01:01:04.695736+02:00
306897160,de:12067:900311472::2,0.0,2026-10-02T01:01:04.695736+02:00
306897160,de:12067:900311473::2,0.0,2026-10-02T01:01:04.695736+02:00
306897160,de:12067:900311318::2,0.0,2026-10-02T01:01:04.695736+02:00
306897160,de:12067:900311354::2,0.0,2026-10-02T01:01:04.695736+02:00
306897160,de:12067:900311352::2,0.0,2026-10-02T01:01:04.695736+02:00
306897160,de:12067:900311336::2,0.0,2026-10-02T01:01:04.695736+02:00
306897160,de:12067:900311349::2,0.0,2026-10-02T01:01:04.695736+02:00
306897160,de:12067:900311350::2,0.0,2026-10-02T01:01:04.695736+02:00
306897160,de:12067:900311348::2,0.0,2026-10-02T01:01:04.695736+02:00
306897160,de:12067:900311308::4,0.0,2026-10-02T01:01:04.695736+02:00
306042940,de:12064:900320819::1,0.0,2026-10-02T01:01:04.695736+02:00
306042940,de:12064:900320821::1,0.0,2026-10-02T01:01:04.695736+02:00
306042940,de:12064:900320822::1,0.0,2026-10-02T01:01:04.695736+02:00
306042940,de:12064:900320825::1,0.0,2026-10-02T01:01:04.695736+02:00
306042940,de:12064:900320824::1,0.0,2026-10-02T01:01:04.695736+02:00
306042940,de:12064:900320827::1,0.0,2026-10-02T01:01:04.695736+02:00
306042940,de:12064:900320803::1,0.0,2026-10-02T01:01:04.695736+02:00
306042940,de:12064:900320828::1,0.0,2026-10-02T01:01:04.695736+02:00
306042940,de:12064:900320828::1,-4.0,2026-10-02T01:01:04.695736+02:00
306042940,de:12064:900320802::1,0.0,2026-10-02T01:01:04.695736+02:00
306042940,de:12064:900320828::1,4.0,2026-10-02T01:01:04.695736+02:00
306042940,de:12064:900320828::1,0.0,2026-10-02T01:01:04.695736+02:00
306042940,de:12064:900320014::1,0.0,2026-10-02T01:01:04.695736+02:00
306052182,de:12064:900321545::2,0.0,2026-10-02T01:01:04.695736+02:00
306052182,de:12064:900321546::2,0.0,2026-10-02T01:01:04.695736+02:00
306052182,de:12064:900321800::2,0.0,2026-10-02T01:01:04.695736+02:00
306052182,de:12064:900321801::2,0.0,2026-10-02T01:01:04.695736+02:00
306052182,de:12064:900321830::1,0.0,2026-10-02T01:01:04.695736+02:00
306052182,de:12064:900321870::2,0.0,2026-10-02T01:01:04.695736+02:00
306052182,de:12064:900321871::2,0.0,2026-10-02T01:01:04.695736+02:00
306052182,de:12064:900321406::2,0.0,2026-10-02T01:01:04.695736+02:00
306052182,de:12064:900321428::2,0.0,2026-10-02T01:01:04.695736+02:00
306052182,de:12064:900321431::1,0.0,2026-10-02T01:01:04.695736+02:00
295879457,de:11000:900054104:1:51,0.0,2026-10-02T01:01:04.695736+02:00
295879457,de:11000:900057104:1:50,-0.4,2026-10-02T01:01:04.695736+02:00
295879457,de:11000:900057102:1:51,-0.1,2026-10-02T01:01:04.695736+02:00
295879457,de:11000:900012101:2:52,-0.9,2026-10-02T01:01:04.695736+02:00
295879457,de:11000:900100020:4:57,-0.3,2026-10-02T01:01:04.695736+02:00
295879457,de:11000:900100025:1:51,-0.4,2026-10-02T01:01:04.695736+02:00
295879457,de:11000:900100001:4:57,-0.1,2026-10-02T01:01:04.695736+02:00
295879457,de:11000:900100007:1:51,-0.2,2026-10-02T01:01:04.695736+02:00
295879457,de:11000:900007104:2:52,-0.2,2026-10-02T01:01:04.695736+02:00
295879457,de:11000:900008101:1:51,-0.9,2026-10-02T01:01:04.695736+02:00
295879457,de:11000:900007102:2:53,-0.6,2026-10-02T01:01:04.695736+02:00
295879457,de:11000:900110011:2:53,-0.9,2026-10-02T01:01:04.695736+02:00
295879457,de:11000:900085201:1:50,-0.9,2026-10-02T01:01:04.695736+02:00
295879457,de:11000:900084101:1:50,-0.7,2026-10-02T01:01:04.695736+02:00
295879457,de:11000:900096101:1:50,-0.8,2026-10-02T01:01:04.695736+02:00
295879457,de:11000:900094101:1:50,-0.1,2026-10-02T01:01:04.695736+02:00
295879457,de:11000:900093201:1:50,-0.4,2026-10-02T01:01:04.695736+02:00
295879457,de:11000:900092201:1:50,-0.2,2026-10-02T01:01:04.695736+02:00
295879457,de:12065:900200009:1:50,-0.7,2026-10-02T01:01:04.695736+02:00
295879457,de:12065:900200008:1:50,-0.7,2026-10-02T01:01:04.695736+02:00
295879457,de:12065:900200007:1:50,-0.2,2026-10-02T01:01:04.695736+02:00
295879457,de:12065:900200006:1:50,-0.5,2026-10-02T01:01:04.695736+02:00
295879457,de:12065:900200005:3:2,-0.9,2026-10-02T01:01:04.695736+02:00
307243218,de:12065:900200005:3:2,0.0,2026-10-02T01:01:04.695736+02:00
307243218,de:12065:900200006:1:51,-0.3,2026-10-02T01:01:04.695736+02:00
307243218,de:12065:900200007:1:51,-0.7,2026-10-02T01:01:04.695736+02:00
307243218,de:12065:900200008:1:51,-0.2,2026-10-02T01:01:04.695736+02:00
307243218,de:12065:900200009:1:51,-0.1,2026-10-02T01:01:04.695736+02:00
307243218,de:11000:900092201:1:51,-0.7,2026-10-02T01:01:04.695736+02:00
307243218,de:11000:900093201:1:51,-0.4,2026-10-02T01:01:04.695736+02:00
307243218,de:11000:900094101:1:51,-0.8,2026-10-02T01:01:04.695736+02:00
307243218,de:11000:900096101:1:51,-0.1,2026-10-02T01:01:04.695736+02:00
307243218,de:11000:900084101:1:51,-0.2,2026-10-02T01:01:04.695736+02:00
307243218,de:11000:900085201:1:51,-0.8,2026-10-02T01:01:04.695736+02:00
307243218,de:11000:900130003:1:51,-0.8,2026-10-02T01:01:04.695736+02:00
307243218,de:11000:900110011:1:50,-0.9,2026-10-02T01:01:04.695736+02:00
307243218,de:11000:900007102:1:50,-0.9,2026-10-02T01:01:04.695736+02:00
307243218,de:11000:900008101:1:50,0.0,2026-10-02T01:01:04.695736+02:00
307243218,de:11000:900007104:1:51,-0.7,2026-10-02T01:01:04.695736+02:00
307243218,de:11000:900100007:1:50,-0.7,2026-10-02T01:01:04.695736+02:00
307243218,de:11000:900100001:4:56,-0.5,2026-10-02T01:01:04.695736+02:00
307243218,de:11000:900100025:1:50,-0.4,2026-10-02T01:01:04.695736+02:00
307243218,de:11000:900100020:3:54,-0.4,2026-10-02T01:01:04.695736+02:00
307243218,de:11000:900012101:1:51,-0.5,2026-10-02T01:01:04.695736+02:00
307243218,de:11000:900057102:1:50,-0.7,2026-10-02T01:01:04.695736+02:00
307243218,de:11000:900057104:2:51,-0.4,2026-10-02T01:01:04.695736+02:00
307243218,de:11000:900054104:1:50,-0.3,2026-10-02T01:01:04.695736+02:00
307243218,de:11000:900060101:1:50,-0.3,2026-10-02T01:01:04.695736+02:00
307243218,de:11000:900063101:1:50,-0.1,2026-10-02T01:01:04.695736+02:00
307243218,de:11000:900062202:1:50,-0.1,2026-10-02T01:01:04.695736+02:00
307243218,de:11000:900066102:1:50,-0.2,2026-10-02T01:01:04.695736+02:00
307243218,de:11000:900066101:1:50,-0.1,2026-10-02T01:01:04.695736+02:00
307243218,de:11000:900049202:1:50,-0.3,2026-10-02T01:01:04.695736+02:00
307243218,de:11000:900049201:1:50,-0.4,2026-10-02T01:01:04.695736+02:00
307243218,de:11000:900050301:1:50,0.0,2026-10-02T01:01:04.695736+02:00
307243218,de:11000:900050355:1:50,-0.1,2026-10-02T01:01:04.695736+02:00
307243218,de:11000:900052201:1:50,-0.5,2026-10-02T01:01:04.695736+02:00
307243218,de:11000:900053301:1:51,-0.9,2026-10-02T01:01:04.695736+02:00
295879320,de:12065:900200005:3:1,0.0,2026-10-02T01:01:04.695736+02:00
295879320,de:12065:900200006:1:51,-0.3,2026-10-02T01:01:04.695736+02:00
295879320,de:12065:900200007:1:51,-0.7,2026-10-02T01:01:04.695736+02:00
295879320,de:12065:900200008:1:51,-0.2,2026-10-02T01:01:04.695736+02:00
295879320,de:12065:900200009:1:51,-0.1,2026-10-02T01:01:04.695736+02:00
295879320,de:11000:900092201:1:51,-0.7,2026-10-02T01:01:04.695736+02:00
295879320,de:11000:900093201:1:51,-0.4,2026-10-02T01:01:04.695736+02:00
295879320,de:11000:900094101:1:51,-0.8,2026-10-02T01:01:04.695736+02:00
295879320,de:11000:900096101:1:51,-0.1,2026-10-02T01:01:04.695736+02:00
295879320,de:11000:900084101:1:51,-0.2,2026-10-02T01:01:04.695736+02:00
295879320,de:11000:900085201:1:51,-0.8,2026-10-02T01:01:04.695736+02:00
295879320,de:11000:900130003:1:51,-0.8,2026-10-02T01:01:04.695736+02:00
295879320,de:11000:900110011:1:50,-0.9,2026-10-02T01:01:04.695736+02:00
295879320,de:11000:900007102:1:50,-0.9,2026-10-02T01:01:04.695736+02:00
295879320,de:11000:900008101:1:50,0.0,2026-10-02T01:01:04.695736+02:00
295879320,de:11000:900007104:1:51,-0.7,2026-10-02T01:01:04.695736+02:00
295879320,de:11000:900100007:1:50,-0.7,2026-10-02T01:01:04.695736+02:00
295879320,de:11000:900100001:4:56,-0.5,2026-10-02T01:01:04.695736+02:00
295879320,de:11000:900100025:1:50,-0.4,2026-10-02T01:01:04.695736+02:00
295879320,de:11000:900100020:3:54,-0.4,2026-10-02T01:01:04.695736+02:00
295879320,de:11000:900012101:1:51,-0.5,2026-10-02T01:01:04.695736+02:00
295879320,de:11000:900057102:1:50,-0.7,2026-10-02T01:01:04.695736+02:00
295879320,de:11000:900057104:2:51,-0.4,2026-10-02T01:01:04.695736+02:00
295879320,de:11000:900054104:1:50,-0.3,2026-10-02T01:01:04.695736+02:00
295879320,de:11000:900060101:1:50,-0.3,2026-10-02T01:01:04.695736+02:00
295879320,de:11000:900063101:1:50,-0.1,2026-10-02T01:01:04.695736+02:00
295879320,de:11000:900062202:1:50,-0.1,2026-10-02T01:01:04.695736+02:00
295879320,de:11000:900066102:1:50,-0.2,2026-10-02T01:01:04.695736+02:00
295879320,de:11000:900066101:1:50,-0.1,2026-10-02T01:01:04.695736+02:00
295879320,de:11000:900049202:1:50,-0.3,2026-10-02T01:01:04.695736+02:00
295879320,de:11000:900049201:1:50,-0.4,2026-10-02T01:01:04.695736+02:00
295879320,de:11000:900050301:1:50,0.0,2026-10-02T01:01:04.695736+02:00
295879320,de:11000:900050355:1:50,-0.1,2026-10-02T01:01:04.695736+02:00
295879320,de:11000:900052201:1:50,-0.5,2026-10-02T01:01:04.695736+02:00
295879320,de:11000:900053301:1:51,-0.9,2026-10-02T01:01:04.695736+02:00
306895938,de:12064:900320250::1,0.0,2026-10-02T01:01:04.695736+02:00
306895938,de:12064:900320267::2,0.0,2026-10-02T01:01:04.695736+02:00
306895938,de:12067:900310017::2,0.0,2026-10-02T01:01:04.695736+02:00
306895938,de:12067:900310509::1,0.0,2026-10-02T01:01:04.695736+02:00
306895938,de:12067:900310508::1,0.0,2026-10-02T01:01:04.695736+02:00
306895938,de:12067:900310580::2,0.0,2026-10-02T01:01:04.695736+02:00
306895938,de:12067:900310578::4,0.0,2026-10-02T01:01:04.695736+02:00
306895938,de:12067:900310534::2,0.0,2026-10-02T01:01:04.695736+02:00
306895938,de:11000:900310550::2,0.0,2026-10-02T01:01:04.695736+02:00
306895938,de:12067:900310572::2,0.0,2026-10-02T01:01:04.695736+02:00
306895938,de:12067:900310013::2,0.0,2026-10-02T01:01:04.695736+02:00
306895938,de:12067:900310563::3,0.0,2026-10-02T01:01:04.695736+02:00
306895938,de:12067:900310563::2,0.0,2026-10-02T01:01:04.695736+02:00
306895938,de:12067:900310569::1,0.0,2026-10-02T01:01:04.695736+02:00
306895938,de:12067:900310571::1,0.0,2026-10-02T01:01:04.695736+02:00
306895938,de:12067:900310579::1,0.0,2026-10-02T01:01:04.695736+02:00
306895938,de:12067:900310553::1,0.0,2026-10-02T01:01:04.695736+02:00
306895938,de:12067:900310558::2,0.0,2026-10-02T01:01:04.695736+02:00
306895938,de:12067:900310559::2,0.0,2026-10-02T01:01:04.695736+02:00
306895938,de:12067:900310560::1,0.0,2026-10-02T01:01:04.695736+02:00
306895938,de:12067:900310573::1,0.0,2026-10-02T01:01:04.695736+02:00
306895938,de:12067:900310581::1,0.0,2026-10-02T01:01:04.695736+02:00
306895938,de:12067:900310567::1,0.0,2026-10-02T01:01:04.695736+02:00
306895938,de:12067:900310561::1,0.0,2026-10-02T01:01:04.695736+02:00
306895938,de:12067:900310565::1,0.0,2026-10-02T01:01:04.695736+02:00
295879406,de:11000:900053301:2:52,0.0,2026-10-02T01:01:04.695736+02:00
295879406,de:11000:900052201:1:51,0.0,2026-10-02T01:01:04.695736+02:00
295879406,de:11000:900050355:1:51,-0.3,2026-10-02T01:01:04.695736+02:00
295879406,de:11000:900050301:1:51,-0.4,2026-10-02T01:01:04.695736+02:00
295879406,de:11000:900049201:1:51,0.0,2026-10-02T01:01:04.695736+02:00
295879406,de:11000:900049202:1:51,0.0,2026-10-02T01:01:04.695736+02:00
295879406,de:11000:900066101:1:51,-0.3,2026-10-02T01:01:04.695736+02:00
295879406,de:11000:900066102:1:51,-0.2,2026-10-02T01:01:04.695736+02:00
295879406,de:11000:900062202:1:51,-0.2,2026-10-02T01:01:04.695736+02:00
295879406,de:11000:900063101:1:51,-0.2,2026-10-02T01:01:04.695736+02:00
295879406,de:11000:900060101:1:51,-0.9,2026-10-02T01:01:04.695736+02:00
295879406,de:11000:900054104:1:51,-0.9,2026-10-02T01:01:04.695736+02:00
295879406,de:11000:900057104:1:50,-0.4,2026-10-02T01:01:04.695736+02:00
295879406,de:11000:900057102:1:51,-0.1,2026-10-02T01:01:04.695736+02:00
295879406,de:11000:900012101:2:52,-0.9,2026-10-02T01:01:04.695736+02:00
295879406,de:11000:900100020:4:57,-0.3,2026-10-02T01:01:04.695736+02:00
295879406,de:11000:900100025:1:51,-0.4,2026-10-02T01:01:04.695736+02:00
295879406,de:11000:900100001:4:57,-0.1,2026-10-02T01:01:04.695736+02:00
295879406,de:11000:900100007:1:51,-0.2,2026-10-02T01:01:04.695736+02:00
295879406,de:11000:900007104:2:52,-0.2,2026-10-02T01:01:04.695736+02:00
295879406,de:11000:900008101:1:51,-0.9,2026-10-02T01:01:04.695736+02:00
295879406,de:11000:900007102:2:53,-0.6,2026-10-02T01:01:04.695736+02:00
295879406,de:11000:900110011:2:53,-0.9,2026-10-02T01:01:04.695736+02:00
295879406,de:11000:900085201:1:50,-0.9,2026-10-02T01:01:04.695736+02:00
295879406,de:11000:900084101:1:50,-0.7,2026-10-02T01:01:04.695736+02:00
295879406,de:11000:900096101:1:50,-0.8,2026-10-02T01:01:04.695736+02:00
295879406,de:11000:900094101:1:50,-0.1,2026-10-02T01:01:04.695736+02:00
295879406,de:11000:900093201:1:50,-0.4,2026-10-02T01:01:04.695736+02:00
295879406,de:11000:900092201:1:50,-0.2,2026-10-02T01:01:04.695736+02:00
295879406,de:12065:900200009:1:50,-0.7,2026-10-02T01:01:04.695736+02:00
295879406,de:12065:900200008:1:50,-0.7,2026-10-02T01:01:04.695736+02:00
295879406,de:12065:900200007:1:50,-0.2,2026-10-02T01:01:04.695736+02:00
295879406,de:12065:900200006:1:50,-0.5,2026-10-02T01:01:04.695736+02:00
295879406,de:12065:900200005:3:1,-0.9,2026-10-02T01:01:04.695736+02:00
295879404,de:11000:900053301:2:52,0.0,2026-10-02T01:01:04.695736+02:00
295879404,de:11000:900052201:1:51,0.0,2026-10-02T01:01:04.695736+02:00
295879404,de:11000:900050355:1:51,-0.3,2026-10-02T01:01:04.695736+02:00
295879404,de:11000:900050301:1:51,-0.4,2026-10-02T01:01:04.695736+02:00
295879404,de:11000:900049201:1:51,0.0,2026-10-02T01:01:04.695736+02:00
295879404,de:11000:900049202:1:51,0.0,2026-10-02T01:01:04.695736+02:00
295879404,de:11000:900066101:1:51,-0.3,2026-10-02T01:01:04.695736+02:00
295879404,de:11000:900066102:1:51,-0.2,2026-10-02T01:01:04.695736+02:00
295879404,de:11000:900062202:1:51,-0.2,2026-10-02T01:01:04.695736+02:00
295879404,de:11000:900063101:1:51,-0.2,2026-10-02T01:01:04.695736+02:00
295879404,de:11000:900060101:1:51,-0.9,2026-10-02T01:01:04.695736+02:00
295879404,de:11000:900054104:1:51,-0.9,2026-10-02T01:01:04.695736+02:00
295879404,de:11000:900057104:1:50,-0.4,2026-10-02T01:01:04.695736+02:00
295879404,de:11000:900057102:1:51,-0.1,2026-10-02T01:01:04.695736+02:00
295879404,de:11000:900012101:2:52,-0.9,2026-10-02T01:01:04.695736+02:00
295879404,de:11000:900100020:4:57,-0.3,2026-10-02T01:01:04.695736+02:00
295879404,de:11000:900100025:1:51,-0.4,2026-10-02T01:01:04.695736+02:00
295879404,de:11000:900100001:4:57,-0.1,2026-10-02T01:01:04.695736+02:00
295879404,de:11000:900100007:1:51,-0.2,2026-10-02T01:01:04.695736+02:00
295879404,de:11000:900007104:2:52,-0.2,2026-10-02T01:01:04.695736+02:00
295879404,de:11000:900008101:1:51,-0.9,2026-10-02T01:01:04.695736+02:00
295879404,de:11000:900007102:2:53,-0.6,2026-10-02T01:01:04.695736+02:00
295879404,de:11000:900110011:2:53,-0.9,2026-10-02T01:01:04.695736+02:00
295879404,de:11000:900085201:1:50,-0.9,2026-10-02T01:01:04.695736+02:00
295879404,de:11000:900084101:1:50,-0.7,2026-10-02T01:01:04.695736+02:00
295879404,de:11000:900096101:1:50,-0.8,2026-10-02T01:01:04.695736+02:00
295879404,de:11000:900094101:1:50,-0.1,2026-10-02T01:01:04.695736+02:00
295879404,de:11000:900093201:1:50,-0.4,2026-10-02T01:01:04.695736+02:00
295879404,de:11000:900092201:1:50,-0.2,2026-10-02T01:01:04.695736+02:00
295879404,de:12065:900200009:1:50,-0.7,2026-10-02T01:01:04.695736+02:00
295879404,de:12065:900200008:1:50,-0.7,2026-10-02T01:01:04.695736+02:00
295879404,de:12065:900200007:1:50,-0.2,2026-10-02T01:01:04.695736+02:00
295879404,de:12065:900200006:1:50,-0.5,2026-10-02T01:01:04.695736+02:00
295879404,de:12065:900200005:3:1,-0.9,2026-10-02T01:01:04.695736+02:00
306895962,de:12064:900320250::1,0.0,2026-10-02T01:01:04.695736+02:00
306895962,de:12064:900320267::2,0.0,2026-10-02T01:01:04.695736+02:00
306895962,de:12067:900310017::2,0.0,2026-10-02T01:01:04.695736+02:00
306895962,de:12067:900310509::1,0.0,2026-10-02T01:01:04.695736+02:00
306895962,de:12067:900310508::1,0.0,2026-10-02T01:01:04.695736+02:00
306895962,de:12067:900310580::2,0.0,2026-10-02T01:01:04.695736+02:00
306895962,de:12067:900310578::4,0.0,2026-10-02T01:01:04.695736+02:00
306895962,de:12067:900310534::2,0.0,2026-10-02T01:01:04.695736+02:00
306895962,de:11000:900310550::2,0.0,2026-10-02T01:01:04.695736+02:00
306895962,de:12067:900310572::2,0.0,2026-10-02T01:01:04.695736+02:00
306895962,de:12067:900310013::2,0.0,2026-10-02T01:01:04.695736+02:00
306895962,de:12067:900310563::3,0.0,2026-10-02T01:01:04.695736+02:00
306895962,de:12067:900310560::1,0.0,2026-10-02T01:01:04.695736+02:00
306895962,de:12067:900310573::1,0.0,2026-10-02T01:01:04.695736+02:00
306895962,de:12067:900310581::1,0.0,2026-10-02T01:01:04.695736+02:00
306895962,de:12067:900310567::1,0.0,2026-10-02T01:01:04.695736+02:00
306895962,de:12067:900310561::1,0.0,2026-10-02T01:01:04.695736+02:00
306895962,de:12067:900310565::1,0.0,2026-10-02T01:01:04.695736+02:00
306896045,de:12067:900310013::2,0.0,2026-10-02T01:01:04.695736+02:00
306896045,de:12067:900310572::1,0.0,2026-10-02T01:01:04.695736+02:00
306896045,de:11000:900310550::1,0.0,2026-10-02T01:01:04.695736+02:00
306896045,de:12067:900310534::1,0.0,2026-10-02T01:01:04.695736+02:00
306896045,de:12067:900310580::2,0.0,2026-10-02T01:01:04.695736+02:00
306896045,de:12067:900310543::3,0.0,2026-10-02T01:01:04.695736+02:00
306896045,de:12067:900310536::1,0.0,2026-10-02T01:01:04.695736+02:00
306896045,de:12067:900311014::1,0.0,2026-10-02T01:01:04.695736+02:00
306896045,de:12067:900311012::1,0.0,2026-10-02T01:01:04.695736+02:00
306896045,de:12067:900310529::1,0.0,2026-10-02T01:01:04.695736+02:00
306896045,de:12067:900310528::1,0.0,2026-10-02T01:01:04.695736+02:00
306896045,de:12067:900310020::1,0.0,2026-10-02T01:01:04.695736+02:00
306896045,de:12067:900310501::1,0.0,2026-10-02T01:01:04.695736+02:00
306896045,de:12067:900310500::2,0.0,2026-10-02T01:01:04.695736+02:00
306896045,de:12067:900310021::3,0.0,2026-10-02T01:01:04.695736+02:00
306896045,de:12067:900310522::1,0.0,2026-10-02T01:01:04.695736+02:00
306896045,de:12067:900310535::1,0.0,2026-10-02T01:01:04.695736+02:00
306896045,de:12067:900310523::1,0.0,2026-10-02T01:01:04.695736+02:00
306896045,de:12064:900320113::1,0.0,2026-10-02T01:01:04.695736+02:00
306896045,de:12064:900320007::4,0.0,2026-10-02T01:01:04.695736+02:00
295883523,de:11000:900049201:1:51,0.0,2026-10-02T01:01:04.695736+02:00
295883523,de:11000:900049202:1:51,0.0,2026-10-02T01:01:04.695736+02:00
295883523,de:11000:900066101:1:51,-0.3,2026-10-02T01:01:04.695736+02:00
295883523,de:11000:900066102:1:51,-0.2,2026-10-02T01:01:04.695736+02:00
295883523,de:11000:900062202:1:51,-0.2,2026-10-02T01:01:04.695736+02:00
295883523,de:11000:900063101:1:51,-0.2,2026-10-02T01:01:04.695736+02:00
295883523,de:11000:900060101:1:51,-0.9,2026-10-02T01:01:04.695736+02:00
295883523,de:11000:900054104:1:51,-0.9,2026-10-02T01:01:04.695736+02:00
295883523,de:11000:900057104:1:50,-0.4,2026-10-02T01:01:04.695736+02:00
295883523,de:11000:900057102:1:51,-0.1,2026-10-02T01:01:04.695736+02:00
295883523,de:11000:900012101:2:52,-0.8,2026-10-02T01:01:04.695736+02:00
295883523,de:11000:900100020:4:57,-0.9,2026-10-02T01:01:04.695736+02:00
306896272,de:12067:900310013::3,0.0,2026-10-02T01:01:04.695736+02:00
306896272,de:12067:900310563::3,0.0,2026-10-02T01:01:04.695736+02:00
306896272,de:12067:900310559::1,0.0,2026-10-02T01:01:04.695736+02:00
306896272,de:12067:900310558::1,0.0,2026-10-02T01:01:04.695736+02:00
306896272,de:12067:900310556::1,0.0,2026-10-02T01:01:04.695736+02:00
306896272,de:12067:900310621::1,0.0,2026-10-02T01:01:04.695736+02:00
306896272,de:12067:900310568::1,0.0,2026-10-02T01:01:04.695736+02:00
306896272,de:12067:900310955::1,0.0,2026-10-02T01:01:04.695736+02:00
306896272,de:12067:900310950::1,0.0,2026-10-02T01:01:04.695736+02:00
306896272,de:12061:900260165::2,0.0,2026-10-02T01:01:04.695736+02:00
306896272,de:12061:900260169::3,0.0,2026-10-02T01:01:04.695736+02:00
306896272,de:12061:900260166::2,0.0,2026-10-02T01:01:04.695736+02:00
306896272,de:12061:900260171::2,0.0,2026-10-02T01:01:04.695736+02:00
306896272,de:12061:900260168::2,0.0,2026-10-02T01:01:04.695736+02:00
306896272,de:12061:900260167::2,0.0,2026-10-02T01:01:04.695736+02:00
306896272,de:12061:900260170::2,0.0,2026-10-02T01:01:04.695736+02:00
306896272,de:12061:900261050::1,0.0,2026-10-02T01:01:04.695736+02:00
306896272,de:12061:900261051::2,0.0,2026-10-02T01:01:04.695736+02:00
306896272,de:12061:900261048::2,0.0,2026-10-02T01:01:04.695736+02:00
306896272,de:12061:900261047::2,0.0,2026-10-02T01:01:04.695736+02:00
306896272,de:12061:900260889::2,0.0,2026-10-02T01:01:04.695736+02:00
306896272,de:12061:900260888::2,0.0,2026-10-02T01:01:04.695736+02:00
306896272,de:12061:900260886::2,0.0,2026-10-02T01:01:04.695736+02:00
306896272,de:12061:900260887::2,0.0,2026-10-02T01:01:04.695736+02:00
306896272,de:12061:900260890::2,0.0,2026-10-02T01:01:04.695736+02:00
306896272,de:12061:900260798::2,0.0,2026-10-02T01:01:04.695736+02:00
306896272,de:12061:900260001::8,0.0,2026-10-02T01:01:04.695736+02:00
295883534,de:11000:900053301:2:53,0.0,2026-10-02T01:01:04.695736+02:00
295883534,de:11000:900052201:1:51,0.0,2026-10-02T01:01:04.695736+02:00
295883534,de:11000:900050355:1:51,-0.3,2026-10-02T01:01:04.695736+02:00
295883534,de:11000:900050301:1:51,-0.4,2026-10-02T01:01:04.695736+02:00
295883534,de:11000:900049201:1:51,0.0,2026-10-02T01:01:04.695736+02:00
295883534,de:11000:900049202:1:51,0.0,2026-10-02T01:01:04.695736+02:00
295883534,de:11000:900066101:1:51,-0.3,2026-10-02T01:01:04.695736+02:00
295883534,de:11000:900066102:1:51,-0.2,2026-10-02T01:01:04.695736+02:00
295883534,de:11000:900062202:1:51,-0.2,2026-10-02T01:01:04.695736+02:00
295883534,de:11000:900063101:1:51,-0.2,2026-10-02T01:01:04.695736+02:00
295883534,de:11000:900060101:1:51,-0.9,2026-10-02T01:01:04.695736+02:00
295883534,de:11000:900054104:1:51,-0.9,2026-10-02T01:01:04.695736+02:00
295883534,de:11000:900057104:1:50,-0.4,2026-10-02T01:01:04.695736+02:00
295883534,de:11000:900057102:1:51,-0.1,2026-10-02T01:01:04.695736+02:00
295883534,de:11000:900012101:2:52,-0.8,2026-10-02T01:01:04.695736+02:00
295883534,de:11000:900100020:4:57,-0.9,2026-10-02T01:01:04.695736+02:00
295883506,de:11000:900049201:1:51,0.0,2026-10-02T01:01:04.695736+02:00
295883506,de:11000:900049202:1:51,0.0,2026-10-02T01:01:04.695736+02:00
295883506,de:11000:900066101:1:51,-0.3,2026-10-02T01:01:04.695736+02:00
295883506,de:11000:900066102:1:51,-0.2,2026-10-02T01:01:04.695736+02:00
295883506,de:11000:900062202:1:51,-0.2,2026-10-02T01:01:04.695736+02:00
295883506,de:11000:900063101:1:51,-0.2,2026-10-02T01:01:04.695736+02:00
295883506,de:11000:900060101:1:51,-0.9,2026-10-02T01:01:04.695736+02:00
295883506,de:11000:900054104:1:51,-0.9,2026-10-02T01:01:04.695736+02:00
295883506,de:11000:900057104:1:50,-0.4,2026-10-02T01:01:04.695736+02:00
295883506,de:11000:900057102:1:51,-0.1,2026-10-02T01:01:04.695736+02:00
295883506,de:11000:900012101:2:52,-0.8,2026-10-02T01:01:04.695736+02:00
295883506,de:11000:900100020:4:57,-0.9,2026-10-02T01:01:04.695736+02:00
307252195,de:11000:900007102:1:51,0.0,2026-10-02T01:01:04.695736+02:00
307252195,de:11000:900009104:1:51,-0.8,2026-10-02T01:01:04.695736+02:00
307252195,de:11000:900003200:5:58,-0.7,2026-10-02T01:01:04.695736+02:00
307252192,de:11000:900007102:1:51,0.0,2026-10-02T01:01:04.695736+02:00
307252192,de:11000:900009104:1:51,-0.8,2026-10-02T01:01:04.695736+02:00
307252192,de:11000:900003200:5:58,-0.7,2026-10-02T01:01:04.695736+02:00
307252330,de:11000:900003200:5:58,0.0,2026-10-02T01:01:04.695736+02:00
307252330,de:11000:900009104:1:50,-0.8,2026-10-02T01:01:04.695736+02:00
307252330,de:11000:900007102:2:52,-0.4,2026-10-02T01:01:04.695736+02:00
306896227,de:12067:900310864::1,0.0,2026-10-02T01:01:04.695736+02:00
306896227,de:12067:900310861::1,0.0,2026-10-02T01:01:04.695736+02:00
306896227,de:12067:900310002::1,0.0,2026-10-02T01:01:04.695736+02:00
306896227,de:12067:900310031::3,0.0,2026-10-02T01:01:04.695736+02:00
306896227,de:12067:900310555::2,0.0,2026-10-02T01:01:04.695736+02:00
306896227,de:12067:900310557::2,0.0,2026-10-02T01:01:04.695736+02:00
306896227,de:12067:900310013::7,0.0,2026-10-02T01:01:04.695736+02:00
295882457,de:11000:900092201:1:50,0.0,2026-10-02T01:01:04.695736+02:00
295882457,de:11000:900093201:1:51,-0.4,2026-10-02T01:01:04.695736+02:00
295882457,de:11000:900094101:1:51,-0.3,2026-10-02T01:01:04.695736+02:00
295882457,de:11000:900096101:1:51,-0.1,2026-10-02T01:01:04.695736+02:00
295882457,de:11000:900084101:1:51,-0.2,2026-10-02T01:01:04.695736+02:00
295882457,de:11000:900085201:1:51,-0.8,2026-10-02T01:01:04.695736+02:00
295882457,de:11000:900130003:1:51,-0.8,2026-10-02T01:01:04.695736+02:00
295882457,de:11000:900110011:1:50,-0.9,2026-10-02T01:01:04.695736+02:00
295882457,de:11000:900007102:1:50,-0.9,2026-10-02T01:01:04.695736+02:00
295882457,de:11000:900008101:1:50,0.0,2026-10-02T01:01:04.695736+02:00
295882457,de:11000:900007104:1:51,-0.7,2026-10-02T01:01:04.695736+02:00
295882457,de:11000:900100007:1:50,-0.7,2026-10-02T01:01:04.695736+02:00
295882457,de:11000:900100001:4:56,-0.5,2026-10-02T01:01:04.695736+02:00
295882457,de:11000:900100025:1:50,-0.4,2026-10-02T01:01:04.695736+02:00
295882457,de:11000:900100020:3:54,-0.4,2026-10-02T01:01:04.695736+02:00
295882457,de:11000:900012101:1:51,-0.5,2026-10-02T01:01:04.695736+02:00
295882457,de:11000:900057102:1:50,-0.7,2026-10-02T01:01:04.695736+02:00
295882457,de:11000:900057104:2:51,-0.4,2026-10-02T01:01:04.695736+02:00
295882457,de:11000:900054104:1:50,-0.3,2026-10-02T01:01:04.695736+02:00
295882457,de:11000:900060101:1:50,-0.3,2026-10-02T01:01:04.695736+02:00
295882457,de:11000:900063101:1:50,-0.1,2026-10-02T01:01:04.695736+02:00
295882457,de:11000:900062202:1:50,-0.1,2026-10-02T01:01:04.695736+02:00
295882457,de:11000:900066102:1:50,-0.2,2026-10-02T01:01:04.695736+02:00
295882457,de:11000:900066101:1:50,-0.1,2026-10-02T01:01:04.695736+02:00
295882457,de:11000:900049202:1:50,-0.3,2026-10-02T01:01:04.695736+02:00
295882457,de:11000:900049201:1:50,-0.4,2026-10-02T01:01:04.695736+02:00
295882457,de:11000:900050301:1:50,0.0,2026-10-02T01:01:04.695736+02:00
295882457,de:11000:900050355:1:50,-0.1,2026-10-02T01:01:04.695736+02:00
295882457,de:11000:900052201:1:50,-0.5,2026-10-02T01:01:04.695736+02:00
295882457,de:11000:900053301:1:51,-0.9,2026-10-02T01:01:04.695736+02:00
306895906,de:12067:900311145::2,0.0,2026-10-02T01:01:04.695736+02:00
306895906,de:12067:900310817::2,0.0,2026-10-02T01:01:04.695736+02:00
306895906,de:12067:900310837::2,0.0,2026-10-02T01:01:04.695736+02:00
306895906,de:12067:900310875::2,0.0,2026-10-02T01:01:04.695736+02:00
306895906,de:12067:900310796::2,0.0,2026-10-02T01:01:04.695736+02:00
306895906,de:12067:900310777::2,0.0,2026-10-02T01:01:04.695736+02:00
306895906,de:12067:900310808::2,0.0,2026-10-02T01:01:04.695736+02:00
306895906,de:12067:900310822::2,0.0,2026-10-02T01:01:04.695736+02:00
306895906,de:12067:900310781::2,0.0,2026-10-02T01:01:04.695736+02:00
306895906,de:12067:900311155::1,0.0,2026-10-02T01:01:04.695736+02:00
306895906,de:12067:900311149::2,0.0,2026-10-02T01:01:04.695736+02:00
306895906,de:12067:900310001::11,0.0,2026-10-02T01:01:04.695736+02:00
295882445,de:11000:900092201:1:50,0.0,2026-10-02T01:01:04.695736+02:00
295882445,de:11000:900093201:1:51,-0.4,2026-10-02T01:01:04.695736+02:00
295882445,de:11000:900094101:1:51,-0.3,2026-10-02T01:01:04.695736+02:00
295882445,de:11000:900096101:1:51,-0.1,2026-10-02T01:01:04.695736+02:00
295882445,de:11000:900084101:1:51,-0.2,2026-10-02T01:01:04.695736+02:00
295882445,de:11000:900085201:1:51,-0.8,2026-10-02T01:01:04.695736+02:00
295882445,de:11000:900130003:1:51,-0.8,2026-10-02T01:01:04.695736+02:00
295882445,de:11000:900110011:1:50,-0.9,2026-10-02T01:01:04.695736+02:00
295882445,de:11000:900007102:1:50,-0.9,2026-10-02T01:01:04.695736+02:00
295882445,de:11000:900008101:1:50,0.0,2026-10-02T01:01:04.695736+02:00
295882445,de:11000:900007104:1:51,-0.7,2026-10-02T01:01:04.695736+02:00
295882445,de:11000:900100007:1:50,-0.7,2026-10-02T01:01:04.695736+02:00
295882445,de:11000:900100001:4:56,-0.5,2026-10-02T01:01:04.695736+02:00
295882445,de:11000:900100025:1:50,-0.4,2026-10-02T01:01:04.695736+02:00
295882445,de:11000:900100020:3:54,-0.4,2026-10-02T01:01:04.695736+02:00
295882445,de:11000:900012101:1:51,-0.5,2026-10-02T01:01:04.695736+02:00
295882445,de:11000:900057102:1:50,-0.7,2026-10-02T01:01:04.695736+02:00
295882445,de:11000:900057104:2:51,-0.4,2026-10-02T01:01:04.695736+02:00
295882445,de:11000:900054104:1:50,-0.3,2026-10-02T01:01:04.695736+02:00
295882445,de:11000:900060101:1:50,-0.3,2026-10-02T01:01:04.695736+02:00
295882445,de:11000:900063101:1:50,-0.1,2026-10-02T01:01:04.695736+02:00
295882445,de:11000:900062202:1:50,-0.1,2026-10-02T01:01:04.695736+02:00
295882445,de:11000:900066102:1:50,-0.2,2026-10-02T01:01:04.695736+02:00
295882445,de:11000:900066101:1:50,-0.1,2026-10-02T01:01:04.695736+02:00
295882445,de:11000:900049202:1:50,-0.3,2026-10-02T01:01:04.695736+02:00
295882445,de:11000:900049201:1:50,-0.4,2026-10-02T01:01:04.695736+02:00
295882445,de:11000:900050301:1:50,0.0,2026-10-02T01:01:04.695736+02:00
295882445,de:11000:900050355:1:50,-0.1,2026-10-02T01:01:04.695736+02:00
295882445,de:11000:900052201:1:50,-0.5,2026-10-02T01:01:04.695736+02:00
295882445,de:11000:900053301:1:51,-0.9,2026-10-02T01:01:04.695736+02:00
295882434,de:11000:900092201:1:50,0.0,2026-10-02T01:01:04.695736+02:00
295882434,de:11000:900093201:1:51,-0.4,2026-10-02T01:01:04.695736+02:00
295882434,de:11000:900094101:1:51,-0.3,2026-10-02T01:01:04.695736+02:00
295882434,de:11000:900096101:1:51,-0.1,2026-10-02T01:01:04.695736+02:00
295882434,de:11000:900084101:1:51,-0.2,2026-10-02T01:01:04.695736+02:00
295882434,de:11000:900085201:1:51,-0.8,2026-10-02T01:01:04.695736+02:00
295882434,de:11000:900130003:1:51,-0.8,2026-10-02T01:01:04.695736+02:00
295882434,de:11000:900110011:1:50,-0.9,2026-10-02T01:01:04.695736+02:00
295882434,de:11000:900007102:1:50,-0.9,2026-10-02T01:01:04.695736+02:00
295882434,de:11000:900008101:1:50,0.0,2026-10-02T01:01:04.695736+02:00
295882434,de:11000:900007104:1:51,-0.7,2026-10-02T01:01:04.695736+02:00
295882434,de:11000:900100007:1:50,-0.7,2026-10-02T01:01:04.695736+02:00
295882434,de:11000:900100001:4:56,-0.5,2026-10-02T01:01:04.695736+02:00
295882434,de:11000:900100025:1:50,-0.4,2026-10-02T01:01:04.695736+02:00
295882434,de:11000:900100020:3:54,-0.4,2026-10-02T01:01:04.695736+02:00
295882434,de:11000:900012101:1:51,-0.5,2026-10-02T01:01:04.695736+02:00
295882434,de:11000:900057102:1:50,-0.7,2026-10-02T01:01:04.695736+02:00
295882434,de:11000:900057104:2:51,-0.4,2026-10-02T01:01:04.695736+02:00
295882434,de:11000:900054104:1:50,-0.3,2026-10-02T01:01:04.695736+02:00
295882434,de:11000:900060101:1:50,-0.3,2026-10-02T01:01:04.695736+02:00
295882434,de:11000:900063101:1:50,-0.1,2026-10-02T01:01:04.695736+02:00
295882434,de:11000:900062202:1:50,-0.1,2026-10-02T01:01:04.695736+02:00
295882434,de:11000:900066102:1:50,-0.2,2026-10-02T01:01:04.695736+02:00
295882434,de:11000:900066101:1:50,-0.1,2026-10-02T01:01:04.695736+02:00
295882434,de:11000:900049202:1:50,-0.3,2026-10-02T01:01:04.695736+02:00
295882434,de:11000:900049201:1:50,-0.4,2026-10-02T01:01:04.695736+02:00
295882434,de:11000:900050301:1:50,0.0,2026-10-02T01:01:04.695736+02:00
295882434,de:11000:900050355:1:50,-0.1,2026-10-02T01:01:04.695736+02:00
295882434,de:11000:900052201:1:50,-0.5,2026-10-02T01:01:04.695736+02:00
295882434,de:11000:900053301:1:51,-0.9,2026-10-02T01:01:04.695736+02:00
307433844,de:12065:900200005:2:1,0.0,2026-10-02T01:01:04.695736+02:00
307433844,de:11000:900152001:3:53,0.0,2026-10-02T01:01:04.695736+02:00
307433844,de:11000:900160004:4:56,0.0,2026-10-02T01:01:04.695736+02:00
307433844,de:11000:900120003:4:56,0.0,2026-10-02T01:01:04.695736+02:00
307433844,de:11000:900192001:1:50,0.0,2026-10-02T01:01:04.695736+02:00
307433844,de:12061:900260009:2:54,0.0,2026-10-02T01:01:04.695736+02:00
307433844,de:12072:900245030:2:51,0.0,2026-10-02T01:01:04.695736+02:00
307433844,de:12072:900245029:2:52,0.0,2026-10-02T01:01:04.695736+02:00
307431118,de:12063:900210001:1:50,0.0,2026-10-02T01:01:04.695736+02:00
307431118,de:12054:900220012:1:50,0.0,2026-10-02T01:01:04.695736+02:00
307431118,de:12054:900220010:2:51,0.0,2026-10-02T01:01:04.695736+02:00
307431118,de:12054:900230007:2:52,0.0,2026-10-02T01:01:04.695736+02:00
307431118,de:12054:900230006:2:51,0.0,2026-10-02T01:01:04.695736+02:00
307431118,de:12054:900230999:2:53,0.0,2026-10-02T01:01:04.695736+02:00
307431118,de:12054:900230003:4:53,0.0,2026-10-02T01:01:04.695736+02:00
307431118,de:11000:900053301:3:55,0.0,2026-10-02T01:01:04.695736+02:00
307431118,de:11000:900024101:2:52,0.0,2026-10-02T01:01:04.695736+02:00
307431118,de:11000:900029101:2:52,0.0,2026-10-02T01:01:04.695736+02:00
307431118,de:12063:900210010:1:50,0.0,2026-10-02T01:01:04.695736+02:00
307431118,de:12065:900200000:1:51,0.0,2026-10-02T01:01:04.695736+02:00
307431393,de:12065:900200000:1:51,0.0,2026-10-02T01:01:04.695736+02:00
307431393,de:12063:900210010:2:51,0.0,2026-10-02T01:01:04.695736+02:00
307431393,de:11000:900029101:3:55,0.0,2026-10-02T01:01:04.695736+02:00
307431393,de:11000:900024101:1:51,0.0,2026-10-02T01:01:04.695736+02:00
307431393,de:11000:900053301:3:54,0.0,2026-10-02T01:01:04.695736+02:00
307431393,de:12054:900230003:3:52,0.0,2026-10-02T01:01:04.695736+02:00
307431393,de:12054:900230999:1:51,0.0,2026-10-02T01:01:04.695736+02:00
307431393,de:12054:900230006:1:50,0.0,2026-10-02T01:01:04.695736+02:00
307431393,de:12054:900230007:2:52,0.0,2026-10-02T01:01:04.695736+02:00
307431393,de:12054:900220010:1:50,0.0,2026-10-02T01:01:04.695736+02:00
307431393,de:12054:900220012:2:51,0.0,2026-10-02T01:01:04.695736+02:00
307431393,de:12063:900210001:2:51,0.0,2026-10-02T01:01:04.695736+02:00
307432902,de:12072:900245027:2:53,0.0,2026-10-02T01:01:04.695736+02:00
307432902,de:12061:900260009:2:54,0.0,2026-10-02T01:01:04.695736+02:00
307432902,de:11000:900192001:1:51,0.0,2026-10-02T01:01:04.695736+02:00
307432902,de:11000:900120003:4:57,0.0,2026-10-02T01:01:04.695736+02:00
307432902,de:11000:900160004:2:53,0.0,2026-10-02T01:01:04.695736+02:00
307432902,de:11000:900152001:2:52,0.0,2026-10-02T01:01:04.695736+02:00
307432902,de:12060:900350160:2:53,0.0,2026-10-02T01:01:04.695736+02:00
307432902,de:12060:900350158:1:50,0.0,2026-10-02T01:01:04.695736+02:00
307432902,de:12060:900350137:1:50,0.0,2026-10-02T01:01:04.695736+02:00
307432902,de:12060:900350126:1:50,0.0,2026-10-02T01:01:04.695736+02:00
307432902,de:12060:900350127:2:51,0.0,2026-10-02T01:01:04.695736+02:00
306895394,de:12067:900310613::1,0.0,2026-10-02T01:01:04.695736+02:00
306895394,de:12067:900311076::2,0.0,2026-10-02T01:01:04.695736+02:00
306895394,de:12067:900311009::1,0.0,2026-10-02T01:01:04.695736+02:00
306895394,de:12067:900311079::1,0.0,2026-10-02T01:01:04.695736+02:00
306895394,de:12067:900310731::1,0.0,2026-10-02T01:01:04.695736+02:00
306895394,de:12067:900310700::1,0.0,2026-10-02T01:01:04.695736+02:00
306895394,de:12067:900310701::1,0.0,2026-10-02T01:01:04.695736+02:00
306895394,de:12067:900310981::1,0.0,2026-10-02T01:01:04.695736+02:00
306895394,de:12067:900310832::1,0.0,2026-10-02T01:01:04.695736+02:00
306895394,de:12067:900311098::1,0.0,2026-10-02T01:01:04.695736+02:00
306895394,de:12067:900310826::2,0.0,2026-10-02T01:01:04.695736+02:00
306895394,de:12067:900311065::1,0.0,2026-10-02T01:01:04.695736+02:00
306895394,de:12067:900311064::2,0.0,2026-10-02T01:01:04.695736+02:00
306895394,de:12067:900310902::2,0.0,2026-10-02T01:01:04.695736+02:00
306895394,de:12067:900310942::2,0.0,2026-10-02T01:01:04.695736+02:00
306895394,de:12067:900310721::1,0.0,2026-10-02T01:01:04.695736+02:00
306895394,de:12067:900310755::2,0.0,2026-10-02T01:01:04.695736+02:00
306895394,de:12067:900310728::2,0.0,2026-10-02T01:01:04.695736+02:00
306895394,de:12067:900311129::6,0.0,2026-10-02T01:01:04.695736+02:00
307435510,de:11000:900003200:1:50,0.0,2026-10-02T01:01:04.695736+02:00
307435510,de:11000:900100020:1:50,0.0,2026-10-02T01:01:04.695736+02:00
307435510,de:11000:900058101:2:52,0.0,2026-10-02T01:01:04.695736+02:00
307435510,de:12061:900260009:2:54,0.0,2026-10-02T01:01:04.695736+02:00
307440119,de:12065:900200000:1:51,0.0,2026-10-02T01:01:04.695736+02:00
307440119,de:12065:900200004:1:50,0.0,2026-10-02T01:01:04.695736+02:00
307430422,de:12063:900210005:2:53,0.0,2026-10-02T01:01:04.695736+02:00
307430422,de:12063:900210326:2:51,0.0,2026-10-02T01:01:04.695736+02:00
307430422,de:12063:900210011:2:51,0.0,2026-10-02T01:01:04.695736+02:00
307430422,de:12063:900210010:2:51,0.0,2026-10-02T01:01:04.695736+02:00
307430422,de:12063:900210180:2:51,0.0,2026-10-02T01:01:04.695736+02:00
307430422,de:11000:900037168:2:51,0.0,2026-10-02T01:01:04.695736+02:00
307430422,de:11000:900029101:3:54,0.0,2026-10-02T01:01:04.695736+02:00
307436766,de:12069:900220143:1:50,0.0,2026-10-02T01:01:04.695736+02:00
307436766,de:12069:900220142:2:51,0.0,2026-10-02T01:01:04.695736+02:00
307436766,de:12069:900220141:2:51,0.0,2026-10-02T01:01:04.695736+02:00
307436766,de:12069:900222030:2:51,0.0,2026-10-02T01:01:04.695736+02:00
307436766,de:12069:900220005:2:51,0.0,2026-10-02T01:01:04.695736+02:00
307436766,de:12069:900220004:2:51,0.0,2026-10-02T01:01:04.695736+02:00
307436766,de:12069:900220003:1:51,0.0,2026-10-02T01:01:04.695736+02:00
307436766,de:12069:900220006:2:51,0.0,2026-10-02T01:01:04.695736+02:00
307436766,de:12069:900220008:2:51,0.0,2026-10-02T01:01:04.695736+02:00
307436766,de:12054:900230001:2:51,0.0,2026-10-02T01:01:04.695736+02:00
307436766,de:11000:900053301:3:55,0.0,2026-10-02T01:01:04.695736+02:00
307430334,de:11000:900160004:4:56,0.0,2026-10-02T01:01:04.695736+02:00
307430334,de:11000:900120003:4:56,0.0,2026-10-02T01:01:04.695736+02:00
307430334,de:12061:900260009:2:54,0.0,2026-10-02T01:01:04.695736+02:00
307430042,de:11000:900003200:1:50,0.0,2026-10-02T01:01:04.695736+02:00
307430042,de:11000:900100020:1:50,0.0,2026-10-02T01:01:04.695736+02:00
307430042,de:11000:900058101:2:52,0.0,2026-10-02T01:01:04.695736+02:00
307430042,de:12061:900260009:2:54,0.0,2026-10-02T01:01:04.695736+02:00
307430168,de:11000:900003200:1:50,0.0,2026-10-02T01:01:04.695736+02:00
307430168,de:11000:900100020:1:50,0.0,2026-10-02T01:01:04.695736+02:00
307430168,de:11000:900058101:2:52,0.0,2026-10-02T01:01:04.695736+02:00
307430168,de:12061:900260009:2:53,0.0,2026-10-02T01:01:04.695736+02:00
307430067,de:12061:900260009:2:54,0.0,2026-10-02T01:01:04.695736+02:00
307430067,de:11000:900058101:4:57,0.0,2026-10-02T01:01:04.695736+02:00
307430067,de:11000:900100020:2:53,0.0,2026-10-02T01:01:04.695736+02:00
307430067,de:11000:900003200:4:57,0.0,2026-10-02T01:01:04.695736+02:00
306896737,de:12067:900310001::4,0.0,2026-10-02T01:01:04.695736+02:00
306896737,de:12067:900310816::1,0.0,2026-10-02T01:01:04.695736+02:00
306896737,de:12067:900310627::1,0.0,2026-10-02T01:01:04.695736+02:00
306896737,de:12067:900310781::1,0.0,2026-10-02T01:01:04.695736+02:00
306896737,de:12067:900310822::1,0.0,2026-10-02T01:01:04.695736+02:00
306896737,de:12067:900310808::1,0.0,2026-10-02T01:01:04.695736+02:00
306896737,de:12067:900310777::1,0.0,2026-10-02T01:01:04.695736+02:00
306896737,de:12067:900310796::1,0.0,2026-10-02T01:01:04.695736+02:00
306896737,de:12067:900310875::1,0.0,2026-10-02T01:01:04.695736+02:00
306896737,de:12067:900310837::1,0.0,2026-10-02T01:01:04.695736+02:00
306896737,de:12067:900310817::1,0.0,2026-10-02T01:01:04.695736+02:00
306896737,de:12067:900310819::1,-0.5,2026-10-02T01:01:04.695736+02:00
306896737,de:12067:900310785::1,-0.5,2026-10-02T01:01:04.695736+02:00
306896737,de:12067:900310743::1,-0.5,2026-10-02T01:01:04.695736+02:00
306896737,de:12067:900310741::1,-0.5,2026-10-02T01:01:04.695736+02:00
306896737,de:12067:900310742::1,0.0,2026-10-02T01:01:04.695736+02:00
306896737,de:12067:900310929::1,-0.5,2026-10-02T01:01:04.695736+02:00
306896737,de:12067:900310930::1,0.0,2026-10-02T01:01:04.695736+02:00
306896737,de:12067:900310928::1,-0.5,2026-10-02T01:01:04.695736+02:00
306896737,de:12067:900311037::1,-0.5,2026-10-02T01:01:04.695736+02:00
306896737,de:12067:900311032::1,-0.5,2026-10-02T01:01:04.695736+02:00
306896737,de:12067:900311041::1,-0.5,2026-10-02T01:01:04.695736+02:00
306896737,de:12067:900311038::1,-0.5,2026-10-02T01:01:04.695736+02:00
306896737,de:12067:900311040::1,-0.5,2026-10-02T01:01:04.695736+02:00
306896737,de:12067:900311031::1,-0.5,2026-10-02T01:01:04.695736+02:00
306896737,de:12067:900311039::1,-0.5,2026-10-02T01:01:04.695736+02:00
295900403,de:11000:900089303:1:50,0.0,2026-10-02T01:01:04.695736+02:00
295900403,de:11000:900091205:1:50,-0.3,2026-10-02T01:01:04.695736+02:00
295900403,de:11000:900091203:1:51,-0.5,2026-10-02T01:01:04.695736+02:00
295900403,de:12065:900200000:4:54,-0.7,2026-10-02T01:01:04.695736+02:00
295903164,de:11000:900007104:2:53,0.0,2026-10-02T01:01:04.695736+02:00
295903164,de:11000:900008101:1:51,-0.4,2026-10-02T01:01:04.695736+02:00
295903164,de:11000:900007102:2:53,-0.2,2026-10-02T01:01:04.695736+02:00
295903164,de:11000:900110011:2:52,-0.4,2026-10-02T01:01:04.695736+02:00
295903164,de:11000:900130002:1:50,0.0,2026-10-02T01:01:04.695736+02:00
295903164,de:11000:900130001:1:50,-0.7,2026-10-02T01:01:04.695736+02:00
295903164,de:11000:900142001:1:50,-0.2,2026-10-02T01:01:04.695736+02:00
295903116,de:12069:900220114:1:50,0.0,2026-10-02T01:01:04.695736+02:00
295903116,de:11000:900064201:1:51,-0.1,2026-10-02T01:01:04.695736+02:00
295903116,de:11000:900064256:1:51,0.0,2026-10-02T01:01:04.695736+02:00
295903116,de:11000:900064301:3:53,-0.3,2026-10-02T01:01:04.695736+02:00
295903116,de:11000:900067221:1:50,-0.3,2026-10-02T01:01:04.695736+02:00
295903116,de:11000:900063452:1:51,-0.4,2026-10-02T01:01:04.695736+02:00
295903116,de:11000:900058102:2:53,-0.5,2026-10-02T01:01:04.695736+02:00
295903116,de:11000:900058101:1:51,-0.3,2026-10-02T01:01:04.695736+02:00
295903116,de:11000:900058103:1:51,0.0,2026-10-02T01:01:04.695736+02:00
295903116,de:11000:900012101:2:53,-0.7,2026-10-02T01:01:04.695736+02:00
295903116,de:11000:900100020:4:57,-0.8,2026-10-02T01:01:04.695736+02:00
295903116,de:11000:900100025:1:51,-0.9,2026-10-02T01:01:04.695736+02:00
295903116,de:11000:900100001:4:57,-0.6,2026-10-02T01:01:04.695736+02:00
295903116,de:11000:900100007:1:51,-0.7,2026-10-02T01:01:04.695736+02:00
295903116,de:11000:900007104:2:52,-0.7,2026-10-02T01:01:04.695736+02:00
295903116,de:11000:900008101:1:51,-0.4,2026-10-02T01:01:04.695736+02:00
295903116,de:11000:900007102:2:53,-0.2,2026-10-02T01:01:04.695736+02:00
295903116,de:11000:900110011:2:52,-0.4,2026-10-02T01:01:04.695736+02:00
295903116,de:11000:900130002:1:51,-0.8,2026-10-02T01:01:04.695736+02:00
295907218,de:11000:900180001:1:50,0.0,2026-10-02T01:01:04.695736+02:00
295907218,de:11000:900180002:1:50,-0.7,2026-10-02T01:01:04.695736+02:00
295907218,de:11000:900162001:1:50,-0.9,2026-10-02T01:01:04.695736+02:00
295907218,de:11000:900160002:1:50,0.0,2026-10-02T01:01:04.695736+02:00
295907218,de:11000:900160001:1:50,-0.3,2026-10-02T01:01:04.695736+02:00
295907218,de:11000:900120003:3:54,-0.1,2026-10-02T01:01:04.695736+02:00
295907218,de:11000:900120004:2:53,-0.6,2026-10-02T01:01:04.695736+02:00
295907218,de:11000:900120005:5:58,-0.9,2026-10-02T01:01:04.695736+02:00
295907218,de:11000:900100004:1:51,-0.4,2026-10-02T01:01:04.695736+02:00
295907218,de:11000:900100003:2:53,-0.4,2026-10-02T01:01:04.695736+02:00
295907218,de:11000:900100002:1:51,-0.4,2026-10-02T01:01:04.695736+02:00
295907218,de:11000:900100001:3:55,-0.4,2026-10-02T01:01:04.695736+02:00
295907218,de:11000:900003201:3:55,-0.1,2026-10-02T01:01:04.695736+02:00
295907218,de:11000:900003102:1:51,-0.8,2026-10-02T01:01:04.695736+02:00
295907218,de:11000:900003103:1:51,-0.9,2026-10-02T01:01:04.695736+02:00
295907218,de:11000:900023201:3:55,-0.8,2026-10-02T01:01:04.695736+02:00
295907218,de:11000:900024203:1:51,-0.8,2026-10-02T01:01:04.695736+02:00
295907218,de:11000:900024101:4:57,-0.8,2026-10-02T01:01:04.695736+02:00
295907218,de:11000:900024102:1:51,-0.1,2026-10-02T01:01:04.695736+02:00
295907218,de:11000:900048101:1:51,-0.3,2026-10-02T01:01:04.695736+02:00
295907214,de:12067:900310004:3:52,0.0,2026-10-02T01:01:04.695736+02:00
295907214,de:11000:900183002:1:50,-0.1,2026-10-02T01:01:04.695736+02:00
295907214,de:11000:900183001:1:50,-0.4,2026-10-02T01:01:04.695736+02:00
295907214,de:11000:900182002:1:50,0.0,2026-10-02T01:01:04.695736+02:00
295907214,de:11000:900182001:1:50,-0.2,2026-10-02T01:01:04.695736+02:00
295907214,de:11000:900180001:1:50,-0.7,2026-10-02T01:01:04.695736+02:00
295907214,de:11000:900180002:1:50,-0.7,2026-10-02T01:01:04.695736+02:00
295907214,de:11000:900162001:1:50,-0.9,2026-10-02T01:01:04.695736+02:00
295907214,de:11000:900160002:1:50,0.0,2026-10-02T01:01:04.695736+02:00
295907214,de:11000:900160001:1:50,-0.3,2026-10-02T01:01:04.695736+02:00
295907214,de:11000:900120003:3:55,-0.1,2026-10-02T01:01:04.695736+02:00
295907214,de:11000:900120004:2:53,-0.6,2026-10-02T01:01:04.695736+02:00
295907214,de:11000:900120005:5:58,-0.9,2026-10-02T01:01:04.695736+02:00
295907214,de:11000:900100004:1:51,-0.4,2026-10-02T01:01:04.695736+02:00
295907214,de:11000:900100003:2:53,-0.4,2026-10-02T01:01:04.695736+02:00
295907214,de:11000:900100002:1:51,-0.4,2026-10-02T01:01:04.695736+02:00
295907214,de:11000:900100001:3:55,-0.4,2026-10-02T01:01:04.695736+02:00
295907214,de:11000:900003201:3:55,-0.1,2026-10-02T01:01:04.695736+02:00
295907214,de:11000:900003102:1:51,-0.8,2026-10-02T01:01:04.695736+02:00
295907214,de:11000:900003103:1:51,-0.9,2026-10-02T01:01:04.695736+02:00
295907214,de:11000:900023201:3:55,-0.8,2026-10-02T01:01:04.695736+02:00
295907214,de:11000:900024203:1:51,-0.8,2026-10-02T01:01:04.695736+02:00
295907214,de:11000:900024101:4:57,-0.8,2026-10-02T01:01:04.695736+02:00
295907214,de:11000:900024102:1:50,-0.1,2026-10-02T01:01:04.695736+02:00
295907214,de:11000:900025423:1:50,-0.4,2026-10-02T01:01:04.695736+02:00
295907214,de:11000:900026105:1:50,-0.7,2026-10-02T01:01:04.695736+02:00
295907214,de:11000:900025321:1:50,-0.3,2026-10-02T01:01:04.695736+02:00
295907214,de:11000:900025424:1:50,-0.3,2026-10-02T01:01:04.695736+02:00
295907214,de:11000:900030202:1:50,-0.9,2026-10-02T01:01:04.695736+02:00
295907214,de:11000:900029101:1:50,-0.9,2026-10-02T01:01:04.695736+02:00
307435153,de:12066:900435602:2:52,0.0,2026-10-02T01:01:04.695736+02:00
307435153,de:12066:900435697:1:50,0.0,2026-10-02T01:01:04.695736+02:00
307435153,de:12066:900435884:2:51,0.0,2026-10-02T01:01:04.695736+02:00
307435153,de:12071:900445956:1:50,0.0,2026-10-02T01:01:04.695736+02:00
307435153,de:12071:900445884:1:50,0.0,2026-10-02T01:01:04.695736+02:00
307435153,de:12052:900470000:2:51,0.0,2026-10-02T01:01:04.695736+02:00
307275163,de:11000:900024101:3:55,0.0,2026-10-02T01:01:04.695736+02:00
307275163,de:11000:900024203:1:51,-0.3,2026-10-02T01:01:04.695736+02:00
307275163,de:11000:900023201:3:54,-0.2,2026-10-02T01:01:04.695736+02:00
307275163,de:11000:900003103:1:50,-0.3,2026-10-02T01:01:04.695736+02:00
307275163,de:11000:900003102:1:50,-0.4,2026-10-02T01:01:04.695736+02:00
307275163,de:11000:900003201:3:54,0.0,2026-10-02T01:01:04.695736+02:00
307275163,de:11000:900100001:3:54,-0.6,2026-10-02T01:01:04.695736+02:00
307275163,de:11000:900100002:1:50,-0.9,2026-10-02T01:01:04.695736+02:00
307275163,de:11000:900100003:2:52,-0.6,2026-10-02T01:01:04.695736+02:00
307275163,de:11000:900100004:1:50,-0.9,2026-10-02T01:01:04.695736+02:00
307275163,de:11000:900120005:4:56,-0.1,2026-10-02T01:01:04.695736+02:00
307275163,de:11000:900120004:1:51,-0.1,2026-10-02T01:01:04.695736+02:00
307275163,de:11000:900120003:2:53,-0.4,2026-10-02T01:01:04.695736+02:00
307275163,de:11000:900160001:1:51,-0.4,2026-10-02T01:01:04.695736+02:00
307275163,de:11000:900160002:1:50,-0.7,2026-10-02T01:01:04.695736+02:00
307275163,de:11000:900162001:1:51,-0.3,2026-10-02T01:01:04.695736+02:00
307275163,de:11000:900180002:1:51,-0.3,2026-10-02T01:01:04.695736+02:00
307275163,de:11000:900180001:1:50,-0.7,2026-10-02T01:01:04.695736+02:00
307275163,de:11000:900182001:1:51,-0.2,2026-10-02T01:01:04.695736+02:00
307275163,de:11000:900182002:1:51,-0.4,2026-10-02T01:01:04.695736+02:00
306895405,de:12067:900311129::3,0.0,2026-10-02T01:01:04.695736+02:00
306895405,de:12067:900310755::2,0.0,2026-10-02T01:01:04.695736+02:00
306895405,de:12067:900310728::2,0.0,2026-10-02T01:01:04.695736+02:00
306895405,de:12067:900310727::2,0.0,2026-10-02T01:01:04.695736+02:00
306895405,de:12067:900310942::1,0.0,2026-10-02T01:01:04.695736+02:00
306895405,de:12067:900310902::1,0.0,2026-10-02T01:01:04.695736+02:00
306895405,de:12067:900311064::1,0.0,2026-10-02T01:01:04.695736+02:00
306895405,de:12067:900311065::1,0.0,2026-10-02T01:01:04.695736+02:00
306895405,de:12067:900310826::1,0.0,2026-10-02T01:01:04.695736+02:00
306895405,de:12067:900311098::1,0.0,2026-10-02T01:01:04.695736+02:00
306895405,de:12067:900310832::1,0.0,2026-10-02T01:01:04.695736+02:00
306895405,de:12067:900310701::2,0.0,2026-10-02T01:01:04.695736+02:00
306895405,de:12067:900310700::1,0.0,2026-10-02T01:01:04.695736+02:00
306895405,de:12067:900310731::2,0.0,2026-10-02T01:01:04.695736+02:00
306895405,de:12067:900311079::2,0.0,2026-10-02T01:01:04.695736+02:00
306895405,de:12067:900311009::1,0.0,2026-10-02T01:01:04.695736+02:00
306895405,de:12067:900311076::1,0.0,2026-10-02T01:01:04.695736+02:00
306895405,de:12067:900310613::1,0.0,2026-10-02T01:01:04.695736+02:00
306896316,de:12064:900320274::1,0.0,2026-10-02T01:01:04.695736+02:00
306896316,de:12064:900320278::2,0.0,2026-10-02T01:01:04.695736+02:00
306896316,de:12064:900320284::2,0.0,2026-10-02T01:01:04.695736+02:00
306896316,de:12064:900320886::2,0.0,2026-10-02T01:01:04.695736+02:00
306896316,de:12064:900320888::3,0.0,2026-10-02T01:01:04.695736+02:00
306896316,de:12064:900320891::2,0.0,2026-10-02T01:01:04.695736+02:00
306896316,de:12067:900310919::2,0.0,2026-10-02T01:01:04.695736+02:00
306896316,de:12067:900310888::2,0.0,2026-10-02T01:01:04.695736+02:00
306896316,de:12067:900310881::2,0.0,2026-10-02T01:01:04.695736+02:00
306896316,de:12067:900310885::1,0.0,2026-10-02T01:01:04.695736+02:00
306896316,de:12067:900310883::2,0.0,2026-10-02T01:01:04.695736+02:00
306896316,de:12067:900310920::2,0.0,2026-10-02T01:01:04.695736+02:00
306896316,de:12067:900310882::2,0.0,2026-10-02T01:01:04.695736+02:00
306896316,de:12067:900310889::2,0.0,2026-10-02T01:01:04.695736+02:00
306896316,de:12067:900310890::2,0.0,2026-10-02T01:01:04.695736+02:00
306896316,de:12067:900310847::2,0.0,2026-10-02T01:01:04.695736+02:00
306896316,de:12067:900310846::2,0.0,2026-10-02T01:01:04.695736+02:00
306896316,de:12067:900310854::2,0.0,2026-10-02T01:01:04.695736+02:00
306896316,de:12067:900310857::2,0.0,2026-10-02T01:01:04.695736+02:00
306896316,de:12067:900311970::1,0.0,2026-10-02T01:01:04.695736+02:00
306896316,de:12067:900310853::1,0.0,2026-10-02T01:01:04.695736+02:00
306896316,de:12067:900310845::1,0.0,2026-10-02T01:01:04.695736+02:00
306896316,de:12067:900310855::2,0.0,2026-10-02T01:01:04.695736+02:00
306896316,de:12067:900310844::2,0.0,2026-10-02T01:01:04.695736+02:00
306896316,de:12067:900310856::1,0.0,2026-10-02T01:01:04.695736+02:00
306896316,de:12067:900310849::2,0.0,2026-10-02T01:01:04.695736+02:00
306896316,de:12067:900310851::2,0.0,2026-10-02T01:01:04.695736+02:00
306896316,de:12067:900310850::2,0.0,2026-10-02T01:01:04.695736+02:00
306896316,de:12067:900310852::2,0.0,2026-10-02T01:01:04.695736+02:00
306896316,de:12067:900310555::2,0.0,2026-10-02T01:01:04.695736+02:00
306896316,de:12067:900310557::2,0.0,2026-10-02T01:01:04.695736+02:00
306896316,de:12067:900310013::7,0.0,2026-10-02T01:01:04.695736+02:00
295910325,de:11000:900182002:1:50,0.0,2026-10-02T01:01:04.695736+02:00
295910325,de:11000:900182001:1:50,-0.2,2026-10-02T01:01:04.695736+02:00
295910325,de:11000:900180001:1:50,-0.7,2026-10-02T01:01:04.695736+02:00
295910325,de:11000:900180002:1:50,-0.7,2026-10-02T01:01:04.695736+02:00
295910325,de:11000:900162001:1:50,-0.9,2026-10-02T01:01:04.695736+02:00
295910325,de:11000:900160002:1:50,0.0,2026-10-02T01:01:04.695736+02:00
295910325,de:11000:900160001:1:50,-0.3,2026-10-02T01:01:04.695736+02:00
295910325,de:11000:900120003:3:55,-0.1,2026-10-02T01:01:04.695736+02:00
295910325,de:11000:900120004:2:53,-0.6,2026-10-02T01:01:04.695736+02:00
295910325,de:11000:900120005:5:58,-0.9,2026-10-02T01:01:04.695736+02:00
295910325,de:11000:900100004:1:51,-0.9,2026-10-02T01:01:04.695736+02:00
295910325,de:11000:900100003:2:53,-0.9,2026-10-02T01:01:04.695736+02:00
295910325,de:11000:900100002:1:51,-0.9,2026-10-02T01:01:04.695736+02:00
295910325,de:11000:900100001:3:55,-0.9,2026-10-02T01:01:04.695736+02:00
295910325,de:11000:900003201:3:55,-0.6,2026-10-02T01:01:04.695736+02:00
295910325,de:11000:900003102:1:51,-0.3,2026-10-02T01:01:04.695736+02:00
295910325,de:11000:900003103:1:51,-0.4,2026-10-02T01:01:04.695736+02:00
295910325,de:11000:900023201:3:55,-0.3,2026-10-02T01:01:04.695736+02:00
295910325,de:11000:900024203:1:51,-0.3,2026-10-02T01:01:04.695736+02:00
295910325,de:11000:900024101:4:56,-0.3,2026-10-02T01:01:04.695736+02:00
307275050,de:11000:900024101:3:55,0.0,2026-10-02T01:01:04.695736+02:00
307275050,de:11000:900024203:1:51,-0.3,2026-10-02T01:01:04.695736+02:00
307275050,de:11000:900023201:3:54,-0.2,2026-10-02T01:01:04.695736+02:00
307275050,de:11000:900003103:1:50,-0.3,2026-10-02T01:01:04.695736+02:00
307275050,de:11000:900003102:1:50,-0.4,2026-10-02T01:01:04.695736+02:00
307275050,de:11000:900003201:3:54,0.0,2026-10-02T01:01:04.695736+02:00
307275050,de:11000:900100001:3:54,-0.6,2026-10-02T01:01:04.695736+02:00
307275050,de:11000:900100002:1:50,-0.9,2026-10-02T01:01:04.695736+02:00
307275050,de:11000:900100003:2:52,-0.6,2026-10-02T01:01:04.695736+02:00
307275050,de:11000:900100004:1:50,-0.9,2026-10-02T01:01:04.695736+02:00
307275050,de:11000:900120005:4:55,-0.1,2026-10-02T01:01:04.695736+02:00
307275050,de:11000:900120004:1:50,-0.1,2026-10-02T01:01:04.695736+02:00
307275050,de:11000:900120003:2:53,-0.4,2026-10-02T01:01:04.695736+02:00
307275050,de:11000:900160001:1:51,-0.4,2026-10-02T01:01:04.695736+02:00
307275050,de:11000:900160002:1:50,-0.7,2026-10-02T01:01:04.695736+02:00
307275050,de:11000:900162001:1:51,-0.3,2026-10-02T01:01:04.695736+02:00
307275050,de:11000:900180002:1:51,-0.3,2026-10-02T01:01:04.695736+02:00
307275050,de:11000:900180001:1:50,-0.7,2026-10-02T01:01:04.695736+02:00
307275050,de:11000:900182001:1:51,-0.2,2026-10-02T01:01:04.695736+02:00
307275050,de:11000:900182002:1:51,-0.4,2026-10-02T01:01:04.695736+02:00
307275050,de:11000:900183001:1:51,0.0,2026-10-02T01:01:04.695736+02:00
307275050,de:11000:900183002:1:51,-0.3,2026-10-02T01:01:04.695736+02:00
307275050,de:12067:900310004:3:52,-0.5,2026-10-02T01:01:04.695736+02:00
307446022,de:12070:900216026:3:53,0.0,2026-10-02T01:01:04.695736+02:00
307446022,de:15090:8010121,0.0,2026-10-02T01:01:04.695736+02:00
307446022,de:15090:8012967,0.0,2026-10-02T01:01:04.695736+02:00
307446022,de:15090:8012568,0.0,2026-10-02T01:01:04.695736+02:00
307446022,de:15090:8011665,0.0,2026-10-02T01:01:04.695736+02:00
307446022,de:15090:8011460,0.0,2026-10-02T01:01:04.695736+02:00
307446022,000008013045,0.0,2026-10-02T01:01:04.695736+02:00
307446022,de:15090:8010335,0.0,2026-10-02T01:01:04.695736+02:00
307446022,de:15090:8010334,0.0,2026-10-02T01:01:04.695736+02:00
307446022,de:15090:8011355,0.0,2026-10-02T01:01:04.695736+02:00
307446022,de:15090:8013083,0.0,2026-10-02T01:01:04.695736+02:00
307446022,de:15083:8012295,0.0,2026-10-02T01:01:04.695736+02:00
307446022,de:15083:8011042,0.0,2026-10-02T01:01:04.695736+02:00
307446022,de:15083:8013402,0.0,2026-10-02T01:01:04.695736+02:00
307446022,de:15083:8073410,0.0,2026-10-02T01:01:04.695736+02:00
307446022,de:15083:8013344,0.0,2026-10-02T01:01:04.695736+02:00
307446022,de:15003:8010086,0.0,2026-10-02T01:01:04.695736+02:00
307446022,de:15003:8012289,0.0,2026-10-02T01:01:04.695736+02:00
307446022,de:15003:8010226,0.0,2026-10-02T01:01:04.695736+02:00
307446022,de:15003:8010224,0.0,2026-10-02T01:01:04.695736+02:00
307446022,de:15003:8013456,0.0,2026-10-02T01:01:04.695736+02:00
307446022,de:15003:8013485,0.0,2026-10-02T01:01:04.695736+02:00
307446022,de:15003:8012291,0.0,2026-10-02T01:01:04.695736+02:00
307446022,de:15003:8012287,0.0,2026-10-02T01:01:04.695736+02:00
307446022,de:15089:8081270,0.0,2026-10-02T01:01:04.695736+02:00
307446022,de:15089:8010318,0.0,2026-10-02T01:01:04.695736+02:00
307446022,de:15089:8081260,0.0,2026-10-02T01:01:04.695736+02:00
307446022,de:15089:8012907,0.0,2026-10-02T01:01:04.695736+02:00
306896905,de:12067:900310001::4,0.0,2026-10-02T01:01:04.695736+02:00
306896905,de:12067:900310816::1,0.0,2026-10-02T01:01:04.695736+02:00
306896905,de:12067:900310627::1,0.0,2026-10-02T01:01:04.695736+02:00
306896905,de:12067:900310781::1,0.0,2026-10-02T01:01:04.695736+02:00
306896905,de:12067:900310822::1,0.0,2026-10-02T01:01:04.695736+02:00
306896905,de:12067:900310771::1,0.0,2026-10-02T01:01:04.695736+02:00
306896905,de:12067:900310800::1,0.0,2026-10-02T01:01:04.695736+02:00
306896905,de:12067:900310879::1,0.0,2026-10-02T01:01:04.695736+02:00
306896905,de:12067:900310010::4,0.0,2026-10-02T01:01:04.695736+02:00
306896905,de:12067:900310880::1,0.0,2026-10-02T01:01:04.695736+02:00
306896905,de:12067:900310900::1,0.0,2026-10-02T01:01:04.695736+02:00
306896905,de:12067:900310917::1,0.0,2026-10-02T01:01:04.695736+02:00
306896905,de:12067:900310916::1,-0.5,2026-10-02T01:01:04.695736+02:00
306896905,de:12067:900310915::1,-0.5,2026-10-02T01:01:04.695736+02:00
306896905,de:12067:900310703::4,0.0,2026-10-02T01:01:04.695736+02:00
306896905,de:12067:900310914::1,0.0,2026-10-02T01:01:04.695736+02:00
306896905,de:12067:900310974::1,0.0,2026-10-02T01:01:04.695736+02:00
306896905,de:12067:900310975::1,0.0,2026-10-02T01:01:04.695736+02:00
306896905,de:12067:900310908::1,0.0,2026-10-02T01:01:04.695736+02:00
306896905,de:12067:900311002::1,0.0,2026-10-02T01:01:04.695736+02:00
306896905,de:12067:900310841::1,0.0,2026-10-02T01:01:04.695736+02:00
306896905,de:12067:900310722::1,-0.5,2026-10-02T01:01:04.695736+02:00
306896905,de:12067:900310637::1,0.0,2026-10-02T01:01:04.695736+02:00
306896905,de:12067:900311129::7,0.0,2026-10-02T01:01:04.695736+02:00
306896905,de:12067:900311129::4,0.0,2026-10-02T01:01:04.695736+02:00
306896905,de:12067:900310727::3,0.0,2026-10-02T01:01:04.695736+02:00
306896905,de:12067:900310755::2,0.0,2026-10-02T01:01:04.695736+02:00
306896905,de:12067:900310728::3,0.0,2026-10-02T01:01:04.695736+02:00
306896905,de:12067:900311129::6,0.0,2026-10-02T01:01:04.695736+02:00
306897254,de:12067:900311308::5,0.0,2026-10-02T01:01:04.695736+02:00
306897254,de:12067:900311380::1,0.0,2026-10-02T01:01:04.695736+02:00
306897254,de:12067:900311348::1,0.0,2026-10-02T01:01:04.695736+02:00
306897254,de:12067:900311315::1,0.0,2026-10-02T01:01:04.695736+02:00
306897254,de:12067:900311383::5,0.0,2026-10-02T01:01:04.695736+02:00
306897254,de:12067:900311312::1,0.0,2026-10-02T01:01:04.695736+02:00
306897254,de:12067:900311311::1,0.0,2026-10-02T01:01:04.695736+02:00
306897254,de:12067:900311356::1,0.0,2026-10-02T01:01:04.695736+02:00
306897254,de:12067:900311325::1,0.0,2026-10-02T01:01:04.695736+02:00
306897254,de:12067:900311306::1,0.0,2026-10-02T01:01:04.695736+02:00
306897254,de:12067:900311531::1,0.0,2026-10-02T01:01:04.695736+02:00
306897254,de:12067:900311530::1,0.0,2026-10-02T01:01:04.695736+02:00
306897254,de:12067:900311542::2,0.0,2026-10-02T01:01:04.695736+02:00
306897254,de:12067:900311543::1,0.0,2026-10-02T01:01:04.695736+02:00
306897254,de:12067:900311401::1,0.0,2026-10-02T01:01:04.695736+02:00
306897254,de:12067:900311560::1,0.0,2026-10-02T01:01:04.695736+02:00
306897254,de:12067:900311442::1,0.0,2026-10-02T01:01:04.695736+02:00
306897254,de:12067:900311477::1,0.0,2026-10-02T01:01:04.695736+02:00
306897254,de:12067:900311478::1,0.0,2026-10-02T01:01:04.695736+02:00
306897254,de:12067:900311490::1,0.0,2026-10-02T01:01:04.695736+02:00
306897254,de:12067:900311482::3,0.0,2026-10-02T01:01:04.695736+02:00
307280578,de:11000:900020202:1:51,0.0,2026-10-02T01:01:04.695736+02:00
307280578,de:11000:900001201:1:51,-0.2,2026-10-02T01:01:04.695736+02:00
307280578,de:11000:900009104:1:51,-0.8,2026-10-02T01:01:04.695736+02:00
307280578,de:11000:900007102:2:52,-0.9,2026-10-02T01:01:04.695736+02:00
307280578,de:11000:900110001:1:50,-0.6,2026-10-02T01:01:04.695736+02:00
307280578,de:11000:900110002:1:50,-0.4,2026-10-02T01:01:04.695736+02:00
307280578,de:11000:900110003:1:50,-0.4,2026-10-02T01:01:04.695736+02:00
307280578,de:11000:900110004:1:50,-0.8,2026-10-02T01:01:04.695736+02:00
307280578,de:11000:900110012:1:50,-0.7,2026-10-02T01:01:04.695736+02:00
307280578,de:11000:900120001:1:50,-0.7,2026-10-02T01:01:04.695736+02:00
307280578,de:11000:900120003:5:58,-0.1,2026-10-02T01:01:04.695736+02:00
307280578,de:11000:900190001:1:50,-0.4,2026-10-02T01:01:04.695736+02:00
307280578,de:11000:900077106:1:50,-0.4,2026-10-02T01:01:04.695736+02:00
307280578,de:11000:900078201:1:50,-0.3,2026-10-02T01:01:04.695736+02:00
307280578,de:11000:900079221:1:50,-0.2,2026-10-02T01:01:04.695736+02:00
307280578,de:11000:900068201:1:50,-0.8,2026-10-02T01:01:04.695736+02:00
307280578,de:11000:900058101:5:58,-0.1,2026-10-02T01:01:04.695736+02:00
307280578,de:11000:900054104:2:52,-0.2,2026-10-02T01:01:04.695736+02:00
307280578,de:11000:900054105:1:50,-0.9,2026-10-02T01:01:04.695736+02:00
307280578,de:11000:900044202:1:50,-0.7,2026-10-02T01:01:04.695736+02:00
307280578,de:11000:900045102:1:50,-0.7,2026-10-02T01:01:04.695736+02:00
307280578,de:11000:900044101:1:50,-0.8,2026-10-02T01:01:04.695736+02:00
307280578,de:11000:900040101:1:50,-0.8,2026-10-02T01:01:04.695736+02:00
307280445,de:11000:900020202:1:50,0.0,2026-10-02T01:01:04.695736+02:00
307280445,de:11000:900001201:1:50,-0.2,2026-10-02T01:01:04.695736+02:00
307280445,de:11000:900009104:1:50,-0.8,2026-10-02T01:01:04.695736+02:00
307280445,de:11000:900007102:2:52,-0.4,2026-10-02T01:01:04.695736+02:00
307280445,de:11000:900110001:1:50,-0.6,2026-10-02T01:01:04.695736+02:00
307280445,de:11000:900110002:1:50,-0.4,2026-10-02T01:01:04.695736+02:00
307280445,de:11000:900110003:1:50,-0.4,2026-10-02T01:01:04.695736+02:00
307280445,de:11000:900110004:1:50,-0.8,2026-10-02T01:01:04.695736+02:00
307280445,de:11000:900110012:1:50,-0.7,2026-10-02T01:01:04.695736+02:00
307280445,de:11000:900120001:1:50,-0.7,2026-10-02T01:01:04.695736+02:00
307280445,de:11000:900120003:5:58,-0.1,2026-10-02T01:01:04.695736+02:00
307280445,de:11000:900190001:1:50,-0.4,2026-10-02T01:01:04.695736+02:00
307280445,de:11000:900077106:1:50,-0.4,2026-10-02T01:01:04.695736+02:00
307280445,de:11000:900078201:1:50,-0.3,2026-10-02T01:01:04.695736+02:00
307280445,de:11000:900079221:1:50,-0.2,2026-10-02T01:01:04.695736+02:00
307280445,de:11000:900068201:1:50,-0.8,2026-10-02T01:01:04.695736+02:00
307280445,de:11000:900058101:5:58,-0.1,2026-10-02T01:01:04.695736+02:00
307280445,de:11000:900054104:2:52,-0.7,2026-10-02T01:01:04.695736+02:00
307280445,de:11000:900054105:1:50,-0.9,2026-10-02T01:01:04.695736+02:00
307280445,de:11000:900044202:1:50,-0.7,2026-10-02T01:01:04.695736+02:00
307280445,de:11000:900045102:1:50,-0.7,2026-10-02T01:01:04.695736+02:00
307280445,de:11000:900044101:1:50,-0.8,2026-10-02T01:01:04.695736+02:00
307280445,de:11000:900040101:1:50,-0.3,2026-10-02T01:01:04.695736+02:00
307280445,de:11000:900024101:3:54,-0.8,2026-10-02T01:01:04.695736+02:00
307280559,de:11000:900020202:1:51,0.0,2026-10-02T01:01:04.695736+02:00
307280559,de:11000:900001201:1:51,-0.2,2026-10-02T01:01:04.695736+02:00
307280559,de:11000:900009104:1:51,-0.8,2026-10-02T01:01:04.695736+02:00
307280559,de:11000:900007102:2:52,-0.9,2026-10-02T01:01:04.695736+02:00
307280559,de:11000:900110001:1:50,-0.6,2026-10-02T01:01:04.695736+02:00
307280559,de:11000:900110002:1:50,-0.4,2026-10-02T01:01:04.695736+02:00
307280559,de:11000:900110003:1:50,-0.4,2026-10-02T01:01:04.695736+02:00
307280559,de:11000:900110004:1:50,-0.8,2026-10-02T01:01:04.695736+02:00
307280559,de:11000:900110012:1:50,-0.7,2026-10-02T01:01:04.695736+02:00
307280559,de:11000:900120001:1:50,-0.7,2026-10-02T01:01:04.695736+02:00
307280559,de:11000:900120003:5:58,-0.1,2026-10-02T01:01:04.695736+02:00
307280559,de:11000:900190001:1:50,-0.4,2026-10-02T01:01:04.695736+02:00
307280559,de:11000:900077106:1:50,-0.4,2026-10-02T01:01:04.695736+02:00
307280559,de:11000:900078201:1:50,-0.3,2026-10-02T01:01:04.695736+02:00
307280559,de:11000:900079221:1:50,-0.2,2026-10-02T01:01:04.695736+02:00
307280559,de:11000:900068201:1:50,-0.8,2026-10-02T01:01:04.695736+02:00
307280559,de:11000:900058101:5:58,-0.1,2026-10-02T01:01:04.695736+02:00
307280559,de:11000:900054104:2:52,-0.2,2026-10-02T01:01:04.695736+02:00
307280559,de:11000:900054105:1:50,-0.9,2026-10-02T01:01:04.695736+02:00
307280559,de:11000:900044202:1:50,-0.7,2026-10-02T01:01:04.695736+02:00
307280559,de:11000:900045102:1:50,-0.7,2026-10-02T01:01:04.695736+02:00
307280559,de:11000:900044101:1:50,-0.8,2026-10-02T01:01:04.695736+02:00
307280559,de:11000:900040101:1:50,-0.8,2026-10-02T01:01:04.695736+02:00
307283073,de:11000:900186001:2:53,0.0,2026-10-02T01:01:04.695736+02:00
307283073,de:11000:900193002:1:51,-0.2,2026-10-02T01:01:04.695736+02:00
307283073,de:11000:900193001:2:51,-0.8,2026-10-02T01:01:04.695736+02:00
307283073,de:11000:900192001:3:55,-0.7,2026-10-02T01:01:04.695736+02:00
307283073,de:11000:900191001:1:50,-0.4,2026-10-02T01:01:04.695736+02:00
307283073,de:11000:900077155:1:50,-0.9,2026-10-02T01:01:04.695736+02:00
307283073,de:11000:900078201:1:50,-0.9,2026-10-02T01:01:04.695736+02:00
307283073,de:11000:900079221:1:50,-0.7,2026-10-02T01:01:04.695736+02:00
307283066,de:11000:900009104:1:51,0.0,2026-10-02T01:01:04.695736+02:00
307283066,de:11000:900007102:2:52,-0.9,2026-10-02T01:01:04.695736+02:00
307283066,de:11000:900110001:1:50,-0.6,2026-10-02T01:01:04.695736+02:00
307283066,de:11000:900110002:1:50,-0.4,2026-10-02T01:01:04.695736+02:00
307283066,de:11000:900110003:1:50,-0.4,2026-10-02T01:01:04.695736+02:00
307283066,de:11000:900110004:1:50,-0.8,2026-10-02T01:01:04.695736+02:00
307283066,de:11000:900110012:1:50,-0.7,2026-10-02T01:01:04.695736+02:00
307283066,de:11000:900120001:1:50,-0.7,2026-10-02T01:01:04.695736+02:00
307283066,de:11000:900120003:5:58,-0.1,2026-10-02T01:01:04.695736+02:00
307283066,de:11000:900190001:1:50,-0.4,2026-10-02T01:01:04.695736+02:00
307283066,de:11000:900077106:1:50,-0.4,2026-10-02T01:01:04.695736+02:00
307283066,de:11000:900078201:1:50,-0.3,2026-10-02T01:01:04.695736+02:00
307283066,de:11000:900079221:1:50,-0.2,2026-10-02T01:01:04.695736+02:00
307286642,de:11000:900024101:3:54,0.0,2026-10-02T01:01:04.695736+02:00
307286642,de:11000:900040101:1:50,-0.2,2026-10-02T01:01:04.695736+02:00
307286642,de:11000:900044101:1:50,-0.3,2026-10-02T01:01:04.695736+02:00
307286642,de:11000:900045102:1:51,-0.4,2026-10-02T01:01:04.695736+02:00
307286642,de:11000:900044202:1:51,-0.4,2026-10-02T01:01:04.695736+02:00
307286642,de:11000:900054105:1:51,-0.2,2026-10-02T01:01:04.695736+02:00
307286642,de:11000:900054104:2:53,-0.8,2026-10-02T01:01:04.695736+02:00
307286642,de:11000:900058101:5:59,-0.2,2026-10-02T01:01:04.695736+02:00
307286642,de:11000:900068201:1:51,-0.8,2026-10-02T01:01:04.695736+02:00
307286642,de:11000:900079221:1:51,-0.4,2026-10-02T01:01:04.695736+02:00
307286642,de:11000:900078201:1:51,-0.1,2026-10-02T01:01:04.695736+02:00
307286642,de:11000:900077106:1:51,0.0,2026-10-02T01:01:04.695736+02:00
307286642,de:11000:900190001:2:52,-0.9,2026-10-02T01:01:04.695736+02:00
307286642,de:11000:900120003:5:59,-0.4,2026-10-02T01:01:04.695736+02:00
307286642,de:11000:900120001:1:51,0.0,2026-10-02T01:01:04.695736+02:00
307286642,de:11000:900110012:1:51,-0.2,2026-10-02T01:01:04.695736+02:00
307286642,de:11000:900110004:1:51,-0.1,2026-10-02T01:01:04.695736+02:00
307286642,de:11000:900110003:1:51,-0.4,2026-10-02T01:01:04.695736+02:00
307286642,de:11000:900110002:1:51,-0.4,2026-10-02T01:01:04.695736+02:00
307286642,de:11000:900110001:1:51,-0.1,2026-10-02T01:01:04.695736+02:00
307286642,de:11000:900007102:1:51,-0.6,2026-10-02T01:01:04.695736+02:00
307286642,de:11000:900009104:1:51,-0.8,2026-10-02T01:01:04.695736+02:00
307286642,de:11000:900001201:1:51,-0.3,2026-10-02T01:01:04.695736+02:00
307286642,de:11000:900020202:1:51,-0.1,2026-10-02T01:01:04.695736+02:00
307289076,de:11000:900079221:1:51,0.0,2026-10-02T01:01:04.695736+02:00
307289076,de:11000:900078201:1:51,-0.1,2026-10-02T01:01:04.695736+02:00
307289076,de:11000:900077106:1:51,0.0,2026-10-02T01:01:04.695736+02:00
307289076,de:11000:900190001:2:52,-0.9,2026-10-02T01:01:04.695736+02:00
307289076,de:11000:900120003:5:59,-0.4,2026-10-02T01:01:04.695736+02:00
307289076,de:11000:900120001:1:51,0.0,2026-10-02T01:01:04.695736+02:00
307289076,de:11000:900110012:1:51,-0.2,2026-10-02T01:01:04.695736+02:00
307289076,de:11000:900110004:1:51,-0.1,2026-10-02T01:01:04.695736+02:00
307289076,de:11000:900110003:1:51,-0.4,2026-10-02T01:01:04.695736+02:00
307289076,de:11000:900110002:1:51,-0.4,2026-10-02T01:01:04.695736+02:00
307289076,de:11000:900110001:1:51,-0.1,2026-10-02T01:01:04.695736+02:00
307289076,de:11000:900007102:1:51,-0.6,2026-10-02T01:01:04.695736+02:00
307289076,de:11000:900009104:1:51,-0.3,2026-10-02T01:01:04.695736+02:00
307289064,de:11000:900079221:1:51,0.0,2026-10-02T01:01:04.695736+02:00
307289064,de:11000:900078201:1:51,-0.1,2026-10-02T01:01:04.695736+02:00
307289064,de:11000:900077106:1:51,0.0,2026-10-02T01:01:04.695736+02:00
307289064,de:11000:900190001:2:52,-0.9,2026-10-02T01:01:04.695736+02:00
307289064,de:11000:900120003:5:59,-0.4,2026-10-02T01:01:04.695736+02:00
307289064,de:11000:900120001:1:51,0.0,2026-10-02T01:01:04.695736+02:00
307289064,de:11000:900110012:1:51,-0.2,2026-10-02T01:01:04.695736+02:00
307289064,de:11000:900110004:1:51,-0.1,2026-10-02T01:01:04.695736+02:00
307289064,de:11000:900110003:1:51,-0.4,2026-10-02T01:01:04.695736+02:00
307289064,de:11000:900110002:1:51,-0.4,2026-10-02T01:01:04.695736+02:00
307289064,de:11000:900110001:1:51,-0.1,2026-10-02T01:01:04.695736+02:00
307289064,de:11000:900007102:1:51,-0.6,2026-10-02T01:01:04.695736+02:00
307289064,de:11000:900009104:1:51,-0.3,2026-10-02T01:01:04.695736+02:00
306897260,de:12067:900311308::5,0.0,2026-10-02T01:01:04.695736+02:00
306897260,de:12067:900311380::1,0.0,2026-10-02T01:01:04.695736+02:00
306897260,de:12067:900311348::1,0.0,2026-10-02T01:01:04.695736+02:00
306897260,de:12067:900311315::1,0.0,2026-10-02T01:01:04.695736+02:00
306897260,de:12067:900311383::5,0.0,2026-10-02T01:01:04.695736+02:00
306897260,de:12067:900311312::1,0.0,2026-10-02T01:01:04.695736+02:00
306897260,de:12067:900311311::1,0.0,2026-10-02T01:01:04.695736+02:00
306897260,de:12067:900311356::1,0.0,2026-10-02T01:01:04.695736+02:00
306897260,de:12067:900311325::1,0.0,2026-10-02T01:01:04.695736+02:00
306897260,de:12067:900311306::1,0.0,2026-10-02T01:01:04.695736+02:00
306897260,de:12067:900311531::1,0.0,2026-10-02T01:01:04.695736+02:00
306897260,de:12067:900311530::1,0.0,2026-10-02T01:01:04.695736+02:00
306897260,de:12067:900311542::2,0.0,2026-10-02T01:01:04.695736+02:00
306897260,de:12067:900311543::1,0.0,2026-10-02T01:01:04.695736+02:00
306897260,de:12067:900311401::1,0.0,2026-10-02T01:01:04.695736+02:00
306897260,de:12067:900311560::1,0.0,2026-10-02T01:01:04.695736+02:00
306897260,de:12067:900311442::1,0.0,2026-10-02T01:01:04.695736+02:00
306897260,de:12067:900311477::1,0.0,2026-10-02T01:01:04.695736+02:00
306897260,de:12067:900311478::1,0.0,2026-10-02T01:01:04.695736+02:00
306897260,de:12067:900311490::1,0.0,2026-10-02T01:01:04.695736+02:00
306897260,de:12067:900311482::3,0.0,2026-10-02T01:01:04.695736+02:00
307292641,de:12061:900260001:2:52,0.0,2026-10-02T01:01:04.695736+02:00
307292641,de:12061:900260002:1:51,-0.8,2026-10-02T01:01:04.695736+02:00
307292641,de:12061:900260003:1:51,-0.7,2026-10-02T01:01:04.695736+02:00
307292641,de:12061:900260004:1:51,-0.9,2026-10-02T01:01:04.695736+02:00
307292641,de:11000:900186001:2:53,-0.2,2026-10-02T01:01:04.695736+02:00
307292641,de:11000:900193002:1:51,-0.2,2026-10-02T01:01:04.695736+02:00
307292641,de:11000:900193001:2:51,-0.8,2026-10-02T01:01:04.695736+02:00
307292641,de:11000:900192001:3:55,-0.7,2026-10-02T01:01:04.695736+02:00
307292641,de:11000:900191001:1:50,-0.4,2026-10-02T01:01:04.695736+02:00
307292641,de:11000:900077155:1:50,-0.9,2026-10-02T01:01:04.695736+02:00
307292641,de:11000:900078201:1:50,-0.4,2026-10-02T01:01:04.695736+02:00
307292641,de:11000:900079221:1:50,-0.2,2026-10-02T01:01:04.695736+02:00
307292641,de:11000:900068201:1:50,-0.8,2026-10-02T01:01:04.695736+02:00
307292641,de:11000:900058101:5:58,-0.1,2026-10-02T01:01:04.695736+02:00
307292641,de:11000:900054104:2:52,-0.2,2026-10-02T01:01:04.695736+02:00
307292641,de:11000:900054105:1:50,-0.9,2026-10-02T01:01:04.695736+02:00
307292641,de:11000:900044202:1:50,-0.7,2026-10-02T01:01:04.695736+02:00
295928976,de:11000:900186001:2:52,0.0,2026-10-02T01:01:04.695736+02:00
295928976,de:11000:900193002:1:51,-0.2,2026-10-02T01:01:04.695736+02:00
295928976,de:11000:900193001:2:51,-0.8,2026-10-02T01:01:04.695736+02:00
295928976,de:11000:900192001:3:55,-0.7,2026-10-02T01:01:04.695736+02:00
295928976,de:11000:900191001:1:50,-0.4,2026-10-02T01:01:04.695736+02:00
295928976,de:11000:900077155:1:50,-0.9,2026-10-02T01:01:04.695736+02:00
295928976,de:11000:900078201:1:50,-0.9,2026-10-02T01:01:04.695736+02:00
295928976,de:11000:900079221:1:50,-0.7,2026-10-02T01:01:04.695736+02:00
295932981,de:11000:900058101:5:59,0.0,2026-10-02T01:01:04.695736+02:00
295932981,de:11000:900068201:1:51,-0.3,2026-10-02T01:01:04.695736+02:00
295932981,de:11000:900079221:1:51,-0.9,2026-10-02T01:01:04.695736+02:00
295932981,de:11000:900078201:1:51,-0.6,2026-10-02T01:01:04.695736+02:00
295932981,de:11000:900077155:1:51,-0.2,2026-10-02T01:01:04.695736+02:00
295932981,de:11000:900191001:2:51,-0.7,2026-10-02T01:01:04.695736+02:00
295932981,de:11000:900192001:2:53,-0.7,2026-10-02T01:01:04.695736+02:00
295932981,de:11000:900192002:1:50,-0.5,2026-10-02T01:01:04.695736+02:00
295932981,de:11000:900180003:1:50,-0.7,2026-10-02T01:01:04.695736+02:00
295933090,de:11000:900180003:1:50,0.0,2026-10-02T01:01:04.695736+02:00
295933090,de:11000:900192002:1:50,-0.4,2026-10-02T01:01:04.695736+02:00
295933090,de:11000:900192001:3:54,-0.2,2026-10-02T01:01:04.695736+02:00
295933090,de:11000:900191001:1:50,-0.9,2026-10-02T01:01:04.695736+02:00
295933090,de:11000:900077155:1:50,-0.4,2026-10-02T01:01:04.695736+02:00
295933090,de:11000:900078201:1:50,-0.9,2026-10-02T01:01:04.695736+02:00
295933090,de:11000:900079221:1:50,-0.7,2026-10-02T01:01:04.695736+02:00
295933090,de:11000:900068201:1:50,-0.3,2026-10-02T01:01:04.695736+02:00
295933090,de:11000:900058101:5:58,-0.6,2026-10-02T01:01:04.695736+02:00
295932950,de:11000:900058101:5:59,0.0,2026-10-02T01:01:04.695736+02:00
295932950,de:11000:900068201:1:51,-0.3,2026-10-02T01:01:04.695736+02:00
295932950,de:11000:900079221:1:51,-0.9,2026-10-02T01:01:04.695736+02:00
295932950,de:11000:900078201:1:51,-0.6,2026-10-02T01:01:04.695736+02:00
295932950,de:11000:900077155:1:51,-0.2,2026-10-02T01:01:04.695736+02:00
295932950,de:11000:900191001:2:51,-0.7,2026-10-02T01:01:04.695736+02:00
295932950,de:11000:900192001:2:53,-0.7,2026-10-02T01:01:04.695736+02:00
306896345,de:12067:900310013::4,0.0,2026-10-02T01:01:04.695736+02:00
306896345,de:12067:900310563::3,0.0,2026-10-02T01:01:04.695736+02:00
306896345,de:12067:900310563::4,0.0,2026-10-02T01:01:04.695736+02:00
306896345,de:12067:900310557::3,0.0,2026-10-02T01:01:04.695736+02:00
306896345,de:12067:900310555::1,0.0,2026-10-02T01:01:04.695736+02:00
306896345,de:12067:900310852::1,0.0,2026-10-02T01:01:04.695736+02:00
306896345,de:12067:900310850::1,0.0,2026-10-02T01:01:04.695736+02:00
306896345,de:12067:900310851::1,0.0,2026-10-02T01:01:04.695736+02:00
306896345,de:12067:900310849::1,0.0,2026-10-02T01:01:04.695736+02:00
306896345,de:12067:900310856::1,0.0,2026-10-02T01:01:04.695736+02:00
306896345,de:12067:900310844::1,0.0,2026-10-02T01:01:04.695736+02:00
306896345,de:12067:900310855::1,0.0,2026-10-02T01:01:04.695736+02:00
306896345,de:12067:900311970::1,0.0,2026-10-02T01:01:04.695736+02:00
306896345,de:12067:900310853::1,0.0,2026-10-02T01:01:04.695736+02:00
306896345,de:12067:900310845::1,0.0,2026-10-02T01:01:04.695736+02:00
306896345,de:12067:900310857::1,0.0,2026-10-02T01:01:04.695736+02:00
306896345,de:12067:900310854::1,0.0,2026-10-02T01:01:04.695736+02:00
306896345,de:12067:900310846::1,0.0,2026-10-02T01:01:04.695736+02:00
306896345,de:12067:900310847::1,0.0,2026-10-02T01:01:04.695736+02:00
306896345,de:12067:900310890::1,0.0,2026-10-02T01:01:04.695736+02:00
306896345,de:12067:900310889::1,0.0,2026-10-02T01:01:04.695736+02:00
306896345,de:12067:900310882::1,0.0,2026-10-02T01:01:04.695736+02:00
306896345,de:12067:900310920::1,0.0,2026-10-02T01:01:04.695736+02:00
306896345,de:12067:900310883::1,0.0,2026-10-02T01:01:04.695736+02:00
306896345,de:12067:900310885::1,0.0,2026-10-02T01:01:04.695736+02:00
306896345,de:12067:900310881::1,0.0,2026-10-02T01:01:04.695736+02:00
306896345,de:12067:900310888::1,0.0,2026-10-02T01:01:04.695736+02:00
306896345,de:12067:900310919::1,0.0,2026-10-02T01:01:04.695736+02:00
306896345,de:12064:900320891::1,0.0,2026-10-02T01:01:04.695736+02:00
306896345,de:12064:900320888::4,0.0,2026-10-02T01:01:04.695736+02:00
306896345,de:12064:900320886::1,0.0,2026-10-02T01:01:04.695736+02:00
306896345,de:12064:900320284::1,0.0,2026-10-02T01:01:04.695736+02:00
306896345,de:12064:900320278::1,0.0,2026-10-02T01:01:04.695736+02:00
306896345,de:12064:900320274::1,0.0,2026-10-02T01:01:04.695736+02:00
295936944,de:12064:900320001:1:50,0.0,2026-10-02T01:01:04.695736+02:00
295936944,de:12064:900320002:1:50,-0.3,2026-10-02T01:01:04.695736+02:00
295936944,de:12064:900320003:1:50,-0.1,2026-10-02T01:01:04.695736+02:00
295936944,de:12064:900320004:2:51,-0.8,2026-10-02T01:01:04.695736+02:00
295936944,de:12064:900320005:1:50,0.0,2026-10-02T01:01:04.695736+02:00
295936944,de:12064:900320006:1:51,-0.8,2026-10-02T01:01:04.695736+02:00
295936944,de:12064:900320007:1:50,-0.8,2026-10-02T01:01:04.695736+02:00
295936944,de:12064:900320008:1:51,-0.5,2026-10-02T01:01:04.695736+02:00
295936944,de:12064:900320026:1:50,-0.3,2026-10-02T01:01:04.695736+02:00
295936944,de:11000:900176001:1:51,-0.7,2026-10-02T01:01:04.695736+02:00
295936944,de:11000:900175002:1:50,-0.7,2026-10-02T01:01:04.695736+02:00
295936944,de:11000:900175001:1:50,-0.6,2026-10-02T01:01:04.695736+02:00
295936944,de:11000:900171001:1:50,-0.3,2026-10-02T01:01:04.695736+02:00
295936944,de:11000:900171002:1:51,-0.4,2026-10-02T01:01:04.695736+02:00
295936944,de:11000:900160004:1:51,-0.8,2026-10-02T01:01:04.695736+02:00
295936944,de:11000:900160003:1:51,-0.9,2026-10-02T01:01:04.695736+02:00
295936944,de:11000:900120003:3:55,-0.1,2026-10-02T01:01:04.695736+02:00
295936944,de:11000:900120004:2:53,-0.6,2026-10-02T01:01:04.695736+02:00
295936944,de:11000:900120005:5:58,-0.9,2026-10-02T01:01:04.695736+02:00
295936944,de:11000:900100004:1:51,-0.4,2026-10-02T01:01:04.695736+02:00
295936944,de:11000:900100003:2:53,-0.4,2026-10-02T01:01:04.695736+02:00
295936944,de:11000:900100002:1:51,-0.4,2026-10-02T01:01:04.695736+02:00
295936944,de:11000:900100001:3:55,-0.4,2026-10-02T01:01:04.695736+02:00
295936944,de:11000:900003201:3:55,-0.1,2026-10-02T01:01:04.695736+02:00
295936944,de:11000:900003102:1:51,-0.8,2026-10-02T01:01:04.695736+02:00
295936944,de:11000:900003103:1:51,-0.9,2026-10-02T01:01:04.695736+02:00
295936944,de:11000:900023201:3:55,-0.8,2026-10-02T01:01:04.695736+02:00
295936944,de:11000:900024203:1:51,-0.8,2026-10-02T01:01:04.695736+02:00
295936944,de:11000:900024101:4:57,-0.8,2026-10-02T01:01:04.695736+02:00
295936944,de:11000:900024102:1:51,-0.1,2026-10-02T01:01:04.695736+02:00
307301984,de:11000:900024102:2:52,0.0,2026-10-02T01:01:04.695736+02:00
307301984,de:11000:900024101:3:55,-0.8,2026-10-02T01:01:04.695736+02:00
307301984,de:11000:900024203:1:51,-0.8,2026-10-02T01:01:04.695736+02:00
307301984,de:11000:900023201:3:54,-0.7,2026-10-02T01:01:04.695736+02:00
307301984,de:11000:900003103:1:50,-0.8,2026-10-02T01:01:04.695736+02:00
307301984,de:11000:900003102:1:50,-0.9,2026-10-02T01:01:04.695736+02:00
307301984,de:11000:900003201:3:54,-0.5,2026-10-02T01:01:04.695736+02:00
307301984,de:11000:900100001:3:54,-0.1,2026-10-02T01:01:04.695736+02:00
307301984,de:11000:900100002:1:50,-0.4,2026-10-02T01:01:04.695736+02:00
307301984,de:11000:900100003:2:52,-0.1,2026-10-02T01:01:04.695736+02:00
307301984,de:11000:900100004:1:50,-0.4,2026-10-02T01:01:04.695736+02:00
307301984,de:11000:900120005:4:55,-0.6,2026-10-02T01:01:04.695736+02:00
307301984,de:11000:900120004:1:50,-0.1,2026-10-02T01:01:04.695736+02:00
307301984,de:11000:900120003:2:53,-0.4,2026-10-02T01:01:04.695736+02:00
307301984,de:11000:900160003:1:50,-0.7,2026-10-02T01:01:04.695736+02:00
307301984,de:11000:900160004:1:50,-0.7,2026-10-02T01:01:04.695736+02:00
307301984,de:11000:900171002:1:50,-0.2,2026-10-02T01:01:04.695736+02:00
307301984,de:11000:900171001:2:51,-0.3,2026-10-02T01:01:04.695736+02:00
307301984,de:11000:900175001:2:51,-0.5,2026-10-02T01:01:04.695736+02:00
307301984,de:11000:900175002:1:51,0.0,2026-10-02T01:01:04.695736+02:00
307301984,de:11000:900176001:2:52,-0.3,2026-10-02T01:01:04.695736+02:00
307301984,de:12064:900320026:1:51,-0.1,2026-10-02T01:01:04.695736+02:00
307301984,de:12064:900320008:1:50,-0.7,2026-10-02T01:01:04.695736+02:00
307301984,de:12064:900320007:1:50,-0.4,2026-10-02T01:01:04.695736+02:00
307301984,de:12064:900320006:1:50,-0.8,2026-10-02T01:01:04.695736+02:00
307301984,de:12064:900320005:1:50,-0.2,2026-10-02T01:01:04.695736+02:00
307301984,de:12064:900320004:2:51,-0.9,2026-10-02T01:01:04.695736+02:00
307301984,de:12064:900320003:1:50,-0.8,2026-10-02T01:01:04.695736+02:00
307301984,de:12064:900320002:1:50,-0.5,2026-10-02T01:01:04.695736+02:00
307301984,de:12064:900320001:1:50,-0.2,2026-10-02T01:01:04.695736+02:00
307301980,de:11000:900024102:2:52,0.0,2026-10-02T01:01:04.695736+02:00
307301980,de:11000:900024101:3:55,-0.8,2026-10-02T01:01:04.695736+02:00
307301980,de:11000:900024203:1:51,-0.8,2026-10-02T01:01:04.695736+02:00
307301980,de:11000:900023201:3:54,-0.7,2026-10-02T01:01:04.695736+02:00
307301980,de:11000:900003103:1:50,-0.8,2026-10-02T01:01:04.695736+02:00
307301980,de:11000:900003102:1:50,-0.9,2026-10-02T01:01:04.695736+02:00
307301980,de:11000:900003201:3:54,-0.5,2026-10-02T01:01:04.695736+02:00
307301980,de:11000:900100001:3:54,-0.1,2026-10-02T01:01:04.695736+02:00
307301980,de:11000:900100002:1:50,-0.4,2026-10-02T01:01:04.695736+02:00
307301980,de:11000:900100003:2:52,-0.1,2026-10-02T01:01:04.695736+02:00
307301980,de:11000:900100004:1:50,-0.4,2026-10-02T01:01:04.695736+02:00
307301980,de:11000:900120005:4:55,-0.6,2026-10-02T01:01:04.695736+02:00
307301980,de:11000:900120004:1:50,-0.1,2026-10-02T01:01:04.695736+02:00
307301980,de:11000:900120003:2:53,-0.4,2026-10-02T01:01:04.695736+02:00
307301980,de:11000:900160003:1:50,-0.7,2026-10-02T01:01:04.695736+02:00
307301980,de:11000:900160004:1:50,-0.7,2026-10-02T01:01:04.695736+02:00
307301980,de:11000:900171002:1:50,-0.2,2026-10-02T01:01:04.695736+02:00
307301980,de:11000:900171001:2:51,-0.3,2026-10-02T01:01:04.695736+02:00
307301980,de:11000:900175001:2:51,-0.5,2026-10-02T01:01:04.695736+02:00
307301980,de:11000:900175002:1:51,0.0,2026-10-02T01:01:04.695736+02:00
307301980,de:11000:900176001:2:52,-0.3,2026-10-02T01:01:04.695736+02:00
307301980,de:12064:900320026:1:51,-0.1,2026-10-02T01:01:04.695736+02:00
307301980,de:12064:900320008:1:50,-0.7,2026-10-02T01:01:04.695736+02:00
307301980,de:12064:900320007:1:50,-0.4,2026-10-02T01:01:04.695736+02:00
307301980,de:12064:900320006:1:50,-0.8,2026-10-02T01:01:04.695736+02:00
307301980,de:12064:900320005:1:50,-0.2,2026-10-02T01:01:04.695736+02:00
307301980,de:12064:900320004:2:51,-0.9,2026-10-02T01:01:04.695736+02:00
307301980,de:12064:900320003:1:50,-0.8,2026-10-02T01:01:04.695736+02:00
307301980,de:12064:900320002:1:50,-0.5,2026-10-02T01:01:04.695736+02:00
307301980,de:12064:900320001:1:50,-0.2,2026-10-02T01:01:04.695736+02:00
306897222,de:12067:900311129::5,0.0,2026-10-02T01:01:04.695736+02:00
306897222,de:12067:900310755::1,0.0,2026-10-02T01:01:04.695736+02:00
306897222,de:12067:900310738::1,0.0,2026-10-02T01:01:04.695736+02:00
306897222,de:12067:900310725::1,0.0,2026-10-02T01:01:04.695736+02:00
306897222,de:12067:900310615::1,0.0,2026-10-02T01:01:04.695736+02:00
306897222,de:12067:900311126::1,0.0,2026-10-02T01:01:04.695736+02:00
306897222,de:12067:900311540::1,0.0,2026-10-02T01:01:04.695736+02:00
306897222,de:12067:900310933::1,0.0,2026-10-02T01:01:04.695736+02:00
306897222,de:12067:900310935::1,0.0,2026-10-02T01:01:04.695736+02:00
306897222,de:12067:900311483::1,0.0,2026-10-02T01:01:04.695736+02:00
306897222,de:12067:900311480::1,0.0,2026-10-02T01:01:04.695736+02:00
306897222,de:12067:900311482::2,0.0,2026-10-02T01:01:04.695736+02:00
306897222,de:12067:900311485::2,0.0,2026-10-02T01:01:04.695736+02:00
306897222,de:12053:900360062::1,0.0,2026-10-02T01:01:04.695736+02:00
306897222,de:12053:900360213::3,0.0,2026-10-02T01:01:04.695736+02:00
306897222,de:12053:900360078::2,0.0,2026-10-02T01:01:04.695736+02:00
306897222,de:12053:900360096::3,0.0,2026-10-02T01:01:04.695736+02:00
306897222,de:12053:900360083::1,0.0,2026-10-02T01:01:04.695736+02:00
306897222,de:12053:900360135::1,0.0,2026-10-02T01:01:04.695736+02:00
306897222,de:12053:900360041::3,0.0,2026-10-02T01:01:04.695736+02:00
306897222,de:12053:900360059::3,0.0,2026-10-02T01:01:04.695736+02:00
306897222,de:12053:900360021::3,0.0,2026-10-02T01:01:04.695736+02:00
306897222,de:12053:900360000::9,0.0,2026-10-02T01:01:04.695736+02:00
295940316,de:11000:900176001:1:50,0.0,2026-10-02T01:01:04.695736+02:00
295940316,de:11000:900175002:1:50,-0.7,2026-10-02T01:01:04.695736+02:00
295940316,de:11000:900175001:1:50,-0.6,2026-10-02T01:01:04.695736+02:00
295940316,de:11000:900171001:1:50,-0.3,2026-10-02T01:01:04.695736+02:00
295940316,de:11000:900171002:1:51,-0.4,2026-10-02T01:01:04.695736+02:00
295940316,de:11000:900160004:1:51,-0.8,2026-10-02T01:01:04.695736+02:00
295940316,de:11000:900160003:1:51,-0.9,2026-10-02T01:01:04.695736+02:00
295940316,de:11000:900120003:3:55,-0.1,2026-10-02T01:01:04.695736+02:00
295940316,de:11000:900120004:2:53,-0.6,2026-10-02T01:01:04.695736+02:00
295940316,de:11000:900120005:5:58,-0.9,2026-10-02T01:01:04.695736+02:00
295940316,de:11000:900100004:1:51,-0.4,2026-10-02T01:01:04.695736+02:00
295940316,de:11000:900100003:2:53,-0.4,2026-10-02T01:01:04.695736+02:00
295940316,de:11000:900100002:1:51,-0.4,2026-10-02T01:01:04.695736+02:00
295940316,de:11000:900100001:3:55,-0.4,2026-10-02T01:01:04.695736+02:00
295940316,de:11000:900003201:3:55,-0.1,2026-10-02T01:01:04.695736+02:00
295940316,de:11000:900003102:1:51,-0.8,2026-10-02T01:01:04.695736+02:00
295940316,de:11000:900003103:1:51,-0.9,2026-10-02T01:01:04.695736+02:00
295940316,de:11000:900023201:3:55,-0.8,2026-10-02T01:01:04.695736+02:00
295940316,de:11000:900024203:1:51,-0.8,2026-10-02T01:01:04.695736+02:00
295940316,de:11000:900024101:4:57,-0.8,2026-10-02T01:01:04.695736+02:00
295940316,de:11000:900024102:1:51,-0.1,2026-10-02T01:01:04.695736+02:00
295942240,de:11000:900176001:2:52,0.0,2026-10-02T01:01:04.695736+02:00
295942240,de:11000:900175002:1:50,-0.7,2026-10-02T01:01:04.695736+02:00
295942240,de:11000:900175001:1:50,-0.6,2026-10-02T01:01:04.695736+02:00
295942240,de:11000:900171001:1:50,-0.3,2026-10-02T01:01:04.695736+02:00
295942240,de:11000:900171002:1:51,-0.4,2026-10-02T01:01:04.695736+02:00
295942240,de:11000:900160004:1:51,-0.8,2026-10-02T01:01:04.695736+02:00
295942240,de:11000:900160003:1:51,-0.8,2026-10-02T01:01:04.695736+02:00
295942240,de:11000:900120003:3:54,-0.9,2026-10-02T01:01:04.695736+02:00
295942240,de:11000:900120004:2:52,-0.1,2026-10-02T01:01:04.695736+02:00
295942203,de:11000:900160004:1:50,0.0,2026-10-02T01:01:04.695736+02:00
295942203,de:11000:900171002:1:50,-0.2,2026-10-02T01:01:04.695736+02:00
295942203,de:11000:900171001:2:51,-0.3,2026-10-02T01:01:04.695736+02:00
295942203,de:11000:900175001:2:51,-0.5,2026-10-02T01:01:04.695736+02:00
295942203,de:11000:900175002:1:51,0.0,2026-10-02T01:01:04.695736+02:00
295942203,de:11000:900176001:1:50,-0.7,2026-10-02T01:01:04.695736+02:00
295942229,de:11000:900176001:1:50,0.0,2026-10-02T01:01:04.695736+02:00
295942229,de:11000:900175002:1:50,-0.7,2026-10-02T01:01:04.695736+02:00
295942229,de:11000:900175001:1:50,-0.6,2026-10-02T01:01:04.695736+02:00
295942229,de:11000:900171001:1:50,-0.3,2026-10-02T01:01:04.695736+02:00
295942229,de:11000:900171002:1:51,-0.4,2026-10-02T01:01:04.695736+02:00
295942229,de:11000:900160004:1:51,-0.8,2026-10-02T01:01:04.695736+02:00
295942229,de:11000:900160003:1:51,-0.8,2026-10-02T01:01:04.695736+02:00
295942229,de:11000:900120003:3:54,-0.9,2026-10-02T01:01:04.695736+02:00
295942229,de:11000:900120004:2:52,-0.1,2026-10-02T01:01:04.695736+02:00
295942209,de:11000:900120004:1:51,0.0,2026-10-02T01:01:04.695736+02:00
295942209,de:11000:900120003:2:52,-0.9,2026-10-02T01:01:04.695736+02:00
295942209,de:11000:900160003:1:50,-0.7,2026-10-02T01:01:04.695736+02:00
295942209,de:11000:900160004:1:50,-0.7,2026-10-02T01:01:04.695736+02:00
295942209,de:11000:900171002:1:50,-0.2,2026-10-02T01:01:04.695736+02:00
295942209,de:11000:900171001:2:51,-0.3,2026-10-02T01:01:04.695736+02:00
295942209,de:11000:900175001:2:51,-0.5,2026-10-02T01:01:04.695736+02:00
295942209,de:11000:900175002:1:51,0.0,2026-10-02T01:01:04.695736+02:00
295942209,de:11000:900176001:1:50,-0.7,2026-10-02T01:01:04.695736+02:00
295940218,de:11000:900024102:2:52,0.0,2026-10-02T01:01:04.695736+02:00
295940218,de:11000:900024101:3:54,-0.8,2026-10-02T01:01:04.695736+02:00
295940218,de:11000:900024203:1:51,-0.8,2026-10-02T01:01:04.695736+02:00
295940218,de:11000:900023201:3:54,-0.7,2026-10-02T01:01:04.695736+02:00
295940218,de:11000:900003103:1:50,-0.8,2026-10-02T01:01:04.695736+02:00
295940218,de:11000:900003102:1:50,-0.9,2026-10-02T01:01:04.695736+02:00
295940218,de:11000:900003201:3:54,-0.5,2026-10-02T01:01:04.695736+02:00
295940218,de:11000:900100001:3:54,-0.1,2026-10-02T01:01:04.695736+02:00
295940218,de:11000:900100002:1:50,-0.4,2026-10-02T01:01:04.695736+02:00
295940218,de:11000:900100003:2:52,-0.1,2026-10-02T01:01:04.695736+02:00
295940218,de:11000:900100004:1:50,-0.4,2026-10-02T01:01:04.695736+02:00
295940218,de:11000:900120005:4:55,-0.6,2026-10-02T01:01:04.695736+02:00
295940218,de:11000:900120004:1:50,-0.1,2026-10-02T01:01:04.695736+02:00
295940218,de:11000:900120003:2:53,-0.4,2026-10-02T01:01:04.695736+02:00
295940218,de:11000:900160003:1:50,-0.7,2026-10-02T01:01:04.695736+02:00
295940218,de:11000:900160004:1:50,-0.7,2026-10-02T01:01:04.695736+02:00
295940218,de:11000:900171002:1:50,-0.2,2026-10-02T01:01:04.695736+02:00
295940218,de:11000:900171001:2:51,-0.3,2026-10-02T01:01:04.695736+02:00
295940218,de:11000:900175001:2:51,-0.5,2026-10-02T01:01:04.695736+02:00
295940218,de:11000:900175002:1:51,0.0,2026-10-02T01:01:04.695736+02:00
295940218,de:11000:900176001:1:50,-0.7,2026-10-02T01:01:04.695736+02:00
295940254,de:12064:900320008:1:51,0.0,2026-10-02T01:01:04.695736+02:00
295940254,de:12064:900320026:1:50,-0.3,2026-10-02T01:01:04.695736+02:00
295940254,de:11000:900176001:1:51,-0.7,2026-10-02T01:01:04.695736+02:00
295940254,de:11000:900175002:1:50,-0.7,2026-10-02T01:01:04.695736+02:00
295940254,de:11000:900175001:1:50,-0.6,2026-10-02T01:01:04.695736+02:00
295940254,de:11000:900171001:1:50,-0.3,2026-10-02T01:01:04.695736+02:00
295940254,de:11000:900171002:1:51,-0.4,2026-10-02T01:01:04.695736+02:00
295940254,de:11000:900160004:1:51,-0.8,2026-10-02T01:01:04.695736+02:00
295940254,de:11000:900160003:1:51,-0.9,2026-10-02T01:01:04.695736+02:00
295940254,de:11000:900120003:3:55,-0.1,2026-10-02T01:01:04.695736+02:00
295940254,de:11000:900120004:2:53,-0.6,2026-10-02T01:01:04.695736+02:00
295940254,de:11000:900120005:5:58,-0.9,2026-10-02T01:01:04.695736+02:00
295940254,de:11000:900100004:1:51,-0.4,2026-10-02T01:01:04.695736+02:00
295940254,de:11000:900100003:2:53,-0.4,2026-10-02T01:01:04.695736+02:00
295940254,de:11000:900100002:1:51,-0.4,2026-10-02T01:01:04.695736+02:00
295940254,de:11000:900100001:3:55,-0.4,2026-10-02T01:01:04.695736+02:00
295940254,de:11000:900003201:3:55,-0.1,2026-10-02T01:01:04.695736+02:00
295940254,de:11000:900003102:1:51,-0.8,2026-10-02T01:01:04.695736+02:00
295940254,de:11000:900003103:1:51,-0.9,2026-10-02T01:01:04.695736+02:00
295940254,de:11000:900023201:3:55,-0.8,2026-10-02T01:01:04.695736+02:00
295940254,de:11000:900024203:1:51,-0.8,2026-10-02T01:01:04.695736+02:00
295940254,de:11000:900024101:4:57,-0.8,2026-10-02T01:01:04.695736+02:00
295940254,de:11000:900024102:1:51,-0.1,2026-10-02T01:01:04.695736+02:00
295940251,de:12064:900320008:1:51,0.0,2026-10-02T01:01:04.695736+02:00
295940251,de:12064:900320026:1:50,-0.3,2026-10-02T01:01:04.695736+02:00
295940251,de:11000:900176001:1:51,-0.7,2026-10-02T01:01:04.695736+02:00
295940251,de:11000:900175002:1:50,-0.7,2026-10-02T01:01:04.695736+02:00
295940251,de:11000:900175001:1:50,-0.6,2026-10-02T01:01:04.695736+02:00
295940251,de:11000:900171001:1:50,-0.3,2026-10-02T01:01:04.695736+02:00
295940251,de:11000:900171002:1:51,-0.4,2026-10-02T01:01:04.695736+02:00
295940251,de:11000:900160004:1:51,-0.8,2026-10-02T01:01:04.695736+02:00
295940251,de:11000:900160003:1:51,-0.9,2026-10-02T01:01:04.695736+02:00
295940251,de:11000:900120003:3:55,-0.1,2026-10-02T01:01:04.695736+02:00
295940251,de:11000:900120004:2:53,-0.6,2026-10-02T01:01:04.695736+02:00
295940251,de:11000:900120005:5:58,-0.9,2026-10-02T01:01:04.695736+02:00
295940251,de:11000:900100004:1:51,-0.4,2026-10-02T01:01:04.695736+02:00
295940251,de:11000:900100003:2:53,-0.4,2026-10-02T01:01:04.695736+02:00
295940251,de:11000:900100002:1:51,-0.4,2026-10-02T01:01:04.695736+02:00
295940251,de:11000:900100001:3:55,-0.4,2026-10-02T01:01:04.695736+02:00
295940251,de:11000:900003201:3:55,-0.1,2026-10-02T01:01:04.695736+02:00
295940251,de:11000:900003102:1:51,-0.8,2026-10-02T01:01:04.695736+02:00
295940251,de:11000:900003103:1:51,-0.9,2026-10-02T01:01:04.695736+02:00
295940251,de:11000:900023201:3:55,-0.8,2026-10-02T01:01:04.695736+02:00
295940251,de:11000:900024203:1:51,-0.8,2026-10-02T01:01:04.695736+02:00
295940251,de:11000:900024101:4:57,-0.8,2026-10-02T01:01:04.695736+02:00
295940251,de:11000:900024102:1:51,-0.1,2026-10-02T01:01:04.695736+02:00
307420172,de:12073:900340027:1:50,0.0,2026-10-02T01:01:04.695736+02:00
307420172,de:12073:900340026:1:50,0.0,2026-10-02T01:01:04.695736+02:00
307420172,de:12073:900340353:1:50,0.0,2026-10-02T01:01:04.695736+02:00
307420172,de:12065:900203956:1:50,0.0,2026-10-02T01:01:04.695736+02:00
307420172,de:12065:900203898:1:50,0.0,2026-10-02T01:01:04.695736+02:00
307420172,de:12065:900203853:2:51,0.0,2026-10-02T01:01:04.695736+02:00
307420172,de:12065:900203942:1:50,0.0,2026-10-02T01:01:04.695736+02:00
307420172,de:12065:900203780:2:52,0.0,2026-10-02T01:01:04.695736+02:00
307420172,de:12065:900203961:1:51,0.0,2026-10-02T01:01:04.695736+02:00
307420172,de:12065:900200043:2:51,0.0,2026-10-02T01:01:04.695736+02:00
307420172,de:12065:900200041:2:51,0.0,2026-10-02T01:01:04.695736+02:00
307420172,de:12065:900200005:2:2,0.0,2026-10-02T01:01:04.695736+02:00
307420172,de:11000:900152001:3:53,0.0,2026-10-02T01:01:04.695736+02:00
307420172,de:11000:900160004:3:55,0.0,2026-10-02T01:01:04.695736+02:00
307420172,de:11000:900120003:7:61,0.0,2026-10-02T01:01:04.695736+02:00
306895183,de:12067:900311129::1,0.0,2026-10-02T01:01:04.695736+02:00
306895183,de:12067:900310755::1,0.0,2026-10-02T01:01:04.695736+02:00
306895183,de:12067:900310738::1,0.0,2026-10-02T01:01:04.695736+02:00
306895183,de:12067:900310725::1,0.0,2026-10-02T01:01:04.695736+02:00
306895183,de:12067:900310909::1,0.0,2026-10-02T01:01:04.695736+02:00
306895183,de:12067:900310609::1,0.0,2026-10-02T01:01:04.695736+02:00
306895183,de:12067:900310060::2,0.0,2026-10-02T01:01:04.695736+02:00
306895183,de:12067:900310858::3,0.0,2026-10-02T01:01:04.695736+02:00
306895183,de:12067:900311269::2,0.0,2026-10-02T01:01:04.695736+02:00
306895183,de:12067:900311228::2,0.0,2026-10-02T01:01:04.695736+02:00
306895183,de:12067:900311239::2,0.0,2026-10-02T01:01:04.695736+02:00
306895183,de:12067:900311227::1,0.0,2026-10-02T01:01:04.695736+02:00
306895183,de:12067:900311402::1,0.0,2026-10-02T01:01:04.695736+02:00
306895183,de:12067:900311311::2,0.0,2026-10-02T01:01:04.695736+02:00
306895183,de:12067:900311312::2,0.0,2026-10-02T01:01:04.695736+02:00
306895183,de:12067:900311383::3,0.0,2026-10-02T01:01:04.695736+02:00
306895183,de:12067:900311315::2,0.0,2026-10-02T01:01:04.695736+02:00
306895183,de:12067:900311348::2,0.0,2026-10-02T01:01:04.695736+02:00
306895183,de:12067:900311308::4,0.0,2026-10-02T01:01:04.695736+02:00
306895189,de:12067:900311129::1,0.0,2026-10-02T01:01:04.695736+02:00
306895189,de:12067:900310755::1,0.0,2026-10-02T01:01:04.695736+02:00
306895189,de:12067:900310738::1,0.0,2026-10-02T01:01:04.695736+02:00
306895189,de:12067:900310725::1,0.0,2026-10-02T01:01:04.695736+02:00
306895189,de:12067:900310909::1,0.0,2026-10-02T01:01:04.695736+02:00
306895189,de:12067:900310609::1,0.0,2026-10-02T01:01:04.695736+02:00
306895189,de:12067:900310060::2,0.0,2026-10-02T01:01:04.695736+02:00
306895189,de:12067:900310858::3,0.0,2026-10-02T01:01:04.695736+02:00
306895189,de:12067:900311269::2,0.0,2026-10-02T01:01:04.695736+02:00
306895189,de:12067:900311228::2,0.0,2026-10-02T01:01:04.695736+02:00
306895189,de:12067:900311239::2,0.0,2026-10-02T01:01:04.695736+02:00
306895189,de:12067:900311227::1,0.0,2026-10-02T01:01:04.695736+02:00
306895189,de:12067:900311402::1,0.0,2026-10-02T01:01:04.695736+02:00
306895189,de:12067:900311311::2,0.0,2026-10-02T01:01:04.695736+02:00
306895189,de:12067:900311312::2,0.0,2026-10-02T01:01:04.695736+02:00
306895189,de:12067:900311383::3,0.0,2026-10-02T01:01:04.695736+02:00
306895189,de:12067:900311315::2,0.0,2026-10-02T01:01:04.695736+02:00
306895189,de:12067:900311348::2,0.0,2026-10-02T01:01:04.695736+02:00
306895189,de:12067:900311308::4,0.0,2026-10-02T01:01:04.695736+02:00
306895297,de:12061:900261462::1,0.0,2026-10-02T01:01:04.695736+02:00
306895297,de:12061:900261465::2,0.0,2026-10-02T01:01:04.695736+02:00
306895297,de:12061:900261420::2,0.0,2026-10-02T01:01:04.695736+02:00
306895297,de:12061:900261207::2,0.0,2026-10-02T01:01:04.695736+02:00
306895297,de:12061:900261208::2,0.0,2026-10-02T01:01:04.695736+02:00
306895297,de:12061:900261734::1,0.0,2026-10-02T01:01:04.695736+02:00
306895297,de:12067:900310934::2,0.0,2026-10-02T01:01:04.695736+02:00
306895297,de:12067:900311068::2,0.0,2026-10-02T01:01:04.695736+02:00
306895297,de:12067:900311003::1,0.0,2026-10-02T01:01:04.695736+02:00
306895297,de:12067:900310744::1,0.0,2026-10-02T01:01:04.695736+02:00
306895297,de:12067:900310907::1,0.0,2026-10-02T01:01:04.695736+02:00
306895297,de:12061:900261694::1,0.0,2026-10-02T01:01:04.695736+02:00
306895297,de:12067:900311081::1,0.0,2026-10-02T01:01:04.695736+02:00
306895297,de:12067:900310907::2,0.0,2026-10-02T01:01:04.695736+02:00
306895297,de:12067:900310905::1,0.0,2026-10-02T01:01:04.695736+02:00
306895297,de:12067:900310906::2,0.0,2026-10-02T01:01:04.695736+02:00
306895297,de:12067:900310826::2,0.0,2026-10-02T01:01:04.695736+02:00
306895297,de:12067:900311065::1,0.0,2026-10-02T01:01:04.695736+02:00
306895297,de:12067:900311063::1,0.0,2026-10-02T01:01:04.695736+02:00
306895297,de:12067:900311062::1,0.0,2026-10-02T01:01:04.695736+02:00
306895297,de:12067:900310987::3,0.0,2026-10-02T01:01:04.695736+02:00
306895297,de:12067:900310984::1,0.0,2026-10-02T01:01:04.695736+02:00
306895297,de:12067:900310716::2,0.0,2026-10-02T01:01:04.695736+02:00
306895297,de:12067:900310942::2,0.0,2026-10-02T01:01:04.695736+02:00
306895297,de:12067:900310721::1,0.0,2026-10-02T01:01:04.695736+02:00
306895297,de:12067:900310755::2,0.0,2026-10-02T01:01:04.695736+02:00
306895297,de:12067:900310728::2,0.0,2026-10-02T01:01:04.695736+02:00
306895297,de:12067:900311129::6,0.0,2026-10-02T01:01:04.695736+02:00
306508541,de:11000:900024101:2:53,0.0,2026-10-02T01:01:04.695736+02:00
306508541,de:12069:900220009:2:52,0.0,2026-10-02T01:01:04.695736+02:00
306508541,de:12069:900220699:2:51,-0.7,2026-10-02T01:01:04.695736+02:00
306508541,de:12069:900220182:1:50,-0.5,2026-10-02T01:01:04.695736+02:00
306508541,de:12051:900275110:1:50,0.0,2026-10-02T01:01:04.695736+02:00
295953597,de:11000:900151001:1:51,0.0,2026-10-02T01:01:04.695736+02:00
295953597,de:11000:900152001:1:51,-0.6,2026-10-02T01:01:04.695736+02:00
295953597,de:11000:900152002:1:51,-0.2,2026-10-02T01:01:04.695736+02:00
295953597,de:11000:900171003:1:51,-0.9,2026-10-02T01:01:04.695736+02:00
295953597,de:11000:900171002:1:51,-0.9,2026-10-02T01:01:04.695736+02:00
295953597,de:11000:900160004:1:51,-0.3,2026-10-02T01:01:04.695736+02:00
295953597,de:11000:900160003:1:51,-0.4,2026-10-02T01:01:04.695736+02:00
295953597,de:11000:900120003:3:54,-0.6,2026-10-02T01:01:04.695736+02:00
295953597,de:11000:900120004:2:52,-0.1,2026-10-02T01:01:04.695736+02:00
295953487,de:11000:900120004:1:51,0.0,2026-10-02T01:01:04.695736+02:00
295953487,de:11000:900120003:2:52,-0.9,2026-10-02T01:01:04.695736+02:00
295953487,de:11000:900160003:1:50,-0.2,2026-10-02T01:01:04.695736+02:00
295953487,de:11000:900160004:1:50,-0.2,2026-10-02T01:01:04.695736+02:00
295953487,de:11000:900171002:1:50,-0.7,2026-10-02T01:01:04.695736+02:00
295953487,de:11000:900171003:1:50,-0.8,2026-10-02T01:01:04.695736+02:00
295953487,de:11000:900152002:1:50,-0.4,2026-10-02T01:01:04.695736+02:00
295953487,de:11000:900152001:1:50,-0.6,2026-10-02T01:01:04.695736+02:00
295953487,de:11000:900151001:1:51,-0.9,2026-10-02T01:01:04.695736+02:00
295949563,de:11000:900053301:1:51,0.0,2026-10-02T01:01:04.695736+02:00
295949563,de:12054:900230003:1:50,-0.4,2026-10-02T01:01:04.695736+02:00
295949563,de:12054:900230000:1:51,-0.4,2026-10-02T01:01:04.695736+02:00
295949563,de:12054:900230999:3:54,-0.9,2026-10-02T01:01:04.695736+02:00
295949547,de:11000:900170004:2:52,0.0,2026-10-02T01:01:04.695736+02:00
295949547,de:11000:900170003:1:51,-0.3,2026-10-02T01:01:04.695736+02:00
295949547,de:11000:900170002:1:51,-0.1,2026-10-02T01:01:04.695736+02:00
295949547,de:11000:900170001:1:51,-0.9,2026-10-02T01:01:04.695736+02:00
295949547,de:11000:900170005:1:51,-0.7,2026-10-02T01:01:04.695736+02:00
295949547,de:11000:900171003:1:51,-0.6,2026-10-02T01:01:04.695736+02:00
295949547,de:11000:900171002:1:51,-0.9,2026-10-02T01:01:04.695736+02:00
295949547,de:11000:900160004:1:51,-0.3,2026-10-02T01:01:04.695736+02:00
295949547,de:11000:900160003:1:51,-0.4,2026-10-02T01:01:04.695736+02:00
295949547,de:11000:900120003:3:55,-0.6,2026-10-02T01:01:04.695736+02:00
295949547,de:11000:900120004:2:53,-0.1,2026-10-02T01:01:04.695736+02:00
295949547,de:11000:900120005:5:58,-0.4,2026-10-02T01:01:04.695736+02:00
295949547,de:11000:900100004:1:51,-0.9,2026-10-02T01:01:04.695736+02:00
295949547,de:11000:900100003:2:53,-0.9,2026-10-02T01:01:04.695736+02:00
295949547,de:11000:900100002:1:51,-0.9,2026-10-02T01:01:04.695736+02:00
295949547,de:11000:900100001:3:55,-0.9,2026-10-02T01:01:04.695736+02:00
295949547,de:11000:900003201:3:55,-0.6,2026-10-02T01:01:04.695736+02:00
295949547,de:11000:900003102:1:51,-0.3,2026-10-02T01:01:04.695736+02:00
295949547,de:11000:900003103:1:51,-0.4,2026-10-02T01:01:04.695736+02:00
295949547,de:11000:900023201:3:55,-0.3,2026-10-02T01:01:04.695736+02:00
295949547,de:11000:900024203:1:51,-0.3,2026-10-02T01:01:04.695736+02:00
295949547,de:11000:900024101:4:57,-0.3,2026-10-02T01:01:04.695736+02:00
295949547,de:11000:900024102:1:50,-0.6,2026-10-02T01:01:04.695736+02:00
295949547,de:11000:900048101:1:50,-0.8,2026-10-02T01:01:04.695736+02:00
295949547,de:11000:900052201:2:52,0.0,2026-10-02T01:01:04.695736+02:00
295949547,de:11000:900053301:1:50,-0.4,2026-10-02T01:01:04.695736+02:00
295949547,de:12054:900230003:1:50,-0.4,2026-10-02T01:01:04.695736+02:00
295949547,de:12054:900230000:1:51,-0.4,2026-10-02T01:01:04.695736+02:00
295949547,de:12054:900230999:3:54,-0.9,2026-10-02T01:01:04.695736+02:00
295953539,de:11000:900151001:1:51,0.0,2026-10-02T01:01:04.695736+02:00
295953539,de:11000:900152001:1:51,-0.6,2026-10-02T01:01:04.695736+02:00
295953539,de:11000:900152002:1:51,-0.2,2026-10-02T01:01:04.695736+02:00
295953539,de:11000:900171003:1:51,-0.9,2026-10-02T01:01:04.695736+02:00
295953539,de:11000:900171002:1:51,-0.9,2026-10-02T01:01:04.695736+02:00
295953539,de:11000:900160004:1:51,-0.3,2026-10-02T01:01:04.695736+02:00
295953539,de:11000:900160003:1:51,-0.4,2026-10-02T01:01:04.695736+02:00
295953539,de:11000:900120003:3:55,-0.6,2026-10-02T01:01:04.695736+02:00
295953539,de:11000:900120004:2:53,-0.1,2026-10-02T01:01:04.695736+02:00
295953539,de:11000:900120005:5:57,-0.4,2026-10-02T01:01:04.695736+02:00
295953533,de:11000:900151001:1:51,0.0,2026-10-02T01:01:04.695736+02:00
295953533,de:11000:900152001:1:51,-0.6,2026-10-02T01:01:04.695736+02:00
295953533,de:11000:900152002:1:51,-0.2,2026-10-02T01:01:04.695736+02:00
295953533,de:11000:900171003:1:51,-0.9,2026-10-02T01:01:04.695736+02:00
295953533,de:11000:900171002:1:51,-0.9,2026-10-02T01:01:04.695736+02:00
295953533,de:11000:900160004:1:51,-0.3,2026-10-02T01:01:04.695736+02:00
295953533,de:11000:900160003:1:51,-0.4,2026-10-02T01:01:04.695736+02:00
295953533,de:11000:900120003:3:55,-0.6,2026-10-02T01:01:04.695736+02:00
295953533,de:11000:900120004:2:53,-0.1,2026-10-02T01:01:04.695736+02:00
295953533,de:11000:900120005:4:56,-0.4,2026-10-02T01:01:04.695736+02:00
295953524,de:11000:900151001:1:51,0.0,2026-10-02T01:01:04.695736+02:00
295953524,de:11000:900152001:1:51,-0.6,2026-10-02T01:01:04.695736+02:00
295953524,de:11000:900152002:1:51,-0.2,2026-10-02T01:01:04.695736+02:00
295953524,de:11000:900171003:1:51,-0.9,2026-10-02T01:01:04.695736+02:00
295953524,de:11000:900171002:1:51,-0.9,2026-10-02T01:01:04.695736+02:00
295953524,de:11000:900160004:1:51,-0.3,2026-10-02T01:01:04.695736+02:00
295953524,de:11000:900160003:1:51,-0.4,2026-10-02T01:01:04.695736+02:00
295953524,de:11000:900120003:3:55,-0.6,2026-10-02T01:01:04.695736+02:00
295953524,de:11000:900120004:2:53,-0.1,2026-10-02T01:01:04.695736+02:00
295953524,de:11000:900120005:4:56,-0.4,2026-10-02T01:01:04.695736+02:00
295956093,de:11000:900151001:1:50,0.0,2026-10-02T01:01:04.695736+02:00
295956093,de:11000:900152001:1:51,-0.6,2026-10-02T01:01:04.695736+02:00
295956093,de:11000:900152002:1:51,-0.2,2026-10-02T01:01:04.695736+02:00
295956093,de:11000:900171003:1:51,-0.9,2026-10-02T01:01:04.695736+02:00
295956093,de:11000:900171002:1:51,-0.9,2026-10-02T01:01:04.695736+02:00
295956093,de:11000:900160004:1:51,-0.3,2026-10-02T01:01:04.695736+02:00
295956093,de:11000:900160003:1:51,-0.4,2026-10-02T01:01:04.695736+02:00
295956093,de:11000:900120003:3:54,-0.6,2026-10-02T01:01:04.695736+02:00
295956093,de:11000:900120004:2:52,-0.1,2026-10-02T01:01:04.695736+02:00
307436887,de:12061:900261512:2:51,0.0,2026-10-02T01:01:04.695736+02:00
307436887,de:12066:900435602:2:51,0.0,2026-10-02T01:01:04.695736+02:00
307436887,de:12066:900435459:2:52,0.0,2026-10-02T01:01:04.695736+02:00
307436887,de:12066:900435818:1:50,0.0,2026-10-02T01:01:04.695736+02:00
307436887,de:12066:900435209:1:50,0.0,2026-10-02T01:01:04.695736+02:00
307436887,de:12066:900435339:1:50,0.0,2026-10-02T01:01:04.695736+02:00
307436887,de:12066:900435001:3:53,0.0,2026-10-02T01:01:04.695736+02:00
307436887,de:12066:900435000:2:53,0.0,2026-10-02T01:01:04.695736+02:00
307436052,de:12066:900435000:2:53,0.0,2026-10-02T01:01:04.695736+02:00
307436052,de:12066:900435001:2:51,0.0,2026-10-02T01:01:04.695736+02:00
307436052,de:12066:900435339:1:50,0.0,2026-10-02T01:01:04.695736+02:00
307436052,de:12066:900435209:1:50,0.0,2026-10-02T01:01:04.695736+02:00
307436052,de:12066:900435818:1:50,0.0,2026-10-02T01:01:04.695736+02:00
307436052,de:12066:900435459:1:50,0.0,2026-10-02T01:01:04.695736+02:00
307436052,de:12066:900435602:2:51,0.0,2026-10-02T01:01:04.695736+02:00
307436052,de:12061:900261512:2:52,0.0,2026-10-02T01:01:04.695736+02:00
307436032,de:12066:900435000:2:53,0.0,2026-10-02T01:01:04.695736+02:00
307436032,de:12066:900435001:2:51,0.0,2026-10-02T01:01:04.695736+02:00
307436032,de:12066:900435339:1:50,0.0,2026-10-02T01:01:04.695736+02:00
307436032,de:12066:900435209:1:50,0.0,2026-10-02T01:01:04.695736+02:00
307436032,de:12066:900435818:1:50,0.0,2026-10-02T01:01:04.695736+02:00
307436032,de:12066:900435459:1:50,0.0,2026-10-02T01:01:04.695736+02:00
307436032,de:12066:900435602:2:51,0.0,2026-10-02T01:01:04.695736+02:00
307436032,de:12061:900261512:2:52,0.0,2026-10-02T01:01:04.695736+02:00
295949519,de:11000:900170004:2:52,0.0,2026-10-02T01:01:04.695736+02:00
295949519,de:11000:900170003:1:51,-0.3,2026-10-02T01:01:04.695736+02:00
295949519,de:11000:900170002:1:51,-0.1,2026-10-02T01:01:04.695736+02:00
295949519,de:11000:900170001:1:51,-0.9,2026-10-02T01:01:04.695736+02:00
295949519,de:11000:900170005:1:51,-0.7,2026-10-02T01:01:04.695736+02:00
295949519,de:11000:900171003:1:51,-0.6,2026-10-02T01:01:04.695736+02:00
295949519,de:11000:900171002:1:51,-0.9,2026-10-02T01:01:04.695736+02:00
295949519,de:11000:900160004:1:51,-0.3,2026-10-02T01:01:04.695736+02:00
295949519,de:11000:900160003:1:51,-0.4,2026-10-02T01:01:04.695736+02:00
295949519,de:11000:900120003:3:55,-0.6,2026-10-02T01:01:04.695736+02:00
295949519,de:11000:900120004:2:53,-0.1,2026-10-02T01:01:04.695736+02:00
295949519,de:11000:900120005:5:58,-0.4,2026-10-02T01:01:04.695736+02:00
295949519,de:11000:900100004:1:51,-0.9,2026-10-02T01:01:04.695736+02:00
295949519,de:11000:900100003:2:53,-0.9,2026-10-02T01:01:04.695736+02:00
295949519,de:11000:900100002:1:51,-0.9,2026-10-02T01:01:04.695736+02:00
295949519,de:11000:900100001:3:55,-0.9,2026-10-02T01:01:04.695736+02:00
295949519,de:11000:900003201:3:55,-0.6,2026-10-02T01:01:04.695736+02:00
295949519,de:11000:900003102:1:51,-0.3,2026-10-02T01:01:04.695736+02:00
295949519,de:11000:900003103:1:51,-0.4,2026-10-02T01:01:04.695736+02:00
295949519,de:11000:900023201:3:55,-0.3,2026-10-02T01:01:04.695736+02:00
295949519,de:11000:900024203:1:51,-0.3,2026-10-02T01:01:04.695736+02:00
295949519,de:11000:900024101:4:57,-0.3,2026-10-02T01:01:04.695736+02:00
295949519,de:11000:900024102:1:50,-0.6,2026-10-02T01:01:04.695736+02:00
295949519,de:11000:900048101:1:50,-0.8,2026-10-02T01:01:04.695736+02:00
295949519,de:11000:900052201:2:52,0.0,2026-10-02T01:01:04.695736+02:00
295949519,de:11000:900053301:1:50,-0.4,2026-10-02T01:01:04.695736+02:00
295949519,de:12054:900230003:1:50,-0.4,2026-10-02T01:01:04.695736+02:00
295949519,de:12054:900230000:1:51,-0.4,2026-10-02T01:01:04.695736+02:00
295949519,de:12054:900230999:3:54,-0.9,2026-10-02T01:01:04.695736+02:00
306895476,de:12067:900310807::1,0.0,2026-10-02T01:01:04.695736+02:00
306895476,de:12067:900310815::2,0.0,2026-10-02T01:01:04.695736+02:00
306895476,de:12067:900310880::2,0.0,2026-10-02T01:01:04.695736+02:00
306895476,de:12067:900310010::2,0.0,2026-10-02T01:01:04.695736+02:00
306895476,de:12067:900310770::2,0.0,2026-10-02T01:01:04.695736+02:00
306895476,de:12067:900310812::2,0.0,2026-10-02T01:01:04.695736+02:00
306895476,de:12067:900310806::2,0.0,2026-10-02T01:01:04.695736+02:00
306895476,de:12067:900310821::2,0.0,2026-10-02T01:01:04.695736+02:00
306895476,de:12067:900310794::2,0.0,2026-10-02T01:01:04.695736+02:00
306895476,de:12067:900310808::2,0.0,2026-10-02T01:01:04.695736+02:00
306895476,de:12067:900310822::2,0.0,2026-10-02T01:01:04.695736+02:00
306895476,de:12067:900310781::2,0.0,2026-10-02T01:01:04.695736+02:00
306895476,de:12067:900310627::2,0.0,2026-10-02T01:01:04.695736+02:00
306895476,de:12067:900310816::2,0.0,2026-10-02T01:01:04.695736+02:00
306895476,de:12067:900310022::1,0.0,2026-10-02T01:01:04.695736+02:00
306895476,de:12067:900310001::11,0.0,2026-10-02T01:01:04.695736+02:00
306895476,de:12067:900310001::1,0.0,2026-10-02T01:01:04.695736+02:00
306895476,de:12067:900310696::1,0.0,2026-10-02T01:01:04.695736+02:00
306895476,de:12067:900310788::1,0.0,2026-10-02T01:01:04.695736+02:00
306895476,de:12067:900310790::1,0.0,2026-10-02T01:01:04.695736+02:00
306895476,de:12067:900310787::1,0.0,2026-10-02T01:01:04.695736+02:00
306895476,de:12067:900310809::1,0.0,2026-10-02T01:01:04.695736+02:00
306895476,de:12067:900310825::1,0.0,2026-10-02T01:01:04.695736+02:00
306895476,de:12067:900310792::2,0.0,2026-10-02T01:01:04.695736+02:00
306895476,de:12067:900310774::2,0.0,2026-10-02T01:01:04.695736+02:00
306895476,de:12067:900310793::1,0.0,2026-10-02T01:01:04.695736+02:00
306895476,de:12067:900310628::1,0.0,2026-10-02T01:01:04.695736+02:00
306895476,de:12067:900310814::1,0.0,2026-10-02T01:01:04.695736+02:00
306895476,de:12067:900311083::3,0.0,2026-10-02T01:01:04.695736+02:00
295959996,de:12065:900200008:1:51,0.0,2026-10-02T01:01:04.695736+02:00
295959996,de:12065:900200009:1:51,-0.7,2026-10-02T01:01:04.695736+02:00
295959996,de:12065:900200011:1:51,-0.3,2026-10-02T01:01:04.695736+02:00
295959996,de:12065:900200012:1:51,-0.8,2026-10-02T01:01:04.695736+02:00
295959996,de:12065:900200013:1:50,-0.4,2026-10-02T01:01:04.695736+02:00
295959996,de:11000:900142001:1:51,-0.7,2026-10-02T01:01:04.695736+02:00
295959996,de:11000:900130001:1:51,-0.2,2026-10-02T01:01:04.695736+02:00
295959996,de:11000:900130002:1:51,-0.7,2026-10-02T01:01:04.695736+02:00
295959996,de:11000:900110011:1:51,-0.2,2026-10-02T01:01:04.695736+02:00
295959996,de:11000:900110001:1:50,-0.2,2026-10-02T01:01:04.695736+02:00
295959996,de:11000:900110002:1:50,-0.9,2026-10-02T01:01:04.695736+02:00
295959996,de:11000:900110003:1:50,-0.9,2026-10-02T01:01:04.695736+02:00
295959996,de:11000:900110004:1:50,-0.3,2026-10-02T01:01:04.695736+02:00
295959996,de:11000:900110012:1:50,-0.2,2026-10-02T01:01:04.695736+02:00
295959996,de:11000:900120001:1:50,-0.2,2026-10-02T01:01:04.695736+02:00
295959996,de:11000:900120003:5:58,-0.6,2026-10-02T01:01:04.695736+02:00
295959996,de:11000:900190001:1:50,-0.1,2026-10-02T01:01:04.695736+02:00
295959996,de:11000:900191002:1:50,0.0,2026-10-02T01:01:04.695736+02:00
295959996,de:11000:900191001:2:52,-0.4,2026-10-02T01:01:04.695736+02:00
295959996,de:11000:900192001:2:52,-0.2,2026-10-02T01:01:04.695736+02:00
295959996,de:11000:900193001:1:50,-0.7,2026-10-02T01:01:04.695736+02:00
295959996,de:11000:900193002:1:50,-0.3,2026-10-02T01:01:04.695736+02:00
295959996,de:11000:900186001:1:50,-0.3,2026-10-02T01:01:04.695736+02:00
295959996,de:12061:900260004:1:50,-0.7,2026-10-02T01:01:04.695736+02:00
295959996,de:12061:900260003:1:50,-0.9,2026-10-02T01:01:04.695736+02:00
295959996,de:12061:900260002:1:50,-0.9,2026-10-02T01:01:04.695736+02:00
295959969,de:12065:900200008:1:51,0.0,2026-10-02T01:01:04.695736+02:00
295959969,de:12065:900200009:1:51,-0.7,2026-10-02T01:01:04.695736+02:00
295959969,de:12065:900200011:1:51,-0.3,2026-10-02T01:01:04.695736+02:00
295959969,de:12065:900200012:1:51,-0.8,2026-10-02T01:01:04.695736+02:00
295959969,de:12065:900200013:1:50,-0.4,2026-10-02T01:01:04.695736+02:00
295959969,de:11000:900142001:1:51,-0.7,2026-10-02T01:01:04.695736+02:00
295959969,de:11000:900130001:1:51,-0.2,2026-10-02T01:01:04.695736+02:00
295959969,de:11000:900130002:1:51,-0.7,2026-10-02T01:01:04.695736+02:00
295959969,de:11000:900110011:1:51,-0.2,2026-10-02T01:01:04.695736+02:00
295959969,de:11000:900110001:1:50,-0.2,2026-10-02T01:01:04.695736+02:00
295959969,de:11000:900110002:1:50,-0.9,2026-10-02T01:01:04.695736+02:00
295959969,de:11000:900110003:1:50,-0.9,2026-10-02T01:01:04.695736+02:00
295959969,de:11000:900110004:1:50,-0.3,2026-10-02T01:01:04.695736+02:00
295959969,de:11000:900110012:1:50,-0.2,2026-10-02T01:01:04.695736+02:00
295959969,de:11000:900120001:1:50,-0.2,2026-10-02T01:01:04.695736+02:00
295959969,de:11000:900120003:5:58,-0.6,2026-10-02T01:01:04.695736+02:00
295959969,de:11000:900190001:1:50,-0.1,2026-10-02T01:01:04.695736+02:00
295959969,de:11000:900191002:1:50,0.0,2026-10-02T01:01:04.695736+02:00
295959969,de:11000:900191001:2:52,-0.4,2026-10-02T01:01:04.695736+02:00
295959969,de:11000:900192001:2:52,-0.2,2026-10-02T01:01:04.695736+02:00
295959969,de:11000:900193001:1:50,-0.7,2026-10-02T01:01:04.695736+02:00
295959969,de:11000:900193002:1:50,-0.3,2026-10-02T01:01:04.695736+02:00
295959969,de:11000:900186001:1:51,-0.3,2026-10-02T01:01:04.695736+02:00
295959922,de:12065:900200008:1:51,0.0,2026-10-02T01:01:04.695736+02:00
295959922,de:12065:900200009:1:51,-0.7,2026-10-02T01:01:04.695736+02:00
295959922,de:12065:900200011:1:51,-0.3,2026-10-02T01:01:04.695736+02:00
295959922,de:12065:900200012:1:51,-0.8,2026-10-02T01:01:04.695736+02:00
295959922,de:12065:900200013:1:50,-0.4,2026-10-02T01:01:04.695736+02:00
295959922,de:11000:900142001:1:51,-0.7,2026-10-02T01:01:04.695736+02:00
295959922,de:11000:900130001:1:51,-0.2,2026-10-02T01:01:04.695736+02:00
295959922,de:11000:900130002:1:51,-0.7,2026-10-02T01:01:04.695736+02:00
295959922,de:11000:900110011:1:51,-0.2,2026-10-02T01:01:04.695736+02:00
295959922,de:11000:900110001:1:50,-0.2,2026-10-02T01:01:04.695736+02:00
295959922,de:11000:900110002:1:50,-0.9,2026-10-02T01:01:04.695736+02:00
295959922,de:11000:900110003:1:50,-0.9,2026-10-02T01:01:04.695736+02:00
295959922,de:11000:900110004:1:50,-0.3,2026-10-02T01:01:04.695736+02:00
295959922,de:11000:900110012:1:50,-0.2,2026-10-02T01:01:04.695736+02:00
295959922,de:11000:900120001:1:50,-0.2,2026-10-02T01:01:04.695736+02:00
295959922,de:11000:900120003:5:58,-0.6,2026-10-02T01:01:04.695736+02:00
295959922,de:11000:900190001:1:50,-0.1,2026-10-02T01:01:04.695736+02:00
295959922,de:11000:900191002:1:50,0.0,2026-10-02T01:01:04.695736+02:00
295959922,de:11000:900191001:2:52,-0.4,2026-10-02T01:01:04.695736+02:00
295959922,de:11000:900192001:2:52,-0.2,2026-10-02T01:01:04.695736+02:00
295959922,de:11000:900193001:1:50,-0.7,2026-10-02T01:01:04.695736+02:00
295959922,de:11000:900193002:1:50,-0.3,2026-10-02T01:01:04.695736+02:00
295959922,de:11000:900186001:1:50,-0.3,2026-10-02T01:01:04.695736+02:00
295960051,de:12061:900260002:1:50,0.0,2026-10-02T01:01:04.695736+02:00
295960051,de:12061:900260003:1:51,-0.7,2026-10-02T01:01:04.695736+02:00
295960051,de:12061:900260004:1:51,-0.9,2026-10-02T01:01:04.695736+02:00
295960051,de:11000:900186001:2:53,-0.2,2026-10-02T01:01:04.695736+02:00
295960051,de:11000:900193002:1:51,-0.2,2026-10-02T01:01:04.695736+02:00
295960051,de:11000:900193001:2:51,-0.8,2026-10-02T01:01:04.695736+02:00
295960051,de:11000:900192001:3:55,-0.7,2026-10-02T01:01:04.695736+02:00
295960051,de:11000:900191001:1:50,-0.4,2026-10-02T01:01:04.695736+02:00
295960051,de:11000:900191002:1:51,-0.8,2026-10-02T01:01:04.695736+02:00
295960051,de:11000:900190001:2:53,-0.6,2026-10-02T01:01:04.695736+02:00
295960051,de:11000:900120003:5:59,0.0,2026-10-02T01:01:04.695736+02:00
295960051,de:11000:900120001:1:51,-0.6,2026-10-02T01:01:04.695736+02:00
295960051,de:11000:900110012:1:51,-0.8,2026-10-02T01:01:04.695736+02:00
295960051,de:11000:900110004:1:51,-0.7,2026-10-02T01:01:04.695736+02:00
295960051,de:11000:900110003:1:51,0.0,2026-10-02T01:01:04.695736+02:00
295960051,de:11000:900110002:1:51,0.0,2026-10-02T01:01:04.695736+02:00
295960051,de:11000:900110001:1:51,-0.7,2026-10-02T01:01:04.695736+02:00
295960051,de:11000:900110011:2:52,-0.4,2026-10-02T01:01:04.695736+02:00
295960051,de:11000:900130002:1:50,0.0,2026-10-02T01:01:04.695736+02:00
295960051,de:11000:900130001:1:50,-0.7,2026-10-02T01:01:04.695736+02:00
295960051,de:11000:900142001:1:50,-0.2,2026-10-02T01:01:04.695736+02:00
295960051,de:12065:900200013:1:50,-0.3,2026-10-02T01:01:04.695736+02:00
295960051,de:12065:900200012:1:50,-0.9,2026-10-02T01:01:04.695736+02:00
295960051,de:12065:900200011:1:50,-0.4,2026-10-02T01:01:04.695736+02:00
295960051,de:12065:900200009:1:50,-0.9,2026-10-02T01:01:04.695736+02:00
295960051,de:12065:900200008:1:50,-0.9,2026-10-02T01:01:04.695736+02:00
295960011,de:11000:900186001:2:52,0.0,2026-10-02T01:01:04.695736+02:00
295960011,de:11000:900193002:1:51,-0.2,2026-10-02T01:01:04.695736+02:00
295960011,de:11000:900193001:2:51,-0.8,2026-10-02T01:01:04.695736+02:00
295960011,de:11000:900192001:3:55,-0.7,2026-10-02T01:01:04.695736+02:00
295960011,de:11000:900191001:1:50,-0.4,2026-10-02T01:01:04.695736+02:00
295960011,de:11000:900191002:1:51,-0.8,2026-10-02T01:01:04.695736+02:00
295960011,de:11000:900190001:2:53,-0.6,2026-10-02T01:01:04.695736+02:00
295960011,de:11000:900120003:5:59,0.0,2026-10-02T01:01:04.695736+02:00
295960011,de:11000:900120001:1:51,-0.6,2026-10-02T01:01:04.695736+02:00
295960011,de:11000:900110012:1:51,-0.8,2026-10-02T01:01:04.695736+02:00
295960011,de:11000:900110004:1:51,-0.7,2026-10-02T01:01:04.695736+02:00
295960011,de:11000:900110003:1:51,0.0,2026-10-02T01:01:04.695736+02:00
295960011,de:11000:900110002:1:51,0.0,2026-10-02T01:01:04.695736+02:00
295960011,de:11000:900110001:1:51,-0.7,2026-10-02T01:01:04.695736+02:00
295960011,de:11000:900110011:2:52,-0.4,2026-10-02T01:01:04.695736+02:00
295960011,de:11000:900130002:1:50,0.0,2026-10-02T01:01:04.695736+02:00
295960011,de:11000:900130001:1:50,-0.7,2026-10-02T01:01:04.695736+02:00
295960011,de:11000:900142001:1:50,-0.2,2026-10-02T01:01:04.695736+02:00
295960011,de:12065:900200013:1:50,-0.3,2026-10-02T01:01:04.695736+02:00
295960011,de:12065:900200012:1:50,-0.9,2026-10-02T01:01:04.695736+02:00
295960011,de:12065:900200011:1:50,-0.4,2026-10-02T01:01:04.695736+02:00
295960011,de:12065:900200009:1:50,-0.9,2026-10-02T01:01:04.695736+02:00
295960011,de:12065:900200008:1:50,-0.9,2026-10-02T01:01:04.695736+02:00
306895561,de:12067:900311083::3,0.0,2026-10-02T01:01:04.695736+02:00
306895561,de:12067:900310775::1,0.0,2026-10-02T01:01:04.695736+02:00
306895561,de:12067:900311083::2,0.0,2026-10-02T01:01:04.695736+02:00
306895561,de:12067:900310814::2,0.0,2026-10-02T01:01:04.695736+02:00
306895561,de:12067:900310804::2,0.0,2026-10-02T01:01:04.695736+02:00
306895561,de:12067:900311150::2,0.0,2026-10-02T01:01:04.695736+02:00
306895561,de:12067:900311135::2,0.0,2026-10-02T01:01:04.695736+02:00
306895561,de:12067:900311149::2,0.0,2026-10-02T01:01:04.695736+02:00
306895561,de:12067:900310001::11,0.0,2026-10-02T01:01:04.695736+02:00
306895561,de:12067:900310001::2,0.0,2026-10-02T01:01:04.695736+02:00
306895561,de:12067:900310816::1,0.0,2026-10-02T01:01:04.695736+02:00
306895561,de:12067:900310627::1,0.0,2026-10-02T01:01:04.695736+02:00
306895561,de:12067:900311151::1,0.0,2026-10-02T01:01:04.695736+02:00
306895561,de:12067:900311152::1,0.0,2026-10-02T01:01:04.695736+02:00
306895561,de:12067:900310823::1,0.0,2026-10-02T01:01:04.695736+02:00
306895561,de:12067:900310773::1,0.0,2026-10-02T01:01:04.695736+02:00
306895561,de:12067:900311109::1,0.0,2026-10-02T01:01:04.695736+02:00
306895561,de:12067:900310782::1,0.0,2026-10-02T01:01:04.695736+02:00
306895561,de:12067:900310010::2,0.0,2026-10-02T01:01:04.695736+02:00
306895561,de:12067:900310770::2,0.0,2026-10-02T01:01:04.695736+02:00
306895561,de:12067:900310695::2,0.0,2026-10-02T01:01:04.695736+02:00
306895561,de:12067:900310769::1,0.0,2026-10-02T01:01:04.695736+02:00
306895561,de:12067:900310810::2,0.0,2026-10-02T01:01:04.695736+02:00
306895561,de:12067:900310980::1,0.0,2026-10-02T01:01:04.695736+02:00
295963612,de:11000:900092201:1:51,0.0,2026-10-02T01:01:04.695736+02:00
295963612,de:11000:900093201:1:51,-0.4,2026-10-02T01:01:04.695736+02:00
295963612,de:11000:900094101:1:51,-0.3,2026-10-02T01:01:04.695736+02:00
295963612,de:11000:900096101:1:51,-0.1,2026-10-02T01:01:04.695736+02:00
295963612,de:11000:900084101:1:51,-0.2,2026-10-02T01:01:04.695736+02:00
295963612,de:11000:900085201:1:51,-0.8,2026-10-02T01:01:04.695736+02:00
295963612,de:11000:900130003:1:51,-0.8,2026-10-02T01:01:04.695736+02:00
295963612,de:11000:900110011:1:50,-0.9,2026-10-02T01:01:04.695736+02:00
295963612,de:11000:900110001:1:50,-0.2,2026-10-02T01:01:04.695736+02:00
295963612,de:11000:900110002:1:50,-0.9,2026-10-02T01:01:04.695736+02:00
295963612,de:11000:900110003:1:50,-0.9,2026-10-02T01:01:04.695736+02:00
295963612,de:11000:900110004:1:50,-0.3,2026-10-02T01:01:04.695736+02:00
295963612,de:11000:900110012:1:50,-0.2,2026-10-02T01:01:04.695736+02:00
295963612,de:11000:900120001:1:50,-0.2,2026-10-02T01:01:04.695736+02:00
295963612,de:11000:900120003:5:58,-0.6,2026-10-02T01:01:04.695736+02:00
295963612,de:11000:900190001:1:51,-0.1,2026-10-02T01:01:04.695736+02:00
295963612,de:11000:900191002:1:50,0.0,2026-10-02T01:01:04.695736+02:00
295963612,de:11000:900191001:2:52,-0.4,2026-10-02T01:01:04.695736+02:00
295963612,de:11000:900192001:2:52,-0.2,2026-10-02T01:01:04.695736+02:00
295963612,de:11000:900193001:1:50,-0.7,2026-10-02T01:01:04.695736+02:00
295963612,de:11000:900193002:1:50,-0.3,2026-10-02T01:01:04.695736+02:00
295963612,de:11000:900195510:1:51,-0.7,2026-10-02T01:01:04.695736+02:00
295963612,de:11000:900196001:1:50,-0.9,2026-10-02T01:01:04.695736+02:00
295963612,de:12061:900260005:3:54,-0.7,2026-10-02T01:01:04.695736+02:00
295963612,de:12061:900260080:1:50,0.0,2026-10-02T01:01:04.695736+02:00
295963612,de:12061:900260009:3:56,-0.2,2026-10-02T01:01:04.695736+02:00
295963718,de:12061:900260009:3:56,0.0,2026-10-02T01:01:04.695736+02:00
295963718,de:12061:900260080:1:51,-0.7,2026-10-02T01:01:04.695736+02:00
295963718,de:12061:900260005:3:55,0.0,2026-10-02T01:01:04.695736+02:00
295963718,de:11000:900196001:1:51,0.0,2026-10-02T01:01:04.695736+02:00
295963718,de:11000:900195510:1:50,-0.4,2026-10-02T01:01:04.695736+02:00
295963718,de:11000:900193002:1:51,-0.6,2026-10-02T01:01:04.695736+02:00
295963718,de:11000:900193001:2:51,-0.3,2026-10-02T01:01:04.695736+02:00
295963718,de:11000:900192001:3:55,-0.2,2026-10-02T01:01:04.695736+02:00
295963718,de:11000:900191001:1:50,-0.9,2026-10-02T01:01:04.695736+02:00
295963718,de:11000:900191002:1:51,-0.3,2026-10-02T01:01:04.695736+02:00
295963718,de:11000:900190001:2:53,-0.1,2026-10-02T01:01:04.695736+02:00
295963718,de:11000:900120003:5:59,-0.3,2026-10-02T01:01:04.695736+02:00
295963718,de:11000:900120001:1:51,-0.6,2026-10-02T01:01:04.695736+02:00
295963718,de:11000:900110012:1:51,-0.8,2026-10-02T01:01:04.695736+02:00
295963718,de:11000:900110004:1:51,-0.7,2026-10-02T01:01:04.695736+02:00
295963718,de:11000:900110003:1:51,0.0,2026-10-02T01:01:04.695736+02:00
295963718,de:11000:900110002:1:51,0.0,2026-10-02T01:01:04.695736+02:00
295963718,de:11000:900110001:1:51,-0.7,2026-10-02T01:01:04.695736+02:00
295963718,de:11000:900110011:2:53,-0.4,2026-10-02T01:01:04.695736+02:00
295963718,de:11000:900085201:1:50,-0.8,2026-10-02T01:01:04.695736+02:00
295963718,de:11000:900084101:1:50,-0.7,2026-10-02T01:01:04.695736+02:00
295963718,de:11000:900096101:1:50,-0.8,2026-10-02T01:01:04.695736+02:00
295963718,de:11000:900094101:1:50,-0.3,2026-10-02T01:01:04.695736+02:00
295963718,de:11000:900093201:1:50,-0.4,2026-10-02T01:01:04.695736+02:00
295963718,de:11000:900092201:1:51,-0.2,2026-10-02T01:01:04.695736+02:00
295963580,de:11000:900094101:1:51,0.0,2026-10-02T01:01:04.695736+02:00
295963580,de:11000:900096101:1:51,-0.1,2026-10-02T01:01:04.695736+02:00
295963580,de:11000:900084101:1:51,-0.2,2026-10-02T01:01:04.695736+02:00
295963580,de:11000:900085201:1:51,-0.8,2026-10-02T01:01:04.695736+02:00
295963580,de:11000:900130003:1:51,-0.8,2026-10-02T01:01:04.695736+02:00
295963580,de:11000:900110011:1:50,-0.9,2026-10-02T01:01:04.695736+02:00
295963580,de:11000:900110001:1:50,-0.2,2026-10-02T01:01:04.695736+02:00
295963580,de:11000:900110002:1:50,-0.9,2026-10-02T01:01:04.695736+02:00
295963580,de:11000:900110003:1:50,-0.9,2026-10-02T01:01:04.695736+02:00
295963580,de:11000:900110004:1:50,-0.3,2026-10-02T01:01:04.695736+02:00
295963580,de:11000:900110012:1:50,-0.2,2026-10-02T01:01:04.695736+02:00
295963580,de:11000:900120001:1:50,-0.2,2026-10-02T01:01:04.695736+02:00
295963580,de:11000:900120003:5:58,-0.6,2026-10-02T01:01:04.695736+02:00
295963580,de:11000:900190001:1:51,-0.1,2026-10-02T01:01:04.695736+02:00
295963580,de:11000:900191002:1:50,0.0,2026-10-02T01:01:04.695736+02:00
295963580,de:11000:900191001:2:52,-0.4,2026-10-02T01:01:04.695736+02:00
295963580,de:11000:900192001:2:53,-0.2,2026-10-02T01:01:04.695736+02:00
295963580,de:11000:900193001:1:50,-0.7,2026-10-02T01:01:04.695736+02:00
295963580,de:11000:900193002:1:50,-0.3,2026-10-02T01:01:04.695736+02:00
295963580,de:11000:900195510:1:51,-0.7,2026-10-02T01:01:04.695736+02:00
295963580,de:11000:900196001:1:50,-0.9,2026-10-02T01:01:04.695736+02:00
295963580,de:12061:900260005:3:54,-0.7,2026-10-02T01:01:04.695736+02:00
295963580,de:12061:900260080:1:50,0.0,2026-10-02T01:01:04.695736+02:00
295963580,de:12061:900260009:3:56,-0.2,2026-10-02T01:01:04.695736+02:00
306895584,de:12067:900310980::1,0.0,2026-10-02T01:01:04.695736+02:00
306895584,de:12067:900310810::1,0.0,2026-10-02T01:01:04.695736+02:00
306895584,de:12067:900310769::2,0.0,2026-10-02T01:01:04.695736+02:00
306895584,de:12067:900310695::3,0.0,2026-10-02T01:01:04.695736+02:00
306895584,de:12067:900310770::1,0.0,2026-10-02T01:01:04.695736+02:00
306895584,de:12067:900310010::3,0.0,2026-10-02T01:01:04.695736+02:00
306895584,de:12067:900310782::2,0.0,2026-10-02T01:01:04.695736+02:00
306895584,de:12067:900311109::2,0.0,2026-10-02T01:01:04.695736+02:00
306895584,de:12067:900310773::2,0.0,2026-10-02T01:01:04.695736+02:00
306895584,de:12067:900310823::2,0.0,2026-10-02T01:01:04.695736+02:00
306895584,de:12067:900311152::2,0.0,2026-10-02T01:01:04.695736+02:00
306895584,de:12067:900311151::2,0.0,2026-10-02T01:01:04.695736+02:00
306895584,de:12067:900310627::2,0.0,2026-10-02T01:01:04.695736+02:00
306895584,de:12067:900310816::2,0.0,2026-10-02T01:01:04.695736+02:00
306895584,de:12067:900310022::1,0.0,2026-10-02T01:01:04.695736+02:00
306895584,de:12067:900310001::11,0.0,2026-10-02T01:01:04.695736+02:00
306895584,de:12067:900310001::1,0.0,2026-10-02T01:01:04.695736+02:00
306895584,de:12067:900311149::1,0.0,2026-10-02T01:01:04.695736+02:00
306895584,de:12067:900311135::1,0.0,2026-10-02T01:01:04.695736+02:00
306895584,de:12067:900311150::1,0.0,2026-10-02T01:01:04.695736+02:00
306895584,de:12067:900310804::1,0.0,2026-10-02T01:01:04.695736+02:00
306895584,de:12067:900310814::1,0.0,2026-10-02T01:01:04.695736+02:00
306895584,de:12067:900311083::3,0.0,2026-10-02T01:01:04.695736+02:00
295967969,de:12061:900260009:3:55,0.0,2026-10-02T01:01:04.695736+02:00
295967969,de:12061:900260080:1:51,-0.7,2026-10-02T01:01:04.695736+02:00
295967969,de:12061:900260005:3:55,0.0,2026-10-02T01:01:04.695736+02:00
295967969,de:11000:900196001:1:51,0.0,2026-10-02T01:01:04.695736+02:00
295967969,de:11000:900195510:1:50,-0.4,2026-10-02T01:01:04.695736+02:00
295967969,de:11000:900193002:1:51,-0.6,2026-10-02T01:01:04.695736+02:00
295967969,de:11000:900193001:2:51,-0.3,2026-10-02T01:01:04.695736+02:00
295967969,de:11000:900192001:3:55,-0.2,2026-10-02T01:01:04.695736+02:00
295967969,de:11000:900191001:1:50,0.0,2026-10-02T01:01:04.695736+02:00
295967969,de:11000:900191002:1:51,-0.7,2026-10-02T01:01:04.695736+02:00
295967969,de:11000:900190001:2:53,-0.4,2026-10-02T01:01:04.695736+02:00
295967969,de:11000:900120004:2:53,-0.9,2026-10-02T01:01:04.695736+02:00
295967969,de:11000:900120005:5:58,-0.1,2026-10-02T01:01:04.695736+02:00
295967969,de:11000:900100004:1:51,-0.4,2026-10-02T01:01:04.695736+02:00
295967969,de:11000:900100003:2:53,-0.4,2026-10-02T01:01:04.695736+02:00
295967969,de:11000:900100002:1:51,-0.4,2026-10-02T01:01:04.695736+02:00
295967969,de:11000:900100001:3:55,-0.4,2026-10-02T01:01:04.695736+02:00
295967969,de:11000:900003201:3:55,-0.1,2026-10-02T01:01:04.695736+02:00
295967969,de:11000:900003102:1:51,-0.8,2026-10-02T01:01:04.695736+02:00
295967969,de:11000:900003103:1:51,-0.9,2026-10-02T01:01:04.695736+02:00
295967969,de:11000:900023201:3:55,-0.8,2026-10-02T01:01:04.695736+02:00
295967969,de:11000:900024203:1:51,-0.8,2026-10-02T01:01:04.695736+02:00
295967969,de:11000:900024101:4:57,-0.8,2026-10-02T01:01:04.695736+02:00
295967969,de:11000:900024102:1:50,-0.1,2026-10-02T01:01:04.695736+02:00
295967969,de:11000:900025423:1:50,-0.4,2026-10-02T01:01:04.695736+02:00
295967969,de:11000:900026105:1:50,-0.7,2026-10-02T01:01:04.695736+02:00
295967969,de:11000:900025321:1:50,-0.3,2026-10-02T01:01:04.695736+02:00
295967969,de:11000:900025424:1:50,-0.3,2026-10-02T01:01:04.695736+02:00
295967969,de:11000:900030202:1:50,-0.9,2026-10-02T01:01:04.695736+02:00
295967969,de:11000:900029101:1:51,-0.9,2026-10-02T01:01:04.695736+02:00
306895362,de:12067:900310611::1,0.0,2026-10-02T01:01:04.695736+02:00
306895362,de:12067:900311058::2,0.0,2026-10-02T01:01:04.695736+02:00
306895362,de:12067:900311110::4,0.0,2026-10-02T01:01:04.695736+02:00
306895362,de:12067:900311055::1,0.0,2026-10-02T01:01:04.695736+02:00
306895362,de:12067:900311054::1,0.0,2026-10-02T01:01:04.695736+02:00
306895362,de:12067:900311110::1,0.0,2026-10-02T01:01:04.695736+02:00
306895362,de:12067:900311059::2,0.0,2026-10-02T01:01:04.695736+02:00
306895362,de:12067:900310945::1,0.0,2026-10-02T01:01:04.695736+02:00
306895362,de:12067:900310913::1,0.0,2026-10-02T01:01:04.695736+02:00
306895362,de:12067:900310912::1,0.0,2026-10-02T01:01:04.695736+02:00
306896450,de:12067:900311009::1,0.0,2026-10-02T01:01:04.695736+02:00
306896450,de:12067:900311076::1,0.0,2026-10-02T01:01:04.695736+02:00
306896450,de:12067:900310613::1,0.0,2026-10-02T01:01:04.695736+02:00
306896450,de:12067:900311078::2,0.0,2026-10-02T01:01:04.695736+02:00
306896450,de:12067:900311077::2,0.0,2026-10-02T01:01:04.695736+02:00
306896450,de:12067:900311082::2,0.0,2026-10-02T01:01:04.695736+02:00
306896450,de:12067:900310107::2,0.0,2026-10-02T01:01:04.695736+02:00
306896450,de:12067:900310113::1,0.0,2026-10-02T01:01:04.695736+02:00
306896450,de:12067:900310102::2,0.0,2026-10-02T01:01:04.695736+02:00
306896450,de:12067:900310103::2,0.0,2026-10-02T01:01:04.695736+02:00
306896450,de:12067:900310114::2,0.0,2026-10-02T01:01:04.695736+02:00
306896450,de:12067:900310119::2,0.0,2026-10-02T01:01:04.695736+02:00
306896450,de:12067:900310115::2,0.0,2026-10-02T01:01:04.695736+02:00
306896450,de:12067:900310970::2,0.0,2026-10-02T01:01:04.695736+02:00
306896450,de:12067:900310972::2,0.0,2026-10-02T01:01:04.695736+02:00
306896450,de:12067:900310810::1,0.0,2026-10-02T01:01:04.695736+02:00
306896450,de:12067:900310769::2,0.0,2026-10-02T01:01:04.695736+02:00
306896450,de:12067:900310695::3,0.0,2026-10-02T01:01:04.695736+02:00
306896450,de:12067:900310812::2,0.0,2026-10-02T01:01:04.695736+02:00
306896450,de:12067:900310630::2,0.0,2026-10-02T01:01:04.695736+02:00
306896450,de:12067:900310811::2,0.0,2026-10-02T01:01:04.695736+02:00
306896450,de:12067:900310771::2,0.0,2026-10-02T01:01:04.695736+02:00
306896450,de:12067:900310822::2,0.0,2026-10-02T01:01:04.695736+02:00
306896450,de:12067:900310781::2,0.0,2026-10-02T01:01:04.695736+02:00
306896450,de:12067:900310627::2,-0.5,2026-10-02T01:01:04.695736+02:00
306896450,de:12067:900310816::2,0.0,2026-10-02T01:01:04.695736+02:00
306896450,de:12067:900310022::1,0.0,2026-10-02T01:01:04.695736+02:00
306896450,de:12067:900310001::11,0.0,2026-10-02T01:01:04.695736+02:00
307332431,de:11000:900029101:1:51,0.0,2026-10-02T01:01:04.695736+02:00
307332431,de:11000:900030202:1:50,-0.3,2026-10-02T01:01:04.695736+02:00
307332431,de:11000:900025424:1:51,-0.2,2026-10-02T01:01:04.695736+02:00
307332431,de:11000:900025321:1:51,-0.2,2026-10-02T01:01:04.695736+02:00
307332431,de:11000:900026105:1:50,-0.4,2026-10-02T01:01:04.695736+02:00
307332431,de:11000:900025423:1:50,-0.7,2026-10-02T01:01:04.695736+02:00
307332431,de:11000:900024102:2:53,-0.7,2026-10-02T01:01:04.695736+02:00
307332431,de:11000:900024101:3:55,-0.3,2026-10-02T01:01:04.695736+02:00
307332431,de:11000:900024203:1:51,-0.8,2026-10-02T01:01:04.695736+02:00
307332431,de:11000:900023201:3:54,-0.7,2026-10-02T01:01:04.695736+02:00
307332431,de:11000:900003103:1:50,-0.8,2026-10-02T01:01:04.695736+02:00
307332431,de:11000:900003102:1:50,-0.9,2026-10-02T01:01:04.695736+02:00
307332431,de:11000:900003201:3:54,-0.5,2026-10-02T01:01:04.695736+02:00
307332431,de:11000:900100001:3:54,-0.1,2026-10-02T01:01:04.695736+02:00
307332431,de:11000:900100002:1:50,-0.4,2026-10-02T01:01:04.695736+02:00
307332431,de:11000:900100003:2:52,-0.1,2026-10-02T01:01:04.695736+02:00
307332431,de:11000:900100004:1:50,-0.4,2026-10-02T01:01:04.695736+02:00
307332431,de:11000:900120005:4:55,-0.6,2026-10-02T01:01:04.695736+02:00
307332431,de:11000:900120004:1:50,-0.1,2026-10-02T01:01:04.695736+02:00
307332431,de:11000:900190001:1:51,-0.2,2026-10-02T01:01:04.695736+02:00
307332431,de:11000:900191002:1:50,0.0,2026-10-02T01:01:04.695736+02:00
307332431,de:11000:900191001:2:52,-0.4,2026-10-02T01:01:04.695736+02:00
307332431,de:11000:900192001:2:52,-0.7,2026-10-02T01:01:04.695736+02:00
307332431,de:11000:900193001:1:50,-0.2,2026-10-02T01:01:04.695736+02:00
307332431,de:11000:900193002:1:50,-0.8,2026-10-02T01:01:04.695736+02:00
307332431,de:11000:900195510:1:51,-0.2,2026-10-02T01:01:04.695736+02:00
307332431,de:11000:900196001:1:50,-0.4,2026-10-02T01:01:04.695736+02:00
307332431,de:12061:900260005:3:54,-0.2,2026-10-02T01:01:04.695736+02:00
307332431,de:12061:900260080:1:50,-0.7,2026-10-02T01:01:04.695736+02:00
307332431,de:12061:900260009:3:55,-0.9,2026-10-02T01:01:04.695736+02:00
307435211,de:12061:900260611:1:50,0.0,2026-10-02T01:01:04.695736+02:00
307435211,de:12061:900260019:1:50,0.0,2026-10-02T01:01:04.695736+02:00
307435211,de:12061:900261512:2:51,0.0,2026-10-02T01:01:04.695736+02:00
307435211,de:12066:900435602:2:51,0.0,2026-10-02T01:01:04.695736+02:00
307435211,de:12066:900435697:1:50,0.0,2026-10-02T01:01:04.695736+02:00
307435211,de:12066:900435884:1:50,0.0,2026-10-02T01:01:04.695736+02:00
307435211,de:12071:900445956:1:50,0.0,2026-10-02T01:01:04.695736+02:00
307435211,de:12071:900445884:1:50,0.0,2026-10-02T01:01:04.695736+02:00
307435211,de:12052:900470000:2:52,0.0,2026-10-02T01:01:04.695736+02:00
307435209,de:12061:900260611:1:50,0.0,2026-10-02T01:01:04.695736+02:00
307435209,de:12061:900260019:1:50,0.0,2026-10-02T01:01:04.695736+02:00
307435209,de:12061:900261512:2:51,0.0,2026-10-02T01:01:04.695736+02:00
307435209,de:12066:900435602:2:51,0.0,2026-10-02T01:01:04.695736+02:00
307435209,de:12066:900435697:1:50,0.0,2026-10-02T01:01:04.695736+02:00
307435209,de:12066:900435884:1:50,0.0,2026-10-02T01:01:04.695736+02:00
307435209,de:12071:900445956:1:50,0.0,2026-10-02T01:01:04.695736+02:00
307435209,de:12071:900445884:1:50,0.0,2026-10-02T01:01:04.695736+02:00
307435209,de:12052:900470000:2:52,0.0,2026-10-02T01:01:04.695736+02:00
307435204,de:12061:900260611:1:50,0.0,2026-10-02T01:01:04.695736+02:00
307435204,de:12061:900260019:1:50,0.0,2026-10-02T01:01:04.695736+02:00
307435204,de:12061:900261512:2:51,0.0,2026-10-02T01:01:04.695736+02:00
307435204,de:12066:900435602:2:51,0.0,2026-10-02T01:01:04.695736+02:00
307435204,de:12066:900435697:1:50,0.0,2026-10-02T01:01:04.695736+02:00
307435204,de:12066:900435884:1:50,0.0,2026-10-02T01:01:04.695736+02:00
307435204,de:12071:900445956:1:50,0.0,2026-10-02T01:01:04.695736+02:00
307435204,de:12071:900445884:1:50,0.0,2026-10-02T01:01:04.695736+02:00
307435204,de:12052:900470000:2:51,0.0,2026-10-02T01:01:04.695736+02:00
295967896,de:12061:900260009:3:55,0.0,2026-10-02T01:01:04.695736+02:00
295967896,de:12061:900260080:1:51,-0.7,2026-10-02T01:01:04.695736+02:00
295967896,de:12061:900260005:3:55,0.0,2026-10-02T01:01:04.695736+02:00
295967896,de:11000:900196001:1:51,0.0,2026-10-02T01:01:04.695736+02:00
295967896,de:11000:900195510:1:50,-0.4,2026-10-02T01:01:04.695736+02:00
295967896,de:11000:900193002:1:51,-0.6,2026-10-02T01:01:04.695736+02:00
295967896,de:11000:900193001:2:51,-0.3,2026-10-02T01:01:04.695736+02:00
295967896,de:11000:900192001:3:55,-0.2,2026-10-02T01:01:04.695736+02:00
295967896,de:11000:900191001:1:50,0.0,2026-10-02T01:01:04.695736+02:00
295967896,de:11000:900191002:1:51,-0.7,2026-10-02T01:01:04.695736+02:00
295967896,de:11000:900190001:2:53,-0.4,2026-10-02T01:01:04.695736+02:00
295967896,de:11000:900120004:2:52,-0.9,2026-10-02T01:01:04.695736+02:00
295967896,de:11000:900120005:5:57,-0.1,2026-10-02T01:01:04.695736+02:00
295967896,de:11000:900100004:1:51,-0.4,2026-10-02T01:01:04.695736+02:00
295967896,de:11000:900100003:2:53,-0.4,2026-10-02T01:01:04.695736+02:00
295967896,de:11000:900100002:1:51,-0.4,2026-10-02T01:01:04.695736+02:00
295967896,de:11000:900100001:3:55,-0.4,2026-10-02T01:01:04.695736+02:00
295967896,de:11000:900003201:3:55,-0.1,2026-10-02T01:01:04.695736+02:00
295967896,de:11000:900003102:1:51,-0.8,2026-10-02T01:01:04.695736+02:00
295967896,de:11000:900003103:1:51,-0.9,2026-10-02T01:01:04.695736+02:00
295967896,de:11000:900023201:3:55,-0.8,2026-10-02T01:01:04.695736+02:00
295967896,de:11000:900024203:1:51,-0.8,2026-10-02T01:01:04.695736+02:00
295967896,de:11000:900024101:4:57,-0.8,2026-10-02T01:01:04.695736+02:00
295967896,de:11000:900024102:1:50,-0.1,2026-10-02T01:01:04.695736+02:00
295967896,de:11000:900025423:1:50,-0.4,2026-10-02T01:01:04.695736+02:00
295967896,de:11000:900026105:1:50,-0.7,2026-10-02T01:01:04.695736+02:00
295967896,de:11000:900025321:1:50,-0.3,2026-10-02T01:01:04.695736+02:00
295967896,de:11000:900025424:1:50,-0.3,2026-10-02T01:01:04.695736+02:00
295967896,de:11000:900030202:1:50,-0.9,2026-10-02T01:01:04.695736+02:00
295967896,de:11000:900029101:1:51,-0.9,2026-10-02T01:01:04.695736+02:00
307435155,de:12061:900260005:1:50,0.0,2026-10-02T01:01:04.695736+02:00
307435155,de:11000:900192001:1:51,0.0,2026-10-02T01:01:04.695736+02:00
295967890,de:12061:900260009:3:55,0.0,2026-10-02T01:01:04.695736+02:00
295967890,de:12061:900260080:1:51,-0.7,2026-10-02T01:01:04.695736+02:00
295967890,de:12061:900260005:3:55,0.0,2026-10-02T01:01:04.695736+02:00
295967890,de:11000:900196001:1:51,0.0,2026-10-02T01:01:04.695736+02:00
295967890,de:11000:900195510:1:50,-0.4,2026-10-02T01:01:04.695736+02:00
295967890,de:11000:900193002:1:51,-0.6,2026-10-02T01:01:04.695736+02:00
295967890,de:11000:900193001:2:51,-0.3,2026-10-02T01:01:04.695736+02:00
295967890,de:11000:900192001:3:55,-0.2,2026-10-02T01:01:04.695736+02:00
295967890,de:11000:900191001:1:50,0.0,2026-10-02T01:01:04.695736+02:00
295967890,de:11000:900191002:1:51,-0.7,2026-10-02T01:01:04.695736+02:00
295967890,de:11000:900190001:2:53,-0.4,2026-10-02T01:01:04.695736+02:00
295967890,de:11000:900120004:2:52,-0.9,2026-10-02T01:01:04.695736+02:00
295967890,de:11000:900120005:5:57,-0.1,2026-10-02T01:01:04.695736+02:00
295967890,de:11000:900100004:1:51,-0.4,2026-10-02T01:01:04.695736+02:00
295967890,de:11000:900100003:2:53,-0.4,2026-10-02T01:01:04.695736+02:00
295967890,de:11000:900100002:1:51,-0.4,2026-10-02T01:01:04.695736+02:00
295967890,de:11000:900100001:3:55,-0.4,2026-10-02T01:01:04.695736+02:00
295967890,de:11000:900003201:3:55,-0.1,2026-10-02T01:01:04.695736+02:00
295967890,de:11000:900003102:1:51,-0.8,2026-10-02T01:01:04.695736+02:00
295967890,de:11000:900003103:1:51,-0.9,2026-10-02T01:01:04.695736+02:00
295967890,de:11000:900023201:3:55,-0.8,2026-10-02T01:01:04.695736+02:00
295967890,de:11000:900024203:1:51,-0.8,2026-10-02T01:01:04.695736+02:00
295967890,de:11000:900024101:4:57,-0.8,2026-10-02T01:01:04.695736+02:00
295967890,de:11000:900024102:1:50,-0.1,2026-10-02T01:01:04.695736+02:00
295967890,de:11000:900025423:1:50,-0.4,2026-10-02T01:01:04.695736+02:00
295967890,de:11000:900026105:1:50,-0.7,2026-10-02T01:01:04.695736+02:00
295967890,de:11000:900025321:1:50,-0.3,2026-10-02T01:01:04.695736+02:00
295967890,de:11000:900025424:1:50,-0.3,2026-10-02T01:01:04.695736+02:00
295967890,de:11000:900030202:1:50,-0.9,2026-10-02T01:01:04.695736+02:00
295967890,de:11000:900029101:1:51,-0.9,2026-10-02T01:01:04.695736+02:00
307332667,de:11000:900029101:1:51,0.0,2026-10-02T01:01:04.695736+02:00
307332667,de:11000:900030202:1:50,-0.3,2026-10-02T01:01:04.695736+02:00
307332667,de:11000:900025424:1:51,-0.2,2026-10-02T01:01:04.695736+02:00
307332667,de:11000:900025321:1:51,-0.2,2026-10-02T01:01:04.695736+02:00
307332667,de:11000:900026105:1:50,-0.4,2026-10-02T01:01:04.695736+02:00
307332667,de:11000:900025423:1:50,-0.7,2026-10-02T01:01:04.695736+02:00
307332667,de:11000:900024102:2:53,-0.7,2026-10-02T01:01:04.695736+02:00
307332667,de:11000:900024101:3:55,-0.3,2026-10-02T01:01:04.695736+02:00
307332667,de:11000:900024203:1:51,-0.8,2026-10-02T01:01:04.695736+02:00
307332667,de:11000:900023201:3:54,-0.7,2026-10-02T01:01:04.695736+02:00
307332667,de:11000:900003103:1:50,-0.8,2026-10-02T01:01:04.695736+02:00
307332667,de:11000:900003102:1:50,-0.9,2026-10-02T01:01:04.695736+02:00
307332667,de:11000:900003201:3:54,-0.5,2026-10-02T01:01:04.695736+02:00
307332667,de:11000:900100001:3:54,-0.1,2026-10-02T01:01:04.695736+02:00
307332667,de:11000:900100002:1:50,-0.4,2026-10-02T01:01:04.695736+02:00
307332667,de:11000:900100003:2:52,-0.1,2026-10-02T01:01:04.695736+02:00
307332667,de:11000:900100004:1:50,-0.4,2026-10-02T01:01:04.695736+02:00
307332667,de:11000:900120005:4:56,-0.6,2026-10-02T01:01:04.695736+02:00
307332667,de:11000:900120004:1:51,-0.1,2026-10-02T01:01:04.695736+02:00
307332667,de:11000:900190001:1:51,-0.2,2026-10-02T01:01:04.695736+02:00
307332667,de:11000:900191002:1:50,0.0,2026-10-02T01:01:04.695736+02:00
307332667,de:11000:900191001:2:52,-0.4,2026-10-02T01:01:04.695736+02:00
307332667,de:11000:900192001:2:52,-0.7,2026-10-02T01:01:04.695736+02:00
307332667,de:11000:900193001:1:50,-0.2,2026-10-02T01:01:04.695736+02:00
307332667,de:11000:900193002:1:50,-0.8,2026-10-02T01:01:04.695736+02:00
307332667,de:11000:900195510:1:51,-0.2,2026-10-02T01:01:04.695736+02:00
307332667,de:11000:900196001:1:50,-0.4,2026-10-02T01:01:04.695736+02:00
307332667,de:12061:900260005:3:54,-0.2,2026-10-02T01:01:04.695736+02:00
307332667,de:12061:900260080:1:50,-0.7,2026-10-02T01:01:04.695736+02:00
307332667,de:12061:900260009:3:55,-0.9,2026-10-02T01:01:04.695736+02:00
295967874,de:12061:900260009:3:55,0.0,2026-10-02T01:01:04.695736+02:00
295967874,de:12061:900260080:1:51,-0.7,2026-10-02T01:01:04.695736+02:00
295967874,de:12061:900260005:3:55,0.0,2026-10-02T01:01:04.695736+02:00
295967874,de:11000:900196001:1:51,0.0,2026-10-02T01:01:04.695736+02:00
295967874,de:11000:900195510:1:50,-0.4,2026-10-02T01:01:04.695736+02:00
295967874,de:11000:900193002:1:51,-0.6,2026-10-02T01:01:04.695736+02:00
295967874,de:11000:900193001:2:51,-0.3,2026-10-02T01:01:04.695736+02:00
295967874,de:11000:900192001:3:55,-0.2,2026-10-02T01:01:04.695736+02:00
295967874,de:11000:900191001:1:50,0.0,2026-10-02T01:01:04.695736+02:00
295967874,de:11000:900191002:1:51,-0.7,2026-10-02T01:01:04.695736+02:00
295967874,de:11000:900190001:2:53,-0.4,2026-10-02T01:01:04.695736+02:00
295967874,de:11000:900120004:2:52,-0.9,2026-10-02T01:01:04.695736+02:00
295967874,de:11000:900120005:5:57,-0.1,2026-10-02T01:01:04.695736+02:00
295967874,de:11000:900100004:1:51,-0.4,2026-10-02T01:01:04.695736+02:00
295967874,de:11000:900100003:2:53,-0.4,2026-10-02T01:01:04.695736+02:00
295967874,de:11000:900100002:1:51,-0.4,2026-10-02T01:01:04.695736+02:00
295967874,de:11000:900100001:3:55,-0.4,2026-10-02T01:01:04.695736+02:00
295967874,de:11000:900003201:3:55,-0.1,2026-10-02T01:01:04.695736+02:00
295967874,de:11000:900003102:1:51,-0.8,2026-10-02T01:01:04.695736+02:00
295967874,de:11000:900003103:1:51,-0.9,2026-10-02T01:01:04.695736+02:00
295967874,de:11000:900023201:3:55,-0.8,2026-10-02T01:01:04.695736+02:00
295967874,de:11000:900024203:1:51,-0.8,2026-10-02T01:01:04.695736+02:00
295967874,de:11000:900024101:4:57,-0.8,2026-10-02T01:01:04.695736+02:00
295967874,de:11000:900024102:1:50,-0.1,2026-10-02T01:01:04.695736+02:00
295967874,de:11000:900025423:1:50,-0.4,2026-10-02T01:01:04.695736+02:00
295967874,de:11000:900026105:1:50,-0.7,2026-10-02T01:01:04.695736+02:00
295967874,de:11000:900025321:1:50,-0.3,2026-10-02T01:01:04.695736+02:00
295967874,de:11000:900025424:1:50,-0.3,2026-10-02T01:01:04.695736+02:00
295967874,de:11000:900030202:1:50,-0.9,2026-10-02T01:01:04.695736+02:00
295967874,de:11000:900029101:1:51,-0.9,2026-10-02T01:01:04.695736+02:00
306895685,de:12067:900310807::1,0.0,2026-10-02T01:01:04.695736+02:00
306895685,de:12067:900310815::2,0.0,2026-10-02T01:01:04.695736+02:00
306895685,de:12067:900310880::2,0.0,2026-10-02T01:01:04.695736+02:00
306895685,de:12067:900310010::2,0.0,2026-10-02T01:01:04.695736+02:00
306895685,de:12067:900310770::2,0.0,2026-10-02T01:01:04.695736+02:00
306895685,de:12067:900310812::2,0.0,2026-10-02T01:01:04.695736+02:00
306895685,de:12067:900310630::2,0.0,2026-10-02T01:01:04.695736+02:00
306895685,de:12067:900310811::2,0.0,2026-10-02T01:01:04.695736+02:00
306895685,de:12067:900310771::2,0.0,2026-10-02T01:01:04.695736+02:00
306895685,de:12067:900310822::2,0.0,2026-10-02T01:01:04.695736+02:00
306895685,de:12067:900310781::2,0.0,2026-10-02T01:01:04.695736+02:00
306895685,de:12067:900310627::2,-0.5,2026-10-02T01:01:04.695736+02:00
306895685,de:12067:900310816::2,0.0,2026-10-02T01:01:04.695736+02:00
306895685,de:12067:900310022::1,0.0,2026-10-02T01:01:04.695736+02:00
306895685,de:12067:900310001::11,0.0,2026-10-02T01:01:04.695736+02:00
306895685,de:12067:900310001::1,0.0,2026-10-02T01:01:04.695736+02:00
306895685,de:12067:900311149::1,0.0,2026-10-02T01:01:04.695736+02:00
306895685,de:12067:900311135::1,0.0,2026-10-02T01:01:04.695736+02:00
306895685,de:12067:900311150::1,0.0,2026-10-02T01:01:04.695736+02:00
306895685,de:12067:900310804::1,0.0,2026-10-02T01:01:04.695736+02:00
306895685,de:12067:900310814::1,0.0,2026-10-02T01:01:04.695736+02:00
306895685,de:12067:900311083::3,0.0,2026-10-02T01:01:04.695736+02:00
306895695,de:12067:900310807::1,0.0,2026-10-02T01:01:04.695736+02:00
306895695,de:12067:900310815::2,0.0,2026-10-02T01:01:04.695736+02:00
306895695,de:12067:900310880::2,0.0,2026-10-02T01:01:04.695736+02:00
306895695,de:12067:900310010::2,0.0,2026-10-02T01:01:04.695736+02:00
306895695,de:12067:900310770::2,0.0,2026-10-02T01:01:04.695736+02:00
306895695,de:12067:900310812::2,0.0,2026-10-02T01:01:04.695736+02:00
306895695,de:12067:900310630::2,0.0,2026-10-02T01:01:04.695736+02:00
306895695,de:12067:900310811::2,0.0,2026-10-02T01:01:04.695736+02:00
306895695,de:12067:900310771::2,0.0,2026-10-02T01:01:04.695736+02:00
306895695,de:12067:900310822::2,0.0,2026-10-02T01:01:04.695736+02:00
306895695,de:12067:900310781::2,0.0,2026-10-02T01:01:04.695736+02:00
306895695,de:12067:900310627::2,-0.5,2026-10-02T01:01:04.695736+02:00
306895695,de:12067:900310816::2,0.0,2026-10-02T01:01:04.695736+02:00
306895695,de:12067:900310022::1,0.0,2026-10-02T01:01:04.695736+02:00
306895695,de:12067:900310001::11,0.0,2026-10-02T01:01:04.695736+02:00
306895695,de:12067:900310001::1,0.0,2026-10-02T01:01:04.695736+02:00
306895695,de:12067:900311149::1,0.0,2026-10-02T01:01:04.695736+02:00
306895695,de:12067:900311135::1,0.0,2026-10-02T01:01:04.695736+02:00
306895695,de:12067:900311150::1,0.0,2026-10-02T01:01:04.695736+02:00
306895695,de:12067:900310804::1,0.0,2026-10-02T01:01:04.695736+02:00
306895695,de:12067:900310814::1,0.0,2026-10-02T01:01:04.695736+02:00
306895695,de:12067:900311083::3,0.0,2026-10-02T01:01:04.695736+02:00
306047293,de:12064:900320020::1,0.0,2026-10-02T01:01:04.695736+02:00
306047293,de:12064:900320506::1,0.0,2026-10-02T01:01:04.695736+02:00
306047293,de:12064:900320035::1,0.0,2026-10-02T01:01:04.695736+02:00
306047293,de:12064:900320505::1,0.0,2026-10-02T01:01:04.695736+02:00
306047293,de:12064:900320021::1,0.0,2026-10-02T01:01:04.695736+02:00
306047293,de:12064:900320022::1,0.0,2026-10-02T01:01:04.695736+02:00
306047293,de:11000:900175010::4,0.0,2026-10-02T01:01:04.695736+02:00
306047293,de:12064:900320520::1,0.0,2026-10-02T01:01:04.695736+02:00
306047293,de:12064:900320511::1,0.0,2026-10-02T01:01:04.695736+02:00
306047293,de:12064:900320510::1,0.0,2026-10-02T01:01:04.695736+02:00
306047293,de:12064:900320523::2,0.0,2026-10-02T01:01:04.695736+02:00
306047293,de:12064:900320017::2,0.0,2026-10-02T01:01:04.695736+02:00
306047293,de:12064:900320119::2,0.0,2026-10-02T01:01:04.695736+02:00
306047293,de:12064:900320120::4,0.0,2026-10-02T01:01:04.695736+02:00
306047293,de:12064:900320118::2,0.0,2026-10-02T01:01:04.695736+02:00
306047293,de:12064:900320050::1,0.0,2026-10-02T01:01:04.695736+02:00
306047293,de:12064:900320008::1,0.0,2026-10-02T01:01:04.695736+02:00
306044445,de:12064:900320007::2,0.0,2026-10-02T01:01:04.695736+02:00
306044445,de:12064:900320007::2,-20.0,2026-10-02T01:01:04.695736+02:00
306044445,de:12064:900320130::1,0.0,2026-10-02T01:01:04.695736+02:00
306044445,820093201371,0.0,2026-10-02T01:01:04.695736+02:00
306044445,de:12064:900320121::1,0.0,2026-10-02T01:01:04.695736+02:00
306044445,de:12064:900320135::1,0.0,2026-10-02T01:01:04.695736+02:00
306044445,de:12064:900320136::1,0.0,2026-10-02T01:01:04.695736+02:00
306044445,de:12064:900320141::1,0.0,2026-10-02T01:01:04.695736+02:00
306044445,de:12064:900320122::2,0.0,2026-10-02T01:01:04.695736+02:00
306044445,de:12064:900320121::2,0.0,2026-10-02T01:01:04.695736+02:00
306044445,820093201372,0.0,2026-10-02T01:01:04.695736+02:00
306044445,de:12064:900320007::2,20.0,2026-10-02T01:01:04.695736+02:00
306044445,de:12064:900320007::2,0.0,2026-10-02T01:01:04.695736+02:00
306045590,de:12064:900320119::2,0.0,2026-10-02T01:01:04.695736+02:00
306045590,de:12064:900320120::4,0.0,2026-10-02T01:01:04.695736+02:00
306045590,de:12064:900320132::2,0.0,2026-10-02T01:01:04.695736+02:00
306045590,de:12064:900320114::2,0.0,2026-10-02T01:01:04.695736+02:00
306045590,de:12064:900320116::2,0.0,2026-10-02T01:01:04.695736+02:00
306045590,de:12064:900320115::2,0.0,2026-10-02T01:01:04.695736+02:00
306045590,de:12064:900320007::2,0.0,2026-10-02T01:01:04.695736+02:00
306045590,de:12064:900320113::2,0.0,2026-10-02T01:01:04.695736+02:00
306045590,de:12064:900320124::2,0.0,2026-10-02T01:01:04.695736+02:00
306045590,de:12064:900320112::2,0.0,2026-10-02T01:01:04.695736+02:00
306045590,de:12064:900320111::2,0.0,2026-10-02T01:01:04.695736+02:00
306045590,de:12064:900320110::2,0.0,2026-10-02T01:01:04.695736+02:00
306045590,de:12064:900320109::2,0.0,2026-10-02T01:01:04.695736+02:00
306045590,de:12064:900320108::2,0.0,2026-10-02T01:01:04.695736+02:00
306045590,de:12064:900320107::2,0.0,2026-10-02T01:01:04.695736+02:00
306045590,de:12064:900320106::2,0.0,2026-10-02T01:01:04.695736+02:00
306045590,de:12064:900320104::2,0.0,2026-10-02T01:01:04.695736+02:00
306045590,de:12064:900320103::2,0.0,2026-10-02T01:01:04.695736+02:00
306045590,de:12064:900320102::2,0.0,2026-10-02T01:01:04.695736+02:00
306045590,de:12064:900320101::2,0.0,2026-10-02T01:01:04.695736+02:00
306045590,de:12064:900320100::2,0.0,2026-10-02T01:01:04.695736+02:00
306045590,de:12064:900320008::1,-1.0,2026-10-02T01:01:04.695736+02:00
306054032,de:12064:900321742::3,0.0,2026-10-02T01:01:04.695736+02:00
306054032,de:12064:900321747::1,0.0,2026-10-02T01:01:04.695736+02:00
306054032,de:12064:900321750::1,0.0,2026-10-02T01:01:04.695736+02:00
306054032,de:12064:900321471::1,0.0,2026-10-02T01:01:04.695736+02:00
306054032,de:12064:900321603::1,0.0,2026-10-02T01:01:04.695736+02:00
306054032,de:12064:900321604::1,0.0,2026-10-02T01:01:04.695736+02:00
306054032,de:12064:900321433::1,0.0,2026-10-02T01:01:04.695736+02:00
306054032,de:12064:900321582::1,0.0,2026-10-02T01:01:04.695736+02:00
306054032,de:12064:900321582::1,-14.0,2026-10-02T01:01:04.695736+02:00
306054032,de:12064:900321583::1,0.0,2026-10-02T01:01:04.695736+02:00
306054032,de:12064:900321520::1,0.0,2026-10-02T01:01:04.695736+02:00
306054032,de:12064:900321518::1,0.0,2026-10-02T01:01:04.695736+02:00
306054032,de:12064:900321521::1,0.0,2026-10-02T01:01:04.695736+02:00
306054032,de:12064:900321518::2,0.0,2026-10-02T01:01:04.695736+02:00
306054032,de:12064:900321520::2,0.0,2026-10-02T01:01:04.695736+02:00
306054032,de:12064:900321583::2,0.0,2026-10-02T01:01:04.695736+02:00
306054032,de:12064:900321582::1,14.0,2026-10-02T01:01:04.695736+02:00
306054032,de:12064:900321582::1,0.0,2026-10-02T01:01:04.695736+02:00
306054032,de:12064:900321581::2,0.0,2026-10-02T01:01:04.695736+02:00
306054032,de:12064:900321474::1,0.0,2026-10-02T01:01:04.695736+02:00
306054032,de:12064:900321707::1,0.0,2026-10-02T01:01:04.695736+02:00
306054032,de:12064:900321705::1,0.0,2026-10-02T01:01:04.695736+02:00
306054032,de:12064:900321472::1,0.0,2026-10-02T01:01:04.695736+02:00
306054032,de:12064:900321688::1,0.0,2026-10-02T01:01:04.695736+02:00
306054032,de:12064:900321689::1,0.0,2026-10-02T01:01:04.695736+02:00
306054032,de:12064:900321686::1,0.0,2026-10-02T01:01:04.695736+02:00
306054032,de:12064:900321685::1,0.0,2026-10-02T01:01:04.695736+02:00
306054032,de:12064:900321687::1,0.0,2026-10-02T01:01:04.695736+02:00
306054032,de:12064:900321530::1,0.0,2026-10-02T01:01:04.695736+02:00
306054032,de:12064:900321536::1,0.0,2026-10-02T01:01:04.695736+02:00
306054032,de:12064:900321532::2,0.0,2026-10-02T01:01:04.695736+02:00
306054032,de:12064:900321534::2,0.0,2026-10-02T01:01:04.695736+02:00
306054032,de:12064:900321535::2,0.0,2026-10-02T01:01:04.695736+02:00
306054032,de:12053:900360209::2,0.0,2026-10-02T01:01:04.695736+02:00
306054032,de:12053:900360024::2,0.0,2026-10-02T01:01:04.695736+02:00
306054032,de:12053:900360070::1,0.0,2026-10-02T01:01:04.695736+02:00
306054032,de:12053:900360140::2,0.0,2026-10-02T01:01:04.695736+02:00
306054032,de:12053:900360000::3,0.0,2026-10-02T01:01:04.695736+02:00
306047969,de:12064:900320008::2,0.0,2026-10-02T01:01:04.695736+02:00
306047969,de:12064:900320050::2,0.0,2026-10-02T01:01:04.695736+02:00
306047969,de:12064:900320118::1,0.0,2026-10-02T01:01:04.695736+02:00
306047969,de:12064:900320117::1,0.0,2026-10-02T01:01:04.695736+02:00
306047969,de:12064:900320121::1,0.0,2026-10-02T01:01:04.695736+02:00
306047969,de:12064:900320122::1,0.0,2026-10-02T01:01:04.695736+02:00
306047969,de:12064:900320123::1,0.0,2026-10-02T01:01:04.695736+02:00
306047969,de:12064:900320905::1,0.0,2026-10-02T01:01:04.695736+02:00
306047969,de:12064:900320906::1,0.0,2026-10-02T01:01:04.695736+02:00
306047969,de:12064:900320903::1,0.0,2026-10-02T01:01:04.695736+02:00
306047969,de:12064:900320902::1,0.0,2026-10-02T01:01:04.695736+02:00
306047969,de:12064:900320900::1,0.0,2026-10-02T01:01:04.695736+02:00
306051668,de:12064:900320006::1,0.0,2026-10-02T01:01:04.695736+02:00
306051668,de:12064:900320639::2,0.0,2026-10-02T01:01:04.695736+02:00
306051668,de:12064:900320660::1,0.0,2026-10-02T01:01:04.695736+02:00
306051668,de:12064:900320268::1,0.0,2026-10-02T01:01:04.695736+02:00
306051668,de:12064:900320257::1,0.0,2026-10-02T01:01:04.695736+02:00
306051668,de:12064:900320261::1,0.0,2026-10-02T01:01:04.695736+02:00
306051668,de:12064:900320265::1,0.0,2026-10-02T01:01:04.695736+02:00
306051668,de:12064:900320260::1,0.0,2026-10-02T01:01:04.695736+02:00
306051668,de:12064:900320246::4,0.0,2026-10-02T01:01:04.695736+02:00
306051668,de:12064:900320283::1,0.0,2026-10-02T01:01:04.695736+02:00
306051668,de:12064:900320252::1,0.0,2026-10-02T01:01:04.695736+02:00
306051668,de:12064:900320253::1,0.0,2026-10-02T01:01:04.695736+02:00
306051668,de:12064:900320255::1,0.0,2026-10-02T01:01:04.695736+02:00
306051668,de:12064:900320250::2,0.0,2026-10-02T01:01:04.695736+02:00
295879428,de:11000:900053301:2:52,0.0,2026-10-02T01:01:04.695736+02:00
295879428,de:11000:900052201:1:51,0.0,2026-10-02T01:01:04.695736+02:00
295879428,de:11000:900050355:1:51,-0.3,2026-10-02T01:01:04.695736+02:00
295879428,de:11000:900050301:1:51,-0.4,2026-10-02T01:01:04.695736+02:00
295879428,de:11000:900049201:1:51,0.0,2026-10-02T01:01:04.695736+02:00
295879428,de:11000:900049202:1:51,0.0,2026-10-02T01:01:04.695736+02:00
295879428,de:11000:900066101:1:51,-0.3,2026-10-02T01:01:04.695736+02:00
295879428,de:11000:900066102:1:51,-0.2,2026-10-02T01:01:04.695736+02:00
295879428,de:11000:900062202:1:51,-0.2,2026-10-02T01:01:04.695736+02:00
295879428,de:11000:900063101:1:51,-0.2,2026-10-02T01:01:04.695736+02:00
295879428,de:11000:900060101:1:51,-0.9,2026-10-02T01:01:04.695736+02:00
295879428,de:11000:900054104:1:51,-0.9,2026-10-02T01:01:04.695736+02:00
295879428,de:11000:900057104:1:50,-0.4,2026-10-02T01:01:04.695736+02:00
295879428,de:11000:900057102:1:51,-0.1,2026-10-02T01:01:04.695736+02:00
295879428,de:11000:900012101:2:52,-0.9,2026-10-02T01:01:04.695736+02:00
295879428,de:11000:900100020:4:57,-0.3,2026-10-02T01:01:04.695736+02:00
295879428,de:11000:900100025:1:51,-0.4,2026-10-02T01:01:04.695736+02:00
295879428,de:11000:900100001:4:57,-0.1,2026-10-02T01:01:04.695736+02:00
295879428,de:11000:900100007:1:51,-0.2,2026-10-02T01:01:04.695736+02:00
295879428,de:11000:900007104:2:52,-0.2,2026-10-02T01:01:04.695736+02:00
295879428,de:11000:900008101:1:51,-0.9,2026-10-02T01:01:04.695736+02:00
295879428,de:11000:900007102:2:53,-0.6,2026-10-02T01:01:04.695736+02:00
295879428,de:11000:900110011:2:53,-0.9,2026-10-02T01:01:04.695736+02:00
295879428,de:11000:900085201:1:50,-0.9,2026-10-02T01:01:04.695736+02:00
295879428,de:11000:900084101:1:50,-0.7,2026-10-02T01:01:04.695736+02:00
295879428,de:11000:900096101:1:50,-0.8,2026-10-02T01:01:04.695736+02:00
295879428,de:11000:900094101:1:50,-0.1,2026-10-02T01:01:04.695736+02:00
295879428,de:11000:900093201:1:50,-0.4,2026-10-02T01:01:04.695736+02:00
295879428,de:11000:900092201:1:50,-0.2,2026-10-02T01:01:04.695736+02:00
295879428,de:12065:900200009:1:50,-0.7,2026-10-02T01:01:04.695736+02:00
295879428,de:12065:900200008:1:50,-0.7,2026-10-02T01:01:04.695736+02:00
295879428,de:12065:900200007:1:50,-0.2,2026-10-02T01:01:04.695736+02:00
295879428,de:12065:900200006:1:50,-0.5,2026-10-02T01:01:04.695736+02:00
295879428,de:12065:900200005:3:1,-0.9,2026-10-02T01:01:04.695736+02:00
295879319,de:12065:900200005:3:1,0.0,2026-10-02T01:01:04.695736+02:00
295879319,de:12065:900200006:1:51,-0.3,2026-10-02T01:01:04.695736+02:00
295879319,de:12065:900200007:1:51,-0.7,2026-10-02T01:01:04.695736+02:00
295879319,de:12065:900200008:1:51,-0.2,2026-10-02T01:01:04.695736+02:00
295879319,de:12065:900200009:1:51,-0.1,2026-10-02T01:01:04.695736+02:00
295879319,de:11000:900092201:1:51,-0.7,2026-10-02T01:01:04.695736+02:00
295879319,de:11000:900093201:1:51,-0.4,2026-10-02T01:01:04.695736+02:00
295879319,de:11000:900094101:1:51,-0.8,2026-10-02T01:01:04.695736+02:00
295879319,de:11000:900096101:1:51,-0.1,2026-10-02T01:01:04.695736+02:00
295879319,de:11000:900084101:1:51,-0.2,2026-10-02T01:01:04.695736+02:00
295879319,de:11000:900085201:1:51,-0.8,2026-10-02T01:01:04.695736+02:00
295879319,de:11000:900130003:1:51,-0.8,2026-10-02T01:01:04.695736+02:00
295879319,de:11000:900110011:1:50,-0.9,2026-10-02T01:01:04.695736+02:00
295879319,de:11000:900007102:1:50,-0.9,2026-10-02T01:01:04.695736+02:00
295879319,de:11000:900008101:1:50,0.0,2026-10-02T01:01:04.695736+02:00
295879319,de:11000:900007104:1:51,-0.7,2026-10-02T01:01:04.695736+02:00
295879319,de:11000:900100007:1:50,-0.7,2026-10-02T01:01:04.695736+02:00
295879319,de:11000:900100001:4:56,-0.5,2026-10-02T01:01:04.695736+02:00
295879319,de:11000:900100025:1:50,-0.4,2026-10-02T01:01:04.695736+02:00
295879319,de:11000:900100020:3:54,-0.4,2026-10-02T01:01:04.695736+02:00
295879319,de:11000:900012101:1:51,-0.5,2026-10-02T01:01:04.695736+02:00
295879319,de:11000:900057102:1:50,-0.7,2026-10-02T01:01:04.695736+02:00
295879319,de:11000:900057104:2:51,-0.4,2026-10-02T01:01:04.695736+02:00
295879319,de:11000:900054104:1:50,-0.3,2026-10-02T01:01:04.695736+02:00
295879319,de:11000:900060101:1:50,-0.3,2026-10-02T01:01:04.695736+02:00
295879319,de:11000:900063101:1:50,-0.1,2026-10-02T01:01:04.695736+02:00
295879319,de:11000:900062202:1:50,-0.1,2026-10-02T01:01:04.695736+02:00
295879319,de:11000:900066102:1:50,-0.2,2026-10-02T01:01:04.695736+02:00
295879319,de:11000:900066101:1:50,-0.1,2026-10-02T01:01:04.695736+02:00
295879319,de:11000:900049202:1:50,-0.3,2026-10-02T01:01:04.695736+02:00
295879319,de:11000:900049201:1:50,-0.4,2026-10-02T01:01:04.695736+02:00
295879319,de:11000:900050301:1:50,0.0,2026-10-02T01:01:04.695736+02:00
295879319,de:11000:900050355:1:50,-0.1,2026-10-02T01:01:04.695736+02:00
295879319,de:11000:900052201:1:50,-0.5,2026-10-02T01:01:04.695736+02:00
295879319,de:11000:900053301:1:51,-0.9,2026-10-02T01:01:04.695736+02:00
306895927,de:12067:900310001::5,0.0,2026-10-02T01:01:04.695736+02:00
306895927,de:12067:900311149::1,0.0,2026-10-02T01:01:04.695736+02:00
306895927,de:12067:900310781::1,0.0,2026-10-02T01:01:04.695736+02:00
306895927,de:12067:900310822::1,0.0,2026-10-02T01:01:04.695736+02:00
306895927,de:12067:900310808::1,0.0,2026-10-02T01:01:04.695736+02:00
306895927,de:12067:900310777::1,0.0,2026-10-02T01:01:04.695736+02:00
306895927,de:12067:900310796::1,0.0,2026-10-02T01:01:04.695736+02:00
306895927,de:12067:900310875::1,0.0,2026-10-02T01:01:04.695736+02:00
306895927,de:12067:900310837::1,0.0,2026-10-02T01:01:04.695736+02:00
306895927,de:12067:900310817::1,0.0,2026-10-02T01:01:04.695736+02:00
306895927,de:12067:900311145::1,0.0,2026-10-02T01:01:04.695736+02:00
306896053,de:12067:900310013::2,0.0,2026-10-02T01:01:04.695736+02:00
306896053,de:12067:900310572::1,0.0,2026-10-02T01:01:04.695736+02:00
306896053,de:11000:900310550::1,0.0,2026-10-02T01:01:04.695736+02:00
306896053,de:12067:900310534::1,0.0,2026-10-02T01:01:04.695736+02:00
306896053,de:12067:900310580::2,0.0,2026-10-02T01:01:04.695736+02:00
306896053,de:12067:900310543::3,0.0,2026-10-02T01:01:04.695736+02:00
306896053,de:12067:900310536::1,0.0,2026-10-02T01:01:04.695736+02:00
306896053,de:12067:900311014::1,0.0,2026-10-02T01:01:04.695736+02:00
306896053,de:12067:900311012::1,0.0,2026-10-02T01:01:04.695736+02:00
306896053,de:12067:900310529::1,0.0,2026-10-02T01:01:04.695736+02:00
306896053,de:12067:900310528::1,0.0,2026-10-02T01:01:04.695736+02:00
306896053,de:12067:900310020::1,0.0,2026-10-02T01:01:04.695736+02:00
306896053,de:12067:900310501::1,0.0,2026-10-02T01:01:04.695736+02:00
306896053,de:12067:900310500::2,0.0,2026-10-02T01:01:04.695736+02:00
306896053,de:12067:900310021::3,0.0,2026-10-02T01:01:04.695736+02:00
306896053,de:12067:900310522::1,0.0,2026-10-02T01:01:04.695736+02:00
306896053,de:12067:900310535::1,0.0,2026-10-02T01:01:04.695736+02:00
306896053,de:12067:900310523::1,0.0,2026-10-02T01:01:04.695736+02:00
306896053,de:12064:900320113::1,0.0,2026-10-02T01:01:04.695736+02:00
306896053,de:12064:900320007::4,0.0,2026-10-02T01:01:04.695736+02:00
306896213,de:12067:900310013::5,0.0,2026-10-02T01:01:04.695736+02:00
306896213,de:12067:900310557::3,0.0,2026-10-02T01:01:04.695736+02:00
306896213,de:12067:900310555::1,0.0,2026-10-02T01:01:04.695736+02:00
306896213,de:12067:900311114::1,0.0,2026-10-02T01:01:04.695736+02:00
306896213,de:12067:900311023::1,0.0,2026-10-02T01:01:04.695736+02:00
306896213,de:12067:900311024::1,0.0,2026-10-02T01:01:04.695736+02:00
306896213,de:12067:900311025::2,0.0,2026-10-02T01:01:04.695736+02:00
295883539,de:11000:900053301:2:53,0.0,2026-10-02T01:01:04.695736+02:00
295883539,de:11000:900052201:1:51,0.0,2026-10-02T01:01:04.695736+02:00
295883539,de:11000:900050355:1:51,-0.3,2026-10-02T01:01:04.695736+02:00
295883539,de:11000:900050301:1:51,-0.4,2026-10-02T01:01:04.695736+02:00
295883539,de:11000:900049201:1:51,0.0,2026-10-02T01:01:04.695736+02:00
295883539,de:11000:900049202:1:51,0.0,2026-10-02T01:01:04.695736+02:00
295883539,de:11000:900066101:1:51,-0.3,2026-10-02T01:01:04.695736+02:00
295883539,de:11000:900066102:1:51,-0.2,2026-10-02T01:01:04.695736+02:00
295883539,de:11000:900062202:1:51,-0.2,2026-10-02T01:01:04.695736+02:00
295883539,de:11000:900063101:1:51,-0.2,2026-10-02T01:01:04.695736+02:00
295883539,de:11000:900060101:1:51,-0.9,2026-10-02T01:01:04.695736+02:00
295883539,de:11000:900054104:1:51,-0.9,2026-10-02T01:01:04.695736+02:00
295883539,de:11000:900057104:1:50,-0.4,2026-10-02T01:01:04.695736+02:00
295883539,de:11000:900057102:1:51,-0.1,2026-10-02T01:01:04.695736+02:00
295883539,de:11000:900012101:2:52,-0.8,2026-10-02T01:01:04.695736+02:00
295883539,de:11000:900100020:4:57,-0.9,2026-10-02T01:01:04.695736+02:00
306896358,de:12067:900311129::4,0.0,2026-10-02T01:01:04.695736+02:00
306896358,de:12067:900310755::2,0.0,2026-10-02T01:01:04.695736+02:00
306896358,de:12067:900310728::3,0.0,2026-10-02T01:01:04.695736+02:00
306896358,de:12067:900310727::3,0.0,2026-10-02T01:01:04.695736+02:00
306896358,de:12067:900310942::1,0.0,2026-10-02T01:01:04.695736+02:00
306896358,de:12067:900310716::1,0.0,2026-10-02T01:01:04.695736+02:00
306896358,de:12067:900310740::1,0.0,2026-10-02T01:01:04.695736+02:00
306896358,de:12067:900310739::2,0.0,2026-10-02T01:01:04.695736+02:00
306896358,de:12067:900310747::2,0.0,2026-10-02T01:01:04.695736+02:00
306896358,de:12067:900310924::2,0.0,2026-10-02T01:01:04.695736+02:00
306896358,de:12067:900310925::1,0.0,2026-10-02T01:01:04.695736+02:00
306896358,de:12067:900310600::2,0.0,2026-10-02T01:01:04.695736+02:00
306896358,de:12067:900310829::1,0.0,2026-10-02T01:01:04.695736+02:00
306896358,de:12067:900310827::2,0.0,2026-10-02T01:01:04.695736+02:00
306896358,de:12067:900310982::1,0.0,2026-10-02T01:01:04.695736+02:00
306896358,de:12067:900310757::2,0.0,2026-10-02T01:01:04.695736+02:00
306896358,de:12067:900310756::2,0.0,2026-10-02T01:01:04.695736+02:00
306896358,de:12067:900310118::2,0.0,2026-10-02T01:01:04.695736+02:00
306896358,de:12067:900310100::2,0.0,2026-10-02T01:01:04.695736+02:00
306896358,de:12067:900310108::2,0.0,2026-10-02T01:01:04.695736+02:00
306896358,de:12067:900310111::2,0.0,2026-10-02T01:01:04.695736+02:00
306896358,de:12067:900310101::2,0.0,2026-10-02T01:01:04.695736+02:00
306896358,de:12067:900310112::2,0.0,2026-10-02T01:01:04.695736+02:00
306896358,de:12067:900310109::1,0.0,2026-10-02T01:01:04.695736+02:00
306896358,de:12067:900310040::2,0.0,2026-10-02T01:01:04.695736+02:00
306896358,de:12067:900310105::2,0.0,2026-10-02T01:01:04.695736+02:00
306896358,de:12067:900310970::2,0.0,2026-10-02T01:01:04.695736+02:00
306896358,de:12067:900310972::2,0.0,2026-10-02T01:01:04.695736+02:00
306896358,de:12067:900310810::1,0.0,2026-10-02T01:01:04.695736+02:00
306896358,de:12067:900310769::2,0.0,2026-10-02T01:01:04.695736+02:00
306896358,de:12067:900310695::3,0.0,2026-10-02T01:01:04.695736+02:00
306896358,de:12067:900310812::2,0.0,2026-10-02T01:01:04.695736+02:00
306896358,de:12067:900310630::2,0.0,2026-10-02T01:01:04.695736+02:00
306896358,de:12067:900310811::2,0.0,2026-10-02T01:01:04.695736+02:00
306896358,de:12067:900310771::2,0.0,2026-10-02T01:01:04.695736+02:00
306896358,de:12067:900310822::2,0.0,2026-10-02T01:01:04.695736+02:00
306896358,de:12067:900310781::2,0.0,2026-10-02T01:01:04.695736+02:00
306896358,de:12067:900310627::2,-0.5,2026-10-02T01:01:04.695736+02:00
306896358,de:12067:900310816::2,0.0,2026-10-02T01:01:04.695736+02:00
306896358,de:12067:900310022::1,0.0,2026-10-02T01:01:04.695736+02:00
306896358,de:12067:900310001::11,0.0,2026-10-02T01:01:04.695736+02:00
295883473,de:11000:900100020:3:55,0.0,2026-10-02T01:01:04.695736+02:00
295883473,de:11000:900012101:1:51,-0.5,2026-10-02T01:01:04.695736+02:00
295883473,de:11000:900057102:1:50,-0.7,2026-10-02T01:01:04.695736+02:00
295883473,de:11000:900057104:2:51,-0.4,2026-10-02T01:01:04.695736+02:00
295883473,de:11000:900054104:1:50,-0.3,2026-10-02T01:01:04.695736+02:00
295883473,de:11000:900060101:1:50,-0.3,2026-10-02T01:01:04.695736+02:00
295883473,de:11000:900063101:1:50,-0.1,2026-10-02T01:01:04.695736+02:00
295883473,de:11000:900062202:1:50,-0.1,2026-10-02T01:01:04.695736+02:00
295883473,de:11000:900066102:1:50,-0.2,2026-10-02T01:01:04.695736+02:00
295883473,de:11000:900066101:1:50,-0.1,2026-10-02T01:01:04.695736+02:00
295883473,de:11000:900049202:1:50,-0.3,2026-10-02T01:01:04.695736+02:00
295883473,de:11000:900049201:1:50,-0.4,2026-10-02T01:01:04.695736+02:00
295883471,de:11000:900100020:3:55,0.0,2026-10-02T01:01:04.695736+02:00
295883471,de:11000:900012101:1:51,-0.5,2026-10-02T01:01:04.695736+02:00
295883471,de:11000:900057102:1:50,-0.7,2026-10-02T01:01:04.695736+02:00
295883471,de:11000:900057104:2:51,-0.4,2026-10-02T01:01:04.695736+02:00
295883471,de:11000:900054104:1:50,-0.3,2026-10-02T01:01:04.695736+02:00
295883471,de:11000:900060101:1:50,-0.3,2026-10-02T01:01:04.695736+02:00
295883471,de:11000:900063101:1:50,-0.1,2026-10-02T01:01:04.695736+02:00
295883471,de:11000:900062202:1:50,-0.1,2026-10-02T01:01:04.695736+02:00
295883471,de:11000:900066102:1:50,-0.2,2026-10-02T01:01:04.695736+02:00
295883471,de:11000:900066101:1:50,-0.1,2026-10-02T01:01:04.695736+02:00
295883471,de:11000:900049202:1:50,-0.3,2026-10-02T01:01:04.695736+02:00
295883471,de:11000:900049201:1:50,-0.4,2026-10-02T01:01:04.695736+02:00
306896516,de:12067:900310001::3,0.0,2026-10-02T01:01:04.695736+02:00
306896516,de:12067:900311149::1,0.0,2026-10-02T01:01:04.695736+02:00
306896516,de:12067:900310835::1,0.0,2026-10-02T01:01:04.695736+02:00
306896516,de:12067:900310825::1,0.0,2026-10-02T01:01:04.695736+02:00
306896516,de:12067:900310813::1,0.0,2026-10-02T01:01:04.695736+02:00
306896516,de:12067:900310803::1,0.0,2026-10-02T01:01:04.695736+02:00
306896516,de:12067:900310802::1,0.0,2026-10-02T01:01:04.695736+02:00
306896516,de:12067:900310712::1,0.0,2026-10-02T01:01:04.695736+02:00
306896516,de:12067:900310711::1,0.0,2026-10-02T01:01:04.695736+02:00
306896516,de:12067:900311015::1,0.0,2026-10-02T01:01:04.695736+02:00
306896516,de:12064:900320277::1,0.0,2026-10-02T01:01:04.695736+02:00
306896516,de:12064:900320279::1,-0.5,2026-10-02T01:01:04.695736+02:00
306896516,de:12064:900320229::1,-0.5,2026-10-02T01:01:04.695736+02:00
306896516,de:12064:900320280::1,0.0,2026-10-02T01:01:04.695736+02:00
306896516,de:12064:900320228::1,0.0,2026-10-02T01:01:04.695736+02:00
307252141,de:11000:900007102:1:51,0.0,2026-10-02T01:01:04.695736+02:00
307252141,de:11000:900009104:1:51,-0.8,2026-10-02T01:01:04.695736+02:00
307252141,de:11000:900003200:5:58,-0.7,2026-10-02T01:01:04.695736+02:00
295882515,de:11000:900092201:1:51,0.0,2026-10-02T01:01:04.695736+02:00
295882515,de:11000:900093201:1:51,-0.4,2026-10-02T01:01:04.695736+02:00
295882515,de:11000:900094101:1:51,-0.8,2026-10-02T01:01:04.695736+02:00
295882515,de:11000:900096101:1:51,-0.1,2026-10-02T01:01:04.695736+02:00
295882515,de:11000:900084101:1:51,-0.2,2026-10-02T01:01:04.695736+02:00
295882515,de:11000:900085201:1:51,-0.8,2026-10-02T01:01:04.695736+02:00
295882515,de:11000:900130003:1:51,-0.8,2026-10-02T01:01:04.695736+02:00
295882515,de:11000:900110011:1:50,-0.9,2026-10-02T01:01:04.695736+02:00
295882515,de:11000:900007102:1:50,-0.9,2026-10-02T01:01:04.695736+02:00
295882515,de:11000:900008101:1:50,0.0,2026-10-02T01:01:04.695736+02:00
295882515,de:11000:900007104:1:51,-0.7,2026-10-02T01:01:04.695736+02:00
295882515,de:11000:900100007:1:50,-0.7,2026-10-02T01:01:04.695736+02:00
295882515,de:11000:900100001:4:56,-0.5,2026-10-02T01:01:04.695736+02:00
295882515,de:11000:900100025:1:50,-0.4,2026-10-02T01:01:04.695736+02:00
295882515,de:11000:900100020:3:54,-0.4,2026-10-02T01:01:04.695736+02:00
295882515,de:11000:900012101:1:51,-0.5,2026-10-02T01:01:04.695736+02:00
295882515,de:11000:900057102:1:50,-0.7,2026-10-02T01:01:04.695736+02:00
295882515,de:11000:900057104:2:51,-0.4,2026-10-02T01:01:04.695736+02:00
295882515,de:11000:900054104:1:50,-0.3,2026-10-02T01:01:04.695736+02:00
295882515,de:11000:900060101:1:50,-0.3,2026-10-02T01:01:04.695736+02:00
295882515,de:11000:900063101:1:50,-0.1,2026-10-02T01:01:04.695736+02:00
295882515,de:11000:900062202:1:50,-0.1,2026-10-02T01:01:04.695736+02:00
295882515,de:11000:900066102:1:50,-0.2,2026-10-02T01:01:04.695736+02:00
295882515,de:11000:900066101:1:50,-0.1,2026-10-02T01:01:04.695736+02:00
295882515,de:11000:900049202:1:50,-0.3,2026-10-02T01:01:04.695736+02:00
295882515,de:11000:900049201:1:50,-0.4,2026-10-02T01:01:04.695736+02:00
295882515,de:11000:900050301:1:50,0.0,2026-10-02T01:01:04.695736+02:00
295882515,de:11000:900050355:1:50,-0.1,2026-10-02T01:01:04.695736+02:00
295882515,de:11000:900052201:1:50,-0.5,2026-10-02T01:01:04.695736+02:00
295882515,de:11000:900053301:1:51,-0.9,2026-10-02T01:01:04.695736+02:00
306896994,de:12067:900311308::5,0.0,2026-10-02T01:01:04.695736+02:00
306896994,de:12067:900311380::1,0.0,2026-10-02T01:01:04.695736+02:00
306896994,de:12067:900311348::1,0.0,2026-10-02T01:01:04.695736+02:00
306896994,de:12067:900311350::1,0.0,2026-10-02T01:01:04.695736+02:00
306896994,de:12067:900311321::2,0.0,2026-10-02T01:01:04.695736+02:00
306896994,de:12067:900311353::2,0.0,2026-10-02T01:01:04.695736+02:00
306896994,de:12067:900311383::6,0.0,2026-10-02T01:01:04.695736+02:00
306896994,de:12067:900311305::1,0.0,2026-10-02T01:01:04.695736+02:00
306896994,de:12067:900311304::2,0.0,2026-10-02T01:01:04.695736+02:00
306896994,de:12067:900311334::2,0.0,2026-10-02T01:01:04.695736+02:00
306896994,de:12067:900311333::2,0.0,2026-10-02T01:01:04.695736+02:00
306896994,de:12067:900311352::2,0.0,2026-10-02T01:01:04.695736+02:00
306896994,de:12067:900311336::2,0.0,2026-10-02T01:01:04.695736+02:00
306896994,de:12067:900311371::1,0.0,2026-10-02T01:01:04.695736+02:00
306896994,de:12067:900311364::1,0.0,2026-10-02T01:01:04.695736+02:00
306896994,de:12067:900311374::2,0.0,2026-10-02T01:01:04.695736+02:00
306896994,de:12067:900311365::2,0.0,2026-10-02T01:01:04.695736+02:00
306896994,de:12067:900311363::2,0.0,2026-10-02T01:01:04.695736+02:00
306896994,de:12067:900311362::2,0.0,2026-10-02T01:01:04.695736+02:00
306896994,de:12067:900311377::2,0.0,2026-10-02T01:01:04.695736+02:00
306896994,de:12067:900311376::2,0.0,2026-10-02T01:01:04.695736+02:00
306896994,de:12067:900311316::2,0.0,2026-10-02T01:01:04.695736+02:00
306896994,de:12067:900311384::2,0.0,2026-10-02T01:01:04.695736+02:00
306896994,de:12067:900311317::2,0.0,2026-10-02T01:01:04.695736+02:00
306896994,de:12067:900310027::2,0.0,2026-10-02T01:01:04.695736+02:00
306896994,de:12067:900311359::2,0.0,2026-10-02T01:01:04.695736+02:00
306896994,de:12067:900311345::2,0.0,2026-10-02T01:01:04.695736+02:00
306896994,de:12067:900311341::2,0.0,2026-10-02T01:01:04.695736+02:00
306896994,de:12067:900311309::1,0.0,2026-10-02T01:01:04.695736+02:00
306896994,de:12067:900311310::1,0.0,2026-10-02T01:01:04.695736+02:00
306896994,de:12067:900311307::1,0.0,2026-10-02T01:01:04.695736+02:00
306896994,de:12067:900311308::4,0.0,2026-10-02T01:01:04.695736+02:00
306896995,de:12067:900311308::5,0.0,2026-10-02T01:01:04.695736+02:00
306896995,de:12067:900311380::1,0.0,2026-10-02T01:01:04.695736+02:00
306896995,de:12067:900311348::1,0.0,2026-10-02T01:01:04.695736+02:00
306896995,de:12067:900311350::1,0.0,2026-10-02T01:01:04.695736+02:00
306896995,de:12067:900311321::2,0.0,2026-10-02T01:01:04.695736+02:00
306896995,de:12067:900311353::2,0.0,2026-10-02T01:01:04.695736+02:00
306896995,de:12067:900311383::6,0.0,2026-10-02T01:01:04.695736+02:00
306896995,de:12067:900311305::1,0.0,2026-10-02T01:01:04.695736+02:00
306896995,de:12067:900311304::2,0.0,2026-10-02T01:01:04.695736+02:00
306896995,de:12067:900311334::2,0.0,2026-10-02T01:01:04.695736+02:00
306896995,de:12067:900311333::2,0.0,2026-10-02T01:01:04.695736+02:00
306896995,de:12067:900311352::2,0.0,2026-10-02T01:01:04.695736+02:00
306896995,de:12067:900311336::2,0.0,2026-10-02T01:01:04.695736+02:00
306896995,de:12067:900311371::1,0.0,2026-10-02T01:01:04.695736+02:00
306896995,de:12067:900311364::1,0.0,2026-10-02T01:01:04.695736+02:00
306896995,de:12067:900311374::2,0.0,2026-10-02T01:01:04.695736+02:00
306896995,de:12067:900311365::2,0.0,2026-10-02T01:01:04.695736+02:00
306896995,de:12067:900311363::2,0.0,2026-10-02T01:01:04.695736+02:00
306896995,de:12067:900311362::2,0.0,2026-10-02T01:01:04.695736+02:00
306896995,de:12067:900311377::2,0.0,2026-10-02T01:01:04.695736+02:00
306896995,de:12067:900311376::2,0.0,2026-10-02T01:01:04.695736+02:00
306896995,de:12067:900311316::2,0.0,2026-10-02T01:01:04.695736+02:00
306896995,de:12067:900311384::2,0.0,2026-10-02T01:01:04.695736+02:00
306896995,de:12067:900311317::2,0.0,2026-10-02T01:01:04.695736+02:00
306896995,de:12067:900310027::2,0.0,2026-10-02T01:01:04.695736+02:00
306896995,de:12067:900311359::2,0.0,2026-10-02T01:01:04.695736+02:00
306896995,de:12067:900311345::2,0.0,2026-10-02T01:01:04.695736+02:00
306896995,de:12067:900311341::2,0.0,2026-10-02T01:01:04.695736+02:00
306896995,de:12067:900311309::1,0.0,2026-10-02T01:01:04.695736+02:00
306896995,de:12067:900311310::1,0.0,2026-10-02T01:01:04.695736+02:00
306896995,de:12067:900311307::1,0.0,2026-10-02T01:01:04.695736+02:00
306896995,de:12067:900311308::4,0.0,2026-10-02T01:01:04.695736+02:00
306897217,de:12053:900360000::4,0.0,2026-10-02T01:01:04.695736+02:00
306897217,de:12053:900360021::4,0.0,2026-10-02T01:01:04.695736+02:00
306897217,de:12053:900360059::4,0.0,2026-10-02T01:01:04.695736+02:00
306897217,de:12053:900360041::4,0.0,2026-10-02T01:01:04.695736+02:00
306897217,de:12053:900360135::2,0.0,2026-10-02T01:01:04.695736+02:00
306897217,de:12053:900360083::2,0.0,2026-10-02T01:01:04.695736+02:00
306897217,de:12053:900360096::4,0.0,2026-10-02T01:01:04.695736+02:00
306897217,de:12053:900360213::4,0.0,2026-10-02T01:01:04.695736+02:00
306897217,de:12053:900360062::2,0.0,2026-10-02T01:01:04.695736+02:00
306897217,de:12067:900311485::1,0.0,2026-10-02T01:01:04.695736+02:00
306897217,de:12067:900311482::2,0.0,2026-10-02T01:01:04.695736+02:00
306897217,de:12067:900311489::1,0.0,2026-10-02T01:01:04.695736+02:00
306897217,de:12067:900311483::2,0.0,2026-10-02T01:01:04.695736+02:00
306897217,de:12067:900310935::1,0.0,2026-10-02T01:01:04.695736+02:00
306897217,de:12067:900310933::1,0.0,2026-10-02T01:01:04.695736+02:00
306897217,de:12067:900311540::2,0.0,2026-10-02T01:01:04.695736+02:00
306897217,de:12067:900310615::2,0.0,2026-10-02T01:01:04.695736+02:00
306897217,de:12067:900310725::2,0.0,2026-10-02T01:01:04.695736+02:00
306897217,de:12067:900310738::2,0.0,2026-10-02T01:01:04.695736+02:00
306897217,de:12067:900310639::1,0.0,2026-10-02T01:01:04.695736+02:00
306897217,de:12067:900310626::1,0.0,2026-10-02T01:01:04.695736+02:00
306897217,de:12067:900311129::6,0.0,2026-10-02T01:01:04.695736+02:00
306897231,de:12067:900311129::5,0.0,2026-10-02T01:01:04.695736+02:00
306897231,de:12067:900310755::1,0.0,2026-10-02T01:01:04.695736+02:00
306897231,de:12067:900310738::1,0.0,2026-10-02T01:01:04.695736+02:00
306897231,de:12067:900310725::1,0.0,2026-10-02T01:01:04.695736+02:00
306897231,de:12067:900310615::1,0.0,2026-10-02T01:01:04.695736+02:00
306897231,de:12067:900311540::1,0.0,2026-10-02T01:01:04.695736+02:00
306897231,de:12067:900310933::1,0.0,2026-10-02T01:01:04.695736+02:00
306897231,de:12067:900310935::1,0.0,2026-10-02T01:01:04.695736+02:00
306897231,de:12067:900311483::1,0.0,2026-10-02T01:01:04.695736+02:00
306897231,de:12067:900311480::1,0.0,2026-10-02T01:01:04.695736+02:00
306897231,de:12067:900311482::2,0.0,2026-10-02T01:01:04.695736+02:00
306897231,de:12067:900311485::2,0.0,2026-10-02T01:01:04.695736+02:00
306897231,de:12053:900360062::1,0.0,2026-10-02T01:01:04.695736+02:00
306897231,de:12053:900360213::3,0.0,2026-10-02T01:01:04.695736+02:00
306897231,de:12053:900360078::2,0.0,2026-10-02T01:01:04.695736+02:00
306897231,de:12053:900360096::3,0.0,2026-10-02T01:01:04.695736+02:00
306897231,de:12053:900360083::1,0.0,2026-10-02T01:01:04.695736+02:00
306897231,de:12053:900360135::1,0.0,2026-10-02T01:01:04.695736+02:00
306897231,de:12053:900360041::3,0.0,2026-10-02T01:01:04.695736+02:00
306897231,de:12053:900360059::3,0.0,2026-10-02T01:01:04.695736+02:00
306897231,de:12053:900360021::3,0.0,2026-10-02T01:01:04.695736+02:00
306897231,de:12053:900360000::9,0.0,2026-10-02T01:01:04.695736+02:00
306897238,de:12067:900311482::3,0.0,2026-10-02T01:01:04.695736+02:00
306897238,de:12067:900311489::1,0.0,2026-10-02T01:01:04.695736+02:00
306897238,de:12067:900311480::1,0.0,2026-10-02T01:01:04.695736+02:00
306897238,de:12067:900311490::2,0.0,2026-10-02T01:01:04.695736+02:00
306897238,de:12067:900311478::2,0.0,2026-10-02T01:01:04.695736+02:00
306897238,de:12067:900311477::2,0.0,2026-10-02T01:01:04.695736+02:00
306897238,de:12067:900311442::2,0.0,2026-10-02T01:01:04.695736+02:00
306897238,de:12067:900311560::1,0.0,2026-10-02T01:01:04.695736+02:00
306897238,de:12067:900311401::2,0.0,2026-10-02T01:01:04.695736+02:00
306897238,de:12067:900311543::2,0.0,2026-10-02T01:01:04.695736+02:00
306897238,de:12067:900311542::1,0.0,2026-10-02T01:01:04.695736+02:00
306897238,de:12067:900311530::2,0.0,2026-10-02T01:01:04.695736+02:00
306897238,de:12067:900311531::2,0.0,2026-10-02T01:01:04.695736+02:00
306897238,de:12067:900311306::2,0.0,2026-10-02T01:01:04.695736+02:00
306897238,de:12067:900311356::2,0.0,2026-10-02T01:01:04.695736+02:00
306897238,de:12067:900311311::2,0.0,2026-10-02T01:01:04.695736+02:00
306897238,de:12067:900311312::2,0.0,2026-10-02T01:01:04.695736+02:00
306897238,de:12067:900311383::5,0.0,2026-10-02T01:01:04.695736+02:00
306897238,de:12067:900311315::2,0.0,2026-10-02T01:01:04.695736+02:00
306897238,de:12067:900311348::2,0.0,2026-10-02T01:01:04.695736+02:00
306897238,de:12067:900311308::4,0.0,2026-10-02T01:01:04.695736+02:00
306895373,de:12067:900310040::1,0.0,2026-10-02T01:01:04.695736+02:00
306895373,de:12067:900310109::1,0.0,2026-10-02T01:01:04.695736+02:00
306895373,de:12067:900310631::1,0.0,2026-10-02T01:01:04.695736+02:00
306895373,de:12067:900310106::1,0.0,2026-10-02T01:01:04.695736+02:00
306895373,de:12067:900310115::1,0.0,2026-10-02T01:01:04.695736+02:00
306895373,de:12067:900310119::1,0.0,2026-10-02T01:01:04.695736+02:00
306895373,de:12067:900310114::1,0.0,2026-10-02T01:01:04.695736+02:00
306895373,de:12067:900310103::1,0.0,2026-10-02T01:01:04.695736+02:00
306895373,de:12067:900310996::1,0.0,2026-10-02T01:01:04.695736+02:00
306895373,de:12067:900310998::1,0.0,2026-10-02T01:01:04.695736+02:00
306895373,de:12067:900310997::2,0.0,2026-10-02T01:01:04.695736+02:00
306895373,de:12067:900310966::2,0.0,2026-10-02T01:01:04.695736+02:00
306895373,de:12067:900311118::2,0.0,2026-10-02T01:01:04.695736+02:00
306895373,de:12067:900311059::1,0.0,2026-10-02T01:01:04.695736+02:00
306895373,de:12067:900311110::3,0.0,2026-10-02T01:01:04.695736+02:00
306895373,de:12067:900311055::1,0.0,2026-10-02T01:01:04.695736+02:00
306895373,de:12067:900311054::1,0.0,2026-10-02T01:01:04.695736+02:00
306895373,de:12067:900311110::1,0.0,2026-10-02T01:01:04.695736+02:00
306895373,de:12067:900311058::1,0.0,2026-10-02T01:01:04.695736+02:00
306895373,de:12067:900310611::1,0.0,2026-10-02T01:01:04.695736+02:00
306895373,de:12067:900310842::1,0.0,2026-10-02T01:01:04.695736+02:00
306895373,de:12067:900310843::1,0.0,2026-10-02T01:01:04.695736+02:00
306895373,de:12067:900311018::1,0.0,2026-10-02T01:01:04.695736+02:00
306895373,de:12067:900311017::1,0.0,2026-10-02T01:01:04.695736+02:00
306896836,de:12067:900310001::4,0.0,2026-10-02T01:01:04.695736+02:00
306896836,de:12067:900310696::1,0.0,2026-10-02T01:01:04.695736+02:00
306896836,de:12067:900310788::1,0.0,2026-10-02T01:01:04.695736+02:00
306896836,de:12067:900310936::1,0.0,2026-10-02T01:01:04.695736+02:00
306896836,de:12067:900311125::1,0.0,2026-10-02T01:01:04.695736+02:00
306896836,de:12067:900310860::1,0.0,2026-10-02T01:01:04.695736+02:00
306896836,de:12067:900311157::1,0.0,2026-10-02T01:01:04.695736+02:00
306896836,de:12067:900310864::1,0.0,2026-10-02T01:01:04.695736+02:00
306896836,de:12067:900310861::1,0.0,2026-10-02T01:01:04.695736+02:00
306896836,de:12067:900310002::3,0.0,2026-10-02T01:01:04.695736+02:00
306896836,de:12067:900310895::1,0.0,2026-10-02T01:01:04.695736+02:00
306896836,de:12067:900310896::1,0.0,2026-10-02T01:01:04.695736+02:00
306896836,de:12067:900310897::1,0.0,2026-10-02T01:01:04.695736+02:00
306896836,de:12067:900310894::1,0.0,2026-10-02T01:01:04.695736+02:00
306896836,de:12064:900320888::4,0.0,2026-10-02T01:01:04.695736+02:00
306896836,de:12064:900320886::1,0.0,2026-10-02T01:01:04.695736+02:00
306896836,de:12064:900320284::1,0.0,2026-10-02T01:01:04.695736+02:00
306896836,de:12064:900320278::1,0.0,2026-10-02T01:01:04.695736+02:00
306896836,de:12064:900320274::1,0.0,2026-10-02T01:01:04.695736+02:00
306897208,de:12067:900311308::5,0.0,2026-10-02T01:01:04.695736+02:00
306897208,de:12067:900311380::1,0.0,2026-10-02T01:01:04.695736+02:00
306897208,de:12067:900311348::1,0.0,2026-10-02T01:01:04.695736+02:00
306897208,de:12067:900311315::1,0.0,2026-10-02T01:01:04.695736+02:00
306897208,de:12067:900311383::1,0.0,2026-10-02T01:01:04.695736+02:00
306897208,de:12067:900311305::1,0.0,2026-10-02T01:01:04.695736+02:00
306897208,de:12067:900311320::1,0.0,2026-10-02T01:01:04.695736+02:00
306897208,de:12067:900311354::2,0.0,2026-10-02T01:01:04.695736+02:00
306897208,de:12067:900311352::2,0.0,2026-10-02T01:01:04.695736+02:00
306897208,de:12067:900311336::2,0.0,2026-10-02T01:01:04.695736+02:00
306897208,de:12067:900311371::1,0.0,2026-10-02T01:01:04.695736+02:00
306897208,de:12067:900311364::1,0.0,2026-10-02T01:01:04.695736+02:00
306897208,de:12067:900311460::1,0.0,2026-10-02T01:01:04.695736+02:00
306897208,de:12067:900310601::1,0.0,2026-10-02T01:01:04.695736+02:00
306897208,de:12067:900311511::1,0.0,2026-10-02T01:01:04.695736+02:00
306897208,de:12067:900311513::2,0.0,2026-10-02T01:01:04.695736+02:00
306897208,de:12067:900311513::1,0.0,2026-10-02T01:01:04.695736+02:00
306897208,de:12067:900311613::1,0.0,2026-10-02T01:01:04.695736+02:00
306897208,de:12067:900311616::1,0.0,2026-10-02T01:01:04.695736+02:00
306897208,de:12067:900311614::1,0.0,2026-10-02T01:01:04.695736+02:00
306897208,de:12067:900311612::1,0.0,2026-10-02T01:01:04.695736+02:00
306897208,de:12067:900311617::1,0.0,2026-10-02T01:01:04.695736+02:00
306897208,de:12067:900311615::1,0.0,2026-10-02T01:01:04.695736+02:00
306897208,de:12067:900311541::1,0.0,2026-10-02T01:01:04.695736+02:00
306897208,de:12067:900311541::2,0.0,2026-10-02T01:01:04.695736+02:00
306897208,de:12067:900311615::2,0.0,2026-10-02T01:01:04.695736+02:00
306897208,de:12067:900311230::1,0.0,2026-10-02T01:01:04.695736+02:00
306897208,de:12067:900311251::1,0.0,2026-10-02T01:01:04.695736+02:00
306897208,de:12067:900311567::1,0.0,2026-10-02T01:01:04.695736+02:00
306897208,de:12067:900311565::2,0.0,2026-10-02T01:01:04.695736+02:00
306897195,de:12067:900311513::1,0.0,2026-10-02T01:01:04.695736+02:00
306897195,de:12067:900311511::2,0.0,2026-10-02T01:01:04.695736+02:00
306897195,de:12067:900310601::2,0.0,2026-10-02T01:01:04.695736+02:00
306897195,de:12067:900311460::1,0.0,2026-10-02T01:01:04.695736+02:00
306897195,de:12067:900311364::2,0.0,2026-10-02T01:01:04.695736+02:00
306897195,de:12067:900311371::2,0.0,2026-10-02T01:01:04.695736+02:00
306897195,de:12067:900311336::1,0.0,2026-10-02T01:01:04.695736+02:00
306897195,de:12067:900311352::1,0.0,2026-10-02T01:01:04.695736+02:00
306897195,de:12067:900311354::1,0.0,2026-10-02T01:01:04.695736+02:00
306897195,de:12067:900311320::2,0.0,2026-10-02T01:01:04.695736+02:00
306897195,de:12067:900311305::2,0.0,2026-10-02T01:01:04.695736+02:00
306897195,de:12067:900311383::1,0.0,2026-10-02T01:01:04.695736+02:00
306897195,de:12067:900311315::2,0.0,2026-10-02T01:01:04.695736+02:00
306897195,de:12067:900311348::2,0.0,2026-10-02T01:01:04.695736+02:00
306897195,de:12067:900311308::4,0.0,2026-10-02T01:01:04.695736+02:00
307438376,de:12052:900470000:6:59,0.0,2026-10-02T01:01:04.695736+02:00
307438376,de:12066:900435001:2:52,0.0,2026-10-02T01:01:04.695736+02:00
307438376,de:12066:900435000:1:50,0.0,2026-10-02T01:01:04.695736+02:00
307438376,de:12066:900435061:2:51,0.0,2026-10-02T01:01:04.695736+02:00
307438376,de:12066:900435203:2:51,0.0,2026-10-02T01:01:04.695736+02:00
307438376,de:12062:900416008:1:50,0.0,2026-10-02T01:01:04.695736+02:00
307438376,de:12062:900415167:1:50,0.0,2026-10-02T01:01:04.695736+02:00
307438367,de:12052:900470000:1:50,0.0,2026-10-02T01:01:04.695736+02:00
307438367,de:12066:900435001:2:52,0.0,2026-10-02T01:01:04.695736+02:00
307438367,de:12066:900435000:1:50,0.0,2026-10-02T01:01:04.695736+02:00
307438367,de:12066:900435061:2:51,0.0,2026-10-02T01:01:04.695736+02:00
307438367,de:12066:900435203:2:51,0.0,2026-10-02T01:01:04.695736+02:00
307438367,de:12062:900416008:1:50,0.0,2026-10-02T01:01:04.695736+02:00
307438367,de:12062:900415167:1:51,0.0,2026-10-02T01:01:04.695736+02:00
307438367,de:12062:900415502:1:50,0.0,2026-10-02T01:01:04.695736+02:00
307433579,de:12072:900245029:2:52,0.0,2026-10-02T01:01:04.695736+02:00
307433579,de:12072:900245030:2:51,0.0,2026-10-02T01:01:04.695736+02:00
307433579,de:12061:900260009:2:54,0.0,2026-10-02T01:01:04.695736+02:00
307433579,de:11000:900192001:1:51,0.0,2026-10-02T01:01:04.695736+02:00
307433579,de:11000:900120003:4:57,0.0,2026-10-02T01:01:04.695736+02:00
307433579,de:11000:900160004:4:56,0.0,2026-10-02T01:01:04.695736+02:00
307433579,de:11000:900152001:2:52,0.0,2026-10-02T01:01:04.695736+02:00
307433579,de:12065:900200005:2:1,0.0,2026-10-02T01:01:04.695736+02:00
307433837,de:12065:900200005:2:1,0.0,2026-10-02T01:01:04.695736+02:00
307433837,de:11000:900152001:3:53,0.0,2026-10-02T01:01:04.695736+02:00
307433837,de:11000:900160004:4:56,0.0,2026-10-02T01:01:04.695736+02:00
307433837,de:11000:900120003:4:56,0.0,2026-10-02T01:01:04.695736+02:00
307433837,de:11000:900192001:1:50,0.0,2026-10-02T01:01:04.695736+02:00
307433837,de:12061:900260009:2:54,0.0,2026-10-02T01:01:04.695736+02:00
307433837,de:12072:900245030:2:51,0.0,2026-10-02T01:01:04.695736+02:00
307433837,de:12072:900245029:2:52,0.0,2026-10-02T01:01:04.695736+02:00
307433566,de:12072:900245029:2:52,0.0,2026-10-02T01:01:04.695736+02:00
307433566,de:12072:900245030:2:51,0.0,2026-10-02T01:01:04.695736+02:00
307433566,de:12061:900260009:1:51,0.0,2026-10-02T01:01:04.695736+02:00
307433566,de:11000:900192001:1:50,0.0,2026-10-02T01:01:04.695736+02:00
307433566,de:11000:900120003:4:57,0.0,2026-10-02T01:01:04.695736+02:00
307433566,de:11000:900160004:4:56,0.0,2026-10-02T01:01:04.695736+02:00
307431399,de:12065:900200000:1:51,0.0,2026-10-02T01:01:04.695736+02:00
307431399,de:12063:900210010:2:51,0.0,2026-10-02T01:01:04.695736+02:00
307431399,de:11000:900029101:3:55,0.0,2026-10-02T01:01:04.695736+02:00
307431399,de:11000:900024101:1:51,0.0,2026-10-02T01:01:04.695736+02:00
307431399,de:11000:900053301:3:54,0.0,2026-10-02T01:01:04.695736+02:00
307431399,de:12054:900230003:3:52,0.0,2026-10-02T01:01:04.695736+02:00
307431399,de:12054:900230999:1:51,0.0,2026-10-02T01:01:04.695736+02:00
307431399,de:12054:900230006:1:50,0.0,2026-10-02T01:01:04.695736+02:00
307431399,de:12054:900230007:1:50,0.0,2026-10-02T01:01:04.695736+02:00
307431399,de:12054:900220010:1:50,0.0,2026-10-02T01:01:04.695736+02:00
307431399,de:12054:900220012:2:51,0.0,2026-10-02T01:01:04.695736+02:00
307431399,de:12063:900210001:2:51,0.0,2026-10-02T01:01:04.695736+02:00
306896640,de:12067:900310611::1,0.0,2026-10-02T01:01:04.695736+02:00
306896640,de:12067:900311058::2,0.0,2026-10-02T01:01:04.695736+02:00
306896640,de:12067:900311110::4,0.0,2026-10-02T01:01:04.695736+02:00
306896640,de:12067:900311059::2,0.0,2026-10-02T01:01:04.695736+02:00
306896640,de:12067:900311069::1,0.0,2026-10-02T01:01:04.695736+02:00
306896640,de:12067:900311118::1,0.0,2026-10-02T01:01:04.695736+02:00
306896640,de:12067:900310966::1,0.0,2026-10-02T01:01:04.695736+02:00
306896640,de:12067:900310997::1,0.0,2026-10-02T01:01:04.695736+02:00
306896640,de:12067:900310998::1,0.0,2026-10-02T01:01:04.695736+02:00
306896640,de:12067:900310997::2,0.0,2026-10-02T01:01:04.695736+02:00
306896640,de:12067:900310966::2,0.0,2026-10-02T01:01:04.695736+02:00
306896640,de:12067:900311118::2,0.0,2026-10-02T01:01:04.695736+02:00
306896640,de:12067:900310904::2,0.0,2026-10-02T01:01:04.695736+02:00
306896640,de:12067:900310991::2,0.0,2026-10-02T01:01:04.695736+02:00
306896640,de:12067:900310990::1,0.0,2026-10-02T01:01:04.695736+02:00
306896640,de:12067:900310989::2,0.0,2026-10-02T01:01:04.695736+02:00
306896640,de:12067:900310992::2,-0.5,2026-10-02T01:01:04.695736+02:00
306896640,de:12067:900310995::1,0.0,2026-10-02T01:01:04.695736+02:00
306896640,de:12067:900310779::2,0.0,2026-10-02T01:01:04.695736+02:00
306896640,de:12067:900310808::2,0.0,2026-10-02T01:01:04.695736+02:00
306896640,de:12067:900310822::2,0.0,2026-10-02T01:01:04.695736+02:00
306896640,de:12067:900310781::2,0.0,2026-10-02T01:01:04.695736+02:00
306896640,de:12067:900310627::2,0.0,2026-10-02T01:01:04.695736+02:00
306896640,de:12067:900310816::2,0.0,2026-10-02T01:01:04.695736+02:00
306896640,de:12067:900310022::1,0.0,2026-10-02T01:01:04.695736+02:00
306896640,de:12067:900310001::11,0.0,2026-10-02T01:01:04.695736+02:00
306896631,de:12067:900310611::1,0.0,2026-10-02T01:01:04.695736+02:00
306896631,de:12067:900311058::2,0.0,2026-10-02T01:01:04.695736+02:00
306896631,de:12067:900311110::4,0.0,2026-10-02T01:01:04.695736+02:00
306896631,de:12067:900311059::2,0.0,2026-10-02T01:01:04.695736+02:00
306896631,de:12067:900311069::1,0.0,2026-10-02T01:01:04.695736+02:00
306896631,de:12067:900311118::1,0.0,2026-10-02T01:01:04.695736+02:00
306896631,de:12067:900310966::1,0.0,2026-10-02T01:01:04.695736+02:00
306896631,de:12067:900310997::1,0.0,2026-10-02T01:01:04.695736+02:00
306896631,de:12067:900310998::1,0.0,2026-10-02T01:01:04.695736+02:00
306896631,de:12067:900310997::2,0.0,2026-10-02T01:01:04.695736+02:00
306896631,de:12067:900310966::2,0.0,2026-10-02T01:01:04.695736+02:00
306896631,de:12067:900311118::2,0.0,2026-10-02T01:01:04.695736+02:00
306896631,de:12067:900310904::2,0.0,2026-10-02T01:01:04.695736+02:00
306896631,de:12067:900310991::2,0.0,2026-10-02T01:01:04.695736+02:00
306896631,de:12067:900310990::1,0.0,2026-10-02T01:01:04.695736+02:00
306896631,de:12067:900310989::2,0.0,2026-10-02T01:01:04.695736+02:00
306896631,de:12067:900310992::2,-0.5,2026-10-02T01:01:04.695736+02:00
306896631,de:12067:900310995::1,0.0,2026-10-02T01:01:04.695736+02:00
306896631,de:12067:900310779::2,0.0,2026-10-02T01:01:04.695736+02:00
306896631,de:12067:900310808::2,0.0,2026-10-02T01:01:04.695736+02:00
306896631,de:12067:900310822::2,0.0,2026-10-02T01:01:04.695736+02:00
306896631,de:12067:900310781::2,0.0,2026-10-02T01:01:04.695736+02:00
306896631,de:12067:900310627::2,0.0,2026-10-02T01:01:04.695736+02:00
306896631,de:12067:900310816::2,0.0,2026-10-02T01:01:04.695736+02:00
306896631,de:12067:900310022::1,0.0,2026-10-02T01:01:04.695736+02:00
306896631,de:12067:900310001::11,0.0,2026-10-02T01:01:04.695736+02:00
307437870,de:12062:900415345:2:52,0.0,2026-10-02T01:01:04.695736+02:00
307437870,de:12062:900415240:1:50,0.0,2026-10-02T01:01:04.695736+02:00
307437870,de:12062:900415167:1:50,0.0,2026-10-02T01:01:04.695736+02:00
307437870,de:12062:900416008:2:51,0.0,2026-10-02T01:01:04.695736+02:00
307437870,de:12066:900435203:1:50,0.0,2026-10-02T01:01:04.695736+02:00
307437870,de:12066:900435061:3:54,0.0,2026-10-02T01:01:04.695736+02:00
307437870,de:12066:900435802:1:50,0.0,2026-10-02T01:01:04.695736+02:00
307437870,de:12066:900435000:1:50,0.0,2026-10-02T01:01:04.695736+02:00
307437870,de:12066:900435001:1:50,0.0,2026-10-02T01:01:04.695736+02:00
307437870,de:12066:900435800:2:51,0.0,2026-10-02T01:01:04.695736+02:00
307437870,de:12066:900435347:2:51,0.0,2026-10-02T01:01:04.695736+02:00
307437870,de:12071:900445360:1:51,0.0,2026-10-02T01:01:04.695736+02:00
307437870,de:12071:900445986:1:50,0.0,2026-10-02T01:01:04.695736+02:00
307437870,de:12052:900470000:1:50,0.0,2026-10-02T01:01:04.695736+02:00
307435548,de:11000:900003200:1:50,0.0,2026-10-02T01:01:04.695736+02:00
307435548,de:11000:900100020:1:50,0.0,2026-10-02T01:01:04.695736+02:00
307435548,de:11000:900058101:2:52,0.0,2026-10-02T01:01:04.695736+02:00
307435548,de:12061:900260009:2:54,0.0,2026-10-02T01:01:04.695736+02:00
307440262,de:12065:900203452:1:51,0.0,2026-10-02T01:01:04.695736+02:00
307440262,de:12065:900204001:1:50,0.0,2026-10-02T01:01:04.695736+02:00
307440262,de:12065:900203671:1:50,0.0,2026-10-02T01:01:04.695736+02:00
307440262,de:12065:900204003:1:50,0.0,2026-10-02T01:01:04.695736+02:00
307440262,de:12065:900200004:1:51,0.0,2026-10-02T01:01:04.695736+02:00
307440262,de:12065:900200000:1:51,0.0,2026-10-02T01:01:04.695736+02:00
307440220,de:12065:900200004:1:50,0.0,2026-10-02T01:01:04.695736+02:00
307440220,de:12065:900200000:1:51,0.0,2026-10-02T01:01:04.695736+02:00
307435942,de:11000:900053301:3:54,0.0,2026-10-02T01:01:04.695736+02:00
307435942,de:12054:900230001:1:50,0.0,2026-10-02T01:01:04.695736+02:00
307435942,de:12069:900220008:1:50,0.0,2026-10-02T01:01:04.695736+02:00
307435942,de:12069:900220006:1:50,0.0,2026-10-02T01:01:04.695736+02:00
307435942,de:12069:900220003:1:50,0.0,2026-10-02T01:01:04.695736+02:00
307435942,de:12069:900220004:1:50,0.0,2026-10-02T01:01:04.695736+02:00
307435942,de:12069:900220005:1:50,0.0,2026-10-02T01:01:04.695736+02:00
307435942,de:12069:900222030:1:50,0.0,2026-10-02T01:01:04.695736+02:00
307435942,de:12069:900220141:1:50,0.0,2026-10-02T01:01:04.695736+02:00
307435942,de:12069:900220142:1:50,0.0,2026-10-02T01:01:04.695736+02:00
307435942,de:12069:900220143:1:50,0.0,2026-10-02T01:01:04.695736+02:00
306895831,de:12067:900311115::2,0.0,2026-10-02T01:01:04.695736+02:00
306895831,de:12067:900310773::2,0.0,2026-10-02T01:01:04.695736+02:00
306895831,de:12067:900310797::2,0.0,2026-10-02T01:01:04.695736+02:00
306895831,de:12067:900310789::2,0.0,2026-10-02T01:01:04.695736+02:00
306895831,de:12067:900310781::2,0.0,2026-10-02T01:01:04.695736+02:00
306895831,de:12067:900311155::1,0.0,2026-10-02T01:01:04.695736+02:00
306895831,de:12067:900311149::2,0.0,2026-10-02T01:01:04.695736+02:00
306895831,de:12067:900310001::11,0.0,2026-10-02T01:01:04.695736+02:00
295893155,de:11000:900058101:1:50,0.0,2026-10-02T01:01:04.695736+02:00
295893155,de:11000:900058103:1:51,-0.1,2026-10-02T01:01:04.695736+02:00
295893155,de:11000:900012101:2:53,-0.7,2026-10-02T01:01:04.695736+02:00
295893155,de:11000:900100020:4:57,-0.8,2026-10-02T01:01:04.695736+02:00
295893155,de:11000:900100025:1:51,-0.9,2026-10-02T01:01:04.695736+02:00
295893155,de:11000:900100001:4:57,-0.6,2026-10-02T01:01:04.695736+02:00
295893155,de:11000:900100007:1:51,-0.7,2026-10-02T01:01:04.695736+02:00
295893155,de:11000:900007104:2:52,-0.7,2026-10-02T01:01:04.695736+02:00
295893155,de:11000:900008101:1:51,-0.4,2026-10-02T01:01:04.695736+02:00
295893155,de:11000:900007102:2:53,-0.1,2026-10-02T01:01:04.695736+02:00
295893155,de:11000:900110011:2:52,-0.4,2026-10-02T01:01:04.695736+02:00
295893155,de:11000:900130002:1:50,-0.7,2026-10-02T01:01:04.695736+02:00
295893155,de:11000:900130001:1:50,-0.4,2026-10-02T01:01:04.695736+02:00
295893155,de:11000:900142001:1:50,-0.9,2026-10-02T01:01:04.695736+02:00
295893155,de:11000:900143001:1:51,-0.7,2026-10-02T01:01:04.695736+02:00
295893155,de:11000:900135001:1:50,-0.4,2026-10-02T01:01:04.695736+02:00
295893155,de:12060:900350162:1:50,0.0,2026-10-02T01:01:04.695736+02:00
295893155,de:12060:900350163:1:51,-0.4,2026-10-02T01:01:04.695736+02:00
295893155,de:12060:900350161:1:50,-0.7,2026-10-02T01:01:04.695736+02:00
295893155,de:12060:900350160:1:51,-0.4,2026-10-02T01:01:04.695736+02:00
295893116,de:12072:900245027:2:52,0.0,2026-10-02T01:01:04.695736+02:00
295893116,de:12072:900245028:1:50,-0.9,2026-10-02T01:01:04.695736+02:00
295893116,de:11000:900074201:1:50,-0.9,2026-10-02T01:01:04.695736+02:00
295893116,de:11000:900074202:2:51,-0.1,2026-10-02T01:01:04.695736+02:00
295893116,de:11000:900072101:2:51,-0.1,2026-10-02T01:01:04.695736+02:00
295893116,de:11000:900073101:1:51,-0.4,2026-10-02T01:01:04.695736+02:00
295893116,de:11000:900068301:1:51,-0.7,2026-10-02T01:01:04.695736+02:00
295893116,de:11000:900058102:2:51,-0.7,2026-10-02T01:01:04.695736+02:00
295893116,de:11000:900058101:1:51,-0.3,2026-10-02T01:01:04.695736+02:00
295893116,de:11000:900058103:1:51,-0.1,2026-10-02T01:01:04.695736+02:00
295893116,de:11000:900012101:2:53,-0.7,2026-10-02T01:01:04.695736+02:00
295893116,de:11000:900100020:4:57,-0.8,2026-10-02T01:01:04.695736+02:00
295893116,de:11000:900100025:1:51,-0.9,2026-10-02T01:01:04.695736+02:00
295893116,de:11000:900100001:4:57,-0.6,2026-10-02T01:01:04.695736+02:00
295893116,de:11000:900100007:1:51,-0.7,2026-10-02T01:01:04.695736+02:00
295893116,de:11000:900007104:2:52,-0.7,2026-10-02T01:01:04.695736+02:00
295893116,de:11000:900008101:1:51,-0.4,2026-10-02T01:01:04.695736+02:00
295893116,de:11000:900007102:2:53,-0.1,2026-10-02T01:01:04.695736+02:00
295893116,de:11000:900110011:2:52,-0.4,2026-10-02T01:01:04.695736+02:00
295893116,de:11000:900130002:1:50,-0.7,2026-10-02T01:01:04.695736+02:00
295893116,de:11000:900130001:1:50,-0.4,2026-10-02T01:01:04.695736+02:00
295893116,de:11000:900142001:1:50,-0.9,2026-10-02T01:01:04.695736+02:00
295893116,de:11000:900143001:1:51,-0.7,2026-10-02T01:01:04.695736+02:00
295893116,de:11000:900135001:1:50,-0.4,2026-10-02T01:01:04.695736+02:00
295893116,de:12060:900350162:1:50,0.0,2026-10-02T01:01:04.695736+02:00
295893116,de:12060:900350163:1:51,-0.4,2026-10-02T01:01:04.695736+02:00
295893116,de:12060:900350161:1:50,-0.7,2026-10-02T01:01:04.695736+02:00
295893116,de:12060:900350160:1:51,-0.4,2026-10-02T01:01:04.695736+02:00
295893097,de:12072:900245027:2:52,0.0,2026-10-02T01:01:04.695736+02:00
295893097,de:12072:900245028:1:50,-0.9,2026-10-02T01:01:04.695736+02:00
295893097,de:11000:900074201:1:50,-0.9,2026-10-02T01:01:04.695736+02:00
295893097,de:11000:900074202:2:51,-0.1,2026-10-02T01:01:04.695736+02:00
295893097,de:11000:900072101:2:51,-0.1,2026-10-02T01:01:04.695736+02:00
295893097,de:11000:900073101:1:51,-0.4,2026-10-02T01:01:04.695736+02:00
295893097,de:11000:900068301:1:51,-0.7,2026-10-02T01:01:04.695736+02:00
295893097,de:11000:900058102:2:51,-0.7,2026-10-02T01:01:04.695736+02:00
295893097,de:11000:900058101:1:51,-0.3,2026-10-02T01:01:04.695736+02:00
295893097,de:11000:900058103:1:51,-0.1,2026-10-02T01:01:04.695736+02:00
295893097,de:11000:900012101:2:53,-0.7,2026-10-02T01:01:04.695736+02:00
295893097,de:11000:900100020:4:57,-0.8,2026-10-02T01:01:04.695736+02:00
295893097,de:11000:900100025:1:51,-0.9,2026-10-02T01:01:04.695736+02:00
295893097,de:11000:900100001:4:57,-0.6,2026-10-02T01:01:04.695736+02:00
295893097,de:11000:900100007:1:51,-0.7,2026-10-02T01:01:04.695736+02:00
295893097,de:11000:900007104:2:52,-0.7,2026-10-02T01:01:04.695736+02:00
295893097,de:11000:900008101:1:51,-0.4,2026-10-02T01:01:04.695736+02:00
295893097,de:11000:900007102:2:53,-0.1,2026-10-02T01:01:04.695736+02:00
295893097,de:11000:900110011:2:52,-0.4,2026-10-02T01:01:04.695736+02:00
295893097,de:11000:900130002:1:50,-0.7,2026-10-02T01:01:04.695736+02:00
295893097,de:11000:900130001:1:50,-0.4,2026-10-02T01:01:04.695736+02:00
295893097,de:11000:900142001:1:50,-0.9,2026-10-02T01:01:04.695736+02:00
295893097,de:11000:900143001:1:51,-0.7,2026-10-02T01:01:04.695736+02:00
295893097,de:11000:900135001:1:50,-0.4,2026-10-02T01:01:04.695736+02:00
295893097,de:12060:900350162:1:50,0.0,2026-10-02T01:01:04.695736+02:00
295893097,de:12060:900350163:1:51,-0.4,2026-10-02T01:01:04.695736+02:00
295893097,de:12060:900350161:1:50,-0.7,2026-10-02T01:01:04.695736+02:00
295893097,de:12060:900350160:1:51,-0.4,2026-10-02T01:01:04.695736+02:00
295892973,de:12060:900350160:1:51,0.0,2026-10-02T01:01:04.695736+02:00
295892973,de:12060:900350161:1:50,-0.3,2026-10-02T01:01:04.695736+02:00
295892973,de:12060:900350163:1:50,-0.1,2026-10-02T01:01:04.695736+02:00
295892973,de:12060:900350162:1:50,-0.8,2026-10-02T01:01:04.695736+02:00
295892973,de:11000:900135001:1:50,-0.3,2026-10-02T01:01:04.695736+02:00
295892973,de:11000:900143001:1:51,-0.8,2026-10-02T01:01:04.695736+02:00
295892973,de:11000:900142001:1:51,-0.3,2026-10-02T01:01:04.695736+02:00
295892973,de:11000:900130001:1:51,-0.8,2026-10-02T01:01:04.695736+02:00
295892973,de:11000:900130002:1:51,-0.3,2026-10-02T01:01:04.695736+02:00
295892973,de:11000:900110011:1:51,-0.7,2026-10-02T01:01:04.695736+02:00
295892973,de:11000:900007102:1:50,-0.7,2026-10-02T01:01:04.695736+02:00
295892973,de:11000:900008101:1:50,-0.5,2026-10-02T01:01:04.695736+02:00
295892973,de:11000:900007104:1:51,-0.2,2026-10-02T01:01:04.695736+02:00
295892973,de:11000:900100007:1:50,-0.2,2026-10-02T01:01:04.695736+02:00
295892973,de:11000:900100001:4:56,0.0,2026-10-02T01:01:04.695736+02:00
295892973,de:11000:900100025:1:50,-0.9,2026-10-02T01:01:04.695736+02:00
295892973,de:11000:900100020:3:54,-0.9,2026-10-02T01:01:04.695736+02:00
295892973,de:11000:900012101:1:51,0.0,2026-10-02T01:01:04.695736+02:00
295892973,de:11000:900058103:1:50,-0.8,2026-10-02T01:01:04.695736+02:00
295892973,de:11000:900058101:1:50,-0.4,2026-10-02T01:01:04.695736+02:00
295892973,de:11000:900058102:1:50,-0.4,2026-10-02T01:01:04.695736+02:00
295892973,de:11000:900068301:1:50,-0.7,2026-10-02T01:01:04.695736+02:00
295892973,de:11000:900073101:1:50,-0.9,2026-10-02T01:01:04.695736+02:00
295892973,de:11000:900072101:1:50,-0.2,2026-10-02T01:01:04.695736+02:00
295892973,de:11000:900074202:1:50,-0.2,2026-10-02T01:01:04.695736+02:00
295892973,de:11000:900074201:1:50,-0.4,2026-10-02T01:01:04.695736+02:00
295892973,de:12072:900245028:1:51,-0.9,2026-10-02T01:01:04.695736+02:00
295892973,de:12072:900245027:2:52,-0.9,2026-10-02T01:01:04.695736+02:00
295893071,de:12072:900245027:2:52,0.0,2026-10-02T01:01:04.695736+02:00
295893071,de:12072:900245028:1:50,-0.9,2026-10-02T01:01:04.695736+02:00
295893071,de:11000:900074201:1:50,-0.9,2026-10-02T01:01:04.695736+02:00
295893071,de:11000:900074202:2:51,-0.1,2026-10-02T01:01:04.695736+02:00
295893071,de:11000:900072101:2:51,-0.1,2026-10-02T01:01:04.695736+02:00
295893071,de:11000:900073101:1:51,-0.4,2026-10-02T01:01:04.695736+02:00
295893071,de:11000:900068301:1:51,-0.7,2026-10-02T01:01:04.695736+02:00
295893071,de:11000:900058102:2:51,-0.7,2026-10-02T01:01:04.695736+02:00
295893071,de:11000:900058101:1:51,-0.3,2026-10-02T01:01:04.695736+02:00
295893071,de:11000:900058103:1:51,-0.1,2026-10-02T01:01:04.695736+02:00
295893071,de:11000:900012101:2:53,-0.7,2026-10-02T01:01:04.695736+02:00
295893071,de:11000:900100020:4:57,-0.8,2026-10-02T01:01:04.695736+02:00
295893071,de:11000:900100025:1:51,-0.9,2026-10-02T01:01:04.695736+02:00
295893071,de:11000:900100001:4:57,-0.6,2026-10-02T01:01:04.695736+02:00
295893071,de:11000:900100007:1:51,-0.7,2026-10-02T01:01:04.695736+02:00
295893071,de:11000:900007104:2:52,-0.7,2026-10-02T01:01:04.695736+02:00
295893071,de:11000:900008101:1:51,-0.4,2026-10-02T01:01:04.695736+02:00
295893071,de:11000:900007102:2:53,-0.1,2026-10-02T01:01:04.695736+02:00
295893071,de:11000:900110011:2:52,-0.4,2026-10-02T01:01:04.695736+02:00
295893071,de:11000:900130002:1:50,-0.7,2026-10-02T01:01:04.695736+02:00
295893071,de:11000:900130001:1:50,-0.4,2026-10-02T01:01:04.695736+02:00
295893071,de:11000:900142001:1:50,-0.9,2026-10-02T01:01:04.695736+02:00
295893071,de:11000:900143001:1:51,-0.7,2026-10-02T01:01:04.695736+02:00
295893071,de:11000:900135001:1:50,-0.4,2026-10-02T01:01:04.695736+02:00
295893071,de:12060:900350162:1:50,0.0,2026-10-02T01:01:04.695736+02:00
295893071,de:12060:900350163:1:51,-0.4,2026-10-02T01:01:04.695736+02:00
295893071,de:12060:900350161:1:50,-0.7,2026-10-02T01:01:04.695736+02:00
295893071,de:12060:900350160:1:51,-0.4,2026-10-02T01:01:04.695736+02:00
295893069,de:12072:900245027:2:52,0.0,2026-10-02T01:01:04.695736+02:00
295893069,de:12072:900245028:1:50,-0.9,2026-10-02T01:01:04.695736+02:00
295893069,de:11000:900074201:1:50,-0.9,2026-10-02T01:01:04.695736+02:00
295893069,de:11000:900074202:2:51,-0.1,2026-10-02T01:01:04.695736+02:00
295893069,de:11000:900072101:2:51,-0.1,2026-10-02T01:01:04.695736+02:00
295893069,de:11000:900073101:1:51,-0.4,2026-10-02T01:01:04.695736+02:00
295893069,de:11000:900068301:1:51,-0.7,2026-10-02T01:01:04.695736+02:00
295893069,de:11000:900058102:2:51,-0.7,2026-10-02T01:01:04.695736+02:00
295893069,de:11000:900058101:1:51,-0.3,2026-10-02T01:01:04.695736+02:00
295893069,de:11000:900058103:1:51,-0.1,2026-10-02T01:01:04.695736+02:00
295893069,de:11000:900012101:2:53,-0.7,2026-10-02T01:01:04.695736+02:00
295893069,de:11000:900100020:4:57,-0.8,2026-10-02T01:01:04.695736+02:00
295893069,de:11000:900100025:1:51,-0.9,2026-10-02T01:01:04.695736+02:00
295893069,de:11000:900100001:4:57,-0.6,2026-10-02T01:01:04.695736+02:00
295893069,de:11000:900100007:1:51,-0.7,2026-10-02T01:01:04.695736+02:00
295893069,de:11000:900007104:2:52,-0.7,2026-10-02T01:01:04.695736+02:00
295893069,de:11000:900008101:1:51,-0.4,2026-10-02T01:01:04.695736+02:00
295893069,de:11000:900007102:2:53,-0.1,2026-10-02T01:01:04.695736+02:00
295893069,de:11000:900110011:2:52,-0.4,2026-10-02T01:01:04.695736+02:00
295893069,de:11000:900130002:1:50,-0.7,2026-10-02T01:01:04.695736+02:00
295893069,de:11000:900130001:1:50,-0.4,2026-10-02T01:01:04.695736+02:00
295893069,de:11000:900142001:1:50,-0.9,2026-10-02T01:01:04.695736+02:00
295893069,de:11000:900143001:1:51,-0.7,2026-10-02T01:01:04.695736+02:00
295893069,de:11000:900135001:1:50,-0.4,2026-10-02T01:01:04.695736+02:00
295893069,de:12060:900350162:1:50,0.0,2026-10-02T01:01:04.695736+02:00
295893069,de:12060:900350163:1:51,-0.4,2026-10-02T01:01:04.695736+02:00
295893069,de:12060:900350161:1:50,-0.7,2026-10-02T01:01:04.695736+02:00
295893069,de:12060:900350160:1:51,-0.4,2026-10-02T01:01:04.695736+02:00
307430069,de:12061:900260009:2:54,0.0,2026-10-02T01:01:04.695736+02:00
307430069,de:11000:900058101:4:57,0.0,2026-10-02T01:01:04.695736+02:00
307430069,de:11000:900100020:2:53,0.0,2026-10-02T01:01:04.695736+02:00
307430069,de:11000:900003200:3:55,0.0,2026-10-02T01:01:04.695736+02:00
307429980,de:11000:900003200:3:55,0.0,2026-10-02T01:01:04.695736+02:00
307429980,de:11000:900007102:4:57,0.0,2026-10-02T01:01:04.695736+02:00
307429980,de:11000:900120003:4:56,0.0,2026-10-02T01:01:04.695736+02:00
307429980,de:11000:900192001:1:51,0.0,2026-10-02T01:01:04.695736+02:00
307429980,de:12061:900260009:2:54,0.0,2026-10-02T01:01:04.695736+02:00
295900355,de:12069:900220114:1:51,0.0,2026-10-02T01:01:04.695736+02:00
295900355,de:11000:900064201:1:51,-0.1,2026-10-02T01:01:04.695736+02:00
295900355,de:11000:900064256:1:51,0.0,2026-10-02T01:01:04.695736+02:00
295900355,de:11000:900064301:3:53,-0.3,2026-10-02T01:01:04.695736+02:00
295900355,de:11000:900067221:1:50,-0.3,2026-10-02T01:01:04.695736+02:00
295900355,de:11000:900063452:1:51,-0.4,2026-10-02T01:01:04.695736+02:00
295900355,de:11000:900058102:2:53,-0.5,2026-10-02T01:01:04.695736+02:00
295900355,de:11000:900058101:1:51,-0.3,2026-10-02T01:01:04.695736+02:00
295900355,de:11000:900058103:1:51,0.0,2026-10-02T01:01:04.695736+02:00
295900355,de:11000:900012101:2:53,-0.7,2026-10-02T01:01:04.695736+02:00
295900355,de:11000:900100020:4:57,-0.8,2026-10-02T01:01:04.695736+02:00
295900355,de:11000:900100025:1:51,-0.9,2026-10-02T01:01:04.695736+02:00
295900355,de:11000:900100001:4:57,-0.6,2026-10-02T01:01:04.695736+02:00
295900355,de:11000:900100007:1:51,-0.7,2026-10-02T01:01:04.695736+02:00
295900355,de:11000:900007104:2:52,-0.7,2026-10-02T01:01:04.695736+02:00
295900355,de:11000:900008101:1:51,-0.4,2026-10-02T01:01:04.695736+02:00
295900355,de:11000:900007102:2:53,-0.2,2026-10-02T01:01:04.695736+02:00
295900355,de:11000:900110011:2:53,-0.4,2026-10-02T01:01:04.695736+02:00
295900355,de:11000:900085201:1:50,-0.8,2026-10-02T01:01:04.695736+02:00
295900355,de:11000:900085105:1:50,-0.8,2026-10-02T01:01:04.695736+02:00
295900355,de:11000:900096458:1:50,-0.1,2026-10-02T01:01:04.695736+02:00
295900355,de:11000:900096405:1:50,-0.8,2026-10-02T01:01:04.695736+02:00
295900355,de:11000:900089303:1:50,-0.7,2026-10-02T01:01:04.695736+02:00
295900355,de:11000:900091205:1:50,-0.3,2026-10-02T01:01:04.695736+02:00
295900355,de:11000:900091203:1:50,-0.5,2026-10-02T01:01:04.695736+02:00
295900355,de:12065:900200000:1:55,-0.7,2026-10-02T01:01:04.695736+02:00
295900353,de:12069:900220114:1:51,0.0,2026-10-02T01:01:04.695736+02:00
295900353,de:11000:900064201:1:51,-0.1,2026-10-02T01:01:04.695736+02:00
295900353,de:11000:900064256:1:51,0.0,2026-10-02T01:01:04.695736+02:00
295900353,de:11000:900064301:3:53,-0.3,2026-10-02T01:01:04.695736+02:00
295900353,de:11000:900067221:1:50,-0.3,2026-10-02T01:01:04.695736+02:00
295900353,de:11000:900063452:1:51,-0.4,2026-10-02T01:01:04.695736+02:00
295900353,de:11000:900058102:2:53,-0.5,2026-10-02T01:01:04.695736+02:00
295900353,de:11000:900058101:1:51,-0.3,2026-10-02T01:01:04.695736+02:00
295900353,de:11000:900058103:1:51,0.0,2026-10-02T01:01:04.695736+02:00
295900353,de:11000:900012101:2:53,-0.7,2026-10-02T01:01:04.695736+02:00
295900353,de:11000:900100020:4:57,-0.8,2026-10-02T01:01:04.695736+02:00
295900353,de:11000:900100025:1:51,-0.9,2026-10-02T01:01:04.695736+02:00
295900353,de:11000:900100001:4:57,-0.6,2026-10-02T01:01:04.695736+02:00
295900353,de:11000:900100007:1:51,-0.7,2026-10-02T01:01:04.695736+02:00
295900353,de:11000:900007104:2:52,-0.7,2026-10-02T01:01:04.695736+02:00
295900353,de:11000:900008101:1:51,-0.4,2026-10-02T01:01:04.695736+02:00
295900353,de:11000:900007102:2:53,-0.2,2026-10-02T01:01:04.695736+02:00
295900353,de:11000:900110011:2:53,-0.4,2026-10-02T01:01:04.695736+02:00
295900353,de:11000:900085201:1:50,-0.8,2026-10-02T01:01:04.695736+02:00
295900353,de:11000:900085105:1:50,-0.8,2026-10-02T01:01:04.695736+02:00
295900353,de:11000:900096458:1:50,-0.1,2026-10-02T01:01:04.695736+02:00
295900353,de:11000:900096405:1:50,-0.8,2026-10-02T01:01:04.695736+02:00
295900353,de:11000:900089303:1:50,-0.7,2026-10-02T01:01:04.695736+02:00
295900353,de:11000:900091205:1:50,-0.3,2026-10-02T01:01:04.695736+02:00
295900353,de:11000:900091203:1:50,-0.5,2026-10-02T01:01:04.695736+02:00
295900353,de:12065:900200000:1:55,-0.7,2026-10-02T01:01:04.695736+02:00
295900289,de:12065:900200000:4:54,0.0,2026-10-02T01:01:04.695736+02:00
295900289,de:11000:900091203:1:50,0.0,2026-10-02T01:01:04.695736+02:00
295900289,de:11000:900091205:1:50,-0.2,2026-10-02T01:01:04.695736+02:00
295900289,de:11000:900089303:1:51,-0.5,2026-10-02T01:01:04.695736+02:00
295900289,de:11000:900096405:1:50,-0.8,2026-10-02T01:01:04.695736+02:00
295900289,de:11000:900096458:1:50,-0.5,2026-10-02T01:01:04.695736+02:00
295900289,de:11000:900085105:1:50,-0.8,2026-10-02T01:01:04.695736+02:00
295900289,de:11000:900085201:1:51,0.0,2026-10-02T01:01:04.695736+02:00
295900289,de:11000:900130003:1:51,-0.8,2026-10-02T01:01:04.695736+02:00
295900289,de:11000:900110011:1:50,-0.9,2026-10-02T01:01:04.695736+02:00
295900289,de:11000:900007102:1:50,-0.7,2026-10-02T01:01:04.695736+02:00
295900289,de:11000:900008101:1:50,-0.4,2026-10-02T01:01:04.695736+02:00
295900289,de:11000:900007104:1:51,-0.2,2026-10-02T01:01:04.695736+02:00
295900289,de:11000:900100007:1:50,-0.2,2026-10-02T01:01:04.695736+02:00
295900289,de:11000:900100001:4:56,0.0,2026-10-02T01:01:04.695736+02:00
295900289,de:11000:900100025:1:50,-0.9,2026-10-02T01:01:04.695736+02:00
295900289,de:11000:900100020:3:54,-0.9,2026-10-02T01:01:04.695736+02:00
295900289,de:11000:900012101:1:51,0.0,2026-10-02T01:01:04.695736+02:00
295900289,de:11000:900058103:1:50,-0.7,2026-10-02T01:01:04.695736+02:00
295900289,de:11000:900058101:1:50,-0.3,2026-10-02T01:01:04.695736+02:00
295900289,de:11000:900058102:1:52,0.0,2026-10-02T01:01:04.695736+02:00
295900289,de:11000:900063452:1:50,-0.1,2026-10-02T01:01:04.695736+02:00
295900289,de:11000:900067221:1:50,-0.2,2026-10-02T01:01:04.695736+02:00
295900289,de:11000:900064301:3:52,-0.2,2026-10-02T01:01:04.695736+02:00
295900289,de:11000:900064256:1:50,-0.7,2026-10-02T01:01:04.695736+02:00
295900289,de:11000:900064201:1:50,-0.6,2026-10-02T01:01:04.695736+02:00
295900289,de:12069:900220114:1:51,-0.9,2026-10-02T01:01:04.695736+02:00
295900375,de:12069:900220114:1:51,0.0,2026-10-02T01:01:04.695736+02:00
295900375,de:11000:900064201:1:51,-0.1,2026-10-02T01:01:04.695736+02:00
295900375,de:11000:900064256:1:51,0.0,2026-10-02T01:01:04.695736+02:00
295900375,de:11000:900064301:3:53,-0.3,2026-10-02T01:01:04.695736+02:00
295900375,de:11000:900067221:1:50,-0.3,2026-10-02T01:01:04.695736+02:00
295900375,de:11000:900063452:1:51,-0.4,2026-10-02T01:01:04.695736+02:00
295900375,de:11000:900058102:2:53,-0.5,2026-10-02T01:01:04.695736+02:00
295900375,de:11000:900058101:1:51,-0.3,2026-10-02T01:01:04.695736+02:00
295900375,de:11000:900058103:1:51,0.0,2026-10-02T01:01:04.695736+02:00
295900375,de:11000:900012101:2:53,-0.7,2026-10-02T01:01:04.695736+02:00
295900375,de:11000:900100020:4:57,-0.8,2026-10-02T01:01:04.695736+02:00
295900375,de:11000:900100025:1:51,-0.9,2026-10-02T01:01:04.695736+02:00
295900375,de:11000:900100001:4:57,-0.6,2026-10-02T01:01:04.695736+02:00
295900375,de:11000:900100007:1:51,-0.7,2026-10-02T01:01:04.695736+02:00
295900375,de:11000:900007104:2:52,-0.7,2026-10-02T01:01:04.695736+02:00
295900375,de:11000:900008101:1:51,-0.4,2026-10-02T01:01:04.695736+02:00
295900375,de:11000:900007102:2:53,-0.2,2026-10-02T01:01:04.695736+02:00
295900375,de:11000:900110011:2:53,-0.4,2026-10-02T01:01:04.695736+02:00
295900375,de:11000:900085201:1:50,-0.8,2026-10-02T01:01:04.695736+02:00
295900375,de:11000:900085105:1:50,-0.8,2026-10-02T01:01:04.695736+02:00
295900375,de:11000:900096458:1:50,-0.1,2026-10-02T01:01:04.695736+02:00
295900375,de:11000:900096405:1:50,-0.8,2026-10-02T01:01:04.695736+02:00
295900375,de:11000:900089303:1:50,-0.7,2026-10-02T01:01:04.695736+02:00
295900375,de:11000:900091205:1:50,-0.3,2026-10-02T01:01:04.695736+02:00
295900375,de:11000:900091203:1:50,-0.5,2026-10-02T01:01:04.695736+02:00
295900375,de:12065:900200000:4:54,-0.7,2026-10-02T01:01:04.695736+02:00
295896127,de:11000:900135001:1:50,0.0,2026-10-02T01:01:04.695736+02:00
295896127,de:11000:900143001:1:51,-0.8,2026-10-02T01:01:04.695736+02:00
295896127,de:11000:900142001:1:51,-0.3,2026-10-02T01:01:04.695736+02:00
295896127,de:11000:900130001:1:51,-0.8,2026-10-02T01:01:04.695736+02:00
295896127,de:11000:900130002:1:51,-0.3,2026-10-02T01:01:04.695736+02:00
295896127,de:11000:900110011:1:51,-0.7,2026-10-02T01:01:04.695736+02:00
295896127,de:11000:900007102:1:50,-0.7,2026-10-02T01:01:04.695736+02:00
295896127,de:11000:900008101:1:50,-0.5,2026-10-02T01:01:04.695736+02:00
295896127,de:11000:900007104:1:51,-0.2,2026-10-02T01:01:04.695736+02:00
295896127,de:11000:900100007:1:50,-0.2,2026-10-02T01:01:04.695736+02:00
295896127,de:11000:900100001:4:56,0.0,2026-10-02T01:01:04.695736+02:00
295896127,de:11000:900100025:1:50,-0.9,2026-10-02T01:01:04.695736+02:00
295896127,de:11000:900100020:3:54,-0.9,2026-10-02T01:01:04.695736+02:00
295896127,de:11000:900012101:1:51,0.0,2026-10-02T01:01:04.695736+02:00
295896127,de:11000:900058103:1:50,-0.8,2026-10-02T01:01:04.695736+02:00
295896127,de:11000:900058101:1:50,-0.4,2026-10-02T01:01:04.695736+02:00
295896127,de:11000:900058102:1:50,-0.4,2026-10-02T01:01:04.695736+02:00
295896127,de:11000:900068301:1:50,-0.7,2026-10-02T01:01:04.695736+02:00
295896127,de:11000:900073101:1:50,-0.9,2026-10-02T01:01:04.695736+02:00
295896127,de:11000:900072101:1:50,-0.2,2026-10-02T01:01:04.695736+02:00
295896127,de:11000:900074202:1:50,-0.2,2026-10-02T01:01:04.695736+02:00
295896127,de:11000:900074201:1:50,-0.4,2026-10-02T01:01:04.695736+02:00
295896063,de:11000:900135001:1:50,0.0,2026-10-02T01:01:04.695736+02:00
295896063,de:11000:900143001:1:51,-0.8,2026-10-02T01:01:04.695736+02:00
295896063,de:11000:900142001:1:51,-0.3,2026-10-02T01:01:04.695736+02:00
295896063,de:11000:900130001:1:51,-0.8,2026-10-02T01:01:04.695736+02:00
295896063,de:11000:900130002:1:51,-0.3,2026-10-02T01:01:04.695736+02:00
295896063,de:11000:900110011:1:51,-0.7,2026-10-02T01:01:04.695736+02:00
295896063,de:11000:900007102:1:50,-0.7,2026-10-02T01:01:04.695736+02:00
295896063,de:11000:900008101:1:50,-0.5,2026-10-02T01:01:04.695736+02:00
295896063,de:11000:900007104:1:51,-0.2,2026-10-02T01:01:04.695736+02:00
295896063,de:11000:900100007:1:50,-0.2,2026-10-02T01:01:04.695736+02:00
295896063,de:11000:900100001:4:56,0.0,2026-10-02T01:01:04.695736+02:00
295896063,de:11000:900100025:1:50,-0.9,2026-10-02T01:01:04.695736+02:00
295896063,de:11000:900100020:3:54,-0.9,2026-10-02T01:01:04.695736+02:00
295896063,de:11000:900012101:1:51,0.0,2026-10-02T01:01:04.695736+02:00
295896063,de:11000:900058103:1:50,-0.8,2026-10-02T01:01:04.695736+02:00
295896063,de:11000:900058101:1:50,-0.4,2026-10-02T01:01:04.695736+02:00
295896063,de:11000:900058102:1:50,-0.4,2026-10-02T01:01:04.695736+02:00
295896063,de:11000:900068301:1:50,-0.7,2026-10-02T01:01:04.695736+02:00
295896063,de:11000:900073101:1:50,-0.9,2026-10-02T01:01:04.695736+02:00
295896063,de:11000:900072101:1:50,-0.2,2026-10-02T01:01:04.695736+02:00
295896063,de:11000:900074202:1:50,-0.2,2026-10-02T01:01:04.695736+02:00
295896063,de:11000:900074201:1:50,-0.4,2026-10-02T01:01:04.695736+02:00
295903113,de:12069:900220114:1:50,0.0,2026-10-02T01:01:04.695736+02:00
295903113,de:11000:900064201:1:51,-0.1,2026-10-02T01:01:04.695736+02:00
295903113,de:11000:900064256:1:51,0.0,2026-10-02T01:01:04.695736+02:00
295903113,de:11000:900064301:3:53,-0.3,2026-10-02T01:01:04.695736+02:00
295903113,de:11000:900067221:1:50,-0.3,2026-10-02T01:01:04.695736+02:00
295903113,de:11000:900063452:1:51,-0.4,2026-10-02T01:01:04.695736+02:00
295903113,de:11000:900058102:2:53,-0.5,2026-10-02T01:01:04.695736+02:00
295903113,de:11000:900058101:1:51,-0.3,2026-10-02T01:01:04.695736+02:00
295903113,de:11000:900058103:1:51,0.0,2026-10-02T01:01:04.695736+02:00
295903113,de:11000:900012101:2:53,-0.7,2026-10-02T01:01:04.695736+02:00
295903113,de:11000:900100020:4:57,-0.8,2026-10-02T01:01:04.695736+02:00
295903113,de:11000:900100025:1:51,-0.9,2026-10-02T01:01:04.695736+02:00
295903113,de:11000:900100001:4:57,-0.6,2026-10-02T01:01:04.695736+02:00
295903113,de:11000:900100007:1:51,-0.7,2026-10-02T01:01:04.695736+02:00
295903113,de:11000:900007104:2:52,-0.7,2026-10-02T01:01:04.695736+02:00
295903113,de:11000:900008101:1:51,-0.4,2026-10-02T01:01:04.695736+02:00
295903113,de:11000:900007102:2:53,-0.2,2026-10-02T01:01:04.695736+02:00
295903113,de:11000:900110011:2:52,-0.4,2026-10-02T01:01:04.695736+02:00
295903113,de:11000:900130002:1:51,-0.8,2026-10-02T01:01:04.695736+02:00
306896860,de:12067:900311129::4,0.0,2026-10-02T01:01:04.695736+02:00
306896860,de:12067:900311129::4,-12.0,2026-10-02T01:01:04.695736+02:00
306896860,de:12067:900310727::3,0.0,2026-10-02T01:01:04.695736+02:00
306896860,de:12067:900310755::2,0.0,2026-10-02T01:01:04.695736+02:00
306896860,de:12067:900310728::3,0.0,2026-10-02T01:01:04.695736+02:00
306896860,de:12067:900311129::7,0.0,2026-10-02T01:01:04.695736+02:00
306896860,de:12067:900311129::4,12.0,2026-10-02T01:01:04.695736+02:00
306896860,de:12067:900311129::4,0.0,2026-10-02T01:01:04.695736+02:00
306896860,de:12067:900310637::2,0.0,2026-10-02T01:01:04.695736+02:00
306896860,de:12067:900310722::2,-0.5,2026-10-02T01:01:04.695736+02:00
306896860,de:12067:900310841::2,0.0,2026-10-02T01:01:04.695736+02:00
306896860,de:12067:900311002::3,0.0,2026-10-02T01:01:04.695736+02:00
306896860,de:12067:900310908::2,0.0,2026-10-02T01:01:04.695736+02:00
306896860,de:12067:900310975::2,0.0,2026-10-02T01:01:04.695736+02:00
306896860,de:12067:900310974::2,0.0,2026-10-02T01:01:04.695736+02:00
306896860,de:12067:900310914::2,0.0,2026-10-02T01:01:04.695736+02:00
306896860,de:12067:900310703::3,0.0,2026-10-02T01:01:04.695736+02:00
306896860,de:12067:900310915::2,-0.5,2026-10-02T01:01:04.695736+02:00
306896860,de:12067:900310916::2,-0.5,2026-10-02T01:01:04.695736+02:00
306896860,de:12067:900310917::2,0.0,2026-10-02T01:01:04.695736+02:00
306896860,de:12067:900310900::2,0.0,2026-10-02T01:01:04.695736+02:00
306896860,de:12067:900310880::2,0.0,2026-10-02T01:01:04.695736+02:00
306896860,de:12067:900310010::1,0.0,2026-10-02T01:01:04.695736+02:00
306896860,de:12067:900310879::2,0.0,2026-10-02T01:01:04.695736+02:00
306896860,de:12067:900310800::2,0.0,2026-10-02T01:01:04.695736+02:00
306896860,de:12067:900310771::2,0.0,2026-10-02T01:01:04.695736+02:00
306896860,de:12067:900310822::2,0.0,2026-10-02T01:01:04.695736+02:00
306896860,de:12067:900310781::2,0.0,2026-10-02T01:01:04.695736+02:00
306896860,de:12067:900310627::2,-0.5,2026-10-02T01:01:04.695736+02:00
306896860,de:12067:900310816::2,0.0,2026-10-02T01:01:04.695736+02:00
306896860,de:12067:900310022::1,0.0,2026-10-02T01:01:04.695736+02:00
306896860,de:12067:900310001::11,0.0,2026-10-02T01:01:04.695736+02:00
295907158,de:12067:900310004:3:53,0.0,2026-10-02T01:01:04.695736+02:00
295907158,de:11000:900183002:1:50,-0.1,2026-10-02T01:01:04.695736+02:00
295907158,de:11000:900183001:1:50,-0.4,2026-10-02T01:01:04.695736+02:00
295907158,de:11000:900182002:1:50,0.0,2026-10-02T01:01:04.695736+02:00
295907158,de:11000:900182001:1:50,-0.2,2026-10-02T01:01:04.695736+02:00
295907158,de:11000:900180001:1:50,-0.7,2026-10-02T01:01:04.695736+02:00
295907158,de:11000:900180002:1:50,-0.7,2026-10-02T01:01:04.695736+02:00
295907158,de:11000:900162001:1:50,-0.9,2026-10-02T01:01:04.695736+02:00
295907158,de:11000:900160002:1:50,0.0,2026-10-02T01:01:04.695736+02:00
295907158,de:11000:900160001:1:50,-0.3,2026-10-02T01:01:04.695736+02:00
295907158,de:11000:900120003:3:55,-0.1,2026-10-02T01:01:04.695736+02:00
295907158,de:11000:900120004:2:53,-0.6,2026-10-02T01:01:04.695736+02:00
295907158,de:11000:900120005:5:58,-0.9,2026-10-02T01:01:04.695736+02:00
295907158,de:11000:900100004:1:51,-0.4,2026-10-02T01:01:04.695736+02:00
295907158,de:11000:900100003:2:53,-0.4,2026-10-02T01:01:04.695736+02:00
295907158,de:11000:900100002:1:51,-0.4,2026-10-02T01:01:04.695736+02:00
295907158,de:11000:900100001:3:55,-0.4,2026-10-02T01:01:04.695736+02:00
295907158,de:11000:900003201:3:55,-0.1,2026-10-02T01:01:04.695736+02:00
295907158,de:11000:900003102:1:51,-0.8,2026-10-02T01:01:04.695736+02:00
295907158,de:11000:900003103:1:51,-0.9,2026-10-02T01:01:04.695736+02:00
295907158,de:11000:900023201:3:55,-0.8,2026-10-02T01:01:04.695736+02:00
295907158,de:11000:900024203:1:51,-0.8,2026-10-02T01:01:04.695736+02:00
295907158,de:11000:900024101:4:57,-0.8,2026-10-02T01:01:04.695736+02:00
295907158,de:11000:900024102:1:50,-0.1,2026-10-02T01:01:04.695736+02:00
295907158,de:11000:900025423:1:50,-0.4,2026-10-02T01:01:04.695736+02:00
295907158,de:11000:900026105:1:50,-0.7,2026-10-02T01:01:04.695736+02:00
295907158,de:11000:900025321:1:50,-0.3,2026-10-02T01:01:04.695736+02:00
295907158,de:11000:900025424:1:50,-0.3,2026-10-02T01:01:04.695736+02:00
295907158,de:11000:900030202:1:50,-0.9,2026-10-02T01:01:04.695736+02:00
295907158,de:11000:900029101:1:50,-0.9,2026-10-02T01:01:04.695736+02:00
295906935,de:11000:900029101:1:50,0.0,2026-10-02T01:01:04.695736+02:00
295906935,de:11000:900030202:1:50,-0.3,2026-10-02T01:01:04.695736+02:00
295906935,de:11000:900025424:1:51,-0.2,2026-10-02T01:01:04.695736+02:00
295906935,de:11000:900025321:1:51,-0.2,2026-10-02T01:01:04.695736+02:00
295906935,de:11000:900026105:1:50,-0.4,2026-10-02T01:01:04.695736+02:00
295906935,de:11000:900025423:1:50,-0.7,2026-10-02T01:01:04.695736+02:00
295906935,de:11000:900024102:2:53,-0.7,2026-10-02T01:01:04.695736+02:00
295906935,de:11000:900024101:3:55,-0.3,2026-10-02T01:01:04.695736+02:00
295906935,de:11000:900024203:1:51,-0.8,2026-10-02T01:01:04.695736+02:00
295906935,de:11000:900023201:3:54,-0.7,2026-10-02T01:01:04.695736+02:00
295906935,de:11000:900003103:1:50,-0.8,2026-10-02T01:01:04.695736+02:00
295906935,de:11000:900003102:1:50,-0.9,2026-10-02T01:01:04.695736+02:00
295906935,de:11000:900003201:3:54,-0.5,2026-10-02T01:01:04.695736+02:00
295906935,de:11000:900100001:3:54,-0.1,2026-10-02T01:01:04.695736+02:00
295906935,de:11000:900100002:1:50,-0.4,2026-10-02T01:01:04.695736+02:00
295906935,de:11000:900100003:2:52,-0.1,2026-10-02T01:01:04.695736+02:00
295906935,de:11000:900100004:1:50,-0.4,2026-10-02T01:01:04.695736+02:00
295906935,de:11000:900120005:4:55,-0.6,2026-10-02T01:01:04.695736+02:00
295906935,de:11000:900120004:1:50,-0.1,2026-10-02T01:01:04.695736+02:00
295906935,de:11000:900120003:2:53,-0.4,2026-10-02T01:01:04.695736+02:00
295906935,de:11000:900160001:1:51,-0.4,2026-10-02T01:01:04.695736+02:00
295906935,de:11000:900160002:1:50,-0.7,2026-10-02T01:01:04.695736+02:00
295906935,de:11000:900162001:1:51,-0.3,2026-10-02T01:01:04.695736+02:00
295906935,de:11000:900180002:1:51,-0.3,2026-10-02T01:01:04.695736+02:00
295906935,de:11000:900180001:1:50,-0.7,2026-10-02T01:01:04.695736+02:00
295906935,de:11000:900182001:1:51,-0.2,2026-10-02T01:01:04.695736+02:00
295906935,de:11000:900182002:1:51,-0.4,2026-10-02T01:01:04.695736+02:00
295906935,de:11000:900183001:1:51,0.0,2026-10-02T01:01:04.695736+02:00
295906935,de:11000:900183002:1:51,-0.3,2026-10-02T01:01:04.695736+02:00
295906935,de:12067:900310004:3:53,-0.5,2026-10-02T01:01:04.695736+02:00
307434478,de:11000:900192001:1:50,0.0,2026-10-02T01:01:04.695736+02:00
307434478,de:11000:900120003:4:57,0.0,2026-10-02T01:01:04.695736+02:00
307434478,de:11000:900007102:4:56,0.0,2026-10-02T01:01:04.695736+02:00
307434478,de:11000:900029101:2:52,0.0,2026-10-02T01:01:04.695736+02:00
307434478,de:11000:900037168:1:50,0.0,2026-10-02T01:01:04.695736+02:00
307434478,de:12063:900210180:1:50,0.0,2026-10-02T01:01:04.695736+02:00
307434478,de:12063:900210010:1:50,0.0,2026-10-02T01:01:04.695736+02:00
307434478,de:12063:900210011:1:50,0.0,2026-10-02T01:01:04.695736+02:00
307434478,de:12063:900210326:1:50,0.0,2026-10-02T01:01:04.695736+02:00
307434478,de:12063:900210005:1:50,0.0,2026-10-02T01:01:04.695736+02:00
307444167,de:12072:900245002:2:52,0.0,2026-10-02T01:01:04.695736+02:00
307444167,de:12072:900245016:2:51,0.0,2026-10-02T01:01:04.695736+02:00
307444167,de:12072:900245010:2:51,0.0,2026-10-02T01:01:04.695736+02:00
307444167,de:12072:900245037:2:51,0.0,2026-10-02T01:01:04.695736+02:00
307444167,de:12072:900245029:2:53,0.0,2026-10-02T01:01:04.695736+02:00
307444167,de:11000:900064301:2:51,0.0,2026-10-02T01:01:04.695736+02:00
307444167,de:11000:900058101:3:55,0.0,2026-10-02T01:01:04.695736+02:00
307444167,de:11000:900100020:2:52,0.0,2026-10-02T01:01:04.695736+02:00
307444167,de:11000:900003200:4:56,0.0,2026-10-02T01:01:04.695736+02:00
307444167,de:11000:900020201:1:51,0.0,2026-10-02T01:01:04.695736+02:00
307444167,de:11000:900029101:2:53,0.0,2026-10-02T01:01:04.695736+02:00
295910949,de:11000:900120005:5:57,0.0,2026-10-02T01:01:04.695736+02:00
295910949,de:11000:900120004:1:50,-0.9,2026-10-02T01:01:04.695736+02:00
295910949,de:11000:900120003:2:53,-0.1,2026-10-02T01:01:04.695736+02:00
295910949,de:11000:900160001:1:51,-0.9,2026-10-02T01:01:04.695736+02:00
295910949,de:11000:900160002:1:50,-0.2,2026-10-02T01:01:04.695736+02:00
295910949,de:11000:900162001:1:51,-0.3,2026-10-02T01:01:04.695736+02:00
307275450,de:11000:900182002:1:50,0.0,2026-10-02T01:01:04.695736+02:00
307275450,de:11000:900182001:1:50,-0.2,2026-10-02T01:01:04.695736+02:00
307275450,de:11000:900180001:1:50,-0.7,2026-10-02T01:01:04.695736+02:00
307275450,de:11000:900180002:1:50,-0.7,2026-10-02T01:01:04.695736+02:00
307275450,de:11000:900162001:1:50,-0.9,2026-10-02T01:01:04.695736+02:00
307275450,de:11000:900160002:1:50,0.0,2026-10-02T01:01:04.695736+02:00
307275450,de:11000:900160001:1:50,-0.3,2026-10-02T01:01:04.695736+02:00
307275450,de:11000:900120003:3:54,-0.1,2026-10-02T01:01:04.695736+02:00
307275450,de:11000:900120004:2:52,-0.6,2026-10-02T01:01:04.695736+02:00
307275450,de:11000:900120005:5:57,-0.9,2026-10-02T01:01:04.695736+02:00
307275450,de:11000:900100004:1:51,-0.9,2026-10-02T01:01:04.695736+02:00
307275450,de:11000:900100003:2:53,-0.9,2026-10-02T01:01:04.695736+02:00
307275450,de:11000:900100002:1:51,-0.9,2026-10-02T01:01:04.695736+02:00
307275450,de:11000:900100001:3:55,-0.9,2026-10-02T01:01:04.695736+02:00
307275450,de:11000:900003201:3:55,-0.6,2026-10-02T01:01:04.695736+02:00
307275450,de:11000:900003102:1:51,-0.3,2026-10-02T01:01:04.695736+02:00
307275450,de:11000:900003103:1:51,-0.4,2026-10-02T01:01:04.695736+02:00
307275450,de:11000:900023201:3:55,-0.3,2026-10-02T01:01:04.695736+02:00
307275450,de:11000:900024203:1:51,-0.3,2026-10-02T01:01:04.695736+02:00
307275450,de:11000:900024101:4:56,-0.3,2026-10-02T01:01:04.695736+02:00
307436296,de:11000:900024101:1:51,0.0,2026-10-02T01:01:04.695736+02:00
307436296,de:11000:900053301:3:54,0.0,2026-10-02T01:01:04.695736+02:00
307436296,de:12054:900230001:1:50,0.0,2026-10-02T01:01:04.695736+02:00
307436296,de:12069:900220008:1:50,0.0,2026-10-02T01:01:04.695736+02:00
307436296,de:12069:900220006:1:50,0.0,2026-10-02T01:01:04.695736+02:00
307436296,de:12069:900220003:1:50,0.0,2026-10-02T01:01:04.695736+02:00
307436296,de:12069:900220004:1:50,0.0,2026-10-02T01:01:04.695736+02:00
307436296,de:12069:900220005:1:50,0.0,2026-10-02T01:01:04.695736+02:00
307436296,de:12069:900222030:1:50,0.0,2026-10-02T01:01:04.695736+02:00
307436296,de:12069:900220141:1:50,0.0,2026-10-02T01:01:04.695736+02:00
307436296,de:12069:900220142:1:50,0.0,2026-10-02T01:01:04.695736+02:00
307436296,de:12069:900220143:1:50,0.0,2026-10-02T01:01:04.695736+02:00
307437130,de:12069:900220143:1:50,0.0,2026-10-02T01:01:04.695736+02:00
307437130,de:12069:900220142:2:51,0.0,2026-10-02T01:01:04.695736+02:00
307437130,de:12069:900220141:2:51,0.0,2026-10-02T01:01:04.695736+02:00
307437130,de:12069:900222030:2:51,0.0,2026-10-02T01:01:04.695736+02:00
307437130,de:12069:900220005:2:51,0.0,2026-10-02T01:01:04.695736+02:00
307437130,de:12069:900220004:2:51,0.0,2026-10-02T01:01:04.695736+02:00
307437130,de:12069:900220003:1:51,0.0,2026-10-02T01:01:04.695736+02:00
307437130,de:12069:900220006:2:51,0.0,2026-10-02T01:01:04.695736+02:00
307437130,de:12069:900220008:2:51,0.0,2026-10-02T01:01:04.695736+02:00
307437130,de:12054:900230001:2:51,0.0,2026-10-02T01:01:04.695736+02:00
307437130,de:11000:900053301:3:54,0.0,2026-10-02T01:01:04.695736+02:00
307437130,de:11000:900024101:1:50,0.0,2026-10-02T01:01:04.695736+02:00
307280472,de:11000:900020202:1:50,0.0,2026-10-02T01:01:04.695736+02:00
307280472,de:11000:900001201:1:50,-0.2,2026-10-02T01:01:04.695736+02:00
307280472,de:11000:900009104:1:50,-0.8,2026-10-02T01:01:04.695736+02:00
307280472,de:11000:900007102:2:52,-0.4,2026-10-02T01:01:04.695736+02:00
307280472,de:11000:900110001:1:50,-0.6,2026-10-02T01:01:04.695736+02:00
307280472,de:11000:900110002:1:50,-0.4,2026-10-02T01:01:04.695736+02:00
307280472,de:11000:900110003:1:50,-0.4,2026-10-02T01:01:04.695736+02:00
307280472,de:11000:900110004:1:50,-0.8,2026-10-02T01:01:04.695736+02:00
307280472,de:11000:900110012:1:50,-0.7,2026-10-02T01:01:04.695736+02:00
307280472,de:11000:900120001:1:50,-0.7,2026-10-02T01:01:04.695736+02:00
307280472,de:11000:900120003:5:58,-0.1,2026-10-02T01:01:04.695736+02:00
307280472,de:11000:900190001:1:50,-0.4,2026-10-02T01:01:04.695736+02:00
307280472,de:11000:900077106:1:50,-0.4,2026-10-02T01:01:04.695736+02:00
307280472,de:11000:900078201:1:50,-0.3,2026-10-02T01:01:04.695736+02:00
307280472,de:11000:900079221:1:50,-0.2,2026-10-02T01:01:04.695736+02:00
307280472,de:11000:900068201:1:50,-0.8,2026-10-02T01:01:04.695736+02:00
307280472,de:11000:900058101:5:58,-0.1,2026-10-02T01:01:04.695736+02:00
307280472,de:11000:900054104:2:52,-0.7,2026-10-02T01:01:04.695736+02:00
307280472,de:11000:900054105:1:50,-0.9,2026-10-02T01:01:04.695736+02:00
307280472,de:11000:900044202:1:50,-0.7,2026-10-02T01:01:04.695736+02:00
307280472,de:11000:900045102:1:50,-0.7,2026-10-02T01:01:04.695736+02:00
307280472,de:11000:900044101:1:50,-0.8,2026-10-02T01:01:04.695736+02:00
307280472,de:11000:900040101:1:50,-0.3,2026-10-02T01:01:04.695736+02:00
307280472,de:11000:900024101:3:54,-0.8,2026-10-02T01:01:04.695736+02:00
307280579,de:11000:900020202:1:51,0.0,2026-10-02T01:01:04.695736+02:00
307280579,de:11000:900001201:1:51,-0.2,2026-10-02T01:01:04.695736+02:00
307280579,de:11000:900009104:1:51,-0.8,2026-10-02T01:01:04.695736+02:00
307280579,de:11000:900007102:2:52,-0.9,2026-10-02T01:01:04.695736+02:00
307280579,de:11000:900110001:1:50,-0.6,2026-10-02T01:01:04.695736+02:00
307280579,de:11000:900110002:1:50,-0.4,2026-10-02T01:01:04.695736+02:00
307280579,de:11000:900110003:1:50,-0.4,2026-10-02T01:01:04.695736+02:00
307280579,de:11000:900110004:1:50,-0.8,2026-10-02T01:01:04.695736+02:00
307280579,de:11000:900110012:1:50,-0.7,2026-10-02T01:01:04.695736+02:00
307280579,de:11000:900120001:1:50,-0.7,2026-10-02T01:01:04.695736+02:00
307280579,de:11000:900120003:5:58,-0.1,2026-10-02T01:01:04.695736+02:00
307280579,de:11000:900190001:1:50,-0.4,2026-10-02T01:01:04.695736+02:00
307280579,de:11000:900077106:1:50,-0.4,2026-10-02T01:01:04.695736+02:00
307280579,de:11000:900078201:1:50,-0.3,2026-10-02T01:01:04.695736+02:00
307280579,de:11000:900079221:1:50,-0.2,2026-10-02T01:01:04.695736+02:00
307280579,de:11000:900068201:1:50,-0.8,2026-10-02T01:01:04.695736+02:00
307280579,de:11000:900058101:5:58,-0.1,2026-10-02T01:01:04.695736+02:00
307280579,de:11000:900054104:2:52,-0.2,2026-10-02T01:01:04.695736+02:00
307280579,de:11000:900054105:1:50,-0.9,2026-10-02T01:01:04.695736+02:00
307280579,de:11000:900044202:1:50,-0.7,2026-10-02T01:01:04.695736+02:00
307280579,de:11000:900045102:1:50,-0.7,2026-10-02T01:01:04.695736+02:00
307280579,de:11000:900044101:1:50,-0.8,2026-10-02T01:01:04.695736+02:00
307280579,de:11000:900040101:1:50,-0.8,2026-10-02T01:01:04.695736+02:00
307280451,de:11000:900020202:1:50,0.0,2026-10-02T01:01:04.695736+02:00
307280451,de:11000:900001201:1:50,-0.2,2026-10-02T01:01:04.695736+02:00
307280451,de:11000:900009104:1:50,-0.8,2026-10-02T01:01:04.695736+02:00
307280451,de:11000:900007102:2:52,-0.4,2026-10-02T01:01:04.695736+02:00
307280451,de:11000:900110001:1:50,-0.6,2026-10-02T01:01:04.695736+02:00
307280451,de:11000:900110002:1:50,-0.4,2026-10-02T01:01:04.695736+02:00
307280451,de:11000:900110003:1:50,-0.4,2026-10-02T01:01:04.695736+02:00
307280451,de:11000:900110004:1:50,-0.8,2026-10-02T01:01:04.695736+02:00
307280451,de:11000:900110012:1:50,-0.7,2026-10-02T01:01:04.695736+02:00
307280451,de:11000:900120001:1:50,-0.7,2026-10-02T01:01:04.695736+02:00
307280451,de:11000:900120003:5:58,-0.1,2026-10-02T01:01:04.695736+02:00
307280451,de:11000:900190001:1:50,-0.4,2026-10-02T01:01:04.695736+02:00
307280451,de:11000:900077106:1:50,-0.4,2026-10-02T01:01:04.695736+02:00
307280451,de:11000:900078201:1:50,-0.3,2026-10-02T01:01:04.695736+02:00
307280451,de:11000:900079221:1:50,-0.2,2026-10-02T01:01:04.695736+02:00
307280451,de:11000:900068201:1:50,-0.8,2026-10-02T01:01:04.695736+02:00
307280451,de:11000:900058101:5:58,-0.1,2026-10-02T01:01:04.695736+02:00
307280451,de:11000:900054104:2:52,-0.7,2026-10-02T01:01:04.695736+02:00
307280451,de:11000:900054105:1:50,-0.9,2026-10-02T01:01:04.695736+02:00
307280451,de:11000:900044202:1:50,-0.7,2026-10-02T01:01:04.695736+02:00
307280451,de:11000:900045102:1:50,-0.7,2026-10-02T01:01:04.695736+02:00
307280451,de:11000:900044101:1:50,-0.8,2026-10-02T01:01:04.695736+02:00
307280451,de:11000:900040101:1:50,-0.3,2026-10-02T01:01:04.695736+02:00
307280451,de:11000:900024101:3:54,-0.8,2026-10-02T01:01:04.695736+02:00
307280446,de:11000:900020202:1:50,0.0,2026-10-02T01:01:04.695736+02:00
307280446,de:11000:900001201:1:50,-0.2,2026-10-02T01:01:04.695736+02:00
307280446,de:11000:900009104:1:50,-0.8,2026-10-02T01:01:04.695736+02:00
307280446,de:11000:900007102:2:52,-0.4,2026-10-02T01:01:04.695736+02:00
307280446,de:11000:900110001:1:50,-0.6,2026-10-02T01:01:04.695736+02:00
307280446,de:11000:900110002:1:50,-0.4,2026-10-02T01:01:04.695736+02:00
307280446,de:11000:900110003:1:50,-0.4,2026-10-02T01:01:04.695736+02:00
307280446,de:11000:900110004:1:50,-0.8,2026-10-02T01:01:04.695736+02:00
307280446,de:11000:900110012:1:50,-0.7,2026-10-02T01:01:04.695736+02:00
307280446,de:11000:900120001:1:50,-0.7,2026-10-02T01:01:04.695736+02:00
307280446,de:11000:900120003:5:58,-0.1,2026-10-02T01:01:04.695736+02:00
307280446,de:11000:900190001:1:50,-0.4,2026-10-02T01:01:04.695736+02:00
307280446,de:11000:900077106:1:50,-0.4,2026-10-02T01:01:04.695736+02:00
307280446,de:11000:900078201:1:50,-0.3,2026-10-02T01:01:04.695736+02:00
307280446,de:11000:900079221:1:50,-0.2,2026-10-02T01:01:04.695736+02:00
307280446,de:11000:900068201:1:50,-0.8,2026-10-02T01:01:04.695736+02:00
307280446,de:11000:900058101:5:58,-0.1,2026-10-02T01:01:04.695736+02:00
307280446,de:11000:900054104:2:52,-0.7,2026-10-02T01:01:04.695736+02:00
307280446,de:11000:900054105:1:50,-0.9,2026-10-02T01:01:04.695736+02:00
307280446,de:11000:900044202:1:50,-0.7,2026-10-02T01:01:04.695736+02:00
307280446,de:11000:900045102:1:50,-0.7,2026-10-02T01:01:04.695736+02:00
307280446,de:11000:900044101:1:50,-0.8,2026-10-02T01:01:04.695736+02:00
307280446,de:11000:900040101:1:50,-0.3,2026-10-02T01:01:04.695736+02:00
307280446,de:11000:900024101:3:54,-0.8,2026-10-02T01:01:04.695736+02:00
307280550,de:11000:900020202:1:51,0.0,2026-10-02T01:01:04.695736+02:00
307280550,de:11000:900001201:1:51,-0.2,2026-10-02T01:01:04.695736+02:00
307280550,de:11000:900009104:1:51,-0.8,2026-10-02T01:01:04.695736+02:00
307280550,de:11000:900007102:2:52,-0.9,2026-10-02T01:01:04.695736+02:00
307280550,de:11000:900110001:1:50,-0.6,2026-10-02T01:01:04.695736+02:00
307280550,de:11000:900110002:1:50,-0.4,2026-10-02T01:01:04.695736+02:00
307280550,de:11000:900110003:1:50,-0.4,2026-10-02T01:01:04.695736+02:00
307280550,de:11000:900110004:1:50,-0.8,2026-10-02T01:01:04.695736+02:00
307280550,de:11000:900110012:1:50,-0.7,2026-10-02T01:01:04.695736+02:00
307280550,de:11000:900120001:1:50,-0.7,2026-10-02T01:01:04.695736+02:00
307280550,de:11000:900120003:5:58,-0.1,2026-10-02T01:01:04.695736+02:00
307280550,de:11000:900190001:1:50,-0.4,2026-10-02T01:01:04.695736+02:00
307280550,de:11000:900077106:1:50,-0.4,2026-10-02T01:01:04.695736+02:00
307280550,de:11000:900078201:1:50,-0.3,2026-10-02T01:01:04.695736+02:00
307280550,de:11000:900079221:1:50,-0.2,2026-10-02T01:01:04.695736+02:00
307280550,de:11000:900068201:1:50,-0.8,2026-10-02T01:01:04.695736+02:00
307280550,de:11000:900058101:5:58,-0.1,2026-10-02T01:01:04.695736+02:00
307280550,de:11000:900054104:2:52,-0.2,2026-10-02T01:01:04.695736+02:00
307280550,de:11000:900054105:1:50,-0.9,2026-10-02T01:01:04.695736+02:00
307280550,de:11000:900044202:1:50,-0.7,2026-10-02T01:01:04.695736+02:00
307280550,de:11000:900045102:1:50,-0.7,2026-10-02T01:01:04.695736+02:00
307280550,de:11000:900044101:1:50,-0.8,2026-10-02T01:01:04.695736+02:00
307280550,de:11000:900040101:1:50,-0.8,2026-10-02T01:01:04.695736+02:00
307286710,de:11000:900040101:1:50,0.0,2026-10-02T01:01:04.695736+02:00
307286710,de:11000:900044101:1:50,-0.8,2026-10-02T01:01:04.695736+02:00
307286710,de:11000:900045102:1:51,-0.9,2026-10-02T01:01:04.695736+02:00
307286710,de:11000:900044202:1:51,-0.9,2026-10-02T01:01:04.695736+02:00
307286710,de:11000:900054105:1:51,-0.7,2026-10-02T01:01:04.695736+02:00
307286710,de:11000:900054104:2:53,-0.3,2026-10-02T01:01:04.695736+02:00
307286710,de:11000:900058101:5:59,-0.2,2026-10-02T01:01:04.695736+02:00
307286710,de:11000:900068201:1:51,-0.8,2026-10-02T01:01:04.695736+02:00
307286710,de:11000:900079221:1:51,-0.4,2026-10-02T01:01:04.695736+02:00
307286710,de:11000:900078201:1:51,-0.1,2026-10-02T01:01:04.695736+02:00
307286710,de:11000:900077106:1:51,0.0,2026-10-02T01:01:04.695736+02:00
307286710,de:11000:900190001:2:52,-0.9,2026-10-02T01:01:04.695736+02:00
307286710,de:11000:900120003:5:59,-0.4,2026-10-02T01:01:04.695736+02:00
307286710,de:11000:900120001:1:51,0.0,2026-10-02T01:01:04.695736+02:00
307286710,de:11000:900110012:1:51,-0.2,2026-10-02T01:01:04.695736+02:00
307286710,de:11000:900110004:1:51,-0.1,2026-10-02T01:01:04.695736+02:00
307286710,de:11000:900110003:1:51,-0.4,2026-10-02T01:01:04.695736+02:00
307286710,de:11000:900110002:1:51,-0.4,2026-10-02T01:01:04.695736+02:00
307286710,de:11000:900110001:1:51,-0.1,2026-10-02T01:01:04.695736+02:00
307286710,de:11000:900007102:1:51,-0.6,2026-10-02T01:01:04.695736+02:00
307286710,de:11000:900009104:1:50,-0.8,2026-10-02T01:01:04.695736+02:00
307286710,de:11000:900001201:1:50,-0.3,2026-10-02T01:01:04.695736+02:00
307286710,de:11000:900020202:1:50,-0.1,2026-10-02T01:01:04.695736+02:00
307286699,de:11000:900040101:1:50,0.0,2026-10-02T01:01:04.695736+02:00
307286699,de:11000:900044101:1:50,-0.8,2026-10-02T01:01:04.695736+02:00
307286699,de:11000:900045102:1:51,-0.9,2026-10-02T01:01:04.695736+02:00
307286699,de:11000:900044202:1:51,-0.9,2026-10-02T01:01:04.695736+02:00
307286699,de:11000:900054105:1:51,-0.7,2026-10-02T01:01:04.695736+02:00
307286699,de:11000:900054104:2:53,-0.3,2026-10-02T01:01:04.695736+02:00
307286699,de:11000:900058101:5:59,-0.2,2026-10-02T01:01:04.695736+02:00
307286699,de:11000:900068201:1:51,-0.8,2026-10-02T01:01:04.695736+02:00
307286699,de:11000:900079221:1:51,-0.4,2026-10-02T01:01:04.695736+02:00
307286699,de:11000:900078201:1:51,-0.1,2026-10-02T01:01:04.695736+02:00
307286699,de:11000:900077106:1:51,0.0,2026-10-02T01:01:04.695736+02:00
307286699,de:11000:900190001:2:52,-0.9,2026-10-02T01:01:04.695736+02:00
307286699,de:11000:900120003:5:59,-0.4,2026-10-02T01:01:04.695736+02:00
307286699,de:11000:900120001:1:51,0.0,2026-10-02T01:01:04.695736+02:00
307286699,de:11000:900110012:1:51,-0.2,2026-10-02T01:01:04.695736+02:00
307286699,de:11000:900110004:1:51,-0.1,2026-10-02T01:01:04.695736+02:00
307286699,de:11000:900110003:1:51,-0.4,2026-10-02T01:01:04.695736+02:00
307286699,de:11000:900110002:1:51,-0.4,2026-10-02T01:01:04.695736+02:00
307286699,de:11000:900110001:1:51,-0.1,2026-10-02T01:01:04.695736+02:00
307286699,de:11000:900007102:1:51,-0.6,2026-10-02T01:01:04.695736+02:00
307286699,de:11000:900009104:1:50,-0.8,2026-10-02T01:01:04.695736+02:00
307286699,de:11000:900001201:1:50,-0.3,2026-10-02T01:01:04.695736+02:00
307286699,de:11000:900020202:1:50,-0.1,2026-10-02T01:01:04.695736+02:00
307289070,de:11000:900079221:1:51,0.0,2026-10-02T01:01:04.695736+02:00
307289070,de:11000:900078201:1:51,-0.1,2026-10-02T01:01:04.695736+02:00
307289070,de:11000:900077106:1:51,0.0,2026-10-02T01:01:04.695736+02:00
307289070,de:11000:900190001:2:52,-0.9,2026-10-02T01:01:04.695736+02:00
307289070,de:11000:900120003:5:59,-0.4,2026-10-02T01:01:04.695736+02:00
307289070,de:11000:900120001:1:51,0.0,2026-10-02T01:01:04.695736+02:00
307289070,de:11000:900110012:1:51,-0.2,2026-10-02T01:01:04.695736+02:00
307289070,de:11000:900110004:1:51,-0.1,2026-10-02T01:01:04.695736+02:00
307289070,de:11000:900110003:1:51,-0.4,2026-10-02T01:01:04.695736+02:00
307289070,de:11000:900110002:1:51,-0.4,2026-10-02T01:01:04.695736+02:00
307289070,de:11000:900110001:1:51,-0.1,2026-10-02T01:01:04.695736+02:00
307289070,de:11000:900007102:1:51,-0.6,2026-10-02T01:01:04.695736+02:00
307289070,de:11000:900009104:1:51,-0.3,2026-10-02T01:01:04.695736+02:00
307289049,de:11000:900079221:1:51,0.0,2026-10-02T01:01:04.695736+02:00
307289049,de:11000:900078201:1:51,-0.1,2026-10-02T01:01:04.695736+02:00
307289049,de:11000:900077106:1:51,0.0,2026-10-02T01:01:04.695736+02:00
307289049,de:11000:900190001:2:52,-0.9,2026-10-02T01:01:04.695736+02:00
307289049,de:11000:900120003:5:59,-0.4,2026-10-02T01:01:04.695736+02:00
307289049,de:11000:900120001:1:51,0.0,2026-10-02T01:01:04.695736+02:00
307289049,de:11000:900110012:1:51,-0.2,2026-10-02T01:01:04.695736+02:00
307289049,de:11000:900110004:1:51,-0.1,2026-10-02T01:01:04.695736+02:00
307289049,de:11000:900110003:1:51,-0.4,2026-10-02T01:01:04.695736+02:00
307289049,de:11000:900110002:1:51,-0.4,2026-10-02T01:01:04.695736+02:00
307289049,de:11000:900110001:1:51,-0.1,2026-10-02T01:01:04.695736+02:00
307289049,de:11000:900007102:1:51,-0.6,2026-10-02T01:01:04.695736+02:00
307289049,de:11000:900009104:1:51,-0.3,2026-10-02T01:01:04.695736+02:00
307289044,de:11000:900079221:1:51,0.0,2026-10-02T01:01:04.695736+02:00
307289044,de:11000:900078201:1:51,-0.1,2026-10-02T01:01:04.695736+02:00
307289044,de:11000:900077106:1:51,0.0,2026-10-02T01:01:04.695736+02:00
307289044,de:11000:900190001:2:52,-0.9,2026-10-02T01:01:04.695736+02:00
307289044,de:11000:900120003:5:59,-0.4,2026-10-02T01:01:04.695736+02:00
307289044,de:11000:900120001:1:51,0.0,2026-10-02T01:01:04.695736+02:00
307289044,de:11000:900110012:1:51,-0.2,2026-10-02T01:01:04.695736+02:00
307289044,de:11000:900110004:1:51,-0.1,2026-10-02T01:01:04.695736+02:00
307289044,de:11000:900110003:1:51,-0.4,2026-10-02T01:01:04.695736+02:00
307289044,de:11000:900110002:1:51,-0.4,2026-10-02T01:01:04.695736+02:00
307289044,de:11000:900110001:1:51,-0.1,2026-10-02T01:01:04.695736+02:00
307289044,de:11000:900007102:1:51,-0.6,2026-10-02T01:01:04.695736+02:00
307289044,de:11000:900009104:1:51,-0.3,2026-10-02T01:01:04.695736+02:00
307444811,de:11000:900058101:2:53,0.0,2026-10-02T01:01:04.695736+02:00
307444811,de:11000:900100020:2:52,0.0,2026-10-02T01:01:04.695736+02:00
307444811,de:11000:900003200:2:53,0.0,2026-10-02T01:01:04.695736+02:00
307444811,de:11000:900007102:5:59,0.0,2026-10-02T01:01:04.695736+02:00
307444811,de:12065:900200005:1:2,0.0,2026-10-02T01:01:04.695736+02:00
307444811,de:12065:900203709:2:51,0.0,2026-10-02T01:01:04.695736+02:00
307444811,de:12065:900203749:1:50,0.0,2026-10-02T01:01:04.695736+02:00
307444811,de:12065:900203772:1:50,0.0,2026-10-02T01:01:04.695736+02:00
307444811,de:13071:80001,0.0,2026-10-02T01:01:04.695736+02:00
307444811,de:13071:5787,0.0,2026-10-02T01:01:04.695736+02:00
307444811,de:13071:17001,0.0,2026-10-02T01:01:04.695736+02:00
307444811,000008010201,0.0,2026-10-02T01:01:04.695736+02:00
307444811,000008010153,0.0,2026-10-02T01:01:04.695736+02:00
307444811,de:13003:1489,0.0,2026-10-02T01:01:04.695736+02:00
306895364,de:12067:900311017::1,0.0,2026-10-02T01:01:04.695736+02:00
306895364,de:12067:900311018::2,0.0,2026-10-02T01:01:04.695736+02:00
306895364,de:12067:900310843::2,0.0,2026-10-02T01:01:04.695736+02:00
306895364,de:12067:900310842::2,0.0,2026-10-02T01:01:04.695736+02:00
306895364,de:12067:900310611::2,0.0,2026-10-02T01:01:04.695736+02:00
307292236,de:11000:900044202:1:51,0.0,2026-10-02T01:01:04.695736+02:00
307292236,de:11000:900054105:1:51,-0.2,2026-10-02T01:01:04.695736+02:00
307292236,de:11000:900054104:2:53,-0.8,2026-10-02T01:01:04.695736+02:00
307292236,de:11000:900058101:5:59,-0.7,2026-10-02T01:01:04.695736+02:00
307292236,de:11000:900068201:1:51,-0.3,2026-10-02T01:01:04.695736+02:00
307292236,de:11000:900079221:1:51,-0.9,2026-10-02T01:01:04.695736+02:00
307292236,de:11000:900078201:1:51,-0.6,2026-10-02T01:01:04.695736+02:00
307292236,de:11000:900077155:1:51,-0.2,2026-10-02T01:01:04.695736+02:00
307292236,de:11000:900191001:2:51,-0.7,2026-10-02T01:01:04.695736+02:00
307292236,de:11000:900192001:2:52,-0.7,2026-10-02T01:01:04.695736+02:00
307292236,de:11000:900193001:1:50,-0.2,2026-10-02T01:01:04.695736+02:00
307292236,de:11000:900193002:1:50,-0.8,2026-10-02T01:01:04.695736+02:00
307292236,de:11000:900186001:1:50,-0.8,2026-10-02T01:01:04.695736+02:00
307292236,de:12061:900260004:1:50,-0.2,2026-10-02T01:01:04.695736+02:00
307292236,de:12061:900260003:1:50,-0.4,2026-10-02T01:01:04.695736+02:00
307292236,de:12061:900260002:1:51,-0.2,2026-10-02T01:01:04.695736+02:00
307292236,de:12061:900260001:2:52,-0.2,2026-10-02T01:01:04.695736+02:00
307292232,de:11000:900044202:1:51,0.0,2026-10-02T01:01:04.695736+02:00
307292232,de:11000:900054105:1:51,-0.2,2026-10-02T01:01:04.695736+02:00
307292232,de:11000:900054104:2:53,-0.8,2026-10-02T01:01:04.695736+02:00
307292232,de:11000:900058101:5:59,-0.7,2026-10-02T01:01:04.695736+02:00
307292232,de:11000:900068201:1:51,-0.3,2026-10-02T01:01:04.695736+02:00
307292232,de:11000:900079221:1:51,-0.9,2026-10-02T01:01:04.695736+02:00
307292232,de:11000:900078201:1:51,-0.6,2026-10-02T01:01:04.695736+02:00
307292232,de:11000:900077155:1:51,-0.2,2026-10-02T01:01:04.695736+02:00
307292232,de:11000:900191001:2:51,-0.7,2026-10-02T01:01:04.695736+02:00
307292232,de:11000:900192001:2:52,-0.7,2026-10-02T01:01:04.695736+02:00
307292232,de:11000:900193001:1:50,-0.2,2026-10-02T01:01:04.695736+02:00
307292232,de:11000:900193002:1:50,-0.8,2026-10-02T01:01:04.695736+02:00
307292232,de:11000:900186001:1:50,-0.8,2026-10-02T01:01:04.695736+02:00
307292232,de:12061:900260004:1:50,-0.2,2026-10-02T01:01:04.695736+02:00
307292232,de:12061:900260003:1:50,-0.4,2026-10-02T01:01:04.695736+02:00
307292232,de:12061:900260002:1:51,-0.2,2026-10-02T01:01:04.695736+02:00
307292232,de:12061:900260001:2:52,-0.2,2026-10-02T01:01:04.695736+02:00
295928972,de:11000:900186001:2:52,0.0,2026-10-02T01:01:04.695736+02:00
295928972,de:11000:900193002:1:51,-0.2,2026-10-02T01:01:04.695736+02:00
295928972,de:11000:900193001:2:51,-0.8,2026-10-02T01:01:04.695736+02:00
295928972,de:11000:900192001:3:55,-0.7,2026-10-02T01:01:04.695736+02:00
295928972,de:11000:900191001:1:50,-0.4,2026-10-02T01:01:04.695736+02:00
295928972,de:11000:900077155:1:50,-0.9,2026-10-02T01:01:04.695736+02:00
295928972,de:11000:900078201:1:50,-0.9,2026-10-02T01:01:04.695736+02:00
295928972,de:11000:900079221:1:50,-0.7,2026-10-02T01:01:04.695736+02:00
295933113,de:11000:900180003:1:50,0.0,2026-10-02T01:01:04.695736+02:00
295933113,de:11000:900192002:1:50,-0.4,2026-10-02T01:01:04.695736+02:00
295933113,de:11000:900192001:3:54,-0.2,2026-10-02T01:01:04.695736+02:00
295933113,de:11000:900191001:1:50,-0.9,2026-10-02T01:01:04.695736+02:00
295933113,de:11000:900077155:1:50,-0.4,2026-10-02T01:01:04.695736+02:00
295933113,de:11000:900078201:1:50,-0.9,2026-10-02T01:01:04.695736+02:00
295933113,de:11000:900079221:1:50,-0.7,2026-10-02T01:01:04.695736+02:00
295933113,de:11000:900068201:1:50,-0.3,2026-10-02T01:01:04.695736+02:00
295933113,de:11000:900058101:5:58,-0.6,2026-10-02T01:01:04.695736+02:00
295933086,de:11000:900180003:1:50,0.0,2026-10-02T01:01:04.695736+02:00
295933086,de:11000:900192002:1:50,-0.4,2026-10-02T01:01:04.695736+02:00
295933086,de:11000:900192001:3:54,-0.2,2026-10-02T01:01:04.695736+02:00
295933086,de:11000:900191001:1:50,-0.9,2026-10-02T01:01:04.695736+02:00
295933086,de:11000:900077155:1:50,-0.4,2026-10-02T01:01:04.695736+02:00
295933086,de:11000:900078201:1:50,-0.9,2026-10-02T01:01:04.695736+02:00
295933086,de:11000:900079221:1:50,-0.7,2026-10-02T01:01:04.695736+02:00
295933086,de:11000:900068201:1:50,-0.3,2026-10-02T01:01:04.695736+02:00
295933086,de:11000:900058101:5:58,-0.6,2026-10-02T01:01:04.695736+02:00
306897021,de:12067:900311383::6,0.0,2026-10-02T01:01:04.695736+02:00
306897021,de:12067:900311305::1,0.0,2026-10-02T01:01:04.695736+02:00
306897021,de:12067:900311320::1,0.0,2026-10-02T01:01:04.695736+02:00
306897021,de:12067:900311318::1,0.0,2026-10-02T01:01:04.695736+02:00
306897021,de:12067:900311319::1,0.0,2026-10-02T01:01:04.695736+02:00
306897021,de:12067:900311318::2,0.0,2026-10-02T01:01:04.695736+02:00
306897021,de:12067:900311354::2,0.0,2026-10-02T01:01:04.695736+02:00
306897021,de:12067:900311352::2,0.0,2026-10-02T01:01:04.695736+02:00
306897021,de:12067:900311336::2,0.0,2026-10-02T01:01:04.695736+02:00
306897021,de:12067:900311349::2,0.0,2026-10-02T01:01:04.695736+02:00
306897021,de:12067:900311377::2,0.0,2026-10-02T01:01:04.695736+02:00
306897021,de:12067:900311376::2,0.0,2026-10-02T01:01:04.695736+02:00
306897021,de:12067:900311308::4,0.0,2026-10-02T01:01:04.695736+02:00
295936967,de:12064:900320001:1:51,0.0,2026-10-02T01:01:04.695736+02:00
295936967,de:12064:900320002:1:50,-0.3,2026-10-02T01:01:04.695736+02:00
295936967,de:12064:900320003:1:50,-0.1,2026-10-02T01:01:04.695736+02:00
295936967,de:12064:900320004:2:51,-0.8,2026-10-02T01:01:04.695736+02:00
295936967,de:12064:900320005:1:50,0.0,2026-10-02T01:01:04.695736+02:00
295936967,de:12064:900320006:1:51,-0.8,2026-10-02T01:01:04.695736+02:00
295936967,de:12064:900320007:1:50,-0.8,2026-10-02T01:01:04.695736+02:00
295936967,de:12064:900320008:1:51,-0.5,2026-10-02T01:01:04.695736+02:00
295936967,de:12064:900320026:1:50,-0.3,2026-10-02T01:01:04.695736+02:00
295936967,de:11000:900176001:1:51,-0.7,2026-10-02T01:01:04.695736+02:00
295936967,de:11000:900175002:1:50,-0.7,2026-10-02T01:01:04.695736+02:00
295936967,de:11000:900175001:1:50,-0.6,2026-10-02T01:01:04.695736+02:00
295936967,de:11000:900171001:1:50,-0.3,2026-10-02T01:01:04.695736+02:00
295936967,de:11000:900171002:1:51,-0.4,2026-10-02T01:01:04.695736+02:00
295936967,de:11000:900160004:1:51,-0.8,2026-10-02T01:01:04.695736+02:00
295936967,de:11000:900160003:1:51,-0.9,2026-10-02T01:01:04.695736+02:00
295936967,de:11000:900120003:3:55,-0.1,2026-10-02T01:01:04.695736+02:00
295936967,de:11000:900120004:2:53,-0.6,2026-10-02T01:01:04.695736+02:00
295936967,de:11000:900120005:5:58,-0.9,2026-10-02T01:01:04.695736+02:00
295936967,de:11000:900100004:1:51,-0.4,2026-10-02T01:01:04.695736+02:00
295936967,de:11000:900100003:2:53,-0.4,2026-10-02T01:01:04.695736+02:00
295936967,de:11000:900100002:1:51,-0.4,2026-10-02T01:01:04.695736+02:00
295936967,de:11000:900100001:3:55,-0.4,2026-10-02T01:01:04.695736+02:00
295936967,de:11000:900003201:3:55,-0.1,2026-10-02T01:01:04.695736+02:00
295936967,de:11000:900003102:1:51,-0.8,2026-10-02T01:01:04.695736+02:00
295936967,de:11000:900003103:1:51,-0.9,2026-10-02T01:01:04.695736+02:00
295936967,de:11000:900023201:3:55,-0.8,2026-10-02T01:01:04.695736+02:00
295936967,de:11000:900024203:1:51,-0.8,2026-10-02T01:01:04.695736+02:00
295936967,de:11000:900024101:4:57,-0.8,2026-10-02T01:01:04.695736+02:00
295936967,de:11000:900024102:1:51,-0.1,2026-10-02T01:01:04.695736+02:00
295936915,de:12064:900320001:1:50,0.0,2026-10-02T01:01:04.695736+02:00
295936915,de:12064:900320002:1:50,-0.3,2026-10-02T01:01:04.695736+02:00
295936915,de:12064:900320003:1:50,-0.1,2026-10-02T01:01:04.695736+02:00
295936915,de:12064:900320004:2:51,-0.8,2026-10-02T01:01:04.695736+02:00
295936915,de:12064:900320005:1:50,0.0,2026-10-02T01:01:04.695736+02:00
295936915,de:12064:900320006:1:51,-0.8,2026-10-02T01:01:04.695736+02:00
295936915,de:12064:900320007:1:50,-0.8,2026-10-02T01:01:04.695736+02:00
295936915,de:12064:900320008:1:51,-0.5,2026-10-02T01:01:04.695736+02:00
295936915,de:12064:900320026:1:50,-0.3,2026-10-02T01:01:04.695736+02:00
295936915,de:11000:900176001:1:51,-0.7,2026-10-02T01:01:04.695736+02:00
295936915,de:11000:900175002:1:50,-0.7,2026-10-02T01:01:04.695736+02:00
295936915,de:11000:900175001:1:50,-0.6,2026-10-02T01:01:04.695736+02:00
295936915,de:11000:900171001:1:50,-0.3,2026-10-02T01:01:04.695736+02:00
295936915,de:11000:900171002:1:51,-0.4,2026-10-02T01:01:04.695736+02:00
295936915,de:11000:900160004:1:51,-0.8,2026-10-02T01:01:04.695736+02:00
295936915,de:11000:900160003:1:51,-0.9,2026-10-02T01:01:04.695736+02:00
295936915,de:11000:900120003:3:55,-0.1,2026-10-02T01:01:04.695736+02:00
295936915,de:11000:900120004:2:53,-0.6,2026-10-02T01:01:04.695736+02:00
295936915,de:11000:900120005:5:58,-0.9,2026-10-02T01:01:04.695736+02:00
295936915,de:11000:900100004:1:51,-0.4,2026-10-02T01:01:04.695736+02:00
295936915,de:11000:900100003:2:53,-0.4,2026-10-02T01:01:04.695736+02:00
295936915,de:11000:900100002:1:51,-0.4,2026-10-02T01:01:04.695736+02:00
295936915,de:11000:900100001:3:55,-0.4,2026-10-02T01:01:04.695736+02:00
295936915,de:11000:900003201:3:55,-0.1,2026-10-02T01:01:04.695736+02:00
295936915,de:11000:900003102:1:51,-0.8,2026-10-02T01:01:04.695736+02:00
295936915,de:11000:900003103:1:51,-0.9,2026-10-02T01:01:04.695736+02:00
295936915,de:11000:900023201:3:55,-0.8,2026-10-02T01:01:04.695736+02:00
295936915,de:11000:900024203:1:51,-0.8,2026-10-02T01:01:04.695736+02:00
295936915,de:11000:900024101:4:57,-0.8,2026-10-02T01:01:04.695736+02:00
295936915,de:11000:900024102:1:51,-0.1,2026-10-02T01:01:04.695736+02:00
306896472,de:12067:900310001::3,0.0,2026-10-02T01:01:04.695736+02:00
306896472,de:12067:900310816::1,0.0,2026-10-02T01:01:04.695736+02:00
306896472,de:12067:900310627::1,0.0,2026-10-02T01:01:04.695736+02:00
306896472,de:12067:900310781::1,0.0,2026-10-02T01:01:04.695736+02:00
306896472,de:12067:900310822::1,0.0,2026-10-02T01:01:04.695736+02:00
306896472,de:12067:900310771::1,0.0,2026-10-02T01:01:04.695736+02:00
306896472,de:12067:900310811::1,0.0,2026-10-02T01:01:04.695736+02:00
306896472,de:12067:900310630::1,0.0,2026-10-02T01:01:04.695736+02:00
306896472,de:12067:900310812::1,0.0,2026-10-02T01:01:04.695736+02:00
306896472,de:12067:900310695::2,0.0,2026-10-02T01:01:04.695736+02:00
306896472,de:12067:900310769::1,0.0,2026-10-02T01:01:04.695736+02:00
306896472,de:12067:900310810::2,0.0,2026-10-02T01:01:04.695736+02:00
306896472,de:12067:900310972::1,0.0,2026-10-02T01:01:04.695736+02:00
306896472,de:12067:900310970::1,0.0,2026-10-02T01:01:04.695736+02:00
306896472,de:12067:900310105::1,0.0,2026-10-02T01:01:04.695736+02:00
306896472,de:12067:900310040::1,0.0,2026-10-02T01:01:04.695736+02:00
306896472,de:12067:900310109::1,0.0,2026-10-02T01:01:04.695736+02:00
306896472,de:12067:900310631::1,0.0,2026-10-02T01:01:04.695736+02:00
306896472,de:12067:900310106::1,0.0,2026-10-02T01:01:04.695736+02:00
306896472,de:12067:900310115::1,0.0,2026-10-02T01:01:04.695736+02:00
306896472,de:12067:900310119::1,0.0,2026-10-02T01:01:04.695736+02:00
306896472,de:12067:900310114::1,0.0,2026-10-02T01:01:04.695736+02:00
306896472,de:12067:900310103::1,0.0,2026-10-02T01:01:04.695736+02:00
306896472,de:12067:900310102::1,0.0,2026-10-02T01:01:04.695736+02:00
306896472,de:12067:900310104::1,0.0,2026-10-02T01:01:04.695736+02:00
306896472,de:12067:900310116::1,0.0,2026-10-02T01:01:04.695736+02:00
306896472,de:12067:900310113::1,0.0,2026-10-02T01:01:04.695736+02:00
306896472,de:12067:900310107::1,0.0,2026-10-02T01:01:04.695736+02:00
306896472,de:12067:900311082::1,0.0,2026-10-02T01:01:04.695736+02:00
306896472,de:12067:900310751::1,0.0,2026-10-02T01:01:04.695736+02:00
306896472,de:12067:900311077::1,0.0,2026-10-02T01:01:04.695736+02:00
306896472,de:12067:900311078::1,0.0,2026-10-02T01:01:04.695736+02:00
306896472,de:12067:900310613::1,0.0,2026-10-02T01:01:04.695736+02:00
306897089,de:12067:900310834::1,0.0,2026-10-02T01:01:04.695736+02:00
306897089,de:12067:900311005::1,0.0,2026-10-02T01:01:04.695736+02:00
306897089,de:12067:900310012::1,0.0,2026-10-02T01:01:04.695736+02:00
306897089,de:12067:900310758::1,0.0,2026-10-02T01:01:04.695736+02:00
306897089,de:12067:900310012::2,0.0,2026-10-02T01:01:04.695736+02:00
306897089,de:12067:900311005::2,0.0,2026-10-02T01:01:04.695736+02:00
306897089,de:12067:900310638::1,0.0,2026-10-02T01:01:04.695736+02:00
306897089,de:12067:900310988::1,0.0,2026-10-02T01:01:04.695736+02:00
306897089,de:12067:900310958::2,0.0,2026-10-02T01:01:04.695736+02:00
306897089,de:12067:900310957::2,0.0,2026-10-02T01:01:04.695736+02:00
306897089,de:12067:900311223::2,0.0,2026-10-02T01:01:04.695736+02:00
306897089,de:12067:900311222::2,0.0,2026-10-02T01:01:04.695736+02:00
306897089,de:12067:900311482::1,0.0,2026-10-02T01:01:04.695736+02:00
295940756,de:11000:900160004:1:50,0.0,2026-10-02T01:01:04.695736+02:00
295940756,de:11000:900171002:1:50,-0.2,2026-10-02T01:01:04.695736+02:00
295940756,de:11000:900171001:2:51,-0.3,2026-10-02T01:01:04.695736+02:00
295940756,de:11000:900175001:2:51,-0.5,2026-10-02T01:01:04.695736+02:00
295940756,de:11000:900175002:1:51,0.0,2026-10-02T01:01:04.695736+02:00
295940756,de:11000:900176001:1:50,-0.7,2026-10-02T01:01:04.695736+02:00
295940183,de:11000:900024102:2:52,0.0,2026-10-02T01:01:04.695736+02:00
295940183,de:11000:900024101:3:54,-0.8,2026-10-02T01:01:04.695736+02:00
295940183,de:11000:900024203:1:51,-0.8,2026-10-02T01:01:04.695736+02:00
295940183,de:11000:900023201:3:54,-0.7,2026-10-02T01:01:04.695736+02:00
295940183,de:11000:900003103:1:50,-0.8,2026-10-02T01:01:04.695736+02:00
295940183,de:11000:900003102:1:50,-0.9,2026-10-02T01:01:04.695736+02:00
295940183,de:11000:900003201:3:54,-0.5,2026-10-02T01:01:04.695736+02:00
295940183,de:11000:900100001:3:54,-0.1,2026-10-02T01:01:04.695736+02:00
295940183,de:11000:900100002:1:50,-0.4,2026-10-02T01:01:04.695736+02:00
295940183,de:11000:900100003:2:52,-0.1,2026-10-02T01:01:04.695736+02:00
295940183,de:11000:900100004:1:50,-0.4,2026-10-02T01:01:04.695736+02:00
295940183,de:11000:900120005:4:55,-0.6,2026-10-02T01:01:04.695736+02:00
295940183,de:11000:900120004:1:50,-0.1,2026-10-02T01:01:04.695736+02:00
295940183,de:11000:900120003:2:53,-0.4,2026-10-02T01:01:04.695736+02:00
295940183,de:11000:900160003:1:50,-0.7,2026-10-02T01:01:04.695736+02:00
295940183,de:11000:900160004:1:50,-0.7,2026-10-02T01:01:04.695736+02:00
295940183,de:11000:900171002:1:50,-0.2,2026-10-02T01:01:04.695736+02:00
295940183,de:11000:900171001:2:51,-0.3,2026-10-02T01:01:04.695736+02:00
295940183,de:11000:900175001:2:51,-0.5,2026-10-02T01:01:04.695736+02:00
295940183,de:11000:900175002:1:51,0.0,2026-10-02T01:01:04.695736+02:00
295940183,de:11000:900176001:2:53,-0.3,2026-10-02T01:01:04.695736+02:00
295940183,de:12064:900320026:1:51,-0.1,2026-10-02T01:01:04.695736+02:00
295940183,de:12064:900320008:1:50,-0.7,2026-10-02T01:01:04.695736+02:00
306896312,de:12064:900320274::1,0.0,2026-10-02T01:01:04.695736+02:00
306896312,de:12064:900320278::2,0.0,2026-10-02T01:01:04.695736+02:00
306896312,de:12064:900320284::2,0.0,2026-10-02T01:01:04.695736+02:00
306896312,de:12064:900320886::2,0.0,2026-10-02T01:01:04.695736+02:00
306896312,de:12064:900320888::3,0.0,2026-10-02T01:01:04.695736+02:00
306896312,de:12064:900320891::2,0.0,2026-10-02T01:01:04.695736+02:00
306896312,de:12067:900310919::2,0.0,2026-10-02T01:01:04.695736+02:00
306896312,de:12067:900310888::2,0.0,2026-10-02T01:01:04.695736+02:00
306896312,de:12067:900310881::2,0.0,2026-10-02T01:01:04.695736+02:00
306896312,de:12067:900310885::1,0.0,2026-10-02T01:01:04.695736+02:00
306896312,de:12067:900310883::2,0.0,2026-10-02T01:01:04.695736+02:00
306896312,de:12067:900310920::2,0.0,2026-10-02T01:01:04.695736+02:00
306896312,de:12067:900310882::2,0.0,2026-10-02T01:01:04.695736+02:00
306896312,de:12067:900310889::2,0.0,2026-10-02T01:01:04.695736+02:00
306896312,de:12067:900310890::2,0.0,2026-10-02T01:01:04.695736+02:00
306896312,de:12067:900310847::2,0.0,2026-10-02T01:01:04.695736+02:00
306896312,de:12067:900310846::2,0.0,2026-10-02T01:01:04.695736+02:00
306896312,de:12067:900310854::2,0.0,2026-10-02T01:01:04.695736+02:00
306896312,de:12067:900310857::2,0.0,2026-10-02T01:01:04.695736+02:00
306896312,de:12067:900311970::1,0.0,2026-10-02T01:01:04.695736+02:00
306896312,de:12067:900310853::1,0.0,2026-10-02T01:01:04.695736+02:00
306896312,de:12067:900310845::1,0.0,2026-10-02T01:01:04.695736+02:00
306896312,de:12067:900310855::2,0.0,2026-10-02T01:01:04.695736+02:00
306896312,de:12067:900310844::2,0.0,2026-10-02T01:01:04.695736+02:00
306896312,de:12067:900310856::1,0.0,2026-10-02T01:01:04.695736+02:00
306896312,de:12067:900310849::2,0.0,2026-10-02T01:01:04.695736+02:00
306896312,de:12067:900310851::2,0.0,2026-10-02T01:01:04.695736+02:00
306896312,de:12067:900310850::2,0.0,2026-10-02T01:01:04.695736+02:00
306896312,de:12067:900310852::2,0.0,2026-10-02T01:01:04.695736+02:00
306896312,de:12067:900310555::2,0.0,2026-10-02T01:01:04.695736+02:00
306896312,de:12067:900310557::2,0.0,2026-10-02T01:01:04.695736+02:00
306896312,de:12067:900310013::7,0.0,2026-10-02T01:01:04.695736+02:00
295940266,de:12064:900320008:1:51,0.0,2026-10-02T01:01:04.695736+02:00
295940266,de:12064:900320026:1:50,-0.3,2026-10-02T01:01:04.695736+02:00
295940266,de:11000:900176001:1:51,-0.7,2026-10-02T01:01:04.695736+02:00
295940266,de:11000:900175002:1:50,-0.7,2026-10-02T01:01:04.695736+02:00
295940266,de:11000:900175001:1:50,-0.6,2026-10-02T01:01:04.695736+02:00
295940266,de:11000:900171001:1:50,-0.3,2026-10-02T01:01:04.695736+02:00
295940266,de:11000:900171002:1:51,-0.4,2026-10-02T01:01:04.695736+02:00
295940266,de:11000:900160004:1:51,-0.8,2026-10-02T01:01:04.695736+02:00
295940266,de:11000:900160003:1:51,-0.9,2026-10-02T01:01:04.695736+02:00
295940266,de:11000:900120003:3:55,-0.1,2026-10-02T01:01:04.695736+02:00
295940266,de:11000:900120004:2:53,-0.6,2026-10-02T01:01:04.695736+02:00
295940266,de:11000:900120005:5:58,-0.9,2026-10-02T01:01:04.695736+02:00
295940266,de:11000:900100004:1:51,-0.4,2026-10-02T01:01:04.695736+02:00
295940266,de:11000:900100003:2:53,-0.4,2026-10-02T01:01:04.695736+02:00
295940266,de:11000:900100002:1:51,-0.4,2026-10-02T01:01:04.695736+02:00
295940266,de:11000:900100001:3:55,-0.4,2026-10-02T01:01:04.695736+02:00
295940266,de:11000:900003201:3:55,-0.1,2026-10-02T01:01:04.695736+02:00
295940266,de:11000:900003102:1:51,-0.8,2026-10-02T01:01:04.695736+02:00
295940266,de:11000:900003103:1:51,-0.9,2026-10-02T01:01:04.695736+02:00
295940266,de:11000:900023201:3:55,-0.8,2026-10-02T01:01:04.695736+02:00
295940266,de:11000:900024203:1:51,-0.8,2026-10-02T01:01:04.695736+02:00
295940266,de:11000:900024101:4:57,-0.8,2026-10-02T01:01:04.695736+02:00
295940266,de:11000:900024102:1:51,-0.1,2026-10-02T01:01:04.695736+02:00
295942233,de:11000:900176001:1:50,0.0,2026-10-02T01:01:04.695736+02:00
295942233,de:11000:900175002:1:50,-0.7,2026-10-02T01:01:04.695736+02:00
295942233,de:11000:900175001:1:50,-0.6,2026-10-02T01:01:04.695736+02:00
295942233,de:11000:900171001:1:50,-0.3,2026-10-02T01:01:04.695736+02:00
295942233,de:11000:900171002:1:51,-0.4,2026-10-02T01:01:04.695736+02:00
295942233,de:11000:900160004:1:51,-0.8,2026-10-02T01:01:04.695736+02:00
295942233,de:11000:900160003:1:51,-0.8,2026-10-02T01:01:04.695736+02:00
295942233,de:11000:900120003:3:54,-0.9,2026-10-02T01:01:04.695736+02:00
295942233,de:11000:900120004:2:52,-0.1,2026-10-02T01:01:04.695736+02:00
295942208,de:11000:900120004:1:51,0.0,2026-10-02T01:01:04.695736+02:00
295942208,de:11000:900120003:2:52,-0.9,2026-10-02T01:01:04.695736+02:00
295942208,de:11000:900160003:1:50,-0.7,2026-10-02T01:01:04.695736+02:00
295942208,de:11000:900160004:1:50,-0.7,2026-10-02T01:01:04.695736+02:00
295942208,de:11000:900171002:1:50,-0.2,2026-10-02T01:01:04.695736+02:00
295942208,de:11000:900171001:2:51,-0.3,2026-10-02T01:01:04.695736+02:00
295942208,de:11000:900175001:2:51,-0.5,2026-10-02T01:01:04.695736+02:00
295942208,de:11000:900175002:1:51,0.0,2026-10-02T01:01:04.695736+02:00
295942208,de:11000:900176001:1:50,-0.7,2026-10-02T01:01:04.695736+02:00
295940166,de:11000:900024102:2:52,0.0,2026-10-02T01:01:04.695736+02:00
295940166,de:11000:900024101:3:54,-0.8,2026-10-02T01:01:04.695736+02:00
295940166,de:11000:900024203:1:51,-0.8,2026-10-02T01:01:04.695736+02:00
295940166,de:11000:900023201:3:54,-0.7,2026-10-02T01:01:04.695736+02:00
295940166,de:11000:900003103:1:50,-0.8,2026-10-02T01:01:04.695736+02:00
295940166,de:11000:900003102:1:50,-0.9,2026-10-02T01:01:04.695736+02:00
295940166,de:11000:900003201:3:54,-0.5,2026-10-02T01:01:04.695736+02:00
295940166,de:11000:900100001:3:54,-0.1,2026-10-02T01:01:04.695736+02:00
295940166,de:11000:900100002:1:50,-0.4,2026-10-02T01:01:04.695736+02:00
295940166,de:11000:900100003:2:52,-0.1,2026-10-02T01:01:04.695736+02:00
295940166,de:11000:900100004:1:50,-0.4,2026-10-02T01:01:04.695736+02:00
295940166,de:11000:900120005:4:55,-0.6,2026-10-02T01:01:04.695736+02:00
295940166,de:11000:900120004:1:50,-0.1,2026-10-02T01:01:04.695736+02:00
295940166,de:11000:900120003:2:53,-0.4,2026-10-02T01:01:04.695736+02:00
295940166,de:11000:900160003:1:50,-0.7,2026-10-02T01:01:04.695736+02:00
295940166,de:11000:900160004:1:50,-0.7,2026-10-02T01:01:04.695736+02:00
295940166,de:11000:900171002:1:50,-0.2,2026-10-02T01:01:04.695736+02:00
295940166,de:11000:900171001:2:51,-0.3,2026-10-02T01:01:04.695736+02:00
295940166,de:11000:900175001:2:51,-0.5,2026-10-02T01:01:04.695736+02:00
295940166,de:11000:900175002:1:51,0.0,2026-10-02T01:01:04.695736+02:00
295940166,de:11000:900176001:2:52,-0.3,2026-10-02T01:01:04.695736+02:00
295940166,de:12064:900320026:1:51,-0.1,2026-10-02T01:01:04.695736+02:00
295940166,de:12064:900320008:1:50,-0.7,2026-10-02T01:01:04.695736+02:00
295940249,de:12064:900320008:1:51,0.0,2026-10-02T01:01:04.695736+02:00
295940249,de:12064:900320026:1:50,-0.3,2026-10-02T01:01:04.695736+02:00
295940249,de:11000:900176001:1:51,-0.7,2026-10-02T01:01:04.695736+02:00
295940249,de:11000:900175002:1:50,-0.7,2026-10-02T01:01:04.695736+02:00
295940249,de:11000:900175001:1:50,-0.6,2026-10-02T01:01:04.695736+02:00
295940249,de:11000:900171001:1:50,-0.3,2026-10-02T01:01:04.695736+02:00
295940249,de:11000:900171002:1:51,-0.4,2026-10-02T01:01:04.695736+02:00
295940249,de:11000:900160004:1:51,-0.8,2026-10-02T01:01:04.695736+02:00
295940249,de:11000:900160003:1:51,-0.9,2026-10-02T01:01:04.695736+02:00
295940249,de:11000:900120003:3:55,-0.1,2026-10-02T01:01:04.695736+02:00
295940249,de:11000:900120004:2:53,-0.6,2026-10-02T01:01:04.695736+02:00
295940249,de:11000:900120005:5:58,-0.9,2026-10-02T01:01:04.695736+02:00
295940249,de:11000:900100004:1:51,-0.4,2026-10-02T01:01:04.695736+02:00
295940249,de:11000:900100003:2:53,-0.4,2026-10-02T01:01:04.695736+02:00
295940249,de:11000:900100002:1:51,-0.4,2026-10-02T01:01:04.695736+02:00
295940249,de:11000:900100001:3:55,-0.4,2026-10-02T01:01:04.695736+02:00
295940249,de:11000:900003201:3:55,-0.1,2026-10-02T01:01:04.695736+02:00
295940249,de:11000:900003102:1:51,-0.8,2026-10-02T01:01:04.695736+02:00
295940249,de:11000:900003103:1:51,-0.9,2026-10-02T01:01:04.695736+02:00
295940249,de:11000:900023201:3:55,-0.8,2026-10-02T01:01:04.695736+02:00
295940249,de:11000:900024203:1:51,-0.8,2026-10-02T01:01:04.695736+02:00
295940249,de:11000:900024101:4:57,-0.8,2026-10-02T01:01:04.695736+02:00
295940249,de:11000:900024102:1:51,-0.1,2026-10-02T01:01:04.695736+02:00
295940243,de:12064:900320008:1:51,0.0,2026-10-02T01:01:04.695736+02:00
295940243,de:12064:900320026:1:50,-0.3,2026-10-02T01:01:04.695736+02:00
295940243,de:11000:900176001:1:51,-0.7,2026-10-02T01:01:04.695736+02:00
295940243,de:11000:900175002:1:50,-0.7,2026-10-02T01:01:04.695736+02:00
295940243,de:11000:900175001:1:50,-0.6,2026-10-02T01:01:04.695736+02:00
295940243,de:11000:900171001:1:50,-0.3,2026-10-02T01:01:04.695736+02:00
295940243,de:11000:900171002:1:51,-0.4,2026-10-02T01:01:04.695736+02:00
295940243,de:11000:900160004:1:51,-0.8,2026-10-02T01:01:04.695736+02:00
295940243,de:11000:900160003:1:51,-0.9,2026-10-02T01:01:04.695736+02:00
295940243,de:11000:900120003:3:55,-0.1,2026-10-02T01:01:04.695736+02:00
295940243,de:11000:900120004:2:53,-0.6,2026-10-02T01:01:04.695736+02:00
295940243,de:11000:900120005:5:58,-0.9,2026-10-02T01:01:04.695736+02:00
295940243,de:11000:900100004:1:51,-0.4,2026-10-02T01:01:04.695736+02:00
295940243,de:11000:900100003:2:53,-0.4,2026-10-02T01:01:04.695736+02:00
295940243,de:11000:900100002:1:51,-0.4,2026-10-02T01:01:04.695736+02:00
295940243,de:11000:900100001:3:55,-0.4,2026-10-02T01:01:04.695736+02:00
295940243,de:11000:900003201:3:55,-0.1,2026-10-02T01:01:04.695736+02:00
295940243,de:11000:900003102:1:51,-0.8,2026-10-02T01:01:04.695736+02:00
295940243,de:11000:900003103:1:51,-0.9,2026-10-02T01:01:04.695736+02:00
295940243,de:11000:900023201:3:55,-0.8,2026-10-02T01:01:04.695736+02:00
295940243,de:11000:900024203:1:51,-0.8,2026-10-02T01:01:04.695736+02:00
295940243,de:11000:900024101:4:57,-0.8,2026-10-02T01:01:04.695736+02:00
295940243,de:11000:900024102:1:51,-0.1,2026-10-02T01:01:04.695736+02:00
295941755,de:11000:900176001:2:53,0.0,2026-10-02T01:01:04.695736+02:00
295941755,de:12064:900320026:1:51,-0.1,2026-10-02T01:01:04.695736+02:00
295941755,de:12064:900320008:1:50,-0.7,2026-10-02T01:01:04.695736+02:00
295941755,de:12064:900320007:1:50,-0.4,2026-10-02T01:01:04.695736+02:00
295941755,de:12064:900320006:1:50,-0.8,2026-10-02T01:01:04.695736+02:00
295941755,de:12064:900320005:1:50,-0.2,2026-10-02T01:01:04.695736+02:00
295941755,de:12064:900320004:2:51,-0.9,2026-10-02T01:01:04.695736+02:00
307420245,de:11000:900120003:6:60,0.0,2026-10-02T01:01:04.695736+02:00
307420245,de:11000:900160004:2:52,0.0,2026-10-02T01:01:04.695736+02:00
307420245,de:11000:900152001:2:52,0.0,2026-10-02T01:01:04.695736+02:00
307420245,de:12065:900200005:1:1,0.0,2026-10-02T01:01:04.695736+02:00
307420245,de:12065:900200041:1:50,0.0,2026-10-02T01:01:04.695736+02:00
307420245,de:12065:900200043:1:50,0.0,2026-10-02T01:01:04.695736+02:00
307420245,de:12065:900203961:1:50,0.0,2026-10-02T01:01:04.695736+02:00
307420245,de:12065:900203780:1:50,0.0,2026-10-02T01:01:04.695736+02:00
307420245,de:12065:900203942:1:50,0.0,2026-10-02T01:01:04.695736+02:00
307420245,de:12065:900203853:1:50,0.0,2026-10-02T01:01:04.695736+02:00
307420245,de:12065:900203898:1:50,0.0,2026-10-02T01:01:04.695736+02:00
307420245,de:12065:900203956:1:50,0.0,2026-10-02T01:01:04.695736+02:00
307420245,de:12073:900340353:1:50,0.0,2026-10-02T01:01:04.695736+02:00
307420245,de:12073:900340026:1:50,0.0,2026-10-02T01:01:04.695736+02:00
307420245,de:12073:900340027:1:50,0.0,2026-10-02T01:01:04.695736+02:00
306895215,de:12067:900311308::5,0.0,2026-10-02T01:01:04.695736+02:00
306895215,de:12067:900311380::1,0.0,2026-10-02T01:01:04.695736+02:00
306895215,de:12067:900311348::1,0.0,2026-10-02T01:01:04.695736+02:00
306895215,de:12067:900311315::1,0.0,2026-10-02T01:01:04.695736+02:00
306895215,de:12067:900311383::3,0.0,2026-10-02T01:01:04.695736+02:00
306895215,de:12067:900311312::1,0.0,2026-10-02T01:01:04.695736+02:00
306895215,de:12067:900311311::1,0.0,2026-10-02T01:01:04.695736+02:00
306895215,de:12067:900311402::2,0.0,2026-10-02T01:01:04.695736+02:00
306895215,de:12067:900311227::2,0.0,2026-10-02T01:01:04.695736+02:00
306895215,de:12067:900311239::1,0.0,2026-10-02T01:01:04.695736+02:00
306895215,de:12067:900311228::1,0.0,2026-10-02T01:01:04.695736+02:00
306895215,de:12067:900311269::1,0.0,2026-10-02T01:01:04.695736+02:00
306895215,de:12067:900310858::1,0.0,2026-10-02T01:01:04.695736+02:00
306895215,de:12067:900310060::1,0.0,2026-10-02T01:01:04.695736+02:00
306895215,de:12067:900310609::1,0.0,2026-10-02T01:01:04.695736+02:00
306895215,de:12067:900310909::1,0.0,2026-10-02T01:01:04.695736+02:00
306895215,de:12067:900310725::2,0.0,2026-10-02T01:01:04.695736+02:00
306895215,de:12067:900310738::2,0.0,2026-10-02T01:01:04.695736+02:00
306895215,de:12067:900310639::1,0.0,2026-10-02T01:01:04.695736+02:00
306895215,de:12067:900310626::1,0.0,2026-10-02T01:01:04.695736+02:00
306895215,de:12067:900311129::6,0.0,2026-10-02T01:01:04.695736+02:00
295946186,de:12054:900230999:3:54,0.0,2026-10-02T01:01:04.695736+02:00
295946186,de:12054:900230000:1:50,-0.3,2026-10-02T01:01:04.695736+02:00
295946186,de:12054:900230003:1:54,-0.3,2026-10-02T01:01:04.695736+02:00
295946186,de:11000:900053301:2:53,-0.4,2026-10-02T01:01:04.695736+02:00
295946186,de:11000:900052201:2:53,-0.7,2026-10-02T01:01:04.695736+02:00
295946186,de:11000:900048101:2:53,-0.9,2026-10-02T01:01:04.695736+02:00
295946186,de:11000:900024102:2:53,-0.9,2026-10-02T01:01:04.695736+02:00
295946186,de:11000:900024101:3:55,-0.3,2026-10-02T01:01:04.695736+02:00
295946186,de:11000:900024203:1:51,-0.3,2026-10-02T01:01:04.695736+02:00
295946186,de:11000:900023201:3:54,-0.2,2026-10-02T01:01:04.695736+02:00
295946186,de:11000:900003103:1:50,-0.3,2026-10-02T01:01:04.695736+02:00
295946186,de:11000:900003102:1:50,-0.4,2026-10-02T01:01:04.695736+02:00
295946186,de:11000:900003201:3:54,0.0,2026-10-02T01:01:04.695736+02:00
295946186,de:11000:900100001:3:54,-0.6,2026-10-02T01:01:04.695736+02:00
295946186,de:11000:900100002:1:50,-0.9,2026-10-02T01:01:04.695736+02:00
295946186,de:11000:900100003:2:52,-0.6,2026-10-02T01:01:04.695736+02:00
295946186,de:11000:900100004:1:50,-0.9,2026-10-02T01:01:04.695736+02:00
295946186,de:11000:900120005:4:55,-0.1,2026-10-02T01:01:04.695736+02:00
295946186,de:11000:900120004:1:50,-0.6,2026-10-02T01:01:04.695736+02:00
295946186,de:11000:900120003:2:53,-0.9,2026-10-02T01:01:04.695736+02:00
295946186,de:11000:900160003:1:50,-0.2,2026-10-02T01:01:04.695736+02:00
295946186,de:11000:900160004:1:50,-0.2,2026-10-02T01:01:04.695736+02:00
295946186,de:11000:900171002:1:50,-0.7,2026-10-02T01:01:04.695736+02:00
295946186,de:11000:900171003:1:50,-0.8,2026-10-02T01:01:04.695736+02:00
295946186,de:11000:900170005:1:50,-0.3,2026-10-02T01:01:04.695736+02:00
295946186,de:11000:900170001:1:50,-0.1,2026-10-02T01:01:04.695736+02:00
295946186,de:11000:900170002:1:50,-0.9,2026-10-02T01:01:04.695736+02:00
295946186,de:11000:900170003:1:50,-0.7,2026-10-02T01:01:04.695736+02:00
295946186,de:11000:900170004:1:50,-0.9,2026-10-02T01:01:04.695736+02:00
295946182,de:12054:900230999:3:54,0.0,2026-10-02T01:01:04.695736+02:00
295946182,de:12054:900230000:1:50,-0.3,2026-10-02T01:01:04.695736+02:00
295946182,de:12054:900230003:1:54,-0.3,2026-10-02T01:01:04.695736+02:00
295946182,de:11000:900053301:2:53,-0.4,2026-10-02T01:01:04.695736+02:00
295946182,de:11000:900052201:2:53,-0.7,2026-10-02T01:01:04.695736+02:00
295946182,de:11000:900048101:2:53,-0.9,2026-10-02T01:01:04.695736+02:00
295946182,de:11000:900024102:2:53,-0.9,2026-10-02T01:01:04.695736+02:00
295946182,de:11000:900024101:3:55,-0.3,2026-10-02T01:01:04.695736+02:00
295946182,de:11000:900024203:1:51,-0.3,2026-10-02T01:01:04.695736+02:00
295946182,de:11000:900023201:3:54,-0.2,2026-10-02T01:01:04.695736+02:00
295946182,de:11000:900003103:1:50,-0.3,2026-10-02T01:01:04.695736+02:00
295946182,de:11000:900003102:1:50,-0.4,2026-10-02T01:01:04.695736+02:00
295946182,de:11000:900003201:3:54,0.0,2026-10-02T01:01:04.695736+02:00
295946182,de:11000:900100001:3:54,-0.6,2026-10-02T01:01:04.695736+02:00
295946182,de:11000:900100002:1:50,-0.9,2026-10-02T01:01:04.695736+02:00
295946182,de:11000:900100003:2:52,-0.6,2026-10-02T01:01:04.695736+02:00
295946182,de:11000:900100004:1:50,-0.9,2026-10-02T01:01:04.695736+02:00
295946182,de:11000:900120005:4:55,-0.1,2026-10-02T01:01:04.695736+02:00
295946182,de:11000:900120004:1:50,-0.6,2026-10-02T01:01:04.695736+02:00
295946182,de:11000:900120003:2:53,-0.9,2026-10-02T01:01:04.695736+02:00
295946182,de:11000:900160003:1:50,-0.2,2026-10-02T01:01:04.695736+02:00
295946182,de:11000:900160004:1:50,-0.2,2026-10-02T01:01:04.695736+02:00
295946182,de:11000:900171002:1:50,-0.7,2026-10-02T01:01:04.695736+02:00
295946182,de:11000:900171003:1:50,-0.8,2026-10-02T01:01:04.695736+02:00
295946182,de:11000:900170005:1:50,-0.3,2026-10-02T01:01:04.695736+02:00
295946182,de:11000:900170001:1:50,-0.1,2026-10-02T01:01:04.695736+02:00
295946182,de:11000:900170002:1:50,-0.9,2026-10-02T01:01:04.695736+02:00
295946182,de:11000:900170003:1:50,-0.7,2026-10-02T01:01:04.695736+02:00
295946182,de:11000:900170004:1:50,-0.9,2026-10-02T01:01:04.695736+02:00
295946177,de:12054:900230999:3:54,0.0,2026-10-02T01:01:04.695736+02:00
295946177,de:12054:900230000:1:50,-0.3,2026-10-02T01:01:04.695736+02:00
295946177,de:12054:900230003:1:54,-0.3,2026-10-02T01:01:04.695736+02:00
295946177,de:11000:900053301:2:53,-0.4,2026-10-02T01:01:04.695736+02:00
295946177,de:11000:900052201:2:53,-0.7,2026-10-02T01:01:04.695736+02:00
295946177,de:11000:900048101:2:53,-0.9,2026-10-02T01:01:04.695736+02:00
295946177,de:11000:900024102:2:53,-0.9,2026-10-02T01:01:04.695736+02:00
295946177,de:11000:900024101:3:55,-0.3,2026-10-02T01:01:04.695736+02:00
295946177,de:11000:900024203:1:51,-0.3,2026-10-02T01:01:04.695736+02:00
295946177,de:11000:900023201:3:54,-0.2,2026-10-02T01:01:04.695736+02:00
295946177,de:11000:900003103:1:50,-0.3,2026-10-02T01:01:04.695736+02:00
295946177,de:11000:900003102:1:50,-0.4,2026-10-02T01:01:04.695736+02:00
295946177,de:11000:900003201:3:54,0.0,2026-10-02T01:01:04.695736+02:00
295946177,de:11000:900100001:3:54,-0.6,2026-10-02T01:01:04.695736+02:00
295946177,de:11000:900100002:1:50,-0.9,2026-10-02T01:01:04.695736+02:00
295946177,de:11000:900100003:2:52,-0.6,2026-10-02T01:01:04.695736+02:00
295946177,de:11000:900100004:1:50,-0.9,2026-10-02T01:01:04.695736+02:00
295946177,de:11000:900120005:4:55,-0.1,2026-10-02T01:01:04.695736+02:00
295946177,de:11000:900120004:1:50,-0.6,2026-10-02T01:01:04.695736+02:00
295946177,de:11000:900120003:2:53,-0.9,2026-10-02T01:01:04.695736+02:00
295946177,de:11000:900160003:1:50,-0.2,2026-10-02T01:01:04.695736+02:00
295946177,de:11000:900160004:1:50,-0.2,2026-10-02T01:01:04.695736+02:00
295946177,de:11000:900171002:1:50,-0.7,2026-10-02T01:01:04.695736+02:00
295946177,de:11000:900171003:1:50,-0.8,2026-10-02T01:01:04.695736+02:00
295946177,de:11000:900170005:1:50,-0.3,2026-10-02T01:01:04.695736+02:00
295946177,de:11000:900170001:1:50,-0.1,2026-10-02T01:01:04.695736+02:00
295946177,de:11000:900170002:1:50,-0.9,2026-10-02T01:01:04.695736+02:00
295946177,de:11000:900170003:1:50,-0.7,2026-10-02T01:01:04.695736+02:00
295946177,de:11000:900170004:1:50,-0.9,2026-10-02T01:01:04.695736+02:00
306895454,de:12067:900311083::3,0.0,2026-10-02T01:01:04.695736+02:00
306895454,de:12067:900310775::1,0.0,2026-10-02T01:01:04.695736+02:00
306895454,de:12067:900311083::2,0.0,2026-10-02T01:01:04.695736+02:00
306895454,de:12067:900310814::2,0.0,2026-10-02T01:01:04.695736+02:00
306895454,de:12067:900310628::2,0.0,2026-10-02T01:01:04.695736+02:00
306895454,de:12067:900310793::2,0.0,2026-10-02T01:01:04.695736+02:00
306895454,de:12067:900310774::1,0.0,2026-10-02T01:01:04.695736+02:00
306895454,de:12067:900310792::1,0.0,2026-10-02T01:01:04.695736+02:00
306895454,de:12067:900310825::1,0.0,2026-10-02T01:01:04.695736+02:00
306895454,de:12067:900310809::2,0.0,2026-10-02T01:01:04.695736+02:00
306895454,de:12067:900310787::2,0.0,2026-10-02T01:01:04.695736+02:00
306895454,de:12067:900310790::2,0.0,2026-10-02T01:01:04.695736+02:00
306895454,de:12067:900310788::2,0.0,2026-10-02T01:01:04.695736+02:00
306895454,de:12067:900310696::2,0.0,2026-10-02T01:01:04.695736+02:00
306895454,de:12067:900310001::11,0.0,2026-10-02T01:01:04.695736+02:00
306895454,de:12067:900310001::2,0.0,2026-10-02T01:01:04.695736+02:00
306895454,de:12067:900310816::1,0.0,2026-10-02T01:01:04.695736+02:00
306895454,de:12067:900310627::1,0.0,2026-10-02T01:01:04.695736+02:00
306895454,de:12067:900310781::1,0.0,2026-10-02T01:01:04.695736+02:00
306895454,de:12067:900310822::1,0.0,2026-10-02T01:01:04.695736+02:00
306895454,de:12067:900310808::1,0.0,2026-10-02T01:01:04.695736+02:00
306895454,de:12067:900310794::1,0.0,2026-10-02T01:01:04.695736+02:00
306895454,de:12067:900310821::1,0.0,2026-10-02T01:01:04.695736+02:00
306895454,de:12067:900310806::1,0.0,2026-10-02T01:01:04.695736+02:00
306895454,de:12067:900310812::1,0.0,2026-10-02T01:01:04.695736+02:00
306895454,de:12067:900310770::1,0.0,2026-10-02T01:01:04.695736+02:00
306895454,de:12067:900310010::3,0.0,2026-10-02T01:01:04.695736+02:00
306895454,de:12067:900310880::1,0.0,2026-10-02T01:01:04.695736+02:00
306895454,de:12067:900310815::1,0.0,2026-10-02T01:01:04.695736+02:00
306895454,de:12067:900310807::1,0.0,2026-10-02T01:01:04.695736+02:00
295953506,de:11000:900120004:1:51,0.0,2026-10-02T01:01:04.695736+02:00
295953506,de:11000:900120003:2:52,-0.9,2026-10-02T01:01:04.695736+02:00
295953506,de:11000:900160003:1:50,-0.2,2026-10-02T01:01:04.695736+02:00
295953506,de:11000:900160004:1:50,-0.2,2026-10-02T01:01:04.695736+02:00
295953506,de:11000:900171002:1:50,-0.7,2026-10-02T01:01:04.695736+02:00
295953506,de:11000:900171003:1:50,-0.8,2026-10-02T01:01:04.695736+02:00
295953506,de:11000:900152002:1:50,-0.4,2026-10-02T01:01:04.695736+02:00
295953506,de:11000:900152001:1:50,-0.6,2026-10-02T01:01:04.695736+02:00
295953506,de:11000:900151001:1:51,-0.9,2026-10-02T01:01:04.695736+02:00
295953441,de:11000:900120005:5:57,0.0,2026-10-02T01:01:04.695736+02:00
295953441,de:11000:900120004:1:50,-0.6,2026-10-02T01:01:04.695736+02:00
295953441,de:11000:900120003:2:53,-0.9,2026-10-02T01:01:04.695736+02:00
295953441,de:11000:900160003:1:50,-0.2,2026-10-02T01:01:04.695736+02:00
295953441,de:11000:900160004:1:50,-0.2,2026-10-02T01:01:04.695736+02:00
295953441,de:11000:900171002:1:50,-0.7,2026-10-02T01:01:04.695736+02:00
295953441,de:11000:900171003:1:50,-0.8,2026-10-02T01:01:04.695736+02:00
295953441,de:11000:900152002:1:50,-0.4,2026-10-02T01:01:04.695736+02:00
295953441,de:11000:900152001:1:50,-0.6,2026-10-02T01:01:04.695736+02:00
295953441,de:11000:900151001:1:51,-0.9,2026-10-02T01:01:04.695736+02:00
295953437,de:11000:900120005:5:57,0.0,2026-10-02T01:01:04.695736+02:00
295953437,de:11000:900120004:1:50,-0.6,2026-10-02T01:01:04.695736+02:00
295953437,de:11000:900120003:2:53,-0.9,2026-10-02T01:01:04.695736+02:00
295953437,de:11000:900160003:1:50,-0.2,2026-10-02T01:01:04.695736+02:00
295953437,de:11000:900160004:1:50,-0.2,2026-10-02T01:01:04.695736+02:00
295953437,de:11000:900171002:1:50,-0.7,2026-10-02T01:01:04.695736+02:00
295953437,de:11000:900171003:1:50,-0.8,2026-10-02T01:01:04.695736+02:00
295953437,de:11000:900152002:1:50,-0.4,2026-10-02T01:01:04.695736+02:00
295953437,de:11000:900152001:1:50,-0.6,2026-10-02T01:01:04.695736+02:00
295953437,de:11000:900151001:1:51,-0.9,2026-10-02T01:01:04.695736+02:00
295953529,de:11000:900151001:1:51,0.0,2026-10-02T01:01:04.695736+02:00
295953529,de:11000:900152001:1:51,-0.6,2026-10-02T01:01:04.695736+02:00
295953529,de:11000:900152002:1:51,-0.2,2026-10-02T01:01:04.695736+02:00
295953529,de:11000:900171003:1:51,-0.9,2026-10-02T01:01:04.695736+02:00
295953529,de:11000:900171002:1:51,-0.9,2026-10-02T01:01:04.695736+02:00
295953529,de:11000:900160004:1:51,-0.3,2026-10-02T01:01:04.695736+02:00
295953529,de:11000:900160003:1:51,-0.4,2026-10-02T01:01:04.695736+02:00
295953529,de:11000:900120003:3:55,-0.6,2026-10-02T01:01:04.695736+02:00
295953529,de:11000:900120004:2:53,-0.1,2026-10-02T01:01:04.695736+02:00
295953529,de:11000:900120005:4:56,-0.4,2026-10-02T01:01:04.695736+02:00
295956064,de:11000:900151001:1:50,0.0,2026-10-02T01:01:04.695736+02:00
295956064,de:11000:900152001:1:51,-0.6,2026-10-02T01:01:04.695736+02:00
295956064,de:11000:900152002:1:51,-0.2,2026-10-02T01:01:04.695736+02:00
295956064,de:11000:900171003:1:51,-0.9,2026-10-02T01:01:04.695736+02:00
295956064,de:11000:900171002:1:51,-0.9,2026-10-02T01:01:04.695736+02:00
295956064,de:11000:900160004:1:51,-0.3,2026-10-02T01:01:04.695736+02:00
295956064,de:11000:900160003:1:51,-0.4,2026-10-02T01:01:04.695736+02:00
295956064,de:11000:900120003:3:54,-0.6,2026-10-02T01:01:04.695736+02:00
295956064,de:11000:900120004:2:52,-0.1,2026-10-02T01:01:04.695736+02:00
307436061,de:12066:900435000:2:53,0.0,2026-10-02T01:01:04.695736+02:00
307436061,de:12066:900435001:2:51,0.0,2026-10-02T01:01:04.695736+02:00
307436061,de:12066:900435339:1:50,0.0,2026-10-02T01:01:04.695736+02:00
307436061,de:12066:900435209:1:50,0.0,2026-10-02T01:01:04.695736+02:00
307436061,de:12066:900435818:1:50,0.0,2026-10-02T01:01:04.695736+02:00
307436061,de:12066:900435459:3:53,0.0,2026-10-02T01:01:04.695736+02:00
307436061,de:12066:900435602:2:51,0.0,2026-10-02T01:01:04.695736+02:00
307436061,de:12061:900261512:2:52,0.0,2026-10-02T01:01:04.695736+02:00
306895531,de:12067:900311083::3,0.0,2026-10-02T01:01:04.695736+02:00
306895531,de:12067:900310775::1,0.0,2026-10-02T01:01:04.695736+02:00
306895531,de:12067:900311083::2,0.0,2026-10-02T01:01:04.695736+02:00
306895531,de:12067:900310814::2,0.0,2026-10-02T01:01:04.695736+02:00
306895531,de:12067:900310804::2,0.0,2026-10-02T01:01:04.695736+02:00
306895531,de:12067:900311150::2,0.0,2026-10-02T01:01:04.695736+02:00
306895531,de:12067:900311135::2,0.0,2026-10-02T01:01:04.695736+02:00
306895531,de:12067:900311149::2,0.0,2026-10-02T01:01:04.695736+02:00
306895531,de:12067:900310001::11,0.0,2026-10-02T01:01:04.695736+02:00
306895531,de:12067:900310001::2,0.0,2026-10-02T01:01:04.695736+02:00
306895531,de:12067:900310816::1,0.0,2026-10-02T01:01:04.695736+02:00
306895531,de:12067:900310627::1,0.0,2026-10-02T01:01:04.695736+02:00
306895531,de:12067:900311151::1,0.0,2026-10-02T01:01:04.695736+02:00
306895531,de:12067:900311152::1,0.0,2026-10-02T01:01:04.695736+02:00
306895531,de:12067:900310823::1,0.0,2026-10-02T01:01:04.695736+02:00
306895531,de:12067:900310773::1,0.0,2026-10-02T01:01:04.695736+02:00
306895531,de:12067:900311109::1,0.0,2026-10-02T01:01:04.695736+02:00
306895531,de:12067:900310782::1,0.0,2026-10-02T01:01:04.695736+02:00
306895531,de:12067:900310010::2,0.0,2026-10-02T01:01:04.695736+02:00
306895531,de:12067:900310770::2,0.0,2026-10-02T01:01:04.695736+02:00
306895531,de:12067:900310695::2,0.0,2026-10-02T01:01:04.695736+02:00
306895531,de:12067:900311153::1,0.0,2026-10-02T01:01:04.695736+02:00
306895531,de:12067:900310769::1,0.0,2026-10-02T01:01:04.695736+02:00
306895531,de:12067:900310810::2,0.0,2026-10-02T01:01:04.695736+02:00
306895531,de:12067:900310980::1,0.0,2026-10-02T01:01:04.695736+02:00
306895535,de:12067:900311083::3,0.0,2026-10-02T01:01:04.695736+02:00
306895535,de:12067:900310775::1,0.0,2026-10-02T01:01:04.695736+02:00
306895535,de:12067:900311083::2,0.0,2026-10-02T01:01:04.695736+02:00
306895535,de:12067:900310814::2,0.0,2026-10-02T01:01:04.695736+02:00
306895535,de:12067:900310804::2,0.0,2026-10-02T01:01:04.695736+02:00
306895535,de:12067:900311150::2,0.0,2026-10-02T01:01:04.695736+02:00
306895535,de:12067:900311135::2,0.0,2026-10-02T01:01:04.695736+02:00
306895535,de:12067:900311149::2,0.0,2026-10-02T01:01:04.695736+02:00
306895535,de:12067:900310001::11,0.0,2026-10-02T01:01:04.695736+02:00
306895535,de:12067:900310001::2,0.0,2026-10-02T01:01:04.695736+02:00
306895535,de:12067:900310816::1,0.0,2026-10-02T01:01:04.695736+02:00
306895535,de:12067:900310627::1,0.0,2026-10-02T01:01:04.695736+02:00
306895535,de:12067:900311151::1,0.0,2026-10-02T01:01:04.695736+02:00
306895535,de:12067:900311152::1,0.0,2026-10-02T01:01:04.695736+02:00
306895535,de:12067:900310823::1,0.0,2026-10-02T01:01:04.695736+02:00
306895535,de:12067:900310773::1,0.0,2026-10-02T01:01:04.695736+02:00
306895535,de:12067:900311109::1,0.0,2026-10-02T01:01:04.695736+02:00
306895535,de:12067:900310782::1,0.0,2026-10-02T01:01:04.695736+02:00
306895535,de:12067:900310010::2,0.0,2026-10-02T01:01:04.695736+02:00
306895535,de:12067:900310770::2,0.0,2026-10-02T01:01:04.695736+02:00
306895535,de:12067:900310695::2,0.0,2026-10-02T01:01:04.695736+02:00
306895535,de:12067:900311153::1,0.0,2026-10-02T01:01:04.695736+02:00
306895535,de:12067:900310769::1,0.0,2026-10-02T01:01:04.695736+02:00
306895535,de:12067:900310810::2,0.0,2026-10-02T01:01:04.695736+02:00
306895535,de:12067:900310980::1,0.0,2026-10-02T01:01:04.695736+02:00
295960132,de:12061:900260002:1:50,0.0,2026-10-02T01:01:04.695736+02:00
295960132,de:12061:900260003:1:51,-0.7,2026-10-02T01:01:04.695736+02:00
295960132,de:12061:900260004:1:51,-0.9,2026-10-02T01:01:04.695736+02:00
295960132,de:11000:900186001:2:53,-0.2,2026-10-02T01:01:04.695736+02:00
295960132,de:11000:900193002:1:51,-0.2,2026-10-02T01:01:04.695736+02:00
295960132,de:11000:900193001:2:51,-0.8,2026-10-02T01:01:04.695736+02:00
295960132,de:11000:900192001:3:55,-0.7,2026-10-02T01:01:04.695736+02:00
295960132,de:11000:900191001:1:50,-0.4,2026-10-02T01:01:04.695736+02:00
295960132,de:11000:900191002:1:51,-0.8,2026-10-02T01:01:04.695736+02:00
295960132,de:11000:900190001:2:53,-0.6,2026-10-02T01:01:04.695736+02:00
295960132,de:11000:900120003:5:59,0.0,2026-10-02T01:01:04.695736+02:00
295960132,de:11000:900120001:1:51,-0.6,2026-10-02T01:01:04.695736+02:00
295960132,de:11000:900110012:1:51,-0.8,2026-10-02T01:01:04.695736+02:00
295960132,de:11000:900110004:1:51,-0.7,2026-10-02T01:01:04.695736+02:00
295960132,de:11000:900110003:1:51,0.0,2026-10-02T01:01:04.695736+02:00
295960132,de:11000:900110002:1:51,0.0,2026-10-02T01:01:04.695736+02:00
295960132,de:11000:900110001:1:51,-0.7,2026-10-02T01:01:04.695736+02:00
295960132,de:11000:900110011:2:52,-0.4,2026-10-02T01:01:04.695736+02:00
295960132,de:11000:900130002:1:50,0.0,2026-10-02T01:01:04.695736+02:00
295960132,de:11000:900130001:1:50,-0.7,2026-10-02T01:01:04.695736+02:00
295960132,de:11000:900142001:1:50,-0.2,2026-10-02T01:01:04.695736+02:00
295960132,de:12065:900200013:1:50,-0.3,2026-10-02T01:01:04.695736+02:00
295960132,de:12065:900200012:1:50,-0.9,2026-10-02T01:01:04.695736+02:00
295960132,de:12065:900200011:1:50,-0.4,2026-10-02T01:01:04.695736+02:00
295960132,de:12065:900200009:1:50,-0.9,2026-10-02T01:01:04.695736+02:00
295960132,de:12065:900200008:1:50,-0.9,2026-10-02T01:01:04.695736+02:00
307332679,de:11000:900029101:1:51,0.0,2026-10-02T01:01:04.695736+02:00
307332679,de:11000:900030202:1:50,-0.3,2026-10-02T01:01:04.695736+02:00
307332679,de:11000:900025424:1:51,-0.2,2026-10-02T01:01:04.695736+02:00
307332679,de:11000:900025321:1:51,-0.2,2026-10-02T01:01:04.695736+02:00
307332679,de:11000:900026105:1:50,-0.4,2026-10-02T01:01:04.695736+02:00
307332679,de:11000:900025423:1:50,-0.7,2026-10-02T01:01:04.695736+02:00
307332679,de:11000:900024102:2:53,-0.7,2026-10-02T01:01:04.695736+02:00
307332679,de:11000:900024101:3:55,-0.3,2026-10-02T01:01:04.695736+02:00
307332679,de:11000:900024203:1:51,-0.8,2026-10-02T01:01:04.695736+02:00
307332679,de:11000:900023201:3:54,-0.7,2026-10-02T01:01:04.695736+02:00
307332679,de:11000:900003103:1:50,-0.8,2026-10-02T01:01:04.695736+02:00
307332679,de:11000:900003102:1:50,-0.9,2026-10-02T01:01:04.695736+02:00
307332679,de:11000:900003201:3:54,-0.5,2026-10-02T01:01:04.695736+02:00
307332679,de:11000:900100001:3:54,-0.1,2026-10-02T01:01:04.695736+02:00
307332679,de:11000:900100002:1:50,-0.4,2026-10-02T01:01:04.695736+02:00
307332679,de:11000:900100003:2:52,-0.1,2026-10-02T01:01:04.695736+02:00
307332679,de:11000:900100004:1:50,-0.4,2026-10-02T01:01:04.695736+02:00
307332679,de:11000:900120005:4:56,-0.6,2026-10-02T01:01:04.695736+02:00
307332679,de:11000:900120004:1:51,-0.1,2026-10-02T01:01:04.695736+02:00
307332679,de:11000:900190001:1:51,-0.2,2026-10-02T01:01:04.695736+02:00
307332679,de:11000:900191002:1:50,0.0,2026-10-02T01:01:04.695736+02:00
307332679,de:11000:900191001:2:52,-0.4,2026-10-02T01:01:04.695736+02:00
307332679,de:11000:900192001:2:52,-0.7,2026-10-02T01:01:04.695736+02:00
307332679,de:11000:900193001:1:50,-0.2,2026-10-02T01:01:04.695736+02:00
307332679,de:11000:900193002:1:50,-0.8,2026-10-02T01:01:04.695736+02:00
307332679,de:11000:900195510:1:51,-0.2,2026-10-02T01:01:04.695736+02:00
307332679,de:11000:900196001:1:50,-0.4,2026-10-02T01:01:04.695736+02:00
307332679,de:12061:900260005:3:54,-0.2,2026-10-02T01:01:04.695736+02:00
307332679,de:12061:900260080:1:50,-0.7,2026-10-02T01:01:04.695736+02:00
307332679,de:12061:900260009:3:55,-0.9,2026-10-02T01:01:04.695736+02:00
295967886,de:12061:900260009:3:55,0.0,2026-10-02T01:01:04.695736+02:00
295967886,de:12061:900260080:1:51,-0.7,2026-10-02T01:01:04.695736+02:00
295967886,de:12061:900260005:3:55,0.0,2026-10-02T01:01:04.695736+02:00
295967886,de:11000:900196001:1:51,0.0,2026-10-02T01:01:04.695736+02:00
295967886,de:11000:900195510:1:50,-0.4,2026-10-02T01:01:04.695736+02:00
295967886,de:11000:900193002:1:51,-0.6,2026-10-02T01:01:04.695736+02:00
295967886,de:11000:900193001:2:51,-0.3,2026-10-02T01:01:04.695736+02:00
295967886,de:11000:900192001:3:55,-0.2,2026-10-02T01:01:04.695736+02:00
295967886,de:11000:900191001:1:50,0.0,2026-10-02T01:01:04.695736+02:00
295967886,de:11000:900191002:1:51,-0.7,2026-10-02T01:01:04.695736+02:00
295967886,de:11000:900190001:2:53,-0.4,2026-10-02T01:01:04.695736+02:00
295967886,de:11000:900120004:2:52,-0.9,2026-10-02T01:01:04.695736+02:00
295967886,de:11000:900120005:5:57,-0.1,2026-10-02T01:01:04.695736+02:00
295967886,de:11000:900100004:1:51,-0.4,2026-10-02T01:01:04.695736+02:00
295967886,de:11000:900100003:2:53,-0.4,2026-10-02T01:01:04.695736+02:00
295967886,de:11000:900100002:1:51,-0.4,2026-10-02T01:01:04.695736+02:00
295967886,de:11000:900100001:3:55,-0.4,2026-10-02T01:01:04.695736+02:00
295967886,de:11000:900003201:3:55,-0.1,2026-10-02T01:01:04.695736+02:00
295967886,de:11000:900003102:1:51,-0.8,2026-10-02T01:01:04.695736+02:00
295967886,de:11000:900003103:1:51,-0.9,2026-10-02T01:01:04.695736+02:00
295967886,de:11000:900023201:3:55,-0.8,2026-10-02T01:01:04.695736+02:00
295967886,de:11000:900024203:1:51,-0.8,2026-10-02T01:01:04.695736+02:00
295967886,de:11000:900024101:4:57,-0.8,2026-10-02T01:01:04.695736+02:00
295967886,de:11000:900024102:1:50,-0.1,2026-10-02T01:01:04.695736+02:00
295967886,de:11000:900025423:1:50,-0.4,2026-10-02T01:01:04.695736+02:00
295967886,de:11000:900026105:1:50,-0.7,2026-10-02T01:01:04.695736+02:00
295967886,de:11000:900025321:1:50,-0.3,2026-10-02T01:01:04.695736+02:00
295967886,de:11000:900025424:1:50,-0.3,2026-10-02T01:01:04.695736+02:00
295967886,de:11000:900030202:1:50,-0.9,2026-10-02T01:01:04.695736+02:00
295967886,de:11000:900029101:1:51,-0.9,2026-10-02T01:01:04.695736+02:00
307332656,de:11000:900029101:1:51,0.0,2026-10-02T01:01:04.695736+02:00
307332656,de:11000:900030202:1:50,-0.3,2026-10-02T01:01:04.695736+02:00
307332656,de:11000:900025424:1:51,-0.2,2026-10-02T01:01:04.695736+02:00
307332656,de:11000:900025321:1:51,-0.2,2026-10-02T01:01:04.695736+02:00
307332656,de:11000:900026105:1:50,-0.4,2026-10-02T01:01:04.695736+02:00
307332656,de:11000:900025423:1:50,-0.7,2026-10-02T01:01:04.695736+02:00
307332656,de:11000:900024102:2:53,-0.7,2026-10-02T01:01:04.695736+02:00
307332656,de:11000:900024101:3:55,-0.3,2026-10-02T01:01:04.695736+02:00
307332656,de:11000:900024203:1:51,-0.8,2026-10-02T01:01:04.695736+02:00
307332656,de:11000:900023201:3:54,-0.7,2026-10-02T01:01:04.695736+02:00
307332656,de:11000:900003103:1:50,-0.8,2026-10-02T01:01:04.695736+02:00
307332656,de:11000:900003102:1:50,-0.9,2026-10-02T01:01:04.695736+02:00
307332656,de:11000:900003201:3:54,-0.5,2026-10-02T01:01:04.695736+02:00
307332656,de:11000:900100001:3:54,-0.1,2026-10-02T01:01:04.695736+02:00
307332656,de:11000:900100002:1:50,-0.4,2026-10-02T01:01:04.695736+02:00
307332656,de:11000:900100003:2:52,-0.1,2026-10-02T01:01:04.695736+02:00
307332656,de:11000:900100004:1:50,-0.4,2026-10-02T01:01:04.695736+02:00
307332656,de:11000:900120005:4:56,-0.6,2026-10-02T01:01:04.695736+02:00
307332656,de:11000:900120004:1:51,-0.1,2026-10-02T01:01:04.695736+02:00
307332656,de:11000:900190001:1:51,-0.2,2026-10-02T01:01:04.695736+02:00
307332656,de:11000:900191002:1:50,0.0,2026-10-02T01:01:04.695736+02:00
307332656,de:11000:900191001:2:52,-0.4,2026-10-02T01:01:04.695736+02:00
307332656,de:11000:900192001:2:52,-0.7,2026-10-02T01:01:04.695736+02:00
307332656,de:11000:900193001:1:50,-0.2,2026-10-02T01:01:04.695736+02:00
307332656,de:11000:900193002:1:50,-0.8,2026-10-02T01:01:04.695736+02:00
307332656,de:11000:900195510:1:51,-0.2,2026-10-02T01:01:04.695736+02:00
307332656,de:11000:900196001:1:50,-0.4,2026-10-02T01:01:04.695736+02:00
307332656,de:12061:900260005:3:54,-0.2,2026-10-02T01:01:04.695736+02:00
307332656,de:12061:900260080:1:50,-0.7,2026-10-02T01:01:04.695736+02:00
307332656,de:12061:900260009:3:55,-0.9,2026-10-02T01:01:04.695736+02:00
306052864,de:12064:900321742::3,0.0,2026-10-02T01:01:04.695736+02:00
306052864,de:12064:900321744::1,0.0,2026-10-02T01:01:04.695736+02:00
306052864,de:12064:900321442::1,0.0,2026-10-02T01:01:04.695736+02:00
306897054,de:12067:900311482::1,0.0,2026-10-02T01:01:04.695736+02:00
306897054,de:12067:900311481::2,0.0,2026-10-02T01:01:04.695736+02:00
306897054,de:12067:900311440::1,0.0,2026-10-02T01:01:04.695736+02:00
306897054,de:12067:900311562::1,0.0,2026-10-02T01:01:04.695736+02:00
306897054,de:12067:900311610::1,0.0,2026-10-02T01:01:04.695736+02:00
306897054,de:12067:900311421::1,0.0,2026-10-02T01:01:04.695736+02:00
306897054,de:12067:900311420::1,0.0,2026-10-02T01:01:04.695736+02:00
306897054,de:12067:900311422::1,0.0,2026-10-02T01:01:04.695736+02:00
306897054,de:12067:900311423::1,0.0,2026-10-02T01:01:04.695736+02:00
306897054,de:12067:900311424::1,0.0,2026-10-02T01:01:04.695736+02:00
306897054,de:12067:900311237::2,0.0,2026-10-02T01:01:04.695736+02:00
306897054,de:12067:900311232::2,0.0,2026-10-02T01:01:04.695736+02:00
306897054,de:12067:900311236::1,0.0,2026-10-02T01:01:04.695736+02:00
306897054,de:12067:900311234::1,0.0,2026-10-02T01:01:04.695736+02:00
306897054,de:12067:900311238::1,0.0,2026-10-02T01:01:04.695736+02:00
306897051,de:12067:900311422::1,0.0,2026-10-02T01:01:04.695736+02:00
306897051,de:12067:900311423::1,0.0,2026-10-02T01:01:04.695736+02:00
306897051,de:12067:900311424::1,0.0,2026-10-02T01:01:04.695736+02:00
306897051,de:12067:900311237::2,0.0,2026-10-02T01:01:04.695736+02:00
306897051,de:12067:900311232::2,0.0,2026-10-02T01:01:04.695736+02:00
306897051,de:12067:900311236::1,0.0,2026-10-02T01:01:04.695736+02:00
306897051,de:12067:900311234::1,0.0,2026-10-02T01:01:04.695736+02:00
306897051,de:12067:900311238::1,0.0,2026-10-02T01:01:04.695736+02:00
306895250,de:12067:900311129::2,0.0,2026-10-02T01:01:04.695736+02:00
306895250,de:12067:900310755::2,0.0,2026-10-02T01:01:04.695736+02:00
306895250,de:12067:900310728::1,0.0,2026-10-02T01:01:04.695736+02:00
306895250,de:12067:900310727::1,0.0,2026-10-02T01:01:04.695736+02:00
306895250,de:12067:900310755::1,0.0,2026-10-02T01:01:04.695736+02:00
306895250,de:12067:900310738::1,0.0,2026-10-02T01:01:04.695736+02:00
306895250,de:12067:900310725::1,0.0,2026-10-02T01:01:04.695736+02:00
306895250,de:12067:900311099::1,0.0,2026-10-02T01:01:04.695736+02:00
306895250,de:12067:900311101::1,0.0,2026-10-02T01:01:04.695736+02:00
306895250,de:12067:900311100::1,0.0,2026-10-02T01:01:04.695736+02:00
306895250,de:12067:900310910::2,0.0,2026-10-02T01:01:04.695736+02:00
306895250,de:12067:900310764::1,0.0,2026-10-02T01:01:04.695736+02:00
306895250,de:12067:900310765::1,0.0,2026-10-02T01:01:04.695736+02:00
306895250,de:12067:900310766::1,0.0,2026-10-02T01:01:04.695736+02:00
306895250,de:12067:900310767::1,0.0,2026-10-02T01:01:04.695736+02:00
306895250,de:12067:900310891::1,0.0,2026-10-02T01:01:04.695736+02:00
306895250,de:12067:900311006::1,-0.5,2026-10-02T01:01:04.695736+02:00
306895250,de:12061:900261192::1,0.0,2026-10-02T01:01:04.695736+02:00
306895250,de:12061:900261610::2,-0.5,2026-10-02T01:01:04.695736+02:00
306895250,de:12061:900261459::2,0.0,2026-10-02T01:01:04.695736+02:00
306895250,de:12061:900261462::1,0.0,2026-10-02T01:01:04.695736+02:00
306897040,de:12067:900311238::1,0.0,2026-10-02T01:01:04.695736+02:00
306897040,de:12067:900311236::2,0.0,2026-10-02T01:01:04.695736+02:00
306897040,de:12067:900311232::1,0.0,2026-10-02T01:01:04.695736+02:00
306897040,de:12067:900311237::1,0.0,2026-10-02T01:01:04.695736+02:00
306897040,de:12067:900311424::2,0.0,2026-10-02T01:01:04.695736+02:00
306897040,de:12067:900311423::2,0.0,2026-10-02T01:01:04.695736+02:00
306897040,de:12067:900311422::1,0.0,2026-10-02T01:01:04.695736+02:00
306897040,de:12067:900311420::2,0.0,2026-10-02T01:01:04.695736+02:00
306897040,de:12067:900311421::2,0.0,2026-10-02T01:01:04.695736+02:00
306897040,de:12067:900311610::2,0.0,2026-10-02T01:01:04.695736+02:00
306897040,de:12067:900311562::2,0.0,2026-10-02T01:01:04.695736+02:00
306897040,de:12067:900311440::2,0.0,2026-10-02T01:01:04.695736+02:00
306897040,de:12067:900311481::1,0.0,2026-10-02T01:01:04.695736+02:00
306897040,de:12067:900311485::1,0.0,2026-10-02T01:01:04.695736+02:00
306897040,de:12067:900311482::1,0.0,2026-10-02T01:01:04.695736+02:00
306895269,de:12067:900311129::4,0.0,2026-10-02T01:01:04.695736+02:00
306895269,de:12067:900310729::2,0.0,2026-10-02T01:01:04.695736+02:00
306895269,de:12067:900310718::2,0.0,2026-10-02T01:01:04.695736+02:00
306895269,de:12067:900310719::2,0.0,2026-10-02T01:01:04.695736+02:00
306895269,de:12067:900310717::2,0.0,2026-10-02T01:01:04.695736+02:00
306895269,de:12067:900310726::1,0.0,2026-10-02T01:01:04.695736+02:00
306895269,de:12067:900310730::1,0.0,2026-10-02T01:01:04.695736+02:00
306895269,de:12067:900310717::1,0.0,2026-10-02T01:01:04.695736+02:00
306895269,de:12067:900310737::1,0.0,2026-10-02T01:01:04.695736+02:00
306895269,de:12067:900310736::1,0.0,2026-10-02T01:01:04.695736+02:00
306895269,de:12067:900310737::2,0.0,2026-10-02T01:01:04.695736+02:00
306895269,de:12067:900310841::2,0.0,2026-10-02T01:01:04.695736+02:00
306895269,de:12067:900311002::3,0.0,2026-10-02T01:01:04.695736+02:00
306895269,de:12067:900311020::1,0.0,2026-10-02T01:01:04.695736+02:00
306895269,de:12067:900310834::1,0.0,2026-10-02T01:01:04.695736+02:00
306895269,de:12067:900311020::2,0.0,2026-10-02T01:01:04.695736+02:00
306895269,de:12067:900310908::2,0.0,2026-10-02T01:01:04.695736+02:00
306895269,de:12067:900311085::1,0.0,2026-10-02T01:01:04.695736+02:00
306895269,de:12067:900310874::1,0.0,2026-10-02T01:01:04.695736+02:00
306895269,de:12067:900310874::1,-7.0,2026-10-02T01:01:04.695736+02:00
306895269,de:12067:900310925::1,0.0,2026-10-02T01:01:04.695736+02:00
306895269,de:12067:900310874::1,7.0,2026-10-02T01:01:04.695736+02:00
306895269,de:12067:900310874::1,0.0,2026-10-02T01:01:04.695736+02:00
306895269,de:12067:900310866::1,0.0,2026-10-02T01:01:04.695736+02:00
306895269,de:12067:900311092::1,0.0,2026-10-02T01:01:04.695736+02:00
306895269,de:12067:900311084::2,0.0,2026-10-02T01:01:04.695736+02:00
306895269,de:12067:900310974::2,0.0,2026-10-02T01:01:04.695736+02:00
306895269,de:12067:900310914::2,0.0,2026-10-02T01:01:04.695736+02:00
306895269,de:12067:900310703::3,0.0,2026-10-02T01:01:04.695736+02:00
306895269,de:12067:900310915::2,-0.5,2026-10-02T01:01:04.695736+02:00
306895269,de:12067:900310916::2,-0.5,2026-10-02T01:01:04.695736+02:00
306895269,de:12067:900310917::2,0.0,2026-10-02T01:01:04.695736+02:00
306895269,de:12067:900310900::2,0.0,2026-10-02T01:01:04.695736+02:00
306895269,de:12067:900310880::2,0.0,2026-10-02T01:01:04.695736+02:00
306895269,de:12067:900310010::1,0.0,2026-10-02T01:01:04.695736+02:00
306895269,de:12067:900310879::2,0.0,2026-10-02T01:01:04.695736+02:00
306895269,de:12067:900310800::2,0.0,2026-10-02T01:01:04.695736+02:00
306895269,de:12067:900310771::2,0.0,2026-10-02T01:01:04.695736+02:00
306895269,de:12067:900310822::2,0.0,2026-10-02T01:01:04.695736+02:00
306895269,de:12067:900310781::2,0.0,2026-10-02T01:01:04.695736+02:00
306895269,de:12067:900310627::2,-0.5,2026-10-02T01:01:04.695736+02:00
306895269,de:12067:900310816::2,0.0,2026-10-02T01:01:04.695736+02:00
306895269,de:12067:900310022::1,0.0,2026-10-02T01:01:04.695736+02:00
306895269,de:12067:900310001::11,0.0,2026-10-02T01:01:04.695736+02:00
306895274,de:12067:900311129::4,0.0,2026-10-02T01:01:04.695736+02:00
306895274,de:12067:900310637::2,0.0,2026-10-02T01:01:04.695736+02:00
306895274,de:12067:900310722::2,-0.5,2026-10-02T01:01:04.695736+02:00
306895274,de:12067:900310841::2,0.0,2026-10-02T01:01:04.695736+02:00
306895274,de:12067:900311002::3,0.0,2026-10-02T01:01:04.695736+02:00
306895274,de:12067:900311020::1,0.0,2026-10-02T01:01:04.695736+02:00
306895274,de:12067:900310834::1,0.0,2026-10-02T01:01:04.695736+02:00
295879453,de:11000:900053301:2:52,0.0,2026-10-02T01:01:04.695736+02:00
295879453,de:11000:900052201:1:51,0.0,2026-10-02T01:01:04.695736+02:00
295879453,de:11000:900050355:1:51,-0.3,2026-10-02T01:01:04.695736+02:00
295879453,de:11000:900050301:1:51,-0.4,2026-10-02T01:01:04.695736+02:00
295879453,de:11000:900049201:1:51,0.0,2026-10-02T01:01:04.695736+02:00
295879453,de:11000:900049202:1:51,0.0,2026-10-02T01:01:04.695736+02:00
295879453,de:11000:900066101:1:51,-0.3,2026-10-02T01:01:04.695736+02:00
295879453,de:11000:900066102:1:51,-0.2,2026-10-02T01:01:04.695736+02:00
295879453,de:11000:900062202:1:51,-0.2,2026-10-02T01:01:04.695736+02:00
295879453,de:11000:900063101:1:51,-0.2,2026-10-02T01:01:04.695736+02:00
295879453,de:11000:900060101:1:51,-0.9,2026-10-02T01:01:04.695736+02:00
295879453,de:11000:900054104:1:51,-0.9,2026-10-02T01:01:04.695736+02:00
295879453,de:11000:900057104:1:50,-0.4,2026-10-02T01:01:04.695736+02:00
295879453,de:11000:900057102:1:51,-0.1,2026-10-02T01:01:04.695736+02:00
295879453,de:11000:900012101:2:52,-0.9,2026-10-02T01:01:04.695736+02:00
295879453,de:11000:900100020:4:57,-0.3,2026-10-02T01:01:04.695736+02:00
295879453,de:11000:900100025:1:51,-0.4,2026-10-02T01:01:04.695736+02:00
295879453,de:11000:900100001:4:57,-0.1,2026-10-02T01:01:04.695736+02:00
295879453,de:11000:900100007:1:51,-0.2,2026-10-02T01:01:04.695736+02:00
295879453,de:11000:900007104:2:52,-0.2,2026-10-02T01:01:04.695736+02:00
295879453,de:11000:900008101:1:51,-0.9,2026-10-02T01:01:04.695736+02:00
295879453,de:11000:900007102:2:53,-0.6,2026-10-02T01:01:04.695736+02:00
295879453,de:11000:900110011:2:53,-0.9,2026-10-02T01:01:04.695736+02:00
295879453,de:11000:900085201:1:50,-0.9,2026-10-02T01:01:04.695736+02:00
295879453,de:11000:900084101:1:50,-0.7,2026-10-02T01:01:04.695736+02:00
295879453,de:11000:900096101:1:50,-0.8,2026-10-02T01:01:04.695736+02:00
295879453,de:11000:900094101:1:50,-0.1,2026-10-02T01:01:04.695736+02:00
295879453,de:11000:900093201:1:50,-0.4,2026-10-02T01:01:04.695736+02:00
295879453,de:11000:900092201:1:50,-0.2,2026-10-02T01:01:04.695736+02:00
295879453,de:12065:900200009:1:50,-0.7,2026-10-02T01:01:04.695736+02:00
295879453,de:12065:900200008:1:50,-0.7,2026-10-02T01:01:04.695736+02:00
295879453,de:12065:900200007:1:50,-0.2,2026-10-02T01:01:04.695736+02:00
295879453,de:12065:900200006:1:50,-0.5,2026-10-02T01:01:04.695736+02:00
295879453,de:12065:900200005:3:1,-0.9,2026-10-02T01:01:04.695736+02:00
307243219,de:12065:900200005:3:2,0.0,2026-10-02T01:01:04.695736+02:00
307243219,de:12065:900200006:1:51,-0.3,2026-10-02T01:01:04.695736+02:00
307243219,de:12065:900200007:1:51,-0.7,2026-10-02T01:01:04.695736+02:00
307243219,de:12065:900200008:1:51,-0.2,2026-10-02T01:01:04.695736+02:00
307243219,de:12065:900200009:1:51,-0.1,2026-10-02T01:01:04.695736+02:00
307243219,de:11000:900092201:1:51,-0.7,2026-10-02T01:01:04.695736+02:00
307243219,de:11000:900093201:1:51,-0.4,2026-10-02T01:01:04.695736+02:00
307243219,de:11000:900094101:1:51,-0.8,2026-10-02T01:01:04.695736+02:00
307243219,de:11000:900096101:1:51,-0.1,2026-10-02T01:01:04.695736+02:00
307243219,de:11000:900084101:1:51,-0.2,2026-10-02T01:01:04.695736+02:00
307243219,de:11000:900085201:1:51,-0.8,2026-10-02T01:01:04.695736+02:00
307243219,de:11000:900130003:1:51,-0.8,2026-10-02T01:01:04.695736+02:00
307243219,de:11000:900110011:1:50,-0.9,2026-10-02T01:01:04.695736+02:00
307243219,de:11000:900007102:1:50,-0.9,2026-10-02T01:01:04.695736+02:00
307243219,de:11000:900008101:1:50,0.0,2026-10-02T01:01:04.695736+02:00
307243219,de:11000:900007104:1:51,-0.7,2026-10-02T01:01:04.695736+02:00
307243219,de:11000:900100007:1:50,-0.7,2026-10-02T01:01:04.695736+02:00
307243219,de:11000:900100001:4:56,-0.5,2026-10-02T01:01:04.695736+02:00
307243219,de:11000:900100025:1:50,-0.4,2026-10-02T01:01:04.695736+02:00
307243219,de:11000:900100020:3:54,-0.4,2026-10-02T01:01:04.695736+02:00
307243219,de:11000:900012101:1:51,-0.5,2026-10-02T01:01:04.695736+02:00
307243219,de:11000:900057102:1:50,-0.7,2026-10-02T01:01:04.695736+02:00
307243219,de:11000:900057104:2:51,-0.4,2026-10-02T01:01:04.695736+02:00
307243219,de:11000:900054104:1:50,-0.3,2026-10-02T01:01:04.695736+02:00
307243219,de:11000:900060101:1:50,-0.3,2026-10-02T01:01:04.695736+02:00
307243219,de:11000:900063101:1:50,-0.1,2026-10-02T01:01:04.695736+02:00
307243219,de:11000:900062202:1:50,-0.1,2026-10-02T01:01:04.695736+02:00
307243219,de:11000:900066102:1:50,-0.2,2026-10-02T01:01:04.695736+02:00
307243219,de:11000:900066101:1:50,-0.1,2026-10-02T01:01:04.695736+02:00
307243219,de:11000:900049202:1:50,-0.3,2026-10-02T01:01:04.695736+02:00
307243219,de:11000:900049201:1:50,-0.4,2026-10-02T01:01:04.695736+02:00
307243219,de:11000:900050301:1:50,0.0,2026-10-02T01:01:04.695736+02:00
307243219,de:11000:900050355:1:50,-0.1,2026-10-02T01:01:04.695736+02:00
307243219,de:11000:900052201:1:50,-0.5,2026-10-02T01:01:04.695736+02:00
307243219,de:11000:900053301:1:51,-0.9,2026-10-02T01:01:04.695736+02:00
306895866,de:12067:900310001::5,0.0,2026-10-02T01:01:04.695736+02:00
306895866,de:12067:900311149::1,0.0,2026-10-02T01:01:04.695736+02:00
306895866,de:12067:900310781::1,0.0,2026-10-02T01:01:04.695736+02:00
306895866,de:12067:900310789::1,0.0,2026-10-02T01:01:04.695736+02:00
306895866,de:12067:900310797::1,0.0,2026-10-02T01:01:04.695736+02:00
306895866,de:12067:900310773::1,0.0,2026-10-02T01:01:04.695736+02:00
306895866,de:12067:900311115::1,0.0,2026-10-02T01:01:04.695736+02:00
295879330,de:12065:900200005:3:1,0.0,2026-10-02T01:01:04.695736+02:00
295879330,de:12065:900200006:1:51,-0.3,2026-10-02T01:01:04.695736+02:00
295879330,de:12065:900200007:1:51,-0.7,2026-10-02T01:01:04.695736+02:00
295879330,de:12065:900200008:1:51,-0.2,2026-10-02T01:01:04.695736+02:00
295879330,de:12065:900200009:1:51,-0.1,2026-10-02T01:01:04.695736+02:00
295879330,de:11000:900092201:1:51,-0.7,2026-10-02T01:01:04.695736+02:00
295879330,de:11000:900093201:1:51,-0.4,2026-10-02T01:01:04.695736+02:00
295879330,de:11000:900094101:1:51,-0.8,2026-10-02T01:01:04.695736+02:00
295879330,de:11000:900096101:1:51,-0.1,2026-10-02T01:01:04.695736+02:00
295879330,de:11000:900084101:1:51,-0.2,2026-10-02T01:01:04.695736+02:00
295879330,de:11000:900085201:1:51,-0.8,2026-10-02T01:01:04.695736+02:00
295879330,de:11000:900130003:1:51,-0.8,2026-10-02T01:01:04.695736+02:00
295879330,de:11000:900110011:1:50,-0.9,2026-10-02T01:01:04.695736+02:00
295879330,de:11000:900007102:1:50,-0.9,2026-10-02T01:01:04.695736+02:00
295879330,de:11000:900008101:1:50,0.0,2026-10-02T01:01:04.695736+02:00
295879330,de:11000:900007104:1:51,-0.7,2026-10-02T01:01:04.695736+02:00
295879330,de:11000:900100007:1:50,-0.7,2026-10-02T01:01:04.695736+02:00
295879330,de:11000:900100001:4:56,-0.5,2026-10-02T01:01:04.695736+02:00
295879330,de:11000:900100025:1:50,-0.4,2026-10-02T01:01:04.695736+02:00
295879330,de:11000:900100020:3:54,-0.4,2026-10-02T01:01:04.695736+02:00
295879330,de:11000:900012101:1:51,-0.5,2026-10-02T01:01:04.695736+02:00
295879330,de:11000:900057102:1:50,-0.7,2026-10-02T01:01:04.695736+02:00
295879330,de:11000:900057104:2:51,-0.4,2026-10-02T01:01:04.695736+02:00
295879330,de:11000:900054104:1:50,-0.3,2026-10-02T01:01:04.695736+02:00
295879330,de:11000:900060101:1:50,-0.3,2026-10-02T01:01:04.695736+02:00
295879330,de:11000:900063101:1:50,-0.1,2026-10-02T01:01:04.695736+02:00
295879330,de:11000:900062202:1:50,-0.1,2026-10-02T01:01:04.695736+02:00
295879330,de:11000:900066102:1:50,-0.2,2026-10-02T01:01:04.695736+02:00
295879330,de:11000:900066101:1:50,-0.1,2026-10-02T01:01:04.695736+02:00
295879330,de:11000:900049202:1:50,-0.3,2026-10-02T01:01:04.695736+02:00
295879330,de:11000:900049201:1:50,-0.4,2026-10-02T01:01:04.695736+02:00
295879330,de:11000:900050301:1:50,0.0,2026-10-02T01:01:04.695736+02:00
295879330,de:11000:900050355:1:50,-0.1,2026-10-02T01:01:04.695736+02:00
295879330,de:11000:900052201:1:50,-0.5,2026-10-02T01:01:04.695736+02:00
295879330,de:11000:900053301:1:51,-0.9,2026-10-02T01:01:04.695736+02:00
295879296,de:12065:900200005:3:1,0.0,2026-10-02T01:01:04.695736+02:00
295879296,de:12065:900200006:1:51,-0.3,2026-10-02T01:01:04.695736+02:00
295879296,de:12065:900200007:1:51,-0.7,2026-10-02T01:01:04.695736+02:00
295879296,de:12065:900200008:1:51,-0.2,2026-10-02T01:01:04.695736+02:00
295879296,de:12065:900200009:1:51,-0.1,2026-10-02T01:01:04.695736+02:00
295879296,de:11000:900092201:1:51,-0.7,2026-10-02T01:01:04.695736+02:00
295879296,de:11000:900093201:1:51,-0.4,2026-10-02T01:01:04.695736+02:00
295879296,de:11000:900094101:1:51,-0.8,2026-10-02T01:01:04.695736+02:00
295879296,de:11000:900096101:1:51,-0.1,2026-10-02T01:01:04.695736+02:00
295879296,de:11000:900084101:1:51,-0.2,2026-10-02T01:01:04.695736+02:00
295879296,de:11000:900085201:1:51,-0.8,2026-10-02T01:01:04.695736+02:00
295879296,de:11000:900130003:1:51,-0.8,2026-10-02T01:01:04.695736+02:00
295879296,de:11000:900110011:1:50,-0.9,2026-10-02T01:01:04.695736+02:00
295879296,de:11000:900007102:1:50,-0.9,2026-10-02T01:01:04.695736+02:00
295879296,de:11000:900008101:1:50,0.0,2026-10-02T01:01:04.695736+02:00
295879296,de:11000:900007104:1:51,-0.7,2026-10-02T01:01:04.695736+02:00
295879296,de:11000:900100007:1:50,-0.7,2026-10-02T01:01:04.695736+02:00
295879296,de:11000:900100001:4:56,-0.5,2026-10-02T01:01:04.695736+02:00
295879296,de:11000:900100025:1:50,-0.4,2026-10-02T01:01:04.695736+02:00
295879296,de:11000:900100020:3:54,-0.4,2026-10-02T01:01:04.695736+02:00
295879296,de:11000:900012101:1:51,-0.5,2026-10-02T01:01:04.695736+02:00
295879296,de:11000:900057102:1:50,-0.7,2026-10-02T01:01:04.695736+02:00
295879296,de:11000:900057104:2:51,-0.4,2026-10-02T01:01:04.695736+02:00
295879296,de:11000:900054104:1:50,-0.3,2026-10-02T01:01:04.695736+02:00
295879296,de:11000:900060101:1:50,-0.3,2026-10-02T01:01:04.695736+02:00
295879296,de:11000:900063101:1:50,-0.1,2026-10-02T01:01:04.695736+02:00
295879296,de:11000:900062202:1:50,-0.1,2026-10-02T01:01:04.695736+02:00
295879296,de:11000:900066102:1:50,-0.2,2026-10-02T01:01:04.695736+02:00
295879296,de:11000:900066101:1:50,-0.1,2026-10-02T01:01:04.695736+02:00
295879296,de:11000:900049202:1:50,-0.3,2026-10-02T01:01:04.695736+02:00
295879296,de:11000:900049201:1:50,-0.4,2026-10-02T01:01:04.695736+02:00
295879296,de:11000:900050301:1:50,0.0,2026-10-02T01:01:04.695736+02:00
295879296,de:11000:900050355:1:50,-0.1,2026-10-02T01:01:04.695736+02:00
295879296,de:11000:900052201:1:50,-0.5,2026-10-02T01:01:04.695736+02:00
295879296,de:11000:900053301:1:51,-0.9,2026-10-02T01:01:04.695736+02:00
306895963,de:12064:900320250::1,0.0,2026-10-02T01:01:04.695736+02:00
306895963,de:12064:900320267::2,0.0,2026-10-02T01:01:04.695736+02:00
306895963,de:12067:900310017::2,0.0,2026-10-02T01:01:04.695736+02:00
306895963,de:12067:900310509::1,0.0,2026-10-02T01:01:04.695736+02:00
306895963,de:12067:900310508::1,0.0,2026-10-02T01:01:04.695736+02:00
306895963,de:12067:900310580::2,0.0,2026-10-02T01:01:04.695736+02:00
306895963,de:12067:900310578::4,0.0,2026-10-02T01:01:04.695736+02:00
306895963,de:12067:900310534::2,0.0,2026-10-02T01:01:04.695736+02:00
306895963,de:11000:900310550::2,0.0,2026-10-02T01:01:04.695736+02:00
306895963,de:12067:900310572::2,0.0,2026-10-02T01:01:04.695736+02:00
306895963,de:12067:900310013::2,0.0,2026-10-02T01:01:04.695736+02:00
306895963,de:12067:900310563::3,0.0,2026-10-02T01:01:04.695736+02:00
306895963,de:12067:900310560::1,0.0,2026-10-02T01:01:04.695736+02:00
306895963,de:12067:900310573::1,0.0,2026-10-02T01:01:04.695736+02:00
306895963,de:12067:900310581::1,0.0,2026-10-02T01:01:04.695736+02:00
306895963,de:12067:900310567::1,0.0,2026-10-02T01:01:04.695736+02:00
306895963,de:12067:900310561::1,0.0,2026-10-02T01:01:04.695736+02:00
306895963,de:12067:900310565::1,0.0,2026-10-02T01:01:04.695736+02:00
306896048,de:12067:900310013::2,0.0,2026-10-02T01:01:04.695736+02:00
306896048,de:12067:900310572::1,0.0,2026-10-02T01:01:04.695736+02:00
306896048,de:11000:900310550::1,0.0,2026-10-02T01:01:04.695736+02:00
306896048,de:12067:900310534::1,0.0,2026-10-02T01:01:04.695736+02:00
306896048,de:12067:900310580::2,0.0,2026-10-02T01:01:04.695736+02:00
306896048,de:12067:900310543::3,0.0,2026-10-02T01:01:04.695736+02:00
306896048,de:12067:900310536::1,0.0,2026-10-02T01:01:04.695736+02:00
306896048,de:12067:900311014::1,0.0,2026-10-02T01:01:04.695736+02:00
306896048,de:12067:900311012::1,0.0,2026-10-02T01:01:04.695736+02:00
306896048,de:12067:900310529::1,0.0,2026-10-02T01:01:04.695736+02:00
306896048,de:12067:900310528::1,0.0,2026-10-02T01:01:04.695736+02:00
306896048,de:12067:900310020::1,0.0,2026-10-02T01:01:04.695736+02:00
306896048,de:12067:900310501::1,0.0,2026-10-02T01:01:04.695736+02:00
306896048,de:12067:900310500::2,0.0,2026-10-02T01:01:04.695736+02:00
306896048,de:12067:900310021::3,0.0,2026-10-02T01:01:04.695736+02:00
306896048,de:12067:900310522::1,0.0,2026-10-02T01:01:04.695736+02:00
306896048,de:12067:900310535::1,0.0,2026-10-02T01:01:04.695736+02:00
306896048,de:12067:900310523::1,0.0,2026-10-02T01:01:04.695736+02:00
306896048,de:12064:900320113::1,0.0,2026-10-02T01:01:04.695736+02:00
306896048,de:12064:900320007::4,0.0,2026-10-02T01:01:04.695736+02:00
306896137,de:12067:900310013::3,0.0,2026-10-02T01:01:04.695736+02:00
306896137,de:12067:900310563::3,0.0,2026-10-02T01:01:04.695736+02:00
306896137,de:12067:900310559::1,0.0,2026-10-02T01:01:04.695736+02:00
306896137,de:12067:900310558::1,0.0,2026-10-02T01:01:04.695736+02:00
306896137,de:12067:900310556::1,0.0,2026-10-02T01:01:04.695736+02:00
306896137,de:12067:900310621::1,0.0,2026-10-02T01:01:04.695736+02:00
306896137,de:12067:900310568::1,0.0,2026-10-02T01:01:04.695736+02:00
306896137,de:12067:900310955::1,0.0,2026-10-02T01:01:04.695736+02:00
306896137,de:12067:900310951::1,0.0,2026-10-02T01:01:04.695736+02:00
306896137,de:12067:900310956::1,0.0,2026-10-02T01:01:04.695736+02:00
306896137,de:12067:900310954::1,0.0,2026-10-02T01:01:04.695736+02:00
306896137,de:12067:900310953::1,0.0,2026-10-02T01:01:04.695736+02:00
306896137,de:12067:900311042::1,0.0,2026-10-02T01:01:04.695736+02:00
306896137,de:12067:900311043::1,0.0,2026-10-02T01:01:04.695736+02:00
306896244,de:12061:900260001::6,0.0,2026-10-02T01:01:04.695736+02:00
306896244,de:12061:900260798::1,0.0,2026-10-02T01:01:04.695736+02:00
306896244,de:12061:900260890::1,0.0,2026-10-02T01:01:04.695736+02:00
306896244,de:12061:900260887::1,0.0,2026-10-02T01:01:04.695736+02:00
306896244,de:12061:900260886::1,0.0,2026-10-02T01:01:04.695736+02:00
306896244,de:12061:900260888::1,0.0,2026-10-02T01:01:04.695736+02:00
306896244,de:12061:900260889::1,0.0,2026-10-02T01:01:04.695736+02:00
306896244,de:12061:900261047::1,0.0,2026-10-02T01:01:04.695736+02:00
306896244,de:12061:900261048::1,0.0,2026-10-02T01:01:04.695736+02:00
306896244,de:12061:900261051::1,0.0,2026-10-02T01:01:04.695736+02:00
306896244,de:12061:900261050::2,0.0,2026-10-02T01:01:04.695736+02:00
306896244,de:12061:900260170::1,0.0,2026-10-02T01:01:04.695736+02:00
306896244,de:12061:900260167::1,0.0,2026-10-02T01:01:04.695736+02:00
306896244,de:12061:900260168::1,0.0,2026-10-02T01:01:04.695736+02:00
306896244,de:12061:900260171::1,0.0,2026-10-02T01:01:04.695736+02:00
306896244,de:12061:900260166::1,0.0,2026-10-02T01:01:04.695736+02:00
306896244,de:12061:900260169::4,0.0,2026-10-02T01:01:04.695736+02:00
306896244,de:12061:900260165::1,0.0,2026-10-02T01:01:04.695736+02:00
306896244,de:12067:900310950::2,0.0,2026-10-02T01:01:04.695736+02:00
306896244,de:12067:900310955::2,0.0,2026-10-02T01:01:04.695736+02:00
306896244,de:12067:900310568::2,0.0,2026-10-02T01:01:04.695736+02:00
306896244,de:12067:900310556::2,0.0,2026-10-02T01:01:04.695736+02:00
306896244,de:12067:900310558::4,0.0,2026-10-02T01:01:04.695736+02:00
306896244,de:12067:900310559::2,0.0,2026-10-02T01:01:04.695736+02:00
306896244,de:12067:900310563::4,0.0,2026-10-02T01:01:04.695736+02:00
306896244,de:12067:900310013::7,0.0,2026-10-02T01:01:04.695736+02:00
295883533,de:11000:900049201:1:51,0.0,2026-10-02T01:01:04.695736+02:00
295883533,de:11000:900049202:1:51,0.0,2026-10-02T01:01:04.695736+02:00
295883533,de:11000:900066101:1:51,-0.3,2026-10-02T01:01:04.695736+02:00
295883533,de:11000:900066102:1:51,-0.2,2026-10-02T01:01:04.695736+02:00
295883533,de:11000:900062202:1:51,-0.2,2026-10-02T01:01:04.695736+02:00
295883533,de:11000:900063101:1:51,-0.2,2026-10-02T01:01:04.695736+02:00
295883533,de:11000:900060101:1:51,-0.9,2026-10-02T01:01:04.695736+02:00
295883533,de:11000:900054104:1:51,-0.9,2026-10-02T01:01:04.695736+02:00
295883533,de:11000:900057104:1:50,-0.4,2026-10-02T01:01:04.695736+02:00
295883533,de:11000:900057102:1:51,-0.1,2026-10-02T01:01:04.695736+02:00
295883533,de:11000:900012101:2:52,-0.8,2026-10-02T01:01:04.695736+02:00
295883533,de:11000:900100020:4:57,-0.9,2026-10-02T01:01:04.695736+02:00
295883480,de:11000:900100020:3:55,0.0,2026-10-02T01:01:04.695736+02:00
295883480,de:11000:900012101:1:51,-0.5,2026-10-02T01:01:04.695736+02:00
295883480,de:11000:900057102:1:50,-0.7,2026-10-02T01:01:04.695736+02:00
295883480,de:11000:900057104:2:51,-0.4,2026-10-02T01:01:04.695736+02:00
295883480,de:11000:900054104:1:50,-0.3,2026-10-02T01:01:04.695736+02:00
295883480,de:11000:900060101:1:50,-0.3,2026-10-02T01:01:04.695736+02:00
295883480,de:11000:900063101:1:50,-0.1,2026-10-02T01:01:04.695736+02:00
295883480,de:11000:900062202:1:50,-0.1,2026-10-02T01:01:04.695736+02:00
295883480,de:11000:900066102:1:50,-0.2,2026-10-02T01:01:04.695736+02:00
295883480,de:11000:900066101:1:50,-0.1,2026-10-02T01:01:04.695736+02:00
295883480,de:11000:900049202:1:50,-0.3,2026-10-02T01:01:04.695736+02:00
295883480,de:11000:900049201:1:50,-0.4,2026-10-02T01:01:04.695736+02:00
295883468,de:11000:900100020:3:55,0.0,2026-10-02T01:01:04.695736+02:00
295883468,de:11000:900012101:1:51,-0.5,2026-10-02T01:01:04.695736+02:00
295883468,de:11000:900057102:1:50,-0.7,2026-10-02T01:01:04.695736+02:00
295883468,de:11000:900057104:2:51,-0.4,2026-10-02T01:01:04.695736+02:00
295883468,de:11000:900054104:1:50,-0.3,2026-10-02T01:01:04.695736+02:00
295883468,de:11000:900060101:1:50,-0.3,2026-10-02T01:01:04.695736+02:00
295883468,de:11000:900063101:1:50,-0.1,2026-10-02T01:01:04.695736+02:00
295883468,de:11000:900062202:1:50,-0.1,2026-10-02T01:01:04.695736+02:00
295883468,de:11000:900066102:1:50,-0.2,2026-10-02T01:01:04.695736+02:00
295883468,de:11000:900066101:1:50,-0.1,2026-10-02T01:01:04.695736+02:00
295883468,de:11000:900049202:1:50,-0.3,2026-10-02T01:01:04.695736+02:00
295883468,de:11000:900049201:1:50,-0.4,2026-10-02T01:01:04.695736+02:00
295883458,de:11000:900100020:3:55,0.0,2026-10-02T01:01:04.695736+02:00
295883458,de:11000:900012101:1:51,-0.5,2026-10-02T01:01:04.695736+02:00
295883458,de:11000:900057102:1:50,-0.7,2026-10-02T01:01:04.695736+02:00
295883458,de:11000:900057104:2:51,-0.4,2026-10-02T01:01:04.695736+02:00
295883458,de:11000:900054104:1:50,-0.3,2026-10-02T01:01:04.695736+02:00
295883458,de:11000:900060101:1:50,-0.3,2026-10-02T01:01:04.695736+02:00
295883458,de:11000:900063101:1:50,-0.1,2026-10-02T01:01:04.695736+02:00
295883458,de:11000:900062202:1:50,-0.1,2026-10-02T01:01:04.695736+02:00
295883458,de:11000:900066102:1:50,-0.2,2026-10-02T01:01:04.695736+02:00
295883458,de:11000:900066101:1:50,-0.1,2026-10-02T01:01:04.695736+02:00
295883458,de:11000:900049202:1:50,-0.3,2026-10-02T01:01:04.695736+02:00
295883458,de:11000:900049201:1:51,-0.4,2026-10-02T01:01:04.695736+02:00
307252361,de:11000:900003200:5:58,0.0,2026-10-02T01:01:04.695736+02:00
307252361,de:11000:900009104:1:50,-0.8,2026-10-02T01:01:04.695736+02:00
307252361,de:11000:900007102:2:52,-0.4,2026-10-02T01:01:04.695736+02:00
307252199,de:11000:900007102:1:51,0.0,2026-10-02T01:01:04.695736+02:00
307252199,de:11000:900009104:1:51,-0.8,2026-10-02T01:01:04.695736+02:00
307252199,de:11000:900003200:5:58,-0.7,2026-10-02T01:01:04.695736+02:00
306896680,de:12067:900310001::4,0.0,2026-10-02T01:01:04.695736+02:00
306896680,de:12067:900310816::1,0.0,2026-10-02T01:01:04.695736+02:00
306896680,de:12067:900310627::1,0.0,2026-10-02T01:01:04.695736+02:00
306896680,de:12067:900310781::1,0.0,2026-10-02T01:01:04.695736+02:00
306896680,de:12067:900310822::1,0.0,2026-10-02T01:01:04.695736+02:00
306896680,de:12067:900310808::1,0.0,2026-10-02T01:01:04.695736+02:00
306896680,de:12067:900310779::1,0.0,2026-10-02T01:01:04.695736+02:00
306896680,de:12067:900310995::2,0.0,2026-10-02T01:01:04.695736+02:00
306896680,de:12067:900310992::1,-0.5,2026-10-02T01:01:04.695736+02:00
306896680,de:12067:900310989::1,0.0,2026-10-02T01:01:04.695736+02:00
306896680,de:12067:900310990::1,0.0,2026-10-02T01:01:04.695736+02:00
306896680,de:12067:900310991::1,0.0,2026-10-02T01:01:04.695736+02:00
306896680,de:12067:900310904::1,0.0,2026-10-02T01:01:04.695736+02:00
306896680,de:12067:900311118::1,0.0,2026-10-02T01:01:04.695736+02:00
306896680,de:12067:900310966::1,0.0,2026-10-02T01:01:04.695736+02:00
306896680,de:12067:900310997::1,0.0,2026-10-02T01:01:04.695736+02:00
306896680,de:12067:900310998::1,0.0,2026-10-02T01:01:04.695736+02:00
306896680,de:12067:900310997::2,0.0,2026-10-02T01:01:04.695736+02:00
306896680,de:12067:900310966::2,0.0,2026-10-02T01:01:04.695736+02:00
306896680,de:12067:900311118::2,0.0,2026-10-02T01:01:04.695736+02:00
306896680,de:12067:900311059::1,0.0,2026-10-02T01:01:04.695736+02:00
306896680,de:12067:900311110::3,0.0,2026-10-02T01:01:04.695736+02:00
306896680,de:12067:900311058::1,0.0,2026-10-02T01:01:04.695736+02:00
306896680,de:12067:900310611::2,0.0,2026-10-02T01:01:04.695736+02:00
306896691,de:12067:900310001::4,0.0,2026-10-02T01:01:04.695736+02:00
306896691,de:12067:900310816::1,0.0,2026-10-02T01:01:04.695736+02:00
306896691,de:12067:900310627::1,0.0,2026-10-02T01:01:04.695736+02:00
306896691,de:12067:900310781::1,0.0,2026-10-02T01:01:04.695736+02:00
306896691,de:12067:900310822::1,0.0,2026-10-02T01:01:04.695736+02:00
306896691,de:12067:900310808::1,0.0,2026-10-02T01:01:04.695736+02:00
306896691,de:12067:900310779::1,0.0,2026-10-02T01:01:04.695736+02:00
306896691,de:12067:900310995::2,0.0,2026-10-02T01:01:04.695736+02:00
306896691,de:12067:900310992::1,-0.5,2026-10-02T01:01:04.695736+02:00
306896691,de:12067:900310989::1,0.0,2026-10-02T01:01:04.695736+02:00
306896691,de:12067:900310990::1,0.0,2026-10-02T01:01:04.695736+02:00
306896691,de:12067:900310991::1,0.0,2026-10-02T01:01:04.695736+02:00
306896691,de:12067:900310904::1,0.0,2026-10-02T01:01:04.695736+02:00
306896691,de:12067:900311118::1,0.0,2026-10-02T01:01:04.695736+02:00
306896691,de:12067:900310966::1,0.0,2026-10-02T01:01:04.695736+02:00
306896691,de:12067:900310997::1,0.0,2026-10-02T01:01:04.695736+02:00
306896691,de:12067:900310998::1,0.0,2026-10-02T01:01:04.695736+02:00
306896691,de:12067:900310997::2,0.0,2026-10-02T01:01:04.695736+02:00
306896691,de:12067:900310966::2,0.0,2026-10-02T01:01:04.695736+02:00
306896691,de:12067:900311118::2,0.0,2026-10-02T01:01:04.695736+02:00
306896691,de:12067:900311059::1,0.0,2026-10-02T01:01:04.695736+02:00
306896691,de:12067:900311110::3,0.0,2026-10-02T01:01:04.695736+02:00
306896691,de:12067:900311058::1,0.0,2026-10-02T01:01:04.695736+02:00
306896691,de:12067:900310611::2,0.0,2026-10-02T01:01:04.695736+02:00
295882591,de:11000:900053301:2:52,0.0,2026-10-02T01:01:04.695736+02:00
295882591,de:11000:900052201:1:51,0.0,2026-10-02T01:01:04.695736+02:00
295882591,de:11000:900050355:1:51,-0.3,2026-10-02T01:01:04.695736+02:00
295882591,de:11000:900050301:1:51,-0.4,2026-10-02T01:01:04.695736+02:00
295882591,de:11000:900049201:1:51,0.0,2026-10-02T01:01:04.695736+02:00
295882591,de:11000:900049202:1:51,0.0,2026-10-02T01:01:04.695736+02:00
295882591,de:11000:900066101:1:51,-0.3,2026-10-02T01:01:04.695736+02:00
295882591,de:11000:900066102:1:51,-0.2,2026-10-02T01:01:04.695736+02:00
295882591,de:11000:900062202:1:51,-0.2,2026-10-02T01:01:04.695736+02:00
295882591,de:11000:900063101:1:51,-0.2,2026-10-02T01:01:04.695736+02:00
295882591,de:11000:900060101:1:51,-0.9,2026-10-02T01:01:04.695736+02:00
295882591,de:11000:900054104:1:51,-0.9,2026-10-02T01:01:04.695736+02:00
295882591,de:11000:900057104:1:50,-0.4,2026-10-02T01:01:04.695736+02:00
295882591,de:11000:900057102:1:51,-0.1,2026-10-02T01:01:04.695736+02:00
295882591,de:11000:900012101:2:52,-0.9,2026-10-02T01:01:04.695736+02:00
295882591,de:11000:900100020:4:57,-0.3,2026-10-02T01:01:04.695736+02:00
295882591,de:11000:900100025:1:51,-0.4,2026-10-02T01:01:04.695736+02:00
295882591,de:11000:900100001:4:57,-0.1,2026-10-02T01:01:04.695736+02:00
295882591,de:11000:900100007:1:51,-0.2,2026-10-02T01:01:04.695736+02:00
295882591,de:11000:900007104:2:52,-0.2,2026-10-02T01:01:04.695736+02:00
295882591,de:11000:900008101:1:51,-0.9,2026-10-02T01:01:04.695736+02:00
295882591,de:11000:900007102:2:53,-0.6,2026-10-02T01:01:04.695736+02:00
295882591,de:11000:900110011:2:53,-0.9,2026-10-02T01:01:04.695736+02:00
295882591,de:11000:900085201:1:50,-0.9,2026-10-02T01:01:04.695736+02:00
295882591,de:11000:900084101:1:50,-0.7,2026-10-02T01:01:04.695736+02:00
295882591,de:11000:900096101:1:50,-0.8,2026-10-02T01:01:04.695736+02:00
295882591,de:11000:900094101:1:50,-0.1,2026-10-02T01:01:04.695736+02:00
295882591,de:11000:900093201:1:50,-0.4,2026-10-02T01:01:04.695736+02:00
295882591,de:11000:900092201:1:50,-0.2,2026-10-02T01:01:04.695736+02:00
306896774,de:12067:900310001::4,0.0,2026-10-02T01:01:04.695736+02:00
306896774,de:12067:900310696::1,0.0,2026-10-02T01:01:04.695736+02:00
306896774,de:12067:900310788::1,0.0,2026-10-02T01:01:04.695736+02:00
306896774,de:12067:900310936::1,0.0,2026-10-02T01:01:04.695736+02:00
306896774,de:12067:900311125::1,0.0,2026-10-02T01:01:04.695736+02:00
306896774,de:12067:900310860::1,0.0,2026-10-02T01:01:04.695736+02:00
306896774,de:12067:900311157::1,0.0,2026-10-02T01:01:04.695736+02:00
306896774,de:12067:900310864::1,0.0,2026-10-02T01:01:04.695736+02:00
306896774,de:12067:900310861::1,0.0,2026-10-02T01:01:04.695736+02:00
306896774,de:12067:900310002::1,0.0,2026-10-02T01:01:04.695736+02:00
306896774,de:12067:900311114::1,0.0,2026-10-02T01:01:04.695736+02:00
306896774,de:12067:900310031::3,0.0,2026-10-02T01:01:04.695736+02:00
306896774,de:12067:900310555::2,0.0,2026-10-02T01:01:04.695736+02:00
306896774,de:12067:900310557::2,0.0,2026-10-02T01:01:04.695736+02:00
306896774,de:12067:900310013::7,0.0,2026-10-02T01:01:04.695736+02:00
306896777,de:12067:900310001::4,0.0,2026-10-02T01:01:04.695736+02:00
306896777,de:12067:900310696::1,0.0,2026-10-02T01:01:04.695736+02:00
306896777,de:12067:900310788::1,0.0,2026-10-02T01:01:04.695736+02:00
306896777,de:12067:900310936::1,0.0,2026-10-02T01:01:04.695736+02:00
306896777,de:12067:900311125::1,0.0,2026-10-02T01:01:04.695736+02:00
306896777,de:12067:900310860::1,0.0,2026-10-02T01:01:04.695736+02:00
306896777,de:12067:900311157::1,0.0,2026-10-02T01:01:04.695736+02:00
306896777,de:12067:900310864::1,0.0,2026-10-02T01:01:04.695736+02:00
306896777,de:12067:900310861::1,0.0,2026-10-02T01:01:04.695736+02:00
306896777,de:12067:900310002::1,0.0,2026-10-02T01:01:04.695736+02:00
306896777,de:12067:900311114::1,0.0,2026-10-02T01:01:04.695736+02:00
306896777,de:12067:900310031::3,0.0,2026-10-02T01:01:04.695736+02:00
306896777,de:12067:900310555::2,0.0,2026-10-02T01:01:04.695736+02:00
306896777,de:12067:900310557::2,0.0,2026-10-02T01:01:04.695736+02:00
306896777,de:12067:900310013::7,0.0,2026-10-02T01:01:04.695736+02:00
306896964,de:12067:900311308::6,0.0,2026-10-02T01:01:04.695736+02:00
306896964,de:12067:900311335::1,0.0,2026-10-02T01:01:04.695736+02:00
306896964,de:12067:900311339::1,0.0,2026-10-02T01:01:04.695736+02:00
306896964,de:12067:900311340::1,0.0,2026-10-02T01:01:04.695736+02:00
306896964,de:12067:900311339::2,0.0,2026-10-02T01:01:04.695736+02:00
306896964,de:12067:900311341::1,0.0,2026-10-02T01:01:04.695736+02:00
306896964,de:12067:900311345::1,0.0,2026-10-02T01:01:04.695736+02:00
306896964,de:12067:900311359::1,0.0,2026-10-02T01:01:04.695736+02:00
306896964,de:12067:900310027::1,0.0,2026-10-02T01:01:04.695736+02:00
306896964,de:12067:900311317::1,0.0,2026-10-02T01:01:04.695736+02:00
306896964,de:12067:900311384::1,0.0,2026-10-02T01:01:04.695736+02:00
306896964,de:12067:900311316::1,0.0,2026-10-02T01:01:04.695736+02:00
306896964,de:12067:900311376::1,0.0,2026-10-02T01:01:04.695736+02:00
306896964,de:12067:900311377::1,0.0,2026-10-02T01:01:04.695736+02:00
306896964,de:12067:900311362::1,0.0,2026-10-02T01:01:04.695736+02:00
306896964,de:12067:900311363::1,0.0,2026-10-02T01:01:04.695736+02:00
306896964,de:12067:900311365::1,0.0,2026-10-02T01:01:04.695736+02:00
306896964,de:12067:900311374::1,0.0,2026-10-02T01:01:04.695736+02:00
306896964,de:12067:900311364::2,0.0,2026-10-02T01:01:04.695736+02:00
306896964,de:12067:900311371::2,0.0,2026-10-02T01:01:04.695736+02:00
306896964,de:12067:900311336::1,0.0,2026-10-02T01:01:04.695736+02:00
306896964,de:12067:900311352::1,0.0,2026-10-02T01:01:04.695736+02:00
306896964,de:12067:900311333::1,0.0,2026-10-02T01:01:04.695736+02:00
306896964,de:12067:900311334::1,0.0,2026-10-02T01:01:04.695736+02:00
306896964,de:12067:900311304::1,0.0,2026-10-02T01:01:04.695736+02:00
306896964,de:12067:900311305::2,0.0,2026-10-02T01:01:04.695736+02:00
306896964,de:12067:900311383::6,0.0,2026-10-02T01:01:04.695736+02:00
306896964,de:12067:900311353::1,0.0,2026-10-02T01:01:04.695736+02:00
306896964,de:12067:900311321::1,0.0,2026-10-02T01:01:04.695736+02:00
306896964,de:12067:900311350::2,0.0,2026-10-02T01:01:04.695736+02:00
306896964,de:12067:900311348::2,0.0,2026-10-02T01:01:04.695736+02:00
306896964,de:12067:900311308::4,0.0,2026-10-02T01:01:04.695736+02:00
306896986,de:12067:900311308::6,0.0,2026-10-02T01:01:04.695736+02:00
306896986,de:12067:900311335::1,0.0,2026-10-02T01:01:04.695736+02:00
306896986,de:12067:900311339::1,0.0,2026-10-02T01:01:04.695736+02:00
306896986,de:12067:900311340::1,0.0,2026-10-02T01:01:04.695736+02:00
306896986,de:12067:900311339::2,0.0,2026-10-02T01:01:04.695736+02:00
306896986,de:12067:900311341::1,0.0,2026-10-02T01:01:04.695736+02:00
306896986,de:12067:900311345::1,0.0,2026-10-02T01:01:04.695736+02:00
306896986,de:12067:900311359::1,0.0,2026-10-02T01:01:04.695736+02:00
306896986,de:12067:900310027::1,0.0,2026-10-02T01:01:04.695736+02:00
306896986,de:12067:900311317::1,0.0,2026-10-02T01:01:04.695736+02:00
306896986,de:12067:900311384::1,0.0,2026-10-02T01:01:04.695736+02:00
306896986,de:12067:900311316::1,0.0,2026-10-02T01:01:04.695736+02:00
306896986,de:12067:900311376::1,0.0,2026-10-02T01:01:04.695736+02:00
306896986,de:12067:900311377::1,0.0,2026-10-02T01:01:04.695736+02:00
306896986,de:12067:900311362::1,0.0,2026-10-02T01:01:04.695736+02:00
306896986,de:12067:900311363::1,0.0,2026-10-02T01:01:04.695736+02:00
306896986,de:12067:900311365::1,0.0,2026-10-02T01:01:04.695736+02:00
306896986,de:12067:900311374::1,0.0,2026-10-02T01:01:04.695736+02:00
306896986,de:12067:900311364::2,0.0,2026-10-02T01:01:04.695736+02:00
306896986,de:12067:900311371::2,0.0,2026-10-02T01:01:04.695736+02:00
306896986,de:12067:900311336::1,0.0,2026-10-02T01:01:04.695736+02:00
306896986,de:12067:900311352::1,0.0,2026-10-02T01:01:04.695736+02:00
306896986,de:12067:900311354::1,0.0,2026-10-02T01:01:04.695736+02:00
306896986,de:12067:900311320::2,0.0,2026-10-02T01:01:04.695736+02:00
306896986,de:12067:900311305::2,0.0,2026-10-02T01:01:04.695736+02:00
306896986,de:12067:900311383::6,0.0,2026-10-02T01:01:04.695736+02:00
306896986,de:12067:900311315::2,0.0,2026-10-02T01:01:04.695736+02:00
306896986,de:12067:900311348::2,0.0,2026-10-02T01:01:04.695736+02:00
306896986,de:12067:900311308::4,0.0,2026-10-02T01:01:04.695736+02:00
295882449,de:11000:900092201:1:50,0.0,2026-10-02T01:01:04.695736+02:00
295882449,de:11000:900093201:1:51,-0.4,2026-10-02T01:01:04.695736+02:00
295882449,de:11000:900094101:1:51,-0.3,2026-10-02T01:01:04.695736+02:00
295882449,de:11000:900096101:1:51,-0.1,2026-10-02T01:01:04.695736+02:00
295882449,de:11000:900084101:1:51,-0.2,2026-10-02T01:01:04.695736+02:00
295882449,de:11000:900085201:1:51,-0.8,2026-10-02T01:01:04.695736+02:00
295882449,de:11000:900130003:1:51,-0.8,2026-10-02T01:01:04.695736+02:00
295882449,de:11000:900110011:1:50,-0.9,2026-10-02T01:01:04.695736+02:00
295882449,de:11000:900007102:1:50,-0.9,2026-10-02T01:01:04.695736+02:00
295882449,de:11000:900008101:1:50,0.0,2026-10-02T01:01:04.695736+02:00
295882449,de:11000:900007104:1:51,-0.7,2026-10-02T01:01:04.695736+02:00
295882449,de:11000:900100007:1:50,-0.7,2026-10-02T01:01:04.695736+02:00
295882449,de:11000:900100001:4:56,-0.5,2026-10-02T01:01:04.695736+02:00
295882449,de:11000:900100025:1:50,-0.4,2026-10-02T01:01:04.695736+02:00
295882449,de:11000:900100020:3:54,-0.4,2026-10-02T01:01:04.695736+02:00
295882449,de:11000:900012101:1:51,-0.5,2026-10-02T01:01:04.695736+02:00
295882449,de:11000:900057102:1:50,-0.7,2026-10-02T01:01:04.695736+02:00
295882449,de:11000:900057104:2:51,-0.4,2026-10-02T01:01:04.695736+02:00
295882449,de:11000:900054104:1:50,-0.3,2026-10-02T01:01:04.695736+02:00
295882449,de:11000:900060101:1:50,-0.3,2026-10-02T01:01:04.695736+02:00
295882449,de:11000:900063101:1:50,-0.1,2026-10-02T01:01:04.695736+02:00
295882449,de:11000:900062202:1:50,-0.1,2026-10-02T01:01:04.695736+02:00
295882449,de:11000:900066102:1:50,-0.2,2026-10-02T01:01:04.695736+02:00
295882449,de:11000:900066101:1:50,-0.1,2026-10-02T01:01:04.695736+02:00
295882449,de:11000:900049202:1:50,-0.3,2026-10-02T01:01:04.695736+02:00
295882449,de:11000:900049201:1:50,-0.4,2026-10-02T01:01:04.695736+02:00
295882449,de:11000:900050301:1:50,0.0,2026-10-02T01:01:04.695736+02:00
295882449,de:11000:900050355:1:50,-0.1,2026-10-02T01:01:04.695736+02:00
295882449,de:11000:900052201:1:50,-0.5,2026-10-02T01:01:04.695736+02:00
295882449,de:11000:900053301:1:51,-0.9,2026-10-02T01:01:04.695736+02:00
306896148,de:12067:900310015::1,0.0,2026-10-02T01:01:04.695736+02:00
306896148,de:12067:900310025::2,0.0,2026-10-02T01:01:04.695736+02:00
306896148,de:12067:900310952::2,0.0,2026-10-02T01:01:04.695736+02:00
306896148,de:12067:900310949::2,0.0,2026-10-02T01:01:04.695736+02:00
306896148,de:12067:900310955::2,0.0,2026-10-02T01:01:04.695736+02:00
306896148,de:12067:900310568::2,0.0,2026-10-02T01:01:04.695736+02:00
306896148,de:12067:900310556::2,0.0,2026-10-02T01:01:04.695736+02:00
306896148,de:12067:900310558::4,0.0,2026-10-02T01:01:04.695736+02:00
306896148,de:12067:900310559::2,0.0,2026-10-02T01:01:04.695736+02:00
306896148,de:12067:900310563::4,0.0,2026-10-02T01:01:04.695736+02:00
306896148,de:12067:900310013::7,0.0,2026-10-02T01:01:04.695736+02:00
295882433,de:11000:900092201:1:50,0.0,2026-10-02T01:01:04.695736+02:00
295882433,de:11000:900093201:1:51,-0.4,2026-10-02T01:01:04.695736+02:00
295882433,de:11000:900094101:1:51,-0.3,2026-10-02T01:01:04.695736+02:00
295882433,de:11000:900096101:1:51,-0.1,2026-10-02T01:01:04.695736+02:00
295882433,de:11000:900084101:1:51,-0.2,2026-10-02T01:01:04.695736+02:00
295882433,de:11000:900085201:1:51,-0.8,2026-10-02T01:01:04.695736+02:00
295882433,de:11000:900130003:1:51,-0.8,2026-10-02T01:01:04.695736+02:00
295882433,de:11000:900110011:1:50,-0.9,2026-10-02T01:01:04.695736+02:00
295882433,de:11000:900007102:1:50,-0.9,2026-10-02T01:01:04.695736+02:00
295882433,de:11000:900008101:1:50,0.0,2026-10-02T01:01:04.695736+02:00
295882433,de:11000:900007104:1:51,-0.7,2026-10-02T01:01:04.695736+02:00
295882433,de:11000:900100007:1:50,-0.7,2026-10-02T01:01:04.695736+02:00
295882433,de:11000:900100001:4:56,-0.5,2026-10-02T01:01:04.695736+02:00
295882433,de:11000:900100025:1:50,-0.4,2026-10-02T01:01:04.695736+02:00
295882433,de:11000:900100020:3:54,-0.4,2026-10-02T01:01:04.695736+02:00
295882433,de:11000:900012101:1:51,-0.5,2026-10-02T01:01:04.695736+02:00
295882433,de:11000:900057102:1:50,-0.7,2026-10-02T01:01:04.695736+02:00
295882433,de:11000:900057104:2:51,-0.4,2026-10-02T01:01:04.695736+02:00
295882433,de:11000:900054104:1:50,-0.3,2026-10-02T01:01:04.695736+02:00
295882433,de:11000:900060101:1:50,-0.3,2026-10-02T01:01:04.695736+02:00
295882433,de:11000:900063101:1:50,-0.1,2026-10-02T01:01:04.695736+02:00
295882433,de:11000:900062202:1:50,-0.1,2026-10-02T01:01:04.695736+02:00
295882433,de:11000:900066102:1:50,-0.2,2026-10-02T01:01:04.695736+02:00
295882433,de:11000:900066101:1:50,-0.1,2026-10-02T01:01:04.695736+02:00
295882433,de:11000:900049202:1:50,-0.3,2026-10-02T01:01:04.695736+02:00
295882433,de:11000:900049201:1:50,-0.4,2026-10-02T01:01:04.695736+02:00
295882433,de:11000:900050301:1:50,0.0,2026-10-02T01:01:04.695736+02:00
295882433,de:11000:900050355:1:50,-0.1,2026-10-02T01:01:04.695736+02:00
295882433,de:11000:900052201:1:50,-0.5,2026-10-02T01:01:04.695736+02:00
295882433,de:11000:900053301:1:51,-0.9,2026-10-02T01:01:04.695736+02:00
307438427,de:12066:900435000:1:50,0.0,2026-10-02T01:01:04.695736+02:00
307438427,de:12066:900435001:1:50,0.0,2026-10-02T01:01:04.695736+02:00
307438427,de:12052:900470000:1:50,0.0,2026-10-02T01:01:04.695736+02:00
306896204,de:12067:900310031::1,0.0,2026-10-02T01:01:04.695736+02:00
306896204,de:12067:900311114::1,0.0,2026-10-02T01:01:04.695736+02:00
306896204,de:12067:900311023::1,0.0,2026-10-02T01:01:04.695736+02:00
306896204,de:12067:900311024::1,-0.5,2026-10-02T01:01:04.695736+02:00
306896204,de:12067:900311025::1,0.0,2026-10-02T01:01:04.695736+02:00
306896204,de:12067:900310636::1,0.0,2026-10-02T01:01:04.695736+02:00
306896204,de:12067:900310635::1,0.0,2026-10-02T01:01:04.695736+02:00
306896204,de:12067:900311022::1,0.0,2026-10-02T01:01:04.695736+02:00
306896204,de:12067:900311021::1,0.0,2026-10-02T01:01:04.695736+02:00
306896204,de:12067:900310964::1,0.0,2026-10-02T01:01:04.695736+02:00
306896204,de:12067:900310868::1,0.0,2026-10-02T01:01:04.695736+02:00
306896204,de:12067:900310867::2,0.0,2026-10-02T01:01:04.695736+02:00
306896204,de:12067:900311036::2,0.0,2026-10-02T01:01:04.695736+02:00
306896204,de:12067:900311052::1,0.0,2026-10-02T01:01:04.695736+02:00
306896204,de:12067:900311034::1,0.0,2026-10-02T01:01:04.695736+02:00
306896204,de:12067:900311039::1,0.0,2026-10-02T01:01:04.695736+02:00
307433843,de:12065:900200005:2:1,0.0,2026-10-02T01:01:04.695736+02:00
307433843,de:11000:900152001:3:53,0.0,2026-10-02T01:01:04.695736+02:00
307433843,de:11000:900160004:4:56,0.0,2026-10-02T01:01:04.695736+02:00
307433843,de:11000:900120003:4:56,0.0,2026-10-02T01:01:04.695736+02:00
307433843,de:11000:900192001:1:50,0.0,2026-10-02T01:01:04.695736+02:00
307433843,de:12061:900260009:2:54,0.0,2026-10-02T01:01:04.695736+02:00
307433843,de:12072:900245030:2:51,0.0,2026-10-02T01:01:04.695736+02:00
307433843,de:12072:900245029:2:52,0.0,2026-10-02T01:01:04.695736+02:00
307431420,de:12065:900200000:1:51,0.0,2026-10-02T01:01:04.695736+02:00
307431420,de:12063:900210011:2:51,0.0,2026-10-02T01:01:04.695736+02:00
307431420,de:12063:900210010:2:51,0.0,2026-10-02T01:01:04.695736+02:00
307431420,de:12063:900210180:2:51,0.0,2026-10-02T01:01:04.695736+02:00
307431420,de:11000:900037168:2:51,0.0,2026-10-02T01:01:04.695736+02:00
307431420,de:11000:900029101:3:54,0.0,2026-10-02T01:01:04.695736+02:00
307431420,de:11000:900024101:1:51,0.0,2026-10-02T01:01:04.695736+02:00
307431420,de:11000:900053301:3:54,0.0,2026-10-02T01:01:04.695736+02:00
307431420,de:12054:900230003:3:52,0.0,2026-10-02T01:01:04.695736+02:00
307431420,de:12054:900230999:1:51,0.0,2026-10-02T01:01:04.695736+02:00
307431420,de:12054:900230006:1:50,0.0,2026-10-02T01:01:04.695736+02:00
307431420,de:12054:900230007:1:50,0.0,2026-10-02T01:01:04.695736+02:00
307431420,de:12054:900220010:1:50,0.0,2026-10-02T01:01:04.695736+02:00
307431420,de:12054:900220012:2:51,0.0,2026-10-02T01:01:04.695736+02:00
307431420,de:12063:900210001:2:51,0.0,2026-10-02T01:01:04.695736+02:00
307439735,de:14625:8000,0.0,2026-10-02T01:01:04.695736+02:00
307439735,de:14625:8144:1:Gleis1,0.0,2026-10-02T01:01:04.695736+02:00
307439735,de:14625:6810,0.0,2026-10-02T01:01:04.695736+02:00
307439735,de:12066:900435314:2:52,0.0,2026-10-02T01:01:04.695736+02:00
307439735,de:12066:900435061:2:52,0.0,2026-10-02T01:01:04.695736+02:00
307439735,de:12066:900435801:1:50,0.0,2026-10-02T01:01:04.695736+02:00
307439735,de:14627:5440,0.0,2026-10-02T01:01:04.695736+02:00
307439735,de:14627:5021,0.0,2026-10-02T01:01:04.695736+02:00
307439735,de:14627:5100,0.0,2026-10-02T01:01:04.695736+02:00
307439735,de:14627:4401,0.0,2026-10-02T01:01:04.695736+02:00
307439735,de:14627:4180,0.0,2026-10-02T01:01:04.695736+02:00
307439735,de:14612:16,0.0,2026-10-02T01:01:04.695736+02:00
307430659,de:12065:900200005:1:2,0.0,2026-10-02T01:01:04.695736+02:00
307430659,de:12065:900200008:1:50,0.0,2026-10-02T01:01:04.695736+02:00
307430659,de:12065:900200010:1:50,0.0,2026-10-02T01:01:04.695736+02:00
307430659,de:12065:900200000:1:50,0.0,2026-10-02T01:01:04.695736+02:00
307430659,de:12063:900210001:1:50,0.0,2026-10-02T01:01:04.695736+02:00
307430659,de:12054:900220012:1:50,0.0,2026-10-02T01:01:04.695736+02:00
307430659,de:12054:900220010:2:51,0.0,2026-10-02T01:01:04.695736+02:00
307430659,de:12054:900230007:2:52,0.0,2026-10-02T01:01:04.695736+02:00
307430659,de:12054:900230006:2:51,0.0,2026-10-02T01:01:04.695736+02:00
307430659,de:12054:900230999:2:53,0.0,2026-10-02T01:01:04.695736+02:00
307430659,de:12054:900230003:4:53,0.0,2026-10-02T01:01:04.695736+02:00
307430436,de:12063:900210005:2:53,0.0,2026-10-02T01:01:04.695736+02:00
307430436,de:12063:900210326:2:51,0.0,2026-10-02T01:01:04.695736+02:00
307430436,de:12063:900210011:2:51,0.0,2026-10-02T01:01:04.695736+02:00
307430436,de:12063:900210010:2:51,0.0,2026-10-02T01:01:04.695736+02:00
307430436,de:12063:900210180:2:51,0.0,2026-10-02T01:01:04.695736+02:00
307430436,de:11000:900037168:2:51,0.0,2026-10-02T01:01:04.695736+02:00
307430436,de:11000:900029101:3:54,0.0,2026-10-02T01:01:04.695736+02:00
306895829,de:12067:900311115::2,0.0,2026-10-02T01:01:04.695736+02:00
306895829,de:12067:900310773::2,0.0,2026-10-02T01:01:04.695736+02:00
306895829,de:12067:900310797::2,0.0,2026-10-02T01:01:04.695736+02:00
306895829,de:12067:900310789::2,0.0,2026-10-02T01:01:04.695736+02:00
306895829,de:12067:900310781::2,0.0,2026-10-02T01:01:04.695736+02:00
306895829,de:12067:900311155::1,0.0,2026-10-02T01:01:04.695736+02:00
306895829,de:12067:900311149::2,0.0,2026-10-02T01:01:04.695736+02:00
306895829,de:12067:900310001::11,0.0,2026-10-02T01:01:04.695736+02:00
295893115,de:12072:900245027:2:52,0.0,2026-10-02T01:01:04.695736+02:00
295893115,de:12072:900245028:1:50,-0.9,2026-10-02T01:01:04.695736+02:00
295893115,de:11000:900074201:1:50,-0.9,2026-10-02T01:01:04.695736+02:00
295893115,de:11000:900074202:2:51,-0.1,2026-10-02T01:01:04.695736+02:00
295893115,de:11000:900072101:2:51,-0.1,2026-10-02T01:01:04.695736+02:00
295893115,de:11000:900073101:1:51,-0.4,2026-10-02T01:01:04.695736+02:00
295893115,de:11000:900068301:1:51,-0.7,2026-10-02T01:01:04.695736+02:00
295893115,de:11000:900058102:2:51,-0.7,2026-10-02T01:01:04.695736+02:00
295893115,de:11000:900058101:1:51,-0.3,2026-10-02T01:01:04.695736+02:00
295893115,de:11000:900058103:1:51,-0.1,2026-10-02T01:01:04.695736+02:00
295893115,de:11000:900012101:2:53,-0.7,2026-10-02T01:01:04.695736+02:00
295893115,de:11000:900100020:4:57,-0.8,2026-10-02T01:01:04.695736+02:00
295893115,de:11000:900100025:1:51,-0.9,2026-10-02T01:01:04.695736+02:00
295893115,de:11000:900100001:4:57,-0.6,2026-10-02T01:01:04.695736+02:00
295893115,de:11000:900100007:1:51,-0.7,2026-10-02T01:01:04.695736+02:00
295893115,de:11000:900007104:2:52,-0.7,2026-10-02T01:01:04.695736+02:00
295893115,de:11000:900008101:1:51,-0.4,2026-10-02T01:01:04.695736+02:00
295893115,de:11000:900007102:2:53,-0.1,2026-10-02T01:01:04.695736+02:00
295893115,de:11000:900110011:2:52,-0.4,2026-10-02T01:01:04.695736+02:00
295893115,de:11000:900130002:1:50,-0.7,2026-10-02T01:01:04.695736+02:00
295893115,de:11000:900130001:1:50,-0.4,2026-10-02T01:01:04.695736+02:00
295893115,de:11000:900142001:1:50,-0.9,2026-10-02T01:01:04.695736+02:00
295893115,de:11000:900143001:1:51,-0.7,2026-10-02T01:01:04.695736+02:00
295893115,de:11000:900135001:1:50,-0.4,2026-10-02T01:01:04.695736+02:00
295893115,de:12060:900350162:1:50,0.0,2026-10-02T01:01:04.695736+02:00
295893115,de:12060:900350163:1:51,-0.4,2026-10-02T01:01:04.695736+02:00
295893115,de:12060:900350161:1:50,-0.7,2026-10-02T01:01:04.695736+02:00
295893115,de:12060:900350160:1:51,-0.4,2026-10-02T01:01:04.695736+02:00
295893101,de:12072:900245027:2:52,0.0,2026-10-02T01:01:04.695736+02:00
295893101,de:12072:900245028:1:50,-0.9,2026-10-02T01:01:04.695736+02:00
295893101,de:11000:900074201:1:50,-0.9,2026-10-02T01:01:04.695736+02:00
295893101,de:11000:900074202:2:51,-0.1,2026-10-02T01:01:04.695736+02:00
295893101,de:11000:900072101:2:51,-0.1,2026-10-02T01:01:04.695736+02:00
295893101,de:11000:900073101:1:51,-0.4,2026-10-02T01:01:04.695736+02:00
295893101,de:11000:900068301:1:51,-0.7,2026-10-02T01:01:04.695736+02:00
295893101,de:11000:900058102:2:51,-0.7,2026-10-02T01:01:04.695736+02:00
295893101,de:11000:900058101:1:51,-0.3,2026-10-02T01:01:04.695736+02:00
295893101,de:11000:900058103:1:51,-0.1,2026-10-02T01:01:04.695736+02:00
295893101,de:11000:900012101:2:53,-0.7,2026-10-02T01:01:04.695736+02:00
295893101,de:11000:900100020:4:57,-0.8,2026-10-02T01:01:04.695736+02:00
295893101,de:11000:900100025:1:51,-0.9,2026-10-02T01:01:04.695736+02:00
295893101,de:11000:900100001:4:57,-0.6,2026-10-02T01:01:04.695736+02:00
295893101,de:11000:900100007:1:51,-0.7,2026-10-02T01:01:04.695736+02:00
295893101,de:11000:900007104:2:52,-0.7,2026-10-02T01:01:04.695736+02:00
295893101,de:11000:900008101:1:51,-0.4,2026-10-02T01:01:04.695736+02:00
295893101,de:11000:900007102:2:53,-0.1,2026-10-02T01:01:04.695736+02:00
295893101,de:11000:900110011:2:52,-0.4,2026-10-02T01:01:04.695736+02:00
295893101,de:11000:900130002:1:50,-0.7,2026-10-02T01:01:04.695736+02:00
295893101,de:11000:900130001:1:50,-0.4,2026-10-02T01:01:04.695736+02:00
295893101,de:11000:900142001:1:50,-0.9,2026-10-02T01:01:04.695736+02:00
295893101,de:11000:900143001:1:51,-0.7,2026-10-02T01:01:04.695736+02:00
295893101,de:11000:900135001:1:50,-0.4,2026-10-02T01:01:04.695736+02:00
295893101,de:12060:900350162:1:50,0.0,2026-10-02T01:01:04.695736+02:00
295893101,de:12060:900350163:1:51,-0.4,2026-10-02T01:01:04.695736+02:00
295893101,de:12060:900350161:1:50,-0.7,2026-10-02T01:01:04.695736+02:00
295893101,de:12060:900350160:1:51,-0.4,2026-10-02T01:01:04.695736+02:00
295893093,de:12072:900245027:2:52,0.0,2026-10-02T01:01:04.695736+02:00
295893093,de:12072:900245028:1:50,-0.9,2026-10-02T01:01:04.695736+02:00
295893093,de:11000:900074201:1:50,-0.9,2026-10-02T01:01:04.695736+02:00
295893093,de:11000:900074202:2:51,-0.1,2026-10-02T01:01:04.695736+02:00
295893093,de:11000:900072101:2:51,-0.1,2026-10-02T01:01:04.695736+02:00
295893093,de:11000:900073101:1:51,-0.4,2026-10-02T01:01:04.695736+02:00
295893093,de:11000:900068301:1:51,-0.7,2026-10-02T01:01:04.695736+02:00
295893093,de:11000:900058102:2:51,-0.7,2026-10-02T01:01:04.695736+02:00
295893093,de:11000:900058101:1:51,-0.3,2026-10-02T01:01:04.695736+02:00
295893093,de:11000:900058103:1:51,-0.1,2026-10-02T01:01:04.695736+02:00
295893093,de:11000:900012101:2:53,-0.7,2026-10-02T01:01:04.695736+02:00
295893093,de:11000:900100020:4:57,-0.8,2026-10-02T01:01:04.695736+02:00
295893093,de:11000:900100025:1:51,-0.9,2026-10-02T01:01:04.695736+02:00
295893093,de:11000:900100001:4:57,-0.6,2026-10-02T01:01:04.695736+02:00
295893093,de:11000:900100007:1:51,-0.7,2026-10-02T01:01:04.695736+02:00
295893093,de:11000:900007104:2:52,-0.7,2026-10-02T01:01:04.695736+02:00
295893093,de:11000:900008101:1:51,-0.4,2026-10-02T01:01:04.695736+02:00
295893093,de:11000:900007102:2:53,-0.1,2026-10-02T01:01:04.695736+02:00
295893093,de:11000:900110011:2:52,-0.4,2026-10-02T01:01:04.695736+02:00
295893093,de:11000:900130002:1:50,-0.7,2026-10-02T01:01:04.695736+02:00
295893093,de:11000:900130001:1:50,-0.4,2026-10-02T01:01:04.695736+02:00
295893093,de:11000:900142001:1:50,-0.9,2026-10-02T01:01:04.695736+02:00
295893093,de:11000:900143001:1:51,-0.7,2026-10-02T01:01:04.695736+02:00
295893093,de:11000:900135001:1:50,-0.4,2026-10-02T01:01:04.695736+02:00
295893093,de:12060:900350162:1:50,0.0,2026-10-02T01:01:04.695736+02:00
295893093,de:12060:900350163:1:51,-0.4,2026-10-02T01:01:04.695736+02:00
295893093,de:12060:900350161:1:50,-0.7,2026-10-02T01:01:04.695736+02:00
295893093,de:12060:900350160:1:51,-0.4,2026-10-02T01:01:04.695736+02:00
295892988,de:12060:900350160:1:51,0.0,2026-10-02T01:01:04.695736+02:00
295892988,de:12060:900350161:1:50,-0.3,2026-10-02T01:01:04.695736+02:00
295892988,de:12060:900350163:1:50,-0.1,2026-10-02T01:01:04.695736+02:00
295892988,de:12060:900350162:1:50,-0.8,2026-10-02T01:01:04.695736+02:00
295892988,de:11000:900135001:1:50,-0.3,2026-10-02T01:01:04.695736+02:00
295892988,de:11000:900143001:1:51,-0.8,2026-10-02T01:01:04.695736+02:00
295892988,de:11000:900142001:1:51,-0.3,2026-10-02T01:01:04.695736+02:00
295892988,de:11000:900130001:1:51,-0.8,2026-10-02T01:01:04.695736+02:00
295892988,de:11000:900130002:1:51,-0.3,2026-10-02T01:01:04.695736+02:00
295892988,de:11000:900110011:1:51,-0.7,2026-10-02T01:01:04.695736+02:00
295892988,de:11000:900007102:1:50,-0.7,2026-10-02T01:01:04.695736+02:00
295892988,de:11000:900008101:1:50,-0.5,2026-10-02T01:01:04.695736+02:00
295892988,de:11000:900007104:1:51,-0.2,2026-10-02T01:01:04.695736+02:00
295892988,de:11000:900100007:1:50,-0.2,2026-10-02T01:01:04.695736+02:00
295892988,de:11000:900100001:4:56,0.0,2026-10-02T01:01:04.695736+02:00
295892988,de:11000:900100025:1:50,-0.9,2026-10-02T01:01:04.695736+02:00
295892988,de:11000:900100020:3:54,-0.9,2026-10-02T01:01:04.695736+02:00
295892988,de:11000:900012101:1:51,0.0,2026-10-02T01:01:04.695736+02:00
295892988,de:11000:900058103:1:50,-0.8,2026-10-02T01:01:04.695736+02:00
295892988,de:11000:900058101:1:50,-0.4,2026-10-02T01:01:04.695736+02:00
295892988,de:11000:900058102:1:50,-0.4,2026-10-02T01:01:04.695736+02:00
295892988,de:11000:900068301:1:50,-0.7,2026-10-02T01:01:04.695736+02:00
295892988,de:11000:900073101:1:50,-0.9,2026-10-02T01:01:04.695736+02:00
295892988,de:11000:900072101:1:50,-0.2,2026-10-02T01:01:04.695736+02:00
295892988,de:11000:900074202:1:50,-0.2,2026-10-02T01:01:04.695736+02:00
295892988,de:11000:900074201:1:50,-0.4,2026-10-02T01:01:04.695736+02:00
295892988,de:12072:900245028:1:51,-0.9,2026-10-02T01:01:04.695736+02:00
295892988,de:12072:900245027:2:52,-0.9,2026-10-02T01:01:04.695736+02:00
295892967,de:12060:900350160:1:51,0.0,2026-10-02T01:01:04.695736+02:00
295892967,de:12060:900350161:1:50,-0.3,2026-10-02T01:01:04.695736+02:00
295892967,de:12060:900350163:1:50,-0.1,2026-10-02T01:01:04.695736+02:00
295892967,de:12060:900350162:1:50,-0.8,2026-10-02T01:01:04.695736+02:00
295892967,de:11000:900135001:1:50,-0.3,2026-10-02T01:01:04.695736+02:00
295892967,de:11000:900143001:1:51,-0.8,2026-10-02T01:01:04.695736+02:00
295892967,de:11000:900142001:1:51,-0.3,2026-10-02T01:01:04.695736+02:00
295892967,de:11000:900130001:1:51,-0.8,2026-10-02T01:01:04.695736+02:00
295892967,de:11000:900130002:1:51,-0.3,2026-10-02T01:01:04.695736+02:00
295892967,de:11000:900110011:1:51,-0.7,2026-10-02T01:01:04.695736+02:00
295892967,de:11000:900007102:1:50,-0.7,2026-10-02T01:01:04.695736+02:00
295892967,de:11000:900008101:1:50,-0.5,2026-10-02T01:01:04.695736+02:00
295892967,de:11000:900007104:1:51,-0.2,2026-10-02T01:01:04.695736+02:00
295892967,de:11000:900100007:1:50,-0.2,2026-10-02T01:01:04.695736+02:00
295892967,de:11000:900100001:4:56,0.0,2026-10-02T01:01:04.695736+02:00
295892967,de:11000:900100025:1:50,-0.9,2026-10-02T01:01:04.695736+02:00
295892967,de:11000:900100020:3:54,-0.9,2026-10-02T01:01:04.695736+02:00
295892967,de:11000:900012101:1:51,0.0,2026-10-02T01:01:04.695736+02:00
295892967,de:11000:900058103:1:50,-0.8,2026-10-02T01:01:04.695736+02:00
295892967,de:11000:900058101:1:50,-0.4,2026-10-02T01:01:04.695736+02:00
295892967,de:11000:900058102:1:50,-0.4,2026-10-02T01:01:04.695736+02:00
295892967,de:11000:900068301:1:50,-0.7,2026-10-02T01:01:04.695736+02:00
295892967,de:11000:900073101:1:50,-0.9,2026-10-02T01:01:04.695736+02:00
295892967,de:11000:900072101:1:50,-0.2,2026-10-02T01:01:04.695736+02:00
295892967,de:11000:900074202:1:50,-0.2,2026-10-02T01:01:04.695736+02:00
295892967,de:11000:900074201:1:50,-0.4,2026-10-02T01:01:04.695736+02:00
295892967,de:12072:900245028:1:51,-0.9,2026-10-02T01:01:04.695736+02:00
295892967,de:12072:900245027:2:52,-0.9,2026-10-02T01:01:04.695736+02:00
307430068,de:12061:900260009:2:54,0.0,2026-10-02T01:01:04.695736+02:00
307430068,de:11000:900058101:4:57,0.0,2026-10-02T01:01:04.695736+02:00
307430068,de:11000:900100020:2:53,0.0,2026-10-02T01:01:04.695736+02:00
307430068,de:11000:900003200:3:55,0.0,2026-10-02T01:01:04.695736+02:00
307430062,de:12061:900260009:2:54,0.0,2026-10-02T01:01:04.695736+02:00
307430062,de:11000:900058101:4:57,0.0,2026-10-02T01:01:04.695736+02:00
307430062,de:11000:900100020:2:53,0.0,2026-10-02T01:01:04.695736+02:00
307430062,de:11000:900003200:3:55,0.0,2026-10-02T01:01:04.695736+02:00
307430150,de:11000:900003200:1:50,0.0,2026-10-02T01:01:04.695736+02:00
307430150,de:11000:900100020:1:50,0.0,2026-10-02T01:01:04.695736+02:00
307430150,de:11000:900058101:2:52,0.0,2026-10-02T01:01:04.695736+02:00
307430150,de:12061:900260009:2:53,0.0,2026-10-02T01:01:04.695736+02:00
306896745,de:12067:900310001::4,0.0,2026-10-02T01:01:04.695736+02:00
306896745,de:12067:900310816::1,0.0,2026-10-02T01:01:04.695736+02:00
306896745,de:12067:900310627::1,0.0,2026-10-02T01:01:04.695736+02:00
306896745,de:12067:900310781::1,0.0,2026-10-02T01:01:04.695736+02:00
306896745,de:12067:900310822::1,0.0,2026-10-02T01:01:04.695736+02:00
306896745,de:12067:900310808::1,0.0,2026-10-02T01:01:04.695736+02:00
306896745,de:12067:900310777::1,0.0,2026-10-02T01:01:04.695736+02:00
306896745,de:12067:900310796::1,0.0,2026-10-02T01:01:04.695736+02:00
306896745,de:12067:900310875::1,0.0,2026-10-02T01:01:04.695736+02:00
306896745,de:12067:900310837::1,0.0,2026-10-02T01:01:04.695736+02:00
306896745,de:12067:900310817::1,0.0,2026-10-02T01:01:04.695736+02:00
306896745,de:12067:900310819::1,-0.5,2026-10-02T01:01:04.695736+02:00
306896745,de:12067:900310785::1,-0.5,2026-10-02T01:01:04.695736+02:00
306896745,de:12067:900310743::1,-0.5,2026-10-02T01:01:04.695736+02:00
306896745,de:12067:900310741::1,-0.5,2026-10-02T01:01:04.695736+02:00
306896745,de:12067:900310742::1,0.0,2026-10-02T01:01:04.695736+02:00
306896745,de:12067:900310929::1,-0.5,2026-10-02T01:01:04.695736+02:00
306896745,de:12067:900310930::1,0.0,2026-10-02T01:01:04.695736+02:00
306896745,de:12067:900310928::1,-0.5,2026-10-02T01:01:04.695736+02:00
306896745,de:12067:900311037::1,-0.5,2026-10-02T01:01:04.695736+02:00
306896745,de:12067:900311032::1,-0.5,2026-10-02T01:01:04.695736+02:00
306896745,de:12067:900311041::1,-0.5,2026-10-02T01:01:04.695736+02:00
306896745,de:12067:900311038::1,-0.5,2026-10-02T01:01:04.695736+02:00
306896745,de:12067:900311040::1,-0.5,2026-10-02T01:01:04.695736+02:00
306896745,de:12067:900311031::1,-0.5,2026-10-02T01:01:04.695736+02:00
306896745,de:12067:900311039::1,-0.5,2026-10-02T01:01:04.695736+02:00
295900381,de:12069:900220114:1:51,0.0,2026-10-02T01:01:04.695736+02:00
295900381,de:11000:900064201:1:51,-0.1,2026-10-02T01:01:04.695736+02:00
295900381,de:11000:900064256:1:51,0.0,2026-10-02T01:01:04.695736+02:00
295900381,de:11000:900064301:3:53,-0.3,2026-10-02T01:01:04.695736+02:00
295900381,de:11000:900067221:1:50,-0.3,2026-10-02T01:01:04.695736+02:00
295900381,de:11000:900063452:1:51,-0.4,2026-10-02T01:01:04.695736+02:00
295900381,de:11000:900058102:2:53,-0.5,2026-10-02T01:01:04.695736+02:00
295900381,de:11000:900058101:1:51,-0.3,2026-10-02T01:01:04.695736+02:00
295900381,de:11000:900058103:1:51,0.0,2026-10-02T01:01:04.695736+02:00
295900381,de:11000:900012101:2:53,-0.7,2026-10-02T01:01:04.695736+02:00
295900381,de:11000:900100020:4:57,-0.8,2026-10-02T01:01:04.695736+02:00
295900381,de:11000:900100025:1:51,-0.9,2026-10-02T01:01:04.695736+02:00
295900381,de:11000:900100001:4:57,-0.6,2026-10-02T01:01:04.695736+02:00
295900381,de:11000:900100007:1:51,-0.7,2026-10-02T01:01:04.695736+02:00
295900381,de:11000:900007104:2:52,-0.7,2026-10-02T01:01:04.695736+02:00
295900381,de:11000:900008101:1:51,-0.4,2026-10-02T01:01:04.695736+02:00
295900381,de:11000:900007102:2:53,-0.2,2026-10-02T01:01:04.695736+02:00
295900381,de:11000:900110011:2:53,-0.4,2026-10-02T01:01:04.695736+02:00
295900381,de:11000:900085201:1:50,-0.8,2026-10-02T01:01:04.695736+02:00
295900381,de:11000:900085105:1:50,-0.8,2026-10-02T01:01:04.695736+02:00
295900381,de:11000:900096458:1:50,-0.1,2026-10-02T01:01:04.695736+02:00
295900381,de:11000:900096405:1:50,-0.8,2026-10-02T01:01:04.695736+02:00
295900381,de:11000:900089303:1:50,-0.7,2026-10-02T01:01:04.695736+02:00
295900381,de:11000:900091205:1:50,-0.3,2026-10-02T01:01:04.695736+02:00
295900381,de:11000:900091203:1:50,-0.5,2026-10-02T01:01:04.695736+02:00
295900381,de:12065:900200000:4:54,-0.7,2026-10-02T01:01:04.695736+02:00
295900247,de:12065:900200000:1:55,0.0,2026-10-02T01:01:04.695736+02:00
295900247,de:11000:900091203:1:50,0.0,2026-10-02T01:01:04.695736+02:00
295900247,de:11000:900091205:1:50,-0.2,2026-10-02T01:01:04.695736+02:00
295900247,de:11000:900089303:1:51,-0.5,2026-10-02T01:01:04.695736+02:00
295900247,de:11000:900096405:1:50,-0.8,2026-10-02T01:01:04.695736+02:00
295900247,de:11000:900096458:1:50,-0.5,2026-10-02T01:01:04.695736+02:00
295900247,de:11000:900085105:1:50,-0.8,2026-10-02T01:01:04.695736+02:00
295900247,de:11000:900085201:1:51,0.0,2026-10-02T01:01:04.695736+02:00
295900247,de:11000:900130003:1:51,-0.8,2026-10-02T01:01:04.695736+02:00
295900247,de:11000:900110011:1:50,-0.9,2026-10-02T01:01:04.695736+02:00
295900247,de:11000:900007102:1:50,-0.7,2026-10-02T01:01:04.695736+02:00
295900247,de:11000:900008101:1:50,-0.4,2026-10-02T01:01:04.695736+02:00
295900247,de:11000:900007104:1:51,-0.2,2026-10-02T01:01:04.695736+02:00
295900247,de:11000:900100007:1:50,-0.2,2026-10-02T01:01:04.695736+02:00
295900247,de:11000:900100001:4:56,0.0,2026-10-02T01:01:04.695736+02:00
295900247,de:11000:900100025:1:50,-0.9,2026-10-02T01:01:04.695736+02:00
295900247,de:11000:900100020:3:54,-0.9,2026-10-02T01:01:04.695736+02:00
295900247,de:11000:900012101:1:51,0.0,2026-10-02T01:01:04.695736+02:00
295900247,de:11000:900058103:1:50,-0.7,2026-10-02T01:01:04.695736+02:00
295900247,de:11000:900058101:1:50,-0.3,2026-10-02T01:01:04.695736+02:00
295900247,de:11000:900058102:1:52,0.0,2026-10-02T01:01:04.695736+02:00
295900247,de:11000:900063452:1:50,-0.1,2026-10-02T01:01:04.695736+02:00
295900247,de:11000:900067221:1:50,-0.2,2026-10-02T01:01:04.695736+02:00
295900247,de:11000:900064301:3:52,-0.2,2026-10-02T01:01:04.695736+02:00
295900247,de:11000:900064256:1:50,-0.7,2026-10-02T01:01:04.695736+02:00
295900247,de:11000:900064201:1:50,-0.6,2026-10-02T01:01:04.695736+02:00
295900247,de:12069:900220114:1:51,-0.9,2026-10-02T01:01:04.695736+02:00
295896162,de:11000:900074201:1:50,0.0,2026-10-02T01:01:04.695736+02:00
295896162,de:11000:900074202:2:51,-0.1,2026-10-02T01:01:04.695736+02:00
295896162,de:11000:900072101:2:51,-0.1,2026-10-02T01:01:04.695736+02:00
295896162,de:11000:900073101:1:51,-0.4,2026-10-02T01:01:04.695736+02:00
295896162,de:11000:900068301:1:51,-0.7,2026-10-02T01:01:04.695736+02:00
295896162,de:11000:900058102:2:51,-0.7,2026-10-02T01:01:04.695736+02:00
295896162,de:11000:900058101:1:51,-0.3,2026-10-02T01:01:04.695736+02:00
295896162,de:11000:900058103:1:51,-0.1,2026-10-02T01:01:04.695736+02:00
295896162,de:11000:900012101:2:53,-0.7,2026-10-02T01:01:04.695736+02:00
295896162,de:11000:900100020:4:57,-0.8,2026-10-02T01:01:04.695736+02:00
295896162,de:11000:900100025:1:51,-0.9,2026-10-02T01:01:04.695736+02:00
295896162,de:11000:900100001:4:57,-0.6,2026-10-02T01:01:04.695736+02:00
295896162,de:11000:900100007:1:51,-0.7,2026-10-02T01:01:04.695736+02:00
295896162,de:11000:900007104:2:52,-0.7,2026-10-02T01:01:04.695736+02:00
295896162,de:11000:900008101:1:51,-0.4,2026-10-02T01:01:04.695736+02:00
295896162,de:11000:900007102:2:53,-0.1,2026-10-02T01:01:04.695736+02:00
295896162,de:11000:900110011:2:52,-0.4,2026-10-02T01:01:04.695736+02:00
295896162,de:11000:900130002:1:50,-0.7,2026-10-02T01:01:04.695736+02:00
295896162,de:11000:900130001:1:50,-0.4,2026-10-02T01:01:04.695736+02:00
295896162,de:11000:900142001:1:50,-0.9,2026-10-02T01:01:04.695736+02:00
295896162,de:11000:900143001:1:51,-0.7,2026-10-02T01:01:04.695736+02:00
295896162,de:11000:900135001:1:50,-0.4,2026-10-02T01:01:04.695736+02:00
295903028,de:11000:900142001:1:51,0.0,2026-10-02T01:01:04.695736+02:00
295903028,de:11000:900130001:1:51,-0.2,2026-10-02T01:01:04.695736+02:00
295903028,de:11000:900130002:1:51,-0.7,2026-10-02T01:01:04.695736+02:00
295903028,de:11000:900110011:1:51,-0.2,2026-10-02T01:01:04.695736+02:00
295903028,de:11000:900007102:1:50,-0.7,2026-10-02T01:01:04.695736+02:00
295903028,de:11000:900008101:1:50,-0.4,2026-10-02T01:01:04.695736+02:00
295903028,de:11000:900007104:1:51,-0.2,2026-10-02T01:01:04.695736+02:00
295903028,de:11000:900100007:1:50,-0.2,2026-10-02T01:01:04.695736+02:00
295903028,de:11000:900100001:4:56,0.0,2026-10-02T01:01:04.695736+02:00
295903028,de:11000:900100025:1:50,-0.9,2026-10-02T01:01:04.695736+02:00
295903028,de:11000:900100020:3:54,-0.9,2026-10-02T01:01:04.695736+02:00
295903028,de:11000:900012101:1:51,0.0,2026-10-02T01:01:04.695736+02:00
295903028,de:11000:900058103:1:50,-0.7,2026-10-02T01:01:04.695736+02:00
295903028,de:11000:900058101:1:50,-0.3,2026-10-02T01:01:04.695736+02:00
295903028,de:11000:900058102:1:52,0.0,2026-10-02T01:01:04.695736+02:00
295903028,de:11000:900063452:1:50,-0.1,2026-10-02T01:01:04.695736+02:00
295903028,de:11000:900067221:1:50,-0.2,2026-10-02T01:01:04.695736+02:00
295903028,de:11000:900064301:3:52,-0.2,2026-10-02T01:01:04.695736+02:00
295903028,de:11000:900064256:1:50,-0.7,2026-10-02T01:01:04.695736+02:00
295903028,de:11000:900064201:1:50,-0.6,2026-10-02T01:01:04.695736+02:00
295903028,de:12069:900220114:1:50,-0.9,2026-10-02T01:01:04.695736+02:00
295903142,de:12069:900220114:1:50,0.0,2026-10-02T01:01:04.695736+02:00
295903142,de:11000:900064201:1:51,-0.1,2026-10-02T01:01:04.695736+02:00
295903142,de:11000:900064256:1:51,0.0,2026-10-02T01:01:04.695736+02:00
295903142,de:11000:900064301:3:53,-0.3,2026-10-02T01:01:04.695736+02:00
295903142,de:11000:900067221:1:50,-0.3,2026-10-02T01:01:04.695736+02:00
295903142,de:11000:900063452:1:51,-0.4,2026-10-02T01:01:04.695736+02:00
295903142,de:11000:900058102:2:53,-0.5,2026-10-02T01:01:04.695736+02:00
295903142,de:11000:900058101:1:51,-0.3,2026-10-02T01:01:04.695736+02:00
295903142,de:11000:900058103:1:51,0.0,2026-10-02T01:01:04.695736+02:00
295903142,de:11000:900012101:2:53,-0.7,2026-10-02T01:01:04.695736+02:00
295903142,de:11000:900100020:4:57,-0.8,2026-10-02T01:01:04.695736+02:00
295903142,de:11000:900100025:1:51,-0.9,2026-10-02T01:01:04.695736+02:00
295903142,de:11000:900100001:4:57,-0.6,2026-10-02T01:01:04.695736+02:00
295903142,de:11000:900100007:1:51,-0.7,2026-10-02T01:01:04.695736+02:00
295903142,de:11000:900007104:2:52,-0.7,2026-10-02T01:01:04.695736+02:00
295903142,de:11000:900008101:1:51,-0.4,2026-10-02T01:01:04.695736+02:00
295903142,de:11000:900007102:2:53,-0.2,2026-10-02T01:01:04.695736+02:00
295903142,de:11000:900110011:2:52,-0.4,2026-10-02T01:01:04.695736+02:00
295903142,de:11000:900130002:1:50,0.0,2026-10-02T01:01:04.695736+02:00
295903142,de:11000:900130001:1:50,-0.7,2026-10-02T01:01:04.695736+02:00
295903142,de:11000:900142001:1:50,-0.2,2026-10-02T01:01:04.695736+02:00
295903120,de:12069:900220114:1:50,0.0,2026-10-02T01:01:04.695736+02:00
295903120,de:11000:900064201:1:51,-0.1,2026-10-02T01:01:04.695736+02:00
295903120,de:11000:900064256:1:51,0.0,2026-10-02T01:01:04.695736+02:00
295903120,de:11000:900064301:3:53,-0.3,2026-10-02T01:01:04.695736+02:00
295903120,de:11000:900067221:1:50,-0.3,2026-10-02T01:01:04.695736+02:00
295903120,de:11000:900063452:1:51,-0.4,2026-10-02T01:01:04.695736+02:00
295903120,de:11000:900058102:2:53,-0.5,2026-10-02T01:01:04.695736+02:00
295903120,de:11000:900058101:1:51,-0.3,2026-10-02T01:01:04.695736+02:00
295903120,de:11000:900058103:1:51,0.0,2026-10-02T01:01:04.695736+02:00
295903120,de:11000:900012101:2:53,-0.7,2026-10-02T01:01:04.695736+02:00
295903120,de:11000:900100020:4:57,-0.8,2026-10-02T01:01:04.695736+02:00
295903120,de:11000:900100025:1:51,-0.9,2026-10-02T01:01:04.695736+02:00
295903120,de:11000:900100001:4:57,-0.6,2026-10-02T01:01:04.695736+02:00
295903120,de:11000:900100007:1:51,-0.7,2026-10-02T01:01:04.695736+02:00
295903120,de:11000:900007104:2:52,-0.7,2026-10-02T01:01:04.695736+02:00
295903120,de:11000:900008101:1:51,-0.4,2026-10-02T01:01:04.695736+02:00
295903120,de:11000:900007102:2:53,-0.2,2026-10-02T01:01:04.695736+02:00
295903120,de:11000:900110011:2:52,-0.4,2026-10-02T01:01:04.695736+02:00
295903120,de:11000:900130002:1:50,0.0,2026-10-02T01:01:04.695736+02:00
295903120,de:11000:900130001:1:50,-0.7,2026-10-02T01:01:04.695736+02:00
295903120,de:11000:900142001:1:50,-0.2,2026-10-02T01:01:04.695736+02:00
306895396,de:12067:900310613::1,0.0,2026-10-02T01:01:04.695736+02:00
306895396,de:12067:900311076::2,0.0,2026-10-02T01:01:04.695736+02:00
306895396,de:12067:900311009::1,0.0,2026-10-02T01:01:04.695736+02:00
306895396,de:12067:900311079::1,0.0,2026-10-02T01:01:04.695736+02:00
306895396,de:12067:900310731::1,0.0,2026-10-02T01:01:04.695736+02:00
306895396,de:12067:900310700::1,0.0,2026-10-02T01:01:04.695736+02:00
306895396,de:12067:900310701::1,0.0,2026-10-02T01:01:04.695736+02:00
306895396,de:12067:900310981::1,0.0,2026-10-02T01:01:04.695736+02:00
306895396,de:12067:900310832::1,0.0,2026-10-02T01:01:04.695736+02:00
306895396,de:12067:900311098::1,0.0,2026-10-02T01:01:04.695736+02:00
306895396,de:12067:900310826::2,0.0,2026-10-02T01:01:04.695736+02:00
306895396,de:12067:900311065::1,0.0,2026-10-02T01:01:04.695736+02:00
306895396,de:12067:900311064::2,0.0,2026-10-02T01:01:04.695736+02:00
306895396,de:12067:900310902::2,0.0,2026-10-02T01:01:04.695736+02:00
306895396,de:12067:900310942::2,0.0,2026-10-02T01:01:04.695736+02:00
306895396,de:12067:900310721::1,0.0,2026-10-02T01:01:04.695736+02:00
306895396,de:12067:900310755::2,0.0,2026-10-02T01:01:04.695736+02:00
306895396,de:12067:900310728::2,0.0,2026-10-02T01:01:04.695736+02:00
306895396,de:12067:900311129::6,0.0,2026-10-02T01:01:04.695736+02:00
295906937,de:11000:900029101:1:50,0.0,2026-10-02T01:01:04.695736+02:00
295906937,de:11000:900030202:1:50,-0.3,2026-10-02T01:01:04.695736+02:00
295906937,de:11000:900025424:1:51,-0.2,2026-10-02T01:01:04.695736+02:00
295906937,de:11000:900025321:1:51,-0.2,2026-10-02T01:01:04.695736+02:00
295906937,de:11000:900026105:1:50,-0.4,2026-10-02T01:01:04.695736+02:00
295906937,de:11000:900025423:1:50,-0.7,2026-10-02T01:01:04.695736+02:00
295906937,de:11000:900024102:2:53,-0.7,2026-10-02T01:01:04.695736+02:00
295906937,de:11000:900024101:3:55,-0.3,2026-10-02T01:01:04.695736+02:00
295906937,de:11000:900024203:1:51,-0.8,2026-10-02T01:01:04.695736+02:00
295906937,de:11000:900023201:3:54,-0.7,2026-10-02T01:01:04.695736+02:00
295906937,de:11000:900003103:1:50,-0.8,2026-10-02T01:01:04.695736+02:00
295906937,de:11000:900003102:1:50,-0.9,2026-10-02T01:01:04.695736+02:00
295906937,de:11000:900003201:3:54,-0.5,2026-10-02T01:01:04.695736+02:00
295906937,de:11000:900100001:3:54,-0.1,2026-10-02T01:01:04.695736+02:00
295906937,de:11000:900100002:1:50,-0.4,2026-10-02T01:01:04.695736+02:00
295906937,de:11000:900100003:2:52,-0.1,2026-10-02T01:01:04.695736+02:00
295906937,de:11000:900100004:1:50,-0.4,2026-10-02T01:01:04.695736+02:00
295906937,de:11000:900120005:4:55,-0.6,2026-10-02T01:01:04.695736+02:00
295906937,de:11000:900120004:1:50,-0.1,2026-10-02T01:01:04.695736+02:00
295906937,de:11000:900120003:2:53,-0.4,2026-10-02T01:01:04.695736+02:00
295906937,de:11000:900160001:1:51,-0.4,2026-10-02T01:01:04.695736+02:00
295906937,de:11000:900160002:1:50,-0.7,2026-10-02T01:01:04.695736+02:00
295906937,de:11000:900162001:1:51,-0.3,2026-10-02T01:01:04.695736+02:00
295906937,de:11000:900180002:1:51,-0.3,2026-10-02T01:01:04.695736+02:00
295906937,de:11000:900180001:1:50,-0.7,2026-10-02T01:01:04.695736+02:00
295906937,de:11000:900182001:1:51,-0.2,2026-10-02T01:01:04.695736+02:00
295906937,de:11000:900182002:1:51,-0.4,2026-10-02T01:01:04.695736+02:00
295906937,de:11000:900183001:1:51,0.0,2026-10-02T01:01:04.695736+02:00
295906937,de:11000:900183002:1:51,-0.3,2026-10-02T01:01:04.695736+02:00
295906937,de:12067:900310004:3:53,-0.5,2026-10-02T01:01:04.695736+02:00
295906933,de:11000:900029101:1:50,0.0,2026-10-02T01:01:04.695736+02:00
295906933,de:11000:900030202:1:50,-0.3,2026-10-02T01:01:04.695736+02:00
295906933,de:11000:900025424:1:51,-0.2,2026-10-02T01:01:04.695736+02:00
295906933,de:11000:900025321:1:51,-0.2,2026-10-02T01:01:04.695736+02:00
295906933,de:11000:900026105:1:50,-0.4,2026-10-02T01:01:04.695736+02:00
295906933,de:11000:900025423:1:50,-0.7,2026-10-02T01:01:04.695736+02:00
295906933,de:11000:900024102:2:53,-0.7,2026-10-02T01:01:04.695736+02:00
295906933,de:11000:900024101:3:55,-0.3,2026-10-02T01:01:04.695736+02:00
295906933,de:11000:900024203:1:51,-0.8,2026-10-02T01:01:04.695736+02:00
295906933,de:11000:900023201:3:54,-0.7,2026-10-02T01:01:04.695736+02:00
295906933,de:11000:900003103:1:50,-0.8,2026-10-02T01:01:04.695736+02:00
295906933,de:11000:900003102:1:50,-0.9,2026-10-02T01:01:04.695736+02:00
295906933,de:11000:900003201:3:54,-0.5,2026-10-02T01:01:04.695736+02:00
295906933,de:11000:900100001:3:54,-0.1,2026-10-02T01:01:04.695736+02:00
295906933,de:11000:900100002:1:50,-0.4,2026-10-02T01:01:04.695736+02:00
295906933,de:11000:900100003:2:52,-0.1,2026-10-02T01:01:04.695736+02:00
295906933,de:11000:900100004:1:50,-0.4,2026-10-02T01:01:04.695736+02:00
295906933,de:11000:900120005:4:55,-0.6,2026-10-02T01:01:04.695736+02:00
295906933,de:11000:900120004:1:50,-0.1,2026-10-02T01:01:04.695736+02:00
295906933,de:11000:900120003:2:53,-0.4,2026-10-02T01:01:04.695736+02:00
295906933,de:11000:900160001:1:51,-0.4,2026-10-02T01:01:04.695736+02:00
295906933,de:11000:900160002:1:50,-0.7,2026-10-02T01:01:04.695736+02:00
295906933,de:11000:900162001:1:51,-0.3,2026-10-02T01:01:04.695736+02:00
295906933,de:11000:900180002:1:51,-0.3,2026-10-02T01:01:04.695736+02:00
295906933,de:11000:900180001:1:50,-0.7,2026-10-02T01:01:04.695736+02:00
295906933,de:11000:900182001:1:51,-0.2,2026-10-02T01:01:04.695736+02:00
295906933,de:11000:900182002:1:51,-0.4,2026-10-02T01:01:04.695736+02:00
295906933,de:11000:900183001:1:51,0.0,2026-10-02T01:01:04.695736+02:00
295906933,de:11000:900183002:1:51,-0.3,2026-10-02T01:01:04.695736+02:00
295906933,de:12067:900310004:3:53,-0.5,2026-10-02T01:01:04.695736+02:00
295906932,de:11000:900029101:1:50,0.0,2026-10-02T01:01:04.695736+02:00
295906932,de:11000:900030202:1:50,-0.3,2026-10-02T01:01:04.695736+02:00
295906932,de:11000:900025424:1:51,-0.2,2026-10-02T01:01:04.695736+02:00
295906932,de:11000:900025321:1:51,-0.2,2026-10-02T01:01:04.695736+02:00
295906932,de:11000:900026105:1:50,-0.4,2026-10-02T01:01:04.695736+02:00
295906932,de:11000:900025423:1:50,-0.7,2026-10-02T01:01:04.695736+02:00
295906932,de:11000:900024102:2:53,-0.7,2026-10-02T01:01:04.695736+02:00
295906932,de:11000:900024101:3:55,-0.3,2026-10-02T01:01:04.695736+02:00
295906932,de:11000:900024203:1:51,-0.8,2026-10-02T01:01:04.695736+02:00
295906932,de:11000:900023201:3:54,-0.7,2026-10-02T01:01:04.695736+02:00
295906932,de:11000:900003103:1:50,-0.8,2026-10-02T01:01:04.695736+02:00
295906932,de:11000:900003102:1:50,-0.9,2026-10-02T01:01:04.695736+02:00
295906932,de:11000:900003201:3:54,-0.5,2026-10-02T01:01:04.695736+02:00
295906932,de:11000:900100001:3:54,-0.1,2026-10-02T01:01:04.695736+02:00
295906932,de:11000:900100002:1:50,-0.4,2026-10-02T01:01:04.695736+02:00
295906932,de:11000:900100003:2:52,-0.1,2026-10-02T01:01:04.695736+02:00
295906932,de:11000:900100004:1:50,-0.4,2026-10-02T01:01:04.695736+02:00
295906932,de:11000:900120005:4:55,-0.6,2026-10-02T01:01:04.695736+02:00
295906932,de:11000:900120004:1:50,-0.1,2026-10-02T01:01:04.695736+02:00
295906932,de:11000:900120003:2:53,-0.4,2026-10-02T01:01:04.695736+02:00
295906932,de:11000:900160001:1:51,-0.4,2026-10-02T01:01:04.695736+02:00
295906932,de:11000:900160002:1:50,-0.7,2026-10-02T01:01:04.695736+02:00
295906932,de:11000:900162001:1:51,-0.3,2026-10-02T01:01:04.695736+02:00
295906932,de:11000:900180002:1:51,-0.3,2026-10-02T01:01:04.695736+02:00
295906932,de:11000:900180001:1:50,-0.7,2026-10-02T01:01:04.695736+02:00
295906932,de:11000:900182001:1:51,-0.2,2026-10-02T01:01:04.695736+02:00
295906932,de:11000:900182002:1:51,-0.4,2026-10-02T01:01:04.695736+02:00
295906932,de:11000:900183001:1:51,0.0,2026-10-02T01:01:04.695736+02:00
295906932,de:11000:900183002:1:51,-0.3,2026-10-02T01:01:04.695736+02:00
295906932,de:12067:900310004:3:53,-0.5,2026-10-02T01:01:04.695736+02:00
307435104,de:12063:900210005:1:50,0.0,2026-10-02T01:01:04.695736+02:00
307435104,de:12063:900210326:2:51,0.0,2026-10-02T01:01:04.695736+02:00
307435104,de:12063:900210011:2:51,0.0,2026-10-02T01:01:04.695736+02:00
307435104,de:12063:900210010:2:51,0.0,2026-10-02T01:01:04.695736+02:00
307435104,de:12063:900210180:2:51,0.0,2026-10-02T01:01:04.695736+02:00
307435104,de:11000:900037168:2:51,0.0,2026-10-02T01:01:04.695736+02:00
307435104,de:11000:900029101:3:54,0.0,2026-10-02T01:01:04.695736+02:00
307435104,de:11000:900007102:4:57,0.0,2026-10-02T01:01:04.695736+02:00
307435104,de:11000:900120003:4:56,0.0,2026-10-02T01:01:04.695736+02:00
307435104,de:11000:900192001:1:50,0.0,2026-10-02T01:01:04.695736+02:00
295907195,de:12067:900310004:3:52,0.0,2026-10-02T01:01:04.695736+02:00
295907195,de:11000:900183002:1:50,-0.1,2026-10-02T01:01:04.695736+02:00
295907195,de:11000:900183001:1:50,-0.4,2026-10-02T01:01:04.695736+02:00
295907195,de:11000:900182002:1:50,0.0,2026-10-02T01:01:04.695736+02:00
295907195,de:11000:900182001:1:50,-0.2,2026-10-02T01:01:04.695736+02:00
295907195,de:11000:900180001:1:50,-0.7,2026-10-02T01:01:04.695736+02:00
295907195,de:11000:900180002:1:50,-0.7,2026-10-02T01:01:04.695736+02:00
295907195,de:11000:900162001:1:50,-0.9,2026-10-02T01:01:04.695736+02:00
295907195,de:11000:900160002:1:50,0.0,2026-10-02T01:01:04.695736+02:00
295907195,de:11000:900160001:1:50,-0.3,2026-10-02T01:01:04.695736+02:00
295907195,de:11000:900120003:3:55,-0.1,2026-10-02T01:01:04.695736+02:00
295907195,de:11000:900120004:2:53,-0.6,2026-10-02T01:01:04.695736+02:00
295907195,de:11000:900120005:5:58,-0.9,2026-10-02T01:01:04.695736+02:00
295907195,de:11000:900100004:1:51,-0.4,2026-10-02T01:01:04.695736+02:00
295907195,de:11000:900100003:2:53,-0.4,2026-10-02T01:01:04.695736+02:00
295907195,de:11000:900100002:1:51,-0.4,2026-10-02T01:01:04.695736+02:00
295907195,de:11000:900100001:3:55,-0.4,2026-10-02T01:01:04.695736+02:00
295907195,de:11000:900003201:3:55,-0.1,2026-10-02T01:01:04.695736+02:00
295907195,de:11000:900003102:1:51,-0.8,2026-10-02T01:01:04.695736+02:00
295907195,de:11000:900003103:1:51,-0.9,2026-10-02T01:01:04.695736+02:00
295907195,de:11000:900023201:3:55,-0.8,2026-10-02T01:01:04.695736+02:00
295907195,de:11000:900024203:1:51,-0.8,2026-10-02T01:01:04.695736+02:00
295907195,de:11000:900024101:4:57,-0.8,2026-10-02T01:01:04.695736+02:00
295907195,de:11000:900024102:1:50,-0.1,2026-10-02T01:01:04.695736+02:00
295907195,de:11000:900025423:1:50,-0.4,2026-10-02T01:01:04.695736+02:00
295907195,de:11000:900026105:1:50,-0.7,2026-10-02T01:01:04.695736+02:00
295907195,de:11000:900025321:1:50,-0.3,2026-10-02T01:01:04.695736+02:00
295907195,de:11000:900025424:1:50,-0.3,2026-10-02T01:01:04.695736+02:00
295907195,de:11000:900030202:1:50,-0.9,2026-10-02T01:01:04.695736+02:00
295907195,de:11000:900029101:1:50,-0.9,2026-10-02T01:01:04.695736+02:00
307435087,de:12063:900210005:1:50,0.0,2026-10-02T01:01:04.695736+02:00
307435087,de:12063:900210326:2:51,0.0,2026-10-02T01:01:04.695736+02:00
307435087,de:12063:900210011:2:51,0.0,2026-10-02T01:01:04.695736+02:00
307435087,de:12063:900210010:2:51,0.0,2026-10-02T01:01:04.695736+02:00
307435087,de:12063:900210180:2:51,0.0,2026-10-02T01:01:04.695736+02:00
307435087,de:11000:900037168:2:51,0.0,2026-10-02T01:01:04.695736+02:00
307435087,de:11000:900029101:3:54,0.0,2026-10-02T01:01:04.695736+02:00
307435087,de:11000:900007102:5:59,0.0,2026-10-02T01:01:04.695736+02:00
307435087,de:11000:900120003:4:56,0.0,2026-10-02T01:01:04.695736+02:00
307435087,de:11000:900192001:1:50,0.0,2026-10-02T01:01:04.695736+02:00
307434401,de:11000:900192001:1:50,0.0,2026-10-02T01:01:04.695736+02:00
307434401,de:11000:900120003:4:57,0.0,2026-10-02T01:01:04.695736+02:00
307434401,de:11000:900007102:4:56,0.0,2026-10-02T01:01:04.695736+02:00
307434401,de:11000:900020201:1:51,0.0,2026-10-02T01:01:04.695736+02:00
307434401,de:11000:900029101:2:52,0.0,2026-10-02T01:01:04.695736+02:00
307434401,de:11000:900037168:1:50,0.0,2026-10-02T01:01:04.695736+02:00
307434401,de:12063:900210180:1:50,0.0,2026-10-02T01:01:04.695736+02:00
307434401,de:12063:900210010:1:50,0.0,2026-10-02T01:01:04.695736+02:00
307434401,de:12063:900210011:1:50,0.0,2026-10-02T01:01:04.695736+02:00
307434401,de:12063:900210326:1:50,0.0,2026-10-02T01:01:04.695736+02:00
307434401,de:12063:900210005:1:50,0.0,2026-10-02T01:01:04.695736+02:00
306897192,de:12067:900311565::2,0.0,2026-10-02T01:01:04.695736+02:00
306897192,de:12067:900311224::2,0.0,2026-10-02T01:01:04.695736+02:00
306897192,de:12067:900311226::2,0.0,2026-10-02T01:01:04.695736+02:00
306897192,de:12067:900311568::1,0.0,2026-10-02T01:01:04.695736+02:00
306897192,de:12067:900311563::1,0.0,2026-10-02T01:01:04.695736+02:00
306897192,de:12067:900311512::2,0.0,2026-10-02T01:01:04.695736+02:00
306897192,de:12067:900311510::2,0.0,2026-10-02T01:01:04.695736+02:00
306897192,de:12067:900311513::2,0.0,2026-10-02T01:01:04.695736+02:00
306897192,de:12067:900311513::1,0.0,2026-10-02T01:01:04.695736+02:00
306897192,de:12067:900311511::2,0.0,2026-10-02T01:01:04.695736+02:00
306897192,de:12067:900310601::2,0.0,2026-10-02T01:01:04.695736+02:00
306897192,de:12067:900311460::1,0.0,2026-10-02T01:01:04.695736+02:00
306897192,de:12067:900311364::2,0.0,2026-10-02T01:01:04.695736+02:00
306897192,de:12067:900311371::2,0.0,2026-10-02T01:01:04.695736+02:00
306897192,de:12067:900311336::1,0.0,2026-10-02T01:01:04.695736+02:00
306897192,de:12067:900311352::1,0.0,2026-10-02T01:01:04.695736+02:00
306897192,de:12067:900311354::1,0.0,2026-10-02T01:01:04.695736+02:00
306897192,de:12067:900311320::2,0.0,2026-10-02T01:01:04.695736+02:00
306897192,de:12067:900311305::2,0.0,2026-10-02T01:01:04.695736+02:00
306897192,de:12067:900311383::1,0.0,2026-10-02T01:01:04.695736+02:00
306897192,de:12067:900311315::2,0.0,2026-10-02T01:01:04.695736+02:00
306897192,de:12067:900311348::2,0.0,2026-10-02T01:01:04.695736+02:00
306897192,de:12067:900311308::4,0.0,2026-10-02T01:01:04.695736+02:00
306897270,de:12067:900311308::5,0.0,2026-10-02T01:01:04.695736+02:00
306897270,de:12067:900311380::1,0.0,2026-10-02T01:01:04.695736+02:00
306897270,de:12067:900311348::1,0.0,2026-10-02T01:01:04.695736+02:00
306897270,de:12067:900311315::1,0.0,2026-10-02T01:01:04.695736+02:00
306897270,de:12067:900311383::2,0.0,2026-10-02T01:01:04.695736+02:00
306897270,de:12067:900311305::1,0.0,2026-10-02T01:01:04.695736+02:00
306897270,de:12067:900311320::1,0.0,2026-10-02T01:01:04.695736+02:00
306897270,de:12067:900311357::1,0.0,2026-10-02T01:01:04.695736+02:00
306897270,de:12067:900311402::2,0.0,2026-10-02T01:01:04.695736+02:00
306897270,de:12067:900311405::1,0.0,2026-10-02T01:01:04.695736+02:00
306897270,de:12067:900311405::1,-8.0,2026-10-02T01:01:04.695736+02:00
306897270,de:12067:900311443::1,0.0,2026-10-02T01:01:04.695736+02:00
306897270,de:12067:900311405::1,8.0,2026-10-02T01:01:04.695736+02:00
306897270,de:12067:900311405::1,0.0,2026-10-02T01:01:04.695736+02:00
306897270,de:12067:900311227::2,0.0,2026-10-02T01:01:04.695736+02:00
306897270,de:12067:900311229::1,0.0,2026-10-02T01:01:04.695736+02:00
306897270,de:12067:900311239::1,0.0,2026-10-02T01:01:04.695736+02:00
306897270,de:12067:900311228::1,0.0,2026-10-02T01:01:04.695736+02:00
306897270,de:12067:900311269::1,0.0,2026-10-02T01:01:04.695736+02:00
306897270,de:12067:900310858::1,0.0,2026-10-02T01:01:04.695736+02:00
306897270,de:12067:900310060::2,0.0,2026-10-02T01:01:04.695736+02:00
306897270,de:12067:900310858::3,0.0,2026-10-02T01:01:04.695736+02:00
306897270,de:12067:900310935::1,0.0,2026-10-02T01:01:04.695736+02:00
306897270,de:12067:900311483::1,0.0,2026-10-02T01:01:04.695736+02:00
306897270,de:12067:900311480::1,0.0,2026-10-02T01:01:04.695736+02:00
306897270,de:12067:900311482::3,0.0,2026-10-02T01:01:04.695736+02:00
306896308,de:12067:900310888::2,0.0,2026-10-02T01:01:04.695736+02:00
306896308,de:12067:900310881::2,0.0,2026-10-02T01:01:04.695736+02:00
306896308,de:12067:900310885::1,0.0,2026-10-02T01:01:04.695736+02:00
306896308,de:12067:900310883::2,0.0,2026-10-02T01:01:04.695736+02:00
306896308,de:12067:900310920::2,0.0,2026-10-02T01:01:04.695736+02:00
306896308,de:12067:900310882::2,0.0,2026-10-02T01:01:04.695736+02:00
306896308,de:12067:900310889::2,0.0,2026-10-02T01:01:04.695736+02:00
306896308,de:12067:900310890::2,0.0,2026-10-02T01:01:04.695736+02:00
306896308,de:12067:900310847::2,0.0,2026-10-02T01:01:04.695736+02:00
306896308,de:12067:900310846::2,0.0,2026-10-02T01:01:04.695736+02:00
306896308,de:12067:900310854::2,0.0,2026-10-02T01:01:04.695736+02:00
306896308,de:12067:900310857::2,0.0,2026-10-02T01:01:04.695736+02:00
306896308,de:12067:900311970::1,0.0,2026-10-02T01:01:04.695736+02:00
306896308,de:12067:900310853::1,0.0,2026-10-02T01:01:04.695736+02:00
306896308,de:12067:900310845::1,0.0,2026-10-02T01:01:04.695736+02:00
306896308,de:12067:900310555::2,0.0,2026-10-02T01:01:04.695736+02:00
306896308,de:12067:900310557::2,0.0,2026-10-02T01:01:04.695736+02:00
306896308,de:12067:900310013::7,0.0,2026-10-02T01:01:04.695736+02:00
295911045,de:11000:900162001:1:50,0.0,2026-10-02T01:01:04.695736+02:00
295911045,de:11000:900160002:1:50,-0.7,2026-10-02T01:01:04.695736+02:00
295911045,de:11000:900160001:1:50,0.0,2026-10-02T01:01:04.695736+02:00
295911045,de:11000:900120003:3:55,-0.7,2026-10-02T01:01:04.695736+02:00
295911045,de:11000:900120004:2:53,0.0,2026-10-02T01:01:04.695736+02:00
295911045,de:11000:900120005:4:56,-0.2,2026-10-02T01:01:04.695736+02:00
307443257,de:12073:900341110:1:50,0.0,2026-10-02T01:01:04.695736+02:00
307443257,de:12073:900341111:1:50,0.0,2026-10-02T01:01:04.695736+02:00
307443257,de:12073:900340003:1:50,0.0,2026-10-02T01:01:04.695736+02:00
307443257,000300570037,0.0,2026-10-02T01:01:04.695736+02:00
307443257,de:12060:900350125:2:51,0.0,2026-10-02T01:01:04.695736+02:00
307443257,de:12060:900350124:2:51,0.0,2026-10-02T01:01:04.695736+02:00
307443257,de:12060:900350127:3:53,0.0,2026-10-02T01:01:04.695736+02:00
307443257,de:12060:900350160:2:52,0.0,2026-10-02T01:01:04.695736+02:00
307443257,de:11000:900007102:4:57,0.0,2026-10-02T01:01:04.695736+02:00
307443257,de:11000:900003200:1:51,0.0,2026-10-02T01:01:04.695736+02:00
307443257,de:11000:900100020:1:50,0.0,2026-10-02T01:01:04.695736+02:00
307443257,de:11000:900058101:2:53,0.0,2026-10-02T01:01:04.695736+02:00
307443257,de:11000:900064301:1:50,0.0,2026-10-02T01:01:04.695736+02:00
307443257,de:12069:900220001:1:50,0.0,2026-10-02T01:01:04.695736+02:00
307443257,de:12072:900245032:1:50,0.0,2026-10-02T01:01:04.695736+02:00
307443257,de:12072:900245030:1:50,0.0,2026-10-02T01:01:04.695736+02:00
307443257,de:12072:900245029:1:51,0.0,2026-10-02T01:01:04.695736+02:00
307443257,de:12072:900245014:1:50,0.0,2026-10-02T01:01:04.695736+02:00
307443257,de:12072:900245016:1:50,0.0,2026-10-02T01:01:04.695736+02:00
307443257,de:12072:900245002:2:51,0.0,2026-10-02T01:01:04.695736+02:00
307443257,de:12072:900245017:1:50,0.0,2026-10-02T01:01:04.695736+02:00
307443257,de:12072:900245018:2:51,0.0,2026-10-02T01:01:04.695736+02:00
307443257,de:15091:8013371,0.0,2026-10-02T01:01:04.695736+02:00
307443257,de:15091:8011290,0.0,2026-10-02T01:01:04.695736+02:00
307443257,de:15091:8013418,0.0,2026-10-02T01:01:04.695736+02:00
307443257,de:15091:8010222,0.0,2026-10-02T01:01:04.695736+02:00
295910959,de:11000:900120005:4:56,0.0,2026-10-02T01:01:04.695736+02:00
295910959,de:11000:900120004:1:50,-0.9,2026-10-02T01:01:04.695736+02:00
295910959,de:11000:900120003:2:53,-0.1,2026-10-02T01:01:04.695736+02:00
295910959,de:11000:900160001:1:51,-0.9,2026-10-02T01:01:04.695736+02:00
295910959,de:11000:900160002:1:50,-0.2,2026-10-02T01:01:04.695736+02:00
295910959,de:11000:900162001:1:51,-0.3,2026-10-02T01:01:04.695736+02:00
295910133,de:11000:900024101:3:55,0.0,2026-10-02T01:01:04.695736+02:00
295910133,de:11000:900024203:1:51,-0.3,2026-10-02T01:01:04.695736+02:00
295910133,de:11000:900023201:3:54,-0.2,2026-10-02T01:01:04.695736+02:00
295910133,de:11000:900003103:1:50,-0.3,2026-10-02T01:01:04.695736+02:00
295910133,de:11000:900003102:1:50,-0.4,2026-10-02T01:01:04.695736+02:00
295910133,de:11000:900003201:3:54,0.0,2026-10-02T01:01:04.695736+02:00
295910133,de:11000:900100001:3:54,-0.6,2026-10-02T01:01:04.695736+02:00
295910133,de:11000:900100002:1:50,-0.9,2026-10-02T01:01:04.695736+02:00
295910133,de:11000:900100003:2:52,-0.6,2026-10-02T01:01:04.695736+02:00
295910133,de:11000:900100004:1:50,-0.9,2026-10-02T01:01:04.695736+02:00
295910133,de:11000:900120005:4:55,-0.1,2026-10-02T01:01:04.695736+02:00
295910133,de:11000:900120004:1:50,-0.1,2026-10-02T01:01:04.695736+02:00
295910133,de:11000:900120003:2:53,-0.4,2026-10-02T01:01:04.695736+02:00
295910133,de:11000:900160001:1:51,-0.4,2026-10-02T01:01:04.695736+02:00
295910133,de:11000:900160002:1:50,-0.7,2026-10-02T01:01:04.695736+02:00
295910133,de:11000:900162001:1:51,-0.3,2026-10-02T01:01:04.695736+02:00
295910133,de:11000:900180002:1:51,-0.3,2026-10-02T01:01:04.695736+02:00
295910133,de:11000:900180001:1:50,-0.7,2026-10-02T01:01:04.695736+02:00
295910133,de:11000:900182001:1:51,-0.2,2026-10-02T01:01:04.695736+02:00
295910133,de:11000:900182002:1:51,-0.4,2026-10-02T01:01:04.695736+02:00
295910133,de:11000:900183001:1:51,0.0,2026-10-02T01:01:04.695736+02:00
295910133,de:11000:900183002:1:51,-0.3,2026-10-02T01:01:04.695736+02:00
295910133,de:12067:900310004:3:53,-0.5,2026-10-02T01:01:04.695736+02:00
295910348,de:12067:900310004:3:53,0.0,2026-10-02T01:01:04.695736+02:00
295910348,de:11000:900183002:1:50,-0.1,2026-10-02T01:01:04.695736+02:00
295910348,de:11000:900183001:1:50,-0.4,2026-10-02T01:01:04.695736+02:00
295910348,de:11000:900182002:1:50,0.0,2026-10-02T01:01:04.695736+02:00
295910348,de:11000:900182001:1:50,-0.2,2026-10-02T01:01:04.695736+02:00
295910348,de:11000:900180001:1:50,-0.7,2026-10-02T01:01:04.695736+02:00
295910348,de:11000:900180002:1:50,-0.7,2026-10-02T01:01:04.695736+02:00
295910348,de:11000:900162001:1:50,-0.9,2026-10-02T01:01:04.695736+02:00
295910348,de:11000:900160002:1:50,0.0,2026-10-02T01:01:04.695736+02:00
295910348,de:11000:900160001:1:50,-0.3,2026-10-02T01:01:04.695736+02:00
295910348,de:11000:900120003:3:55,-0.1,2026-10-02T01:01:04.695736+02:00
295910348,de:11000:900120004:2:53,-0.6,2026-10-02T01:01:04.695736+02:00
295910348,de:11000:900120005:5:58,-0.9,2026-10-02T01:01:04.695736+02:00
295910348,de:11000:900100004:1:51,-0.9,2026-10-02T01:01:04.695736+02:00
295910348,de:11000:900100003:2:53,-0.9,2026-10-02T01:01:04.695736+02:00
295910348,de:11000:900100002:1:51,-0.9,2026-10-02T01:01:04.695736+02:00
295910348,de:11000:900100001:3:55,-0.9,2026-10-02T01:01:04.695736+02:00
295910348,de:11000:900003201:3:55,-0.6,2026-10-02T01:01:04.695736+02:00
295910348,de:11000:900003102:1:51,-0.3,2026-10-02T01:01:04.695736+02:00
295910348,de:11000:900003103:1:51,-0.4,2026-10-02T01:01:04.695736+02:00
295910348,de:11000:900023201:3:55,-0.3,2026-10-02T01:01:04.695736+02:00
295910348,de:11000:900024203:1:51,-0.3,2026-10-02T01:01:04.695736+02:00
295910348,de:11000:900024101:4:56,-0.3,2026-10-02T01:01:04.695736+02:00
306896309,de:12067:900310888::2,0.0,2026-10-02T01:01:04.695736+02:00
306896309,de:12067:900310881::2,0.0,2026-10-02T01:01:04.695736+02:00
306896309,de:12067:900310885::1,0.0,2026-10-02T01:01:04.695736+02:00
306896309,de:12067:900310883::2,0.0,2026-10-02T01:01:04.695736+02:00
306896309,de:12067:900310920::2,0.0,2026-10-02T01:01:04.695736+02:00
306896309,de:12067:900310882::2,0.0,2026-10-02T01:01:04.695736+02:00
306896309,de:12067:900310889::2,0.0,2026-10-02T01:01:04.695736+02:00
306896309,de:12067:900310890::2,0.0,2026-10-02T01:01:04.695736+02:00
306896309,de:12067:900310847::2,0.0,2026-10-02T01:01:04.695736+02:00
306896309,de:12067:900310846::2,0.0,2026-10-02T01:01:04.695736+02:00
306896309,de:12067:900310854::2,0.0,2026-10-02T01:01:04.695736+02:00
306896309,de:12067:900310857::2,0.0,2026-10-02T01:01:04.695736+02:00
306896309,de:12067:900311970::1,0.0,2026-10-02T01:01:04.695736+02:00
306896309,de:12067:900310853::1,0.0,2026-10-02T01:01:04.695736+02:00
306896309,de:12067:900310845::1,0.0,2026-10-02T01:01:04.695736+02:00
306896309,de:12067:900310555::2,0.0,2026-10-02T01:01:04.695736+02:00
306896309,de:12067:900310557::2,0.0,2026-10-02T01:01:04.695736+02:00
306896309,de:12067:900310013::7,0.0,2026-10-02T01:01:04.695736+02:00
307280596,de:11000:900020202:1:51,0.0,2026-10-02T01:01:04.695736+02:00
307280596,de:11000:900001201:1:51,-0.2,2026-10-02T01:01:04.695736+02:00
307280596,de:11000:900009104:1:51,-0.8,2026-10-02T01:01:04.695736+02:00
307280596,de:11000:900007102:2:52,-0.9,2026-10-02T01:01:04.695736+02:00
307280596,de:11000:900110001:1:50,-0.6,2026-10-02T01:01:04.695736+02:00
307280596,de:11000:900110002:1:50,-0.4,2026-10-02T01:01:04.695736+02:00
307280596,de:11000:900110003:1:50,-0.4,2026-10-02T01:01:04.695736+02:00
307280596,de:11000:900110004:1:50,-0.8,2026-10-02T01:01:04.695736+02:00
307280596,de:11000:900110012:1:50,-0.7,2026-10-02T01:01:04.695736+02:00
307280596,de:11000:900120001:1:50,-0.7,2026-10-02T01:01:04.695736+02:00
307280596,de:11000:900120003:5:58,-0.1,2026-10-02T01:01:04.695736+02:00
307280596,de:11000:900190001:1:50,-0.4,2026-10-02T01:01:04.695736+02:00
307280596,de:11000:900077106:1:50,-0.4,2026-10-02T01:01:04.695736+02:00
307280596,de:11000:900078201:1:50,-0.3,2026-10-02T01:01:04.695736+02:00
307280596,de:11000:900079221:1:50,-0.2,2026-10-02T01:01:04.695736+02:00
307280596,de:11000:900068201:1:50,-0.8,2026-10-02T01:01:04.695736+02:00
307280596,de:11000:900058101:5:58,-0.1,2026-10-02T01:01:04.695736+02:00
307280596,de:11000:900054104:2:52,-0.2,2026-10-02T01:01:04.695736+02:00
307280596,de:11000:900054105:1:50,-0.9,2026-10-02T01:01:04.695736+02:00
307280596,de:11000:900044202:1:50,-0.7,2026-10-02T01:01:04.695736+02:00
307280596,de:11000:900045102:1:50,-0.7,2026-10-02T01:01:04.695736+02:00
307280596,de:11000:900044101:1:50,-0.8,2026-10-02T01:01:04.695736+02:00
307280596,de:11000:900040101:1:50,-0.8,2026-10-02T01:01:04.695736+02:00
307280471,de:11000:900020202:1:50,0.0,2026-10-02T01:01:04.695736+02:00
307280471,de:11000:900001201:1:50,-0.2,2026-10-02T01:01:04.695736+02:00
307280471,de:11000:900009104:1:50,-0.8,2026-10-02T01:01:04.695736+02:00
307280471,de:11000:900007102:2:52,-0.4,2026-10-02T01:01:04.695736+02:00
307280471,de:11000:900110001:1:50,-0.6,2026-10-02T01:01:04.695736+02:00
307280471,de:11000:900110002:1:50,-0.4,2026-10-02T01:01:04.695736+02:00
307280471,de:11000:900110003:1:50,-0.4,2026-10-02T01:01:04.695736+02:00
307280471,de:11000:900110004:1:50,-0.8,2026-10-02T01:01:04.695736+02:00
307280471,de:11000:900110012:1:50,-0.7,2026-10-02T01:01:04.695736+02:00
307280471,de:11000:900120001:1:50,-0.7,2026-10-02T01:01:04.695736+02:00
307280471,de:11000:900120003:5:58,-0.1,2026-10-02T01:01:04.695736+02:00
307280471,de:11000:900190001:1:50,-0.4,2026-10-02T01:01:04.695736+02:00
307280471,de:11000:900077106:1:50,-0.4,2026-10-02T01:01:04.695736+02:00
307280471,de:11000:900078201:1:50,-0.3,2026-10-02T01:01:04.695736+02:00
307280471,de:11000:900079221:1:50,-0.2,2026-10-02T01:01:04.695736+02:00
307280471,de:11000:900068201:1:50,-0.8,2026-10-02T01:01:04.695736+02:00
307280471,de:11000:900058101:5:58,-0.1,2026-10-02T01:01:04.695736+02:00
307280471,de:11000:900054104:2:52,-0.7,2026-10-02T01:01:04.695736+02:00
307280471,de:11000:900054105:1:50,-0.9,2026-10-02T01:01:04.695736+02:00
307280471,de:11000:900044202:1:50,-0.7,2026-10-02T01:01:04.695736+02:00
307280471,de:11000:900045102:1:50,-0.7,2026-10-02T01:01:04.695736+02:00
307280471,de:11000:900044101:1:50,-0.8,2026-10-02T01:01:04.695736+02:00
307280471,de:11000:900040101:1:50,-0.3,2026-10-02T01:01:04.695736+02:00
307280471,de:11000:900024101:3:54,-0.8,2026-10-02T01:01:04.695736+02:00
307283060,de:11000:900009104:1:51,0.0,2026-10-02T01:01:04.695736+02:00
307283060,de:11000:900007102:2:52,-0.9,2026-10-02T01:01:04.695736+02:00
307283060,de:11000:900110001:1:50,-0.6,2026-10-02T01:01:04.695736+02:00
307283060,de:11000:900110002:1:50,-0.4,2026-10-02T01:01:04.695736+02:00
307283060,de:11000:900110003:1:50,-0.4,2026-10-02T01:01:04.695736+02:00
307283060,de:11000:900110004:1:50,-0.8,2026-10-02T01:01:04.695736+02:00
307283060,de:11000:900110012:1:50,-0.7,2026-10-02T01:01:04.695736+02:00
307283060,de:11000:900120001:1:50,-0.7,2026-10-02T01:01:04.695736+02:00
307283060,de:11000:900120003:5:58,-0.1,2026-10-02T01:01:04.695736+02:00
307283060,de:11000:900190001:1:50,-0.4,2026-10-02T01:01:04.695736+02:00
307283060,de:11000:900077106:1:50,-0.4,2026-10-02T01:01:04.695736+02:00
307283060,de:11000:900078201:1:50,-0.3,2026-10-02T01:01:04.695736+02:00
307283060,de:11000:900079221:1:50,-0.2,2026-10-02T01:01:04.695736+02:00
306897224,de:12067:900311129::5,0.0,2026-10-02T01:01:04.695736+02:00
306897224,de:12067:900310755::1,0.0,2026-10-02T01:01:04.695736+02:00
306897224,de:12067:900310738::1,0.0,2026-10-02T01:01:04.695736+02:00
306897224,de:12067:900310725::1,0.0,2026-10-02T01:01:04.695736+02:00
306897224,de:12067:900310615::1,0.0,2026-10-02T01:01:04.695736+02:00
306897224,de:12067:900311126::1,0.0,2026-10-02T01:01:04.695736+02:00
306897224,de:12067:900311540::1,0.0,2026-10-02T01:01:04.695736+02:00
306897224,de:12067:900310933::1,0.0,2026-10-02T01:01:04.695736+02:00
306897224,de:12067:900310935::1,0.0,2026-10-02T01:01:04.695736+02:00
306897224,de:12067:900311483::1,0.0,2026-10-02T01:01:04.695736+02:00
306897224,de:12067:900311480::1,0.0,2026-10-02T01:01:04.695736+02:00
306897224,de:12067:900311482::2,0.0,2026-10-02T01:01:04.695736+02:00
306897224,de:12067:900311485::2,0.0,2026-10-02T01:01:04.695736+02:00
306897224,de:12053:900360062::1,0.0,2026-10-02T01:01:04.695736+02:00
306897224,de:12053:900360213::3,0.0,2026-10-02T01:01:04.695736+02:00
306897224,de:12053:900360078::2,0.0,2026-10-02T01:01:04.695736+02:00
306897224,de:12053:900360096::3,0.0,2026-10-02T01:01:04.695736+02:00
306897224,de:12053:900360083::1,0.0,2026-10-02T01:01:04.695736+02:00
306897224,de:12053:900360135::1,0.0,2026-10-02T01:01:04.695736+02:00
306897224,de:12053:900360041::3,0.0,2026-10-02T01:01:04.695736+02:00
306897224,de:12053:900360059::3,0.0,2026-10-02T01:01:04.695736+02:00
306897224,de:12053:900360021::3,0.0,2026-10-02T01:01:04.695736+02:00
306897224,de:12053:900360000::9,0.0,2026-10-02T01:01:04.695736+02:00
307289050,de:11000:900079221:1:51,0.0,2026-10-02T01:01:04.695736+02:00
307289050,de:11000:900078201:1:51,-0.1,2026-10-02T01:01:04.695736+02:00
307289050,de:11000:900077106:1:51,0.0,2026-10-02T01:01:04.695736+02:00
307289050,de:11000:900190001:2:52,-0.9,2026-10-02T01:01:04.695736+02:00
307289050,de:11000:900120003:5:59,-0.4,2026-10-02T01:01:04.695736+02:00
307289050,de:11000:900120001:1:51,0.0,2026-10-02T01:01:04.695736+02:00
307289050,de:11000:900110012:1:51,-0.2,2026-10-02T01:01:04.695736+02:00
307289050,de:11000:900110004:1:51,-0.1,2026-10-02T01:01:04.695736+02:00
307289050,de:11000:900110003:1:51,-0.4,2026-10-02T01:01:04.695736+02:00
307289050,de:11000:900110002:1:51,-0.4,2026-10-02T01:01:04.695736+02:00
307289050,de:11000:900110001:1:51,-0.1,2026-10-02T01:01:04.695736+02:00
307289050,de:11000:900007102:1:51,-0.6,2026-10-02T01:01:04.695736+02:00
307289050,de:11000:900009104:1:51,-0.3,2026-10-02T01:01:04.695736+02:00
306896823,de:12064:900320274::1,0.0,2026-10-02T01:01:04.695736+02:00
306896823,de:12064:900320278::2,0.0,2026-10-02T01:01:04.695736+02:00
306896823,de:12064:900320284::2,0.0,2026-10-02T01:01:04.695736+02:00
306896823,de:12064:900320886::2,0.0,2026-10-02T01:01:04.695736+02:00
306896823,de:12064:900320888::3,0.0,2026-10-02T01:01:04.695736+02:00
306896823,de:12067:900310894::2,0.0,2026-10-02T01:01:04.695736+02:00
306896823,de:12067:900310897::2,0.0,2026-10-02T01:01:04.695736+02:00
306896823,de:12067:900310896::2,0.0,2026-10-02T01:01:04.695736+02:00
306896823,de:12067:900310895::1,0.0,2026-10-02T01:01:04.695736+02:00
306896823,de:12067:900310002::2,0.0,2026-10-02T01:01:04.695736+02:00
306896823,de:12067:900310864::1,0.0,2026-10-02T01:01:04.695736+02:00
306896823,de:12067:900310861::1,0.0,2026-10-02T01:01:04.695736+02:00
306896823,de:12067:900311157::2,0.0,2026-10-02T01:01:04.695736+02:00
306896823,de:12067:900310860::2,0.0,2026-10-02T01:01:04.695736+02:00
306896823,de:12067:900311125::2,0.0,2026-10-02T01:01:04.695736+02:00
306896823,de:12067:900310936::2,0.0,2026-10-02T01:01:04.695736+02:00
306896823,de:12067:900310788::2,0.0,2026-10-02T01:01:04.695736+02:00
306896823,de:12067:900310696::2,0.0,2026-10-02T01:01:04.695736+02:00
306896823,de:12067:900310001::11,0.0,2026-10-02T01:01:04.695736+02:00
307292666,de:12061:900260001:2:52,0.0,2026-10-02T01:01:04.695736+02:00
307292666,de:12061:900260002:1:51,-0.8,2026-10-02T01:01:04.695736+02:00
307292666,de:12061:900260003:1:51,-0.7,2026-10-02T01:01:04.695736+02:00
307292666,de:12061:900260004:1:51,-0.9,2026-10-02T01:01:04.695736+02:00
307292666,de:11000:900186001:2:53,-0.2,2026-10-02T01:01:04.695736+02:00
307292666,de:11000:900193002:1:51,-0.2,2026-10-02T01:01:04.695736+02:00
307292666,de:11000:900193001:2:51,-0.8,2026-10-02T01:01:04.695736+02:00
307292666,de:11000:900192001:3:55,-0.7,2026-10-02T01:01:04.695736+02:00
307292666,de:11000:900191001:1:50,-0.4,2026-10-02T01:01:04.695736+02:00
307292666,de:11000:900077155:1:50,-0.9,2026-10-02T01:01:04.695736+02:00
307292666,de:11000:900078201:1:50,-0.4,2026-10-02T01:01:04.695736+02:00
307292666,de:11000:900079221:1:50,-0.2,2026-10-02T01:01:04.695736+02:00
307292666,de:11000:900068201:1:50,-0.8,2026-10-02T01:01:04.695736+02:00
307292666,de:11000:900058101:5:58,-0.1,2026-10-02T01:01:04.695736+02:00
307292666,de:11000:900054104:2:52,-0.2,2026-10-02T01:01:04.695736+02:00
307292666,de:11000:900054105:1:50,-0.9,2026-10-02T01:01:04.695736+02:00
307292666,de:11000:900044202:1:50,-0.7,2026-10-02T01:01:04.695736+02:00
307292661,de:12061:900260001:2:52,0.0,2026-10-02T01:01:04.695736+02:00
307292661,de:12061:900260002:1:51,-0.8,2026-10-02T01:01:04.695736+02:00
307292661,de:12061:900260003:1:51,-0.7,2026-10-02T01:01:04.695736+02:00
307292661,de:12061:900260004:1:51,-0.9,2026-10-02T01:01:04.695736+02:00
307292661,de:11000:900186001:2:53,-0.2,2026-10-02T01:01:04.695736+02:00
307292661,de:11000:900193002:1:51,-0.2,2026-10-02T01:01:04.695736+02:00
307292661,de:11000:900193001:2:51,-0.8,2026-10-02T01:01:04.695736+02:00
307292661,de:11000:900192001:3:55,-0.7,2026-10-02T01:01:04.695736+02:00
307292661,de:11000:900191001:1:50,-0.4,2026-10-02T01:01:04.695736+02:00
307292661,de:11000:900077155:1:50,-0.9,2026-10-02T01:01:04.695736+02:00
307292661,de:11000:900078201:1:50,-0.4,2026-10-02T01:01:04.695736+02:00
307292661,de:11000:900079221:1:50,-0.2,2026-10-02T01:01:04.695736+02:00
307292661,de:11000:900068201:1:50,-0.8,2026-10-02T01:01:04.695736+02:00
307292661,de:11000:900058101:5:58,-0.1,2026-10-02T01:01:04.695736+02:00
307292661,de:11000:900054104:2:52,-0.2,2026-10-02T01:01:04.695736+02:00
307292661,de:11000:900054105:1:50,-0.9,2026-10-02T01:01:04.695736+02:00
307292661,de:11000:900044202:1:50,-0.7,2026-10-02T01:01:04.695736+02:00
307292645,de:12061:900260001:2:52,0.0,2026-10-02T01:01:04.695736+02:00
307292645,de:12061:900260002:1:51,-0.8,2026-10-02T01:01:04.695736+02:00
307292645,de:12061:900260003:1:51,-0.7,2026-10-02T01:01:04.695736+02:00
307292645,de:12061:900260004:1:51,-0.9,2026-10-02T01:01:04.695736+02:00
307292645,de:11000:900186001:2:53,-0.2,2026-10-02T01:01:04.695736+02:00
307292645,de:11000:900193002:1:51,-0.2,2026-10-02T01:01:04.695736+02:00
307292645,de:11000:900193001:2:51,-0.8,2026-10-02T01:01:04.695736+02:00
307292645,de:11000:900192001:3:55,-0.7,2026-10-02T01:01:04.695736+02:00
307292645,de:11000:900191001:1:50,-0.4,2026-10-02T01:01:04.695736+02:00
307292645,de:11000:900077155:1:50,-0.9,2026-10-02T01:01:04.695736+02:00
307292645,de:11000:900078201:1:50,-0.4,2026-10-02T01:01:04.695736+02:00
307292645,de:11000:900079221:1:50,-0.2,2026-10-02T01:01:04.695736+02:00
307292645,de:11000:900068201:1:50,-0.8,2026-10-02T01:01:04.695736+02:00
307292645,de:11000:900058101:5:58,-0.1,2026-10-02T01:01:04.695736+02:00
307292645,de:11000:900054104:2:52,-0.2,2026-10-02T01:01:04.695736+02:00
307292645,de:11000:900054105:1:50,-0.9,2026-10-02T01:01:04.695736+02:00
307292645,de:11000:900044202:1:50,-0.7,2026-10-02T01:01:04.695736+02:00
295933059,de:11000:900192001:3:54,0.0,2026-10-02T01:01:04.695736+02:00
295933059,de:11000:900192002:1:50,-0.2,2026-10-02T01:01:04.695736+02:00
295933059,de:11000:900180003:1:50,-0.2,2026-10-02T01:01:04.695736+02:00
295933085,de:11000:900180003:1:50,0.0,2026-10-02T01:01:04.695736+02:00
295933085,de:11000:900192002:1:50,-0.4,2026-10-02T01:01:04.695736+02:00
295933085,de:11000:900192001:3:54,-0.2,2026-10-02T01:01:04.695736+02:00
295933085,de:11000:900191001:1:50,-0.9,2026-10-02T01:01:04.695736+02:00
295933085,de:11000:900077155:1:50,-0.4,2026-10-02T01:01:04.695736+02:00
295933085,de:11000:900078201:1:50,-0.9,2026-10-02T01:01:04.695736+02:00
295933085,de:11000:900079221:1:50,-0.7,2026-10-02T01:01:04.695736+02:00
295933085,de:11000:900068201:1:50,-0.3,2026-10-02T01:01:04.695736+02:00
295933085,de:11000:900058101:5:58,-0.6,2026-10-02T01:01:04.695736+02:00
295932957,de:11000:900058101:5:59,0.0,2026-10-02T01:01:04.695736+02:00
295932957,de:11000:900068201:1:51,-0.3,2026-10-02T01:01:04.695736+02:00
295932957,de:11000:900079221:1:51,-0.9,2026-10-02T01:01:04.695736+02:00
295932957,de:11000:900078201:1:51,-0.6,2026-10-02T01:01:04.695736+02:00
295932957,de:11000:900077155:1:51,-0.2,2026-10-02T01:01:04.695736+02:00
295932957,de:11000:900191001:2:51,-0.7,2026-10-02T01:01:04.695736+02:00
295932957,de:11000:900192001:2:53,-0.7,2026-10-02T01:01:04.695736+02:00
295932957,de:11000:900192002:1:50,-0.5,2026-10-02T01:01:04.695736+02:00
295932957,de:11000:900180003:1:50,-0.7,2026-10-02T01:01:04.695736+02:00
306897048,de:12067:900311482::1,0.0,2026-10-02T01:01:04.695736+02:00
306897048,de:12067:900311481::2,0.0,2026-10-02T01:01:04.695736+02:00
306897048,de:12067:900311440::1,0.0,2026-10-02T01:01:04.695736+02:00
306897048,de:12067:900311562::1,0.0,2026-10-02T01:01:04.695736+02:00
306897048,de:12067:900311610::1,0.0,2026-10-02T01:01:04.695736+02:00
306897048,de:12067:900311421::1,0.0,2026-10-02T01:01:04.695736+02:00
306897048,de:12067:900311420::1,0.0,2026-10-02T01:01:04.695736+02:00
306897048,de:12067:900311422::1,0.0,2026-10-02T01:01:04.695736+02:00
306897048,de:12067:900311423::1,0.0,2026-10-02T01:01:04.695736+02:00
306897048,de:12067:900311424::1,0.0,2026-10-02T01:01:04.695736+02:00
306897048,de:12067:900311237::2,0.0,2026-10-02T01:01:04.695736+02:00
306897048,de:12067:900311232::2,0.0,2026-10-02T01:01:04.695736+02:00
306897048,de:12067:900311236::1,0.0,2026-10-02T01:01:04.695736+02:00
306897048,de:12067:900311234::1,0.0,2026-10-02T01:01:04.695736+02:00
306897048,de:12067:900311238::1,0.0,2026-10-02T01:01:04.695736+02:00
306897048,de:12067:900311235::2,0.0,2026-10-02T01:01:04.695736+02:00
306897048,de:12053:900360092::2,0.0,2026-10-02T01:01:04.695736+02:00
306897048,de:12053:900360093::1,0.0,2026-10-02T01:01:04.695736+02:00
306897102,de:12067:900310834::1,0.0,2026-10-02T01:01:04.695736+02:00
306897102,de:12067:900310638::1,0.0,2026-10-02T01:01:04.695736+02:00
306897102,de:12067:900310988::1,0.0,2026-10-02T01:01:04.695736+02:00
306897102,de:12067:900310958::2,0.0,2026-10-02T01:01:04.695736+02:00
306897102,de:12067:900310957::2,0.0,2026-10-02T01:01:04.695736+02:00
306897102,de:12067:900311223::2,0.0,2026-10-02T01:01:04.695736+02:00
306897102,de:12067:900311222::2,0.0,2026-10-02T01:01:04.695736+02:00
306897102,de:12067:900311482::1,0.0,2026-10-02T01:01:04.695736+02:00
306897102,de:12067:900311484::2,0.0,2026-10-02T01:01:04.695736+02:00
306897102,de:12067:900311270::1,0.0,2026-10-02T01:01:04.695736+02:00
306897102,de:12067:900310009::1,0.0,2026-10-02T01:01:04.695736+02:00
306895410,de:12067:900311129::3,0.0,2026-10-02T01:01:04.695736+02:00
306895410,de:12067:900310755::2,0.0,2026-10-02T01:01:04.695736+02:00
306895410,de:12067:900310728::2,0.0,2026-10-02T01:01:04.695736+02:00
306895410,de:12067:900310727::2,0.0,2026-10-02T01:01:04.695736+02:00
306895410,de:12067:900310942::1,0.0,2026-10-02T01:01:04.695736+02:00
306895410,de:12067:900310902::1,0.0,2026-10-02T01:01:04.695736+02:00
306895410,de:12067:900311064::1,0.0,2026-10-02T01:01:04.695736+02:00
306895410,de:12067:900311065::1,0.0,2026-10-02T01:01:04.695736+02:00
306895410,de:12067:900310826::1,0.0,2026-10-02T01:01:04.695736+02:00
306895410,de:12067:900311098::1,0.0,2026-10-02T01:01:04.695736+02:00
306895410,de:12067:900310832::1,0.0,2026-10-02T01:01:04.695736+02:00
306895410,de:12067:900310981::1,0.0,2026-10-02T01:01:04.695736+02:00
306895410,de:12067:900310701::2,0.0,2026-10-02T01:01:04.695736+02:00
306895410,de:12067:900310700::1,0.0,2026-10-02T01:01:04.695736+02:00
306895410,de:12067:900310731::2,0.0,2026-10-02T01:01:04.695736+02:00
306895410,de:12067:900311079::2,0.0,2026-10-02T01:01:04.695736+02:00
306895410,de:12067:900311009::1,0.0,2026-10-02T01:01:04.695736+02:00
306895410,de:12067:900311076::1,0.0,2026-10-02T01:01:04.695736+02:00
306895410,de:12067:900310613::1,0.0,2026-10-02T01:01:04.695736+02:00
306895350,de:12067:900311056::1,0.0,2026-10-02T01:01:04.695736+02:00
306895350,de:12067:900311110::4,0.0,2026-10-02T01:01:04.695736+02:00
306895350,de:12067:900311055::1,0.0,2026-10-02T01:01:04.695736+02:00
306895350,de:12067:900311054::1,0.0,2026-10-02T01:01:04.695736+02:00
295936896,de:11000:900120005:4:56,0.0,2026-10-02T01:01:04.695736+02:00
295936896,de:11000:900120004:1:50,-0.1,2026-10-02T01:01:04.695736+02:00
295936896,de:11000:900120003:2:53,-0.4,2026-10-02T01:01:04.695736+02:00
295936896,de:11000:900160003:1:50,-0.7,2026-10-02T01:01:04.695736+02:00
295936896,de:11000:900160004:1:50,-0.7,2026-10-02T01:01:04.695736+02:00
295936896,de:11000:900171002:1:50,-0.2,2026-10-02T01:01:04.695736+02:00
295936896,de:11000:900171001:2:51,-0.3,2026-10-02T01:01:04.695736+02:00
295936896,de:11000:900175001:2:51,-0.5,2026-10-02T01:01:04.695736+02:00
295936896,de:11000:900175002:1:51,0.0,2026-10-02T01:01:04.695736+02:00
295936896,de:11000:900176001:2:52,-0.3,2026-10-02T01:01:04.695736+02:00
295936896,de:12064:900320026:1:51,-0.1,2026-10-02T01:01:04.695736+02:00
295936896,de:12064:900320008:1:50,-0.7,2026-10-02T01:01:04.695736+02:00
295936896,de:12064:900320007:1:50,-0.4,2026-10-02T01:01:04.695736+02:00
295936896,de:12064:900320006:1:50,-0.8,2026-10-02T01:01:04.695736+02:00
295936896,de:12064:900320005:1:50,-0.2,2026-10-02T01:01:04.695736+02:00
295936896,de:12064:900320004:2:51,-0.9,2026-10-02T01:01:04.695736+02:00
295936896,de:12064:900320003:1:50,-0.8,2026-10-02T01:01:04.695736+02:00
295936896,de:12064:900320002:1:50,-0.5,2026-10-02T01:01:04.695736+02:00
295936896,de:12064:900320001:1:50,-0.2,2026-10-02T01:01:04.695736+02:00
295936886,de:11000:900048101:2:53,0.0,2026-10-02T01:01:04.695736+02:00
295936886,de:11000:900024102:2:52,-0.4,2026-10-02T01:01:04.695736+02:00
295936886,de:11000:900024101:3:55,-0.8,2026-10-02T01:01:04.695736+02:00
295936886,de:11000:900024203:1:51,-0.8,2026-10-02T01:01:04.695736+02:00
295936886,de:11000:900023201:3:54,-0.7,2026-10-02T01:01:04.695736+02:00
295936886,de:11000:900003103:1:50,-0.8,2026-10-02T01:01:04.695736+02:00
295936886,de:11000:900003102:1:50,-0.9,2026-10-02T01:01:04.695736+02:00
295936886,de:11000:900003201:3:54,-0.5,2026-10-02T01:01:04.695736+02:00
295936886,de:11000:900100001:3:54,-0.1,2026-10-02T01:01:04.695736+02:00
295936886,de:11000:900100002:1:50,-0.4,2026-10-02T01:01:04.695736+02:00
295936886,de:11000:900100003:2:52,-0.1,2026-10-02T01:01:04.695736+02:00
295936886,de:11000:900100004:1:50,-0.4,2026-10-02T01:01:04.695736+02:00
295936886,de:11000:900120005:4:55,-0.6,2026-10-02T01:01:04.695736+02:00
295936886,de:11000:900120004:1:50,-0.1,2026-10-02T01:01:04.695736+02:00
295936886,de:11000:900120003:2:53,-0.4,2026-10-02T01:01:04.695736+02:00
295936886,de:11000:900160003:1:50,-0.7,2026-10-02T01:01:04.695736+02:00
295936886,de:11000:900160004:1:50,-0.7,2026-10-02T01:01:04.695736+02:00
295936886,de:11000:900171002:1:50,-0.2,2026-10-02T01:01:04.695736+02:00
295936886,de:11000:900171001:2:51,-0.3,2026-10-02T01:01:04.695736+02:00
295936886,de:11000:900175001:2:51,-0.5,2026-10-02T01:01:04.695736+02:00
295936886,de:11000:900175002:1:51,0.0,2026-10-02T01:01:04.695736+02:00
295936886,de:11000:900176001:2:52,-0.3,2026-10-02T01:01:04.695736+02:00
295936886,de:12064:900320026:1:51,-0.1,2026-10-02T01:01:04.695736+02:00
295936886,de:12064:900320008:1:50,-0.7,2026-10-02T01:01:04.695736+02:00
295936886,de:12064:900320007:1:50,-0.4,2026-10-02T01:01:04.695736+02:00
295936886,de:12064:900320006:1:50,-0.8,2026-10-02T01:01:04.695736+02:00
295936886,de:12064:900320005:1:50,-0.2,2026-10-02T01:01:04.695736+02:00
295936886,de:12064:900320004:2:51,-0.9,2026-10-02T01:01:04.695736+02:00
295936886,de:12064:900320003:1:50,-0.8,2026-10-02T01:01:04.695736+02:00
295936886,de:12064:900320002:1:50,-0.5,2026-10-02T01:01:04.695736+02:00
295936886,de:12064:900320001:1:50,-0.2,2026-10-02T01:01:04.695736+02:00
295936940,de:12064:900320001:1:50,0.0,2026-10-02T01:01:04.695736+02:00
295936940,de:12064:900320002:1:50,-0.3,2026-10-02T01:01:04.695736+02:00
295936940,de:12064:900320003:1:50,-0.1,2026-10-02T01:01:04.695736+02:00
295936940,de:12064:900320004:2:51,-0.8,2026-10-02T01:01:04.695736+02:00
295936940,de:12064:900320005:1:50,0.0,2026-10-02T01:01:04.695736+02:00
295936940,de:12064:900320006:1:51,-0.8,2026-10-02T01:01:04.695736+02:00
295936940,de:12064:900320007:1:50,-0.8,2026-10-02T01:01:04.695736+02:00
295936940,de:12064:900320008:1:51,-0.5,2026-10-02T01:01:04.695736+02:00
295936940,de:12064:900320026:1:50,-0.3,2026-10-02T01:01:04.695736+02:00
295936940,de:11000:900176001:1:51,-0.7,2026-10-02T01:01:04.695736+02:00
295936940,de:11000:900175002:1:50,-0.7,2026-10-02T01:01:04.695736+02:00
295936940,de:11000:900175001:1:50,-0.6,2026-10-02T01:01:04.695736+02:00
295936940,de:11000:900171001:1:50,-0.3,2026-10-02T01:01:04.695736+02:00
295936940,de:11000:900171002:1:51,-0.4,2026-10-02T01:01:04.695736+02:00
295936940,de:11000:900160004:1:51,-0.8,2026-10-02T01:01:04.695736+02:00
295936940,de:11000:900160003:1:51,-0.9,2026-10-02T01:01:04.695736+02:00
295936940,de:11000:900120003:3:55,-0.1,2026-10-02T01:01:04.695736+02:00
295936940,de:11000:900120004:2:53,-0.6,2026-10-02T01:01:04.695736+02:00
295936940,de:11000:900120005:5:58,-0.9,2026-10-02T01:01:04.695736+02:00
295936940,de:11000:900100004:1:51,-0.4,2026-10-02T01:01:04.695736+02:00
295936940,de:11000:900100003:2:53,-0.4,2026-10-02T01:01:04.695736+02:00
295936940,de:11000:900100002:1:51,-0.4,2026-10-02T01:01:04.695736+02:00
295936940,de:11000:900100001:3:55,-0.4,2026-10-02T01:01:04.695736+02:00
295936940,de:11000:900003201:3:55,-0.1,2026-10-02T01:01:04.695736+02:00
295936940,de:11000:900003102:1:51,-0.8,2026-10-02T01:01:04.695736+02:00
295936940,de:11000:900003103:1:51,-0.9,2026-10-02T01:01:04.695736+02:00
295936940,de:11000:900023201:3:55,-0.8,2026-10-02T01:01:04.695736+02:00
295936940,de:11000:900024203:1:51,-0.8,2026-10-02T01:01:04.695736+02:00
295936940,de:11000:900024101:4:57,-0.8,2026-10-02T01:01:04.695736+02:00
295936940,de:11000:900024102:1:51,-0.1,2026-10-02T01:01:04.695736+02:00
307301996,de:11000:900024102:2:52,0.0,2026-10-02T01:01:04.695736+02:00
307301996,de:11000:900024101:3:55,-0.8,2026-10-02T01:01:04.695736+02:00
307301996,de:11000:900024203:1:51,-0.8,2026-10-02T01:01:04.695736+02:00
307301996,de:11000:900023201:3:54,-0.7,2026-10-02T01:01:04.695736+02:00
307301996,de:11000:900003103:1:50,-0.8,2026-10-02T01:01:04.695736+02:00
307301996,de:11000:900003102:1:50,-0.9,2026-10-02T01:01:04.695736+02:00
307301996,de:11000:900003201:3:54,-0.5,2026-10-02T01:01:04.695736+02:00
307301996,de:11000:900100001:3:54,-0.1,2026-10-02T01:01:04.695736+02:00
307301996,de:11000:900100002:1:50,-0.4,2026-10-02T01:01:04.695736+02:00
307301996,de:11000:900100003:2:52,-0.1,2026-10-02T01:01:04.695736+02:00
307301996,de:11000:900100004:1:50,-0.4,2026-10-02T01:01:04.695736+02:00
307301996,de:11000:900120005:4:55,-0.6,2026-10-02T01:01:04.695736+02:00
307301996,de:11000:900120004:1:50,-0.1,2026-10-02T01:01:04.695736+02:00
307301996,de:11000:900120003:2:53,-0.4,2026-10-02T01:01:04.695736+02:00
307301996,de:11000:900160003:1:50,-0.7,2026-10-02T01:01:04.695736+02:00
307301996,de:11000:900160004:1:50,-0.7,2026-10-02T01:01:04.695736+02:00
307301996,de:11000:900171002:1:50,-0.2,2026-10-02T01:01:04.695736+02:00
307301996,de:11000:900171001:2:51,-0.3,2026-10-02T01:01:04.695736+02:00
307301996,de:11000:900175001:2:51,-0.5,2026-10-02T01:01:04.695736+02:00
307301996,de:11000:900175002:1:51,0.0,2026-10-02T01:01:04.695736+02:00
307301996,de:11000:900176001:2:52,-0.3,2026-10-02T01:01:04.695736+02:00
307301996,de:12064:900320026:1:51,-0.1,2026-10-02T01:01:04.695736+02:00
307301996,de:12064:900320008:1:50,-0.7,2026-10-02T01:01:04.695736+02:00
307301996,de:12064:900320007:1:50,-0.4,2026-10-02T01:01:04.695736+02:00
307301996,de:12064:900320006:1:50,-0.8,2026-10-02T01:01:04.695736+02:00
307301996,de:12064:900320005:1:50,-0.2,2026-10-02T01:01:04.695736+02:00
307301996,de:12064:900320004:2:51,-0.9,2026-10-02T01:01:04.695736+02:00
307301996,de:12064:900320003:1:50,-0.8,2026-10-02T01:01:04.695736+02:00
307301996,de:12064:900320002:1:50,-0.5,2026-10-02T01:01:04.695736+02:00
307301996,de:12064:900320001:1:50,-0.2,2026-10-02T01:01:04.695736+02:00
295936919,de:12064:900320001:1:50,0.0,2026-10-02T01:01:04.695736+02:00
295936919,de:12064:900320002:1:50,-0.3,2026-10-02T01:01:04.695736+02:00
295936919,de:12064:900320003:1:50,-0.1,2026-10-02T01:01:04.695736+02:00
295936919,de:12064:900320004:2:51,-0.8,2026-10-02T01:01:04.695736+02:00
295936919,de:12064:900320005:1:50,0.0,2026-10-02T01:01:04.695736+02:00
295936919,de:12064:900320006:1:51,-0.8,2026-10-02T01:01:04.695736+02:00
295936919,de:12064:900320007:1:50,-0.8,2026-10-02T01:01:04.695736+02:00
295936919,de:12064:900320008:1:51,-0.5,2026-10-02T01:01:04.695736+02:00
295936919,de:12064:900320026:1:50,-0.3,2026-10-02T01:01:04.695736+02:00
295936919,de:11000:900176001:1:51,-0.7,2026-10-02T01:01:04.695736+02:00
295936919,de:11000:900175002:1:50,-0.7,2026-10-02T01:01:04.695736+02:00
295936919,de:11000:900175001:1:50,-0.6,2026-10-02T01:01:04.695736+02:00
295936919,de:11000:900171001:1:50,-0.3,2026-10-02T01:01:04.695736+02:00
295936919,de:11000:900171002:1:51,-0.4,2026-10-02T01:01:04.695736+02:00
295936919,de:11000:900160004:1:51,-0.8,2026-10-02T01:01:04.695736+02:00
295936919,de:11000:900160003:1:51,-0.9,2026-10-02T01:01:04.695736+02:00
295936919,de:11000:900120003:3:55,-0.1,2026-10-02T01:01:04.695736+02:00
295936919,de:11000:900120004:2:53,-0.6,2026-10-02T01:01:04.695736+02:00
295936919,de:11000:900120005:5:58,-0.9,2026-10-02T01:01:04.695736+02:00
295936919,de:11000:900100004:1:51,-0.4,2026-10-02T01:01:04.695736+02:00
295936919,de:11000:900100003:2:53,-0.4,2026-10-02T01:01:04.695736+02:00
295936919,de:11000:900100002:1:51,-0.4,2026-10-02T01:01:04.695736+02:00
295936919,de:11000:900100001:3:55,-0.4,2026-10-02T01:01:04.695736+02:00
295936919,de:11000:900003201:3:55,-0.1,2026-10-02T01:01:04.695736+02:00
295936919,de:11000:900003102:1:51,-0.8,2026-10-02T01:01:04.695736+02:00
295936919,de:11000:900003103:1:51,-0.9,2026-10-02T01:01:04.695736+02:00
295936919,de:11000:900023201:3:55,-0.8,2026-10-02T01:01:04.695736+02:00
295936919,de:11000:900024203:1:51,-0.8,2026-10-02T01:01:04.695736+02:00
295936919,de:11000:900024101:4:57,-0.8,2026-10-02T01:01:04.695736+02:00
295936919,de:11000:900024102:1:51,-0.1,2026-10-02T01:01:04.695736+02:00
306896447,de:12067:900310040::2,0.0,2026-10-02T01:01:04.695736+02:00
306896447,de:12067:900310105::2,0.0,2026-10-02T01:01:04.695736+02:00
306896447,de:12067:900310970::2,0.0,2026-10-02T01:01:04.695736+02:00
306896447,de:12067:900310972::2,0.0,2026-10-02T01:01:04.695736+02:00
306896447,de:12067:900310810::1,0.0,2026-10-02T01:01:04.695736+02:00
306896447,de:12067:900310769::2,0.0,2026-10-02T01:01:04.695736+02:00
306896447,de:12067:900310695::3,0.0,2026-10-02T01:01:04.695736+02:00
306896447,de:12067:900310812::2,0.0,2026-10-02T01:01:04.695736+02:00
306896447,de:12067:900310630::2,0.0,2026-10-02T01:01:04.695736+02:00
306896447,de:12067:900310811::2,0.0,2026-10-02T01:01:04.695736+02:00
306896447,de:12067:900310771::2,0.0,2026-10-02T01:01:04.695736+02:00
306896447,de:12067:900310822::2,0.0,2026-10-02T01:01:04.695736+02:00
306896447,de:12067:900310781::2,0.0,2026-10-02T01:01:04.695736+02:00
306896447,de:12067:900310627::2,0.0,2026-10-02T01:01:04.695736+02:00
306896447,de:12067:900310816::2,0.0,2026-10-02T01:01:04.695736+02:00
306896447,de:12067:900310022::1,0.0,2026-10-02T01:01:04.695736+02:00
306896447,de:12067:900310001::11,0.0,2026-10-02T01:01:04.695736+02:00
295942228,de:11000:900176001:1:50,0.0,2026-10-02T01:01:04.695736+02:00
295942228,de:11000:900175002:1:50,-0.7,2026-10-02T01:01:04.695736+02:00
295942228,de:11000:900175001:1:50,-0.6,2026-10-02T01:01:04.695736+02:00
295942228,de:11000:900171001:1:50,-0.3,2026-10-02T01:01:04.695736+02:00
295942228,de:11000:900171002:1:51,-0.4,2026-10-02T01:01:04.695736+02:00
295942228,de:11000:900160004:1:51,-0.8,2026-10-02T01:01:04.695736+02:00
295942228,de:11000:900160003:1:51,-0.8,2026-10-02T01:01:04.695736+02:00
295942228,de:11000:900120003:3:54,-0.9,2026-10-02T01:01:04.695736+02:00
295942228,de:11000:900120004:2:52,-0.1,2026-10-02T01:01:04.695736+02:00
295940171,de:11000:900024102:2:52,0.0,2026-10-02T01:01:04.695736+02:00
295940171,de:11000:900024101:3:54,-0.8,2026-10-02T01:01:04.695736+02:00
295940171,de:11000:900024203:1:51,-0.8,2026-10-02T01:01:04.695736+02:00
295940171,de:11000:900023201:3:54,-0.7,2026-10-02T01:01:04.695736+02:00
295940171,de:11000:900003103:1:50,-0.8,2026-10-02T01:01:04.695736+02:00
295940171,de:11000:900003102:1:50,-0.9,2026-10-02T01:01:04.695736+02:00
295940171,de:11000:900003201:3:54,-0.5,2026-10-02T01:01:04.695736+02:00
295940171,de:11000:900100001:3:54,-0.1,2026-10-02T01:01:04.695736+02:00
295940171,de:11000:900100002:1:50,-0.4,2026-10-02T01:01:04.695736+02:00
295940171,de:11000:900100003:2:52,-0.1,2026-10-02T01:01:04.695736+02:00
295940171,de:11000:900100004:1:50,-0.4,2026-10-02T01:01:04.695736+02:00
295940171,de:11000:900120005:4:55,-0.6,2026-10-02T01:01:04.695736+02:00
295940171,de:11000:900120004:1:50,-0.1,2026-10-02T01:01:04.695736+02:00
295940171,de:11000:900120003:2:53,-0.4,2026-10-02T01:01:04.695736+02:00
295940171,de:11000:900160003:1:50,-0.7,2026-10-02T01:01:04.695736+02:00
295940171,de:11000:900160004:1:50,-0.7,2026-10-02T01:01:04.695736+02:00
295940171,de:11000:900171002:1:50,-0.2,2026-10-02T01:01:04.695736+02:00
295940171,de:11000:900171001:2:51,-0.3,2026-10-02T01:01:04.695736+02:00
295940171,de:11000:900175001:2:51,-0.5,2026-10-02T01:01:04.695736+02:00
295940171,de:11000:900175002:1:51,0.0,2026-10-02T01:01:04.695736+02:00
295940171,de:11000:900176001:2:52,-0.3,2026-10-02T01:01:04.695736+02:00
295940171,de:12064:900320026:1:51,-0.1,2026-10-02T01:01:04.695736+02:00
295940171,de:12064:900320008:1:50,-0.7,2026-10-02T01:01:04.695736+02:00
307433903,de:12071:900445010:2:52,-2.0,2026-10-02T01:01:04.695736+02:00
307433903,de:12071:900445122:1:50,0.0,2026-10-02T01:01:04.695736+02:00
307433903,de:12052:900470001:3:52,0.0,2026-10-02T01:01:04.695736+02:00
307433903,de:12052:900470000:3:53,0.0,2026-10-02T01:01:04.695736+02:00
307311918,de:11000:900170004:2:52,0.0,2026-10-02T01:01:04.695736+02:00
307311918,de:11000:900170003:1:51,-0.3,2026-10-02T01:01:04.695736+02:00
307311918,de:11000:900170002:1:51,-0.1,2026-10-02T01:01:04.695736+02:00
307311918,de:11000:900170001:1:51,-0.9,2026-10-02T01:01:04.695736+02:00
307311918,de:11000:900170005:1:51,-0.7,2026-10-02T01:01:04.695736+02:00
307311918,de:11000:900171003:1:51,-0.6,2026-10-02T01:01:04.695736+02:00
307311918,de:11000:900171002:1:51,-0.9,2026-10-02T01:01:04.695736+02:00
307311918,de:11000:900160004:1:51,-0.3,2026-10-02T01:01:04.695736+02:00
307311918,de:11000:900160003:1:51,-0.4,2026-10-02T01:01:04.695736+02:00
307311918,de:11000:900120003:3:55,-0.6,2026-10-02T01:01:04.695736+02:00
307311918,de:11000:900120004:2:53,-0.1,2026-10-02T01:01:04.695736+02:00
307311918,de:11000:900120005:5:58,-0.4,2026-10-02T01:01:04.695736+02:00
307311918,de:11000:900100004:1:51,-0.9,2026-10-02T01:01:04.695736+02:00
307311918,de:11000:900100003:2:53,-0.9,2026-10-02T01:01:04.695736+02:00
307311918,de:11000:900100002:1:51,-0.9,2026-10-02T01:01:04.695736+02:00
307311918,de:11000:900100001:3:55,-0.9,2026-10-02T01:01:04.695736+02:00
307311918,de:11000:900003201:3:55,-0.6,2026-10-02T01:01:04.695736+02:00
307311918,de:11000:900003102:1:51,-0.3,2026-10-02T01:01:04.695736+02:00
307311918,de:11000:900003103:1:51,-0.4,2026-10-02T01:01:04.695736+02:00
307311918,de:11000:900023201:3:55,-0.3,2026-10-02T01:01:04.695736+02:00
307311918,de:11000:900024203:1:51,-0.3,2026-10-02T01:01:04.695736+02:00
307311918,de:11000:900024101:4:57,-0.3,2026-10-02T01:01:04.695736+02:00
307311918,de:11000:900024102:1:50,-0.6,2026-10-02T01:01:04.695736+02:00
307311918,de:11000:900048101:1:50,-0.8,2026-10-02T01:01:04.695736+02:00
307311918,de:11000:900052201:2:52,0.0,2026-10-02T01:01:04.695736+02:00
307311918,de:11000:900053301:1:50,-0.4,2026-10-02T01:01:04.695736+02:00
307311918,de:12054:900230003:1:50,-0.4,2026-10-02T01:01:04.695736+02:00
307311918,de:12054:900230000:1:51,-0.4,2026-10-02T01:01:04.695736+02:00
307311918,de:12054:900230999:3:55,-0.9,2026-10-02T01:01:04.695736+02:00
295953603,de:11000:900151001:1:51,0.0,2026-10-02T01:01:04.695736+02:00
295953603,de:11000:900152001:1:51,-0.6,2026-10-02T01:01:04.695736+02:00
295953603,de:11000:900152002:1:51,-0.2,2026-10-02T01:01:04.695736+02:00
295953603,de:11000:900171003:1:51,-0.9,2026-10-02T01:01:04.695736+02:00
295953603,de:11000:900171002:1:51,-0.9,2026-10-02T01:01:04.695736+02:00
295953603,de:11000:900160004:1:51,-0.3,2026-10-02T01:01:04.695736+02:00
295953603,de:11000:900160003:1:51,-0.4,2026-10-02T01:01:04.695736+02:00
295953603,de:11000:900120003:3:54,-0.6,2026-10-02T01:01:04.695736+02:00
295953603,de:11000:900120004:2:52,-0.1,2026-10-02T01:01:04.695736+02:00
295953534,de:11000:900151001:1:51,0.0,2026-10-02T01:01:04.695736+02:00
295953534,de:11000:900152001:1:51,-0.6,2026-10-02T01:01:04.695736+02:00
295953534,de:11000:900152002:1:51,-0.2,2026-10-02T01:01:04.695736+02:00
295953534,de:11000:900171003:1:51,-0.9,2026-10-02T01:01:04.695736+02:00
295953534,de:11000:900171002:1:51,-0.9,2026-10-02T01:01:04.695736+02:00
295953534,de:11000:900160004:1:51,-0.3,2026-10-02T01:01:04.695736+02:00
295953534,de:11000:900160003:1:51,-0.4,2026-10-02T01:01:04.695736+02:00
295953534,de:11000:900120003:3:55,-0.6,2026-10-02T01:01:04.695736+02:00
295953534,de:11000:900120004:2:53,-0.1,2026-10-02T01:01:04.695736+02:00
295953534,de:11000:900120005:5:57,-0.4,2026-10-02T01:01:04.695736+02:00
295953430,de:11000:900120005:4:56,0.0,2026-10-02T01:01:04.695736+02:00
295953430,de:11000:900120004:1:50,-0.6,2026-10-02T01:01:04.695736+02:00
295953430,de:11000:900120003:2:53,-0.9,2026-10-02T01:01:04.695736+02:00
295953430,de:11000:900160003:1:50,-0.2,2026-10-02T01:01:04.695736+02:00
295953430,de:11000:900160004:1:50,-0.2,2026-10-02T01:01:04.695736+02:00
295953430,de:11000:900171002:1:50,-0.7,2026-10-02T01:01:04.695736+02:00
295953430,de:11000:900171003:1:50,-0.8,2026-10-02T01:01:04.695736+02:00
295953430,de:11000:900152002:1:50,-0.4,2026-10-02T01:01:04.695736+02:00
295953430,de:11000:900152001:1:50,-0.6,2026-10-02T01:01:04.695736+02:00
295953430,de:11000:900151001:1:51,-0.9,2026-10-02T01:01:04.695736+02:00
295956013,de:11000:900120004:1:51,0.0,2026-10-02T01:01:04.695736+02:00
295956013,de:11000:900120003:2:52,-0.9,2026-10-02T01:01:04.695736+02:00
295956013,de:11000:900160003:1:50,-0.2,2026-10-02T01:01:04.695736+02:00
295956013,de:11000:900160004:1:50,-0.2,2026-10-02T01:01:04.695736+02:00
295956013,de:11000:900171002:1:50,-0.7,2026-10-02T01:01:04.695736+02:00
295956013,de:11000:900171003:1:50,-0.8,2026-10-02T01:01:04.695736+02:00
295956013,de:11000:900152002:1:50,-0.4,2026-10-02T01:01:04.695736+02:00
295956013,de:11000:900152001:1:50,-0.6,2026-10-02T01:01:04.695736+02:00
295956013,de:11000:900151001:1:50,-0.9,2026-10-02T01:01:04.695736+02:00
295956066,de:11000:900151001:1:50,0.0,2026-10-02T01:01:04.695736+02:00
295956066,de:11000:900152001:1:51,-0.6,2026-10-02T01:01:04.695736+02:00
295956066,de:11000:900152002:1:51,-0.2,2026-10-02T01:01:04.695736+02:00
295956066,de:11000:900171003:1:51,-0.9,2026-10-02T01:01:04.695736+02:00
295956066,de:11000:900171002:1:51,-0.9,2026-10-02T01:01:04.695736+02:00
295956066,de:11000:900160004:1:51,-0.3,2026-10-02T01:01:04.695736+02:00
295956066,de:11000:900160003:1:51,-0.4,2026-10-02T01:01:04.695736+02:00
295956066,de:11000:900120003:3:54,-0.6,2026-10-02T01:01:04.695736+02:00
295956066,de:11000:900120004:2:52,-0.1,2026-10-02T01:01:04.695736+02:00
295956005,de:11000:900120004:1:51,0.0,2026-10-02T01:01:04.695736+02:00
295956005,de:11000:900120003:2:52,-0.9,2026-10-02T01:01:04.695736+02:00
295956005,de:11000:900160003:1:50,-0.2,2026-10-02T01:01:04.695736+02:00
295956005,de:11000:900160004:1:50,-0.2,2026-10-02T01:01:04.695736+02:00
295956005,de:11000:900171002:1:50,-0.7,2026-10-02T01:01:04.695736+02:00
295956005,de:11000:900171003:1:50,-0.8,2026-10-02T01:01:04.695736+02:00
295956005,de:11000:900152002:1:50,-0.4,2026-10-02T01:01:04.695736+02:00
295956005,de:11000:900152001:1:50,-0.6,2026-10-02T01:01:04.695736+02:00
295956005,de:11000:900151001:1:50,-0.9,2026-10-02T01:01:04.695736+02:00
295949445,de:12054:900230999:3:55,0.0,2026-10-02T01:01:04.695736+02:00
295949445,de:12054:900230000:1:50,-0.3,2026-10-02T01:01:04.695736+02:00
295949445,de:12054:900230003:1:54,-0.3,2026-10-02T01:01:04.695736+02:00
295949445,de:11000:900053301:2:53,-0.4,2026-10-02T01:01:04.695736+02:00
295949445,de:11000:900052201:2:53,-0.7,2026-10-02T01:01:04.695736+02:00
295949445,de:11000:900048101:2:53,-0.9,2026-10-02T01:01:04.695736+02:00
295949445,de:11000:900024102:2:53,-0.9,2026-10-02T01:01:04.695736+02:00
295949445,de:11000:900024101:3:55,-0.3,2026-10-02T01:01:04.695736+02:00
295949445,de:11000:900024203:1:51,-0.3,2026-10-02T01:01:04.695736+02:00
295949445,de:11000:900023201:3:54,-0.2,2026-10-02T01:01:04.695736+02:00
295949445,de:11000:900003103:1:50,-0.3,2026-10-02T01:01:04.695736+02:00
295949445,de:11000:900003102:1:50,-0.4,2026-10-02T01:01:04.695736+02:00
295949445,de:11000:900003201:3:54,0.0,2026-10-02T01:01:04.695736+02:00
295949445,de:11000:900100001:3:54,-0.6,2026-10-02T01:01:04.695736+02:00
295949445,de:11000:900100002:1:50,-0.9,2026-10-02T01:01:04.695736+02:00
295949445,de:11000:900100003:2:52,-0.6,2026-10-02T01:01:04.695736+02:00
295949445,de:11000:900100004:1:50,-0.9,2026-10-02T01:01:04.695736+02:00
295949445,de:11000:900120005:4:55,-0.1,2026-10-02T01:01:04.695736+02:00
295949445,de:11000:900120004:1:50,-0.6,2026-10-02T01:01:04.695736+02:00
295949445,de:11000:900120003:2:53,-0.9,2026-10-02T01:01:04.695736+02:00
295949445,de:11000:900160003:1:50,-0.2,2026-10-02T01:01:04.695736+02:00
295949445,de:11000:900160004:1:50,-0.2,2026-10-02T01:01:04.695736+02:00
295949445,de:11000:900171002:1:50,-0.7,2026-10-02T01:01:04.695736+02:00
295949445,de:11000:900171003:1:50,-0.8,2026-10-02T01:01:04.695736+02:00
295949445,de:11000:900170005:1:50,-0.3,2026-10-02T01:01:04.695736+02:00
295949445,de:11000:900170001:1:50,-0.1,2026-10-02T01:01:04.695736+02:00
295949445,de:11000:900170002:1:50,-0.9,2026-10-02T01:01:04.695736+02:00
295949445,de:11000:900170003:1:50,-0.7,2026-10-02T01:01:04.695736+02:00
295949445,de:11000:900170004:2:52,-0.9,2026-10-02T01:01:04.695736+02:00
306895479,de:12067:900310807::1,0.0,2026-10-02T01:01:04.695736+02:00
306895479,de:12067:900310815::2,0.0,2026-10-02T01:01:04.695736+02:00
306895479,de:12067:900310880::2,0.0,2026-10-02T01:01:04.695736+02:00
306895479,de:12067:900310010::2,0.0,2026-10-02T01:01:04.695736+02:00
306895479,de:12067:900310770::2,0.0,2026-10-02T01:01:04.695736+02:00
306895479,de:12067:900310812::2,0.0,2026-10-02T01:01:04.695736+02:00
306895479,de:12067:900310806::2,0.0,2026-10-02T01:01:04.695736+02:00
306895479,de:12067:900310821::2,0.0,2026-10-02T01:01:04.695736+02:00
306895479,de:12067:900310794::2,0.0,2026-10-02T01:01:04.695736+02:00
306895479,de:12067:900310808::2,0.0,2026-10-02T01:01:04.695736+02:00
306895479,de:12067:900310822::2,0.0,2026-10-02T01:01:04.695736+02:00
306895479,de:12067:900310781::2,0.0,2026-10-02T01:01:04.695736+02:00
306895479,de:12067:900310627::2,0.0,2026-10-02T01:01:04.695736+02:00
306895479,de:12067:900310816::2,0.0,2026-10-02T01:01:04.695736+02:00
306895479,de:12067:900310022::1,0.0,2026-10-02T01:01:04.695736+02:00
306895479,de:12067:900310001::11,0.0,2026-10-02T01:01:04.695736+02:00
306895479,de:12067:900310001::1,0.0,2026-10-02T01:01:04.695736+02:00
306895479,de:12067:900310696::1,0.0,2026-10-02T01:01:04.695736+02:00
306895479,de:12067:900310788::1,0.0,2026-10-02T01:01:04.695736+02:00
306895479,de:12067:900310790::1,0.0,2026-10-02T01:01:04.695736+02:00
306895479,de:12067:900310787::1,0.0,2026-10-02T01:01:04.695736+02:00
306895479,de:12067:900310809::1,0.0,2026-10-02T01:01:04.695736+02:00
306895479,de:12067:900310825::1,0.0,2026-10-02T01:01:04.695736+02:00
306895479,de:12067:900310792::2,0.0,2026-10-02T01:01:04.695736+02:00
306895479,de:12067:900310774::2,0.0,2026-10-02T01:01:04.695736+02:00
306895479,de:12067:900310793::1,0.0,2026-10-02T01:01:04.695736+02:00
306895479,de:12067:900310628::1,0.0,2026-10-02T01:01:04.695736+02:00
306895479,de:12067:900310814::1,0.0,2026-10-02T01:01:04.695736+02:00
306895479,de:12067:900311083::3,0.0,2026-10-02T01:01:04.695736+02:00
306895480,de:12067:900310807::1,0.0,2026-10-02T01:01:04.695736+02:00
306895480,de:12067:900310815::2,0.0,2026-10-02T01:01:04.695736+02:00
306895480,de:12067:900310880::2,0.0,2026-10-02T01:01:04.695736+02:00
306895480,de:12067:900310010::2,0.0,2026-10-02T01:01:04.695736+02:00
306895480,de:12067:900310770::2,0.0,2026-10-02T01:01:04.695736+02:00
306895480,de:12067:900310812::2,0.0,2026-10-02T01:01:04.695736+02:00
306895480,de:12067:900310806::2,0.0,2026-10-02T01:01:04.695736+02:00
306895480,de:12067:900310821::2,0.0,2026-10-02T01:01:04.695736+02:00
306895480,de:12067:900310794::2,0.0,2026-10-02T01:01:04.695736+02:00
306895480,de:12067:900310808::2,0.0,2026-10-02T01:01:04.695736+02:00
306895480,de:12067:900310822::2,0.0,2026-10-02T01:01:04.695736+02:00
306895480,de:12067:900310781::2,0.0,2026-10-02T01:01:04.695736+02:00
306895480,de:12067:900310627::2,0.0,2026-10-02T01:01:04.695736+02:00
306895480,de:12067:900310816::2,0.0,2026-10-02T01:01:04.695736+02:00
306895480,de:12067:900310022::1,0.0,2026-10-02T01:01:04.695736+02:00
306895480,de:12067:900310001::11,0.0,2026-10-02T01:01:04.695736+02:00
306895480,de:12067:900310001::1,0.0,2026-10-02T01:01:04.695736+02:00
306895480,de:12067:900310696::1,0.0,2026-10-02T01:01:04.695736+02:00
306895480,de:12067:900310788::1,0.0,2026-10-02T01:01:04.695736+02:00
306895480,de:12067:900310790::1,0.0,2026-10-02T01:01:04.695736+02:00
306895480,de:12067:900310787::1,0.0,2026-10-02T01:01:04.695736+02:00
306895480,de:12067:900310809::1,0.0,2026-10-02T01:01:04.695736+02:00
306895480,de:12067:900310825::1,0.0,2026-10-02T01:01:04.695736+02:00
306895480,de:12067:900310792::2,0.0,2026-10-02T01:01:04.695736+02:00
306895480,de:12067:900310774::2,0.0,2026-10-02T01:01:04.695736+02:00
306895480,de:12067:900310793::1,0.0,2026-10-02T01:01:04.695736+02:00
306895480,de:12067:900310628::1,0.0,2026-10-02T01:01:04.695736+02:00
306895480,de:12067:900310814::1,0.0,2026-10-02T01:01:04.695736+02:00
306895480,de:12067:900311083::3,0.0,2026-10-02T01:01:04.695736+02:00
306895501,de:12067:900310807::1,0.0,2026-10-02T01:01:04.695736+02:00
306895501,de:12067:900310815::2,0.0,2026-10-02T01:01:04.695736+02:00
306895501,de:12067:900310880::2,0.0,2026-10-02T01:01:04.695736+02:00
306895501,de:12067:900310010::2,0.0,2026-10-02T01:01:04.695736+02:00
306895501,de:12067:900310770::2,0.0,2026-10-02T01:01:04.695736+02:00
306895501,de:12067:900310812::2,0.0,2026-10-02T01:01:04.695736+02:00
306895501,de:12067:900310806::2,0.0,2026-10-02T01:01:04.695736+02:00
306895501,de:12067:900310778::2,0.0,2026-10-02T01:01:04.695736+02:00
306895501,de:12067:900310768::2,0.0,2026-10-02T01:01:04.695736+02:00
306895501,de:12067:900310786::2,0.0,2026-10-02T01:01:04.695736+02:00
306895501,de:12067:900310784::2,0.0,2026-10-02T01:01:04.695736+02:00
306895501,de:12067:900311104::2,0.0,2026-10-02T01:01:04.695736+02:00
306895501,de:12067:900310995::1,0.0,2026-10-02T01:01:04.695736+02:00
306895501,de:12067:900310779::2,0.0,2026-10-02T01:01:04.695736+02:00
306895501,de:12067:900310808::2,0.0,2026-10-02T01:01:04.695736+02:00
306895501,de:12067:900310822::2,0.0,2026-10-02T01:01:04.695736+02:00
306895501,de:12067:900310781::2,0.0,2026-10-02T01:01:04.695736+02:00
306895501,de:12067:900310627::2,0.0,2026-10-02T01:01:04.695736+02:00
306895501,de:12067:900310816::2,0.0,2026-10-02T01:01:04.695736+02:00
306895501,de:12067:900310022::1,0.0,2026-10-02T01:01:04.695736+02:00
306895501,de:12067:900310001::11,0.0,2026-10-02T01:01:04.695736+02:00
306895501,de:12067:900310001::1,0.0,2026-10-02T01:01:04.695736+02:00
306895501,de:12067:900310696::1,0.0,2026-10-02T01:01:04.695736+02:00
306895501,de:12067:900310788::1,0.0,2026-10-02T01:01:04.695736+02:00
306895501,de:12067:900310790::1,0.0,2026-10-02T01:01:04.695736+02:00
306895501,de:12067:900310787::1,0.0,2026-10-02T01:01:04.695736+02:00
306895501,de:12067:900310809::1,0.0,2026-10-02T01:01:04.695736+02:00
306895501,de:12067:900310825::1,0.0,2026-10-02T01:01:04.695736+02:00
306895501,de:12067:900310792::2,0.0,2026-10-02T01:01:04.695736+02:00
306895501,de:12067:900310774::2,0.0,2026-10-02T01:01:04.695736+02:00
306895501,de:12067:900310793::1,0.0,2026-10-02T01:01:04.695736+02:00
306895501,de:12067:900310628::1,0.0,2026-10-02T01:01:04.695736+02:00
306895501,de:12067:900310814::1,0.0,2026-10-02T01:01:04.695736+02:00
306895501,de:12067:900311083::3,0.0,2026-10-02T01:01:04.695736+02:00
306895502,de:12067:900310807::1,0.0,2026-10-02T01:01:04.695736+02:00
306895502,de:12067:900310815::2,0.0,2026-10-02T01:01:04.695736+02:00
306895502,de:12067:900310880::2,0.0,2026-10-02T01:01:04.695736+02:00
306895502,de:12067:900310010::2,0.0,2026-10-02T01:01:04.695736+02:00
306895502,de:12067:900310770::2,0.0,2026-10-02T01:01:04.695736+02:00
306895502,de:12067:900310812::2,0.0,2026-10-02T01:01:04.695736+02:00
306895502,de:12067:900310806::2,0.0,2026-10-02T01:01:04.695736+02:00
306895502,de:12067:900310778::2,0.0,2026-10-02T01:01:04.695736+02:00
306895502,de:12067:900310768::2,0.0,2026-10-02T01:01:04.695736+02:00
306895502,de:12067:900310786::2,0.0,2026-10-02T01:01:04.695736+02:00
306895502,de:12067:900310784::2,0.0,2026-10-02T01:01:04.695736+02:00
306895502,de:12067:900311104::2,0.0,2026-10-02T01:01:04.695736+02:00
306895502,de:12067:900310995::1,0.0,2026-10-02T01:01:04.695736+02:00
306895502,de:12067:900310779::2,0.0,2026-10-02T01:01:04.695736+02:00
306895502,de:12067:900310808::2,0.0,2026-10-02T01:01:04.695736+02:00
306895502,de:12067:900310822::2,0.0,2026-10-02T01:01:04.695736+02:00
306895502,de:12067:900310781::2,0.0,2026-10-02T01:01:04.695736+02:00
306895502,de:12067:900310627::2,0.0,2026-10-02T01:01:04.695736+02:00
306895502,de:12067:900310816::2,0.0,2026-10-02T01:01:04.695736+02:00
306895502,de:12067:900310022::1,0.0,2026-10-02T01:01:04.695736+02:00
306895502,de:12067:900310001::11,0.0,2026-10-02T01:01:04.695736+02:00
306895502,de:12067:900310001::1,0.0,2026-10-02T01:01:04.695736+02:00
306895502,de:12067:900310696::1,0.0,2026-10-02T01:01:04.695736+02:00
306895502,de:12067:900310788::1,0.0,2026-10-02T01:01:04.695736+02:00
306895502,de:12067:900310790::1,0.0,2026-10-02T01:01:04.695736+02:00
306895502,de:12067:900310787::1,0.0,2026-10-02T01:01:04.695736+02:00
306895502,de:12067:900310809::1,0.0,2026-10-02T01:01:04.695736+02:00
306895502,de:12067:900310825::1,0.0,2026-10-02T01:01:04.695736+02:00
306895502,de:12067:900310792::2,0.0,2026-10-02T01:01:04.695736+02:00
306895502,de:12067:900310774::2,0.0,2026-10-02T01:01:04.695736+02:00
306895502,de:12067:900310793::1,0.0,2026-10-02T01:01:04.695736+02:00
306895502,de:12067:900310628::1,0.0,2026-10-02T01:01:04.695736+02:00
306895502,de:12067:900310814::1,0.0,2026-10-02T01:01:04.695736+02:00
306895502,de:12067:900311083::3,0.0,2026-10-02T01:01:04.695736+02:00
295960056,de:12061:900260002:1:50,0.0,2026-10-02T01:01:04.695736+02:00
295960056,de:12061:900260003:1:51,-0.7,2026-10-02T01:01:04.695736+02:00
295960056,de:12061:900260004:1:51,-0.9,2026-10-02T01:01:04.695736+02:00
295960056,de:11000:900186001:2:53,-0.2,2026-10-02T01:01:04.695736+02:00
295960056,de:11000:900193002:1:51,-0.2,2026-10-02T01:01:04.695736+02:00
295960056,de:11000:900193001:2:51,-0.8,2026-10-02T01:01:04.695736+02:00
295960056,de:11000:900192001:3:55,-0.7,2026-10-02T01:01:04.695736+02:00
295960056,de:11000:900191001:1:50,-0.4,2026-10-02T01:01:04.695736+02:00
295960056,de:11000:900191002:1:51,-0.8,2026-10-02T01:01:04.695736+02:00
295960056,de:11000:900190001:2:53,-0.6,2026-10-02T01:01:04.695736+02:00
295960056,de:11000:900120003:5:59,0.0,2026-10-02T01:01:04.695736+02:00
295960056,de:11000:900120001:1:51,-0.6,2026-10-02T01:01:04.695736+02:00
295960056,de:11000:900110012:1:51,-0.8,2026-10-02T01:01:04.695736+02:00
295960056,de:11000:900110004:1:51,-0.7,2026-10-02T01:01:04.695736+02:00
295960056,de:11000:900110003:1:51,0.0,2026-10-02T01:01:04.695736+02:00
295960056,de:11000:900110002:1:51,0.0,2026-10-02T01:01:04.695736+02:00
295960056,de:11000:900110001:1:51,-0.7,2026-10-02T01:01:04.695736+02:00
295960056,de:11000:900110011:2:52,-0.4,2026-10-02T01:01:04.695736+02:00
295960056,de:11000:900130002:1:50,0.0,2026-10-02T01:01:04.695736+02:00
295960056,de:11000:900130001:1:50,-0.7,2026-10-02T01:01:04.695736+02:00
295960056,de:11000:900142001:1:50,-0.2,2026-10-02T01:01:04.695736+02:00
295960056,de:12065:900200013:1:50,-0.3,2026-10-02T01:01:04.695736+02:00
295960056,de:12065:900200012:1:50,-0.9,2026-10-02T01:01:04.695736+02:00
295960056,de:12065:900200011:1:50,-0.4,2026-10-02T01:01:04.695736+02:00
295960056,de:12065:900200009:1:50,-0.9,2026-10-02T01:01:04.695736+02:00
295960056,de:12065:900200008:1:50,-0.9,2026-10-02T01:01:04.695736+02:00
295960047,de:12061:900260002:1:50,0.0,2026-10-02T01:01:04.695736+02:00
295960047,de:12061:900260003:1:51,-0.7,2026-10-02T01:01:04.695736+02:00
295960047,de:12061:900260004:1:51,-0.9,2026-10-02T01:01:04.695736+02:00
295960047,de:11000:900186001:2:53,-0.2,2026-10-02T01:01:04.695736+02:00
295960047,de:11000:900193002:1:51,-0.2,2026-10-02T01:01:04.695736+02:00
295960047,de:11000:900193001:2:51,-0.8,2026-10-02T01:01:04.695736+02:00
295960047,de:11000:900192001:3:55,-0.7,2026-10-02T01:01:04.695736+02:00
295960047,de:11000:900191001:1:50,-0.4,2026-10-02T01:01:04.695736+02:00
295960047,de:11000:900191002:1:51,-0.8,2026-10-02T01:01:04.695736+02:00
295960047,de:11000:900190001:2:53,-0.6,2026-10-02T01:01:04.695736+02:00
295960047,de:11000:900120003:5:59,0.0,2026-10-02T01:01:04.695736+02:00
295960047,de:11000:900120001:1:51,-0.6,2026-10-02T01:01:04.695736+02:00
295960047,de:11000:900110012:1:51,-0.8,2026-10-02T01:01:04.695736+02:00
295960047,de:11000:900110004:1:51,-0.7,2026-10-02T01:01:04.695736+02:00
295960047,de:11000:900110003:1:51,0.0,2026-10-02T01:01:04.695736+02:00
295960047,de:11000:900110002:1:51,0.0,2026-10-02T01:01:04.695736+02:00
295960047,de:11000:900110001:1:51,-0.7,2026-10-02T01:01:04.695736+02:00
295960047,de:11000:900110011:2:52,-0.4,2026-10-02T01:01:04.695736+02:00
295960047,de:11000:900130002:1:50,0.0,2026-10-02T01:01:04.695736+02:00
295960047,de:11000:900130001:1:50,-0.7,2026-10-02T01:01:04.695736+02:00
295960047,de:11000:900142001:1:50,-0.2,2026-10-02T01:01:04.695736+02:00
295960047,de:12065:900200013:1:50,-0.3,2026-10-02T01:01:04.695736+02:00
295960047,de:12065:900200012:1:50,-0.9,2026-10-02T01:01:04.695736+02:00
295960047,de:12065:900200011:1:50,-0.4,2026-10-02T01:01:04.695736+02:00
295960047,de:12065:900200009:1:50,-0.9,2026-10-02T01:01:04.695736+02:00
295960047,de:12065:900200008:1:50,-0.9,2026-10-02T01:01:04.695736+02:00
295963733,de:12061:900260009:3:56,0.0,2026-10-02T01:01:04.695736+02:00
295963733,de:12061:900260080:1:51,-0.7,2026-10-02T01:01:04.695736+02:00
295963733,de:12061:900260005:3:55,0.0,2026-10-02T01:01:04.695736+02:00
295963733,de:11000:900196001:1:51,0.0,2026-10-02T01:01:04.695736+02:00
295963733,de:11000:900195510:1:50,-0.4,2026-10-02T01:01:04.695736+02:00
295963733,de:11000:900193002:1:51,-0.6,2026-10-02T01:01:04.695736+02:00
295963733,de:11000:900193001:2:51,-0.3,2026-10-02T01:01:04.695736+02:00
295963733,de:11000:900192001:3:55,-0.2,2026-10-02T01:01:04.695736+02:00
295963733,de:11000:900191001:1:50,-0.9,2026-10-02T01:01:04.695736+02:00
295963733,de:11000:900191002:1:51,-0.3,2026-10-02T01:01:04.695736+02:00
295963733,de:11000:900190001:2:53,-0.1,2026-10-02T01:01:04.695736+02:00
295963733,de:11000:900120003:5:59,-0.3,2026-10-02T01:01:04.695736+02:00
295963733,de:11000:900120001:1:51,-0.6,2026-10-02T01:01:04.695736+02:00
295963733,de:11000:900110012:1:51,-0.8,2026-10-02T01:01:04.695736+02:00
295963733,de:11000:900110004:1:51,-0.7,2026-10-02T01:01:04.695736+02:00
295963733,de:11000:900110003:1:51,0.0,2026-10-02T01:01:04.695736+02:00
295963733,de:11000:900110002:1:51,0.0,2026-10-02T01:01:04.695736+02:00
295963733,de:11000:900110001:1:51,-0.7,2026-10-02T01:01:04.695736+02:00
295963733,de:11000:900110011:2:53,-0.4,2026-10-02T01:01:04.695736+02:00
295963733,de:11000:900085201:1:50,-0.8,2026-10-02T01:01:04.695736+02:00
295963733,de:11000:900084101:1:50,-0.7,2026-10-02T01:01:04.695736+02:00
295963733,de:11000:900096101:1:50,-0.8,2026-10-02T01:01:04.695736+02:00
295963733,de:11000:900094101:1:50,-0.3,2026-10-02T01:01:04.695736+02:00
295963733,de:11000:900093201:1:50,-0.4,2026-10-02T01:01:04.695736+02:00
295963733,de:11000:900092201:1:51,-0.2,2026-10-02T01:01:04.695736+02:00
295963579,de:11000:900094101:1:51,0.0,2026-10-02T01:01:04.695736+02:00
295963579,de:11000:900096101:1:51,-0.1,2026-10-02T01:01:04.695736+02:00
295963579,de:11000:900084101:1:51,-0.2,2026-10-02T01:01:04.695736+02:00
295963579,de:11000:900085201:1:51,-0.8,2026-10-02T01:01:04.695736+02:00
295963579,de:11000:900130003:1:51,-0.8,2026-10-02T01:01:04.695736+02:00
295963579,de:11000:900110011:1:50,-0.9,2026-10-02T01:01:04.695736+02:00
295963579,de:11000:900110001:1:50,-0.2,2026-10-02T01:01:04.695736+02:00
295963579,de:11000:900110002:1:50,-0.9,2026-10-02T01:01:04.695736+02:00
295963579,de:11000:900110003:1:50,-0.9,2026-10-02T01:01:04.695736+02:00
295963579,de:11000:900110004:1:50,-0.3,2026-10-02T01:01:04.695736+02:00
295963579,de:11000:900110012:1:50,-0.2,2026-10-02T01:01:04.695736+02:00
295963579,de:11000:900120001:1:50,-0.2,2026-10-02T01:01:04.695736+02:00
295963579,de:11000:900120003:5:58,-0.6,2026-10-02T01:01:04.695736+02:00
295963579,de:11000:900190001:1:51,-0.1,2026-10-02T01:01:04.695736+02:00
295963579,de:11000:900191002:1:50,0.0,2026-10-02T01:01:04.695736+02:00
295963579,de:11000:900191001:2:52,-0.4,2026-10-02T01:01:04.695736+02:00
295963579,de:11000:900192001:2:53,-0.2,2026-10-02T01:01:04.695736+02:00
295963579,de:11000:900193001:1:50,-0.7,2026-10-02T01:01:04.695736+02:00
295963579,de:11000:900193002:1:50,-0.3,2026-10-02T01:01:04.695736+02:00
295963579,de:11000:900195510:1:51,-0.7,2026-10-02T01:01:04.695736+02:00
295963579,de:11000:900196001:1:50,-0.9,2026-10-02T01:01:04.695736+02:00
295963579,de:12061:900260005:3:54,-0.7,2026-10-02T01:01:04.695736+02:00
295963579,de:12061:900260080:1:50,0.0,2026-10-02T01:01:04.695736+02:00
295963579,de:12061:900260009:3:56,-0.2,2026-10-02T01:01:04.695736+02:00
306895591,de:12067:900310980::1,0.0,2026-10-02T01:01:04.695736+02:00
306895591,de:12067:900310810::1,0.0,2026-10-02T01:01:04.695736+02:00
306895591,de:12067:900310769::2,0.0,2026-10-02T01:01:04.695736+02:00
306895591,de:12067:900310695::3,0.0,2026-10-02T01:01:04.695736+02:00
306895591,de:12067:900310770::1,0.0,2026-10-02T01:01:04.695736+02:00
306895591,de:12067:900310010::3,0.0,2026-10-02T01:01:04.695736+02:00
306895591,de:12067:900310782::2,0.0,2026-10-02T01:01:04.695736+02:00
306895591,de:12067:900311109::2,0.0,2026-10-02T01:01:04.695736+02:00
306895591,de:12067:900310773::2,0.0,2026-10-02T01:01:04.695736+02:00
306895591,de:12067:900310823::2,0.0,2026-10-02T01:01:04.695736+02:00
306895591,de:12067:900311152::2,0.0,2026-10-02T01:01:04.695736+02:00
306895591,de:12067:900311151::2,0.0,2026-10-02T01:01:04.695736+02:00
306895591,de:12067:900310627::2,0.0,2026-10-02T01:01:04.695736+02:00
306895591,de:12067:900310816::2,0.0,2026-10-02T01:01:04.695736+02:00
306895591,de:12067:900310022::1,0.0,2026-10-02T01:01:04.695736+02:00
306895591,de:12067:900310001::11,0.0,2026-10-02T01:01:04.695736+02:00
306895591,de:12067:900310001::1,0.0,2026-10-02T01:01:04.695736+02:00
306895591,de:12067:900311149::1,0.0,2026-10-02T01:01:04.695736+02:00
306895591,de:12067:900311135::1,0.0,2026-10-02T01:01:04.695736+02:00
306895591,de:12067:900311150::1,0.0,2026-10-02T01:01:04.695736+02:00
306895591,de:12067:900310804::1,0.0,2026-10-02T01:01:04.695736+02:00
306895591,de:12067:900310814::1,0.0,2026-10-02T01:01:04.695736+02:00
306895591,de:12067:900311083::3,0.0,2026-10-02T01:01:04.695736+02:00
307332430,de:11000:900029101:1:51,0.0,2026-10-02T01:01:04.695736+02:00
307332430,de:11000:900030202:1:50,-0.3,2026-10-02T01:01:04.695736+02:00
307332430,de:11000:900025424:1:51,-0.2,2026-10-02T01:01:04.695736+02:00
307332430,de:11000:900025321:1:51,-0.2,2026-10-02T01:01:04.695736+02:00
307332430,de:11000:900026105:1:50,-0.4,2026-10-02T01:01:04.695736+02:00
307332430,de:11000:900025423:1:50,-0.7,2026-10-02T01:01:04.695736+02:00
307332430,de:11000:900024102:2:53,-0.7,2026-10-02T01:01:04.695736+02:00
307332430,de:11000:900024101:3:55,-0.3,2026-10-02T01:01:04.695736+02:00
307332430,de:11000:900024203:1:51,-0.8,2026-10-02T01:01:04.695736+02:00
307332430,de:11000:900023201:3:54,-0.7,2026-10-02T01:01:04.695736+02:00
307332430,de:11000:900003103:1:50,-0.8,2026-10-02T01:01:04.695736+02:00
307332430,de:11000:900003102:1:50,-0.9,2026-10-02T01:01:04.695736+02:00
307332430,de:11000:900003201:3:54,-0.5,2026-10-02T01:01:04.695736+02:00
307332430,de:11000:900100001:3:54,-0.1,2026-10-02T01:01:04.695736+02:00
307332430,de:11000:900100002:1:50,-0.4,2026-10-02T01:01:04.695736+02:00
307332430,de:11000:900100003:2:52,-0.1,2026-10-02T01:01:04.695736+02:00
307332430,de:11000:900100004:1:50,-0.4,2026-10-02T01:01:04.695736+02:00
307332430,de:11000:900120005:4:55,-0.6,2026-10-02T01:01:04.695736+02:00
307332430,de:11000:900120004:1:50,-0.1,2026-10-02T01:01:04.695736+02:00
307332430,de:11000:900190001:1:51,-0.2,2026-10-02T01:01:04.695736+02:00
307332430,de:11000:900191002:1:50,0.0,2026-10-02T01:01:04.695736+02:00
307332430,de:11000:900191001:2:52,-0.4,2026-10-02T01:01:04.695736+02:00
307332430,de:11000:900192001:2:52,-0.7,2026-10-02T01:01:04.695736+02:00
307332430,de:11000:900193001:1:50,-0.2,2026-10-02T01:01:04.695736+02:00
307332430,de:11000:900193002:1:50,-0.8,2026-10-02T01:01:04.695736+02:00
307332430,de:11000:900195510:1:51,-0.2,2026-10-02T01:01:04.695736+02:00
307332430,de:11000:900196001:1:50,-0.4,2026-10-02T01:01:04.695736+02:00
307332430,de:12061:900260005:3:54,-0.2,2026-10-02T01:01:04.695736+02:00
307332430,de:12061:900260080:1:50,-0.7,2026-10-02T01:01:04.695736+02:00
307332430,de:12061:900260009:3:55,-0.9,2026-10-02T01:01:04.695736+02:00
306895627,de:12067:900311083::3,0.0,2026-10-02T01:01:04.695736+02:00
306895627,de:12067:900310775::1,0.0,2026-10-02T01:01:04.695736+02:00
306895627,de:12067:900311083::2,0.0,2026-10-02T01:01:04.695736+02:00
306895627,de:12067:900310814::2,0.0,2026-10-02T01:01:04.695736+02:00
306895627,de:12067:900310804::2,0.0,2026-10-02T01:01:04.695736+02:00
306895627,de:12067:900311150::2,0.0,2026-10-02T01:01:04.695736+02:00
306895627,de:12067:900311135::2,0.0,2026-10-02T01:01:04.695736+02:00
306895627,de:12067:900311149::2,0.0,2026-10-02T01:01:04.695736+02:00
306895627,de:12067:900310001::11,0.0,2026-10-02T01:01:04.695736+02:00
306895627,de:12067:900310001::2,0.0,2026-10-02T01:01:04.695736+02:00
306895627,de:12067:900310816::1,0.0,2026-10-02T01:01:04.695736+02:00
306895627,de:12067:900310627::1,0.0,2026-10-02T01:01:04.695736+02:00
306895627,de:12067:900310781::1,0.0,2026-10-02T01:01:04.695736+02:00
306895627,de:12067:900310822::1,0.0,2026-10-02T01:01:04.695736+02:00
306895627,de:12067:900310771::1,0.0,2026-10-02T01:01:04.695736+02:00
306895627,de:12067:900310811::1,0.0,2026-10-02T01:01:04.695736+02:00
306895627,de:12067:900310630::1,0.0,2026-10-02T01:01:04.695736+02:00
306895627,de:12067:900310812::1,0.0,2026-10-02T01:01:04.695736+02:00
306895627,de:12067:900310770::1,0.0,2026-10-02T01:01:04.695736+02:00
306895627,de:12067:900310010::3,0.0,2026-10-02T01:01:04.695736+02:00
306895627,de:12067:900310880::1,0.0,2026-10-02T01:01:04.695736+02:00
306895627,de:12067:900310815::1,0.0,2026-10-02T01:01:04.695736+02:00
306895627,de:12067:900310807::1,0.0,2026-10-02T01:01:04.695736+02:00
307332421,de:11000:900029101:1:51,0.0,2026-10-02T01:01:04.695736+02:00
307332421,de:11000:900030202:1:50,-0.3,2026-10-02T01:01:04.695736+02:00
307332421,de:11000:900025424:1:51,-0.2,2026-10-02T01:01:04.695736+02:00
307332421,de:11000:900025321:1:51,-0.2,2026-10-02T01:01:04.695736+02:00
307332421,de:11000:900026105:1:50,-0.4,2026-10-02T01:01:04.695736+02:00
307332421,de:11000:900025423:1:50,-0.7,2026-10-02T01:01:04.695736+02:00
307332421,de:11000:900024102:2:53,-0.7,2026-10-02T01:01:04.695736+02:00
307332421,de:11000:900024101:3:55,-0.3,2026-10-02T01:01:04.695736+02:00
307332421,de:11000:900024203:1:51,-0.8,2026-10-02T01:01:04.695736+02:00
307332421,de:11000:900023201:3:54,-0.7,2026-10-02T01:01:04.695736+02:00
307332421,de:11000:900003103:1:50,-0.8,2026-10-02T01:01:04.695736+02:00
307332421,de:11000:900003102:1:50,-0.9,2026-10-02T01:01:04.695736+02:00
307332421,de:11000:900003201:3:54,-0.5,2026-10-02T01:01:04.695736+02:00
307332421,de:11000:900100001:3:54,-0.1,2026-10-02T01:01:04.695736+02:00
307332421,de:11000:900100002:1:50,-0.4,2026-10-02T01:01:04.695736+02:00
307332421,de:11000:900100003:2:52,-0.1,2026-10-02T01:01:04.695736+02:00
307332421,de:11000:900100004:1:50,-0.4,2026-10-02T01:01:04.695736+02:00
307332421,de:11000:900120005:4:55,-0.6,2026-10-02T01:01:04.695736+02:00
307332421,de:11000:900120004:1:50,-0.1,2026-10-02T01:01:04.695736+02:00
307332421,de:11000:900190001:1:51,-0.2,2026-10-02T01:01:04.695736+02:00
307332421,de:11000:900191002:1:50,0.0,2026-10-02T01:01:04.695736+02:00
307332421,de:11000:900191001:2:52,-0.4,2026-10-02T01:01:04.695736+02:00
307332421,de:11000:900192001:2:52,-0.7,2026-10-02T01:01:04.695736+02:00
307332421,de:11000:900193001:1:50,-0.2,2026-10-02T01:01:04.695736+02:00
307332421,de:11000:900193002:1:50,-0.8,2026-10-02T01:01:04.695736+02:00
307332421,de:11000:900195510:1:51,-0.2,2026-10-02T01:01:04.695736+02:00
307332421,de:11000:900196001:1:50,-0.4,2026-10-02T01:01:04.695736+02:00
307332421,de:12061:900260005:3:54,-0.2,2026-10-02T01:01:04.695736+02:00
307332421,de:12061:900260080:1:50,-0.7,2026-10-02T01:01:04.695736+02:00
307332421,de:12061:900260009:3:55,-0.9,2026-10-02T01:01:04.695736+02:00
295967884,de:12061:900260009:3:55,0.0,2026-10-02T01:01:04.695736+02:00
295967884,de:12061:900260080:1:51,-0.7,2026-10-02T01:01:04.695736+02:00
295967884,de:12061:900260005:3:55,0.0,2026-10-02T01:01:04.695736+02:00
295967884,de:11000:900196001:1:51,0.0,2026-10-02T01:01:04.695736+02:00
295967884,de:11000:900195510:1:50,-0.4,2026-10-02T01:01:04.695736+02:00
295967884,de:11000:900193002:1:51,-0.6,2026-10-02T01:01:04.695736+02:00
295967884,de:11000:900193001:2:51,-0.3,2026-10-02T01:01:04.695736+02:00
295967884,de:11000:900192001:3:55,-0.2,2026-10-02T01:01:04.695736+02:00
295967884,de:11000:900191001:1:50,0.0,2026-10-02T01:01:04.695736+02:00
295967884,de:11000:900191002:1:51,-0.7,2026-10-02T01:01:04.695736+02:00
295967884,de:11000:900190001:2:53,-0.4,2026-10-02T01:01:04.695736+02:00
295967884,de:11000:900120004:2:52,-0.9,2026-10-02T01:01:04.695736+02:00
295967884,de:11000:900120005:5:57,-0.1,2026-10-02T01:01:04.695736+02:00
295967884,de:11000:900100004:1:51,-0.4,2026-10-02T01:01:04.695736+02:00
295967884,de:11000:900100003:2:53,-0.4,2026-10-02T01:01:04.695736+02:00
295967884,de:11000:900100002:1:51,-0.4,2026-10-02T01:01:04.695736+02:00
295967884,de:11000:900100001:3:55,-0.4,2026-10-02T01:01:04.695736+02:00
295967884,de:11000:900003201:3:55,-0.1,2026-10-02T01:01:04.695736+02:00
295967884,de:11000:900003102:1:51,-0.8,2026-10-02T01:01:04.695736+02:00
295967884,de:11000:900003103:1:51,-0.9,2026-10-02T01:01:04.695736+02:00
295967884,de:11000:900023201:3:55,-0.8,2026-10-02T01:01:04.695736+02:00
295967884,de:11000:900024203:1:51,-0.8,2026-10-02T01:01:04.695736+02:00
295967884,de:11000:900024101:4:57,-0.8,2026-10-02T01:01:04.695736+02:00
295967884,de:11000:900024102:1:50,-0.1,2026-10-02T01:01:04.695736+02:00
295967884,de:11000:900025423:1:50,-0.4,2026-10-02T01:01:04.695736+02:00
295967884,de:11000:900026105:1:50,-0.7,2026-10-02T01:01:04.695736+02:00
295967884,de:11000:900025321:1:50,-0.3,2026-10-02T01:01:04.695736+02:00
295967884,de:11000:900025424:1:50,-0.3,2026-10-02T01:01:04.695736+02:00
295967884,de:11000:900030202:1:50,-0.9,2026-10-02T01:01:04.695736+02:00
295967884,de:11000:900029101:1:51,-0.9,2026-10-02T01:01:04.695736+02:00
306046374,de:11000:900175010::4,0.0,2026-10-02T01:01:04.695736+02:00
306046374,de:12064:900320520::1,0.0,2026-10-02T01:01:04.695736+02:00
306046374,de:11000:900320502::1,0.0,2026-10-02T01:01:04.695736+02:00
306046374,de:11000:900176011::1,0.0,2026-10-02T01:01:04.695736+02:00
306046374,de:11000:900176519::1,0.0,2026-10-02T01:01:04.695736+02:00
306046374,de:12064:900320026::1,0.0,2026-10-02T01:01:04.695736+02:00
306046374,de:12064:900320501::1,0.0,2026-10-02T01:01:04.695736+02:00
306046374,de:12064:900320019::1,0.0,2026-10-02T01:01:04.695736+02:00
306046374,de:12064:900320018::1,0.0,2026-10-02T01:01:04.695736+02:00
306046374,de:12064:900320034::1,0.0,2026-10-02T01:01:04.695736+02:00
306046374,de:12064:900320028::1,0.0,2026-10-02T01:01:04.695736+02:00
306049963,de:12064:900320005::1,0.0,2026-10-02T01:01:04.695736+02:00
306049963,de:12064:900320610::1,0.0,2026-10-02T01:01:04.695736+02:00
306049963,de:12064:900320643::1,0.0,2026-10-02T01:01:04.695736+02:00
306049963,de:12064:900320645::1,0.0,2026-10-02T01:01:04.695736+02:00
306049963,de:12064:900320647::1,0.0,2026-10-02T01:01:04.695736+02:00
306049963,de:12064:900320642::1,0.0,2026-10-02T01:01:04.695736+02:00
306049963,de:12064:900320685::1,0.0,2026-10-02T01:01:04.695736+02:00
306049963,de:12064:900320638::1,0.0,2026-10-02T01:01:04.695736+02:00
306049963,de:12064:900320639::1,0.0,2026-10-02T01:01:04.695736+02:00
306049963,de:12064:900320006::1,0.0,2026-10-02T01:01:04.695736+02:00
306049963,de:12064:900320675::1,0.0,2026-10-02T01:01:04.695736+02:00
306049963,de:12064:900320674::1,0.0,2026-10-02T01:01:04.695736+02:00
306049963,de:12064:900320672::1,0.0,2026-10-02T01:01:04.695736+02:00
306049963,de:12064:900320673::1,0.0,2026-10-02T01:01:04.695736+02:00
306049963,de:12064:900320679::1,0.0,2026-10-02T01:01:04.695736+02:00
306049963,de:12064:900320133::1,0.0,2026-10-02T01:01:04.695736+02:00
306049963,de:12064:900320134::1,0.0,2026-10-02T01:01:04.695736+02:00
306049963,de:12064:900320007::3,0.0,2026-10-02T01:01:04.695736+02:00
306042281,de:12064:900320001::2,0.0,2026-10-02T01:01:04.695736+02:00
306042281,de:12064:900320559::2,0.0,2026-10-02T01:01:04.695736+02:00
306042281,de:12064:900320564::1,0.0,2026-10-02T01:01:04.695736+02:00
306042281,de:12064:900320877::1,0.0,2026-10-02T01:01:04.695736+02:00
306042281,de:12064:900320874::1,0.0,2026-10-02T01:01:04.695736+02:00
306042281,de:12064:900320876::1,0.0,2026-10-02T01:01:04.695736+02:00
306042281,de:12064:900320875::1,0.0,2026-10-02T01:01:04.695736+02:00
306042281,de:12064:900321098::1,0.0,2026-10-02T01:01:04.695736+02:00
306042281,de:12064:900320838::1,0.0,2026-10-02T01:01:04.695736+02:00
306042281,de:12064:900321074::1,0.0,2026-10-02T01:01:04.695736+02:00
306042281,de:12064:900321154::2,0.0,2026-10-02T01:01:04.695736+02:00
306042281,de:12064:900320301::1,0.0,2026-10-02T01:01:04.695736+02:00
306042281,de:12064:900320300::1,0.0,2026-10-02T01:01:04.695736+02:00
306042281,de:12064:900320302::1,0.0,2026-10-02T01:01:04.695736+02:00
306042281,de:12064:900321173::1,0.0,2026-10-02T01:01:04.695736+02:00
306042281,de:12064:900321171::1,0.0,2026-10-02T01:01:04.695736+02:00
306042281,de:12064:900321168::1,0.0,2026-10-02T01:01:04.695736+02:00
306042281,de:12064:900321178::2,0.0,2026-10-02T01:01:04.695736+02:00
306042281,de:12064:900321179::1,0.0,2026-10-02T01:01:04.695736+02:00
306042281,de:12064:900321003::2,0.0,2026-10-02T01:01:04.695736+02:00
306042281,de:12064:900321148::1,0.0,2026-10-02T01:01:04.695736+02:00
306042281,de:12064:900321013::2,0.0,2026-10-02T01:01:04.695736+02:00
306042281,de:12064:900321014::1,0.0,2026-10-02T01:01:04.695736+02:00
306042281,de:12064:900321040::1,0.0,2026-10-02T01:01:04.695736+02:00
306042281,de:12064:900321044::1,0.0,2026-10-02T01:01:04.695736+02:00
306042281,de:12064:900321023::1,0.0,2026-10-02T01:01:04.695736+02:00
306042281,de:12064:900321030::2,0.0,2026-10-02T01:01:04.695736+02:00
306042281,de:12064:900321041::1,0.0,2026-10-02T01:01:04.695736+02:00
306042281,de:12064:900321022::2,0.0,2026-10-02T01:01:04.695736+02:00
306042281,de:12064:900321035::1,0.0,2026-10-02T01:01:04.695736+02:00
306042281,de:12064:900321037::1,0.0,2026-10-02T01:01:04.695736+02:00
306042281,de:12064:900321027::1,0.0,2026-10-02T01:01:04.695736+02:00
306895770,de:12067:900310001::5,0.0,2026-10-02T01:01:04.695736+02:00
306895770,de:12067:900311149::1,0.0,2026-10-02T01:01:04.695736+02:00
306895770,de:12067:900311135::1,0.0,2026-10-02T01:01:04.695736+02:00
306895770,de:12067:900311150::1,0.0,2026-10-02T01:01:04.695736+02:00
306895770,de:12067:900310798::1,0.0,2026-10-02T01:01:04.695736+02:00
306895770,de:12067:900310774::1,0.0,2026-10-02T01:01:04.695736+02:00
306895770,de:12067:900310792::1,0.0,2026-10-02T01:01:04.695736+02:00
306895770,de:12067:900310825::1,0.0,2026-10-02T01:01:04.695736+02:00
306895770,de:12067:900310937::1,0.0,2026-10-02T01:01:04.695736+02:00
306895770,de:12067:900310801::1,0.0,2026-10-02T01:01:04.695736+02:00
306895770,de:12067:900310805::1,0.0,2026-10-02T01:01:04.695736+02:00
306895771,de:12067:900310001::5,0.0,2026-10-02T01:01:04.695736+02:00
306895771,de:12067:900311149::1,0.0,2026-10-02T01:01:04.695736+02:00
306895771,de:12067:900311135::1,0.0,2026-10-02T01:01:04.695736+02:00
306895771,de:12067:900311150::1,0.0,2026-10-02T01:01:04.695736+02:00
306895771,de:12067:900310798::1,0.0,2026-10-02T01:01:04.695736+02:00
306895771,de:12067:900310774::1,0.0,2026-10-02T01:01:04.695736+02:00
306895771,de:12067:900310792::1,0.0,2026-10-02T01:01:04.695736+02:00
306895771,de:12067:900310825::1,0.0,2026-10-02T01:01:04.695736+02:00
306895771,de:12067:900310937::1,0.0,2026-10-02T01:01:04.695736+02:00
306895771,de:12067:900310801::1,0.0,2026-10-02T01:01:04.695736+02:00
306895771,de:12067:900310805::1,0.0,2026-10-02T01:01:04.695736+02:00
295879448,de:11000:900053301:2:52,0.0,2026-10-02T01:01:04.695736+02:00
295879448,de:11000:900052201:1:51,0.0,2026-10-02T01:01:04.695736+02:00
295879448,de:11000:900050355:1:51,-0.3,2026-10-02T01:01:04.695736+02:00
295879448,de:11000:900050301:1:51,-0.4,2026-10-02T01:01:04.695736+02:00
295879448,de:11000:900049201:1:51,0.0,2026-10-02T01:01:04.695736+02:00
295879448,de:11000:900049202:1:51,0.0,2026-10-02T01:01:04.695736+02:00
295879448,de:11000:900066101:1:51,-0.3,2026-10-02T01:01:04.695736+02:00
295879448,de:11000:900066102:1:51,-0.2,2026-10-02T01:01:04.695736+02:00
295879448,de:11000:900062202:1:51,-0.2,2026-10-02T01:01:04.695736+02:00
295879448,de:11000:900063101:1:51,-0.2,2026-10-02T01:01:04.695736+02:00
295879448,de:11000:900060101:1:51,-0.9,2026-10-02T01:01:04.695736+02:00
295879448,de:11000:900054104:1:51,-0.9,2026-10-02T01:01:04.695736+02:00
295879448,de:11000:900057104:1:50,-0.4,2026-10-02T01:01:04.695736+02:00
295879448,de:11000:900057102:1:51,-0.1,2026-10-02T01:01:04.695736+02:00
295879448,de:11000:900012101:2:52,-0.9,2026-10-02T01:01:04.695736+02:00
295879448,de:11000:900100020:4:57,-0.3,2026-10-02T01:01:04.695736+02:00
295879448,de:11000:900100025:1:51,-0.4,2026-10-02T01:01:04.695736+02:00
295879448,de:11000:900100001:4:57,-0.1,2026-10-02T01:01:04.695736+02:00
295879448,de:11000:900100007:1:51,-0.2,2026-10-02T01:01:04.695736+02:00
295879448,de:11000:900007104:2:52,-0.2,2026-10-02T01:01:04.695736+02:00
295879448,de:11000:900008101:1:51,-0.9,2026-10-02T01:01:04.695736+02:00
295879448,de:11000:900007102:2:53,-0.6,2026-10-02T01:01:04.695736+02:00
295879448,de:11000:900110011:2:53,-0.9,2026-10-02T01:01:04.695736+02:00
295879448,de:11000:900085201:1:50,-0.9,2026-10-02T01:01:04.695736+02:00
295879448,de:11000:900084101:1:50,-0.7,2026-10-02T01:01:04.695736+02:00
295879448,de:11000:900096101:1:50,-0.8,2026-10-02T01:01:04.695736+02:00
295879448,de:11000:900094101:1:50,-0.1,2026-10-02T01:01:04.695736+02:00
295879448,de:11000:900093201:1:50,-0.4,2026-10-02T01:01:04.695736+02:00
295879448,de:11000:900092201:1:50,-0.2,2026-10-02T01:01:04.695736+02:00
295879448,de:12065:900200009:1:50,-0.7,2026-10-02T01:01:04.695736+02:00
295879448,de:12065:900200008:1:50,-0.7,2026-10-02T01:01:04.695736+02:00
295879448,de:12065:900200007:1:50,-0.2,2026-10-02T01:01:04.695736+02:00
295879448,de:12065:900200006:1:50,-0.5,2026-10-02T01:01:04.695736+02:00
295879448,de:12065:900200005:3:1,-0.9,2026-10-02T01:01:04.695736+02:00
295879321,de:12065:900200005:3:1,0.0,2026-10-02T01:01:04.695736+02:00
295879321,de:12065:900200006:1:51,-0.3,2026-10-02T01:01:04.695736+02:00
295879321,de:12065:900200007:1:51,-0.7,2026-10-02T01:01:04.695736+02:00
295879321,de:12065:900200008:1:51,-0.2,2026-10-02T01:01:04.695736+02:00
295879321,de:12065:900200009:1:51,-0.1,2026-10-02T01:01:04.695736+02:00
295879321,de:11000:900092201:1:51,-0.7,2026-10-02T01:01:04.695736+02:00
295879321,de:11000:900093201:1:51,-0.4,2026-10-02T01:01:04.695736+02:00
295879321,de:11000:900094101:1:51,-0.8,2026-10-02T01:01:04.695736+02:00
295879321,de:11000:900096101:1:51,-0.1,2026-10-02T01:01:04.695736+02:00
295879321,de:11000:900084101:1:51,-0.2,2026-10-02T01:01:04.695736+02:00
295879321,de:11000:900085201:1:51,-0.8,2026-10-02T01:01:04.695736+02:00
295879321,de:11000:900130003:1:51,-0.8,2026-10-02T01:01:04.695736+02:00
295879321,de:11000:900110011:1:50,-0.9,2026-10-02T01:01:04.695736+02:00
295879321,de:11000:900007102:1:50,-0.9,2026-10-02T01:01:04.695736+02:00
295879321,de:11000:900008101:1:50,0.0,2026-10-02T01:01:04.695736+02:00
295879321,de:11000:900007104:1:51,-0.7,2026-10-02T01:01:04.695736+02:00
295879321,de:11000:900100007:1:50,-0.7,2026-10-02T01:01:04.695736+02:00
295879321,de:11000:900100001:4:56,-0.5,2026-10-02T01:01:04.695736+02:00
295879321,de:11000:900100025:1:50,-0.4,2026-10-02T01:01:04.695736+02:00
295879321,de:11000:900100020:3:54,-0.4,2026-10-02T01:01:04.695736+02:00
295879321,de:11000:900012101:1:51,-0.5,2026-10-02T01:01:04.695736+02:00
295879321,de:11000:900057102:1:50,-0.7,2026-10-02T01:01:04.695736+02:00
295879321,de:11000:900057104:2:51,-0.4,2026-10-02T01:01:04.695736+02:00
295879321,de:11000:900054104:1:50,-0.3,2026-10-02T01:01:04.695736+02:00
295879321,de:11000:900060101:1:50,-0.3,2026-10-02T01:01:04.695736+02:00
295879321,de:11000:900063101:1:50,-0.1,2026-10-02T01:01:04.695736+02:00
295879321,de:11000:900062202:1:50,-0.1,2026-10-02T01:01:04.695736+02:00
295879321,de:11000:900066102:1:50,-0.2,2026-10-02T01:01:04.695736+02:00
295879321,de:11000:900066101:1:50,-0.1,2026-10-02T01:01:04.695736+02:00
295879321,de:11000:900049202:1:50,-0.3,2026-10-02T01:01:04.695736+02:00
295879321,de:11000:900049201:1:50,-0.4,2026-10-02T01:01:04.695736+02:00
295879321,de:11000:900050301:1:50,0.0,2026-10-02T01:01:04.695736+02:00
295879321,de:11000:900050355:1:50,-0.1,2026-10-02T01:01:04.695736+02:00
295879321,de:11000:900052201:1:50,-0.5,2026-10-02T01:01:04.695736+02:00
295879321,de:11000:900053301:1:51,-0.9,2026-10-02T01:01:04.695736+02:00
295879305,de:12065:900200005:3:1,0.0,2026-10-02T01:01:04.695736+02:00
295879305,de:12065:900200006:1:51,-0.3,2026-10-02T01:01:04.695736+02:00
295879305,de:12065:900200007:1:51,-0.7,2026-10-02T01:01:04.695736+02:00
295879305,de:12065:900200008:1:51,-0.2,2026-10-02T01:01:04.695736+02:00
295879305,de:12065:900200009:1:51,-0.1,2026-10-02T01:01:04.695736+02:00
295879305,de:11000:900092201:1:51,-0.7,2026-10-02T01:01:04.695736+02:00
295879305,de:11000:900093201:1:51,-0.4,2026-10-02T01:01:04.695736+02:00
295879305,de:11000:900094101:1:51,-0.8,2026-10-02T01:01:04.695736+02:00
295879305,de:11000:900096101:1:51,-0.1,2026-10-02T01:01:04.695736+02:00
295879305,de:11000:900084101:1:51,-0.2,2026-10-02T01:01:04.695736+02:00
295879305,de:11000:900085201:1:51,-0.8,2026-10-02T01:01:04.695736+02:00
295879305,de:11000:900130003:1:51,-0.8,2026-10-02T01:01:04.695736+02:00
295879305,de:11000:900110011:1:50,-0.9,2026-10-02T01:01:04.695736+02:00
295879305,de:11000:900007102:1:50,-0.9,2026-10-02T01:01:04.695736+02:00
295879305,de:11000:900008101:1:50,0.0,2026-10-02T01:01:04.695736+02:00
295879305,de:11000:900007104:1:51,-0.7,2026-10-02T01:01:04.695736+02:00
295879305,de:11000:900100007:1:50,-0.7,2026-10-02T01:01:04.695736+02:00
295879305,de:11000:900100001:4:56,-0.5,2026-10-02T01:01:04.695736+02:00
295879305,de:11000:900100025:1:50,-0.4,2026-10-02T01:01:04.695736+02:00
295879305,de:11000:900100020:3:54,-0.4,2026-10-02T01:01:04.695736+02:00
295879305,de:11000:900012101:1:51,-0.5,2026-10-02T01:01:04.695736+02:00
295879305,de:11000:900057102:1:50,-0.7,2026-10-02T01:01:04.695736+02:00
295879305,de:11000:900057104:2:51,-0.4,2026-10-02T01:01:04.695736+02:00
295879305,de:11000:900054104:1:50,-0.3,2026-10-02T01:01:04.695736+02:00
295879305,de:11000:900060101:1:50,-0.3,2026-10-02T01:01:04.695736+02:00
295879305,de:11000:900063101:1:50,-0.1,2026-10-02T01:01:04.695736+02:00
295879305,de:11000:900062202:1:50,-0.1,2026-10-02T01:01:04.695736+02:00
295879305,de:11000:900066102:1:50,-0.2,2026-10-02T01:01:04.695736+02:00
295879305,de:11000:900066101:1:50,-0.1,2026-10-02T01:01:04.695736+02:00
295879305,de:11000:900049202:1:50,-0.3,2026-10-02T01:01:04.695736+02:00
295879305,de:11000:900049201:1:50,-0.4,2026-10-02T01:01:04.695736+02:00
295879305,de:11000:900050301:1:50,0.0,2026-10-02T01:01:04.695736+02:00
295879305,de:11000:900050355:1:50,-0.1,2026-10-02T01:01:04.695736+02:00
295879305,de:11000:900052201:1:50,-0.5,2026-10-02T01:01:04.695736+02:00
295879305,de:11000:900053301:1:51,-0.9,2026-10-02T01:01:04.695736+02:00
306896074,de:12067:900310558::2,0.0,2026-10-02T01:01:04.695736+02:00
306896074,de:12067:900310559::2,0.0,2026-10-02T01:01:04.695736+02:00
306896074,de:12067:900310563::4,0.0,2026-10-02T01:01:04.695736+02:00
306896074,de:12067:900310013::2,0.0,2026-10-02T01:01:04.695736+02:00
306896074,de:12067:900310572::1,0.0,2026-10-02T01:01:04.695736+02:00
306896074,de:11000:900310550::1,0.0,2026-10-02T01:01:04.695736+02:00
306896074,de:12067:900310534::1,0.0,2026-10-02T01:01:04.695736+02:00
306896074,de:12067:900310580::1,0.0,2026-10-02T01:01:04.695736+02:00
306896074,de:12067:900311095::1,0.0,2026-10-02T01:01:04.695736+02:00
306896074,de:12067:900311097::1,0.0,2026-10-02T01:01:04.695736+02:00
306896074,de:12067:900311096::2,0.0,2026-10-02T01:01:04.695736+02:00
306896074,de:12067:900310516::3,0.0,2026-10-02T01:01:04.695736+02:00
306896074,de:12067:900311014::1,0.0,2026-10-02T01:01:04.695736+02:00
306896074,de:12067:900311012::1,0.0,2026-10-02T01:01:04.695736+02:00
306896074,de:12067:900310574::1,0.0,2026-10-02T01:01:04.695736+02:00
306896074,de:12067:900310529::1,0.0,2026-10-02T01:01:04.695736+02:00
306896074,de:12067:900310503::1,0.0,2026-10-02T01:01:04.695736+02:00
306896074,de:12067:900310502::1,0.0,2026-10-02T01:01:04.695736+02:00
306896074,de:12067:900310014::1,0.0,2026-10-02T01:01:04.695736+02:00
306896074,de:12067:900310511::1,0.0,2026-10-02T01:01:04.695736+02:00
306896074,de:12067:900310501::1,0.0,2026-10-02T01:01:04.695736+02:00
306896074,de:12067:900310500::2,0.0,2026-10-02T01:01:04.695736+02:00
306896074,de:12067:900310021::2,0.0,2026-10-02T01:01:04.695736+02:00
295883508,de:11000:900049201:1:51,0.0,2026-10-02T01:01:04.695736+02:00
295883508,de:11000:900049202:1:51,0.0,2026-10-02T01:01:04.695736+02:00
295883508,de:11000:900066101:1:51,-0.3,2026-10-02T01:01:04.695736+02:00
295883508,de:11000:900066102:1:51,-0.2,2026-10-02T01:01:04.695736+02:00
295883508,de:11000:900062202:1:51,-0.2,2026-10-02T01:01:04.695736+02:00
295883508,de:11000:900063101:1:51,-0.2,2026-10-02T01:01:04.695736+02:00
295883508,de:11000:900060101:1:51,-0.9,2026-10-02T01:01:04.695736+02:00
295883508,de:11000:900054104:1:51,-0.9,2026-10-02T01:01:04.695736+02:00
295883508,de:11000:900057104:1:50,-0.4,2026-10-02T01:01:04.695736+02:00
295883508,de:11000:900057102:1:51,-0.1,2026-10-02T01:01:04.695736+02:00
295883508,de:11000:900012101:2:52,-0.8,2026-10-02T01:01:04.695736+02:00
295883508,de:11000:900100020:4:57,-0.9,2026-10-02T01:01:04.695736+02:00
295883456,de:11000:900100020:3:55,0.0,2026-10-02T01:01:04.695736+02:00
295883456,de:11000:900012101:1:51,-0.5,2026-10-02T01:01:04.695736+02:00
295883456,de:11000:900057102:1:50,-0.7,2026-10-02T01:01:04.695736+02:00
295883456,de:11000:900057104:2:51,-0.4,2026-10-02T01:01:04.695736+02:00
295883456,de:11000:900054104:1:50,-0.3,2026-10-02T01:01:04.695736+02:00
295883456,de:11000:900060101:1:50,-0.3,2026-10-02T01:01:04.695736+02:00
295883456,de:11000:900063101:1:50,-0.1,2026-10-02T01:01:04.695736+02:00
295883456,de:11000:900062202:1:50,-0.1,2026-10-02T01:01:04.695736+02:00
295883456,de:11000:900066102:1:50,-0.2,2026-10-02T01:01:04.695736+02:00
295883456,de:11000:900066101:1:50,-0.1,2026-10-02T01:01:04.695736+02:00
295883456,de:11000:900049202:1:50,-0.3,2026-10-02T01:01:04.695736+02:00
295883456,de:11000:900049201:1:51,-0.4,2026-10-02T01:01:04.695736+02:00
307252177,de:11000:900007102:1:51,0.0,2026-10-02T01:01:04.695736+02:00
307252177,de:11000:900009104:1:51,-0.8,2026-10-02T01:01:04.695736+02:00
307252177,de:11000:900003200:5:58,-0.7,2026-10-02T01:01:04.695736+02:00
307252329,de:11000:900003200:5:58,0.0,2026-10-02T01:01:04.695736+02:00
307252329,de:11000:900009104:1:50,-0.8,2026-10-02T01:01:04.695736+02:00
307252329,de:11000:900007102:2:52,-0.4,2026-10-02T01:01:04.695736+02:00
306896764,de:12067:900310013::5,0.0,2026-10-02T01:01:04.695736+02:00
306896764,de:12067:900310557::3,0.0,2026-10-02T01:01:04.695736+02:00
306896764,de:12067:900310555::1,0.0,2026-10-02T01:01:04.695736+02:00
306896764,de:12067:900311114::1,0.0,2026-10-02T01:01:04.695736+02:00
306896764,de:12067:900310002::7,0.0,2026-10-02T01:01:04.695736+02:00
306896764,de:12067:900310864::1,0.0,2026-10-02T01:01:04.695736+02:00
306896764,de:12067:900310861::1,0.0,2026-10-02T01:01:04.695736+02:00
306896764,de:12067:900311157::2,0.0,2026-10-02T01:01:04.695736+02:00
306896764,de:12067:900310860::2,0.0,2026-10-02T01:01:04.695736+02:00
306896764,de:12067:900311125::2,0.0,2026-10-02T01:01:04.695736+02:00
306896764,de:12067:900310936::2,0.0,2026-10-02T01:01:04.695736+02:00
306896764,de:12067:900310788::2,0.0,2026-10-02T01:01:04.695736+02:00
306896764,de:12067:900310696::2,0.0,2026-10-02T01:01:04.695736+02:00
306896764,de:12067:900310001::11,0.0,2026-10-02T01:01:04.695736+02:00
306896234,de:12067:900310013::5,0.0,2026-10-02T01:01:04.695736+02:00
306896234,de:12067:900310563::3,0.0,2026-10-02T01:01:04.695736+02:00
306896234,de:12067:900310563::4,0.0,2026-10-02T01:01:04.695736+02:00
306896234,de:12067:900310557::3,0.0,2026-10-02T01:01:04.695736+02:00
306896234,de:12067:900310555::1,0.0,2026-10-02T01:01:04.695736+02:00
306896234,de:12067:900310852::1,0.0,2026-10-02T01:01:04.695736+02:00
306896234,de:12067:900310850::1,0.0,2026-10-02T01:01:04.695736+02:00
306896234,de:12067:900310851::1,0.0,2026-10-02T01:01:04.695736+02:00
306896234,de:12067:900310849::1,0.0,2026-10-02T01:01:04.695736+02:00
306896234,de:12067:900310856::1,0.0,2026-10-02T01:01:04.695736+02:00
306896234,de:12067:900310849::2,0.0,2026-10-02T01:01:04.695736+02:00
306896234,de:12067:900310851::2,0.0,2026-10-02T01:01:04.695736+02:00
306896234,de:12067:900310850::2,0.0,2026-10-02T01:01:04.695736+02:00
306896234,de:12067:900310852::2,0.0,2026-10-02T01:01:04.695736+02:00
306896234,de:12067:900310002::7,0.0,2026-10-02T01:01:04.695736+02:00
306896234,de:12067:900310864::1,0.0,2026-10-02T01:01:04.695736+02:00
306896900,de:12067:900310001::4,0.0,2026-10-02T01:01:04.695736+02:00
306896900,de:12067:900310816::1,0.0,2026-10-02T01:01:04.695736+02:00
306896900,de:12067:900310627::1,0.0,2026-10-02T01:01:04.695736+02:00
306896900,de:12067:900310781::1,0.0,2026-10-02T01:01:04.695736+02:00
306896900,de:12067:900310822::1,0.0,2026-10-02T01:01:04.695736+02:00
306896900,de:12067:900310771::1,0.0,2026-10-02T01:01:04.695736+02:00
306896900,de:12067:900310800::1,0.0,2026-10-02T01:01:04.695736+02:00
306896900,de:12067:900310879::1,0.0,2026-10-02T01:01:04.695736+02:00
306896900,de:12067:900310010::4,0.0,2026-10-02T01:01:04.695736+02:00
306896900,de:12067:900310880::1,0.0,2026-10-02T01:01:04.695736+02:00
306896900,de:12067:900310900::1,0.0,2026-10-02T01:01:04.695736+02:00
306896900,de:12067:900310917::1,0.0,2026-10-02T01:01:04.695736+02:00
306896900,de:12067:900310916::1,-0.5,2026-10-02T01:01:04.695736+02:00
306896900,de:12067:900310915::1,-0.5,2026-10-02T01:01:04.695736+02:00
306896900,de:12067:900310703::4,0.0,2026-10-02T01:01:04.695736+02:00
306896900,de:12067:900310914::1,0.0,2026-10-02T01:01:04.695736+02:00
306896900,de:12067:900310974::1,0.0,2026-10-02T01:01:04.695736+02:00
306896900,de:12067:900310975::1,0.0,2026-10-02T01:01:04.695736+02:00
306896900,de:12067:900310908::1,0.0,2026-10-02T01:01:04.695736+02:00
306896900,de:12067:900311002::1,0.0,2026-10-02T01:01:04.695736+02:00
306896900,de:12067:900310841::1,0.0,2026-10-02T01:01:04.695736+02:00
306896900,de:12067:900310722::1,-0.5,2026-10-02T01:01:04.695736+02:00
306896900,de:12067:900310637::1,0.0,2026-10-02T01:01:04.695736+02:00
306896900,de:12067:900311129::7,0.0,2026-10-02T01:01:04.695736+02:00
306896900,de:12067:900311129::4,0.0,2026-10-02T01:01:04.695736+02:00
306896900,de:12067:900310727::3,0.0,2026-10-02T01:01:04.695736+02:00
306896900,de:12067:900310755::2,0.0,2026-10-02T01:01:04.695736+02:00
306896900,de:12067:900310728::3,0.0,2026-10-02T01:01:04.695736+02:00
306896900,de:12067:900311129::6,0.0,2026-10-02T01:01:04.695736+02:00
295882458,de:11000:900092201:1:50,0.0,2026-10-02T01:01:04.695736+02:00
295882458,de:11000:900093201:1:51,-0.4,2026-10-02T01:01:04.695736+02:00
295882458,de:11000:900094101:1:51,-0.3,2026-10-02T01:01:04.695736+02:00
295882458,de:11000:900096101:1:51,-0.1,2026-10-02T01:01:04.695736+02:00
295882458,de:11000:900084101:1:51,-0.2,2026-10-02T01:01:04.695736+02:00
295882458,de:11000:900085201:1:51,-0.8,2026-10-02T01:01:04.695736+02:00
295882458,de:11000:900130003:1:51,-0.8,2026-10-02T01:01:04.695736+02:00
295882458,de:11000:900110011:1:50,-0.9,2026-10-02T01:01:04.695736+02:00
295882458,de:11000:900007102:1:50,-0.9,2026-10-02T01:01:04.695736+02:00
295882458,de:11000:900008101:1:50,0.0,2026-10-02T01:01:04.695736+02:00
295882458,de:11000:900007104:1:51,-0.7,2026-10-02T01:01:04.695736+02:00
295882458,de:11000:900100007:1:50,-0.7,2026-10-02T01:01:04.695736+02:00
295882458,de:11000:900100001:4:56,-0.5,2026-10-02T01:01:04.695736+02:00
295882458,de:11000:900100025:1:50,-0.4,2026-10-02T01:01:04.695736+02:00
295882458,de:11000:900100020:3:54,-0.4,2026-10-02T01:01:04.695736+02:00
295882458,de:11000:900012101:1:51,-0.5,2026-10-02T01:01:04.695736+02:00
295882458,de:11000:900057102:1:50,-0.7,2026-10-02T01:01:04.695736+02:00
295882458,de:11000:900057104:2:51,-0.4,2026-10-02T01:01:04.695736+02:00
295882458,de:11000:900054104:1:50,-0.3,2026-10-02T01:01:04.695736+02:00
295882458,de:11000:900060101:1:50,-0.3,2026-10-02T01:01:04.695736+02:00
295882458,de:11000:900063101:1:50,-0.1,2026-10-02T01:01:04.695736+02:00
295882458,de:11000:900062202:1:50,-0.1,2026-10-02T01:01:04.695736+02:00
295882458,de:11000:900066102:1:50,-0.2,2026-10-02T01:01:04.695736+02:00
295882458,de:11000:900066101:1:50,-0.1,2026-10-02T01:01:04.695736+02:00
295882458,de:11000:900049202:1:50,-0.3,2026-10-02T01:01:04.695736+02:00
295882458,de:11000:900049201:1:50,-0.4,2026-10-02T01:01:04.695736+02:00
295882458,de:11000:900050301:1:50,0.0,2026-10-02T01:01:04.695736+02:00
295882458,de:11000:900050355:1:50,-0.1,2026-10-02T01:01:04.695736+02:00
295882458,de:11000:900052201:1:50,-0.5,2026-10-02T01:01:04.695736+02:00
295882458,de:11000:900053301:1:51,-0.9,2026-10-02T01:01:04.695736+02:00
306896129,de:12067:900311043::1,0.0,2026-10-02T01:01:04.695736+02:00
306896129,de:12067:900311042::2,0.0,2026-10-02T01:01:04.695736+02:00
306896129,de:12067:900310953::2,0.0,2026-10-02T01:01:04.695736+02:00
306896129,de:12067:900310954::2,0.0,2026-10-02T01:01:04.695736+02:00
306896129,de:12067:900310956::2,0.0,2026-10-02T01:01:04.695736+02:00
306896129,de:12067:900310951::2,0.0,2026-10-02T01:01:04.695736+02:00
306896129,de:12067:900310955::2,0.0,2026-10-02T01:01:04.695736+02:00
306896129,de:12067:900310568::2,0.0,2026-10-02T01:01:04.695736+02:00
306896129,de:12067:900310556::2,0.0,2026-10-02T01:01:04.695736+02:00
306896129,de:12067:900310558::4,0.0,2026-10-02T01:01:04.695736+02:00
306896129,de:12067:900310559::2,0.0,2026-10-02T01:01:04.695736+02:00
306896129,de:12067:900310563::4,0.0,2026-10-02T01:01:04.695736+02:00
306896129,de:12067:900310013::7,0.0,2026-10-02T01:01:04.695736+02:00
307432341,de:12054:900230003:4:53,0.0,2026-10-02T01:01:04.695736+02:00
307432341,de:12054:900230999:1:51,0.0,2026-10-02T01:01:04.695736+02:00
307432341,de:12054:900230006:1:50,0.0,2026-10-02T01:01:04.695736+02:00
307432341,de:12054:900230007:2:52,0.0,2026-10-02T01:01:04.695736+02:00
307432341,de:12054:900220010:1:50,0.0,2026-10-02T01:01:04.695736+02:00
307432341,de:12054:900230002:1:52,0.0,2026-10-02T01:01:04.695736+02:00
307432341,de:12069:900220002:1:50,0.0,2026-10-02T01:01:04.695736+02:00
307432341,de:12072:900245836:1:50,0.0,2026-10-02T01:01:04.695736+02:00
307432341,de:12061:900260009:2:54,0.0,2026-10-02T01:01:04.695736+02:00
307433721,de:12065:900200005:2:1,0.0,2026-10-02T01:01:04.695736+02:00
307433721,de:11000:900152001:3:53,-1.0,2026-10-02T01:01:04.695736+02:00
307433721,de:11000:900160004:4:56,0.0,2026-10-02T01:01:04.695736+02:00
307433721,de:11000:900120003:4:56,0.0,2026-10-02T01:01:04.695736+02:00
307433721,de:11000:900192001:1:50,0.0,2026-10-02T01:01:04.695736+02:00
307433721,de:12061:900260009:2:54,0.0,2026-10-02T01:01:04.695736+02:00
307433721,de:12072:900245030:2:51,0.0,2026-10-02T01:01:04.695736+02:00
307433721,de:12072:900245029:2:52,0.0,2026-10-02T01:01:04.695736+02:00
307432899,de:12072:900245027:2:53,0.0,2026-10-02T01:01:04.695736+02:00
307432899,de:12061:900260009:2:54,0.0,2026-10-02T01:01:04.695736+02:00
307432899,de:11000:900192001:1:51,0.0,2026-10-02T01:01:04.695736+02:00
307432899,de:11000:900120003:4:57,0.0,2026-10-02T01:01:04.695736+02:00
307432899,de:11000:900160004:2:52,0.0,2026-10-02T01:01:04.695736+02:00
307432899,de:11000:900152001:2:52,0.0,2026-10-02T01:01:04.695736+02:00
307432899,de:12060:900350160:2:53,0.0,2026-10-02T01:01:04.695736+02:00
307432899,de:12060:900350158:1:50,0.0,2026-10-02T01:01:04.695736+02:00
307432899,de:12060:900350137:1:50,0.0,2026-10-02T01:01:04.695736+02:00
307432899,de:12060:900350126:1:50,0.0,2026-10-02T01:01:04.695736+02:00
307432899,de:12060:900350127:2:51,0.0,2026-10-02T01:01:04.695736+02:00
307438023,de:12053:900360000:3:54,0.0,2026-10-02T01:01:04.695736+02:00
307438023,de:12067:900311233:1:50,0.0,2026-10-02T01:01:04.695736+02:00
307438023,de:12067:900311232:1:50,0.0,2026-10-02T01:01:04.695736+02:00
307438023,de:12067:900311620:1:50,0.0,2026-10-02T01:01:04.695736+02:00
307438023,de:12067:900311631:1:50,0.0,2026-10-02T01:01:04.695736+02:00
307438023,de:12067:900311307:1:50,0.0,2026-10-02T01:01:04.695736+02:00
307438023,de:12067:900310601:1:50,0.0,2026-10-02T01:01:04.695736+02:00
307438023,de:12067:900311612:1:51,0.0,2026-10-02T01:01:04.695736+02:00
307438023,de:12067:900311250:2:51,0.0,2026-10-02T01:01:04.695736+02:00
307438023,de:12071:900445593:1:50,0.0,2026-10-02T01:01:04.695736+02:00
307438023,de:12071:900445801:2:51,0.0,2026-10-02T01:01:04.695736+02:00
307438023,de:12071:900445751:2:51,0.0,2026-10-02T01:01:04.695736+02:00
307438023,de:12071:900445750:2:51,0.0,2026-10-02T01:01:04.695736+02:00
307438023,de:12071:900446103:1:50,0.0,2026-10-02T01:01:04.695736+02:00
307438023,de:12071:900446411:1:50,0.0,2026-10-02T01:01:04.695736+02:00
307438023,de:12052:900470307:1:50,0.0,2026-10-02T01:01:04.695736+02:00
307438023,de:12052:900470163:1:50,0.0,2026-10-02T01:01:04.695736+02:00
307438023,de:12052:900470001:1:50,0.0,2026-10-02T01:01:04.695736+02:00
307438023,de:12052:900470000:4:55,0.0,2026-10-02T01:01:04.695736+02:00
307438023,de:12066:900435459:2:51,0.0,2026-10-02T01:01:04.695736+02:00
307438023,de:12062:900415005:2:51,0.0,2026-10-02T01:01:04.695736+02:00
307438023,de:12062:900415112:3:52,0.0,2026-10-02T01:01:04.695736+02:00
307438023,de:12062:900415345:4:55,0.0,2026-10-02T01:01:04.695736+02:00
307438023,de:14730:8011131,0.0,2026-10-02T01:01:04.695736+02:00
307438023,de:14730:8010351,0.0,2026-10-02T01:01:04.695736+02:00
307438023,de:14730:8010095,0.0,2026-10-02T01:01:04.695736+02:00
307438023,de:14730:8013093,0.0,2026-10-02T01:01:04.695736+02:00
307438023,de:14713:8010205,0.0,2026-10-02T01:01:04.695736+02:00
307440059,de:12052:900470000:2:51,0.0,2026-10-02T01:01:04.695736+02:00
307440059,de:12071:900445360:1:50,0.0,2026-10-02T01:01:04.695736+02:00
307440059,de:12066:900435347:1:50,0.0,2026-10-02T01:01:04.695736+02:00
307440059,de:12066:900435001:2:52,0.0,2026-10-02T01:01:04.695736+02:00
307440059,de:12066:900435000:1:50,0.0,2026-10-02T01:01:04.695736+02:00
307440059,de:12066:900435061:2:51,0.0,2026-10-02T01:01:04.695736+02:00
307440059,de:12066:900435801:1:50,0.0,2026-10-02T01:01:04.695736+02:00
307440059,de:14627:5440,0.0,2026-10-02T01:01:04.695736+02:00
307440059,de:14627:5021,0.0,2026-10-02T01:01:04.695736+02:00
307440059,de:14627:5100,0.0,2026-10-02T01:01:04.695736+02:00
307440059,de:14627:4401,0.0,2026-10-02T01:01:04.695736+02:00
307440059,de:14627:4180,0.0,2026-10-02T01:01:04.695736+02:00
307440059,de:14612:16,0.0,2026-10-02T01:01:04.695736+02:00
307430677,de:12065:900200005:1:2,0.0,2026-10-02T01:01:04.695736+02:00
307430677,de:12065:900200008:1:50,0.0,2026-10-02T01:01:04.695736+02:00
307430677,de:12065:900200010:1:50,0.0,2026-10-02T01:01:04.695736+02:00
307430677,de:12065:900200000:1:50,0.0,2026-10-02T01:01:04.695736+02:00
307430677,de:12063:900210001:1:50,0.0,2026-10-02T01:01:04.695736+02:00
307430677,de:12054:900220012:1:50,0.0,2026-10-02T01:01:04.695736+02:00
307430677,de:12054:900220010:2:51,0.0,2026-10-02T01:01:04.695736+02:00
307430677,de:12054:900230007:2:52,0.0,2026-10-02T01:01:04.695736+02:00
307430677,de:12054:900230006:2:51,0.0,2026-10-02T01:01:04.695736+02:00
307430677,de:12054:900230999:2:53,0.0,2026-10-02T01:01:04.695736+02:00
307430677,de:12054:900230003:4:53,0.0,2026-10-02T01:01:04.695736+02:00
307435332,de:12061:900260009:2:54,0.0,2026-10-02T01:01:04.695736+02:00
307435332,de:11000:900058101:4:57,0.0,2026-10-02T01:01:04.695736+02:00
307435332,de:11000:900100020:2:53,0.0,2026-10-02T01:01:04.695736+02:00
307435332,de:11000:900003200:4:57,0.0,2026-10-02T01:01:04.695736+02:00
307430384,de:11000:900029101:2:53,0.0,2026-10-02T01:01:04.695736+02:00
307430384,de:11000:900037168:1:50,0.0,2026-10-02T01:01:04.695736+02:00
307430384,de:12063:900210180:1:50,0.0,2026-10-02T01:01:04.695736+02:00
307430384,de:12063:900210010:1:50,0.0,2026-10-02T01:01:04.695736+02:00
307430384,de:12063:900210011:1:50,0.0,2026-10-02T01:01:04.695736+02:00
307430384,de:12063:900210326:1:50,0.0,2026-10-02T01:01:04.695736+02:00
307430384,de:12063:900210005:2:53,0.0,2026-10-02T01:01:04.695736+02:00
307436753,de:12069:900222030:2:51,0.0,2026-10-02T01:01:04.695736+02:00
307436753,de:12069:900220005:2:51,0.0,2026-10-02T01:01:04.695736+02:00
307436753,de:12069:900220004:2:51,0.0,2026-10-02T01:01:04.695736+02:00
307436753,de:12069:900220003:1:51,0.0,2026-10-02T01:01:04.695736+02:00
307436753,de:12069:900220006:2:51,0.0,2026-10-02T01:01:04.695736+02:00
307436753,de:12069:900220008:2:51,0.0,2026-10-02T01:01:04.695736+02:00
307436753,de:12054:900230001:2:51,0.0,2026-10-02T01:01:04.695736+02:00
307436753,de:11000:900053301:3:55,0.0,2026-10-02T01:01:04.695736+02:00
295893038,de:12072:900245028:1:51,0.0,2026-10-02T01:01:04.695736+02:00
295893038,de:12072:900245027:2:52,-0.9,2026-10-02T01:01:04.695736+02:00
295893098,de:12072:900245027:2:52,0.0,2026-10-02T01:01:04.695736+02:00
295893098,de:12072:900245028:1:50,-0.9,2026-10-02T01:01:04.695736+02:00
295893098,de:11000:900074201:1:50,-0.9,2026-10-02T01:01:04.695736+02:00
295893098,de:11000:900074202:2:51,-0.1,2026-10-02T01:01:04.695736+02:00
295893098,de:11000:900072101:2:51,-0.1,2026-10-02T01:01:04.695736+02:00
295893098,de:11000:900073101:1:51,-0.4,2026-10-02T01:01:04.695736+02:00
295893098,de:11000:900068301:1:51,-0.7,2026-10-02T01:01:04.695736+02:00
295893098,de:11000:900058102:2:51,-0.7,2026-10-02T01:01:04.695736+02:00
295893098,de:11000:900058101:1:51,-0.3,2026-10-02T01:01:04.695736+02:00
295893098,de:11000:900058103:1:51,-0.1,2026-10-02T01:01:04.695736+02:00
295893098,de:11000:900012101:2:53,-0.7,2026-10-02T01:01:04.695736+02:00
295893098,de:11000:900100020:4:57,-0.8,2026-10-02T01:01:04.695736+02:00
295893098,de:11000:900100025:1:51,-0.9,2026-10-02T01:01:04.695736+02:00
295893098,de:11000:900100001:4:57,-0.6,2026-10-02T01:01:04.695736+02:00
295893098,de:11000:900100007:1:51,-0.7,2026-10-02T01:01:04.695736+02:00
295893098,de:11000:900007104:2:52,-0.7,2026-10-02T01:01:04.695736+02:00
295893098,de:11000:900008101:1:51,-0.4,2026-10-02T01:01:04.695736+02:00
295893098,de:11000:900007102:2:53,-0.1,2026-10-02T01:01:04.695736+02:00
295893098,de:11000:900110011:2:52,-0.4,2026-10-02T01:01:04.695736+02:00
295893098,de:11000:900130002:1:50,-0.7,2026-10-02T01:01:04.695736+02:00
295893098,de:11000:900130001:1:50,-0.4,2026-10-02T01:01:04.695736+02:00
295893098,de:11000:900142001:1:50,-0.9,2026-10-02T01:01:04.695736+02:00
295893098,de:11000:900143001:1:51,-0.7,2026-10-02T01:01:04.695736+02:00
295893098,de:11000:900135001:1:50,-0.4,2026-10-02T01:01:04.695736+02:00
295893098,de:12060:900350162:1:50,0.0,2026-10-02T01:01:04.695736+02:00
295893098,de:12060:900350163:1:51,-0.4,2026-10-02T01:01:04.695736+02:00
295893098,de:12060:900350161:1:50,-0.7,2026-10-02T01:01:04.695736+02:00
295893098,de:12060:900350160:1:51,-0.4,2026-10-02T01:01:04.695736+02:00
295892972,de:12060:900350160:1:51,0.0,2026-10-02T01:01:04.695736+02:00
295892972,de:12060:900350161:1:50,-0.3,2026-10-02T01:01:04.695736+02:00
295892972,de:12060:900350163:1:50,-0.1,2026-10-02T01:01:04.695736+02:00
295892972,de:12060:900350162:1:50,-0.8,2026-10-02T01:01:04.695736+02:00
295892972,de:11000:900135001:1:50,-0.3,2026-10-02T01:01:04.695736+02:00
295892972,de:11000:900143001:1:51,-0.8,2026-10-02T01:01:04.695736+02:00
295892972,de:11000:900142001:1:51,-0.3,2026-10-02T01:01:04.695736+02:00
295892972,de:11000:900130001:1:51,-0.8,2026-10-02T01:01:04.695736+02:00
295892972,de:11000:900130002:1:51,-0.3,2026-10-02T01:01:04.695736+02:00
295892972,de:11000:900110011:1:51,-0.7,2026-10-02T01:01:04.695736+02:00
295892972,de:11000:900007102:1:50,-0.7,2026-10-02T01:01:04.695736+02:00
295892972,de:11000:900008101:1:50,-0.5,2026-10-02T01:01:04.695736+02:00
295892972,de:11000:900007104:1:51,-0.2,2026-10-02T01:01:04.695736+02:00
295892972,de:11000:900100007:1:50,-0.2,2026-10-02T01:01:04.695736+02:00
295892972,de:11000:900100001:4:56,0.0,2026-10-02T01:01:04.695736+02:00
295892972,de:11000:900100025:1:50,-0.9,2026-10-02T01:01:04.695736+02:00
295892972,de:11000:900100020:3:54,-0.9,2026-10-02T01:01:04.695736+02:00
295892972,de:11000:900012101:1:51,0.0,2026-10-02T01:01:04.695736+02:00
295892972,de:11000:900058103:1:50,-0.8,2026-10-02T01:01:04.695736+02:00
295892972,de:11000:900058101:1:50,-0.4,2026-10-02T01:01:04.695736+02:00
295892972,de:11000:900058102:1:50,-0.4,2026-10-02T01:01:04.695736+02:00
295892972,de:11000:900068301:1:50,-0.7,2026-10-02T01:01:04.695736+02:00
295892972,de:11000:900073101:1:50,-0.9,2026-10-02T01:01:04.695736+02:00
295892972,de:11000:900072101:1:50,-0.2,2026-10-02T01:01:04.695736+02:00
295892972,de:11000:900074202:1:50,-0.2,2026-10-02T01:01:04.695736+02:00
295892972,de:11000:900074201:1:50,-0.4,2026-10-02T01:01:04.695736+02:00
295892972,de:12072:900245028:1:51,-0.9,2026-10-02T01:01:04.695736+02:00
295892972,de:12072:900245027:2:52,-0.9,2026-10-02T01:01:04.695736+02:00
295893072,de:12072:900245027:2:52,0.0,2026-10-02T01:01:04.695736+02:00
295893072,de:12072:900245028:1:50,-0.9,2026-10-02T01:01:04.695736+02:00
295893072,de:11000:900074201:1:50,-0.9,2026-10-02T01:01:04.695736+02:00
295893072,de:11000:900074202:2:51,-0.1,2026-10-02T01:01:04.695736+02:00
295893072,de:11000:900072101:2:51,-0.1,2026-10-02T01:01:04.695736+02:00
295893072,de:11000:900073101:1:51,-0.4,2026-10-02T01:01:04.695736+02:00
295893072,de:11000:900068301:1:51,-0.7,2026-10-02T01:01:04.695736+02:00
295893072,de:11000:900058102:2:51,-0.7,2026-10-02T01:01:04.695736+02:00
295893072,de:11000:900058101:1:51,-0.3,2026-10-02T01:01:04.695736+02:00
295893072,de:11000:900058103:1:51,-0.1,2026-10-02T01:01:04.695736+02:00
295893072,de:11000:900012101:2:53,-0.7,2026-10-02T01:01:04.695736+02:00
295893072,de:11000:900100020:4:57,-0.8,2026-10-02T01:01:04.695736+02:00
295893072,de:11000:900100025:1:51,-0.9,2026-10-02T01:01:04.695736+02:00
295893072,de:11000:900100001:4:57,-0.6,2026-10-02T01:01:04.695736+02:00
295893072,de:11000:900100007:1:51,-0.7,2026-10-02T01:01:04.695736+02:00
295893072,de:11000:900007104:2:52,-0.7,2026-10-02T01:01:04.695736+02:00
295893072,de:11000:900008101:1:51,-0.4,2026-10-02T01:01:04.695736+02:00
295893072,de:11000:900007102:2:53,-0.1,2026-10-02T01:01:04.695736+02:00
295893072,de:11000:900110011:2:52,-0.4,2026-10-02T01:01:04.695736+02:00
295893072,de:11000:900130002:1:50,-0.7,2026-10-02T01:01:04.695736+02:00
295893072,de:11000:900130001:1:50,-0.4,2026-10-02T01:01:04.695736+02:00
295893072,de:11000:900142001:1:50,-0.9,2026-10-02T01:01:04.695736+02:00
295893072,de:11000:900143001:1:51,-0.7,2026-10-02T01:01:04.695736+02:00
295893072,de:11000:900135001:1:50,-0.4,2026-10-02T01:01:04.695736+02:00
295893072,de:12060:900350162:1:50,0.0,2026-10-02T01:01:04.695736+02:00
295893072,de:12060:900350163:1:51,-0.4,2026-10-02T01:01:04.695736+02:00
295893072,de:12060:900350161:1:50,-0.7,2026-10-02T01:01:04.695736+02:00
295893072,de:12060:900350160:1:51,-0.4,2026-10-02T01:01:04.695736+02:00
307430173,de:11000:900003200:1:50,0.0,2026-10-02T01:01:04.695736+02:00
307430173,de:11000:900100020:1:50,0.0,2026-10-02T01:01:04.695736+02:00
307430173,de:11000:900058101:2:52,0.0,2026-10-02T01:01:04.695736+02:00
307430173,de:12061:900260009:2:54,0.0,2026-10-02T01:01:04.695736+02:00
307430063,de:12061:900260009:2:54,0.0,2026-10-02T01:01:04.695736+02:00
307430063,de:11000:900058101:4:57,0.0,2026-10-02T01:01:04.695736+02:00
307430063,de:11000:900100020:2:53,0.0,2026-10-02T01:01:04.695736+02:00
307430063,de:11000:900003200:3:55,0.0,2026-10-02T01:01:04.695736+02:00
307430289,de:12061:900260009:2:53,0.0,2026-10-02T01:01:04.695736+02:00
307430289,de:11000:900058101:4:57,0.0,2026-10-02T01:01:04.695736+02:00
307430289,de:11000:900100020:2:53,0.0,2026-10-02T01:01:04.695736+02:00
307430289,de:11000:900003200:4:56,0.0,2026-10-02T01:01:04.695736+02:00
306896325,de:12067:900310013::4,0.0,2026-10-02T01:01:04.695736+02:00
306896325,de:12067:900310557::3,0.0,2026-10-02T01:01:04.695736+02:00
306896325,de:12067:900310555::1,0.0,2026-10-02T01:01:04.695736+02:00
306896325,de:12067:900310852::1,0.0,2026-10-02T01:01:04.695736+02:00
306896325,de:12067:900310850::1,0.0,2026-10-02T01:01:04.695736+02:00
306896325,de:12067:900310851::1,0.0,2026-10-02T01:01:04.695736+02:00
306896325,de:12067:900310849::1,0.0,2026-10-02T01:01:04.695736+02:00
306896325,de:12067:900310856::1,0.0,2026-10-02T01:01:04.695736+02:00
306896325,de:12067:900310844::1,0.0,2026-10-02T01:01:04.695736+02:00
306896325,de:12067:900310622::1,0.0,2026-10-02T01:01:04.695736+02:00
306896325,de:12067:900310846::2,0.0,2026-10-02T01:01:04.695736+02:00
306896604,de:12067:900310001::3,0.0,2026-10-02T01:01:04.695736+02:00
306896604,de:12067:900310816::1,0.0,2026-10-02T01:01:04.695736+02:00
306896604,de:12067:900310627::1,0.0,2026-10-02T01:01:04.695736+02:00
306896604,de:12067:900310781::1,0.0,2026-10-02T01:01:04.695736+02:00
306896604,de:12067:900310789::1,0.0,2026-10-02T01:01:04.695736+02:00
306896604,de:12067:900310797::1,0.0,2026-10-02T01:01:04.695736+02:00
306896604,de:12067:900310773::1,0.0,2026-10-02T01:01:04.695736+02:00
306896604,de:12067:900311109::1,0.0,2026-10-02T01:01:04.695736+02:00
306896604,de:12067:900310782::1,0.0,2026-10-02T01:01:04.695736+02:00
306896604,de:12067:900310824::1,0.0,2026-10-02T01:01:04.695736+02:00
306896604,de:12067:900310734::1,0.0,2026-10-02T01:01:04.695736+02:00
306896604,de:12067:900310733::1,0.0,2026-10-02T01:01:04.695736+02:00
306896604,de:12067:900310005::1,0.0,2026-10-02T01:01:04.695736+02:00
306896604,de:12067:900310754::1,0.0,2026-10-02T01:01:04.695736+02:00
306896604,de:12067:900310761::1,-0.5,2026-10-02T01:01:04.695736+02:00
306896604,de:12067:900310763::1,0.0,2026-10-02T01:01:04.695736+02:00
306896604,de:12067:900310762::1,0.0,2026-10-02T01:01:04.695736+02:00
306896604,de:12067:900311090::1,0.0,2026-10-02T01:01:04.695736+02:00
306896604,de:12067:900311088::2,0.0,2026-10-02T01:01:04.695736+02:00
306896604,de:12067:900311089::2,0.0,2026-10-02T01:01:04.695736+02:00
306896604,de:12067:900310706::2,0.0,2026-10-02T01:01:04.695736+02:00
306896604,de:12067:900310705::1,0.0,2026-10-02T01:01:04.695736+02:00
306896604,de:12067:900310704::2,0.0,2026-10-02T01:01:04.695736+02:00
306896604,de:12067:900310947::1,0.0,2026-10-02T01:01:04.695736+02:00
306896604,de:12067:900311086::0,0.0,2026-10-02T01:01:04.695736+02:00
306896604,de:12067:900310745::1,0.0,2026-10-02T01:01:04.695736+02:00
306897057,de:12067:900310925::1,0.0,2026-10-02T01:01:04.695736+02:00
306897057,de:12067:900310600::2,0.0,2026-10-02T01:01:04.695736+02:00
306897057,de:12067:900310829::1,0.0,2026-10-02T01:01:04.695736+02:00
306897057,de:12067:900310828::1,0.0,2026-10-02T01:01:04.695736+02:00
306897057,de:12067:900311080::1,0.0,2026-10-02T01:01:04.695736+02:00
306897057,de:12067:900310613::1,0.0,2026-10-02T01:01:04.695736+02:00
306897057,de:12067:900310613::1,-9.0,2026-10-02T01:01:04.695736+02:00
306897057,de:12067:900311078::2,0.0,2026-10-02T01:01:04.695736+02:00
306897057,de:12067:900311077::2,0.0,2026-10-02T01:01:04.695736+02:00
306897057,de:12067:900311077::1,0.0,2026-10-02T01:01:04.695736+02:00
306897057,de:12067:900311078::1,0.0,2026-10-02T01:01:04.695736+02:00
306897057,de:12067:900310613::1,9.0,2026-10-02T01:01:04.695736+02:00
306897057,de:12067:900310613::1,0.0,2026-10-02T01:01:04.695736+02:00
306897057,de:12067:900311076::2,0.0,2026-10-02T01:01:04.695736+02:00
306897057,de:12067:900311009::1,0.0,2026-10-02T01:01:04.695736+02:00
306897057,de:12067:900311079::1,0.0,2026-10-02T01:01:04.695736+02:00
306897057,de:12067:900310731::1,0.0,2026-10-02T01:01:04.695736+02:00
306897057,de:12067:900310700::1,0.0,2026-10-02T01:01:04.695736+02:00
306897057,de:12067:900310941::1,0.0,2026-10-02T01:01:04.695736+02:00
306897057,de:12067:900311016::1,0.0,2026-10-02T01:01:04.695736+02:00
306897057,de:12067:900310921::1,0.0,2026-10-02T01:01:04.695736+02:00
306897057,de:12067:900310940::1,0.0,2026-10-02T01:01:04.695736+02:00
295900397,de:12069:900220114:1:51,0.0,2026-10-02T01:01:04.695736+02:00
295900397,de:11000:900064201:1:51,-0.1,2026-10-02T01:01:04.695736+02:00
295900397,de:11000:900064256:1:51,0.0,2026-10-02T01:01:04.695736+02:00
295900397,de:11000:900064301:3:53,-0.3,2026-10-02T01:01:04.695736+02:00
295900397,de:11000:900067221:1:50,-0.3,2026-10-02T01:01:04.695736+02:00
295900397,de:11000:900063452:1:51,-0.4,2026-10-02T01:01:04.695736+02:00
295900397,de:11000:900058102:2:53,-0.5,2026-10-02T01:01:04.695736+02:00
295900397,de:11000:900058101:1:51,-0.3,2026-10-02T01:01:04.695736+02:00
295900397,de:11000:900058103:1:51,0.0,2026-10-02T01:01:04.695736+02:00
295900397,de:11000:900012101:2:53,-0.7,2026-10-02T01:01:04.695736+02:00
295900397,de:11000:900100020:4:57,-0.8,2026-10-02T01:01:04.695736+02:00
295900397,de:11000:900100025:1:51,-0.9,2026-10-02T01:01:04.695736+02:00
295900397,de:11000:900100001:4:57,-0.6,2026-10-02T01:01:04.695736+02:00
295900397,de:11000:900100007:1:51,-0.7,2026-10-02T01:01:04.695736+02:00
295900397,de:11000:900007104:2:52,-0.7,2026-10-02T01:01:04.695736+02:00
295900397,de:11000:900008101:1:51,-0.4,2026-10-02T01:01:04.695736+02:00
295900397,de:11000:900007102:2:53,-0.2,2026-10-02T01:01:04.695736+02:00
295900397,de:11000:900110011:2:53,-0.4,2026-10-02T01:01:04.695736+02:00
295900397,de:11000:900085201:1:50,-0.8,2026-10-02T01:01:04.695736+02:00
295900397,de:11000:900085105:1:50,-0.8,2026-10-02T01:01:04.695736+02:00
295900397,de:11000:900096458:1:50,-0.1,2026-10-02T01:01:04.695736+02:00
295900397,de:11000:900096405:1:50,-0.8,2026-10-02T01:01:04.695736+02:00
295900397,de:11000:900089303:1:50,-0.7,2026-10-02T01:01:04.695736+02:00
295900397,de:11000:900091205:1:50,-0.3,2026-10-02T01:01:04.695736+02:00
295900397,de:11000:900091203:1:50,-0.5,2026-10-02T01:01:04.695736+02:00
295900397,de:12065:900200000:4:54,-0.7,2026-10-02T01:01:04.695736+02:00
295900395,de:12069:900220114:1:51,0.0,2026-10-02T01:01:04.695736+02:00
295900395,de:11000:900064201:1:51,-0.1,2026-10-02T01:01:04.695736+02:00
295900395,de:11000:900064256:1:51,0.0,2026-10-02T01:01:04.695736+02:00
295900395,de:11000:900064301:3:53,-0.3,2026-10-02T01:01:04.695736+02:00
295900395,de:11000:900067221:1:50,-0.3,2026-10-02T01:01:04.695736+02:00
295900395,de:11000:900063452:1:51,-0.4,2026-10-02T01:01:04.695736+02:00
295900395,de:11000:900058102:2:53,-0.5,2026-10-02T01:01:04.695736+02:00
295900395,de:11000:900058101:1:51,-0.3,2026-10-02T01:01:04.695736+02:00
295900395,de:11000:900058103:1:51,0.0,2026-10-02T01:01:04.695736+02:00
295900395,de:11000:900012101:2:53,-0.7,2026-10-02T01:01:04.695736+02:00
295900395,de:11000:900100020:4:57,-0.8,2026-10-02T01:01:04.695736+02:00
295900395,de:11000:900100025:1:51,-0.9,2026-10-02T01:01:04.695736+02:00
295900395,de:11000:900100001:4:57,-0.6,2026-10-02T01:01:04.695736+02:00
295900395,de:11000:900100007:1:51,-0.7,2026-10-02T01:01:04.695736+02:00
295900395,de:11000:900007104:2:52,-0.7,2026-10-02T01:01:04.695736+02:00
295900395,de:11000:900008101:1:51,-0.4,2026-10-02T01:01:04.695736+02:00
295900395,de:11000:900007102:2:53,-0.2,2026-10-02T01:01:04.695736+02:00
295900395,de:11000:900110011:2:53,-0.4,2026-10-02T01:01:04.695736+02:00
295900395,de:11000:900085201:1:50,-0.8,2026-10-02T01:01:04.695736+02:00
295900395,de:11000:900085105:1:50,-0.8,2026-10-02T01:01:04.695736+02:00
295900395,de:11000:900096458:1:50,-0.1,2026-10-02T01:01:04.695736+02:00
295900395,de:11000:900096405:1:50,-0.8,2026-10-02T01:01:04.695736+02:00
295900395,de:11000:900089303:1:50,-0.7,2026-10-02T01:01:04.695736+02:00
295900395,de:11000:900091205:1:50,-0.3,2026-10-02T01:01:04.695736+02:00
295900395,de:11000:900091203:1:50,-0.5,2026-10-02T01:01:04.695736+02:00
295900395,de:12065:900200000:4:54,-0.7,2026-10-02T01:01:04.695736+02:00
295900274,de:12065:900200000:4:54,0.0,2026-10-02T01:01:04.695736+02:00
295900274,de:11000:900091203:1:50,0.0,2026-10-02T01:01:04.695736+02:00
295900274,de:11000:900091205:1:50,-0.2,2026-10-02T01:01:04.695736+02:00
295900274,de:11000:900089303:1:51,-0.5,2026-10-02T01:01:04.695736+02:00
295900274,de:11000:900096405:1:50,-0.8,2026-10-02T01:01:04.695736+02:00
295900274,de:11000:900096458:1:50,-0.5,2026-10-02T01:01:04.695736+02:00
295900274,de:11000:900085105:1:50,-0.8,2026-10-02T01:01:04.695736+02:00
295900274,de:11000:900085201:1:51,0.0,2026-10-02T01:01:04.695736+02:00
295900274,de:11000:900130003:1:51,-0.8,2026-10-02T01:01:04.695736+02:00
295900274,de:11000:900110011:1:50,-0.9,2026-10-02T01:01:04.695736+02:00
295900274,de:11000:900007102:1:50,-0.7,2026-10-02T01:01:04.695736+02:00
295900274,de:11000:900008101:1:50,-0.4,2026-10-02T01:01:04.695736+02:00
295900274,de:11000:900007104:1:51,-0.2,2026-10-02T01:01:04.695736+02:00
295900274,de:11000:900100007:1:50,-0.2,2026-10-02T01:01:04.695736+02:00
295900274,de:11000:900100001:4:56,0.0,2026-10-02T01:01:04.695736+02:00
295900274,de:11000:900100025:1:50,-0.9,2026-10-02T01:01:04.695736+02:00
295900274,de:11000:900100020:3:54,-0.9,2026-10-02T01:01:04.695736+02:00
295900274,de:11000:900012101:1:51,0.0,2026-10-02T01:01:04.695736+02:00
295900274,de:11000:900058103:1:50,-0.7,2026-10-02T01:01:04.695736+02:00
295900274,de:11000:900058101:1:50,-0.3,2026-10-02T01:01:04.695736+02:00
295900274,de:11000:900058102:1:52,0.0,2026-10-02T01:01:04.695736+02:00
295900274,de:11000:900063452:1:50,-0.1,2026-10-02T01:01:04.695736+02:00
295900274,de:11000:900067221:1:50,-0.2,2026-10-02T01:01:04.695736+02:00
295900274,de:11000:900064301:3:52,-0.2,2026-10-02T01:01:04.695736+02:00
295900274,de:11000:900064256:1:50,-0.7,2026-10-02T01:01:04.695736+02:00
295900274,de:11000:900064201:1:50,-0.6,2026-10-02T01:01:04.695736+02:00
295900274,de:12069:900220114:1:51,-0.9,2026-10-02T01:01:04.695736+02:00
295896245,de:11000:900012101:2:52,0.0,2026-10-02T01:01:04.695736+02:00
295896245,de:11000:900100020:4:57,-0.8,2026-10-02T01:01:04.695736+02:00
295896245,de:11000:900100025:1:51,-0.9,2026-10-02T01:01:04.695736+02:00
295896245,de:11000:900100001:4:57,-0.6,2026-10-02T01:01:04.695736+02:00
295896245,de:11000:900100007:1:51,-0.7,2026-10-02T01:01:04.695736+02:00
295896245,de:11000:900007104:2:52,-0.7,2026-10-02T01:01:04.695736+02:00
295896245,de:11000:900008101:1:51,-0.4,2026-10-02T01:01:04.695736+02:00
295896245,de:11000:900007102:2:53,-0.1,2026-10-02T01:01:04.695736+02:00
295896245,de:11000:900110011:2:52,-0.4,2026-10-02T01:01:04.695736+02:00
295896245,de:11000:900130002:1:50,-0.7,2026-10-02T01:01:04.695736+02:00
295896245,de:11000:900130001:1:50,-0.4,2026-10-02T01:01:04.695736+02:00
295896245,de:11000:900142001:1:50,-0.9,2026-10-02T01:01:04.695736+02:00
295896245,de:11000:900143001:1:51,-0.7,2026-10-02T01:01:04.695736+02:00
295896245,de:11000:900135001:1:50,-0.4,2026-10-02T01:01:04.695736+02:00
295896128,de:11000:900135001:1:50,0.0,2026-10-02T01:01:04.695736+02:00
295896128,de:11000:900143001:1:51,-0.8,2026-10-02T01:01:04.695736+02:00
295896128,de:11000:900142001:1:51,-0.3,2026-10-02T01:01:04.695736+02:00
295896128,de:11000:900130001:1:51,-0.8,2026-10-02T01:01:04.695736+02:00
295896128,de:11000:900130002:1:51,-0.3,2026-10-02T01:01:04.695736+02:00
295896128,de:11000:900110011:1:51,-0.7,2026-10-02T01:01:04.695736+02:00
295896128,de:11000:900007102:1:50,-0.7,2026-10-02T01:01:04.695736+02:00
295896128,de:11000:900008101:1:50,-0.5,2026-10-02T01:01:04.695736+02:00
295896128,de:11000:900007104:1:51,-0.2,2026-10-02T01:01:04.695736+02:00
295896128,de:11000:900100007:1:50,-0.2,2026-10-02T01:01:04.695736+02:00
295896128,de:11000:900100001:4:56,0.0,2026-10-02T01:01:04.695736+02:00
295896128,de:11000:900100025:1:50,-0.9,2026-10-02T01:01:04.695736+02:00
295896128,de:11000:900100020:3:54,-0.9,2026-10-02T01:01:04.695736+02:00
295896128,de:11000:900012101:1:51,0.0,2026-10-02T01:01:04.695736+02:00
295896128,de:11000:900058103:1:50,-0.8,2026-10-02T01:01:04.695736+02:00
295896128,de:11000:900058101:1:50,-0.4,2026-10-02T01:01:04.695736+02:00
295896128,de:11000:900058102:1:50,-0.4,2026-10-02T01:01:04.695736+02:00
295896128,de:11000:900068301:1:50,-0.7,2026-10-02T01:01:04.695736+02:00
295896128,de:11000:900073101:1:50,-0.9,2026-10-02T01:01:04.695736+02:00
295896128,de:11000:900072101:1:50,-0.2,2026-10-02T01:01:04.695736+02:00
295896128,de:11000:900074202:1:50,-0.2,2026-10-02T01:01:04.695736+02:00
295896128,de:11000:900074201:1:50,-0.4,2026-10-02T01:01:04.695736+02:00
295903159,de:12069:900220114:1:50,0.0,2026-10-02T01:01:04.695736+02:00
295903159,de:11000:900064201:1:51,-0.1,2026-10-02T01:01:04.695736+02:00
295903159,de:11000:900064256:1:51,0.0,2026-10-02T01:01:04.695736+02:00
295903159,de:11000:900064301:3:53,-0.3,2026-10-02T01:01:04.695736+02:00
295903159,de:11000:900067221:1:50,-0.3,2026-10-02T01:01:04.695736+02:00
295903159,de:11000:900063452:1:51,-0.4,2026-10-02T01:01:04.695736+02:00
295903159,de:11000:900058102:2:53,-0.5,2026-10-02T01:01:04.695736+02:00
295903159,de:11000:900058101:1:51,-0.3,2026-10-02T01:01:04.695736+02:00
295903159,de:11000:900058103:1:51,0.0,2026-10-02T01:01:04.695736+02:00
295903159,de:11000:900012101:2:53,-0.7,2026-10-02T01:01:04.695736+02:00
295903159,de:11000:900100020:4:57,-0.8,2026-10-02T01:01:04.695736+02:00
295903159,de:11000:900100025:1:51,-0.9,2026-10-02T01:01:04.695736+02:00
295903159,de:11000:900100001:4:57,-0.6,2026-10-02T01:01:04.695736+02:00
295903159,de:11000:900100007:1:51,-0.7,2026-10-02T01:01:04.695736+02:00
295903159,de:11000:900007104:2:52,-0.7,2026-10-02T01:01:04.695736+02:00
295903159,de:11000:900008101:1:51,-0.4,2026-10-02T01:01:04.695736+02:00
295903159,de:11000:900007102:2:53,-0.2,2026-10-02T01:01:04.695736+02:00
295903159,de:11000:900110011:2:52,-0.4,2026-10-02T01:01:04.695736+02:00
295903159,de:11000:900130002:1:50,0.0,2026-10-02T01:01:04.695736+02:00
295903159,de:11000:900130001:1:50,-0.7,2026-10-02T01:01:04.695736+02:00
295903159,de:11000:900142001:1:50,-0.2,2026-10-02T01:01:04.695736+02:00
295903024,de:11000:900142001:1:51,0.0,2026-10-02T01:01:04.695736+02:00
295903024,de:11000:900130001:1:51,-0.2,2026-10-02T01:01:04.695736+02:00
295903024,de:11000:900130002:1:51,-0.7,2026-10-02T01:01:04.695736+02:00
295903024,de:11000:900110011:1:51,-0.2,2026-10-02T01:01:04.695736+02:00
295903024,de:11000:900007102:1:50,-0.7,2026-10-02T01:01:04.695736+02:00
295903024,de:11000:900008101:1:50,-0.4,2026-10-02T01:01:04.695736+02:00
295903024,de:11000:900007104:1:51,-0.2,2026-10-02T01:01:04.695736+02:00
295903024,de:11000:900100007:1:50,-0.2,2026-10-02T01:01:04.695736+02:00
295903024,de:11000:900100001:4:56,0.0,2026-10-02T01:01:04.695736+02:00
295903024,de:11000:900100025:1:50,-0.9,2026-10-02T01:01:04.695736+02:00
295903024,de:11000:900100020:3:54,-0.9,2026-10-02T01:01:04.695736+02:00
295903024,de:11000:900012101:1:51,0.0,2026-10-02T01:01:04.695736+02:00
295903024,de:11000:900058103:1:50,-0.7,2026-10-02T01:01:04.695736+02:00
295903024,de:11000:900058101:1:50,-0.3,2026-10-02T01:01:04.695736+02:00
295903024,de:11000:900058102:1:52,0.0,2026-10-02T01:01:04.695736+02:00
295903024,de:11000:900063452:1:50,-0.1,2026-10-02T01:01:04.695736+02:00
295903024,de:11000:900067221:1:50,-0.2,2026-10-02T01:01:04.695736+02:00
295903024,de:11000:900064301:3:52,-0.2,2026-10-02T01:01:04.695736+02:00
295903024,de:11000:900064256:1:50,-0.7,2026-10-02T01:01:04.695736+02:00
295903024,de:11000:900064201:1:50,-0.6,2026-10-02T01:01:04.695736+02:00
295903024,de:12069:900220114:1:50,-0.9,2026-10-02T01:01:04.695736+02:00
295902996,de:11000:900142001:1:51,0.0,2026-10-02T01:01:04.695736+02:00
295902996,de:11000:900130001:1:51,-0.2,2026-10-02T01:01:04.695736+02:00
295902996,de:11000:900130002:1:51,-0.7,2026-10-02T01:01:04.695736+02:00
295902996,de:11000:900110011:1:51,-0.2,2026-10-02T01:01:04.695736+02:00
295902996,de:11000:900007102:1:50,-0.7,2026-10-02T01:01:04.695736+02:00
295902996,de:11000:900008101:1:50,-0.4,2026-10-02T01:01:04.695736+02:00
295902996,de:11000:900007104:1:51,-0.2,2026-10-02T01:01:04.695736+02:00
295902996,de:11000:900100007:1:50,-0.2,2026-10-02T01:01:04.695736+02:00
295902996,de:11000:900100001:4:56,0.0,2026-10-02T01:01:04.695736+02:00
295902996,de:11000:900100025:1:50,-0.9,2026-10-02T01:01:04.695736+02:00
295902996,de:11000:900100020:3:54,-0.9,2026-10-02T01:01:04.695736+02:00
295902996,de:11000:900012101:1:51,0.0,2026-10-02T01:01:04.695736+02:00
295902996,de:11000:900058103:1:50,-0.7,2026-10-02T01:01:04.695736+02:00
295902996,de:11000:900058101:1:50,-0.3,2026-10-02T01:01:04.695736+02:00
295902996,de:11000:900058102:1:52,0.0,2026-10-02T01:01:04.695736+02:00
295902996,de:11000:900063452:1:50,-0.1,2026-10-02T01:01:04.695736+02:00
295902996,de:11000:900067221:1:50,-0.2,2026-10-02T01:01:04.695736+02:00
295902996,de:11000:900064301:3:52,-0.2,2026-10-02T01:01:04.695736+02:00
295902996,de:11000:900064256:1:50,-0.7,2026-10-02T01:01:04.695736+02:00
295902996,de:11000:900064201:1:50,-0.6,2026-10-02T01:01:04.695736+02:00
295902996,de:12069:900220114:1:50,-0.9,2026-10-02T01:01:04.695736+02:00
295903117,de:12069:900220114:1:50,0.0,2026-10-02T01:01:04.695736+02:00
295903117,de:11000:900064201:1:51,-0.1,2026-10-02T01:01:04.695736+02:00
295903117,de:11000:900064256:1:51,0.0,2026-10-02T01:01:04.695736+02:00
295903117,de:11000:900064301:3:53,-0.3,2026-10-02T01:01:04.695736+02:00
295903117,de:11000:900067221:1:50,-0.3,2026-10-02T01:01:04.695736+02:00
295903117,de:11000:900063452:1:51,-0.4,2026-10-02T01:01:04.695736+02:00
295903117,de:11000:900058102:2:53,-0.5,2026-10-02T01:01:04.695736+02:00
295903117,de:11000:900058101:1:51,-0.3,2026-10-02T01:01:04.695736+02:00
295903117,de:11000:900058103:1:51,0.0,2026-10-02T01:01:04.695736+02:00
295903117,de:11000:900012101:2:53,-0.7,2026-10-02T01:01:04.695736+02:00
295903117,de:11000:900100020:4:57,-0.8,2026-10-02T01:01:04.695736+02:00
295903117,de:11000:900100025:1:51,-0.9,2026-10-02T01:01:04.695736+02:00
295903117,de:11000:900100001:4:57,-0.6,2026-10-02T01:01:04.695736+02:00
295903117,de:11000:900100007:1:51,-0.7,2026-10-02T01:01:04.695736+02:00
295903117,de:11000:900007104:2:52,-0.7,2026-10-02T01:01:04.695736+02:00
295903117,de:11000:900008101:1:51,-0.4,2026-10-02T01:01:04.695736+02:00
295903117,de:11000:900007102:2:53,-0.2,2026-10-02T01:01:04.695736+02:00
295903117,de:11000:900110011:2:52,-0.4,2026-10-02T01:01:04.695736+02:00
295903117,de:11000:900130002:1:51,-0.8,2026-10-02T01:01:04.695736+02:00
295903114,de:12069:900220114:1:50,0.0,2026-10-02T01:01:04.695736+02:00
295903114,de:11000:900064201:1:51,-0.1,2026-10-02T01:01:04.695736+02:00
295903114,de:11000:900064256:1:51,0.0,2026-10-02T01:01:04.695736+02:00
295903114,de:11000:900064301:3:53,-0.3,2026-10-02T01:01:04.695736+02:00
295903114,de:11000:900067221:1:50,-0.3,2026-10-02T01:01:04.695736+02:00
295903114,de:11000:900063452:1:51,-0.4,2026-10-02T01:01:04.695736+02:00
295903114,de:11000:900058102:2:53,-0.5,2026-10-02T01:01:04.695736+02:00
295903114,de:11000:900058101:1:51,-0.3,2026-10-02T01:01:04.695736+02:00
295903114,de:11000:900058103:1:51,0.0,2026-10-02T01:01:04.695736+02:00
295903114,de:11000:900012101:2:53,-0.7,2026-10-02T01:01:04.695736+02:00
295903114,de:11000:900100020:4:57,-0.8,2026-10-02T01:01:04.695736+02:00
295903114,de:11000:900100025:1:51,-0.9,2026-10-02T01:01:04.695736+02:00
295903114,de:11000:900100001:4:57,-0.6,2026-10-02T01:01:04.695736+02:00
295903114,de:11000:900100007:1:51,-0.7,2026-10-02T01:01:04.695736+02:00
295903114,de:11000:900007104:2:52,-0.7,2026-10-02T01:01:04.695736+02:00
295903114,de:11000:900008101:1:51,-0.4,2026-10-02T01:01:04.695736+02:00
295903114,de:11000:900007102:2:53,-0.2,2026-10-02T01:01:04.695736+02:00
295903114,de:11000:900110011:2:52,-0.4,2026-10-02T01:01:04.695736+02:00
295903114,de:11000:900130002:1:51,-0.8,2026-10-02T01:01:04.695736+02:00
295907199,de:12067:900310004:3:52,0.0,2026-10-02T01:01:04.695736+02:00
295907199,de:11000:900183002:1:50,-0.1,2026-10-02T01:01:04.695736+02:00
295907199,de:11000:900183001:1:50,-0.4,2026-10-02T01:01:04.695736+02:00
295907199,de:11000:900182002:1:50,0.0,2026-10-02T01:01:04.695736+02:00
295907199,de:11000:900182001:1:50,-0.2,2026-10-02T01:01:04.695736+02:00
295907199,de:11000:900180001:1:50,-0.7,2026-10-02T01:01:04.695736+02:00
295907199,de:11000:900180002:1:50,-0.7,2026-10-02T01:01:04.695736+02:00
295907199,de:11000:900162001:1:50,-0.9,2026-10-02T01:01:04.695736+02:00
295907199,de:11000:900160002:1:50,0.0,2026-10-02T01:01:04.695736+02:00
295907199,de:11000:900160001:1:50,-0.3,2026-10-02T01:01:04.695736+02:00
295907199,de:11000:900120003:3:55,-0.1,2026-10-02T01:01:04.695736+02:00
295907199,de:11000:900120004:2:53,-0.6,2026-10-02T01:01:04.695736+02:00
295907199,de:11000:900120005:5:58,-0.9,2026-10-02T01:01:04.695736+02:00
295907199,de:11000:900100004:1:51,-0.4,2026-10-02T01:01:04.695736+02:00
295907199,de:11000:900100003:2:53,-0.4,2026-10-02T01:01:04.695736+02:00
295907199,de:11000:900100002:1:51,-0.4,2026-10-02T01:01:04.695736+02:00
295907199,de:11000:900100001:3:55,-0.4,2026-10-02T01:01:04.695736+02:00
295907199,de:11000:900003201:3:55,-0.1,2026-10-02T01:01:04.695736+02:00
295907199,de:11000:900003102:1:51,-0.8,2026-10-02T01:01:04.695736+02:00
295907199,de:11000:900003103:1:51,-0.9,2026-10-02T01:01:04.695736+02:00
295907199,de:11000:900023201:3:55,-0.8,2026-10-02T01:01:04.695736+02:00
295907199,de:11000:900024203:1:51,-0.8,2026-10-02T01:01:04.695736+02:00
295907199,de:11000:900024101:4:57,-0.8,2026-10-02T01:01:04.695736+02:00
295907199,de:11000:900024102:1:50,-0.1,2026-10-02T01:01:04.695736+02:00
295907199,de:11000:900025423:1:50,-0.4,2026-10-02T01:01:04.695736+02:00
295907199,de:11000:900026105:1:50,-0.7,2026-10-02T01:01:04.695736+02:00
295907199,de:11000:900025321:1:50,-0.3,2026-10-02T01:01:04.695736+02:00
295907199,de:11000:900025424:1:50,-0.3,2026-10-02T01:01:04.695736+02:00
295907199,de:11000:900030202:1:50,-0.9,2026-10-02T01:01:04.695736+02:00
295907199,de:11000:900029101:1:50,-0.9,2026-10-02T01:01:04.695736+02:00
307444572,de:11000:900029101:3:55,0.0,2026-10-02T01:01:04.695736+02:00
307444572,de:11000:900020201:1:50,0.0,2026-10-02T01:01:04.695736+02:00
307444572,de:11000:900003200:1:51,0.0,2026-10-02T01:01:04.695736+02:00
307444572,de:11000:900100020:1:51,0.0,2026-10-02T01:01:04.695736+02:00
307444572,de:11000:900058101:2:53,0.0,2026-10-02T01:01:04.695736+02:00
307444572,de:11000:900064301:1:50,0.0,2026-10-02T01:01:04.695736+02:00
307444572,de:12072:900245029:1:50,0.0,2026-10-02T01:01:04.695736+02:00
307444572,de:12072:900245037:1:50,0.0,2026-10-02T01:01:04.695736+02:00
307444572,de:12072:900245010:1:50,0.0,2026-10-02T01:01:04.695736+02:00
307444572,de:12072:900245016:1:50,0.0,2026-10-02T01:01:04.695736+02:00
307444572,de:12072:900245002:2:52,0.0,2026-10-02T01:01:04.695736+02:00
307444572,de:12072:900245019:2:51,0.0,2026-10-02T01:01:04.695736+02:00
307444572,de:12072:900245303:1:50,0.0,2026-10-02T01:01:04.695736+02:00
307444572,000300838001,0.0,2026-10-02T01:01:04.695736+02:00
307444572,000300839001,0.0,2026-10-02T01:01:04.695736+02:00
307444572,de:12062:900415683:1:50,0.0,2026-10-02T01:01:04.695736+02:00
307444572,de:12062:900415345:1:50,0.0,2026-10-02T01:01:04.695736+02:00
295906911,de:11000:900029101:1:50,0.0,2026-10-02T01:01:04.695736+02:00
295906911,de:11000:900030202:1:50,-0.3,2026-10-02T01:01:04.695736+02:00
295906911,de:11000:900025424:1:51,-0.2,2026-10-02T01:01:04.695736+02:00
295906911,de:11000:900025321:1:51,-0.2,2026-10-02T01:01:04.695736+02:00
295906911,de:11000:900026105:1:50,-0.4,2026-10-02T01:01:04.695736+02:00
295906911,de:11000:900025423:1:50,-0.7,2026-10-02T01:01:04.695736+02:00
295906911,de:11000:900024102:2:53,-0.7,2026-10-02T01:01:04.695736+02:00
295906911,de:11000:900024101:3:55,-0.3,2026-10-02T01:01:04.695736+02:00
295906911,de:11000:900024203:1:51,-0.8,2026-10-02T01:01:04.695736+02:00
295906911,de:11000:900023201:3:54,-0.7,2026-10-02T01:01:04.695736+02:00
295906911,de:11000:900003103:1:50,-0.8,2026-10-02T01:01:04.695736+02:00
295906911,de:11000:900003102:1:50,-0.9,2026-10-02T01:01:04.695736+02:00
295906911,de:11000:900003201:3:54,-0.5,2026-10-02T01:01:04.695736+02:00
295906911,de:11000:900100001:3:54,-0.1,2026-10-02T01:01:04.695736+02:00
295906911,de:11000:900100002:1:50,-0.4,2026-10-02T01:01:04.695736+02:00
295906911,de:11000:900100003:2:52,-0.1,2026-10-02T01:01:04.695736+02:00
295906911,de:11000:900100004:1:50,-0.4,2026-10-02T01:01:04.695736+02:00
295906911,de:11000:900120005:4:55,-0.6,2026-10-02T01:01:04.695736+02:00
295906911,de:11000:900120004:1:50,-0.1,2026-10-02T01:01:04.695736+02:00
295906911,de:11000:900120003:2:53,-0.4,2026-10-02T01:01:04.695736+02:00
295906911,de:11000:900160001:1:51,-0.4,2026-10-02T01:01:04.695736+02:00
295906911,de:11000:900160002:1:50,-0.7,2026-10-02T01:01:04.695736+02:00
295906911,de:11000:900162001:1:51,-0.3,2026-10-02T01:01:04.695736+02:00
295906911,de:11000:900180002:1:51,-0.3,2026-10-02T01:01:04.695736+02:00
295906911,de:11000:900180001:1:50,-0.7,2026-10-02T01:01:04.695736+02:00
295906911,de:11000:900182001:1:51,-0.2,2026-10-02T01:01:04.695736+02:00
295906911,de:11000:900182002:1:51,-0.4,2026-10-02T01:01:04.695736+02:00
295906911,de:11000:900183001:1:51,0.0,2026-10-02T01:01:04.695736+02:00
295906911,de:11000:900183002:1:51,-0.3,2026-10-02T01:01:04.695736+02:00
295906911,de:12067:900310004:3:53,-0.5,2026-10-02T01:01:04.695736+02:00
307444191,de:12062:900415345:2:51,0.0,2026-10-02T01:01:04.695736+02:00
307444191,de:12062:900415683:2:51,0.0,2026-10-02T01:01:04.695736+02:00
307444191,000300839001,0.0,2026-10-02T01:01:04.695736+02:00
307444191,000300838001,0.0,2026-10-02T01:01:04.695736+02:00
307444191,de:12072:900245303:1:50,0.0,2026-10-02T01:01:04.695736+02:00
307444191,de:12072:900245019:2:51,0.0,2026-10-02T01:01:04.695736+02:00
307444191,de:12072:900245002:3:53,0.0,2026-10-02T01:01:04.695736+02:00
307444191,de:12072:900245016:2:51,0.0,2026-10-02T01:01:04.695736+02:00
307444191,de:12072:900245010:2:51,0.0,2026-10-02T01:01:04.695736+02:00
307444191,de:12072:900245037:2:51,0.0,2026-10-02T01:01:04.695736+02:00
307444191,de:12072:900245029:2:53,0.0,2026-10-02T01:01:04.695736+02:00
307444191,de:11000:900064301:2:51,0.0,2026-10-02T01:01:04.695736+02:00
307444191,de:11000:900058101:3:55,0.0,2026-10-02T01:01:04.695736+02:00
307444191,de:11000:900100020:2:52,0.0,2026-10-02T01:01:04.695736+02:00
307444191,de:11000:900003200:4:56,0.0,2026-10-02T01:01:04.695736+02:00
307444191,de:11000:900020201:1:51,0.0,2026-10-02T01:01:04.695736+02:00
307444191,de:11000:900029101:2:53,0.0,2026-10-02T01:01:04.695736+02:00
295911041,de:11000:900162001:1:50,0.0,2026-10-02T01:01:04.695736+02:00
295911041,de:11000:900160002:1:50,-0.7,2026-10-02T01:01:04.695736+02:00
295911041,de:11000:900160001:1:50,0.0,2026-10-02T01:01:04.695736+02:00
295911041,de:11000:900120003:3:55,-0.7,2026-10-02T01:01:04.695736+02:00
295911041,de:11000:900120004:2:53,0.0,2026-10-02T01:01:04.695736+02:00
295911041,de:11000:900120005:4:56,-0.2,2026-10-02T01:01:04.695736+02:00
307443569,000300570037,0.0,2026-10-02T01:01:04.695736+02:00
307443569,de:12060:900350127:3:53,0.0,2026-10-02T01:01:04.695736+02:00
307443569,de:12060:900350160:2:52,0.0,2026-10-02T01:01:04.695736+02:00
307443569,de:11000:900007102:5:58,0.0,2026-10-02T01:01:04.695736+02:00
295910331,de:12067:900310004:3:52,0.0,2026-10-02T01:01:04.695736+02:00
295910331,de:11000:900183002:1:50,-0.1,2026-10-02T01:01:04.695736+02:00
295910331,de:11000:900183001:1:50,-0.4,2026-10-02T01:01:04.695736+02:00
295910331,de:11000:900182002:1:50,0.0,2026-10-02T01:01:04.695736+02:00
295910331,de:11000:900182001:1:50,-0.2,2026-10-02T01:01:04.695736+02:00
295910331,de:11000:900180001:1:50,-0.7,2026-10-02T01:01:04.695736+02:00
295910331,de:11000:900180002:1:50,-0.7,2026-10-02T01:01:04.695736+02:00
295910331,de:11000:900162001:1:50,-0.9,2026-10-02T01:01:04.695736+02:00
295910331,de:11000:900160002:1:50,0.0,2026-10-02T01:01:04.695736+02:00
295910331,de:11000:900160001:1:50,-0.3,2026-10-02T01:01:04.695736+02:00
295910331,de:11000:900120003:3:54,-0.1,2026-10-02T01:01:04.695736+02:00
295910331,de:11000:900120004:2:52,-0.6,2026-10-02T01:01:04.695736+02:00
295910331,de:11000:900120005:5:57,-0.9,2026-10-02T01:01:04.695736+02:00
295910331,de:11000:900100004:1:51,-0.9,2026-10-02T01:01:04.695736+02:00
295910331,de:11000:900100003:2:53,-0.9,2026-10-02T01:01:04.695736+02:00
295910331,de:11000:900100002:1:51,-0.9,2026-10-02T01:01:04.695736+02:00
295910331,de:11000:900100001:3:55,-0.9,2026-10-02T01:01:04.695736+02:00
295910331,de:11000:900003201:3:55,-0.6,2026-10-02T01:01:04.695736+02:00
295910331,de:11000:900003102:1:51,-0.3,2026-10-02T01:01:04.695736+02:00
295910331,de:11000:900003103:1:51,-0.4,2026-10-02T01:01:04.695736+02:00
295910331,de:11000:900023201:3:55,-0.3,2026-10-02T01:01:04.695736+02:00
295910331,de:11000:900024203:1:51,-0.3,2026-10-02T01:01:04.695736+02:00
295910331,de:11000:900024101:4:56,-0.3,2026-10-02T01:01:04.695736+02:00
307446362,de:14729:8013361,0.0,2026-10-02T01:01:04.695736+02:00
307446362,de:14729:8013362,0.0,2026-10-02T01:01:04.695736+02:00
307446362,de:14729:8011018,0.0,2026-10-02T01:01:04.695736+02:00
307446362,de:14729:8012284,0.0,2026-10-02T01:01:04.695736+02:00
307446362,de:14729:8011626,0.0,2026-10-02T01:01:04.695736+02:00
307446362,de:14729:8010059,0.0,2026-10-02T01:01:04.695736+02:00
307446362,de:14713:8011491,0.0,2026-10-02T01:01:04.695736+02:00
307446362,de:14713:8010008,0.0,2026-10-02T01:01:04.695736+02:00
307446362,de:14713:8012194,0.0,2026-10-02T01:01:04.695736+02:00
307446362,de:14713:8012343,0.0,2026-10-02T01:01:04.695736+02:00
307446362,de:14713:8012187,0.0,2026-10-02T01:01:04.695736+02:00
307446362,de:14713:8012184,0.0,2026-10-02T01:01:04.695736+02:00
307446362,de:14713:8012202,0.0,2026-10-02T01:01:04.695736+02:00
307446362,de:14713:8012186,0.0,2026-10-02T01:01:04.695736+02:00
307446362,de:14713:8098205,0.0,2026-10-02T01:01:04.695736+02:00
307446362,de:14713:8012196,0.0,2026-10-02T01:01:04.695736+02:00
307446362,000008012273,0.0,2026-10-02T01:01:04.695736+02:00
307446362,de:14713:8012195,0.0,2026-10-02T01:01:04.695736+02:00
307446362,de:14713:8012190,0.0,2026-10-02T01:01:04.695736+02:00
307446362,de:14730:8013093,0.0,2026-10-02T01:01:04.695736+02:00
307446362,de:14730:8012656,0.0,2026-10-02T01:01:04.695736+02:00
307446362,de:14730:8011959,0.0,2026-10-02T01:01:04.695736+02:00
307446362,de:14730:8010095,0.0,2026-10-02T01:01:04.695736+02:00
307446362,de:14730:8010161,0.0,2026-10-02T01:01:04.695736+02:00
307446362,de:14730:8011387,0.0,2026-10-02T01:01:04.695736+02:00
307446362,de:14730:8012371,0.0,2026-10-02T01:01:04.695736+02:00
307446362,de:14730:8010351,0.0,2026-10-02T01:01:04.695736+02:00
307446362,de:14730:8011131,0.0,2026-10-02T01:01:04.695736+02:00
307446362,de:12062:900416072:1:50,0.0,2026-10-02T01:01:04.695736+02:00
307446362,de:12062:900415345:5:56,0.0,2026-10-02T01:01:04.695736+02:00
306896974,de:12067:900311308::6,0.0,2026-10-02T01:01:04.695736+02:00
306896974,de:12067:900311335::1,0.0,2026-10-02T01:01:04.695736+02:00
306896974,de:12067:900311341::1,0.0,2026-10-02T01:01:04.695736+02:00
306896974,de:12067:900311345::1,0.0,2026-10-02T01:01:04.695736+02:00
306896974,de:12067:900311359::1,0.0,2026-10-02T01:01:04.695736+02:00
306896974,de:12067:900310027::1,0.0,2026-10-02T01:01:04.695736+02:00
306896974,de:12067:900311317::1,0.0,2026-10-02T01:01:04.695736+02:00
306896974,de:12067:900311384::1,0.0,2026-10-02T01:01:04.695736+02:00
306896974,de:12067:900311316::1,0.0,2026-10-02T01:01:04.695736+02:00
306896974,de:12067:900311376::1,0.0,2026-10-02T01:01:04.695736+02:00
306896974,de:12067:900311377::1,0.0,2026-10-02T01:01:04.695736+02:00
306896974,de:12067:900311362::1,0.0,2026-10-02T01:01:04.695736+02:00
306896974,de:12067:900311363::1,0.0,2026-10-02T01:01:04.695736+02:00
306896974,de:12067:900311365::1,0.0,2026-10-02T01:01:04.695736+02:00
306896974,de:12067:900311374::1,0.0,2026-10-02T01:01:04.695736+02:00
306896974,de:12067:900311364::2,0.0,2026-10-02T01:01:04.695736+02:00
306896974,de:12067:900311371::2,0.0,2026-10-02T01:01:04.695736+02:00
306896974,de:12067:900311336::1,0.0,2026-10-02T01:01:04.695736+02:00
306896974,de:12067:900311352::1,0.0,2026-10-02T01:01:04.695736+02:00
306896974,de:12067:900311333::1,0.0,2026-10-02T01:01:04.695736+02:00
306896974,de:12067:900311334::1,0.0,2026-10-02T01:01:04.695736+02:00
306896974,de:12067:900311304::1,0.0,2026-10-02T01:01:04.695736+02:00
306896974,de:12067:900311305::2,0.0,2026-10-02T01:01:04.695736+02:00
306896974,de:12067:900311383::6,0.0,2026-10-02T01:01:04.695736+02:00
306896974,de:12067:900311353::1,0.0,2026-10-02T01:01:04.695736+02:00
306896974,de:12067:900311321::1,0.0,2026-10-02T01:01:04.695736+02:00
306896974,de:12067:900311350::2,0.0,2026-10-02T01:01:04.695736+02:00
306896974,de:12067:900311348::2,0.0,2026-10-02T01:01:04.695736+02:00
306896974,de:12067:900311308::4,0.0,2026-10-02T01:01:04.695736+02:00
307446726,de:12062:900415345:5:56,0.0,2026-10-02T01:01:04.695736+02:00
307446726,de:12062:900416072:1:50,0.0,2026-10-02T01:01:04.695736+02:00
307446726,de:14730:8011131,0.0,2026-10-02T01:01:04.695736+02:00
307446726,de:14730:8010351,0.0,2026-10-02T01:01:04.695736+02:00
307446726,de:14730:8012371,0.0,2026-10-02T01:01:04.695736+02:00
307446726,de:14730:8011387,0.0,2026-10-02T01:01:04.695736+02:00
307446726,de:14730:8010161,0.0,2026-10-02T01:01:04.695736+02:00
307446726,de:14730:8010095,0.0,2026-10-02T01:01:04.695736+02:00
307446726,de:14730:8011959,0.0,2026-10-02T01:01:04.695736+02:00
307446726,de:14730:8012656,0.0,2026-10-02T01:01:04.695736+02:00
307446726,de:14730:8013093,0.0,2026-10-02T01:01:04.695736+02:00
307446726,de:14713:8012190,0.0,2026-10-02T01:01:04.695736+02:00
307446726,de:14713:8012195,0.0,2026-10-02T01:01:04.695736+02:00
307446726,000008012273,0.0,2026-10-02T01:01:04.695736+02:00
307446726,de:14713:8012196,0.0,2026-10-02T01:01:04.695736+02:00
307446726,de:14713:8098205,0.0,2026-10-02T01:01:04.695736+02:00
307446726,de:14713:8012186,0.0,2026-10-02T01:01:04.695736+02:00
307446726,de:14713:8012202,0.0,2026-10-02T01:01:04.695736+02:00
307446726,de:14713:8012184,0.0,2026-10-02T01:01:04.695736+02:00
307446726,de:14713:8012187,0.0,2026-10-02T01:01:04.695736+02:00
307446726,de:14713:8012343,0.0,2026-10-02T01:01:04.695736+02:00
307446726,de:14713:8012194,0.0,2026-10-02T01:01:04.695736+02:00
307446726,de:14713:8010008,0.0,2026-10-02T01:01:04.695736+02:00
307446726,de:14713:8011491,0.0,2026-10-02T01:01:04.695736+02:00
307446726,de:14729:8010059,0.0,2026-10-02T01:01:04.695736+02:00
307446726,de:14729:8011626,0.0,2026-10-02T01:01:04.695736+02:00
307446726,de:14729:8012284,0.0,2026-10-02T01:01:04.695736+02:00
307446726,de:14729:8011018,0.0,2026-10-02T01:01:04.695736+02:00
307446726,de:14729:8013362,0.0,2026-10-02T01:01:04.695736+02:00
307446726,de:14729:8013361,0.0,2026-10-02T01:01:04.695736+02:00
306897050,de:12067:900311422::1,0.0,2026-10-02T01:01:04.695736+02:00
306897050,de:12067:900311423::1,0.0,2026-10-02T01:01:04.695736+02:00
306897050,de:12067:900311424::1,0.0,2026-10-02T01:01:04.695736+02:00
306897050,de:12067:900311237::2,0.0,2026-10-02T01:01:04.695736+02:00
306897050,de:12067:900311232::2,0.0,2026-10-02T01:01:04.695736+02:00
306897050,de:12067:900311236::1,0.0,2026-10-02T01:01:04.695736+02:00
306897050,de:12067:900311234::1,0.0,2026-10-02T01:01:04.695736+02:00
306897050,de:12067:900311238::1,0.0,2026-10-02T01:01:04.695736+02:00
307445988,de:12070:900216026:3:53,0.0,2026-10-02T01:01:04.695736+02:00
307445988,de:15090:8010121,0.0,2026-10-02T01:01:04.695736+02:00
307445988,de:15090:8012967,0.0,2026-10-02T01:01:04.695736+02:00
307445988,de:15090:8012568,0.0,2026-10-02T01:01:04.695736+02:00
307445988,de:15090:8011665,0.0,2026-10-02T01:01:04.695736+02:00
307445988,de:15090:8011460,0.0,2026-10-02T01:01:04.695736+02:00
307445988,000008013045,0.0,2026-10-02T01:01:04.695736+02:00
307445988,de:15090:8010335,0.0,2026-10-02T01:01:04.695736+02:00
307445988,de:15090:8010334,0.0,2026-10-02T01:01:04.695736+02:00
307445988,de:15090:8011355,0.0,2026-10-02T01:01:04.695736+02:00
307445988,de:15090:8013083,0.0,2026-10-02T01:01:04.695736+02:00
307445988,de:15083:8012295,0.0,2026-10-02T01:01:04.695736+02:00
307445988,de:15083:8011042,0.0,2026-10-02T01:01:04.695736+02:00
307445988,de:15083:8013402,0.0,2026-10-02T01:01:04.695736+02:00
307445988,de:15083:8073410,0.0,2026-10-02T01:01:04.695736+02:00
307445988,de:15083:8013344,0.0,2026-10-02T01:01:04.695736+02:00
307445988,de:15003:8010086,0.0,2026-10-02T01:01:04.695736+02:00
307445988,de:15003:8012289,0.0,2026-10-02T01:01:04.695736+02:00
307445988,de:15003:8010226,0.0,2026-10-02T01:01:04.695736+02:00
307445988,de:15003:8010224,0.0,2026-10-02T01:01:04.695736+02:00
307445988,de:15003:8013456,0.0,2026-10-02T01:01:04.695736+02:00
307445988,de:15003:8013485,0.0,2026-10-02T01:01:04.695736+02:00
307445988,de:15003:8012291,0.0,2026-10-02T01:01:04.695736+02:00
307445988,de:15003:8012287,0.0,2026-10-02T01:01:04.695736+02:00
307445988,de:15089:8081270,0.0,2026-10-02T01:01:04.695736+02:00
307445988,de:15089:8010318,0.0,2026-10-02T01:01:04.695736+02:00
307445988,de:15089:8081260,0.0,2026-10-02T01:01:04.695736+02:00
307445988,de:15089:8012907,0.0,2026-10-02T01:01:04.695736+02:00
307280452,de:11000:900020202:1:50,0.0,2026-10-02T01:01:04.695736+02:00
307280452,de:11000:900001201:1:50,-0.2,2026-10-02T01:01:04.695736+02:00
307280452,de:11000:900009104:1:50,-0.8,2026-10-02T01:01:04.695736+02:00
307280452,de:11000:900007102:2:52,-0.4,2026-10-02T01:01:04.695736+02:00
307280452,de:11000:900110001:1:50,-0.6,2026-10-02T01:01:04.695736+02:00
307280452,de:11000:900110002:1:50,-0.4,2026-10-02T01:01:04.695736+02:00
307280452,de:11000:900110003:1:50,-0.4,2026-10-02T01:01:04.695736+02:00
307280452,de:11000:900110004:1:50,-0.8,2026-10-02T01:01:04.695736+02:00
307280452,de:11000:900110012:1:50,-0.7,2026-10-02T01:01:04.695736+02:00
307280452,de:11000:900120001:1:50,-0.7,2026-10-02T01:01:04.695736+02:00
307280452,de:11000:900120003:5:58,-0.1,2026-10-02T01:01:04.695736+02:00
307280452,de:11000:900190001:1:50,-0.4,2026-10-02T01:01:04.695736+02:00
307280452,de:11000:900077106:1:50,-0.4,2026-10-02T01:01:04.695736+02:00
307280452,de:11000:900078201:1:50,-0.3,2026-10-02T01:01:04.695736+02:00
307280452,de:11000:900079221:1:50,-0.2,2026-10-02T01:01:04.695736+02:00
307280452,de:11000:900068201:1:50,-0.8,2026-10-02T01:01:04.695736+02:00
307280452,de:11000:900058101:5:58,-0.1,2026-10-02T01:01:04.695736+02:00
307280452,de:11000:900054104:2:52,-0.7,2026-10-02T01:01:04.695736+02:00
307280452,de:11000:900054105:1:50,-0.9,2026-10-02T01:01:04.695736+02:00
307280452,de:11000:900044202:1:50,-0.7,2026-10-02T01:01:04.695736+02:00
307280452,de:11000:900045102:1:50,-0.7,2026-10-02T01:01:04.695736+02:00
307280452,de:11000:900044101:1:50,-0.8,2026-10-02T01:01:04.695736+02:00
307280452,de:11000:900040101:1:50,-0.3,2026-10-02T01:01:04.695736+02:00
307280452,de:11000:900024101:3:54,-0.8,2026-10-02T01:01:04.695736+02:00
307280570,de:11000:900020202:1:51,0.0,2026-10-02T01:01:04.695736+02:00
307280570,de:11000:900001201:1:51,-0.2,2026-10-02T01:01:04.695736+02:00
307280570,de:11000:900009104:1:51,-0.8,2026-10-02T01:01:04.695736+02:00
307280570,de:11000:900007102:2:52,-0.9,2026-10-02T01:01:04.695736+02:00
307280570,de:11000:900110001:1:50,-0.6,2026-10-02T01:01:04.695736+02:00
307280570,de:11000:900110002:1:50,-0.4,2026-10-02T01:01:04.695736+02:00
307280570,de:11000:900110003:1:50,-0.4,2026-10-02T01:01:04.695736+02:00
307280570,de:11000:900110004:1:50,-0.8,2026-10-02T01:01:04.695736+02:00
307280570,de:11000:900110012:1:50,-0.7,2026-10-02T01:01:04.695736+02:00
307280570,de:11000:900120001:1:50,-0.7,2026-10-02T01:01:04.695736+02:00
307280570,de:11000:900120003:5:58,-0.1,2026-10-02T01:01:04.695736+02:00
307280570,de:11000:900190001:1:50,-0.4,2026-10-02T01:01:04.695736+02:00
307280570,de:11000:900077106:1:50,-0.4,2026-10-02T01:01:04.695736+02:00
307280570,de:11000:900078201:1:50,-0.3,2026-10-02T01:01:04.695736+02:00
307280570,de:11000:900079221:1:50,-0.2,2026-10-02T01:01:04.695736+02:00
307280570,de:11000:900068201:1:50,-0.8,2026-10-02T01:01:04.695736+02:00
307280570,de:11000:900058101:5:58,-0.1,2026-10-02T01:01:04.695736+02:00
307280570,de:11000:900054104:2:52,-0.2,2026-10-02T01:01:04.695736+02:00
307280570,de:11000:900054105:1:50,-0.9,2026-10-02T01:01:04.695736+02:00
307280570,de:11000:900044202:1:50,-0.7,2026-10-02T01:01:04.695736+02:00
307280570,de:11000:900045102:1:50,-0.7,2026-10-02T01:01:04.695736+02:00
307280570,de:11000:900044101:1:50,-0.8,2026-10-02T01:01:04.695736+02:00
307280570,de:11000:900040101:1:50,-0.8,2026-10-02T01:01:04.695736+02:00
307280564,de:11000:900020202:1:51,0.0,2026-10-02T01:01:04.695736+02:00
307280564,de:11000:900001201:1:51,-0.2,2026-10-02T01:01:04.695736+02:00
307280564,de:11000:900009104:1:51,-0.8,2026-10-02T01:01:04.695736+02:00
307280564,de:11000:900007102:2:52,-0.9,2026-10-02T01:01:04.695736+02:00
307280564,de:11000:900110001:1:50,-0.6,2026-10-02T01:01:04.695736+02:00
307280564,de:11000:900110002:1:50,-0.4,2026-10-02T01:01:04.695736+02:00
307280564,de:11000:900110003:1:50,-0.4,2026-10-02T01:01:04.695736+02:00
307280564,de:11000:900110004:1:50,-0.8,2026-10-02T01:01:04.695736+02:00
307280564,de:11000:900110012:1:50,-0.7,2026-10-02T01:01:04.695736+02:00
307280564,de:11000:900120001:1:50,-0.7,2026-10-02T01:01:04.695736+02:00
307280564,de:11000:900120003:5:58,-0.1,2026-10-02T01:01:04.695736+02:00
307280564,de:11000:900190001:1:50,-0.4,2026-10-02T01:01:04.695736+02:00
307280564,de:11000:900077106:1:50,-0.4,2026-10-02T01:01:04.695736+02:00
307280564,de:11000:900078201:1:50,-0.3,2026-10-02T01:01:04.695736+02:00
307280564,de:11000:900079221:1:50,-0.2,2026-10-02T01:01:04.695736+02:00
307280564,de:11000:900068201:1:50,-0.8,2026-10-02T01:01:04.695736+02:00
307280564,de:11000:900058101:5:58,-0.1,2026-10-02T01:01:04.695736+02:00
307280564,de:11000:900054104:2:52,-0.2,2026-10-02T01:01:04.695736+02:00
307280564,de:11000:900054105:1:50,-0.9,2026-10-02T01:01:04.695736+02:00
307280564,de:11000:900044202:1:50,-0.7,2026-10-02T01:01:04.695736+02:00
307280564,de:11000:900045102:1:50,-0.7,2026-10-02T01:01:04.695736+02:00
307280564,de:11000:900044101:1:50,-0.8,2026-10-02T01:01:04.695736+02:00
307280564,de:11000:900040101:1:50,-0.8,2026-10-02T01:01:04.695736+02:00
307280438,de:11000:900020202:1:50,0.0,2026-10-02T01:01:04.695736+02:00
307280438,de:11000:900001201:1:50,-0.2,2026-10-02T01:01:04.695736+02:00
307280438,de:11000:900009104:1:50,-0.8,2026-10-02T01:01:04.695736+02:00
307280438,de:11000:900007102:2:52,-0.4,2026-10-02T01:01:04.695736+02:00
307280438,de:11000:900110001:1:50,-0.6,2026-10-02T01:01:04.695736+02:00
307280438,de:11000:900110002:1:50,-0.4,2026-10-02T01:01:04.695736+02:00
307280438,de:11000:900110003:1:50,-0.4,2026-10-02T01:01:04.695736+02:00
307280438,de:11000:900110004:1:50,-0.8,2026-10-02T01:01:04.695736+02:00
307280438,de:11000:900110012:1:50,-0.7,2026-10-02T01:01:04.695736+02:00
307280438,de:11000:900120001:1:50,-0.7,2026-10-02T01:01:04.695736+02:00
307280438,de:11000:900120003:5:58,-0.1,2026-10-02T01:01:04.695736+02:00
307280438,de:11000:900190001:1:50,-0.4,2026-10-02T01:01:04.695736+02:00
307280438,de:11000:900077106:1:50,-0.4,2026-10-02T01:01:04.695736+02:00
307280438,de:11000:900078201:1:50,-0.3,2026-10-02T01:01:04.695736+02:00
307280438,de:11000:900079221:1:50,-0.2,2026-10-02T01:01:04.695736+02:00
307280438,de:11000:900068201:1:50,-0.8,2026-10-02T01:01:04.695736+02:00
307280438,de:11000:900058101:5:58,-0.1,2026-10-02T01:01:04.695736+02:00
307280438,de:11000:900054104:2:52,-0.7,2026-10-02T01:01:04.695736+02:00
307280438,de:11000:900054105:1:50,-0.9,2026-10-02T01:01:04.695736+02:00
307280438,de:11000:900044202:1:50,-0.7,2026-10-02T01:01:04.695736+02:00
307280438,de:11000:900045102:1:50,-0.7,2026-10-02T01:01:04.695736+02:00
307280438,de:11000:900044101:1:50,-0.8,2026-10-02T01:01:04.695736+02:00
307280438,de:11000:900040101:1:50,-0.3,2026-10-02T01:01:04.695736+02:00
307280438,de:11000:900024101:3:54,-0.8,2026-10-02T01:01:04.695736+02:00
307280432,de:11000:900020202:1:50,0.0,2026-10-02T01:01:04.695736+02:00
307280432,de:11000:900001201:1:50,-0.2,2026-10-02T01:01:04.695736+02:00
307280432,de:11000:900009104:1:50,-0.8,2026-10-02T01:01:04.695736+02:00
307280432,de:11000:900007102:2:52,-0.4,2026-10-02T01:01:04.695736+02:00
307280432,de:11000:900110001:1:50,-0.6,2026-10-02T01:01:04.695736+02:00
307280432,de:11000:900110002:1:50,-0.4,2026-10-02T01:01:04.695736+02:00
307280432,de:11000:900110003:1:50,-0.4,2026-10-02T01:01:04.695736+02:00
307280432,de:11000:900110004:1:50,-0.8,2026-10-02T01:01:04.695736+02:00
307280432,de:11000:900110012:1:50,-0.7,2026-10-02T01:01:04.695736+02:00
307280432,de:11000:900120001:1:50,-0.7,2026-10-02T01:01:04.695736+02:00
307280432,de:11000:900120003:5:58,-0.1,2026-10-02T01:01:04.695736+02:00
307280432,de:11000:900190001:1:50,-0.4,2026-10-02T01:01:04.695736+02:00
307280432,de:11000:900077106:1:50,-0.4,2026-10-02T01:01:04.695736+02:00
307280432,de:11000:900078201:1:50,-0.3,2026-10-02T01:01:04.695736+02:00
307280432,de:11000:900079221:1:50,-0.2,2026-10-02T01:01:04.695736+02:00
307280432,de:11000:900068201:1:50,-0.8,2026-10-02T01:01:04.695736+02:00
307280432,de:11000:900058101:5:58,-0.1,2026-10-02T01:01:04.695736+02:00
307280432,de:11000:900054104:2:52,-0.7,2026-10-02T01:01:04.695736+02:00
307280432,de:11000:900054105:1:50,-0.9,2026-10-02T01:01:04.695736+02:00
307280432,de:11000:900044202:1:50,-0.7,2026-10-02T01:01:04.695736+02:00
307280432,de:11000:900045102:1:50,-0.7,2026-10-02T01:01:04.695736+02:00
307280432,de:11000:900044101:1:50,-0.8,2026-10-02T01:01:04.695736+02:00
307280432,de:11000:900040101:1:50,-0.3,2026-10-02T01:01:04.695736+02:00
307280432,de:11000:900024101:3:54,-0.8,2026-10-02T01:01:04.695736+02:00
307280425,de:11000:900020202:1:50,0.0,2026-10-02T01:01:04.695736+02:00
307280425,de:11000:900001201:1:50,-0.2,2026-10-02T01:01:04.695736+02:00
307280425,de:11000:900009104:1:50,-0.8,2026-10-02T01:01:04.695736+02:00
307280425,de:11000:900007102:2:52,-0.4,2026-10-02T01:01:04.695736+02:00
307280425,de:11000:900110001:1:50,-0.6,2026-10-02T01:01:04.695736+02:00
307280425,de:11000:900110002:1:50,-0.4,2026-10-02T01:01:04.695736+02:00
307280425,de:11000:900110003:1:50,-0.4,2026-10-02T01:01:04.695736+02:00
307280425,de:11000:900110004:1:50,-0.8,2026-10-02T01:01:04.695736+02:00
307280425,de:11000:900110012:1:50,-0.7,2026-10-02T01:01:04.695736+02:00
307280425,de:11000:900120001:1:50,-0.7,2026-10-02T01:01:04.695736+02:00
307280425,de:11000:900120003:5:58,-0.1,2026-10-02T01:01:04.695736+02:00
307280425,de:11000:900190001:1:50,-0.4,2026-10-02T01:01:04.695736+02:00
307280425,de:11000:900077106:1:50,-0.4,2026-10-02T01:01:04.695736+02:00
307280425,de:11000:900078201:1:50,-0.3,2026-10-02T01:01:04.695736+02:00
307280425,de:11000:900079221:1:50,-0.2,2026-10-02T01:01:04.695736+02:00
307280425,de:11000:900068201:1:50,-0.8,2026-10-02T01:01:04.695736+02:00
307280425,de:11000:900058101:5:58,-0.1,2026-10-02T01:01:04.695736+02:00
307280425,de:11000:900054104:2:52,-0.7,2026-10-02T01:01:04.695736+02:00
307280425,de:11000:900054105:1:50,-0.9,2026-10-02T01:01:04.695736+02:00
307280425,de:11000:900044202:1:50,-0.7,2026-10-02T01:01:04.695736+02:00
307280425,de:11000:900045102:1:50,-0.7,2026-10-02T01:01:04.695736+02:00
307280425,de:11000:900044101:1:50,-0.8,2026-10-02T01:01:04.695736+02:00
307280425,de:11000:900040101:1:50,-0.3,2026-10-02T01:01:04.695736+02:00
307280425,de:11000:900024101:3:54,-0.8,2026-10-02T01:01:04.695736+02:00
307286704,de:11000:900040101:1:50,0.0,2026-10-02T01:01:04.695736+02:00
307286704,de:11000:900044101:1:50,-0.8,2026-10-02T01:01:04.695736+02:00
307286704,de:11000:900045102:1:51,-0.9,2026-10-02T01:01:04.695736+02:00
307286704,de:11000:900044202:1:51,-0.9,2026-10-02T01:01:04.695736+02:00
307286704,de:11000:900054105:1:51,-0.7,2026-10-02T01:01:04.695736+02:00
307286704,de:11000:900054104:2:53,-0.3,2026-10-02T01:01:04.695736+02:00
307286704,de:11000:900058101:5:59,-0.2,2026-10-02T01:01:04.695736+02:00
307286704,de:11000:900068201:1:51,-0.8,2026-10-02T01:01:04.695736+02:00
307286704,de:11000:900079221:1:51,-0.4,2026-10-02T01:01:04.695736+02:00
307286704,de:11000:900078201:1:51,-0.1,2026-10-02T01:01:04.695736+02:00
307286704,de:11000:900077106:1:51,0.0,2026-10-02T01:01:04.695736+02:00
307286704,de:11000:900190001:2:52,-0.9,2026-10-02T01:01:04.695736+02:00
307286704,de:11000:900120003:5:59,-0.4,2026-10-02T01:01:04.695736+02:00
307286704,de:11000:900120001:1:51,0.0,2026-10-02T01:01:04.695736+02:00
307286704,de:11000:900110012:1:51,-0.2,2026-10-02T01:01:04.695736+02:00
307286704,de:11000:900110004:1:51,-0.1,2026-10-02T01:01:04.695736+02:00
307286704,de:11000:900110003:1:51,-0.4,2026-10-02T01:01:04.695736+02:00
307286704,de:11000:900110002:1:51,-0.4,2026-10-02T01:01:04.695736+02:00
307286704,de:11000:900110001:1:51,-0.1,2026-10-02T01:01:04.695736+02:00
307286704,de:11000:900007102:1:51,-0.6,2026-10-02T01:01:04.695736+02:00
307286704,de:11000:900009104:1:50,-0.8,2026-10-02T01:01:04.695736+02:00
307286704,de:11000:900001201:1:50,-0.3,2026-10-02T01:01:04.695736+02:00
307286704,de:11000:900020202:1:50,-0.1,2026-10-02T01:01:04.695736+02:00
307286622,de:11000:900024101:3:54,0.0,2026-10-02T01:01:04.695736+02:00
307286622,de:11000:900040101:1:50,-0.2,2026-10-02T01:01:04.695736+02:00
307286622,de:11000:900044101:1:50,-0.3,2026-10-02T01:01:04.695736+02:00
307286622,de:11000:900045102:1:51,-0.4,2026-10-02T01:01:04.695736+02:00
307286622,de:11000:900044202:1:51,-0.4,2026-10-02T01:01:04.695736+02:00
307286622,de:11000:900054105:1:51,-0.2,2026-10-02T01:01:04.695736+02:00
307286622,de:11000:900054104:2:53,-0.8,2026-10-02T01:01:04.695736+02:00
307286622,de:11000:900058101:5:59,-0.2,2026-10-02T01:01:04.695736+02:00
307286622,de:11000:900068201:1:51,-0.8,2026-10-02T01:01:04.695736+02:00
307286622,de:11000:900079221:1:51,-0.4,2026-10-02T01:01:04.695736+02:00
307286622,de:11000:900078201:1:51,-0.1,2026-10-02T01:01:04.695736+02:00
307286622,de:11000:900077106:1:51,0.0,2026-10-02T01:01:04.695736+02:00
307286622,de:11000:900190001:2:52,-0.9,2026-10-02T01:01:04.695736+02:00
307286622,de:11000:900120003:5:59,-0.4,2026-10-02T01:01:04.695736+02:00
307286622,de:11000:900120001:1:51,0.0,2026-10-02T01:01:04.695736+02:00
307286622,de:11000:900110012:1:51,-0.2,2026-10-02T01:01:04.695736+02:00
307286622,de:11000:900110004:1:51,-0.1,2026-10-02T01:01:04.695736+02:00
307286622,de:11000:900110003:1:51,-0.4,2026-10-02T01:01:04.695736+02:00
307286622,de:11000:900110002:1:51,-0.4,2026-10-02T01:01:04.695736+02:00
307286622,de:11000:900110001:1:51,-0.1,2026-10-02T01:01:04.695736+02:00
307286622,de:11000:900007102:1:51,-0.6,2026-10-02T01:01:04.695736+02:00
307286622,de:11000:900009104:1:51,-0.8,2026-10-02T01:01:04.695736+02:00
307286622,de:11000:900001201:1:51,-0.3,2026-10-02T01:01:04.695736+02:00
307286622,de:11000:900020202:1:51,-0.1,2026-10-02T01:01:04.695736+02:00
306895296,de:12061:900261462::1,0.0,2026-10-02T01:01:04.695736+02:00
306895296,de:12061:900261465::2,0.0,2026-10-02T01:01:04.695736+02:00
306895296,de:12061:900261420::2,0.0,2026-10-02T01:01:04.695736+02:00
306895296,de:12061:900261207::2,0.0,2026-10-02T01:01:04.695736+02:00
306895296,de:12061:900261208::2,0.0,2026-10-02T01:01:04.695736+02:00
306895296,de:12061:900261734::1,0.0,2026-10-02T01:01:04.695736+02:00
306895296,de:12067:900310934::2,0.0,2026-10-02T01:01:04.695736+02:00
306895296,de:12067:900311068::2,0.0,2026-10-02T01:01:04.695736+02:00
306895296,de:12067:900310625::1,0.0,2026-10-02T01:01:04.695736+02:00
306895296,de:12067:900311003::1,0.0,2026-10-02T01:01:04.695736+02:00
306895296,de:12067:900310986::2,0.0,2026-10-02T01:01:04.695736+02:00
306895296,de:12067:900310984::2,0.0,2026-10-02T01:01:04.695736+02:00
306895296,de:12067:900310987::1,0.0,2026-10-02T01:01:04.695736+02:00
306895296,de:12067:900311062::1,0.0,2026-10-02T01:01:04.695736+02:00
306895296,de:12067:900311063::2,0.0,2026-10-02T01:01:04.695736+02:00
306895296,de:12067:900311065::1,0.0,2026-10-02T01:01:04.695736+02:00
307289057,de:11000:900079221:1:51,0.0,2026-10-02T01:01:04.695736+02:00
307289057,de:11000:900078201:1:51,-0.1,2026-10-02T01:01:04.695736+02:00
307289057,de:11000:900077106:1:51,0.0,2026-10-02T01:01:04.695736+02:00
307289057,de:11000:900190001:2:52,-0.9,2026-10-02T01:01:04.695736+02:00
307289057,de:11000:900120003:5:59,-0.4,2026-10-02T01:01:04.695736+02:00
307289057,de:11000:900120001:1:51,0.0,2026-10-02T01:01:04.695736+02:00
307289057,de:11000:900110012:1:51,-0.2,2026-10-02T01:01:04.695736+02:00
307289057,de:11000:900110004:1:51,-0.1,2026-10-02T01:01:04.695736+02:00
307289057,de:11000:900110003:1:51,-0.4,2026-10-02T01:01:04.695736+02:00
307289057,de:11000:900110002:1:51,-0.4,2026-10-02T01:01:04.695736+02:00
307289057,de:11000:900110001:1:51,-0.1,2026-10-02T01:01:04.695736+02:00
307289057,de:11000:900007102:1:51,-0.6,2026-10-02T01:01:04.695736+02:00
307289057,de:11000:900009104:1:51,-0.3,2026-10-02T01:01:04.695736+02:00
295927556,de:11000:900068201:1:51,0.0,2026-10-02T01:01:04.695736+02:00
295927556,de:11000:900079221:1:51,-0.9,2026-10-02T01:01:04.695736+02:00
295927556,de:11000:900078201:1:51,-0.6,2026-10-02T01:01:04.695736+02:00
295927556,de:11000:900077155:1:51,-0.2,2026-10-02T01:01:04.695736+02:00
295927556,de:11000:900191001:2:51,-0.7,2026-10-02T01:01:04.695736+02:00
295927556,de:11000:900192001:2:52,-0.7,2026-10-02T01:01:04.695736+02:00
295927556,de:11000:900193001:1:50,-0.2,2026-10-02T01:01:04.695736+02:00
295927556,de:11000:900193002:1:50,-0.8,2026-10-02T01:01:04.695736+02:00
295927556,de:11000:900186001:1:50,-0.8,2026-10-02T01:01:04.695736+02:00
295927556,de:12061:900260004:1:50,-0.2,2026-10-02T01:01:04.695736+02:00
295927556,de:12061:900260003:1:50,-0.4,2026-10-02T01:01:04.695736+02:00
295927556,de:12061:900260002:1:51,-0.2,2026-10-02T01:01:04.695736+02:00
295927556,de:12061:900260001:2:52,-0.2,2026-10-02T01:01:04.695736+02:00
307292689,de:12061:900260001:2:52,0.0,2026-10-02T01:01:04.695736+02:00
307292689,de:12061:900260002:1:51,-0.8,2026-10-02T01:01:04.695736+02:00
307292689,de:12061:900260003:1:51,-0.7,2026-10-02T01:01:04.695736+02:00
307292689,de:12061:900260004:1:51,-0.9,2026-10-02T01:01:04.695736+02:00
307292689,de:11000:900186001:2:53,-0.2,2026-10-02T01:01:04.695736+02:00
307292689,de:11000:900193002:1:51,-0.2,2026-10-02T01:01:04.695736+02:00
307292689,de:11000:900193001:2:51,-0.8,2026-10-02T01:01:04.695736+02:00
307292689,de:11000:900192001:3:55,-0.7,2026-10-02T01:01:04.695736+02:00
307292689,de:11000:900191001:1:50,-0.4,2026-10-02T01:01:04.695736+02:00
307292689,de:11000:900077155:1:50,-0.9,2026-10-02T01:01:04.695736+02:00
307292689,de:11000:900078201:1:50,-0.4,2026-10-02T01:01:04.695736+02:00
307292689,de:11000:900079221:1:50,-0.2,2026-10-02T01:01:04.695736+02:00
307292689,de:11000:900068201:1:50,-0.8,2026-10-02T01:01:04.695736+02:00
307292689,de:11000:900058101:5:58,-0.1,2026-10-02T01:01:04.695736+02:00
307292689,de:11000:900054104:2:52,-0.2,2026-10-02T01:01:04.695736+02:00
307292689,de:11000:900054105:1:50,-0.9,2026-10-02T01:01:04.695736+02:00
307292689,de:11000:900044202:1:50,-0.7,2026-10-02T01:01:04.695736+02:00
307292227,de:11000:900044202:1:51,0.0,2026-10-02T01:01:04.695736+02:00
307292227,de:11000:900054105:1:51,-0.2,2026-10-02T01:01:04.695736+02:00
307292227,de:11000:900054104:2:53,-0.8,2026-10-02T01:01:04.695736+02:00
307292227,de:11000:900058101:5:59,-0.7,2026-10-02T01:01:04.695736+02:00
307292227,de:11000:900068201:1:51,-0.3,2026-10-02T01:01:04.695736+02:00
307292227,de:11000:900079221:1:51,-0.9,2026-10-02T01:01:04.695736+02:00
307292227,de:11000:900078201:1:51,-0.6,2026-10-02T01:01:04.695736+02:00
307292227,de:11000:900077155:1:51,-0.2,2026-10-02T01:01:04.695736+02:00
307292227,de:11000:900191001:2:51,-0.7,2026-10-02T01:01:04.695736+02:00
307292227,de:11000:900192001:2:52,-0.7,2026-10-02T01:01:04.695736+02:00
307292227,de:11000:900193001:1:50,-0.2,2026-10-02T01:01:04.695736+02:00
307292227,de:11000:900193002:1:50,-0.8,2026-10-02T01:01:04.695736+02:00
307292227,de:11000:900186001:1:50,-0.8,2026-10-02T01:01:04.695736+02:00
307292227,de:12061:900260004:1:50,-0.2,2026-10-02T01:01:04.695736+02:00
307292227,de:12061:900260003:1:50,-0.4,2026-10-02T01:01:04.695736+02:00
307292227,de:12061:900260002:1:51,-0.2,2026-10-02T01:01:04.695736+02:00
307292227,de:12061:900260001:2:52,-0.2,2026-10-02T01:01:04.695736+02:00
307292642,de:12061:900260001:2:52,0.0,2026-10-02T01:01:04.695736+02:00
307292642,de:12061:900260002:1:51,-0.8,2026-10-02T01:01:04.695736+02:00
307292642,de:12061:900260003:1:51,-0.7,2026-10-02T01:01:04.695736+02:00
307292642,de:12061:900260004:1:51,-0.9,2026-10-02T01:01:04.695736+02:00
307292642,de:11000:900186001:2:53,-0.2,2026-10-02T01:01:04.695736+02:00
307292642,de:11000:900193002:1:51,-0.2,2026-10-02T01:01:04.695736+02:00
307292642,de:11000:900193001:2:51,-0.8,2026-10-02T01:01:04.695736+02:00
307292642,de:11000:900192001:3:55,-0.7,2026-10-02T01:01:04.695736+02:00
307292642,de:11000:900191001:1:50,-0.4,2026-10-02T01:01:04.695736+02:00
307292642,de:11000:900077155:1:50,-0.9,2026-10-02T01:01:04.695736+02:00
307292642,de:11000:900078201:1:50,-0.4,2026-10-02T01:01:04.695736+02:00
307292642,de:11000:900079221:1:50,-0.2,2026-10-02T01:01:04.695736+02:00
307292642,de:11000:900068201:1:50,-0.8,2026-10-02T01:01:04.695736+02:00
307292642,de:11000:900058101:5:58,-0.1,2026-10-02T01:01:04.695736+02:00
307292642,de:11000:900054104:2:52,-0.2,2026-10-02T01:01:04.695736+02:00
307292642,de:11000:900054105:1:50,-0.9,2026-10-02T01:01:04.695736+02:00
307292642,de:11000:900044202:1:50,-0.7,2026-10-02T01:01:04.695736+02:00
307292202,de:11000:900044202:1:51,0.0,2026-10-02T01:01:04.695736+02:00
307292202,de:11000:900054105:1:51,-0.2,2026-10-02T01:01:04.695736+02:00
307292202,de:11000:900054104:2:53,-0.8,2026-10-02T01:01:04.695736+02:00
307292202,de:11000:900058101:5:59,-0.7,2026-10-02T01:01:04.695736+02:00
307292202,de:11000:900068201:1:51,-0.3,2026-10-02T01:01:04.695736+02:00
307292202,de:11000:900079221:1:51,-0.9,2026-10-02T01:01:04.695736+02:00
307292202,de:11000:900078201:1:51,-0.6,2026-10-02T01:01:04.695736+02:00
307292202,de:11000:900077155:1:51,-0.2,2026-10-02T01:01:04.695736+02:00
307292202,de:11000:900191001:2:51,-0.7,2026-10-02T01:01:04.695736+02:00
307292202,de:11000:900192001:2:52,-0.7,2026-10-02T01:01:04.695736+02:00
307292202,de:11000:900193001:1:50,-0.2,2026-10-02T01:01:04.695736+02:00
307292202,de:11000:900193002:1:50,-0.8,2026-10-02T01:01:04.695736+02:00
307292202,de:11000:900186001:1:50,-0.8,2026-10-02T01:01:04.695736+02:00
307292202,de:12061:900260004:1:50,-0.2,2026-10-02T01:01:04.695736+02:00
307292202,de:12061:900260003:1:50,-0.4,2026-10-02T01:01:04.695736+02:00
307292202,de:12061:900260002:1:51,-0.2,2026-10-02T01:01:04.695736+02:00
307292202,de:12061:900260001:2:52,-0.2,2026-10-02T01:01:04.695736+02:00
295928952,de:11000:900079221:1:51,0.0,2026-10-02T01:01:04.695736+02:00
295928952,de:11000:900078201:1:51,-0.6,2026-10-02T01:01:04.695736+02:00
295928952,de:11000:900077155:1:51,-0.2,2026-10-02T01:01:04.695736+02:00
295928952,de:11000:900191001:2:51,-0.7,2026-10-02T01:01:04.695736+02:00
295928952,de:11000:900192001:2:52,-0.7,2026-10-02T01:01:04.695736+02:00
295928952,de:11000:900193001:1:50,-0.2,2026-10-02T01:01:04.695736+02:00
295928952,de:11000:900193002:1:50,-0.8,2026-10-02T01:01:04.695736+02:00
295928952,de:11000:900186001:1:51,-0.8,2026-10-02T01:01:04.695736+02:00
295932949,de:11000:900058101:5:59,0.0,2026-10-02T01:01:04.695736+02:00
295932949,de:11000:900068201:1:51,-0.3,2026-10-02T01:01:04.695736+02:00
295932949,de:11000:900079221:1:51,-0.9,2026-10-02T01:01:04.695736+02:00
295932949,de:11000:900078201:1:51,-0.6,2026-10-02T01:01:04.695736+02:00
295932949,de:11000:900077155:1:51,-0.2,2026-10-02T01:01:04.695736+02:00
295932949,de:11000:900191001:2:51,-0.7,2026-10-02T01:01:04.695736+02:00
295932949,de:11000:900192001:2:53,-0.7,2026-10-02T01:01:04.695736+02:00
295932946,de:11000:900192001:2:52,0.0,2026-10-02T01:01:04.695736+02:00
295932946,de:11000:900192002:1:50,-0.5,2026-10-02T01:01:04.695736+02:00
295932946,de:11000:900180003:1:50,-0.7,2026-10-02T01:01:04.695736+02:00
295936945,de:12064:900320001:1:50,0.0,2026-10-02T01:01:04.695736+02:00
295936945,de:12064:900320002:1:50,-0.3,2026-10-02T01:01:04.695736+02:00
295936945,de:12064:900320003:1:50,-0.1,2026-10-02T01:01:04.695736+02:00
295936945,de:12064:900320004:2:51,-0.8,2026-10-02T01:01:04.695736+02:00
295936945,de:12064:900320005:1:50,0.0,2026-10-02T01:01:04.695736+02:00
295936945,de:12064:900320006:1:51,-0.8,2026-10-02T01:01:04.695736+02:00
295936945,de:12064:900320007:1:50,-0.8,2026-10-02T01:01:04.695736+02:00
295936945,de:12064:900320008:1:51,-0.5,2026-10-02T01:01:04.695736+02:00
295936945,de:12064:900320026:1:50,-0.3,2026-10-02T01:01:04.695736+02:00
295936945,de:11000:900176001:1:51,-0.7,2026-10-02T01:01:04.695736+02:00
295936945,de:11000:900175002:1:50,-0.7,2026-10-02T01:01:04.695736+02:00
295936945,de:11000:900175001:1:50,-0.6,2026-10-02T01:01:04.695736+02:00
295936945,de:11000:900171001:1:50,-0.3,2026-10-02T01:01:04.695736+02:00
295936945,de:11000:900171002:1:51,-0.4,2026-10-02T01:01:04.695736+02:00
295936945,de:11000:900160004:1:51,-0.8,2026-10-02T01:01:04.695736+02:00
295936945,de:11000:900160003:1:51,-0.9,2026-10-02T01:01:04.695736+02:00
295936945,de:11000:900120003:3:55,-0.1,2026-10-02T01:01:04.695736+02:00
295936945,de:11000:900120004:2:53,-0.6,2026-10-02T01:01:04.695736+02:00
295936945,de:11000:900120005:5:58,-0.9,2026-10-02T01:01:04.695736+02:00
295936945,de:11000:900100004:1:51,-0.4,2026-10-02T01:01:04.695736+02:00
295936945,de:11000:900100003:2:53,-0.4,2026-10-02T01:01:04.695736+02:00
295936945,de:11000:900100002:1:51,-0.4,2026-10-02T01:01:04.695736+02:00
295936945,de:11000:900100001:3:55,-0.4,2026-10-02T01:01:04.695736+02:00
295936945,de:11000:900003201:3:55,-0.1,2026-10-02T01:01:04.695736+02:00
295936945,de:11000:900003102:1:51,-0.8,2026-10-02T01:01:04.695736+02:00
295936945,de:11000:900003103:1:51,-0.9,2026-10-02T01:01:04.695736+02:00
295936945,de:11000:900023201:3:55,-0.8,2026-10-02T01:01:04.695736+02:00
295936945,de:11000:900024203:1:51,-0.8,2026-10-02T01:01:04.695736+02:00
295936945,de:11000:900024101:4:57,-0.8,2026-10-02T01:01:04.695736+02:00
295936945,de:11000:900024102:1:51,-0.1,2026-10-02T01:01:04.695736+02:00
295936916,de:12064:900320001:1:50,0.0,2026-10-02T01:01:04.695736+02:00
295936916,de:12064:900320002:1:50,-0.3,2026-10-02T01:01:04.695736+02:00
295936916,de:12064:900320003:1:50,-0.1,2026-10-02T01:01:04.695736+02:00
295936916,de:12064:900320004:2:51,-0.8,2026-10-02T01:01:04.695736+02:00
295936916,de:12064:900320005:1:50,0.0,2026-10-02T01:01:04.695736+02:00
295936916,de:12064:900320006:1:51,-0.8,2026-10-02T01:01:04.695736+02:00
295936916,de:12064:900320007:1:50,-0.8,2026-10-02T01:01:04.695736+02:00
295936916,de:12064:900320008:1:51,-0.5,2026-10-02T01:01:04.695736+02:00
295936916,de:12064:900320026:1:50,-0.3,2026-10-02T01:01:04.695736+02:00
295936916,de:11000:900176001:1:51,-0.7,2026-10-02T01:01:04.695736+02:00
295936916,de:11000:900175002:1:50,-0.7,2026-10-02T01:01:04.695736+02:00
295936916,de:11000:900175001:1:50,-0.6,2026-10-02T01:01:04.695736+02:00
295936916,de:11000:900171001:1:50,-0.3,2026-10-02T01:01:04.695736+02:00
295936916,de:11000:900171002:1:51,-0.4,2026-10-02T01:01:04.695736+02:00
295936916,de:11000:900160004:1:51,-0.8,2026-10-02T01:01:04.695736+02:00
295936916,de:11000:900160003:1:51,-0.9,2026-10-02T01:01:04.695736+02:00
295936916,de:11000:900120003:3:55,-0.1,2026-10-02T01:01:04.695736+02:00
295936916,de:11000:900120004:2:53,-0.6,2026-10-02T01:01:04.695736+02:00
295936916,de:11000:900120005:5:58,-0.9,2026-10-02T01:01:04.695736+02:00
295936916,de:11000:900100004:1:51,-0.4,2026-10-02T01:01:04.695736+02:00
295936916,de:11000:900100003:2:53,-0.4,2026-10-02T01:01:04.695736+02:00
295936916,de:11000:900100002:1:51,-0.4,2026-10-02T01:01:04.695736+02:00
295936916,de:11000:900100001:3:55,-0.4,2026-10-02T01:01:04.695736+02:00
295936916,de:11000:900003201:3:55,-0.1,2026-10-02T01:01:04.695736+02:00
295936916,de:11000:900003102:1:51,-0.8,2026-10-02T01:01:04.695736+02:00
295936916,de:11000:900003103:1:51,-0.9,2026-10-02T01:01:04.695736+02:00
295936916,de:11000:900023201:3:55,-0.8,2026-10-02T01:01:04.695736+02:00
295936916,de:11000:900024203:1:51,-0.8,2026-10-02T01:01:04.695736+02:00
295936916,de:11000:900024101:4:57,-0.8,2026-10-02T01:01:04.695736+02:00
295936916,de:11000:900024102:1:51,-0.1,2026-10-02T01:01:04.695736+02:00
295942201,de:11000:900120005:5:57,0.0,2026-10-02T01:01:04.695736+02:00
295942201,de:11000:900120004:1:51,-0.1,2026-10-02T01:01:04.695736+02:00
295942201,de:11000:900120003:2:52,-0.4,2026-10-02T01:01:04.695736+02:00
295942201,de:11000:900160003:1:50,-0.7,2026-10-02T01:01:04.695736+02:00
295942201,de:11000:900160004:1:50,-0.7,2026-10-02T01:01:04.695736+02:00
295942201,de:11000:900171002:1:50,-0.2,2026-10-02T01:01:04.695736+02:00
295942201,de:11000:900171001:2:51,-0.3,2026-10-02T01:01:04.695736+02:00
295942201,de:11000:900175001:2:51,-0.5,2026-10-02T01:01:04.695736+02:00
295942201,de:11000:900175002:1:51,0.0,2026-10-02T01:01:04.695736+02:00
295942201,de:11000:900176001:1:50,-0.7,2026-10-02T01:01:04.695736+02:00
306896422,de:12067:900310613::1,0.0,2026-10-02T01:01:04.695736+02:00
306896422,de:12067:900311078::2,0.0,2026-10-02T01:01:04.695736+02:00
306896422,de:12067:900311077::2,0.0,2026-10-02T01:01:04.695736+02:00
306896422,de:12067:900311082::2,0.0,2026-10-02T01:01:04.695736+02:00
306896422,de:12067:900310107::2,0.0,2026-10-02T01:01:04.695736+02:00
306896422,de:12067:900310113::1,0.0,2026-10-02T01:01:04.695736+02:00
306896422,de:12067:900310102::2,0.0,2026-10-02T01:01:04.695736+02:00
306896422,de:12067:900310103::2,0.0,2026-10-02T01:01:04.695736+02:00
306896422,de:12067:900310114::2,0.0,2026-10-02T01:01:04.695736+02:00
306896422,de:12067:900310119::2,0.0,2026-10-02T01:01:04.695736+02:00
306896422,de:12067:900310115::2,0.0,2026-10-02T01:01:04.695736+02:00
306896422,de:12067:900310106::2,0.0,2026-10-02T01:01:04.695736+02:00
306896422,de:12067:900310109::1,0.0,2026-10-02T01:01:04.695736+02:00
306896422,de:12067:900310631::1,0.0,2026-10-02T01:01:04.695736+02:00
306896422,de:12067:900310040::2,0.0,2026-10-02T01:01:04.695736+02:00
306896422,de:12067:900310105::2,0.0,2026-10-02T01:01:04.695736+02:00
306896422,de:12067:900310970::2,0.0,2026-10-02T01:01:04.695736+02:00
306896422,de:12067:900310972::2,0.0,2026-10-02T01:01:04.695736+02:00
306896422,de:12067:900310810::1,0.0,2026-10-02T01:01:04.695736+02:00
306896422,de:12067:900310769::2,0.0,2026-10-02T01:01:04.695736+02:00
306896422,de:12067:900310695::3,0.0,2026-10-02T01:01:04.695736+02:00
306896422,de:12067:900310812::2,0.0,2026-10-02T01:01:04.695736+02:00
306896422,de:12067:900310630::2,0.0,2026-10-02T01:01:04.695736+02:00
306896422,de:12067:900310811::2,0.0,2026-10-02T01:01:04.695736+02:00
306896422,de:12067:900310771::2,0.0,2026-10-02T01:01:04.695736+02:00
306896422,de:12067:900310822::2,0.0,2026-10-02T01:01:04.695736+02:00
306896422,de:12067:900310781::2,0.0,2026-10-02T01:01:04.695736+02:00
306896422,de:12067:900310627::2,-0.5,2026-10-02T01:01:04.695736+02:00
306896422,de:12067:900310816::2,0.0,2026-10-02T01:01:04.695736+02:00
306896422,de:12067:900310022::1,0.0,2026-10-02T01:01:04.695736+02:00
306896422,de:12067:900310001::11,0.0,2026-10-02T01:01:04.695736+02:00
306896841,de:12067:900311129::4,0.0,2026-10-02T01:01:04.695736+02:00
306896841,de:12067:900311129::4,-12.0,2026-10-02T01:01:04.695736+02:00
306896841,de:12067:900310727::3,0.0,2026-10-02T01:01:04.695736+02:00
306896841,de:12067:900310755::2,0.0,2026-10-02T01:01:04.695736+02:00
306896841,de:12067:900310728::3,0.0,2026-10-02T01:01:04.695736+02:00
306896841,de:12067:900311129::7,0.0,2026-10-02T01:01:04.695736+02:00
306896841,de:12067:900311129::4,12.0,2026-10-02T01:01:04.695736+02:00
306896841,de:12067:900311129::4,0.0,2026-10-02T01:01:04.695736+02:00
306896841,de:12067:900310637::2,0.0,2026-10-02T01:01:04.695736+02:00
306896841,de:12067:900310722::2,-0.5,2026-10-02T01:01:04.695736+02:00
306896841,de:12067:900310841::2,0.0,2026-10-02T01:01:04.695736+02:00
306896841,de:12067:900311002::3,0.0,2026-10-02T01:01:04.695736+02:00
306896841,de:12067:900310908::2,0.0,2026-10-02T01:01:04.695736+02:00
306896841,de:12067:900310975::2,0.0,2026-10-02T01:01:04.695736+02:00
306896841,de:12067:900310974::2,0.0,2026-10-02T01:01:04.695736+02:00
306896841,de:12067:900310914::2,0.0,2026-10-02T01:01:04.695736+02:00
306896841,de:12067:900310703::3,0.0,2026-10-02T01:01:04.695736+02:00
306896841,de:12067:900310915::2,-0.5,2026-10-02T01:01:04.695736+02:00
306896841,de:12067:900310916::2,-0.5,2026-10-02T01:01:04.695736+02:00
306896841,de:12067:900310917::2,0.0,2026-10-02T01:01:04.695736+02:00
306896841,de:12067:900310900::2,0.0,2026-10-02T01:01:04.695736+02:00
306896841,de:12067:900310880::2,0.0,2026-10-02T01:01:04.695736+02:00
306896841,de:12067:900310010::1,0.0,2026-10-02T01:01:04.695736+02:00
306896841,de:12067:900310879::2,0.0,2026-10-02T01:01:04.695736+02:00
306896841,de:12067:900310800::2,0.0,2026-10-02T01:01:04.695736+02:00
306896841,de:12067:900310771::2,0.0,2026-10-02T01:01:04.695736+02:00
306896841,de:12067:900310822::2,0.0,2026-10-02T01:01:04.695736+02:00
306896841,de:12067:900310781::2,0.0,2026-10-02T01:01:04.695736+02:00
306896841,de:12067:900310627::2,-0.5,2026-10-02T01:01:04.695736+02:00
306896841,de:12067:900310816::2,0.0,2026-10-02T01:01:04.695736+02:00
306896841,de:12067:900310022::1,0.0,2026-10-02T01:01:04.695736+02:00
306896841,de:12067:900310001::11,0.0,2026-10-02T01:01:04.695736+02:00
306895188,de:12067:900311129::1,0.0,2026-10-02T01:01:04.695736+02:00
306895188,de:12067:900310755::1,0.0,2026-10-02T01:01:04.695736+02:00
306895188,de:12067:900310738::1,0.0,2026-10-02T01:01:04.695736+02:00
306895188,de:12067:900310725::1,0.0,2026-10-02T01:01:04.695736+02:00
306895188,de:12067:900310909::1,0.0,2026-10-02T01:01:04.695736+02:00
306895188,de:12067:900310609::1,0.0,2026-10-02T01:01:04.695736+02:00
306895188,de:12067:900310060::2,0.0,2026-10-02T01:01:04.695736+02:00
306895188,de:12067:900310858::3,0.0,2026-10-02T01:01:04.695736+02:00
306895188,de:12067:900311269::2,0.0,2026-10-02T01:01:04.695736+02:00
306895188,de:12067:900311228::2,0.0,2026-10-02T01:01:04.695736+02:00
306895188,de:12067:900311239::2,0.0,2026-10-02T01:01:04.695736+02:00
306895188,de:12067:900311227::1,0.0,2026-10-02T01:01:04.695736+02:00
306895188,de:12067:900311402::1,0.0,2026-10-02T01:01:04.695736+02:00
306895188,de:12067:900311311::2,0.0,2026-10-02T01:01:04.695736+02:00
306895188,de:12067:900311312::2,0.0,2026-10-02T01:01:04.695736+02:00
306895188,de:12067:900311383::3,0.0,2026-10-02T01:01:04.695736+02:00
306895188,de:12067:900311315::2,0.0,2026-10-02T01:01:04.695736+02:00
306895188,de:12067:900311348::2,0.0,2026-10-02T01:01:04.695736+02:00
306895188,de:12067:900311308::4,0.0,2026-10-02T01:01:04.695736+02:00
306895211,de:12067:900311308::5,0.0,2026-10-02T01:01:04.695736+02:00
306895211,de:12067:900311380::1,0.0,2026-10-02T01:01:04.695736+02:00
306895211,de:12067:900311348::1,0.0,2026-10-02T01:01:04.695736+02:00
306895211,de:12067:900311315::1,0.0,2026-10-02T01:01:04.695736+02:00
306895211,de:12067:900311383::3,0.0,2026-10-02T01:01:04.695736+02:00
306895211,de:12067:900311312::1,0.0,2026-10-02T01:01:04.695736+02:00
306895211,de:12067:900311311::1,0.0,2026-10-02T01:01:04.695736+02:00
306895211,de:12067:900311402::2,0.0,2026-10-02T01:01:04.695736+02:00
306895211,de:12067:900311227::2,0.0,2026-10-02T01:01:04.695736+02:00
306895211,de:12067:900311239::1,0.0,2026-10-02T01:01:04.695736+02:00
306895211,de:12067:900311228::1,0.0,2026-10-02T01:01:04.695736+02:00
306895211,de:12067:900311269::1,0.0,2026-10-02T01:01:04.695736+02:00
306895211,de:12067:900310858::1,0.0,2026-10-02T01:01:04.695736+02:00
306895211,de:12067:900310060::1,0.0,2026-10-02T01:01:04.695736+02:00
306895211,de:12067:900310609::1,0.0,2026-10-02T01:01:04.695736+02:00
306895211,de:12067:900310909::1,0.0,2026-10-02T01:01:04.695736+02:00
306895211,de:12067:900310725::2,0.0,2026-10-02T01:01:04.695736+02:00
306895211,de:12067:900310738::2,0.0,2026-10-02T01:01:04.695736+02:00
306895211,de:12067:900310639::1,0.0,2026-10-02T01:01:04.695736+02:00
306895211,de:12067:900310626::1,0.0,2026-10-02T01:01:04.695736+02:00
306895211,de:12067:900311129::6,0.0,2026-10-02T01:01:04.695736+02:00
306895212,de:12067:900311308::5,0.0,2026-10-02T01:01:04.695736+02:00
306895212,de:12067:900311380::1,0.0,2026-10-02T01:01:04.695736+02:00
306895212,de:12067:900311348::1,0.0,2026-10-02T01:01:04.695736+02:00
306895212,de:12067:900311315::1,0.0,2026-10-02T01:01:04.695736+02:00
306895212,de:12067:900311383::3,0.0,2026-10-02T01:01:04.695736+02:00
306895212,de:12067:900311312::1,0.0,2026-10-02T01:01:04.695736+02:00
306895212,de:12067:900311311::1,0.0,2026-10-02T01:01:04.695736+02:00
306895212,de:12067:900311402::2,0.0,2026-10-02T01:01:04.695736+02:00
306895212,de:12067:900311227::2,0.0,2026-10-02T01:01:04.695736+02:00
306895212,de:12067:900311239::1,0.0,2026-10-02T01:01:04.695736+02:00
306895212,de:12067:900311228::1,0.0,2026-10-02T01:01:04.695736+02:00
306895212,de:12067:900311269::1,0.0,2026-10-02T01:01:04.695736+02:00
306895212,de:12067:900310858::1,0.0,2026-10-02T01:01:04.695736+02:00
306895212,de:12067:900310060::1,0.0,2026-10-02T01:01:04.695736+02:00
306895212,de:12067:900310609::1,0.0,2026-10-02T01:01:04.695736+02:00
306895212,de:12067:900310909::1,0.0,2026-10-02T01:01:04.695736+02:00
306895212,de:12067:900310725::2,0.0,2026-10-02T01:01:04.695736+02:00
306895212,de:12067:900310738::2,0.0,2026-10-02T01:01:04.695736+02:00
306895212,de:12067:900310639::1,0.0,2026-10-02T01:01:04.695736+02:00
306895212,de:12067:900310626::1,0.0,2026-10-02T01:01:04.695736+02:00
306895212,de:12067:900311129::6,0.0,2026-10-02T01:01:04.695736+02:00
306895293,de:12061:900261462::1,0.0,2026-10-02T01:01:04.695736+02:00
306895293,de:12061:900261465::2,0.0,2026-10-02T01:01:04.695736+02:00
306895293,de:12061:900261420::2,0.0,2026-10-02T01:01:04.695736+02:00
306895293,de:12061:900261207::2,0.0,2026-10-02T01:01:04.695736+02:00
306895293,de:12061:900261208::2,0.0,2026-10-02T01:01:04.695736+02:00
306895293,de:12061:900261734::1,0.0,2026-10-02T01:01:04.695736+02:00
306895293,de:12067:900310934::2,0.0,2026-10-02T01:01:04.695736+02:00
306895293,de:12067:900311068::2,0.0,2026-10-02T01:01:04.695736+02:00
306895293,de:12067:900311003::1,0.0,2026-10-02T01:01:04.695736+02:00
306895293,de:12067:900310744::1,0.0,2026-10-02T01:01:04.695736+02:00
306895293,de:12067:900310907::1,0.0,2026-10-02T01:01:04.695736+02:00
306895293,de:12067:900310907::2,0.0,2026-10-02T01:01:04.695736+02:00
306895293,de:12067:900310905::1,0.0,2026-10-02T01:01:04.695736+02:00
306895293,de:12067:900310906::2,0.0,2026-10-02T01:01:04.695736+02:00
306895293,de:12067:900310826::2,0.0,2026-10-02T01:01:04.695736+02:00
306895293,de:12067:900311065::1,0.0,2026-10-02T01:01:04.695736+02:00
306895293,de:12067:900311063::1,0.0,2026-10-02T01:01:04.695736+02:00
306895293,de:12067:900311062::1,0.0,2026-10-02T01:01:04.695736+02:00
306895293,de:12067:900310987::3,0.0,2026-10-02T01:01:04.695736+02:00
306895293,de:12067:900310984::1,0.0,2026-10-02T01:01:04.695736+02:00
306895293,de:12067:900310716::2,0.0,2026-10-02T01:01:04.695736+02:00
306895293,de:12067:900310942::2,0.0,2026-10-02T01:01:04.695736+02:00
306895293,de:12067:900310721::1,0.0,2026-10-02T01:01:04.695736+02:00
306895293,de:12067:900310755::2,0.0,2026-10-02T01:01:04.695736+02:00
306895293,de:12067:900310728::2,0.0,2026-10-02T01:01:04.695736+02:00
306895293,de:12067:900311129::6,0.0,2026-10-02T01:01:04.695736+02:00
306895390,de:12067:900311065::1,0.0,2026-10-02T01:01:04.695736+02:00
306895390,de:12067:900311064::2,0.0,2026-10-02T01:01:04.695736+02:00
306895390,de:12067:900310902::2,0.0,2026-10-02T01:01:04.695736+02:00
306895390,de:12067:900310942::2,0.0,2026-10-02T01:01:04.695736+02:00
306895390,de:12067:900310721::1,0.0,2026-10-02T01:01:04.695736+02:00
306895390,de:12067:900310755::2,0.0,2026-10-02T01:01:04.695736+02:00
306895390,de:12067:900310728::2,0.0,2026-10-02T01:01:04.695736+02:00
306895390,de:12067:900311129::6,0.0,2026-10-02T01:01:04.695736+02:00
295946225,de:12054:900230999:3:55,0.0,2026-10-02T01:01:04.695736+02:00
295946225,de:12054:900230000:1:50,-0.3,2026-10-02T01:01:04.695736+02:00
295946225,de:12054:900230003:1:54,-0.3,2026-10-02T01:01:04.695736+02:00
295946225,de:11000:900053301:2:53,-0.4,2026-10-02T01:01:04.695736+02:00
295946225,de:11000:900052201:2:53,-0.7,2026-10-02T01:01:04.695736+02:00
295946225,de:11000:900048101:2:53,-0.9,2026-10-02T01:01:04.695736+02:00
295946225,de:11000:900024102:2:53,-0.9,2026-10-02T01:01:04.695736+02:00
295946225,de:11000:900024101:3:55,-0.3,2026-10-02T01:01:04.695736+02:00
295946225,de:11000:900024203:1:51,-0.3,2026-10-02T01:01:04.695736+02:00
295946225,de:11000:900023201:3:54,-0.2,2026-10-02T01:01:04.695736+02:00
295946225,de:11000:900003103:1:50,-0.3,2026-10-02T01:01:04.695736+02:00
295946225,de:11000:900003102:1:50,-0.4,2026-10-02T01:01:04.695736+02:00
295946225,de:11000:900003201:3:54,0.0,2026-10-02T01:01:04.695736+02:00
295946225,de:11000:900100001:3:54,-0.6,2026-10-02T01:01:04.695736+02:00
295946225,de:11000:900100002:1:50,-0.9,2026-10-02T01:01:04.695736+02:00
295946225,de:11000:900100003:2:52,-0.6,2026-10-02T01:01:04.695736+02:00
295946225,de:11000:900100004:1:50,-0.9,2026-10-02T01:01:04.695736+02:00
295946225,de:11000:900120005:4:55,-0.1,2026-10-02T01:01:04.695736+02:00
295946225,de:11000:900120004:1:50,-0.6,2026-10-02T01:01:04.695736+02:00
295946225,de:11000:900120003:2:53,-0.9,2026-10-02T01:01:04.695736+02:00
295946225,de:11000:900160003:1:50,-0.2,2026-10-02T01:01:04.695736+02:00
295946225,de:11000:900160004:1:50,-0.2,2026-10-02T01:01:04.695736+02:00
295946225,de:11000:900171002:1:50,-0.7,2026-10-02T01:01:04.695736+02:00
295946225,de:11000:900171003:1:50,-0.8,2026-10-02T01:01:04.695736+02:00
295946225,de:11000:900170005:1:50,-0.3,2026-10-02T01:01:04.695736+02:00
295946225,de:11000:900170001:1:50,-0.1,2026-10-02T01:01:04.695736+02:00
295946225,de:11000:900170002:1:50,-0.9,2026-10-02T01:01:04.695736+02:00
295946225,de:11000:900170003:1:50,-0.7,2026-10-02T01:01:04.695736+02:00
295946225,de:11000:900170004:2:52,-0.9,2026-10-02T01:01:04.695736+02:00
295946302,de:11000:900170004:1:50,0.0,2026-10-02T01:01:04.695736+02:00
295946302,de:11000:900170003:1:51,-0.3,2026-10-02T01:01:04.695736+02:00
295946302,de:11000:900170002:1:51,-0.1,2026-10-02T01:01:04.695736+02:00
295946302,de:11000:900170001:1:51,-0.9,2026-10-02T01:01:04.695736+02:00
295946302,de:11000:900170005:1:51,-0.7,2026-10-02T01:01:04.695736+02:00
295946302,de:11000:900171003:1:51,-0.6,2026-10-02T01:01:04.695736+02:00
295946302,de:11000:900171002:1:51,-0.9,2026-10-02T01:01:04.695736+02:00
295946302,de:11000:900160004:1:51,-0.3,2026-10-02T01:01:04.695736+02:00
295946302,de:11000:900160003:1:51,-0.4,2026-10-02T01:01:04.695736+02:00
295946302,de:11000:900120003:3:55,-0.6,2026-10-02T01:01:04.695736+02:00
295946302,de:11000:900120004:2:53,-0.1,2026-10-02T01:01:04.695736+02:00
295946302,de:11000:900120005:5:58,-0.4,2026-10-02T01:01:04.695736+02:00
295946302,de:11000:900100004:1:51,-0.9,2026-10-02T01:01:04.695736+02:00
295946302,de:11000:900100003:2:53,-0.9,2026-10-02T01:01:04.695736+02:00
295946302,de:11000:900100002:1:51,-0.9,2026-10-02T01:01:04.695736+02:00
295946302,de:11000:900100001:3:55,-0.9,2026-10-02T01:01:04.695736+02:00
295946302,de:11000:900003201:3:55,-0.6,2026-10-02T01:01:04.695736+02:00
295946302,de:11000:900003102:1:51,-0.3,2026-10-02T01:01:04.695736+02:00
295946302,de:11000:900003103:1:51,-0.4,2026-10-02T01:01:04.695736+02:00
295946302,de:11000:900023201:3:55,-0.3,2026-10-02T01:01:04.695736+02:00
295946302,de:11000:900024203:1:51,-0.3,2026-10-02T01:01:04.695736+02:00
295946302,de:11000:900024101:4:57,-0.3,2026-10-02T01:01:04.695736+02:00
295946302,de:11000:900024102:1:50,-0.6,2026-10-02T01:01:04.695736+02:00
295946302,de:11000:900048101:1:50,-0.8,2026-10-02T01:01:04.695736+02:00
295946302,de:11000:900052201:2:52,0.0,2026-10-02T01:01:04.695736+02:00
295946302,de:11000:900053301:1:50,-0.4,2026-10-02T01:01:04.695736+02:00
295946302,de:12054:900230003:1:50,-0.4,2026-10-02T01:01:04.695736+02:00
295946302,de:12054:900230000:1:51,-0.4,2026-10-02T01:01:04.695736+02:00
295946302,de:12054:900230999:3:55,-0.9,2026-10-02T01:01:04.695736+02:00
295946269,de:11000:900170004:1:50,0.0,2026-10-02T01:01:04.695736+02:00
295946269,de:11000:900170003:1:51,-0.3,2026-10-02T01:01:04.695736+02:00
295946269,de:11000:900170002:1:51,-0.1,2026-10-02T01:01:04.695736+02:00
295946269,de:11000:900170001:1:51,-0.9,2026-10-02T01:01:04.695736+02:00
295946269,de:11000:900170005:1:51,-0.7,2026-10-02T01:01:04.695736+02:00
295946269,de:11000:900171003:1:51,-0.6,2026-10-02T01:01:04.695736+02:00
295946269,de:11000:900171002:1:51,-0.9,2026-10-02T01:01:04.695736+02:00
295946269,de:11000:900160004:1:51,-0.3,2026-10-02T01:01:04.695736+02:00
295946269,de:11000:900160003:1:51,-0.4,2026-10-02T01:01:04.695736+02:00
295946269,de:11000:900120003:3:55,-0.6,2026-10-02T01:01:04.695736+02:00
295946269,de:11000:900120004:2:53,-0.1,2026-10-02T01:01:04.695736+02:00
295946269,de:11000:900120005:5:58,-0.4,2026-10-02T01:01:04.695736+02:00
295946269,de:11000:900100004:1:51,-0.9,2026-10-02T01:01:04.695736+02:00
295946269,de:11000:900100003:2:53,-0.9,2026-10-02T01:01:04.695736+02:00
295946269,de:11000:900100002:1:51,-0.9,2026-10-02T01:01:04.695736+02:00
295946269,de:11000:900100001:3:55,-0.9,2026-10-02T01:01:04.695736+02:00
295946269,de:11000:900003201:3:55,-0.6,2026-10-02T01:01:04.695736+02:00
295946269,de:11000:900003102:1:51,-0.3,2026-10-02T01:01:04.695736+02:00
295946269,de:11000:900003103:1:51,-0.4,2026-10-02T01:01:04.695736+02:00
295946269,de:11000:900023201:3:55,-0.3,2026-10-02T01:01:04.695736+02:00
295946269,de:11000:900024203:1:51,-0.3,2026-10-02T01:01:04.695736+02:00
295946269,de:11000:900024101:4:57,-0.3,2026-10-02T01:01:04.695736+02:00
295946269,de:11000:900024102:1:50,-0.6,2026-10-02T01:01:04.695736+02:00
295946269,de:11000:900048101:1:50,-0.8,2026-10-02T01:01:04.695736+02:00
295946269,de:11000:900052201:2:52,0.0,2026-10-02T01:01:04.695736+02:00
295946269,de:11000:900053301:1:50,-0.4,2026-10-02T01:01:04.695736+02:00
295946269,de:12054:900230003:1:50,-0.4,2026-10-02T01:01:04.695736+02:00
295946269,de:12054:900230000:1:51,-0.4,2026-10-02T01:01:04.695736+02:00
295946269,de:12054:900230999:3:55,-0.9,2026-10-02T01:01:04.695736+02:00
306895453,de:12067:900311083::3,0.0,2026-10-02T01:01:04.695736+02:00
306895453,de:12067:900310775::1,0.0,2026-10-02T01:01:04.695736+02:00
306895453,de:12067:900311083::2,0.0,2026-10-02T01:01:04.695736+02:00
306895453,de:12067:900310814::2,0.0,2026-10-02T01:01:04.695736+02:00
306895453,de:12067:900310628::2,0.0,2026-10-02T01:01:04.695736+02:00
306895453,de:12067:900310793::2,0.0,2026-10-02T01:01:04.695736+02:00
306895453,de:12067:900310774::1,0.0,2026-10-02T01:01:04.695736+02:00
306895453,de:12067:900310792::1,0.0,2026-10-02T01:01:04.695736+02:00
306895453,de:12067:900310825::1,0.0,2026-10-02T01:01:04.695736+02:00
306895453,de:12067:900310809::2,0.0,2026-10-02T01:01:04.695736+02:00
306895453,de:12067:900310787::2,0.0,2026-10-02T01:01:04.695736+02:00
306895453,de:12067:900310790::2,0.0,2026-10-02T01:01:04.695736+02:00
306895453,de:12067:900310788::2,0.0,2026-10-02T01:01:04.695736+02:00
306895453,de:12067:900310696::2,0.0,2026-10-02T01:01:04.695736+02:00
306895453,de:12067:900310001::11,0.0,2026-10-02T01:01:04.695736+02:00
306895453,de:12067:900310001::2,0.0,2026-10-02T01:01:04.695736+02:00
306895453,de:12067:900310816::1,0.0,2026-10-02T01:01:04.695736+02:00
306895453,de:12067:900310627::1,0.0,2026-10-02T01:01:04.695736+02:00
306895453,de:12067:900310781::1,0.0,2026-10-02T01:01:04.695736+02:00
306895453,de:12067:900310822::1,0.0,2026-10-02T01:01:04.695736+02:00
306895453,de:12067:900310808::1,0.0,2026-10-02T01:01:04.695736+02:00
306895453,de:12067:900310794::1,0.0,2026-10-02T01:01:04.695736+02:00
306895453,de:12067:900310821::1,0.0,2026-10-02T01:01:04.695736+02:00
306895453,de:12067:900310806::1,0.0,2026-10-02T01:01:04.695736+02:00
306895453,de:12067:900310812::1,0.0,2026-10-02T01:01:04.695736+02:00
306895453,de:12067:900310770::1,0.0,2026-10-02T01:01:04.695736+02:00
306895453,de:12067:900310010::3,0.0,2026-10-02T01:01:04.695736+02:00
306895453,de:12067:900310880::1,0.0,2026-10-02T01:01:04.695736+02:00
306895453,de:12067:900310815::1,0.0,2026-10-02T01:01:04.695736+02:00
306895453,de:12067:900310807::1,0.0,2026-10-02T01:01:04.695736+02:00
295953598,de:11000:900151001:1:51,0.0,2026-10-02T01:01:04.695736+02:00
295953598,de:11000:900152001:1:51,-0.6,2026-10-02T01:01:04.695736+02:00
295953598,de:11000:900152002:1:51,-0.2,2026-10-02T01:01:04.695736+02:00
295953598,de:11000:900171003:1:51,-0.9,2026-10-02T01:01:04.695736+02:00
295953598,de:11000:900171002:1:51,-0.9,2026-10-02T01:01:04.695736+02:00
295953598,de:11000:900160004:1:51,-0.3,2026-10-02T01:01:04.695736+02:00
295953598,de:11000:900160003:1:51,-0.4,2026-10-02T01:01:04.695736+02:00
295953598,de:11000:900120003:3:54,-0.6,2026-10-02T01:01:04.695736+02:00
295953598,de:11000:900120004:2:52,-0.1,2026-10-02T01:01:04.695736+02:00
295953595,de:11000:900151001:1:51,0.0,2026-10-02T01:01:04.695736+02:00
295953595,de:11000:900152001:1:51,-0.6,2026-10-02T01:01:04.695736+02:00
295953595,de:11000:900152002:1:51,-0.2,2026-10-02T01:01:04.695736+02:00
295953595,de:11000:900171003:1:51,-0.9,2026-10-02T01:01:04.695736+02:00
295953595,de:11000:900171002:1:51,-0.9,2026-10-02T01:01:04.695736+02:00
295953595,de:11000:900160004:1:51,-0.3,2026-10-02T01:01:04.695736+02:00
295953595,de:11000:900160003:1:51,-0.4,2026-10-02T01:01:04.695736+02:00
295953595,de:11000:900120003:3:54,-0.6,2026-10-02T01:01:04.695736+02:00
295953595,de:11000:900120004:2:52,-0.1,2026-10-02T01:01:04.695736+02:00
295949492,de:11000:900048101:2:52,0.0,2026-10-02T01:01:04.695736+02:00
295949492,de:11000:900024102:2:53,-0.9,2026-10-02T01:01:04.695736+02:00
295949492,de:11000:900024101:3:55,-0.3,2026-10-02T01:01:04.695736+02:00
295949492,de:11000:900024203:1:51,-0.3,2026-10-02T01:01:04.695736+02:00
295949492,de:11000:900023201:3:54,-0.2,2026-10-02T01:01:04.695736+02:00
295949492,de:11000:900003103:1:50,-0.3,2026-10-02T01:01:04.695736+02:00
295949492,de:11000:900003102:1:50,-0.4,2026-10-02T01:01:04.695736+02:00
295949492,de:11000:900003201:3:54,0.0,2026-10-02T01:01:04.695736+02:00
295949492,de:11000:900100001:3:54,-0.6,2026-10-02T01:01:04.695736+02:00
295949492,de:11000:900100002:1:50,-0.9,2026-10-02T01:01:04.695736+02:00
295949492,de:11000:900100003:2:52,-0.6,2026-10-02T01:01:04.695736+02:00
295949492,de:11000:900100004:1:50,-0.9,2026-10-02T01:01:04.695736+02:00
295949492,de:11000:900120005:4:55,-0.1,2026-10-02T01:01:04.695736+02:00
295949492,de:11000:900120004:1:50,-0.6,2026-10-02T01:01:04.695736+02:00
295949492,de:11000:900120003:2:53,-0.9,2026-10-02T01:01:04.695736+02:00
295949492,de:11000:900160003:1:50,-0.2,2026-10-02T01:01:04.695736+02:00
295949492,de:11000:900160004:1:50,-0.2,2026-10-02T01:01:04.695736+02:00
295949492,de:11000:900171002:1:50,-0.7,2026-10-02T01:01:04.695736+02:00
295949492,de:11000:900171003:1:50,-0.8,2026-10-02T01:01:04.695736+02:00
295949492,de:11000:900170005:1:50,-0.3,2026-10-02T01:01:04.695736+02:00
295949492,de:11000:900170001:1:50,-0.1,2026-10-02T01:01:04.695736+02:00
295949492,de:11000:900170002:1:50,-0.9,2026-10-02T01:01:04.695736+02:00
295949492,de:11000:900170003:1:50,-0.7,2026-10-02T01:01:04.695736+02:00
295949492,de:11000:900170004:2:52,-0.9,2026-10-02T01:01:04.695736+02:00
295956039,de:11000:900120004:1:51,0.0,2026-10-02T01:01:04.695736+02:00
295956039,de:11000:900120003:2:52,-0.9,2026-10-02T01:01:04.695736+02:00
295956039,de:11000:900160003:1:50,-0.2,2026-10-02T01:01:04.695736+02:00
295956039,de:11000:900160004:1:50,-0.2,2026-10-02T01:01:04.695736+02:00
295956039,de:11000:900171002:1:50,-0.7,2026-10-02T01:01:04.695736+02:00
295956039,de:11000:900171003:1:50,-0.8,2026-10-02T01:01:04.695736+02:00
295956039,de:11000:900152002:1:50,-0.4,2026-10-02T01:01:04.695736+02:00
295956039,de:11000:900152001:1:50,-0.6,2026-10-02T01:01:04.695736+02:00
295956039,de:11000:900151001:1:50,-0.9,2026-10-02T01:01:04.695736+02:00
295956017,de:11000:900120004:1:51,0.0,2026-10-02T01:01:04.695736+02:00
295956017,de:11000:900120003:2:52,-0.9,2026-10-02T01:01:04.695736+02:00
295956017,de:11000:900160003:1:50,-0.2,2026-10-02T01:01:04.695736+02:00
295956017,de:11000:900160004:1:50,-0.2,2026-10-02T01:01:04.695736+02:00
295956017,de:11000:900171002:1:50,-0.7,2026-10-02T01:01:04.695736+02:00
295956017,de:11000:900171003:1:50,-0.8,2026-10-02T01:01:04.695736+02:00
295956017,de:11000:900152002:1:50,-0.4,2026-10-02T01:01:04.695736+02:00
295956017,de:11000:900152001:1:50,-0.6,2026-10-02T01:01:04.695736+02:00
295956017,de:11000:900151001:1:50,-0.9,2026-10-02T01:01:04.695736+02:00
295949459,de:12054:900230999:3:55,0.0,2026-10-02T01:01:04.695736+02:00
295949459,de:12054:900230000:1:50,-0.3,2026-10-02T01:01:04.695736+02:00
295949459,de:12054:900230003:1:54,-0.3,2026-10-02T01:01:04.695736+02:00
295949459,de:11000:900053301:2:53,-0.4,2026-10-02T01:01:04.695736+02:00
295949459,de:11000:900052201:2:53,-0.7,2026-10-02T01:01:04.695736+02:00
295949459,de:11000:900048101:2:53,-0.9,2026-10-02T01:01:04.695736+02:00
295949459,de:11000:900024102:2:53,-0.9,2026-10-02T01:01:04.695736+02:00
295949459,de:11000:900024101:3:55,-0.3,2026-10-02T01:01:04.695736+02:00
295949459,de:11000:900024203:1:51,-0.3,2026-10-02T01:01:04.695736+02:00
295949459,de:11000:900023201:3:54,-0.2,2026-10-02T01:01:04.695736+02:00
295949459,de:11000:900003103:1:50,-0.3,2026-10-02T01:01:04.695736+02:00
295949459,de:11000:900003102:1:50,-0.4,2026-10-02T01:01:04.695736+02:00
295949459,de:11000:900003201:3:54,0.0,2026-10-02T01:01:04.695736+02:00
295949459,de:11000:900100001:3:54,-0.6,2026-10-02T01:01:04.695736+02:00
295949459,de:11000:900100002:1:50,-0.9,2026-10-02T01:01:04.695736+02:00
295949459,de:11000:900100003:2:52,-0.6,2026-10-02T01:01:04.695736+02:00
295949459,de:11000:900100004:1:50,-0.9,2026-10-02T01:01:04.695736+02:00
295949459,de:11000:900120005:4:55,-0.1,2026-10-02T01:01:04.695736+02:00
295949459,de:11000:900120004:1:50,-0.6,2026-10-02T01:01:04.695736+02:00
295949459,de:11000:900120003:2:53,-0.9,2026-10-02T01:01:04.695736+02:00
295949459,de:11000:900160003:1:50,-0.2,2026-10-02T01:01:04.695736+02:00
295949459,de:11000:900160004:1:50,-0.2,2026-10-02T01:01:04.695736+02:00
295949459,de:11000:900171002:1:50,-0.7,2026-10-02T01:01:04.695736+02:00
295949459,de:11000:900171003:1:50,-0.8,2026-10-02T01:01:04.695736+02:00
295949459,de:11000:900170005:1:50,-0.3,2026-10-02T01:01:04.695736+02:00
295949459,de:11000:900170001:1:50,-0.1,2026-10-02T01:01:04.695736+02:00
295949459,de:11000:900170002:1:50,-0.9,2026-10-02T01:01:04.695736+02:00
295949459,de:11000:900170003:1:50,-0.7,2026-10-02T01:01:04.695736+02:00
295949459,de:11000:900170004:2:52,-0.9,2026-10-02T01:01:04.695736+02:00
295959921,de:12065:900200008:1:51,0.0,2026-10-02T01:01:04.695736+02:00
295959921,de:12065:900200009:1:51,-0.7,2026-10-02T01:01:04.695736+02:00
295959921,de:12065:900200011:1:51,-0.3,2026-10-02T01:01:04.695736+02:00
295959921,de:12065:900200012:1:51,-0.8,2026-10-02T01:01:04.695736+02:00
295959921,de:12065:900200013:1:50,-0.4,2026-10-02T01:01:04.695736+02:00
295959921,de:11000:900142001:1:51,-0.7,2026-10-02T01:01:04.695736+02:00
295959921,de:11000:900130001:1:51,-0.2,2026-10-02T01:01:04.695736+02:00
295959921,de:11000:900130002:1:51,-0.7,2026-10-02T01:01:04.695736+02:00
295959921,de:11000:900110011:1:51,-0.2,2026-10-02T01:01:04.695736+02:00
295959921,de:11000:900110001:1:50,-0.2,2026-10-02T01:01:04.695736+02:00
295959921,de:11000:900110002:1:50,-0.9,2026-10-02T01:01:04.695736+02:00
295959921,de:11000:900110003:1:50,-0.9,2026-10-02T01:01:04.695736+02:00
295959921,de:11000:900110004:1:50,-0.3,2026-10-02T01:01:04.695736+02:00
295959921,de:11000:900110012:1:50,-0.2,2026-10-02T01:01:04.695736+02:00
295959921,de:11000:900120001:1:50,-0.2,2026-10-02T01:01:04.695736+02:00
295959921,de:11000:900120003:5:58,-0.6,2026-10-02T01:01:04.695736+02:00
295959921,de:11000:900190001:1:50,-0.1,2026-10-02T01:01:04.695736+02:00
295959921,de:11000:900191002:1:50,0.0,2026-10-02T01:01:04.695736+02:00
295959921,de:11000:900191001:2:52,-0.4,2026-10-02T01:01:04.695736+02:00
295959921,de:11000:900192001:2:52,-0.2,2026-10-02T01:01:04.695736+02:00
295959921,de:11000:900193001:1:50,-0.7,2026-10-02T01:01:04.695736+02:00
295959921,de:11000:900193002:1:50,-0.3,2026-10-02T01:01:04.695736+02:00
295959921,de:11000:900186001:1:50,-0.3,2026-10-02T01:01:04.695736+02:00
306895527,de:12067:900311083::3,0.0,2026-10-02T01:01:04.695736+02:00
306895527,de:12067:900310775::1,0.0,2026-10-02T01:01:04.695736+02:00
306895527,de:12067:900311083::2,0.0,2026-10-02T01:01:04.695736+02:00
306895527,de:12067:900310814::2,0.0,2026-10-02T01:01:04.695736+02:00
306895527,de:12067:900310804::2,0.0,2026-10-02T01:01:04.695736+02:00
306895527,de:12067:900311150::2,0.0,2026-10-02T01:01:04.695736+02:00
306895527,de:12067:900311135::2,0.0,2026-10-02T01:01:04.695736+02:00
306895527,de:12067:900311149::2,0.0,2026-10-02T01:01:04.695736+02:00
306895527,de:12067:900310001::11,0.0,2026-10-02T01:01:04.695736+02:00
306895527,de:12067:900310001::2,0.0,2026-10-02T01:01:04.695736+02:00
306895527,de:12067:900310816::1,0.0,2026-10-02T01:01:04.695736+02:00
306895527,de:12067:900310627::1,0.0,2026-10-02T01:01:04.695736+02:00
306895527,de:12067:900311151::1,0.0,2026-10-02T01:01:04.695736+02:00
306895527,de:12067:900311152::1,0.0,2026-10-02T01:01:04.695736+02:00
306895527,de:12067:900310823::1,0.0,2026-10-02T01:01:04.695736+02:00
306895527,de:12067:900310773::1,0.0,2026-10-02T01:01:04.695736+02:00
306895527,de:12067:900311109::1,0.0,2026-10-02T01:01:04.695736+02:00
306895527,de:12067:900310782::1,0.0,2026-10-02T01:01:04.695736+02:00
306895527,de:12067:900310010::2,0.0,2026-10-02T01:01:04.695736+02:00
306895527,de:12067:900310770::2,0.0,2026-10-02T01:01:04.695736+02:00
306895527,de:12067:900310695::2,0.0,2026-10-02T01:01:04.695736+02:00
306895527,de:12067:900311153::1,0.0,2026-10-02T01:01:04.695736+02:00
306895527,de:12067:900310769::1,0.0,2026-10-02T01:01:04.695736+02:00
306895527,de:12067:900310810::2,0.0,2026-10-02T01:01:04.695736+02:00
306895527,de:12067:900310980::1,0.0,2026-10-02T01:01:04.695736+02:00
295963590,de:11000:900092201:1:51,0.0,2026-10-02T01:01:04.695736+02:00
295963590,de:11000:900093201:1:51,-0.4,2026-10-02T01:01:04.695736+02:00
295963590,de:11000:900094101:1:51,-0.3,2026-10-02T01:01:04.695736+02:00
295963590,de:11000:900096101:1:51,-0.1,2026-10-02T01:01:04.695736+02:00
295963590,de:11000:900084101:1:51,-0.2,2026-10-02T01:01:04.695736+02:00
295963590,de:11000:900085201:1:51,-0.8,2026-10-02T01:01:04.695736+02:00
295963590,de:11000:900130003:1:51,-0.8,2026-10-02T01:01:04.695736+02:00
295963590,de:11000:900110011:1:50,-0.9,2026-10-02T01:01:04.695736+02:00
295963590,de:11000:900110001:1:50,-0.2,2026-10-02T01:01:04.695736+02:00
295963590,de:11000:900110002:1:50,-0.9,2026-10-02T01:01:04.695736+02:00
295963590,de:11000:900110003:1:50,-0.9,2026-10-02T01:01:04.695736+02:00
295963590,de:11000:900110004:1:50,-0.3,2026-10-02T01:01:04.695736+02:00
295963590,de:11000:900110012:1:50,-0.2,2026-10-02T01:01:04.695736+02:00
295963590,de:11000:900120001:1:50,-0.2,2026-10-02T01:01:04.695736+02:00
295963590,de:11000:900120003:5:58,-0.6,2026-10-02T01:01:04.695736+02:00
295963590,de:11000:900190001:1:51,-0.1,2026-10-02T01:01:04.695736+02:00
295963590,de:11000:900191002:1:50,0.0,2026-10-02T01:01:04.695736+02:00
295963590,de:11000:900191001:2:52,-0.4,2026-10-02T01:01:04.695736+02:00
295963590,de:11000:900192001:2:52,-0.2,2026-10-02T01:01:04.695736+02:00
295963590,de:11000:900193001:1:50,-0.7,2026-10-02T01:01:04.695736+02:00
295963590,de:11000:900193002:1:50,-0.3,2026-10-02T01:01:04.695736+02:00
295963590,de:11000:900195510:1:51,-0.7,2026-10-02T01:01:04.695736+02:00
295963590,de:11000:900196001:1:50,-0.9,2026-10-02T01:01:04.695736+02:00
295963590,de:12061:900260005:3:54,-0.7,2026-10-02T01:01:04.695736+02:00
295963590,de:12061:900260080:1:50,0.0,2026-10-02T01:01:04.695736+02:00
295963590,de:12061:900260009:3:56,-0.2,2026-10-02T01:01:04.695736+02:00
306895587,de:12067:900310980::1,0.0,2026-10-02T01:01:04.695736+02:00
306895587,de:12067:900310810::1,0.0,2026-10-02T01:01:04.695736+02:00
306895587,de:12067:900310769::2,0.0,2026-10-02T01:01:04.695736+02:00
306895587,de:12067:900310695::3,0.0,2026-10-02T01:01:04.695736+02:00
306895587,de:12067:900310770::1,0.0,2026-10-02T01:01:04.695736+02:00
306895587,de:12067:900310010::3,0.0,2026-10-02T01:01:04.695736+02:00
306895587,de:12067:900310782::2,0.0,2026-10-02T01:01:04.695736+02:00
306895587,de:12067:900311109::2,0.0,2026-10-02T01:01:04.695736+02:00
306895587,de:12067:900310773::2,0.0,2026-10-02T01:01:04.695736+02:00
306895587,de:12067:900310823::2,0.0,2026-10-02T01:01:04.695736+02:00
306895587,de:12067:900311152::2,0.0,2026-10-02T01:01:04.695736+02:00
306895587,de:12067:900311151::2,0.0,2026-10-02T01:01:04.695736+02:00
306895587,de:12067:900310627::2,0.0,2026-10-02T01:01:04.695736+02:00
306895587,de:12067:900310816::2,0.0,2026-10-02T01:01:04.695736+02:00
306895587,de:12067:900310022::1,0.0,2026-10-02T01:01:04.695736+02:00
306895587,de:12067:900310001::11,0.0,2026-10-02T01:01:04.695736+02:00
306895587,de:12067:900310001::1,0.0,2026-10-02T01:01:04.695736+02:00
306895587,de:12067:900311149::1,0.0,2026-10-02T01:01:04.695736+02:00
306895587,de:12067:900311135::1,0.0,2026-10-02T01:01:04.695736+02:00
306895587,de:12067:900311150::1,0.0,2026-10-02T01:01:04.695736+02:00
306895587,de:12067:900310804::1,0.0,2026-10-02T01:01:04.695736+02:00
306895587,de:12067:900310814::1,0.0,2026-10-02T01:01:04.695736+02:00
306895587,de:12067:900311083::3,0.0,2026-10-02T01:01:04.695736+02:00
307434557,de:12052:900470000:2:51,0.0,2026-10-02T01:01:04.695736+02:00
307434557,de:12071:900445884:1:50,0.0,2026-10-02T01:01:04.695736+02:00
307434557,de:12066:900435884:1:50,0.0,2026-10-02T01:01:04.695736+02:00
307434557,de:12066:900435697:1:50,0.0,2026-10-02T01:01:04.695736+02:00
307434557,de:12066:900435602:1:50,0.0,2026-10-02T01:01:04.695736+02:00
307434557,de:12061:900261512:1:50,0.0,2026-10-02T01:01:04.695736+02:00
307434557,de:12061:900260019:1:50,0.0,2026-10-02T01:01:04.695736+02:00
307434557,de:12061:900260611:2:51,0.0,2026-10-02T01:01:04.695736+02:00
307332661,de:11000:900029101:1:51,0.0,2026-10-02T01:01:04.695736+02:00
307332661,de:11000:900030202:1:50,-0.3,2026-10-02T01:01:04.695736+02:00
307332661,de:11000:900025424:1:51,-0.2,2026-10-02T01:01:04.695736+02:00
307332661,de:11000:900025321:1:51,-0.2,2026-10-02T01:01:04.695736+02:00
307332661,de:11000:900026105:1:50,-0.4,2026-10-02T01:01:04.695736+02:00
307332661,de:11000:900025423:1:50,-0.7,2026-10-02T01:01:04.695736+02:00
307332661,de:11000:900024102:2:53,-0.7,2026-10-02T01:01:04.695736+02:00
307332661,de:11000:900024101:3:55,-0.3,2026-10-02T01:01:04.695736+02:00
307332661,de:11000:900024203:1:51,-0.8,2026-10-02T01:01:04.695736+02:00
307332661,de:11000:900023201:3:54,-0.7,2026-10-02T01:01:04.695736+02:00
307332661,de:11000:900003103:1:50,-0.8,2026-10-02T01:01:04.695736+02:00
307332661,de:11000:900003102:1:50,-0.9,2026-10-02T01:01:04.695736+02:00
307332661,de:11000:900003201:3:54,-0.5,2026-10-02T01:01:04.695736+02:00
307332661,de:11000:900100001:3:54,-0.1,2026-10-02T01:01:04.695736+02:00
307332661,de:11000:900100002:1:50,-0.4,2026-10-02T01:01:04.695736+02:00
307332661,de:11000:900100003:2:52,-0.1,2026-10-02T01:01:04.695736+02:00
307332661,de:11000:900100004:1:50,-0.4,2026-10-02T01:01:04.695736+02:00
307332661,de:11000:900120005:4:56,-0.6,2026-10-02T01:01:04.695736+02:00
307332661,de:11000:900120004:1:51,-0.1,2026-10-02T01:01:04.695736+02:00
307332661,de:11000:900190001:1:51,-0.2,2026-10-02T01:01:04.695736+02:00
307332661,de:11000:900191002:1:50,0.0,2026-10-02T01:01:04.695736+02:00
307332661,de:11000:900191001:2:52,-0.4,2026-10-02T01:01:04.695736+02:00
307332661,de:11000:900192001:2:52,-0.7,2026-10-02T01:01:04.695736+02:00
307332661,de:11000:900193001:1:50,-0.2,2026-10-02T01:01:04.695736+02:00
307332661,de:11000:900193002:1:50,-0.8,2026-10-02T01:01:04.695736+02:00
307332661,de:11000:900195510:1:51,-0.2,2026-10-02T01:01:04.695736+02:00
307332661,de:11000:900196001:1:50,-0.4,2026-10-02T01:01:04.695736+02:00
307332661,de:12061:900260005:3:54,-0.2,2026-10-02T01:01:04.695736+02:00
307332661,de:12061:900260080:1:50,-0.7,2026-10-02T01:01:04.695736+02:00
307332661,de:12061:900260009:3:55,-0.9,2026-10-02T01:01:04.695736+02:00
306895697,de:12067:900310807::1,0.0,2026-10-02T01:01:04.695736+02:00
306895697,de:12067:900310815::2,0.0,2026-10-02T01:01:04.695736+02:00
306895697,de:12067:900310880::2,0.0,2026-10-02T01:01:04.695736+02:00
306895697,de:12067:900310010::2,0.0,2026-10-02T01:01:04.695736+02:00
306895697,de:12067:900310770::2,0.0,2026-10-02T01:01:04.695736+02:00
306895697,de:12067:900310812::2,0.0,2026-10-02T01:01:04.695736+02:00
306895697,de:12067:900310630::2,0.0,2026-10-02T01:01:04.695736+02:00
306895697,de:12067:900310811::2,0.0,2026-10-02T01:01:04.695736+02:00
306895697,de:12067:900310771::2,0.0,2026-10-02T01:01:04.695736+02:00
306895697,de:12067:900310822::2,0.0,2026-10-02T01:01:04.695736+02:00
306895697,de:12067:900310781::2,0.0,2026-10-02T01:01:04.695736+02:00
306895697,de:12067:900310627::2,-0.5,2026-10-02T01:01:04.695736+02:00
306895697,de:12067:900310816::2,0.0,2026-10-02T01:01:04.695736+02:00
306895697,de:12067:900310022::1,0.0,2026-10-02T01:01:04.695736+02:00
306895697,de:12067:900310001::11,0.0,2026-10-02T01:01:04.695736+02:00
306895697,de:12067:900310001::1,0.0,2026-10-02T01:01:04.695736+02:00
306895697,de:12067:900311149::1,0.0,2026-10-02T01:01:04.695736+02:00
306895697,de:12067:900311135::1,0.0,2026-10-02T01:01:04.695736+02:00
306895697,de:12067:900311150::1,0.0,2026-10-02T01:01:04.695736+02:00
306895697,de:12067:900310804::1,0.0,2026-10-02T01:01:04.695736+02:00
306895697,de:12067:900310814::1,0.0,2026-10-02T01:01:04.695736+02:00
306895697,de:12067:900311083::3,0.0,2026-10-02T01:01:04.695736+02:00
306045650,de:12064:900320008::5,0.0,2026-10-02T01:01:04.695736+02:00
306045650,de:12064:900320100::1,0.0,2026-10-02T01:01:04.695736+02:00
306045650,de:12064:900320101::1,0.0,2026-10-02T01:01:04.695736+02:00
306045650,de:12064:900320102::1,0.0,2026-10-02T01:01:04.695736+02:00
306045650,de:12064:900320103::1,0.0,2026-10-02T01:01:04.695736+02:00
306045650,de:12064:900320104::1,0.0,2026-10-02T01:01:04.695736+02:00
306045650,de:12064:900320106::1,0.0,2026-10-02T01:01:04.695736+02:00
306045650,de:12064:900320107::1,0.0,2026-10-02T01:01:04.695736+02:00
306045650,de:12064:900320108::1,0.0,2026-10-02T01:01:04.695736+02:00
306045650,de:12064:900320109::1,0.0,2026-10-02T01:01:04.695736+02:00
306045650,de:12064:900320110::1,0.0,2026-10-02T01:01:04.695736+02:00
306045650,de:12064:900320111::1,0.0,2026-10-02T01:01:04.695736+02:00
306045650,de:12064:900320112::1,0.0,2026-10-02T01:01:04.695736+02:00
306045650,de:12064:900320124::1,0.0,2026-10-02T01:01:04.695736+02:00
306045650,de:12064:900320113::1,0.0,2026-10-02T01:01:04.695736+02:00
306045650,de:12064:900320130::1,0.0,2026-10-02T01:01:04.695736+02:00
306045650,de:12064:900320007::1,0.0,2026-10-02T01:01:04.695736+02:00
306045650,de:12064:900320115::1,0.0,2026-10-02T01:01:04.695736+02:00
306045650,de:12064:900320116::1,0.0,2026-10-02T01:01:04.695736+02:00
306045650,de:12064:900320114::1,0.0,2026-10-02T01:01:04.695736+02:00
306045650,de:12064:900320132::1,0.0,2026-10-02T01:01:04.695736+02:00
306045650,de:12064:900320118::2,0.0,2026-10-02T01:01:04.695736+02:00
306045650,de:12064:900320120::1,0.0,2026-10-02T01:01:04.695736+02:00
306045650,de:12064:900320119::2,0.0,2026-10-02T01:01:04.695736+02:00
306895255,de:12067:900311129::2,0.0,2026-10-02T01:01:04.695736+02:00
306895255,de:12067:900310755::1,0.0,2026-10-02T01:01:04.695736+02:00
306895255,de:12067:900310738::1,0.0,2026-10-02T01:01:04.695736+02:00
306895255,de:12067:900310725::1,0.0,2026-10-02T01:01:04.695736+02:00
306895255,de:12067:900311099::1,0.0,2026-10-02T01:01:04.695736+02:00
306895255,de:12067:900311101::1,0.0,2026-10-02T01:01:04.695736+02:00
306895255,de:12067:900310910::2,0.0,2026-10-02T01:01:04.695736+02:00
306895255,de:12067:900310764::1,0.0,2026-10-02T01:01:04.695736+02:00
306895255,de:12067:900310765::1,0.0,2026-10-02T01:01:04.695736+02:00
306895255,de:12067:900310939::1,0.0,2026-10-02T01:01:04.695736+02:00
306895255,de:12067:900310967::1,-0.5,2026-10-02T01:01:04.695736+02:00
306895255,de:12067:900310978::1,0.0,2026-10-02T01:01:04.695736+02:00
306895255,de:12067:900310978::2,0.0,2026-10-02T01:01:04.695736+02:00
306895255,de:12067:900311006::1,-0.5,2026-10-02T01:01:04.695736+02:00
306895255,de:12061:900261192::1,0.0,2026-10-02T01:01:04.695736+02:00
306895255,de:12061:900261610::2,-0.5,2026-10-02T01:01:04.695736+02:00
306895255,de:12061:900261459::2,0.0,2026-10-02T01:01:04.695736+02:00
306895255,de:12061:900261462::1,0.0,2026-10-02T01:01:04.695736+02:00
306895232,de:12067:900311308::5,0.0,2026-10-02T01:01:04.695736+02:00
306895232,de:12067:900311380::1,0.0,2026-10-02T01:01:04.695736+02:00
306895232,de:12067:900311348::1,0.0,2026-10-02T01:01:04.695736+02:00
306895232,de:12067:900311315::1,0.0,2026-10-02T01:01:04.695736+02:00
306895232,de:12067:900311383::4,0.0,2026-10-02T01:01:04.695736+02:00
306895232,de:12067:900311305::1,0.0,2026-10-02T01:01:04.695736+02:00
306895232,de:12067:900311320::1,0.0,2026-10-02T01:01:04.695736+02:00
306895232,de:12067:900311318::1,0.0,2026-10-02T01:01:04.695736+02:00
306895232,de:12067:900311473::1,0.0,2026-10-02T01:01:04.695736+02:00
306895232,de:12067:900311471::1,0.0,2026-10-02T01:01:04.695736+02:00
306895232,de:12067:900310901::1,0.0,2026-10-02T01:01:04.695736+02:00
306895232,de:12067:900311070::1,0.0,2026-10-02T01:01:04.695736+02:00
306895232,de:12067:900311071::1,0.0,2026-10-02T01:01:04.695736+02:00
306895232,de:12067:900311094::1,0.0,2026-10-02T01:01:04.695736+02:00
306895232,de:12067:900310840::1,0.0,2026-10-02T01:01:04.695736+02:00
306895232,de:12067:900311074::1,0.0,2026-10-02T01:01:04.695736+02:00
306895232,de:12067:900311075::1,0.0,2026-10-02T01:01:04.695736+02:00
306895232,de:12067:900311073::1,0.0,2026-10-02T01:01:04.695736+02:00
306895232,de:12067:900310859::1,0.0,2026-10-02T01:01:04.695736+02:00
306895232,de:12067:900310926::1,0.0,2026-10-02T01:01:04.695736+02:00
306895232,de:12067:900310766::1,0.0,2026-10-02T01:01:04.695736+02:00
306895232,de:12067:900310765::1,0.0,2026-10-02T01:01:04.695736+02:00
306895232,de:12067:900310918::1,0.0,2026-10-02T01:01:04.695736+02:00
306895232,de:12067:900310918::1,-12.0,2026-10-02T01:01:04.695736+02:00
306895232,de:12067:900310830::1,0.0,2026-10-02T01:01:04.695736+02:00
306895232,de:12067:900311004::1,0.0,2026-10-02T01:01:04.695736+02:00
306895232,de:12067:900310918::1,12.0,2026-10-02T01:01:04.695736+02:00
306895232,de:12067:900310918::1,0.0,2026-10-02T01:01:04.695736+02:00
306895232,de:12067:900310911::2,0.0,2026-10-02T01:01:04.695736+02:00
306895232,de:12067:900310714::1,0.0,2026-10-02T01:01:04.695736+02:00
306895232,de:12067:900310725::2,0.0,2026-10-02T01:01:04.695736+02:00
306895232,de:12067:900310738::2,0.0,2026-10-02T01:01:04.695736+02:00
306895232,de:12067:900310639::1,0.0,2026-10-02T01:01:04.695736+02:00
306895232,de:12067:900310626::1,0.0,2026-10-02T01:01:04.695736+02:00
306895232,de:12067:900311129::6,0.0,2026-10-02T01:01:04.695736+02:00
306042299,de:12064:900320004::2,0.0,2026-10-02T01:01:04.695736+02:00
306042299,de:12064:900320567::2,0.0,2026-10-02T01:01:04.695736+02:00
306042299,de:12064:900320550::2,0.0,2026-10-02T01:01:04.695736+02:00
306042299,de:12064:900320025::2,0.0,2026-10-02T01:01:04.695736+02:00
306042299,de:12064:900320002::1,0.0,2026-10-02T01:01:04.695736+02:00
306042299,de:12064:900320551::2,0.0,2026-10-02T01:01:04.695736+02:00
306042299,de:12064:900320555::2,0.0,2026-10-02T01:01:04.695736+02:00
306042299,de:12064:900320990::1,0.0,2026-10-02T01:01:04.695736+02:00
306042299,de:12060:900350726::2,0.0,2026-10-02T01:01:04.695736+02:00
306042299,de:12064:900321092::2,0.0,2026-10-02T01:01:04.695736+02:00
306042299,de:12064:900321093::2,0.0,2026-10-02T01:01:04.695736+02:00
306042299,de:12064:900321091::2,0.0,2026-10-02T01:01:04.695736+02:00
306042299,de:12060:900350730::2,0.0,2026-10-02T01:01:04.695736+02:00
306042299,de:12060:900350732::2,0.0,2026-10-02T01:01:04.695736+02:00
306042299,de:12060:900350368::1,0.0,2026-10-02T01:01:04.695736+02:00
306042299,de:12060:900350379::1,0.0,2026-10-02T01:01:04.695736+02:00
306042299,de:12060:900350362::2,0.0,2026-10-02T01:01:04.695736+02:00
306042299,de:12060:900350351::1,0.0,2026-10-02T01:01:04.695736+02:00
306042299,de:12060:900350341::1,0.0,2026-10-02T01:01:04.695736+02:00
306042299,de:12060:900350337::1,0.0,2026-10-02T01:01:04.695736+02:00
306042299,de:12060:900350330::6,0.0,2026-10-02T01:01:04.695736+02:00
306895387,de:12067:900310611::1,0.0,2026-10-02T01:01:04.695736+02:00
306895387,de:12067:900311049::1,0.0,2026-10-02T01:01:04.695736+02:00
306895387,de:12067:900310977::1,0.0,2026-10-02T01:01:04.695736+02:00
306895387,de:12067:900310976::1,0.0,2026-10-02T01:01:04.695736+02:00
306895387,de:12067:900310024::1,0.0,2026-10-02T01:01:04.695736+02:00
306895387,de:12067:900310833::1,0.0,2026-10-02T01:01:04.695736+02:00
306895387,de:12061:900260500::1,0.0,2026-10-02T01:01:04.695736+02:00
306895387,de:12061:900260800::1,0.0,2026-10-02T01:01:04.695736+02:00
306895387,de:12061:900260903::1,0.0,2026-10-02T01:01:04.695736+02:00
306895387,de:12061:900260901::2,0.0,2026-10-02T01:01:04.695736+02:00
306895387,de:12061:900260915::1,0.0,2026-10-02T01:01:04.695736+02:00
306895387,de:12061:900260904::3,0.0,2026-10-02T01:01:04.695736+02:00
306895387,de:12061:900261095::2,0.0,2026-10-02T01:01:04.695736+02:00
306895387,de:12061:900260758::2,0.0,2026-10-02T01:01:04.695736+02:00
306895387,de:12061:900260584::2,0.0,2026-10-02T01:01:04.695736+02:00
306895387,de:12061:900260968::1,0.0,2026-10-02T01:01:04.695736+02:00
306895933,de:12064:900320250::1,0.0,2026-10-02T01:01:04.695736+02:00
306895933,de:12064:900320267::2,0.0,2026-10-02T01:01:04.695736+02:00
306895933,de:12067:900310017::2,0.0,2026-10-02T01:01:04.695736+02:00
306895933,de:12067:900310509::1,0.0,2026-10-02T01:01:04.695736+02:00
306895933,de:12067:900310508::1,0.0,2026-10-02T01:01:04.695736+02:00
306895933,de:12067:900310580::2,0.0,2026-10-02T01:01:04.695736+02:00
306895933,de:12067:900310578::4,0.0,2026-10-02T01:01:04.695736+02:00
306895933,de:12067:900310534::2,0.0,2026-10-02T01:01:04.695736+02:00
306895933,de:11000:900310550::2,0.0,2026-10-02T01:01:04.695736+02:00
306895933,de:12067:900310572::2,0.0,2026-10-02T01:01:04.695736+02:00
306895933,de:12067:900310013::2,0.0,2026-10-02T01:01:04.695736+02:00
306895933,de:12067:900310563::3,0.0,2026-10-02T01:01:04.695736+02:00
306895933,de:12067:900310563::2,0.0,2026-10-02T01:01:04.695736+02:00
306895933,de:12067:900310569::1,0.0,2026-10-02T01:01:04.695736+02:00
306895933,de:12067:900310571::1,0.0,2026-10-02T01:01:04.695736+02:00
306895933,de:12067:900310579::1,0.0,2026-10-02T01:01:04.695736+02:00
306895933,de:12067:900310553::1,0.0,2026-10-02T01:01:04.695736+02:00
306895933,de:12067:900310558::2,0.0,2026-10-02T01:01:04.695736+02:00
306895933,de:12067:900310559::2,0.0,2026-10-02T01:01:04.695736+02:00
306895933,de:12067:900310560::1,0.0,2026-10-02T01:01:04.695736+02:00
306895933,de:12067:900310573::1,0.0,2026-10-02T01:01:04.695736+02:00
306895933,de:12067:900310581::1,0.0,2026-10-02T01:01:04.695736+02:00
306895933,de:12067:900310567::1,0.0,2026-10-02T01:01:04.695736+02:00
306895933,de:12067:900310561::1,0.0,2026-10-02T01:01:04.695736+02:00
306895933,de:12067:900310565::1,0.0,2026-10-02T01:01:04.695736+02:00
295879300,de:12065:900200005:3:1,0.0,2026-10-02T01:01:04.695736+02:00
295879300,de:12065:900200006:1:51,-0.3,2026-10-02T01:01:04.695736+02:00
295879300,de:12065:900200007:1:51,-0.7,2026-10-02T01:01:04.695736+02:00
295879300,de:12065:900200008:1:51,-0.2,2026-10-02T01:01:04.695736+02:00
295879300,de:12065:900200009:1:51,-0.1,2026-10-02T01:01:04.695736+02:00
295879300,de:11000:900092201:1:51,-0.7,2026-10-02T01:01:04.695736+02:00
295879300,de:11000:900093201:1:51,-0.4,2026-10-02T01:01:04.695736+02:00
295879300,de:11000:900094101:1:51,-0.8,2026-10-02T01:01:04.695736+02:00
295879300,de:11000:900096101:1:51,-0.1,2026-10-02T01:01:04.695736+02:00
295879300,de:11000:900084101:1:51,-0.2,2026-10-02T01:01:04.695736+02:00
295879300,de:11000:900085201:1:51,-0.8,2026-10-02T01:01:04.695736+02:00
295879300,de:11000:900130003:1:51,-0.8,2026-10-02T01:01:04.695736+02:00
295879300,de:11000:900110011:1:50,-0.9,2026-10-02T01:01:04.695736+02:00
295879300,de:11000:900007102:1:50,-0.9,2026-10-02T01:01:04.695736+02:00
295879300,de:11000:900008101:1:50,0.0,2026-10-02T01:01:04.695736+02:00
295879300,de:11000:900007104:1:51,-0.7,2026-10-02T01:01:04.695736+02:00
295879300,de:11000:900100007:1:50,-0.7,2026-10-02T01:01:04.695736+02:00
295879300,de:11000:900100001:4:56,-0.5,2026-10-02T01:01:04.695736+02:00
295879300,de:11000:900100025:1:50,-0.4,2026-10-02T01:01:04.695736+02:00
295879300,de:11000:900100020:3:54,-0.4,2026-10-02T01:01:04.695736+02:00
295879300,de:11000:900012101:1:51,-0.5,2026-10-02T01:01:04.695736+02:00
295879300,de:11000:900057102:1:50,-0.7,2026-10-02T01:01:04.695736+02:00
295879300,de:11000:900057104:2:51,-0.4,2026-10-02T01:01:04.695736+02:00
295879300,de:11000:900054104:1:50,-0.3,2026-10-02T01:01:04.695736+02:00
295879300,de:11000:900060101:1:50,-0.3,2026-10-02T01:01:04.695736+02:00
295879300,de:11000:900063101:1:50,-0.1,2026-10-02T01:01:04.695736+02:00
295879300,de:11000:900062202:1:50,-0.1,2026-10-02T01:01:04.695736+02:00
295879300,de:11000:900066102:1:50,-0.2,2026-10-02T01:01:04.695736+02:00
295879300,de:11000:900066101:1:50,-0.1,2026-10-02T01:01:04.695736+02:00
295879300,de:11000:900049202:1:50,-0.3,2026-10-02T01:01:04.695736+02:00
295879300,de:11000:900049201:1:50,-0.4,2026-10-02T01:01:04.695736+02:00
295879300,de:11000:900050301:1:50,0.0,2026-10-02T01:01:04.695736+02:00
295879300,de:11000:900050355:1:50,-0.1,2026-10-02T01:01:04.695736+02:00
295879300,de:11000:900052201:1:50,-0.5,2026-10-02T01:01:04.695736+02:00
295879300,de:11000:900053301:1:51,-0.9,2026-10-02T01:01:04.695736+02:00
306896049,de:12067:900310013::2,0.0,2026-10-02T01:01:04.695736+02:00
306896049,de:12067:900310572::1,0.0,2026-10-02T01:01:04.695736+02:00
306896049,de:11000:900310550::1,0.0,2026-10-02T01:01:04.695736+02:00
306896049,de:12067:900310534::1,0.0,2026-10-02T01:01:04.695736+02:00
306896049,de:12067:900310580::2,0.0,2026-10-02T01:01:04.695736+02:00
306896049,de:12067:900310543::3,0.0,2026-10-02T01:01:04.695736+02:00
306896049,de:12067:900310536::1,0.0,2026-10-02T01:01:04.695736+02:00
306896049,de:12067:900311014::1,0.0,2026-10-02T01:01:04.695736+02:00
306896049,de:12067:900311012::1,0.0,2026-10-02T01:01:04.695736+02:00
306896049,de:12067:900310529::1,0.0,2026-10-02T01:01:04.695736+02:00
306896049,de:12067:900310528::1,0.0,2026-10-02T01:01:04.695736+02:00
306896049,de:12067:900310020::1,0.0,2026-10-02T01:01:04.695736+02:00
306896049,de:12067:900310501::1,0.0,2026-10-02T01:01:04.695736+02:00
306896049,de:12067:900310500::2,0.0,2026-10-02T01:01:04.695736+02:00
306896049,de:12067:900310021::3,0.0,2026-10-02T01:01:04.695736+02:00
306896049,de:12067:900310522::1,0.0,2026-10-02T01:01:04.695736+02:00
306896049,de:12067:900310535::1,0.0,2026-10-02T01:01:04.695736+02:00
306896049,de:12067:900310523::1,0.0,2026-10-02T01:01:04.695736+02:00
306896049,de:12064:900320113::1,0.0,2026-10-02T01:01:04.695736+02:00
306896049,de:12064:900320007::4,0.0,2026-10-02T01:01:04.695736+02:00
306896052,de:12067:900310013::2,0.0,2026-10-02T01:01:04.695736+02:00
306896052,de:12067:900310572::1,0.0,2026-10-02T01:01:04.695736+02:00
306896052,de:11000:900310550::1,0.0,2026-10-02T01:01:04.695736+02:00
306896052,de:12067:900310534::1,0.0,2026-10-02T01:01:04.695736+02:00
306896052,de:12067:900310580::2,0.0,2026-10-02T01:01:04.695736+02:00
306896052,de:12067:900310543::3,0.0,2026-10-02T01:01:04.695736+02:00
306896052,de:12067:900310536::1,0.0,2026-10-02T01:01:04.695736+02:00
306896052,de:12067:900311014::1,0.0,2026-10-02T01:01:04.695736+02:00
306896052,de:12067:900311012::1,0.0,2026-10-02T01:01:04.695736+02:00
306896052,de:12067:900310529::1,0.0,2026-10-02T01:01:04.695736+02:00
306896052,de:12067:900310528::1,0.0,2026-10-02T01:01:04.695736+02:00
306896052,de:12067:900310020::1,0.0,2026-10-02T01:01:04.695736+02:00
306896052,de:12067:900310501::1,0.0,2026-10-02T01:01:04.695736+02:00
306896052,de:12067:900310500::2,0.0,2026-10-02T01:01:04.695736+02:00
306896052,de:12067:900310021::3,0.0,2026-10-02T01:01:04.695736+02:00
306896052,de:12067:900310522::1,0.0,2026-10-02T01:01:04.695736+02:00
306896052,de:12067:900310535::1,0.0,2026-10-02T01:01:04.695736+02:00
306896052,de:12067:900310523::1,0.0,2026-10-02T01:01:04.695736+02:00
306896052,de:12064:900320113::1,0.0,2026-10-02T01:01:04.695736+02:00
306896052,de:12064:900320007::4,0.0,2026-10-02T01:01:04.695736+02:00
306896061,de:12067:900310013::2,0.0,2026-10-02T01:01:04.695736+02:00
306896061,de:12067:900310572::1,0.0,2026-10-02T01:01:04.695736+02:00
306896061,de:11000:900310550::1,0.0,2026-10-02T01:01:04.695736+02:00
306896061,de:12067:900310534::1,0.0,2026-10-02T01:01:04.695736+02:00
306896061,de:12067:900310580::2,0.0,2026-10-02T01:01:04.695736+02:00
306896061,de:12067:900310543::3,0.0,2026-10-02T01:01:04.695736+02:00
306896061,de:12067:900310536::1,0.0,2026-10-02T01:01:04.695736+02:00
306896061,de:12067:900311014::1,0.0,2026-10-02T01:01:04.695736+02:00
306896061,de:12067:900311012::1,0.0,2026-10-02T01:01:04.695736+02:00
306896061,de:12067:900310529::1,0.0,2026-10-02T01:01:04.695736+02:00
306896061,de:12067:900310528::1,0.0,2026-10-02T01:01:04.695736+02:00
306896061,de:12067:900310020::1,0.0,2026-10-02T01:01:04.695736+02:00
306896061,de:12067:900310501::1,0.0,2026-10-02T01:01:04.695736+02:00
306896061,de:12067:900310500::2,0.0,2026-10-02T01:01:04.695736+02:00
306896061,de:12067:900310021::3,0.0,2026-10-02T01:01:04.695736+02:00
306896061,de:12067:900310522::1,0.0,2026-10-02T01:01:04.695736+02:00
306896061,de:12067:900310535::1,0.0,2026-10-02T01:01:04.695736+02:00
306896061,de:12067:900310523::1,0.0,2026-10-02T01:01:04.695736+02:00
306896061,de:12064:900320113::1,0.0,2026-10-02T01:01:04.695736+02:00
306896061,de:12064:900320007::4,0.0,2026-10-02T01:01:04.695736+02:00
306896185,de:12067:900310013::3,0.0,2026-10-02T01:01:04.695736+02:00
306896185,de:12067:900310563::3,0.0,2026-10-02T01:01:04.695736+02:00
306896185,de:12067:900310559::1,0.0,2026-10-02T01:01:04.695736+02:00
306896185,de:12067:900310558::1,0.0,2026-10-02T01:01:04.695736+02:00
306896185,de:12067:900310556::1,0.0,2026-10-02T01:01:04.695736+02:00
306896185,de:12067:900310621::1,0.0,2026-10-02T01:01:04.695736+02:00
306896185,de:12067:900310568::1,0.0,2026-10-02T01:01:04.695736+02:00
306896185,de:12067:900310955::1,0.0,2026-10-02T01:01:04.695736+02:00
306896185,de:12067:900310949::1,0.0,2026-10-02T01:01:04.695736+02:00
306896185,de:12067:900310952::1,0.0,2026-10-02T01:01:04.695736+02:00
306896185,de:12067:900310025::1,0.0,2026-10-02T01:01:04.695736+02:00
306896185,de:12067:900310015::1,0.0,2026-10-02T01:01:04.695736+02:00
306896185,de:12067:900310836::1,0.0,2026-10-02T01:01:04.695736+02:00
306896185,de:12067:900310838::1,0.0,2026-10-02T01:01:04.695736+02:00
306897063,de:12067:900310874::1,0.0,2026-10-02T01:01:04.695736+02:00
306897063,de:12067:900310925::1,0.0,2026-10-02T01:01:04.695736+02:00
295883532,de:11000:900049201:1:51,0.0,2026-10-02T01:01:04.695736+02:00
295883532,de:11000:900049202:1:51,0.0,2026-10-02T01:01:04.695736+02:00
295883532,de:11000:900066101:1:51,-0.3,2026-10-02T01:01:04.695736+02:00
295883532,de:11000:900066102:1:51,-0.2,2026-10-02T01:01:04.695736+02:00
295883532,de:11000:900062202:1:51,-0.2,2026-10-02T01:01:04.695736+02:00
295883532,de:11000:900063101:1:51,-0.2,2026-10-02T01:01:04.695736+02:00
295883532,de:11000:900060101:1:51,-0.9,2026-10-02T01:01:04.695736+02:00
295883532,de:11000:900054104:1:51,-0.9,2026-10-02T01:01:04.695736+02:00
295883532,de:11000:900057104:1:50,-0.4,2026-10-02T01:01:04.695736+02:00
295883532,de:11000:900057102:1:51,-0.1,2026-10-02T01:01:04.695736+02:00
295883532,de:11000:900012101:2:52,-0.8,2026-10-02T01:01:04.695736+02:00
295883532,de:11000:900100020:4:57,-0.9,2026-10-02T01:01:04.695736+02:00
306896402,de:12067:900310001::3,0.0,2026-10-02T01:01:04.695736+02:00
306896402,de:12067:900310816::1,0.0,2026-10-02T01:01:04.695736+02:00
306896402,de:12067:900310627::1,0.0,2026-10-02T01:01:04.695736+02:00
306896402,de:12067:900310781::1,0.0,2026-10-02T01:01:04.695736+02:00
306896402,de:12067:900310822::1,0.0,2026-10-02T01:01:04.695736+02:00
306896402,de:12067:900310771::1,0.0,2026-10-02T01:01:04.695736+02:00
306896402,de:12067:900310811::1,0.0,2026-10-02T01:01:04.695736+02:00
306896402,de:12067:900310630::1,0.0,2026-10-02T01:01:04.695736+02:00
306896402,de:12067:900310812::1,0.0,2026-10-02T01:01:04.695736+02:00
306896402,de:12067:900310695::2,0.0,2026-10-02T01:01:04.695736+02:00
306896402,de:12067:900310769::1,0.0,2026-10-02T01:01:04.695736+02:00
306896402,de:12067:900310810::2,0.0,2026-10-02T01:01:04.695736+02:00
306896402,de:12067:900310972::1,0.0,2026-10-02T01:01:04.695736+02:00
306896402,de:12067:900310970::1,0.0,2026-10-02T01:01:04.695736+02:00
306896402,de:12067:900310105::1,0.0,2026-10-02T01:01:04.695736+02:00
306896402,de:12067:900310040::1,0.0,2026-10-02T01:01:04.695736+02:00
306896402,de:12067:900310109::1,0.0,2026-10-02T01:01:04.695736+02:00
306896402,de:12067:900310112::1,0.0,2026-10-02T01:01:04.695736+02:00
306896402,de:12067:900310101::1,0.0,2026-10-02T01:01:04.695736+02:00
306896402,de:12067:900310111::1,0.0,2026-10-02T01:01:04.695736+02:00
306896402,de:12067:900310108::1,0.0,2026-10-02T01:01:04.695736+02:00
306896402,de:12067:900310100::1,0.0,2026-10-02T01:01:04.695736+02:00
306896402,de:12067:900310118::1,0.0,2026-10-02T01:01:04.695736+02:00
306896402,de:12067:900310756::1,0.0,2026-10-02T01:01:04.695736+02:00
306896402,de:12067:900310757::1,0.0,2026-10-02T01:01:04.695736+02:00
306896402,de:12067:900310982::1,0.0,2026-10-02T01:01:04.695736+02:00
306896402,de:12067:900310827::1,0.0,2026-10-02T01:01:04.695736+02:00
306896402,de:12067:900310829::1,0.0,2026-10-02T01:01:04.695736+02:00
306896402,de:12067:900310600::1,0.0,2026-10-02T01:01:04.695736+02:00
306896402,de:12067:900310925::1,0.0,2026-10-02T01:01:04.695736+02:00
306896402,de:12067:900310924::1,0.0,2026-10-02T01:01:04.695736+02:00
306896402,de:12067:900310747::1,0.0,2026-10-02T01:01:04.695736+02:00
306896402,de:12067:900310739::1,0.0,2026-10-02T01:01:04.695736+02:00
306896402,de:12067:900310740::1,0.0,2026-10-02T01:01:04.695736+02:00
306896402,de:12067:900310716::2,0.0,2026-10-02T01:01:04.695736+02:00
306896402,de:12067:900310942::2,0.0,2026-10-02T01:01:04.695736+02:00
306896402,de:12067:900310721::1,0.0,2026-10-02T01:01:04.695736+02:00
306896402,de:12067:900310755::2,0.0,2026-10-02T01:01:04.695736+02:00
306896402,de:12067:900310728::3,0.0,2026-10-02T01:01:04.695736+02:00
306896402,de:12067:900311129::6,0.0,2026-10-02T01:01:04.695736+02:00
295883499,de:11000:900049201:1:51,0.0,2026-10-02T01:01:04.695736+02:00
295883499,de:11000:900049202:1:51,0.0,2026-10-02T01:01:04.695736+02:00
295883499,de:11000:900066101:1:51,-0.3,2026-10-02T01:01:04.695736+02:00
295883499,de:11000:900066102:1:51,-0.2,2026-10-02T01:01:04.695736+02:00
295883499,de:11000:900062202:1:51,-0.2,2026-10-02T01:01:04.695736+02:00
295883499,de:11000:900063101:1:51,-0.2,2026-10-02T01:01:04.695736+02:00
295883499,de:11000:900060101:1:51,-0.9,2026-10-02T01:01:04.695736+02:00
295883499,de:11000:900054104:1:51,-0.9,2026-10-02T01:01:04.695736+02:00
295883499,de:11000:900057104:1:50,-0.4,2026-10-02T01:01:04.695736+02:00
295883499,de:11000:900057102:1:51,-0.1,2026-10-02T01:01:04.695736+02:00
295883499,de:11000:900012101:2:52,-0.8,2026-10-02T01:01:04.695736+02:00
295883499,de:11000:900100020:4:57,-0.9,2026-10-02T01:01:04.695736+02:00
307252354,de:11000:900003200:5:58,0.0,2026-10-02T01:01:04.695736+02:00
307252354,de:11000:900009104:1:50,-0.8,2026-10-02T01:01:04.695736+02:00
307252354,de:11000:900007102:2:52,-0.4,2026-10-02T01:01:04.695736+02:00
307252341,de:11000:900003200:5:58,0.0,2026-10-02T01:01:04.695736+02:00
307252341,de:11000:900009104:1:50,-0.8,2026-10-02T01:01:04.695736+02:00
307252341,de:11000:900007102:2:52,-0.4,2026-10-02T01:01:04.695736+02:00
306896763,de:12067:900310013::5,0.0,2026-10-02T01:01:04.695736+02:00
306896763,de:12067:900310557::3,0.0,2026-10-02T01:01:04.695736+02:00
306896763,de:12067:900310555::1,0.0,2026-10-02T01:01:04.695736+02:00
306896763,de:12067:900311114::1,0.0,2026-10-02T01:01:04.695736+02:00
306896763,de:12067:900310002::7,0.0,2026-10-02T01:01:04.695736+02:00
306896763,de:12067:900310864::1,0.0,2026-10-02T01:01:04.695736+02:00
306896763,de:12067:900310861::1,0.0,2026-10-02T01:01:04.695736+02:00
306896763,de:12067:900311157::2,0.0,2026-10-02T01:01:04.695736+02:00
306896763,de:12067:900310860::2,0.0,2026-10-02T01:01:04.695736+02:00
306896763,de:12067:900311125::2,0.0,2026-10-02T01:01:04.695736+02:00
306896763,de:12067:900310936::2,0.0,2026-10-02T01:01:04.695736+02:00
306896763,de:12067:900310788::2,0.0,2026-10-02T01:01:04.695736+02:00
306896763,de:12067:900310696::2,0.0,2026-10-02T01:01:04.695736+02:00
306896763,de:12067:900310001::11,0.0,2026-10-02T01:01:04.695736+02:00
306896769,de:12067:900310001::4,0.0,2026-10-02T01:01:04.695736+02:00
306896769,de:12067:900310696::1,0.0,2026-10-02T01:01:04.695736+02:00
306896769,de:12067:900310788::1,0.0,2026-10-02T01:01:04.695736+02:00
306896769,de:12067:900310936::1,0.0,2026-10-02T01:01:04.695736+02:00
306896769,de:12067:900311125::1,0.0,2026-10-02T01:01:04.695736+02:00
306896769,de:12067:900310860::1,0.0,2026-10-02T01:01:04.695736+02:00
306896769,de:12067:900311157::1,0.0,2026-10-02T01:01:04.695736+02:00
306896769,de:12067:900310864::1,0.0,2026-10-02T01:01:04.695736+02:00
306896769,de:12067:900310861::1,0.0,2026-10-02T01:01:04.695736+02:00
306896769,de:12067:900310002::1,0.0,2026-10-02T01:01:04.695736+02:00
306896769,de:12067:900311114::1,0.0,2026-10-02T01:01:04.695736+02:00
306896773,de:12067:900310001::4,0.0,2026-10-02T01:01:04.695736+02:00
306896773,de:12067:900310696::1,0.0,2026-10-02T01:01:04.695736+02:00
306896773,de:12067:900310788::1,0.0,2026-10-02T01:01:04.695736+02:00
306896773,de:12067:900310936::1,0.0,2026-10-02T01:01:04.695736+02:00
306896773,de:12067:900311125::1,0.0,2026-10-02T01:01:04.695736+02:00
306896773,de:12067:900310860::1,0.0,2026-10-02T01:01:04.695736+02:00
306896773,de:12067:900311157::1,0.0,2026-10-02T01:01:04.695736+02:00
306896773,de:12067:900310864::1,0.0,2026-10-02T01:01:04.695736+02:00
306896773,de:12067:900310861::1,0.0,2026-10-02T01:01:04.695736+02:00
306896773,de:12067:900310002::1,0.0,2026-10-02T01:01:04.695736+02:00
306896773,de:12067:900311114::1,0.0,2026-10-02T01:01:04.695736+02:00
306896773,de:12067:900310031::3,0.0,2026-10-02T01:01:04.695736+02:00
306896773,de:12067:900310555::2,0.0,2026-10-02T01:01:04.695736+02:00
306896773,de:12067:900310557::2,0.0,2026-10-02T01:01:04.695736+02:00
306896773,de:12067:900310013::7,0.0,2026-10-02T01:01:04.695736+02:00
306896961,de:12067:900311308::6,0.0,2026-10-02T01:01:04.695736+02:00
306896961,de:12067:900311335::1,0.0,2026-10-02T01:01:04.695736+02:00
306896961,de:12067:900311339::1,0.0,2026-10-02T01:01:04.695736+02:00
306896961,de:12067:900311340::1,0.0,2026-10-02T01:01:04.695736+02:00
306896961,de:12067:900311339::2,0.0,2026-10-02T01:01:04.695736+02:00
306896961,de:12067:900311341::1,0.0,2026-10-02T01:01:04.695736+02:00
306896961,de:12067:900311345::1,0.0,2026-10-02T01:01:04.695736+02:00
306896961,de:12067:900311359::1,0.0,2026-10-02T01:01:04.695736+02:00
306896961,de:12067:900310027::1,0.0,2026-10-02T01:01:04.695736+02:00
306896961,de:12067:900311317::1,0.0,2026-10-02T01:01:04.695736+02:00
306896961,de:12067:900311384::1,0.0,2026-10-02T01:01:04.695736+02:00
306896961,de:12067:900311316::1,0.0,2026-10-02T01:01:04.695736+02:00
306896961,de:12067:900311376::1,0.0,2026-10-02T01:01:04.695736+02:00
306896961,de:12067:900311377::1,0.0,2026-10-02T01:01:04.695736+02:00
306896961,de:12067:900311362::1,0.0,2026-10-02T01:01:04.695736+02:00
306896961,de:12067:900311363::1,0.0,2026-10-02T01:01:04.695736+02:00
306896961,de:12067:900311365::1,0.0,2026-10-02T01:01:04.695736+02:00
306896961,de:12067:900311374::1,0.0,2026-10-02T01:01:04.695736+02:00
306896961,de:12067:900311364::2,0.0,2026-10-02T01:01:04.695736+02:00
306896961,de:12067:900311371::2,0.0,2026-10-02T01:01:04.695736+02:00
306896961,de:12067:900311336::1,0.0,2026-10-02T01:01:04.695736+02:00
306896961,de:12067:900311352::1,0.0,2026-10-02T01:01:04.695736+02:00
306896961,de:12067:900311333::1,0.0,2026-10-02T01:01:04.695736+02:00
306896961,de:12067:900311334::1,0.0,2026-10-02T01:01:04.695736+02:00
306896961,de:12067:900311304::1,0.0,2026-10-02T01:01:04.695736+02:00
306896961,de:12067:900311305::2,0.0,2026-10-02T01:01:04.695736+02:00
306896961,de:12067:900311383::6,0.0,2026-10-02T01:01:04.695736+02:00
306896961,de:12067:900311353::1,0.0,2026-10-02T01:01:04.695736+02:00
306896961,de:12067:900311321::1,0.0,2026-10-02T01:01:04.695736+02:00
306896961,de:12067:900311350::2,0.0,2026-10-02T01:01:04.695736+02:00
306896961,de:12067:900311348::2,0.0,2026-10-02T01:01:04.695736+02:00
306896961,de:12067:900311308::4,0.0,2026-10-02T01:01:04.695736+02:00
295882459,de:11000:900092201:1:50,0.0,2026-10-02T01:01:04.695736+02:00
295882459,de:11000:900093201:1:51,-0.4,2026-10-02T01:01:04.695736+02:00
295882459,de:11000:900094101:1:51,-0.3,2026-10-02T01:01:04.695736+02:00
295882459,de:11000:900096101:1:51,-0.1,2026-10-02T01:01:04.695736+02:00
295882459,de:11000:900084101:1:51,-0.2,2026-10-02T01:01:04.695736+02:00
295882459,de:11000:900085201:1:51,-0.8,2026-10-02T01:01:04.695736+02:00
295882459,de:11000:900130003:1:51,-0.8,2026-10-02T01:01:04.695736+02:00
295882459,de:11000:900110011:1:50,-0.9,2026-10-02T01:01:04.695736+02:00
295882459,de:11000:900007102:1:50,-0.9,2026-10-02T01:01:04.695736+02:00
295882459,de:11000:900008101:1:50,0.0,2026-10-02T01:01:04.695736+02:00
295882459,de:11000:900007104:1:51,-0.7,2026-10-02T01:01:04.695736+02:00
295882459,de:11000:900100007:1:50,-0.7,2026-10-02T01:01:04.695736+02:00
295882459,de:11000:900100001:4:56,-0.5,2026-10-02T01:01:04.695736+02:00
295882459,de:11000:900100025:1:50,-0.4,2026-10-02T01:01:04.695736+02:00
295882459,de:11000:900100020:3:54,-0.4,2026-10-02T01:01:04.695736+02:00
295882459,de:11000:900012101:1:51,-0.5,2026-10-02T01:01:04.695736+02:00
295882459,de:11000:900057102:1:50,-0.7,2026-10-02T01:01:04.695736+02:00
295882459,de:11000:900057104:2:51,-0.4,2026-10-02T01:01:04.695736+02:00
295882459,de:11000:900054104:1:50,-0.3,2026-10-02T01:01:04.695736+02:00
295882459,de:11000:900060101:1:50,-0.3,2026-10-02T01:01:04.695736+02:00
295882459,de:11000:900063101:1:50,-0.1,2026-10-02T01:01:04.695736+02:00
295882459,de:11000:900062202:1:50,-0.1,2026-10-02T01:01:04.695736+02:00
295882459,de:11000:900066102:1:50,-0.2,2026-10-02T01:01:04.695736+02:00
295882459,de:11000:900066101:1:50,-0.1,2026-10-02T01:01:04.695736+02:00
295882459,de:11000:900049202:1:50,-0.3,2026-10-02T01:01:04.695736+02:00
295882459,de:11000:900049201:1:50,-0.4,2026-10-02T01:01:04.695736+02:00
295882459,de:11000:900050301:1:50,0.0,2026-10-02T01:01:04.695736+02:00
295882459,de:11000:900050355:1:50,-0.1,2026-10-02T01:01:04.695736+02:00
295882459,de:11000:900052201:1:50,-0.5,2026-10-02T01:01:04.695736+02:00
295882459,de:11000:900053301:1:51,-0.9,2026-10-02T01:01:04.695736+02:00
306895974,de:12064:900320250::1,0.0,2026-10-02T01:01:04.695736+02:00
306895974,de:12064:900320267::2,0.0,2026-10-02T01:01:04.695736+02:00
306895974,de:12067:900310017::2,0.0,2026-10-02T01:01:04.695736+02:00
306895974,de:12067:900310509::1,0.0,2026-10-02T01:01:04.695736+02:00
306895974,de:12067:900310508::1,0.0,2026-10-02T01:01:04.695736+02:00
306895974,de:12067:900310580::1,0.0,2026-10-02T01:01:04.695736+02:00
306895974,de:12067:900311095::1,0.0,2026-10-02T01:01:04.695736+02:00
306895974,de:12067:900311097::1,0.0,2026-10-02T01:01:04.695736+02:00
306895974,de:12067:900311096::2,0.0,2026-10-02T01:01:04.695736+02:00
306895974,de:12067:900311096::1,0.0,2026-10-02T01:01:04.695736+02:00
306895974,de:12067:900311097::2,0.0,2026-10-02T01:01:04.695736+02:00
306895974,de:12067:900311095::2,0.0,2026-10-02T01:01:04.695736+02:00
306895974,de:12067:900310580::2,0.0,2026-10-02T01:01:04.695736+02:00
306895974,de:12067:900310578::4,0.0,2026-10-02T01:01:04.695736+02:00
306895974,de:12067:900310534::2,0.0,2026-10-02T01:01:04.695736+02:00
306895974,de:11000:900310550::2,0.0,2026-10-02T01:01:04.695736+02:00
306895974,de:12067:900310572::2,0.0,2026-10-02T01:01:04.695736+02:00
306895974,de:12067:900310013::7,0.0,2026-10-02T01:01:04.695736+02:00
306896040,de:12064:900320007::4,0.0,2026-10-02T01:01:04.695736+02:00
306896040,de:12064:900320113::2,0.0,2026-10-02T01:01:04.695736+02:00
306896040,de:12067:900310523::2,0.0,2026-10-02T01:01:04.695736+02:00
306896040,de:12067:900310535::2,0.0,2026-10-02T01:01:04.695736+02:00
306896040,de:12067:900310522::2,0.0,2026-10-02T01:01:04.695736+02:00
306896040,de:12067:900310021::2,0.0,2026-10-02T01:01:04.695736+02:00
306896040,de:12067:900310500::1,0.0,2026-10-02T01:01:04.695736+02:00
306896040,de:12067:900310501::2,0.0,2026-10-02T01:01:04.695736+02:00
306896040,de:12067:900310020::2,0.0,2026-10-02T01:01:04.695736+02:00
306896040,de:12067:900310528::2,0.0,2026-10-02T01:01:04.695736+02:00
306896040,de:12067:900310529::2,0.0,2026-10-02T01:01:04.695736+02:00
306896040,de:12067:900311012::2,0.0,2026-10-02T01:01:04.695736+02:00
306896040,de:12067:900311014::2,0.0,2026-10-02T01:01:04.695736+02:00
306896040,de:12067:900310536::2,0.0,2026-10-02T01:01:04.695736+02:00
306896040,de:12067:900310543::2,0.0,2026-10-02T01:01:04.695736+02:00
306896040,de:12067:900310578::4,0.0,2026-10-02T01:01:04.695736+02:00
306896040,de:12067:900310534::2,0.0,2026-10-02T01:01:04.695736+02:00
306896040,de:11000:900310550::2,0.0,2026-10-02T01:01:04.695736+02:00
306896040,de:12067:900310572::2,0.0,2026-10-02T01:01:04.695736+02:00
306896040,de:12067:900310013::7,0.0,2026-10-02T01:01:04.695736+02:00
295882444,de:11000:900092201:1:50,0.0,2026-10-02T01:01:04.695736+02:00
295882444,de:11000:900093201:1:51,-0.4,2026-10-02T01:01:04.695736+02:00
295882444,de:11000:900094101:1:51,-0.3,2026-10-02T01:01:04.695736+02:00
295882444,de:11000:900096101:1:51,-0.1,2026-10-02T01:01:04.695736+02:00
295882444,de:11000:900084101:1:51,-0.2,2026-10-02T01:01:04.695736+02:00
295882444,de:11000:900085201:1:51,-0.8,2026-10-02T01:01:04.695736+02:00
295882444,de:11000:900130003:1:51,-0.8,2026-10-02T01:01:04.695736+02:00
295882444,de:11000:900110011:1:50,-0.9,2026-10-02T01:01:04.695736+02:00
295882444,de:11000:900007102:1:50,-0.9,2026-10-02T01:01:04.695736+02:00
295882444,de:11000:900008101:1:50,0.0,2026-10-02T01:01:04.695736+02:00
295882444,de:11000:900007104:1:51,-0.7,2026-10-02T01:01:04.695736+02:00
295882444,de:11000:900100007:1:50,-0.7,2026-10-02T01:01:04.695736+02:00
295882444,de:11000:900100001:4:56,-0.5,2026-10-02T01:01:04.695736+02:00
295882444,de:11000:900100025:1:50,-0.4,2026-10-02T01:01:04.695736+02:00
295882444,de:11000:900100020:3:54,-0.4,2026-10-02T01:01:04.695736+02:00
295882444,de:11000:900012101:1:51,-0.5,2026-10-02T01:01:04.695736+02:00
295882444,de:11000:900057102:1:50,-0.7,2026-10-02T01:01:04.695736+02:00
295882444,de:11000:900057104:2:51,-0.4,2026-10-02T01:01:04.695736+02:00
295882444,de:11000:900054104:1:50,-0.3,2026-10-02T01:01:04.695736+02:00
295882444,de:11000:900060101:1:50,-0.3,2026-10-02T01:01:04.695736+02:00
295882444,de:11000:900063101:1:50,-0.1,2026-10-02T01:01:04.695736+02:00
295882444,de:11000:900062202:1:50,-0.1,2026-10-02T01:01:04.695736+02:00
295882444,de:11000:900066102:1:50,-0.2,2026-10-02T01:01:04.695736+02:00
295882444,de:11000:900066101:1:50,-0.1,2026-10-02T01:01:04.695736+02:00
295882444,de:11000:900049202:1:50,-0.3,2026-10-02T01:01:04.695736+02:00
295882444,de:11000:900049201:1:50,-0.4,2026-10-02T01:01:04.695736+02:00
295882444,de:11000:900050301:1:50,0.0,2026-10-02T01:01:04.695736+02:00
295882444,de:11000:900050355:1:50,-0.1,2026-10-02T01:01:04.695736+02:00
295882444,de:11000:900052201:1:50,-0.5,2026-10-02T01:01:04.695736+02:00
295882444,de:11000:900053301:1:51,-0.9,2026-10-02T01:01:04.695736+02:00
306896304,de:12067:900310888::2,0.0,2026-10-02T01:01:04.695736+02:00
306896304,de:12067:900310881::2,0.0,2026-10-02T01:01:04.695736+02:00
306896304,de:12067:900310885::1,0.0,2026-10-02T01:01:04.695736+02:00
306896304,de:12067:900310883::2,0.0,2026-10-02T01:01:04.695736+02:00
306896304,de:12067:900310920::2,0.0,2026-10-02T01:01:04.695736+02:00
306896304,de:12067:900310882::2,0.0,2026-10-02T01:01:04.695736+02:00
306896304,de:12067:900310889::2,0.0,2026-10-02T01:01:04.695736+02:00
306896304,de:12067:900310890::2,0.0,2026-10-02T01:01:04.695736+02:00
306896304,de:12067:900310847::2,0.0,2026-10-02T01:01:04.695736+02:00
306896304,de:12067:900310846::2,0.0,2026-10-02T01:01:04.695736+02:00
306896304,de:12067:900310854::2,0.0,2026-10-02T01:01:04.695736+02:00
306896304,de:12067:900310857::2,0.0,2026-10-02T01:01:04.695736+02:00
306896304,de:12067:900311970::1,0.0,2026-10-02T01:01:04.695736+02:00
306896304,de:12067:900310853::1,0.0,2026-10-02T01:01:04.695736+02:00
306896304,de:12067:900310845::1,0.0,2026-10-02T01:01:04.695736+02:00
306896304,de:12067:900310555::2,0.0,2026-10-02T01:01:04.695736+02:00
306896304,de:12067:900310557::2,0.0,2026-10-02T01:01:04.695736+02:00
306896304,de:12067:900310013::7,0.0,2026-10-02T01:01:04.695736+02:00
307438363,de:12052:900470000:1:50,0.0,2026-10-02T01:01:04.695736+02:00
307438363,de:12066:900435001:2:52,0.0,2026-10-02T01:01:04.695736+02:00
307438363,de:12066:900435000:2:53,0.0,2026-10-02T01:01:04.695736+02:00
307433595,de:12072:900245029:2:52,0.0,2026-10-02T01:01:04.695736+02:00
307433595,de:12072:900245030:2:51,0.0,2026-10-02T01:01:04.695736+02:00
307433595,de:12061:900260009:2:54,0.0,2026-10-02T01:01:04.695736+02:00
307433595,de:11000:900192001:1:51,0.0,2026-10-02T01:01:04.695736+02:00
307433595,de:11000:900120003:4:57,0.0,2026-10-02T01:01:04.695736+02:00
307433595,de:11000:900160004:3:55,0.0,2026-10-02T01:01:04.695736+02:00
307433595,de:11000:900152001:2:52,0.0,2026-10-02T01:01:04.695736+02:00
307433595,de:12065:900200005:2:1,0.0,2026-10-02T01:01:04.695736+02:00
307433846,de:12065:900200005:2:1,0.0,2026-10-02T01:01:04.695736+02:00
307433846,de:11000:900152001:3:53,0.0,2026-10-02T01:01:04.695736+02:00
307433846,de:11000:900160004:4:56,0.0,2026-10-02T01:01:04.695736+02:00
307433846,de:11000:900120003:4:56,0.0,2026-10-02T01:01:04.695736+02:00
307433846,de:11000:900192001:1:50,0.0,2026-10-02T01:01:04.695736+02:00
307433846,de:12061:900260009:2:54,0.0,2026-10-02T01:01:04.695736+02:00
307433846,de:12072:900245030:2:51,0.0,2026-10-02T01:01:04.695736+02:00
307433846,de:12072:900245029:2:52,0.0,2026-10-02T01:01:04.695736+02:00
307432911,de:12072:900245027:2:53,0.0,2026-10-02T01:01:04.695736+02:00
307432911,de:12061:900260009:2:54,0.0,2026-10-02T01:01:04.695736+02:00
307432911,de:11000:900192001:1:51,0.0,2026-10-02T01:01:04.695736+02:00
307432911,de:11000:900120003:4:57,0.0,2026-10-02T01:01:04.695736+02:00
307432911,de:11000:900160004:2:52,0.0,2026-10-02T01:01:04.695736+02:00
307432911,de:11000:900152001:2:52,0.0,2026-10-02T01:01:04.695736+02:00
307432911,de:12060:900350160:2:53,0.0,2026-10-02T01:01:04.695736+02:00
307432911,de:12060:900350158:1:50,0.0,2026-10-02T01:01:04.695736+02:00
307432911,de:12060:900350137:1:50,0.0,2026-10-02T01:01:04.695736+02:00
307432911,de:12060:900350126:1:50,0.0,2026-10-02T01:01:04.695736+02:00
307432911,de:12060:900350127:2:51,0.0,2026-10-02T01:01:04.695736+02:00
306896641,de:12067:900310611::1,0.0,2026-10-02T01:01:04.695736+02:00
306896641,de:12067:900311058::2,0.0,2026-10-02T01:01:04.695736+02:00
306896641,de:12067:900311110::4,0.0,2026-10-02T01:01:04.695736+02:00
306896641,de:12067:900311059::2,0.0,2026-10-02T01:01:04.695736+02:00
306896641,de:12067:900311069::1,0.0,2026-10-02T01:01:04.695736+02:00
306896641,de:12067:900311118::1,0.0,2026-10-02T01:01:04.695736+02:00
306896641,de:12067:900310966::1,0.0,2026-10-02T01:01:04.695736+02:00
306896641,de:12067:900310997::1,0.0,2026-10-02T01:01:04.695736+02:00
306896641,de:12067:900310998::1,0.0,2026-10-02T01:01:04.695736+02:00
306896641,de:12067:900310997::2,0.0,2026-10-02T01:01:04.695736+02:00
306896641,de:12067:900310966::2,0.0,2026-10-02T01:01:04.695736+02:00
306896641,de:12067:900311118::2,0.0,2026-10-02T01:01:04.695736+02:00
306896641,de:12067:900310904::2,0.0,2026-10-02T01:01:04.695736+02:00
306896641,de:12067:900310991::2,0.0,2026-10-02T01:01:04.695736+02:00
306896641,de:12067:900310990::1,0.0,2026-10-02T01:01:04.695736+02:00
306896641,de:12067:900310989::2,0.0,2026-10-02T01:01:04.695736+02:00
306896641,de:12067:900310992::2,-0.5,2026-10-02T01:01:04.695736+02:00
306896641,de:12067:900310995::1,0.0,2026-10-02T01:01:04.695736+02:00
306896641,de:12067:900310779::2,0.0,2026-10-02T01:01:04.695736+02:00
306896641,de:12067:900310808::2,0.0,2026-10-02T01:01:04.695736+02:00
306896641,de:12067:900310822::2,0.0,2026-10-02T01:01:04.695736+02:00
306896641,de:12067:900310781::2,0.0,2026-10-02T01:01:04.695736+02:00
306896641,de:12067:900310627::2,0.0,2026-10-02T01:01:04.695736+02:00
306896641,de:12067:900310816::2,0.0,2026-10-02T01:01:04.695736+02:00
306896641,de:12067:900310022::1,0.0,2026-10-02T01:01:04.695736+02:00
306896641,de:12067:900310001::11,0.0,2026-10-02T01:01:04.695736+02:00
306896633,de:12067:900310611::1,0.0,2026-10-02T01:01:04.695736+02:00
306896633,de:12067:900311058::2,0.0,2026-10-02T01:01:04.695736+02:00
306896633,de:12067:900311110::4,0.0,2026-10-02T01:01:04.695736+02:00
306896633,de:12067:900311059::2,0.0,2026-10-02T01:01:04.695736+02:00
306896633,de:12067:900311069::1,0.0,2026-10-02T01:01:04.695736+02:00
306896633,de:12067:900311118::1,0.0,2026-10-02T01:01:04.695736+02:00
306896633,de:12067:900310966::1,0.0,2026-10-02T01:01:04.695736+02:00
306896633,de:12067:900310997::1,0.0,2026-10-02T01:01:04.695736+02:00
306896633,de:12067:900310998::1,0.0,2026-10-02T01:01:04.695736+02:00
306896633,de:12067:900310997::2,0.0,2026-10-02T01:01:04.695736+02:00
306896633,de:12067:900310966::2,0.0,2026-10-02T01:01:04.695736+02:00
306896633,de:12067:900311118::2,0.0,2026-10-02T01:01:04.695736+02:00
306896633,de:12067:900310904::2,0.0,2026-10-02T01:01:04.695736+02:00
306896633,de:12067:900310991::2,0.0,2026-10-02T01:01:04.695736+02:00
306896633,de:12067:900310990::1,0.0,2026-10-02T01:01:04.695736+02:00
306896633,de:12067:900310989::2,0.0,2026-10-02T01:01:04.695736+02:00
306896633,de:12067:900310992::2,-0.5,2026-10-02T01:01:04.695736+02:00
306896633,de:12067:900310995::1,0.0,2026-10-02T01:01:04.695736+02:00
306896633,de:12067:900310779::2,0.0,2026-10-02T01:01:04.695736+02:00
306896633,de:12067:900310808::2,0.0,2026-10-02T01:01:04.695736+02:00
306896633,de:12067:900310822::2,0.0,2026-10-02T01:01:04.695736+02:00
306896633,de:12067:900310781::2,0.0,2026-10-02T01:01:04.695736+02:00
306896633,de:12067:900310627::2,0.0,2026-10-02T01:01:04.695736+02:00
306896633,de:12067:900310816::2,0.0,2026-10-02T01:01:04.695736+02:00
306896633,de:12067:900310022::1,0.0,2026-10-02T01:01:04.695736+02:00
306896633,de:12067:900310001::11,0.0,2026-10-02T01:01:04.695736+02:00
307435511,de:11000:900003200:1:50,0.0,2026-10-02T01:01:04.695736+02:00
307435511,de:11000:900100020:1:50,0.0,2026-10-02T01:01:04.695736+02:00
307435511,de:11000:900058101:2:52,0.0,2026-10-02T01:01:04.695736+02:00
307435511,de:12061:900260009:2:54,0.0,2026-10-02T01:01:04.695736+02:00
307440146,de:12065:900200000:1:51,0.0,2026-10-02T01:01:04.695736+02:00
307440146,de:12065:900200004:1:50,0.0,2026-10-02T01:01:04.695736+02:00
307440146,de:12065:900204003:1:50,0.0,2026-10-02T01:01:04.695736+02:00
307440146,de:12065:900203671:1:50,0.0,2026-10-02T01:01:04.695736+02:00
307440146,de:12065:900204001:1:50,0.0,2026-10-02T01:01:04.695736+02:00
307440146,de:12065:900203452:1:51,0.0,2026-10-02T01:01:04.695736+02:00
306897196,de:12067:900311565::2,0.0,2026-10-02T01:01:04.695736+02:00
306897196,de:12067:900311400::1,0.0,2026-10-02T01:01:04.695736+02:00
306897196,de:12067:900311513::2,0.0,2026-10-02T01:01:04.695736+02:00
295893009,de:12060:900350160:1:51,0.0,2026-10-02T01:01:04.695736+02:00
295893009,de:12060:900350161:1:50,-0.3,2026-10-02T01:01:04.695736+02:00
295893009,de:12060:900350163:1:50,-0.1,2026-10-02T01:01:04.695736+02:00
295893009,de:12060:900350162:1:50,-0.8,2026-10-02T01:01:04.695736+02:00
295893009,de:11000:900135001:1:50,-0.3,2026-10-02T01:01:04.695736+02:00
295893009,de:11000:900143001:1:51,-0.8,2026-10-02T01:01:04.695736+02:00
295893009,de:11000:900142001:1:51,-0.3,2026-10-02T01:01:04.695736+02:00
295893009,de:11000:900130001:1:51,-0.8,2026-10-02T01:01:04.695736+02:00
295893009,de:11000:900130002:1:51,-0.3,2026-10-02T01:01:04.695736+02:00
295893009,de:11000:900110011:1:51,-0.7,2026-10-02T01:01:04.695736+02:00
295893009,de:11000:900007102:1:50,-0.7,2026-10-02T01:01:04.695736+02:00
295893009,de:11000:900008101:1:50,-0.5,2026-10-02T01:01:04.695736+02:00
295893009,de:11000:900007104:1:51,-0.2,2026-10-02T01:01:04.695736+02:00
295893009,de:11000:900100007:1:50,-0.2,2026-10-02T01:01:04.695736+02:00
295893009,de:11000:900100001:4:56,0.0,2026-10-02T01:01:04.695736+02:00
295893009,de:11000:900100025:1:50,-0.9,2026-10-02T01:01:04.695736+02:00
295893009,de:11000:900100020:3:54,-0.9,2026-10-02T01:01:04.695736+02:00
295893009,de:11000:900012101:1:51,0.0,2026-10-02T01:01:04.695736+02:00
295893009,de:11000:900058103:1:50,-0.8,2026-10-02T01:01:04.695736+02:00
295893009,de:11000:900058101:1:50,-0.4,2026-10-02T01:01:04.695736+02:00
295893009,de:11000:900058102:1:50,-0.4,2026-10-02T01:01:04.695736+02:00
295893009,de:11000:900068301:1:50,-0.7,2026-10-02T01:01:04.695736+02:00
295893009,de:11000:900073101:1:50,-0.9,2026-10-02T01:01:04.695736+02:00
295893009,de:11000:900072101:1:50,-0.2,2026-10-02T01:01:04.695736+02:00
295893009,de:11000:900074202:1:50,-0.2,2026-10-02T01:01:04.695736+02:00
295893009,de:11000:900074201:1:50,-0.4,2026-10-02T01:01:04.695736+02:00
295893009,de:12072:900245028:1:51,-0.9,2026-10-02T01:01:04.695736+02:00
295893009,de:12072:900245027:2:52,-0.9,2026-10-02T01:01:04.695736+02:00
307437562,de:12052:900470000:4:55,0.0,2026-10-02T01:01:04.695736+02:00
307437562,de:12052:900470001:2:51,0.0,2026-10-02T01:01:04.695736+02:00
307437562,de:12052:900470163:2:51,0.0,2026-10-02T01:01:04.695736+02:00
307437562,de:12052:900470307:2:51,0.0,2026-10-02T01:01:04.695736+02:00
307437562,de:12071:900446411:2:51,0.0,2026-10-02T01:01:04.695736+02:00
307437562,de:12071:900446103:2:51,0.0,2026-10-02T01:01:04.695736+02:00
307437562,de:12071:900445750:1:50,0.0,2026-10-02T01:01:04.695736+02:00
307437562,de:12071:900445751:1:50,0.0,2026-10-02T01:01:04.695736+02:00
307437562,de:12071:900445801:1:50,0.0,2026-10-02T01:01:04.695736+02:00
307437562,de:12071:900445593:2:52,0.0,2026-10-02T01:01:04.695736+02:00
307437562,de:12067:900311250:1:50,0.0,2026-10-02T01:01:04.695736+02:00
307437562,de:12067:900311612:1:50,0.0,2026-10-02T01:01:04.695736+02:00
307437562,de:12067:900310601:1:51,0.0,2026-10-02T01:01:04.695736+02:00
307437562,de:12067:900311307:1:51,0.0,2026-10-02T01:01:04.695736+02:00
307437562,de:12067:900311631:1:51,0.0,2026-10-02T01:01:04.695736+02:00
307437562,de:12067:900311620:2:51,0.0,2026-10-02T01:01:04.695736+02:00
307437562,de:12067:900311232:2:51,0.0,2026-10-02T01:01:04.695736+02:00
307437562,de:12067:900311233:2:51,0.0,2026-10-02T01:01:04.695736+02:00
307437562,de:12053:900360000:3:54,0.0,2026-10-02T01:01:04.695736+02:00
295892957,de:12060:900350160:1:51,0.0,2026-10-02T01:01:04.695736+02:00
295892957,de:12060:900350161:1:50,-0.3,2026-10-02T01:01:04.695736+02:00
295892957,de:12060:900350163:1:50,-0.1,2026-10-02T01:01:04.695736+02:00
295892957,de:12060:900350162:1:50,-0.8,2026-10-02T01:01:04.695736+02:00
295892957,de:11000:900135001:1:50,-0.3,2026-10-02T01:01:04.695736+02:00
295892957,de:11000:900143001:1:51,-0.8,2026-10-02T01:01:04.695736+02:00
295892957,de:11000:900142001:1:51,-0.3,2026-10-02T01:01:04.695736+02:00
295892957,de:11000:900130001:1:51,-0.8,2026-10-02T01:01:04.695736+02:00
295892957,de:11000:900130002:1:51,-0.3,2026-10-02T01:01:04.695736+02:00
295892957,de:11000:900110011:1:51,-0.7,2026-10-02T01:01:04.695736+02:00
295892957,de:11000:900007102:1:50,-0.7,2026-10-02T01:01:04.695736+02:00
295892957,de:11000:900008101:1:50,-0.5,2026-10-02T01:01:04.695736+02:00
295892957,de:11000:900007104:1:51,-0.2,2026-10-02T01:01:04.695736+02:00
295892957,de:11000:900100007:1:50,-0.2,2026-10-02T01:01:04.695736+02:00
295892957,de:11000:900100001:4:56,0.0,2026-10-02T01:01:04.695736+02:00
295892957,de:11000:900100025:1:50,-0.9,2026-10-02T01:01:04.695736+02:00
295892957,de:11000:900100020:3:54,-0.9,2026-10-02T01:01:04.695736+02:00
295892957,de:11000:900012101:1:51,0.0,2026-10-02T01:01:04.695736+02:00
295892957,de:11000:900058103:1:50,-0.8,2026-10-02T01:01:04.695736+02:00
295892957,de:11000:900058101:1:50,-0.4,2026-10-02T01:01:04.695736+02:00
295892957,de:11000:900058102:1:50,-0.4,2026-10-02T01:01:04.695736+02:00
295892957,de:11000:900068301:1:50,-0.7,2026-10-02T01:01:04.695736+02:00
295892957,de:11000:900073101:1:50,-0.9,2026-10-02T01:01:04.695736+02:00
295892957,de:11000:900072101:1:50,-0.2,2026-10-02T01:01:04.695736+02:00
295892957,de:11000:900074202:1:50,-0.2,2026-10-02T01:01:04.695736+02:00
295892957,de:11000:900074201:1:50,-0.4,2026-10-02T01:01:04.695736+02:00
295892957,de:12072:900245028:1:51,-0.9,2026-10-02T01:01:04.695736+02:00
295892957,de:12072:900245027:2:52,-0.9,2026-10-02T01:01:04.695736+02:00
306896216,de:12067:900310013::5,0.0,2026-10-02T01:01:04.695736+02:00
306896216,de:12067:900310563::3,0.0,2026-10-02T01:01:04.695736+02:00
306896216,de:12067:900310563::4,0.0,2026-10-02T01:01:04.695736+02:00
306896216,de:12067:900310557::3,0.0,2026-10-02T01:01:04.695736+02:00
306896216,de:12067:900310555::1,0.0,2026-10-02T01:01:04.695736+02:00
306896216,de:12067:900311114::1,0.0,2026-10-02T01:01:04.695736+02:00
306896216,de:12067:900311023::1,0.0,2026-10-02T01:01:04.695736+02:00
306896216,de:12067:900311024::1,-0.5,2026-10-02T01:01:04.695736+02:00
306896216,de:12067:900311025::1,0.0,2026-10-02T01:01:04.695736+02:00
306896216,de:12067:900310636::1,0.0,2026-10-02T01:01:04.695736+02:00
306896216,de:12067:900310635::1,0.0,2026-10-02T01:01:04.695736+02:00
306896216,de:12067:900311022::1,0.0,2026-10-02T01:01:04.695736+02:00
306896216,de:12067:900311021::1,0.0,2026-10-02T01:01:04.695736+02:00
306896216,de:12067:900310964::1,0.0,2026-10-02T01:01:04.695736+02:00
306896216,de:12067:900310868::1,0.0,2026-10-02T01:01:04.695736+02:00
306896216,de:12067:900310867::2,0.0,2026-10-02T01:01:04.695736+02:00
306896216,de:12067:900311036::2,0.0,2026-10-02T01:01:04.695736+02:00
306896216,de:12067:900311052::1,0.0,2026-10-02T01:01:04.695736+02:00
306896216,de:12067:900311034::1,0.0,2026-10-02T01:01:04.695736+02:00
306896216,de:12067:900311039::1,0.0,2026-10-02T01:01:04.695736+02:00
295893001,de:12060:900350160:1:51,0.0,2026-10-02T01:01:04.695736+02:00
295893001,de:12060:900350161:1:50,-0.3,2026-10-02T01:01:04.695736+02:00
295893001,de:12060:900350163:1:50,-0.1,2026-10-02T01:01:04.695736+02:00
295893001,de:12060:900350162:1:50,-0.8,2026-10-02T01:01:04.695736+02:00
295893001,de:11000:900135001:1:50,-0.3,2026-10-02T01:01:04.695736+02:00
295893001,de:11000:900143001:1:51,-0.8,2026-10-02T01:01:04.695736+02:00
295893001,de:11000:900142001:1:51,-0.3,2026-10-02T01:01:04.695736+02:00
295893001,de:11000:900130001:1:51,-0.8,2026-10-02T01:01:04.695736+02:00
295893001,de:11000:900130002:1:51,-0.3,2026-10-02T01:01:04.695736+02:00
295893001,de:11000:900110011:1:51,-0.7,2026-10-02T01:01:04.695736+02:00
295893001,de:11000:900007102:1:50,-0.7,2026-10-02T01:01:04.695736+02:00
295893001,de:11000:900008101:1:50,-0.5,2026-10-02T01:01:04.695736+02:00
295893001,de:11000:900007104:1:51,-0.2,2026-10-02T01:01:04.695736+02:00
295893001,de:11000:900100007:1:50,-0.2,2026-10-02T01:01:04.695736+02:00
295893001,de:11000:900100001:4:56,0.0,2026-10-02T01:01:04.695736+02:00
295893001,de:11000:900100025:1:50,-0.9,2026-10-02T01:01:04.695736+02:00
295893001,de:11000:900100020:3:54,-0.9,2026-10-02T01:01:04.695736+02:00
295893001,de:11000:900012101:1:51,0.0,2026-10-02T01:01:04.695736+02:00
295893001,de:11000:900058103:1:50,-0.8,2026-10-02T01:01:04.695736+02:00
295893001,de:11000:900058101:1:50,-0.4,2026-10-02T01:01:04.695736+02:00
295893001,de:11000:900058102:1:50,-0.4,2026-10-02T01:01:04.695736+02:00
295893001,de:11000:900068301:1:50,-0.7,2026-10-02T01:01:04.695736+02:00
295893001,de:11000:900073101:1:50,-0.9,2026-10-02T01:01:04.695736+02:00
295893001,de:11000:900072101:1:50,-0.2,2026-10-02T01:01:04.695736+02:00
295893001,de:11000:900074202:1:50,-0.2,2026-10-02T01:01:04.695736+02:00
295893001,de:11000:900074201:1:50,-0.4,2026-10-02T01:01:04.695736+02:00
295893001,de:12072:900245028:1:51,-0.9,2026-10-02T01:01:04.695736+02:00
295893001,de:12072:900245027:2:52,-0.9,2026-10-02T01:01:04.695736+02:00
295892992,de:12060:900350160:1:51,0.0,2026-10-02T01:01:04.695736+02:00
295892992,de:12060:900350161:1:50,-0.3,2026-10-02T01:01:04.695736+02:00
295892992,de:12060:900350163:1:50,-0.1,2026-10-02T01:01:04.695736+02:00
295892992,de:12060:900350162:1:50,-0.8,2026-10-02T01:01:04.695736+02:00
295892992,de:11000:900135001:1:50,-0.3,2026-10-02T01:01:04.695736+02:00
295892992,de:11000:900143001:1:51,-0.8,2026-10-02T01:01:04.695736+02:00
295892992,de:11000:900142001:1:51,-0.3,2026-10-02T01:01:04.695736+02:00
295892992,de:11000:900130001:1:51,-0.8,2026-10-02T01:01:04.695736+02:00
295892992,de:11000:900130002:1:51,-0.3,2026-10-02T01:01:04.695736+02:00
295892992,de:11000:900110011:1:51,-0.7,2026-10-02T01:01:04.695736+02:00
295892992,de:11000:900007102:1:50,-0.7,2026-10-02T01:01:04.695736+02:00
295892992,de:11000:900008101:1:50,-0.5,2026-10-02T01:01:04.695736+02:00
295892992,de:11000:900007104:1:51,-0.2,2026-10-02T01:01:04.695736+02:00
295892992,de:11000:900100007:1:50,-0.2,2026-10-02T01:01:04.695736+02:00
295892992,de:11000:900100001:4:56,0.0,2026-10-02T01:01:04.695736+02:00
295892992,de:11000:900100025:1:50,-0.9,2026-10-02T01:01:04.695736+02:00
295892992,de:11000:900100020:3:54,-0.9,2026-10-02T01:01:04.695736+02:00
295892992,de:11000:900012101:1:51,0.0,2026-10-02T01:01:04.695736+02:00
295892992,de:11000:900058103:1:50,-0.8,2026-10-02T01:01:04.695736+02:00
295892992,de:11000:900058101:1:50,-0.4,2026-10-02T01:01:04.695736+02:00
295892992,de:11000:900058102:1:50,-0.4,2026-10-02T01:01:04.695736+02:00
295892992,de:11000:900068301:1:50,-0.7,2026-10-02T01:01:04.695736+02:00
295892992,de:11000:900073101:1:50,-0.9,2026-10-02T01:01:04.695736+02:00
295892992,de:11000:900072101:1:50,-0.2,2026-10-02T01:01:04.695736+02:00
295892992,de:11000:900074202:1:50,-0.2,2026-10-02T01:01:04.695736+02:00
295892992,de:11000:900074201:1:50,-0.4,2026-10-02T01:01:04.695736+02:00
295892992,de:12072:900245028:1:51,-0.9,2026-10-02T01:01:04.695736+02:00
295892992,de:12072:900245027:2:52,-0.9,2026-10-02T01:01:04.695736+02:00
295893090,de:12072:900245027:2:52,0.0,2026-10-02T01:01:04.695736+02:00
295893090,de:12072:900245028:1:50,-0.9,2026-10-02T01:01:04.695736+02:00
295893090,de:11000:900074201:1:50,-0.9,2026-10-02T01:01:04.695736+02:00
295893090,de:11000:900074202:2:51,-0.1,2026-10-02T01:01:04.695736+02:00
295893090,de:11000:900072101:2:51,-0.1,2026-10-02T01:01:04.695736+02:00
295893090,de:11000:900073101:1:51,-0.4,2026-10-02T01:01:04.695736+02:00
295893090,de:11000:900068301:1:51,-0.7,2026-10-02T01:01:04.695736+02:00
295893090,de:11000:900058102:2:51,-0.7,2026-10-02T01:01:04.695736+02:00
295893090,de:11000:900058101:1:51,-0.3,2026-10-02T01:01:04.695736+02:00
295893090,de:11000:900058103:1:51,-0.1,2026-10-02T01:01:04.695736+02:00
295893090,de:11000:900012101:2:53,-0.7,2026-10-02T01:01:04.695736+02:00
295893090,de:11000:900100020:4:57,-0.8,2026-10-02T01:01:04.695736+02:00
295893090,de:11000:900100025:1:51,-0.9,2026-10-02T01:01:04.695736+02:00
295893090,de:11000:900100001:4:57,-0.6,2026-10-02T01:01:04.695736+02:00
295893090,de:11000:900100007:1:51,-0.7,2026-10-02T01:01:04.695736+02:00
295893090,de:11000:900007104:2:52,-0.7,2026-10-02T01:01:04.695736+02:00
295893090,de:11000:900008101:1:51,-0.4,2026-10-02T01:01:04.695736+02:00
295893090,de:11000:900007102:2:53,-0.1,2026-10-02T01:01:04.695736+02:00
295893090,de:11000:900110011:2:52,-0.4,2026-10-02T01:01:04.695736+02:00
295893090,de:11000:900130002:1:50,-0.7,2026-10-02T01:01:04.695736+02:00
295893090,de:11000:900130001:1:50,-0.4,2026-10-02T01:01:04.695736+02:00
295893090,de:11000:900142001:1:50,-0.9,2026-10-02T01:01:04.695736+02:00
295893090,de:11000:900143001:1:51,-0.7,2026-10-02T01:01:04.695736+02:00
295893090,de:11000:900135001:1:50,-0.4,2026-10-02T01:01:04.695736+02:00
295893090,de:12060:900350162:1:50,0.0,2026-10-02T01:01:04.695736+02:00
295893090,de:12060:900350163:1:51,-0.4,2026-10-02T01:01:04.695736+02:00
295893090,de:12060:900350161:1:50,-0.7,2026-10-02T01:01:04.695736+02:00
295893090,de:12060:900350160:1:51,-0.4,2026-10-02T01:01:04.695736+02:00
295893086,de:12072:900245027:2:52,0.0,2026-10-02T01:01:04.695736+02:00
295893086,de:12072:900245028:1:50,-0.9,2026-10-02T01:01:04.695736+02:00
295893086,de:11000:900074201:1:50,-0.9,2026-10-02T01:01:04.695736+02:00
295893086,de:11000:900074202:2:51,-0.1,2026-10-02T01:01:04.695736+02:00
295893086,de:11000:900072101:2:51,-0.1,2026-10-02T01:01:04.695736+02:00
295893086,de:11000:900073101:1:51,-0.4,2026-10-02T01:01:04.695736+02:00
295893086,de:11000:900068301:1:51,-0.7,2026-10-02T01:01:04.695736+02:00
295893086,de:11000:900058102:2:51,-0.7,2026-10-02T01:01:04.695736+02:00
295893086,de:11000:900058101:1:51,-0.3,2026-10-02T01:01:04.695736+02:00
295893086,de:11000:900058103:1:51,-0.1,2026-10-02T01:01:04.695736+02:00
295893086,de:11000:900012101:2:53,-0.7,2026-10-02T01:01:04.695736+02:00
295893086,de:11000:900100020:4:57,-0.8,2026-10-02T01:01:04.695736+02:00
295893086,de:11000:900100025:1:51,-0.9,2026-10-02T01:01:04.695736+02:00
295893086,de:11000:900100001:4:57,-0.6,2026-10-02T01:01:04.695736+02:00
295893086,de:11000:900100007:1:51,-0.7,2026-10-02T01:01:04.695736+02:00
295893086,de:11000:900007104:2:52,-0.7,2026-10-02T01:01:04.695736+02:00
295893086,de:11000:900008101:1:51,-0.4,2026-10-02T01:01:04.695736+02:00
295893086,de:11000:900007102:2:53,-0.1,2026-10-02T01:01:04.695736+02:00
295893086,de:11000:900110011:2:52,-0.4,2026-10-02T01:01:04.695736+02:00
295893086,de:11000:900130002:1:50,-0.7,2026-10-02T01:01:04.695736+02:00
295893086,de:11000:900130001:1:50,-0.4,2026-10-02T01:01:04.695736+02:00
295893086,de:11000:900142001:1:50,-0.9,2026-10-02T01:01:04.695736+02:00
295893086,de:11000:900143001:1:51,-0.7,2026-10-02T01:01:04.695736+02:00
295893086,de:11000:900135001:1:50,-0.4,2026-10-02T01:01:04.695736+02:00
295893086,de:12060:900350162:1:50,0.0,2026-10-02T01:01:04.695736+02:00
295893086,de:12060:900350163:1:51,-0.4,2026-10-02T01:01:04.695736+02:00
295893086,de:12060:900350161:1:50,-0.7,2026-10-02T01:01:04.695736+02:00
295893086,de:12060:900350160:1:51,-0.4,2026-10-02T01:01:04.695736+02:00
295893082,de:12072:900245027:2:52,0.0,2026-10-02T01:01:04.695736+02:00
295893082,de:12072:900245028:1:50,-0.9,2026-10-02T01:01:04.695736+02:00
295893082,de:11000:900074201:1:50,-0.9,2026-10-02T01:01:04.695736+02:00
295893082,de:11000:900074202:2:51,-0.1,2026-10-02T01:01:04.695736+02:00
295893082,de:11000:900072101:2:51,-0.1,2026-10-02T01:01:04.695736+02:00
295893082,de:11000:900073101:1:51,-0.4,2026-10-02T01:01:04.695736+02:00
295893082,de:11000:900068301:1:51,-0.7,2026-10-02T01:01:04.695736+02:00
295893082,de:11000:900058102:2:51,-0.7,2026-10-02T01:01:04.695736+02:00
295893082,de:11000:900058101:1:51,-0.3,2026-10-02T01:01:04.695736+02:00
295893082,de:11000:900058103:1:51,-0.1,2026-10-02T01:01:04.695736+02:00
295893082,de:11000:900012101:2:53,-0.7,2026-10-02T01:01:04.695736+02:00
295893082,de:11000:900100020:4:57,-0.8,2026-10-02T01:01:04.695736+02:00
295893082,de:11000:900100025:1:51,-0.9,2026-10-02T01:01:04.695736+02:00
295893082,de:11000:900100001:4:57,-0.6,2026-10-02T01:01:04.695736+02:00
295893082,de:11000:900100007:1:51,-0.7,2026-10-02T01:01:04.695736+02:00
295893082,de:11000:900007104:2:52,-0.7,2026-10-02T01:01:04.695736+02:00
295893082,de:11000:900008101:1:51,-0.4,2026-10-02T01:01:04.695736+02:00
295893082,de:11000:900007102:2:53,-0.1,2026-10-02T01:01:04.695736+02:00
295893082,de:11000:900110011:2:52,-0.4,2026-10-02T01:01:04.695736+02:00
295893082,de:11000:900130002:1:50,-0.7,2026-10-02T01:01:04.695736+02:00
295893082,de:11000:900130001:1:50,-0.4,2026-10-02T01:01:04.695736+02:00
295893082,de:11000:900142001:1:50,-0.9,2026-10-02T01:01:04.695736+02:00
295893082,de:11000:900143001:1:51,-0.7,2026-10-02T01:01:04.695736+02:00
295893082,de:11000:900135001:1:50,-0.4,2026-10-02T01:01:04.695736+02:00
295893082,de:12060:900350162:1:50,0.0,2026-10-02T01:01:04.695736+02:00
295893082,de:12060:900350163:1:51,-0.4,2026-10-02T01:01:04.695736+02:00
295893082,de:12060:900350161:1:50,-0.7,2026-10-02T01:01:04.695736+02:00
295893082,de:12060:900350160:1:51,-0.4,2026-10-02T01:01:04.695736+02:00
307430306,de:12061:900260009:2:54,0.0,2026-10-02T01:01:04.695736+02:00
307430306,de:11000:900058101:4:57,0.0,2026-10-02T01:01:04.695736+02:00
307430306,de:11000:900100020:2:53,0.0,2026-10-02T01:01:04.695736+02:00
307430306,de:11000:900003200:4:56,0.0,2026-10-02T01:01:04.695736+02:00
307430073,de:12061:900260009:2:54,0.0,2026-10-02T01:01:04.695736+02:00
307430073,de:11000:900058101:4:57,0.0,2026-10-02T01:01:04.695736+02:00
307430073,de:11000:900100020:2:53,0.0,2026-10-02T01:01:04.695736+02:00
307430073,de:11000:900003200:4:57,0.0,2026-10-02T01:01:04.695736+02:00
307429728,de:12061:900260009:2:54,0.0,2026-10-02T01:01:04.695736+02:00
307429728,de:11000:900192001:1:51,0.0,2026-10-02T01:01:04.695736+02:00
307429728,de:11000:900120003:4:57,0.0,2026-10-02T01:01:04.695736+02:00
307429728,de:11000:900007102:4:56,0.0,2026-10-02T01:01:04.695736+02:00
307429728,de:11000:900003200:3:55,0.0,2026-10-02T01:01:04.695736+02:00
295900287,de:12065:900200000:4:54,0.0,2026-10-02T01:01:04.695736+02:00
295900287,de:11000:900091203:1:50,0.0,2026-10-02T01:01:04.695736+02:00
295900287,de:11000:900091205:1:50,-0.2,2026-10-02T01:01:04.695736+02:00
295900287,de:11000:900089303:1:51,-0.5,2026-10-02T01:01:04.695736+02:00
295900287,de:11000:900096405:1:50,-0.8,2026-10-02T01:01:04.695736+02:00
295900287,de:11000:900096458:1:50,-0.5,2026-10-02T01:01:04.695736+02:00
295900287,de:11000:900085105:1:50,-0.8,2026-10-02T01:01:04.695736+02:00
295900287,de:11000:900085201:1:51,0.0,2026-10-02T01:01:04.695736+02:00
295900287,de:11000:900130003:1:51,-0.8,2026-10-02T01:01:04.695736+02:00
295900287,de:11000:900110011:1:50,-0.9,2026-10-02T01:01:04.695736+02:00
295900287,de:11000:900007102:1:50,-0.7,2026-10-02T01:01:04.695736+02:00
295900287,de:11000:900008101:1:50,-0.4,2026-10-02T01:01:04.695736+02:00
295900287,de:11000:900007104:1:51,-0.2,2026-10-02T01:01:04.695736+02:00
295900287,de:11000:900100007:1:50,-0.2,2026-10-02T01:01:04.695736+02:00
295900287,de:11000:900100001:4:56,0.0,2026-10-02T01:01:04.695736+02:00
295900287,de:11000:900100025:1:50,-0.9,2026-10-02T01:01:04.695736+02:00
295900287,de:11000:900100020:3:54,-0.9,2026-10-02T01:01:04.695736+02:00
295900287,de:11000:900012101:1:51,0.0,2026-10-02T01:01:04.695736+02:00
295900287,de:11000:900058103:1:50,-0.7,2026-10-02T01:01:04.695736+02:00
295900287,de:11000:900058101:1:50,-0.3,2026-10-02T01:01:04.695736+02:00
295900287,de:11000:900058102:1:52,0.0,2026-10-02T01:01:04.695736+02:00
295900287,de:11000:900063452:1:50,-0.1,2026-10-02T01:01:04.695736+02:00
295900287,de:11000:900067221:1:50,-0.2,2026-10-02T01:01:04.695736+02:00
295900287,de:11000:900064301:3:52,-0.2,2026-10-02T01:01:04.695736+02:00
295900287,de:11000:900064256:1:50,-0.7,2026-10-02T01:01:04.695736+02:00
295900287,de:11000:900064201:1:50,-0.6,2026-10-02T01:01:04.695736+02:00
295900287,de:12069:900220114:1:51,-0.9,2026-10-02T01:01:04.695736+02:00
295900349,de:12069:900220114:1:51,0.0,2026-10-02T01:01:04.695736+02:00
295900349,de:11000:900064201:1:51,-0.1,2026-10-02T01:01:04.695736+02:00
295900349,de:11000:900064256:1:51,0.0,2026-10-02T01:01:04.695736+02:00
295900349,de:11000:900064301:3:53,-0.3,2026-10-02T01:01:04.695736+02:00
295900349,de:11000:900067221:1:50,-0.3,2026-10-02T01:01:04.695736+02:00
295900349,de:11000:900063452:1:51,-0.4,2026-10-02T01:01:04.695736+02:00
295900349,de:11000:900058102:2:53,-0.5,2026-10-02T01:01:04.695736+02:00
295900349,de:11000:900058101:1:51,-0.3,2026-10-02T01:01:04.695736+02:00
295900349,de:11000:900058103:1:51,0.0,2026-10-02T01:01:04.695736+02:00
295900349,de:11000:900012101:2:53,-0.7,2026-10-02T01:01:04.695736+02:00
295900349,de:11000:900100020:4:57,-0.8,2026-10-02T01:01:04.695736+02:00
295900349,de:11000:900100025:1:51,-0.9,2026-10-02T01:01:04.695736+02:00
295900349,de:11000:900100001:4:57,-0.6,2026-10-02T01:01:04.695736+02:00
295900349,de:11000:900100007:1:51,-0.7,2026-10-02T01:01:04.695736+02:00
295900349,de:11000:900007104:2:52,-0.7,2026-10-02T01:01:04.695736+02:00
295900349,de:11000:900008101:1:51,-0.4,2026-10-02T01:01:04.695736+02:00
295900349,de:11000:900007102:2:53,-0.2,2026-10-02T01:01:04.695736+02:00
295900349,de:11000:900110011:2:53,-0.4,2026-10-02T01:01:04.695736+02:00
295900349,de:11000:900085201:1:50,-0.8,2026-10-02T01:01:04.695736+02:00
295900349,de:11000:900085105:1:50,-0.8,2026-10-02T01:01:04.695736+02:00
295900349,de:11000:900096458:1:50,-0.1,2026-10-02T01:01:04.695736+02:00
295900349,de:11000:900096405:1:50,-0.8,2026-10-02T01:01:04.695736+02:00
295900349,de:11000:900089303:1:50,-0.7,2026-10-02T01:01:04.695736+02:00
295900349,de:11000:900091205:1:50,-0.3,2026-10-02T01:01:04.695736+02:00
295900349,de:11000:900091203:1:50,-0.5,2026-10-02T01:01:04.695736+02:00
295900349,de:12065:900200000:1:55,-0.7,2026-10-02T01:01:04.695736+02:00
295900286,de:12065:900200000:4:54,0.0,2026-10-02T01:01:04.695736+02:00
295900286,de:11000:900091203:1:50,0.0,2026-10-02T01:01:04.695736+02:00
295900286,de:11000:900091205:1:50,-0.2,2026-10-02T01:01:04.695736+02:00
295900286,de:11000:900089303:1:51,-0.5,2026-10-02T01:01:04.695736+02:00
295900286,de:11000:900096405:1:50,-0.8,2026-10-02T01:01:04.695736+02:00
295900286,de:11000:900096458:1:50,-0.5,2026-10-02T01:01:04.695736+02:00
295900286,de:11000:900085105:1:50,-0.8,2026-10-02T01:01:04.695736+02:00
295900286,de:11000:900085201:1:51,0.0,2026-10-02T01:01:04.695736+02:00
295900286,de:11000:900130003:1:51,-0.8,2026-10-02T01:01:04.695736+02:00
295900286,de:11000:900110011:1:50,-0.9,2026-10-02T01:01:04.695736+02:00
295900286,de:11000:900007102:1:50,-0.7,2026-10-02T01:01:04.695736+02:00
295900286,de:11000:900008101:1:50,-0.4,2026-10-02T01:01:04.695736+02:00
295900286,de:11000:900007104:1:51,-0.2,2026-10-02T01:01:04.695736+02:00
295900286,de:11000:900100007:1:50,-0.2,2026-10-02T01:01:04.695736+02:00
295900286,de:11000:900100001:4:56,0.0,2026-10-02T01:01:04.695736+02:00
295900286,de:11000:900100025:1:50,-0.9,2026-10-02T01:01:04.695736+02:00
295900286,de:11000:900100020:3:54,-0.9,2026-10-02T01:01:04.695736+02:00
295900286,de:11000:900012101:1:51,0.0,2026-10-02T01:01:04.695736+02:00
295900286,de:11000:900058103:1:50,-0.7,2026-10-02T01:01:04.695736+02:00
295900286,de:11000:900058101:1:50,-0.3,2026-10-02T01:01:04.695736+02:00
295900286,de:11000:900058102:1:52,0.0,2026-10-02T01:01:04.695736+02:00
295900286,de:11000:900063452:1:50,-0.1,2026-10-02T01:01:04.695736+02:00
295900286,de:11000:900067221:1:50,-0.2,2026-10-02T01:01:04.695736+02:00
295900286,de:11000:900064301:3:52,-0.2,2026-10-02T01:01:04.695736+02:00
295900286,de:11000:900064256:1:50,-0.7,2026-10-02T01:01:04.695736+02:00
295900286,de:11000:900064201:1:50,-0.6,2026-10-02T01:01:04.695736+02:00
295900286,de:12069:900220114:1:51,-0.9,2026-10-02T01:01:04.695736+02:00
295900280,de:12065:900200000:4:54,0.0,2026-10-02T01:01:04.695736+02:00
295900280,de:11000:900091203:1:50,0.0,2026-10-02T01:01:04.695736+02:00
295900280,de:11000:900091205:1:50,-0.2,2026-10-02T01:01:04.695736+02:00
295900280,de:11000:900089303:1:51,-0.5,2026-10-02T01:01:04.695736+02:00
295900280,de:11000:900096405:1:50,-0.8,2026-10-02T01:01:04.695736+02:00
295900280,de:11000:900096458:1:50,-0.5,2026-10-02T01:01:04.695736+02:00
295900280,de:11000:900085105:1:50,-0.8,2026-10-02T01:01:04.695736+02:00
295900280,de:11000:900085201:1:51,0.0,2026-10-02T01:01:04.695736+02:00
295900280,de:11000:900130003:1:51,-0.8,2026-10-02T01:01:04.695736+02:00
295900280,de:11000:900110011:1:50,-0.9,2026-10-02T01:01:04.695736+02:00
295900280,de:11000:900007102:1:50,-0.7,2026-10-02T01:01:04.695736+02:00
295900280,de:11000:900008101:1:50,-0.4,2026-10-02T01:01:04.695736+02:00
295900280,de:11000:900007104:1:51,-0.2,2026-10-02T01:01:04.695736+02:00
295900280,de:11000:900100007:1:50,-0.2,2026-10-02T01:01:04.695736+02:00
295900280,de:11000:900100001:4:56,0.0,2026-10-02T01:01:04.695736+02:00
295900280,de:11000:900100025:1:50,-0.9,2026-10-02T01:01:04.695736+02:00
295900280,de:11000:900100020:3:54,-0.9,2026-10-02T01:01:04.695736+02:00
295900280,de:11000:900012101:1:51,0.0,2026-10-02T01:01:04.695736+02:00
295900280,de:11000:900058103:1:50,-0.7,2026-10-02T01:01:04.695736+02:00
295900280,de:11000:900058101:1:50,-0.3,2026-10-02T01:01:04.695736+02:00
295900280,de:11000:900058102:1:52,0.0,2026-10-02T01:01:04.695736+02:00
295900280,de:11000:900063452:1:50,-0.1,2026-10-02T01:01:04.695736+02:00
295900280,de:11000:900067221:1:50,-0.2,2026-10-02T01:01:04.695736+02:00
295900280,de:11000:900064301:3:52,-0.2,2026-10-02T01:01:04.695736+02:00
295900280,de:11000:900064256:1:50,-0.7,2026-10-02T01:01:04.695736+02:00
295900280,de:11000:900064201:1:50,-0.6,2026-10-02T01:01:04.695736+02:00
295900280,de:12069:900220114:1:51,-0.9,2026-10-02T01:01:04.695736+02:00
295896227,de:11000:900074201:1:50,0.0,2026-10-02T01:01:04.695736+02:00
295896227,de:11000:900074202:2:51,-0.1,2026-10-02T01:01:04.695736+02:00
295896227,de:11000:900072101:2:51,-0.1,2026-10-02T01:01:04.695736+02:00
295896227,de:11000:900073101:1:51,-0.4,2026-10-02T01:01:04.695736+02:00
295896227,de:11000:900068301:1:51,-0.7,2026-10-02T01:01:04.695736+02:00
295896227,de:11000:900058102:2:51,-0.7,2026-10-02T01:01:04.695736+02:00
295896227,de:11000:900058101:1:51,-0.3,2026-10-02T01:01:04.695736+02:00
295896227,de:11000:900058103:1:51,-0.1,2026-10-02T01:01:04.695736+02:00
295896227,de:11000:900012101:2:53,-0.7,2026-10-02T01:01:04.695736+02:00
295896227,de:11000:900100020:4:57,-0.8,2026-10-02T01:01:04.695736+02:00
295896227,de:11000:900100025:1:51,-0.9,2026-10-02T01:01:04.695736+02:00
295896227,de:11000:900100001:4:57,-0.6,2026-10-02T01:01:04.695736+02:00
295896227,de:11000:900100007:1:51,-0.7,2026-10-02T01:01:04.695736+02:00
295896227,de:11000:900007104:2:52,-0.7,2026-10-02T01:01:04.695736+02:00
295896227,de:11000:900008101:1:51,-0.4,2026-10-02T01:01:04.695736+02:00
295896227,de:11000:900007102:2:53,-0.1,2026-10-02T01:01:04.695736+02:00
295896227,de:11000:900110011:2:52,-0.4,2026-10-02T01:01:04.695736+02:00
295896227,de:11000:900130002:1:50,-0.7,2026-10-02T01:01:04.695736+02:00
295896227,de:11000:900130001:1:50,-0.4,2026-10-02T01:01:04.695736+02:00
295896227,de:11000:900142001:1:50,-0.9,2026-10-02T01:01:04.695736+02:00
295896227,de:11000:900143001:1:51,-0.7,2026-10-02T01:01:04.695736+02:00
295896227,de:11000:900135001:1:50,-0.4,2026-10-02T01:01:04.695736+02:00
295903021,de:11000:900142001:1:51,0.0,2026-10-02T01:01:04.695736+02:00
295903021,de:11000:900130001:1:51,-0.2,2026-10-02T01:01:04.695736+02:00
295903021,de:11000:900130002:1:51,-0.7,2026-10-02T01:01:04.695736+02:00
295903021,de:11000:900110011:1:51,-0.2,2026-10-02T01:01:04.695736+02:00
295903021,de:11000:900007102:1:50,-0.7,2026-10-02T01:01:04.695736+02:00
295903021,de:11000:900008101:1:50,-0.4,2026-10-02T01:01:04.695736+02:00
295903021,de:11000:900007104:1:51,-0.2,2026-10-02T01:01:04.695736+02:00
295903021,de:11000:900100007:1:50,-0.2,2026-10-02T01:01:04.695736+02:00
295903021,de:11000:900100001:4:56,0.0,2026-10-02T01:01:04.695736+02:00
295903021,de:11000:900100025:1:50,-0.9,2026-10-02T01:01:04.695736+02:00
295903021,de:11000:900100020:3:54,-0.9,2026-10-02T01:01:04.695736+02:00
295903021,de:11000:900012101:1:51,0.0,2026-10-02T01:01:04.695736+02:00
295903021,de:11000:900058103:1:50,-0.7,2026-10-02T01:01:04.695736+02:00
295903021,de:11000:900058101:1:50,-0.3,2026-10-02T01:01:04.695736+02:00
295903021,de:11000:900058102:1:52,0.0,2026-10-02T01:01:04.695736+02:00
295903021,de:11000:900063452:1:50,-0.1,2026-10-02T01:01:04.695736+02:00
295903021,de:11000:900067221:1:50,-0.2,2026-10-02T01:01:04.695736+02:00
295903021,de:11000:900064301:3:52,-0.2,2026-10-02T01:01:04.695736+02:00
295903021,de:11000:900064256:1:50,-0.7,2026-10-02T01:01:04.695736+02:00
295903021,de:11000:900064201:1:50,-0.6,2026-10-02T01:01:04.695736+02:00
295903021,de:12069:900220114:1:50,-0.9,2026-10-02T01:01:04.695736+02:00
295906968,de:11000:900029101:1:50,0.0,2026-10-02T01:01:04.695736+02:00
295906968,de:11000:900030202:1:50,-0.3,2026-10-02T01:01:04.695736+02:00
295906968,de:11000:900025424:1:51,-0.2,2026-10-02T01:01:04.695736+02:00
295906968,de:11000:900025321:1:51,-0.2,2026-10-02T01:01:04.695736+02:00
295906968,de:11000:900026105:1:50,-0.4,2026-10-02T01:01:04.695736+02:00
295906968,de:11000:900025423:1:50,-0.7,2026-10-02T01:01:04.695736+02:00
295906968,de:11000:900024102:2:53,-0.7,2026-10-02T01:01:04.695736+02:00
295906968,de:11000:900024101:3:55,-0.3,2026-10-02T01:01:04.695736+02:00
295906968,de:11000:900024203:1:51,-0.8,2026-10-02T01:01:04.695736+02:00
295906968,de:11000:900023201:3:54,-0.7,2026-10-02T01:01:04.695736+02:00
295906968,de:11000:900003103:1:50,-0.8,2026-10-02T01:01:04.695736+02:00
295906968,de:11000:900003102:1:50,-0.9,2026-10-02T01:01:04.695736+02:00
295906968,de:11000:900003201:3:54,-0.5,2026-10-02T01:01:04.695736+02:00
295906968,de:11000:900100001:3:54,-0.1,2026-10-02T01:01:04.695736+02:00
295906968,de:11000:900100002:1:50,-0.4,2026-10-02T01:01:04.695736+02:00
295906968,de:11000:900100003:2:52,-0.1,2026-10-02T01:01:04.695736+02:00
295906968,de:11000:900100004:1:50,-0.4,2026-10-02T01:01:04.695736+02:00
295906968,de:11000:900120005:4:55,-0.6,2026-10-02T01:01:04.695736+02:00
295906968,de:11000:900120004:1:50,-0.1,2026-10-02T01:01:04.695736+02:00
295906968,de:11000:900120003:2:53,-0.4,2026-10-02T01:01:04.695736+02:00
295906968,de:11000:900160001:1:51,-0.4,2026-10-02T01:01:04.695736+02:00
295906968,de:11000:900160002:1:50,-0.7,2026-10-02T01:01:04.695736+02:00
295906968,de:11000:900162001:1:51,-0.3,2026-10-02T01:01:04.695736+02:00
295906968,de:11000:900180002:1:51,-0.3,2026-10-02T01:01:04.695736+02:00
295906968,de:11000:900180001:1:50,-0.7,2026-10-02T01:01:04.695736+02:00
295906968,de:11000:900182001:1:51,-0.2,2026-10-02T01:01:04.695736+02:00
295906968,de:11000:900182002:1:51,-0.4,2026-10-02T01:01:04.695736+02:00
295906968,de:11000:900183001:1:51,0.0,2026-10-02T01:01:04.695736+02:00
295906968,de:11000:900183002:1:51,-0.3,2026-10-02T01:01:04.695736+02:00
295906968,de:12067:900310004:3:52,-0.5,2026-10-02T01:01:04.695736+02:00
295906966,de:11000:900029101:1:50,0.0,2026-10-02T01:01:04.695736+02:00
295906966,de:11000:900030202:1:50,-0.3,2026-10-02T01:01:04.695736+02:00
295906966,de:11000:900025424:1:51,-0.2,2026-10-02T01:01:04.695736+02:00
295906966,de:11000:900025321:1:51,-0.2,2026-10-02T01:01:04.695736+02:00
295906966,de:11000:900026105:1:50,-0.4,2026-10-02T01:01:04.695736+02:00
295906966,de:11000:900025423:1:50,-0.7,2026-10-02T01:01:04.695736+02:00
295906966,de:11000:900024102:2:53,-0.7,2026-10-02T01:01:04.695736+02:00
295906966,de:11000:900024101:3:55,-0.3,2026-10-02T01:01:04.695736+02:00
295906966,de:11000:900024203:1:51,-0.8,2026-10-02T01:01:04.695736+02:00
295906966,de:11000:900023201:3:54,-0.7,2026-10-02T01:01:04.695736+02:00
295906966,de:11000:900003103:1:50,-0.8,2026-10-02T01:01:04.695736+02:00
295906966,de:11000:900003102:1:50,-0.9,2026-10-02T01:01:04.695736+02:00
295906966,de:11000:900003201:3:54,-0.5,2026-10-02T01:01:04.695736+02:00
295906966,de:11000:900100001:3:54,-0.1,2026-10-02T01:01:04.695736+02:00
295906966,de:11000:900100002:1:50,-0.4,2026-10-02T01:01:04.695736+02:00
295906966,de:11000:900100003:2:52,-0.1,2026-10-02T01:01:04.695736+02:00
295906966,de:11000:900100004:1:50,-0.4,2026-10-02T01:01:04.695736+02:00
295906966,de:11000:900120005:4:55,-0.6,2026-10-02T01:01:04.695736+02:00
295906966,de:11000:900120004:1:50,-0.1,2026-10-02T01:01:04.695736+02:00
295906966,de:11000:900120003:2:53,-0.4,2026-10-02T01:01:04.695736+02:00
295906966,de:11000:900160001:1:51,-0.4,2026-10-02T01:01:04.695736+02:00
295906966,de:11000:900160002:1:50,-0.7,2026-10-02T01:01:04.695736+02:00
295906966,de:11000:900162001:1:51,-0.3,2026-10-02T01:01:04.695736+02:00
295906966,de:11000:900180002:1:51,-0.3,2026-10-02T01:01:04.695736+02:00
295906966,de:11000:900180001:1:50,-0.7,2026-10-02T01:01:04.695736+02:00
295906966,de:11000:900182001:1:51,-0.2,2026-10-02T01:01:04.695736+02:00
295906966,de:11000:900182002:1:51,-0.4,2026-10-02T01:01:04.695736+02:00
295906966,de:11000:900183001:1:51,0.0,2026-10-02T01:01:04.695736+02:00
295906966,de:11000:900183002:1:51,-0.3,2026-10-02T01:01:04.695736+02:00
295906966,de:12067:900310004:3:52,-0.5,2026-10-02T01:01:04.695736+02:00
295907205,de:12067:900310004:3:52,0.0,2026-10-02T01:01:04.695736+02:00
295907205,de:11000:900183002:1:50,-0.1,2026-10-02T01:01:04.695736+02:00
295907205,de:11000:900183001:1:50,-0.4,2026-10-02T01:01:04.695736+02:00
295907205,de:11000:900182002:1:50,0.0,2026-10-02T01:01:04.695736+02:00
295907205,de:11000:900182001:1:50,-0.2,2026-10-02T01:01:04.695736+02:00
295907205,de:11000:900180001:1:50,-0.7,2026-10-02T01:01:04.695736+02:00
295907205,de:11000:900180002:1:50,-0.7,2026-10-02T01:01:04.695736+02:00
295907205,de:11000:900162001:1:50,-0.9,2026-10-02T01:01:04.695736+02:00
295907205,de:11000:900160002:1:50,0.0,2026-10-02T01:01:04.695736+02:00
295907205,de:11000:900160001:1:50,-0.3,2026-10-02T01:01:04.695736+02:00
295907205,de:11000:900120003:3:55,-0.1,2026-10-02T01:01:04.695736+02:00
295907205,de:11000:900120004:2:53,-0.6,2026-10-02T01:01:04.695736+02:00
295907205,de:11000:900120005:5:58,-0.9,2026-10-02T01:01:04.695736+02:00
295907205,de:11000:900100004:1:51,-0.4,2026-10-02T01:01:04.695736+02:00
295907205,de:11000:900100003:2:53,-0.4,2026-10-02T01:01:04.695736+02:00
295907205,de:11000:900100002:1:51,-0.4,2026-10-02T01:01:04.695736+02:00
295907205,de:11000:900100001:3:55,-0.4,2026-10-02T01:01:04.695736+02:00
295907205,de:11000:900003201:3:55,-0.1,2026-10-02T01:01:04.695736+02:00
295907205,de:11000:900003102:1:51,-0.8,2026-10-02T01:01:04.695736+02:00
295907205,de:11000:900003103:1:51,-0.9,2026-10-02T01:01:04.695736+02:00
295907205,de:11000:900023201:3:55,-0.8,2026-10-02T01:01:04.695736+02:00
295907205,de:11000:900024203:1:51,-0.8,2026-10-02T01:01:04.695736+02:00
295907205,de:11000:900024101:4:57,-0.8,2026-10-02T01:01:04.695736+02:00
295907205,de:11000:900024102:1:50,-0.1,2026-10-02T01:01:04.695736+02:00
295907205,de:11000:900025423:1:50,-0.4,2026-10-02T01:01:04.695736+02:00
295907205,de:11000:900026105:1:50,-0.7,2026-10-02T01:01:04.695736+02:00
295907205,de:11000:900025321:1:50,-0.3,2026-10-02T01:01:04.695736+02:00
295907205,de:11000:900025424:1:50,-0.3,2026-10-02T01:01:04.695736+02:00
295907205,de:11000:900030202:1:50,-0.9,2026-10-02T01:01:04.695736+02:00
295907205,de:11000:900029101:1:50,-0.9,2026-10-02T01:01:04.695736+02:00
295907204,de:12067:900310004:3:52,0.0,2026-10-02T01:01:04.695736+02:00
295907204,de:11000:900183002:1:50,-0.1,2026-10-02T01:01:04.695736+02:00
295907204,de:11000:900183001:1:50,-0.4,2026-10-02T01:01:04.695736+02:00
295907204,de:11000:900182002:1:50,0.0,2026-10-02T01:01:04.695736+02:00
295907204,de:11000:900182001:1:50,-0.2,2026-10-02T01:01:04.695736+02:00
295907204,de:11000:900180001:1:50,-0.7,2026-10-02T01:01:04.695736+02:00
295907204,de:11000:900180002:1:50,-0.7,2026-10-02T01:01:04.695736+02:00
295907204,de:11000:900162001:1:50,-0.9,2026-10-02T01:01:04.695736+02:00
295907204,de:11000:900160002:1:50,0.0,2026-10-02T01:01:04.695736+02:00
295907204,de:11000:900160001:1:50,-0.3,2026-10-02T01:01:04.695736+02:00
295907204,de:11000:900120003:3:55,-0.1,2026-10-02T01:01:04.695736+02:00
295907204,de:11000:900120004:2:53,-0.6,2026-10-02T01:01:04.695736+02:00
295907204,de:11000:900120005:5:58,-0.9,2026-10-02T01:01:04.695736+02:00
295907204,de:11000:900100004:1:51,-0.4,2026-10-02T01:01:04.695736+02:00
295907204,de:11000:900100003:2:53,-0.4,2026-10-02T01:01:04.695736+02:00
295907204,de:11000:900100002:1:51,-0.4,2026-10-02T01:01:04.695736+02:00
295907204,de:11000:900100001:3:55,-0.4,2026-10-02T01:01:04.695736+02:00
295907204,de:11000:900003201:3:55,-0.1,2026-10-02T01:01:04.695736+02:00
295907204,de:11000:900003102:1:51,-0.8,2026-10-02T01:01:04.695736+02:00
295907204,de:11000:900003103:1:51,-0.9,2026-10-02T01:01:04.695736+02:00
295907204,de:11000:900023201:3:55,-0.8,2026-10-02T01:01:04.695736+02:00
295907204,de:11000:900024203:1:51,-0.8,2026-10-02T01:01:04.695736+02:00
295907204,de:11000:900024101:4:57,-0.8,2026-10-02T01:01:04.695736+02:00
295907204,de:11000:900024102:1:50,-0.1,2026-10-02T01:01:04.695736+02:00
295907204,de:11000:900025423:1:50,-0.4,2026-10-02T01:01:04.695736+02:00
295907204,de:11000:900026105:1:50,-0.7,2026-10-02T01:01:04.695736+02:00
295907204,de:11000:900025321:1:50,-0.3,2026-10-02T01:01:04.695736+02:00
295907204,de:11000:900025424:1:50,-0.3,2026-10-02T01:01:04.695736+02:00
295907204,de:11000:900030202:1:50,-0.9,2026-10-02T01:01:04.695736+02:00
295907204,de:11000:900029101:1:50,-0.9,2026-10-02T01:01:04.695736+02:00
307442784,de:11000:900003200:3:54,0.0,2026-10-02T01:01:04.695736+02:00
307442784,de:11000:900007102:5:58,0.0,2026-10-02T01:01:04.695736+02:00
307442784,de:12060:900350160:2:52,0.0,2026-10-02T01:01:04.695736+02:00
307442784,de:12060:900350158:1:50,0.0,2026-10-02T01:01:04.695736+02:00
307442784,de:12060:900350137:1:50,0.0,2026-10-02T01:01:04.695736+02:00
307442784,de:12060:900350126:1:50,0.0,2026-10-02T01:01:04.695736+02:00
307442784,de:12060:900350127:2:51,0.0,2026-10-02T01:01:04.695736+02:00
307442784,de:12060:900350124:1:50,0.0,2026-10-02T01:01:04.695736+02:00
307442784,de:12060:900350125:1:50,0.0,2026-10-02T01:01:04.695736+02:00
307442784,000300570037,0.0,2026-10-02T01:01:04.695736+02:00
307442784,de:12073:900340003:1:50,0.0,2026-10-02T01:01:04.695736+02:00
307442784,de:12073:900341111:1:50,0.0,2026-10-02T01:01:04.695736+02:00
307442784,de:12073:900341110:1:50,0.0,2026-10-02T01:01:04.695736+02:00
307442755,de:15091:8010222,0.0,2026-10-02T01:01:04.695736+02:00
307442755,de:15091:8013418,0.0,2026-10-02T01:01:04.695736+02:00
307442755,de:15091:8011290,0.0,2026-10-02T01:01:04.695736+02:00
307442755,de:15091:8013371,0.0,2026-10-02T01:01:04.695736+02:00
307442755,de:12072:900245018:1:50,0.0,2026-10-02T01:01:04.695736+02:00
307442755,de:12072:900245017:2:51,0.0,2026-10-02T01:01:04.695736+02:00
307442755,de:12072:900245002:1:50,0.0,2026-10-02T01:01:04.695736+02:00
307442755,de:12072:900245016:2:51,0.0,2026-10-02T01:01:04.695736+02:00
307442755,de:12072:900245014:2:51,0.0,2026-10-02T01:01:04.695736+02:00
307442755,de:12072:900245010:2:51,0.0,2026-10-02T01:01:04.695736+02:00
307442755,de:12072:900245029:2:52,0.0,2026-10-02T01:01:04.695736+02:00
307442755,de:12072:900245030:2:51,0.0,2026-10-02T01:01:04.695736+02:00
307442755,de:12072:900245032:2:51,0.0,2026-10-02T01:01:04.695736+02:00
307442755,de:12069:900220001:2:51,0.0,2026-10-02T01:01:04.695736+02:00
307442755,de:11000:900064301:2:51,0.0,2026-10-02T01:01:04.695736+02:00
307442755,de:11000:900058101:3:55,0.0,2026-10-02T01:01:04.695736+02:00
307442755,de:11000:900100020:2:52,0.0,2026-10-02T01:01:04.695736+02:00
307442755,de:11000:900003200:3:55,0.0,2026-10-02T01:01:04.695736+02:00
307442755,de:11000:900007102:4:57,0.0,2026-10-02T01:01:04.695736+02:00
307442755,de:12060:900350160:2:53,0.0,2026-10-02T01:01:04.695736+02:00
307442755,de:12060:900350127:2:52,0.0,2026-10-02T01:01:04.695736+02:00
307442755,de:12060:900350124:1:50,0.0,2026-10-02T01:01:04.695736+02:00
307442755,de:12060:900350125:1:50,0.0,2026-10-02T01:01:04.695736+02:00
307442755,000300570037,0.0,2026-10-02T01:01:04.695736+02:00
307442755,de:12073:900340003:1:50,0.0,2026-10-02T01:01:04.695736+02:00
307442755,de:12073:900341111:1:50,0.0,2026-10-02T01:01:04.695736+02:00
307442755,de:12073:900341110:1:50,0.0,2026-10-02T01:01:04.695736+02:00
307440999,de:12070:900216026:3:53,0.0,2026-10-02T01:01:04.695736+02:00
307440999,de:12070:900216013:1:50,0.0,2026-10-02T01:01:04.695736+02:00
307440999,de:12070:900215696:1:50,0.0,2026-10-02T01:01:04.695736+02:00
307440999,de:12070:900215350:1:50,0.0,2026-10-02T01:01:04.695736+02:00
307440999,de:12070:900215723:1:50,0.0,2026-10-02T01:01:04.695736+02:00
307440999,de:12068:900205322:1:50,0.0,2026-10-02T01:01:04.695736+02:00
307440999,de:12068:900205130:1:50,0.0,2026-10-02T01:01:04.695736+02:00
307440999,de:12068:900205617:2:51,0.0,2026-10-02T01:01:04.695736+02:00
307440999,de:12068:900205090:1:50,0.0,2026-10-02T01:01:04.695736+02:00
307440999,de:12068:900205092:1:50,0.0,2026-10-02T01:01:04.695736+02:00
307440999,de:12068:900205022:1:50,0.0,2026-10-02T01:01:04.695736+02:00
307440999,de:12068:900205023:1:50,0.0,2026-10-02T01:01:04.695736+02:00
307440999,de:12068:900205006:1:50,0.0,2026-10-02T01:01:04.695736+02:00
307440999,de:12068:900205005:1:50,0.0,2026-10-02T01:01:04.695736+02:00
307440999,de:12065:900203491:1:50,0.0,2026-10-02T01:01:04.695736+02:00
307440999,de:12065:900203452:1:50,0.0,2026-10-02T01:01:04.695736+02:00
307440999,de:12065:900200004:1:51,0.0,2026-10-02T01:01:04.695736+02:00
307440999,de:12065:900200000:1:50,0.0,2026-10-02T01:01:04.695736+02:00
307437140,de:12069:900220143:1:50,0.0,2026-10-02T01:01:04.695736+02:00
307437140,de:12069:900220142:2:51,0.0,2026-10-02T01:01:04.695736+02:00
307437140,de:12069:900220141:2:51,0.0,2026-10-02T01:01:04.695736+02:00
307437140,de:12069:900222030:2:51,0.0,2026-10-02T01:01:04.695736+02:00
307437140,de:12069:900220005:2:51,0.0,2026-10-02T01:01:04.695736+02:00
307437140,de:12069:900220004:2:51,0.0,2026-10-02T01:01:04.695736+02:00
307437140,de:12069:900220003:1:51,0.0,2026-10-02T01:01:04.695736+02:00
307437140,de:12069:900220006:2:51,0.0,2026-10-02T01:01:04.695736+02:00
307437140,de:12069:900220008:2:51,0.0,2026-10-02T01:01:04.695736+02:00
307437140,de:12054:900230001:2:51,0.0,2026-10-02T01:01:04.695736+02:00
307437140,de:11000:900053301:3:55,0.0,2026-10-02T01:01:04.695736+02:00
307437140,de:11000:900024101:2:53,0.0,2026-10-02T01:01:04.695736+02:00
307436294,de:11000:900024101:1:51,0.0,2026-10-02T01:01:04.695736+02:00
307436294,de:11000:900053301:3:54,0.0,2026-10-02T01:01:04.695736+02:00
307436294,de:12054:900230001:1:50,0.0,2026-10-02T01:01:04.695736+02:00
307436294,de:12069:900220008:1:50,0.0,2026-10-02T01:01:04.695736+02:00
307436294,de:12069:900220006:1:50,0.0,2026-10-02T01:01:04.695736+02:00
307436294,de:12069:900220003:1:50,0.0,2026-10-02T01:01:04.695736+02:00
307436294,de:12069:900220004:1:50,0.0,2026-10-02T01:01:04.695736+02:00
307436294,de:12069:900220005:1:50,0.0,2026-10-02T01:01:04.695736+02:00
307436294,de:12069:900222030:1:50,0.0,2026-10-02T01:01:04.695736+02:00
307436294,de:12069:900220141:1:50,0.0,2026-10-02T01:01:04.695736+02:00
307436294,de:12069:900220142:1:50,0.0,2026-10-02T01:01:04.695736+02:00
307436294,de:12069:900220143:1:50,0.0,2026-10-02T01:01:04.695736+02:00
307275049,de:11000:900024101:3:55,0.0,2026-10-02T01:01:04.695736+02:00
307275049,de:11000:900024203:1:51,-0.3,2026-10-02T01:01:04.695736+02:00
307275049,de:11000:900023201:3:54,-0.2,2026-10-02T01:01:04.695736+02:00
307275049,de:11000:900003103:1:50,-0.3,2026-10-02T01:01:04.695736+02:00
307275049,de:11000:900003102:1:50,-0.4,2026-10-02T01:01:04.695736+02:00
307275049,de:11000:900003201:3:54,0.0,2026-10-02T01:01:04.695736+02:00
307275049,de:11000:900100001:3:54,-0.6,2026-10-02T01:01:04.695736+02:00
307275049,de:11000:900100002:1:50,-0.9,2026-10-02T01:01:04.695736+02:00
307275049,de:11000:900100003:2:52,-0.6,2026-10-02T01:01:04.695736+02:00
307275049,de:11000:900100004:1:50,-0.9,2026-10-02T01:01:04.695736+02:00
307275049,de:11000:900120005:4:55,-0.1,2026-10-02T01:01:04.695736+02:00
307275049,de:11000:900120004:1:50,-0.1,2026-10-02T01:01:04.695736+02:00
307275049,de:11000:900120003:2:53,-0.4,2026-10-02T01:01:04.695736+02:00
307275049,de:11000:900160001:1:51,-0.4,2026-10-02T01:01:04.695736+02:00
307275049,de:11000:900160002:1:50,-0.7,2026-10-02T01:01:04.695736+02:00
307275049,de:11000:900162001:1:51,-0.3,2026-10-02T01:01:04.695736+02:00
307275049,de:11000:900180002:1:51,-0.3,2026-10-02T01:01:04.695736+02:00
307275049,de:11000:900180001:1:50,-0.7,2026-10-02T01:01:04.695736+02:00
307275049,de:11000:900182001:1:51,-0.2,2026-10-02T01:01:04.695736+02:00
307275049,de:11000:900182002:1:51,-0.4,2026-10-02T01:01:04.695736+02:00
307275049,de:11000:900183001:1:51,0.0,2026-10-02T01:01:04.695736+02:00
307275049,de:11000:900183002:1:51,-0.3,2026-10-02T01:01:04.695736+02:00
307275049,de:12067:900310004:3:52,-0.5,2026-10-02T01:01:04.695736+02:00
295910108,de:11000:900024101:3:55,0.0,2026-10-02T01:01:04.695736+02:00
295910108,de:11000:900024203:1:51,-0.3,2026-10-02T01:01:04.695736+02:00
295910108,de:11000:900023201:3:54,-0.2,2026-10-02T01:01:04.695736+02:00
295910108,de:11000:900003103:1:50,-0.3,2026-10-02T01:01:04.695736+02:00
295910108,de:11000:900003102:1:50,-0.4,2026-10-02T01:01:04.695736+02:00
295910108,de:11000:900003201:3:54,0.0,2026-10-02T01:01:04.695736+02:00
295910108,de:11000:900100001:3:54,-0.6,2026-10-02T01:01:04.695736+02:00
295910108,de:11000:900100002:1:50,-0.9,2026-10-02T01:01:04.695736+02:00
295910108,de:11000:900100003:2:52,-0.6,2026-10-02T01:01:04.695736+02:00
295910108,de:11000:900100004:1:50,-0.9,2026-10-02T01:01:04.695736+02:00
295910108,de:11000:900120005:4:55,-0.1,2026-10-02T01:01:04.695736+02:00
295910108,de:11000:900120004:1:50,-0.1,2026-10-02T01:01:04.695736+02:00
295910108,de:11000:900120003:2:53,-0.4,2026-10-02T01:01:04.695736+02:00
295910108,de:11000:900160001:1:51,-0.4,2026-10-02T01:01:04.695736+02:00
295910108,de:11000:900160002:1:50,-0.7,2026-10-02T01:01:04.695736+02:00
295910108,de:11000:900162001:1:51,-0.3,2026-10-02T01:01:04.695736+02:00
295910108,de:11000:900180002:1:51,-0.3,2026-10-02T01:01:04.695736+02:00
295910108,de:11000:900180001:1:50,-0.7,2026-10-02T01:01:04.695736+02:00
295910108,de:11000:900182001:1:51,-0.2,2026-10-02T01:01:04.695736+02:00
295910108,de:11000:900182002:1:51,-0.4,2026-10-02T01:01:04.695736+02:00
295910108,de:11000:900183001:1:51,0.0,2026-10-02T01:01:04.695736+02:00
295910108,de:11000:900183002:1:51,-0.3,2026-10-02T01:01:04.695736+02:00
295910108,de:12067:900310004:3:52,-0.5,2026-10-02T01:01:04.695736+02:00
307280411,de:11000:900044202:1:50,0.0,2026-10-02T01:01:04.695736+02:00
307280411,de:11000:900045102:1:50,-0.7,2026-10-02T01:01:04.695736+02:00
307280411,de:11000:900044101:1:50,-0.8,2026-10-02T01:01:04.695736+02:00
307280411,de:11000:900040101:1:50,-0.3,2026-10-02T01:01:04.695736+02:00
307280411,de:11000:900024101:3:54,-0.8,2026-10-02T01:01:04.695736+02:00
307280431,de:11000:900020202:1:50,0.0,2026-10-02T01:01:04.695736+02:00
307280431,de:11000:900001201:1:50,-0.2,2026-10-02T01:01:04.695736+02:00
307280431,de:11000:900009104:1:50,-0.8,2026-10-02T01:01:04.695736+02:00
307280431,de:11000:900007102:2:52,-0.4,2026-10-02T01:01:04.695736+02:00
307280431,de:11000:900110001:1:50,-0.6,2026-10-02T01:01:04.695736+02:00
307280431,de:11000:900110002:1:50,-0.4,2026-10-02T01:01:04.695736+02:00
307280431,de:11000:900110003:1:50,-0.4,2026-10-02T01:01:04.695736+02:00
307280431,de:11000:900110004:1:50,-0.8,2026-10-02T01:01:04.695736+02:00
307280431,de:11000:900110012:1:50,-0.7,2026-10-02T01:01:04.695736+02:00
307280431,de:11000:900120001:1:50,-0.7,2026-10-02T01:01:04.695736+02:00
307280431,de:11000:900120003:5:58,-0.1,2026-10-02T01:01:04.695736+02:00
307280431,de:11000:900190001:1:50,-0.4,2026-10-02T01:01:04.695736+02:00
307280431,de:11000:900077106:1:50,-0.4,2026-10-02T01:01:04.695736+02:00
307280431,de:11000:900078201:1:50,-0.3,2026-10-02T01:01:04.695736+02:00
307280431,de:11000:900079221:1:50,-0.2,2026-10-02T01:01:04.695736+02:00
307280431,de:11000:900068201:1:50,-0.8,2026-10-02T01:01:04.695736+02:00
307280431,de:11000:900058101:5:58,-0.1,2026-10-02T01:01:04.695736+02:00
307280431,de:11000:900054104:2:52,-0.7,2026-10-02T01:01:04.695736+02:00
307280431,de:11000:900054105:1:50,-0.9,2026-10-02T01:01:04.695736+02:00
307280431,de:11000:900044202:1:50,-0.7,2026-10-02T01:01:04.695736+02:00
307280431,de:11000:900045102:1:50,-0.7,2026-10-02T01:01:04.695736+02:00
307280431,de:11000:900044101:1:50,-0.8,2026-10-02T01:01:04.695736+02:00
307280431,de:11000:900040101:1:50,-0.3,2026-10-02T01:01:04.695736+02:00
307280431,de:11000:900024101:3:54,-0.8,2026-10-02T01:01:04.695736+02:00
307283070,de:11000:900009104:1:51,0.0,2026-10-02T01:01:04.695736+02:00
307283070,de:11000:900007102:2:52,-0.9,2026-10-02T01:01:04.695736+02:00
307283070,de:11000:900110001:1:50,-0.6,2026-10-02T01:01:04.695736+02:00
307283070,de:11000:900110002:1:50,-0.4,2026-10-02T01:01:04.695736+02:00
307283070,de:11000:900110003:1:50,-0.4,2026-10-02T01:01:04.695736+02:00
307283070,de:11000:900110004:1:50,-0.8,2026-10-02T01:01:04.695736+02:00
307283070,de:11000:900110012:1:50,-0.7,2026-10-02T01:01:04.695736+02:00
307283070,de:11000:900120001:1:50,-0.7,2026-10-02T01:01:04.695736+02:00
307283070,de:11000:900120003:5:58,-0.1,2026-10-02T01:01:04.695736+02:00
307283070,de:11000:900190001:1:50,-0.4,2026-10-02T01:01:04.695736+02:00
307283070,de:11000:900077106:1:50,-0.4,2026-10-02T01:01:04.695736+02:00
307283070,de:11000:900078201:1:50,-0.3,2026-10-02T01:01:04.695736+02:00
307283070,de:11000:900079221:1:50,-0.2,2026-10-02T01:01:04.695736+02:00
307283067,de:11000:900009104:1:51,0.0,2026-10-02T01:01:04.695736+02:00
307283067,de:11000:900007102:2:52,-0.9,2026-10-02T01:01:04.695736+02:00
307283067,de:11000:900110001:1:50,-0.6,2026-10-02T01:01:04.695736+02:00
307283067,de:11000:900110002:1:50,-0.4,2026-10-02T01:01:04.695736+02:00
307283067,de:11000:900110003:1:50,-0.4,2026-10-02T01:01:04.695736+02:00
307283067,de:11000:900110004:1:50,-0.8,2026-10-02T01:01:04.695736+02:00
307283067,de:11000:900110012:1:50,-0.7,2026-10-02T01:01:04.695736+02:00
307283067,de:11000:900120001:1:50,-0.7,2026-10-02T01:01:04.695736+02:00
307283067,de:11000:900120003:5:58,-0.1,2026-10-02T01:01:04.695736+02:00
307283067,de:11000:900190001:1:50,-0.4,2026-10-02T01:01:04.695736+02:00
307283067,de:11000:900077106:1:50,-0.4,2026-10-02T01:01:04.695736+02:00
307283067,de:11000:900078201:1:50,-0.3,2026-10-02T01:01:04.695736+02:00
307283067,de:11000:900079221:1:50,-0.2,2026-10-02T01:01:04.695736+02:00
307286706,de:11000:900040101:1:50,0.0,2026-10-02T01:01:04.695736+02:00
307286706,de:11000:900044101:1:50,-0.8,2026-10-02T01:01:04.695736+02:00
307286706,de:11000:900045102:1:51,-0.9,2026-10-02T01:01:04.695736+02:00
307286706,de:11000:900044202:1:51,-0.9,2026-10-02T01:01:04.695736+02:00
307286706,de:11000:900054105:1:51,-0.7,2026-10-02T01:01:04.695736+02:00
307286706,de:11000:900054104:2:53,-0.3,2026-10-02T01:01:04.695736+02:00
307286706,de:11000:900058101:5:59,-0.2,2026-10-02T01:01:04.695736+02:00
307286706,de:11000:900068201:1:51,-0.8,2026-10-02T01:01:04.695736+02:00
307286706,de:11000:900079221:1:51,-0.4,2026-10-02T01:01:04.695736+02:00
307286706,de:11000:900078201:1:51,-0.1,2026-10-02T01:01:04.695736+02:00
307286706,de:11000:900077106:1:51,0.0,2026-10-02T01:01:04.695736+02:00
307286706,de:11000:900190001:2:52,-0.9,2026-10-02T01:01:04.695736+02:00
307286706,de:11000:900120003:5:59,-0.4,2026-10-02T01:01:04.695736+02:00
307286706,de:11000:900120001:1:51,0.0,2026-10-02T01:01:04.695736+02:00
307286706,de:11000:900110012:1:51,-0.2,2026-10-02T01:01:04.695736+02:00
307286706,de:11000:900110004:1:51,-0.1,2026-10-02T01:01:04.695736+02:00
307286706,de:11000:900110003:1:51,-0.4,2026-10-02T01:01:04.695736+02:00
307286706,de:11000:900110002:1:51,-0.4,2026-10-02T01:01:04.695736+02:00
307286706,de:11000:900110001:1:51,-0.1,2026-10-02T01:01:04.695736+02:00
307286706,de:11000:900007102:1:51,-0.6,2026-10-02T01:01:04.695736+02:00
307286706,de:11000:900009104:1:50,-0.8,2026-10-02T01:01:04.695736+02:00
307286706,de:11000:900001201:1:50,-0.3,2026-10-02T01:01:04.695736+02:00
307286706,de:11000:900020202:1:50,-0.1,2026-10-02T01:01:04.695736+02:00
307286683,de:11000:900040101:1:50,0.0,2026-10-02T01:01:04.695736+02:00
307286683,de:11000:900044101:1:50,-0.8,2026-10-02T01:01:04.695736+02:00
307286683,de:11000:900045102:1:51,-0.9,2026-10-02T01:01:04.695736+02:00
307286683,de:11000:900044202:1:51,-0.9,2026-10-02T01:01:04.695736+02:00
307286683,de:11000:900054105:1:51,-0.7,2026-10-02T01:01:04.695736+02:00
307286683,de:11000:900054104:2:53,-0.3,2026-10-02T01:01:04.695736+02:00
307286683,de:11000:900058101:5:59,-0.2,2026-10-02T01:01:04.695736+02:00
307286683,de:11000:900068201:1:51,-0.8,2026-10-02T01:01:04.695736+02:00
307286683,de:11000:900079221:1:51,-0.4,2026-10-02T01:01:04.695736+02:00
307286683,de:11000:900078201:1:51,-0.1,2026-10-02T01:01:04.695736+02:00
307286683,de:11000:900077106:1:51,0.0,2026-10-02T01:01:04.695736+02:00
307286683,de:11000:900190001:2:52,-0.9,2026-10-02T01:01:04.695736+02:00
307286683,de:11000:900120003:5:59,-0.4,2026-10-02T01:01:04.695736+02:00
307286683,de:11000:900120001:1:51,0.0,2026-10-02T01:01:04.695736+02:00
307286683,de:11000:900110012:1:51,-0.2,2026-10-02T01:01:04.695736+02:00
307286683,de:11000:900110004:1:51,-0.1,2026-10-02T01:01:04.695736+02:00
307286683,de:11000:900110003:1:51,-0.4,2026-10-02T01:01:04.695736+02:00
307286683,de:11000:900110002:1:51,-0.4,2026-10-02T01:01:04.695736+02:00
307286683,de:11000:900110001:1:51,-0.1,2026-10-02T01:01:04.695736+02:00
307286683,de:11000:900007102:1:51,-0.6,2026-10-02T01:01:04.695736+02:00
307286683,de:11000:900009104:1:50,-0.8,2026-10-02T01:01:04.695736+02:00
307286683,de:11000:900001201:1:50,-0.3,2026-10-02T01:01:04.695736+02:00
307286683,de:11000:900020202:1:50,-0.1,2026-10-02T01:01:04.695736+02:00
307286680,de:11000:900040101:1:50,0.0,2026-10-02T01:01:04.695736+02:00
307286680,de:11000:900044101:1:50,-0.8,2026-10-02T01:01:04.695736+02:00
307286680,de:11000:900045102:1:51,-0.9,2026-10-02T01:01:04.695736+02:00
307286680,de:11000:900044202:1:51,-0.9,2026-10-02T01:01:04.695736+02:00
307286680,de:11000:900054105:1:51,-0.7,2026-10-02T01:01:04.695736+02:00
307286680,de:11000:900054104:2:53,-0.3,2026-10-02T01:01:04.695736+02:00
307286680,de:11000:900058101:5:59,-0.2,2026-10-02T01:01:04.695736+02:00
307286680,de:11000:900068201:1:51,-0.8,2026-10-02T01:01:04.695736+02:00
307286680,de:11000:900079221:1:51,-0.4,2026-10-02T01:01:04.695736+02:00
307286680,de:11000:900078201:1:51,-0.1,2026-10-02T01:01:04.695736+02:00
307286680,de:11000:900077106:1:51,0.0,2026-10-02T01:01:04.695736+02:00
307286680,de:11000:900190001:2:52,-0.9,2026-10-02T01:01:04.695736+02:00
307286680,de:11000:900120003:5:59,-0.4,2026-10-02T01:01:04.695736+02:00
307286680,de:11000:900120001:1:51,0.0,2026-10-02T01:01:04.695736+02:00
307286680,de:11000:900110012:1:51,-0.2,2026-10-02T01:01:04.695736+02:00
307286680,de:11000:900110004:1:51,-0.1,2026-10-02T01:01:04.695736+02:00
307286680,de:11000:900110003:1:51,-0.4,2026-10-02T01:01:04.695736+02:00
307286680,de:11000:900110002:1:51,-0.4,2026-10-02T01:01:04.695736+02:00
307286680,de:11000:900110001:1:51,-0.1,2026-10-02T01:01:04.695736+02:00
307286680,de:11000:900007102:1:51,-0.6,2026-10-02T01:01:04.695736+02:00
307286680,de:11000:900009104:1:50,-0.8,2026-10-02T01:01:04.695736+02:00
307286680,de:11000:900001201:1:50,-0.3,2026-10-02T01:01:04.695736+02:00
307286680,de:11000:900020202:1:50,-0.1,2026-10-02T01:01:04.695736+02:00
307289063,de:11000:900079221:1:51,0.0,2026-10-02T01:01:04.695736+02:00
307289063,de:11000:900078201:1:51,-0.1,2026-10-02T01:01:04.695736+02:00
307289063,de:11000:900077106:1:51,0.0,2026-10-02T01:01:04.695736+02:00
307289063,de:11000:900190001:2:52,-0.9,2026-10-02T01:01:04.695736+02:00
307289063,de:11000:900120003:5:59,-0.4,2026-10-02T01:01:04.695736+02:00
307289063,de:11000:900120001:1:51,0.0,2026-10-02T01:01:04.695736+02:00
307289063,de:11000:900110012:1:51,-0.2,2026-10-02T01:01:04.695736+02:00
307289063,de:11000:900110004:1:51,-0.1,2026-10-02T01:01:04.695736+02:00
307289063,de:11000:900110003:1:51,-0.4,2026-10-02T01:01:04.695736+02:00
307289063,de:11000:900110002:1:51,-0.4,2026-10-02T01:01:04.695736+02:00
307289063,de:11000:900110001:1:51,-0.1,2026-10-02T01:01:04.695736+02:00
307289063,de:11000:900007102:1:51,-0.6,2026-10-02T01:01:04.695736+02:00
307289063,de:11000:900009104:1:51,-0.3,2026-10-02T01:01:04.695736+02:00
307289060,de:11000:900079221:1:51,0.0,2026-10-02T01:01:04.695736+02:00
307289060,de:11000:900078201:1:51,-0.1,2026-10-02T01:01:04.695736+02:00
307289060,de:11000:900077106:1:51,0.0,2026-10-02T01:01:04.695736+02:00
307289060,de:11000:900190001:2:52,-0.9,2026-10-02T01:01:04.695736+02:00
307289060,de:11000:900120003:5:59,-0.4,2026-10-02T01:01:04.695736+02:00
307289060,de:11000:900120001:1:51,0.0,2026-10-02T01:01:04.695736+02:00
307289060,de:11000:900110012:1:51,-0.2,2026-10-02T01:01:04.695736+02:00
307289060,de:11000:900110004:1:51,-0.1,2026-10-02T01:01:04.695736+02:00
307289060,de:11000:900110003:1:51,-0.4,2026-10-02T01:01:04.695736+02:00
307289060,de:11000:900110002:1:51,-0.4,2026-10-02T01:01:04.695736+02:00
307289060,de:11000:900110001:1:51,-0.1,2026-10-02T01:01:04.695736+02:00
307289060,de:11000:900007102:1:51,-0.6,2026-10-02T01:01:04.695736+02:00
307289060,de:11000:900009104:1:51,-0.3,2026-10-02T01:01:04.695736+02:00
306895338,de:12067:900311065::1,0.0,2026-10-02T01:01:04.695736+02:00
306895338,de:12067:900311064::2,0.0,2026-10-02T01:01:04.695736+02:00
306895338,de:12067:900310760::1,0.0,2026-10-02T01:01:04.695736+02:00
306895338,de:12067:900310981::1,0.0,2026-10-02T01:01:04.695736+02:00
306895338,de:12067:900310701::2,0.0,2026-10-02T01:01:04.695736+02:00
306895338,de:12067:900310700::1,0.0,2026-10-02T01:01:04.695736+02:00
306895338,de:12067:900310941::1,0.0,2026-10-02T01:01:04.695736+02:00
306895338,de:12067:900311016::1,0.0,2026-10-02T01:01:04.695736+02:00
306895338,de:12067:900310921::1,0.0,2026-10-02T01:01:04.695736+02:00
306895338,de:12067:900310940::1,0.0,2026-10-02T01:01:04.695736+02:00
307440636,de:12065:900200000:1:50,0.0,2026-10-02T01:01:04.695736+02:00
307440636,de:12065:900200004:1:50,0.0,2026-10-02T01:01:04.695736+02:00
307440636,de:12065:900203452:1:50,0.0,2026-10-02T01:01:04.695736+02:00
307440636,de:12065:900203491:1:50,0.0,2026-10-02T01:01:04.695736+02:00
307440636,de:12068:900205512:1:50,0.0,2026-10-02T01:01:04.695736+02:00
307440636,de:12068:900205005:2:51,0.0,2026-10-02T01:01:04.695736+02:00
307440636,de:12068:900205006:2:51,0.0,2026-10-02T01:01:04.695736+02:00
307440636,de:12068:900205023:1:50,0.0,2026-10-02T01:01:04.695736+02:00
307440636,de:12068:900205022:1:50,0.0,2026-10-02T01:01:04.695736+02:00
307440636,de:12068:900205092:1:50,0.0,2026-10-02T01:01:04.695736+02:00
307440636,de:12068:900205090:1:50,0.0,2026-10-02T01:01:04.695736+02:00
307440636,de:12068:900205617:1:50,0.0,2026-10-02T01:01:04.695736+02:00
307440636,de:12068:900205130:1:50,0.0,2026-10-02T01:01:04.695736+02:00
307440636,de:12068:900205322:1:50,0.0,2026-10-02T01:01:04.695736+02:00
307440636,de:12070:900215723:1:50,0.0,2026-10-02T01:01:04.695736+02:00
307440636,de:12070:900215350:2:51,0.0,2026-10-02T01:01:04.695736+02:00
307440636,de:12070:900215696:1:50,0.0,2026-10-02T01:01:04.695736+02:00
307440636,de:12070:900216013:1:50,0.0,2026-10-02T01:01:04.695736+02:00
307440636,de:12070:900216026:3:53,0.0,2026-10-02T01:01:04.695736+02:00
307292237,de:11000:900044202:1:51,0.0,2026-10-02T01:01:04.695736+02:00
307292237,de:11000:900054105:1:51,-0.2,2026-10-02T01:01:04.695736+02:00
307292237,de:11000:900054104:2:53,-0.8,2026-10-02T01:01:04.695736+02:00
307292237,de:11000:900058101:5:59,-0.7,2026-10-02T01:01:04.695736+02:00
307292237,de:11000:900068201:1:51,-0.3,2026-10-02T01:01:04.695736+02:00
307292237,de:11000:900079221:1:51,-0.9,2026-10-02T01:01:04.695736+02:00
307292237,de:11000:900078201:1:51,-0.6,2026-10-02T01:01:04.695736+02:00
307292237,de:11000:900077155:1:51,-0.2,2026-10-02T01:01:04.695736+02:00
307292237,de:11000:900191001:2:51,-0.7,2026-10-02T01:01:04.695736+02:00
307292237,de:11000:900192001:2:52,-0.7,2026-10-02T01:01:04.695736+02:00
307292237,de:11000:900193001:1:50,-0.2,2026-10-02T01:01:04.695736+02:00
307292237,de:11000:900193002:1:50,-0.8,2026-10-02T01:01:04.695736+02:00
307292237,de:11000:900186001:1:50,-0.8,2026-10-02T01:01:04.695736+02:00
307292237,de:12061:900260004:1:50,-0.2,2026-10-02T01:01:04.695736+02:00
307292237,de:12061:900260003:1:50,-0.4,2026-10-02T01:01:04.695736+02:00
307292237,de:12061:900260002:1:51,-0.2,2026-10-02T01:01:04.695736+02:00
307292237,de:12061:900260001:2:52,-0.2,2026-10-02T01:01:04.695736+02:00
307292233,de:11000:900044202:1:51,0.0,2026-10-02T01:01:04.695736+02:00
307292233,de:11000:900054105:1:51,-0.2,2026-10-02T01:01:04.695736+02:00
307292233,de:11000:900054104:2:53,-0.8,2026-10-02T01:01:04.695736+02:00
307292233,de:11000:900058101:5:59,-0.7,2026-10-02T01:01:04.695736+02:00
307292233,de:11000:900068201:1:51,-0.3,2026-10-02T01:01:04.695736+02:00
307292233,de:11000:900079221:1:51,-0.9,2026-10-02T01:01:04.695736+02:00
307292233,de:11000:900078201:1:51,-0.6,2026-10-02T01:01:04.695736+02:00
307292233,de:11000:900077155:1:51,-0.2,2026-10-02T01:01:04.695736+02:00
307292233,de:11000:900191001:2:51,-0.7,2026-10-02T01:01:04.695736+02:00
307292233,de:11000:900192001:2:52,-0.7,2026-10-02T01:01:04.695736+02:00
307292233,de:11000:900193001:1:50,-0.2,2026-10-02T01:01:04.695736+02:00
307292233,de:11000:900193002:1:50,-0.8,2026-10-02T01:01:04.695736+02:00
307292233,de:11000:900186001:1:50,-0.8,2026-10-02T01:01:04.695736+02:00
307292233,de:12061:900260004:1:50,-0.2,2026-10-02T01:01:04.695736+02:00
307292233,de:12061:900260003:1:50,-0.4,2026-10-02T01:01:04.695736+02:00
307292233,de:12061:900260002:1:51,-0.2,2026-10-02T01:01:04.695736+02:00
307292233,de:12061:900260001:2:52,-0.2,2026-10-02T01:01:04.695736+02:00
307292231,de:11000:900044202:1:51,0.0,2026-10-02T01:01:04.695736+02:00
307292231,de:11000:900054105:1:51,-0.2,2026-10-02T01:01:04.695736+02:00
307292231,de:11000:900054104:2:53,-0.8,2026-10-02T01:01:04.695736+02:00
307292231,de:11000:900058101:5:59,-0.7,2026-10-02T01:01:04.695736+02:00
307292231,de:11000:900068201:1:51,-0.3,2026-10-02T01:01:04.695736+02:00
307292231,de:11000:900079221:1:51,-0.9,2026-10-02T01:01:04.695736+02:00
307292231,de:11000:900078201:1:51,-0.6,2026-10-02T01:01:04.695736+02:00
307292231,de:11000:900077155:1:51,-0.2,2026-10-02T01:01:04.695736+02:00
307292231,de:11000:900191001:2:51,-0.7,2026-10-02T01:01:04.695736+02:00
307292231,de:11000:900192001:2:52,-0.7,2026-10-02T01:01:04.695736+02:00
307292231,de:11000:900193001:1:50,-0.2,2026-10-02T01:01:04.695736+02:00
307292231,de:11000:900193002:1:50,-0.8,2026-10-02T01:01:04.695736+02:00
307292231,de:11000:900186001:1:50,-0.8,2026-10-02T01:01:04.695736+02:00
307292231,de:12061:900260004:1:50,-0.2,2026-10-02T01:01:04.695736+02:00
307292231,de:12061:900260003:1:50,-0.4,2026-10-02T01:01:04.695736+02:00
307292231,de:12061:900260002:1:51,-0.2,2026-10-02T01:01:04.695736+02:00
307292231,de:12061:900260001:2:52,-0.2,2026-10-02T01:01:04.695736+02:00
295928937,de:11000:900079221:1:51,0.0,2026-10-02T01:01:04.695736+02:00
295928937,de:11000:900078201:1:51,-0.6,2026-10-02T01:01:04.695736+02:00
295928937,de:11000:900077155:1:51,-0.2,2026-10-02T01:01:04.695736+02:00
295928937,de:11000:900191001:2:51,-0.7,2026-10-02T01:01:04.695736+02:00
295928937,de:11000:900192001:2:52,-0.7,2026-10-02T01:01:04.695736+02:00
295928937,de:11000:900193001:1:50,-0.2,2026-10-02T01:01:04.695736+02:00
295928937,de:11000:900193002:1:50,-0.8,2026-10-02T01:01:04.695736+02:00
295928937,de:11000:900186001:1:51,-0.8,2026-10-02T01:01:04.695736+02:00
295928933,de:11000:900079221:1:51,0.0,2026-10-02T01:01:04.695736+02:00
295928933,de:11000:900078201:1:51,-0.6,2026-10-02T01:01:04.695736+02:00
295928933,de:11000:900077155:1:51,-0.2,2026-10-02T01:01:04.695736+02:00
295928933,de:11000:900191001:2:51,-0.7,2026-10-02T01:01:04.695736+02:00
295928933,de:11000:900192001:2:52,-0.7,2026-10-02T01:01:04.695736+02:00
295928933,de:11000:900193001:1:50,-0.2,2026-10-02T01:01:04.695736+02:00
295928933,de:11000:900193002:1:50,-0.8,2026-10-02T01:01:04.695736+02:00
295928933,de:11000:900186001:1:51,-0.8,2026-10-02T01:01:04.695736+02:00
295928929,de:11000:900079221:1:51,0.0,2026-10-02T01:01:04.695736+02:00
295928929,de:11000:900078201:1:51,-0.6,2026-10-02T01:01:04.695736+02:00
295928929,de:11000:900077155:1:51,-0.2,2026-10-02T01:01:04.695736+02:00
295928929,de:11000:900191001:2:51,-0.7,2026-10-02T01:01:04.695736+02:00
295928929,de:11000:900192001:2:52,-0.7,2026-10-02T01:01:04.695736+02:00
295928929,de:11000:900193001:1:50,-0.2,2026-10-02T01:01:04.695736+02:00
295928929,de:11000:900193002:1:50,-0.8,2026-10-02T01:01:04.695736+02:00
295928929,de:11000:900186001:1:51,-0.8,2026-10-02T01:01:04.695736+02:00
295928961,de:11000:900186001:2:52,0.0,2026-10-02T01:01:04.695736+02:00
295928961,de:11000:900193002:1:51,-0.2,2026-10-02T01:01:04.695736+02:00
295928961,de:11000:900193001:2:51,-0.8,2026-10-02T01:01:04.695736+02:00
295928961,de:11000:900192001:3:55,-0.7,2026-10-02T01:01:04.695736+02:00
295928961,de:11000:900191001:1:50,-0.4,2026-10-02T01:01:04.695736+02:00
295928961,de:11000:900077155:1:50,-0.9,2026-10-02T01:01:04.695736+02:00
295928961,de:11000:900078201:1:50,-0.9,2026-10-02T01:01:04.695736+02:00
295928961,de:11000:900079221:1:50,-0.7,2026-10-02T01:01:04.695736+02:00
295928957,de:11000:900186001:2:52,0.0,2026-10-02T01:01:04.695736+02:00
295928957,de:11000:900193002:1:51,-0.2,2026-10-02T01:01:04.695736+02:00
295928957,de:11000:900193001:2:51,-0.8,2026-10-02T01:01:04.695736+02:00
295928957,de:11000:900192001:3:55,-0.7,2026-10-02T01:01:04.695736+02:00
295928957,de:11000:900191001:1:50,-0.4,2026-10-02T01:01:04.695736+02:00
295928957,de:11000:900077155:1:50,-0.9,2026-10-02T01:01:04.695736+02:00
295928957,de:11000:900078201:1:50,-0.9,2026-10-02T01:01:04.695736+02:00
295928957,de:11000:900079221:1:50,-0.7,2026-10-02T01:01:04.695736+02:00
295933114,de:11000:900180003:1:50,0.0,2026-10-02T01:01:04.695736+02:00
295933114,de:11000:900192002:1:50,-0.4,2026-10-02T01:01:04.695736+02:00
295933114,de:11000:900192001:3:54,-0.2,2026-10-02T01:01:04.695736+02:00
295933114,de:11000:900191001:1:50,-0.9,2026-10-02T01:01:04.695736+02:00
295933114,de:11000:900077155:1:50,-0.4,2026-10-02T01:01:04.695736+02:00
295933114,de:11000:900078201:1:50,-0.9,2026-10-02T01:01:04.695736+02:00
295933114,de:11000:900079221:1:50,-0.7,2026-10-02T01:01:04.695736+02:00
295933114,de:11000:900068201:1:50,-0.3,2026-10-02T01:01:04.695736+02:00
295933114,de:11000:900058101:5:58,-0.6,2026-10-02T01:01:04.695736+02:00
295933110,de:11000:900180003:1:50,0.0,2026-10-02T01:01:04.695736+02:00
295933110,de:11000:900192002:1:50,-0.4,2026-10-02T01:01:04.695736+02:00
295933110,de:11000:900192001:3:54,-0.2,2026-10-02T01:01:04.695736+02:00
295933110,de:11000:900191001:1:50,-0.9,2026-10-02T01:01:04.695736+02:00
295933110,de:11000:900077155:1:50,-0.4,2026-10-02T01:01:04.695736+02:00
295933110,de:11000:900078201:1:50,-0.9,2026-10-02T01:01:04.695736+02:00
295933110,de:11000:900079221:1:50,-0.7,2026-10-02T01:01:04.695736+02:00
295933110,de:11000:900068201:1:50,-0.3,2026-10-02T01:01:04.695736+02:00
295933110,de:11000:900058101:5:58,-0.6,2026-10-02T01:01:04.695736+02:00
295933105,de:11000:900180003:1:50,0.0,2026-10-02T01:01:04.695736+02:00
295933105,de:11000:900192002:1:50,-0.4,2026-10-02T01:01:04.695736+02:00
295933105,de:11000:900192001:3:54,-0.2,2026-10-02T01:01:04.695736+02:00
295933105,de:11000:900191001:1:50,-0.9,2026-10-02T01:01:04.695736+02:00
295933105,de:11000:900077155:1:50,-0.4,2026-10-02T01:01:04.695736+02:00
295933105,de:11000:900078201:1:50,-0.9,2026-10-02T01:01:04.695736+02:00
295933105,de:11000:900079221:1:50,-0.7,2026-10-02T01:01:04.695736+02:00
295933105,de:11000:900068201:1:50,-0.3,2026-10-02T01:01:04.695736+02:00
295933105,de:11000:900058101:5:58,-0.6,2026-10-02T01:01:04.695736+02:00
295933101,de:11000:900180003:1:50,0.0,2026-10-02T01:01:04.695736+02:00
295933101,de:11000:900192002:1:50,-0.4,2026-10-02T01:01:04.695736+02:00
295933101,de:11000:900192001:3:54,-0.2,2026-10-02T01:01:04.695736+02:00
295933101,de:11000:900191001:1:50,-0.9,2026-10-02T01:01:04.695736+02:00
295933101,de:11000:900077155:1:50,-0.4,2026-10-02T01:01:04.695736+02:00
295933101,de:11000:900078201:1:50,-0.9,2026-10-02T01:01:04.695736+02:00
295933101,de:11000:900079221:1:50,-0.7,2026-10-02T01:01:04.695736+02:00
295933101,de:11000:900068201:1:50,-0.3,2026-10-02T01:01:04.695736+02:00
295933101,de:11000:900058101:5:58,-0.6,2026-10-02T01:01:04.695736+02:00
295936955,de:12064:900320001:1:50,0.0,2026-10-02T01:01:04.695736+02:00
295936955,de:12064:900320002:1:50,-0.3,2026-10-02T01:01:04.695736+02:00
295936955,de:12064:900320003:1:50,-0.1,2026-10-02T01:01:04.695736+02:00
295936955,de:12064:900320004:2:51,-0.8,2026-10-02T01:01:04.695736+02:00
295936955,de:12064:900320005:1:50,0.0,2026-10-02T01:01:04.695736+02:00
295936955,de:12064:900320006:1:51,-0.8,2026-10-02T01:01:04.695736+02:00
295936955,de:12064:900320007:1:50,-0.8,2026-10-02T01:01:04.695736+02:00
295936955,de:12064:900320008:1:51,-0.5,2026-10-02T01:01:04.695736+02:00
295936955,de:12064:900320026:1:50,-0.3,2026-10-02T01:01:04.695736+02:00
295936955,de:11000:900176001:1:51,-0.7,2026-10-02T01:01:04.695736+02:00
295936955,de:11000:900175002:1:50,-0.7,2026-10-02T01:01:04.695736+02:00
295936955,de:11000:900175001:1:50,-0.6,2026-10-02T01:01:04.695736+02:00
295936955,de:11000:900171001:1:50,-0.3,2026-10-02T01:01:04.695736+02:00
295936955,de:11000:900171002:1:51,-0.4,2026-10-02T01:01:04.695736+02:00
295936955,de:11000:900160004:1:51,-0.8,2026-10-02T01:01:04.695736+02:00
295936955,de:11000:900160003:1:51,-0.9,2026-10-02T01:01:04.695736+02:00
295936955,de:11000:900120003:3:55,-0.1,2026-10-02T01:01:04.695736+02:00
295936955,de:11000:900120004:2:53,-0.6,2026-10-02T01:01:04.695736+02:00
295936955,de:11000:900120005:5:58,-0.9,2026-10-02T01:01:04.695736+02:00
295936955,de:11000:900100004:1:51,-0.4,2026-10-02T01:01:04.695736+02:00
295936955,de:11000:900100003:2:53,-0.4,2026-10-02T01:01:04.695736+02:00
295936955,de:11000:900100002:1:51,-0.4,2026-10-02T01:01:04.695736+02:00
295936955,de:11000:900100001:3:55,-0.4,2026-10-02T01:01:04.695736+02:00
295936955,de:11000:900003201:3:55,-0.1,2026-10-02T01:01:04.695736+02:00
295936955,de:11000:900003102:1:51,-0.8,2026-10-02T01:01:04.695736+02:00
295936955,de:11000:900003103:1:51,-0.9,2026-10-02T01:01:04.695736+02:00
295936955,de:11000:900023201:3:55,-0.8,2026-10-02T01:01:04.695736+02:00
295936955,de:11000:900024203:1:51,-0.8,2026-10-02T01:01:04.695736+02:00
295936955,de:11000:900024101:4:57,-0.8,2026-10-02T01:01:04.695736+02:00
295936955,de:11000:900024102:1:51,-0.1,2026-10-02T01:01:04.695736+02:00
295936951,de:12064:900320001:1:50,0.0,2026-10-02T01:01:04.695736+02:00
295936951,de:12064:900320002:1:50,-0.3,2026-10-02T01:01:04.695736+02:00
295936951,de:12064:900320003:1:50,-0.1,2026-10-02T01:01:04.695736+02:00
295936951,de:12064:900320004:2:51,-0.8,2026-10-02T01:01:04.695736+02:00
295936951,de:12064:900320005:1:50,0.0,2026-10-02T01:01:04.695736+02:00
295936951,de:12064:900320006:1:51,-0.8,2026-10-02T01:01:04.695736+02:00
295936951,de:12064:900320007:1:50,-0.8,2026-10-02T01:01:04.695736+02:00
295936951,de:12064:900320008:1:51,-0.5,2026-10-02T01:01:04.695736+02:00
295936951,de:12064:900320026:1:50,-0.3,2026-10-02T01:01:04.695736+02:00
295936951,de:11000:900176001:1:51,-0.7,2026-10-02T01:01:04.695736+02:00
295936951,de:11000:900175002:1:50,-0.7,2026-10-02T01:01:04.695736+02:00
295936951,de:11000:900175001:1:50,-0.6,2026-10-02T01:01:04.695736+02:00
295936951,de:11000:900171001:1:50,-0.3,2026-10-02T01:01:04.695736+02:00
295936951,de:11000:900171002:1:51,-0.4,2026-10-02T01:01:04.695736+02:00
295936951,de:11000:900160004:1:51,-0.8,2026-10-02T01:01:04.695736+02:00
295936951,de:11000:900160003:1:51,-0.9,2026-10-02T01:01:04.695736+02:00
295936951,de:11000:900120003:3:55,-0.1,2026-10-02T01:01:04.695736+02:00
295936951,de:11000:900120004:2:53,-0.6,2026-10-02T01:01:04.695736+02:00
295936951,de:11000:900120005:5:58,-0.9,2026-10-02T01:01:04.695736+02:00
295936951,de:11000:900100004:1:51,-0.4,2026-10-02T01:01:04.695736+02:00
295936951,de:11000:900100003:2:53,-0.4,2026-10-02T01:01:04.695736+02:00
295936951,de:11000:900100002:1:51,-0.4,2026-10-02T01:01:04.695736+02:00
295936951,de:11000:900100001:3:55,-0.4,2026-10-02T01:01:04.695736+02:00
295936951,de:11000:900003201:3:55,-0.1,2026-10-02T01:01:04.695736+02:00
295936951,de:11000:900003102:1:51,-0.8,2026-10-02T01:01:04.695736+02:00
295936951,de:11000:900003103:1:51,-0.9,2026-10-02T01:01:04.695736+02:00
295936951,de:11000:900023201:3:55,-0.8,2026-10-02T01:01:04.695736+02:00
295936951,de:11000:900024203:1:51,-0.8,2026-10-02T01:01:04.695736+02:00
295936951,de:11000:900024101:4:57,-0.8,2026-10-02T01:01:04.695736+02:00
295936951,de:11000:900024102:1:51,-0.1,2026-10-02T01:01:04.695736+02:00
307302008,de:11000:900024102:2:52,0.0,2026-10-02T01:01:04.695736+02:00
307302008,de:11000:900024101:3:55,-0.8,2026-10-02T01:01:04.695736+02:00
307302008,de:11000:900024203:1:51,-0.8,2026-10-02T01:01:04.695736+02:00
307302008,de:11000:900023201:3:54,-0.7,2026-10-02T01:01:04.695736+02:00
307302008,de:11000:900003103:1:50,-0.8,2026-10-02T01:01:04.695736+02:00
307302008,de:11000:900003102:1:50,-0.9,2026-10-02T01:01:04.695736+02:00
307302008,de:11000:900003201:3:54,-0.5,2026-10-02T01:01:04.695736+02:00
307302008,de:11000:900100001:3:54,-0.1,2026-10-02T01:01:04.695736+02:00
307302008,de:11000:900100002:1:50,-0.4,2026-10-02T01:01:04.695736+02:00
307302008,de:11000:900100003:2:52,-0.1,2026-10-02T01:01:04.695736+02:00
307302008,de:11000:900100004:1:50,-0.4,2026-10-02T01:01:04.695736+02:00
307302008,de:11000:900120005:4:55,-0.6,2026-10-02T01:01:04.695736+02:00
307302008,de:11000:900120004:1:50,-0.1,2026-10-02T01:01:04.695736+02:00
307302008,de:11000:900120003:2:53,-0.4,2026-10-02T01:01:04.695736+02:00
307302008,de:11000:900160003:1:50,-0.7,2026-10-02T01:01:04.695736+02:00
307302008,de:11000:900160004:1:50,-0.7,2026-10-02T01:01:04.695736+02:00
307302008,de:11000:900171002:1:50,-0.2,2026-10-02T01:01:04.695736+02:00
307302008,de:11000:900171001:2:51,-0.3,2026-10-02T01:01:04.695736+02:00
307302008,de:11000:900175001:2:51,-0.5,2026-10-02T01:01:04.695736+02:00
307302008,de:11000:900175002:1:51,0.0,2026-10-02T01:01:04.695736+02:00
307302008,de:11000:900176001:2:52,-0.3,2026-10-02T01:01:04.695736+02:00
307302008,de:12064:900320026:1:51,-0.1,2026-10-02T01:01:04.695736+02:00
307302008,de:12064:900320008:1:50,-0.7,2026-10-02T01:01:04.695736+02:00
307302008,de:12064:900320007:1:50,-0.4,2026-10-02T01:01:04.695736+02:00
307302008,de:12064:900320006:1:50,-0.8,2026-10-02T01:01:04.695736+02:00
307302008,de:12064:900320005:1:50,-0.2,2026-10-02T01:01:04.695736+02:00
307302008,de:12064:900320004:2:51,-0.9,2026-10-02T01:01:04.695736+02:00
307302008,de:12064:900320003:1:50,-0.8,2026-10-02T01:01:04.695736+02:00
307302008,de:12064:900320002:1:50,-0.5,2026-10-02T01:01:04.695736+02:00
307302008,de:12064:900320001:1:50,-0.2,2026-10-02T01:01:04.695736+02:00
307302003,de:11000:900024102:2:52,0.0,2026-10-02T01:01:04.695736+02:00
307302003,de:11000:900024101:3:55,-0.8,2026-10-02T01:01:04.695736+02:00
307302003,de:11000:900024203:1:51,-0.8,2026-10-02T01:01:04.695736+02:00
307302003,de:11000:900023201:3:54,-0.7,2026-10-02T01:01:04.695736+02:00
307302003,de:11000:900003103:1:50,-0.8,2026-10-02T01:01:04.695736+02:00
307302003,de:11000:900003102:1:50,-0.9,2026-10-02T01:01:04.695736+02:00
307302003,de:11000:900003201:3:54,-0.5,2026-10-02T01:01:04.695736+02:00
307302003,de:11000:900100001:3:54,-0.1,2026-10-02T01:01:04.695736+02:00
307302003,de:11000:900100002:1:50,-0.4,2026-10-02T01:01:04.695736+02:00
307302003,de:11000:900100003:2:52,-0.1,2026-10-02T01:01:04.695736+02:00
307302003,de:11000:900100004:1:50,-0.4,2026-10-02T01:01:04.695736+02:00
307302003,de:11000:900120005:4:55,-0.6,2026-10-02T01:01:04.695736+02:00
307302003,de:11000:900120004:1:50,-0.1,2026-10-02T01:01:04.695736+02:00
307302003,de:11000:900120003:2:53,-0.4,2026-10-02T01:01:04.695736+02:00
307302003,de:11000:900160003:1:50,-0.7,2026-10-02T01:01:04.695736+02:00
307302003,de:11000:900160004:1:50,-0.7,2026-10-02T01:01:04.695736+02:00
307302003,de:11000:900171002:1:50,-0.2,2026-10-02T01:01:04.695736+02:00
307302003,de:11000:900171001:2:51,-0.3,2026-10-02T01:01:04.695736+02:00
307302003,de:11000:900175001:2:51,-0.5,2026-10-02T01:01:04.695736+02:00
307302003,de:11000:900175002:1:51,0.0,2026-10-02T01:01:04.695736+02:00
307302003,de:11000:900176001:2:52,-0.3,2026-10-02T01:01:04.695736+02:00
307302003,de:12064:900320026:1:51,-0.1,2026-10-02T01:01:04.695736+02:00
307302003,de:12064:900320008:1:50,-0.7,2026-10-02T01:01:04.695736+02:00
307302003,de:12064:900320007:1:50,-0.4,2026-10-02T01:01:04.695736+02:00
307302003,de:12064:900320006:1:50,-0.8,2026-10-02T01:01:04.695736+02:00
307302003,de:12064:900320005:1:50,-0.2,2026-10-02T01:01:04.695736+02:00
307302003,de:12064:900320004:2:51,-0.9,2026-10-02T01:01:04.695736+02:00
307302003,de:12064:900320003:1:50,-0.8,2026-10-02T01:01:04.695736+02:00
307302003,de:12064:900320002:1:50,-0.5,2026-10-02T01:01:04.695736+02:00
307302003,de:12064:900320001:1:50,-0.2,2026-10-02T01:01:04.695736+02:00
295936929,de:12064:900320001:1:50,0.0,2026-10-02T01:01:04.695736+02:00
295936929,de:12064:900320002:1:50,-0.3,2026-10-02T01:01:04.695736+02:00
295936929,de:12064:900320003:1:50,-0.1,2026-10-02T01:01:04.695736+02:00
295936929,de:12064:900320004:2:51,-0.8,2026-10-02T01:01:04.695736+02:00
295936929,de:12064:900320005:1:50,0.0,2026-10-02T01:01:04.695736+02:00
295936929,de:12064:900320006:1:51,-0.8,2026-10-02T01:01:04.695736+02:00
295936929,de:12064:900320007:1:50,-0.8,2026-10-02T01:01:04.695736+02:00
295936929,de:12064:900320008:1:51,-0.5,2026-10-02T01:01:04.695736+02:00
295936929,de:12064:900320026:1:50,-0.3,2026-10-02T01:01:04.695736+02:00
295936929,de:11000:900176001:1:51,-0.7,2026-10-02T01:01:04.695736+02:00
295936929,de:11000:900175002:1:50,-0.7,2026-10-02T01:01:04.695736+02:00
295936929,de:11000:900175001:1:50,-0.6,2026-10-02T01:01:04.695736+02:00
295936929,de:11000:900171001:1:50,-0.3,2026-10-02T01:01:04.695736+02:00
295936929,de:11000:900171002:1:51,-0.4,2026-10-02T01:01:04.695736+02:00
295936929,de:11000:900160004:1:51,-0.8,2026-10-02T01:01:04.695736+02:00
295936929,de:11000:900160003:1:51,-0.9,2026-10-02T01:01:04.695736+02:00
295936929,de:11000:900120003:3:55,-0.1,2026-10-02T01:01:04.695736+02:00
295936929,de:11000:900120004:2:53,-0.6,2026-10-02T01:01:04.695736+02:00
295936929,de:11000:900120005:5:58,-0.9,2026-10-02T01:01:04.695736+02:00
295936929,de:11000:900100004:1:51,-0.4,2026-10-02T01:01:04.695736+02:00
295936929,de:11000:900100003:2:53,-0.4,2026-10-02T01:01:04.695736+02:00
295936929,de:11000:900100002:1:51,-0.4,2026-10-02T01:01:04.695736+02:00
295936929,de:11000:900100001:3:55,-0.4,2026-10-02T01:01:04.695736+02:00
295936929,de:11000:900003201:3:55,-0.1,2026-10-02T01:01:04.695736+02:00
295936929,de:11000:900003102:1:51,-0.8,2026-10-02T01:01:04.695736+02:00
295936929,de:11000:900003103:1:51,-0.9,2026-10-02T01:01:04.695736+02:00
295936929,de:11000:900023201:3:55,-0.8,2026-10-02T01:01:04.695736+02:00
295936929,de:11000:900024203:1:51,-0.8,2026-10-02T01:01:04.695736+02:00
295936929,de:11000:900024101:4:57,-0.8,2026-10-02T01:01:04.695736+02:00
295936929,de:11000:900024102:1:51,-0.1,2026-10-02T01:01:04.695736+02:00
306895367,de:12067:900311017::1,0.0,2026-10-02T01:01:04.695736+02:00
306895367,de:12067:900311018::2,0.0,2026-10-02T01:01:04.695736+02:00
306895367,de:12067:900310843::2,0.0,2026-10-02T01:01:04.695736+02:00
306895367,de:12067:900310842::2,0.0,2026-10-02T01:01:04.695736+02:00
306895367,de:12067:900310611::2,0.0,2026-10-02T01:01:04.695736+02:00
295940762,de:11000:900120005:4:56,0.0,2026-10-02T01:01:04.695736+02:00
295940762,de:11000:900120004:1:51,-0.1,2026-10-02T01:01:04.695736+02:00
295940762,de:11000:900120003:2:52,-0.4,2026-10-02T01:01:04.695736+02:00
295940762,de:11000:900160003:1:50,-0.7,2026-10-02T01:01:04.695736+02:00
295940762,de:11000:900160004:1:50,-0.7,2026-10-02T01:01:04.695736+02:00
295940762,de:11000:900171002:1:50,-0.2,2026-10-02T01:01:04.695736+02:00
295940762,de:11000:900171001:2:51,-0.3,2026-10-02T01:01:04.695736+02:00
295940762,de:11000:900175001:2:51,-0.5,2026-10-02T01:01:04.695736+02:00
295940762,de:11000:900175002:1:51,0.0,2026-10-02T01:01:04.695736+02:00
295940762,de:11000:900176001:1:50,-0.7,2026-10-02T01:01:04.695736+02:00
295940323,de:11000:900160004:1:51,0.0,2026-10-02T01:01:04.695736+02:00
295940323,de:11000:900160003:1:51,-0.9,2026-10-02T01:01:04.695736+02:00
295940323,de:11000:900120003:3:54,-0.1,2026-10-02T01:01:04.695736+02:00
295940323,de:11000:900120004:2:52,-0.6,2026-10-02T01:01:04.695736+02:00
295940275,de:12064:900320008:1:51,0.0,2026-10-02T01:01:04.695736+02:00
295940275,de:12064:900320026:1:50,-0.3,2026-10-02T01:01:04.695736+02:00
295940275,de:11000:900176001:1:51,-0.7,2026-10-02T01:01:04.695736+02:00
295940275,de:11000:900175002:1:50,-0.7,2026-10-02T01:01:04.695736+02:00
295940275,de:11000:900175001:1:50,-0.6,2026-10-02T01:01:04.695736+02:00
295940275,de:11000:900171001:1:50,-0.3,2026-10-02T01:01:04.695736+02:00
295940275,de:11000:900171002:1:51,-0.4,2026-10-02T01:01:04.695736+02:00
295940275,de:11000:900160004:1:51,-0.8,2026-10-02T01:01:04.695736+02:00
295940275,de:11000:900160003:1:51,-0.9,2026-10-02T01:01:04.695736+02:00
295940275,de:11000:900120003:3:55,-0.1,2026-10-02T01:01:04.695736+02:00
295940275,de:11000:900120004:2:53,-0.6,2026-10-02T01:01:04.695736+02:00
295940275,de:11000:900120005:5:58,-0.9,2026-10-02T01:01:04.695736+02:00
295940275,de:11000:900100004:1:51,-0.4,2026-10-02T01:01:04.695736+02:00
295940275,de:11000:900100003:2:53,-0.4,2026-10-02T01:01:04.695736+02:00
295940275,de:11000:900100002:1:51,-0.4,2026-10-02T01:01:04.695736+02:00
295940275,de:11000:900100001:3:55,-0.4,2026-10-02T01:01:04.695736+02:00
295940275,de:11000:900003201:3:55,-0.1,2026-10-02T01:01:04.695736+02:00
295940275,de:11000:900003102:1:51,-0.8,2026-10-02T01:01:04.695736+02:00
295940275,de:11000:900003103:1:51,-0.9,2026-10-02T01:01:04.695736+02:00
295940275,de:11000:900023201:3:55,-0.8,2026-10-02T01:01:04.695736+02:00
295940275,de:11000:900024203:1:51,-0.8,2026-10-02T01:01:04.695736+02:00
295940275,de:11000:900024101:4:57,-0.8,2026-10-02T01:01:04.695736+02:00
295940275,de:11000:900024102:1:51,-0.1,2026-10-02T01:01:04.695736+02:00
295940271,de:12064:900320008:1:51,0.0,2026-10-02T01:01:04.695736+02:00
295940271,de:12064:900320026:1:50,-0.3,2026-10-02T01:01:04.695736+02:00
295940271,de:11000:900176001:1:51,-0.7,2026-10-02T01:01:04.695736+02:00
295940271,de:11000:900175002:1:50,-0.7,2026-10-02T01:01:04.695736+02:00
295940271,de:11000:900175001:1:50,-0.6,2026-10-02T01:01:04.695736+02:00
295940271,de:11000:900171001:1:50,-0.3,2026-10-02T01:01:04.695736+02:00
295940271,de:11000:900171002:1:51,-0.4,2026-10-02T01:01:04.695736+02:00
295940271,de:11000:900160004:1:51,-0.8,2026-10-02T01:01:04.695736+02:00
295940271,de:11000:900160003:1:51,-0.9,2026-10-02T01:01:04.695736+02:00
295940271,de:11000:900120003:3:55,-0.1,2026-10-02T01:01:04.695736+02:00
295940271,de:11000:900120004:2:53,-0.6,2026-10-02T01:01:04.695736+02:00
295940271,de:11000:900120005:5:58,-0.9,2026-10-02T01:01:04.695736+02:00
295940271,de:11000:900100004:1:51,-0.4,2026-10-02T01:01:04.695736+02:00
295940271,de:11000:900100003:2:53,-0.4,2026-10-02T01:01:04.695736+02:00
295940271,de:11000:900100002:1:51,-0.4,2026-10-02T01:01:04.695736+02:00
295940271,de:11000:900100001:3:55,-0.4,2026-10-02T01:01:04.695736+02:00
295940271,de:11000:900003201:3:55,-0.1,2026-10-02T01:01:04.695736+02:00
295940271,de:11000:900003102:1:51,-0.8,2026-10-02T01:01:04.695736+02:00
295940271,de:11000:900003103:1:51,-0.9,2026-10-02T01:01:04.695736+02:00
295940271,de:11000:900023201:3:55,-0.8,2026-10-02T01:01:04.695736+02:00
295940271,de:11000:900024203:1:51,-0.8,2026-10-02T01:01:04.695736+02:00
295940271,de:11000:900024101:4:57,-0.8,2026-10-02T01:01:04.695736+02:00
295940271,de:11000:900024102:1:51,-0.1,2026-10-02T01:01:04.695736+02:00
295940267,de:12064:900320008:1:51,0.0,2026-10-02T01:01:04.695736+02:00
295940267,de:12064:900320026:1:50,-0.3,2026-10-02T01:01:04.695736+02:00
295940267,de:11000:900176001:1:51,-0.7,2026-10-02T01:01:04.695736+02:00
295940267,de:11000:900175002:1:50,-0.7,2026-10-02T01:01:04.695736+02:00
295940267,de:11000:900175001:1:50,-0.6,2026-10-02T01:01:04.695736+02:00
295940267,de:11000:900171001:1:50,-0.3,2026-10-02T01:01:04.695736+02:00
295940267,de:11000:900171002:1:51,-0.4,2026-10-02T01:01:04.695736+02:00
295940267,de:11000:900160004:1:51,-0.8,2026-10-02T01:01:04.695736+02:00
295940267,de:11000:900160003:1:51,-0.9,2026-10-02T01:01:04.695736+02:00
295940267,de:11000:900120003:3:55,-0.1,2026-10-02T01:01:04.695736+02:00
295940267,de:11000:900120004:2:53,-0.6,2026-10-02T01:01:04.695736+02:00
295940267,de:11000:900120005:5:58,-0.9,2026-10-02T01:01:04.695736+02:00
295940267,de:11000:900100004:1:51,-0.4,2026-10-02T01:01:04.695736+02:00
295940267,de:11000:900100003:2:53,-0.4,2026-10-02T01:01:04.695736+02:00
295940267,de:11000:900100002:1:51,-0.4,2026-10-02T01:01:04.695736+02:00
295940267,de:11000:900100001:3:55,-0.4,2026-10-02T01:01:04.695736+02:00
295940267,de:11000:900003201:3:55,-0.1,2026-10-02T01:01:04.695736+02:00
295940267,de:11000:900003102:1:51,-0.8,2026-10-02T01:01:04.695736+02:00
295940267,de:11000:900003103:1:51,-0.9,2026-10-02T01:01:04.695736+02:00
295940267,de:11000:900023201:3:55,-0.8,2026-10-02T01:01:04.695736+02:00
295940267,de:11000:900024203:1:51,-0.8,2026-10-02T01:01:04.695736+02:00
295940267,de:11000:900024101:4:57,-0.8,2026-10-02T01:01:04.695736+02:00
295940267,de:11000:900024102:1:51,-0.1,2026-10-02T01:01:04.695736+02:00
295940161,de:11000:900024102:2:52,0.0,2026-10-02T01:01:04.695736+02:00
295940161,de:11000:900024101:3:54,-0.8,2026-10-02T01:01:04.695736+02:00
295940161,de:11000:900024203:1:51,-0.8,2026-10-02T01:01:04.695736+02:00
295940161,de:11000:900023201:3:54,-0.7,2026-10-02T01:01:04.695736+02:00
295940161,de:11000:900003103:1:50,-0.8,2026-10-02T01:01:04.695736+02:00
295940161,de:11000:900003102:1:50,-0.9,2026-10-02T01:01:04.695736+02:00
295940161,de:11000:900003201:3:54,-0.5,2026-10-02T01:01:04.695736+02:00
295940161,de:11000:900100001:3:54,-0.1,2026-10-02T01:01:04.695736+02:00
295940161,de:11000:900100002:1:50,-0.4,2026-10-02T01:01:04.695736+02:00
295940161,de:11000:900100003:2:52,-0.1,2026-10-02T01:01:04.695736+02:00
295940161,de:11000:900100004:1:50,-0.4,2026-10-02T01:01:04.695736+02:00
295940161,de:11000:900120005:4:55,-0.6,2026-10-02T01:01:04.695736+02:00
295940161,de:11000:900120004:1:50,-0.1,2026-10-02T01:01:04.695736+02:00
295940161,de:11000:900120003:2:53,-0.4,2026-10-02T01:01:04.695736+02:00
295940161,de:11000:900160003:1:50,-0.7,2026-10-02T01:01:04.695736+02:00
295940161,de:11000:900160004:1:50,-0.7,2026-10-02T01:01:04.695736+02:00
295940161,de:11000:900171002:1:50,-0.2,2026-10-02T01:01:04.695736+02:00
295940161,de:11000:900171001:2:51,-0.3,2026-10-02T01:01:04.695736+02:00
295940161,de:11000:900175001:2:51,-0.5,2026-10-02T01:01:04.695736+02:00
295940161,de:11000:900175002:1:51,0.0,2026-10-02T01:01:04.695736+02:00
295940161,de:11000:900176001:2:52,-0.3,2026-10-02T01:01:04.695736+02:00
295940161,de:12064:900320026:1:51,-0.1,2026-10-02T01:01:04.695736+02:00
295940161,de:12064:900320008:1:50,-0.7,2026-10-02T01:01:04.695736+02:00
307420532,de:12064:900320014:1:51,0.0,2026-10-02T01:01:04.695736+02:00
307420532,de:12064:900320012:1:50,0.0,2026-10-02T01:01:04.695736+02:00
307420532,de:12064:900320011:1:50,0.0,2026-10-02T01:01:04.695736+02:00
307420532,de:12064:900320004:1:50,0.0,2026-10-02T01:01:04.695736+02:00
307420532,de:11000:900160004:2:53,0.0,2026-10-02T01:01:04.695736+02:00
307420532,de:11000:900120003:6:60,0.0,2026-10-02T01:01:04.695736+02:00
306895177,de:12067:900311129::1,0.0,2026-10-02T01:01:04.695736+02:00
306895177,de:12067:900310755::1,0.0,2026-10-02T01:01:04.695736+02:00
306895177,de:12067:900310738::1,0.0,2026-10-02T01:01:04.695736+02:00
306895177,de:12067:900310725::1,0.0,2026-10-02T01:01:04.695736+02:00
306895177,de:12067:900310909::1,0.0,2026-10-02T01:01:04.695736+02:00
306895177,de:12067:900310609::1,0.0,2026-10-02T01:01:04.695736+02:00
306895177,de:12067:900310060::2,0.0,2026-10-02T01:01:04.695736+02:00
306895177,de:12067:900310858::3,0.0,2026-10-02T01:01:04.695736+02:00
306895177,de:12067:900311269::2,0.0,2026-10-02T01:01:04.695736+02:00
306895177,de:12067:900311228::2,0.0,2026-10-02T01:01:04.695736+02:00
306895177,de:12067:900311239::2,0.0,2026-10-02T01:01:04.695736+02:00
306895177,de:12067:900311227::1,0.0,2026-10-02T01:01:04.695736+02:00
306895177,de:12067:900311402::1,0.0,2026-10-02T01:01:04.695736+02:00
306895177,de:12067:900310029::1,0.0,2026-10-02T01:01:04.695736+02:00
306895177,de:12067:900311357::2,0.0,2026-10-02T01:01:04.695736+02:00
306895177,de:12067:900311320::2,0.0,2026-10-02T01:01:04.695736+02:00
306895177,de:12067:900311305::2,0.0,2026-10-02T01:01:04.695736+02:00
306895177,de:12067:900311383::3,0.0,2026-10-02T01:01:04.695736+02:00
306895177,de:12067:900311315::2,0.0,2026-10-02T01:01:04.695736+02:00
306895177,de:12067:900311348::2,0.0,2026-10-02T01:01:04.695736+02:00
306895177,de:12067:900311308::4,0.0,2026-10-02T01:01:04.695736+02:00
306895181,de:12067:900311129::1,0.0,2026-10-02T01:01:04.695736+02:00
306895181,de:12067:900310755::1,0.0,2026-10-02T01:01:04.695736+02:00
306895181,de:12067:900310738::1,0.0,2026-10-02T01:01:04.695736+02:00
306895181,de:12067:900310725::1,0.0,2026-10-02T01:01:04.695736+02:00
306895181,de:12067:900310909::1,0.0,2026-10-02T01:01:04.695736+02:00
306895181,de:12067:900310609::1,0.0,2026-10-02T01:01:04.695736+02:00
306895181,de:12067:900310060::2,0.0,2026-10-02T01:01:04.695736+02:00
306895181,de:12067:900310858::3,0.0,2026-10-02T01:01:04.695736+02:00
306895181,de:12067:900311269::2,0.0,2026-10-02T01:01:04.695736+02:00
306895181,de:12067:900311228::2,0.0,2026-10-02T01:01:04.695736+02:00
306895181,de:12067:900311239::2,0.0,2026-10-02T01:01:04.695736+02:00
306895181,de:12067:900311227::1,0.0,2026-10-02T01:01:04.695736+02:00
306895181,de:12067:900311402::1,0.0,2026-10-02T01:01:04.695736+02:00
306895181,de:12067:900311311::2,0.0,2026-10-02T01:01:04.695736+02:00
306895181,de:12067:900311312::2,0.0,2026-10-02T01:01:04.695736+02:00
306895181,de:12067:900311383::3,0.0,2026-10-02T01:01:04.695736+02:00
306895181,de:12067:900311315::2,0.0,2026-10-02T01:01:04.695736+02:00
306895181,de:12067:900311348::2,0.0,2026-10-02T01:01:04.695736+02:00
306895181,de:12067:900311308::4,0.0,2026-10-02T01:01:04.695736+02:00
306895185,de:12067:900311129::1,0.0,2026-10-02T01:01:04.695736+02:00
306895185,de:12067:900310755::1,0.0,2026-10-02T01:01:04.695736+02:00
306895185,de:12067:900310738::1,0.0,2026-10-02T01:01:04.695736+02:00
306895185,de:12067:900310725::1,0.0,2026-10-02T01:01:04.695736+02:00
306895185,de:12067:900310909::1,0.0,2026-10-02T01:01:04.695736+02:00
306895185,de:12067:900310609::1,0.0,2026-10-02T01:01:04.695736+02:00
306895185,de:12067:900310060::2,0.0,2026-10-02T01:01:04.695736+02:00
306895185,de:12067:900310858::3,0.0,2026-10-02T01:01:04.695736+02:00
306895185,de:12067:900311269::2,0.0,2026-10-02T01:01:04.695736+02:00
306895185,de:12067:900311228::2,0.0,2026-10-02T01:01:04.695736+02:00
306895185,de:12067:900311239::2,0.0,2026-10-02T01:01:04.695736+02:00
306895185,de:12067:900311227::1,0.0,2026-10-02T01:01:04.695736+02:00
306895185,de:12067:900311402::1,0.0,2026-10-02T01:01:04.695736+02:00
306895185,de:12067:900311311::2,0.0,2026-10-02T01:01:04.695736+02:00
306895185,de:12067:900311312::2,0.0,2026-10-02T01:01:04.695736+02:00
306895185,de:12067:900311383::3,0.0,2026-10-02T01:01:04.695736+02:00
306895185,de:12067:900311315::2,0.0,2026-10-02T01:01:04.695736+02:00
306895185,de:12067:900311348::2,0.0,2026-10-02T01:01:04.695736+02:00
306895185,de:12067:900311308::4,0.0,2026-10-02T01:01:04.695736+02:00
306897094,de:12067:900310834::1,0.0,2026-10-02T01:01:04.695736+02:00
306897094,de:12067:900310638::1,0.0,2026-10-02T01:01:04.695736+02:00
306897094,de:12067:900310988::1,0.0,2026-10-02T01:01:04.695736+02:00
306897094,de:12067:900310958::2,0.0,2026-10-02T01:01:04.695736+02:00
306897094,de:12067:900310957::2,0.0,2026-10-02T01:01:04.695736+02:00
306897094,de:12067:900311223::2,0.0,2026-10-02T01:01:04.695736+02:00
306897094,de:12067:900311222::2,0.0,2026-10-02T01:01:04.695736+02:00
306897094,de:12067:900311489::1,0.0,2026-10-02T01:01:04.695736+02:00
306897094,de:12067:900311480::1,0.0,2026-10-02T01:01:04.695736+02:00
306897094,de:12067:900311482::1,0.0,2026-10-02T01:01:04.695736+02:00
306897094,de:12067:900311485::2,0.0,2026-10-02T01:01:04.695736+02:00
306897094,de:12053:900360155::1,0.0,2026-10-02T01:01:04.695736+02:00
306897094,de:12053:900360063::1,0.0,2026-10-02T01:01:04.695736+02:00
295946189,de:12054:900230999:3:54,0.0,2026-10-02T01:01:04.695736+02:00
295946189,de:12054:900230000:1:50,-0.3,2026-10-02T01:01:04.695736+02:00
295946189,de:12054:900230003:1:54,-0.3,2026-10-02T01:01:04.695736+02:00
295946189,de:11000:900053301:2:53,-0.4,2026-10-02T01:01:04.695736+02:00
295946189,de:11000:900052201:2:53,-0.7,2026-10-02T01:01:04.695736+02:00
295946189,de:11000:900048101:2:53,-0.9,2026-10-02T01:01:04.695736+02:00
295946189,de:11000:900024102:2:53,-0.9,2026-10-02T01:01:04.695736+02:00
295946189,de:11000:900024101:3:55,-0.3,2026-10-02T01:01:04.695736+02:00
295946189,de:11000:900024203:1:51,-0.3,2026-10-02T01:01:04.695736+02:00
295946189,de:11000:900023201:3:54,-0.2,2026-10-02T01:01:04.695736+02:00
295946189,de:11000:900003103:1:50,-0.3,2026-10-02T01:01:04.695736+02:00
295946189,de:11000:900003102:1:50,-0.4,2026-10-02T01:01:04.695736+02:00
295946189,de:11000:900003201:3:54,0.0,2026-10-02T01:01:04.695736+02:00
295946189,de:11000:900100001:3:54,-0.6,2026-10-02T01:01:04.695736+02:00
295946189,de:11000:900100002:1:50,-0.9,2026-10-02T01:01:04.695736+02:00
295946189,de:11000:900100003:2:52,-0.6,2026-10-02T01:01:04.695736+02:00
295946189,de:11000:900100004:1:50,-0.9,2026-10-02T01:01:04.695736+02:00
295946189,de:11000:900120005:4:55,-0.1,2026-10-02T01:01:04.695736+02:00
295946189,de:11000:900120004:1:50,-0.6,2026-10-02T01:01:04.695736+02:00
295946189,de:11000:900120003:2:53,-0.9,2026-10-02T01:01:04.695736+02:00
295946189,de:11000:900160003:1:50,-0.2,2026-10-02T01:01:04.695736+02:00
295946189,de:11000:900160004:1:50,-0.2,2026-10-02T01:01:04.695736+02:00
295946189,de:11000:900171002:1:50,-0.7,2026-10-02T01:01:04.695736+02:00
295946189,de:11000:900171003:1:50,-0.8,2026-10-02T01:01:04.695736+02:00
295946189,de:11000:900170005:1:50,-0.3,2026-10-02T01:01:04.695736+02:00
295946189,de:11000:900170001:1:50,-0.1,2026-10-02T01:01:04.695736+02:00
295946189,de:11000:900170002:1:50,-0.9,2026-10-02T01:01:04.695736+02:00
295946189,de:11000:900170003:1:50,-0.7,2026-10-02T01:01:04.695736+02:00
295946189,de:11000:900170004:1:50,-0.9,2026-10-02T01:01:04.695736+02:00
295946187,de:12054:900230999:3:54,0.0,2026-10-02T01:01:04.695736+02:00
295946187,de:12054:900230000:1:50,-0.3,2026-10-02T01:01:04.695736+02:00
295946187,de:12054:900230003:1:54,-0.3,2026-10-02T01:01:04.695736+02:00
295946187,de:11000:900053301:2:53,-0.4,2026-10-02T01:01:04.695736+02:00
295946187,de:11000:900052201:2:53,-0.7,2026-10-02T01:01:04.695736+02:00
295946187,de:11000:900048101:2:53,-0.9,2026-10-02T01:01:04.695736+02:00
295946187,de:11000:900024102:2:53,-0.9,2026-10-02T01:01:04.695736+02:00
295946187,de:11000:900024101:3:55,-0.3,2026-10-02T01:01:04.695736+02:00
295946187,de:11000:900024203:1:51,-0.3,2026-10-02T01:01:04.695736+02:00
295946187,de:11000:900023201:3:54,-0.2,2026-10-02T01:01:04.695736+02:00
295946187,de:11000:900003103:1:50,-0.3,2026-10-02T01:01:04.695736+02:00
295946187,de:11000:900003102:1:50,-0.4,2026-10-02T01:01:04.695736+02:00
295946187,de:11000:900003201:3:54,0.0,2026-10-02T01:01:04.695736+02:00
295946187,de:11000:900100001:3:54,-0.6,2026-10-02T01:01:04.695736+02:00
295946187,de:11000:900100002:1:50,-0.9,2026-10-02T01:01:04.695736+02:00
295946187,de:11000:900100003:2:52,-0.6,2026-10-02T01:01:04.695736+02:00
295946187,de:11000:900100004:1:50,-0.9,2026-10-02T01:01:04.695736+02:00
295946187,de:11000:900120005:4:55,-0.1,2026-10-02T01:01:04.695736+02:00
295946187,de:11000:900120004:1:50,-0.6,2026-10-02T01:01:04.695736+02:00
295946187,de:11000:900120003:2:53,-0.9,2026-10-02T01:01:04.695736+02:00
295946187,de:11000:900160003:1:50,-0.2,2026-10-02T01:01:04.695736+02:00
295946187,de:11000:900160004:1:50,-0.2,2026-10-02T01:01:04.695736+02:00
295946187,de:11000:900171002:1:50,-0.7,2026-10-02T01:01:04.695736+02:00
295946187,de:11000:900171003:1:50,-0.8,2026-10-02T01:01:04.695736+02:00
295946187,de:11000:900170005:1:50,-0.3,2026-10-02T01:01:04.695736+02:00
295946187,de:11000:900170001:1:50,-0.1,2026-10-02T01:01:04.695736+02:00
295946187,de:11000:900170002:1:50,-0.9,2026-10-02T01:01:04.695736+02:00
295946187,de:11000:900170003:1:50,-0.7,2026-10-02T01:01:04.695736+02:00
295946187,de:11000:900170004:1:50,-0.9,2026-10-02T01:01:04.695736+02:00
295946277,de:11000:900170004:1:50,0.0,2026-10-02T01:01:04.695736+02:00
295946277,de:11000:900170003:1:51,-0.3,2026-10-02T01:01:04.695736+02:00
295946277,de:11000:900170002:1:51,-0.1,2026-10-02T01:01:04.695736+02:00
295946277,de:11000:900170001:1:51,-0.9,2026-10-02T01:01:04.695736+02:00
295946277,de:11000:900170005:1:51,-0.7,2026-10-02T01:01:04.695736+02:00
295946277,de:11000:900171003:1:51,-0.6,2026-10-02T01:01:04.695736+02:00
295946277,de:11000:900171002:1:51,-0.9,2026-10-02T01:01:04.695736+02:00
295946277,de:11000:900160004:1:51,-0.3,2026-10-02T01:01:04.695736+02:00
295946277,de:11000:900160003:1:51,-0.4,2026-10-02T01:01:04.695736+02:00
295946277,de:11000:900120003:3:55,-0.6,2026-10-02T01:01:04.695736+02:00
295946277,de:11000:900120004:2:53,-0.1,2026-10-02T01:01:04.695736+02:00
295946277,de:11000:900120005:5:58,-0.4,2026-10-02T01:01:04.695736+02:00
295946277,de:11000:900100004:1:51,-0.9,2026-10-02T01:01:04.695736+02:00
295946277,de:11000:900100003:2:53,-0.9,2026-10-02T01:01:04.695736+02:00
295946277,de:11000:900100002:1:51,-0.9,2026-10-02T01:01:04.695736+02:00
295946277,de:11000:900100001:3:55,-0.9,2026-10-02T01:01:04.695736+02:00
295946277,de:11000:900003201:3:55,-0.6,2026-10-02T01:01:04.695736+02:00
295946277,de:11000:900003102:1:51,-0.3,2026-10-02T01:01:04.695736+02:00
295946277,de:11000:900003103:1:51,-0.4,2026-10-02T01:01:04.695736+02:00
295946277,de:11000:900023201:3:55,-0.3,2026-10-02T01:01:04.695736+02:00
295946277,de:11000:900024203:1:51,-0.3,2026-10-02T01:01:04.695736+02:00
295946277,de:11000:900024101:4:57,-0.3,2026-10-02T01:01:04.695736+02:00
295946277,de:11000:900024102:1:50,-0.6,2026-10-02T01:01:04.695736+02:00
295946277,de:11000:900048101:1:50,-0.8,2026-10-02T01:01:04.695736+02:00
295946277,de:11000:900052201:2:52,0.0,2026-10-02T01:01:04.695736+02:00
295946277,de:11000:900053301:1:50,-0.4,2026-10-02T01:01:04.695736+02:00
295946277,de:12054:900230003:1:50,-0.4,2026-10-02T01:01:04.695736+02:00
295946277,de:12054:900230000:1:51,-0.4,2026-10-02T01:01:04.695736+02:00
295946277,de:12054:900230999:3:55,-0.9,2026-10-02T01:01:04.695736+02:00
295949546,de:11000:900170004:2:52,0.0,2026-10-02T01:01:04.695736+02:00
295949546,de:11000:900170003:1:51,-0.3,2026-10-02T01:01:04.695736+02:00
295949546,de:11000:900170002:1:51,-0.1,2026-10-02T01:01:04.695736+02:00
295949546,de:11000:900170001:1:51,-0.9,2026-10-02T01:01:04.695736+02:00
295949546,de:11000:900170005:1:51,-0.7,2026-10-02T01:01:04.695736+02:00
295949546,de:11000:900171003:1:51,-0.6,2026-10-02T01:01:04.695736+02:00
295949546,de:11000:900171002:1:51,-0.9,2026-10-02T01:01:04.695736+02:00
295949546,de:11000:900160004:1:51,-0.3,2026-10-02T01:01:04.695736+02:00
295949546,de:11000:900160003:1:51,-0.4,2026-10-02T01:01:04.695736+02:00
295949546,de:11000:900120003:3:55,-0.6,2026-10-02T01:01:04.695736+02:00
295949546,de:11000:900120004:2:53,-0.1,2026-10-02T01:01:04.695736+02:00
295949546,de:11000:900120005:5:58,-0.4,2026-10-02T01:01:04.695736+02:00
295949546,de:11000:900100004:1:51,-0.9,2026-10-02T01:01:04.695736+02:00
295949546,de:11000:900100003:2:53,-0.9,2026-10-02T01:01:04.695736+02:00
295949546,de:11000:900100002:1:51,-0.9,2026-10-02T01:01:04.695736+02:00
295949546,de:11000:900100001:3:55,-0.9,2026-10-02T01:01:04.695736+02:00
295949546,de:11000:900003201:3:55,-0.6,2026-10-02T01:01:04.695736+02:00
295949546,de:11000:900003102:1:51,-0.3,2026-10-02T01:01:04.695736+02:00
295949546,de:11000:900003103:1:51,-0.4,2026-10-02T01:01:04.695736+02:00
295949546,de:11000:900023201:3:55,-0.3,2026-10-02T01:01:04.695736+02:00
295949546,de:11000:900024203:1:51,-0.3,2026-10-02T01:01:04.695736+02:00
295949546,de:11000:900024101:4:57,-0.3,2026-10-02T01:01:04.695736+02:00
295949546,de:11000:900024102:1:50,-0.6,2026-10-02T01:01:04.695736+02:00
295949546,de:11000:900048101:1:50,-0.8,2026-10-02T01:01:04.695736+02:00
295949546,de:11000:900052201:2:52,0.0,2026-10-02T01:01:04.695736+02:00
295949546,de:11000:900053301:1:50,-0.4,2026-10-02T01:01:04.695736+02:00
295949546,de:12054:900230003:1:50,-0.4,2026-10-02T01:01:04.695736+02:00
295949546,de:12054:900230000:1:51,-0.4,2026-10-02T01:01:04.695736+02:00
295949546,de:12054:900230999:3:54,-0.9,2026-10-02T01:01:04.695736+02:00
295953425,de:11000:900120005:4:56,0.0,2026-10-02T01:01:04.695736+02:00
295953425,de:11000:900120004:1:50,-0.6,2026-10-02T01:01:04.695736+02:00
295953425,de:11000:900120003:2:53,-0.9,2026-10-02T01:01:04.695736+02:00
295953425,de:11000:900160003:1:50,-0.2,2026-10-02T01:01:04.695736+02:00
295953425,de:11000:900160004:1:50,-0.2,2026-10-02T01:01:04.695736+02:00
295953425,de:11000:900171002:1:50,-0.7,2026-10-02T01:01:04.695736+02:00
295953425,de:11000:900171003:1:50,-0.8,2026-10-02T01:01:04.695736+02:00
295953425,de:11000:900152002:1:50,-0.4,2026-10-02T01:01:04.695736+02:00
295953425,de:11000:900152001:1:50,-0.6,2026-10-02T01:01:04.695736+02:00
295953425,de:11000:900151001:1:51,-0.9,2026-10-02T01:01:04.695736+02:00
295956033,de:11000:900120004:1:51,0.0,2026-10-02T01:01:04.695736+02:00
295956033,de:11000:900120003:2:52,-0.9,2026-10-02T01:01:04.695736+02:00
295956033,de:11000:900160003:1:50,-0.2,2026-10-02T01:01:04.695736+02:00
295956033,de:11000:900160004:1:50,-0.2,2026-10-02T01:01:04.695736+02:00
295956033,de:11000:900171002:1:50,-0.7,2026-10-02T01:01:04.695736+02:00
295956033,de:11000:900171003:1:50,-0.8,2026-10-02T01:01:04.695736+02:00
295956033,de:11000:900152002:1:50,-0.4,2026-10-02T01:01:04.695736+02:00
295956033,de:11000:900152001:1:50,-0.6,2026-10-02T01:01:04.695736+02:00
295956033,de:11000:900151001:1:50,-0.9,2026-10-02T01:01:04.695736+02:00
295956016,de:11000:900120004:1:51,0.0,2026-10-02T01:01:04.695736+02:00
295956016,de:11000:900120003:2:52,-0.9,2026-10-02T01:01:04.695736+02:00
295956016,de:11000:900160003:1:50,-0.2,2026-10-02T01:01:04.695736+02:00
295956016,de:11000:900160004:1:50,-0.2,2026-10-02T01:01:04.695736+02:00
295956016,de:11000:900171002:1:50,-0.7,2026-10-02T01:01:04.695736+02:00
295956016,de:11000:900171003:1:50,-0.8,2026-10-02T01:01:04.695736+02:00
295956016,de:11000:900152002:1:50,-0.4,2026-10-02T01:01:04.695736+02:00
295956016,de:11000:900152001:1:50,-0.6,2026-10-02T01:01:04.695736+02:00
295956016,de:11000:900151001:1:50,-0.9,2026-10-02T01:01:04.695736+02:00
295956012,de:11000:900120004:1:51,0.0,2026-10-02T01:01:04.695736+02:00
295956012,de:11000:900120003:2:52,-0.9,2026-10-02T01:01:04.695736+02:00
295956012,de:11000:900160003:1:50,-0.2,2026-10-02T01:01:04.695736+02:00
295956012,de:11000:900160004:1:50,-0.2,2026-10-02T01:01:04.695736+02:00
295956012,de:11000:900171002:1:50,-0.7,2026-10-02T01:01:04.695736+02:00
295956012,de:11000:900171003:1:50,-0.8,2026-10-02T01:01:04.695736+02:00
295956012,de:11000:900152002:1:50,-0.4,2026-10-02T01:01:04.695736+02:00
295956012,de:11000:900152001:1:50,-0.6,2026-10-02T01:01:04.695736+02:00
295956012,de:11000:900151001:1:50,-0.9,2026-10-02T01:01:04.695736+02:00
295949512,de:11000:900170004:2:52,0.0,2026-10-02T01:01:04.695736+02:00
295949512,de:11000:900170003:1:51,-0.3,2026-10-02T01:01:04.695736+02:00
295949512,de:11000:900170002:1:51,-0.1,2026-10-02T01:01:04.695736+02:00
295949512,de:11000:900170001:1:51,-0.9,2026-10-02T01:01:04.695736+02:00
295949512,de:11000:900170005:1:51,-0.7,2026-10-02T01:01:04.695736+02:00
295949512,de:11000:900171003:1:51,-0.6,2026-10-02T01:01:04.695736+02:00
295949512,de:11000:900171002:1:51,-0.9,2026-10-02T01:01:04.695736+02:00
295949512,de:11000:900160004:1:51,-0.3,2026-10-02T01:01:04.695736+02:00
295949512,de:11000:900160003:1:51,-0.4,2026-10-02T01:01:04.695736+02:00
295949512,de:11000:900120003:3:55,-0.6,2026-10-02T01:01:04.695736+02:00
295949512,de:11000:900120004:2:53,-0.1,2026-10-02T01:01:04.695736+02:00
295949512,de:11000:900120005:5:58,-0.4,2026-10-02T01:01:04.695736+02:00
295949512,de:11000:900100004:1:51,-0.9,2026-10-02T01:01:04.695736+02:00
295949512,de:11000:900100003:2:53,-0.9,2026-10-02T01:01:04.695736+02:00
295949512,de:11000:900100002:1:51,-0.9,2026-10-02T01:01:04.695736+02:00
295949512,de:11000:900100001:3:55,-0.9,2026-10-02T01:01:04.695736+02:00
295949512,de:11000:900003201:3:55,-0.6,2026-10-02T01:01:04.695736+02:00
295949512,de:11000:900003102:1:51,-0.3,2026-10-02T01:01:04.695736+02:00
295949512,de:11000:900003103:1:51,-0.4,2026-10-02T01:01:04.695736+02:00
295949512,de:11000:900023201:3:55,-0.3,2026-10-02T01:01:04.695736+02:00
295949512,de:11000:900024203:1:51,-0.3,2026-10-02T01:01:04.695736+02:00
295949512,de:11000:900024101:4:57,-0.3,2026-10-02T01:01:04.695736+02:00
295949512,de:11000:900024102:1:50,-0.6,2026-10-02T01:01:04.695736+02:00
295949512,de:11000:900048101:1:50,-0.8,2026-10-02T01:01:04.695736+02:00
295949512,de:11000:900052201:2:52,0.0,2026-10-02T01:01:04.695736+02:00
295949512,de:11000:900053301:1:50,-0.4,2026-10-02T01:01:04.695736+02:00
295949512,de:12054:900230003:1:50,-0.4,2026-10-02T01:01:04.695736+02:00
295949512,de:12054:900230000:1:51,-0.4,2026-10-02T01:01:04.695736+02:00
295949512,de:12054:900230999:3:54,-0.9,2026-10-02T01:01:04.695736+02:00
295959997,de:12065:900200008:1:51,0.0,2026-10-02T01:01:04.695736+02:00
295959997,de:12065:900200009:1:51,-0.7,2026-10-02T01:01:04.695736+02:00
295959997,de:12065:900200011:1:51,-0.3,2026-10-02T01:01:04.695736+02:00
295959997,de:12065:900200012:1:51,-0.8,2026-10-02T01:01:04.695736+02:00
295959997,de:12065:900200013:1:50,-0.4,2026-10-02T01:01:04.695736+02:00
295959997,de:11000:900142001:1:51,-0.7,2026-10-02T01:01:04.695736+02:00
295959997,de:11000:900130001:1:51,-0.2,2026-10-02T01:01:04.695736+02:00
295959997,de:11000:900130002:1:51,-0.7,2026-10-02T01:01:04.695736+02:00
295959997,de:11000:900110011:1:51,-0.2,2026-10-02T01:01:04.695736+02:00
295959997,de:11000:900110001:1:50,-0.2,2026-10-02T01:01:04.695736+02:00
295959997,de:11000:900110002:1:50,-0.9,2026-10-02T01:01:04.695736+02:00
295959997,de:11000:900110003:1:50,-0.9,2026-10-02T01:01:04.695736+02:00
295959997,de:11000:900110004:1:50,-0.3,2026-10-02T01:01:04.695736+02:00
295959997,de:11000:900110012:1:50,-0.2,2026-10-02T01:01:04.695736+02:00
295959997,de:11000:900120001:1:50,-0.2,2026-10-02T01:01:04.695736+02:00
295959997,de:11000:900120003:5:58,-0.6,2026-10-02T01:01:04.695736+02:00
295959997,de:11000:900190001:1:50,-0.1,2026-10-02T01:01:04.695736+02:00
295959997,de:11000:900191002:1:50,0.0,2026-10-02T01:01:04.695736+02:00
295959997,de:11000:900191001:2:52,-0.4,2026-10-02T01:01:04.695736+02:00
295959997,de:11000:900192001:2:52,-0.2,2026-10-02T01:01:04.695736+02:00
295959997,de:11000:900193001:1:50,-0.7,2026-10-02T01:01:04.695736+02:00
295959997,de:11000:900193002:1:50,-0.3,2026-10-02T01:01:04.695736+02:00
295959997,de:11000:900186001:1:50,-0.3,2026-10-02T01:01:04.695736+02:00
295959997,de:12061:900260004:1:50,-0.7,2026-10-02T01:01:04.695736+02:00
295959997,de:12061:900260003:1:50,-0.9,2026-10-02T01:01:04.695736+02:00
295959997,de:12061:900260002:1:50,-0.9,2026-10-02T01:01:04.695736+02:00
306895557,de:12067:900311083::3,0.0,2026-10-02T01:01:04.695736+02:00
306895557,de:12067:900310775::1,0.0,2026-10-02T01:01:04.695736+02:00
306895557,de:12067:900311083::2,0.0,2026-10-02T01:01:04.695736+02:00
306895557,de:12067:900310814::2,0.0,2026-10-02T01:01:04.695736+02:00
306895557,de:12067:900310804::2,0.0,2026-10-02T01:01:04.695736+02:00
306895557,de:12067:900311150::2,0.0,2026-10-02T01:01:04.695736+02:00
306895557,de:12067:900311135::2,0.0,2026-10-02T01:01:04.695736+02:00
306895557,de:12067:900311149::2,0.0,2026-10-02T01:01:04.695736+02:00
306895557,de:12067:900310001::11,0.0,2026-10-02T01:01:04.695736+02:00
306895557,de:12067:900310001::2,0.0,2026-10-02T01:01:04.695736+02:00
306895557,de:12067:900310816::1,0.0,2026-10-02T01:01:04.695736+02:00
306895557,de:12067:900310627::1,0.0,2026-10-02T01:01:04.695736+02:00
306895557,de:12067:900311151::1,0.0,2026-10-02T01:01:04.695736+02:00
306895557,de:12067:900311152::1,0.0,2026-10-02T01:01:04.695736+02:00
306895557,de:12067:900310823::1,0.0,2026-10-02T01:01:04.695736+02:00
306895557,de:12067:900310773::1,0.0,2026-10-02T01:01:04.695736+02:00
306895557,de:12067:900311109::1,0.0,2026-10-02T01:01:04.695736+02:00
306895557,de:12067:900310782::1,0.0,2026-10-02T01:01:04.695736+02:00
306895557,de:12067:900310010::2,0.0,2026-10-02T01:01:04.695736+02:00
306895557,de:12067:900310770::2,0.0,2026-10-02T01:01:04.695736+02:00
306895557,de:12067:900310695::2,0.0,2026-10-02T01:01:04.695736+02:00
306895557,de:12067:900310769::1,0.0,2026-10-02T01:01:04.695736+02:00
306895557,de:12067:900310810::2,0.0,2026-10-02T01:01:04.695736+02:00
306895557,de:12067:900310980::1,0.0,2026-10-02T01:01:04.695736+02:00
295963751,de:12061:900260009:3:56,0.0,2026-10-02T01:01:04.695736+02:00
295963751,de:12061:900260080:1:51,-0.7,2026-10-02T01:01:04.695736+02:00
295963751,de:12061:900260005:3:55,0.0,2026-10-02T01:01:04.695736+02:00
295963751,de:11000:900196001:1:51,0.0,2026-10-02T01:01:04.695736+02:00
295963751,de:11000:900195510:1:50,-0.4,2026-10-02T01:01:04.695736+02:00
295963751,de:11000:900193002:1:51,-0.6,2026-10-02T01:01:04.695736+02:00
295963751,de:11000:900193001:2:51,-0.3,2026-10-02T01:01:04.695736+02:00
295963751,de:11000:900192001:3:55,-0.2,2026-10-02T01:01:04.695736+02:00
295963751,de:11000:900191001:1:50,-0.9,2026-10-02T01:01:04.695736+02:00
295963751,de:11000:900191002:1:51,-0.3,2026-10-02T01:01:04.695736+02:00
295963751,de:11000:900190001:2:53,-0.1,2026-10-02T01:01:04.695736+02:00
295963751,de:11000:900120003:5:59,-0.3,2026-10-02T01:01:04.695736+02:00
295963751,de:11000:900120001:1:51,-0.6,2026-10-02T01:01:04.695736+02:00
295963751,de:11000:900110012:1:51,-0.8,2026-10-02T01:01:04.695736+02:00
295963751,de:11000:900110004:1:51,-0.7,2026-10-02T01:01:04.695736+02:00
295963751,de:11000:900110003:1:51,0.0,2026-10-02T01:01:04.695736+02:00
295963751,de:11000:900110002:1:51,0.0,2026-10-02T01:01:04.695736+02:00
295963751,de:11000:900110001:1:51,-0.7,2026-10-02T01:01:04.695736+02:00
295963751,de:11000:900110011:2:53,-0.4,2026-10-02T01:01:04.695736+02:00
295963751,de:11000:900085201:1:50,-0.8,2026-10-02T01:01:04.695736+02:00
295963751,de:11000:900084101:1:50,-0.7,2026-10-02T01:01:04.695736+02:00
295963751,de:11000:900096101:1:50,-0.8,2026-10-02T01:01:04.695736+02:00
295963751,de:11000:900094101:1:50,-0.3,2026-10-02T01:01:04.695736+02:00
295963751,de:11000:900093201:1:50,-0.4,2026-10-02T01:01:04.695736+02:00
295963751,de:11000:900092201:1:51,-0.2,2026-10-02T01:01:04.695736+02:00
295963623,de:11000:900092201:1:51,0.0,2026-10-02T01:01:04.695736+02:00
295963623,de:11000:900093201:1:51,-0.4,2026-10-02T01:01:04.695736+02:00
295963623,de:11000:900094101:1:51,-0.3,2026-10-02T01:01:04.695736+02:00
295963623,de:11000:900096101:1:51,-0.1,2026-10-02T01:01:04.695736+02:00
295963623,de:11000:900084101:1:51,-0.2,2026-10-02T01:01:04.695736+02:00
295963623,de:11000:900085201:1:51,-0.8,2026-10-02T01:01:04.695736+02:00
295963623,de:11000:900130003:1:51,-0.8,2026-10-02T01:01:04.695736+02:00
295963623,de:11000:900110011:1:50,-0.9,2026-10-02T01:01:04.695736+02:00
295963623,de:11000:900110001:1:50,-0.2,2026-10-02T01:01:04.695736+02:00
295963623,de:11000:900110002:1:50,-0.9,2026-10-02T01:01:04.695736+02:00
295963623,de:11000:900110003:1:50,-0.9,2026-10-02T01:01:04.695736+02:00
295963623,de:11000:900110004:1:50,-0.3,2026-10-02T01:01:04.695736+02:00
295963623,de:11000:900110012:1:50,-0.2,2026-10-02T01:01:04.695736+02:00
295963623,de:11000:900120001:1:50,-0.2,2026-10-02T01:01:04.695736+02:00
295963623,de:11000:900120003:5:58,-0.6,2026-10-02T01:01:04.695736+02:00
295963623,de:11000:900190001:1:51,-0.1,2026-10-02T01:01:04.695736+02:00
295963623,de:11000:900191002:1:50,0.0,2026-10-02T01:01:04.695736+02:00
295963623,de:11000:900191001:2:52,-0.4,2026-10-02T01:01:04.695736+02:00
295963623,de:11000:900192001:2:52,-0.2,2026-10-02T01:01:04.695736+02:00
295963623,de:11000:900193001:1:50,-0.7,2026-10-02T01:01:04.695736+02:00
295963623,de:11000:900193002:1:50,-0.3,2026-10-02T01:01:04.695736+02:00
295963623,de:11000:900195510:1:51,-0.7,2026-10-02T01:01:04.695736+02:00
295963623,de:11000:900196001:1:50,-0.9,2026-10-02T01:01:04.695736+02:00
295963623,de:12061:900260005:3:54,-0.7,2026-10-02T01:01:04.695736+02:00
295963623,de:12061:900260080:1:50,0.0,2026-10-02T01:01:04.695736+02:00
295963623,de:12061:900260009:3:56,-0.2,2026-10-02T01:01:04.695736+02:00
295963729,de:12061:900260009:3:56,0.0,2026-10-02T01:01:04.695736+02:00
295963729,de:12061:900260080:1:51,-0.7,2026-10-02T01:01:04.695736+02:00
295963729,de:12061:900260005:3:55,0.0,2026-10-02T01:01:04.695736+02:00
295963729,de:11000:900196001:1:51,0.0,2026-10-02T01:01:04.695736+02:00
295963729,de:11000:900195510:1:50,-0.4,2026-10-02T01:01:04.695736+02:00
295963729,de:11000:900193002:1:51,-0.6,2026-10-02T01:01:04.695736+02:00
295963729,de:11000:900193001:2:51,-0.3,2026-10-02T01:01:04.695736+02:00
295963729,de:11000:900192001:3:55,-0.2,2026-10-02T01:01:04.695736+02:00
295963729,de:11000:900191001:1:50,-0.9,2026-10-02T01:01:04.695736+02:00
295963729,de:11000:900191002:1:51,-0.3,2026-10-02T01:01:04.695736+02:00
295963729,de:11000:900190001:2:53,-0.1,2026-10-02T01:01:04.695736+02:00
295963729,de:11000:900120003:5:59,-0.3,2026-10-02T01:01:04.695736+02:00
295963729,de:11000:900120001:1:51,-0.6,2026-10-02T01:01:04.695736+02:00
295963729,de:11000:900110012:1:51,-0.8,2026-10-02T01:01:04.695736+02:00
295963729,de:11000:900110004:1:51,-0.7,2026-10-02T01:01:04.695736+02:00
295963729,de:11000:900110003:1:51,0.0,2026-10-02T01:01:04.695736+02:00
295963729,de:11000:900110002:1:51,0.0,2026-10-02T01:01:04.695736+02:00
295963729,de:11000:900110001:1:51,-0.7,2026-10-02T01:01:04.695736+02:00
295963729,de:11000:900110011:2:53,-0.4,2026-10-02T01:01:04.695736+02:00
295963729,de:11000:900085201:1:50,-0.8,2026-10-02T01:01:04.695736+02:00
295963729,de:11000:900084101:1:50,-0.7,2026-10-02T01:01:04.695736+02:00
295963729,de:11000:900096101:1:50,-0.8,2026-10-02T01:01:04.695736+02:00
295963729,de:11000:900094101:1:50,-0.3,2026-10-02T01:01:04.695736+02:00
295963729,de:11000:900093201:1:50,-0.4,2026-10-02T01:01:04.695736+02:00
295963729,de:11000:900092201:1:51,-0.2,2026-10-02T01:01:04.695736+02:00
295963699,de:12061:900260009:3:56,0.0,2026-10-02T01:01:04.695736+02:00
295963699,de:12061:900260080:1:51,-0.7,2026-10-02T01:01:04.695736+02:00
295963699,de:12061:900260005:3:55,0.0,2026-10-02T01:01:04.695736+02:00
295963699,de:11000:900196001:1:51,0.0,2026-10-02T01:01:04.695736+02:00
295963699,de:11000:900195510:1:50,-0.4,2026-10-02T01:01:04.695736+02:00
295963699,de:11000:900193002:1:51,-0.6,2026-10-02T01:01:04.695736+02:00
295963699,de:11000:900193001:2:51,-0.3,2026-10-02T01:01:04.695736+02:00
295963699,de:11000:900192001:3:55,-0.2,2026-10-02T01:01:04.695736+02:00
295963699,de:11000:900191001:1:50,-0.9,2026-10-02T01:01:04.695736+02:00
295963699,de:11000:900191002:1:51,-0.3,2026-10-02T01:01:04.695736+02:00
295963699,de:11000:900190001:2:53,-0.1,2026-10-02T01:01:04.695736+02:00
295963699,de:11000:900120003:5:59,-0.3,2026-10-02T01:01:04.695736+02:00
295963699,de:11000:900120001:1:51,-0.6,2026-10-02T01:01:04.695736+02:00
295963699,de:11000:900110012:1:51,-0.8,2026-10-02T01:01:04.695736+02:00
295963699,de:11000:900110004:1:51,-0.7,2026-10-02T01:01:04.695736+02:00
295963699,de:11000:900110003:1:51,0.0,2026-10-02T01:01:04.695736+02:00
295963699,de:11000:900110002:1:51,0.0,2026-10-02T01:01:04.695736+02:00
295963699,de:11000:900110001:1:51,-0.7,2026-10-02T01:01:04.695736+02:00
295963699,de:11000:900110011:2:52,-0.4,2026-10-02T01:01:04.695736+02:00
295963699,de:11000:900130002:1:51,-0.8,2026-10-02T01:01:04.695736+02:00
307332417,de:11000:900029101:1:51,0.0,2026-10-02T01:01:04.695736+02:00
307332417,de:11000:900030202:1:50,-0.3,2026-10-02T01:01:04.695736+02:00
307332417,de:11000:900025424:1:51,-0.2,2026-10-02T01:01:04.695736+02:00
307332417,de:11000:900025321:1:51,-0.2,2026-10-02T01:01:04.695736+02:00
307332417,de:11000:900026105:1:50,-0.4,2026-10-02T01:01:04.695736+02:00
307332417,de:11000:900025423:1:50,-0.7,2026-10-02T01:01:04.695736+02:00
307332417,de:11000:900024102:2:53,-0.7,2026-10-02T01:01:04.695736+02:00
307332417,de:11000:900024101:3:55,-0.3,2026-10-02T01:01:04.695736+02:00
307332417,de:11000:900024203:1:51,-0.8,2026-10-02T01:01:04.695736+02:00
307332417,de:11000:900023201:3:54,-0.7,2026-10-02T01:01:04.695736+02:00
307332417,de:11000:900003103:1:50,-0.8,2026-10-02T01:01:04.695736+02:00
307332417,de:11000:900003102:1:50,-0.9,2026-10-02T01:01:04.695736+02:00
307332417,de:11000:900003201:3:54,-0.5,2026-10-02T01:01:04.695736+02:00
307332417,de:11000:900100001:3:54,-0.1,2026-10-02T01:01:04.695736+02:00
307332417,de:11000:900100002:1:50,-0.4,2026-10-02T01:01:04.695736+02:00
307332417,de:11000:900100003:2:52,-0.1,2026-10-02T01:01:04.695736+02:00
307332417,de:11000:900100004:1:50,-0.4,2026-10-02T01:01:04.695736+02:00
307332417,de:11000:900120005:4:55,-0.6,2026-10-02T01:01:04.695736+02:00
307332417,de:11000:900120004:1:50,-0.1,2026-10-02T01:01:04.695736+02:00
307332417,de:11000:900190001:1:51,-0.2,2026-10-02T01:01:04.695736+02:00
307332417,de:11000:900191002:1:50,0.0,2026-10-02T01:01:04.695736+02:00
307332417,de:11000:900191001:2:52,-0.4,2026-10-02T01:01:04.695736+02:00
307332417,de:11000:900192001:2:52,-0.7,2026-10-02T01:01:04.695736+02:00
307332417,de:11000:900193001:1:50,-0.2,2026-10-02T01:01:04.695736+02:00
307332417,de:11000:900193002:1:50,-0.8,2026-10-02T01:01:04.695736+02:00
307332417,de:11000:900195510:1:51,-0.2,2026-10-02T01:01:04.695736+02:00
307332417,de:11000:900196001:1:50,-0.4,2026-10-02T01:01:04.695736+02:00
307332417,de:12061:900260005:3:54,-0.2,2026-10-02T01:01:04.695736+02:00
307332417,de:12061:900260080:1:50,-0.7,2026-10-02T01:01:04.695736+02:00
307332417,de:12061:900260009:3:55,-0.9,2026-10-02T01:01:04.695736+02:00
307435234,de:12061:900260611:1:50,0.0,2026-10-02T01:01:04.695736+02:00
307435234,de:12061:900260019:1:50,0.0,2026-10-02T01:01:04.695736+02:00
307435234,de:12061:900261512:2:51,0.0,2026-10-02T01:01:04.695736+02:00
307435234,de:12066:900435602:2:51,0.0,2026-10-02T01:01:04.695736+02:00
307435234,de:12066:900435697:1:50,0.0,2026-10-02T01:01:04.695736+02:00
307435234,de:12066:900435884:1:50,0.0,2026-10-02T01:01:04.695736+02:00
307435234,de:12071:900445956:1:50,0.0,2026-10-02T01:01:04.695736+02:00
307435234,de:12071:900445884:1:50,0.0,2026-10-02T01:01:04.695736+02:00
307435234,de:12052:900470000:2:52,0.0,2026-10-02T01:01:04.695736+02:00
307332684,de:11000:900029101:1:51,0.0,2026-10-02T01:01:04.695736+02:00
307332684,de:11000:900030202:1:50,-0.3,2026-10-02T01:01:04.695736+02:00
307332684,de:11000:900025424:1:51,-0.2,2026-10-02T01:01:04.695736+02:00
307332684,de:11000:900025321:1:51,-0.2,2026-10-02T01:01:04.695736+02:00
307332684,de:11000:900026105:1:50,-0.4,2026-10-02T01:01:04.695736+02:00
307332684,de:11000:900025423:1:50,-0.7,2026-10-02T01:01:04.695736+02:00
307332684,de:11000:900024102:2:53,-0.7,2026-10-02T01:01:04.695736+02:00
307332684,de:11000:900024101:3:55,-0.3,2026-10-02T01:01:04.695736+02:00
307332684,de:11000:900024203:1:51,-0.8,2026-10-02T01:01:04.695736+02:00
307332684,de:11000:900023201:3:54,-0.7,2026-10-02T01:01:04.695736+02:00
307332684,de:11000:900003103:1:50,-0.8,2026-10-02T01:01:04.695736+02:00
307332684,de:11000:900003102:1:50,-0.9,2026-10-02T01:01:04.695736+02:00
307332684,de:11000:900003201:3:54,-0.5,2026-10-02T01:01:04.695736+02:00
307332684,de:11000:900100001:3:54,-0.1,2026-10-02T01:01:04.695736+02:00
307332684,de:11000:900100002:1:50,-0.4,2026-10-02T01:01:04.695736+02:00
307332684,de:11000:900100003:2:52,-0.1,2026-10-02T01:01:04.695736+02:00
307332684,de:11000:900100004:1:50,-0.4,2026-10-02T01:01:04.695736+02:00
307332684,de:11000:900120005:4:56,-0.6,2026-10-02T01:01:04.695736+02:00
307332684,de:11000:900120004:1:51,-0.1,2026-10-02T01:01:04.695736+02:00
307332684,de:11000:900190001:1:51,-0.2,2026-10-02T01:01:04.695736+02:00
307332684,de:11000:900191002:1:50,0.0,2026-10-02T01:01:04.695736+02:00
307332684,de:11000:900191001:2:52,-0.4,2026-10-02T01:01:04.695736+02:00
307332684,de:11000:900192001:2:52,-0.7,2026-10-02T01:01:04.695736+02:00
307332684,de:11000:900193001:1:50,-0.2,2026-10-02T01:01:04.695736+02:00
307332684,de:11000:900193002:1:50,-0.8,2026-10-02T01:01:04.695736+02:00
307332684,de:11000:900195510:1:51,-0.2,2026-10-02T01:01:04.695736+02:00
307332684,de:11000:900196001:1:50,-0.4,2026-10-02T01:01:04.695736+02:00
307332684,de:12061:900260005:3:54,-0.2,2026-10-02T01:01:04.695736+02:00
307332684,de:12061:900260080:1:50,-0.7,2026-10-02T01:01:04.695736+02:00
307332684,de:12061:900260009:3:55,-0.9,2026-10-02T01:01:04.695736+02:00
306051649,de:12064:900320006::1,0.0,2026-10-02T01:01:04.695736+02:00
306051649,de:12064:900320639::2,0.0,2026-10-02T01:01:04.695736+02:00
306051649,de:12064:900320650::1,0.0,2026-10-02T01:01:04.695736+02:00
306051649,de:12064:900320652::1,0.0,2026-10-02T01:01:04.695736+02:00
306051649,de:12064:900320657::1,0.0,2026-10-02T01:01:04.695736+02:00
306051649,de:12064:900320658::1,0.0,2026-10-02T01:01:04.695736+02:00
306051649,de:12064:900320653::1,0.0,2026-10-02T01:01:04.695736+02:00
306051649,de:12064:900320654::1,0.0,2026-10-02T01:01:04.695736+02:00
306051649,de:12064:900320655::1,0.0,2026-10-02T01:01:04.695736+02:00
306051649,de:12064:900320661::2,0.0,2026-10-02T01:01:04.695736+02:00
306895879,de:12067:900310001::5,0.0,2026-10-02T01:01:04.695736+02:00
306895879,de:12067:900311149::1,0.0,2026-10-02T01:01:04.695736+02:00
306895879,de:12067:900310781::1,0.0,2026-10-02T01:01:04.695736+02:00
306895879,de:12067:900310789::1,0.0,2026-10-02T01:01:04.695736+02:00
306895879,de:12067:900310797::1,0.0,2026-10-02T01:01:04.695736+02:00
306895879,de:12067:900310773::1,0.0,2026-10-02T01:01:04.695736+02:00
306895879,de:12067:900311115::1,0.0,2026-10-02T01:01:04.695736+02:00
306895886,de:12067:900310001::5,0.0,2026-10-02T01:01:04.695736+02:00
306895886,de:12067:900311149::1,0.0,2026-10-02T01:01:04.695736+02:00
306895886,de:12067:900310781::1,0.0,2026-10-02T01:01:04.695736+02:00
306895886,de:12067:900310789::1,0.0,2026-10-02T01:01:04.695736+02:00
306895886,de:12067:900310797::1,0.0,2026-10-02T01:01:04.695736+02:00
306895886,de:12067:900310773::1,0.0,2026-10-02T01:01:04.695736+02:00
306895886,de:12067:900311115::1,0.0,2026-10-02T01:01:04.695736+02:00
306895950,de:12064:900320250::1,0.0,2026-10-02T01:01:04.695736+02:00
306895950,de:12064:900320267::2,0.0,2026-10-02T01:01:04.695736+02:00
306895950,de:12067:900310017::2,0.0,2026-10-02T01:01:04.695736+02:00
306895950,de:12067:900310509::1,0.0,2026-10-02T01:01:04.695736+02:00
306895950,de:12067:900310508::1,0.0,2026-10-02T01:01:04.695736+02:00
306895950,de:12067:900310580::1,0.0,2026-10-02T01:01:04.695736+02:00
306895950,de:12067:900311095::1,0.0,2026-10-02T01:01:04.695736+02:00
306895950,de:12067:900311097::1,0.0,2026-10-02T01:01:04.695736+02:00
306895950,de:12067:900311096::2,0.0,2026-10-02T01:01:04.695736+02:00
306895950,de:12067:900311096::1,0.0,2026-10-02T01:01:04.695736+02:00
306895950,de:12067:900311097::2,0.0,2026-10-02T01:01:04.695736+02:00
306895950,de:12067:900311095::2,0.0,2026-10-02T01:01:04.695736+02:00
306895950,de:12067:900310580::2,0.0,2026-10-02T01:01:04.695736+02:00
306895950,de:12067:900310578::4,0.0,2026-10-02T01:01:04.695736+02:00
306895950,de:12067:900310534::2,0.0,2026-10-02T01:01:04.695736+02:00
306895950,de:11000:900310550::2,0.0,2026-10-02T01:01:04.695736+02:00
306895950,de:12067:900310572::2,0.0,2026-10-02T01:01:04.695736+02:00
306895950,de:12067:900310013::2,0.0,2026-10-02T01:01:04.695736+02:00
306895950,de:12067:900310563::3,0.0,2026-10-02T01:01:04.695736+02:00
306895950,de:12067:900310560::1,0.0,2026-10-02T01:01:04.695736+02:00
306895950,de:12067:900310573::1,0.0,2026-10-02T01:01:04.695736+02:00
306895950,de:12067:900310581::1,0.0,2026-10-02T01:01:04.695736+02:00
306895950,de:12067:900310567::1,0.0,2026-10-02T01:01:04.695736+02:00
306895950,de:12067:900310561::1,0.0,2026-10-02T01:01:04.695736+02:00
306895950,de:12067:900310565::1,0.0,2026-10-02T01:01:04.695736+02:00
306896362,de:12067:900311129::4,0.0,2026-10-02T01:01:04.695736+02:00
306896362,de:12067:900310755::2,0.0,2026-10-02T01:01:04.695736+02:00
306896362,de:12067:900310728::3,0.0,2026-10-02T01:01:04.695736+02:00
306896362,de:12067:900310727::3,0.0,2026-10-02T01:01:04.695736+02:00
306896362,de:12067:900310942::1,0.0,2026-10-02T01:01:04.695736+02:00
306896362,de:12067:900310716::1,0.0,2026-10-02T01:01:04.695736+02:00
306896362,de:12067:900310740::1,0.0,2026-10-02T01:01:04.695736+02:00
306896362,de:12067:900310739::2,0.0,2026-10-02T01:01:04.695736+02:00
306896362,de:12067:900310747::2,0.0,2026-10-02T01:01:04.695736+02:00
306896362,de:12067:900310924::2,0.0,2026-10-02T01:01:04.695736+02:00
306896362,de:12067:900310925::1,0.0,2026-10-02T01:01:04.695736+02:00
306896362,de:12067:900310600::2,0.0,2026-10-02T01:01:04.695736+02:00
306896362,de:12067:900310829::1,0.0,2026-10-02T01:01:04.695736+02:00
306896362,de:12067:900310827::2,0.0,2026-10-02T01:01:04.695736+02:00
306896362,de:12067:900310982::1,0.0,2026-10-02T01:01:04.695736+02:00
306896362,de:12067:900310757::2,0.0,2026-10-02T01:01:04.695736+02:00
306896362,de:12067:900310756::2,0.0,2026-10-02T01:01:04.695736+02:00
306896362,de:12067:900310118::2,0.0,2026-10-02T01:01:04.695736+02:00
306896362,de:12067:900310100::2,0.0,2026-10-02T01:01:04.695736+02:00
306896362,de:12067:900310108::2,0.0,2026-10-02T01:01:04.695736+02:00
306896362,de:12067:900310111::2,0.0,2026-10-02T01:01:04.695736+02:00
306896362,de:12067:900310101::2,0.0,2026-10-02T01:01:04.695736+02:00
306896362,de:12067:900310112::2,0.0,2026-10-02T01:01:04.695736+02:00
306896362,de:12067:900310109::1,0.0,2026-10-02T01:01:04.695736+02:00
306896362,de:12067:900310040::2,0.0,2026-10-02T01:01:04.695736+02:00
306896362,de:12067:900310105::2,0.0,2026-10-02T01:01:04.695736+02:00
306896362,de:12067:900310970::2,0.0,2026-10-02T01:01:04.695736+02:00
306896362,de:12067:900310972::2,0.0,2026-10-02T01:01:04.695736+02:00
306896362,de:12067:900310810::1,0.0,2026-10-02T01:01:04.695736+02:00
306896362,de:12067:900310769::2,0.0,2026-10-02T01:01:04.695736+02:00
306896362,de:12067:900310695::3,0.0,2026-10-02T01:01:04.695736+02:00
306896362,de:12067:900310812::2,0.0,2026-10-02T01:01:04.695736+02:00
306896362,de:12067:900310630::2,0.0,2026-10-02T01:01:04.695736+02:00
306896362,de:12067:900310811::2,0.0,2026-10-02T01:01:04.695736+02:00
306896362,de:12067:900310771::2,0.0,2026-10-02T01:01:04.695736+02:00
306896362,de:12067:900310822::2,0.0,2026-10-02T01:01:04.695736+02:00
306896362,de:12067:900310781::2,0.0,2026-10-02T01:01:04.695736+02:00
306896362,de:12067:900310627::2,-0.5,2026-10-02T01:01:04.695736+02:00
306896362,de:12067:900310816::2,0.0,2026-10-02T01:01:04.695736+02:00
306896362,de:12067:900310022::1,0.0,2026-10-02T01:01:04.695736+02:00
306896362,de:12067:900310001::11,0.0,2026-10-02T01:01:04.695736+02:00
307252334,de:11000:900003200:5:58,0.0,2026-10-02T01:01:04.695736+02:00
307252334,de:11000:900009104:1:50,-0.8,2026-10-02T01:01:04.695736+02:00
307252334,de:11000:900007102:2:52,-0.4,2026-10-02T01:01:04.695736+02:00
307252332,de:11000:900003200:5:58,0.0,2026-10-02T01:01:04.695736+02:00
307252332,de:11000:900009104:1:50,-0.8,2026-10-02T01:01:04.695736+02:00
307252332,de:11000:900007102:2:52,-0.4,2026-10-02T01:01:04.695736+02:00
295882544,de:11000:900053301:2:52,0.0,2026-10-02T01:01:04.695736+02:00
295882544,de:11000:900052201:1:51,0.0,2026-10-02T01:01:04.695736+02:00
295882544,de:11000:900050355:1:51,-0.3,2026-10-02T01:01:04.695736+02:00
295882544,de:11000:900050301:1:51,-0.4,2026-10-02T01:01:04.695736+02:00
295882544,de:11000:900049201:1:51,0.0,2026-10-02T01:01:04.695736+02:00
295882544,de:11000:900049202:1:51,0.0,2026-10-02T01:01:04.695736+02:00
295882544,de:11000:900066101:1:51,-0.3,2026-10-02T01:01:04.695736+02:00
295882544,de:11000:900066102:1:51,-0.2,2026-10-02T01:01:04.695736+02:00
295882544,de:11000:900062202:1:51,-0.2,2026-10-02T01:01:04.695736+02:00
295882544,de:11000:900063101:1:51,-0.2,2026-10-02T01:01:04.695736+02:00
295882544,de:11000:900060101:1:51,-0.9,2026-10-02T01:01:04.695736+02:00
295882544,de:11000:900054104:1:51,-0.9,2026-10-02T01:01:04.695736+02:00
295882544,de:11000:900057104:1:50,-0.4,2026-10-02T01:01:04.695736+02:00
295882544,de:11000:900057102:1:51,-0.1,2026-10-02T01:01:04.695736+02:00
295882544,de:11000:900012101:2:52,-0.9,2026-10-02T01:01:04.695736+02:00
295882544,de:11000:900100020:4:57,-0.3,2026-10-02T01:01:04.695736+02:00
295882544,de:11000:900100025:1:51,-0.4,2026-10-02T01:01:04.695736+02:00
295882544,de:11000:900100001:4:57,-0.1,2026-10-02T01:01:04.695736+02:00
295882544,de:11000:900100007:1:51,-0.2,2026-10-02T01:01:04.695736+02:00
295882544,de:11000:900007104:2:52,-0.2,2026-10-02T01:01:04.695736+02:00
295882544,de:11000:900008101:1:51,-0.9,2026-10-02T01:01:04.695736+02:00
295882544,de:11000:900007102:2:53,-0.6,2026-10-02T01:01:04.695736+02:00
295882544,de:11000:900110011:2:53,-0.9,2026-10-02T01:01:04.695736+02:00
295882544,de:11000:900085201:1:50,-0.9,2026-10-02T01:01:04.695736+02:00
295882544,de:11000:900084101:1:50,-0.7,2026-10-02T01:01:04.695736+02:00
295882544,de:11000:900096101:1:50,-0.8,2026-10-02T01:01:04.695736+02:00
295882544,de:11000:900094101:1:50,-0.1,2026-10-02T01:01:04.695736+02:00
295882544,de:11000:900093201:1:50,-0.4,2026-10-02T01:01:04.695736+02:00
295882544,de:11000:900092201:1:50,-0.2,2026-10-02T01:01:04.695736+02:00
306895911,de:12067:900311145::2,0.0,2026-10-02T01:01:04.695736+02:00
306895911,de:12067:900310817::2,0.0,2026-10-02T01:01:04.695736+02:00
306895911,de:12067:900310837::2,0.0,2026-10-02T01:01:04.695736+02:00
306895911,de:12067:900310875::2,0.0,2026-10-02T01:01:04.695736+02:00
306895911,de:12067:900310796::2,0.0,2026-10-02T01:01:04.695736+02:00
306895911,de:12067:900310777::2,0.0,2026-10-02T01:01:04.695736+02:00
306895911,de:12067:900310808::2,0.0,2026-10-02T01:01:04.695736+02:00
306895911,de:12067:900310822::2,0.0,2026-10-02T01:01:04.695736+02:00
306895911,de:12067:900310781::2,0.0,2026-10-02T01:01:04.695736+02:00
306895911,de:12067:900311155::1,0.0,2026-10-02T01:01:04.695736+02:00
306895911,de:12067:900311149::2,0.0,2026-10-02T01:01:04.695736+02:00
306895911,de:12067:900310001::11,0.0,2026-10-02T01:01:04.695736+02:00
306896555,de:12067:900310001::3,0.0,2026-10-02T01:01:04.695736+02:00
306896555,de:12067:900311149::1,0.0,2026-10-02T01:01:04.695736+02:00
306896555,de:12067:900311135::1,0.0,2026-10-02T01:01:04.695736+02:00
306896555,de:12067:900311150::1,0.0,2026-10-02T01:01:04.695736+02:00
306896555,de:12067:900310804::1,0.0,2026-10-02T01:01:04.695736+02:00
306896555,de:12067:900310814::1,0.0,2026-10-02T01:01:04.695736+02:00
306896555,de:12067:900310775::1,0.0,2026-10-02T01:01:04.695736+02:00
306896555,de:12067:900310818::1,0.0,2026-10-02T01:01:04.695736+02:00
306896555,de:12067:900310963::1,0.0,2026-10-02T01:01:04.695736+02:00
306896555,de:12067:900310959::1,0.0,2026-10-02T01:01:04.695736+02:00
306896555,de:12067:900310962::1,0.0,2026-10-02T01:01:04.695736+02:00
306896555,de:12067:900311045::1,0.0,2026-10-02T01:01:04.695736+02:00
306896555,de:12067:900311046::1,0.0,2026-10-02T01:01:04.695736+02:00
306896555,de:12067:900310871::1,0.0,2026-10-02T01:01:04.695736+02:00
306896555,de:12067:900310080::1,0.0,2026-10-02T01:01:04.695736+02:00
306896555,de:12067:900310710::1,0.0,2026-10-02T01:01:04.695736+02:00
306896555,de:12067:900310708::1,0.0,2026-10-02T01:01:04.695736+02:00
307438365,de:12052:900470000:1:50,0.0,2026-10-02T01:01:04.695736+02:00
307438365,de:12066:900435001:2:52,0.0,2026-10-02T01:01:04.695736+02:00
307438365,de:12066:900435000:2:53,0.0,2026-10-02T01:01:04.695736+02:00
307432329,de:12054:900230003:4:53,0.0,2026-10-02T01:01:04.695736+02:00
307432329,de:12054:900230999:1:51,0.0,2026-10-02T01:01:04.695736+02:00
307432329,de:12054:900230006:1:50,0.0,2026-10-02T01:01:04.695736+02:00
307432329,de:12054:900230007:1:50,0.0,2026-10-02T01:01:04.695736+02:00
307432329,de:12054:900220010:1:50,0.0,2026-10-02T01:01:04.695736+02:00
307432329,de:12054:900230002:1:52,0.0,2026-10-02T01:01:04.695736+02:00
307432329,de:12069:900220002:1:50,0.0,2026-10-02T01:01:04.695736+02:00
307432329,de:12072:900245836:1:50,0.0,2026-10-02T01:01:04.695736+02:00
307432329,de:12061:900260009:2:54,0.0,2026-10-02T01:01:04.695736+02:00
307431832,de:12061:900260009:2:54,0.0,2026-10-02T01:01:04.695736+02:00
307431832,de:12072:900245836:2:51,0.0,2026-10-02T01:01:04.695736+02:00
307431832,de:12069:900220002:2:51,0.0,2026-10-02T01:01:04.695736+02:00
307431832,de:12054:900230002:1:50,0.0,2026-10-02T01:01:04.695736+02:00
307431832,de:12054:900220010:2:51,0.0,2026-10-02T01:01:04.695736+02:00
307431832,de:12054:900230007:2:52,0.0,2026-10-02T01:01:04.695736+02:00
307431832,de:12054:900230006:2:51,0.0,2026-10-02T01:01:04.695736+02:00
307431832,de:12054:900230999:2:53,0.0,2026-10-02T01:01:04.695736+02:00
307431832,de:12054:900230003:4:53,0.0,2026-10-02T01:01:04.695736+02:00
307438202,de:14625:8000,0.0,2026-10-02T01:01:04.695736+02:00
307438202,de:14625:8144:1:Gleis1,0.0,2026-10-02T01:01:04.695736+02:00
307438202,de:14625:6810,0.0,2026-10-02T01:01:04.695736+02:00
307438202,de:12066:900435314:2:52,0.0,2026-10-02T01:01:04.695736+02:00
307438202,de:12066:900435061:3:53,0.0,2026-10-02T01:01:04.695736+02:00
307438202,de:12066:900435203:2:51,0.0,2026-10-02T01:01:04.695736+02:00
307438202,de:12062:900416008:1:50,0.0,2026-10-02T01:01:04.695736+02:00
307438202,de:12062:900415167:1:50,0.0,2026-10-02T01:01:04.695736+02:00
307438202,de:12062:900415240:1:50,0.0,2026-10-02T01:01:04.695736+02:00
307438202,de:12062:900415345:2:52,0.0,2026-10-02T01:01:04.695736+02:00
306896712,de:12067:900311039::1,0.0,2026-10-02T01:01:04.695736+02:00
306896712,de:12067:900311031::2,-0.5,2026-10-02T01:01:04.695736+02:00
306896712,de:12067:900311040::2,-0.5,2026-10-02T01:01:04.695736+02:00
306896712,de:12067:900311038::2,-0.5,2026-10-02T01:01:04.695736+02:00
306896712,de:12067:900311041::2,-0.5,2026-10-02T01:01:04.695736+02:00
306896712,de:12067:900311032::2,-0.5,2026-10-02T01:01:04.695736+02:00
306896712,de:12067:900311037::2,-0.5,2026-10-02T01:01:04.695736+02:00
306896712,de:12067:900310928::2,-0.5,2026-10-02T01:01:04.695736+02:00
306896712,de:12067:900310930::2,0.0,2026-10-02T01:01:04.695736+02:00
306896712,de:12067:900310929::2,-0.5,2026-10-02T01:01:04.695736+02:00
306896712,de:12067:900310742::2,0.0,2026-10-02T01:01:04.695736+02:00
306896712,de:12067:900310741::2,-0.5,2026-10-02T01:01:04.695736+02:00
306896712,de:12067:900310743::2,-0.5,2026-10-02T01:01:04.695736+02:00
306896712,de:12067:900310785::2,-0.5,2026-10-02T01:01:04.695736+02:00
306896712,de:12067:900310819::2,-0.5,2026-10-02T01:01:04.695736+02:00
306896712,de:12067:900310817::2,-0.5,2026-10-02T01:01:04.695736+02:00
306896712,de:12067:900310837::2,-0.5,2026-10-02T01:01:04.695736+02:00
306896712,de:12067:900310875::2,-0.5,2026-10-02T01:01:04.695736+02:00
306896712,de:12067:900310796::2,-0.5,2026-10-02T01:01:04.695736+02:00
306896712,de:12067:900310777::2,-0.5,2026-10-02T01:01:04.695736+02:00
306896712,de:12067:900310808::2,-0.5,2026-10-02T01:01:04.695736+02:00
306896712,de:12067:900310822::2,-0.5,2026-10-02T01:01:04.695736+02:00
306896712,de:12067:900310781::2,-0.5,2026-10-02T01:01:04.695736+02:00
306896712,de:12067:900310627::2,-0.5,2026-10-02T01:01:04.695736+02:00
306896712,de:12067:900310816::2,0.0,2026-10-02T01:01:04.695736+02:00
306896712,de:12067:900310022::1,0.0,2026-10-02T01:01:04.695736+02:00
306896712,de:12067:900310001::11,0.0,2026-10-02T01:01:04.695736+02:00
307431125,de:12063:900210001:1:50,0.0,2026-10-02T01:01:04.695736+02:00
307431125,de:12054:900220012:1:50,0.0,2026-10-02T01:01:04.695736+02:00
307431125,de:12054:900220010:2:51,0.0,2026-10-02T01:01:04.695736+02:00
307431125,de:12054:900230007:2:52,0.0,2026-10-02T01:01:04.695736+02:00
307431125,de:12054:900230006:2:51,0.0,2026-10-02T01:01:04.695736+02:00
307431125,de:12054:900230999:2:53,0.0,2026-10-02T01:01:04.695736+02:00
307431125,de:12054:900230003:4:53,0.0,2026-10-02T01:01:04.695736+02:00
307431125,de:11000:900053301:3:55,0.0,2026-10-02T01:01:04.695736+02:00
307431125,de:11000:900024101:2:52,0.0,2026-10-02T01:01:04.695736+02:00
307431125,de:11000:900029101:2:52,0.0,2026-10-02T01:01:04.695736+02:00
307431125,de:12063:900210010:1:50,0.0,2026-10-02T01:01:04.695736+02:00
307431125,de:12065:900200000:1:51,0.0,2026-10-02T01:01:04.695736+02:00
307431418,de:12065:900200000:1:51,0.0,2026-10-02T01:01:04.695736+02:00
307431418,de:12063:900210010:2:51,0.0,2026-10-02T01:01:04.695736+02:00
307431418,de:11000:900029101:3:55,0.0,2026-10-02T01:01:04.695736+02:00
307431418,de:11000:900024101:1:51,0.0,2026-10-02T01:01:04.695736+02:00
307431418,de:11000:900053301:3:54,0.0,2026-10-02T01:01:04.695736+02:00
307431418,de:12054:900230003:3:52,0.0,2026-10-02T01:01:04.695736+02:00
307431418,de:12054:900230999:1:51,0.0,2026-10-02T01:01:04.695736+02:00
307431418,de:12054:900230006:1:50,0.0,2026-10-02T01:01:04.695736+02:00
307431418,de:12054:900230007:1:50,0.0,2026-10-02T01:01:04.695736+02:00
307431418,de:12054:900220010:1:50,0.0,2026-10-02T01:01:04.695736+02:00
307431418,de:12054:900220012:2:51,0.0,2026-10-02T01:01:04.695736+02:00
307431418,de:12063:900210001:2:51,0.0,2026-10-02T01:01:04.695736+02:00
306896991,de:12067:900311308::5,0.0,2026-10-02T01:01:04.695736+02:00
306896991,de:12067:900311380::1,0.0,2026-10-02T01:01:04.695736+02:00
306896991,de:12067:900311348::1,0.0,2026-10-02T01:01:04.695736+02:00
306896991,de:12067:900311350::1,0.0,2026-10-02T01:01:04.695736+02:00
306896991,de:12067:900311321::2,0.0,2026-10-02T01:01:04.695736+02:00
306896991,de:12067:900311353::2,0.0,2026-10-02T01:01:04.695736+02:00
306896991,de:12067:900311383::6,0.0,2026-10-02T01:01:04.695736+02:00
306896991,de:12067:900311305::1,0.0,2026-10-02T01:01:04.695736+02:00
306896991,de:12067:900311304::2,0.0,2026-10-02T01:01:04.695736+02:00
306896991,de:12067:900311334::2,0.0,2026-10-02T01:01:04.695736+02:00
306896991,de:12067:900311333::2,0.0,2026-10-02T01:01:04.695736+02:00
306896991,de:12067:900311352::2,0.0,2026-10-02T01:01:04.695736+02:00
306896991,de:12067:900311336::2,0.0,2026-10-02T01:01:04.695736+02:00
306896991,de:12067:900311371::1,0.0,2026-10-02T01:01:04.695736+02:00
306896991,de:12067:900311364::1,0.0,2026-10-02T01:01:04.695736+02:00
306896991,de:12067:900311374::2,0.0,2026-10-02T01:01:04.695736+02:00
306896991,de:12067:900311365::2,0.0,2026-10-02T01:01:04.695736+02:00
306896991,de:12067:900311363::2,0.0,2026-10-02T01:01:04.695736+02:00
306896991,de:12067:900311362::2,0.0,2026-10-02T01:01:04.695736+02:00
306896991,de:12067:900311377::2,0.0,2026-10-02T01:01:04.695736+02:00
306896991,de:12067:900311376::2,0.0,2026-10-02T01:01:04.695736+02:00
306896991,de:12067:900311316::2,0.0,2026-10-02T01:01:04.695736+02:00
306896991,de:12067:900311384::2,0.0,2026-10-02T01:01:04.695736+02:00
306896991,de:12067:900311317::2,0.0,2026-10-02T01:01:04.695736+02:00
306896991,de:12067:900310027::2,0.0,2026-10-02T01:01:04.695736+02:00
306896991,de:12067:900311359::2,0.0,2026-10-02T01:01:04.695736+02:00
306896991,de:12067:900311345::2,0.0,2026-10-02T01:01:04.695736+02:00
306896991,de:12067:900311341::2,0.0,2026-10-02T01:01:04.695736+02:00
306896991,de:12067:900311339::1,0.0,2026-10-02T01:01:04.695736+02:00
306896991,de:12067:900311340::1,0.0,2026-10-02T01:01:04.695736+02:00
306896991,de:12067:900311313::1,0.0,2026-10-02T01:01:04.695736+02:00
306896991,de:12067:900311314::1,0.0,2026-10-02T01:01:04.695736+02:00
306896991,de:12067:900311313::2,0.0,2026-10-02T01:01:04.695736+02:00
306896991,de:12067:900311339::2,0.0,2026-10-02T01:01:04.695736+02:00
306896991,de:12067:900311309::1,0.0,2026-10-02T01:01:04.695736+02:00
306896991,de:12067:900311310::1,0.0,2026-10-02T01:01:04.695736+02:00
306896991,de:12067:900311307::1,0.0,2026-10-02T01:01:04.695736+02:00
306896991,de:12067:900311308::4,0.0,2026-10-02T01:01:04.695736+02:00
307432914,de:12072:900245027:2:53,0.0,2026-10-02T01:01:04.695736+02:00
307432914,de:12061:900260009:2:54,0.0,2026-10-02T01:01:04.695736+02:00
307432914,de:11000:900192001:1:51,0.0,2026-10-02T01:01:04.695736+02:00
307432914,de:11000:900120003:4:57,0.0,2026-10-02T01:01:04.695736+02:00
307432914,de:11000:900160004:2:53,0.0,2026-10-02T01:01:04.695736+02:00
307432914,de:11000:900152001:2:52,0.0,2026-10-02T01:01:04.695736+02:00
307432914,de:12060:900350160:2:53,0.0,2026-10-02T01:01:04.695736+02:00
307432914,de:12060:900350158:1:50,0.0,2026-10-02T01:01:04.695736+02:00
307432914,de:12060:900350137:1:50,0.0,2026-10-02T01:01:04.695736+02:00
307432914,de:12060:900350126:1:50,0.0,2026-10-02T01:01:04.695736+02:00
307432914,de:12060:900350127:2:51,0.0,2026-10-02T01:01:04.695736+02:00
306896588,de:12067:900310009::1,0.0,2026-10-02T01:01:04.695736+02:00
306896588,de:12067:900310007::2,0.0,2026-10-02T01:01:04.695736+02:00
306896588,de:12067:900310876::2,0.0,2026-10-02T01:01:04.695736+02:00
306896588,de:12067:900310969::2,0.0,2026-10-02T01:01:04.695736+02:00
306896588,de:12067:900310973::1,0.0,2026-10-02T01:01:04.695736+02:00
306896588,de:12067:900310745::1,0.0,2026-10-02T01:01:04.695736+02:00
306896588,de:12067:900311086::0,0.0,2026-10-02T01:01:04.695736+02:00
306896588,de:12067:900310947::2,0.0,2026-10-02T01:01:04.695736+02:00
306896588,de:12067:900310704::1,0.0,2026-10-02T01:01:04.695736+02:00
306896588,de:12067:900310705::2,0.0,2026-10-02T01:01:04.695736+02:00
306896588,de:12067:900310706::1,0.0,2026-10-02T01:01:04.695736+02:00
306896588,de:12067:900311089::1,0.0,2026-10-02T01:01:04.695736+02:00
306896588,de:12067:900311088::1,0.0,2026-10-02T01:01:04.695736+02:00
306896588,de:12067:900311090::2,0.0,2026-10-02T01:01:04.695736+02:00
306896588,de:12067:900310762::2,0.0,2026-10-02T01:01:04.695736+02:00
306896588,de:12067:900310763::2,0.0,2026-10-02T01:01:04.695736+02:00
306896588,de:12067:900310761::2,-0.5,2026-10-02T01:01:04.695736+02:00
306896588,de:12067:900310754::2,0.0,2026-10-02T01:01:04.695736+02:00
306896588,de:12067:900310005::2,0.0,2026-10-02T01:01:04.695736+02:00
306896588,de:12067:900310733::2,0.0,2026-10-02T01:01:04.695736+02:00
306896588,de:12067:900310734::2,0.0,2026-10-02T01:01:04.695736+02:00
306896588,de:12067:900310824::2,0.0,2026-10-02T01:01:04.695736+02:00
306896588,de:12067:900310782::2,0.0,2026-10-02T01:01:04.695736+02:00
306896588,de:12067:900311109::2,0.0,2026-10-02T01:01:04.695736+02:00
306896588,de:12067:900310773::2,0.0,2026-10-02T01:01:04.695736+02:00
306896588,de:12067:900310797::2,0.0,2026-10-02T01:01:04.695736+02:00
306896588,de:12067:900310789::2,0.0,2026-10-02T01:01:04.695736+02:00
306896588,de:12067:900310781::2,0.0,2026-10-02T01:01:04.695736+02:00
306896588,de:12067:900310627::2,0.0,2026-10-02T01:01:04.695736+02:00
306896588,de:12067:900310816::2,0.0,2026-10-02T01:01:04.695736+02:00
306896588,de:12067:900310022::1,0.0,2026-10-02T01:01:04.695736+02:00
306896588,de:12067:900310001::11,0.0,2026-10-02T01:01:04.695736+02:00
307435347,de:12061:900260009:2:54,0.0,2026-10-02T01:01:04.695736+02:00
307435347,de:11000:900058101:4:57,0.0,2026-10-02T01:01:04.695736+02:00
307435347,de:11000:900100020:2:53,0.0,2026-10-02T01:01:04.695736+02:00
307435347,de:11000:900003200:4:57,0.0,2026-10-02T01:01:04.695736+02:00
307440272,de:12065:900203452:1:51,0.0,2026-10-02T01:01:04.695736+02:00
307440272,de:12065:900204001:1:50,0.0,2026-10-02T01:01:04.695736+02:00
307440272,de:12065:900203671:1:50,0.0,2026-10-02T01:01:04.695736+02:00
307440272,de:12065:900204003:1:50,0.0,2026-10-02T01:01:04.695736+02:00
307440272,de:12065:900200004:1:51,0.0,2026-10-02T01:01:04.695736+02:00
307440272,de:12065:900200000:1:51,0.0,2026-10-02T01:01:04.695736+02:00
295893007,de:12060:900350160:1:51,0.0,2026-10-02T01:01:04.695736+02:00
295893007,de:12060:900350161:1:50,-0.3,2026-10-02T01:01:04.695736+02:00
295893007,de:12060:900350163:1:50,-0.1,2026-10-02T01:01:04.695736+02:00
295893007,de:12060:900350162:1:50,-0.8,2026-10-02T01:01:04.695736+02:00
295893007,de:11000:900135001:1:50,-0.3,2026-10-02T01:01:04.695736+02:00
295893007,de:11000:900143001:1:51,-0.8,2026-10-02T01:01:04.695736+02:00
295893007,de:11000:900142001:1:51,-0.3,2026-10-02T01:01:04.695736+02:00
295893007,de:11000:900130001:1:51,-0.8,2026-10-02T01:01:04.695736+02:00
295893007,de:11000:900130002:1:51,-0.3,2026-10-02T01:01:04.695736+02:00
295893007,de:11000:900110011:1:51,-0.7,2026-10-02T01:01:04.695736+02:00
295893007,de:11000:900007102:1:50,-0.7,2026-10-02T01:01:04.695736+02:00
295893007,de:11000:900008101:1:50,-0.5,2026-10-02T01:01:04.695736+02:00
295893007,de:11000:900007104:1:51,-0.2,2026-10-02T01:01:04.695736+02:00
295893007,de:11000:900100007:1:50,-0.2,2026-10-02T01:01:04.695736+02:00
295893007,de:11000:900100001:4:56,0.0,2026-10-02T01:01:04.695736+02:00
295893007,de:11000:900100025:1:50,-0.9,2026-10-02T01:01:04.695736+02:00
295893007,de:11000:900100020:3:54,-0.9,2026-10-02T01:01:04.695736+02:00
295893007,de:11000:900012101:1:51,0.0,2026-10-02T01:01:04.695736+02:00
295893007,de:11000:900058103:1:50,-0.8,2026-10-02T01:01:04.695736+02:00
295893007,de:11000:900058101:1:50,-0.4,2026-10-02T01:01:04.695736+02:00
295893007,de:11000:900058102:1:50,-0.4,2026-10-02T01:01:04.695736+02:00
295893007,de:11000:900068301:1:50,-0.7,2026-10-02T01:01:04.695736+02:00
295893007,de:11000:900073101:1:50,-0.9,2026-10-02T01:01:04.695736+02:00
295893007,de:11000:900072101:1:50,-0.2,2026-10-02T01:01:04.695736+02:00
295893007,de:11000:900074202:1:50,-0.2,2026-10-02T01:01:04.695736+02:00
295893007,de:11000:900074201:1:50,-0.4,2026-10-02T01:01:04.695736+02:00
295893007,de:12072:900245028:1:51,-0.9,2026-10-02T01:01:04.695736+02:00
295893007,de:12072:900245027:2:52,-0.9,2026-10-02T01:01:04.695736+02:00
295893104,de:12072:900245027:2:52,0.0,2026-10-02T01:01:04.695736+02:00
295893104,de:12072:900245028:1:50,-0.9,2026-10-02T01:01:04.695736+02:00
295893104,de:11000:900074201:1:50,-0.9,2026-10-02T01:01:04.695736+02:00
295893104,de:11000:900074202:2:51,-0.1,2026-10-02T01:01:04.695736+02:00
295893104,de:11000:900072101:2:51,-0.1,2026-10-02T01:01:04.695736+02:00
295893104,de:11000:900073101:1:51,-0.4,2026-10-02T01:01:04.695736+02:00
295893104,de:11000:900068301:1:51,-0.7,2026-10-02T01:01:04.695736+02:00
295893104,de:11000:900058102:2:51,-0.7,2026-10-02T01:01:04.695736+02:00
295893104,de:11000:900058101:1:51,-0.3,2026-10-02T01:01:04.695736+02:00
295893104,de:11000:900058103:1:51,-0.1,2026-10-02T01:01:04.695736+02:00
295893104,de:11000:900012101:2:53,-0.7,2026-10-02T01:01:04.695736+02:00
295893104,de:11000:900100020:4:57,-0.8,2026-10-02T01:01:04.695736+02:00
295893104,de:11000:900100025:1:51,-0.9,2026-10-02T01:01:04.695736+02:00
295893104,de:11000:900100001:4:57,-0.6,2026-10-02T01:01:04.695736+02:00
295893104,de:11000:900100007:1:51,-0.7,2026-10-02T01:01:04.695736+02:00
295893104,de:11000:900007104:2:52,-0.7,2026-10-02T01:01:04.695736+02:00
295893104,de:11000:900008101:1:51,-0.4,2026-10-02T01:01:04.695736+02:00
295893104,de:11000:900007102:2:53,-0.1,2026-10-02T01:01:04.695736+02:00
295893104,de:11000:900110011:2:52,-0.4,2026-10-02T01:01:04.695736+02:00
295893104,de:11000:900130002:1:50,-0.7,2026-10-02T01:01:04.695736+02:00
295893104,de:11000:900130001:1:50,-0.4,2026-10-02T01:01:04.695736+02:00
295893104,de:11000:900142001:1:50,-0.9,2026-10-02T01:01:04.695736+02:00
295893104,de:11000:900143001:1:51,-0.7,2026-10-02T01:01:04.695736+02:00
295893104,de:11000:900135001:1:50,-0.4,2026-10-02T01:01:04.695736+02:00
295893104,de:12060:900350162:1:50,0.0,2026-10-02T01:01:04.695736+02:00
295893104,de:12060:900350163:1:51,-0.4,2026-10-02T01:01:04.695736+02:00
295893104,de:12060:900350161:1:50,-0.7,2026-10-02T01:01:04.695736+02:00
295893104,de:12060:900350160:1:51,-0.4,2026-10-02T01:01:04.695736+02:00
295893099,de:12072:900245027:2:52,0.0,2026-10-02T01:01:04.695736+02:00
295893099,de:12072:900245028:1:50,-0.9,2026-10-02T01:01:04.695736+02:00
295893099,de:11000:900074201:1:50,-0.9,2026-10-02T01:01:04.695736+02:00
295893099,de:11000:900074202:2:51,-0.1,2026-10-02T01:01:04.695736+02:00
295893099,de:11000:900072101:2:51,-0.1,2026-10-02T01:01:04.695736+02:00
295893099,de:11000:900073101:1:51,-0.4,2026-10-02T01:01:04.695736+02:00
295893099,de:11000:900068301:1:51,-0.7,2026-10-02T01:01:04.695736+02:00
295893099,de:11000:900058102:2:51,-0.7,2026-10-02T01:01:04.695736+02:00
295893099,de:11000:900058101:1:51,-0.3,2026-10-02T01:01:04.695736+02:00
295893099,de:11000:900058103:1:51,-0.1,2026-10-02T01:01:04.695736+02:00
295893099,de:11000:900012101:2:53,-0.7,2026-10-02T01:01:04.695736+02:00
295893099,de:11000:900100020:4:57,-0.8,2026-10-02T01:01:04.695736+02:00
295893099,de:11000:900100025:1:51,-0.9,2026-10-02T01:01:04.695736+02:00
295893099,de:11000:900100001:4:57,-0.6,2026-10-02T01:01:04.695736+02:00
295893099,de:11000:900100007:1:51,-0.7,2026-10-02T01:01:04.695736+02:00
295893099,de:11000:900007104:2:52,-0.7,2026-10-02T01:01:04.695736+02:00
295893099,de:11000:900008101:1:51,-0.4,2026-10-02T01:01:04.695736+02:00
295893099,de:11000:900007102:2:53,-0.1,2026-10-02T01:01:04.695736+02:00
295893099,de:11000:900110011:2:52,-0.4,2026-10-02T01:01:04.695736+02:00
295893099,de:11000:900130002:1:50,-0.7,2026-10-02T01:01:04.695736+02:00
295893099,de:11000:900130001:1:50,-0.4,2026-10-02T01:01:04.695736+02:00
295893099,de:11000:900142001:1:50,-0.9,2026-10-02T01:01:04.695736+02:00
295893099,de:11000:900143001:1:51,-0.7,2026-10-02T01:01:04.695736+02:00
295893099,de:11000:900135001:1:50,-0.4,2026-10-02T01:01:04.695736+02:00
295893099,de:12060:900350162:1:50,0.0,2026-10-02T01:01:04.695736+02:00
295893099,de:12060:900350163:1:51,-0.4,2026-10-02T01:01:04.695736+02:00
295893099,de:12060:900350161:1:50,-0.7,2026-10-02T01:01:04.695736+02:00
295893099,de:12060:900350160:1:51,-0.4,2026-10-02T01:01:04.695736+02:00
295892993,de:12060:900350160:1:51,0.0,2026-10-02T01:01:04.695736+02:00
295892993,de:12060:900350161:1:50,-0.3,2026-10-02T01:01:04.695736+02:00
295892993,de:12060:900350163:1:50,-0.1,2026-10-02T01:01:04.695736+02:00
295892993,de:12060:900350162:1:50,-0.8,2026-10-02T01:01:04.695736+02:00
295892993,de:11000:900135001:1:50,-0.3,2026-10-02T01:01:04.695736+02:00
295892993,de:11000:900143001:1:51,-0.8,2026-10-02T01:01:04.695736+02:00
295892993,de:11000:900142001:1:51,-0.3,2026-10-02T01:01:04.695736+02:00
295892993,de:11000:900130001:1:51,-0.8,2026-10-02T01:01:04.695736+02:00
295892993,de:11000:900130002:1:51,-0.3,2026-10-02T01:01:04.695736+02:00
295892993,de:11000:900110011:1:51,-0.7,2026-10-02T01:01:04.695736+02:00
295892993,de:11000:900007102:1:50,-0.7,2026-10-02T01:01:04.695736+02:00
295892993,de:11000:900008101:1:50,-0.5,2026-10-02T01:01:04.695736+02:00
295892993,de:11000:900007104:1:51,-0.2,2026-10-02T01:01:04.695736+02:00
295892993,de:11000:900100007:1:50,-0.2,2026-10-02T01:01:04.695736+02:00
295892993,de:11000:900100001:4:56,0.0,2026-10-02T01:01:04.695736+02:00
295892993,de:11000:900100025:1:50,-0.9,2026-10-02T01:01:04.695736+02:00
295892993,de:11000:900100020:3:54,-0.9,2026-10-02T01:01:04.695736+02:00
295892993,de:11000:900012101:1:51,0.0,2026-10-02T01:01:04.695736+02:00
295892993,de:11000:900058103:1:50,-0.8,2026-10-02T01:01:04.695736+02:00
295892993,de:11000:900058101:1:50,-0.4,2026-10-02T01:01:04.695736+02:00
295892993,de:11000:900058102:1:50,-0.4,2026-10-02T01:01:04.695736+02:00
295892993,de:11000:900068301:1:50,-0.7,2026-10-02T01:01:04.695736+02:00
295892993,de:11000:900073101:1:50,-0.9,2026-10-02T01:01:04.695736+02:00
295892993,de:11000:900072101:1:50,-0.2,2026-10-02T01:01:04.695736+02:00
295892993,de:11000:900074202:1:50,-0.2,2026-10-02T01:01:04.695736+02:00
295892993,de:11000:900074201:1:50,-0.4,2026-10-02T01:01:04.695736+02:00
295892993,de:12072:900245028:1:51,-0.9,2026-10-02T01:01:04.695736+02:00
295892993,de:12072:900245027:2:52,-0.9,2026-10-02T01:01:04.695736+02:00
295892984,de:12060:900350160:1:51,0.0,2026-10-02T01:01:04.695736+02:00
295892984,de:12060:900350161:1:50,-0.3,2026-10-02T01:01:04.695736+02:00
295892984,de:12060:900350163:1:50,-0.1,2026-10-02T01:01:04.695736+02:00
295892984,de:12060:900350162:1:50,-0.8,2026-10-02T01:01:04.695736+02:00
295892984,de:11000:900135001:1:50,-0.3,2026-10-02T01:01:04.695736+02:00
295892984,de:11000:900143001:1:51,-0.8,2026-10-02T01:01:04.695736+02:00
295892984,de:11000:900142001:1:51,-0.3,2026-10-02T01:01:04.695736+02:00
295892984,de:11000:900130001:1:51,-0.8,2026-10-02T01:01:04.695736+02:00
295892984,de:11000:900130002:1:51,-0.3,2026-10-02T01:01:04.695736+02:00
295892984,de:11000:900110011:1:51,-0.7,2026-10-02T01:01:04.695736+02:00
295892984,de:11000:900007102:1:50,-0.7,2026-10-02T01:01:04.695736+02:00
295892984,de:11000:900008101:1:50,-0.5,2026-10-02T01:01:04.695736+02:00
295892984,de:11000:900007104:1:51,-0.2,2026-10-02T01:01:04.695736+02:00
295892984,de:11000:900100007:1:50,-0.2,2026-10-02T01:01:04.695736+02:00
295892984,de:11000:900100001:4:56,0.0,2026-10-02T01:01:04.695736+02:00
295892984,de:11000:900100025:1:50,-0.9,2026-10-02T01:01:04.695736+02:00
295892984,de:11000:900100020:3:54,-0.9,2026-10-02T01:01:04.695736+02:00
295892984,de:11000:900012101:1:51,0.0,2026-10-02T01:01:04.695736+02:00
295892984,de:11000:900058103:1:50,-0.8,2026-10-02T01:01:04.695736+02:00
295892984,de:11000:900058101:1:50,-0.4,2026-10-02T01:01:04.695736+02:00
295892984,de:11000:900058102:1:50,-0.4,2026-10-02T01:01:04.695736+02:00
295892984,de:11000:900068301:1:50,-0.7,2026-10-02T01:01:04.695736+02:00
295892984,de:11000:900073101:1:50,-0.9,2026-10-02T01:01:04.695736+02:00
295892984,de:11000:900072101:1:50,-0.2,2026-10-02T01:01:04.695736+02:00
295892984,de:11000:900074202:1:50,-0.2,2026-10-02T01:01:04.695736+02:00
295892984,de:11000:900074201:1:50,-0.4,2026-10-02T01:01:04.695736+02:00
295892984,de:12072:900245028:1:51,-0.9,2026-10-02T01:01:04.695736+02:00
295892984,de:12072:900245027:2:52,-0.9,2026-10-02T01:01:04.695736+02:00
295892980,de:12060:900350160:1:51,0.0,2026-10-02T01:01:04.695736+02:00
295892980,de:12060:900350161:1:50,-0.3,2026-10-02T01:01:04.695736+02:00
295892980,de:12060:900350163:1:50,-0.1,2026-10-02T01:01:04.695736+02:00
295892980,de:12060:900350162:1:50,-0.8,2026-10-02T01:01:04.695736+02:00
295892980,de:11000:900135001:1:50,-0.3,2026-10-02T01:01:04.695736+02:00
295892980,de:11000:900143001:1:51,-0.8,2026-10-02T01:01:04.695736+02:00
295892980,de:11000:900142001:1:51,-0.3,2026-10-02T01:01:04.695736+02:00
295892980,de:11000:900130001:1:51,-0.8,2026-10-02T01:01:04.695736+02:00
295892980,de:11000:900130002:1:51,-0.3,2026-10-02T01:01:04.695736+02:00
295892980,de:11000:900110011:1:51,-0.7,2026-10-02T01:01:04.695736+02:00
295892980,de:11000:900007102:1:50,-0.7,2026-10-02T01:01:04.695736+02:00
295892980,de:11000:900008101:1:50,-0.5,2026-10-02T01:01:04.695736+02:00
295892980,de:11000:900007104:1:51,-0.2,2026-10-02T01:01:04.695736+02:00
295892980,de:11000:900100007:1:50,-0.2,2026-10-02T01:01:04.695736+02:00
295892980,de:11000:900100001:4:56,0.0,2026-10-02T01:01:04.695736+02:00
295892980,de:11000:900100025:1:50,-0.9,2026-10-02T01:01:04.695736+02:00
295892980,de:11000:900100020:3:54,-0.9,2026-10-02T01:01:04.695736+02:00
295892980,de:11000:900012101:1:51,0.0,2026-10-02T01:01:04.695736+02:00
295892980,de:11000:900058103:1:50,-0.8,2026-10-02T01:01:04.695736+02:00
295892980,de:11000:900058101:1:50,-0.4,2026-10-02T01:01:04.695736+02:00
295892980,de:11000:900058102:1:50,-0.4,2026-10-02T01:01:04.695736+02:00
295892980,de:11000:900068301:1:50,-0.7,2026-10-02T01:01:04.695736+02:00
295892980,de:11000:900073101:1:50,-0.9,2026-10-02T01:01:04.695736+02:00
295892980,de:11000:900072101:1:50,-0.2,2026-10-02T01:01:04.695736+02:00
295892980,de:11000:900074202:1:50,-0.2,2026-10-02T01:01:04.695736+02:00
295892980,de:11000:900074201:1:50,-0.4,2026-10-02T01:01:04.695736+02:00
295892980,de:12072:900245028:1:51,-0.9,2026-10-02T01:01:04.695736+02:00
295892980,de:12072:900245027:2:52,-0.9,2026-10-02T01:01:04.695736+02:00
306896715,de:12067:900311039::1,0.0,2026-10-02T01:01:04.695736+02:00
306896715,de:12067:900311031::2,-0.5,2026-10-02T01:01:04.695736+02:00
306896715,de:12067:900311040::2,-0.5,2026-10-02T01:01:04.695736+02:00
306896715,de:12067:900311038::2,-0.5,2026-10-02T01:01:04.695736+02:00
306896715,de:12067:900311041::2,-0.5,2026-10-02T01:01:04.695736+02:00
306896715,de:12067:900311032::2,-0.5,2026-10-02T01:01:04.695736+02:00
306896715,de:12067:900311037::2,-0.5,2026-10-02T01:01:04.695736+02:00
306896715,de:12067:900310928::2,-0.5,2026-10-02T01:01:04.695736+02:00
306896715,de:12067:900310930::2,0.0,2026-10-02T01:01:04.695736+02:00
306896715,de:12067:900310929::2,-0.5,2026-10-02T01:01:04.695736+02:00
306896715,de:12067:900310742::2,0.0,2026-10-02T01:01:04.695736+02:00
306896715,de:12067:900310741::2,-0.5,2026-10-02T01:01:04.695736+02:00
306896715,de:12067:900310743::2,-0.5,2026-10-02T01:01:04.695736+02:00
306896715,de:12067:900310785::2,-0.5,2026-10-02T01:01:04.695736+02:00
306896715,de:12067:900310819::2,-0.5,2026-10-02T01:01:04.695736+02:00
306896715,de:12067:900310817::2,-0.5,2026-10-02T01:01:04.695736+02:00
306896715,de:12067:900310837::2,-0.5,2026-10-02T01:01:04.695736+02:00
306896715,de:12067:900310875::2,-0.5,2026-10-02T01:01:04.695736+02:00
306896715,de:12067:900310796::2,-0.5,2026-10-02T01:01:04.695736+02:00
306896715,de:12067:900310777::2,-0.5,2026-10-02T01:01:04.695736+02:00
306896715,de:12067:900310808::2,-0.5,2026-10-02T01:01:04.695736+02:00
306896715,de:12067:900310822::2,-0.5,2026-10-02T01:01:04.695736+02:00
306896715,de:12067:900310781::2,-0.5,2026-10-02T01:01:04.695736+02:00
306896715,de:12067:900310627::2,-0.5,2026-10-02T01:01:04.695736+02:00
306896715,de:12067:900310816::2,0.0,2026-10-02T01:01:04.695736+02:00
306896715,de:12067:900310022::1,0.0,2026-10-02T01:01:04.695736+02:00
306896715,de:12067:900310001::11,0.0,2026-10-02T01:01:04.695736+02:00
307430170,de:11000:900003200:1:50,0.0,2026-10-02T01:01:04.695736+02:00
307430170,de:11000:900100020:1:50,0.0,2026-10-02T01:01:04.695736+02:00
307430170,de:11000:900058101:2:52,0.0,2026-10-02T01:01:04.695736+02:00
307430170,de:12061:900260009:2:53,0.0,2026-10-02T01:01:04.695736+02:00
307430087,de:11000:900003200:1:50,0.0,2026-10-02T01:01:04.695736+02:00
307430087,de:11000:900100020:1:50,0.0,2026-10-02T01:01:04.695736+02:00
307430087,de:11000:900058101:2:52,0.0,2026-10-02T01:01:04.695736+02:00
307430087,de:12061:900260009:2:54,0.0,2026-10-02T01:01:04.695736+02:00
306897124,de:12067:900310765::1,0.0,2026-10-02T01:01:04.695736+02:00
306897124,de:12067:900310766::1,0.0,2026-10-02T01:01:04.695736+02:00
306897124,de:12067:900310926::2,0.0,2026-10-02T01:01:04.695736+02:00
306897124,de:12067:900310927::2,0.0,2026-10-02T01:01:04.695736+02:00
306897124,de:12067:900310859::1,0.0,2026-10-02T01:01:04.695736+02:00
306897124,de:12067:900311073::1,0.0,2026-10-02T01:01:04.695736+02:00
306897124,de:12067:900310898::2,-0.5,2026-10-02T01:01:04.695736+02:00
306897124,de:12067:900310839::2,0.0,2026-10-02T01:01:04.695736+02:00
306897124,de:12067:900310968::1,-0.5,2026-10-02T01:01:04.695736+02:00
306897124,de:12067:900311000::2,0.0,2026-10-02T01:01:04.695736+02:00
306897124,de:12067:900310909::1,0.0,2026-10-02T01:01:04.695736+02:00
306897124,de:12067:900310725::2,0.0,2026-10-02T01:01:04.695736+02:00
306897124,de:12067:900310738::2,0.0,2026-10-02T01:01:04.695736+02:00
306897124,de:12067:900310639::1,0.0,2026-10-02T01:01:04.695736+02:00
306897124,de:12067:900310626::1,0.0,2026-10-02T01:01:04.695736+02:00
306897124,de:12067:900311129::6,0.0,2026-10-02T01:01:04.695736+02:00
307430297,de:12061:900260009:2:53,0.0,2026-10-02T01:01:04.695736+02:00
307430297,de:11000:900058101:4:57,0.0,2026-10-02T01:01:04.695736+02:00
307430297,de:11000:900100020:2:53,0.0,2026-10-02T01:01:04.695736+02:00
307430297,de:11000:900003200:4:56,0.0,2026-10-02T01:01:04.695736+02:00
295900296,de:12065:900200000:4:54,0.0,2026-10-02T01:01:04.695736+02:00
295900296,de:11000:900091203:1:50,0.0,2026-10-02T01:01:04.695736+02:00
295900296,de:11000:900091205:1:50,-0.2,2026-10-02T01:01:04.695736+02:00
295900296,de:11000:900089303:1:51,-0.5,2026-10-02T01:01:04.695736+02:00
295900296,de:11000:900096405:1:50,-0.8,2026-10-02T01:01:04.695736+02:00
295900296,de:11000:900096458:1:50,-0.5,2026-10-02T01:01:04.695736+02:00
295900296,de:11000:900085105:1:50,-0.8,2026-10-02T01:01:04.695736+02:00
295900296,de:11000:900085201:1:51,0.0,2026-10-02T01:01:04.695736+02:00
295900296,de:11000:900130003:1:51,-0.8,2026-10-02T01:01:04.695736+02:00
295900296,de:11000:900110011:1:50,-0.9,2026-10-02T01:01:04.695736+02:00
295900296,de:11000:900007102:1:50,-0.7,2026-10-02T01:01:04.695736+02:00
295900296,de:11000:900008101:1:50,-0.4,2026-10-02T01:01:04.695736+02:00
295900296,de:11000:900007104:1:51,-0.2,2026-10-02T01:01:04.695736+02:00
295900296,de:11000:900100007:1:50,-0.2,2026-10-02T01:01:04.695736+02:00
295900296,de:11000:900100001:4:56,0.0,2026-10-02T01:01:04.695736+02:00
295900296,de:11000:900100025:1:50,-0.9,2026-10-02T01:01:04.695736+02:00
295900296,de:11000:900100020:3:54,-0.9,2026-10-02T01:01:04.695736+02:00
295900296,de:11000:900012101:1:51,0.0,2026-10-02T01:01:04.695736+02:00
295900296,de:11000:900058103:1:50,-0.7,2026-10-02T01:01:04.695736+02:00
295900296,de:11000:900058101:1:50,-0.3,2026-10-02T01:01:04.695736+02:00
295900296,de:11000:900058102:1:52,0.0,2026-10-02T01:01:04.695736+02:00
295900296,de:11000:900063452:1:50,-0.1,2026-10-02T01:01:04.695736+02:00
295900296,de:11000:900067221:1:50,-0.2,2026-10-02T01:01:04.695736+02:00
295900296,de:11000:900064301:3:52,-0.2,2026-10-02T01:01:04.695736+02:00
295900296,de:11000:900064256:1:50,-0.7,2026-10-02T01:01:04.695736+02:00
295900296,de:11000:900064201:1:50,-0.6,2026-10-02T01:01:04.695736+02:00
295900296,de:12069:900220114:1:51,-0.9,2026-10-02T01:01:04.695736+02:00
295900391,de:12069:900220114:1:51,0.0,2026-10-02T01:01:04.695736+02:00
295900391,de:11000:900064201:1:51,-0.1,2026-10-02T01:01:04.695736+02:00
295900391,de:11000:900064256:1:51,0.0,2026-10-02T01:01:04.695736+02:00
295900391,de:11000:900064301:3:53,-0.3,2026-10-02T01:01:04.695736+02:00
295900391,de:11000:900067221:1:50,-0.3,2026-10-02T01:01:04.695736+02:00
295900391,de:11000:900063452:1:51,-0.4,2026-10-02T01:01:04.695736+02:00
295900391,de:11000:900058102:2:53,-0.5,2026-10-02T01:01:04.695736+02:00
295900391,de:11000:900058101:1:51,-0.3,2026-10-02T01:01:04.695736+02:00
295900391,de:11000:900058103:1:51,0.0,2026-10-02T01:01:04.695736+02:00
295900391,de:11000:900012101:2:53,-0.7,2026-10-02T01:01:04.695736+02:00
295900391,de:11000:900100020:4:57,-0.8,2026-10-02T01:01:04.695736+02:00
295900391,de:11000:900100025:1:51,-0.9,2026-10-02T01:01:04.695736+02:00
295900391,de:11000:900100001:4:57,-0.6,2026-10-02T01:01:04.695736+02:00
295900391,de:11000:900100007:1:51,-0.7,2026-10-02T01:01:04.695736+02:00
295900391,de:11000:900007104:2:52,-0.7,2026-10-02T01:01:04.695736+02:00
295900391,de:11000:900008101:1:51,-0.4,2026-10-02T01:01:04.695736+02:00
295900391,de:11000:900007102:2:53,-0.2,2026-10-02T01:01:04.695736+02:00
295900391,de:11000:900110011:2:53,-0.4,2026-10-02T01:01:04.695736+02:00
295900391,de:11000:900085201:1:50,-0.8,2026-10-02T01:01:04.695736+02:00
295900391,de:11000:900085105:1:50,-0.8,2026-10-02T01:01:04.695736+02:00
295900391,de:11000:900096458:1:50,-0.1,2026-10-02T01:01:04.695736+02:00
295900391,de:11000:900096405:1:50,-0.8,2026-10-02T01:01:04.695736+02:00
295900391,de:11000:900089303:1:50,-0.7,2026-10-02T01:01:04.695736+02:00
295900391,de:11000:900091205:1:50,-0.3,2026-10-02T01:01:04.695736+02:00
295900391,de:11000:900091203:1:50,-0.5,2026-10-02T01:01:04.695736+02:00
295900391,de:12065:900200000:4:54,-0.7,2026-10-02T01:01:04.695736+02:00
295896235,de:11000:900074201:1:50,0.0,2026-10-02T01:01:04.695736+02:00
295896235,de:11000:900074202:2:51,-0.1,2026-10-02T01:01:04.695736+02:00
295896235,de:11000:900072101:2:51,-0.1,2026-10-02T01:01:04.695736+02:00
295896235,de:11000:900073101:1:51,-0.4,2026-10-02T01:01:04.695736+02:00
295896235,de:11000:900068301:1:51,-0.7,2026-10-02T01:01:04.695736+02:00
295896235,de:11000:900058102:2:51,-0.7,2026-10-02T01:01:04.695736+02:00
295896235,de:11000:900058101:1:51,-0.3,2026-10-02T01:01:04.695736+02:00
295896235,de:11000:900058103:1:51,-0.1,2026-10-02T01:01:04.695736+02:00
295896235,de:11000:900012101:2:53,-0.7,2026-10-02T01:01:04.695736+02:00
295896235,de:11000:900100020:4:57,-0.8,2026-10-02T01:01:04.695736+02:00
295896235,de:11000:900100025:1:51,-0.9,2026-10-02T01:01:04.695736+02:00
295896235,de:11000:900100001:4:57,-0.6,2026-10-02T01:01:04.695736+02:00
295896235,de:11000:900100007:1:51,-0.7,2026-10-02T01:01:04.695736+02:00
295896235,de:11000:900007104:2:52,-0.7,2026-10-02T01:01:04.695736+02:00
295896235,de:11000:900008101:1:51,-0.4,2026-10-02T01:01:04.695736+02:00
295896235,de:11000:900007102:2:53,-0.1,2026-10-02T01:01:04.695736+02:00
295896235,de:11000:900110011:2:52,-0.4,2026-10-02T01:01:04.695736+02:00
295896235,de:11000:900130002:1:50,-0.7,2026-10-02T01:01:04.695736+02:00
295896235,de:11000:900130001:1:50,-0.4,2026-10-02T01:01:04.695736+02:00
295896235,de:11000:900142001:1:50,-0.9,2026-10-02T01:01:04.695736+02:00
295896235,de:11000:900143001:1:51,-0.7,2026-10-02T01:01:04.695736+02:00
295896235,de:11000:900135001:1:50,-0.4,2026-10-02T01:01:04.695736+02:00
306897116,de:12067:900311308::5,0.0,2026-10-02T01:01:04.695736+02:00
306897116,de:12067:900311335::1,0.0,2026-10-02T01:01:04.695736+02:00
306897116,de:12067:900311339::1,0.0,2026-10-02T01:01:04.695736+02:00
306897116,de:12067:900311301::1,0.0,2026-10-02T01:01:04.695736+02:00
306897116,de:12067:900311373::1,0.0,2026-10-02T01:01:04.695736+02:00
306897116,de:12067:900311370::1,0.0,2026-10-02T01:01:04.695736+02:00
306897116,de:12067:900311590::1,0.0,2026-10-02T01:01:04.695736+02:00
306897116,de:12067:900311592::1,0.0,2026-10-02T01:01:04.695736+02:00
306897116,de:12067:900311634::1,0.0,2026-10-02T01:01:04.695736+02:00
306897116,de:12067:900311633::1,0.0,2026-10-02T01:01:04.695736+02:00
306897116,de:12067:900311635::1,0.0,2026-10-02T01:01:04.695736+02:00
306897116,de:12067:900311220::1,0.0,2026-10-02T01:01:04.695736+02:00
306897116,de:12067:900311445::1,0.0,2026-10-02T01:01:04.695736+02:00
306897116,de:12067:900311444::1,0.0,2026-10-02T01:01:04.695736+02:00
306897116,de:12067:900311446::1,0.0,2026-10-02T01:01:04.695736+02:00
306897116,de:12067:900311623::1,0.0,2026-10-02T01:01:04.695736+02:00
306897116,de:12067:900311621::1,0.0,2026-10-02T01:01:04.695736+02:00
295896174,de:11000:900074201:1:50,0.0,2026-10-02T01:01:04.695736+02:00
295896174,de:11000:900074202:2:51,-0.1,2026-10-02T01:01:04.695736+02:00
295896174,de:11000:900072101:2:51,-0.1,2026-10-02T01:01:04.695736+02:00
295896174,de:11000:900073101:1:51,-0.4,2026-10-02T01:01:04.695736+02:00
295896174,de:11000:900068301:1:51,-0.7,2026-10-02T01:01:04.695736+02:00
295896174,de:11000:900058102:2:51,-0.7,2026-10-02T01:01:04.695736+02:00
295896174,de:11000:900058101:1:51,-0.3,2026-10-02T01:01:04.695736+02:00
295896174,de:11000:900058103:1:51,-0.1,2026-10-02T01:01:04.695736+02:00
295896174,de:11000:900012101:2:53,-0.7,2026-10-02T01:01:04.695736+02:00
295896174,de:11000:900100020:4:57,-0.8,2026-10-02T01:01:04.695736+02:00
295896174,de:11000:900100025:1:51,-0.9,2026-10-02T01:01:04.695736+02:00
295896174,de:11000:900100001:4:57,-0.6,2026-10-02T01:01:04.695736+02:00
295896174,de:11000:900100007:1:51,-0.7,2026-10-02T01:01:04.695736+02:00
295896174,de:11000:900007104:2:52,-0.7,2026-10-02T01:01:04.695736+02:00
295896174,de:11000:900008101:1:51,-0.4,2026-10-02T01:01:04.695736+02:00
295896174,de:11000:900007102:2:53,-0.1,2026-10-02T01:01:04.695736+02:00
295896174,de:11000:900110011:2:52,-0.4,2026-10-02T01:01:04.695736+02:00
295896174,de:11000:900130002:1:50,-0.7,2026-10-02T01:01:04.695736+02:00
295896174,de:11000:900130001:1:50,-0.4,2026-10-02T01:01:04.695736+02:00
295896174,de:11000:900142001:1:50,-0.9,2026-10-02T01:01:04.695736+02:00
295896174,de:11000:900143001:1:51,-0.7,2026-10-02T01:01:04.695736+02:00
295896174,de:11000:900135001:1:50,-0.4,2026-10-02T01:01:04.695736+02:00
295896173,de:11000:900074201:1:50,0.0,2026-10-02T01:01:04.695736+02:00
295896173,de:11000:900074202:2:51,-0.1,2026-10-02T01:01:04.695736+02:00
295896173,de:11000:900072101:2:51,-0.1,2026-10-02T01:01:04.695736+02:00
295896173,de:11000:900073101:1:51,-0.4,2026-10-02T01:01:04.695736+02:00
295896173,de:11000:900068301:1:51,-0.7,2026-10-02T01:01:04.695736+02:00
295896173,de:11000:900058102:2:51,-0.7,2026-10-02T01:01:04.695736+02:00
295896173,de:11000:900058101:1:51,-0.3,2026-10-02T01:01:04.695736+02:00
295896173,de:11000:900058103:1:51,-0.1,2026-10-02T01:01:04.695736+02:00
295896173,de:11000:900012101:2:53,-0.7,2026-10-02T01:01:04.695736+02:00
295896173,de:11000:900100020:4:57,-0.8,2026-10-02T01:01:04.695736+02:00
295896173,de:11000:900100025:1:51,-0.9,2026-10-02T01:01:04.695736+02:00
295896173,de:11000:900100001:4:57,-0.6,2026-10-02T01:01:04.695736+02:00
295896173,de:11000:900100007:1:51,-0.7,2026-10-02T01:01:04.695736+02:00
295896173,de:11000:900007104:2:52,-0.7,2026-10-02T01:01:04.695736+02:00
295896173,de:11000:900008101:1:51,-0.4,2026-10-02T01:01:04.695736+02:00
295896173,de:11000:900007102:2:53,-0.1,2026-10-02T01:01:04.695736+02:00
295896173,de:11000:900110011:2:52,-0.4,2026-10-02T01:01:04.695736+02:00
295896173,de:11000:900130002:1:50,-0.7,2026-10-02T01:01:04.695736+02:00
295896173,de:11000:900130001:1:50,-0.4,2026-10-02T01:01:04.695736+02:00
295896173,de:11000:900142001:1:50,-0.9,2026-10-02T01:01:04.695736+02:00
295896173,de:11000:900143001:1:51,-0.7,2026-10-02T01:01:04.695736+02:00
295896173,de:11000:900135001:1:50,-0.4,2026-10-02T01:01:04.695736+02:00
295896172,de:11000:900074201:1:50,0.0,2026-10-02T01:01:04.695736+02:00
295896172,de:11000:900074202:2:51,-0.1,2026-10-02T01:01:04.695736+02:00
295896172,de:11000:900072101:2:51,-0.1,2026-10-02T01:01:04.695736+02:00
295896172,de:11000:900073101:1:51,-0.4,2026-10-02T01:01:04.695736+02:00
295896172,de:11000:900068301:1:51,-0.7,2026-10-02T01:01:04.695736+02:00
295896172,de:11000:900058102:2:51,-0.7,2026-10-02T01:01:04.695736+02:00
295896172,de:11000:900058101:1:51,-0.3,2026-10-02T01:01:04.695736+02:00
295896172,de:11000:900058103:1:51,-0.1,2026-10-02T01:01:04.695736+02:00
295896172,de:11000:900012101:2:53,-0.7,2026-10-02T01:01:04.695736+02:00
295896172,de:11000:900100020:4:57,-0.8,2026-10-02T01:01:04.695736+02:00
295896172,de:11000:900100025:1:51,-0.9,2026-10-02T01:01:04.695736+02:00
295896172,de:11000:900100001:4:57,-0.6,2026-10-02T01:01:04.695736+02:00
295896172,de:11000:900100007:1:51,-0.7,2026-10-02T01:01:04.695736+02:00
295896172,de:11000:900007104:2:52,-0.7,2026-10-02T01:01:04.695736+02:00
295896172,de:11000:900008101:1:51,-0.4,2026-10-02T01:01:04.695736+02:00
295896172,de:11000:900007102:2:53,-0.1,2026-10-02T01:01:04.695736+02:00
295896172,de:11000:900110011:2:52,-0.4,2026-10-02T01:01:04.695736+02:00
295896172,de:11000:900130002:1:50,-0.7,2026-10-02T01:01:04.695736+02:00
295896172,de:11000:900130001:1:50,-0.4,2026-10-02T01:01:04.695736+02:00
295896172,de:11000:900142001:1:50,-0.9,2026-10-02T01:01:04.695736+02:00
295896172,de:11000:900143001:1:51,-0.7,2026-10-02T01:01:04.695736+02:00
295896172,de:11000:900135001:1:50,-0.4,2026-10-02T01:01:04.695736+02:00
295903008,de:11000:900142001:1:51,0.0,2026-10-02T01:01:04.695736+02:00
295903008,de:11000:900130001:1:51,-0.2,2026-10-02T01:01:04.695736+02:00
295903008,de:11000:900130002:1:51,-0.7,2026-10-02T01:01:04.695736+02:00
295903008,de:11000:900110011:1:51,-0.2,2026-10-02T01:01:04.695736+02:00
295903008,de:11000:900007102:1:50,-0.7,2026-10-02T01:01:04.695736+02:00
295903008,de:11000:900008101:1:50,-0.4,2026-10-02T01:01:04.695736+02:00
295903008,de:11000:900007104:1:51,-0.2,2026-10-02T01:01:04.695736+02:00
295903008,de:11000:900100007:1:50,-0.2,2026-10-02T01:01:04.695736+02:00
295903008,de:11000:900100001:4:56,0.0,2026-10-02T01:01:04.695736+02:00
295903008,de:11000:900100025:1:50,-0.9,2026-10-02T01:01:04.695736+02:00
295903008,de:11000:900100020:3:54,-0.9,2026-10-02T01:01:04.695736+02:00
295903008,de:11000:900012101:1:51,0.0,2026-10-02T01:01:04.695736+02:00
295903008,de:11000:900058103:1:50,-0.7,2026-10-02T01:01:04.695736+02:00
295903008,de:11000:900058101:1:50,-0.3,2026-10-02T01:01:04.695736+02:00
295903008,de:11000:900058102:1:52,0.0,2026-10-02T01:01:04.695736+02:00
295903008,de:11000:900063452:1:50,-0.1,2026-10-02T01:01:04.695736+02:00
295903008,de:11000:900067221:1:50,-0.2,2026-10-02T01:01:04.695736+02:00
295903008,de:11000:900064301:3:52,-0.2,2026-10-02T01:01:04.695736+02:00
295903008,de:11000:900064256:1:50,-0.7,2026-10-02T01:01:04.695736+02:00
295903008,de:11000:900064201:1:50,-0.6,2026-10-02T01:01:04.695736+02:00
295903008,de:12069:900220114:1:50,-0.9,2026-10-02T01:01:04.695736+02:00
295903001,de:11000:900142001:1:51,0.0,2026-10-02T01:01:04.695736+02:00
295903001,de:11000:900130001:1:51,-0.2,2026-10-02T01:01:04.695736+02:00
295903001,de:11000:900130002:1:51,-0.7,2026-10-02T01:01:04.695736+02:00
295903001,de:11000:900110011:1:51,-0.2,2026-10-02T01:01:04.695736+02:00
295903001,de:11000:900007102:1:50,-0.7,2026-10-02T01:01:04.695736+02:00
295903001,de:11000:900008101:1:50,-0.4,2026-10-02T01:01:04.695736+02:00
295903001,de:11000:900007104:1:51,-0.2,2026-10-02T01:01:04.695736+02:00
295903001,de:11000:900100007:1:50,-0.2,2026-10-02T01:01:04.695736+02:00
295903001,de:11000:900100001:4:56,0.0,2026-10-02T01:01:04.695736+02:00
295903001,de:11000:900100025:1:50,-0.9,2026-10-02T01:01:04.695736+02:00
295903001,de:11000:900100020:3:54,-0.9,2026-10-02T01:01:04.695736+02:00
295903001,de:11000:900012101:1:51,0.0,2026-10-02T01:01:04.695736+02:00
295903001,de:11000:900058103:1:50,-0.7,2026-10-02T01:01:04.695736+02:00
295903001,de:11000:900058101:1:50,-0.3,2026-10-02T01:01:04.695736+02:00
295903001,de:11000:900058102:1:52,0.0,2026-10-02T01:01:04.695736+02:00
295903001,de:11000:900063452:1:50,-0.1,2026-10-02T01:01:04.695736+02:00
295903001,de:11000:900067221:1:50,-0.2,2026-10-02T01:01:04.695736+02:00
295903001,de:11000:900064301:3:52,-0.2,2026-10-02T01:01:04.695736+02:00
295903001,de:11000:900064256:1:50,-0.7,2026-10-02T01:01:04.695736+02:00
295903001,de:11000:900064201:1:50,-0.6,2026-10-02T01:01:04.695736+02:00
295903001,de:12069:900220114:1:50,-0.9,2026-10-02T01:01:04.695736+02:00
306897095,de:12067:900310834::1,0.0,2026-10-02T01:01:04.695736+02:00
306897095,de:12067:900311005::1,0.0,2026-10-02T01:01:04.695736+02:00
306897095,de:12067:900310012::1,0.0,2026-10-02T01:01:04.695736+02:00
306897095,de:12067:900310758::1,0.0,2026-10-02T01:01:04.695736+02:00
295906980,de:11000:900029101:1:50,0.0,2026-10-02T01:01:04.695736+02:00
295906980,de:11000:900030202:1:50,-0.3,2026-10-02T01:01:04.695736+02:00
295906980,de:11000:900025424:1:51,-0.2,2026-10-02T01:01:04.695736+02:00
295906980,de:11000:900025321:1:51,-0.2,2026-10-02T01:01:04.695736+02:00
295906980,de:11000:900026105:1:50,-0.4,2026-10-02T01:01:04.695736+02:00
295906980,de:11000:900025423:1:50,-0.7,2026-10-02T01:01:04.695736+02:00
295906980,de:11000:900024102:2:53,-0.7,2026-10-02T01:01:04.695736+02:00
295906980,de:11000:900024101:3:55,-0.3,2026-10-02T01:01:04.695736+02:00
295906980,de:11000:900024203:1:51,-0.8,2026-10-02T01:01:04.695736+02:00
295906980,de:11000:900023201:3:54,-0.7,2026-10-02T01:01:04.695736+02:00
295906980,de:11000:900003103:1:50,-0.8,2026-10-02T01:01:04.695736+02:00
295906980,de:11000:900003102:1:50,-0.9,2026-10-02T01:01:04.695736+02:00
295906980,de:11000:900003201:3:54,-0.5,2026-10-02T01:01:04.695736+02:00
295906980,de:11000:900100001:3:54,-0.1,2026-10-02T01:01:04.695736+02:00
295906980,de:11000:900100002:1:50,-0.4,2026-10-02T01:01:04.695736+02:00
295906980,de:11000:900100003:2:52,-0.1,2026-10-02T01:01:04.695736+02:00
295906980,de:11000:900100004:1:50,-0.4,2026-10-02T01:01:04.695736+02:00
295906980,de:11000:900120005:4:55,-0.6,2026-10-02T01:01:04.695736+02:00
295906980,de:11000:900120004:1:50,-0.1,2026-10-02T01:01:04.695736+02:00
295906980,de:11000:900120003:2:53,-0.4,2026-10-02T01:01:04.695736+02:00
295906980,de:11000:900160001:1:51,-0.4,2026-10-02T01:01:04.695736+02:00
295906980,de:11000:900160002:1:50,-0.7,2026-10-02T01:01:04.695736+02:00
295906980,de:11000:900162001:1:51,-0.3,2026-10-02T01:01:04.695736+02:00
295906980,de:11000:900180002:1:51,-0.3,2026-10-02T01:01:04.695736+02:00
295906980,de:11000:900180001:1:50,-0.7,2026-10-02T01:01:04.695736+02:00
295906980,de:11000:900182001:1:51,-0.2,2026-10-02T01:01:04.695736+02:00
295906980,de:11000:900182002:1:51,-0.4,2026-10-02T01:01:04.695736+02:00
295906980,de:11000:900183001:1:51,0.0,2026-10-02T01:01:04.695736+02:00
295906980,de:11000:900183002:1:51,-0.3,2026-10-02T01:01:04.695736+02:00
295906980,de:12067:900310004:3:52,-0.5,2026-10-02T01:01:04.695736+02:00
295906973,de:11000:900029101:1:50,0.0,2026-10-02T01:01:04.695736+02:00
295906973,de:11000:900030202:1:50,-0.3,2026-10-02T01:01:04.695736+02:00
295906973,de:11000:900025424:1:51,-0.2,2026-10-02T01:01:04.695736+02:00
295906973,de:11000:900025321:1:51,-0.2,2026-10-02T01:01:04.695736+02:00
295906973,de:11000:900026105:1:50,-0.4,2026-10-02T01:01:04.695736+02:00
295906973,de:11000:900025423:1:50,-0.7,2026-10-02T01:01:04.695736+02:00
295906973,de:11000:900024102:2:53,-0.7,2026-10-02T01:01:04.695736+02:00
295906973,de:11000:900024101:3:55,-0.3,2026-10-02T01:01:04.695736+02:00
295906973,de:11000:900024203:1:51,-0.8,2026-10-02T01:01:04.695736+02:00
295906973,de:11000:900023201:3:54,-0.7,2026-10-02T01:01:04.695736+02:00
295906973,de:11000:900003103:1:50,-0.8,2026-10-02T01:01:04.695736+02:00
295906973,de:11000:900003102:1:50,-0.9,2026-10-02T01:01:04.695736+02:00
295906973,de:11000:900003201:3:54,-0.5,2026-10-02T01:01:04.695736+02:00
295906973,de:11000:900100001:3:54,-0.1,2026-10-02T01:01:04.695736+02:00
295906973,de:11000:900100002:1:50,-0.4,2026-10-02T01:01:04.695736+02:00
295906973,de:11000:900100003:2:52,-0.1,2026-10-02T01:01:04.695736+02:00
295906973,de:11000:900100004:1:50,-0.4,2026-10-02T01:01:04.695736+02:00
295906973,de:11000:900120005:4:55,-0.6,2026-10-02T01:01:04.695736+02:00
295906973,de:11000:900120004:1:50,-0.1,2026-10-02T01:01:04.695736+02:00
295906973,de:11000:900120003:2:53,-0.4,2026-10-02T01:01:04.695736+02:00
295906973,de:11000:900160001:1:51,-0.4,2026-10-02T01:01:04.695736+02:00
295906973,de:11000:900160002:1:50,-0.7,2026-10-02T01:01:04.695736+02:00
295906973,de:11000:900162001:1:51,-0.3,2026-10-02T01:01:04.695736+02:00
295906973,de:11000:900180002:1:51,-0.3,2026-10-02T01:01:04.695736+02:00
295906973,de:11000:900180001:1:50,-0.7,2026-10-02T01:01:04.695736+02:00
295906973,de:11000:900182001:1:51,-0.2,2026-10-02T01:01:04.695736+02:00
295906973,de:11000:900182002:1:51,-0.4,2026-10-02T01:01:04.695736+02:00
295906973,de:11000:900183001:1:51,0.0,2026-10-02T01:01:04.695736+02:00
295906973,de:11000:900183002:1:51,-0.3,2026-10-02T01:01:04.695736+02:00
295906973,de:12067:900310004:3:52,-0.5,2026-10-02T01:01:04.695736+02:00
295906965,de:11000:900029101:1:50,0.0,2026-10-02T01:01:04.695736+02:00
295906965,de:11000:900030202:1:50,-0.3,2026-10-02T01:01:04.695736+02:00
295906965,de:11000:900025424:1:51,-0.2,2026-10-02T01:01:04.695736+02:00
295906965,de:11000:900025321:1:51,-0.2,2026-10-02T01:01:04.695736+02:00
295906965,de:11000:900026105:1:50,-0.4,2026-10-02T01:01:04.695736+02:00
295906965,de:11000:900025423:1:50,-0.7,2026-10-02T01:01:04.695736+02:00
295906965,de:11000:900024102:2:53,-0.7,2026-10-02T01:01:04.695736+02:00
295906965,de:11000:900024101:3:55,-0.3,2026-10-02T01:01:04.695736+02:00
295906965,de:11000:900024203:1:51,-0.8,2026-10-02T01:01:04.695736+02:00
295906965,de:11000:900023201:3:54,-0.7,2026-10-02T01:01:04.695736+02:00
295906965,de:11000:900003103:1:50,-0.8,2026-10-02T01:01:04.695736+02:00
295906965,de:11000:900003102:1:50,-0.9,2026-10-02T01:01:04.695736+02:00
295906965,de:11000:900003201:3:54,-0.5,2026-10-02T01:01:04.695736+02:00
295906965,de:11000:900100001:3:54,-0.1,2026-10-02T01:01:04.695736+02:00
295906965,de:11000:900100002:1:50,-0.4,2026-10-02T01:01:04.695736+02:00
295906965,de:11000:900100003:2:52,-0.1,2026-10-02T01:01:04.695736+02:00
295906965,de:11000:900100004:1:50,-0.4,2026-10-02T01:01:04.695736+02:00
295906965,de:11000:900120005:4:55,-0.6,2026-10-02T01:01:04.695736+02:00
295906965,de:11000:900120004:1:50,-0.1,2026-10-02T01:01:04.695736+02:00
295906965,de:11000:900120003:2:53,-0.4,2026-10-02T01:01:04.695736+02:00
295906965,de:11000:900160001:1:51,-0.4,2026-10-02T01:01:04.695736+02:00
295906965,de:11000:900160002:1:50,-0.7,2026-10-02T01:01:04.695736+02:00
295906965,de:11000:900162001:1:51,-0.3,2026-10-02T01:01:04.695736+02:00
295906965,de:11000:900180002:1:51,-0.3,2026-10-02T01:01:04.695736+02:00
295906965,de:11000:900180001:1:50,-0.7,2026-10-02T01:01:04.695736+02:00
295906965,de:11000:900182001:1:51,-0.2,2026-10-02T01:01:04.695736+02:00
295906965,de:11000:900182002:1:51,-0.4,2026-10-02T01:01:04.695736+02:00
295906965,de:11000:900183001:1:51,0.0,2026-10-02T01:01:04.695736+02:00
295906965,de:11000:900183002:1:51,-0.3,2026-10-02T01:01:04.695736+02:00
295906965,de:12067:900310004:3:52,-0.5,2026-10-02T01:01:04.695736+02:00
307434496,de:11000:900192001:1:50,0.0,2026-10-02T01:01:04.695736+02:00
307434496,de:11000:900120003:4:57,0.0,2026-10-02T01:01:04.695736+02:00
307434496,de:11000:900007102:4:56,0.0,2026-10-02T01:01:04.695736+02:00
307434496,de:11000:900020201:1:51,0.0,2026-10-02T01:01:04.695736+02:00
307434496,de:11000:900029101:2:52,0.0,2026-10-02T01:01:04.695736+02:00
307434496,de:11000:900037168:1:50,0.0,2026-10-02T01:01:04.695736+02:00
307434496,de:12063:900210180:1:50,0.0,2026-10-02T01:01:04.695736+02:00
307434496,de:12063:900210010:1:50,0.0,2026-10-02T01:01:04.695736+02:00
307434496,de:12063:900210011:1:50,0.0,2026-10-02T01:01:04.695736+02:00
307434496,de:12063:900210326:1:50,0.0,2026-10-02T01:01:04.695736+02:00
307434496,de:12063:900210005:1:50,0.0,2026-10-02T01:01:04.695736+02:00
295907202,de:12067:900310004:3:52,0.0,2026-10-02T01:01:04.695736+02:00
295907202,de:11000:900183002:1:50,-0.1,2026-10-02T01:01:04.695736+02:00
295907202,de:11000:900183001:1:50,-0.4,2026-10-02T01:01:04.695736+02:00
295907202,de:11000:900182002:1:50,0.0,2026-10-02T01:01:04.695736+02:00
295907202,de:11000:900182001:1:50,-0.2,2026-10-02T01:01:04.695736+02:00
295907202,de:11000:900180001:1:50,-0.7,2026-10-02T01:01:04.695736+02:00
295907202,de:11000:900180002:1:50,-0.7,2026-10-02T01:01:04.695736+02:00
295907202,de:11000:900162001:1:50,-0.9,2026-10-02T01:01:04.695736+02:00
295907202,de:11000:900160002:1:50,0.0,2026-10-02T01:01:04.695736+02:00
295907202,de:11000:900160001:1:50,-0.3,2026-10-02T01:01:04.695736+02:00
295907202,de:11000:900120003:3:55,-0.1,2026-10-02T01:01:04.695736+02:00
295907202,de:11000:900120004:2:53,-0.6,2026-10-02T01:01:04.695736+02:00
295907202,de:11000:900120005:5:58,-0.9,2026-10-02T01:01:04.695736+02:00
295907202,de:11000:900100004:1:51,-0.4,2026-10-02T01:01:04.695736+02:00
295907202,de:11000:900100003:2:53,-0.4,2026-10-02T01:01:04.695736+02:00
295907202,de:11000:900100002:1:51,-0.4,2026-10-02T01:01:04.695736+02:00
295907202,de:11000:900100001:3:55,-0.4,2026-10-02T01:01:04.695736+02:00
295907202,de:11000:900003201:3:55,-0.1,2026-10-02T01:01:04.695736+02:00
295907202,de:11000:900003102:1:51,-0.8,2026-10-02T01:01:04.695736+02:00
295907202,de:11000:900003103:1:51,-0.9,2026-10-02T01:01:04.695736+02:00
295907202,de:11000:900023201:3:55,-0.8,2026-10-02T01:01:04.695736+02:00
295907202,de:11000:900024203:1:51,-0.8,2026-10-02T01:01:04.695736+02:00
295907202,de:11000:900024101:4:57,-0.8,2026-10-02T01:01:04.695736+02:00
295907202,de:11000:900024102:1:50,-0.1,2026-10-02T01:01:04.695736+02:00
295907202,de:11000:900025423:1:50,-0.4,2026-10-02T01:01:04.695736+02:00
295907202,de:11000:900026105:1:50,-0.7,2026-10-02T01:01:04.695736+02:00
295907202,de:11000:900025321:1:50,-0.3,2026-10-02T01:01:04.695736+02:00
295907202,de:11000:900025424:1:50,-0.3,2026-10-02T01:01:04.695736+02:00
295907202,de:11000:900030202:1:50,-0.9,2026-10-02T01:01:04.695736+02:00
295907202,de:11000:900029101:1:50,-0.9,2026-10-02T01:01:04.695736+02:00
307435076,de:12063:900210005:1:50,0.0,2026-10-02T01:01:04.695736+02:00
307435076,de:12063:900210326:2:51,0.0,2026-10-02T01:01:04.695736+02:00
307435076,de:12063:900210011:2:51,0.0,2026-10-02T01:01:04.695736+02:00
307435076,de:12063:900210010:2:51,0.0,2026-10-02T01:01:04.695736+02:00
307435076,de:12063:900210180:2:51,0.0,2026-10-02T01:01:04.695736+02:00
307435076,de:11000:900037168:2:51,0.0,2026-10-02T01:01:04.695736+02:00
307435076,de:11000:900029101:3:54,0.0,2026-10-02T01:01:04.695736+02:00
307435076,de:11000:900007102:5:59,0.0,2026-10-02T01:01:04.695736+02:00
307435076,de:11000:900120003:4:56,0.0,2026-10-02T01:01:04.695736+02:00
307435076,de:11000:900192001:1:50,0.0,2026-10-02T01:01:04.695736+02:00
295907190,de:12067:900310004:3:52,0.0,2026-10-02T01:01:04.695736+02:00
295907190,de:11000:900183002:1:50,-0.1,2026-10-02T01:01:04.695736+02:00
295907190,de:11000:900183001:1:50,-0.4,2026-10-02T01:01:04.695736+02:00
295907190,de:11000:900182002:1:50,0.0,2026-10-02T01:01:04.695736+02:00
295907190,de:11000:900182001:1:50,-0.2,2026-10-02T01:01:04.695736+02:00
295907190,de:11000:900180001:1:50,-0.7,2026-10-02T01:01:04.695736+02:00
295907190,de:11000:900180002:1:50,-0.7,2026-10-02T01:01:04.695736+02:00
295907190,de:11000:900162001:1:50,-0.9,2026-10-02T01:01:04.695736+02:00
295907190,de:11000:900160002:1:50,0.0,2026-10-02T01:01:04.695736+02:00
295907190,de:11000:900160001:1:50,-0.3,2026-10-02T01:01:04.695736+02:00
295907190,de:11000:900120003:3:55,-0.1,2026-10-02T01:01:04.695736+02:00
295907190,de:11000:900120004:2:53,-0.6,2026-10-02T01:01:04.695736+02:00
295907190,de:11000:900120005:5:58,-0.9,2026-10-02T01:01:04.695736+02:00
295907190,de:11000:900100004:1:51,-0.4,2026-10-02T01:01:04.695736+02:00
295907190,de:11000:900100003:2:53,-0.4,2026-10-02T01:01:04.695736+02:00
295907190,de:11000:900100002:1:51,-0.4,2026-10-02T01:01:04.695736+02:00
295907190,de:11000:900100001:3:55,-0.4,2026-10-02T01:01:04.695736+02:00
295907190,de:11000:900003201:3:55,-0.1,2026-10-02T01:01:04.695736+02:00
295907190,de:11000:900003102:1:51,-0.8,2026-10-02T01:01:04.695736+02:00
295907190,de:11000:900003103:1:51,-0.9,2026-10-02T01:01:04.695736+02:00
295907190,de:11000:900023201:3:55,-0.8,2026-10-02T01:01:04.695736+02:00
295907190,de:11000:900024203:1:51,-0.8,2026-10-02T01:01:04.695736+02:00
295907190,de:11000:900024101:4:57,-0.8,2026-10-02T01:01:04.695736+02:00
295907190,de:11000:900024102:1:50,-0.1,2026-10-02T01:01:04.695736+02:00
295907190,de:11000:900025423:1:50,-0.4,2026-10-02T01:01:04.695736+02:00
295907190,de:11000:900026105:1:50,-0.7,2026-10-02T01:01:04.695736+02:00
295907190,de:11000:900025321:1:50,-0.3,2026-10-02T01:01:04.695736+02:00
295907190,de:11000:900025424:1:50,-0.3,2026-10-02T01:01:04.695736+02:00
295907190,de:11000:900030202:1:50,-0.9,2026-10-02T01:01:04.695736+02:00
295907190,de:11000:900029101:1:50,-0.9,2026-10-02T01:01:04.695736+02:00
307444218,de:11000:900003200:3:54,0.0,2026-10-02T01:01:04.695736+02:00
307444218,de:11000:900020201:1:51,0.0,2026-10-02T01:01:04.695736+02:00
307444218,de:11000:900029101:2:53,0.0,2026-10-02T01:01:04.695736+02:00
307444210,de:12062:900415345:2:51,0.0,2026-10-02T01:01:04.695736+02:00
307444210,de:12062:900415683:1:50,0.0,2026-10-02T01:01:04.695736+02:00
307444210,000300839001,0.0,2026-10-02T01:01:04.695736+02:00
307444210,000300838001,0.0,2026-10-02T01:01:04.695736+02:00
307444210,de:12072:900245303:1:50,0.0,2026-10-02T01:01:04.695736+02:00
307444210,de:12072:900245019:2:51,0.0,2026-10-02T01:01:04.695736+02:00
307444210,de:12072:900245002:3:53,0.0,2026-10-02T01:01:04.695736+02:00
307444210,de:12072:900245016:2:51,0.0,2026-10-02T01:01:04.695736+02:00
307444210,de:12072:900245010:2:51,0.0,2026-10-02T01:01:04.695736+02:00
307444210,de:12072:900245037:2:51,0.0,2026-10-02T01:01:04.695736+02:00
307444210,de:12072:900245029:2:53,0.0,2026-10-02T01:01:04.695736+02:00
307444210,de:11000:900064301:2:51,0.0,2026-10-02T01:01:04.695736+02:00
307444210,de:11000:900058101:3:55,0.0,2026-10-02T01:01:04.695736+02:00
307444210,de:11000:900100020:2:52,0.0,2026-10-02T01:01:04.695736+02:00
307444210,de:11000:900003200:4:56,0.0,2026-10-02T01:01:04.695736+02:00
307444210,de:11000:900020201:1:51,0.0,2026-10-02T01:01:04.695736+02:00
307444210,de:11000:900029101:2:53,0.0,2026-10-02T01:01:04.695736+02:00
307444468,de:12062:900415683:1:50,0.0,2026-10-02T01:01:04.695736+02:00
307444468,de:12062:900415345:2:52,0.0,2026-10-02T01:01:04.695736+02:00
306895376,de:12067:900310040::1,0.0,2026-10-02T01:01:04.695736+02:00
306895376,de:12067:900310109::1,0.0,2026-10-02T01:01:04.695736+02:00
306895376,de:12067:900310631::1,0.0,2026-10-02T01:01:04.695736+02:00
306895376,de:12067:900310106::1,0.0,2026-10-02T01:01:04.695736+02:00
306895376,de:12067:900310115::1,0.0,2026-10-02T01:01:04.695736+02:00
306895376,de:12067:900310119::1,0.0,2026-10-02T01:01:04.695736+02:00
306895376,de:12067:900310114::1,0.0,2026-10-02T01:01:04.695736+02:00
306895376,de:12067:900310103::1,0.0,2026-10-02T01:01:04.695736+02:00
306895376,de:12067:900310996::1,0.0,2026-10-02T01:01:04.695736+02:00
306895376,de:12067:900310998::1,0.0,2026-10-02T01:01:04.695736+02:00
306895376,de:12067:900310997::2,0.0,2026-10-02T01:01:04.695736+02:00
306895376,de:12067:900310966::2,0.0,2026-10-02T01:01:04.695736+02:00
306895376,de:12067:900311118::2,0.0,2026-10-02T01:01:04.695736+02:00
306895376,de:12067:900311059::1,0.0,2026-10-02T01:01:04.695736+02:00
306895376,de:12067:900311110::3,0.0,2026-10-02T01:01:04.695736+02:00
306895376,de:12067:900311055::1,0.0,2026-10-02T01:01:04.695736+02:00
306895376,de:12067:900311054::1,0.0,2026-10-02T01:01:04.695736+02:00
306895376,de:12067:900311110::1,0.0,2026-10-02T01:01:04.695736+02:00
306895376,de:12067:900311058::1,0.0,2026-10-02T01:01:04.695736+02:00
306895376,de:12067:900310611::2,0.0,2026-10-02T01:01:04.695736+02:00
295910952,de:11000:900120005:4:56,0.0,2026-10-02T01:01:04.695736+02:00
295910952,de:11000:900120004:1:50,-0.9,2026-10-02T01:01:04.695736+02:00
295910952,de:11000:900120003:2:53,-0.1,2026-10-02T01:01:04.695736+02:00
295910952,de:11000:900160001:1:51,-0.9,2026-10-02T01:01:04.695736+02:00
295910952,de:11000:900160002:1:50,-0.2,2026-10-02T01:01:04.695736+02:00
295910952,de:11000:900162001:1:51,-0.3,2026-10-02T01:01:04.695736+02:00
307440856,de:12070:900216026:3:53,0.0,2026-10-02T01:01:04.695736+02:00
307440856,de:12070:900216013:1:50,0.0,2026-10-02T01:01:04.695736+02:00
307440856,de:12070:900215696:1:50,0.0,2026-10-02T01:01:04.695736+02:00
307440856,de:12070:900215350:1:50,0.0,2026-10-02T01:01:04.695736+02:00
307440856,de:12070:900215723:1:50,0.0,2026-10-02T01:01:04.695736+02:00
307440856,de:12068:900205322:1:50,0.0,2026-10-02T01:01:04.695736+02:00
307440856,de:12068:900205130:1:50,0.0,2026-10-02T01:01:04.695736+02:00
307440856,de:12068:900205617:2:51,0.0,2026-10-02T01:01:04.695736+02:00
307440856,de:12068:900205006:1:50,0.0,2026-10-02T01:01:04.695736+02:00
307440856,de:12068:900205005:1:50,0.0,2026-10-02T01:01:04.695736+02:00
307440856,de:12068:900205512:1:50,0.0,2026-10-02T01:01:04.695736+02:00
307440856,de:12065:900203491:1:50,0.0,2026-10-02T01:01:04.695736+02:00
307440856,de:12065:900203452:1:50,0.0,2026-10-02T01:01:04.695736+02:00
307440856,de:12065:900200004:1:51,0.0,2026-10-02T01:01:04.695736+02:00
307440856,de:12065:900200000:1:50,0.0,2026-10-02T01:01:04.695736+02:00
307437035,de:12069:900220143:1:50,0.0,2026-10-02T01:01:04.695736+02:00
307437035,de:12069:900220142:1:50,0.0,2026-10-02T01:01:04.695736+02:00
307437035,de:12069:900220141:1:50,0.0,2026-10-02T01:01:04.695736+02:00
307437035,de:12069:900222030:2:51,0.0,2026-10-02T01:01:04.695736+02:00
307437035,de:12069:900220005:2:51,0.0,2026-10-02T01:01:04.695736+02:00
307437035,de:12069:900220004:2:51,0.0,2026-10-02T01:01:04.695736+02:00
307437035,de:12069:900220003:1:51,0.0,2026-10-02T01:01:04.695736+02:00
307437035,de:12069:900220006:2:51,0.0,2026-10-02T01:01:04.695736+02:00
307437035,de:12069:900220008:2:51,0.0,2026-10-02T01:01:04.695736+02:00
307437035,de:12054:900230001:2:51,0.0,2026-10-02T01:01:04.695736+02:00
307437035,de:11000:900053301:3:55,0.0,2026-10-02T01:01:04.695736+02:00
307437035,de:11000:900024101:1:51,0.0,2026-10-02T01:01:04.695736+02:00
306896804,de:12067:900310001::4,0.0,2026-10-02T01:01:04.695736+02:00
306896804,de:12067:900310816::1,0.0,2026-10-02T01:01:04.695736+02:00
306896804,de:12067:900310627::1,0.0,2026-10-02T01:01:04.695736+02:00
306896804,de:12067:900310781::1,0.0,2026-10-02T01:01:04.695736+02:00
306896804,de:12067:900310822::1,0.0,2026-10-02T01:01:04.695736+02:00
306896804,de:12067:900310808::1,0.0,2026-10-02T01:01:04.695736+02:00
306896804,de:12067:900310779::1,0.0,2026-10-02T01:01:04.695736+02:00
306896804,de:12067:900310995::2,0.0,2026-10-02T01:01:04.695736+02:00
306896804,de:12067:900310992::1,-0.5,2026-10-02T01:01:04.695736+02:00
306896804,de:12067:900310989::1,0.0,2026-10-02T01:01:04.695736+02:00
306896804,de:12067:900310990::1,0.0,2026-10-02T01:01:04.695736+02:00
306896804,de:12067:900310991::1,0.0,2026-10-02T01:01:04.695736+02:00
306896804,de:12067:900310904::1,0.0,2026-10-02T01:01:04.695736+02:00
306896804,de:12067:900311118::1,0.0,2026-10-02T01:01:04.695736+02:00
306896804,de:12067:900311059::1,0.0,2026-10-02T01:01:04.695736+02:00
306896804,de:12067:900311110::3,0.0,2026-10-02T01:01:04.695736+02:00
306896804,de:12067:900311058::1,0.0,2026-10-02T01:01:04.695736+02:00
306896804,de:12067:900310611::2,0.0,2026-10-02T01:01:04.695736+02:00
306896217,de:12067:900310013::5,0.0,2026-10-02T01:01:04.695736+02:00
306896217,de:12067:900310563::3,0.0,2026-10-02T01:01:04.695736+02:00
306896217,de:12067:900310563::4,0.0,2026-10-02T01:01:04.695736+02:00
306896217,de:12067:900310557::3,0.0,2026-10-02T01:01:04.695736+02:00
306896217,de:12067:900310555::1,0.0,2026-10-02T01:01:04.695736+02:00
306896217,de:12067:900311114::1,0.0,2026-10-02T01:01:04.695736+02:00
306896217,de:12067:900311023::1,0.0,2026-10-02T01:01:04.695736+02:00
306896217,de:12067:900311024::1,-0.5,2026-10-02T01:01:04.695736+02:00
306896217,de:12067:900311025::1,0.0,2026-10-02T01:01:04.695736+02:00
306896217,de:12067:900310636::1,0.0,2026-10-02T01:01:04.695736+02:00
306896217,de:12067:900310635::1,0.0,2026-10-02T01:01:04.695736+02:00
306896217,de:12067:900311022::1,0.0,2026-10-02T01:01:04.695736+02:00
306896217,de:12067:900311021::1,0.0,2026-10-02T01:01:04.695736+02:00
306896217,de:12067:900310964::1,0.0,2026-10-02T01:01:04.695736+02:00
306896217,de:12067:900310868::1,0.0,2026-10-02T01:01:04.695736+02:00
306896217,de:12067:900310867::2,0.0,2026-10-02T01:01:04.695736+02:00
306896217,de:12067:900311036::2,0.0,2026-10-02T01:01:04.695736+02:00
306896217,de:12067:900311052::1,0.0,2026-10-02T01:01:04.695736+02:00
306896217,de:12067:900311034::1,0.0,2026-10-02T01:01:04.695736+02:00
306896217,de:12067:900311039::1,0.0,2026-10-02T01:01:04.695736+02:00
307280554,de:11000:900020202:1:51,0.0,2026-10-02T01:01:04.695736+02:00
307280554,de:11000:900001201:1:51,-0.2,2026-10-02T01:01:04.695736+02:00
307280554,de:11000:900009104:1:51,-0.8,2026-10-02T01:01:04.695736+02:00
307280554,de:11000:900007102:2:52,-0.9,2026-10-02T01:01:04.695736+02:00
307280554,de:11000:900110001:1:50,-0.6,2026-10-02T01:01:04.695736+02:00
307280554,de:11000:900110002:1:50,-0.4,2026-10-02T01:01:04.695736+02:00
307280554,de:11000:900110003:1:50,-0.4,2026-10-02T01:01:04.695736+02:00
307280554,de:11000:900110004:1:50,-0.8,2026-10-02T01:01:04.695736+02:00
307280554,de:11000:900110012:1:50,-0.7,2026-10-02T01:01:04.695736+02:00
307280554,de:11000:900120001:1:50,-0.7,2026-10-02T01:01:04.695736+02:00
307280554,de:11000:900120003:5:58,-0.1,2026-10-02T01:01:04.695736+02:00
307280554,de:11000:900190001:1:50,-0.4,2026-10-02T01:01:04.695736+02:00
307280554,de:11000:900077106:1:50,-0.4,2026-10-02T01:01:04.695736+02:00
307280554,de:11000:900078201:1:50,-0.3,2026-10-02T01:01:04.695736+02:00
307280554,de:11000:900079221:1:50,-0.2,2026-10-02T01:01:04.695736+02:00
307280554,de:11000:900068201:1:50,-0.8,2026-10-02T01:01:04.695736+02:00
307280554,de:11000:900058101:5:58,-0.1,2026-10-02T01:01:04.695736+02:00
307280554,de:11000:900054104:2:52,-0.2,2026-10-02T01:01:04.695736+02:00
307280554,de:11000:900054105:1:50,-0.9,2026-10-02T01:01:04.695736+02:00
307280554,de:11000:900044202:1:50,-0.7,2026-10-02T01:01:04.695736+02:00
307280554,de:11000:900045102:1:50,-0.7,2026-10-02T01:01:04.695736+02:00
307280554,de:11000:900044101:1:50,-0.8,2026-10-02T01:01:04.695736+02:00
307280554,de:11000:900040101:1:50,-0.8,2026-10-02T01:01:04.695736+02:00
307286651,de:11000:900024101:3:54,0.0,2026-10-02T01:01:04.695736+02:00
307286651,de:11000:900040101:1:50,-0.2,2026-10-02T01:01:04.695736+02:00
307286651,de:11000:900044101:1:50,-0.3,2026-10-02T01:01:04.695736+02:00
307286651,de:11000:900045102:1:51,-0.4,2026-10-02T01:01:04.695736+02:00
307286651,de:11000:900044202:1:51,-0.4,2026-10-02T01:01:04.695736+02:00
307286651,de:11000:900054105:1:51,-0.2,2026-10-02T01:01:04.695736+02:00
307286651,de:11000:900054104:2:53,-0.8,2026-10-02T01:01:04.695736+02:00
307286651,de:11000:900058101:5:59,-0.2,2026-10-02T01:01:04.695736+02:00
307286651,de:11000:900068201:1:51,-0.8,2026-10-02T01:01:04.695736+02:00
307286651,de:11000:900079221:1:51,-0.4,2026-10-02T01:01:04.695736+02:00
307286651,de:11000:900078201:1:51,-0.1,2026-10-02T01:01:04.695736+02:00
307286651,de:11000:900077106:1:51,0.0,2026-10-02T01:01:04.695736+02:00
307286651,de:11000:900190001:2:52,-0.9,2026-10-02T01:01:04.695736+02:00
307286651,de:11000:900120003:5:59,-0.4,2026-10-02T01:01:04.695736+02:00
307286651,de:11000:900120001:1:51,0.0,2026-10-02T01:01:04.695736+02:00
307286651,de:11000:900110012:1:51,-0.2,2026-10-02T01:01:04.695736+02:00
307286651,de:11000:900110004:1:51,-0.1,2026-10-02T01:01:04.695736+02:00
307286651,de:11000:900110003:1:51,-0.4,2026-10-02T01:01:04.695736+02:00
307286651,de:11000:900110002:1:51,-0.4,2026-10-02T01:01:04.695736+02:00
307286651,de:11000:900110001:1:51,-0.1,2026-10-02T01:01:04.695736+02:00
307286651,de:11000:900007102:1:51,-0.6,2026-10-02T01:01:04.695736+02:00
307286651,de:11000:900009104:1:51,-0.8,2026-10-02T01:01:04.695736+02:00
307286651,de:11000:900001201:1:51,-0.3,2026-10-02T01:01:04.695736+02:00
307286651,de:11000:900020202:1:51,-0.1,2026-10-02T01:01:04.695736+02:00
307286667,de:11000:900040101:1:50,0.0,2026-10-02T01:01:04.695736+02:00
307286667,de:11000:900044101:1:50,-0.8,2026-10-02T01:01:04.695736+02:00
307286667,de:11000:900045102:1:51,-0.9,2026-10-02T01:01:04.695736+02:00
307286667,de:11000:900044202:1:51,-0.9,2026-10-02T01:01:04.695736+02:00
307286667,de:11000:900054105:1:51,-0.7,2026-10-02T01:01:04.695736+02:00
307286667,de:11000:900054104:2:53,-0.3,2026-10-02T01:01:04.695736+02:00
307286667,de:11000:900058101:5:59,-0.2,2026-10-02T01:01:04.695736+02:00
307286667,de:11000:900068201:1:51,-0.8,2026-10-02T01:01:04.695736+02:00
307286667,de:11000:900079221:1:51,-0.4,2026-10-02T01:01:04.695736+02:00
307286667,de:11000:900078201:1:51,-0.1,2026-10-02T01:01:04.695736+02:00
307286667,de:11000:900077106:1:51,0.0,2026-10-02T01:01:04.695736+02:00
307286667,de:11000:900190001:2:52,-0.9,2026-10-02T01:01:04.695736+02:00
307286667,de:11000:900120003:5:59,-0.4,2026-10-02T01:01:04.695736+02:00
307286667,de:11000:900120001:1:51,0.0,2026-10-02T01:01:04.695736+02:00
307286667,de:11000:900110012:1:51,-0.2,2026-10-02T01:01:04.695736+02:00
307286667,de:11000:900110004:1:51,-0.1,2026-10-02T01:01:04.695736+02:00
307286667,de:11000:900110003:1:51,-0.4,2026-10-02T01:01:04.695736+02:00
307286667,de:11000:900110002:1:51,-0.4,2026-10-02T01:01:04.695736+02:00
307286667,de:11000:900110001:1:51,-0.1,2026-10-02T01:01:04.695736+02:00
307286667,de:11000:900007102:1:51,-0.6,2026-10-02T01:01:04.695736+02:00
307286667,de:11000:900009104:1:50,-0.8,2026-10-02T01:01:04.695736+02:00
307286667,de:11000:900001201:1:50,-0.3,2026-10-02T01:01:04.695736+02:00
307286667,de:11000:900020202:1:50,-0.1,2026-10-02T01:01:04.695736+02:00
307289033,de:11000:900068201:1:51,0.0,2026-10-02T01:01:04.695736+02:00
307289033,de:11000:900079221:1:51,-0.4,2026-10-02T01:01:04.695736+02:00
307289033,de:11000:900078201:1:51,-0.1,2026-10-02T01:01:04.695736+02:00
307289033,de:11000:900077106:1:51,0.0,2026-10-02T01:01:04.695736+02:00
307289033,de:11000:900190001:2:52,-0.9,2026-10-02T01:01:04.695736+02:00
307289033,de:11000:900120003:5:59,-0.4,2026-10-02T01:01:04.695736+02:00
307289033,de:11000:900120001:1:51,0.0,2026-10-02T01:01:04.695736+02:00
307289033,de:11000:900110012:1:51,-0.2,2026-10-02T01:01:04.695736+02:00
307289033,de:11000:900110004:1:51,-0.1,2026-10-02T01:01:04.695736+02:00
307289033,de:11000:900110003:1:51,-0.4,2026-10-02T01:01:04.695736+02:00
307289033,de:11000:900110002:1:51,-0.4,2026-10-02T01:01:04.695736+02:00
307289033,de:11000:900110001:1:51,-0.1,2026-10-02T01:01:04.695736+02:00
307289033,de:11000:900007102:1:51,-0.6,2026-10-02T01:01:04.695736+02:00
307289033,de:11000:900009104:1:51,-0.3,2026-10-02T01:01:04.695736+02:00
307292242,de:11000:900044202:1:51,0.0,2026-10-02T01:01:04.695736+02:00
307292242,de:11000:900054105:1:51,-0.2,2026-10-02T01:01:04.695736+02:00
307292242,de:11000:900054104:2:53,-0.8,2026-10-02T01:01:04.695736+02:00
307292242,de:11000:900058101:5:59,-0.7,2026-10-02T01:01:04.695736+02:00
307292242,de:11000:900068201:1:51,-0.3,2026-10-02T01:01:04.695736+02:00
307292242,de:11000:900079221:1:51,-0.9,2026-10-02T01:01:04.695736+02:00
307292242,de:11000:900078201:1:51,-0.6,2026-10-02T01:01:04.695736+02:00
307292242,de:11000:900077155:1:51,-0.2,2026-10-02T01:01:04.695736+02:00
307292242,de:11000:900191001:2:51,-0.7,2026-10-02T01:01:04.695736+02:00
307292242,de:11000:900192001:2:52,-0.7,2026-10-02T01:01:04.695736+02:00
307292242,de:11000:900193001:1:50,-0.2,2026-10-02T01:01:04.695736+02:00
307292242,de:11000:900193002:1:50,-0.8,2026-10-02T01:01:04.695736+02:00
307292242,de:11000:900186001:1:50,-0.8,2026-10-02T01:01:04.695736+02:00
307292242,de:12061:900260004:1:50,-0.2,2026-10-02T01:01:04.695736+02:00
307292242,de:12061:900260003:1:50,-0.4,2026-10-02T01:01:04.695736+02:00
307292242,de:12061:900260002:1:51,-0.2,2026-10-02T01:01:04.695736+02:00
307292242,de:12061:900260001:2:52,-0.2,2026-10-02T01:01:04.695736+02:00
307292219,de:11000:900044202:1:51,0.0,2026-10-02T01:01:04.695736+02:00
307292219,de:11000:900054105:1:51,-0.2,2026-10-02T01:01:04.695736+02:00
307292219,de:11000:900054104:2:53,-0.8,2026-10-02T01:01:04.695736+02:00
307292219,de:11000:900058101:5:59,-0.7,2026-10-02T01:01:04.695736+02:00
307292219,de:11000:900068201:1:51,-0.3,2026-10-02T01:01:04.695736+02:00
307292219,de:11000:900079221:1:51,-0.9,2026-10-02T01:01:04.695736+02:00
307292219,de:11000:900078201:1:51,-0.6,2026-10-02T01:01:04.695736+02:00
307292219,de:11000:900077155:1:51,-0.2,2026-10-02T01:01:04.695736+02:00
307292219,de:11000:900191001:2:51,-0.7,2026-10-02T01:01:04.695736+02:00
307292219,de:11000:900192001:2:52,-0.7,2026-10-02T01:01:04.695736+02:00
307292219,de:11000:900193001:1:50,-0.2,2026-10-02T01:01:04.695736+02:00
307292219,de:11000:900193002:1:50,-0.8,2026-10-02T01:01:04.695736+02:00
307292219,de:11000:900186001:1:50,-0.8,2026-10-02T01:01:04.695736+02:00
307292219,de:12061:900260004:1:50,-0.2,2026-10-02T01:01:04.695736+02:00
307292219,de:12061:900260003:1:50,-0.4,2026-10-02T01:01:04.695736+02:00
307292219,de:12061:900260002:1:51,-0.2,2026-10-02T01:01:04.695736+02:00
307292219,de:12061:900260001:2:52,-0.2,2026-10-02T01:01:04.695736+02:00
307292215,de:11000:900044202:1:51,0.0,2026-10-02T01:01:04.695736+02:00
307292215,de:11000:900054105:1:51,-0.2,2026-10-02T01:01:04.695736+02:00
307292215,de:11000:900054104:2:53,-0.8,2026-10-02T01:01:04.695736+02:00
307292215,de:11000:900058101:5:59,-0.7,2026-10-02T01:01:04.695736+02:00
307292215,de:11000:900068201:1:51,-0.3,2026-10-02T01:01:04.695736+02:00
307292215,de:11000:900079221:1:51,-0.9,2026-10-02T01:01:04.695736+02:00
307292215,de:11000:900078201:1:51,-0.6,2026-10-02T01:01:04.695736+02:00
307292215,de:11000:900077155:1:51,-0.2,2026-10-02T01:01:04.695736+02:00
307292215,de:11000:900191001:2:51,-0.7,2026-10-02T01:01:04.695736+02:00
307292215,de:11000:900192001:2:52,-0.7,2026-10-02T01:01:04.695736+02:00
307292215,de:11000:900193001:1:50,-0.2,2026-10-02T01:01:04.695736+02:00
307292215,de:11000:900193002:1:50,-0.8,2026-10-02T01:01:04.695736+02:00
307292215,de:11000:900186001:1:50,-0.8,2026-10-02T01:01:04.695736+02:00
307292215,de:12061:900260004:1:50,-0.2,2026-10-02T01:01:04.695736+02:00
307292215,de:12061:900260003:1:50,-0.4,2026-10-02T01:01:04.695736+02:00
307292215,de:12061:900260002:1:51,-0.2,2026-10-02T01:01:04.695736+02:00
307292215,de:12061:900260001:2:52,-0.2,2026-10-02T01:01:04.695736+02:00
295928979,de:11000:900186001:2:52,0.0,2026-10-02T01:01:04.695736+02:00
295928979,de:11000:900193002:1:51,-0.2,2026-10-02T01:01:04.695736+02:00
295928979,de:11000:900193001:2:51,-0.8,2026-10-02T01:01:04.695736+02:00
295928979,de:11000:900192001:3:55,-0.7,2026-10-02T01:01:04.695736+02:00
295928979,de:11000:900191001:1:50,-0.4,2026-10-02T01:01:04.695736+02:00
295928979,de:11000:900077155:1:50,-0.9,2026-10-02T01:01:04.695736+02:00
295928979,de:11000:900078201:1:50,-0.9,2026-10-02T01:01:04.695736+02:00
295928979,de:11000:900079221:1:50,-0.7,2026-10-02T01:01:04.695736+02:00
295928963,de:11000:900186001:2:52,0.0,2026-10-02T01:01:04.695736+02:00
295928963,de:11000:900193002:1:51,-0.2,2026-10-02T01:01:04.695736+02:00
295928963,de:11000:900193001:2:51,-0.8,2026-10-02T01:01:04.695736+02:00
295928963,de:11000:900192001:3:55,-0.7,2026-10-02T01:01:04.695736+02:00
295928963,de:11000:900191001:1:50,-0.4,2026-10-02T01:01:04.695736+02:00
295928963,de:11000:900077155:1:50,-0.9,2026-10-02T01:01:04.695736+02:00
295928963,de:11000:900078201:1:50,-0.9,2026-10-02T01:01:04.695736+02:00
295928963,de:11000:900079221:1:50,-0.7,2026-10-02T01:01:04.695736+02:00
295928921,de:11000:900079221:1:51,0.0,2026-10-02T01:01:04.695736+02:00
295928921,de:11000:900078201:1:51,-0.6,2026-10-02T01:01:04.695736+02:00
295928921,de:11000:900077155:1:51,-0.2,2026-10-02T01:01:04.695736+02:00
295928921,de:11000:900191001:2:51,-0.7,2026-10-02T01:01:04.695736+02:00
295928921,de:11000:900192001:2:52,-0.7,2026-10-02T01:01:04.695736+02:00
295928921,de:11000:900193001:1:50,-0.2,2026-10-02T01:01:04.695736+02:00
295928921,de:11000:900193002:1:50,-0.8,2026-10-02T01:01:04.695736+02:00
295928921,de:11000:900186001:1:51,-0.8,2026-10-02T01:01:04.695736+02:00
295933175,de:11000:900180003:1:50,0.0,2026-10-02T01:01:04.695736+02:00
295933175,de:11000:900192002:1:50,-0.4,2026-10-02T01:01:04.695736+02:00
295933175,de:11000:900192001:3:54,-0.2,2026-10-02T01:01:04.695736+02:00
295933175,de:11000:900191001:1:50,-0.9,2026-10-02T01:01:04.695736+02:00
295933175,de:11000:900077155:1:50,-0.4,2026-10-02T01:01:04.695736+02:00
295933175,de:11000:900078201:1:50,-0.9,2026-10-02T01:01:04.695736+02:00
295933175,de:11000:900079221:1:50,-0.7,2026-10-02T01:01:04.695736+02:00
295933175,de:11000:900068201:1:50,-0.3,2026-10-02T01:01:04.695736+02:00
295933175,de:11000:900058101:5:58,-0.6,2026-10-02T01:01:04.695736+02:00
295932985,de:11000:900058101:5:59,0.0,2026-10-02T01:01:04.695736+02:00
295932985,de:11000:900068201:1:51,-0.3,2026-10-02T01:01:04.695736+02:00
295932985,de:11000:900079221:1:51,-0.9,2026-10-02T01:01:04.695736+02:00
295932985,de:11000:900078201:1:51,-0.6,2026-10-02T01:01:04.695736+02:00
295932985,de:11000:900077155:1:51,-0.2,2026-10-02T01:01:04.695736+02:00
295932985,de:11000:900191001:2:51,-0.7,2026-10-02T01:01:04.695736+02:00
295932985,de:11000:900192001:2:53,-0.7,2026-10-02T01:01:04.695736+02:00
295932985,de:11000:900192002:1:50,-0.5,2026-10-02T01:01:04.695736+02:00
295932985,de:11000:900180003:1:50,-0.7,2026-10-02T01:01:04.695736+02:00
295933099,de:11000:900180003:1:50,0.0,2026-10-02T01:01:04.695736+02:00
295933099,de:11000:900192002:1:50,-0.4,2026-10-02T01:01:04.695736+02:00
295933099,de:11000:900192001:3:54,-0.2,2026-10-02T01:01:04.695736+02:00
295933099,de:11000:900191001:1:50,-0.9,2026-10-02T01:01:04.695736+02:00
295933099,de:11000:900077155:1:50,-0.4,2026-10-02T01:01:04.695736+02:00
295933099,de:11000:900078201:1:50,-0.9,2026-10-02T01:01:04.695736+02:00
295933099,de:11000:900079221:1:50,-0.7,2026-10-02T01:01:04.695736+02:00
295933099,de:11000:900068201:1:50,-0.3,2026-10-02T01:01:04.695736+02:00
295933099,de:11000:900058101:5:58,-0.6,2026-10-02T01:01:04.695736+02:00
295933088,de:11000:900180003:1:50,0.0,2026-10-02T01:01:04.695736+02:00
295933088,de:11000:900192002:1:50,-0.4,2026-10-02T01:01:04.695736+02:00
295933088,de:11000:900192001:3:54,-0.2,2026-10-02T01:01:04.695736+02:00
295933088,de:11000:900191001:1:50,-0.9,2026-10-02T01:01:04.695736+02:00
295933088,de:11000:900077155:1:50,-0.4,2026-10-02T01:01:04.695736+02:00
295933088,de:11000:900078201:1:50,-0.9,2026-10-02T01:01:04.695736+02:00
295933088,de:11000:900079221:1:50,-0.7,2026-10-02T01:01:04.695736+02:00
295933088,de:11000:900068201:1:50,-0.3,2026-10-02T01:01:04.695736+02:00
295933088,de:11000:900058101:5:58,-0.6,2026-10-02T01:01:04.695736+02:00
295936979,de:12064:900320004:2:51,0.0,2026-10-02T01:01:04.695736+02:00
295936979,de:12064:900320005:1:50,0.0,2026-10-02T01:01:04.695736+02:00
295936979,de:12064:900320006:1:51,-0.8,2026-10-02T01:01:04.695736+02:00
295936979,de:12064:900320007:1:50,-0.8,2026-10-02T01:01:04.695736+02:00
295936979,de:12064:900320008:1:51,-0.5,2026-10-02T01:01:04.695736+02:00
295936979,de:12064:900320026:1:50,-0.3,2026-10-02T01:01:04.695736+02:00
295936979,de:11000:900176001:1:51,-0.7,2026-10-02T01:01:04.695736+02:00
295936979,de:11000:900175002:1:50,-0.7,2026-10-02T01:01:04.695736+02:00
295936979,de:11000:900175001:1:50,-0.6,2026-10-02T01:01:04.695736+02:00
295936979,de:11000:900171001:1:50,-0.3,2026-10-02T01:01:04.695736+02:00
295936979,de:11000:900171002:1:51,-0.4,2026-10-02T01:01:04.695736+02:00
295936979,de:11000:900160004:1:51,-0.8,2026-10-02T01:01:04.695736+02:00
295936979,de:11000:900160003:1:51,-0.9,2026-10-02T01:01:04.695736+02:00
295936979,de:11000:900120003:3:55,-0.1,2026-10-02T01:01:04.695736+02:00
295936979,de:11000:900120004:2:53,-0.6,2026-10-02T01:01:04.695736+02:00
295936979,de:11000:900120005:5:58,-0.9,2026-10-02T01:01:04.695736+02:00
295936979,de:11000:900100004:1:51,-0.4,2026-10-02T01:01:04.695736+02:00
295936979,de:11000:900100003:2:53,-0.4,2026-10-02T01:01:04.695736+02:00
295936979,de:11000:900100002:1:51,-0.4,2026-10-02T01:01:04.695736+02:00
295936979,de:11000:900100001:3:55,-0.4,2026-10-02T01:01:04.695736+02:00
295936979,de:11000:900003201:3:55,-0.1,2026-10-02T01:01:04.695736+02:00
295936979,de:11000:900003102:1:51,-0.8,2026-10-02T01:01:04.695736+02:00
295936979,de:11000:900003103:1:51,-0.9,2026-10-02T01:01:04.695736+02:00
295936979,de:11000:900023201:3:55,-0.8,2026-10-02T01:01:04.695736+02:00
295936979,de:11000:900024203:1:51,-0.8,2026-10-02T01:01:04.695736+02:00
295936979,de:11000:900024101:4:57,-0.8,2026-10-02T01:01:04.695736+02:00
295936979,de:11000:900024102:1:51,-0.1,2026-10-02T01:01:04.695736+02:00
295936942,de:12064:900320001:1:50,0.0,2026-10-02T01:01:04.695736+02:00
295936942,de:12064:900320002:1:50,-0.3,2026-10-02T01:01:04.695736+02:00
295936942,de:12064:900320003:1:50,-0.1,2026-10-02T01:01:04.695736+02:00
295936942,de:12064:900320004:2:51,-0.8,2026-10-02T01:01:04.695736+02:00
295936942,de:12064:900320005:1:50,0.0,2026-10-02T01:01:04.695736+02:00
295936942,de:12064:900320006:1:51,-0.8,2026-10-02T01:01:04.695736+02:00
295936942,de:12064:900320007:1:50,-0.8,2026-10-02T01:01:04.695736+02:00
295936942,de:12064:900320008:1:51,-0.5,2026-10-02T01:01:04.695736+02:00
295936942,de:12064:900320026:1:50,-0.3,2026-10-02T01:01:04.695736+02:00
295936942,de:11000:900176001:1:51,-0.7,2026-10-02T01:01:04.695736+02:00
295936942,de:11000:900175002:1:50,-0.7,2026-10-02T01:01:04.695736+02:00
295936942,de:11000:900175001:1:50,-0.6,2026-10-02T01:01:04.695736+02:00
295936942,de:11000:900171001:1:50,-0.3,2026-10-02T01:01:04.695736+02:00
295936942,de:11000:900171002:1:51,-0.4,2026-10-02T01:01:04.695736+02:00
295936942,de:11000:900160004:1:51,-0.8,2026-10-02T01:01:04.695736+02:00
295936942,de:11000:900160003:1:51,-0.9,2026-10-02T01:01:04.695736+02:00
295936942,de:11000:900120003:3:55,-0.1,2026-10-02T01:01:04.695736+02:00
295936942,de:11000:900120004:2:53,-0.6,2026-10-02T01:01:04.695736+02:00
295936942,de:11000:900120005:5:58,-0.9,2026-10-02T01:01:04.695736+02:00
295936942,de:11000:900100004:1:51,-0.4,2026-10-02T01:01:04.695736+02:00
295936942,de:11000:900100003:2:53,-0.4,2026-10-02T01:01:04.695736+02:00
295936942,de:11000:900100002:1:51,-0.4,2026-10-02T01:01:04.695736+02:00
295936942,de:11000:900100001:3:55,-0.4,2026-10-02T01:01:04.695736+02:00
295936942,de:11000:900003201:3:55,-0.1,2026-10-02T01:01:04.695736+02:00
295936942,de:11000:900003102:1:51,-0.8,2026-10-02T01:01:04.695736+02:00
295936942,de:11000:900003103:1:51,-0.9,2026-10-02T01:01:04.695736+02:00
295936942,de:11000:900023201:3:55,-0.8,2026-10-02T01:01:04.695736+02:00
295936942,de:11000:900024203:1:51,-0.8,2026-10-02T01:01:04.695736+02:00
295936942,de:11000:900024101:4:57,-0.8,2026-10-02T01:01:04.695736+02:00
295936942,de:11000:900024102:1:51,-0.1,2026-10-02T01:01:04.695736+02:00
306895259,de:12067:900311129::4,0.0,2026-10-02T01:01:04.695736+02:00
306895259,de:12067:900310755::2,0.0,2026-10-02T01:01:04.695736+02:00
306895259,de:12067:900310728::3,0.0,2026-10-02T01:01:04.695736+02:00
306895259,de:12067:900310727::3,0.0,2026-10-02T01:01:04.695736+02:00
306895259,de:12067:900310942::1,0.0,2026-10-02T01:01:04.695736+02:00
306895259,de:12067:900310716::1,0.0,2026-10-02T01:01:04.695736+02:00
306895259,de:12067:900310740::1,0.0,2026-10-02T01:01:04.695736+02:00
306895259,de:12067:900310736::1,0.0,2026-10-02T01:01:04.695736+02:00
306895259,de:12067:900310737::2,0.0,2026-10-02T01:01:04.695736+02:00
306895259,de:12067:900310944::1,0.0,2026-10-02T01:01:04.695736+02:00
306895259,de:12067:900310841::2,0.0,2026-10-02T01:01:04.695736+02:00
306895259,de:12067:900311002::3,0.0,2026-10-02T01:01:04.695736+02:00
306895259,de:12067:900311020::1,0.0,2026-10-02T01:01:04.695736+02:00
306895259,de:12067:900310834::1,0.0,2026-10-02T01:01:04.695736+02:00
306895259,de:12067:900311020::2,0.0,2026-10-02T01:01:04.695736+02:00
306895259,de:12067:900310908::2,0.0,2026-10-02T01:01:04.695736+02:00
306895259,de:12067:900310975::2,0.0,2026-10-02T01:01:04.695736+02:00
306895259,de:12067:900310974::2,0.0,2026-10-02T01:01:04.695736+02:00
306895259,de:12067:900310914::2,0.0,2026-10-02T01:01:04.695736+02:00
306895259,de:12067:900310703::3,0.0,2026-10-02T01:01:04.695736+02:00
306895259,de:12067:900310915::2,-0.5,2026-10-02T01:01:04.695736+02:00
306895259,de:12067:900310916::2,-0.5,2026-10-02T01:01:04.695736+02:00
306895259,de:12067:900310917::2,0.0,2026-10-02T01:01:04.695736+02:00
306895259,de:12067:900310900::2,0.0,2026-10-02T01:01:04.695736+02:00
306895259,de:12067:900310880::2,0.0,2026-10-02T01:01:04.695736+02:00
306895259,de:12067:900310010::1,0.0,2026-10-02T01:01:04.695736+02:00
306895259,de:12067:900310879::2,0.0,2026-10-02T01:01:04.695736+02:00
306895259,de:12067:900310800::2,0.0,2026-10-02T01:01:04.695736+02:00
306895259,de:12067:900310771::2,0.0,2026-10-02T01:01:04.695736+02:00
306895259,de:12067:900310822::2,0.0,2026-10-02T01:01:04.695736+02:00
306895259,de:12067:900310781::2,0.0,2026-10-02T01:01:04.695736+02:00
306895259,de:12067:900310627::2,0.0,2026-10-02T01:01:04.695736+02:00
306895259,de:12067:900310816::2,0.0,2026-10-02T01:01:04.695736+02:00
306895259,de:12067:900310022::1,0.0,2026-10-02T01:01:04.695736+02:00
306895259,de:12067:900310001::11,0.0,2026-10-02T01:01:04.695736+02:00
295942231,de:11000:900176001:1:50,0.0,2026-10-02T01:01:04.695736+02:00
295942231,de:11000:900175002:1:50,-0.7,2026-10-02T01:01:04.695736+02:00
295942231,de:11000:900175001:1:50,-0.6,2026-10-02T01:01:04.695736+02:00
295942231,de:11000:900171001:1:50,-0.3,2026-10-02T01:01:04.695736+02:00
295942231,de:11000:900171002:1:51,-0.4,2026-10-02T01:01:04.695736+02:00
295942231,de:11000:900160004:1:51,-0.8,2026-10-02T01:01:04.695736+02:00
295942231,de:11000:900160003:1:51,-0.8,2026-10-02T01:01:04.695736+02:00
295942231,de:11000:900120003:3:54,-0.9,2026-10-02T01:01:04.695736+02:00
295942231,de:11000:900120004:2:52,-0.1,2026-10-02T01:01:04.695736+02:00
295942226,de:11000:900176001:1:50,0.0,2026-10-02T01:01:04.695736+02:00
295942226,de:11000:900175002:1:50,-0.7,2026-10-02T01:01:04.695736+02:00
295942226,de:11000:900175001:1:50,-0.6,2026-10-02T01:01:04.695736+02:00
295942226,de:11000:900171001:1:50,-0.3,2026-10-02T01:01:04.695736+02:00
295942226,de:11000:900171002:1:51,-0.4,2026-10-02T01:01:04.695736+02:00
295942226,de:11000:900160004:1:51,-0.8,2026-10-02T01:01:04.695736+02:00
295942226,de:11000:900160003:1:51,-0.8,2026-10-02T01:01:04.695736+02:00
295942226,de:11000:900120003:3:54,-0.9,2026-10-02T01:01:04.695736+02:00
295942226,de:11000:900120004:2:52,-0.1,2026-10-02T01:01:04.695736+02:00
295940261,de:12064:900320008:1:51,0.0,2026-10-02T01:01:04.695736+02:00
295940261,de:12064:900320026:1:50,-0.3,2026-10-02T01:01:04.695736+02:00
295940261,de:11000:900176001:1:51,-0.7,2026-10-02T01:01:04.695736+02:00
295940261,de:11000:900175002:1:50,-0.7,2026-10-02T01:01:04.695736+02:00
295940261,de:11000:900175001:1:50,-0.6,2026-10-02T01:01:04.695736+02:00
295940261,de:11000:900171001:1:50,-0.3,2026-10-02T01:01:04.695736+02:00
295940261,de:11000:900171002:1:51,-0.4,2026-10-02T01:01:04.695736+02:00
295940261,de:11000:900160004:1:51,-0.8,2026-10-02T01:01:04.695736+02:00
295940261,de:11000:900160003:1:51,-0.9,2026-10-02T01:01:04.695736+02:00
295940261,de:11000:900120003:3:55,-0.1,2026-10-02T01:01:04.695736+02:00
295940261,de:11000:900120004:2:53,-0.6,2026-10-02T01:01:04.695736+02:00
295940261,de:11000:900120005:5:58,-0.9,2026-10-02T01:01:04.695736+02:00
295940261,de:11000:900100004:1:51,-0.4,2026-10-02T01:01:04.695736+02:00
295940261,de:11000:900100003:2:53,-0.4,2026-10-02T01:01:04.695736+02:00
295940261,de:11000:900100002:1:51,-0.4,2026-10-02T01:01:04.695736+02:00
295940261,de:11000:900100001:3:55,-0.4,2026-10-02T01:01:04.695736+02:00
295940261,de:11000:900003201:3:55,-0.1,2026-10-02T01:01:04.695736+02:00
295940261,de:11000:900003102:1:51,-0.8,2026-10-02T01:01:04.695736+02:00
295940261,de:11000:900003103:1:51,-0.9,2026-10-02T01:01:04.695736+02:00
295940261,de:11000:900023201:3:55,-0.8,2026-10-02T01:01:04.695736+02:00
295940261,de:11000:900024203:1:51,-0.8,2026-10-02T01:01:04.695736+02:00
295940261,de:11000:900024101:4:57,-0.8,2026-10-02T01:01:04.695736+02:00
295940261,de:11000:900024102:1:51,-0.1,2026-10-02T01:01:04.695736+02:00
295940167,de:11000:900024102:2:52,0.0,2026-10-02T01:01:04.695736+02:00
295940167,de:11000:900024101:3:54,-0.8,2026-10-02T01:01:04.695736+02:00
295940167,de:11000:900024203:1:51,-0.8,2026-10-02T01:01:04.695736+02:00
295940167,de:11000:900023201:3:54,-0.7,2026-10-02T01:01:04.695736+02:00
295940167,de:11000:900003103:1:50,-0.8,2026-10-02T01:01:04.695736+02:00
295940167,de:11000:900003102:1:50,-0.9,2026-10-02T01:01:04.695736+02:00
295940167,de:11000:900003201:3:54,-0.5,2026-10-02T01:01:04.695736+02:00
295940167,de:11000:900100001:3:54,-0.1,2026-10-02T01:01:04.695736+02:00
295940167,de:11000:900100002:1:50,-0.4,2026-10-02T01:01:04.695736+02:00
295940167,de:11000:900100003:2:52,-0.1,2026-10-02T01:01:04.695736+02:00
295940167,de:11000:900100004:1:50,-0.4,2026-10-02T01:01:04.695736+02:00
295940167,de:11000:900120005:4:55,-0.6,2026-10-02T01:01:04.695736+02:00
295940167,de:11000:900120004:1:50,-0.1,2026-10-02T01:01:04.695736+02:00
295940167,de:11000:900120003:2:53,-0.4,2026-10-02T01:01:04.695736+02:00
295940167,de:11000:900160003:1:50,-0.7,2026-10-02T01:01:04.695736+02:00
295940167,de:11000:900160004:1:50,-0.7,2026-10-02T01:01:04.695736+02:00
295940167,de:11000:900171002:1:50,-0.2,2026-10-02T01:01:04.695736+02:00
295940167,de:11000:900171001:2:51,-0.3,2026-10-02T01:01:04.695736+02:00
295940167,de:11000:900175001:2:51,-0.5,2026-10-02T01:01:04.695736+02:00
295940167,de:11000:900175002:1:51,0.0,2026-10-02T01:01:04.695736+02:00
295940167,de:11000:900176001:2:52,-0.3,2026-10-02T01:01:04.695736+02:00
295940167,de:12064:900320026:1:51,-0.1,2026-10-02T01:01:04.695736+02:00
295940167,de:12064:900320008:1:50,-0.7,2026-10-02T01:01:04.695736+02:00
307433906,de:12071:900445010:2:52,-2.0,2026-10-02T01:01:04.695736+02:00
307433906,de:12071:900445122:1:50,0.0,2026-10-02T01:01:04.695736+02:00
307433906,de:12052:900470001:3:52,0.0,2026-10-02T01:01:04.695736+02:00
307433906,de:12052:900470000:3:53,0.0,2026-10-02T01:01:04.695736+02:00
306896950,de:12067:900310001::3,0.0,2026-10-02T01:01:04.695736+02:00
306896950,de:12067:900310816::1,0.0,2026-10-02T01:01:04.695736+02:00
306896950,de:12067:900310627::1,0.0,2026-10-02T01:01:04.695736+02:00
306896950,de:12067:900310781::1,0.0,2026-10-02T01:01:04.695736+02:00
306896950,de:12067:900310822::1,0.0,2026-10-02T01:01:04.695736+02:00
306896950,de:12067:900310771::1,0.0,2026-10-02T01:01:04.695736+02:00
306896950,de:12067:900310800::1,0.0,2026-10-02T01:01:04.695736+02:00
306896950,de:12067:900310879::1,0.0,2026-10-02T01:01:04.695736+02:00
306896950,de:12067:900310010::4,0.0,2026-10-02T01:01:04.695736+02:00
306896950,de:12067:900310880::1,0.0,2026-10-02T01:01:04.695736+02:00
306896950,de:12067:900310900::1,0.0,2026-10-02T01:01:04.695736+02:00
306896950,de:12067:900310917::1,0.0,2026-10-02T01:01:04.695736+02:00
306896950,de:12067:900310916::1,-0.5,2026-10-02T01:01:04.695736+02:00
306896950,de:12067:900310915::1,-0.5,2026-10-02T01:01:04.695736+02:00
306896950,de:12067:900310703::1,0.0,2026-10-02T01:01:04.695736+02:00
306896950,de:12067:900310979::1,0.0,2026-10-02T01:01:04.695736+02:00
306896950,de:12067:900310946::1,0.0,2026-10-02T01:01:04.695736+02:00
306896950,de:12067:900310110::1,0.0,2026-10-02T01:01:04.695736+02:00
306896950,de:12067:900310040::1,0.0,2026-10-02T01:01:04.695736+02:00
306896950,de:12067:900310109::1,0.0,2026-10-02T01:01:04.695736+02:00
306896950,de:12067:900310631::1,0.0,2026-10-02T01:01:04.695736+02:00
306896950,de:12067:900310106::1,0.0,2026-10-02T01:01:04.695736+02:00
306896950,de:12067:900310115::1,0.0,2026-10-02T01:01:04.695736+02:00
306896950,de:12067:900310119::1,0.0,2026-10-02T01:01:04.695736+02:00
306896950,de:12067:900310114::1,0.0,2026-10-02T01:01:04.695736+02:00
306896950,de:12067:900310103::1,0.0,2026-10-02T01:01:04.695736+02:00
306896950,de:12067:900310102::1,0.0,2026-10-02T01:01:04.695736+02:00
306896950,de:12067:900310104::1,0.0,2026-10-02T01:01:04.695736+02:00
306896950,de:12067:900310116::1,0.0,2026-10-02T01:01:04.695736+02:00
306896950,de:12067:900310113::1,0.0,2026-10-02T01:01:04.695736+02:00
306896950,de:12067:900310107::1,0.0,2026-10-02T01:01:04.695736+02:00
306896950,de:12067:900311082::1,0.0,2026-10-02T01:01:04.695736+02:00
306896950,de:12067:900311077::1,0.0,2026-10-02T01:01:04.695736+02:00
306896950,de:12067:900311078::1,0.0,2026-10-02T01:01:04.695736+02:00
306896950,de:12067:900310613::1,0.0,2026-10-02T01:01:04.695736+02:00
306896950,de:12067:900311076::2,0.0,2026-10-02T01:01:04.695736+02:00
306896950,de:12067:900311009::1,0.0,2026-10-02T01:01:04.695736+02:00
306896782,de:12067:900310611::1,0.0,2026-10-02T01:01:04.695736+02:00
306896782,de:12067:900311058::2,0.0,2026-10-02T01:01:04.695736+02:00
306896782,de:12067:900311110::4,0.0,2026-10-02T01:01:04.695736+02:00
306896782,de:12067:900311059::2,0.0,2026-10-02T01:01:04.695736+02:00
306896782,de:12067:900311069::1,0.0,2026-10-02T01:01:04.695736+02:00
306896782,de:12067:900311118::2,0.0,2026-10-02T01:01:04.695736+02:00
306896782,de:12067:900310904::2,0.0,2026-10-02T01:01:04.695736+02:00
306896782,de:12067:900310991::2,0.0,2026-10-02T01:01:04.695736+02:00
306896782,de:12067:900310990::1,0.0,2026-10-02T01:01:04.695736+02:00
306896782,de:12067:900310989::2,0.0,2026-10-02T01:01:04.695736+02:00
306896782,de:12067:900310992::2,-0.5,2026-10-02T01:01:04.695736+02:00
306896782,de:12067:900310995::1,0.0,2026-10-02T01:01:04.695736+02:00
306896782,de:12067:900310779::2,0.0,2026-10-02T01:01:04.695736+02:00
306896782,de:12067:900310808::2,0.0,2026-10-02T01:01:04.695736+02:00
306896782,de:12067:900310822::2,0.0,2026-10-02T01:01:04.695736+02:00
306896782,de:12067:900310781::2,0.0,2026-10-02T01:01:04.695736+02:00
306896782,de:12067:900310627::2,0.0,2026-10-02T01:01:04.695736+02:00
306896782,de:12067:900310816::2,-0.5,2026-10-02T01:01:04.695736+02:00
306896782,de:12067:900310022::1,-0.5,2026-10-02T01:01:04.695736+02:00
306896782,de:12067:900310001::11,-0.5,2026-10-02T01:01:04.695736+02:00
295946205,de:12054:900230999:3:54,0.0,2026-10-02T01:01:04.695736+02:00
295946205,de:12054:900230000:1:50,-0.3,2026-10-02T01:01:04.695736+02:00
295946205,de:12054:900230003:1:54,-0.3,2026-10-02T01:01:04.695736+02:00
295946205,de:11000:900053301:2:53,-0.4,2026-10-02T01:01:04.695736+02:00
295946205,de:11000:900052201:2:53,-0.7,2026-10-02T01:01:04.695736+02:00
295946205,de:11000:900048101:2:53,-0.9,2026-10-02T01:01:04.695736+02:00
295946205,de:11000:900024102:2:53,-0.9,2026-10-02T01:01:04.695736+02:00
295946205,de:11000:900024101:3:55,-0.3,2026-10-02T01:01:04.695736+02:00
295946205,de:11000:900024203:1:51,-0.3,2026-10-02T01:01:04.695736+02:00
295946205,de:11000:900023201:3:54,-0.2,2026-10-02T01:01:04.695736+02:00
295946205,de:11000:900003103:1:50,-0.3,2026-10-02T01:01:04.695736+02:00
295946205,de:11000:900003102:1:50,-0.4,2026-10-02T01:01:04.695736+02:00
295946205,de:11000:900003201:3:54,0.0,2026-10-02T01:01:04.695736+02:00
295946205,de:11000:900100001:3:54,-0.6,2026-10-02T01:01:04.695736+02:00
295946205,de:11000:900100002:1:50,-0.9,2026-10-02T01:01:04.695736+02:00
295946205,de:11000:900100003:2:52,-0.6,2026-10-02T01:01:04.695736+02:00
295946205,de:11000:900100004:1:50,-0.9,2026-10-02T01:01:04.695736+02:00
295946205,de:11000:900120005:4:55,-0.1,2026-10-02T01:01:04.695736+02:00
295946205,de:11000:900120004:1:50,-0.6,2026-10-02T01:01:04.695736+02:00
295946205,de:11000:900120003:2:53,-0.9,2026-10-02T01:01:04.695736+02:00
295946205,de:11000:900160003:1:50,-0.2,2026-10-02T01:01:04.695736+02:00
295946205,de:11000:900160004:1:50,-0.2,2026-10-02T01:01:04.695736+02:00
295946205,de:11000:900171002:1:50,-0.7,2026-10-02T01:01:04.695736+02:00
295946205,de:11000:900171003:1:50,-0.8,2026-10-02T01:01:04.695736+02:00
295946205,de:11000:900170005:1:50,-0.3,2026-10-02T01:01:04.695736+02:00
295946205,de:11000:900170001:1:50,-0.1,2026-10-02T01:01:04.695736+02:00
295946205,de:11000:900170002:1:50,-0.9,2026-10-02T01:01:04.695736+02:00
295946205,de:11000:900170003:1:50,-0.7,2026-10-02T01:01:04.695736+02:00
295946205,de:11000:900170004:1:50,-0.9,2026-10-02T01:01:04.695736+02:00
295946202,de:12054:900230999:3:54,0.0,2026-10-02T01:01:04.695736+02:00
295946202,de:12054:900230000:1:50,-0.3,2026-10-02T01:01:04.695736+02:00
295946202,de:12054:900230003:1:54,-0.3,2026-10-02T01:01:04.695736+02:00
295946202,de:11000:900053301:2:53,-0.4,2026-10-02T01:01:04.695736+02:00
295946202,de:11000:900052201:2:53,-0.7,2026-10-02T01:01:04.695736+02:00
295946202,de:11000:900048101:2:53,-0.9,2026-10-02T01:01:04.695736+02:00
295946202,de:11000:900024102:2:53,-0.9,2026-10-02T01:01:04.695736+02:00
295946202,de:11000:900024101:3:55,-0.3,2026-10-02T01:01:04.695736+02:00
295946202,de:11000:900024203:1:51,-0.3,2026-10-02T01:01:04.695736+02:00
295946202,de:11000:900023201:3:54,-0.2,2026-10-02T01:01:04.695736+02:00
295946202,de:11000:900003103:1:50,-0.3,2026-10-02T01:01:04.695736+02:00
295946202,de:11000:900003102:1:50,-0.4,2026-10-02T01:01:04.695736+02:00
295946202,de:11000:900003201:3:54,0.0,2026-10-02T01:01:04.695736+02:00
295946202,de:11000:900100001:3:54,-0.6,2026-10-02T01:01:04.695736+02:00
295946202,de:11000:900100002:1:50,-0.9,2026-10-02T01:01:04.695736+02:00
295946202,de:11000:900100003:2:52,-0.6,2026-10-02T01:01:04.695736+02:00
295946202,de:11000:900100004:1:50,-0.9,2026-10-02T01:01:04.695736+02:00
295946202,de:11000:900120005:4:55,-0.1,2026-10-02T01:01:04.695736+02:00
295946202,de:11000:900120004:1:50,-0.6,2026-10-02T01:01:04.695736+02:00
295946202,de:11000:900120003:2:53,-0.9,2026-10-02T01:01:04.695736+02:00
295946202,de:11000:900160003:1:50,-0.2,2026-10-02T01:01:04.695736+02:00
295946202,de:11000:900160004:1:50,-0.2,2026-10-02T01:01:04.695736+02:00
295946202,de:11000:900171002:1:50,-0.7,2026-10-02T01:01:04.695736+02:00
295946202,de:11000:900171003:1:50,-0.8,2026-10-02T01:01:04.695736+02:00
295946202,de:11000:900170005:1:50,-0.3,2026-10-02T01:01:04.695736+02:00
295946202,de:11000:900170001:1:50,-0.1,2026-10-02T01:01:04.695736+02:00
295946202,de:11000:900170002:1:50,-0.9,2026-10-02T01:01:04.695736+02:00
295946202,de:11000:900170003:1:50,-0.7,2026-10-02T01:01:04.695736+02:00
295946202,de:11000:900170004:1:50,-0.9,2026-10-02T01:01:04.695736+02:00
295946201,de:12054:900230999:3:54,0.0,2026-10-02T01:01:04.695736+02:00
295946201,de:12054:900230000:1:50,-0.3,2026-10-02T01:01:04.695736+02:00
295946201,de:12054:900230003:1:54,-0.3,2026-10-02T01:01:04.695736+02:00
295946201,de:11000:900053301:2:53,-0.4,2026-10-02T01:01:04.695736+02:00
295946201,de:11000:900052201:2:53,-0.7,2026-10-02T01:01:04.695736+02:00
295946201,de:11000:900048101:2:53,-0.9,2026-10-02T01:01:04.695736+02:00
295946201,de:11000:900024102:2:53,-0.9,2026-10-02T01:01:04.695736+02:00
295946201,de:11000:900024101:3:55,-0.3,2026-10-02T01:01:04.695736+02:00
295946201,de:11000:900024203:1:51,-0.3,2026-10-02T01:01:04.695736+02:00
295946201,de:11000:900023201:3:54,-0.2,2026-10-02T01:01:04.695736+02:00
295946201,de:11000:900003103:1:50,-0.3,2026-10-02T01:01:04.695736+02:00
295946201,de:11000:900003102:1:50,-0.4,2026-10-02T01:01:04.695736+02:00
295946201,de:11000:900003201:3:54,0.0,2026-10-02T01:01:04.695736+02:00
295946201,de:11000:900100001:3:54,-0.6,2026-10-02T01:01:04.695736+02:00
295946201,de:11000:900100002:1:50,-0.9,2026-10-02T01:01:04.695736+02:00
295946201,de:11000:900100003:2:52,-0.6,2026-10-02T01:01:04.695736+02:00
295946201,de:11000:900100004:1:50,-0.9,2026-10-02T01:01:04.695736+02:00
295946201,de:11000:900120005:4:55,-0.1,2026-10-02T01:01:04.695736+02:00
295946201,de:11000:900120004:1:50,-0.6,2026-10-02T01:01:04.695736+02:00
295946201,de:11000:900120003:2:53,-0.9,2026-10-02T01:01:04.695736+02:00
295946201,de:11000:900160003:1:50,-0.2,2026-10-02T01:01:04.695736+02:00
295946201,de:11000:900160004:1:50,-0.2,2026-10-02T01:01:04.695736+02:00
295946201,de:11000:900171002:1:50,-0.7,2026-10-02T01:01:04.695736+02:00
295946201,de:11000:900171003:1:50,-0.8,2026-10-02T01:01:04.695736+02:00
295946201,de:11000:900170005:1:50,-0.3,2026-10-02T01:01:04.695736+02:00
295946201,de:11000:900170001:1:50,-0.1,2026-10-02T01:01:04.695736+02:00
295946201,de:11000:900170002:1:50,-0.9,2026-10-02T01:01:04.695736+02:00
295946201,de:11000:900170003:1:50,-0.7,2026-10-02T01:01:04.695736+02:00
295946201,de:11000:900170004:1:50,-0.9,2026-10-02T01:01:04.695736+02:00
295953479,de:11000:900120004:1:51,0.0,2026-10-02T01:01:04.695736+02:00
295953479,de:11000:900120003:2:52,-0.9,2026-10-02T01:01:04.695736+02:00
295953479,de:11000:900160003:1:50,-0.2,2026-10-02T01:01:04.695736+02:00
295953479,de:11000:900160004:1:50,-0.2,2026-10-02T01:01:04.695736+02:00
295953479,de:11000:900171002:1:50,-0.7,2026-10-02T01:01:04.695736+02:00
295953479,de:11000:900171003:1:50,-0.8,2026-10-02T01:01:04.695736+02:00
295953479,de:11000:900152002:1:50,-0.4,2026-10-02T01:01:04.695736+02:00
295953479,de:11000:900152001:1:50,-0.6,2026-10-02T01:01:04.695736+02:00
295953479,de:11000:900151001:1:51,-0.9,2026-10-02T01:01:04.695736+02:00
295953434,de:11000:900120005:5:57,0.0,2026-10-02T01:01:04.695736+02:00
295953434,de:11000:900120004:1:50,-0.6,2026-10-02T01:01:04.695736+02:00
295953434,de:11000:900120003:2:53,-0.9,2026-10-02T01:01:04.695736+02:00
295953434,de:11000:900160003:1:50,-0.2,2026-10-02T01:01:04.695736+02:00
295953434,de:11000:900160004:1:50,-0.2,2026-10-02T01:01:04.695736+02:00
295953434,de:11000:900171002:1:50,-0.7,2026-10-02T01:01:04.695736+02:00
295953434,de:11000:900171003:1:50,-0.8,2026-10-02T01:01:04.695736+02:00
295953434,de:11000:900152002:1:50,-0.4,2026-10-02T01:01:04.695736+02:00
295953434,de:11000:900152001:1:50,-0.6,2026-10-02T01:01:04.695736+02:00
295953434,de:11000:900151001:1:51,-0.9,2026-10-02T01:01:04.695736+02:00
295953532,de:11000:900151001:1:51,0.0,2026-10-02T01:01:04.695736+02:00
295953532,de:11000:900152001:1:51,-0.6,2026-10-02T01:01:04.695736+02:00
295953532,de:11000:900152002:1:51,-0.2,2026-10-02T01:01:04.695736+02:00
295953532,de:11000:900171003:1:51,-0.9,2026-10-02T01:01:04.695736+02:00
295953532,de:11000:900171002:1:51,-0.9,2026-10-02T01:01:04.695736+02:00
295953532,de:11000:900160004:1:51,-0.3,2026-10-02T01:01:04.695736+02:00
295953532,de:11000:900160003:1:51,-0.4,2026-10-02T01:01:04.695736+02:00
295953532,de:11000:900120003:3:55,-0.6,2026-10-02T01:01:04.695736+02:00
295953532,de:11000:900120004:2:53,-0.1,2026-10-02T01:01:04.695736+02:00
295953532,de:11000:900120005:4:56,-0.4,2026-10-02T01:01:04.695736+02:00
295953431,de:11000:900120005:4:56,0.0,2026-10-02T01:01:04.695736+02:00
295953431,de:11000:900120004:1:50,-0.6,2026-10-02T01:01:04.695736+02:00
295953431,de:11000:900120003:2:53,-0.9,2026-10-02T01:01:04.695736+02:00
295953431,de:11000:900160003:1:50,-0.2,2026-10-02T01:01:04.695736+02:00
295953431,de:11000:900160004:1:50,-0.2,2026-10-02T01:01:04.695736+02:00
295953431,de:11000:900171002:1:50,-0.7,2026-10-02T01:01:04.695736+02:00
295953431,de:11000:900171003:1:50,-0.8,2026-10-02T01:01:04.695736+02:00
295953431,de:11000:900152002:1:50,-0.4,2026-10-02T01:01:04.695736+02:00
295953431,de:11000:900152001:1:50,-0.6,2026-10-02T01:01:04.695736+02:00
295953431,de:11000:900151001:1:51,-0.9,2026-10-02T01:01:04.695736+02:00
295956097,de:11000:900151001:1:50,0.0,2026-10-02T01:01:04.695736+02:00
295956097,de:11000:900152001:1:51,-0.6,2026-10-02T01:01:04.695736+02:00
295956097,de:11000:900152002:1:51,-0.2,2026-10-02T01:01:04.695736+02:00
295956097,de:11000:900171003:1:51,-0.9,2026-10-02T01:01:04.695736+02:00
295956097,de:11000:900171002:1:51,-0.9,2026-10-02T01:01:04.695736+02:00
295956097,de:11000:900160004:1:51,-0.3,2026-10-02T01:01:04.695736+02:00
295956097,de:11000:900160003:1:51,-0.4,2026-10-02T01:01:04.695736+02:00
295956097,de:11000:900120003:3:54,-0.6,2026-10-02T01:01:04.695736+02:00
295956097,de:11000:900120004:2:52,-0.1,2026-10-02T01:01:04.695736+02:00
295956014,de:11000:900120004:1:51,0.0,2026-10-02T01:01:04.695736+02:00
295956014,de:11000:900120003:2:52,-0.9,2026-10-02T01:01:04.695736+02:00
295956014,de:11000:900160003:1:50,-0.2,2026-10-02T01:01:04.695736+02:00
295956014,de:11000:900160004:1:50,-0.2,2026-10-02T01:01:04.695736+02:00
295956014,de:11000:900171002:1:50,-0.7,2026-10-02T01:01:04.695736+02:00
295956014,de:11000:900171003:1:50,-0.8,2026-10-02T01:01:04.695736+02:00
295956014,de:11000:900152002:1:50,-0.4,2026-10-02T01:01:04.695736+02:00
295956014,de:11000:900152001:1:50,-0.6,2026-10-02T01:01:04.695736+02:00
295956014,de:11000:900151001:1:50,-0.9,2026-10-02T01:01:04.695736+02:00
307436878,de:12061:900261512:2:52,0.0,2026-10-02T01:01:04.695736+02:00
307436878,de:12066:900435602:2:51,0.0,2026-10-02T01:01:04.695736+02:00
307436878,de:12066:900435459:2:52,0.0,2026-10-02T01:01:04.695736+02:00
307436878,de:12066:900435818:1:50,0.0,2026-10-02T01:01:04.695736+02:00
307436878,de:12066:900435209:1:50,0.0,2026-10-02T01:01:04.695736+02:00
307436878,de:12066:900435339:1:50,0.0,2026-10-02T01:01:04.695736+02:00
307436878,de:12066:900435001:3:53,0.0,2026-10-02T01:01:04.695736+02:00
307436878,de:12066:900435000:2:53,0.0,2026-10-02T01:01:04.695736+02:00
306895483,de:12067:900310807::1,0.0,2026-10-02T01:01:04.695736+02:00
306895483,de:12067:900310815::2,0.0,2026-10-02T01:01:04.695736+02:00
306895483,de:12067:900310880::2,0.0,2026-10-02T01:01:04.695736+02:00
306895483,de:12067:900310010::2,0.0,2026-10-02T01:01:04.695736+02:00
306895483,de:12067:900310770::2,0.0,2026-10-02T01:01:04.695736+02:00
306895483,de:12067:900310812::2,0.0,2026-10-02T01:01:04.695736+02:00
306895483,de:12067:900310806::2,0.0,2026-10-02T01:01:04.695736+02:00
306895483,de:12067:900310821::2,0.0,2026-10-02T01:01:04.695736+02:00
306895483,de:12067:900310794::2,0.0,2026-10-02T01:01:04.695736+02:00
306895483,de:12067:900310808::2,0.0,2026-10-02T01:01:04.695736+02:00
306895483,de:12067:900310822::2,0.0,2026-10-02T01:01:04.695736+02:00
306895483,de:12067:900310781::2,0.0,2026-10-02T01:01:04.695736+02:00
306895483,de:12067:900310627::2,0.0,2026-10-02T01:01:04.695736+02:00
306895483,de:12067:900310816::2,0.0,2026-10-02T01:01:04.695736+02:00
306895483,de:12067:900310022::1,0.0,2026-10-02T01:01:04.695736+02:00
306895483,de:12067:900310001::11,0.0,2026-10-02T01:01:04.695736+02:00
306895483,de:12067:900310001::1,0.0,2026-10-02T01:01:04.695736+02:00
306895483,de:12067:900310696::1,0.0,2026-10-02T01:01:04.695736+02:00
306895483,de:12067:900310788::1,0.0,2026-10-02T01:01:04.695736+02:00
306895483,de:12067:900310790::1,0.0,2026-10-02T01:01:04.695736+02:00
306895483,de:12067:900310787::1,0.0,2026-10-02T01:01:04.695736+02:00
306895483,de:12067:900310809::1,0.0,2026-10-02T01:01:04.695736+02:00
306895483,de:12067:900310825::1,0.0,2026-10-02T01:01:04.695736+02:00
306895483,de:12067:900310792::2,0.0,2026-10-02T01:01:04.695736+02:00
306895483,de:12067:900310774::2,0.0,2026-10-02T01:01:04.695736+02:00
306895483,de:12067:900310793::1,0.0,2026-10-02T01:01:04.695736+02:00
306895483,de:12067:900310628::1,0.0,2026-10-02T01:01:04.695736+02:00
306895483,de:12067:900310814::1,0.0,2026-10-02T01:01:04.695736+02:00
306895483,de:12067:900311083::3,0.0,2026-10-02T01:01:04.695736+02:00
295960033,de:11000:900186001:2:53,0.0,2026-10-02T01:01:04.695736+02:00
295960033,de:11000:900193002:1:51,-0.2,2026-10-02T01:01:04.695736+02:00
295960033,de:11000:900193001:2:51,-0.8,2026-10-02T01:01:04.695736+02:00
295960033,de:11000:900192001:3:55,-0.7,2026-10-02T01:01:04.695736+02:00
295960033,de:11000:900191001:1:50,-0.4,2026-10-02T01:01:04.695736+02:00
295960033,de:11000:900191002:1:51,-0.8,2026-10-02T01:01:04.695736+02:00
295960033,de:11000:900190001:2:53,-0.6,2026-10-02T01:01:04.695736+02:00
295960033,de:11000:900120003:5:59,0.0,2026-10-02T01:01:04.695736+02:00
295960033,de:11000:900120001:1:51,-0.6,2026-10-02T01:01:04.695736+02:00
295960033,de:11000:900110012:1:51,-0.8,2026-10-02T01:01:04.695736+02:00
295960033,de:11000:900110004:1:51,-0.7,2026-10-02T01:01:04.695736+02:00
295960033,de:11000:900110003:1:51,0.0,2026-10-02T01:01:04.695736+02:00
295960033,de:11000:900110002:1:51,0.0,2026-10-02T01:01:04.695736+02:00
295960033,de:11000:900110001:1:51,-0.7,2026-10-02T01:01:04.695736+02:00
295960033,de:11000:900110011:2:52,-0.4,2026-10-02T01:01:04.695736+02:00
295960033,de:11000:900130002:1:50,0.0,2026-10-02T01:01:04.695736+02:00
295960033,de:11000:900130001:1:50,-0.7,2026-10-02T01:01:04.695736+02:00
295960033,de:11000:900142001:1:50,-0.2,2026-10-02T01:01:04.695736+02:00
295960033,de:12065:900200013:1:50,-0.3,2026-10-02T01:01:04.695736+02:00
295960033,de:12065:900200012:1:50,-0.9,2026-10-02T01:01:04.695736+02:00
295960033,de:12065:900200011:1:50,-0.4,2026-10-02T01:01:04.695736+02:00
295960033,de:12065:900200009:1:50,-0.9,2026-10-02T01:01:04.695736+02:00
295960033,de:12065:900200008:1:50,-0.9,2026-10-02T01:01:04.695736+02:00
306895288,de:12067:900310001::3,0.0,2026-10-02T01:01:04.695736+02:00
306895288,de:12067:900310816::1,0.0,2026-10-02T01:01:04.695736+02:00
306895288,de:12067:900310627::1,0.0,2026-10-02T01:01:04.695736+02:00
306895288,de:12067:900310781::1,0.0,2026-10-02T01:01:04.695736+02:00
306895288,de:12067:900310822::1,0.0,2026-10-02T01:01:04.695736+02:00
306895288,de:12067:900310771::1,0.0,2026-10-02T01:01:04.695736+02:00
306895288,de:12067:900310800::1,0.0,2026-10-02T01:01:04.695736+02:00
306895288,de:12067:900310879::1,0.0,2026-10-02T01:01:04.695736+02:00
306895288,de:12067:900310010::4,0.0,2026-10-02T01:01:04.695736+02:00
306895288,de:12067:900310880::1,0.0,2026-10-02T01:01:04.695736+02:00
306895288,de:12067:900310900::1,0.0,2026-10-02T01:01:04.695736+02:00
306895288,de:12067:900310917::1,0.0,2026-10-02T01:01:04.695736+02:00
306895288,de:12067:900310916::1,-0.5,2026-10-02T01:01:04.695736+02:00
306895288,de:12067:900310915::1,-0.5,2026-10-02T01:01:04.695736+02:00
306895288,de:12067:900310703::4,0.0,2026-10-02T01:01:04.695736+02:00
306895288,de:12067:900310914::1,0.0,2026-10-02T01:01:04.695736+02:00
306895288,de:12067:900310974::1,0.0,2026-10-02T01:01:04.695736+02:00
306895288,de:12067:900311084::1,0.0,2026-10-02T01:01:04.695736+02:00
306895288,de:12067:900311092::1,0.0,2026-10-02T01:01:04.695736+02:00
306895288,de:12067:900310866::2,0.0,2026-10-02T01:01:04.695736+02:00
306895288,de:12067:900311160::1,0.0,2026-10-02T01:01:04.695736+02:00
306895288,de:12067:900310874::1,0.0,2026-10-02T01:01:04.695736+02:00
306895288,de:12067:900310874::1,-6.0,2026-10-02T01:01:04.695736+02:00
306895288,de:12067:900310925::1,0.0,2026-10-02T01:01:04.695736+02:00
306895288,de:12067:900310874::1,6.0,2026-10-02T01:01:04.695736+02:00
306895288,de:12067:900310874::1,0.0,2026-10-02T01:01:04.695736+02:00
306895288,de:12067:900311085::2,0.0,2026-10-02T01:01:04.695736+02:00
306895288,de:12067:900310908::1,0.0,2026-10-02T01:01:04.695736+02:00
306895288,de:12067:900311020::1,0.0,2026-10-02T01:01:04.695736+02:00
306895288,de:12067:900310834::1,0.0,2026-10-02T01:01:04.695736+02:00
306895288,de:12067:900311020::2,0.0,2026-10-02T01:01:04.695736+02:00
306895288,de:12067:900311002::1,0.0,2026-10-02T01:01:04.695736+02:00
306895288,de:12067:900310841::1,0.0,2026-10-02T01:01:04.695736+02:00
306895288,de:12067:900310737::1,0.0,2026-10-02T01:01:04.695736+02:00
306895288,de:12067:900310736::1,0.0,2026-10-02T01:01:04.695736+02:00
306895288,de:12067:900310740::1,0.0,2026-10-02T01:01:04.695736+02:00
306895288,de:12067:900310716::2,0.0,2026-10-02T01:01:04.695736+02:00
306895288,de:12067:900310942::2,0.0,2026-10-02T01:01:04.695736+02:00
306895288,de:12067:900310721::1,0.0,2026-10-02T01:01:04.695736+02:00
306895288,de:12067:900310755::2,0.0,2026-10-02T01:01:04.695736+02:00
306895288,de:12067:900310728::3,0.0,2026-10-02T01:01:04.695736+02:00
306895288,de:12067:900311129::6,0.0,2026-10-02T01:01:04.695736+02:00
295960045,de:12061:900260002:1:50,0.0,2026-10-02T01:01:04.695736+02:00
295960045,de:12061:900260003:1:51,-0.7,2026-10-02T01:01:04.695736+02:00
295960045,de:12061:900260004:1:51,-0.9,2026-10-02T01:01:04.695736+02:00
295960045,de:11000:900186001:2:53,-0.2,2026-10-02T01:01:04.695736+02:00
295960045,de:11000:900193002:1:51,-0.2,2026-10-02T01:01:04.695736+02:00
295960045,de:11000:900193001:2:51,-0.8,2026-10-02T01:01:04.695736+02:00
295960045,de:11000:900192001:3:55,-0.7,2026-10-02T01:01:04.695736+02:00
295960045,de:11000:900191001:1:50,-0.4,2026-10-02T01:01:04.695736+02:00
295960045,de:11000:900191002:1:51,-0.8,2026-10-02T01:01:04.695736+02:00
295960045,de:11000:900190001:2:53,-0.6,2026-10-02T01:01:04.695736+02:00
295960045,de:11000:900120003:5:59,0.0,2026-10-02T01:01:04.695736+02:00
295960045,de:11000:900120001:1:51,-0.6,2026-10-02T01:01:04.695736+02:00
295960045,de:11000:900110012:1:51,-0.8,2026-10-02T01:01:04.695736+02:00
295960045,de:11000:900110004:1:51,-0.7,2026-10-02T01:01:04.695736+02:00
295960045,de:11000:900110003:1:51,0.0,2026-10-02T01:01:04.695736+02:00
295960045,de:11000:900110002:1:51,0.0,2026-10-02T01:01:04.695736+02:00
295960045,de:11000:900110001:1:51,-0.7,2026-10-02T01:01:04.695736+02:00
295960045,de:11000:900110011:2:52,-0.4,2026-10-02T01:01:04.695736+02:00
295960045,de:11000:900130002:1:50,0.0,2026-10-02T01:01:04.695736+02:00
295960045,de:11000:900130001:1:50,-0.7,2026-10-02T01:01:04.695736+02:00
295960045,de:11000:900142001:1:50,-0.2,2026-10-02T01:01:04.695736+02:00
295960045,de:12065:900200013:1:50,-0.3,2026-10-02T01:01:04.695736+02:00
295960045,de:12065:900200012:1:50,-0.9,2026-10-02T01:01:04.695736+02:00
295960045,de:12065:900200011:1:50,-0.4,2026-10-02T01:01:04.695736+02:00
295960045,de:12065:900200009:1:50,-0.9,2026-10-02T01:01:04.695736+02:00
295960045,de:12065:900200008:1:50,-0.9,2026-10-02T01:01:04.695736+02:00
295960044,de:12061:900260002:1:50,0.0,2026-10-02T01:01:04.695736+02:00
295960044,de:12061:900260003:1:51,-0.7,2026-10-02T01:01:04.695736+02:00
295960044,de:12061:900260004:1:51,-0.9,2026-10-02T01:01:04.695736+02:00
295960044,de:11000:900186001:2:53,-0.2,2026-10-02T01:01:04.695736+02:00
295960044,de:11000:900193002:1:51,-0.2,2026-10-02T01:01:04.695736+02:00
295960044,de:11000:900193001:2:51,-0.8,2026-10-02T01:01:04.695736+02:00
295960044,de:11000:900192001:3:55,-0.7,2026-10-02T01:01:04.695736+02:00
295960044,de:11000:900191001:1:50,-0.4,2026-10-02T01:01:04.695736+02:00
295960044,de:11000:900191002:1:51,-0.8,2026-10-02T01:01:04.695736+02:00
295960044,de:11000:900190001:2:53,-0.6,2026-10-02T01:01:04.695736+02:00
295960044,de:11000:900120003:5:59,0.0,2026-10-02T01:01:04.695736+02:00
295960044,de:11000:900120001:1:51,-0.6,2026-10-02T01:01:04.695736+02:00
295960044,de:11000:900110012:1:51,-0.8,2026-10-02T01:01:04.695736+02:00
295960044,de:11000:900110004:1:51,-0.7,2026-10-02T01:01:04.695736+02:00
295960044,de:11000:900110003:1:51,0.0,2026-10-02T01:01:04.695736+02:00
295960044,de:11000:900110002:1:51,0.0,2026-10-02T01:01:04.695736+02:00
295960044,de:11000:900110001:1:51,-0.7,2026-10-02T01:01:04.695736+02:00
295960044,de:11000:900110011:2:52,-0.4,2026-10-02T01:01:04.695736+02:00
295960044,de:11000:900130002:1:50,0.0,2026-10-02T01:01:04.695736+02:00
295960044,de:11000:900130001:1:50,-0.7,2026-10-02T01:01:04.695736+02:00
295960044,de:11000:900142001:1:50,-0.2,2026-10-02T01:01:04.695736+02:00
295960044,de:12065:900200013:1:50,-0.3,2026-10-02T01:01:04.695736+02:00
295960044,de:12065:900200012:1:50,-0.9,2026-10-02T01:01:04.695736+02:00
295960044,de:12065:900200011:1:50,-0.4,2026-10-02T01:01:04.695736+02:00
295960044,de:12065:900200009:1:50,-0.9,2026-10-02T01:01:04.695736+02:00
295960044,de:12065:900200008:1:50,-0.9,2026-10-02T01:01:04.695736+02:00
295963750,de:12061:900260009:3:56,0.0,2026-10-02T01:01:04.695736+02:00
295963750,de:12061:900260080:1:51,-0.7,2026-10-02T01:01:04.695736+02:00
295963750,de:12061:900260005:3:55,0.0,2026-10-02T01:01:04.695736+02:00
295963750,de:11000:900196001:1:51,0.0,2026-10-02T01:01:04.695736+02:00
295963750,de:11000:900195510:1:50,-0.4,2026-10-02T01:01:04.695736+02:00
295963750,de:11000:900193002:1:51,-0.6,2026-10-02T01:01:04.695736+02:00
295963750,de:11000:900193001:2:51,-0.3,2026-10-02T01:01:04.695736+02:00
295963750,de:11000:900192001:3:55,-0.2,2026-10-02T01:01:04.695736+02:00
295963750,de:11000:900191001:1:50,-0.9,2026-10-02T01:01:04.695736+02:00
295963750,de:11000:900191002:1:51,-0.3,2026-10-02T01:01:04.695736+02:00
295963750,de:11000:900190001:2:53,-0.1,2026-10-02T01:01:04.695736+02:00
295963750,de:11000:900120003:5:59,-0.3,2026-10-02T01:01:04.695736+02:00
295963750,de:11000:900120001:1:51,-0.6,2026-10-02T01:01:04.695736+02:00
295963750,de:11000:900110012:1:51,-0.8,2026-10-02T01:01:04.695736+02:00
295963750,de:11000:900110004:1:51,-0.7,2026-10-02T01:01:04.695736+02:00
295963750,de:11000:900110003:1:51,0.0,2026-10-02T01:01:04.695736+02:00
295963750,de:11000:900110002:1:51,0.0,2026-10-02T01:01:04.695736+02:00
295963750,de:11000:900110001:1:51,-0.7,2026-10-02T01:01:04.695736+02:00
295963750,de:11000:900110011:2:53,-0.4,2026-10-02T01:01:04.695736+02:00
295963750,de:11000:900085201:1:50,-0.8,2026-10-02T01:01:04.695736+02:00
295963750,de:11000:900084101:1:50,-0.7,2026-10-02T01:01:04.695736+02:00
295963750,de:11000:900096101:1:50,-0.8,2026-10-02T01:01:04.695736+02:00
295963750,de:11000:900094101:1:50,-0.3,2026-10-02T01:01:04.695736+02:00
295963750,de:11000:900093201:1:50,-0.4,2026-10-02T01:01:04.695736+02:00
295963750,de:11000:900092201:1:51,-0.2,2026-10-02T01:01:04.695736+02:00
295963749,de:12061:900260009:3:56,0.0,2026-10-02T01:01:04.695736+02:00
295963749,de:12061:900260080:1:51,-0.7,2026-10-02T01:01:04.695736+02:00
295963749,de:12061:900260005:3:55,0.0,2026-10-02T01:01:04.695736+02:00
295963749,de:11000:900196001:1:51,0.0,2026-10-02T01:01:04.695736+02:00
295963749,de:11000:900195510:1:50,-0.4,2026-10-02T01:01:04.695736+02:00
295963749,de:11000:900193002:1:51,-0.6,2026-10-02T01:01:04.695736+02:00
295963749,de:11000:900193001:2:51,-0.3,2026-10-02T01:01:04.695736+02:00
295963749,de:11000:900192001:3:55,-0.2,2026-10-02T01:01:04.695736+02:00
295963749,de:11000:900191001:1:50,-0.9,2026-10-02T01:01:04.695736+02:00
295963749,de:11000:900191002:1:51,-0.3,2026-10-02T01:01:04.695736+02:00
295963749,de:11000:900190001:2:53,-0.1,2026-10-02T01:01:04.695736+02:00
295963749,de:11000:900120003:5:59,-0.3,2026-10-02T01:01:04.695736+02:00
295963749,de:11000:900120001:1:51,-0.6,2026-10-02T01:01:04.695736+02:00
295963749,de:11000:900110012:1:51,-0.8,2026-10-02T01:01:04.695736+02:00
295963749,de:11000:900110004:1:51,-0.7,2026-10-02T01:01:04.695736+02:00
295963749,de:11000:900110003:1:51,0.0,2026-10-02T01:01:04.695736+02:00
295963749,de:11000:900110002:1:51,0.0,2026-10-02T01:01:04.695736+02:00
295963749,de:11000:900110001:1:51,-0.7,2026-10-02T01:01:04.695736+02:00
295963749,de:11000:900110011:2:53,-0.4,2026-10-02T01:01:04.695736+02:00
295963749,de:11000:900085201:1:50,-0.8,2026-10-02T01:01:04.695736+02:00
295963749,de:11000:900084101:1:50,-0.7,2026-10-02T01:01:04.695736+02:00
295963749,de:11000:900096101:1:50,-0.8,2026-10-02T01:01:04.695736+02:00
295963749,de:11000:900094101:1:50,-0.3,2026-10-02T01:01:04.695736+02:00
295963749,de:11000:900093201:1:50,-0.4,2026-10-02T01:01:04.695736+02:00
295963749,de:11000:900092201:1:51,-0.2,2026-10-02T01:01:04.695736+02:00
295963745,de:12061:900260009:3:56,0.0,2026-10-02T01:01:04.695736+02:00
295963745,de:12061:900260080:1:51,-0.7,2026-10-02T01:01:04.695736+02:00
295963745,de:12061:900260005:3:55,0.0,2026-10-02T01:01:04.695736+02:00
295963745,de:11000:900196001:1:51,0.0,2026-10-02T01:01:04.695736+02:00
295963745,de:11000:900195510:1:50,-0.4,2026-10-02T01:01:04.695736+02:00
295963745,de:11000:900193002:1:51,-0.6,2026-10-02T01:01:04.695736+02:00
295963745,de:11000:900193001:2:51,-0.3,2026-10-02T01:01:04.695736+02:00
295963745,de:11000:900192001:3:55,-0.2,2026-10-02T01:01:04.695736+02:00
295963745,de:11000:900191001:1:50,-0.9,2026-10-02T01:01:04.695736+02:00
295963745,de:11000:900191002:1:51,-0.3,2026-10-02T01:01:04.695736+02:00
295963745,de:11000:900190001:2:53,-0.1,2026-10-02T01:01:04.695736+02:00
295963745,de:11000:900120003:5:59,-0.3,2026-10-02T01:01:04.695736+02:00
295963745,de:11000:900120001:1:51,-0.6,2026-10-02T01:01:04.695736+02:00
295963745,de:11000:900110012:1:51,-0.8,2026-10-02T01:01:04.695736+02:00
295963745,de:11000:900110004:1:51,-0.7,2026-10-02T01:01:04.695736+02:00
295963745,de:11000:900110003:1:51,0.0,2026-10-02T01:01:04.695736+02:00
295963745,de:11000:900110002:1:51,0.0,2026-10-02T01:01:04.695736+02:00
295963745,de:11000:900110001:1:51,-0.7,2026-10-02T01:01:04.695736+02:00
295963745,de:11000:900110011:2:53,-0.4,2026-10-02T01:01:04.695736+02:00
295963745,de:11000:900085201:1:50,-0.8,2026-10-02T01:01:04.695736+02:00
295963745,de:11000:900084101:1:50,-0.7,2026-10-02T01:01:04.695736+02:00
295963745,de:11000:900096101:1:50,-0.8,2026-10-02T01:01:04.695736+02:00
295963745,de:11000:900094101:1:50,-0.3,2026-10-02T01:01:04.695736+02:00
295963745,de:11000:900093201:1:50,-0.4,2026-10-02T01:01:04.695736+02:00
295963745,de:11000:900092201:1:51,-0.2,2026-10-02T01:01:04.695736+02:00
295967959,de:12061:900260009:3:55,0.0,2026-10-02T01:01:04.695736+02:00
295967959,de:12061:900260080:1:51,-0.7,2026-10-02T01:01:04.695736+02:00
295967959,de:12061:900260005:3:55,0.0,2026-10-02T01:01:04.695736+02:00
295967959,de:11000:900196001:1:51,0.0,2026-10-02T01:01:04.695736+02:00
295967959,de:11000:900195510:1:50,-0.4,2026-10-02T01:01:04.695736+02:00
295967959,de:11000:900193002:1:51,-0.6,2026-10-02T01:01:04.695736+02:00
295967959,de:11000:900193001:2:51,-0.3,2026-10-02T01:01:04.695736+02:00
295967959,de:11000:900192001:3:55,-0.2,2026-10-02T01:01:04.695736+02:00
295967959,de:11000:900191001:1:50,0.0,2026-10-02T01:01:04.695736+02:00
295967959,de:11000:900191002:1:51,-0.7,2026-10-02T01:01:04.695736+02:00
295967959,de:11000:900190001:2:53,-0.4,2026-10-02T01:01:04.695736+02:00
295967959,de:11000:900120004:2:53,-0.9,2026-10-02T01:01:04.695736+02:00
295967959,de:11000:900120005:5:58,-0.1,2026-10-02T01:01:04.695736+02:00
295967959,de:11000:900100004:1:51,-0.4,2026-10-02T01:01:04.695736+02:00
295967959,de:11000:900100003:2:53,-0.4,2026-10-02T01:01:04.695736+02:00
295967959,de:11000:900100002:1:51,-0.4,2026-10-02T01:01:04.695736+02:00
295967959,de:11000:900100001:3:55,-0.4,2026-10-02T01:01:04.695736+02:00
295967959,de:11000:900003201:3:55,-0.1,2026-10-02T01:01:04.695736+02:00
295967959,de:11000:900003102:1:51,-0.8,2026-10-02T01:01:04.695736+02:00
295967959,de:11000:900003103:1:51,-0.9,2026-10-02T01:01:04.695736+02:00
295967959,de:11000:900023201:3:55,-0.8,2026-10-02T01:01:04.695736+02:00
295967959,de:11000:900024203:1:51,-0.8,2026-10-02T01:01:04.695736+02:00
295967959,de:11000:900024101:4:57,-0.8,2026-10-02T01:01:04.695736+02:00
295967959,de:11000:900024102:1:50,-0.1,2026-10-02T01:01:04.695736+02:00
295967959,de:11000:900025423:1:50,-0.4,2026-10-02T01:01:04.695736+02:00
295967959,de:11000:900026105:1:50,-0.7,2026-10-02T01:01:04.695736+02:00
295967959,de:11000:900025321:1:50,-0.3,2026-10-02T01:01:04.695736+02:00
295967959,de:11000:900025424:1:50,-0.3,2026-10-02T01:01:04.695736+02:00
295967959,de:11000:900030202:1:50,-0.9,2026-10-02T01:01:04.695736+02:00
295967959,de:11000:900029101:1:51,-0.9,2026-10-02T01:01:04.695736+02:00
306895629,de:12067:900311083::3,0.0,2026-10-02T01:01:04.695736+02:00
306895629,de:12067:900310775::1,0.0,2026-10-02T01:01:04.695736+02:00
306895629,de:12067:900311083::2,0.0,2026-10-02T01:01:04.695736+02:00
306895629,de:12067:900310814::2,0.0,2026-10-02T01:01:04.695736+02:00
306895629,de:12067:900310804::2,0.0,2026-10-02T01:01:04.695736+02:00
306895629,de:12067:900311150::2,0.0,2026-10-02T01:01:04.695736+02:00
306895629,de:12067:900311135::2,0.0,2026-10-02T01:01:04.695736+02:00
306895629,de:12067:900311149::2,0.0,2026-10-02T01:01:04.695736+02:00
306895629,de:12067:900310001::11,0.0,2026-10-02T01:01:04.695736+02:00
306895629,de:12067:900310001::2,0.0,2026-10-02T01:01:04.695736+02:00
306895629,de:12067:900310816::1,0.0,2026-10-02T01:01:04.695736+02:00
306895629,de:12067:900310627::1,0.0,2026-10-02T01:01:04.695736+02:00
306895629,de:12067:900310781::1,0.0,2026-10-02T01:01:04.695736+02:00
306895629,de:12067:900310822::1,0.0,2026-10-02T01:01:04.695736+02:00
306895629,de:12067:900310771::1,0.0,2026-10-02T01:01:04.695736+02:00
306895629,de:12067:900310811::1,0.0,2026-10-02T01:01:04.695736+02:00
306895629,de:12067:900310630::1,0.0,2026-10-02T01:01:04.695736+02:00
306895629,de:12067:900310812::1,0.0,2026-10-02T01:01:04.695736+02:00
306895629,de:12067:900310770::1,0.0,2026-10-02T01:01:04.695736+02:00
306895629,de:12067:900310010::3,0.0,2026-10-02T01:01:04.695736+02:00
306895629,de:12067:900310880::1,0.0,2026-10-02T01:01:04.695736+02:00
306895629,de:12067:900310815::1,0.0,2026-10-02T01:01:04.695736+02:00
306895629,de:12067:900310807::1,0.0,2026-10-02T01:01:04.695736+02:00
307434596,de:12052:900470000:2:51,0.0,2026-10-02T01:01:04.695736+02:00
307434596,de:12071:900445884:1:50,0.0,2026-10-02T01:01:04.695736+02:00
307434596,de:12071:900445956:1:50,0.0,2026-10-02T01:01:04.695736+02:00
307434596,de:12066:900435884:1:50,0.0,2026-10-02T01:01:04.695736+02:00
307434596,de:12066:900435697:1:50,0.0,2026-10-02T01:01:04.695736+02:00
307434596,de:12066:900435602:1:50,0.0,2026-10-02T01:01:04.695736+02:00
307434596,de:12061:900261512:2:51,0.0,2026-10-02T01:01:04.695736+02:00
307434596,de:12061:900260019:1:50,0.0,2026-10-02T01:01:04.695736+02:00
295967898,de:12061:900260009:3:55,0.0,2026-10-02T01:01:04.695736+02:00
295967898,de:12061:900260080:1:51,-0.7,2026-10-02T01:01:04.695736+02:00
295967898,de:12061:900260005:3:55,0.0,2026-10-02T01:01:04.695736+02:00
295967898,de:11000:900196001:1:51,0.0,2026-10-02T01:01:04.695736+02:00
295967898,de:11000:900195510:1:50,-0.4,2026-10-02T01:01:04.695736+02:00
295967898,de:11000:900193002:1:51,-0.6,2026-10-02T01:01:04.695736+02:00
295967898,de:11000:900193001:2:51,-0.3,2026-10-02T01:01:04.695736+02:00
295967898,de:11000:900192001:3:55,-0.2,2026-10-02T01:01:04.695736+02:00
295967898,de:11000:900191001:1:50,0.0,2026-10-02T01:01:04.695736+02:00
295967898,de:11000:900191002:1:51,-0.7,2026-10-02T01:01:04.695736+02:00
295967898,de:11000:900190001:2:53,-0.4,2026-10-02T01:01:04.695736+02:00
295967898,de:11000:900120004:2:52,-0.9,2026-10-02T01:01:04.695736+02:00
295967898,de:11000:900120005:5:57,-0.1,2026-10-02T01:01:04.695736+02:00
295967898,de:11000:900100004:1:51,-0.4,2026-10-02T01:01:04.695736+02:00
295967898,de:11000:900100003:2:53,-0.4,2026-10-02T01:01:04.695736+02:00
295967898,de:11000:900100002:1:51,-0.4,2026-10-02T01:01:04.695736+02:00
295967898,de:11000:900100001:3:55,-0.4,2026-10-02T01:01:04.695736+02:00
295967898,de:11000:900003201:3:55,-0.1,2026-10-02T01:01:04.695736+02:00
295967898,de:11000:900003102:1:51,-0.8,2026-10-02T01:01:04.695736+02:00
295967898,de:11000:900003103:1:51,-0.9,2026-10-02T01:01:04.695736+02:00
295967898,de:11000:900023201:3:55,-0.8,2026-10-02T01:01:04.695736+02:00
295967898,de:11000:900024203:1:51,-0.8,2026-10-02T01:01:04.695736+02:00
295967898,de:11000:900024101:4:57,-0.8,2026-10-02T01:01:04.695736+02:00
295967898,de:11000:900024102:1:50,-0.1,2026-10-02T01:01:04.695736+02:00
295967898,de:11000:900025423:1:50,-0.4,2026-10-02T01:01:04.695736+02:00
295967898,de:11000:900026105:1:50,-0.7,2026-10-02T01:01:04.695736+02:00
295967898,de:11000:900025321:1:50,-0.3,2026-10-02T01:01:04.695736+02:00
295967898,de:11000:900025424:1:50,-0.3,2026-10-02T01:01:04.695736+02:00
295967898,de:11000:900030202:1:50,-0.9,2026-10-02T01:01:04.695736+02:00
295967898,de:11000:900029101:1:51,-0.9,2026-10-02T01:01:04.695736+02:00
307332680,de:11000:900029101:1:51,0.0,2026-10-02T01:01:04.695736+02:00
307332680,de:11000:900030202:1:50,-0.3,2026-10-02T01:01:04.695736+02:00
307332680,de:11000:900025424:1:51,-0.2,2026-10-02T01:01:04.695736+02:00
307332680,de:11000:900025321:1:51,-0.2,2026-10-02T01:01:04.695736+02:00
307332680,de:11000:900026105:1:50,-0.4,2026-10-02T01:01:04.695736+02:00
307332680,de:11000:900025423:1:50,-0.7,2026-10-02T01:01:04.695736+02:00
307332680,de:11000:900024102:2:53,-0.7,2026-10-02T01:01:04.695736+02:00
307332680,de:11000:900024101:3:55,-0.3,2026-10-02T01:01:04.695736+02:00
307332680,de:11000:900024203:1:51,-0.8,2026-10-02T01:01:04.695736+02:00
307332680,de:11000:900023201:3:54,-0.7,2026-10-02T01:01:04.695736+02:00
307332680,de:11000:900003103:1:50,-0.8,2026-10-02T01:01:04.695736+02:00
307332680,de:11000:900003102:1:50,-0.9,2026-10-02T01:01:04.695736+02:00
307332680,de:11000:900003201:3:54,-0.5,2026-10-02T01:01:04.695736+02:00
307332680,de:11000:900100001:3:54,-0.1,2026-10-02T01:01:04.695736+02:00
307332680,de:11000:900100002:1:50,-0.4,2026-10-02T01:01:04.695736+02:00
307332680,de:11000:900100003:2:52,-0.1,2026-10-02T01:01:04.695736+02:00
307332680,de:11000:900100004:1:50,-0.4,2026-10-02T01:01:04.695736+02:00
307332680,de:11000:900120005:4:56,-0.6,2026-10-02T01:01:04.695736+02:00
307332680,de:11000:900120004:1:51,-0.1,2026-10-02T01:01:04.695736+02:00
307332680,de:11000:900190001:1:51,-0.2,2026-10-02T01:01:04.695736+02:00
307332680,de:11000:900191002:1:50,0.0,2026-10-02T01:01:04.695736+02:00
307332680,de:11000:900191001:2:52,-0.4,2026-10-02T01:01:04.695736+02:00
307332680,de:11000:900192001:2:52,-0.7,2026-10-02T01:01:04.695736+02:00
307332680,de:11000:900193001:1:50,-0.2,2026-10-02T01:01:04.695736+02:00
307332680,de:11000:900193002:1:50,-0.8,2026-10-02T01:01:04.695736+02:00
307332680,de:11000:900195510:1:51,-0.2,2026-10-02T01:01:04.695736+02:00
307332680,de:11000:900196001:1:50,-0.4,2026-10-02T01:01:04.695736+02:00
307332680,de:12061:900260005:3:54,-0.2,2026-10-02T01:01:04.695736+02:00
307332680,de:12061:900260080:1:50,-0.7,2026-10-02T01:01:04.695736+02:00
307332680,de:12061:900260009:3:55,-0.9,2026-10-02T01:01:04.695736+02:00
307435171,de:11000:900192001:1:50,0.0,2026-10-02T01:01:04.695736+02:00
307435171,de:12061:900260005:2:52,0.0,2026-10-02T01:01:04.695736+02:00
306046685,de:12064:900320008::4,0.0,2026-10-02T01:01:04.695736+02:00
306046685,de:12064:900320047::1,0.0,2026-10-02T01:01:04.695736+02:00
306046685,de:12064:900320041::1,0.0,2026-10-02T01:01:04.695736+02:00
306046685,de:12064:900320042::1,0.0,2026-10-02T01:01:04.695736+02:00
306046685,de:12064:900320043::1,0.0,2026-10-02T01:01:04.695736+02:00
306046685,de:12064:900320044::1,0.0,2026-10-02T01:01:04.695736+02:00
306046685,de:12064:900320045::1,0.0,2026-10-02T01:01:04.695736+02:00
306046685,de:12064:900320048::1,0.0,2026-10-02T01:01:04.695736+02:00
306046685,de:12064:900320046::1,0.0,2026-10-02T01:01:04.695736+02:00
306046685,de:12064:900320008::1,0.0,2026-10-02T01:01:04.695736+02:00
306051951,de:12064:900320228::1,0.0,2026-10-02T01:01:04.695736+02:00
306051951,de:12064:900320226::1,0.0,2026-10-02T01:01:04.695736+02:00
306051951,de:12064:900320225::2,0.0,2026-10-02T01:01:04.695736+02:00
306051951,de:12064:900320218::2,0.0,2026-10-02T01:01:04.695736+02:00
306051951,de:12064:900321492::2,0.0,2026-10-02T01:01:04.695736+02:00
306051951,de:12064:900321491::2,0.0,2026-10-02T01:01:04.695736+02:00
306051951,de:12064:900321490::2,0.0,2026-10-02T01:01:04.695736+02:00
306051951,de:12064:900321833::2,0.0,2026-10-02T01:01:04.695736+02:00
306051951,de:12064:900321381::1,0.0,2026-10-02T01:01:04.695736+02:00
306051951,de:12064:900321380::2,0.0,2026-10-02T01:01:04.695736+02:00
306051951,de:12064:900321751::2,0.0,2026-10-02T01:01:04.695736+02:00
306051951,de:12064:900321742::5,0.0,2026-10-02T01:01:04.695736+02:00
306051556,de:12064:900320250::2,0.0,2026-10-02T01:01:04.695736+02:00
306051556,de:12064:900320255::2,0.0,2026-10-02T01:01:04.695736+02:00
306051556,de:12064:900320253::2,0.0,2026-10-02T01:01:04.695736+02:00
306051556,de:12064:900320252::2,0.0,2026-10-02T01:01:04.695736+02:00
306051556,de:12064:900320283::2,0.0,2026-10-02T01:01:04.695736+02:00
306051556,de:12064:900320246::3,0.0,2026-10-02T01:01:04.695736+02:00
306051556,de:12064:900320260::2,0.0,2026-10-02T01:01:04.695736+02:00
306051556,de:12064:900320265::2,0.0,2026-10-02T01:01:04.695736+02:00
306051556,de:12064:900320256::1,0.0,2026-10-02T01:01:04.695736+02:00
306051556,de:12064:900320272::1,0.0,2026-10-02T01:01:04.695736+02:00
306051556,de:12064:900320256::2,0.0,2026-10-02T01:01:04.695736+02:00
306051556,de:12064:900320261::2,0.0,2026-10-02T01:01:04.695736+02:00
306051556,de:12064:900320257::2,0.0,2026-10-02T01:01:04.695736+02:00
306051556,de:12064:900320268::2,0.0,2026-10-02T01:01:04.695736+02:00
306051556,de:12064:900320655::1,0.0,2026-10-02T01:01:04.695736+02:00
306051556,de:12064:900320654::2,0.0,2026-10-02T01:01:04.695736+02:00
306051556,de:12064:900320653::2,0.0,2026-10-02T01:01:04.695736+02:00
306051556,de:12064:900320658::2,0.0,2026-10-02T01:01:04.695736+02:00
306051556,de:12064:900320657::2,0.0,2026-10-02T01:01:04.695736+02:00
306051556,de:12064:900320652::2,0.0,2026-10-02T01:01:04.695736+02:00
306051556,de:12064:900320650::2,0.0,2026-10-02T01:01:04.695736+02:00
306051556,de:12064:900320639::1,0.0,2026-10-02T01:01:04.695736+02:00
306051556,de:12064:900320006::1,0.0,2026-10-02T01:01:04.695736+02:00
306050740,de:12064:900320004::4,0.0,2026-10-02T01:01:04.695736+02:00
306050740,de:12064:900320561::1,0.0,2026-10-02T01:01:04.695736+02:00
306050740,de:12064:900320562::1,0.0,2026-10-02T01:01:04.695736+02:00
306050740,de:12064:900320999::1,0.0,2026-10-02T01:01:04.695736+02:00
306050740,de:12064:900320998::1,0.0,2026-10-02T01:01:04.695736+02:00
306050740,de:12064:900320960::1,0.0,2026-10-02T01:01:04.695736+02:00
306050740,de:12064:900320659::1,0.0,2026-10-02T01:01:04.695736+02:00
306050740,de:12064:900320273::1,0.0,2026-10-02T01:01:04.695736+02:00
306050740,de:12064:900320282::1,0.0,2026-10-02T01:01:04.695736+02:00
306050740,de:12064:900320274::1,0.0,2026-10-02T01:01:04.695736+02:00
306050740,de:12064:900320275::1,0.0,2026-10-02T01:01:04.695736+02:00
306050740,de:12064:900320262::1,0.0,2026-10-02T01:01:04.695736+02:00
306050740,de:12064:900320263::1,0.0,2026-10-02T01:01:04.695736+02:00
306050740,de:12064:900320264::1,0.0,2026-10-02T01:01:04.695736+02:00
306050740,de:12064:900320242::1,0.0,2026-10-02T01:01:04.695736+02:00
306050740,de:12064:900320249::3,0.0,2026-10-02T01:01:04.695736+02:00
306050740,de:12064:900320283::1,0.0,2026-10-02T01:01:04.695736+02:00
306050740,de:12064:900320252::1,0.0,2026-10-02T01:01:04.695736+02:00
306050740,de:12064:900320246::3,0.0,2026-10-02T01:01:04.695736+02:00
306050740,de:12064:900320254::1,0.0,2026-10-02T01:01:04.695736+02:00
306050740,de:12067:900310530::1,0.0,2026-10-02T01:01:04.695736+02:00
306050740,de:12067:900310531::1,0.0,2026-10-02T01:01:04.695736+02:00
306050740,de:12067:900310532::1,0.0,2026-10-02T01:01:04.695736+02:00
306050740,de:12067:900310533::1,0.0,2026-10-02T01:01:04.695736+02:00
306050740,de:12067:900310534::2,0.0,2026-10-02T01:01:04.695736+02:00
306050740,de:11000:900310550::2,0.0,2026-10-02T01:01:04.695736+02:00
306050740,de:12067:900310572::2,0.0,2026-10-02T01:01:04.695736+02:00
306050740,de:12067:900310013::2,0.0,2026-10-02T01:01:04.695736+02:00
306895864,de:12067:900310001::5,0.0,2026-10-02T01:01:04.695736+02:00
306895864,de:12067:900311149::1,0.0,2026-10-02T01:01:04.695736+02:00
306895864,de:12067:900310781::1,0.0,2026-10-02T01:01:04.695736+02:00
306895864,de:12067:900310789::1,0.0,2026-10-02T01:01:04.695736+02:00
306895864,de:12067:900310797::1,0.0,2026-10-02T01:01:04.695736+02:00
306895864,de:12067:900310773::1,0.0,2026-10-02T01:01:04.695736+02:00
306895864,de:12067:900311115::1,0.0,2026-10-02T01:01:04.695736+02:00
306895916,de:12067:900310001::5,0.0,2026-10-02T01:01:04.695736+02:00
306895916,de:12067:900311149::1,0.0,2026-10-02T01:01:04.695736+02:00
306895916,de:12067:900310781::1,0.0,2026-10-02T01:01:04.695736+02:00
306895916,de:12067:900310822::1,0.0,2026-10-02T01:01:04.695736+02:00
306895916,de:12067:900310808::1,0.0,2026-10-02T01:01:04.695736+02:00
306895916,de:12067:900310777::1,0.0,2026-10-02T01:01:04.695736+02:00
306895916,de:12067:900310796::1,0.0,2026-10-02T01:01:04.695736+02:00
306895916,de:12067:900310780::1,0.0,2026-10-02T01:01:04.695736+02:00
306895916,de:12067:900310875::1,0.0,2026-10-02T01:01:04.695736+02:00
306895916,de:12067:900310837::1,0.0,2026-10-02T01:01:04.695736+02:00
306895916,de:12067:900310817::1,0.0,2026-10-02T01:01:04.695736+02:00
306895916,de:12067:900311145::1,0.0,2026-10-02T01:01:04.695736+02:00
306895919,de:12067:900310001::5,0.0,2026-10-02T01:01:04.695736+02:00
306895919,de:12067:900311149::1,-0.5,2026-10-02T01:01:04.695736+02:00
306895919,de:12067:900310781::1,-0.5,2026-10-02T01:01:04.695736+02:00
306895919,de:12067:900310822::1,-0.5,2026-10-02T01:01:04.695736+02:00
306895919,de:12067:900310808::1,-0.5,2026-10-02T01:01:04.695736+02:00
306895919,de:12067:900310777::1,-0.5,2026-10-02T01:01:04.695736+02:00
306895919,de:12067:900310796::1,-0.5,2026-10-02T01:01:04.695736+02:00
306895919,de:12067:900310875::1,-0.5,2026-10-02T01:01:04.695736+02:00
306895919,de:12067:900310837::1,-0.5,2026-10-02T01:01:04.695736+02:00
306895919,de:12067:900310817::1,-0.5,2026-10-02T01:01:04.695736+02:00
306895919,de:12067:900311145::1,-0.5,2026-10-02T01:01:04.695736+02:00
306895923,de:12067:900310001::5,0.0,2026-10-02T01:01:04.695736+02:00
306895923,de:12067:900311149::1,0.0,2026-10-02T01:01:04.695736+02:00
306895923,de:12067:900310781::1,0.0,2026-10-02T01:01:04.695736+02:00
306895923,de:12067:900310822::1,0.0,2026-10-02T01:01:04.695736+02:00
306895923,de:12067:900310808::1,0.0,2026-10-02T01:01:04.695736+02:00
306895923,de:12067:900310777::1,0.0,2026-10-02T01:01:04.695736+02:00
306895923,de:12067:900310796::1,0.0,2026-10-02T01:01:04.695736+02:00
306895923,de:12067:900310875::1,0.0,2026-10-02T01:01:04.695736+02:00
306895923,de:12067:900310837::1,0.0,2026-10-02T01:01:04.695736+02:00
306895923,de:12067:900310817::1,0.0,2026-10-02T01:01:04.695736+02:00
306895923,de:12067:900311145::1,0.0,2026-10-02T01:01:04.695736+02:00
306895312,de:12067:900311129::3,0.0,2026-10-02T01:01:04.695736+02:00
306895312,de:12067:900310755::2,0.0,2026-10-02T01:01:04.695736+02:00
306895312,de:12067:900310728::2,0.0,2026-10-02T01:01:04.695736+02:00
306895312,de:12067:900310727::2,0.0,2026-10-02T01:01:04.695736+02:00
306895312,de:12067:900310942::1,0.0,2026-10-02T01:01:04.695736+02:00
306895312,de:12067:900310716::1,0.0,2026-10-02T01:01:04.695736+02:00
306895312,de:12067:900310984::2,0.0,2026-10-02T01:01:04.695736+02:00
306895312,de:12067:900310987::1,0.0,2026-10-02T01:01:04.695736+02:00
306895312,de:12067:900311062::1,0.0,2026-10-02T01:01:04.695736+02:00
306895312,de:12067:900311063::2,0.0,2026-10-02T01:01:04.695736+02:00
306895312,de:12067:900311065::1,0.0,2026-10-02T01:01:04.695736+02:00
306895312,de:12067:900310826::1,0.0,2026-10-02T01:01:04.695736+02:00
306895312,de:12067:900310906::1,0.0,2026-10-02T01:01:04.695736+02:00
306895312,de:12067:900310905::1,0.0,2026-10-02T01:01:04.695736+02:00
306895312,de:12067:900310907::1,0.0,2026-10-02T01:01:04.695736+02:00
306895312,de:12061:900261694::1,-0.5,2026-10-02T01:01:04.695736+02:00
306895312,de:12067:900311081::1,-0.75,2026-10-02T01:01:04.695736+02:00
306895312,de:12067:900310907::2,0.0,2026-10-02T01:01:04.695736+02:00
306895312,de:12067:900310744::1,0.0,2026-10-02T01:01:04.695736+02:00
306895312,de:12067:900311003::2,0.0,2026-10-02T01:01:04.695736+02:00
306895312,de:12067:900310625::1,0.0,2026-10-02T01:01:04.695736+02:00
306895312,de:12067:900311068::1,0.0,2026-10-02T01:01:04.695736+02:00
306895312,de:12067:900310934::1,0.0,2026-10-02T01:01:04.695736+02:00
306895312,de:12061:900261734::2,0.0,2026-10-02T01:01:04.695736+02:00
306895312,de:12061:900261208::1,0.0,2026-10-02T01:01:04.695736+02:00
306895312,de:12061:900261207::1,0.0,2026-10-02T01:01:04.695736+02:00
306895312,de:12061:900261420::1,0.0,2026-10-02T01:01:04.695736+02:00
306895312,de:12061:900261465::1,0.0,2026-10-02T01:01:04.695736+02:00
306895312,de:12061:900261462::1,0.0,2026-10-02T01:01:04.695736+02:00
306896063,de:12067:900310013::2,0.0,2026-10-02T01:01:04.695736+02:00
306896063,de:12067:900310572::1,0.0,2026-10-02T01:01:04.695736+02:00
306896063,de:11000:900310550::1,0.0,2026-10-02T01:01:04.695736+02:00
306896063,de:12067:900310534::1,0.0,2026-10-02T01:01:04.695736+02:00
306896063,de:12067:900310580::2,0.0,2026-10-02T01:01:04.695736+02:00
306896063,de:12067:900310543::3,0.0,2026-10-02T01:01:04.695736+02:00
306896063,de:12067:900310536::1,0.0,2026-10-02T01:01:04.695736+02:00
306896063,de:12067:900311014::1,0.0,2026-10-02T01:01:04.695736+02:00
306896063,de:12067:900311012::1,0.0,2026-10-02T01:01:04.695736+02:00
306896063,de:12067:900310529::1,0.0,2026-10-02T01:01:04.695736+02:00
306896063,de:12067:900310528::1,0.0,2026-10-02T01:01:04.695736+02:00
306896063,de:12067:900310020::1,0.0,2026-10-02T01:01:04.695736+02:00
306896063,de:12067:900310501::1,0.0,2026-10-02T01:01:04.695736+02:00
306896063,de:12067:900310500::2,0.0,2026-10-02T01:01:04.695736+02:00
306896063,de:12067:900310021::3,0.0,2026-10-02T01:01:04.695736+02:00
306896063,de:12067:900310522::1,0.0,2026-10-02T01:01:04.695736+02:00
306896063,de:12067:900310535::1,0.0,2026-10-02T01:01:04.695736+02:00
306896063,de:12067:900310523::1,0.0,2026-10-02T01:01:04.695736+02:00
306896063,de:12064:900320113::1,0.0,2026-10-02T01:01:04.695736+02:00
306896063,de:12064:900320007::4,0.0,2026-10-02T01:01:04.695736+02:00
306896232,de:12067:900310013::5,0.0,2026-10-02T01:01:04.695736+02:00
306896232,de:12067:900310563::3,0.0,2026-10-02T01:01:04.695736+02:00
306896232,de:12067:900310563::4,0.0,2026-10-02T01:01:04.695736+02:00
306896232,de:12067:900310557::3,0.0,2026-10-02T01:01:04.695736+02:00
306896232,de:12067:900310555::1,0.0,2026-10-02T01:01:04.695736+02:00
306896232,de:12067:900310002::7,0.0,2026-10-02T01:01:04.695736+02:00
306896232,de:12067:900310864::1,0.0,2026-10-02T01:01:04.695736+02:00
306896406,de:12067:900310001::3,0.0,2026-10-02T01:01:04.695736+02:00
306896406,de:12067:900310816::1,0.0,2026-10-02T01:01:04.695736+02:00
306896406,de:12067:900310627::1,0.0,2026-10-02T01:01:04.695736+02:00
306896406,de:12067:900310781::1,0.0,2026-10-02T01:01:04.695736+02:00
306896406,de:12067:900310822::1,0.0,2026-10-02T01:01:04.695736+02:00
306896406,de:12067:900310771::1,0.0,2026-10-02T01:01:04.695736+02:00
306896406,de:12067:900310811::1,0.0,2026-10-02T01:01:04.695736+02:00
306896406,de:12067:900310630::1,0.0,2026-10-02T01:01:04.695736+02:00
306896406,de:12067:900310812::1,0.0,2026-10-02T01:01:04.695736+02:00
306896406,de:12067:900310695::2,0.0,2026-10-02T01:01:04.695736+02:00
306896406,de:12067:900310769::1,0.0,2026-10-02T01:01:04.695736+02:00
306896406,de:12067:900310810::2,0.0,2026-10-02T01:01:04.695736+02:00
306896406,de:12067:900310972::1,0.0,2026-10-02T01:01:04.695736+02:00
306896406,de:12067:900310970::1,0.0,2026-10-02T01:01:04.695736+02:00
306896406,de:12067:900310105::1,0.0,2026-10-02T01:01:04.695736+02:00
306896406,de:12067:900310040::1,0.0,2026-10-02T01:01:04.695736+02:00
306896406,de:12067:900310109::1,0.0,2026-10-02T01:01:04.695736+02:00
306896406,de:12067:900310112::1,0.0,2026-10-02T01:01:04.695736+02:00
306896406,de:12067:900310101::1,0.0,2026-10-02T01:01:04.695736+02:00
306896406,de:12067:900310111::1,0.0,2026-10-02T01:01:04.695736+02:00
306896406,de:12067:900310108::1,0.0,2026-10-02T01:01:04.695736+02:00
306896406,de:12067:900310100::1,0.0,2026-10-02T01:01:04.695736+02:00
306896406,de:12067:900310118::1,0.0,2026-10-02T01:01:04.695736+02:00
306896406,de:12067:900310756::1,0.0,2026-10-02T01:01:04.695736+02:00
306896406,de:12067:900310757::1,0.0,2026-10-02T01:01:04.695736+02:00
306896406,de:12067:900310982::1,0.0,2026-10-02T01:01:04.695736+02:00
306896406,de:12067:900310827::1,0.0,2026-10-02T01:01:04.695736+02:00
306896406,de:12067:900310829::1,0.0,2026-10-02T01:01:04.695736+02:00
306896406,de:12067:900310600::1,0.0,2026-10-02T01:01:04.695736+02:00
306896406,de:12067:900310925::1,0.0,2026-10-02T01:01:04.695736+02:00
306896406,de:12067:900310924::1,0.0,2026-10-02T01:01:04.695736+02:00
306896406,de:12067:900310747::1,0.0,2026-10-02T01:01:04.695736+02:00
306896406,de:12067:900310739::1,0.0,2026-10-02T01:01:04.695736+02:00
306896406,de:12067:900310740::1,0.0,2026-10-02T01:01:04.695736+02:00
306896406,de:12067:900310716::2,0.0,2026-10-02T01:01:04.695736+02:00
306896406,de:12067:900310942::2,0.0,2026-10-02T01:01:04.695736+02:00
306896406,de:12067:900310721::1,0.0,2026-10-02T01:01:04.695736+02:00
306896406,de:12067:900310755::2,0.0,2026-10-02T01:01:04.695736+02:00
306896406,de:12067:900310728::3,0.0,2026-10-02T01:01:04.695736+02:00
306896406,de:12067:900311129::6,0.0,2026-10-02T01:01:04.695736+02:00
295883530,de:11000:900049201:1:51,0.0,2026-10-02T01:01:04.695736+02:00
295883530,de:11000:900049202:1:51,0.0,2026-10-02T01:01:04.695736+02:00
295883530,de:11000:900066101:1:51,-0.3,2026-10-02T01:01:04.695736+02:00
295883530,de:11000:900066102:1:51,-0.2,2026-10-02T01:01:04.695736+02:00
295883530,de:11000:900062202:1:51,-0.2,2026-10-02T01:01:04.695736+02:00
295883530,de:11000:900063101:1:51,-0.2,2026-10-02T01:01:04.695736+02:00
295883530,de:11000:900060101:1:51,-0.9,2026-10-02T01:01:04.695736+02:00
295883530,de:11000:900054104:1:51,-0.9,2026-10-02T01:01:04.695736+02:00
295883530,de:11000:900057104:1:50,-0.4,2026-10-02T01:01:04.695736+02:00
295883530,de:11000:900057102:1:51,-0.1,2026-10-02T01:01:04.695736+02:00
295883530,de:11000:900012101:2:52,-0.8,2026-10-02T01:01:04.695736+02:00
295883530,de:11000:900100020:4:57,-0.9,2026-10-02T01:01:04.695736+02:00
295883488,de:11000:900100020:3:55,0.0,2026-10-02T01:01:04.695736+02:00
295883488,de:11000:900012101:1:51,-0.5,2026-10-02T01:01:04.695736+02:00
295883488,de:11000:900057102:1:50,-0.7,2026-10-02T01:01:04.695736+02:00
295883488,de:11000:900057104:2:51,-0.4,2026-10-02T01:01:04.695736+02:00
295883488,de:11000:900054104:1:50,-0.3,2026-10-02T01:01:04.695736+02:00
295883488,de:11000:900060101:1:50,-0.3,2026-10-02T01:01:04.695736+02:00
295883488,de:11000:900063101:1:50,-0.1,2026-10-02T01:01:04.695736+02:00
295883488,de:11000:900062202:1:50,-0.1,2026-10-02T01:01:04.695736+02:00
295883488,de:11000:900066102:1:50,-0.2,2026-10-02T01:01:04.695736+02:00
295883488,de:11000:900066101:1:50,-0.1,2026-10-02T01:01:04.695736+02:00
295883488,de:11000:900049202:1:50,-0.3,2026-10-02T01:01:04.695736+02:00
295883488,de:11000:900049201:1:50,-0.4,2026-10-02T01:01:04.695736+02:00
306896279,de:12067:900310013::3,0.0,2026-10-02T01:01:04.695736+02:00
306896279,de:12067:900310563::3,0.0,2026-10-02T01:01:04.695736+02:00
306896279,de:12067:900310559::1,0.0,2026-10-02T01:01:04.695736+02:00
306896279,de:12067:900310558::1,0.0,2026-10-02T01:01:04.695736+02:00
306896279,de:12067:900310556::1,0.0,2026-10-02T01:01:04.695736+02:00
306896279,de:12067:900310621::1,0.0,2026-10-02T01:01:04.695736+02:00
306896279,de:12067:900310568::1,0.0,2026-10-02T01:01:04.695736+02:00
306896279,de:12067:900310955::1,0.0,2026-10-02T01:01:04.695736+02:00
306896279,de:12067:900310950::1,0.0,2026-10-02T01:01:04.695736+02:00
306896279,de:12061:900260165::2,0.0,2026-10-02T01:01:04.695736+02:00
306896279,de:12061:900260169::3,0.0,2026-10-02T01:01:04.695736+02:00
306896279,de:12061:900260166::2,0.0,2026-10-02T01:01:04.695736+02:00
306896279,de:12061:900260171::2,0.0,2026-10-02T01:01:04.695736+02:00
306896279,de:12061:900260168::2,0.0,2026-10-02T01:01:04.695736+02:00
306896279,de:12061:900260167::2,0.0,2026-10-02T01:01:04.695736+02:00
306896279,de:12061:900260170::2,0.0,2026-10-02T01:01:04.695736+02:00
306896279,de:12061:900261050::1,0.0,2026-10-02T01:01:04.695736+02:00
306896279,de:12061:900261051::2,0.0,2026-10-02T01:01:04.695736+02:00
306896279,de:12061:900261048::2,0.0,2026-10-02T01:01:04.695736+02:00
306896279,de:12061:900261047::2,0.0,2026-10-02T01:01:04.695736+02:00
306896279,de:12061:900260889::2,0.0,2026-10-02T01:01:04.695736+02:00
306896279,de:12061:900260888::2,0.0,2026-10-02T01:01:04.695736+02:00
306896279,de:12061:900260886::2,0.0,2026-10-02T01:01:04.695736+02:00
306896279,de:12061:900260887::2,0.0,2026-10-02T01:01:04.695736+02:00
306896279,de:12061:900260890::2,0.0,2026-10-02T01:01:04.695736+02:00
306896279,de:12061:900260798::2,0.0,2026-10-02T01:01:04.695736+02:00
306896279,de:12061:900260001::8,0.0,2026-10-02T01:01:04.695736+02:00
306896364,de:12067:900311129::4,0.0,2026-10-02T01:01:04.695736+02:00
306896364,de:12067:900310755::2,0.0,2026-10-02T01:01:04.695736+02:00
306896364,de:12067:900310728::3,0.0,2026-10-02T01:01:04.695736+02:00
306896364,de:12067:900310727::3,0.0,2026-10-02T01:01:04.695736+02:00
306896364,de:12067:900310942::1,0.0,2026-10-02T01:01:04.695736+02:00
306896364,de:12067:900310716::1,0.0,2026-10-02T01:01:04.695736+02:00
306896364,de:12067:900310740::1,0.0,2026-10-02T01:01:04.695736+02:00
306896364,de:12067:900310739::2,0.0,2026-10-02T01:01:04.695736+02:00
306896364,de:12067:900310747::2,0.0,2026-10-02T01:01:04.695736+02:00
306896364,de:12067:900310924::2,0.0,2026-10-02T01:01:04.695736+02:00
306896364,de:12067:900310925::1,0.0,2026-10-02T01:01:04.695736+02:00
306896364,de:12067:900310600::2,0.0,2026-10-02T01:01:04.695736+02:00
306896364,de:12067:900310829::1,0.0,2026-10-02T01:01:04.695736+02:00
306896364,de:12067:900310827::2,0.0,2026-10-02T01:01:04.695736+02:00
306896364,de:12067:900310982::1,0.0,2026-10-02T01:01:04.695736+02:00
306896364,de:12067:900310757::2,0.0,2026-10-02T01:01:04.695736+02:00
306896364,de:12067:900310756::2,0.0,2026-10-02T01:01:04.695736+02:00
306896364,de:12067:900310118::2,0.0,2026-10-02T01:01:04.695736+02:00
306896364,de:12067:900310100::2,0.0,2026-10-02T01:01:04.695736+02:00
306896364,de:12067:900310108::2,0.0,2026-10-02T01:01:04.695736+02:00
306896364,de:12067:900310111::2,0.0,2026-10-02T01:01:04.695736+02:00
306896364,de:12067:900310101::2,0.0,2026-10-02T01:01:04.695736+02:00
306896364,de:12067:900310112::2,0.0,2026-10-02T01:01:04.695736+02:00
306896364,de:12067:900310109::1,0.0,2026-10-02T01:01:04.695736+02:00
306896364,de:12067:900310040::2,0.0,2026-10-02T01:01:04.695736+02:00
306896364,de:12067:900310105::2,0.0,2026-10-02T01:01:04.695736+02:00
306896364,de:12067:900310970::2,0.0,2026-10-02T01:01:04.695736+02:00
306896364,de:12067:900310972::2,0.0,2026-10-02T01:01:04.695736+02:00
306896364,de:12067:900310810::1,0.0,2026-10-02T01:01:04.695736+02:00
306896364,de:12067:900310769::2,0.0,2026-10-02T01:01:04.695736+02:00
306896364,de:12067:900310695::3,0.0,2026-10-02T01:01:04.695736+02:00
306896364,de:12067:900310812::2,0.0,2026-10-02T01:01:04.695736+02:00
306896364,de:12067:900310630::2,0.0,2026-10-02T01:01:04.695736+02:00
306896364,de:12067:900310811::2,0.0,2026-10-02T01:01:04.695736+02:00
306896364,de:12067:900310771::2,0.0,2026-10-02T01:01:04.695736+02:00
306896364,de:12067:900310822::2,0.0,2026-10-02T01:01:04.695736+02:00
306896364,de:12067:900310781::2,0.0,2026-10-02T01:01:04.695736+02:00
306896364,de:12067:900310627::2,-0.5,2026-10-02T01:01:04.695736+02:00
306896364,de:12067:900310816::2,0.0,2026-10-02T01:01:04.695736+02:00
306896364,de:12067:900310022::1,0.0,2026-10-02T01:01:04.695736+02:00
306896364,de:12067:900310001::11,0.0,2026-10-02T01:01:04.695736+02:00
306896509,de:12067:900310001::3,0.0,2026-10-02T01:01:04.695736+02:00
306896509,de:12067:900311149::1,0.0,2026-10-02T01:01:04.695736+02:00
306896509,de:12067:900310835::1,0.0,2026-10-02T01:01:04.695736+02:00
306896509,de:12067:900310825::1,0.0,2026-10-02T01:01:04.695736+02:00
306896509,de:12067:900310813::1,0.0,2026-10-02T01:01:04.695736+02:00
306896509,de:12067:900310803::1,0.0,2026-10-02T01:01:04.695736+02:00
306896509,de:12067:900310802::1,0.0,2026-10-02T01:01:04.695736+02:00
306896509,de:12067:900310712::1,0.0,2026-10-02T01:01:04.695736+02:00
306896509,de:12067:900310711::1,0.0,2026-10-02T01:01:04.695736+02:00
306896509,de:12067:900311015::1,0.0,2026-10-02T01:01:04.695736+02:00
306896509,de:12064:900320277::1,0.0,2026-10-02T01:01:04.695736+02:00
306896509,de:12064:900320279::1,-0.5,2026-10-02T01:01:04.695736+02:00
306896509,de:12064:900320229::1,-0.5,2026-10-02T01:01:04.695736+02:00
306896509,de:12064:900320280::1,0.0,2026-10-02T01:01:04.695736+02:00
306896509,de:12064:900320228::1,0.0,2026-10-02T01:01:04.695736+02:00
306896515,de:12067:900310001::3,0.0,2026-10-02T01:01:04.695736+02:00
306896515,de:12067:900311149::1,0.0,2026-10-02T01:01:04.695736+02:00
306896515,de:12067:900310835::1,0.0,2026-10-02T01:01:04.695736+02:00
306896515,de:12067:900310825::1,0.0,2026-10-02T01:01:04.695736+02:00
306896515,de:12067:900310813::1,0.0,2026-10-02T01:01:04.695736+02:00
306896515,de:12067:900310803::1,0.0,2026-10-02T01:01:04.695736+02:00
306896515,de:12067:900310802::1,0.0,2026-10-02T01:01:04.695736+02:00
306896515,de:12067:900310712::1,0.0,2026-10-02T01:01:04.695736+02:00
306896515,de:12067:900310711::1,0.0,2026-10-02T01:01:04.695736+02:00
306896515,de:12067:900311015::1,0.0,2026-10-02T01:01:04.695736+02:00
306896515,de:12064:900320277::1,0.0,2026-10-02T01:01:04.695736+02:00
306896515,de:12064:900320279::1,-0.5,2026-10-02T01:01:04.695736+02:00
306896515,de:12064:900320229::1,-0.5,2026-10-02T01:01:04.695736+02:00
306896515,de:12064:900320280::1,0.0,2026-10-02T01:01:04.695736+02:00
306896515,de:12064:900320228::1,0.0,2026-10-02T01:01:04.695736+02:00
306896687,de:12067:900310001::4,0.0,2026-10-02T01:01:04.695736+02:00
306896687,de:12067:900310816::1,0.0,2026-10-02T01:01:04.695736+02:00
306896687,de:12067:900310627::1,0.0,2026-10-02T01:01:04.695736+02:00
306896687,de:12067:900310781::1,0.0,2026-10-02T01:01:04.695736+02:00
306896687,de:12067:900310822::1,0.0,2026-10-02T01:01:04.695736+02:00
306896687,de:12067:900310808::1,0.0,2026-10-02T01:01:04.695736+02:00
306896687,de:12067:900310779::1,0.0,2026-10-02T01:01:04.695736+02:00
306896687,de:12067:900310995::2,0.0,2026-10-02T01:01:04.695736+02:00
306896687,de:12067:900310992::1,-0.5,2026-10-02T01:01:04.695736+02:00
306896687,de:12067:900310989::1,0.0,2026-10-02T01:01:04.695736+02:00
306896687,de:12067:900310990::1,0.0,2026-10-02T01:01:04.695736+02:00
306896687,de:12067:900310991::1,0.0,2026-10-02T01:01:04.695736+02:00
306896687,de:12067:900310904::1,0.0,2026-10-02T01:01:04.695736+02:00
306896687,de:12067:900311118::1,0.0,2026-10-02T01:01:04.695736+02:00
306896687,de:12067:900310966::1,0.0,2026-10-02T01:01:04.695736+02:00
306896687,de:12067:900310997::1,0.0,2026-10-02T01:01:04.695736+02:00
306896687,de:12067:900310998::1,0.0,2026-10-02T01:01:04.695736+02:00
306896687,de:12067:900310997::2,0.0,2026-10-02T01:01:04.695736+02:00
306896687,de:12067:900310966::2,0.0,2026-10-02T01:01:04.695736+02:00
306896687,de:12067:900311118::2,0.0,2026-10-02T01:01:04.695736+02:00
306896687,de:12067:900311059::1,0.0,2026-10-02T01:01:04.695736+02:00
306896687,de:12067:900311110::3,0.0,2026-10-02T01:01:04.695736+02:00
306896687,de:12067:900311058::1,0.0,2026-10-02T01:01:04.695736+02:00
306896687,de:12067:900310611::2,0.0,2026-10-02T01:01:04.695736+02:00
307252312,de:11000:900003200:5:58,0.0,2026-10-02T01:01:04.695736+02:00
307252312,de:11000:900009104:1:50,-0.8,2026-10-02T01:01:04.695736+02:00
307252312,de:11000:900007102:2:52,-0.4,2026-10-02T01:01:04.695736+02:00
307252328,de:11000:900003200:5:58,0.0,2026-10-02T01:01:04.695736+02:00
307252328,de:11000:900009104:1:50,-0.8,2026-10-02T01:01:04.695736+02:00
307252328,de:11000:900007102:2:52,-0.4,2026-10-02T01:01:04.695736+02:00
307252327,de:11000:900003200:5:58,0.0,2026-10-02T01:01:04.695736+02:00
307252327,de:11000:900009104:1:50,-0.8,2026-10-02T01:01:04.695736+02:00
307252327,de:11000:900007102:2:52,-0.4,2026-10-02T01:01:04.695736+02:00
306896852,de:12067:900311129::4,0.0,2026-10-02T01:01:04.695736+02:00
306896852,de:12067:900311129::4,-12.0,2026-10-02T01:01:04.695736+02:00
306896852,de:12067:900310727::3,0.0,2026-10-02T01:01:04.695736+02:00
306896852,de:12067:900310755::2,0.0,2026-10-02T01:01:04.695736+02:00
306896852,de:12067:900310728::3,0.0,2026-10-02T01:01:04.695736+02:00
306896852,de:12067:900311129::7,0.0,2026-10-02T01:01:04.695736+02:00
306896852,de:12067:900311129::4,12.0,2026-10-02T01:01:04.695736+02:00
306896852,de:12067:900311129::4,0.0,2026-10-02T01:01:04.695736+02:00
306896852,de:12067:900310637::2,0.0,2026-10-02T01:01:04.695736+02:00
306896852,de:12067:900310722::2,-0.5,2026-10-02T01:01:04.695736+02:00
306896852,de:12067:900310841::2,0.0,2026-10-02T01:01:04.695736+02:00
306896852,de:12067:900311002::3,0.0,2026-10-02T01:01:04.695736+02:00
306896852,de:12067:900310908::2,0.0,2026-10-02T01:01:04.695736+02:00
306896852,de:12067:900310975::2,0.0,2026-10-02T01:01:04.695736+02:00
306896852,de:12067:900310974::2,0.0,2026-10-02T01:01:04.695736+02:00
306896852,de:12067:900310914::2,0.0,2026-10-02T01:01:04.695736+02:00
306896852,de:12067:900310703::3,0.0,2026-10-02T01:01:04.695736+02:00
306896852,de:12067:900310915::2,-0.5,2026-10-02T01:01:04.695736+02:00
306896852,de:12067:900310916::2,-0.5,2026-10-02T01:01:04.695736+02:00
306896852,de:12067:900310917::2,0.0,2026-10-02T01:01:04.695736+02:00
306896852,de:12067:900310900::2,0.0,2026-10-02T01:01:04.695736+02:00
306896852,de:12067:900310880::2,0.0,2026-10-02T01:01:04.695736+02:00
306896852,de:12067:900310010::1,0.0,2026-10-02T01:01:04.695736+02:00
306896852,de:12067:900310879::2,0.0,2026-10-02T01:01:04.695736+02:00
306896852,de:12067:900310800::2,0.0,2026-10-02T01:01:04.695736+02:00
306896852,de:12067:900310771::2,0.0,2026-10-02T01:01:04.695736+02:00
306896852,de:12067:900310822::2,0.0,2026-10-02T01:01:04.695736+02:00
306896852,de:12067:900310781::2,0.0,2026-10-02T01:01:04.695736+02:00
306896852,de:12067:900310627::2,-0.5,2026-10-02T01:01:04.695736+02:00
306896852,de:12067:900310816::2,0.0,2026-10-02T01:01:04.695736+02:00
306896852,de:12067:900310022::1,0.0,2026-10-02T01:01:04.695736+02:00
306896852,de:12067:900310001::11,0.0,2026-10-02T01:01:04.695736+02:00
306896891,de:12067:900310001::4,0.0,2026-10-02T01:01:04.695736+02:00
306896891,de:12067:900310816::1,0.0,2026-10-02T01:01:04.695736+02:00
306896891,de:12067:900310627::1,0.0,2026-10-02T01:01:04.695736+02:00
306896891,de:12067:900310781::1,0.0,2026-10-02T01:01:04.695736+02:00
306896891,de:12067:900310822::1,0.0,2026-10-02T01:01:04.695736+02:00
306896891,de:12067:900310771::1,0.0,2026-10-02T01:01:04.695736+02:00
306896891,de:12067:900310800::1,0.0,2026-10-02T01:01:04.695736+02:00
306896891,de:12067:900310879::1,0.0,2026-10-02T01:01:04.695736+02:00
306896891,de:12067:900310010::4,0.0,2026-10-02T01:01:04.695736+02:00
306896891,de:12067:900310880::1,0.0,2026-10-02T01:01:04.695736+02:00
306896891,de:12067:900310900::1,0.0,2026-10-02T01:01:04.695736+02:00
306896891,de:12067:900310917::1,0.0,2026-10-02T01:01:04.695736+02:00
306896891,de:12067:900310916::1,-0.5,2026-10-02T01:01:04.695736+02:00
306896891,de:12067:900310915::1,-0.5,2026-10-02T01:01:04.695736+02:00
306896891,de:12067:900310703::4,0.0,2026-10-02T01:01:04.695736+02:00
306896891,de:12067:900310914::1,0.0,2026-10-02T01:01:04.695736+02:00
306896891,de:12067:900310974::1,0.0,2026-10-02T01:01:04.695736+02:00
306896891,de:12067:900310975::1,0.0,2026-10-02T01:01:04.695736+02:00
306896891,de:12067:900310908::1,0.0,2026-10-02T01:01:04.695736+02:00
306896891,de:12067:900311002::1,0.0,2026-10-02T01:01:04.695736+02:00
306896891,de:12067:900310841::1,0.0,2026-10-02T01:01:04.695736+02:00
306896891,de:12067:900310722::1,-0.5,2026-10-02T01:01:04.695736+02:00
306896891,de:12067:900310637::1,0.0,2026-10-02T01:01:04.695736+02:00
306896891,de:12067:900311129::7,0.0,2026-10-02T01:01:04.695736+02:00
306896891,de:12067:900311129::4,0.0,2026-10-02T01:01:04.695736+02:00
306896891,de:12067:900310727::3,0.0,2026-10-02T01:01:04.695736+02:00
306896891,de:12067:900310755::2,0.0,2026-10-02T01:01:04.695736+02:00
306896891,de:12067:900310728::3,0.0,2026-10-02T01:01:04.695736+02:00
306896891,de:12067:900311129::6,0.0,2026-10-02T01:01:04.695736+02:00
306896967,de:12067:900311308::6,0.0,2026-10-02T01:01:04.695736+02:00
306896967,de:12067:900311335::1,0.0,2026-10-02T01:01:04.695736+02:00
306896967,de:12067:900311341::1,0.0,2026-10-02T01:01:04.695736+02:00
306896967,de:12067:900311345::1,0.0,2026-10-02T01:01:04.695736+02:00
306896967,de:12067:900311359::1,0.0,2026-10-02T01:01:04.695736+02:00
306896967,de:12067:900310027::1,0.0,2026-10-02T01:01:04.695736+02:00
306896967,de:12067:900311317::1,0.0,2026-10-02T01:01:04.695736+02:00
306896967,de:12067:900311384::1,0.0,2026-10-02T01:01:04.695736+02:00
306896967,de:12067:900311316::1,0.0,2026-10-02T01:01:04.695736+02:00
306896967,de:12067:900311376::1,0.0,2026-10-02T01:01:04.695736+02:00
306896967,de:12067:900311377::1,0.0,2026-10-02T01:01:04.695736+02:00
306896967,de:12067:900311362::1,0.0,2026-10-02T01:01:04.695736+02:00
306896967,de:12067:900311363::1,0.0,2026-10-02T01:01:04.695736+02:00
306896967,de:12067:900311365::1,0.0,2026-10-02T01:01:04.695736+02:00
306896967,de:12067:900311374::1,0.0,2026-10-02T01:01:04.695736+02:00
306896967,de:12067:900311364::2,0.0,2026-10-02T01:01:04.695736+02:00
306896967,de:12067:900311371::2,0.0,2026-10-02T01:01:04.695736+02:00
306896967,de:12067:900311336::1,0.0,2026-10-02T01:01:04.695736+02:00
306896967,de:12067:900311352::1,0.0,2026-10-02T01:01:04.695736+02:00
306896967,de:12067:900311333::1,0.0,2026-10-02T01:01:04.695736+02:00
306896967,de:12067:900311334::1,0.0,2026-10-02T01:01:04.695736+02:00
306896967,de:12067:900311304::1,0.0,2026-10-02T01:01:04.695736+02:00
306896967,de:12067:900311305::2,0.0,2026-10-02T01:01:04.695736+02:00
306896967,de:12067:900311383::6,0.0,2026-10-02T01:01:04.695736+02:00
306896967,de:12067:900311353::1,0.0,2026-10-02T01:01:04.695736+02:00
306896967,de:12067:900311321::1,0.0,2026-10-02T01:01:04.695736+02:00
306896967,de:12067:900311350::2,0.0,2026-10-02T01:01:04.695736+02:00
306896967,de:12067:900311348::2,0.0,2026-10-02T01:01:04.695736+02:00
306896967,de:12067:900311308::4,0.0,2026-10-02T01:01:04.695736+02:00
295882545,de:11000:900053301:2:52,0.0,2026-10-02T01:01:04.695736+02:00
295882545,de:11000:900052201:1:51,0.0,2026-10-02T01:01:04.695736+02:00
295882545,de:11000:900050355:1:51,-0.3,2026-10-02T01:01:04.695736+02:00
295882545,de:11000:900050301:1:51,-0.4,2026-10-02T01:01:04.695736+02:00
295882545,de:11000:900049201:1:51,0.0,2026-10-02T01:01:04.695736+02:00
295882545,de:11000:900049202:1:51,0.0,2026-10-02T01:01:04.695736+02:00
295882545,de:11000:900066101:1:51,-0.3,2026-10-02T01:01:04.695736+02:00
295882545,de:11000:900066102:1:51,-0.2,2026-10-02T01:01:04.695736+02:00
295882545,de:11000:900062202:1:51,-0.2,2026-10-02T01:01:04.695736+02:00
295882545,de:11000:900063101:1:51,-0.2,2026-10-02T01:01:04.695736+02:00
295882545,de:11000:900060101:1:51,-0.9,2026-10-02T01:01:04.695736+02:00
295882545,de:11000:900054104:1:51,-0.9,2026-10-02T01:01:04.695736+02:00
295882545,de:11000:900057104:1:50,-0.4,2026-10-02T01:01:04.695736+02:00
295882545,de:11000:900057102:1:51,-0.1,2026-10-02T01:01:04.695736+02:00
295882545,de:11000:900012101:2:52,-0.9,2026-10-02T01:01:04.695736+02:00
295882545,de:11000:900100020:4:57,-0.3,2026-10-02T01:01:04.695736+02:00
295882545,de:11000:900100025:1:51,-0.4,2026-10-02T01:01:04.695736+02:00
295882545,de:11000:900100001:4:57,-0.1,2026-10-02T01:01:04.695736+02:00
295882545,de:11000:900100007:1:51,-0.2,2026-10-02T01:01:04.695736+02:00
295882545,de:11000:900007104:2:52,-0.2,2026-10-02T01:01:04.695736+02:00
295882545,de:11000:900008101:1:51,-0.9,2026-10-02T01:01:04.695736+02:00
295882545,de:11000:900007102:2:53,-0.6,2026-10-02T01:01:04.695736+02:00
295882545,de:11000:900110011:2:53,-0.9,2026-10-02T01:01:04.695736+02:00
295882545,de:11000:900085201:1:50,-0.9,2026-10-02T01:01:04.695736+02:00
295882545,de:11000:900084101:1:50,-0.7,2026-10-02T01:01:04.695736+02:00
295882545,de:11000:900096101:1:50,-0.8,2026-10-02T01:01:04.695736+02:00
295882545,de:11000:900094101:1:50,-0.1,2026-10-02T01:01:04.695736+02:00
295882545,de:11000:900093201:1:50,-0.4,2026-10-02T01:01:04.695736+02:00
295882545,de:11000:900092201:1:50,-0.2,2026-10-02T01:01:04.695736+02:00
306897002,de:12067:900311308::5,0.0,2026-10-02T01:01:04.695736+02:00
306897002,de:12067:900311380::1,0.0,2026-10-02T01:01:04.695736+02:00
306897002,de:12067:900311348::1,0.0,2026-10-02T01:01:04.695736+02:00
306897002,de:12067:900311350::1,0.0,2026-10-02T01:01:04.695736+02:00
306897002,de:12067:900311321::2,0.0,2026-10-02T01:01:04.695736+02:00
306897002,de:12067:900311353::2,0.0,2026-10-02T01:01:04.695736+02:00
306897002,de:12067:900311383::6,0.0,2026-10-02T01:01:04.695736+02:00
306897002,de:12067:900311305::1,0.0,2026-10-02T01:01:04.695736+02:00
306897002,de:12067:900311304::2,0.0,2026-10-02T01:01:04.695736+02:00
306897002,de:12067:900311334::2,0.0,2026-10-02T01:01:04.695736+02:00
306897002,de:12067:900311333::2,0.0,2026-10-02T01:01:04.695736+02:00
306897002,de:12067:900311352::2,0.0,2026-10-02T01:01:04.695736+02:00
306897002,de:12067:900311336::2,0.0,2026-10-02T01:01:04.695736+02:00
306897002,de:12067:900311371::1,0.0,2026-10-02T01:01:04.695736+02:00
306897002,de:12067:900311364::1,0.0,2026-10-02T01:01:04.695736+02:00
306897002,de:12067:900311374::2,0.0,2026-10-02T01:01:04.695736+02:00
306897002,de:12067:900311365::2,0.0,2026-10-02T01:01:04.695736+02:00
306897002,de:12067:900311363::2,0.0,2026-10-02T01:01:04.695736+02:00
306897002,de:12067:900311362::2,0.0,2026-10-02T01:01:04.695736+02:00
306897002,de:12067:900311377::2,0.0,2026-10-02T01:01:04.695736+02:00
306897002,de:12067:900311376::2,0.0,2026-10-02T01:01:04.695736+02:00
306897002,de:12067:900311316::2,0.0,2026-10-02T01:01:04.695736+02:00
306897002,de:12067:900311384::2,0.0,2026-10-02T01:01:04.695736+02:00
306897002,de:12067:900311317::2,0.0,2026-10-02T01:01:04.695736+02:00
306897002,de:12067:900310027::2,0.0,2026-10-02T01:01:04.695736+02:00
306897002,de:12067:900311359::2,0.0,2026-10-02T01:01:04.695736+02:00
306897002,de:12067:900311345::2,0.0,2026-10-02T01:01:04.695736+02:00
306897002,de:12067:900311341::2,0.0,2026-10-02T01:01:04.695736+02:00
306897002,de:12067:900311309::1,0.0,2026-10-02T01:01:04.695736+02:00
306897002,de:12067:900311310::1,0.0,2026-10-02T01:01:04.695736+02:00
306897002,de:12067:900311307::1,0.0,2026-10-02T01:01:04.695736+02:00
306897002,de:12067:900311308::4,0.0,2026-10-02T01:01:04.695736+02:00
306895379,de:12067:900310611::1,0.0,2026-10-02T01:01:04.695736+02:00
306895379,de:12067:900310842::1,0.0,2026-10-02T01:01:04.695736+02:00
306895379,de:12067:900310843::1,0.0,2026-10-02T01:01:04.695736+02:00
306895379,de:12067:900311018::1,0.0,2026-10-02T01:01:04.695736+02:00
306895379,de:12067:900311017::1,0.0,2026-10-02T01:01:04.695736+02:00
306895738,de:12067:900310805::1,0.0,2026-10-02T01:01:04.695736+02:00
306895738,de:12067:900310825::1,0.0,2026-10-02T01:01:04.695736+02:00
306895738,de:12067:900310835::2,0.0,2026-10-02T01:01:04.695736+02:00
306895738,de:12067:900310001::9,0.0,2026-10-02T01:01:04.695736+02:00
306895738,de:12067:900311149::2,0.0,2026-10-02T01:01:04.695736+02:00
306895738,de:12067:900310001::11,0.0,2026-10-02T01:01:04.695736+02:00
306895910,de:12067:900311145::2,0.0,2026-10-02T01:01:04.695736+02:00
306895910,de:12067:900310817::2,0.0,2026-10-02T01:01:04.695736+02:00
306895910,de:12067:900310837::2,0.0,2026-10-02T01:01:04.695736+02:00
306895910,de:12067:900310875::2,0.0,2026-10-02T01:01:04.695736+02:00
306895910,de:12067:900310796::2,0.0,2026-10-02T01:01:04.695736+02:00
306895910,de:12067:900310777::2,0.0,2026-10-02T01:01:04.695736+02:00
306895910,de:12067:900310808::2,0.0,2026-10-02T01:01:04.695736+02:00
306895910,de:12067:900310822::2,0.0,2026-10-02T01:01:04.695736+02:00
306895910,de:12067:900310781::2,0.0,2026-10-02T01:01:04.695736+02:00
306895910,de:12067:900311155::1,0.0,2026-10-02T01:01:04.695736+02:00
306895910,de:12067:900311149::2,0.0,2026-10-02T01:01:04.695736+02:00
306895910,de:12067:900310001::11,0.0,2026-10-02T01:01:04.695736+02:00
306896029,de:12064:900320007::4,0.0,2026-10-02T01:01:04.695736+02:00
306896029,de:12064:900320113::2,0.0,2026-10-02T01:01:04.695736+02:00
306896029,de:12067:900310523::2,0.0,2026-10-02T01:01:04.695736+02:00
306896029,de:12067:900310535::2,0.0,2026-10-02T01:01:04.695736+02:00
306896029,de:12067:900310522::2,0.0,2026-10-02T01:01:04.695736+02:00
306896029,de:12067:900310021::2,0.0,2026-10-02T01:01:04.695736+02:00
306896029,de:12067:900310500::1,0.0,2026-10-02T01:01:04.695736+02:00
306896029,de:12067:900310501::2,0.0,2026-10-02T01:01:04.695736+02:00
306896029,de:12067:900310020::2,0.0,2026-10-02T01:01:04.695736+02:00
306896029,de:12067:900310528::2,0.0,2026-10-02T01:01:04.695736+02:00
306896029,de:12067:900310529::2,0.0,2026-10-02T01:01:04.695736+02:00
306896029,de:12067:900311012::2,0.0,2026-10-02T01:01:04.695736+02:00
306896029,de:12067:900311014::2,0.0,2026-10-02T01:01:04.695736+02:00
306896029,de:12067:900310536::2,0.0,2026-10-02T01:01:04.695736+02:00
306896029,de:12067:900310543::2,0.0,2026-10-02T01:01:04.695736+02:00
306896029,de:12067:900310578::4,0.0,2026-10-02T01:01:04.695736+02:00
306896029,de:12067:900310534::2,0.0,2026-10-02T01:01:04.695736+02:00
306896029,de:11000:900310550::2,0.0,2026-10-02T01:01:04.695736+02:00
306896029,de:12067:900310572::2,0.0,2026-10-02T01:01:04.695736+02:00
306896029,de:12067:900310013::7,0.0,2026-10-02T01:01:04.695736+02:00
306896837,de:12067:900310001::4,0.0,2026-10-02T01:01:04.695736+02:00
306896837,de:12067:900310696::1,0.0,2026-10-02T01:01:04.695736+02:00
306896837,de:12067:900310788::1,0.0,2026-10-02T01:01:04.695736+02:00
306896837,de:12067:900310936::1,0.0,2026-10-02T01:01:04.695736+02:00
306896837,de:12067:900311125::1,0.0,2026-10-02T01:01:04.695736+02:00
306896837,de:12067:900310860::1,0.0,2026-10-02T01:01:04.695736+02:00
306896837,de:12067:900311157::1,0.0,2026-10-02T01:01:04.695736+02:00
306896837,de:12067:900310864::1,0.0,2026-10-02T01:01:04.695736+02:00
306896837,de:12067:900310861::1,0.0,2026-10-02T01:01:04.695736+02:00
306896837,de:12067:900310002::3,0.0,2026-10-02T01:01:04.695736+02:00
306896837,de:12067:900310895::1,0.0,2026-10-02T01:01:04.695736+02:00
306896837,de:12067:900310896::1,0.0,2026-10-02T01:01:04.695736+02:00
306896837,de:12067:900310897::1,0.0,2026-10-02T01:01:04.695736+02:00
306896837,de:12067:900310894::1,0.0,2026-10-02T01:01:04.695736+02:00
306896837,de:12064:900320888::4,0.0,2026-10-02T01:01:04.695736+02:00
306896837,de:12064:900320886::1,0.0,2026-10-02T01:01:04.695736+02:00
306896837,de:12064:900320284::1,0.0,2026-10-02T01:01:04.695736+02:00
306896837,de:12064:900320278::1,0.0,2026-10-02T01:01:04.695736+02:00
306896837,de:12064:900320274::1,0.0,2026-10-02T01:01:04.695736+02:00
307432337,de:12054:900230003:4:53,0.0,2026-10-02T01:01:04.695736+02:00
307432337,de:12054:900230999:1:51,0.0,2026-10-02T01:01:04.695736+02:00
307432337,de:12054:900230006:1:50,0.0,2026-10-02T01:01:04.695736+02:00
307432337,de:12054:900230007:1:50,0.0,2026-10-02T01:01:04.695736+02:00
307432337,de:12054:900220010:1:50,0.0,2026-10-02T01:01:04.695736+02:00
307432337,de:12054:900230002:1:52,0.0,2026-10-02T01:01:04.695736+02:00
307432337,de:12069:900220002:1:50,0.0,2026-10-02T01:01:04.695736+02:00
307432337,de:12072:900245836:1:50,0.0,2026-10-02T01:01:04.695736+02:00
307432337,de:12061:900260009:2:54,0.0,2026-10-02T01:01:04.695736+02:00
307439732,de:14625:8000,0.0,2026-10-02T01:01:04.695736+02:00
307439732,de:14625:8144:1:Gleis1,0.0,2026-10-02T01:01:04.695736+02:00
307439732,de:14625:6810,0.0,2026-10-02T01:01:04.695736+02:00
307439732,de:12066:900435314:2:52,0.0,2026-10-02T01:01:04.695736+02:00
307439732,de:12066:900435061:2:52,0.0,2026-10-02T01:01:04.695736+02:00
307439732,de:12066:900435801:1:50,0.0,2026-10-02T01:01:04.695736+02:00
307439732,de:14627:5440,0.0,2026-10-02T01:01:04.695736+02:00
307439732,de:14627:5021,0.0,2026-10-02T01:01:04.695736+02:00
307439732,de:14627:5100,0.0,2026-10-02T01:01:04.695736+02:00
307439732,de:14627:4401,0.0,2026-10-02T01:01:04.695736+02:00
307439732,de:14627:4180,0.0,2026-10-02T01:01:04.695736+02:00
307439732,de:14612:16,0.0,2026-10-02T01:01:04.695736+02:00
307433247,de:12060:900350127:2:51,0.0,2026-10-02T01:01:04.695736+02:00
307433247,de:12060:900350126:2:51,0.0,2026-10-02T01:01:04.695736+02:00
307433247,de:12060:900350137:2:51,0.0,2026-10-02T01:01:04.695736+02:00
307433247,de:12060:900350158:2:51,0.0,2026-10-02T01:01:04.695736+02:00
307433247,de:12060:900350160:2:52,0.0,2026-10-02T01:01:04.695736+02:00
307433247,de:11000:900152001:3:53,0.0,2026-10-02T01:01:04.695736+02:00
307433247,de:11000:900160004:4:56,0.0,2026-10-02T01:01:04.695736+02:00
307433247,de:11000:900120003:4:56,0.0,2026-10-02T01:01:04.695736+02:00
307433247,de:11000:900192001:1:50,0.0,2026-10-02T01:01:04.695736+02:00
307433247,de:12061:900260009:2:53,0.0,2026-10-02T01:01:04.695736+02:00
307433247,de:12072:900245027:2:53,0.0,2026-10-02T01:01:04.695736+02:00
307437648,de:12053:900360000:3:54,0.0,2026-10-02T01:01:04.695736+02:00
307437648,de:12067:900311233:1:50,0.0,2026-10-02T01:01:04.695736+02:00
307437648,de:12067:900311232:1:50,0.0,2026-10-02T01:01:04.695736+02:00
307437648,de:12067:900311620:1:50,0.0,2026-10-02T01:01:04.695736+02:00
307437648,de:12067:900311631:1:50,0.0,2026-10-02T01:01:04.695736+02:00
307437648,de:12067:900311307:1:50,0.0,2026-10-02T01:01:04.695736+02:00
307437648,de:12067:900310601:1:50,0.0,2026-10-02T01:01:04.695736+02:00
307437648,de:12067:900311612:1:51,0.0,2026-10-02T01:01:04.695736+02:00
307437648,de:12067:900311250:2:51,0.0,2026-10-02T01:01:04.695736+02:00
307437648,de:12071:900445593:1:50,0.0,2026-10-02T01:01:04.695736+02:00
307437648,de:12071:900445801:2:51,0.0,2026-10-02T01:01:04.695736+02:00
307437648,de:12071:900445751:2:51,0.0,2026-10-02T01:01:04.695736+02:00
307437648,de:12071:900445750:2:51,0.0,2026-10-02T01:01:04.695736+02:00
307437648,de:12071:900446103:1:50,0.0,2026-10-02T01:01:04.695736+02:00
307437648,de:12071:900446411:1:50,0.0,2026-10-02T01:01:04.695736+02:00
307437648,de:12052:900470307:1:50,0.0,2026-10-02T01:01:04.695736+02:00
307437648,de:12052:900470163:1:50,0.0,2026-10-02T01:01:04.695736+02:00
307437648,de:12052:900470001:1:50,0.0,2026-10-02T01:01:04.695736+02:00
307437648,de:12052:900470000:4:55,0.0,2026-10-02T01:01:04.695736+02:00
307430675,de:12065:900200005:1:2,0.0,2026-10-02T01:01:04.695736+02:00
307430675,de:12065:900200008:1:50,0.0,2026-10-02T01:01:04.695736+02:00
307430675,de:12065:900200010:1:50,0.0,2026-10-02T01:01:04.695736+02:00
307430675,de:12065:900200000:1:50,0.0,2026-10-02T01:01:04.695736+02:00
307430675,de:12063:900210001:1:50,0.0,2026-10-02T01:01:04.695736+02:00
307430675,de:12054:900220012:1:50,0.0,2026-10-02T01:01:04.695736+02:00
307430675,de:12054:900220010:2:51,0.0,2026-10-02T01:01:04.695736+02:00
307430675,de:12054:900230007:2:52,0.0,2026-10-02T01:01:04.695736+02:00
307430675,de:12054:900230006:2:51,0.0,2026-10-02T01:01:04.695736+02:00
307430675,de:12054:900230999:2:53,0.0,2026-10-02T01:01:04.695736+02:00
307430675,de:12054:900230003:4:53,0.0,2026-10-02T01:01:04.695736+02:00
307435335,de:12061:900260009:2:54,0.0,2026-10-02T01:01:04.695736+02:00
307435335,de:11000:900058101:4:57,0.0,2026-10-02T01:01:04.695736+02:00
307435335,de:11000:900100020:2:53,0.0,2026-10-02T01:01:04.695736+02:00
307435335,de:11000:900003200:4:57,0.0,2026-10-02T01:01:04.695736+02:00
307440149,de:12065:900200000:1:51,0.0,2026-10-02T01:01:04.695736+02:00
307440149,de:12065:900200004:1:50,0.0,2026-10-02T01:01:04.695736+02:00
307440149,de:12065:900204003:1:50,0.0,2026-10-02T01:01:04.695736+02:00
307440149,de:12065:900203671:1:50,0.0,2026-10-02T01:01:04.695736+02:00
307440149,de:12065:900204001:1:50,0.0,2026-10-02T01:01:04.695736+02:00
307440149,de:12065:900203452:1:51,0.0,2026-10-02T01:01:04.695736+02:00
307440218,de:12065:900200004:1:50,0.0,2026-10-02T01:01:04.695736+02:00
307440218,de:12065:900200000:1:51,0.0,2026-10-02T01:01:04.695736+02:00
306896713,de:12067:900311039::1,0.0,2026-10-02T01:01:04.695736+02:00
306896713,de:12067:900311031::2,-0.5,2026-10-02T01:01:04.695736+02:00
306896713,de:12067:900311040::2,-0.5,2026-10-02T01:01:04.695736+02:00
306896713,de:12067:900311038::2,-0.5,2026-10-02T01:01:04.695736+02:00
306896713,de:12067:900311041::2,-0.5,2026-10-02T01:01:04.695736+02:00
306896713,de:12067:900311032::2,-0.5,2026-10-02T01:01:04.695736+02:00
306896713,de:12067:900311037::2,-0.5,2026-10-02T01:01:04.695736+02:00
306896713,de:12067:900310928::2,-0.5,2026-10-02T01:01:04.695736+02:00
306896713,de:12067:900310930::2,0.0,2026-10-02T01:01:04.695736+02:00
306896713,de:12067:900310929::2,-0.5,2026-10-02T01:01:04.695736+02:00
306896713,de:12067:900310742::2,0.0,2026-10-02T01:01:04.695736+02:00
306896713,de:12067:900310741::2,-0.5,2026-10-02T01:01:04.695736+02:00
306896713,de:12067:900310743::2,-0.5,2026-10-02T01:01:04.695736+02:00
306896713,de:12067:900310785::2,-0.5,2026-10-02T01:01:04.695736+02:00
306896713,de:12067:900310819::2,-0.5,2026-10-02T01:01:04.695736+02:00
306896713,de:12067:900310817::2,-0.5,2026-10-02T01:01:04.695736+02:00
306896713,de:12067:900310837::2,-0.5,2026-10-02T01:01:04.695736+02:00
306896713,de:12067:900310875::2,-0.5,2026-10-02T01:01:04.695736+02:00
306896713,de:12067:900310796::2,-0.5,2026-10-02T01:01:04.695736+02:00
306896713,de:12067:900310777::2,-0.5,2026-10-02T01:01:04.695736+02:00
306896713,de:12067:900310808::2,-0.5,2026-10-02T01:01:04.695736+02:00
306896713,de:12067:900310822::2,-0.5,2026-10-02T01:01:04.695736+02:00
306896713,de:12067:900310781::2,-0.5,2026-10-02T01:01:04.695736+02:00
306896713,de:12067:900310627::2,-0.5,2026-10-02T01:01:04.695736+02:00
306896713,de:12067:900310816::2,0.0,2026-10-02T01:01:04.695736+02:00
306896713,de:12067:900310022::1,0.0,2026-10-02T01:01:04.695736+02:00
306896713,de:12067:900310001::11,0.0,2026-10-02T01:01:04.695736+02:00
295893109,de:12072:900245027:2:52,0.0,2026-10-02T01:01:04.695736+02:00
295893109,de:12072:900245028:1:50,-0.9,2026-10-02T01:01:04.695736+02:00
295893109,de:11000:900074201:1:50,-0.9,2026-10-02T01:01:04.695736+02:00
295893109,de:11000:900074202:2:51,-0.1,2026-10-02T01:01:04.695736+02:00
295893109,de:11000:900072101:2:51,-0.1,2026-10-02T01:01:04.695736+02:00
295893109,de:11000:900073101:1:51,-0.4,2026-10-02T01:01:04.695736+02:00
295893109,de:11000:900068301:1:51,-0.7,2026-10-02T01:01:04.695736+02:00
295893109,de:11000:900058102:2:51,-0.7,2026-10-02T01:01:04.695736+02:00
295893109,de:11000:900058101:1:51,-0.3,2026-10-02T01:01:04.695736+02:00
295893109,de:11000:900058103:1:51,-0.1,2026-10-02T01:01:04.695736+02:00
295893109,de:11000:900012101:2:53,-0.7,2026-10-02T01:01:04.695736+02:00
295893109,de:11000:900100020:4:57,-0.8,2026-10-02T01:01:04.695736+02:00
295893109,de:11000:900100025:1:51,-0.9,2026-10-02T01:01:04.695736+02:00
295893109,de:11000:900100001:4:57,-0.6,2026-10-02T01:01:04.695736+02:00
295893109,de:11000:900100007:1:51,-0.7,2026-10-02T01:01:04.695736+02:00
295893109,de:11000:900007104:2:52,-0.7,2026-10-02T01:01:04.695736+02:00
295893109,de:11000:900008101:1:51,-0.4,2026-10-02T01:01:04.695736+02:00
295893109,de:11000:900007102:2:53,-0.1,2026-10-02T01:01:04.695736+02:00
295893109,de:11000:900110011:2:52,-0.4,2026-10-02T01:01:04.695736+02:00
295893109,de:11000:900130002:1:50,-0.7,2026-10-02T01:01:04.695736+02:00
295893109,de:11000:900130001:1:50,-0.4,2026-10-02T01:01:04.695736+02:00
295893109,de:11000:900142001:1:50,-0.9,2026-10-02T01:01:04.695736+02:00
295893109,de:11000:900143001:1:51,-0.7,2026-10-02T01:01:04.695736+02:00
295893109,de:11000:900135001:1:50,-0.4,2026-10-02T01:01:04.695736+02:00
295893109,de:12060:900350162:1:50,0.0,2026-10-02T01:01:04.695736+02:00
295893109,de:12060:900350163:1:51,-0.4,2026-10-02T01:01:04.695736+02:00
295893109,de:12060:900350161:1:50,-0.7,2026-10-02T01:01:04.695736+02:00
295893109,de:12060:900350160:1:51,-0.4,2026-10-02T01:01:04.695736+02:00
295893061,de:12072:900245027:2:52,0.0,2026-10-02T01:01:04.695736+02:00
295893061,de:12072:900245028:1:50,-0.9,2026-10-02T01:01:04.695736+02:00
295893061,de:11000:900074201:1:50,-0.9,2026-10-02T01:01:04.695736+02:00
295893061,de:11000:900074202:2:51,-0.1,2026-10-02T01:01:04.695736+02:00
295893061,de:11000:900072101:2:51,-0.1,2026-10-02T01:01:04.695736+02:00
295893061,de:11000:900073101:1:51,-0.4,2026-10-02T01:01:04.695736+02:00
295893061,de:11000:900068301:1:51,-0.7,2026-10-02T01:01:04.695736+02:00
295893061,de:11000:900058102:2:51,-0.7,2026-10-02T01:01:04.695736+02:00
295893061,de:11000:900058101:1:51,-0.3,2026-10-02T01:01:04.695736+02:00
295893061,de:11000:900058103:1:51,-0.1,2026-10-02T01:01:04.695736+02:00
295893061,de:11000:900012101:2:53,-0.7,2026-10-02T01:01:04.695736+02:00
295893061,de:11000:900100020:4:57,-0.8,2026-10-02T01:01:04.695736+02:00
295893061,de:11000:900100025:1:51,-0.9,2026-10-02T01:01:04.695736+02:00
295893061,de:11000:900100001:4:57,-0.6,2026-10-02T01:01:04.695736+02:00
295893061,de:11000:900100007:1:51,-0.7,2026-10-02T01:01:04.695736+02:00
295893061,de:11000:900007104:2:52,-0.7,2026-10-02T01:01:04.695736+02:00
295893061,de:11000:900008101:1:51,-0.4,2026-10-02T01:01:04.695736+02:00
295893061,de:11000:900007102:2:53,-0.1,2026-10-02T01:01:04.695736+02:00
295893061,de:11000:900110011:2:52,-0.4,2026-10-02T01:01:04.695736+02:00
295893061,de:11000:900130002:1:50,-0.7,2026-10-02T01:01:04.695736+02:00
295893061,de:11000:900130001:1:50,-0.4,2026-10-02T01:01:04.695736+02:00
295893061,de:11000:900142001:1:50,-0.9,2026-10-02T01:01:04.695736+02:00
295893061,de:11000:900143001:1:51,-0.7,2026-10-02T01:01:04.695736+02:00
295893061,de:11000:900135001:1:50,-0.4,2026-10-02T01:01:04.695736+02:00
295893061,de:12060:900350162:1:50,0.0,2026-10-02T01:01:04.695736+02:00
295893061,de:12060:900350163:1:51,-0.4,2026-10-02T01:01:04.695736+02:00
295893061,de:12060:900350161:1:50,-0.7,2026-10-02T01:01:04.695736+02:00
295893061,de:12060:900350160:1:51,-0.4,2026-10-02T01:01:04.695736+02:00
295893002,de:12060:900350160:1:51,0.0,2026-10-02T01:01:04.695736+02:00
295893002,de:12060:900350161:1:50,-0.3,2026-10-02T01:01:04.695736+02:00
295893002,de:12060:900350163:1:50,-0.1,2026-10-02T01:01:04.695736+02:00
295893002,de:12060:900350162:1:50,-0.8,2026-10-02T01:01:04.695736+02:00
295893002,de:11000:900135001:1:50,-0.3,2026-10-02T01:01:04.695736+02:00
295893002,de:11000:900143001:1:51,-0.8,2026-10-02T01:01:04.695736+02:00
295893002,de:11000:900142001:1:51,-0.3,2026-10-02T01:01:04.695736+02:00
295893002,de:11000:900130001:1:51,-0.8,2026-10-02T01:01:04.695736+02:00
295893002,de:11000:900130002:1:51,-0.3,2026-10-02T01:01:04.695736+02:00
295893002,de:11000:900110011:1:51,-0.7,2026-10-02T01:01:04.695736+02:00
295893002,de:11000:900007102:1:50,-0.7,2026-10-02T01:01:04.695736+02:00
295893002,de:11000:900008101:1:50,-0.5,2026-10-02T01:01:04.695736+02:00
295893002,de:11000:900007104:1:51,-0.2,2026-10-02T01:01:04.695736+02:00
295893002,de:11000:900100007:1:50,-0.2,2026-10-02T01:01:04.695736+02:00
295893002,de:11000:900100001:4:56,0.0,2026-10-02T01:01:04.695736+02:00
295893002,de:11000:900100025:1:50,-0.9,2026-10-02T01:01:04.695736+02:00
295893002,de:11000:900100020:3:54,-0.9,2026-10-02T01:01:04.695736+02:00
295893002,de:11000:900012101:1:51,0.0,2026-10-02T01:01:04.695736+02:00
295893002,de:11000:900058103:1:50,-0.8,2026-10-02T01:01:04.695736+02:00
295893002,de:11000:900058101:1:50,-0.4,2026-10-02T01:01:04.695736+02:00
295893002,de:11000:900058102:1:50,-0.4,2026-10-02T01:01:04.695736+02:00
295893002,de:11000:900068301:1:50,-0.7,2026-10-02T01:01:04.695736+02:00
295893002,de:11000:900073101:1:50,-0.9,2026-10-02T01:01:04.695736+02:00
295893002,de:11000:900072101:1:50,-0.2,2026-10-02T01:01:04.695736+02:00
295893002,de:11000:900074202:1:50,-0.2,2026-10-02T01:01:04.695736+02:00
295893002,de:11000:900074201:1:50,-0.4,2026-10-02T01:01:04.695736+02:00
295893002,de:12072:900245028:1:51,-0.9,2026-10-02T01:01:04.695736+02:00
295893002,de:12072:900245027:2:52,-0.9,2026-10-02T01:01:04.695736+02:00
295892996,de:12060:900350160:1:51,0.0,2026-10-02T01:01:04.695736+02:00
295892996,de:12060:900350161:1:50,-0.3,2026-10-02T01:01:04.695736+02:00
295892996,de:12060:900350163:1:50,-0.1,2026-10-02T01:01:04.695736+02:00
295892996,de:12060:900350162:1:50,-0.8,2026-10-02T01:01:04.695736+02:00
295892996,de:11000:900135001:1:50,-0.3,2026-10-02T01:01:04.695736+02:00
295892996,de:11000:900143001:1:51,-0.8,2026-10-02T01:01:04.695736+02:00
295892996,de:11000:900142001:1:51,-0.3,2026-10-02T01:01:04.695736+02:00
295892996,de:11000:900130001:1:51,-0.8,2026-10-02T01:01:04.695736+02:00
295892996,de:11000:900130002:1:51,-0.3,2026-10-02T01:01:04.695736+02:00
295892996,de:11000:900110011:1:51,-0.7,2026-10-02T01:01:04.695736+02:00
295892996,de:11000:900007102:1:50,-0.7,2026-10-02T01:01:04.695736+02:00
295892996,de:11000:900008101:1:50,-0.5,2026-10-02T01:01:04.695736+02:00
295892996,de:11000:900007104:1:51,-0.2,2026-10-02T01:01:04.695736+02:00
295892996,de:11000:900100007:1:50,-0.2,2026-10-02T01:01:04.695736+02:00
295892996,de:11000:900100001:4:56,0.0,2026-10-02T01:01:04.695736+02:00
295892996,de:11000:900100025:1:50,-0.9,2026-10-02T01:01:04.695736+02:00
295892996,de:11000:900100020:3:54,-0.9,2026-10-02T01:01:04.695736+02:00
295892996,de:11000:900012101:1:51,0.0,2026-10-02T01:01:04.695736+02:00
295892996,de:11000:900058103:1:50,-0.8,2026-10-02T01:01:04.695736+02:00
295892996,de:11000:900058101:1:50,-0.4,2026-10-02T01:01:04.695736+02:00
295892996,de:11000:900058102:1:50,-0.4,2026-10-02T01:01:04.695736+02:00
295892996,de:11000:900068301:1:50,-0.7,2026-10-02T01:01:04.695736+02:00
295892996,de:11000:900073101:1:50,-0.9,2026-10-02T01:01:04.695736+02:00
295892996,de:11000:900072101:1:50,-0.2,2026-10-02T01:01:04.695736+02:00
295892996,de:11000:900074202:1:50,-0.2,2026-10-02T01:01:04.695736+02:00
295892996,de:11000:900074201:1:50,-0.4,2026-10-02T01:01:04.695736+02:00
295892996,de:12072:900245028:1:51,-0.9,2026-10-02T01:01:04.695736+02:00
295892996,de:12072:900245027:2:52,-0.9,2026-10-02T01:01:04.695736+02:00
306896714,de:12067:900311039::1,0.0,2026-10-02T01:01:04.695736+02:00
306896714,de:12067:900311031::2,-0.5,2026-10-02T01:01:04.695736+02:00
306896714,de:12067:900311040::2,-0.5,2026-10-02T01:01:04.695736+02:00
306896714,de:12067:900311038::2,-0.5,2026-10-02T01:01:04.695736+02:00
306896714,de:12067:900311041::2,-0.5,2026-10-02T01:01:04.695736+02:00
306896714,de:12067:900311032::2,-0.5,2026-10-02T01:01:04.695736+02:00
306896714,de:12067:900311037::2,-0.5,2026-10-02T01:01:04.695736+02:00
306896714,de:12067:900310928::2,-0.5,2026-10-02T01:01:04.695736+02:00
306896714,de:12067:900310930::2,0.0,2026-10-02T01:01:04.695736+02:00
306896714,de:12067:900310929::2,-0.5,2026-10-02T01:01:04.695736+02:00
306896714,de:12067:900310742::2,0.0,2026-10-02T01:01:04.695736+02:00
306896714,de:12067:900310741::2,-0.5,2026-10-02T01:01:04.695736+02:00
306896714,de:12067:900310743::2,-0.5,2026-10-02T01:01:04.695736+02:00
306896714,de:12067:900310785::2,-0.5,2026-10-02T01:01:04.695736+02:00
306896714,de:12067:900310819::2,-0.5,2026-10-02T01:01:04.695736+02:00
306896714,de:12067:900310817::2,-0.5,2026-10-02T01:01:04.695736+02:00
306896714,de:12067:900310837::2,-0.5,2026-10-02T01:01:04.695736+02:00
306896714,de:12067:900310875::2,-0.5,2026-10-02T01:01:04.695736+02:00
306896714,de:12067:900310796::2,-0.5,2026-10-02T01:01:04.695736+02:00
306896714,de:12067:900310777::2,-0.5,2026-10-02T01:01:04.695736+02:00
306896714,de:12067:900310808::2,-0.5,2026-10-02T01:01:04.695736+02:00
306896714,de:12067:900310822::2,-0.5,2026-10-02T01:01:04.695736+02:00
306896714,de:12067:900310781::2,-0.5,2026-10-02T01:01:04.695736+02:00
306896714,de:12067:900310627::2,-0.5,2026-10-02T01:01:04.695736+02:00
306896714,de:12067:900310816::2,0.0,2026-10-02T01:01:04.695736+02:00
306896714,de:12067:900310022::1,0.0,2026-10-02T01:01:04.695736+02:00
306896714,de:12067:900310001::11,0.0,2026-10-02T01:01:04.695736+02:00
295893077,de:12072:900245027:2:52,0.0,2026-10-02T01:01:04.695736+02:00
295893077,de:12072:900245028:1:50,-0.9,2026-10-02T01:01:04.695736+02:00
295893077,de:11000:900074201:1:50,-0.9,2026-10-02T01:01:04.695736+02:00
295893077,de:11000:900074202:2:51,-0.1,2026-10-02T01:01:04.695736+02:00
295893077,de:11000:900072101:2:51,-0.1,2026-10-02T01:01:04.695736+02:00
295893077,de:11000:900073101:1:51,-0.4,2026-10-02T01:01:04.695736+02:00
295893077,de:11000:900068301:1:51,-0.7,2026-10-02T01:01:04.695736+02:00
295893077,de:11000:900058102:2:51,-0.7,2026-10-02T01:01:04.695736+02:00
295893077,de:11000:900058101:1:51,-0.3,2026-10-02T01:01:04.695736+02:00
295893077,de:11000:900058103:1:51,-0.1,2026-10-02T01:01:04.695736+02:00
295893077,de:11000:900012101:2:53,-0.7,2026-10-02T01:01:04.695736+02:00
295893077,de:11000:900100020:4:57,-0.8,2026-10-02T01:01:04.695736+02:00
295893077,de:11000:900100025:1:51,-0.9,2026-10-02T01:01:04.695736+02:00
295893077,de:11000:900100001:4:57,-0.6,2026-10-02T01:01:04.695736+02:00
295893077,de:11000:900100007:1:51,-0.7,2026-10-02T01:01:04.695736+02:00
295893077,de:11000:900007104:2:52,-0.7,2026-10-02T01:01:04.695736+02:00
295893077,de:11000:900008101:1:51,-0.4,2026-10-02T01:01:04.695736+02:00
295893077,de:11000:900007102:2:53,-0.1,2026-10-02T01:01:04.695736+02:00
295893077,de:11000:900110011:2:52,-0.4,2026-10-02T01:01:04.695736+02:00
295893077,de:11000:900130002:1:50,-0.7,2026-10-02T01:01:04.695736+02:00
295893077,de:11000:900130001:1:50,-0.4,2026-10-02T01:01:04.695736+02:00
295893077,de:11000:900142001:1:50,-0.9,2026-10-02T01:01:04.695736+02:00
295893077,de:11000:900143001:1:51,-0.7,2026-10-02T01:01:04.695736+02:00
295893077,de:11000:900135001:1:50,-0.4,2026-10-02T01:01:04.695736+02:00
295893077,de:12060:900350162:1:50,0.0,2026-10-02T01:01:04.695736+02:00
295893077,de:12060:900350163:1:51,-0.4,2026-10-02T01:01:04.695736+02:00
295893077,de:12060:900350161:1:50,-0.7,2026-10-02T01:01:04.695736+02:00
295893077,de:12060:900350160:1:51,-0.4,2026-10-02T01:01:04.695736+02:00
307430265,de:11000:900003200:1:50,0.0,2026-10-02T01:01:04.695736+02:00
307430265,de:11000:900100020:1:50,0.0,2026-10-02T01:01:04.695736+02:00
307430265,de:11000:900058101:2:52,0.0,2026-10-02T01:01:04.695736+02:00
307430265,de:12061:900260009:2:54,0.0,2026-10-02T01:01:04.695736+02:00
307430264,de:11000:900003200:1:50,0.0,2026-10-02T01:01:04.695736+02:00
307430264,de:11000:900100020:1:50,0.0,2026-10-02T01:01:04.695736+02:00
307430264,de:11000:900058101:2:52,0.0,2026-10-02T01:01:04.695736+02:00
307430264,de:12061:900260009:2:54,0.0,2026-10-02T01:01:04.695736+02:00
307430308,de:12061:900260009:2:53,0.0,2026-10-02T01:01:04.695736+02:00
307430308,de:11000:900058101:4:56,0.0,2026-10-02T01:01:04.695736+02:00
307430308,de:11000:900100020:2:53,0.0,2026-10-02T01:01:04.695736+02:00
307430308,de:11000:900003200:4:56,0.0,2026-10-02T01:01:04.695736+02:00
306896197,de:12067:900311039::1,0.0,2026-10-02T01:01:04.695736+02:00
306896197,de:12067:900311034::2,0.0,2026-10-02T01:01:04.695736+02:00
306896197,de:12067:900311052::2,0.0,2026-10-02T01:01:04.695736+02:00
306896197,de:12067:900311036::1,0.0,2026-10-02T01:01:04.695736+02:00
306896197,de:12067:900310867::1,0.0,2026-10-02T01:01:04.695736+02:00
306896197,de:12067:900310868::2,0.0,2026-10-02T01:01:04.695736+02:00
306896197,de:12067:900310964::2,0.0,2026-10-02T01:01:04.695736+02:00
306896197,de:12067:900311021::1,0.0,2026-10-02T01:01:04.695736+02:00
306896197,de:12067:900311022::2,0.0,2026-10-02T01:01:04.695736+02:00
306896197,de:12067:900310635::2,0.0,2026-10-02T01:01:04.695736+02:00
306896197,de:12067:900310636::2,0.0,2026-10-02T01:01:04.695736+02:00
306896197,de:12067:900311025::2,0.0,2026-10-02T01:01:04.695736+02:00
306896197,de:12067:900311024::2,0.0,2026-10-02T01:01:04.695736+02:00
306896197,de:12067:900311023::1,-0.5,2026-10-02T01:01:04.695736+02:00
306896197,de:12067:900311114::1,0.0,2026-10-02T01:01:04.695736+02:00
306896197,de:12067:900310031::1,0.0,2026-10-02T01:01:04.695736+02:00
306896197,de:12067:900310555::2,0.0,2026-10-02T01:01:04.695736+02:00
306896197,de:12067:900310557::2,0.0,2026-10-02T01:01:04.695736+02:00
306896197,de:12067:900310013::7,0.0,2026-10-02T01:01:04.695736+02:00
295900360,de:12069:900220114:1:50,0.0,2026-10-02T01:01:04.695736+02:00
295900360,de:11000:900064201:1:51,-0.1,2026-10-02T01:01:04.695736+02:00
295900360,de:11000:900064256:1:51,0.0,2026-10-02T01:01:04.695736+02:00
295900360,de:11000:900064301:3:53,-0.3,2026-10-02T01:01:04.695736+02:00
295900360,de:11000:900067221:1:50,-0.3,2026-10-02T01:01:04.695736+02:00
295900360,de:11000:900063452:1:51,-0.4,2026-10-02T01:01:04.695736+02:00
295900360,de:11000:900058102:2:53,-0.5,2026-10-02T01:01:04.695736+02:00
295900360,de:11000:900058101:1:51,-0.3,2026-10-02T01:01:04.695736+02:00
295900360,de:11000:900058103:1:51,0.0,2026-10-02T01:01:04.695736+02:00
295900360,de:11000:900012101:2:53,-0.7,2026-10-02T01:01:04.695736+02:00
295900360,de:11000:900100020:4:57,-0.8,2026-10-02T01:01:04.695736+02:00
295900360,de:11000:900100025:1:51,-0.9,2026-10-02T01:01:04.695736+02:00
295900360,de:11000:900100001:4:57,-0.6,2026-10-02T01:01:04.695736+02:00
295900360,de:11000:900100007:1:51,-0.7,2026-10-02T01:01:04.695736+02:00
295900360,de:11000:900007104:2:52,-0.7,2026-10-02T01:01:04.695736+02:00
295900360,de:11000:900008101:1:51,-0.4,2026-10-02T01:01:04.695736+02:00
295900360,de:11000:900007102:2:53,-0.2,2026-10-02T01:01:04.695736+02:00
295900360,de:11000:900110011:2:53,-0.4,2026-10-02T01:01:04.695736+02:00
295900360,de:11000:900085201:1:50,-0.8,2026-10-02T01:01:04.695736+02:00
295900360,de:11000:900085105:1:50,-0.8,2026-10-02T01:01:04.695736+02:00
295900360,de:11000:900096458:1:50,-0.1,2026-10-02T01:01:04.695736+02:00
295900360,de:11000:900096405:1:50,-0.8,2026-10-02T01:01:04.695736+02:00
295900360,de:11000:900089303:1:50,-0.7,2026-10-02T01:01:04.695736+02:00
295900360,de:11000:900091205:1:50,-0.3,2026-10-02T01:01:04.695736+02:00
295900360,de:11000:900091203:1:50,-0.5,2026-10-02T01:01:04.695736+02:00
295900360,de:12065:900200000:1:55,-0.7,2026-10-02T01:01:04.695736+02:00
295900261,de:12065:900200000:1:55,0.0,2026-10-02T01:01:04.695736+02:00
295900261,de:11000:900091203:1:50,0.0,2026-10-02T01:01:04.695736+02:00
295900261,de:11000:900091205:1:50,-0.2,2026-10-02T01:01:04.695736+02:00
295900261,de:11000:900089303:1:51,-0.5,2026-10-02T01:01:04.695736+02:00
295900261,de:11000:900096405:1:50,-0.8,2026-10-02T01:01:04.695736+02:00
295900261,de:11000:900096458:1:50,-0.5,2026-10-02T01:01:04.695736+02:00
295900261,de:11000:900085105:1:50,-0.8,2026-10-02T01:01:04.695736+02:00
295900261,de:11000:900085201:1:51,0.0,2026-10-02T01:01:04.695736+02:00
295900261,de:11000:900130003:1:51,-0.8,2026-10-02T01:01:04.695736+02:00
295900261,de:11000:900110011:1:50,-0.9,2026-10-02T01:01:04.695736+02:00
295900261,de:11000:900007102:1:50,-0.7,2026-10-02T01:01:04.695736+02:00
295900261,de:11000:900008101:1:50,-0.4,2026-10-02T01:01:04.695736+02:00
295900261,de:11000:900007104:1:51,-0.2,2026-10-02T01:01:04.695736+02:00
295900261,de:11000:900100007:1:50,-0.2,2026-10-02T01:01:04.695736+02:00
295900261,de:11000:900100001:4:56,0.0,2026-10-02T01:01:04.695736+02:00
295900261,de:11000:900100025:1:50,-0.9,2026-10-02T01:01:04.695736+02:00
295900261,de:11000:900100020:3:54,-0.9,2026-10-02T01:01:04.695736+02:00
295900261,de:11000:900012101:1:51,0.0,2026-10-02T01:01:04.695736+02:00
295900261,de:11000:900058103:1:50,-0.7,2026-10-02T01:01:04.695736+02:00
295900261,de:11000:900058101:1:50,-0.3,2026-10-02T01:01:04.695736+02:00
295900261,de:11000:900058102:1:52,0.0,2026-10-02T01:01:04.695736+02:00
295900261,de:11000:900063452:1:50,-0.1,2026-10-02T01:01:04.695736+02:00
295900261,de:11000:900067221:1:50,-0.2,2026-10-02T01:01:04.695736+02:00
295900261,de:11000:900064301:3:52,-0.2,2026-10-02T01:01:04.695736+02:00
295900261,de:11000:900064256:1:50,-0.7,2026-10-02T01:01:04.695736+02:00
295900261,de:11000:900064201:1:50,-0.6,2026-10-02T01:01:04.695736+02:00
295900261,de:12069:900220114:1:51,-0.9,2026-10-02T01:01:04.695736+02:00
295900290,de:12065:900200000:4:54,0.0,2026-10-02T01:01:04.695736+02:00
295900290,de:11000:900091203:1:50,0.0,2026-10-02T01:01:04.695736+02:00
295900290,de:11000:900091205:1:50,-0.2,2026-10-02T01:01:04.695736+02:00
295900290,de:11000:900089303:1:51,-0.5,2026-10-02T01:01:04.695736+02:00
295900290,de:11000:900096405:1:50,-0.8,2026-10-02T01:01:04.695736+02:00
295900290,de:11000:900096458:1:50,-0.5,2026-10-02T01:01:04.695736+02:00
295900290,de:11000:900085105:1:50,-0.8,2026-10-02T01:01:04.695736+02:00
295900290,de:11000:900085201:1:51,0.0,2026-10-02T01:01:04.695736+02:00
295900290,de:11000:900130003:1:51,-0.8,2026-10-02T01:01:04.695736+02:00
295900290,de:11000:900110011:1:50,-0.9,2026-10-02T01:01:04.695736+02:00
295900290,de:11000:900007102:1:50,-0.7,2026-10-02T01:01:04.695736+02:00
295900290,de:11000:900008101:1:50,-0.4,2026-10-02T01:01:04.695736+02:00
295900290,de:11000:900007104:1:51,-0.2,2026-10-02T01:01:04.695736+02:00
295900290,de:11000:900100007:1:50,-0.2,2026-10-02T01:01:04.695736+02:00
295900290,de:11000:900100001:4:56,0.0,2026-10-02T01:01:04.695736+02:00
295900290,de:11000:900100025:1:50,-0.9,2026-10-02T01:01:04.695736+02:00
295900290,de:11000:900100020:3:54,-0.9,2026-10-02T01:01:04.695736+02:00
295900290,de:11000:900012101:1:51,0.0,2026-10-02T01:01:04.695736+02:00
295900290,de:11000:900058103:1:50,-0.7,2026-10-02T01:01:04.695736+02:00
295900290,de:11000:900058101:1:50,-0.3,2026-10-02T01:01:04.695736+02:00
295900290,de:11000:900058102:1:52,0.0,2026-10-02T01:01:04.695736+02:00
295900290,de:11000:900063452:1:50,-0.1,2026-10-02T01:01:04.695736+02:00
295900290,de:11000:900067221:1:50,-0.2,2026-10-02T01:01:04.695736+02:00
295900290,de:11000:900064301:3:52,-0.2,2026-10-02T01:01:04.695736+02:00
295900290,de:11000:900064256:1:50,-0.7,2026-10-02T01:01:04.695736+02:00
295900290,de:11000:900064201:1:50,-0.6,2026-10-02T01:01:04.695736+02:00
295900290,de:12069:900220114:1:51,-0.9,2026-10-02T01:01:04.695736+02:00
295900347,de:12069:900220114:1:51,0.0,2026-10-02T01:01:04.695736+02:00
295900347,de:11000:900064201:1:51,-0.1,2026-10-02T01:01:04.695736+02:00
295900347,de:11000:900064256:1:51,0.0,2026-10-02T01:01:04.695736+02:00
295900347,de:11000:900064301:3:53,-0.3,2026-10-02T01:01:04.695736+02:00
295900347,de:11000:900067221:1:50,-0.3,2026-10-02T01:01:04.695736+02:00
295900347,de:11000:900063452:1:51,-0.4,2026-10-02T01:01:04.695736+02:00
295900347,de:11000:900058102:2:53,-0.5,2026-10-02T01:01:04.695736+02:00
295900347,de:11000:900058101:1:51,-0.3,2026-10-02T01:01:04.695736+02:00
295900347,de:11000:900058103:1:51,0.0,2026-10-02T01:01:04.695736+02:00
295900347,de:11000:900012101:2:53,-0.7,2026-10-02T01:01:04.695736+02:00
295900347,de:11000:900100020:4:57,-0.8,2026-10-02T01:01:04.695736+02:00
295900347,de:11000:900100025:1:51,-0.9,2026-10-02T01:01:04.695736+02:00
295900347,de:11000:900100001:4:57,-0.6,2026-10-02T01:01:04.695736+02:00
295900347,de:11000:900100007:1:51,-0.7,2026-10-02T01:01:04.695736+02:00
295900347,de:11000:900007104:2:52,-0.7,2026-10-02T01:01:04.695736+02:00
295900347,de:11000:900008101:1:51,-0.4,2026-10-02T01:01:04.695736+02:00
295900347,de:11000:900007102:2:53,-0.2,2026-10-02T01:01:04.695736+02:00
295900347,de:11000:900110011:2:53,-0.4,2026-10-02T01:01:04.695736+02:00
295900347,de:11000:900085201:1:50,-0.8,2026-10-02T01:01:04.695736+02:00
295900347,de:11000:900085105:1:50,-0.8,2026-10-02T01:01:04.695736+02:00
295900347,de:11000:900096458:1:50,-0.1,2026-10-02T01:01:04.695736+02:00
295900347,de:11000:900096405:1:50,-0.8,2026-10-02T01:01:04.695736+02:00
295900347,de:11000:900089303:1:50,-0.7,2026-10-02T01:01:04.695736+02:00
295900347,de:11000:900091205:1:50,-0.3,2026-10-02T01:01:04.695736+02:00
295900347,de:11000:900091203:1:50,-0.5,2026-10-02T01:01:04.695736+02:00
295900347,de:12065:900200000:1:55,-0.7,2026-10-02T01:01:04.695736+02:00
295900254,de:12065:900200000:1:55,0.0,2026-10-02T01:01:04.695736+02:00
295900254,de:11000:900091203:1:50,0.0,2026-10-02T01:01:04.695736+02:00
295900254,de:11000:900091205:1:50,-0.2,2026-10-02T01:01:04.695736+02:00
295900254,de:11000:900089303:1:51,-0.5,2026-10-02T01:01:04.695736+02:00
295900254,de:11000:900096405:1:50,-0.8,2026-10-02T01:01:04.695736+02:00
295900254,de:11000:900096458:1:50,-0.5,2026-10-02T01:01:04.695736+02:00
295900254,de:11000:900085105:1:50,-0.8,2026-10-02T01:01:04.695736+02:00
295900254,de:11000:900085201:1:51,0.0,2026-10-02T01:01:04.695736+02:00
295900254,de:11000:900130003:1:51,-0.8,2026-10-02T01:01:04.695736+02:00
295900254,de:11000:900110011:1:50,-0.9,2026-10-02T01:01:04.695736+02:00
295900254,de:11000:900007102:1:50,-0.7,2026-10-02T01:01:04.695736+02:00
295900254,de:11000:900008101:1:50,-0.4,2026-10-02T01:01:04.695736+02:00
295900254,de:11000:900007104:1:51,-0.2,2026-10-02T01:01:04.695736+02:00
295900254,de:11000:900100007:1:50,-0.2,2026-10-02T01:01:04.695736+02:00
295900254,de:11000:900100001:4:56,0.0,2026-10-02T01:01:04.695736+02:00
295900254,de:11000:900100025:1:50,-0.9,2026-10-02T01:01:04.695736+02:00
295900254,de:11000:900100020:3:54,-0.9,2026-10-02T01:01:04.695736+02:00
295900254,de:11000:900012101:1:51,0.0,2026-10-02T01:01:04.695736+02:00
295900254,de:11000:900058103:1:50,-0.7,2026-10-02T01:01:04.695736+02:00
295900254,de:11000:900058101:1:50,-0.3,2026-10-02T01:01:04.695736+02:00
295900254,de:11000:900058102:1:52,0.0,2026-10-02T01:01:04.695736+02:00
295900254,de:11000:900063452:1:50,-0.1,2026-10-02T01:01:04.695736+02:00
295900254,de:11000:900067221:1:50,-0.2,2026-10-02T01:01:04.695736+02:00
295900254,de:11000:900064301:3:52,-0.2,2026-10-02T01:01:04.695736+02:00
295900254,de:11000:900064256:1:50,-0.7,2026-10-02T01:01:04.695736+02:00
295900254,de:11000:900064201:1:50,-0.6,2026-10-02T01:01:04.695736+02:00
295900254,de:12069:900220114:1:51,-0.9,2026-10-02T01:01:04.695736+02:00
295900279,de:12065:900200000:4:54,0.0,2026-10-02T01:01:04.695736+02:00
295900279,de:11000:900091203:1:50,0.0,2026-10-02T01:01:04.695736+02:00
295900279,de:11000:900091205:1:50,-0.2,2026-10-02T01:01:04.695736+02:00
295900279,de:11000:900089303:1:51,-0.5,2026-10-02T01:01:04.695736+02:00
295900279,de:11000:900096405:1:50,-0.8,2026-10-02T01:01:04.695736+02:00
295900279,de:11000:900096458:1:50,-0.5,2026-10-02T01:01:04.695736+02:00
295900279,de:11000:900085105:1:50,-0.8,2026-10-02T01:01:04.695736+02:00
295900279,de:11000:900085201:1:51,0.0,2026-10-02T01:01:04.695736+02:00
295900279,de:11000:900130003:1:51,-0.8,2026-10-02T01:01:04.695736+02:00
295900279,de:11000:900110011:1:50,-0.9,2026-10-02T01:01:04.695736+02:00
295900279,de:11000:900007102:1:50,-0.7,2026-10-02T01:01:04.695736+02:00
295900279,de:11000:900008101:1:50,-0.4,2026-10-02T01:01:04.695736+02:00
295900279,de:11000:900007104:1:51,-0.2,2026-10-02T01:01:04.695736+02:00
295900279,de:11000:900100007:1:50,-0.2,2026-10-02T01:01:04.695736+02:00
295900279,de:11000:900100001:4:56,0.0,2026-10-02T01:01:04.695736+02:00
295900279,de:11000:900100025:1:50,-0.9,2026-10-02T01:01:04.695736+02:00
295900279,de:11000:900100020:3:54,-0.9,2026-10-02T01:01:04.695736+02:00
295900279,de:11000:900012101:1:51,0.0,2026-10-02T01:01:04.695736+02:00
295900279,de:11000:900058103:1:50,-0.7,2026-10-02T01:01:04.695736+02:00
295900279,de:11000:900058101:1:50,-0.3,2026-10-02T01:01:04.695736+02:00
295900279,de:11000:900058102:1:52,0.0,2026-10-02T01:01:04.695736+02:00
295900279,de:11000:900063452:1:50,-0.1,2026-10-02T01:01:04.695736+02:00
295900279,de:11000:900067221:1:50,-0.2,2026-10-02T01:01:04.695736+02:00
295900279,de:11000:900064301:3:52,-0.2,2026-10-02T01:01:04.695736+02:00
295900279,de:11000:900064256:1:50,-0.7,2026-10-02T01:01:04.695736+02:00
295900279,de:11000:900064201:1:50,-0.6,2026-10-02T01:01:04.695736+02:00
295900279,de:12069:900220114:1:51,-0.9,2026-10-02T01:01:04.695736+02:00
295896231,de:11000:900074201:1:50,0.0,2026-10-02T01:01:04.695736+02:00
295896231,de:11000:900074202:2:51,-0.1,2026-10-02T01:01:04.695736+02:00
295896231,de:11000:900072101:2:51,-0.1,2026-10-02T01:01:04.695736+02:00
295896231,de:11000:900073101:1:51,-0.4,2026-10-02T01:01:04.695736+02:00
295896231,de:11000:900068301:1:51,-0.7,2026-10-02T01:01:04.695736+02:00
295896231,de:11000:900058102:2:51,-0.7,2026-10-02T01:01:04.695736+02:00
295896231,de:11000:900058101:1:51,-0.3,2026-10-02T01:01:04.695736+02:00
295896231,de:11000:900058103:1:51,-0.1,2026-10-02T01:01:04.695736+02:00
295896231,de:11000:900012101:2:53,-0.7,2026-10-02T01:01:04.695736+02:00
295896231,de:11000:900100020:4:57,-0.8,2026-10-02T01:01:04.695736+02:00
295896231,de:11000:900100025:1:51,-0.9,2026-10-02T01:01:04.695736+02:00
295896231,de:11000:900100001:4:57,-0.6,2026-10-02T01:01:04.695736+02:00
295896231,de:11000:900100007:1:51,-0.7,2026-10-02T01:01:04.695736+02:00
295896231,de:11000:900007104:2:52,-0.7,2026-10-02T01:01:04.695736+02:00
295896231,de:11000:900008101:1:51,-0.4,2026-10-02T01:01:04.695736+02:00
295896231,de:11000:900007102:2:53,-0.1,2026-10-02T01:01:04.695736+02:00
295896231,de:11000:900110011:2:52,-0.4,2026-10-02T01:01:04.695736+02:00
295896231,de:11000:900130002:1:50,-0.7,2026-10-02T01:01:04.695736+02:00
295896231,de:11000:900130001:1:50,-0.4,2026-10-02T01:01:04.695736+02:00
295896231,de:11000:900142001:1:50,-0.9,2026-10-02T01:01:04.695736+02:00
295896231,de:11000:900143001:1:51,-0.7,2026-10-02T01:01:04.695736+02:00
295896231,de:11000:900135001:1:50,-0.4,2026-10-02T01:01:04.695736+02:00
295896230,de:11000:900074201:1:50,0.0,2026-10-02T01:01:04.695736+02:00
295896230,de:11000:900074202:2:51,-0.1,2026-10-02T01:01:04.695736+02:00
295896230,de:11000:900072101:2:51,-0.1,2026-10-02T01:01:04.695736+02:00
295896230,de:11000:900073101:1:51,-0.4,2026-10-02T01:01:04.695736+02:00
295896230,de:11000:900068301:1:51,-0.7,2026-10-02T01:01:04.695736+02:00
295896230,de:11000:900058102:2:51,-0.7,2026-10-02T01:01:04.695736+02:00
295896230,de:11000:900058101:1:51,-0.3,2026-10-02T01:01:04.695736+02:00
295896230,de:11000:900058103:1:51,-0.1,2026-10-02T01:01:04.695736+02:00
295896230,de:11000:900012101:2:53,-0.7,2026-10-02T01:01:04.695736+02:00
295896230,de:11000:900100020:4:57,-0.8,2026-10-02T01:01:04.695736+02:00
295896230,de:11000:900100025:1:51,-0.9,2026-10-02T01:01:04.695736+02:00
295896230,de:11000:900100001:4:57,-0.6,2026-10-02T01:01:04.695736+02:00
295896230,de:11000:900100007:1:51,-0.7,2026-10-02T01:01:04.695736+02:00
295896230,de:11000:900007104:2:52,-0.7,2026-10-02T01:01:04.695736+02:00
295896230,de:11000:900008101:1:51,-0.4,2026-10-02T01:01:04.695736+02:00
295896230,de:11000:900007102:2:53,-0.1,2026-10-02T01:01:04.695736+02:00
295896230,de:11000:900110011:2:52,-0.4,2026-10-02T01:01:04.695736+02:00
295896230,de:11000:900130002:1:50,-0.7,2026-10-02T01:01:04.695736+02:00
295896230,de:11000:900130001:1:50,-0.4,2026-10-02T01:01:04.695736+02:00
295896230,de:11000:900142001:1:50,-0.9,2026-10-02T01:01:04.695736+02:00
295896230,de:11000:900143001:1:51,-0.7,2026-10-02T01:01:04.695736+02:00
295896230,de:11000:900135001:1:50,-0.4,2026-10-02T01:01:04.695736+02:00
295896228,de:11000:900074201:1:50,0.0,2026-10-02T01:01:04.695736+02:00
295896228,de:11000:900074202:2:51,-0.1,2026-10-02T01:01:04.695736+02:00
295896228,de:11000:900072101:2:51,-0.1,2026-10-02T01:01:04.695736+02:00
295896228,de:11000:900073101:1:51,-0.4,2026-10-02T01:01:04.695736+02:00
295896228,de:11000:900068301:1:51,-0.7,2026-10-02T01:01:04.695736+02:00
295896228,de:11000:900058102:2:51,-0.7,2026-10-02T01:01:04.695736+02:00
295896228,de:11000:900058101:1:51,-0.3,2026-10-02T01:01:04.695736+02:00
295896228,de:11000:900058103:1:51,-0.1,2026-10-02T01:01:04.695736+02:00
295896228,de:11000:900012101:2:53,-0.7,2026-10-02T01:01:04.695736+02:00
295896228,de:11000:900100020:4:57,-0.8,2026-10-02T01:01:04.695736+02:00
295896228,de:11000:900100025:1:51,-0.9,2026-10-02T01:01:04.695736+02:00
295896228,de:11000:900100001:4:57,-0.6,2026-10-02T01:01:04.695736+02:00
295896228,de:11000:900100007:1:51,-0.7,2026-10-02T01:01:04.695736+02:00
295896228,de:11000:900007104:2:52,-0.7,2026-10-02T01:01:04.695736+02:00
295896228,de:11000:900008101:1:51,-0.4,2026-10-02T01:01:04.695736+02:00
295896228,de:11000:900007102:2:53,-0.1,2026-10-02T01:01:04.695736+02:00
295896228,de:11000:900110011:2:52,-0.4,2026-10-02T01:01:04.695736+02:00
295896228,de:11000:900130002:1:50,-0.7,2026-10-02T01:01:04.695736+02:00
295896228,de:11000:900130001:1:50,-0.4,2026-10-02T01:01:04.695736+02:00
295896228,de:11000:900142001:1:50,-0.9,2026-10-02T01:01:04.695736+02:00
295896228,de:11000:900143001:1:51,-0.7,2026-10-02T01:01:04.695736+02:00
295896228,de:11000:900135001:1:50,-0.4,2026-10-02T01:01:04.695736+02:00
295896179,de:11000:900074201:1:50,0.0,2026-10-02T01:01:04.695736+02:00
295896179,de:11000:900074202:2:51,-0.1,2026-10-02T01:01:04.695736+02:00
295896179,de:11000:900072101:2:51,-0.1,2026-10-02T01:01:04.695736+02:00
295896179,de:11000:900073101:1:51,-0.4,2026-10-02T01:01:04.695736+02:00
295896179,de:11000:900068301:1:51,-0.7,2026-10-02T01:01:04.695736+02:00
295896179,de:11000:900058102:2:51,-0.7,2026-10-02T01:01:04.695736+02:00
295896179,de:11000:900058101:1:51,-0.3,2026-10-02T01:01:04.695736+02:00
295896179,de:11000:900058103:1:51,-0.1,2026-10-02T01:01:04.695736+02:00
295896179,de:11000:900012101:2:53,-0.7,2026-10-02T01:01:04.695736+02:00
295896179,de:11000:900100020:4:57,-0.8,2026-10-02T01:01:04.695736+02:00
295896179,de:11000:900100025:1:51,-0.9,2026-10-02T01:01:04.695736+02:00
295896179,de:11000:900100001:4:57,-0.6,2026-10-02T01:01:04.695736+02:00
295896179,de:11000:900100007:1:51,-0.7,2026-10-02T01:01:04.695736+02:00
295896179,de:11000:900007104:2:52,-0.7,2026-10-02T01:01:04.695736+02:00
295896179,de:11000:900008101:1:51,-0.4,2026-10-02T01:01:04.695736+02:00
295896179,de:11000:900007102:2:53,-0.1,2026-10-02T01:01:04.695736+02:00
295896179,de:11000:900110011:2:52,-0.4,2026-10-02T01:01:04.695736+02:00
295896179,de:11000:900130002:1:50,-0.7,2026-10-02T01:01:04.695736+02:00
295896179,de:11000:900130001:1:50,-0.4,2026-10-02T01:01:04.695736+02:00
295896179,de:11000:900142001:1:50,-0.9,2026-10-02T01:01:04.695736+02:00
295896179,de:11000:900143001:1:51,-0.7,2026-10-02T01:01:04.695736+02:00
295896179,de:11000:900135001:1:50,-0.4,2026-10-02T01:01:04.695736+02:00
306897194,de:12067:900311565::2,0.0,2026-10-02T01:01:04.695736+02:00
306897194,de:12067:900311400::1,0.0,2026-10-02T01:01:04.695736+02:00
306897194,de:12067:900311511::2,0.0,2026-10-02T01:01:04.695736+02:00
306897194,de:12067:900310601::2,0.0,2026-10-02T01:01:04.695736+02:00
306897194,de:12067:900311364::2,0.0,2026-10-02T01:01:04.695736+02:00
306897194,de:12067:900311371::2,0.0,2026-10-02T01:01:04.695736+02:00
306897194,de:12067:900311349::2,0.0,2026-10-02T01:01:04.695736+02:00
306897194,de:12067:900311350::2,0.0,2026-10-02T01:01:04.695736+02:00
306897194,de:12067:900311348::2,0.0,2026-10-02T01:01:04.695736+02:00
306897194,de:12067:900311308::4,0.0,2026-10-02T01:01:04.695736+02:00
295903030,de:11000:900142001:1:51,0.0,2026-10-02T01:01:04.695736+02:00
295903030,de:11000:900130001:1:51,-0.2,2026-10-02T01:01:04.695736+02:00
295903030,de:11000:900130002:1:51,-0.7,2026-10-02T01:01:04.695736+02:00
295903030,de:11000:900110011:1:51,-0.2,2026-10-02T01:01:04.695736+02:00
295903030,de:11000:900007102:1:50,-0.7,2026-10-02T01:01:04.695736+02:00
295903030,de:11000:900008101:1:50,-0.4,2026-10-02T01:01:04.695736+02:00
295903030,de:11000:900007104:1:51,-0.2,2026-10-02T01:01:04.695736+02:00
295903030,de:11000:900100007:1:50,-0.2,2026-10-02T01:01:04.695736+02:00
295903030,de:11000:900100001:4:56,0.0,2026-10-02T01:01:04.695736+02:00
295903030,de:11000:900100025:1:50,-0.9,2026-10-02T01:01:04.695736+02:00
295903030,de:11000:900100020:3:54,-0.9,2026-10-02T01:01:04.695736+02:00
295903030,de:11000:900012101:1:51,0.0,2026-10-02T01:01:04.695736+02:00
295903030,de:11000:900058103:1:50,-0.7,2026-10-02T01:01:04.695736+02:00
295903030,de:11000:900058101:1:50,-0.3,2026-10-02T01:01:04.695736+02:00
295903030,de:11000:900058102:1:52,0.0,2026-10-02T01:01:04.695736+02:00
295903030,de:11000:900063452:1:50,-0.1,2026-10-02T01:01:04.695736+02:00
295903030,de:11000:900067221:1:50,-0.2,2026-10-02T01:01:04.695736+02:00
295903030,de:11000:900064301:3:52,-0.2,2026-10-02T01:01:04.695736+02:00
295903030,de:11000:900064256:1:50,-0.7,2026-10-02T01:01:04.695736+02:00
295903030,de:11000:900064201:1:50,-0.6,2026-10-02T01:01:04.695736+02:00
295903030,de:12069:900220114:1:50,-0.9,2026-10-02T01:01:04.695736+02:00
295903004,de:11000:900142001:1:51,0.0,2026-10-02T01:01:04.695736+02:00
295903004,de:11000:900130001:1:51,-0.2,2026-10-02T01:01:04.695736+02:00
295903004,de:11000:900130002:1:51,-0.7,2026-10-02T01:01:04.695736+02:00
295903004,de:11000:900110011:1:51,-0.2,2026-10-02T01:01:04.695736+02:00
295903004,de:11000:900007102:1:50,-0.7,2026-10-02T01:01:04.695736+02:00
295903004,de:11000:900008101:1:50,-0.4,2026-10-02T01:01:04.695736+02:00
295903004,de:11000:900007104:1:51,-0.2,2026-10-02T01:01:04.695736+02:00
295903004,de:11000:900100007:1:50,-0.2,2026-10-02T01:01:04.695736+02:00
295903004,de:11000:900100001:4:56,0.0,2026-10-02T01:01:04.695736+02:00
295903004,de:11000:900100025:1:50,-0.9,2026-10-02T01:01:04.695736+02:00
295903004,de:11000:900100020:3:54,-0.9,2026-10-02T01:01:04.695736+02:00
295903004,de:11000:900012101:1:51,0.0,2026-10-02T01:01:04.695736+02:00
295903004,de:11000:900058103:1:50,-0.7,2026-10-02T01:01:04.695736+02:00
295903004,de:11000:900058101:1:50,-0.3,2026-10-02T01:01:04.695736+02:00
295903004,de:11000:900058102:1:52,0.0,2026-10-02T01:01:04.695736+02:00
295903004,de:11000:900063452:1:50,-0.1,2026-10-02T01:01:04.695736+02:00
295903004,de:11000:900067221:1:50,-0.2,2026-10-02T01:01:04.695736+02:00
295903004,de:11000:900064301:3:52,-0.2,2026-10-02T01:01:04.695736+02:00
295903004,de:11000:900064256:1:50,-0.7,2026-10-02T01:01:04.695736+02:00
295903004,de:11000:900064201:1:50,-0.6,2026-10-02T01:01:04.695736+02:00
295903004,de:12069:900220114:1:50,-0.9,2026-10-02T01:01:04.695736+02:00
295902995,de:11000:900142001:1:51,0.0,2026-10-02T01:01:04.695736+02:00
295902995,de:11000:900130001:1:51,-0.2,2026-10-02T01:01:04.695736+02:00
295902995,de:11000:900130002:1:51,-0.7,2026-10-02T01:01:04.695736+02:00
295902995,de:11000:900110011:1:51,-0.2,2026-10-02T01:01:04.695736+02:00
295902995,de:11000:900007102:1:50,-0.7,2026-10-02T01:01:04.695736+02:00
295902995,de:11000:900008101:1:50,-0.4,2026-10-02T01:01:04.695736+02:00
295902995,de:11000:900007104:1:51,-0.2,2026-10-02T01:01:04.695736+02:00
295902995,de:11000:900100007:1:50,-0.2,2026-10-02T01:01:04.695736+02:00
295902995,de:11000:900100001:4:56,0.0,2026-10-02T01:01:04.695736+02:00
295902995,de:11000:900100025:1:50,-0.9,2026-10-02T01:01:04.695736+02:00
295902995,de:11000:900100020:3:54,-0.9,2026-10-02T01:01:04.695736+02:00
295902995,de:11000:900012101:1:51,0.0,2026-10-02T01:01:04.695736+02:00
295902995,de:11000:900058103:1:50,-0.7,2026-10-02T01:01:04.695736+02:00
295902995,de:11000:900058101:1:50,-0.3,2026-10-02T01:01:04.695736+02:00
295902995,de:11000:900058102:1:52,0.0,2026-10-02T01:01:04.695736+02:00
295902995,de:11000:900063452:1:50,-0.1,2026-10-02T01:01:04.695736+02:00
295902995,de:11000:900067221:1:50,-0.2,2026-10-02T01:01:04.695736+02:00
295902995,de:11000:900064301:3:52,-0.2,2026-10-02T01:01:04.695736+02:00
295902995,de:11000:900064256:1:50,-0.7,2026-10-02T01:01:04.695736+02:00
295902995,de:11000:900064201:1:50,-0.6,2026-10-02T01:01:04.695736+02:00
295902995,de:12069:900220114:1:50,-0.9,2026-10-02T01:01:04.695736+02:00
306897037,de:12067:900311383::6,0.0,2026-10-02T01:01:04.695736+02:00
306897037,de:12067:900311312::1,0.0,2026-10-02T01:01:04.695736+02:00
306897037,de:12067:900311311::1,0.0,2026-10-02T01:01:04.695736+02:00
306897037,de:12067:900311356::1,0.0,2026-10-02T01:01:04.695736+02:00
306897037,de:12067:900311300::1,0.0,2026-10-02T01:01:04.695736+02:00
306897037,de:12067:900311328::1,0.0,2026-10-02T01:01:04.695736+02:00
306897037,de:12067:900311330::1,0.0,2026-10-02T01:01:04.695736+02:00
306895318,de:12067:900311054::1,0.0,2026-10-02T01:01:04.695736+02:00
306895318,de:12067:900311110::1,0.0,2026-10-02T01:01:04.695736+02:00
306895318,de:12067:900311056::1,0.0,2026-10-02T01:01:04.695736+02:00
306895398,de:12067:900310613::1,0.0,2026-10-02T01:01:04.695736+02:00
306895398,de:12067:900311076::2,0.0,2026-10-02T01:01:04.695736+02:00
306895398,de:12067:900311009::1,0.0,2026-10-02T01:01:04.695736+02:00
306895398,de:12067:900311079::1,0.0,2026-10-02T01:01:04.695736+02:00
306895398,de:12067:900310731::1,0.0,2026-10-02T01:01:04.695736+02:00
306895398,de:12067:900310700::1,0.0,2026-10-02T01:01:04.695736+02:00
306895398,de:12067:900310701::1,0.0,2026-10-02T01:01:04.695736+02:00
306895398,de:12067:900310981::1,0.0,2026-10-02T01:01:04.695736+02:00
306895398,de:12067:900310832::1,0.0,2026-10-02T01:01:04.695736+02:00
306895398,de:12067:900311098::1,0.0,2026-10-02T01:01:04.695736+02:00
306895398,de:12067:900310826::2,0.0,2026-10-02T01:01:04.695736+02:00
306895398,de:12067:900311065::1,0.0,2026-10-02T01:01:04.695736+02:00
306895398,de:12067:900311064::2,0.0,2026-10-02T01:01:04.695736+02:00
306895398,de:12067:900310902::2,0.0,2026-10-02T01:01:04.695736+02:00
306895398,de:12067:900310942::2,0.0,2026-10-02T01:01:04.695736+02:00
306895398,de:12067:900310721::1,0.0,2026-10-02T01:01:04.695736+02:00
306895398,de:12067:900310755::2,0.0,2026-10-02T01:01:04.695736+02:00
306895398,de:12067:900310728::2,0.0,2026-10-02T01:01:04.695736+02:00
306895398,de:12067:900311129::6,0.0,2026-10-02T01:01:04.695736+02:00
295906976,de:11000:900029101:1:50,0.0,2026-10-02T01:01:04.695736+02:00
295906976,de:11000:900030202:1:50,-0.3,2026-10-02T01:01:04.695736+02:00
295906976,de:11000:900025424:1:51,-0.2,2026-10-02T01:01:04.695736+02:00
295906976,de:11000:900025321:1:51,-0.2,2026-10-02T01:01:04.695736+02:00
295906976,de:11000:900026105:1:50,-0.4,2026-10-02T01:01:04.695736+02:00
295906976,de:11000:900025423:1:50,-0.7,2026-10-02T01:01:04.695736+02:00
295906976,de:11000:900024102:2:53,-0.7,2026-10-02T01:01:04.695736+02:00
295906976,de:11000:900024101:3:55,-0.3,2026-10-02T01:01:04.695736+02:00
295906976,de:11000:900024203:1:51,-0.8,2026-10-02T01:01:04.695736+02:00
295906976,de:11000:900023201:3:54,-0.7,2026-10-02T01:01:04.695736+02:00
295906976,de:11000:900003103:1:50,-0.8,2026-10-02T01:01:04.695736+02:00
295906976,de:11000:900003102:1:50,-0.9,2026-10-02T01:01:04.695736+02:00
295906976,de:11000:900003201:3:54,-0.5,2026-10-02T01:01:04.695736+02:00
295906976,de:11000:900100001:3:54,-0.1,2026-10-02T01:01:04.695736+02:00
295906976,de:11000:900100002:1:50,-0.4,2026-10-02T01:01:04.695736+02:00
295906976,de:11000:900100003:2:52,-0.1,2026-10-02T01:01:04.695736+02:00
295906976,de:11000:900100004:1:50,-0.4,2026-10-02T01:01:04.695736+02:00
295906976,de:11000:900120005:4:55,-0.6,2026-10-02T01:01:04.695736+02:00
295906976,de:11000:900120004:1:50,-0.1,2026-10-02T01:01:04.695736+02:00
295906976,de:11000:900120003:2:53,-0.4,2026-10-02T01:01:04.695736+02:00
295906976,de:11000:900160001:1:51,-0.4,2026-10-02T01:01:04.695736+02:00
295906976,de:11000:900160002:1:50,-0.7,2026-10-02T01:01:04.695736+02:00
295906976,de:11000:900162001:1:51,-0.3,2026-10-02T01:01:04.695736+02:00
295906976,de:11000:900180002:1:51,-0.3,2026-10-02T01:01:04.695736+02:00
295906976,de:11000:900180001:1:50,-0.7,2026-10-02T01:01:04.695736+02:00
295906976,de:11000:900182001:1:51,-0.2,2026-10-02T01:01:04.695736+02:00
295906976,de:11000:900182002:1:51,-0.4,2026-10-02T01:01:04.695736+02:00
295906976,de:11000:900183001:1:51,0.0,2026-10-02T01:01:04.695736+02:00
295906976,de:11000:900183002:1:51,-0.3,2026-10-02T01:01:04.695736+02:00
295906976,de:12067:900310004:3:52,-0.5,2026-10-02T01:01:04.695736+02:00
307434442,de:11000:900192001:1:50,0.0,2026-10-02T01:01:04.695736+02:00
307434442,de:11000:900120003:4:57,0.0,2026-10-02T01:01:04.695736+02:00
307434442,de:11000:900007102:4:56,0.0,2026-10-02T01:01:04.695736+02:00
307434442,de:11000:900029101:2:52,0.0,2026-10-02T01:01:04.695736+02:00
307434442,de:11000:900037168:1:50,0.0,2026-10-02T01:01:04.695736+02:00
307434442,de:12063:900210180:1:50,0.0,2026-10-02T01:01:04.695736+02:00
307434442,de:12063:900210010:1:50,0.0,2026-10-02T01:01:04.695736+02:00
307434442,de:12063:900210011:1:50,0.0,2026-10-02T01:01:04.695736+02:00
307434442,de:12063:900210326:1:50,0.0,2026-10-02T01:01:04.695736+02:00
307434442,de:12063:900210005:1:50,0.0,2026-10-02T01:01:04.695736+02:00
295907184,de:12067:900310004:3:52,0.0,2026-10-02T01:01:04.695736+02:00
295907184,de:11000:900183002:1:50,-0.1,2026-10-02T01:01:04.695736+02:00
295907184,de:11000:900183001:1:50,-0.4,2026-10-02T01:01:04.695736+02:00
295907184,de:11000:900182002:1:50,0.0,2026-10-02T01:01:04.695736+02:00
295907184,de:11000:900182001:1:50,-0.2,2026-10-02T01:01:04.695736+02:00
295907184,de:11000:900180001:1:50,-0.7,2026-10-02T01:01:04.695736+02:00
295907184,de:11000:900180002:1:50,-0.7,2026-10-02T01:01:04.695736+02:00
295907184,de:11000:900162001:1:50,-0.9,2026-10-02T01:01:04.695736+02:00
295907184,de:11000:900160002:1:50,0.0,2026-10-02T01:01:04.695736+02:00
295907184,de:11000:900160001:1:50,-0.3,2026-10-02T01:01:04.695736+02:00
295907184,de:11000:900120003:3:55,-0.1,2026-10-02T01:01:04.695736+02:00
295907184,de:11000:900120004:2:53,-0.6,2026-10-02T01:01:04.695736+02:00
295907184,de:11000:900120005:5:58,-0.9,2026-10-02T01:01:04.695736+02:00
295907184,de:11000:900100004:1:51,-0.4,2026-10-02T01:01:04.695736+02:00
295907184,de:11000:900100003:2:53,-0.4,2026-10-02T01:01:04.695736+02:00
295907184,de:11000:900100002:1:51,-0.4,2026-10-02T01:01:04.695736+02:00
295907184,de:11000:900100001:3:55,-0.4,2026-10-02T01:01:04.695736+02:00
295907184,de:11000:900003201:3:55,-0.1,2026-10-02T01:01:04.695736+02:00
295907184,de:11000:900003102:1:51,-0.8,2026-10-02T01:01:04.695736+02:00
295907184,de:11000:900003103:1:51,-0.9,2026-10-02T01:01:04.695736+02:00
295907184,de:11000:900023201:3:55,-0.8,2026-10-02T01:01:04.695736+02:00
295907184,de:11000:900024203:1:51,-0.8,2026-10-02T01:01:04.695736+02:00
295907184,de:11000:900024101:4:57,-0.8,2026-10-02T01:01:04.695736+02:00
295907184,de:11000:900024102:1:50,-0.1,2026-10-02T01:01:04.695736+02:00
295907184,de:11000:900025423:1:50,-0.4,2026-10-02T01:01:04.695736+02:00
295907184,de:11000:900026105:1:50,-0.7,2026-10-02T01:01:04.695736+02:00
295907184,de:11000:900025321:1:50,-0.3,2026-10-02T01:01:04.695736+02:00
295907184,de:11000:900025424:1:50,-0.3,2026-10-02T01:01:04.695736+02:00
295907184,de:11000:900030202:1:50,-0.9,2026-10-02T01:01:04.695736+02:00
295907184,de:11000:900029101:1:50,-0.9,2026-10-02T01:01:04.695736+02:00
295911035,de:11000:900162001:1:50,0.0,2026-10-02T01:01:04.695736+02:00
295911035,de:11000:900160002:1:50,-0.7,2026-10-02T01:01:04.695736+02:00
295911035,de:11000:900160001:1:50,0.0,2026-10-02T01:01:04.695736+02:00
295911035,de:11000:900120003:3:55,-0.7,2026-10-02T01:01:04.695736+02:00
295911035,de:11000:900120004:2:53,0.0,2026-10-02T01:01:04.695736+02:00
295911035,de:11000:900120005:4:56,-0.2,2026-10-02T01:01:04.695736+02:00
306895905,de:12067:900311145::2,0.0,2026-10-02T01:01:04.695736+02:00
306895905,de:12067:900310817::2,0.0,2026-10-02T01:01:04.695736+02:00
306895905,de:12067:900310837::2,0.0,2026-10-02T01:01:04.695736+02:00
306895905,de:12067:900310875::2,0.0,2026-10-02T01:01:04.695736+02:00
306895905,de:12067:900310796::2,0.0,2026-10-02T01:01:04.695736+02:00
306895905,de:12067:900310777::2,0.0,2026-10-02T01:01:04.695736+02:00
306895905,de:12067:900310808::2,0.0,2026-10-02T01:01:04.695736+02:00
306895905,de:12067:900310822::2,0.0,2026-10-02T01:01:04.695736+02:00
306895905,de:12067:900310781::2,0.0,2026-10-02T01:01:04.695736+02:00
306895905,de:12067:900311155::1,0.0,2026-10-02T01:01:04.695736+02:00
306895905,de:12067:900311149::2,0.0,2026-10-02T01:01:04.695736+02:00
306895905,de:12067:900310001::11,0.0,2026-10-02T01:01:04.695736+02:00
306896486,de:12064:900320228::1,0.0,2026-10-02T01:01:04.695736+02:00
306896486,de:12064:900320280::2,0.0,2026-10-02T01:01:04.695736+02:00
306896486,de:12064:900320229::2,-0.5,2026-10-02T01:01:04.695736+02:00
306896486,de:12064:900320279::2,-0.5,2026-10-02T01:01:04.695736+02:00
306896486,de:12064:900320277::2,0.0,2026-10-02T01:01:04.695736+02:00
306896486,de:12067:900311015::3,0.0,2026-10-02T01:01:04.695736+02:00
306896486,de:12067:900310831::1,0.0,2026-10-02T01:01:04.695736+02:00
306896486,de:12067:900311015::4,0.0,2026-10-02T01:01:04.695736+02:00
306896486,de:12067:900310711::2,0.0,2026-10-02T01:01:04.695736+02:00
306896486,de:12067:900310713::1,0.0,2026-10-02T01:01:04.695736+02:00
306896486,de:12067:900310877::1,0.0,2026-10-02T01:01:04.695736+02:00
306896486,de:12067:900310713::2,0.0,2026-10-02T01:01:04.695736+02:00
306896486,de:12067:900310712::2,0.0,2026-10-02T01:01:04.695736+02:00
306896486,de:12067:900310802::2,0.0,2026-10-02T01:01:04.695736+02:00
306896486,de:12067:900310803::2,0.0,2026-10-02T01:01:04.695736+02:00
306896486,de:12067:900310801::2,0.0,2026-10-02T01:01:04.695736+02:00
306896486,de:12067:900310937::2,0.0,2026-10-02T01:01:04.695736+02:00
306896486,de:12067:900310825::1,0.0,2026-10-02T01:01:04.695736+02:00
306896486,de:12067:900310792::2,0.0,2026-10-02T01:01:04.695736+02:00
306896486,de:12067:900310774::2,0.0,2026-10-02T01:01:04.695736+02:00
306896486,de:12067:900310793::1,0.0,2026-10-02T01:01:04.695736+02:00
306896486,de:12067:900310628::1,0.0,2026-10-02T01:01:04.695736+02:00
306896486,de:12067:900310804::2,0.0,2026-10-02T01:01:04.695736+02:00
306896486,de:12067:900311150::2,0.0,2026-10-02T01:01:04.695736+02:00
306896486,de:12067:900311135::2,0.0,2026-10-02T01:01:04.695736+02:00
306896486,de:12067:900311149::2,0.0,2026-10-02T01:01:04.695736+02:00
306896486,de:12067:900310001::11,0.0,2026-10-02T01:01:04.695736+02:00
307275443,de:11000:900182002:1:50,0.0,2026-10-02T01:01:04.695736+02:00
307275443,de:11000:900182001:1:50,-0.2,2026-10-02T01:01:04.695736+02:00
307275443,de:11000:900180001:1:50,-0.7,2026-10-02T01:01:04.695736+02:00
307275443,de:11000:900180002:1:50,-0.7,2026-10-02T01:01:04.695736+02:00
307275443,de:11000:900162001:1:50,-0.9,2026-10-02T01:01:04.695736+02:00
307275443,de:11000:900160002:1:50,0.0,2026-10-02T01:01:04.695736+02:00
307275443,de:11000:900160001:1:50,-0.3,2026-10-02T01:01:04.695736+02:00
307275443,de:11000:900120003:3:54,-0.1,2026-10-02T01:01:04.695736+02:00
307275443,de:11000:900120004:2:52,-0.6,2026-10-02T01:01:04.695736+02:00
307275443,de:11000:900120005:5:57,-0.9,2026-10-02T01:01:04.695736+02:00
307275443,de:11000:900100004:1:51,-0.9,2026-10-02T01:01:04.695736+02:00
307275443,de:11000:900100003:2:53,-0.9,2026-10-02T01:01:04.695736+02:00
307275443,de:11000:900100002:1:51,-0.9,2026-10-02T01:01:04.695736+02:00
307275443,de:11000:900100001:3:55,-0.9,2026-10-02T01:01:04.695736+02:00
307275443,de:11000:900003201:3:55,-0.6,2026-10-02T01:01:04.695736+02:00
307275443,de:11000:900003102:1:51,-0.3,2026-10-02T01:01:04.695736+02:00
307275443,de:11000:900003103:1:51,-0.4,2026-10-02T01:01:04.695736+02:00
307275443,de:11000:900023201:3:55,-0.3,2026-10-02T01:01:04.695736+02:00
307275443,de:11000:900024203:1:51,-0.3,2026-10-02T01:01:04.695736+02:00
307275443,de:11000:900024101:4:56,-0.3,2026-10-02T01:01:04.695736+02:00
306895406,de:12067:900311129::3,0.0,2026-10-02T01:01:04.695736+02:00
306895406,de:12067:900310755::2,0.0,2026-10-02T01:01:04.695736+02:00
306895406,de:12067:900310728::2,0.0,2026-10-02T01:01:04.695736+02:00
306895406,de:12067:900310727::2,0.0,2026-10-02T01:01:04.695736+02:00
306895406,de:12067:900310942::1,0.0,2026-10-02T01:01:04.695736+02:00
306895406,de:12067:900310902::1,0.0,2026-10-02T01:01:04.695736+02:00
306895406,de:12067:900311064::1,0.0,2026-10-02T01:01:04.695736+02:00
306895406,de:12067:900311065::1,0.0,2026-10-02T01:01:04.695736+02:00
306895406,de:12067:900310826::1,0.0,2026-10-02T01:01:04.695736+02:00
306895406,de:12067:900311098::1,0.0,2026-10-02T01:01:04.695736+02:00
306895406,de:12067:900310832::1,0.0,2026-10-02T01:01:04.695736+02:00
306895406,de:12067:900310701::2,0.0,2026-10-02T01:01:04.695736+02:00
306895406,de:12067:900310700::1,0.0,2026-10-02T01:01:04.695736+02:00
306895406,de:12067:900310731::2,0.0,2026-10-02T01:01:04.695736+02:00
306895406,de:12067:900311079::2,0.0,2026-10-02T01:01:04.695736+02:00
306895406,de:12067:900311009::1,0.0,2026-10-02T01:01:04.695736+02:00
306895406,de:12067:900311076::1,0.0,2026-10-02T01:01:04.695736+02:00
306895406,de:12067:900310613::1,0.0,2026-10-02T01:01:04.695736+02:00
307280576,de:11000:900020202:1:51,0.0,2026-10-02T01:01:04.695736+02:00
307280576,de:11000:900001201:1:51,-0.2,2026-10-02T01:01:04.695736+02:00
307280576,de:11000:900009104:1:51,-0.8,2026-10-02T01:01:04.695736+02:00
307280576,de:11000:900007102:2:52,-0.9,2026-10-02T01:01:04.695736+02:00
307280576,de:11000:900110001:1:50,-0.6,2026-10-02T01:01:04.695736+02:00
307280576,de:11000:900110002:1:50,-0.4,2026-10-02T01:01:04.695736+02:00
307280576,de:11000:900110003:1:50,-0.4,2026-10-02T01:01:04.695736+02:00
307280576,de:11000:900110004:1:50,-0.8,2026-10-02T01:01:04.695736+02:00
307280576,de:11000:900110012:1:50,-0.7,2026-10-02T01:01:04.695736+02:00
307280576,de:11000:900120001:1:50,-0.7,2026-10-02T01:01:04.695736+02:00
307280576,de:11000:900120003:5:58,-0.1,2026-10-02T01:01:04.695736+02:00
307280576,de:11000:900190001:1:50,-0.4,2026-10-02T01:01:04.695736+02:00
307280576,de:11000:900077106:1:50,-0.4,2026-10-02T01:01:04.695736+02:00
307280576,de:11000:900078201:1:50,-0.3,2026-10-02T01:01:04.695736+02:00
307280576,de:11000:900079221:1:50,-0.2,2026-10-02T01:01:04.695736+02:00
307280576,de:11000:900068201:1:50,-0.8,2026-10-02T01:01:04.695736+02:00
307280576,de:11000:900058101:5:58,-0.1,2026-10-02T01:01:04.695736+02:00
307280576,de:11000:900054104:2:52,-0.2,2026-10-02T01:01:04.695736+02:00
307280576,de:11000:900054105:1:50,-0.9,2026-10-02T01:01:04.695736+02:00
307280576,de:11000:900044202:1:50,-0.7,2026-10-02T01:01:04.695736+02:00
307280576,de:11000:900045102:1:50,-0.7,2026-10-02T01:01:04.695736+02:00
307280576,de:11000:900044101:1:50,-0.8,2026-10-02T01:01:04.695736+02:00
307280576,de:11000:900040101:1:50,-0.8,2026-10-02T01:01:04.695736+02:00
307280444,de:11000:900020202:1:50,0.0,2026-10-02T01:01:04.695736+02:00
307280444,de:11000:900001201:1:50,-0.2,2026-10-02T01:01:04.695736+02:00
307280444,de:11000:900009104:1:50,-0.8,2026-10-02T01:01:04.695736+02:00
307280444,de:11000:900007102:2:52,-0.4,2026-10-02T01:01:04.695736+02:00
307280444,de:11000:900110001:1:50,-0.6,2026-10-02T01:01:04.695736+02:00
307280444,de:11000:900110002:1:50,-0.4,2026-10-02T01:01:04.695736+02:00
307280444,de:11000:900110003:1:50,-0.4,2026-10-02T01:01:04.695736+02:00
307280444,de:11000:900110004:1:50,-0.8,2026-10-02T01:01:04.695736+02:00
307280444,de:11000:900110012:1:50,-0.7,2026-10-02T01:01:04.695736+02:00
307280444,de:11000:900120001:1:50,-0.7,2026-10-02T01:01:04.695736+02:00
307280444,de:11000:900120003:5:58,-0.1,2026-10-02T01:01:04.695736+02:00
307280444,de:11000:900190001:1:50,-0.4,2026-10-02T01:01:04.695736+02:00
307280444,de:11000:900077106:1:50,-0.4,2026-10-02T01:01:04.695736+02:00
307280444,de:11000:900078201:1:50,-0.3,2026-10-02T01:01:04.695736+02:00
307280444,de:11000:900079221:1:50,-0.2,2026-10-02T01:01:04.695736+02:00
307280444,de:11000:900068201:1:50,-0.8,2026-10-02T01:01:04.695736+02:00
307280444,de:11000:900058101:5:58,-0.1,2026-10-02T01:01:04.695736+02:00
307280444,de:11000:900054104:2:52,-0.7,2026-10-02T01:01:04.695736+02:00
307280444,de:11000:900054105:1:50,-0.9,2026-10-02T01:01:04.695736+02:00
307280444,de:11000:900044202:1:50,-0.7,2026-10-02T01:01:04.695736+02:00
307280444,de:11000:900045102:1:50,-0.7,2026-10-02T01:01:04.695736+02:00
307280444,de:11000:900044101:1:50,-0.8,2026-10-02T01:01:04.695736+02:00
307280444,de:11000:900040101:1:50,-0.3,2026-10-02T01:01:04.695736+02:00
307280444,de:11000:900024101:3:54,-0.8,2026-10-02T01:01:04.695736+02:00
307280557,de:11000:900020202:1:51,0.0,2026-10-02T01:01:04.695736+02:00
307280557,de:11000:900001201:1:51,-0.2,2026-10-02T01:01:04.695736+02:00
307280557,de:11000:900009104:1:51,-0.8,2026-10-02T01:01:04.695736+02:00
307280557,de:11000:900007102:2:52,-0.9,2026-10-02T01:01:04.695736+02:00
307280557,de:11000:900110001:1:50,-0.6,2026-10-02T01:01:04.695736+02:00
307280557,de:11000:900110002:1:50,-0.4,2026-10-02T01:01:04.695736+02:00
307280557,de:11000:900110003:1:50,-0.4,2026-10-02T01:01:04.695736+02:00
307280557,de:11000:900110004:1:50,-0.8,2026-10-02T01:01:04.695736+02:00
307280557,de:11000:900110012:1:50,-0.7,2026-10-02T01:01:04.695736+02:00
307280557,de:11000:900120001:1:50,-0.7,2026-10-02T01:01:04.695736+02:00
307280557,de:11000:900120003:5:58,-0.1,2026-10-02T01:01:04.695736+02:00
307280557,de:11000:900190001:1:50,-0.4,2026-10-02T01:01:04.695736+02:00
307280557,de:11000:900077106:1:50,-0.4,2026-10-02T01:01:04.695736+02:00
307280557,de:11000:900078201:1:50,-0.3,2026-10-02T01:01:04.695736+02:00
307280557,de:11000:900079221:1:50,-0.2,2026-10-02T01:01:04.695736+02:00
307280557,de:11000:900068201:1:50,-0.8,2026-10-02T01:01:04.695736+02:00
307280557,de:11000:900058101:5:58,-0.1,2026-10-02T01:01:04.695736+02:00
307280557,de:11000:900054104:2:52,-0.2,2026-10-02T01:01:04.695736+02:00
307280557,de:11000:900054105:1:50,-0.9,2026-10-02T01:01:04.695736+02:00
307280557,de:11000:900044202:1:50,-0.7,2026-10-02T01:01:04.695736+02:00
307280557,de:11000:900045102:1:50,-0.7,2026-10-02T01:01:04.695736+02:00
307280557,de:11000:900044101:1:50,-0.8,2026-10-02T01:01:04.695736+02:00
307280557,de:11000:900040101:1:50,-0.8,2026-10-02T01:01:04.695736+02:00
307286648,de:11000:900024101:3:54,0.0,2026-10-02T01:01:04.695736+02:00
307286648,de:11000:900040101:1:50,-0.2,2026-10-02T01:01:04.695736+02:00
307286648,de:11000:900044101:1:50,-0.3,2026-10-02T01:01:04.695736+02:00
307286648,de:11000:900045102:1:51,-0.4,2026-10-02T01:01:04.695736+02:00
307286648,de:11000:900044202:1:51,-0.4,2026-10-02T01:01:04.695736+02:00
307286648,de:11000:900054105:1:51,-0.2,2026-10-02T01:01:04.695736+02:00
307286648,de:11000:900054104:2:53,-0.8,2026-10-02T01:01:04.695736+02:00
307286648,de:11000:900058101:5:59,-0.2,2026-10-02T01:01:04.695736+02:00
307286648,de:11000:900068201:1:51,-0.8,2026-10-02T01:01:04.695736+02:00
307286648,de:11000:900079221:1:51,-0.4,2026-10-02T01:01:04.695736+02:00
307286648,de:11000:900078201:1:51,-0.1,2026-10-02T01:01:04.695736+02:00
307286648,de:11000:900077106:1:51,0.0,2026-10-02T01:01:04.695736+02:00
307286648,de:11000:900190001:2:52,-0.9,2026-10-02T01:01:04.695736+02:00
307286648,de:11000:900120003:5:59,-0.4,2026-10-02T01:01:04.695736+02:00
307286648,de:11000:900120001:1:51,0.0,2026-10-02T01:01:04.695736+02:00
307286648,de:11000:900110012:1:51,-0.2,2026-10-02T01:01:04.695736+02:00
307286648,de:11000:900110004:1:51,-0.1,2026-10-02T01:01:04.695736+02:00
307286648,de:11000:900110003:1:51,-0.4,2026-10-02T01:01:04.695736+02:00
307286648,de:11000:900110002:1:51,-0.4,2026-10-02T01:01:04.695736+02:00
307286648,de:11000:900110001:1:51,-0.1,2026-10-02T01:01:04.695736+02:00
307286648,de:11000:900007102:1:51,-0.6,2026-10-02T01:01:04.695736+02:00
307286648,de:11000:900009104:1:51,-0.8,2026-10-02T01:01:04.695736+02:00
307286648,de:11000:900001201:1:51,-0.3,2026-10-02T01:01:04.695736+02:00
307286648,de:11000:900020202:1:51,-0.1,2026-10-02T01:01:04.695736+02:00
307286697,de:11000:900040101:1:50,0.0,2026-10-02T01:01:04.695736+02:00
307286697,de:11000:900044101:1:50,-0.8,2026-10-02T01:01:04.695736+02:00
307286697,de:11000:900045102:1:51,-0.9,2026-10-02T01:01:04.695736+02:00
307286697,de:11000:900044202:1:51,-0.9,2026-10-02T01:01:04.695736+02:00
307286697,de:11000:900054105:1:51,-0.7,2026-10-02T01:01:04.695736+02:00
307286697,de:11000:900054104:2:53,-0.3,2026-10-02T01:01:04.695736+02:00
307286697,de:11000:900058101:5:59,-0.2,2026-10-02T01:01:04.695736+02:00
307286697,de:11000:900068201:1:51,-0.8,2026-10-02T01:01:04.695736+02:00
307286697,de:11000:900079221:1:51,-0.4,2026-10-02T01:01:04.695736+02:00
307286697,de:11000:900078201:1:51,-0.1,2026-10-02T01:01:04.695736+02:00
307286697,de:11000:900077106:1:51,0.0,2026-10-02T01:01:04.695736+02:00
307286697,de:11000:900190001:2:52,-0.9,2026-10-02T01:01:04.695736+02:00
307286697,de:11000:900120003:5:59,-0.4,2026-10-02T01:01:04.695736+02:00
307286697,de:11000:900120001:1:51,0.0,2026-10-02T01:01:04.695736+02:00
307286697,de:11000:900110012:1:51,-0.2,2026-10-02T01:01:04.695736+02:00
307286697,de:11000:900110004:1:51,-0.1,2026-10-02T01:01:04.695736+02:00
307286697,de:11000:900110003:1:51,-0.4,2026-10-02T01:01:04.695736+02:00
307286697,de:11000:900110002:1:51,-0.4,2026-10-02T01:01:04.695736+02:00
307286697,de:11000:900110001:1:51,-0.1,2026-10-02T01:01:04.695736+02:00
307286697,de:11000:900007102:1:51,-0.6,2026-10-02T01:01:04.695736+02:00
307286697,de:11000:900009104:1:50,-0.8,2026-10-02T01:01:04.695736+02:00
307286697,de:11000:900001201:1:50,-0.3,2026-10-02T01:01:04.695736+02:00
307286697,de:11000:900020202:1:50,-0.1,2026-10-02T01:01:04.695736+02:00
307292220,de:11000:900044202:1:51,0.0,2026-10-02T01:01:04.695736+02:00
307292220,de:11000:900054105:1:51,-0.2,2026-10-02T01:01:04.695736+02:00
307292220,de:11000:900054104:2:53,-0.8,2026-10-02T01:01:04.695736+02:00
307292220,de:11000:900058101:5:59,-0.7,2026-10-02T01:01:04.695736+02:00
307292220,de:11000:900068201:1:51,-0.3,2026-10-02T01:01:04.695736+02:00
307292220,de:11000:900079221:1:51,-0.9,2026-10-02T01:01:04.695736+02:00
307292220,de:11000:900078201:1:51,-0.6,2026-10-02T01:01:04.695736+02:00
307292220,de:11000:900077155:1:51,-0.2,2026-10-02T01:01:04.695736+02:00
307292220,de:11000:900191001:2:51,-0.7,2026-10-02T01:01:04.695736+02:00
307292220,de:11000:900192001:2:52,-0.7,2026-10-02T01:01:04.695736+02:00
307292220,de:11000:900193001:1:50,-0.2,2026-10-02T01:01:04.695736+02:00
307292220,de:11000:900193002:1:50,-0.8,2026-10-02T01:01:04.695736+02:00
307292220,de:11000:900186001:1:50,-0.8,2026-10-02T01:01:04.695736+02:00
307292220,de:12061:900260004:1:50,-0.2,2026-10-02T01:01:04.695736+02:00
307292220,de:12061:900260003:1:50,-0.4,2026-10-02T01:01:04.695736+02:00
307292220,de:12061:900260002:1:51,-0.2,2026-10-02T01:01:04.695736+02:00
307292220,de:12061:900260001:2:52,-0.2,2026-10-02T01:01:04.695736+02:00
295928988,de:11000:900186001:2:52,0.0,2026-10-02T01:01:04.695736+02:00
295928988,de:11000:900193002:1:51,-0.2,2026-10-02T01:01:04.695736+02:00
295928988,de:11000:900193001:2:51,-0.8,2026-10-02T01:01:04.695736+02:00
295928988,de:11000:900192001:3:55,-0.7,2026-10-02T01:01:04.695736+02:00
295928988,de:11000:900191001:1:50,-0.4,2026-10-02T01:01:04.695736+02:00
295928988,de:11000:900077155:1:50,-0.9,2026-10-02T01:01:04.695736+02:00
295928988,de:11000:900078201:1:50,-0.9,2026-10-02T01:01:04.695736+02:00
295928988,de:11000:900079221:1:50,-0.7,2026-10-02T01:01:04.695736+02:00
295928917,de:11000:900079221:1:51,0.0,2026-10-02T01:01:04.695736+02:00
295928917,de:11000:900078201:1:51,-0.6,2026-10-02T01:01:04.695736+02:00
295928917,de:11000:900077155:1:51,-0.2,2026-10-02T01:01:04.695736+02:00
295928917,de:11000:900191001:2:51,-0.7,2026-10-02T01:01:04.695736+02:00
295928917,de:11000:900192001:2:52,-0.7,2026-10-02T01:01:04.695736+02:00
295928917,de:11000:900193001:1:50,-0.2,2026-10-02T01:01:04.695736+02:00
295928917,de:11000:900193002:1:50,-0.8,2026-10-02T01:01:04.695736+02:00
295928917,de:11000:900186001:1:50,-0.8,2026-10-02T01:01:04.695736+02:00
295928966,de:11000:900186001:2:52,0.0,2026-10-02T01:01:04.695736+02:00
295928966,de:11000:900193002:1:51,-0.2,2026-10-02T01:01:04.695736+02:00
295928966,de:11000:900193001:2:51,-0.8,2026-10-02T01:01:04.695736+02:00
295928966,de:11000:900192001:3:55,-0.7,2026-10-02T01:01:04.695736+02:00
295928966,de:11000:900191001:1:50,-0.4,2026-10-02T01:01:04.695736+02:00
295928966,de:11000:900077155:1:50,-0.9,2026-10-02T01:01:04.695736+02:00
295928966,de:11000:900078201:1:50,-0.9,2026-10-02T01:01:04.695736+02:00
295928966,de:11000:900079221:1:50,-0.7,2026-10-02T01:01:04.695736+02:00
295928959,de:11000:900186001:2:52,0.0,2026-10-02T01:01:04.695736+02:00
295928959,de:11000:900193002:1:51,-0.2,2026-10-02T01:01:04.695736+02:00
295928959,de:11000:900193001:2:51,-0.8,2026-10-02T01:01:04.695736+02:00
295928959,de:11000:900192001:3:55,-0.7,2026-10-02T01:01:04.695736+02:00
295928959,de:11000:900191001:1:50,-0.4,2026-10-02T01:01:04.695736+02:00
295928959,de:11000:900077155:1:50,-0.9,2026-10-02T01:01:04.695736+02:00
295928959,de:11000:900078201:1:50,-0.9,2026-10-02T01:01:04.695736+02:00
295928959,de:11000:900079221:1:50,-0.7,2026-10-02T01:01:04.695736+02:00
295933104,de:11000:900180003:1:50,0.0,2026-10-02T01:01:04.695736+02:00
295933104,de:11000:900192002:1:50,-0.4,2026-10-02T01:01:04.695736+02:00
295933104,de:11000:900192001:3:54,-0.2,2026-10-02T01:01:04.695736+02:00
295933104,de:11000:900191001:1:50,-0.9,2026-10-02T01:01:04.695736+02:00
295933104,de:11000:900077155:1:50,-0.4,2026-10-02T01:01:04.695736+02:00
295933104,de:11000:900078201:1:50,-0.9,2026-10-02T01:01:04.695736+02:00
295933104,de:11000:900079221:1:50,-0.7,2026-10-02T01:01:04.695736+02:00
295933104,de:11000:900068201:1:50,-0.3,2026-10-02T01:01:04.695736+02:00
295933104,de:11000:900058101:5:58,-0.6,2026-10-02T01:01:04.695736+02:00
295933097,de:11000:900180003:1:50,0.0,2026-10-02T01:01:04.695736+02:00
295933097,de:11000:900192002:1:50,-0.4,2026-10-02T01:01:04.695736+02:00
295933097,de:11000:900192001:3:54,-0.2,2026-10-02T01:01:04.695736+02:00
295933097,de:11000:900191001:1:50,-0.9,2026-10-02T01:01:04.695736+02:00
295933097,de:11000:900077155:1:50,-0.4,2026-10-02T01:01:04.695736+02:00
295933097,de:11000:900078201:1:50,-0.9,2026-10-02T01:01:04.695736+02:00
295933097,de:11000:900079221:1:50,-0.7,2026-10-02T01:01:04.695736+02:00
295933097,de:11000:900068201:1:50,-0.3,2026-10-02T01:01:04.695736+02:00
295933097,de:11000:900058101:5:58,-0.6,2026-10-02T01:01:04.695736+02:00
295936964,de:12064:900320001:1:50,0.0,2026-10-02T01:01:04.695736+02:00
295936964,de:12064:900320002:1:50,-0.3,2026-10-02T01:01:04.695736+02:00
295936964,de:12064:900320003:1:50,-0.1,2026-10-02T01:01:04.695736+02:00
295936964,de:12064:900320004:2:51,-0.8,2026-10-02T01:01:04.695736+02:00
295936964,de:12064:900320005:1:50,0.0,2026-10-02T01:01:04.695736+02:00
295936964,de:12064:900320006:1:51,-0.8,2026-10-02T01:01:04.695736+02:00
295936964,de:12064:900320007:1:50,-0.8,2026-10-02T01:01:04.695736+02:00
295936964,de:12064:900320008:1:51,-0.5,2026-10-02T01:01:04.695736+02:00
295936964,de:12064:900320026:1:50,-0.3,2026-10-02T01:01:04.695736+02:00
295936964,de:11000:900176001:1:51,-0.7,2026-10-02T01:01:04.695736+02:00
295936964,de:11000:900175002:1:50,-0.7,2026-10-02T01:01:04.695736+02:00
295936964,de:11000:900175001:1:50,-0.6,2026-10-02T01:01:04.695736+02:00
295936964,de:11000:900171001:1:50,-0.3,2026-10-02T01:01:04.695736+02:00
295936964,de:11000:900171002:1:51,-0.4,2026-10-02T01:01:04.695736+02:00
295936964,de:11000:900160004:1:51,-0.8,2026-10-02T01:01:04.695736+02:00
295936964,de:11000:900160003:1:51,-0.9,2026-10-02T01:01:04.695736+02:00
295936964,de:11000:900120003:3:55,-0.1,2026-10-02T01:01:04.695736+02:00
295936964,de:11000:900120004:2:53,-0.6,2026-10-02T01:01:04.695736+02:00
295936964,de:11000:900120005:5:58,-0.9,2026-10-02T01:01:04.695736+02:00
295936964,de:11000:900100004:1:51,-0.4,2026-10-02T01:01:04.695736+02:00
295936964,de:11000:900100003:2:53,-0.4,2026-10-02T01:01:04.695736+02:00
295936964,de:11000:900100002:1:51,-0.4,2026-10-02T01:01:04.695736+02:00
295936964,de:11000:900100001:3:55,-0.4,2026-10-02T01:01:04.695736+02:00
295936964,de:11000:900003201:3:55,-0.1,2026-10-02T01:01:04.695736+02:00
295936964,de:11000:900003102:1:51,-0.8,2026-10-02T01:01:04.695736+02:00
295936964,de:11000:900003103:1:51,-0.9,2026-10-02T01:01:04.695736+02:00
295936964,de:11000:900023201:3:55,-0.8,2026-10-02T01:01:04.695736+02:00
295936964,de:11000:900024203:1:51,-0.8,2026-10-02T01:01:04.695736+02:00
295936964,de:11000:900024101:4:57,-0.8,2026-10-02T01:01:04.695736+02:00
295936964,de:11000:900024102:1:51,-0.1,2026-10-02T01:01:04.695736+02:00
295936958,de:12064:900320001:1:50,0.0,2026-10-02T01:01:04.695736+02:00
295936958,de:12064:900320002:1:50,-0.3,2026-10-02T01:01:04.695736+02:00
295936958,de:12064:900320003:1:50,-0.1,2026-10-02T01:01:04.695736+02:00
295936958,de:12064:900320004:2:51,-0.8,2026-10-02T01:01:04.695736+02:00
295936958,de:12064:900320005:1:50,0.0,2026-10-02T01:01:04.695736+02:00
295936958,de:12064:900320006:1:51,-0.8,2026-10-02T01:01:04.695736+02:00
295936958,de:12064:900320007:1:50,-0.8,2026-10-02T01:01:04.695736+02:00
295936958,de:12064:900320008:1:51,-0.5,2026-10-02T01:01:04.695736+02:00
295936958,de:12064:900320026:1:50,-0.3,2026-10-02T01:01:04.695736+02:00
295936958,de:11000:900176001:1:51,-0.7,2026-10-02T01:01:04.695736+02:00
295936958,de:11000:900175002:1:50,-0.7,2026-10-02T01:01:04.695736+02:00
295936958,de:11000:900175001:1:50,-0.6,2026-10-02T01:01:04.695736+02:00
295936958,de:11000:900171001:1:50,-0.3,2026-10-02T01:01:04.695736+02:00
295936958,de:11000:900171002:1:51,-0.4,2026-10-02T01:01:04.695736+02:00
295936958,de:11000:900160004:1:51,-0.8,2026-10-02T01:01:04.695736+02:00
295936958,de:11000:900160003:1:51,-0.9,2026-10-02T01:01:04.695736+02:00
295936958,de:11000:900120003:3:55,-0.1,2026-10-02T01:01:04.695736+02:00
295936958,de:11000:900120004:2:53,-0.6,2026-10-02T01:01:04.695736+02:00
295936958,de:11000:900120005:5:58,-0.9,2026-10-02T01:01:04.695736+02:00
295936958,de:11000:900100004:1:51,-0.4,2026-10-02T01:01:04.695736+02:00
295936958,de:11000:900100003:2:53,-0.4,2026-10-02T01:01:04.695736+02:00
295936958,de:11000:900100002:1:51,-0.4,2026-10-02T01:01:04.695736+02:00
295936958,de:11000:900100001:3:55,-0.4,2026-10-02T01:01:04.695736+02:00
295936958,de:11000:900003201:3:55,-0.1,2026-10-02T01:01:04.695736+02:00
295936958,de:11000:900003102:1:51,-0.8,2026-10-02T01:01:04.695736+02:00
295936958,de:11000:900003103:1:51,-0.9,2026-10-02T01:01:04.695736+02:00
295936958,de:11000:900023201:3:55,-0.8,2026-10-02T01:01:04.695736+02:00
295936958,de:11000:900024203:1:51,-0.8,2026-10-02T01:01:04.695736+02:00
295936958,de:11000:900024101:4:57,-0.8,2026-10-02T01:01:04.695736+02:00
295936958,de:11000:900024102:1:51,-0.1,2026-10-02T01:01:04.695736+02:00
295936956,de:12064:900320001:1:50,0.0,2026-10-02T01:01:04.695736+02:00
295936956,de:12064:900320002:1:50,-0.3,2026-10-02T01:01:04.695736+02:00
295936956,de:12064:900320003:1:50,-0.1,2026-10-02T01:01:04.695736+02:00
295936956,de:12064:900320004:2:51,-0.8,2026-10-02T01:01:04.695736+02:00
295936956,de:12064:900320005:1:50,0.0,2026-10-02T01:01:04.695736+02:00
295936956,de:12064:900320006:1:51,-0.8,2026-10-02T01:01:04.695736+02:00
295936956,de:12064:900320007:1:50,-0.8,2026-10-02T01:01:04.695736+02:00
295936956,de:12064:900320008:1:51,-0.5,2026-10-02T01:01:04.695736+02:00
295936956,de:12064:900320026:1:50,-0.3,2026-10-02T01:01:04.695736+02:00
295936956,de:11000:900176001:1:51,-0.7,2026-10-02T01:01:04.695736+02:00
295936956,de:11000:900175002:1:50,-0.7,2026-10-02T01:01:04.695736+02:00
295936956,de:11000:900175001:1:50,-0.6,2026-10-02T01:01:04.695736+02:00
295936956,de:11000:900171001:1:50,-0.3,2026-10-02T01:01:04.695736+02:00
295936956,de:11000:900171002:1:51,-0.4,2026-10-02T01:01:04.695736+02:00
295936956,de:11000:900160004:1:51,-0.8,2026-10-02T01:01:04.695736+02:00
295936956,de:11000:900160003:1:51,-0.9,2026-10-02T01:01:04.695736+02:00
295936956,de:11000:900120003:3:55,-0.1,2026-10-02T01:01:04.695736+02:00
295936956,de:11000:900120004:2:53,-0.6,2026-10-02T01:01:04.695736+02:00
295936956,de:11000:900120005:5:58,-0.9,2026-10-02T01:01:04.695736+02:00
295936956,de:11000:900100004:1:51,-0.4,2026-10-02T01:01:04.695736+02:00
295936956,de:11000:900100003:2:53,-0.4,2026-10-02T01:01:04.695736+02:00
295936956,de:11000:900100002:1:51,-0.4,2026-10-02T01:01:04.695736+02:00
295936956,de:11000:900100001:3:55,-0.4,2026-10-02T01:01:04.695736+02:00
295936956,de:11000:900003201:3:55,-0.1,2026-10-02T01:01:04.695736+02:00
295936956,de:11000:900003102:1:51,-0.8,2026-10-02T01:01:04.695736+02:00
295936956,de:11000:900003103:1:51,-0.9,2026-10-02T01:01:04.695736+02:00
295936956,de:11000:900023201:3:55,-0.8,2026-10-02T01:01:04.695736+02:00
295936956,de:11000:900024203:1:51,-0.8,2026-10-02T01:01:04.695736+02:00
295936956,de:11000:900024101:4:57,-0.8,2026-10-02T01:01:04.695736+02:00
295936956,de:11000:900024102:1:51,-0.1,2026-10-02T01:01:04.695736+02:00
295936946,de:12064:900320001:1:50,0.0,2026-10-02T01:01:04.695736+02:00
295936946,de:12064:900320002:1:50,-0.3,2026-10-02T01:01:04.695736+02:00
295936946,de:12064:900320003:1:50,-0.1,2026-10-02T01:01:04.695736+02:00
295936946,de:12064:900320004:2:51,-0.8,2026-10-02T01:01:04.695736+02:00
295936946,de:12064:900320005:1:50,0.0,2026-10-02T01:01:04.695736+02:00
295936946,de:12064:900320006:1:51,-0.8,2026-10-02T01:01:04.695736+02:00
295936946,de:12064:900320007:1:50,-0.8,2026-10-02T01:01:04.695736+02:00
295936946,de:12064:900320008:1:51,-0.5,2026-10-02T01:01:04.695736+02:00
295936946,de:12064:900320026:1:50,-0.3,2026-10-02T01:01:04.695736+02:00
295936946,de:11000:900176001:1:51,-0.7,2026-10-02T01:01:04.695736+02:00
295936946,de:11000:900175002:1:50,-0.7,2026-10-02T01:01:04.695736+02:00
295936946,de:11000:900175001:1:50,-0.6,2026-10-02T01:01:04.695736+02:00
295936946,de:11000:900171001:1:50,-0.3,2026-10-02T01:01:04.695736+02:00
295936946,de:11000:900171002:1:51,-0.4,2026-10-02T01:01:04.695736+02:00
295936946,de:11000:900160004:1:51,-0.8,2026-10-02T01:01:04.695736+02:00
295936946,de:11000:900160003:1:51,-0.9,2026-10-02T01:01:04.695736+02:00
295936946,de:11000:900120003:3:55,-0.1,2026-10-02T01:01:04.695736+02:00
295936946,de:11000:900120004:2:53,-0.6,2026-10-02T01:01:04.695736+02:00
295936946,de:11000:900120005:5:58,-0.9,2026-10-02T01:01:04.695736+02:00
295936946,de:11000:900100004:1:51,-0.4,2026-10-02T01:01:04.695736+02:00
295936946,de:11000:900100003:2:53,-0.4,2026-10-02T01:01:04.695736+02:00
295936946,de:11000:900100002:1:51,-0.4,2026-10-02T01:01:04.695736+02:00
295936946,de:11000:900100001:3:55,-0.4,2026-10-02T01:01:04.695736+02:00
295936946,de:11000:900003201:3:55,-0.1,2026-10-02T01:01:04.695736+02:00
295936946,de:11000:900003102:1:51,-0.8,2026-10-02T01:01:04.695736+02:00
295936946,de:11000:900003103:1:51,-0.9,2026-10-02T01:01:04.695736+02:00
295936946,de:11000:900023201:3:55,-0.8,2026-10-02T01:01:04.695736+02:00
295936946,de:11000:900024203:1:51,-0.8,2026-10-02T01:01:04.695736+02:00
295936946,de:11000:900024101:4:57,-0.8,2026-10-02T01:01:04.695736+02:00
295936946,de:11000:900024102:1:51,-0.1,2026-10-02T01:01:04.695736+02:00
307301992,de:11000:900024102:2:52,0.0,2026-10-02T01:01:04.695736+02:00
307301992,de:11000:900024101:3:55,-0.8,2026-10-02T01:01:04.695736+02:00
307301992,de:11000:900024203:1:51,-0.8,2026-10-02T01:01:04.695736+02:00
307301992,de:11000:900023201:3:54,-0.7,2026-10-02T01:01:04.695736+02:00
307301992,de:11000:900003103:1:50,-0.8,2026-10-02T01:01:04.695736+02:00
307301992,de:11000:900003102:1:50,-0.9,2026-10-02T01:01:04.695736+02:00
307301992,de:11000:900003201:3:54,-0.5,2026-10-02T01:01:04.695736+02:00
307301992,de:11000:900100001:3:54,-0.1,2026-10-02T01:01:04.695736+02:00
307301992,de:11000:900100002:1:50,-0.4,2026-10-02T01:01:04.695736+02:00
307301992,de:11000:900100003:2:52,-0.1,2026-10-02T01:01:04.695736+02:00
307301992,de:11000:900100004:1:50,-0.4,2026-10-02T01:01:04.695736+02:00
307301992,de:11000:900120005:4:55,-0.6,2026-10-02T01:01:04.695736+02:00
307301992,de:11000:900120004:1:50,-0.1,2026-10-02T01:01:04.695736+02:00
307301992,de:11000:900120003:2:53,-0.4,2026-10-02T01:01:04.695736+02:00
307301992,de:11000:900160003:1:50,-0.7,2026-10-02T01:01:04.695736+02:00
307301992,de:11000:900160004:1:50,-0.7,2026-10-02T01:01:04.695736+02:00
307301992,de:11000:900171002:1:50,-0.2,2026-10-02T01:01:04.695736+02:00
307301992,de:11000:900171001:2:51,-0.3,2026-10-02T01:01:04.695736+02:00
307301992,de:11000:900175001:2:51,-0.5,2026-10-02T01:01:04.695736+02:00
307301992,de:11000:900175002:1:51,0.0,2026-10-02T01:01:04.695736+02:00
307301992,de:11000:900176001:2:52,-0.3,2026-10-02T01:01:04.695736+02:00
307301992,de:12064:900320026:1:51,-0.1,2026-10-02T01:01:04.695736+02:00
307301992,de:12064:900320008:1:50,-0.7,2026-10-02T01:01:04.695736+02:00
307301992,de:12064:900320007:1:50,-0.4,2026-10-02T01:01:04.695736+02:00
307301992,de:12064:900320006:1:50,-0.8,2026-10-02T01:01:04.695736+02:00
307301992,de:12064:900320005:1:50,-0.2,2026-10-02T01:01:04.695736+02:00
307301992,de:12064:900320004:2:51,-0.9,2026-10-02T01:01:04.695736+02:00
307301992,de:12064:900320003:1:50,-0.8,2026-10-02T01:01:04.695736+02:00
307301992,de:12064:900320002:1:50,-0.5,2026-10-02T01:01:04.695736+02:00
307301992,de:12064:900320001:1:50,-0.2,2026-10-02T01:01:04.695736+02:00
295940322,de:11000:900176001:1:51,0.0,2026-10-02T01:01:04.695736+02:00
295940322,de:11000:900175002:1:50,-0.7,2026-10-02T01:01:04.695736+02:00
295940322,de:11000:900175001:1:50,-0.6,2026-10-02T01:01:04.695736+02:00
295940322,de:11000:900171001:1:50,-0.3,2026-10-02T01:01:04.695736+02:00
295940322,de:11000:900171002:1:51,-0.4,2026-10-02T01:01:04.695736+02:00
295940322,de:11000:900160004:1:51,-0.8,2026-10-02T01:01:04.695736+02:00
295940322,de:11000:900160003:1:51,-0.9,2026-10-02T01:01:04.695736+02:00
295940322,de:11000:900120003:3:55,-0.1,2026-10-02T01:01:04.695736+02:00
295940322,de:11000:900120004:2:53,-0.6,2026-10-02T01:01:04.695736+02:00
295940322,de:11000:900120005:5:58,-0.9,2026-10-02T01:01:04.695736+02:00
295940322,de:11000:900100004:1:51,-0.4,2026-10-02T01:01:04.695736+02:00
295940322,de:11000:900100003:2:53,-0.4,2026-10-02T01:01:04.695736+02:00
295940322,de:11000:900100002:1:51,-0.4,2026-10-02T01:01:04.695736+02:00
295940322,de:11000:900100001:3:55,-0.4,2026-10-02T01:01:04.695736+02:00
295940322,de:11000:900003201:3:55,-0.1,2026-10-02T01:01:04.695736+02:00
295940322,de:11000:900003102:1:51,-0.8,2026-10-02T01:01:04.695736+02:00
295940322,de:11000:900003103:1:51,-0.9,2026-10-02T01:01:04.695736+02:00
295940322,de:11000:900023201:3:55,-0.8,2026-10-02T01:01:04.695736+02:00
295940322,de:11000:900024203:1:51,-0.8,2026-10-02T01:01:04.695736+02:00
295940322,de:11000:900024101:4:57,-0.8,2026-10-02T01:01:04.695736+02:00
295940322,de:11000:900024102:1:51,-0.1,2026-10-02T01:01:04.695736+02:00
295940270,de:12064:900320008:1:51,0.0,2026-10-02T01:01:04.695736+02:00
295940270,de:12064:900320026:1:50,-0.3,2026-10-02T01:01:04.695736+02:00
295940270,de:11000:900176001:1:51,-0.7,2026-10-02T01:01:04.695736+02:00
295940270,de:11000:900175002:1:50,-0.7,2026-10-02T01:01:04.695736+02:00
295940270,de:11000:900175001:1:50,-0.6,2026-10-02T01:01:04.695736+02:00
295940270,de:11000:900171001:1:50,-0.3,2026-10-02T01:01:04.695736+02:00
295940270,de:11000:900171002:1:51,-0.4,2026-10-02T01:01:04.695736+02:00
295940270,de:11000:900160004:1:51,-0.8,2026-10-02T01:01:04.695736+02:00
295940270,de:11000:900160003:1:51,-0.9,2026-10-02T01:01:04.695736+02:00
295940270,de:11000:900120003:3:55,-0.1,2026-10-02T01:01:04.695736+02:00
295940270,de:11000:900120004:2:53,-0.6,2026-10-02T01:01:04.695736+02:00
295940270,de:11000:900120005:5:58,-0.9,2026-10-02T01:01:04.695736+02:00
295940270,de:11000:900100004:1:51,-0.4,2026-10-02T01:01:04.695736+02:00
295940270,de:11000:900100003:2:53,-0.4,2026-10-02T01:01:04.695736+02:00
295940270,de:11000:900100002:1:51,-0.4,2026-10-02T01:01:04.695736+02:00
295940270,de:11000:900100001:3:55,-0.4,2026-10-02T01:01:04.695736+02:00
295940270,de:11000:900003201:3:55,-0.1,2026-10-02T01:01:04.695736+02:00
295940270,de:11000:900003102:1:51,-0.8,2026-10-02T01:01:04.695736+02:00
295940270,de:11000:900003103:1:51,-0.9,2026-10-02T01:01:04.695736+02:00
295940270,de:11000:900023201:3:55,-0.8,2026-10-02T01:01:04.695736+02:00
295940270,de:11000:900024203:1:51,-0.8,2026-10-02T01:01:04.695736+02:00
295940270,de:11000:900024101:4:57,-0.8,2026-10-02T01:01:04.695736+02:00
295940270,de:11000:900024102:1:51,-0.1,2026-10-02T01:01:04.695736+02:00
295940177,de:11000:900024102:2:52,0.0,2026-10-02T01:01:04.695736+02:00
295940177,de:11000:900024101:3:54,-0.8,2026-10-02T01:01:04.695736+02:00
295940177,de:11000:900024203:1:51,-0.8,2026-10-02T01:01:04.695736+02:00
295940177,de:11000:900023201:3:54,-0.7,2026-10-02T01:01:04.695736+02:00
295940177,de:11000:900003103:1:50,-0.8,2026-10-02T01:01:04.695736+02:00
295940177,de:11000:900003102:1:50,-0.9,2026-10-02T01:01:04.695736+02:00
295940177,de:11000:900003201:3:54,-0.5,2026-10-02T01:01:04.695736+02:00
295940177,de:11000:900100001:3:54,-0.1,2026-10-02T01:01:04.695736+02:00
295940177,de:11000:900100002:1:50,-0.4,2026-10-02T01:01:04.695736+02:00
295940177,de:11000:900100003:2:52,-0.1,2026-10-02T01:01:04.695736+02:00
295940177,de:11000:900100004:1:50,-0.4,2026-10-02T01:01:04.695736+02:00
295940177,de:11000:900120005:4:55,-0.6,2026-10-02T01:01:04.695736+02:00
295940177,de:11000:900120004:1:50,-0.1,2026-10-02T01:01:04.695736+02:00
295940177,de:11000:900120003:2:53,-0.4,2026-10-02T01:01:04.695736+02:00
295940177,de:11000:900160003:1:50,-0.7,2026-10-02T01:01:04.695736+02:00
295940177,de:11000:900160004:1:50,-0.7,2026-10-02T01:01:04.695736+02:00
295940177,de:11000:900171002:1:50,-0.2,2026-10-02T01:01:04.695736+02:00
295940177,de:11000:900171001:2:51,-0.3,2026-10-02T01:01:04.695736+02:00
295940177,de:11000:900175001:2:51,-0.5,2026-10-02T01:01:04.695736+02:00
295940177,de:11000:900175002:1:51,0.0,2026-10-02T01:01:04.695736+02:00
295940177,de:11000:900176001:2:52,-0.3,2026-10-02T01:01:04.695736+02:00
295940177,de:12064:900320026:1:51,-0.1,2026-10-02T01:01:04.695736+02:00
295940177,de:12064:900320008:1:50,-0.7,2026-10-02T01:01:04.695736+02:00
295942210,de:11000:900120004:1:51,0.0,2026-10-02T01:01:04.695736+02:00
295942210,de:11000:900120003:2:52,-0.9,2026-10-02T01:01:04.695736+02:00
295942210,de:11000:900160003:1:50,-0.7,2026-10-02T01:01:04.695736+02:00
295942210,de:11000:900160004:1:50,-0.7,2026-10-02T01:01:04.695736+02:00
295942210,de:11000:900171002:1:50,-0.2,2026-10-02T01:01:04.695736+02:00
295942210,de:11000:900171001:2:51,-0.3,2026-10-02T01:01:04.695736+02:00
295942210,de:11000:900175001:2:51,-0.5,2026-10-02T01:01:04.695736+02:00
295942210,de:11000:900175002:1:51,0.0,2026-10-02T01:01:04.695736+02:00
295942210,de:11000:900176001:1:50,-0.7,2026-10-02T01:01:04.695736+02:00
295940163,de:11000:900024102:2:52,0.0,2026-10-02T01:01:04.695736+02:00
295940163,de:11000:900024101:3:54,-0.8,2026-10-02T01:01:04.695736+02:00
295940163,de:11000:900024203:1:51,-0.8,2026-10-02T01:01:04.695736+02:00
295940163,de:11000:900023201:3:54,-0.7,2026-10-02T01:01:04.695736+02:00
295940163,de:11000:900003103:1:50,-0.8,2026-10-02T01:01:04.695736+02:00
295940163,de:11000:900003102:1:50,-0.9,2026-10-02T01:01:04.695736+02:00
295940163,de:11000:900003201:3:54,-0.5,2026-10-02T01:01:04.695736+02:00
295940163,de:11000:900100001:3:54,-0.1,2026-10-02T01:01:04.695736+02:00
295940163,de:11000:900100002:1:50,-0.4,2026-10-02T01:01:04.695736+02:00
295940163,de:11000:900100003:2:52,-0.1,2026-10-02T01:01:04.695736+02:00
295940163,de:11000:900100004:1:50,-0.4,2026-10-02T01:01:04.695736+02:00
295940163,de:11000:900120005:4:55,-0.6,2026-10-02T01:01:04.695736+02:00
295940163,de:11000:900120004:1:50,-0.1,2026-10-02T01:01:04.695736+02:00
295940163,de:11000:900120003:2:53,-0.4,2026-10-02T01:01:04.695736+02:00
295940163,de:11000:900160003:1:50,-0.7,2026-10-02T01:01:04.695736+02:00
295940163,de:11000:900160004:1:50,-0.7,2026-10-02T01:01:04.695736+02:00
295940163,de:11000:900171002:1:50,-0.2,2026-10-02T01:01:04.695736+02:00
295940163,de:11000:900171001:2:51,-0.3,2026-10-02T01:01:04.695736+02:00
295940163,de:11000:900175001:2:51,-0.5,2026-10-02T01:01:04.695736+02:00
295940163,de:11000:900175002:1:51,0.0,2026-10-02T01:01:04.695736+02:00
295940163,de:11000:900176001:2:52,-0.3,2026-10-02T01:01:04.695736+02:00
295940163,de:12064:900320026:1:51,-0.1,2026-10-02T01:01:04.695736+02:00
295940163,de:12064:900320008:1:50,-0.7,2026-10-02T01:01:04.695736+02:00
295940162,de:11000:900024102:2:52,0.0,2026-10-02T01:01:04.695736+02:00
295940162,de:11000:900024101:3:54,-0.8,2026-10-02T01:01:04.695736+02:00
295940162,de:11000:900024203:1:51,-0.8,2026-10-02T01:01:04.695736+02:00
295940162,de:11000:900023201:3:54,-0.7,2026-10-02T01:01:04.695736+02:00
295940162,de:11000:900003103:1:50,-0.8,2026-10-02T01:01:04.695736+02:00
295940162,de:11000:900003102:1:50,-0.9,2026-10-02T01:01:04.695736+02:00
295940162,de:11000:900003201:3:54,-0.5,2026-10-02T01:01:04.695736+02:00
295940162,de:11000:900100001:3:54,-0.1,2026-10-02T01:01:04.695736+02:00
295940162,de:11000:900100002:1:50,-0.4,2026-10-02T01:01:04.695736+02:00
295940162,de:11000:900100003:2:52,-0.1,2026-10-02T01:01:04.695736+02:00
295940162,de:11000:900100004:1:50,-0.4,2026-10-02T01:01:04.695736+02:00
295940162,de:11000:900120005:4:55,-0.6,2026-10-02T01:01:04.695736+02:00
295940162,de:11000:900120004:1:50,-0.1,2026-10-02T01:01:04.695736+02:00
295940162,de:11000:900120003:2:53,-0.4,2026-10-02T01:01:04.695736+02:00
295940162,de:11000:900160003:1:50,-0.7,2026-10-02T01:01:04.695736+02:00
295940162,de:11000:900160004:1:50,-0.7,2026-10-02T01:01:04.695736+02:00
295940162,de:11000:900171002:1:50,-0.2,2026-10-02T01:01:04.695736+02:00
295940162,de:11000:900171001:2:51,-0.3,2026-10-02T01:01:04.695736+02:00
295940162,de:11000:900175001:2:51,-0.5,2026-10-02T01:01:04.695736+02:00
295940162,de:11000:900175002:1:51,0.0,2026-10-02T01:01:04.695736+02:00
295940162,de:11000:900176001:2:52,-0.3,2026-10-02T01:01:04.695736+02:00
295940162,de:12064:900320026:1:51,-0.1,2026-10-02T01:01:04.695736+02:00
295940162,de:12064:900320008:1:50,-0.7,2026-10-02T01:01:04.695736+02:00
295940156,de:11000:900024102:2:52,0.0,2026-10-02T01:01:04.695736+02:00
295940156,de:11000:900024101:3:54,-0.8,2026-10-02T01:01:04.695736+02:00
295940156,de:11000:900024203:1:51,-0.8,2026-10-02T01:01:04.695736+02:00
295940156,de:11000:900023201:3:54,-0.7,2026-10-02T01:01:04.695736+02:00
295940156,de:11000:900003103:1:50,-0.8,2026-10-02T01:01:04.695736+02:00
295940156,de:11000:900003102:1:50,-0.9,2026-10-02T01:01:04.695736+02:00
295940156,de:11000:900003201:3:54,-0.5,2026-10-02T01:01:04.695736+02:00
295940156,de:11000:900100001:3:54,-0.1,2026-10-02T01:01:04.695736+02:00
295940156,de:11000:900100002:1:50,-0.4,2026-10-02T01:01:04.695736+02:00
295940156,de:11000:900100003:2:52,-0.1,2026-10-02T01:01:04.695736+02:00
295940156,de:11000:900100004:1:50,-0.4,2026-10-02T01:01:04.695736+02:00
295940156,de:11000:900120005:4:55,-0.6,2026-10-02T01:01:04.695736+02:00
295940156,de:11000:900120004:1:50,-0.1,2026-10-02T01:01:04.695736+02:00
295940156,de:11000:900120003:2:53,-0.4,2026-10-02T01:01:04.695736+02:00
295940156,de:11000:900160003:1:50,-0.7,2026-10-02T01:01:04.695736+02:00
295940156,de:11000:900160004:1:50,-0.7,2026-10-02T01:01:04.695736+02:00
295940156,de:11000:900171002:1:50,-0.2,2026-10-02T01:01:04.695736+02:00
295940156,de:11000:900171001:2:51,-0.3,2026-10-02T01:01:04.695736+02:00
295940156,de:11000:900175001:2:51,-0.5,2026-10-02T01:01:04.695736+02:00
295940156,de:11000:900175002:1:51,0.0,2026-10-02T01:01:04.695736+02:00
295940156,de:11000:900176001:2:52,-0.3,2026-10-02T01:01:04.695736+02:00
295940156,de:12064:900320026:1:51,-0.1,2026-10-02T01:01:04.695736+02:00
295940156,de:12064:900320008:1:50,-0.7,2026-10-02T01:01:04.695736+02:00
306897092,de:12067:900310834::1,0.0,2026-10-02T01:01:04.695736+02:00
306897092,de:12067:900310638::1,0.0,2026-10-02T01:01:04.695736+02:00
306897092,de:12067:900310988::1,0.0,2026-10-02T01:01:04.695736+02:00
306897092,de:12067:900310958::2,0.0,2026-10-02T01:01:04.695736+02:00
306897092,de:12067:900310957::2,0.0,2026-10-02T01:01:04.695736+02:00
306897092,de:12067:900311223::2,0.0,2026-10-02T01:01:04.695736+02:00
306897092,de:12067:900311222::2,0.0,2026-10-02T01:01:04.695736+02:00
306897092,de:12067:900311489::1,0.0,2026-10-02T01:01:04.695736+02:00
306897092,de:12067:900311480::1,0.0,2026-10-02T01:01:04.695736+02:00
306897092,de:12067:900311482::1,0.0,2026-10-02T01:01:04.695736+02:00
306897092,de:12067:900311485::2,0.0,2026-10-02T01:01:04.695736+02:00
306897092,de:12053:900360155::1,0.0,2026-10-02T01:01:04.695736+02:00
306897092,de:12053:900360063::1,0.0,2026-10-02T01:01:04.695736+02:00
306897092,de:12053:900360155::2,0.0,2026-10-02T01:01:04.695736+02:00
306897092,de:12067:900311484::2,0.0,2026-10-02T01:01:04.695736+02:00
306897092,de:12067:900311270::1,0.0,2026-10-02T01:01:04.695736+02:00
306897092,de:12067:900310735::2,0.0,2026-10-02T01:01:04.695736+02:00
306897092,de:12067:900310007::2,0.0,2026-10-02T01:01:04.695736+02:00
306897092,de:12067:900310876::1,0.0,2026-10-02T01:01:04.695736+02:00
306897092,de:12067:900310007::1,0.0,2026-10-02T01:01:04.695736+02:00
306897092,de:12067:900310009::1,0.0,2026-10-02T01:01:04.695736+02:00
307420540,de:12064:900320014:1:51,0.0,2026-10-02T01:01:04.695736+02:00
307420540,de:12064:900320012:1:50,0.0,2026-10-02T01:01:04.695736+02:00
307420540,de:12064:900320011:1:50,0.0,2026-10-02T01:01:04.695736+02:00
307420540,de:12064:900320004:1:50,0.0,2026-10-02T01:01:04.695736+02:00
307420540,de:11000:900160004:2:53,0.0,2026-10-02T01:01:04.695736+02:00
307420540,de:11000:900120003:6:60,0.0,2026-10-02T01:01:04.695736+02:00
306895209,de:12067:900311308::5,0.0,2026-10-02T01:01:04.695736+02:00
306895209,de:12067:900311380::1,0.0,2026-10-02T01:01:04.695736+02:00
306895209,de:12067:900311348::1,0.0,2026-10-02T01:01:04.695736+02:00
306895209,de:12067:900311315::1,0.0,2026-10-02T01:01:04.695736+02:00
306895209,de:12067:900311383::3,0.0,2026-10-02T01:01:04.695736+02:00
306895209,de:12067:900311312::1,0.0,2026-10-02T01:01:04.695736+02:00
306895209,de:12067:900311311::1,0.0,2026-10-02T01:01:04.695736+02:00
306895209,de:12067:900311402::2,0.0,2026-10-02T01:01:04.695736+02:00
306895209,de:12067:900311227::2,0.0,2026-10-02T01:01:04.695736+02:00
306895209,de:12067:900311239::1,0.0,2026-10-02T01:01:04.695736+02:00
306895209,de:12067:900311228::1,0.0,2026-10-02T01:01:04.695736+02:00
306895209,de:12067:900311269::1,0.0,2026-10-02T01:01:04.695736+02:00
306895209,de:12067:900310858::1,0.0,2026-10-02T01:01:04.695736+02:00
306895209,de:12067:900310060::1,0.0,2026-10-02T01:01:04.695736+02:00
306895209,de:12067:900310609::1,0.0,2026-10-02T01:01:04.695736+02:00
306895209,de:12067:900310909::1,0.0,2026-10-02T01:01:04.695736+02:00
306895209,de:12067:900310725::2,0.0,2026-10-02T01:01:04.695736+02:00
306895209,de:12067:900310738::2,0.0,2026-10-02T01:01:04.695736+02:00
306895209,de:12067:900310639::1,0.0,2026-10-02T01:01:04.695736+02:00
306895209,de:12067:900310626::1,0.0,2026-10-02T01:01:04.695736+02:00
306895209,de:12067:900311129::6,0.0,2026-10-02T01:01:04.695736+02:00
295946213,de:12054:900230999:3:54,0.0,2026-10-02T01:01:04.695736+02:00
295946213,de:12054:900230000:1:50,-0.3,2026-10-02T01:01:04.695736+02:00
295946213,de:12054:900230003:1:54,-0.3,2026-10-02T01:01:04.695736+02:00
295946213,de:11000:900053301:2:53,-0.4,2026-10-02T01:01:04.695736+02:00
295946213,de:11000:900052201:2:53,-0.7,2026-10-02T01:01:04.695736+02:00
295946213,de:11000:900048101:2:53,-0.9,2026-10-02T01:01:04.695736+02:00
295946213,de:11000:900024102:2:53,-0.9,2026-10-02T01:01:04.695736+02:00
295946213,de:11000:900024101:3:55,-0.3,2026-10-02T01:01:04.695736+02:00
295946213,de:11000:900024203:1:51,-0.3,2026-10-02T01:01:04.695736+02:00
295946213,de:11000:900023201:3:54,-0.2,2026-10-02T01:01:04.695736+02:00
295946213,de:11000:900003103:1:50,-0.3,2026-10-02T01:01:04.695736+02:00
295946213,de:11000:900003102:1:50,-0.4,2026-10-02T01:01:04.695736+02:00
295946213,de:11000:900003201:3:54,0.0,2026-10-02T01:01:04.695736+02:00
295946213,de:11000:900100001:3:54,-0.6,2026-10-02T01:01:04.695736+02:00
295946213,de:11000:900100002:1:50,-0.9,2026-10-02T01:01:04.695736+02:00
295946213,de:11000:900100003:2:52,-0.6,2026-10-02T01:01:04.695736+02:00
295946213,de:11000:900100004:1:50,-0.9,2026-10-02T01:01:04.695736+02:00
295946213,de:11000:900120005:4:55,-0.1,2026-10-02T01:01:04.695736+02:00
295946213,de:11000:900120004:1:50,-0.6,2026-10-02T01:01:04.695736+02:00
295946213,de:11000:900120003:2:53,-0.9,2026-10-02T01:01:04.695736+02:00
295946213,de:11000:900160003:1:50,-0.2,2026-10-02T01:01:04.695736+02:00
295946213,de:11000:900160004:1:50,-0.2,2026-10-02T01:01:04.695736+02:00
295946213,de:11000:900171002:1:50,-0.7,2026-10-02T01:01:04.695736+02:00
295946213,de:11000:900171003:1:50,-0.8,2026-10-02T01:01:04.695736+02:00
295946213,de:11000:900170005:1:50,-0.3,2026-10-02T01:01:04.695736+02:00
295946213,de:11000:900170001:1:50,-0.1,2026-10-02T01:01:04.695736+02:00
295946213,de:11000:900170002:1:50,-0.9,2026-10-02T01:01:04.695736+02:00
295946213,de:11000:900170003:1:50,-0.7,2026-10-02T01:01:04.695736+02:00
295946213,de:11000:900170004:1:50,-0.9,2026-10-02T01:01:04.695736+02:00
306895421,de:12067:900311083::3,0.0,2026-10-02T01:01:04.695736+02:00
306895421,de:12067:900310775::1,0.0,2026-10-02T01:01:04.695736+02:00
306895421,de:12067:900311083::2,0.0,2026-10-02T01:01:04.695736+02:00
306895421,de:12067:900310814::2,0.0,2026-10-02T01:01:04.695736+02:00
306895421,de:12067:900310628::2,0.0,2026-10-02T01:01:04.695736+02:00
306895421,de:12067:900310793::2,0.0,2026-10-02T01:01:04.695736+02:00
306895421,de:12067:900310774::1,0.0,2026-10-02T01:01:04.695736+02:00
306895421,de:12067:900310792::1,0.0,2026-10-02T01:01:04.695736+02:00
306895421,de:12067:900310825::1,0.0,2026-10-02T01:01:04.695736+02:00
306895421,de:12067:900310809::2,0.0,2026-10-02T01:01:04.695736+02:00
306895421,de:12067:900310787::2,0.0,2026-10-02T01:01:04.695736+02:00
306895421,de:12067:900310790::2,0.0,2026-10-02T01:01:04.695736+02:00
306895421,de:12067:900310788::2,0.0,2026-10-02T01:01:04.695736+02:00
306895421,de:12067:900310696::2,0.0,2026-10-02T01:01:04.695736+02:00
306895421,de:12067:900310001::11,0.0,2026-10-02T01:01:04.695736+02:00
306895421,de:12067:900310001::2,0.0,2026-10-02T01:01:04.695736+02:00
306895421,de:12067:900310816::1,0.0,2026-10-02T01:01:04.695736+02:00
306895421,de:12067:900310627::1,0.0,2026-10-02T01:01:04.695736+02:00
306895421,de:12067:900310781::1,0.0,2026-10-02T01:01:04.695736+02:00
306895421,de:12067:900310822::1,0.0,2026-10-02T01:01:04.695736+02:00
306895421,de:12067:900310808::1,0.0,2026-10-02T01:01:04.695736+02:00
306895421,de:12067:900310779::1,0.0,2026-10-02T01:01:04.695736+02:00
306895421,de:12067:900310995::1,0.0,2026-10-02T01:01:04.695736+02:00
306895421,de:12067:900311104::1,0.0,2026-10-02T01:01:04.695736+02:00
306895421,de:12067:900310784::1,0.0,2026-10-02T01:01:04.695736+02:00
306895421,de:12067:900310786::1,0.0,2026-10-02T01:01:04.695736+02:00
306895421,de:12067:900310768::1,0.0,2026-10-02T01:01:04.695736+02:00
306895421,de:12067:900310023::1,0.0,2026-10-02T01:01:04.695736+02:00
306895421,de:12067:900310778::1,0.0,2026-10-02T01:01:04.695736+02:00
306895421,de:12067:900310806::1,0.0,2026-10-02T01:01:04.695736+02:00
306895421,de:12067:900310812::1,0.0,2026-10-02T01:01:04.695736+02:00
306895421,de:12067:900310770::1,0.0,2026-10-02T01:01:04.695736+02:00
306895421,de:12067:900310010::3,0.0,2026-10-02T01:01:04.695736+02:00
306895421,de:12067:900310880::1,0.0,2026-10-02T01:01:04.695736+02:00
306895421,de:12067:900310815::1,0.0,2026-10-02T01:01:04.695736+02:00
306895421,de:12067:900310807::1,0.0,2026-10-02T01:01:04.695736+02:00
295946198,de:12054:900230999:3:54,0.0,2026-10-02T01:01:04.695736+02:00
295946198,de:12054:900230000:1:50,-0.3,2026-10-02T01:01:04.695736+02:00
295946198,de:12054:900230003:1:54,-0.3,2026-10-02T01:01:04.695736+02:00
295946198,de:11000:900053301:2:53,-0.4,2026-10-02T01:01:04.695736+02:00
295946198,de:11000:900052201:2:53,-0.7,2026-10-02T01:01:04.695736+02:00
295946198,de:11000:900048101:2:53,-0.9,2026-10-02T01:01:04.695736+02:00
295946198,de:11000:900024102:2:53,-0.9,2026-10-02T01:01:04.695736+02:00
295946198,de:11000:900024101:3:55,-0.3,2026-10-02T01:01:04.695736+02:00
295946198,de:11000:900024203:1:51,-0.3,2026-10-02T01:01:04.695736+02:00
295946198,de:11000:900023201:3:54,-0.2,2026-10-02T01:01:04.695736+02:00
295946198,de:11000:900003103:1:50,-0.3,2026-10-02T01:01:04.695736+02:00
295946198,de:11000:900003102:1:50,-0.4,2026-10-02T01:01:04.695736+02:00
295946198,de:11000:900003201:3:54,0.0,2026-10-02T01:01:04.695736+02:00
295946198,de:11000:900100001:3:54,-0.6,2026-10-02T01:01:04.695736+02:00
295946198,de:11000:900100002:1:50,-0.9,2026-10-02T01:01:04.695736+02:00
295946198,de:11000:900100003:2:52,-0.6,2026-10-02T01:01:04.695736+02:00
295946198,de:11000:900100004:1:50,-0.9,2026-10-02T01:01:04.695736+02:00
295946198,de:11000:900120005:4:55,-0.1,2026-10-02T01:01:04.695736+02:00
295946198,de:11000:900120004:1:50,-0.6,2026-10-02T01:01:04.695736+02:00
295946198,de:11000:900120003:2:53,-0.9,2026-10-02T01:01:04.695736+02:00
295946198,de:11000:900160003:1:50,-0.2,2026-10-02T01:01:04.695736+02:00
295946198,de:11000:900160004:1:50,-0.2,2026-10-02T01:01:04.695736+02:00
295946198,de:11000:900171002:1:50,-0.7,2026-10-02T01:01:04.695736+02:00
295946198,de:11000:900171003:1:50,-0.8,2026-10-02T01:01:04.695736+02:00
295946198,de:11000:900170005:1:50,-0.3,2026-10-02T01:01:04.695736+02:00
295946198,de:11000:900170001:1:50,-0.1,2026-10-02T01:01:04.695736+02:00
295946198,de:11000:900170002:1:50,-0.9,2026-10-02T01:01:04.695736+02:00
295946198,de:11000:900170003:1:50,-0.7,2026-10-02T01:01:04.695736+02:00
295946198,de:11000:900170004:1:50,-0.9,2026-10-02T01:01:04.695736+02:00
295946283,de:11000:900170004:1:50,0.0,2026-10-02T01:01:04.695736+02:00
295946283,de:11000:900170003:1:51,-0.3,2026-10-02T01:01:04.695736+02:00
295946283,de:11000:900170002:1:51,-0.1,2026-10-02T01:01:04.695736+02:00
295946283,de:11000:900170001:1:51,-0.9,2026-10-02T01:01:04.695736+02:00
295946283,de:11000:900170005:1:51,-0.7,2026-10-02T01:01:04.695736+02:00
295946283,de:11000:900171003:1:51,-0.6,2026-10-02T01:01:04.695736+02:00
295946283,de:11000:900171002:1:51,-0.9,2026-10-02T01:01:04.695736+02:00
295946283,de:11000:900160004:1:51,-0.3,2026-10-02T01:01:04.695736+02:00
295946283,de:11000:900160003:1:51,-0.4,2026-10-02T01:01:04.695736+02:00
295946283,de:11000:900120003:3:55,-0.6,2026-10-02T01:01:04.695736+02:00
295946283,de:11000:900120004:2:53,-0.1,2026-10-02T01:01:04.695736+02:00
295946283,de:11000:900120005:5:58,-0.4,2026-10-02T01:01:04.695736+02:00
295946283,de:11000:900100004:1:51,-0.9,2026-10-02T01:01:04.695736+02:00
295946283,de:11000:900100003:2:53,-0.9,2026-10-02T01:01:04.695736+02:00
295946283,de:11000:900100002:1:51,-0.9,2026-10-02T01:01:04.695736+02:00
295946283,de:11000:900100001:3:55,-0.9,2026-10-02T01:01:04.695736+02:00
295946283,de:11000:900003201:3:55,-0.6,2026-10-02T01:01:04.695736+02:00
295946283,de:11000:900003102:1:51,-0.3,2026-10-02T01:01:04.695736+02:00
295946283,de:11000:900003103:1:51,-0.4,2026-10-02T01:01:04.695736+02:00
295946283,de:11000:900023201:3:55,-0.3,2026-10-02T01:01:04.695736+02:00
295946283,de:11000:900024203:1:51,-0.3,2026-10-02T01:01:04.695736+02:00
295946283,de:11000:900024101:4:57,-0.3,2026-10-02T01:01:04.695736+02:00
295946283,de:11000:900024102:1:50,-0.6,2026-10-02T01:01:04.695736+02:00
295946283,de:11000:900048101:1:50,-0.8,2026-10-02T01:01:04.695736+02:00
295946283,de:11000:900052201:2:52,0.0,2026-10-02T01:01:04.695736+02:00
295946283,de:11000:900053301:1:50,-0.4,2026-10-02T01:01:04.695736+02:00
295946283,de:12054:900230003:1:50,-0.4,2026-10-02T01:01:04.695736+02:00
295946283,de:12054:900230000:1:51,-0.4,2026-10-02T01:01:04.695736+02:00
295946283,de:12054:900230999:3:55,-0.9,2026-10-02T01:01:04.695736+02:00
295946274,de:11000:900170004:1:50,0.0,2026-10-02T01:01:04.695736+02:00
295946274,de:11000:900170003:1:51,-0.3,2026-10-02T01:01:04.695736+02:00
295946274,de:11000:900170002:1:51,-0.1,2026-10-02T01:01:04.695736+02:00
295946274,de:11000:900170001:1:51,-0.9,2026-10-02T01:01:04.695736+02:00
295946274,de:11000:900170005:1:51,-0.7,2026-10-02T01:01:04.695736+02:00
295946274,de:11000:900171003:1:51,-0.6,2026-10-02T01:01:04.695736+02:00
295946274,de:11000:900171002:1:51,-0.9,2026-10-02T01:01:04.695736+02:00
295946274,de:11000:900160004:1:51,-0.3,2026-10-02T01:01:04.695736+02:00
295946274,de:11000:900160003:1:51,-0.4,2026-10-02T01:01:04.695736+02:00
295946274,de:11000:900120003:3:55,-0.6,2026-10-02T01:01:04.695736+02:00
295946274,de:11000:900120004:2:53,-0.1,2026-10-02T01:01:04.695736+02:00
295946274,de:11000:900120005:5:58,-0.4,2026-10-02T01:01:04.695736+02:00
295946274,de:11000:900100004:1:51,-0.9,2026-10-02T01:01:04.695736+02:00
295946274,de:11000:900100003:2:53,-0.9,2026-10-02T01:01:04.695736+02:00
295946274,de:11000:900100002:1:51,-0.9,2026-10-02T01:01:04.695736+02:00
295946274,de:11000:900100001:3:55,-0.9,2026-10-02T01:01:04.695736+02:00
295946274,de:11000:900003201:3:55,-0.6,2026-10-02T01:01:04.695736+02:00
295946274,de:11000:900003102:1:51,-0.3,2026-10-02T01:01:04.695736+02:00
295946274,de:11000:900003103:1:51,-0.4,2026-10-02T01:01:04.695736+02:00
295946274,de:11000:900023201:3:55,-0.3,2026-10-02T01:01:04.695736+02:00
295946274,de:11000:900024203:1:51,-0.3,2026-10-02T01:01:04.695736+02:00
295946274,de:11000:900024101:4:57,-0.3,2026-10-02T01:01:04.695736+02:00
295946274,de:11000:900024102:1:50,-0.6,2026-10-02T01:01:04.695736+02:00
295946274,de:11000:900048101:1:50,-0.8,2026-10-02T01:01:04.695736+02:00
295946274,de:11000:900052201:2:52,0.0,2026-10-02T01:01:04.695736+02:00
295946274,de:11000:900053301:1:50,-0.4,2026-10-02T01:01:04.695736+02:00
295946274,de:12054:900230003:1:50,-0.4,2026-10-02T01:01:04.695736+02:00
295946274,de:12054:900230000:1:51,-0.4,2026-10-02T01:01:04.695736+02:00
295946274,de:12054:900230999:3:55,-0.9,2026-10-02T01:01:04.695736+02:00
295953439,de:11000:900120005:5:57,0.0,2026-10-02T01:01:04.695736+02:00
295953439,de:11000:900120004:1:50,-0.6,2026-10-02T01:01:04.695736+02:00
295953439,de:11000:900120003:2:53,-0.9,2026-10-02T01:01:04.695736+02:00
295953439,de:11000:900160003:1:50,-0.2,2026-10-02T01:01:04.695736+02:00
295953439,de:11000:900160004:1:50,-0.2,2026-10-02T01:01:04.695736+02:00
295953439,de:11000:900171002:1:50,-0.7,2026-10-02T01:01:04.695736+02:00
295953439,de:11000:900171003:1:50,-0.8,2026-10-02T01:01:04.695736+02:00
295953439,de:11000:900152002:1:50,-0.4,2026-10-02T01:01:04.695736+02:00
295953439,de:11000:900152001:1:50,-0.6,2026-10-02T01:01:04.695736+02:00
295953439,de:11000:900151001:1:51,-0.9,2026-10-02T01:01:04.695736+02:00
295953426,de:11000:900120005:4:56,0.0,2026-10-02T01:01:04.695736+02:00
295953426,de:11000:900120004:1:50,-0.6,2026-10-02T01:01:04.695736+02:00
295953426,de:11000:900120003:2:53,-0.9,2026-10-02T01:01:04.695736+02:00
295953426,de:11000:900160003:1:50,-0.2,2026-10-02T01:01:04.695736+02:00
295953426,de:11000:900160004:1:50,-0.2,2026-10-02T01:01:04.695736+02:00
295953426,de:11000:900171002:1:50,-0.7,2026-10-02T01:01:04.695736+02:00
295953426,de:11000:900171003:1:50,-0.8,2026-10-02T01:01:04.695736+02:00
295953426,de:11000:900152002:1:50,-0.4,2026-10-02T01:01:04.695736+02:00
295953426,de:11000:900152001:1:50,-0.6,2026-10-02T01:01:04.695736+02:00
295953426,de:11000:900151001:1:51,-0.9,2026-10-02T01:01:04.695736+02:00
295956030,de:11000:900120004:1:51,0.0,2026-10-02T01:01:04.695736+02:00
295956030,de:11000:900120003:2:52,-0.9,2026-10-02T01:01:04.695736+02:00
295956030,de:11000:900160003:1:50,-0.2,2026-10-02T01:01:04.695736+02:00
295956030,de:11000:900160004:1:50,-0.2,2026-10-02T01:01:04.695736+02:00
295956030,de:11000:900171002:1:50,-0.7,2026-10-02T01:01:04.695736+02:00
295956030,de:11000:900171003:1:50,-0.8,2026-10-02T01:01:04.695736+02:00
295956030,de:11000:900152002:1:50,-0.4,2026-10-02T01:01:04.695736+02:00
295956030,de:11000:900152001:1:50,-0.6,2026-10-02T01:01:04.695736+02:00
295956030,de:11000:900151001:1:50,-0.9,2026-10-02T01:01:04.695736+02:00
295956018,de:11000:900120004:1:51,0.0,2026-10-02T01:01:04.695736+02:00
295956018,de:11000:900120003:2:52,-0.9,2026-10-02T01:01:04.695736+02:00
295956018,de:11000:900160003:1:50,-0.2,2026-10-02T01:01:04.695736+02:00
295956018,de:11000:900160004:1:50,-0.2,2026-10-02T01:01:04.695736+02:00
295956018,de:11000:900171002:1:50,-0.7,2026-10-02T01:01:04.695736+02:00
295956018,de:11000:900171003:1:50,-0.8,2026-10-02T01:01:04.695736+02:00
295956018,de:11000:900152002:1:50,-0.4,2026-10-02T01:01:04.695736+02:00
295956018,de:11000:900152001:1:50,-0.6,2026-10-02T01:01:04.695736+02:00
295956018,de:11000:900151001:1:50,-0.9,2026-10-02T01:01:04.695736+02:00
295949510,de:11000:900170004:2:52,0.0,2026-10-02T01:01:04.695736+02:00
295949510,de:11000:900170003:1:51,-0.3,2026-10-02T01:01:04.695736+02:00
295949510,de:11000:900170002:1:51,-0.1,2026-10-02T01:01:04.695736+02:00
295949510,de:11000:900170001:1:51,-0.9,2026-10-02T01:01:04.695736+02:00
295949510,de:11000:900170005:1:51,-0.7,2026-10-02T01:01:04.695736+02:00
295949510,de:11000:900171003:1:51,-0.6,2026-10-02T01:01:04.695736+02:00
295949510,de:11000:900171002:1:51,-0.9,2026-10-02T01:01:04.695736+02:00
295949510,de:11000:900160004:1:51,-0.3,2026-10-02T01:01:04.695736+02:00
295949510,de:11000:900160003:1:51,-0.4,2026-10-02T01:01:04.695736+02:00
295949510,de:11000:900120003:3:55,-0.6,2026-10-02T01:01:04.695736+02:00
295949510,de:11000:900120004:2:53,-0.1,2026-10-02T01:01:04.695736+02:00
295949510,de:11000:900120005:5:58,-0.4,2026-10-02T01:01:04.695736+02:00
295949510,de:11000:900100004:1:51,-0.9,2026-10-02T01:01:04.695736+02:00
295949510,de:11000:900100003:2:53,-0.9,2026-10-02T01:01:04.695736+02:00
295949510,de:11000:900100002:1:51,-0.9,2026-10-02T01:01:04.695736+02:00
295949510,de:11000:900100001:3:55,-0.9,2026-10-02T01:01:04.695736+02:00
295949510,de:11000:900003201:3:55,-0.6,2026-10-02T01:01:04.695736+02:00
295949510,de:11000:900003102:1:51,-0.3,2026-10-02T01:01:04.695736+02:00
295949510,de:11000:900003103:1:51,-0.4,2026-10-02T01:01:04.695736+02:00
295949510,de:11000:900023201:3:55,-0.3,2026-10-02T01:01:04.695736+02:00
295949510,de:11000:900024203:1:51,-0.3,2026-10-02T01:01:04.695736+02:00
295949510,de:11000:900024101:4:57,-0.3,2026-10-02T01:01:04.695736+02:00
295949510,de:11000:900024102:1:50,-0.6,2026-10-02T01:01:04.695736+02:00
295949510,de:11000:900048101:1:50,-0.8,2026-10-02T01:01:04.695736+02:00
295949510,de:11000:900052201:2:52,0.0,2026-10-02T01:01:04.695736+02:00
295949510,de:11000:900053301:1:50,-0.4,2026-10-02T01:01:04.695736+02:00
295949510,de:12054:900230003:1:50,-0.4,2026-10-02T01:01:04.695736+02:00
295949510,de:12054:900230000:1:51,-0.4,2026-10-02T01:01:04.695736+02:00
295949510,de:12054:900230999:3:54,-0.9,2026-10-02T01:01:04.695736+02:00
295949508,de:11000:900170004:2:52,0.0,2026-10-02T01:01:04.695736+02:00
295949508,de:11000:900170003:1:51,-0.3,2026-10-02T01:01:04.695736+02:00
295949508,de:11000:900170002:1:51,-0.1,2026-10-02T01:01:04.695736+02:00
295949508,de:11000:900170001:1:51,-0.9,2026-10-02T01:01:04.695736+02:00
295949508,de:11000:900170005:1:51,-0.7,2026-10-02T01:01:04.695736+02:00
295949508,de:11000:900171003:1:51,-0.6,2026-10-02T01:01:04.695736+02:00
295949508,de:11000:900171002:1:51,-0.9,2026-10-02T01:01:04.695736+02:00
295949508,de:11000:900160004:1:51,-0.3,2026-10-02T01:01:04.695736+02:00
295949508,de:11000:900160003:1:51,-0.4,2026-10-02T01:01:04.695736+02:00
295949508,de:11000:900120003:3:55,-0.6,2026-10-02T01:01:04.695736+02:00
295949508,de:11000:900120004:2:53,-0.1,2026-10-02T01:01:04.695736+02:00
295949508,de:11000:900120005:5:58,-0.4,2026-10-02T01:01:04.695736+02:00
295949508,de:11000:900100004:1:51,-0.9,2026-10-02T01:01:04.695736+02:00
295949508,de:11000:900100003:2:53,-0.9,2026-10-02T01:01:04.695736+02:00
295949508,de:11000:900100002:1:51,-0.9,2026-10-02T01:01:04.695736+02:00
295949508,de:11000:900100001:3:55,-0.9,2026-10-02T01:01:04.695736+02:00
295949508,de:11000:900003201:3:55,-0.6,2026-10-02T01:01:04.695736+02:00
295949508,de:11000:900003102:1:51,-0.3,2026-10-02T01:01:04.695736+02:00
295949508,de:11000:900003103:1:51,-0.4,2026-10-02T01:01:04.695736+02:00
295949508,de:11000:900023201:3:55,-0.3,2026-10-02T01:01:04.695736+02:00
295949508,de:11000:900024203:1:51,-0.3,2026-10-02T01:01:04.695736+02:00
295949508,de:11000:900024101:4:57,-0.3,2026-10-02T01:01:04.695736+02:00
295949508,de:11000:900024102:1:50,-0.6,2026-10-02T01:01:04.695736+02:00
295949508,de:11000:900048101:1:50,-0.8,2026-10-02T01:01:04.695736+02:00
295949508,de:11000:900052201:2:52,0.0,2026-10-02T01:01:04.695736+02:00
295949508,de:11000:900053301:1:50,-0.4,2026-10-02T01:01:04.695736+02:00
295959970,de:12065:900200008:1:51,0.0,2026-10-02T01:01:04.695736+02:00
295959970,de:12065:900200009:1:51,-0.7,2026-10-02T01:01:04.695736+02:00
295959970,de:12065:900200011:1:51,-0.3,2026-10-02T01:01:04.695736+02:00
295959970,de:12065:900200012:1:51,-0.8,2026-10-02T01:01:04.695736+02:00
295959970,de:12065:900200013:1:50,-0.4,2026-10-02T01:01:04.695736+02:00
295959970,de:11000:900142001:1:51,-0.7,2026-10-02T01:01:04.695736+02:00
295959970,de:11000:900130001:1:51,-0.2,2026-10-02T01:01:04.695736+02:00
295959970,de:11000:900130002:1:51,-0.7,2026-10-02T01:01:04.695736+02:00
295959970,de:11000:900110011:1:51,-0.2,2026-10-02T01:01:04.695736+02:00
295959970,de:11000:900110001:1:50,-0.2,2026-10-02T01:01:04.695736+02:00
295959970,de:11000:900110002:1:50,-0.9,2026-10-02T01:01:04.695736+02:00
295959970,de:11000:900110003:1:50,-0.9,2026-10-02T01:01:04.695736+02:00
295959970,de:11000:900110004:1:50,-0.3,2026-10-02T01:01:04.695736+02:00
295959970,de:11000:900110012:1:50,-0.2,2026-10-02T01:01:04.695736+02:00
295959970,de:11000:900120001:1:50,-0.2,2026-10-02T01:01:04.695736+02:00
295959970,de:11000:900120003:5:58,-0.6,2026-10-02T01:01:04.695736+02:00
295959970,de:11000:900190001:1:50,-0.1,2026-10-02T01:01:04.695736+02:00
295959970,de:11000:900191002:1:50,0.0,2026-10-02T01:01:04.695736+02:00
295959970,de:11000:900191001:2:52,-0.4,2026-10-02T01:01:04.695736+02:00
295959970,de:11000:900192001:2:52,-0.2,2026-10-02T01:01:04.695736+02:00
295959970,de:11000:900193001:1:50,-0.7,2026-10-02T01:01:04.695736+02:00
295959970,de:11000:900193002:1:50,-0.3,2026-10-02T01:01:04.695736+02:00
295959970,de:11000:900186001:1:51,-0.3,2026-10-02T01:01:04.695736+02:00
295959968,de:12065:900200008:1:51,0.0,2026-10-02T01:01:04.695736+02:00
295959968,de:12065:900200009:1:51,-0.7,2026-10-02T01:01:04.695736+02:00
295959968,de:12065:900200011:1:51,-0.3,2026-10-02T01:01:04.695736+02:00
295959968,de:12065:900200012:1:51,-0.8,2026-10-02T01:01:04.695736+02:00
295959968,de:12065:900200013:1:50,-0.4,2026-10-02T01:01:04.695736+02:00
295959968,de:11000:900142001:1:51,-0.7,2026-10-02T01:01:04.695736+02:00
295959968,de:11000:900130001:1:51,-0.2,2026-10-02T01:01:04.695736+02:00
295959968,de:11000:900130002:1:51,-0.7,2026-10-02T01:01:04.695736+02:00
295959968,de:11000:900110011:1:51,-0.2,2026-10-02T01:01:04.695736+02:00
295959968,de:11000:900110001:1:50,-0.2,2026-10-02T01:01:04.695736+02:00
295959968,de:11000:900110002:1:50,-0.9,2026-10-02T01:01:04.695736+02:00
295959968,de:11000:900110003:1:50,-0.9,2026-10-02T01:01:04.695736+02:00
295959968,de:11000:900110004:1:50,-0.3,2026-10-02T01:01:04.695736+02:00
295959968,de:11000:900110012:1:50,-0.2,2026-10-02T01:01:04.695736+02:00
295959968,de:11000:900120001:1:50,-0.2,2026-10-02T01:01:04.695736+02:00
295959968,de:11000:900120003:5:58,-0.6,2026-10-02T01:01:04.695736+02:00
295959968,de:11000:900190001:1:50,-0.1,2026-10-02T01:01:04.695736+02:00
295959968,de:11000:900191002:1:50,0.0,2026-10-02T01:01:04.695736+02:00
295959968,de:11000:900191001:2:52,-0.4,2026-10-02T01:01:04.695736+02:00
295959968,de:11000:900192001:2:52,-0.2,2026-10-02T01:01:04.695736+02:00
295959968,de:11000:900193001:1:50,-0.7,2026-10-02T01:01:04.695736+02:00
295959968,de:11000:900193002:1:50,-0.3,2026-10-02T01:01:04.695736+02:00
295959968,de:11000:900186001:1:51,-0.3,2026-10-02T01:01:04.695736+02:00
295960048,de:12061:900260002:1:50,0.0,2026-10-02T01:01:04.695736+02:00
295960048,de:12061:900260003:1:51,-0.7,2026-10-02T01:01:04.695736+02:00
295960048,de:12061:900260004:1:51,-0.9,2026-10-02T01:01:04.695736+02:00
295960048,de:11000:900186001:2:53,-0.2,2026-10-02T01:01:04.695736+02:00
295960048,de:11000:900193002:1:51,-0.2,2026-10-02T01:01:04.695736+02:00
295960048,de:11000:900193001:2:51,-0.8,2026-10-02T01:01:04.695736+02:00
295960048,de:11000:900192001:3:55,-0.7,2026-10-02T01:01:04.695736+02:00
295960048,de:11000:900191001:1:50,-0.4,2026-10-02T01:01:04.695736+02:00
295960048,de:11000:900191002:1:51,-0.8,2026-10-02T01:01:04.695736+02:00
295960048,de:11000:900190001:2:53,-0.6,2026-10-02T01:01:04.695736+02:00
295960048,de:11000:900120003:5:59,0.0,2026-10-02T01:01:04.695736+02:00
295960048,de:11000:900120001:1:51,-0.6,2026-10-02T01:01:04.695736+02:00
295960048,de:11000:900110012:1:51,-0.8,2026-10-02T01:01:04.695736+02:00
295960048,de:11000:900110004:1:51,-0.7,2026-10-02T01:01:04.695736+02:00
295960048,de:11000:900110003:1:51,0.0,2026-10-02T01:01:04.695736+02:00
295960048,de:11000:900110002:1:51,0.0,2026-10-02T01:01:04.695736+02:00
295960048,de:11000:900110001:1:51,-0.7,2026-10-02T01:01:04.695736+02:00
295960048,de:11000:900110011:2:52,-0.4,2026-10-02T01:01:04.695736+02:00
295960048,de:11000:900130002:1:50,0.0,2026-10-02T01:01:04.695736+02:00
295960048,de:11000:900130001:1:50,-0.7,2026-10-02T01:01:04.695736+02:00
295960048,de:11000:900142001:1:50,-0.2,2026-10-02T01:01:04.695736+02:00
295960048,de:12065:900200013:1:50,-0.3,2026-10-02T01:01:04.695736+02:00
295960048,de:12065:900200012:1:50,-0.9,2026-10-02T01:01:04.695736+02:00
295960048,de:12065:900200011:1:50,-0.4,2026-10-02T01:01:04.695736+02:00
295960048,de:12065:900200009:1:50,-0.9,2026-10-02T01:01:04.695736+02:00
295960048,de:12065:900200008:1:50,-0.9,2026-10-02T01:01:04.695736+02:00
295963736,de:12061:900260009:3:56,0.0,2026-10-02T01:01:04.695736+02:00
295963736,de:12061:900260080:1:51,-0.7,2026-10-02T01:01:04.695736+02:00
295963736,de:12061:900260005:3:55,0.0,2026-10-02T01:01:04.695736+02:00
295963736,de:11000:900196001:1:51,0.0,2026-10-02T01:01:04.695736+02:00
295963736,de:11000:900195510:1:50,-0.4,2026-10-02T01:01:04.695736+02:00
295963736,de:11000:900193002:1:51,-0.6,2026-10-02T01:01:04.695736+02:00
295963736,de:11000:900193001:2:51,-0.3,2026-10-02T01:01:04.695736+02:00
295963736,de:11000:900192001:3:55,-0.2,2026-10-02T01:01:04.695736+02:00
295963736,de:11000:900191001:1:50,-0.9,2026-10-02T01:01:04.695736+02:00
295963736,de:11000:900191002:1:51,-0.3,2026-10-02T01:01:04.695736+02:00
295963736,de:11000:900190001:2:53,-0.1,2026-10-02T01:01:04.695736+02:00
295963736,de:11000:900120003:5:59,-0.3,2026-10-02T01:01:04.695736+02:00
295963736,de:11000:900120001:1:51,-0.6,2026-10-02T01:01:04.695736+02:00
295963736,de:11000:900110012:1:51,-0.8,2026-10-02T01:01:04.695736+02:00
295963736,de:11000:900110004:1:51,-0.7,2026-10-02T01:01:04.695736+02:00
295963736,de:11000:900110003:1:51,0.0,2026-10-02T01:01:04.695736+02:00
295963736,de:11000:900110002:1:51,0.0,2026-10-02T01:01:04.695736+02:00
295963736,de:11000:900110001:1:51,-0.7,2026-10-02T01:01:04.695736+02:00
295963736,de:11000:900110011:2:53,-0.4,2026-10-02T01:01:04.695736+02:00
295963736,de:11000:900085201:1:50,-0.8,2026-10-02T01:01:04.695736+02:00
295963736,de:11000:900084101:1:50,-0.7,2026-10-02T01:01:04.695736+02:00
295963736,de:11000:900096101:1:50,-0.8,2026-10-02T01:01:04.695736+02:00
295963736,de:11000:900094101:1:50,-0.3,2026-10-02T01:01:04.695736+02:00
295963736,de:11000:900093201:1:50,-0.4,2026-10-02T01:01:04.695736+02:00
295963736,de:11000:900092201:1:51,-0.2,2026-10-02T01:01:04.695736+02:00
295963724,de:12061:900260009:3:56,0.0,2026-10-02T01:01:04.695736+02:00
295963724,de:12061:900260080:1:51,-0.7,2026-10-02T01:01:04.695736+02:00
295963724,de:12061:900260005:3:55,0.0,2026-10-02T01:01:04.695736+02:00
295963724,de:11000:900196001:1:51,0.0,2026-10-02T01:01:04.695736+02:00
295963724,de:11000:900195510:1:50,-0.4,2026-10-02T01:01:04.695736+02:00
295963724,de:11000:900193002:1:51,-0.6,2026-10-02T01:01:04.695736+02:00
295963724,de:11000:900193001:2:51,-0.3,2026-10-02T01:01:04.695736+02:00
295963724,de:11000:900192001:3:55,-0.2,2026-10-02T01:01:04.695736+02:00
295963724,de:11000:900191001:1:50,-0.9,2026-10-02T01:01:04.695736+02:00
295963724,de:11000:900191002:1:51,-0.3,2026-10-02T01:01:04.695736+02:00
295963724,de:11000:900190001:2:53,-0.1,2026-10-02T01:01:04.695736+02:00
295963724,de:11000:900120003:5:59,-0.3,2026-10-02T01:01:04.695736+02:00
295963724,de:11000:900120001:1:51,-0.6,2026-10-02T01:01:04.695736+02:00
295963724,de:11000:900110012:1:51,-0.8,2026-10-02T01:01:04.695736+02:00
295963724,de:11000:900110004:1:51,-0.7,2026-10-02T01:01:04.695736+02:00
295963724,de:11000:900110003:1:51,0.0,2026-10-02T01:01:04.695736+02:00
295963724,de:11000:900110002:1:51,0.0,2026-10-02T01:01:04.695736+02:00
295963724,de:11000:900110001:1:51,-0.7,2026-10-02T01:01:04.695736+02:00
295963724,de:11000:900110011:2:53,-0.4,2026-10-02T01:01:04.695736+02:00
295963724,de:11000:900085201:1:50,-0.8,2026-10-02T01:01:04.695736+02:00
295963724,de:11000:900084101:1:50,-0.7,2026-10-02T01:01:04.695736+02:00
295963724,de:11000:900096101:1:50,-0.8,2026-10-02T01:01:04.695736+02:00
295963724,de:11000:900094101:1:50,-0.3,2026-10-02T01:01:04.695736+02:00
295963724,de:11000:900093201:1:50,-0.4,2026-10-02T01:01:04.695736+02:00
295963724,de:11000:900092201:1:51,-0.2,2026-10-02T01:01:04.695736+02:00
306895624,de:12067:900311083::3,0.0,2026-10-02T01:01:04.695736+02:00
306895624,de:12067:900310775::1,0.0,2026-10-02T01:01:04.695736+02:00
306895624,de:12067:900311083::2,0.0,2026-10-02T01:01:04.695736+02:00
306895624,de:12067:900310814::2,0.0,2026-10-02T01:01:04.695736+02:00
306895624,de:12067:900310804::2,0.0,2026-10-02T01:01:04.695736+02:00
306895624,de:12067:900311150::2,0.0,2026-10-02T01:01:04.695736+02:00
306895624,de:12067:900311135::2,0.0,2026-10-02T01:01:04.695736+02:00
306895624,de:12067:900311149::2,0.0,2026-10-02T01:01:04.695736+02:00
306895624,de:12067:900310001::11,0.0,2026-10-02T01:01:04.695736+02:00
306895624,de:12067:900310001::2,0.0,2026-10-02T01:01:04.695736+02:00
306895624,de:12067:900310816::1,0.0,2026-10-02T01:01:04.695736+02:00
306895624,de:12067:900310627::1,0.0,2026-10-02T01:01:04.695736+02:00
306895624,de:12067:900310781::1,0.0,2026-10-02T01:01:04.695736+02:00
306895624,de:12067:900310822::1,0.0,2026-10-02T01:01:04.695736+02:00
306895624,de:12067:900310771::1,0.0,2026-10-02T01:01:04.695736+02:00
306895624,de:12067:900310811::1,0.0,2026-10-02T01:01:04.695736+02:00
306895624,de:12067:900310630::1,0.0,2026-10-02T01:01:04.695736+02:00
306895624,de:12067:900310812::1,0.0,2026-10-02T01:01:04.695736+02:00
306895624,de:12067:900310770::1,0.0,2026-10-02T01:01:04.695736+02:00
306895624,de:12067:900310010::3,0.0,2026-10-02T01:01:04.695736+02:00
306895624,de:12067:900310880::1,0.0,2026-10-02T01:01:04.695736+02:00
306895624,de:12067:900310815::1,0.0,2026-10-02T01:01:04.695736+02:00
306895624,de:12067:900310807::1,0.0,2026-10-02T01:01:04.695736+02:00
307332676,de:11000:900029101:1:51,0.0,2026-10-02T01:01:04.695736+02:00
307332676,de:11000:900030202:1:50,-0.3,2026-10-02T01:01:04.695736+02:00
307332676,de:11000:900025424:1:51,-0.2,2026-10-02T01:01:04.695736+02:00
307332676,de:11000:900025321:1:51,-0.2,2026-10-02T01:01:04.695736+02:00
307332676,de:11000:900026105:1:50,-0.4,2026-10-02T01:01:04.695736+02:00
307332676,de:11000:900025423:1:50,-0.7,2026-10-02T01:01:04.695736+02:00
307332676,de:11000:900024102:2:53,-0.7,2026-10-02T01:01:04.695736+02:00
307332676,de:11000:900024101:3:55,-0.3,2026-10-02T01:01:04.695736+02:00
307332676,de:11000:900024203:1:51,-0.8,2026-10-02T01:01:04.695736+02:00
307332676,de:11000:900023201:3:54,-0.7,2026-10-02T01:01:04.695736+02:00
307332676,de:11000:900003103:1:50,-0.8,2026-10-02T01:01:04.695736+02:00
307332676,de:11000:900003102:1:50,-0.9,2026-10-02T01:01:04.695736+02:00
307332676,de:11000:900003201:3:54,-0.5,2026-10-02T01:01:04.695736+02:00
307332676,de:11000:900100001:3:54,-0.1,2026-10-02T01:01:04.695736+02:00
307332676,de:11000:900100002:1:50,-0.4,2026-10-02T01:01:04.695736+02:00
307332676,de:11000:900100003:2:52,-0.1,2026-10-02T01:01:04.695736+02:00
307332676,de:11000:900100004:1:50,-0.4,2026-10-02T01:01:04.695736+02:00
307332676,de:11000:900120005:4:56,-0.6,2026-10-02T01:01:04.695736+02:00
307332676,de:11000:900120004:1:51,-0.1,2026-10-02T01:01:04.695736+02:00
307332676,de:11000:900190001:1:51,-0.2,2026-10-02T01:01:04.695736+02:00
307332676,de:11000:900191002:1:50,0.0,2026-10-02T01:01:04.695736+02:00
307332676,de:11000:900191001:2:52,-0.4,2026-10-02T01:01:04.695736+02:00
307332676,de:11000:900192001:2:52,-0.7,2026-10-02T01:01:04.695736+02:00
307332676,de:11000:900193001:1:50,-0.2,2026-10-02T01:01:04.695736+02:00
307332676,de:11000:900193002:1:50,-0.8,2026-10-02T01:01:04.695736+02:00
307332676,de:11000:900195510:1:51,-0.2,2026-10-02T01:01:04.695736+02:00
307332676,de:11000:900196001:1:50,-0.4,2026-10-02T01:01:04.695736+02:00
307332676,de:12061:900260005:3:54,-0.2,2026-10-02T01:01:04.695736+02:00
307332676,de:12061:900260080:1:50,-0.7,2026-10-02T01:01:04.695736+02:00
307332676,de:12061:900260009:3:55,-0.9,2026-10-02T01:01:04.695736+02:00
306049344,de:12064:900320005::2,0.0,2026-10-02T01:01:04.695736+02:00
306049344,de:12064:900320635::2,0.0,2026-10-02T01:01:04.695736+02:00
306049344,de:12064:900320611::2,0.0,2026-10-02T01:01:04.695736+02:00
306049344,de:12064:900320631::2,0.0,2026-10-02T01:01:04.695736+02:00
306049344,de:12064:900320701::2,0.0,2026-10-02T01:01:04.695736+02:00
306049344,de:12064:900320700::2,0.0,2026-10-02T01:01:04.695736+02:00
306049344,de:12064:900320684::2,0.0,2026-10-02T01:01:04.695736+02:00
306049344,de:12064:900320703::2,0.0,2026-10-02T01:01:04.695736+02:00
306049344,de:12064:900320683::2,0.0,2026-10-02T01:01:04.695736+02:00
306049344,de:12064:900320688::2,0.0,2026-10-02T01:01:04.695736+02:00
306049344,de:12064:900320677::2,0.0,2026-10-02T01:01:04.695736+02:00
306049344,de:12064:900320687::2,0.0,2026-10-02T01:01:04.695736+02:00
306049344,de:12064:900320681::2,0.0,2026-10-02T01:01:04.695736+02:00
306049344,de:12064:900320676::2,0.0,2026-10-02T01:01:04.695736+02:00
306049344,de:12064:900320009::1,0.0,2026-10-02T01:01:04.695736+02:00
306897267,de:12067:900311308::5,0.0,2026-10-02T01:01:04.695736+02:00
306897267,de:12067:900311380::1,0.0,2026-10-02T01:01:04.695736+02:00
306897267,de:12067:900311348::1,0.0,2026-10-02T01:01:04.695736+02:00
306897267,de:12067:900311315::1,0.0,2026-10-02T01:01:04.695736+02:00
306897267,de:12067:900311383::2,0.0,2026-10-02T01:01:04.695736+02:00
306897267,de:12067:900311305::1,0.0,2026-10-02T01:01:04.695736+02:00
306897267,de:12067:900311320::1,0.0,2026-10-02T01:01:04.695736+02:00
306897267,de:12067:900311357::1,0.0,2026-10-02T01:01:04.695736+02:00
306897267,de:12067:900311402::2,0.0,2026-10-02T01:01:04.695736+02:00
306897267,de:12067:900311405::1,0.0,2026-10-02T01:01:04.695736+02:00
306897267,de:12067:900311405::1,-8.0,2026-10-02T01:01:04.695736+02:00
306897267,de:12067:900311443::1,0.0,2026-10-02T01:01:04.695736+02:00
306897267,de:12067:900311405::1,8.0,2026-10-02T01:01:04.695736+02:00
306897267,de:12067:900311405::1,0.0,2026-10-02T01:01:04.695736+02:00
306897267,de:12067:900311227::2,0.0,2026-10-02T01:01:04.695736+02:00
306897267,de:12067:900311229::1,0.0,2026-10-02T01:01:04.695736+02:00
306897267,de:12067:900311239::1,0.0,2026-10-02T01:01:04.695736+02:00
306897267,de:12067:900311228::1,0.0,2026-10-02T01:01:04.695736+02:00
306897267,de:12067:900311269::1,0.0,2026-10-02T01:01:04.695736+02:00
306897267,de:12067:900310858::1,0.0,2026-10-02T01:01:04.695736+02:00
306897267,de:12067:900310060::2,0.0,2026-10-02T01:01:04.695736+02:00
306897267,de:12067:900310858::3,0.0,2026-10-02T01:01:04.695736+02:00
306897267,de:12067:900310935::1,0.0,2026-10-02T01:01:04.695736+02:00
306897267,de:12067:900311483::1,0.0,2026-10-02T01:01:04.695736+02:00
306897267,de:12067:900311480::1,0.0,2026-10-02T01:01:04.695736+02:00
306897267,de:12067:900311482::3,0.0,2026-10-02T01:01:04.695736+02:00
307243372,de:11000:900007102:1:50,0.0,2026-10-02T01:01:04.695736+02:00
307243372,de:11000:900008101:1:50,0.0,2026-10-02T01:01:04.695736+02:00
307243372,de:11000:900007104:1:51,-0.7,2026-10-02T01:01:04.695736+02:00
307243372,de:11000:900100007:1:50,-0.7,2026-10-02T01:01:04.695736+02:00
307243372,de:11000:900100001:4:56,-0.5,2026-10-02T01:01:04.695736+02:00
307243372,de:11000:900100025:1:50,-0.4,2026-10-02T01:01:04.695736+02:00
307243372,de:11000:900100020:3:54,-0.4,2026-10-02T01:01:04.695736+02:00
307243372,de:11000:900012101:1:51,-0.5,2026-10-02T01:01:04.695736+02:00
307243372,de:11000:900057102:1:50,-0.7,2026-10-02T01:01:04.695736+02:00
307243372,de:11000:900057104:2:51,-0.4,2026-10-02T01:01:04.695736+02:00
307243372,de:11000:900054104:1:50,-0.3,2026-10-02T01:01:04.695736+02:00
307243372,de:11000:900060101:1:50,-0.3,2026-10-02T01:01:04.695736+02:00
307243372,de:11000:900063101:1:50,-0.1,2026-10-02T01:01:04.695736+02:00
307243372,de:11000:900062202:1:50,-0.1,2026-10-02T01:01:04.695736+02:00
307243372,de:11000:900066102:1:50,-0.2,2026-10-02T01:01:04.695736+02:00
307243372,de:11000:900066101:1:50,-0.1,2026-10-02T01:01:04.695736+02:00
307243372,de:11000:900049202:1:50,-0.3,2026-10-02T01:01:04.695736+02:00
307243372,de:11000:900049201:1:50,-0.4,2026-10-02T01:01:04.695736+02:00
307243372,de:11000:900050301:1:50,0.0,2026-10-02T01:01:04.695736+02:00
307243372,de:11000:900050355:1:50,-0.1,2026-10-02T01:01:04.695736+02:00
307243372,de:11000:900052201:1:50,-0.5,2026-10-02T01:01:04.695736+02:00
307243372,de:11000:900053301:1:51,-0.9,2026-10-02T01:01:04.695736+02:00
306895941,de:12064:900320250::1,0.0,2026-10-02T01:01:04.695736+02:00
306895941,de:12064:900320267::2,0.0,2026-10-02T01:01:04.695736+02:00
306895941,de:12067:900310017::2,0.0,2026-10-02T01:01:04.695736+02:00
306895941,de:12067:900310509::1,0.0,2026-10-02T01:01:04.695736+02:00
306895941,de:12067:900310508::1,0.0,2026-10-02T01:01:04.695736+02:00
306895941,de:12067:900310580::2,0.0,2026-10-02T01:01:04.695736+02:00
306895941,de:12067:900310578::4,0.0,2026-10-02T01:01:04.695736+02:00
306895941,de:12067:900310534::2,0.0,2026-10-02T01:01:04.695736+02:00
306895941,de:11000:900310550::2,0.0,2026-10-02T01:01:04.695736+02:00
306895941,de:12067:900310572::2,0.0,2026-10-02T01:01:04.695736+02:00
306895941,de:12067:900310013::2,0.0,2026-10-02T01:01:04.695736+02:00
306895941,de:12067:900310563::3,0.0,2026-10-02T01:01:04.695736+02:00
306895941,de:12067:900310563::2,0.0,2026-10-02T01:01:04.695736+02:00
306895941,de:12067:900310569::1,0.0,2026-10-02T01:01:04.695736+02:00
306895941,de:12067:900310571::1,0.0,2026-10-02T01:01:04.695736+02:00
306895941,de:12067:900310579::1,0.0,2026-10-02T01:01:04.695736+02:00
306895941,de:12067:900310553::1,0.0,2026-10-02T01:01:04.695736+02:00
306895941,de:12067:900310558::2,0.0,2026-10-02T01:01:04.695736+02:00
306895941,de:12067:900310559::2,0.0,2026-10-02T01:01:04.695736+02:00
306895941,de:12067:900310560::1,0.0,2026-10-02T01:01:04.695736+02:00
306895941,de:12067:900310573::1,0.0,2026-10-02T01:01:04.695736+02:00
306895941,de:12067:900310581::1,0.0,2026-10-02T01:01:04.695736+02:00
306895941,de:12067:900310567::1,0.0,2026-10-02T01:01:04.695736+02:00
306895941,de:12067:900310561::1,0.0,2026-10-02T01:01:04.695736+02:00
306895941,de:12067:900310565::1,0.0,2026-10-02T01:01:04.695736+02:00
306896075,de:12067:900310558::2,0.0,2026-10-02T01:01:04.695736+02:00
306896075,de:12067:900310559::2,0.0,2026-10-02T01:01:04.695736+02:00
306896075,de:12067:900310563::4,0.0,2026-10-02T01:01:04.695736+02:00
306896075,de:12067:900310013::2,0.0,2026-10-02T01:01:04.695736+02:00
306896075,de:12067:900310572::1,0.0,2026-10-02T01:01:04.695736+02:00
306896075,de:11000:900310550::1,0.0,2026-10-02T01:01:04.695736+02:00
306896075,de:12067:900310534::1,0.0,2026-10-02T01:01:04.695736+02:00
306896075,de:12067:900310580::1,0.0,2026-10-02T01:01:04.695736+02:00
306896075,de:12067:900311095::1,0.0,2026-10-02T01:01:04.695736+02:00
306896075,de:12067:900311097::1,0.0,2026-10-02T01:01:04.695736+02:00
306896075,de:12067:900311096::2,0.0,2026-10-02T01:01:04.695736+02:00
306896075,de:12067:900310516::3,0.0,2026-10-02T01:01:04.695736+02:00
306896075,de:12067:900311014::1,0.0,2026-10-02T01:01:04.695736+02:00
306896075,de:12067:900311012::1,0.0,2026-10-02T01:01:04.695736+02:00
306896075,de:12067:900310574::1,0.0,2026-10-02T01:01:04.695736+02:00
306896075,de:12067:900310529::1,0.0,2026-10-02T01:01:04.695736+02:00
306896075,de:12067:900310503::1,0.0,2026-10-02T01:01:04.695736+02:00
306896075,de:12067:900310502::1,0.0,2026-10-02T01:01:04.695736+02:00
306896075,de:12067:900310014::1,0.0,2026-10-02T01:01:04.695736+02:00
306896075,de:12067:900310511::1,0.0,2026-10-02T01:01:04.695736+02:00
306896075,de:12067:900310501::1,0.0,2026-10-02T01:01:04.695736+02:00
306896075,de:12067:900310500::2,0.0,2026-10-02T01:01:04.695736+02:00
306896075,de:12067:900310021::2,0.0,2026-10-02T01:01:04.695736+02:00
306896177,de:12067:900310013::3,0.0,2026-10-02T01:01:04.695736+02:00
306896177,de:12067:900310563::3,0.0,2026-10-02T01:01:04.695736+02:00
306896177,de:12067:900310559::1,0.0,2026-10-02T01:01:04.695736+02:00
306896177,de:12067:900310558::1,0.0,2026-10-02T01:01:04.695736+02:00
306896177,de:12067:900310556::1,0.0,2026-10-02T01:01:04.695736+02:00
306896177,de:12067:900310621::1,0.0,2026-10-02T01:01:04.695736+02:00
306896177,de:12067:900310568::1,0.0,2026-10-02T01:01:04.695736+02:00
306896177,de:12067:900310955::1,0.0,2026-10-02T01:01:04.695736+02:00
306896177,de:12067:900310949::1,0.0,2026-10-02T01:01:04.695736+02:00
306896177,de:12067:900310952::1,0.0,2026-10-02T01:01:04.695736+02:00
306896177,de:12067:900310025::1,0.0,2026-10-02T01:01:04.695736+02:00
306896177,de:12067:900310015::1,0.0,2026-10-02T01:01:04.695736+02:00
306896242,de:12061:900260001::6,0.0,2026-10-02T01:01:04.695736+02:00
306896242,de:12061:900260798::1,0.0,2026-10-02T01:01:04.695736+02:00
306896242,de:12061:900260890::1,0.0,2026-10-02T01:01:04.695736+02:00
306896242,de:12061:900260887::1,0.0,2026-10-02T01:01:04.695736+02:00
306896242,de:12061:900260886::1,0.0,2026-10-02T01:01:04.695736+02:00
306896242,de:12061:900260888::1,0.0,2026-10-02T01:01:04.695736+02:00
306896242,de:12061:900260889::1,0.0,2026-10-02T01:01:04.695736+02:00
306896242,de:12061:900261047::1,0.0,2026-10-02T01:01:04.695736+02:00
306896242,de:12061:900261048::1,0.0,2026-10-02T01:01:04.695736+02:00
306896242,de:12061:900261051::1,0.0,2026-10-02T01:01:04.695736+02:00
306896242,de:12061:900261050::2,0.0,2026-10-02T01:01:04.695736+02:00
306896242,de:12061:900260170::1,0.0,2026-10-02T01:01:04.695736+02:00
306896242,de:12061:900260167::1,0.0,2026-10-02T01:01:04.695736+02:00
306896242,de:12061:900260168::1,0.0,2026-10-02T01:01:04.695736+02:00
306896242,de:12061:900260171::1,0.0,2026-10-02T01:01:04.695736+02:00
306896242,de:12061:900260166::1,0.0,2026-10-02T01:01:04.695736+02:00
306896242,de:12061:900260169::4,0.0,2026-10-02T01:01:04.695736+02:00
306896242,de:12061:900260165::1,0.0,2026-10-02T01:01:04.695736+02:00
306896242,de:12067:900310950::2,0.0,2026-10-02T01:01:04.695736+02:00
306896242,de:12067:900310955::2,0.0,2026-10-02T01:01:04.695736+02:00
306896242,de:12067:900310568::2,0.0,2026-10-02T01:01:04.695736+02:00
306896242,de:12067:900310556::2,0.0,2026-10-02T01:01:04.695736+02:00
306896242,de:12067:900310558::4,0.0,2026-10-02T01:01:04.695736+02:00
306896242,de:12067:900310559::2,0.0,2026-10-02T01:01:04.695736+02:00
306896242,de:12067:900310563::4,0.0,2026-10-02T01:01:04.695736+02:00
306896242,de:12067:900310013::7,0.0,2026-10-02T01:01:04.695736+02:00
295883487,de:11000:900100020:3:55,0.0,2026-10-02T01:01:04.695736+02:00
295883487,de:11000:900012101:1:51,-0.5,2026-10-02T01:01:04.695736+02:00
295883487,de:11000:900057102:1:50,-0.7,2026-10-02T01:01:04.695736+02:00
295883487,de:11000:900057104:2:51,-0.4,2026-10-02T01:01:04.695736+02:00
295883487,de:11000:900054104:1:50,-0.3,2026-10-02T01:01:04.695736+02:00
295883487,de:11000:900060101:1:50,-0.3,2026-10-02T01:01:04.695736+02:00
295883487,de:11000:900063101:1:50,-0.1,2026-10-02T01:01:04.695736+02:00
295883487,de:11000:900062202:1:50,-0.1,2026-10-02T01:01:04.695736+02:00
295883487,de:11000:900066102:1:50,-0.2,2026-10-02T01:01:04.695736+02:00
295883487,de:11000:900066101:1:50,-0.1,2026-10-02T01:01:04.695736+02:00
295883487,de:11000:900049202:1:50,-0.3,2026-10-02T01:01:04.695736+02:00
295883487,de:11000:900049201:1:50,-0.4,2026-10-02T01:01:04.695736+02:00
306896343,de:12067:900310013::4,0.0,2026-10-02T01:01:04.695736+02:00
306896343,de:12067:900310563::3,0.0,2026-10-02T01:01:04.695736+02:00
306896343,de:12067:900310563::4,0.0,2026-10-02T01:01:04.695736+02:00
306896343,de:12067:900310557::3,0.0,2026-10-02T01:01:04.695736+02:00
306896343,de:12067:900310555::1,0.0,2026-10-02T01:01:04.695736+02:00
306896343,de:12067:900310852::1,0.0,2026-10-02T01:01:04.695736+02:00
306896343,de:12067:900310850::1,0.0,2026-10-02T01:01:04.695736+02:00
306896343,de:12067:900310851::1,0.0,2026-10-02T01:01:04.695736+02:00
306896343,de:12067:900310849::1,0.0,2026-10-02T01:01:04.695736+02:00
306896343,de:12067:900310856::1,0.0,2026-10-02T01:01:04.695736+02:00
306896343,de:12067:900310844::1,0.0,2026-10-02T01:01:04.695736+02:00
306896343,de:12067:900310855::1,0.0,2026-10-02T01:01:04.695736+02:00
306896343,de:12067:900311970::1,0.0,2026-10-02T01:01:04.695736+02:00
306896343,de:12067:900310853::1,0.0,2026-10-02T01:01:04.695736+02:00
306896343,de:12067:900310845::1,0.0,2026-10-02T01:01:04.695736+02:00
306896343,de:12067:900310857::1,0.0,2026-10-02T01:01:04.695736+02:00
306896343,de:12067:900310854::1,0.0,2026-10-02T01:01:04.695736+02:00
306896343,de:12067:900310846::1,0.0,2026-10-02T01:01:04.695736+02:00
306896343,de:12067:900310847::1,0.0,2026-10-02T01:01:04.695736+02:00
306896343,de:12067:900310890::1,0.0,2026-10-02T01:01:04.695736+02:00
306896343,de:12067:900310889::1,0.0,2026-10-02T01:01:04.695736+02:00
306896343,de:12067:900310882::1,0.0,2026-10-02T01:01:04.695736+02:00
306896343,de:12067:900310920::1,0.0,2026-10-02T01:01:04.695736+02:00
306896343,de:12067:900310883::1,0.0,2026-10-02T01:01:04.695736+02:00
306896343,de:12067:900310885::1,0.0,2026-10-02T01:01:04.695736+02:00
306896343,de:12067:900310881::1,0.0,2026-10-02T01:01:04.695736+02:00
306896343,de:12067:900310888::1,0.0,2026-10-02T01:01:04.695736+02:00
306896343,de:12067:900310919::1,0.0,2026-10-02T01:01:04.695736+02:00
306896343,de:12064:900320891::1,0.0,2026-10-02T01:01:04.695736+02:00
306896343,de:12064:900320888::4,0.0,2026-10-02T01:01:04.695736+02:00
306896343,de:12064:900320886::1,0.0,2026-10-02T01:01:04.695736+02:00
306896343,de:12064:900320284::1,0.0,2026-10-02T01:01:04.695736+02:00
306896343,de:12064:900320278::1,0.0,2026-10-02T01:01:04.695736+02:00
306896343,de:12064:900320274::1,0.0,2026-10-02T01:01:04.695736+02:00
295883518,de:11000:900049201:1:51,0.0,2026-10-02T01:01:04.695736+02:00
295883518,de:11000:900049202:1:51,0.0,2026-10-02T01:01:04.695736+02:00
295883518,de:11000:900066101:1:51,-0.3,2026-10-02T01:01:04.695736+02:00
295883518,de:11000:900066102:1:51,-0.2,2026-10-02T01:01:04.695736+02:00
295883518,de:11000:900062202:1:51,-0.2,2026-10-02T01:01:04.695736+02:00
295883518,de:11000:900063101:1:51,-0.2,2026-10-02T01:01:04.695736+02:00
295883518,de:11000:900060101:1:51,-0.9,2026-10-02T01:01:04.695736+02:00
295883518,de:11000:900054104:1:51,-0.9,2026-10-02T01:01:04.695736+02:00
295883518,de:11000:900057104:1:50,-0.4,2026-10-02T01:01:04.695736+02:00
295883518,de:11000:900057102:1:51,-0.1,2026-10-02T01:01:04.695736+02:00
295883518,de:11000:900012101:2:52,-0.8,2026-10-02T01:01:04.695736+02:00
295883518,de:11000:900100020:4:57,-0.9,2026-10-02T01:01:04.695736+02:00
295883474,de:11000:900100020:3:55,0.0,2026-10-02T01:01:04.695736+02:00
295883474,de:11000:900012101:1:51,-0.5,2026-10-02T01:01:04.695736+02:00
295883474,de:11000:900057102:1:50,-0.7,2026-10-02T01:01:04.695736+02:00
295883474,de:11000:900057104:2:51,-0.4,2026-10-02T01:01:04.695736+02:00
295883474,de:11000:900054104:1:50,-0.3,2026-10-02T01:01:04.695736+02:00
295883474,de:11000:900060101:1:50,-0.3,2026-10-02T01:01:04.695736+02:00
295883474,de:11000:900063101:1:50,-0.1,2026-10-02T01:01:04.695736+02:00
295883474,de:11000:900062202:1:50,-0.1,2026-10-02T01:01:04.695736+02:00
295883474,de:11000:900066102:1:50,-0.2,2026-10-02T01:01:04.695736+02:00
295883474,de:11000:900066101:1:50,-0.1,2026-10-02T01:01:04.695736+02:00
295883474,de:11000:900049202:1:50,-0.3,2026-10-02T01:01:04.695736+02:00
295883474,de:11000:900049201:1:50,-0.4,2026-10-02T01:01:04.695736+02:00
306896503,de:12067:900310001::3,0.0,2026-10-02T01:01:04.695736+02:00
306896503,de:12067:900311149::1,0.0,2026-10-02T01:01:04.695736+02:00
306896503,de:12067:900311135::1,0.0,2026-10-02T01:01:04.695736+02:00
306896503,de:12067:900311150::1,0.0,2026-10-02T01:01:04.695736+02:00
306896503,de:12067:900310804::1,0.0,2026-10-02T01:01:04.695736+02:00
306896503,de:12067:900310628::2,0.0,2026-10-02T01:01:04.695736+02:00
306896503,de:12067:900310793::2,0.0,2026-10-02T01:01:04.695736+02:00
306896503,de:12067:900310774::1,0.0,2026-10-02T01:01:04.695736+02:00
306896503,de:12067:900310792::1,0.0,2026-10-02T01:01:04.695736+02:00
306896503,de:12067:900310825::1,0.0,2026-10-02T01:01:04.695736+02:00
306896503,de:12067:900310813::1,0.0,2026-10-02T01:01:04.695736+02:00
306896503,de:12067:900310803::1,0.0,2026-10-02T01:01:04.695736+02:00
306896503,de:12067:900310802::1,0.0,2026-10-02T01:01:04.695736+02:00
306896503,de:12067:900310712::1,0.0,2026-10-02T01:01:04.695736+02:00
306896503,de:12067:900310713::1,0.0,2026-10-02T01:01:04.695736+02:00
306896503,de:12067:900310877::1,0.0,2026-10-02T01:01:04.695736+02:00
306896503,de:12067:900310713::2,0.0,2026-10-02T01:01:04.695736+02:00
306896503,de:12067:900310711::1,0.0,2026-10-02T01:01:04.695736+02:00
306896503,de:12067:900311015::3,0.0,2026-10-02T01:01:04.695736+02:00
306896503,de:12067:900310831::1,0.0,2026-10-02T01:01:04.695736+02:00
306896503,de:12067:900311015::4,0.0,2026-10-02T01:01:04.695736+02:00
306896503,de:12064:900320277::1,0.0,2026-10-02T01:01:04.695736+02:00
306896503,de:12064:900320279::1,-0.5,2026-10-02T01:01:04.695736+02:00
306896503,de:12064:900320229::1,-0.5,2026-10-02T01:01:04.695736+02:00
306896503,de:12064:900320280::1,0.0,2026-10-02T01:01:04.695736+02:00
306896503,de:12064:900320228::1,0.0,2026-10-02T01:01:04.695736+02:00
295883469,de:11000:900100020:3:55,0.0,2026-10-02T01:01:04.695736+02:00
295883469,de:11000:900012101:1:51,-0.5,2026-10-02T01:01:04.695736+02:00
295883469,de:11000:900057102:1:50,-0.7,2026-10-02T01:01:04.695736+02:00
295883469,de:11000:900057104:2:51,-0.4,2026-10-02T01:01:04.695736+02:00
295883469,de:11000:900054104:1:50,-0.3,2026-10-02T01:01:04.695736+02:00
295883469,de:11000:900060101:1:50,-0.3,2026-10-02T01:01:04.695736+02:00
295883469,de:11000:900063101:1:50,-0.1,2026-10-02T01:01:04.695736+02:00
295883469,de:11000:900062202:1:50,-0.1,2026-10-02T01:01:04.695736+02:00
295883469,de:11000:900066102:1:50,-0.2,2026-10-02T01:01:04.695736+02:00
295883469,de:11000:900066101:1:50,-0.1,2026-10-02T01:01:04.695736+02:00
295883469,de:11000:900049202:1:50,-0.3,2026-10-02T01:01:04.695736+02:00
295883469,de:11000:900049201:1:50,-0.4,2026-10-02T01:01:04.695736+02:00
306896807,de:12067:900310001::4,0.0,2026-10-02T01:01:04.695736+02:00
306896807,de:12067:900310816::1,0.0,2026-10-02T01:01:04.695736+02:00
306896807,de:12067:900310627::1,0.0,2026-10-02T01:01:04.695736+02:00
306896807,de:12067:900310781::1,0.0,2026-10-02T01:01:04.695736+02:00
306896807,de:12067:900310822::1,0.0,2026-10-02T01:01:04.695736+02:00
306896807,de:12067:900310808::1,0.0,2026-10-02T01:01:04.695736+02:00
306896807,de:12067:900310779::1,0.0,2026-10-02T01:01:04.695736+02:00
306896807,de:12067:900310995::1,0.0,2026-10-02T01:01:04.695736+02:00
306896807,de:12067:900311104::1,0.0,2026-10-02T01:01:04.695736+02:00
306896807,de:12067:900310784::1,0.0,2026-10-02T01:01:04.695736+02:00
306896807,de:12067:900310786::1,0.0,2026-10-02T01:01:04.695736+02:00
306896807,de:12067:900310994::1,0.0,2026-10-02T01:01:04.695736+02:00
306896807,de:12067:900310993::1,0.0,2026-10-02T01:01:04.695736+02:00
306896807,de:12067:900310991::1,0.0,2026-10-02T01:01:04.695736+02:00
306896807,de:12067:900310904::1,0.0,2026-10-02T01:01:04.695736+02:00
306896807,de:12067:900311118::1,0.0,2026-10-02T01:01:04.695736+02:00
306896807,de:12067:900311059::1,0.0,2026-10-02T01:01:04.695736+02:00
306896807,de:12067:900311110::3,0.0,2026-10-02T01:01:04.695736+02:00
306896807,de:12067:900311055::1,0.0,2026-10-02T01:01:04.695736+02:00
306896807,de:12067:900311054::1,0.0,2026-10-02T01:01:04.695736+02:00
306896807,de:12067:900311110::1,0.0,2026-10-02T01:01:04.695736+02:00
306896807,de:12067:900311058::1,0.0,2026-10-02T01:01:04.695736+02:00
306896807,de:12067:900310611::2,0.0,2026-10-02T01:01:04.695736+02:00
306896570,de:12067:900310001::3,0.0,2026-10-02T01:01:04.695736+02:00
306896570,de:12067:900311149::1,0.0,2026-10-02T01:01:04.695736+02:00
306896570,de:12067:900311135::1,0.0,2026-10-02T01:01:04.695736+02:00
306896570,de:12067:900311150::1,0.0,2026-10-02T01:01:04.695736+02:00
306896570,de:12067:900310804::1,0.0,2026-10-02T01:01:04.695736+02:00
306896570,de:12067:900310814::1,0.0,2026-10-02T01:01:04.695736+02:00
306896570,de:12067:900310775::1,0.0,2026-10-02T01:01:04.695736+02:00
306896570,de:12067:900310818::1,0.0,2026-10-02T01:01:04.695736+02:00
306896570,de:12067:900310961::1,0.0,2026-10-02T01:01:04.695736+02:00
306896570,de:12067:900310960::1,0.0,2026-10-02T01:01:04.695736+02:00
306896570,de:12067:900310746::1,0.0,2026-10-02T01:01:04.695736+02:00
306896570,de:12067:900311108::1,0.0,2026-10-02T01:01:04.695736+02:00
306896570,de:12067:900311044::1,0.0,2026-10-02T01:01:04.695736+02:00
306896570,de:12067:900311047::1,0.0,2026-10-02T01:01:04.695736+02:00
306896570,de:12067:900310633::1,0.0,2026-10-02T01:01:04.695736+02:00
306896570,de:12067:900311046::1,0.0,2026-10-02T01:01:04.695736+02:00
306896570,de:12067:900310871::1,0.0,2026-10-02T01:01:04.695736+02:00
306896570,de:12067:900310080::1,0.0,2026-10-02T01:01:04.695736+02:00
306896570,de:12067:900310081::1,0.0,2026-10-02T01:01:04.695736+02:00
306896570,de:12067:900310710::1,0.0,2026-10-02T01:01:04.695736+02:00
306896570,de:12067:900310708::1,0.0,2026-10-02T01:01:04.695736+02:00
307252363,de:11000:900003200:5:58,0.0,2026-10-02T01:01:04.695736+02:00
307252363,de:11000:900009104:1:50,-0.8,2026-10-02T01:01:04.695736+02:00
307252363,de:11000:900007102:2:52,-0.4,2026-10-02T01:01:04.695736+02:00
307252355,de:11000:900003200:5:58,0.0,2026-10-02T01:01:04.695736+02:00
307252355,de:11000:900009104:1:50,-0.8,2026-10-02T01:01:04.695736+02:00
307252355,de:11000:900007102:2:52,-0.4,2026-10-02T01:01:04.695736+02:00
307252350,de:11000:900003200:5:58,0.0,2026-10-02T01:01:04.695736+02:00
307252350,de:11000:900009104:1:50,-0.8,2026-10-02T01:01:04.695736+02:00
307252350,de:11000:900007102:2:52,-0.4,2026-10-02T01:01:04.695736+02:00
306896693,de:12067:900310001::4,0.0,2026-10-02T01:01:04.695736+02:00
306896693,de:12067:900310816::1,0.0,2026-10-02T01:01:04.695736+02:00
306896693,de:12067:900310627::1,0.0,2026-10-02T01:01:04.695736+02:00
306896693,de:12067:900310781::1,0.0,2026-10-02T01:01:04.695736+02:00
306896693,de:12067:900310822::1,0.0,2026-10-02T01:01:04.695736+02:00
306896693,de:12067:900310808::1,0.0,2026-10-02T01:01:04.695736+02:00
306896693,de:12067:900310779::1,0.0,2026-10-02T01:01:04.695736+02:00
306896693,de:12067:900310995::2,0.0,2026-10-02T01:01:04.695736+02:00
306896693,de:12067:900310992::1,-0.5,2026-10-02T01:01:04.695736+02:00
306896693,de:12067:900310989::1,0.0,2026-10-02T01:01:04.695736+02:00
306896693,de:12067:900310990::1,0.0,2026-10-02T01:01:04.695736+02:00
306896693,de:12067:900310991::1,0.0,2026-10-02T01:01:04.695736+02:00
306896693,de:12067:900310904::1,0.0,2026-10-02T01:01:04.695736+02:00
306896693,de:12067:900311118::1,0.0,2026-10-02T01:01:04.695736+02:00
306896693,de:12067:900310966::1,0.0,2026-10-02T01:01:04.695736+02:00
306896693,de:12067:900310997::1,0.0,2026-10-02T01:01:04.695736+02:00
306896693,de:12067:900310998::1,0.0,2026-10-02T01:01:04.695736+02:00
306896693,de:12067:900310997::2,0.0,2026-10-02T01:01:04.695736+02:00
306896693,de:12067:900310966::2,0.0,2026-10-02T01:01:04.695736+02:00
306896693,de:12067:900311118::2,0.0,2026-10-02T01:01:04.695736+02:00
306896693,de:12067:900311059::1,0.0,2026-10-02T01:01:04.695736+02:00
306896693,de:12067:900311110::3,0.0,2026-10-02T01:01:04.695736+02:00
306896693,de:12067:900311058::1,0.0,2026-10-02T01:01:04.695736+02:00
306896693,de:12067:900310611::2,0.0,2026-10-02T01:01:04.695736+02:00
295882562,de:11000:900053301:2:52,0.0,2026-10-02T01:01:04.695736+02:00
295882562,de:11000:900052201:1:51,0.0,2026-10-02T01:01:04.695736+02:00
295882562,de:11000:900050355:1:51,-0.3,2026-10-02T01:01:04.695736+02:00
295882562,de:11000:900050301:1:51,-0.4,2026-10-02T01:01:04.695736+02:00
295882562,de:11000:900049201:1:51,0.0,2026-10-02T01:01:04.695736+02:00
295882562,de:11000:900049202:1:51,0.0,2026-10-02T01:01:04.695736+02:00
295882562,de:11000:900066101:1:51,-0.3,2026-10-02T01:01:04.695736+02:00
295882562,de:11000:900066102:1:51,-0.2,2026-10-02T01:01:04.695736+02:00
295882562,de:11000:900062202:1:51,-0.2,2026-10-02T01:01:04.695736+02:00
295882562,de:11000:900063101:1:51,-0.2,2026-10-02T01:01:04.695736+02:00
295882562,de:11000:900060101:1:51,-0.9,2026-10-02T01:01:04.695736+02:00
295882562,de:11000:900054104:1:51,-0.9,2026-10-02T01:01:04.695736+02:00
295882562,de:11000:900057104:1:50,-0.4,2026-10-02T01:01:04.695736+02:00
295882562,de:11000:900057102:1:51,-0.1,2026-10-02T01:01:04.695736+02:00
295882562,de:11000:900012101:2:52,-0.9,2026-10-02T01:01:04.695736+02:00
295882562,de:11000:900100020:4:57,-0.3,2026-10-02T01:01:04.695736+02:00
295882562,de:11000:900100025:1:51,-0.4,2026-10-02T01:01:04.695736+02:00
295882562,de:11000:900100001:4:57,-0.1,2026-10-02T01:01:04.695736+02:00
295882562,de:11000:900100007:1:51,-0.2,2026-10-02T01:01:04.695736+02:00
295882562,de:11000:900007104:2:52,-0.2,2026-10-02T01:01:04.695736+02:00
295882562,de:11000:900008101:1:51,-0.9,2026-10-02T01:01:04.695736+02:00
295882562,de:11000:900007102:2:53,-0.6,2026-10-02T01:01:04.695736+02:00
295882562,de:11000:900110011:2:53,-0.9,2026-10-02T01:01:04.695736+02:00
295882562,de:11000:900085201:1:50,-0.9,2026-10-02T01:01:04.695736+02:00
295882562,de:11000:900084101:1:50,-0.7,2026-10-02T01:01:04.695736+02:00
295882562,de:11000:900096101:1:50,-0.8,2026-10-02T01:01:04.695736+02:00
295882562,de:11000:900094101:1:50,-0.1,2026-10-02T01:01:04.695736+02:00
295882562,de:11000:900093201:1:50,-0.4,2026-10-02T01:01:04.695736+02:00
295882562,de:11000:900092201:1:50,-0.2,2026-10-02T01:01:04.695736+02:00
306896953,de:12067:900310001::3,0.0,2026-10-02T01:01:04.695736+02:00
306896953,de:12067:900310816::1,0.0,2026-10-02T01:01:04.695736+02:00
306896953,de:12067:900310627::1,0.0,2026-10-02T01:01:04.695736+02:00
306896953,de:12067:900310781::1,0.0,2026-10-02T01:01:04.695736+02:00
306896953,de:12067:900310822::1,0.0,2026-10-02T01:01:04.695736+02:00
306896953,de:12067:900310771::1,0.0,2026-10-02T01:01:04.695736+02:00
306896953,de:12067:900310800::1,0.0,2026-10-02T01:01:04.695736+02:00
306896953,de:12067:900310879::1,0.0,2026-10-02T01:01:04.695736+02:00
306896953,de:12067:900310010::4,0.0,2026-10-02T01:01:04.695736+02:00
306896953,de:12067:900310880::1,0.0,2026-10-02T01:01:04.695736+02:00
306896953,de:12067:900310900::1,0.0,2026-10-02T01:01:04.695736+02:00
306896953,de:12067:900310917::1,0.0,2026-10-02T01:01:04.695736+02:00
306896953,de:12067:900310916::1,-0.5,2026-10-02T01:01:04.695736+02:00
306896953,de:12067:900310915::1,-0.5,2026-10-02T01:01:04.695736+02:00
306896953,de:12067:900310703::1,0.0,2026-10-02T01:01:04.695736+02:00
306896953,de:12067:900310979::1,0.0,2026-10-02T01:01:04.695736+02:00
306896953,de:12067:900310946::1,0.0,2026-10-02T01:01:04.695736+02:00
306896953,de:12067:900310110::1,0.0,2026-10-02T01:01:04.695736+02:00
306896953,de:12067:900310040::1,0.0,2026-10-02T01:01:04.695736+02:00
306896953,de:12067:900310109::1,0.0,2026-10-02T01:01:04.695736+02:00
306896953,de:12067:900310631::1,0.0,2026-10-02T01:01:04.695736+02:00
306896953,de:12067:900310106::1,0.0,2026-10-02T01:01:04.695736+02:00
306896953,de:12067:900310115::1,0.0,2026-10-02T01:01:04.695736+02:00
306896953,de:12067:900310119::1,0.0,2026-10-02T01:01:04.695736+02:00
306896953,de:12067:900310114::1,0.0,2026-10-02T01:01:04.695736+02:00
306896953,de:12067:900310103::1,0.0,2026-10-02T01:01:04.695736+02:00
306896953,de:12067:900310102::1,0.0,2026-10-02T01:01:04.695736+02:00
306896953,de:12067:900310104::1,0.0,2026-10-02T01:01:04.695736+02:00
306896953,de:12067:900310116::1,0.0,2026-10-02T01:01:04.695736+02:00
306896953,de:12067:900310113::1,0.0,2026-10-02T01:01:04.695736+02:00
306896953,de:12067:900310107::1,0.0,2026-10-02T01:01:04.695736+02:00
306896953,de:12067:900311082::1,0.0,2026-10-02T01:01:04.695736+02:00
306896953,de:12067:900310751::1,0.0,2026-10-02T01:01:04.695736+02:00
306896953,de:12067:900311077::1,0.0,2026-10-02T01:01:04.695736+02:00
306896953,de:12067:900311078::1,0.0,2026-10-02T01:01:04.695736+02:00
306896953,de:12067:900310613::1,0.0,2026-10-02T01:01:04.695736+02:00
306896953,de:12067:900311076::2,0.0,2026-10-02T01:01:04.695736+02:00
306896953,de:12067:900311009::1,0.0,2026-10-02T01:01:04.695736+02:00
306896958,de:12067:900311308::6,0.0,2026-10-02T01:01:04.695736+02:00
306896958,de:12067:900311335::1,0.0,2026-10-02T01:01:04.695736+02:00
306896958,de:12067:900311339::1,0.0,2026-10-02T01:01:04.695736+02:00
306896958,de:12067:900311340::1,0.0,2026-10-02T01:01:04.695736+02:00
306896958,de:12067:900311339::2,0.0,2026-10-02T01:01:04.695736+02:00
306896958,de:12067:900311341::1,0.0,2026-10-02T01:01:04.695736+02:00
306896958,de:12067:900311345::1,0.0,2026-10-02T01:01:04.695736+02:00
306896958,de:12067:900311359::1,0.0,2026-10-02T01:01:04.695736+02:00
306896958,de:12067:900310027::1,0.0,2026-10-02T01:01:04.695736+02:00
306896958,de:12067:900311317::1,0.0,2026-10-02T01:01:04.695736+02:00
306896958,de:12067:900311384::1,0.0,2026-10-02T01:01:04.695736+02:00
306896958,de:12067:900311316::1,0.0,2026-10-02T01:01:04.695736+02:00
306896958,de:12067:900311376::1,0.0,2026-10-02T01:01:04.695736+02:00
306896958,de:12067:900311377::1,0.0,2026-10-02T01:01:04.695736+02:00
306896958,de:12067:900311362::1,0.0,2026-10-02T01:01:04.695736+02:00
306896958,de:12067:900311363::1,0.0,2026-10-02T01:01:04.695736+02:00
306896958,de:12067:900311365::1,0.0,2026-10-02T01:01:04.695736+02:00
306896958,de:12067:900311374::1,0.0,2026-10-02T01:01:04.695736+02:00
306896958,de:12067:900311364::2,0.0,2026-10-02T01:01:04.695736+02:00
306896958,de:12067:900311371::2,0.0,2026-10-02T01:01:04.695736+02:00
306896958,de:12067:900311336::1,0.0,2026-10-02T01:01:04.695736+02:00
306896958,de:12067:900311352::1,0.0,2026-10-02T01:01:04.695736+02:00
306896958,de:12067:900311333::1,0.0,2026-10-02T01:01:04.695736+02:00
306896958,de:12067:900311334::1,0.0,2026-10-02T01:01:04.695736+02:00
306896958,de:12067:900311304::1,0.0,2026-10-02T01:01:04.695736+02:00
306896958,de:12067:900311305::2,0.0,2026-10-02T01:01:04.695736+02:00
306896958,de:12067:900311383::6,0.0,2026-10-02T01:01:04.695736+02:00
306896958,de:12067:900311353::1,0.0,2026-10-02T01:01:04.695736+02:00
306896958,de:12067:900311321::1,0.0,2026-10-02T01:01:04.695736+02:00
306896958,de:12067:900311350::2,0.0,2026-10-02T01:01:04.695736+02:00
306896958,de:12067:900311348::2,0.0,2026-10-02T01:01:04.695736+02:00
306896958,de:12067:900311308::4,0.0,2026-10-02T01:01:04.695736+02:00
295882556,de:11000:900053301:2:52,0.0,2026-10-02T01:01:04.695736+02:00
295882556,de:11000:900052201:1:51,0.0,2026-10-02T01:01:04.695736+02:00
295882556,de:11000:900050355:1:51,-0.3,2026-10-02T01:01:04.695736+02:00
295882556,de:11000:900050301:1:51,-0.4,2026-10-02T01:01:04.695736+02:00
295882556,de:11000:900049201:1:51,0.0,2026-10-02T01:01:04.695736+02:00
295882556,de:11000:900049202:1:51,0.0,2026-10-02T01:01:04.695736+02:00
295882556,de:11000:900066101:1:51,-0.3,2026-10-02T01:01:04.695736+02:00
295882556,de:11000:900066102:1:51,-0.2,2026-10-02T01:01:04.695736+02:00
295882556,de:11000:900062202:1:51,-0.2,2026-10-02T01:01:04.695736+02:00
295882556,de:11000:900063101:1:51,-0.2,2026-10-02T01:01:04.695736+02:00
295882556,de:11000:900060101:1:51,-0.9,2026-10-02T01:01:04.695736+02:00
295882556,de:11000:900054104:1:51,-0.9,2026-10-02T01:01:04.695736+02:00
295882556,de:11000:900057104:1:50,-0.4,2026-10-02T01:01:04.695736+02:00
295882556,de:11000:900057102:1:51,-0.1,2026-10-02T01:01:04.695736+02:00
295882556,de:11000:900012101:2:52,-0.9,2026-10-02T01:01:04.695736+02:00
295882556,de:11000:900100020:4:57,-0.3,2026-10-02T01:01:04.695736+02:00
295882556,de:11000:900100025:1:51,-0.4,2026-10-02T01:01:04.695736+02:00
295882556,de:11000:900100001:4:57,-0.1,2026-10-02T01:01:04.695736+02:00
295882556,de:11000:900100007:1:51,-0.2,2026-10-02T01:01:04.695736+02:00
295882556,de:11000:900007104:2:52,-0.2,2026-10-02T01:01:04.695736+02:00
295882556,de:11000:900008101:1:51,-0.9,2026-10-02T01:01:04.695736+02:00
295882556,de:11000:900007102:2:53,-0.6,2026-10-02T01:01:04.695736+02:00
295882556,de:11000:900110011:2:53,-0.9,2026-10-02T01:01:04.695736+02:00
295882556,de:11000:900085201:1:50,-0.9,2026-10-02T01:01:04.695736+02:00
295882556,de:11000:900084101:1:50,-0.7,2026-10-02T01:01:04.695736+02:00
295882556,de:11000:900096101:1:50,-0.8,2026-10-02T01:01:04.695736+02:00
295882556,de:11000:900094101:1:50,-0.1,2026-10-02T01:01:04.695736+02:00
295882556,de:11000:900093201:1:50,-0.4,2026-10-02T01:01:04.695736+02:00
295882556,de:11000:900092201:1:50,-0.2,2026-10-02T01:01:04.695736+02:00
295882543,de:11000:900053301:2:52,0.0,2026-10-02T01:01:04.695736+02:00
295882543,de:11000:900052201:1:51,0.0,2026-10-02T01:01:04.695736+02:00
295882543,de:11000:900050355:1:51,-0.3,2026-10-02T01:01:04.695736+02:00
295882543,de:11000:900050301:1:51,-0.4,2026-10-02T01:01:04.695736+02:00
295882543,de:11000:900049201:1:51,0.0,2026-10-02T01:01:04.695736+02:00
295882543,de:11000:900049202:1:51,0.0,2026-10-02T01:01:04.695736+02:00
295882543,de:11000:900066101:1:51,-0.3,2026-10-02T01:01:04.695736+02:00
295882543,de:11000:900066102:1:51,-0.2,2026-10-02T01:01:04.695736+02:00
295882543,de:11000:900062202:1:51,-0.2,2026-10-02T01:01:04.695736+02:00
295882543,de:11000:900063101:1:51,-0.2,2026-10-02T01:01:04.695736+02:00
295882543,de:11000:900060101:1:51,-0.9,2026-10-02T01:01:04.695736+02:00
295882543,de:11000:900054104:1:51,-0.9,2026-10-02T01:01:04.695736+02:00
295882543,de:11000:900057104:1:50,-0.4,2026-10-02T01:01:04.695736+02:00
295882543,de:11000:900057102:1:51,-0.1,2026-10-02T01:01:04.695736+02:00
295882543,de:11000:900012101:2:52,-0.9,2026-10-02T01:01:04.695736+02:00
295882543,de:11000:900100020:4:57,-0.3,2026-10-02T01:01:04.695736+02:00
295882543,de:11000:900100025:1:51,-0.4,2026-10-02T01:01:04.695736+02:00
295882543,de:11000:900100001:4:57,-0.1,2026-10-02T01:01:04.695736+02:00
295882543,de:11000:900100007:1:51,-0.2,2026-10-02T01:01:04.695736+02:00
295882543,de:11000:900007104:2:52,-0.2,2026-10-02T01:01:04.695736+02:00
295882543,de:11000:900008101:1:51,-0.9,2026-10-02T01:01:04.695736+02:00
295882543,de:11000:900007102:2:53,-0.6,2026-10-02T01:01:04.695736+02:00
295882543,de:11000:900110011:2:53,-0.9,2026-10-02T01:01:04.695736+02:00
295882543,de:11000:900085201:1:50,-0.9,2026-10-02T01:01:04.695736+02:00
295882543,de:11000:900084101:1:50,-0.7,2026-10-02T01:01:04.695736+02:00
295882543,de:11000:900096101:1:50,-0.8,2026-10-02T01:01:04.695736+02:00
295882543,de:11000:900094101:1:50,-0.1,2026-10-02T01:01:04.695736+02:00
295882543,de:11000:900093201:1:50,-0.4,2026-10-02T01:01:04.695736+02:00
295882543,de:11000:900092201:1:50,-0.2,2026-10-02T01:01:04.695736+02:00
295882454,de:11000:900092201:1:50,0.0,2026-10-02T01:01:04.695736+02:00
295882454,de:11000:900093201:1:51,-0.4,2026-10-02T01:01:04.695736+02:00
295882454,de:11000:900094101:1:51,-0.3,2026-10-02T01:01:04.695736+02:00
295882454,de:11000:900096101:1:51,-0.1,2026-10-02T01:01:04.695736+02:00
295882454,de:11000:900084101:1:51,-0.2,2026-10-02T01:01:04.695736+02:00
295882454,de:11000:900085201:1:51,-0.8,2026-10-02T01:01:04.695736+02:00
295882454,de:11000:900130003:1:51,-0.8,2026-10-02T01:01:04.695736+02:00
295882454,de:11000:900110011:1:50,-0.9,2026-10-02T01:01:04.695736+02:00
295882454,de:11000:900007102:1:50,-0.9,2026-10-02T01:01:04.695736+02:00
295882454,de:11000:900008101:1:50,0.0,2026-10-02T01:01:04.695736+02:00
295882454,de:11000:900007104:1:51,-0.7,2026-10-02T01:01:04.695736+02:00
295882454,de:11000:900100007:1:50,-0.7,2026-10-02T01:01:04.695736+02:00
295882454,de:11000:900100001:4:56,-0.5,2026-10-02T01:01:04.695736+02:00
295882454,de:11000:900100025:1:50,-0.4,2026-10-02T01:01:04.695736+02:00
295882454,de:11000:900100020:3:54,-0.4,2026-10-02T01:01:04.695736+02:00
295882454,de:11000:900012101:1:51,-0.5,2026-10-02T01:01:04.695736+02:00
295882454,de:11000:900057102:1:50,-0.7,2026-10-02T01:01:04.695736+02:00
295882454,de:11000:900057104:2:51,-0.4,2026-10-02T01:01:04.695736+02:00
295882454,de:11000:900054104:1:50,-0.3,2026-10-02T01:01:04.695736+02:00
295882454,de:11000:900060101:1:50,-0.3,2026-10-02T01:01:04.695736+02:00
295882454,de:11000:900063101:1:50,-0.1,2026-10-02T01:01:04.695736+02:00
295882454,de:11000:900062202:1:50,-0.1,2026-10-02T01:01:04.695736+02:00
295882454,de:11000:900066102:1:50,-0.2,2026-10-02T01:01:04.695736+02:00
295882454,de:11000:900066101:1:50,-0.1,2026-10-02T01:01:04.695736+02:00
295882454,de:11000:900049202:1:50,-0.3,2026-10-02T01:01:04.695736+02:00
295882454,de:11000:900049201:1:50,-0.4,2026-10-02T01:01:04.695736+02:00
295882454,de:11000:900050301:1:50,0.0,2026-10-02T01:01:04.695736+02:00
295882454,de:11000:900050355:1:50,-0.1,2026-10-02T01:01:04.695736+02:00
295882454,de:11000:900052201:1:50,-0.5,2026-10-02T01:01:04.695736+02:00
295882454,de:11000:900053301:1:51,-0.9,2026-10-02T01:01:04.695736+02:00
306895358,de:12067:900310611::1,0.0,2026-10-02T01:01:04.695736+02:00
306895358,de:12067:900311058::2,0.0,2026-10-02T01:01:04.695736+02:00
306895358,de:12067:900311110::4,0.0,2026-10-02T01:01:04.695736+02:00
306895358,de:12067:900311059::2,0.0,2026-10-02T01:01:04.695736+02:00
306895358,de:12067:900310945::1,0.0,2026-10-02T01:01:04.695736+02:00
306895358,de:12067:900311001::1,0.0,2026-10-02T01:01:04.695736+02:00
306895358,de:12067:900310913::1,0.0,2026-10-02T01:01:04.695736+02:00
306895358,de:12067:900310912::1,0.0,2026-10-02T01:01:04.695736+02:00
306895358,de:12067:900310707::1,0.0,2026-10-02T01:01:04.695736+02:00
306895358,de:12067:900310948::1,0.0,2026-10-02T01:01:04.695736+02:00
306895358,de:12067:900311033::1,0.0,2026-10-02T01:01:04.695736+02:00
306895358,de:12067:900311032::1,0.0,2026-10-02T01:01:04.695736+02:00
306895358,de:12067:900311041::1,0.0,2026-10-02T01:01:04.695736+02:00
306895358,de:12067:900311038::1,0.0,2026-10-02T01:01:04.695736+02:00
306895358,de:12067:900311040::1,0.0,2026-10-02T01:01:04.695736+02:00
306895358,de:12067:900311031::1,0.0,2026-10-02T01:01:04.695736+02:00
306895358,de:12067:900311039::1,0.0,2026-10-02T01:01:04.695736+02:00
306895746,de:12067:900310805::1,0.0,2026-10-02T01:01:04.695736+02:00
306895746,de:12067:900310801::2,0.0,2026-10-02T01:01:04.695736+02:00
306895746,de:12067:900310937::2,0.0,2026-10-02T01:01:04.695736+02:00
306895746,de:12067:900310825::1,0.0,2026-10-02T01:01:04.695736+02:00
306895746,de:12067:900310792::2,0.0,2026-10-02T01:01:04.695736+02:00
306895746,de:12067:900310774::2,0.0,2026-10-02T01:01:04.695736+02:00
306895746,de:12067:900310798::2,0.0,2026-10-02T01:01:04.695736+02:00
306895746,de:12067:900311150::2,0.0,2026-10-02T01:01:04.695736+02:00
306895746,de:12067:900311135::2,0.0,2026-10-02T01:01:04.695736+02:00
306895746,de:12067:900311149::2,0.0,2026-10-02T01:01:04.695736+02:00
306895746,de:12067:900310001::11,0.0,2026-10-02T01:01:04.695736+02:00
306895744,de:12067:900310825::1,0.0,2026-10-02T01:01:04.695736+02:00
306895744,de:12067:900310835::2,0.0,2026-10-02T01:01:04.695736+02:00
306895744,de:12067:900310001::9,0.0,2026-10-02T01:01:04.695736+02:00
306895744,de:12067:900311149::2,0.0,2026-10-02T01:01:04.695736+02:00
306895744,de:12067:900310001::11,0.0,2026-10-02T01:01:04.695736+02:00
306896037,de:12064:900320007::4,0.0,2026-10-02T01:01:04.695736+02:00
306896037,de:12064:900320113::2,0.0,2026-10-02T01:01:04.695736+02:00
306896037,de:12067:900310523::2,0.0,2026-10-02T01:01:04.695736+02:00
306896037,de:12067:900310535::2,0.0,2026-10-02T01:01:04.695736+02:00
306896037,de:12067:900310522::2,0.0,2026-10-02T01:01:04.695736+02:00
306896037,de:12067:900310021::2,0.0,2026-10-02T01:01:04.695736+02:00
306896037,de:12067:900310500::1,0.0,2026-10-02T01:01:04.695736+02:00
306896037,de:12067:900310501::2,0.0,2026-10-02T01:01:04.695736+02:00
306896037,de:12067:900310020::2,0.0,2026-10-02T01:01:04.695736+02:00
306896037,de:12067:900310528::2,0.0,2026-10-02T01:01:04.695736+02:00
306896037,de:12067:900310529::2,0.0,2026-10-02T01:01:04.695736+02:00
306896037,de:12067:900311012::2,0.0,2026-10-02T01:01:04.695736+02:00
306896037,de:12067:900311014::2,0.0,2026-10-02T01:01:04.695736+02:00
306896037,de:12067:900310536::2,0.0,2026-10-02T01:01:04.695736+02:00
306896037,de:12067:900310543::2,0.0,2026-10-02T01:01:04.695736+02:00
306896037,de:12067:900310578::4,0.0,2026-10-02T01:01:04.695736+02:00
306896037,de:12067:900310534::2,0.0,2026-10-02T01:01:04.695736+02:00
306896037,de:11000:900310550::2,0.0,2026-10-02T01:01:04.695736+02:00
306896037,de:12067:900310572::2,0.0,2026-10-02T01:01:04.695736+02:00
306896037,de:12067:900310013::7,0.0,2026-10-02T01:01:04.695736+02:00
307438435,de:12062:900415502:1:50,0.0,2026-10-02T01:01:04.695736+02:00
307438435,de:12062:900415167:1:51,0.0,2026-10-02T01:01:04.695736+02:00
307438435,de:12062:900416008:2:51,0.0,2026-10-02T01:01:04.695736+02:00
307438435,de:12066:900435203:1:50,0.0,2026-10-02T01:01:04.695736+02:00
307438435,de:12066:900435061:3:54,0.0,2026-10-02T01:01:04.695736+02:00
307438435,de:12066:900435000:1:50,0.0,2026-10-02T01:01:04.695736+02:00
307438435,de:12066:900435001:1:50,0.0,2026-10-02T01:01:04.695736+02:00
307438435,de:12052:900470000:1:50,0.0,2026-10-02T01:01:04.695736+02:00
307438003,de:12053:900360000:3:54,0.0,2026-10-02T01:01:04.695736+02:00
307438003,de:12067:900311233:1:50,0.0,2026-10-02T01:01:04.695736+02:00
307438003,de:12067:900311232:1:50,0.0,2026-10-02T01:01:04.695736+02:00
307438003,de:12067:900311620:1:50,0.0,2026-10-02T01:01:04.695736+02:00
307438003,de:12067:900311631:1:50,0.0,2026-10-02T01:01:04.695736+02:00
307438003,de:12067:900311307:1:50,0.0,2026-10-02T01:01:04.695736+02:00
307438003,de:12071:900445593:1:50,0.0,2026-10-02T01:01:04.695736+02:00
307438003,de:12052:900470000:2:51,0.0,2026-10-02T01:01:04.695736+02:00
307431765,de:12061:900260009:2:54,0.0,2026-10-02T01:01:04.695736+02:00
307431765,de:12072:900245836:2:51,0.0,2026-10-02T01:01:04.695736+02:00
307431765,de:12069:900220002:2:51,0.0,2026-10-02T01:01:04.695736+02:00
307431765,de:12054:900230002:1:50,0.0,2026-10-02T01:01:04.695736+02:00
307431765,de:12054:900220010:2:51,0.0,2026-10-02T01:01:04.695736+02:00
307431765,de:12054:900230007:2:52,0.0,2026-10-02T01:01:04.695736+02:00
307431765,de:12054:900230006:2:51,0.0,2026-10-02T01:01:04.695736+02:00
307431765,de:12054:900230999:2:53,0.0,2026-10-02T01:01:04.695736+02:00
307431765,de:12054:900230003:4:53,0.0,2026-10-02T01:01:04.695736+02:00
307433581,de:12072:900245029:2:52,0.0,2026-10-02T01:01:04.695736+02:00
307433581,de:12072:900245030:2:51,0.0,2026-10-02T01:01:04.695736+02:00
307433581,de:12061:900260009:2:54,0.0,2026-10-02T01:01:04.695736+02:00
307433581,de:11000:900192001:1:51,0.0,2026-10-02T01:01:04.695736+02:00
307433581,de:11000:900120003:4:57,0.0,2026-10-02T01:01:04.695736+02:00
307433581,de:11000:900160004:4:56,0.0,2026-10-02T01:01:04.695736+02:00
307433581,de:11000:900152001:2:52,0.0,2026-10-02T01:01:04.695736+02:00
307433581,de:12065:900200005:2:1,0.0,2026-10-02T01:01:04.695736+02:00
307431122,de:12063:900210001:1:50,0.0,2026-10-02T01:01:04.695736+02:00
307431122,de:12054:900220012:1:50,0.0,2026-10-02T01:01:04.695736+02:00
307431122,de:12054:900220010:2:51,0.0,2026-10-02T01:01:04.695736+02:00
307431122,de:12054:900230007:2:52,0.0,2026-10-02T01:01:04.695736+02:00
307431122,de:12054:900230006:2:51,0.0,2026-10-02T01:01:04.695736+02:00
307431122,de:12054:900230999:2:53,0.0,2026-10-02T01:01:04.695736+02:00
307431122,de:12054:900230003:4:53,0.0,2026-10-02T01:01:04.695736+02:00
307431122,de:11000:900053301:3:55,0.0,2026-10-02T01:01:04.695736+02:00
307431122,de:11000:900024101:2:52,0.0,2026-10-02T01:01:04.695736+02:00
307431122,de:11000:900029101:2:52,0.0,2026-10-02T01:01:04.695736+02:00
307431122,de:12063:900210010:1:50,0.0,2026-10-02T01:01:04.695736+02:00
307431122,de:12065:900200000:1:51,0.0,2026-10-02T01:01:04.695736+02:00
307431116,de:12063:900210001:1:50,0.0,2026-10-02T01:01:04.695736+02:00
307431116,de:12054:900220012:1:50,0.0,2026-10-02T01:01:04.695736+02:00
307431116,de:12054:900220010:2:51,0.0,2026-10-02T01:01:04.695736+02:00
307431116,de:12054:900230007:2:52,0.0,2026-10-02T01:01:04.695736+02:00
307431116,de:12054:900230006:2:51,0.0,2026-10-02T01:01:04.695736+02:00
307431116,de:12054:900230999:2:53,0.0,2026-10-02T01:01:04.695736+02:00
307431116,de:12054:900230003:4:53,0.0,2026-10-02T01:01:04.695736+02:00
307431116,de:11000:900053301:3:55,0.0,2026-10-02T01:01:04.695736+02:00
307431116,de:11000:900024101:2:52,0.0,2026-10-02T01:01:04.695736+02:00
307431116,de:11000:900029101:2:52,0.0,2026-10-02T01:01:04.695736+02:00
307431116,de:12063:900210010:1:50,0.0,2026-10-02T01:01:04.695736+02:00
307431116,de:12065:900200000:1:51,0.0,2026-10-02T01:01:04.695736+02:00
306896587,de:12067:900310009::1,0.0,2026-10-02T01:01:04.695736+02:00
306896587,de:12067:900310007::2,0.0,2026-10-02T01:01:04.695736+02:00
306896587,de:12067:900310876::2,0.0,2026-10-02T01:01:04.695736+02:00
306896587,de:12067:900310969::2,0.0,2026-10-02T01:01:04.695736+02:00
306896587,de:12067:900310973::1,0.0,2026-10-02T01:01:04.695736+02:00
306896587,de:12067:900310745::1,0.0,2026-10-02T01:01:04.695736+02:00
306896587,de:12067:900311086::0,0.0,2026-10-02T01:01:04.695736+02:00
306896587,de:12067:900310947::2,0.0,2026-10-02T01:01:04.695736+02:00
306896587,de:12067:900310704::1,0.0,2026-10-02T01:01:04.695736+02:00
306896587,de:12067:900310705::2,0.0,2026-10-02T01:01:04.695736+02:00
306896587,de:12067:900310706::1,0.0,2026-10-02T01:01:04.695736+02:00
306896587,de:12067:900311089::1,0.0,2026-10-02T01:01:04.695736+02:00
306896587,de:12067:900311088::1,0.0,2026-10-02T01:01:04.695736+02:00
306896587,de:12067:900311090::2,0.0,2026-10-02T01:01:04.695736+02:00
306896587,de:12067:900310762::2,0.0,2026-10-02T01:01:04.695736+02:00
306896587,de:12067:900310763::2,0.0,2026-10-02T01:01:04.695736+02:00
306896587,de:12067:900310761::2,-0.5,2026-10-02T01:01:04.695736+02:00
306896587,de:12067:900310754::2,0.0,2026-10-02T01:01:04.695736+02:00
306896587,de:12067:900310005::2,0.0,2026-10-02T01:01:04.695736+02:00
306896587,de:12067:900310733::2,0.0,2026-10-02T01:01:04.695736+02:00
306896587,de:12067:900310734::2,0.0,2026-10-02T01:01:04.695736+02:00
306896587,de:12067:900310824::2,0.0,2026-10-02T01:01:04.695736+02:00
306896587,de:12067:900310782::2,0.0,2026-10-02T01:01:04.695736+02:00
306896587,de:12067:900311109::2,0.0,2026-10-02T01:01:04.695736+02:00
306896587,de:12067:900310773::2,0.0,2026-10-02T01:01:04.695736+02:00
306896587,de:12067:900310797::2,0.0,2026-10-02T01:01:04.695736+02:00
306896587,de:12067:900310789::2,0.0,2026-10-02T01:01:04.695736+02:00
306896587,de:12067:900310781::2,0.0,2026-10-02T01:01:04.695736+02:00
306896587,de:12067:900310627::2,0.0,2026-10-02T01:01:04.695736+02:00
306896587,de:12067:900310816::2,0.0,2026-10-02T01:01:04.695736+02:00
306896587,de:12067:900310022::1,0.0,2026-10-02T01:01:04.695736+02:00
306896587,de:12067:900310001::11,0.0,2026-10-02T01:01:04.695736+02:00
307433237,de:12060:900350127:2:51,0.0,2026-10-02T01:01:04.695736+02:00
307433237,de:12060:900350126:2:51,0.0,2026-10-02T01:01:04.695736+02:00
307433237,de:12060:900350137:2:51,0.0,2026-10-02T01:01:04.695736+02:00
307433237,de:12060:900350158:2:51,0.0,2026-10-02T01:01:04.695736+02:00
307433237,de:12060:900350160:2:52,0.0,2026-10-02T01:01:04.695736+02:00
307433237,de:11000:900152001:2:52,0.0,2026-10-02T01:01:04.695736+02:00
307433237,de:11000:900160004:4:56,0.0,2026-10-02T01:01:04.695736+02:00
307433237,de:11000:900120003:4:56,0.0,2026-10-02T01:01:04.695736+02:00
307433237,de:11000:900192001:1:50,0.0,2026-10-02T01:01:04.695736+02:00
307433237,de:12061:900260009:2:54,0.0,2026-10-02T01:01:04.695736+02:00
307433237,de:12072:900245027:2:53,0.0,2026-10-02T01:01:04.695736+02:00
306896711,de:12067:900311039::1,0.0,2026-10-02T01:01:04.695736+02:00
306896711,de:12067:900311031::2,-0.5,2026-10-02T01:01:04.695736+02:00
306896711,de:12067:900311040::2,-0.5,2026-10-02T01:01:04.695736+02:00
306896711,de:12067:900311038::2,-0.5,2026-10-02T01:01:04.695736+02:00
306896711,de:12067:900311041::2,-0.5,2026-10-02T01:01:04.695736+02:00
306896711,de:12067:900311032::2,-0.5,2026-10-02T01:01:04.695736+02:00
306896711,de:12067:900311037::2,-0.5,2026-10-02T01:01:04.695736+02:00
306896711,de:12067:900310928::2,-0.5,2026-10-02T01:01:04.695736+02:00
306896711,de:12067:900310930::2,0.0,2026-10-02T01:01:04.695736+02:00
306896711,de:12067:900310929::2,-0.5,2026-10-02T01:01:04.695736+02:00
306896711,de:12067:900310742::2,0.0,2026-10-02T01:01:04.695736+02:00
306896711,de:12067:900310741::2,-0.5,2026-10-02T01:01:04.695736+02:00
306896711,de:12067:900310743::2,-0.5,2026-10-02T01:01:04.695736+02:00
306896711,de:12067:900310785::2,-0.5,2026-10-02T01:01:04.695736+02:00
306896711,de:12067:900310819::2,-0.5,2026-10-02T01:01:04.695736+02:00
306896711,de:12067:900310817::2,-0.5,2026-10-02T01:01:04.695736+02:00
306896711,de:12067:900310837::2,-0.5,2026-10-02T01:01:04.695736+02:00
306896711,de:12067:900310875::2,-0.5,2026-10-02T01:01:04.695736+02:00
306896711,de:12067:900310796::2,-0.5,2026-10-02T01:01:04.695736+02:00
306896711,de:12067:900310777::2,-0.5,2026-10-02T01:01:04.695736+02:00
306896711,de:12067:900310808::2,-0.5,2026-10-02T01:01:04.695736+02:00
306896711,de:12067:900310822::2,-0.5,2026-10-02T01:01:04.695736+02:00
306896711,de:12067:900310781::2,-0.5,2026-10-02T01:01:04.695736+02:00
306896711,de:12067:900310627::2,-0.5,2026-10-02T01:01:04.695736+02:00
306896711,de:12067:900310816::2,0.0,2026-10-02T01:01:04.695736+02:00
306896711,de:12067:900310022::1,0.0,2026-10-02T01:01:04.695736+02:00
306896711,de:12067:900310001::11,0.0,2026-10-02T01:01:04.695736+02:00
307435505,de:11000:900003200:1:50,0.0,2026-10-02T01:01:04.695736+02:00
307435505,de:11000:900100020:1:50,0.0,2026-10-02T01:01:04.695736+02:00
307435505,de:11000:900058101:2:52,0.0,2026-10-02T01:01:04.695736+02:00
307435505,de:12061:900260009:2:54,0.0,2026-10-02T01:01:04.695736+02:00
307440165,de:12065:900200000:1:51,0.0,2026-10-02T01:01:04.695736+02:00
307440165,de:12065:900200004:1:50,0.0,2026-10-02T01:01:04.695736+02:00
307440165,de:12065:900204003:1:50,0.0,2026-10-02T01:01:04.695736+02:00
307440165,de:12065:900203671:1:50,0.0,2026-10-02T01:01:04.695736+02:00
307440165,de:12065:900204001:1:50,0.0,2026-10-02T01:01:04.695736+02:00
307440165,de:12065:900203452:1:51,0.0,2026-10-02T01:01:04.695736+02:00
307440266,de:12065:900203452:1:51,0.0,2026-10-02T01:01:04.695736+02:00
307440266,de:12065:900204001:1:50,0.0,2026-10-02T01:01:04.695736+02:00
307440266,de:12065:900203671:1:50,0.0,2026-10-02T01:01:04.695736+02:00
307440266,de:12065:900204003:1:50,0.0,2026-10-02T01:01:04.695736+02:00
307440266,de:12065:900200004:1:51,0.0,2026-10-02T01:01:04.695736+02:00
307440266,de:12065:900200000:1:51,0.0,2026-10-02T01:01:04.695736+02:00
307430409,de:12063:900210005:2:53,0.0,2026-10-02T01:01:04.695736+02:00
307430409,de:12063:900210326:2:51,0.0,2026-10-02T01:01:04.695736+02:00
307430409,de:12063:900210011:2:51,0.0,2026-10-02T01:01:04.695736+02:00
307430409,de:12063:900210010:2:51,0.0,2026-10-02T01:01:04.695736+02:00
307430409,de:12063:900210180:2:51,0.0,2026-10-02T01:01:04.695736+02:00
307430409,de:11000:900037168:2:51,0.0,2026-10-02T01:01:04.695736+02:00
307430409,de:11000:900029101:3:54,0.0,2026-10-02T01:01:04.695736+02:00
307430432,de:12063:900210005:2:53,0.0,2026-10-02T01:01:04.695736+02:00
307430432,de:12063:900210326:2:51,0.0,2026-10-02T01:01:04.695736+02:00
307430432,de:12063:900210011:2:51,0.0,2026-10-02T01:01:04.695736+02:00
307430432,de:12063:900210010:2:51,0.0,2026-10-02T01:01:04.695736+02:00
307430432,de:12063:900210180:2:51,0.0,2026-10-02T01:01:04.695736+02:00
307430432,de:11000:900037168:2:51,0.0,2026-10-02T01:01:04.695736+02:00
307430432,de:11000:900029101:3:54,0.0,2026-10-02T01:01:04.695736+02:00
307436786,de:12069:900220143:1:50,0.0,2026-10-02T01:01:04.695736+02:00
307436786,de:12069:900220142:2:51,0.0,2026-10-02T01:01:04.695736+02:00
307436786,de:12069:900220141:2:51,0.0,2026-10-02T01:01:04.695736+02:00
307436786,de:12069:900222030:2:51,0.0,2026-10-02T01:01:04.695736+02:00
307436786,de:12069:900220005:2:51,0.0,2026-10-02T01:01:04.695736+02:00
307436786,de:12069:900220004:2:51,0.0,2026-10-02T01:01:04.695736+02:00
307436786,de:12069:900220003:1:51,0.0,2026-10-02T01:01:04.695736+02:00
307436786,de:12069:900220006:2:51,0.0,2026-10-02T01:01:04.695736+02:00
307436786,de:12069:900220008:2:51,0.0,2026-10-02T01:01:04.695736+02:00
307436786,de:12054:900230001:2:51,0.0,2026-10-02T01:01:04.695736+02:00
307436786,de:11000:900053301:3:55,0.0,2026-10-02T01:01:04.695736+02:00
306897164,de:12067:900311308::5,0.0,2026-10-02T01:01:04.695736+02:00
306897164,de:12067:900311380::1,0.0,2026-10-02T01:01:04.695736+02:00
306897164,de:12067:900311348::1,0.0,2026-10-02T01:01:04.695736+02:00
306897164,de:12067:900311350::1,0.0,2026-10-02T01:01:04.695736+02:00
306897164,de:12067:900311349::1,0.0,2026-10-02T01:01:04.695736+02:00
306897164,de:12067:900311371::1,0.0,2026-10-02T01:01:04.695736+02:00
306897164,de:12067:900311364::1,0.0,2026-10-02T01:01:04.695736+02:00
306897164,de:12067:900310601::1,0.0,2026-10-02T01:01:04.695736+02:00
306897164,de:12067:900311511::1,0.0,2026-10-02T01:01:04.695736+02:00
306897164,de:12067:900311510::1,0.0,2026-10-02T01:01:04.695736+02:00
306897164,de:12067:900311512::1,0.0,2026-10-02T01:01:04.695736+02:00
306897164,de:12067:900311520::1,0.0,2026-10-02T01:01:04.695736+02:00
306897164,de:12067:900311221::3,0.0,2026-10-02T01:01:04.695736+02:00
306897164,de:12067:900311419::1,0.0,2026-10-02T01:01:04.695736+02:00
306897164,de:12067:900311225::1,0.0,2026-10-02T01:01:04.695736+02:00
306897164,de:12067:900311224::1,0.0,2026-10-02T01:01:04.695736+02:00
306897164,de:12067:900311565::1,0.0,2026-10-02T01:01:04.695736+02:00
307430335,de:12061:900260009:2:54,0.0,2026-10-02T01:01:04.695736+02:00
307430335,de:11000:900192001:1:51,0.0,2026-10-02T01:01:04.695736+02:00
307430335,de:11000:900120003:4:57,0.0,2026-10-02T01:01:04.695736+02:00
307430335,de:11000:900160004:4:56,0.0,2026-10-02T01:01:04.695736+02:00
295893000,de:12060:900350160:1:51,0.0,2026-10-02T01:01:04.695736+02:00
295893000,de:12060:900350161:1:50,-0.3,2026-10-02T01:01:04.695736+02:00
295893000,de:12060:900350163:1:50,-0.1,2026-10-02T01:01:04.695736+02:00
295893000,de:12060:900350162:1:50,-0.8,2026-10-02T01:01:04.695736+02:00
295893000,de:11000:900135001:1:50,-0.3,2026-10-02T01:01:04.695736+02:00
295893000,de:11000:900143001:1:51,-0.8,2026-10-02T01:01:04.695736+02:00
295893000,de:11000:900142001:1:51,-0.3,2026-10-02T01:01:04.695736+02:00
295893000,de:11000:900130001:1:51,-0.8,2026-10-02T01:01:04.695736+02:00
295893000,de:11000:900130002:1:51,-0.3,2026-10-02T01:01:04.695736+02:00
295893000,de:11000:900110011:1:51,-0.7,2026-10-02T01:01:04.695736+02:00
295893000,de:11000:900007102:1:50,-0.7,2026-10-02T01:01:04.695736+02:00
295893000,de:11000:900008101:1:50,-0.5,2026-10-02T01:01:04.695736+02:00
295893000,de:11000:900007104:1:51,-0.2,2026-10-02T01:01:04.695736+02:00
295893000,de:11000:900100007:1:50,-0.2,2026-10-02T01:01:04.695736+02:00
295893000,de:11000:900100001:4:56,0.0,2026-10-02T01:01:04.695736+02:00
295893000,de:11000:900100025:1:50,-0.9,2026-10-02T01:01:04.695736+02:00
295893000,de:11000:900100020:3:54,-0.9,2026-10-02T01:01:04.695736+02:00
295893000,de:11000:900012101:1:51,0.0,2026-10-02T01:01:04.695736+02:00
295893000,de:11000:900058103:1:50,-0.8,2026-10-02T01:01:04.695736+02:00
295893000,de:11000:900058101:1:50,-0.4,2026-10-02T01:01:04.695736+02:00
295893000,de:11000:900058102:1:50,-0.4,2026-10-02T01:01:04.695736+02:00
295893000,de:11000:900068301:1:50,-0.7,2026-10-02T01:01:04.695736+02:00
295893000,de:11000:900073101:1:50,-0.9,2026-10-02T01:01:04.695736+02:00
295893000,de:11000:900072101:1:50,-0.2,2026-10-02T01:01:04.695736+02:00
295893000,de:11000:900074202:1:50,-0.2,2026-10-02T01:01:04.695736+02:00
295893000,de:11000:900074201:1:50,-0.4,2026-10-02T01:01:04.695736+02:00
295893000,de:12072:900245028:1:51,-0.9,2026-10-02T01:01:04.695736+02:00
295893000,de:12072:900245027:2:52,-0.9,2026-10-02T01:01:04.695736+02:00
295892987,de:12060:900350160:1:51,0.0,2026-10-02T01:01:04.695736+02:00
295892987,de:12060:900350161:1:50,-0.3,2026-10-02T01:01:04.695736+02:00
295892987,de:12060:900350163:1:50,-0.1,2026-10-02T01:01:04.695736+02:00
295892987,de:12060:900350162:1:50,-0.8,2026-10-02T01:01:04.695736+02:00
295892987,de:11000:900135001:1:50,-0.3,2026-10-02T01:01:04.695736+02:00
295892987,de:11000:900143001:1:51,-0.8,2026-10-02T01:01:04.695736+02:00
295892987,de:11000:900142001:1:51,-0.3,2026-10-02T01:01:04.695736+02:00
295892987,de:11000:900130001:1:51,-0.8,2026-10-02T01:01:04.695736+02:00
295892987,de:11000:900130002:1:51,-0.3,2026-10-02T01:01:04.695736+02:00
295892987,de:11000:900110011:1:51,-0.7,2026-10-02T01:01:04.695736+02:00
295892987,de:11000:900007102:1:50,-0.7,2026-10-02T01:01:04.695736+02:00
295892987,de:11000:900008101:1:50,-0.5,2026-10-02T01:01:04.695736+02:00
295892987,de:11000:900007104:1:51,-0.2,2026-10-02T01:01:04.695736+02:00
295892987,de:11000:900100007:1:50,-0.2,2026-10-02T01:01:04.695736+02:00
295892987,de:11000:900100001:4:56,0.0,2026-10-02T01:01:04.695736+02:00
295892987,de:11000:900100025:1:50,-0.9,2026-10-02T01:01:04.695736+02:00
295892987,de:11000:900100020:3:54,-0.9,2026-10-02T01:01:04.695736+02:00
295892987,de:11000:900012101:1:51,0.0,2026-10-02T01:01:04.695736+02:00
295892987,de:11000:900058103:1:50,-0.8,2026-10-02T01:01:04.695736+02:00
295892987,de:11000:900058101:1:50,-0.4,2026-10-02T01:01:04.695736+02:00
295892987,de:11000:900058102:1:50,-0.4,2026-10-02T01:01:04.695736+02:00
295892987,de:11000:900068301:1:50,-0.7,2026-10-02T01:01:04.695736+02:00
295892987,de:11000:900073101:1:50,-0.9,2026-10-02T01:01:04.695736+02:00
295892987,de:11000:900072101:1:50,-0.2,2026-10-02T01:01:04.695736+02:00
295892987,de:11000:900074202:1:50,-0.2,2026-10-02T01:01:04.695736+02:00
295892987,de:11000:900074201:1:50,-0.4,2026-10-02T01:01:04.695736+02:00
295892987,de:12072:900245028:1:51,-0.9,2026-10-02T01:01:04.695736+02:00
295892987,de:12072:900245027:2:52,-0.9,2026-10-02T01:01:04.695736+02:00
307430286,de:12061:900260009:2:54,0.0,2026-10-02T01:01:04.695736+02:00
307430286,de:11000:900058101:3:55,0.0,2026-10-02T01:01:04.695736+02:00
307430286,de:11000:900100020:2:53,0.0,2026-10-02T01:01:04.695736+02:00
307430286,de:11000:900003200:4:57,0.0,2026-10-02T01:01:04.695736+02:00
307430339,de:11000:900003200:1:50,0.0,2026-10-02T01:01:04.695736+02:00
307430339,de:11000:900007102:5:59,0.0,2026-10-02T01:01:04.695736+02:00
307430339,de:11000:900120003:4:56,0.0,2026-10-02T01:01:04.695736+02:00
307430339,de:11000:900192001:1:51,0.0,2026-10-02T01:01:04.695736+02:00
307430339,de:12061:900260009:2:54,0.0,2026-10-02T01:01:04.695736+02:00
295900356,de:12069:900220114:1:51,0.0,2026-10-02T01:01:04.695736+02:00
295900356,de:11000:900064201:1:51,-0.1,2026-10-02T01:01:04.695736+02:00
295900356,de:11000:900064256:1:51,0.0,2026-10-02T01:01:04.695736+02:00
295900356,de:11000:900064301:3:53,-0.3,2026-10-02T01:01:04.695736+02:00
295900356,de:11000:900067221:1:50,-0.3,2026-10-02T01:01:04.695736+02:00
295900356,de:11000:900063452:1:51,-0.4,2026-10-02T01:01:04.695736+02:00
295900356,de:11000:900058102:2:53,-0.5,2026-10-02T01:01:04.695736+02:00
295900356,de:11000:900058101:1:51,-0.3,2026-10-02T01:01:04.695736+02:00
295900356,de:11000:900058103:1:51,0.0,2026-10-02T01:01:04.695736+02:00
295900356,de:11000:900012101:2:53,-0.7,2026-10-02T01:01:04.695736+02:00
295900356,de:11000:900100020:4:57,-0.8,2026-10-02T01:01:04.695736+02:00
295900356,de:11000:900100025:1:51,-0.9,2026-10-02T01:01:04.695736+02:00
295900356,de:11000:900100001:4:57,-0.6,2026-10-02T01:01:04.695736+02:00
295900356,de:11000:900100007:1:51,-0.7,2026-10-02T01:01:04.695736+02:00
295900356,de:11000:900007104:2:52,-0.7,2026-10-02T01:01:04.695736+02:00
295900356,de:11000:900008101:1:51,-0.4,2026-10-02T01:01:04.695736+02:00
295900356,de:11000:900007102:2:53,-0.2,2026-10-02T01:01:04.695736+02:00
295900356,de:11000:900110011:2:53,-0.4,2026-10-02T01:01:04.695736+02:00
295900356,de:11000:900085201:1:50,-0.8,2026-10-02T01:01:04.695736+02:00
295900356,de:11000:900085105:1:50,-0.8,2026-10-02T01:01:04.695736+02:00
295900356,de:11000:900096458:1:50,-0.1,2026-10-02T01:01:04.695736+02:00
295900356,de:11000:900096405:1:50,-0.8,2026-10-02T01:01:04.695736+02:00
295900356,de:11000:900089303:1:50,-0.7,2026-10-02T01:01:04.695736+02:00
295900356,de:11000:900091205:1:50,-0.3,2026-10-02T01:01:04.695736+02:00
295900356,de:11000:900091203:1:50,-0.5,2026-10-02T01:01:04.695736+02:00
295900356,de:12065:900200000:1:55,-0.7,2026-10-02T01:01:04.695736+02:00
295900252,de:12065:900200000:1:55,0.0,2026-10-02T01:01:04.695736+02:00
295900252,de:11000:900091203:1:50,0.0,2026-10-02T01:01:04.695736+02:00
295900252,de:11000:900091205:1:50,-0.2,2026-10-02T01:01:04.695736+02:00
295900252,de:11000:900089303:1:51,-0.5,2026-10-02T01:01:04.695736+02:00
295900252,de:11000:900096405:1:50,-0.8,2026-10-02T01:01:04.695736+02:00
295900252,de:11000:900096458:1:50,-0.5,2026-10-02T01:01:04.695736+02:00
295900252,de:11000:900085105:1:50,-0.8,2026-10-02T01:01:04.695736+02:00
295900252,de:11000:900085201:1:51,0.0,2026-10-02T01:01:04.695736+02:00
295900252,de:11000:900130003:1:51,-0.8,2026-10-02T01:01:04.695736+02:00
295900252,de:11000:900110011:1:50,-0.9,2026-10-02T01:01:04.695736+02:00
295900252,de:11000:900007102:1:50,-0.7,2026-10-02T01:01:04.695736+02:00
295900252,de:11000:900008101:1:50,-0.4,2026-10-02T01:01:04.695736+02:00
295900252,de:11000:900007104:1:51,-0.2,2026-10-02T01:01:04.695736+02:00
295900252,de:11000:900100007:1:50,-0.2,2026-10-02T01:01:04.695736+02:00
295900252,de:11000:900100001:4:56,0.0,2026-10-02T01:01:04.695736+02:00
295900252,de:11000:900100025:1:50,-0.9,2026-10-02T01:01:04.695736+02:00
295900252,de:11000:900100020:3:54,-0.9,2026-10-02T01:01:04.695736+02:00
295900252,de:11000:900012101:1:51,0.0,2026-10-02T01:01:04.695736+02:00
295900252,de:11000:900058103:1:50,-0.7,2026-10-02T01:01:04.695736+02:00
295900252,de:11000:900058101:1:50,-0.3,2026-10-02T01:01:04.695736+02:00
295900252,de:11000:900058102:1:52,0.0,2026-10-02T01:01:04.695736+02:00
295900252,de:11000:900063452:1:50,-0.1,2026-10-02T01:01:04.695736+02:00
295900252,de:11000:900067221:1:50,-0.2,2026-10-02T01:01:04.695736+02:00
295900252,de:11000:900064301:3:52,-0.2,2026-10-02T01:01:04.695736+02:00
295900252,de:11000:900064256:1:50,-0.7,2026-10-02T01:01:04.695736+02:00
295900252,de:11000:900064201:1:50,-0.6,2026-10-02T01:01:04.695736+02:00
295900252,de:12069:900220114:1:51,-0.9,2026-10-02T01:01:04.695736+02:00
295896232,de:11000:900074201:1:50,0.0,2026-10-02T01:01:04.695736+02:00
295896232,de:11000:900074202:2:51,-0.1,2026-10-02T01:01:04.695736+02:00
295896232,de:11000:900072101:2:51,-0.1,2026-10-02T01:01:04.695736+02:00
295896232,de:11000:900073101:1:51,-0.4,2026-10-02T01:01:04.695736+02:00
295896232,de:11000:900068301:1:51,-0.7,2026-10-02T01:01:04.695736+02:00
295896232,de:11000:900058102:2:51,-0.7,2026-10-02T01:01:04.695736+02:00
295896232,de:11000:900058101:1:51,-0.3,2026-10-02T01:01:04.695736+02:00
295896232,de:11000:900058103:1:51,-0.1,2026-10-02T01:01:04.695736+02:00
295896232,de:11000:900012101:2:53,-0.7,2026-10-02T01:01:04.695736+02:00
295896232,de:11000:900100020:4:57,-0.8,2026-10-02T01:01:04.695736+02:00
295896232,de:11000:900100025:1:51,-0.9,2026-10-02T01:01:04.695736+02:00
295896232,de:11000:900100001:4:57,-0.6,2026-10-02T01:01:04.695736+02:00
295896232,de:11000:900100007:1:51,-0.7,2026-10-02T01:01:04.695736+02:00
295896232,de:11000:900007104:2:52,-0.7,2026-10-02T01:01:04.695736+02:00
295896232,de:11000:900008101:1:51,-0.4,2026-10-02T01:01:04.695736+02:00
295896232,de:11000:900007102:2:53,-0.1,2026-10-02T01:01:04.695736+02:00
295896232,de:11000:900110011:2:52,-0.4,2026-10-02T01:01:04.695736+02:00
295896232,de:11000:900130002:1:50,-0.7,2026-10-02T01:01:04.695736+02:00
295896232,de:11000:900130001:1:50,-0.4,2026-10-02T01:01:04.695736+02:00
295896232,de:11000:900142001:1:50,-0.9,2026-10-02T01:01:04.695736+02:00
295896232,de:11000:900143001:1:51,-0.7,2026-10-02T01:01:04.695736+02:00
295896232,de:11000:900135001:1:50,-0.4,2026-10-02T01:01:04.695736+02:00
295896186,de:11000:900074201:1:50,0.0,2026-10-02T01:01:04.695736+02:00
295896186,de:11000:900074202:2:51,-0.1,2026-10-02T01:01:04.695736+02:00
295896186,de:11000:900072101:2:51,-0.1,2026-10-02T01:01:04.695736+02:00
295896186,de:11000:900073101:1:51,-0.4,2026-10-02T01:01:04.695736+02:00
295896186,de:11000:900068301:1:51,-0.7,2026-10-02T01:01:04.695736+02:00
295896186,de:11000:900058102:2:51,-0.7,2026-10-02T01:01:04.695736+02:00
295896186,de:11000:900058101:1:51,-0.3,2026-10-02T01:01:04.695736+02:00
295896186,de:11000:900058103:1:51,-0.1,2026-10-02T01:01:04.695736+02:00
295896186,de:11000:900012101:2:53,-0.7,2026-10-02T01:01:04.695736+02:00
295896186,de:11000:900100020:4:57,-0.8,2026-10-02T01:01:04.695736+02:00
295896186,de:11000:900100025:1:51,-0.9,2026-10-02T01:01:04.695736+02:00
295896186,de:11000:900100001:4:57,-0.6,2026-10-02T01:01:04.695736+02:00
295896186,de:11000:900100007:1:51,-0.7,2026-10-02T01:01:04.695736+02:00
295896186,de:11000:900007104:2:52,-0.7,2026-10-02T01:01:04.695736+02:00
295896186,de:11000:900008101:1:51,-0.4,2026-10-02T01:01:04.695736+02:00
295896186,de:11000:900007102:2:53,-0.1,2026-10-02T01:01:04.695736+02:00
295896186,de:11000:900110011:2:52,-0.4,2026-10-02T01:01:04.695736+02:00
295896186,de:11000:900130002:1:50,-0.7,2026-10-02T01:01:04.695736+02:00
295896186,de:11000:900130001:1:50,-0.4,2026-10-02T01:01:04.695736+02:00
295896186,de:11000:900142001:1:50,-0.9,2026-10-02T01:01:04.695736+02:00
295896186,de:11000:900143001:1:51,-0.7,2026-10-02T01:01:04.695736+02:00
295896186,de:11000:900135001:1:50,-0.4,2026-10-02T01:01:04.695736+02:00
295903022,de:11000:900142001:1:51,0.0,2026-10-02T01:01:04.695736+02:00
295903022,de:11000:900130001:1:51,-0.2,2026-10-02T01:01:04.695736+02:00
295903022,de:11000:900130002:1:51,-0.7,2026-10-02T01:01:04.695736+02:00
295903022,de:11000:900110011:1:51,-0.2,2026-10-02T01:01:04.695736+02:00
295903022,de:11000:900007102:1:50,-0.7,2026-10-02T01:01:04.695736+02:00
295903022,de:11000:900008101:1:50,-0.4,2026-10-02T01:01:04.695736+02:00
295903022,de:11000:900007104:1:51,-0.2,2026-10-02T01:01:04.695736+02:00
295903022,de:11000:900100007:1:50,-0.2,2026-10-02T01:01:04.695736+02:00
295903022,de:11000:900100001:4:56,0.0,2026-10-02T01:01:04.695736+02:00
295903022,de:11000:900100025:1:50,-0.9,2026-10-02T01:01:04.695736+02:00
295903022,de:11000:900100020:3:54,-0.9,2026-10-02T01:01:04.695736+02:00
295903022,de:11000:900012101:1:51,0.0,2026-10-02T01:01:04.695736+02:00
295903022,de:11000:900058103:1:50,-0.7,2026-10-02T01:01:04.695736+02:00
295903022,de:11000:900058101:1:50,-0.3,2026-10-02T01:01:04.695736+02:00
295903022,de:11000:900058102:1:52,0.0,2026-10-02T01:01:04.695736+02:00
295903022,de:11000:900063452:1:50,-0.1,2026-10-02T01:01:04.695736+02:00
295903022,de:11000:900067221:1:50,-0.2,2026-10-02T01:01:04.695736+02:00
295903022,de:11000:900064301:3:52,-0.2,2026-10-02T01:01:04.695736+02:00
295903022,de:11000:900064256:1:50,-0.7,2026-10-02T01:01:04.695736+02:00
295903022,de:11000:900064201:1:50,-0.6,2026-10-02T01:01:04.695736+02:00
295903022,de:12069:900220114:1:50,-0.9,2026-10-02T01:01:04.695736+02:00
295903017,de:11000:900142001:1:51,0.0,2026-10-02T01:01:04.695736+02:00
295903017,de:11000:900130001:1:51,-0.2,2026-10-02T01:01:04.695736+02:00
295903017,de:11000:900130002:1:51,-0.7,2026-10-02T01:01:04.695736+02:00
295903017,de:11000:900110011:1:51,-0.2,2026-10-02T01:01:04.695736+02:00
295903017,de:11000:900007102:1:50,-0.7,2026-10-02T01:01:04.695736+02:00
295903017,de:11000:900008101:1:50,-0.4,2026-10-02T01:01:04.695736+02:00
295903017,de:11000:900007104:1:51,-0.2,2026-10-02T01:01:04.695736+02:00
295903017,de:11000:900100007:1:50,-0.2,2026-10-02T01:01:04.695736+02:00
295903017,de:11000:900100001:4:56,0.0,2026-10-02T01:01:04.695736+02:00
295903017,de:11000:900100025:1:50,-0.9,2026-10-02T01:01:04.695736+02:00
295903017,de:11000:900100020:3:54,-0.9,2026-10-02T01:01:04.695736+02:00
295903017,de:11000:900012101:1:51,0.0,2026-10-02T01:01:04.695736+02:00
295903017,de:11000:900058103:1:50,-0.7,2026-10-02T01:01:04.695736+02:00
295903017,de:11000:900058101:1:50,-0.3,2026-10-02T01:01:04.695736+02:00
295903017,de:11000:900058102:1:52,0.0,2026-10-02T01:01:04.695736+02:00
295903017,de:11000:900063452:1:50,-0.1,2026-10-02T01:01:04.695736+02:00
295903017,de:11000:900067221:1:50,-0.2,2026-10-02T01:01:04.695736+02:00
295903017,de:11000:900064301:3:52,-0.2,2026-10-02T01:01:04.695736+02:00
295903017,de:11000:900064256:1:50,-0.7,2026-10-02T01:01:04.695736+02:00
295903017,de:11000:900064201:1:50,-0.6,2026-10-02T01:01:04.695736+02:00
295903017,de:12069:900220114:1:50,-0.9,2026-10-02T01:01:04.695736+02:00
306897122,de:12067:900311308::5,0.0,2026-10-02T01:01:04.695736+02:00
306897122,de:12067:900311335::1,0.0,2026-10-02T01:01:04.695736+02:00
306897122,de:12067:900311339::1,0.0,2026-10-02T01:01:04.695736+02:00
306897122,de:12067:900311301::1,0.0,2026-10-02T01:01:04.695736+02:00
306897122,de:12067:900311373::1,0.0,2026-10-02T01:01:04.695736+02:00
306897122,de:12067:900311370::1,0.0,2026-10-02T01:01:04.695736+02:00
306897122,de:12067:900311590::1,0.0,2026-10-02T01:01:04.695736+02:00
306897122,de:12067:900311592::1,0.0,2026-10-02T01:01:04.695736+02:00
306897122,de:12067:900311634::1,0.0,2026-10-02T01:01:04.695736+02:00
306897122,de:12067:900311633::1,0.0,2026-10-02T01:01:04.695736+02:00
306897122,de:12067:900311635::1,0.0,2026-10-02T01:01:04.695736+02:00
306897122,de:12067:900311220::1,0.0,2026-10-02T01:01:04.695736+02:00
306897122,de:12067:900311445::1,0.0,2026-10-02T01:01:04.695736+02:00
306897122,de:12067:900311444::1,0.0,2026-10-02T01:01:04.695736+02:00
306897122,de:12067:900311446::1,0.0,2026-10-02T01:01:04.695736+02:00
306897122,de:12067:900311623::1,0.0,2026-10-02T01:01:04.695736+02:00
306897122,de:12067:900311621::1,0.0,2026-10-02T01:01:04.695736+02:00
306897122,de:12067:900311624::1,0.0,2026-10-02T01:01:04.695736+02:00
306897122,de:12067:900311232::2,0.0,2026-10-02T01:01:04.695736+02:00
306897122,de:12067:900311236::1,0.0,2026-10-02T01:01:04.695736+02:00
306897122,de:12067:900311234::1,0.0,2026-10-02T01:01:04.695736+02:00
306897122,de:12067:900311238::1,0.0,2026-10-02T01:01:04.695736+02:00
295906939,de:11000:900029101:1:50,0.0,2026-10-02T01:01:04.695736+02:00
295906939,de:11000:900030202:1:50,-0.3,2026-10-02T01:01:04.695736+02:00
295906939,de:11000:900025424:1:51,-0.2,2026-10-02T01:01:04.695736+02:00
295906939,de:11000:900025321:1:51,-0.2,2026-10-02T01:01:04.695736+02:00
295906939,de:11000:900026105:1:50,-0.4,2026-10-02T01:01:04.695736+02:00
295906939,de:11000:900025423:1:50,-0.7,2026-10-02T01:01:04.695736+02:00
295906939,de:11000:900024102:2:53,-0.7,2026-10-02T01:01:04.695736+02:00
295906939,de:11000:900024101:3:55,-0.3,2026-10-02T01:01:04.695736+02:00
295906939,de:11000:900024203:1:51,-0.8,2026-10-02T01:01:04.695736+02:00
295906939,de:11000:900023201:3:54,-0.7,2026-10-02T01:01:04.695736+02:00
295906939,de:11000:900003103:1:50,-0.8,2026-10-02T01:01:04.695736+02:00
295906939,de:11000:900003102:1:50,-0.9,2026-10-02T01:01:04.695736+02:00
295906939,de:11000:900003201:3:54,-0.5,2026-10-02T01:01:04.695736+02:00
295906939,de:11000:900100001:3:54,-0.1,2026-10-02T01:01:04.695736+02:00
295906939,de:11000:900100002:1:50,-0.4,2026-10-02T01:01:04.695736+02:00
295906939,de:11000:900100003:2:52,-0.1,2026-10-02T01:01:04.695736+02:00
295906939,de:11000:900100004:1:50,-0.4,2026-10-02T01:01:04.695736+02:00
295906939,de:11000:900120005:4:55,-0.6,2026-10-02T01:01:04.695736+02:00
295906939,de:11000:900120004:1:50,-0.1,2026-10-02T01:01:04.695736+02:00
295906939,de:11000:900120003:2:53,-0.4,2026-10-02T01:01:04.695736+02:00
295906939,de:11000:900160001:1:51,-0.4,2026-10-02T01:01:04.695736+02:00
295906939,de:11000:900160002:1:50,-0.7,2026-10-02T01:01:04.695736+02:00
295906939,de:11000:900162001:1:51,-0.3,2026-10-02T01:01:04.695736+02:00
295906939,de:11000:900180002:1:51,-0.3,2026-10-02T01:01:04.695736+02:00
295906939,de:11000:900180001:1:50,-0.7,2026-10-02T01:01:04.695736+02:00
295906939,de:11000:900182001:1:51,-0.2,2026-10-02T01:01:04.695736+02:00
295906939,de:11000:900182002:1:51,-0.4,2026-10-02T01:01:04.695736+02:00
295906939,de:11000:900183001:1:51,0.0,2026-10-02T01:01:04.695736+02:00
295906939,de:11000:900183002:1:51,-0.3,2026-10-02T01:01:04.695736+02:00
295906939,de:12067:900310004:3:53,-0.5,2026-10-02T01:01:04.695736+02:00
295907201,de:12067:900310004:3:52,0.0,2026-10-02T01:01:04.695736+02:00
295907201,de:11000:900183002:1:50,-0.1,2026-10-02T01:01:04.695736+02:00
295907201,de:11000:900183001:1:50,-0.4,2026-10-02T01:01:04.695736+02:00
295907201,de:11000:900182002:1:50,0.0,2026-10-02T01:01:04.695736+02:00
295907201,de:11000:900182001:1:50,-0.2,2026-10-02T01:01:04.695736+02:00
295907201,de:11000:900180001:1:50,-0.7,2026-10-02T01:01:04.695736+02:00
295907201,de:11000:900180002:1:50,-0.7,2026-10-02T01:01:04.695736+02:00
295907201,de:11000:900162001:1:50,-0.9,2026-10-02T01:01:04.695736+02:00
295907201,de:11000:900160002:1:50,0.0,2026-10-02T01:01:04.695736+02:00
295907201,de:11000:900160001:1:50,-0.3,2026-10-02T01:01:04.695736+02:00
295907201,de:11000:900120003:3:55,-0.1,2026-10-02T01:01:04.695736+02:00
295907201,de:11000:900120004:2:53,-0.6,2026-10-02T01:01:04.695736+02:00
295907201,de:11000:900120005:5:58,-0.9,2026-10-02T01:01:04.695736+02:00
295907201,de:11000:900100004:1:51,-0.4,2026-10-02T01:01:04.695736+02:00
295907201,de:11000:900100003:2:53,-0.4,2026-10-02T01:01:04.695736+02:00
295907201,de:11000:900100002:1:51,-0.4,2026-10-02T01:01:04.695736+02:00
295907201,de:11000:900100001:3:55,-0.4,2026-10-02T01:01:04.695736+02:00
295907201,de:11000:900003201:3:55,-0.1,2026-10-02T01:01:04.695736+02:00
295907201,de:11000:900003102:1:51,-0.8,2026-10-02T01:01:04.695736+02:00
295907201,de:11000:900003103:1:51,-0.9,2026-10-02T01:01:04.695736+02:00
295907201,de:11000:900023201:3:55,-0.8,2026-10-02T01:01:04.695736+02:00
295907201,de:11000:900024203:1:51,-0.8,2026-10-02T01:01:04.695736+02:00
295907201,de:11000:900024101:4:57,-0.8,2026-10-02T01:01:04.695736+02:00
295907201,de:11000:900024102:1:50,-0.1,2026-10-02T01:01:04.695736+02:00
295907201,de:11000:900025423:1:50,-0.4,2026-10-02T01:01:04.695736+02:00
295907201,de:11000:900026105:1:50,-0.7,2026-10-02T01:01:04.695736+02:00
295907201,de:11000:900025321:1:50,-0.3,2026-10-02T01:01:04.695736+02:00
295907201,de:11000:900025424:1:50,-0.3,2026-10-02T01:01:04.695736+02:00
295907201,de:11000:900030202:1:50,-0.9,2026-10-02T01:01:04.695736+02:00
295907201,de:11000:900029101:1:50,-0.9,2026-10-02T01:01:04.695736+02:00
295907193,de:12067:900310004:3:52,0.0,2026-10-02T01:01:04.695736+02:00
295907193,de:11000:900183002:1:50,-0.1,2026-10-02T01:01:04.695736+02:00
295907193,de:11000:900183001:1:50,-0.4,2026-10-02T01:01:04.695736+02:00
295907193,de:11000:900182002:1:50,0.0,2026-10-02T01:01:04.695736+02:00
295907193,de:11000:900182001:1:50,-0.2,2026-10-02T01:01:04.695736+02:00
295907193,de:11000:900180001:1:50,-0.7,2026-10-02T01:01:04.695736+02:00
295907193,de:11000:900180002:1:50,-0.7,2026-10-02T01:01:04.695736+02:00
295907193,de:11000:900162001:1:50,-0.9,2026-10-02T01:01:04.695736+02:00
295907193,de:11000:900160002:1:50,0.0,2026-10-02T01:01:04.695736+02:00
295907193,de:11000:900160001:1:50,-0.3,2026-10-02T01:01:04.695736+02:00
295907193,de:11000:900120003:3:55,-0.1,2026-10-02T01:01:04.695736+02:00
295907193,de:11000:900120004:2:53,-0.6,2026-10-02T01:01:04.695736+02:00
295907193,de:11000:900120005:5:58,-0.9,2026-10-02T01:01:04.695736+02:00
295907193,de:11000:900100004:1:51,-0.4,2026-10-02T01:01:04.695736+02:00
295907193,de:11000:900100003:2:53,-0.4,2026-10-02T01:01:04.695736+02:00
295907193,de:11000:900100002:1:51,-0.4,2026-10-02T01:01:04.695736+02:00
295907193,de:11000:900100001:3:55,-0.4,2026-10-02T01:01:04.695736+02:00
295907193,de:11000:900003201:3:55,-0.1,2026-10-02T01:01:04.695736+02:00
295907193,de:11000:900003102:1:51,-0.8,2026-10-02T01:01:04.695736+02:00
295907193,de:11000:900003103:1:51,-0.9,2026-10-02T01:01:04.695736+02:00
295907193,de:11000:900023201:3:55,-0.8,2026-10-02T01:01:04.695736+02:00
295907193,de:11000:900024203:1:51,-0.8,2026-10-02T01:01:04.695736+02:00
295907193,de:11000:900024101:4:57,-0.8,2026-10-02T01:01:04.695736+02:00
295907193,de:11000:900024102:1:50,-0.1,2026-10-02T01:01:04.695736+02:00
295907193,de:11000:900025423:1:50,-0.4,2026-10-02T01:01:04.695736+02:00
295907193,de:11000:900026105:1:50,-0.7,2026-10-02T01:01:04.695736+02:00
295907193,de:11000:900025321:1:50,-0.3,2026-10-02T01:01:04.695736+02:00
295907193,de:11000:900025424:1:50,-0.3,2026-10-02T01:01:04.695736+02:00
295907193,de:11000:900030202:1:50,-0.9,2026-10-02T01:01:04.695736+02:00
295907193,de:11000:900029101:1:50,-0.9,2026-10-02T01:01:04.695736+02:00
295911047,de:11000:900162001:1:50,0.0,2026-10-02T01:01:04.695736+02:00
295911047,de:11000:900160002:1:50,-0.7,2026-10-02T01:01:04.695736+02:00
295911047,de:11000:900160001:1:50,0.0,2026-10-02T01:01:04.695736+02:00
295911047,de:11000:900120003:3:55,-0.7,2026-10-02T01:01:04.695736+02:00
295911047,de:11000:900120004:2:53,0.0,2026-10-02T01:01:04.695736+02:00
295911047,de:11000:900120005:4:56,-0.2,2026-10-02T01:01:04.695736+02:00
307436190,de:11000:900024101:1:50,0.0,2026-10-02T01:01:04.695736+02:00
307436190,de:11000:900053301:3:54,0.0,2026-10-02T01:01:04.695736+02:00
307436190,de:12054:900230001:1:50,0.0,2026-10-02T01:01:04.695736+02:00
307436190,de:12069:900220008:1:50,0.0,2026-10-02T01:01:04.695736+02:00
307436190,de:12069:900220006:1:50,0.0,2026-10-02T01:01:04.695736+02:00
307436190,de:12069:900220003:1:50,0.0,2026-10-02T01:01:04.695736+02:00
307436190,de:12069:900220004:1:50,0.0,2026-10-02T01:01:04.695736+02:00
307436190,de:12069:900220005:1:50,0.0,2026-10-02T01:01:04.695736+02:00
307436190,de:12069:900222030:1:50,0.0,2026-10-02T01:01:04.695736+02:00
307436190,de:12069:900220141:1:50,0.0,2026-10-02T01:01:04.695736+02:00
307436190,de:12069:900220142:1:50,0.0,2026-10-02T01:01:04.695736+02:00
307436190,de:12069:900220143:1:50,0.0,2026-10-02T01:01:04.695736+02:00
295910327,de:11000:900182002:1:50,0.0,2026-10-02T01:01:04.695736+02:00
295910327,de:11000:900182001:1:50,-0.2,2026-10-02T01:01:04.695736+02:00
295910327,de:11000:900180001:1:50,-0.7,2026-10-02T01:01:04.695736+02:00
295910327,de:11000:900180002:1:50,-0.7,2026-10-02T01:01:04.695736+02:00
295910327,de:11000:900162001:1:50,-0.9,2026-10-02T01:01:04.695736+02:00
295910327,de:11000:900160002:1:50,0.0,2026-10-02T01:01:04.695736+02:00
295910327,de:11000:900160001:1:50,-0.3,2026-10-02T01:01:04.695736+02:00
295910327,de:11000:900120003:3:55,-0.1,2026-10-02T01:01:04.695736+02:00
295910327,de:11000:900120004:2:53,-0.6,2026-10-02T01:01:04.695736+02:00
295910327,de:11000:900120005:5:58,-0.9,2026-10-02T01:01:04.695736+02:00
295910327,de:11000:900100004:1:51,-0.9,2026-10-02T01:01:04.695736+02:00
295910327,de:11000:900100003:2:53,-0.9,2026-10-02T01:01:04.695736+02:00
295910327,de:11000:900100002:1:51,-0.9,2026-10-02T01:01:04.695736+02:00
295910327,de:11000:900100001:3:55,-0.9,2026-10-02T01:01:04.695736+02:00
295910327,de:11000:900003201:3:55,-0.6,2026-10-02T01:01:04.695736+02:00
295910327,de:11000:900003102:1:51,-0.3,2026-10-02T01:01:04.695736+02:00
295910327,de:11000:900003103:1:51,-0.4,2026-10-02T01:01:04.695736+02:00
295910327,de:11000:900023201:3:55,-0.3,2026-10-02T01:01:04.695736+02:00
295910327,de:11000:900024203:1:51,-0.3,2026-10-02T01:01:04.695736+02:00
295910327,de:11000:900024101:4:56,-0.3,2026-10-02T01:01:04.695736+02:00
295910111,de:11000:900024101:3:55,0.0,2026-10-02T01:01:04.695736+02:00
295910111,de:11000:900024203:1:51,-0.3,2026-10-02T01:01:04.695736+02:00
295910111,de:11000:900023201:3:54,-0.2,2026-10-02T01:01:04.695736+02:00
295910111,de:11000:900003103:1:50,-0.3,2026-10-02T01:01:04.695736+02:00
295910111,de:11000:900003102:1:50,-0.4,2026-10-02T01:01:04.695736+02:00
295910111,de:11000:900003201:3:54,0.0,2026-10-02T01:01:04.695736+02:00
295910111,de:11000:900100001:3:54,-0.6,2026-10-02T01:01:04.695736+02:00
295910111,de:11000:900100002:1:50,-0.9,2026-10-02T01:01:04.695736+02:00
295910111,de:11000:900100003:2:52,-0.6,2026-10-02T01:01:04.695736+02:00
295910111,de:11000:900100004:1:50,-0.9,2026-10-02T01:01:04.695736+02:00
295910111,de:11000:900120005:4:55,-0.1,2026-10-02T01:01:04.695736+02:00
295910111,de:11000:900120004:1:50,-0.1,2026-10-02T01:01:04.695736+02:00
295910111,de:11000:900120003:2:53,-0.4,2026-10-02T01:01:04.695736+02:00
295910111,de:11000:900160001:1:51,-0.4,2026-10-02T01:01:04.695736+02:00
295910111,de:11000:900160002:1:50,-0.7,2026-10-02T01:01:04.695736+02:00
295910111,de:11000:900162001:1:51,-0.3,2026-10-02T01:01:04.695736+02:00
295910111,de:11000:900180002:1:51,-0.3,2026-10-02T01:01:04.695736+02:00
295910111,de:11000:900180001:1:50,-0.7,2026-10-02T01:01:04.695736+02:00
295910111,de:11000:900182001:1:51,-0.2,2026-10-02T01:01:04.695736+02:00
295910111,de:11000:900182002:1:51,-0.4,2026-10-02T01:01:04.695736+02:00
295910111,de:11000:900183001:1:51,0.0,2026-10-02T01:01:04.695736+02:00
295910111,de:11000:900183002:1:51,-0.3,2026-10-02T01:01:04.695736+02:00
295910111,de:12067:900310004:3:52,-0.5,2026-10-02T01:01:04.695736+02:00
306897055,de:12067:900311482::1,0.0,2026-10-02T01:01:04.695736+02:00
306897055,de:12067:900311481::2,0.0,2026-10-02T01:01:04.695736+02:00
306897055,de:12067:900311440::1,0.0,2026-10-02T01:01:04.695736+02:00
306897055,de:12067:900311562::1,0.0,2026-10-02T01:01:04.695736+02:00
306897055,de:12067:900311610::1,0.0,2026-10-02T01:01:04.695736+02:00
306897055,de:12067:900311421::1,0.0,2026-10-02T01:01:04.695736+02:00
306897055,de:12067:900311420::1,0.0,2026-10-02T01:01:04.695736+02:00
306897055,de:12067:900311422::1,0.0,2026-10-02T01:01:04.695736+02:00
306897055,de:12067:900311423::1,0.0,2026-10-02T01:01:04.695736+02:00
306897055,de:12067:900311424::1,0.0,2026-10-02T01:01:04.695736+02:00
306897055,de:12067:900311237::2,0.0,2026-10-02T01:01:04.695736+02:00
306897055,de:12067:900311232::2,0.0,2026-10-02T01:01:04.695736+02:00
306897055,de:12067:900311236::1,0.0,2026-10-02T01:01:04.695736+02:00
306897055,de:12067:900311234::1,0.0,2026-10-02T01:01:04.695736+02:00
306897055,de:12067:900311238::1,0.0,2026-10-02T01:01:04.695736+02:00
307280476,de:11000:900020202:1:50,0.0,2026-10-02T01:01:04.695736+02:00
307280476,de:11000:900001201:1:50,-0.2,2026-10-02T01:01:04.695736+02:00
307280476,de:11000:900009104:1:50,-0.8,2026-10-02T01:01:04.695736+02:00
307280476,de:11000:900007102:2:52,-0.4,2026-10-02T01:01:04.695736+02:00
307280476,de:11000:900110001:1:50,-0.6,2026-10-02T01:01:04.695736+02:00
307280476,de:11000:900110002:1:50,-0.4,2026-10-02T01:01:04.695736+02:00
307280476,de:11000:900110003:1:50,-0.4,2026-10-02T01:01:04.695736+02:00
307280476,de:11000:900110004:1:50,-0.8,2026-10-02T01:01:04.695736+02:00
307280476,de:11000:900110012:1:50,-0.7,2026-10-02T01:01:04.695736+02:00
307280476,de:11000:900120001:1:50,-0.7,2026-10-02T01:01:04.695736+02:00
307280476,de:11000:900120003:5:58,-0.1,2026-10-02T01:01:04.695736+02:00
307280476,de:11000:900190001:1:50,-0.4,2026-10-02T01:01:04.695736+02:00
307280476,de:11000:900077106:1:50,-0.4,2026-10-02T01:01:04.695736+02:00
307280476,de:11000:900078201:1:50,-0.3,2026-10-02T01:01:04.695736+02:00
307280476,de:11000:900079221:1:50,-0.2,2026-10-02T01:01:04.695736+02:00
307280476,de:11000:900068201:1:50,-0.8,2026-10-02T01:01:04.695736+02:00
307280476,de:11000:900058101:5:58,-0.1,2026-10-02T01:01:04.695736+02:00
307280476,de:11000:900054104:2:52,-0.7,2026-10-02T01:01:04.695736+02:00
307280476,de:11000:900054105:1:50,-0.9,2026-10-02T01:01:04.695736+02:00
307280476,de:11000:900044202:1:50,-0.7,2026-10-02T01:01:04.695736+02:00
307280476,de:11000:900045102:1:50,-0.7,2026-10-02T01:01:04.695736+02:00
307280476,de:11000:900044101:1:50,-0.8,2026-10-02T01:01:04.695736+02:00
307280476,de:11000:900040101:1:50,-0.3,2026-10-02T01:01:04.695736+02:00
307280476,de:11000:900024101:3:54,-0.8,2026-10-02T01:01:04.695736+02:00
307280473,de:11000:900020202:1:50,0.0,2026-10-02T01:01:04.695736+02:00
307280473,de:11000:900001201:1:50,-0.2,2026-10-02T01:01:04.695736+02:00
307280473,de:11000:900009104:1:50,-0.8,2026-10-02T01:01:04.695736+02:00
307280473,de:11000:900007102:2:52,-0.4,2026-10-02T01:01:04.695736+02:00
307280473,de:11000:900110001:1:50,-0.6,2026-10-02T01:01:04.695736+02:00
307280473,de:11000:900110002:1:50,-0.4,2026-10-02T01:01:04.695736+02:00
307280473,de:11000:900110003:1:50,-0.4,2026-10-02T01:01:04.695736+02:00
307280473,de:11000:900110004:1:50,-0.8,2026-10-02T01:01:04.695736+02:00
307280473,de:11000:900110012:1:50,-0.7,2026-10-02T01:01:04.695736+02:00
307280473,de:11000:900120001:1:50,-0.7,2026-10-02T01:01:04.695736+02:00
307280473,de:11000:900120003:5:58,-0.1,2026-10-02T01:01:04.695736+02:00
307280473,de:11000:900190001:1:50,-0.4,2026-10-02T01:01:04.695736+02:00
307280473,de:11000:900077106:1:50,-0.4,2026-10-02T01:01:04.695736+02:00
307280473,de:11000:900078201:1:50,-0.3,2026-10-02T01:01:04.695736+02:00
307280473,de:11000:900079221:1:50,-0.2,2026-10-02T01:01:04.695736+02:00
307280473,de:11000:900068201:1:50,-0.8,2026-10-02T01:01:04.695736+02:00
307280473,de:11000:900058101:5:58,-0.1,2026-10-02T01:01:04.695736+02:00
307280473,de:11000:900054104:2:52,-0.7,2026-10-02T01:01:04.695736+02:00
307280473,de:11000:900054105:1:50,-0.9,2026-10-02T01:01:04.695736+02:00
307280473,de:11000:900044202:1:50,-0.7,2026-10-02T01:01:04.695736+02:00
307280473,de:11000:900045102:1:50,-0.7,2026-10-02T01:01:04.695736+02:00
307280473,de:11000:900044101:1:50,-0.8,2026-10-02T01:01:04.695736+02:00
307280473,de:11000:900040101:1:50,-0.3,2026-10-02T01:01:04.695736+02:00
307280473,de:11000:900024101:3:54,-0.8,2026-10-02T01:01:04.695736+02:00
307280548,de:11000:900020202:1:51,0.0,2026-10-02T01:01:04.695736+02:00
307280548,de:11000:900001201:1:51,-0.2,2026-10-02T01:01:04.695736+02:00
307280548,de:11000:900009104:1:51,-0.8,2026-10-02T01:01:04.695736+02:00
307280548,de:11000:900007102:2:52,-0.9,2026-10-02T01:01:04.695736+02:00
307280548,de:11000:900110001:1:50,-0.6,2026-10-02T01:01:04.695736+02:00
307280548,de:11000:900110002:1:50,-0.4,2026-10-02T01:01:04.695736+02:00
307280548,de:11000:900110003:1:50,-0.4,2026-10-02T01:01:04.695736+02:00
307280548,de:11000:900110004:1:50,-0.8,2026-10-02T01:01:04.695736+02:00
307280548,de:11000:900110012:1:50,-0.7,2026-10-02T01:01:04.695736+02:00
307280548,de:11000:900120001:1:50,-0.7,2026-10-02T01:01:04.695736+02:00
307280548,de:11000:900120003:5:58,-0.1,2026-10-02T01:01:04.695736+02:00
307280548,de:11000:900190001:1:50,-0.4,2026-10-02T01:01:04.695736+02:00
307280548,de:11000:900077106:1:50,-0.4,2026-10-02T01:01:04.695736+02:00
307280548,de:11000:900078201:1:50,-0.3,2026-10-02T01:01:04.695736+02:00
307280548,de:11000:900079221:1:50,-0.2,2026-10-02T01:01:04.695736+02:00
307280548,de:11000:900068201:1:50,-0.8,2026-10-02T01:01:04.695736+02:00
307280548,de:11000:900058101:5:58,-0.1,2026-10-02T01:01:04.695736+02:00
307280548,de:11000:900054104:2:52,-0.2,2026-10-02T01:01:04.695736+02:00
307280548,de:11000:900054105:1:50,-0.9,2026-10-02T01:01:04.695736+02:00
307280548,de:11000:900044202:1:50,-0.7,2026-10-02T01:01:04.695736+02:00
307280548,de:11000:900045102:1:50,-0.7,2026-10-02T01:01:04.695736+02:00
307280548,de:11000:900044101:1:50,-0.8,2026-10-02T01:01:04.695736+02:00
307280548,de:11000:900040101:1:50,-0.8,2026-10-02T01:01:04.695736+02:00
307280547,de:11000:900020202:1:51,0.0,2026-10-02T01:01:04.695736+02:00
307280547,de:11000:900001201:1:51,-0.2,2026-10-02T01:01:04.695736+02:00
307280547,de:11000:900009104:1:51,-0.8,2026-10-02T01:01:04.695736+02:00
307280547,de:11000:900007102:2:52,-0.9,2026-10-02T01:01:04.695736+02:00
307280547,de:11000:900110001:1:50,-0.6,2026-10-02T01:01:04.695736+02:00
307280547,de:11000:900110002:1:50,-0.4,2026-10-02T01:01:04.695736+02:00
307280547,de:11000:900110003:1:50,-0.4,2026-10-02T01:01:04.695736+02:00
307280547,de:11000:900110004:1:50,-0.8,2026-10-02T01:01:04.695736+02:00
307280547,de:11000:900110012:1:50,-0.7,2026-10-02T01:01:04.695736+02:00
307280547,de:11000:900120001:1:50,-0.7,2026-10-02T01:01:04.695736+02:00
307280547,de:11000:900120003:5:58,-0.1,2026-10-02T01:01:04.695736+02:00
307280547,de:11000:900190001:1:50,-0.4,2026-10-02T01:01:04.695736+02:00
307280547,de:11000:900077106:1:50,-0.4,2026-10-02T01:01:04.695736+02:00
307280547,de:11000:900078201:1:50,-0.3,2026-10-02T01:01:04.695736+02:00
307280547,de:11000:900079221:1:50,-0.2,2026-10-02T01:01:04.695736+02:00
307280547,de:11000:900068201:1:50,-0.8,2026-10-02T01:01:04.695736+02:00
307280547,de:11000:900058101:5:58,-0.1,2026-10-02T01:01:04.695736+02:00
307280547,de:11000:900054104:2:52,-0.2,2026-10-02T01:01:04.695736+02:00
307280547,de:11000:900054105:1:50,-0.9,2026-10-02T01:01:04.695736+02:00
307280547,de:11000:900044202:1:50,-0.7,2026-10-02T01:01:04.695736+02:00
307280547,de:11000:900045102:1:50,-0.7,2026-10-02T01:01:04.695736+02:00
307280547,de:11000:900044101:1:50,-0.8,2026-10-02T01:01:04.695736+02:00
307280547,de:11000:900040101:1:50,-0.8,2026-10-02T01:01:04.695736+02:00
307289074,de:11000:900079221:1:51,0.0,2026-10-02T01:01:04.695736+02:00
307289074,de:11000:900078201:1:51,-0.1,2026-10-02T01:01:04.695736+02:00
307289074,de:11000:900077106:1:51,0.0,2026-10-02T01:01:04.695736+02:00
307289074,de:11000:900190001:2:52,-0.9,2026-10-02T01:01:04.695736+02:00
307289074,de:11000:900120003:5:59,-0.4,2026-10-02T01:01:04.695736+02:00
307289074,de:11000:900120001:1:51,0.0,2026-10-02T01:01:04.695736+02:00
307289074,de:11000:900110012:1:51,-0.2,2026-10-02T01:01:04.695736+02:00
307289074,de:11000:900110004:1:51,-0.1,2026-10-02T01:01:04.695736+02:00
307289074,de:11000:900110003:1:51,-0.4,2026-10-02T01:01:04.695736+02:00
307289074,de:11000:900110002:1:51,-0.4,2026-10-02T01:01:04.695736+02:00
307289074,de:11000:900110001:1:51,-0.1,2026-10-02T01:01:04.695736+02:00
307289074,de:11000:900007102:1:51,-0.6,2026-10-02T01:01:04.695736+02:00
307289074,de:11000:900009104:1:51,-0.3,2026-10-02T01:01:04.695736+02:00
307292228,de:11000:900044202:1:51,0.0,2026-10-02T01:01:04.695736+02:00
307292228,de:11000:900054105:1:51,-0.2,2026-10-02T01:01:04.695736+02:00
307292228,de:11000:900054104:2:53,-0.8,2026-10-02T01:01:04.695736+02:00
307292228,de:11000:900058101:5:59,-0.7,2026-10-02T01:01:04.695736+02:00
307292228,de:11000:900068201:1:51,-0.3,2026-10-02T01:01:04.695736+02:00
307292228,de:11000:900079221:1:51,-0.9,2026-10-02T01:01:04.695736+02:00
307292228,de:11000:900078201:1:51,-0.6,2026-10-02T01:01:04.695736+02:00
307292228,de:11000:900077155:1:51,-0.2,2026-10-02T01:01:04.695736+02:00
307292228,de:11000:900191001:2:51,-0.7,2026-10-02T01:01:04.695736+02:00
307292228,de:11000:900192001:2:52,-0.7,2026-10-02T01:01:04.695736+02:00
307292228,de:11000:900193001:1:50,-0.2,2026-10-02T01:01:04.695736+02:00
307292228,de:11000:900193002:1:50,-0.8,2026-10-02T01:01:04.695736+02:00
307292228,de:11000:900186001:1:50,-0.8,2026-10-02T01:01:04.695736+02:00
307292228,de:12061:900260004:1:50,-0.2,2026-10-02T01:01:04.695736+02:00
307292228,de:12061:900260003:1:50,-0.4,2026-10-02T01:01:04.695736+02:00
307292228,de:12061:900260002:1:51,-0.2,2026-10-02T01:01:04.695736+02:00
307292228,de:12061:900260001:2:52,-0.2,2026-10-02T01:01:04.695736+02:00
295928946,de:11000:900079221:1:51,0.0,2026-10-02T01:01:04.695736+02:00
295928946,de:11000:900078201:1:51,-0.6,2026-10-02T01:01:04.695736+02:00
295928946,de:11000:900077155:1:51,-0.2,2026-10-02T01:01:04.695736+02:00
295928946,de:11000:900191001:2:51,-0.7,2026-10-02T01:01:04.695736+02:00
295928946,de:11000:900192001:2:52,-0.7,2026-10-02T01:01:04.695736+02:00
295928946,de:11000:900193001:1:50,-0.2,2026-10-02T01:01:04.695736+02:00
295928946,de:11000:900193002:1:50,-0.8,2026-10-02T01:01:04.695736+02:00
295928946,de:11000:900186001:1:51,-0.8,2026-10-02T01:01:04.695736+02:00
295928968,de:11000:900186001:2:52,0.0,2026-10-02T01:01:04.695736+02:00
295928968,de:11000:900193002:1:51,-0.2,2026-10-02T01:01:04.695736+02:00
295928968,de:11000:900193001:2:51,-0.8,2026-10-02T01:01:04.695736+02:00
295928968,de:11000:900192001:3:55,-0.7,2026-10-02T01:01:04.695736+02:00
295928968,de:11000:900191001:1:50,-0.4,2026-10-02T01:01:04.695736+02:00
295928968,de:11000:900077155:1:50,-0.9,2026-10-02T01:01:04.695736+02:00
295928968,de:11000:900078201:1:50,-0.9,2026-10-02T01:01:04.695736+02:00
295928968,de:11000:900079221:1:50,-0.7,2026-10-02T01:01:04.695736+02:00
295928926,de:11000:900079221:1:51,0.0,2026-10-02T01:01:04.695736+02:00
295928926,de:11000:900078201:1:51,-0.6,2026-10-02T01:01:04.695736+02:00
295928926,de:11000:900077155:1:51,-0.2,2026-10-02T01:01:04.695736+02:00
295928926,de:11000:900191001:2:51,-0.7,2026-10-02T01:01:04.695736+02:00
295928926,de:11000:900192001:2:52,-0.7,2026-10-02T01:01:04.695736+02:00
295928926,de:11000:900193001:1:50,-0.2,2026-10-02T01:01:04.695736+02:00
295928926,de:11000:900193002:1:50,-0.8,2026-10-02T01:01:04.695736+02:00
295928926,de:11000:900186001:1:51,-0.8,2026-10-02T01:01:04.695736+02:00
295933119,de:11000:900180003:1:50,0.0,2026-10-02T01:01:04.695736+02:00
295933119,de:11000:900192002:1:50,-0.4,2026-10-02T01:01:04.695736+02:00
295933119,de:11000:900192001:3:54,-0.2,2026-10-02T01:01:04.695736+02:00
295933119,de:11000:900191001:1:50,-0.9,2026-10-02T01:01:04.695736+02:00
295933119,de:11000:900077155:1:50,-0.4,2026-10-02T01:01:04.695736+02:00
295933119,de:11000:900078201:1:50,-0.9,2026-10-02T01:01:04.695736+02:00
295933119,de:11000:900079221:1:50,-0.7,2026-10-02T01:01:04.695736+02:00
295933119,de:11000:900068201:1:50,-0.3,2026-10-02T01:01:04.695736+02:00
295933119,de:11000:900058101:5:58,-0.6,2026-10-02T01:01:04.695736+02:00
295932995,de:11000:900058101:5:59,0.0,2026-10-02T01:01:04.695736+02:00
295932995,de:11000:900068201:1:51,-0.3,2026-10-02T01:01:04.695736+02:00
295932995,de:11000:900079221:1:51,-0.9,2026-10-02T01:01:04.695736+02:00
295932995,de:11000:900078201:1:51,-0.6,2026-10-02T01:01:04.695736+02:00
295932995,de:11000:900077155:1:51,-0.2,2026-10-02T01:01:04.695736+02:00
295932995,de:11000:900191001:2:51,-0.7,2026-10-02T01:01:04.695736+02:00
295932995,de:11000:900192001:2:53,-0.7,2026-10-02T01:01:04.695736+02:00
295932995,de:11000:900192002:1:50,-0.5,2026-10-02T01:01:04.695736+02:00
295932995,de:11000:900180003:1:50,-0.7,2026-10-02T01:01:04.695736+02:00
295932991,de:11000:900058101:5:59,0.0,2026-10-02T01:01:04.695736+02:00
295932991,de:11000:900068201:1:51,-0.3,2026-10-02T01:01:04.695736+02:00
295932991,de:11000:900079221:1:51,-0.9,2026-10-02T01:01:04.695736+02:00
295932991,de:11000:900078201:1:51,-0.6,2026-10-02T01:01:04.695736+02:00
295932991,de:11000:900077155:1:51,-0.2,2026-10-02T01:01:04.695736+02:00
295932991,de:11000:900191001:2:51,-0.7,2026-10-02T01:01:04.695736+02:00
295932991,de:11000:900192001:2:53,-0.7,2026-10-02T01:01:04.695736+02:00
295932991,de:11000:900192002:1:50,-0.5,2026-10-02T01:01:04.695736+02:00
295932991,de:11000:900180003:1:50,-0.7,2026-10-02T01:01:04.695736+02:00
307301986,de:11000:900024102:2:52,0.0,2026-10-02T01:01:04.695736+02:00
307301986,de:11000:900024101:3:55,-0.8,2026-10-02T01:01:04.695736+02:00
307301986,de:11000:900024203:1:51,-0.8,2026-10-02T01:01:04.695736+02:00
307301986,de:11000:900023201:3:54,-0.7,2026-10-02T01:01:04.695736+02:00
307301986,de:11000:900003103:1:50,-0.8,2026-10-02T01:01:04.695736+02:00
307301986,de:11000:900003102:1:50,-0.9,2026-10-02T01:01:04.695736+02:00
307301986,de:11000:900003201:3:54,-0.5,2026-10-02T01:01:04.695736+02:00
307301986,de:11000:900100001:3:54,-0.1,2026-10-02T01:01:04.695736+02:00
307301986,de:11000:900100002:1:50,-0.4,2026-10-02T01:01:04.695736+02:00
307301986,de:11000:900100003:2:52,-0.1,2026-10-02T01:01:04.695736+02:00
307301986,de:11000:900100004:1:50,-0.4,2026-10-02T01:01:04.695736+02:00
307301986,de:11000:900120005:4:55,-0.6,2026-10-02T01:01:04.695736+02:00
307301986,de:11000:900120004:1:50,-0.1,2026-10-02T01:01:04.695736+02:00
307301986,de:11000:900120003:2:53,-0.4,2026-10-02T01:01:04.695736+02:00
307301986,de:11000:900160003:1:50,-0.7,2026-10-02T01:01:04.695736+02:00
307301986,de:11000:900160004:1:50,-0.7,2026-10-02T01:01:04.695736+02:00
307301986,de:11000:900171002:1:50,-0.2,2026-10-02T01:01:04.695736+02:00
307301986,de:11000:900171001:2:51,-0.3,2026-10-02T01:01:04.695736+02:00
307301986,de:11000:900175001:2:51,-0.5,2026-10-02T01:01:04.695736+02:00
307301986,de:11000:900175002:1:51,0.0,2026-10-02T01:01:04.695736+02:00
307301986,de:11000:900176001:2:52,-0.3,2026-10-02T01:01:04.695736+02:00
307301986,de:12064:900320026:1:51,-0.1,2026-10-02T01:01:04.695736+02:00
307301986,de:12064:900320008:1:50,-0.7,2026-10-02T01:01:04.695736+02:00
307301986,de:12064:900320007:1:50,-0.4,2026-10-02T01:01:04.695736+02:00
307301986,de:12064:900320006:1:50,-0.8,2026-10-02T01:01:04.695736+02:00
307301986,de:12064:900320005:1:50,-0.2,2026-10-02T01:01:04.695736+02:00
307301986,de:12064:900320004:2:51,-0.9,2026-10-02T01:01:04.695736+02:00
307301986,de:12064:900320003:1:50,-0.8,2026-10-02T01:01:04.695736+02:00
307301986,de:12064:900320002:1:50,-0.5,2026-10-02T01:01:04.695736+02:00
307301986,de:12064:900320001:1:50,-0.2,2026-10-02T01:01:04.695736+02:00
306895361,de:12067:900310611::1,0.0,2026-10-02T01:01:04.695736+02:00
306895361,de:12067:900311058::2,0.0,2026-10-02T01:01:04.695736+02:00
306895361,de:12067:900311110::4,0.0,2026-10-02T01:01:04.695736+02:00
306895361,de:12067:900311055::1,0.0,2026-10-02T01:01:04.695736+02:00
306895361,de:12067:900311054::1,0.0,2026-10-02T01:01:04.695736+02:00
306895361,de:12067:900311110::1,0.0,2026-10-02T01:01:04.695736+02:00
306895361,de:12067:900311059::2,0.0,2026-10-02T01:01:04.695736+02:00
306895361,de:12067:900310945::1,0.0,2026-10-02T01:01:04.695736+02:00
306895361,de:12067:900310913::1,0.0,2026-10-02T01:01:04.695736+02:00
306895361,de:12067:900310912::1,0.0,2026-10-02T01:01:04.695736+02:00
295940792,de:11000:900176001:1:50,0.0,2026-10-02T01:01:04.695736+02:00
295940792,de:11000:900175002:1:50,-0.7,2026-10-02T01:01:04.695736+02:00
295940792,de:11000:900175001:1:50,-0.6,2026-10-02T01:01:04.695736+02:00
295940792,de:11000:900171001:1:50,-0.3,2026-10-02T01:01:04.695736+02:00
295940792,de:11000:900171002:1:51,-0.4,2026-10-02T01:01:04.695736+02:00
295940792,de:11000:900160004:1:51,-0.8,2026-10-02T01:01:04.695736+02:00
295940792,de:11000:900160003:1:51,-0.8,2026-10-02T01:01:04.695736+02:00
295940792,de:11000:900120003:3:54,-0.9,2026-10-02T01:01:04.695736+02:00
295940792,de:11000:900120004:2:52,-0.6,2026-10-02T01:01:04.695736+02:00
295940792,de:11000:900120005:5:57,-0.9,2026-10-02T01:01:04.695736+02:00
295940179,de:11000:900024102:2:52,0.0,2026-10-02T01:01:04.695736+02:00
295940179,de:11000:900024101:3:54,-0.8,2026-10-02T01:01:04.695736+02:00
295940179,de:11000:900024203:1:51,-0.8,2026-10-02T01:01:04.695736+02:00
295940179,de:11000:900023201:3:54,-0.7,2026-10-02T01:01:04.695736+02:00
295940179,de:11000:900003103:1:50,-0.8,2026-10-02T01:01:04.695736+02:00
295940179,de:11000:900003102:1:50,-0.9,2026-10-02T01:01:04.695736+02:00
295940179,de:11000:900003201:3:54,-0.5,2026-10-02T01:01:04.695736+02:00
295940179,de:11000:900100001:3:54,-0.1,2026-10-02T01:01:04.695736+02:00
295940179,de:11000:900100002:1:50,-0.4,2026-10-02T01:01:04.695736+02:00
295940179,de:11000:900100003:2:52,-0.1,2026-10-02T01:01:04.695736+02:00
295940179,de:11000:900100004:1:50,-0.4,2026-10-02T01:01:04.695736+02:00
295940179,de:11000:900120005:4:55,-0.6,2026-10-02T01:01:04.695736+02:00
295940179,de:11000:900120004:1:50,-0.1,2026-10-02T01:01:04.695736+02:00
295940179,de:11000:900120003:2:53,-0.4,2026-10-02T01:01:04.695736+02:00
295940179,de:11000:900160003:1:50,-0.7,2026-10-02T01:01:04.695736+02:00
295940179,de:11000:900160004:1:50,-0.7,2026-10-02T01:01:04.695736+02:00
295940179,de:11000:900171002:1:50,-0.2,2026-10-02T01:01:04.695736+02:00
295940179,de:11000:900171001:2:51,-0.3,2026-10-02T01:01:04.695736+02:00
295940179,de:11000:900175001:2:51,-0.5,2026-10-02T01:01:04.695736+02:00
295940179,de:11000:900175002:1:51,0.0,2026-10-02T01:01:04.695736+02:00
295940179,de:11000:900176001:2:52,-0.3,2026-10-02T01:01:04.695736+02:00
295940179,de:12064:900320026:1:51,-0.1,2026-10-02T01:01:04.695736+02:00
295940179,de:12064:900320008:1:50,-0.7,2026-10-02T01:01:04.695736+02:00
295942236,de:11000:900176001:1:50,0.0,2026-10-02T01:01:04.695736+02:00
295942236,de:11000:900175002:1:50,-0.7,2026-10-02T01:01:04.695736+02:00
295942236,de:11000:900175001:1:50,-0.6,2026-10-02T01:01:04.695736+02:00
295942236,de:11000:900171001:1:50,-0.3,2026-10-02T01:01:04.695736+02:00
295942236,de:11000:900171002:1:51,-0.4,2026-10-02T01:01:04.695736+02:00
295942236,de:11000:900160004:1:51,-0.8,2026-10-02T01:01:04.695736+02:00
295942236,de:11000:900160003:1:51,-0.8,2026-10-02T01:01:04.695736+02:00
295942236,de:11000:900120003:3:54,-0.9,2026-10-02T01:01:04.695736+02:00
295942236,de:11000:900120004:2:52,-0.1,2026-10-02T01:01:04.695736+02:00
295942220,de:11000:900176001:1:50,0.0,2026-10-02T01:01:04.695736+02:00
295942220,de:11000:900175002:1:50,-0.7,2026-10-02T01:01:04.695736+02:00
295942220,de:11000:900175001:1:50,-0.6,2026-10-02T01:01:04.695736+02:00
295942220,de:11000:900171001:1:50,-0.3,2026-10-02T01:01:04.695736+02:00
295942220,de:11000:900171002:1:51,-0.4,2026-10-02T01:01:04.695736+02:00
295942220,de:11000:900160004:1:51,-0.8,2026-10-02T01:01:04.695736+02:00
295942220,de:11000:900160003:1:51,-0.8,2026-10-02T01:01:04.695736+02:00
295942220,de:11000:900120003:3:55,-0.9,2026-10-02T01:01:04.695736+02:00
295942220,de:11000:900120004:2:53,-0.1,2026-10-02T01:01:04.695736+02:00
295942220,de:11000:900120005:4:56,-0.4,2026-10-02T01:01:04.695736+02:00
295940314,de:11000:900176001:1:50,0.0,2026-10-02T01:01:04.695736+02:00
295940314,de:11000:900175002:1:50,-0.7,2026-10-02T01:01:04.695736+02:00
295940314,de:11000:900175001:1:50,-0.6,2026-10-02T01:01:04.695736+02:00
295940314,de:11000:900171001:1:50,-0.3,2026-10-02T01:01:04.695736+02:00
295940314,de:11000:900171002:1:51,-0.4,2026-10-02T01:01:04.695736+02:00
295940314,de:11000:900160004:1:51,-0.8,2026-10-02T01:01:04.695736+02:00
295940314,de:11000:900160003:1:51,-0.9,2026-10-02T01:01:04.695736+02:00
295940314,de:11000:900120003:3:55,-0.1,2026-10-02T01:01:04.695736+02:00
295940314,de:11000:900120004:2:53,-0.6,2026-10-02T01:01:04.695736+02:00
295940314,de:11000:900120005:5:58,-0.9,2026-10-02T01:01:04.695736+02:00
295940314,de:11000:900100004:1:51,-0.4,2026-10-02T01:01:04.695736+02:00
295940314,de:11000:900100003:2:53,-0.4,2026-10-02T01:01:04.695736+02:00
295940314,de:11000:900100002:1:51,-0.4,2026-10-02T01:01:04.695736+02:00
295940314,de:11000:900100001:3:55,-0.4,2026-10-02T01:01:04.695736+02:00
295940314,de:11000:900003201:3:55,-0.1,2026-10-02T01:01:04.695736+02:00
295940314,de:11000:900003102:1:51,-0.8,2026-10-02T01:01:04.695736+02:00
295940314,de:11000:900003103:1:51,-0.9,2026-10-02T01:01:04.695736+02:00
295940314,de:11000:900023201:3:55,-0.8,2026-10-02T01:01:04.695736+02:00
295940314,de:11000:900024203:1:51,-0.8,2026-10-02T01:01:04.695736+02:00
295940314,de:11000:900024101:4:57,-0.8,2026-10-02T01:01:04.695736+02:00
295940314,de:11000:900024102:1:51,-0.1,2026-10-02T01:01:04.695736+02:00
295940175,de:11000:900024102:2:52,0.0,2026-10-02T01:01:04.695736+02:00
295940175,de:11000:900024101:3:54,-0.8,2026-10-02T01:01:04.695736+02:00
295940175,de:11000:900024203:1:51,-0.8,2026-10-02T01:01:04.695736+02:00
295940175,de:11000:900023201:3:54,-0.7,2026-10-02T01:01:04.695736+02:00
295940175,de:11000:900003103:1:50,-0.8,2026-10-02T01:01:04.695736+02:00
295940175,de:11000:900003102:1:50,-0.9,2026-10-02T01:01:04.695736+02:00
295940175,de:11000:900003201:3:54,-0.5,2026-10-02T01:01:04.695736+02:00
295940175,de:11000:900100001:3:54,-0.1,2026-10-02T01:01:04.695736+02:00
295940175,de:11000:900100002:1:50,-0.4,2026-10-02T01:01:04.695736+02:00
295940175,de:11000:900100003:2:52,-0.1,2026-10-02T01:01:04.695736+02:00
295940175,de:11000:900100004:1:50,-0.4,2026-10-02T01:01:04.695736+02:00
295940175,de:11000:900120005:4:55,-0.6,2026-10-02T01:01:04.695736+02:00
295940175,de:11000:900120004:1:50,-0.1,2026-10-02T01:01:04.695736+02:00
295940175,de:11000:900120003:2:53,-0.4,2026-10-02T01:01:04.695736+02:00
295940175,de:11000:900160003:1:50,-0.7,2026-10-02T01:01:04.695736+02:00
295940175,de:11000:900160004:1:50,-0.7,2026-10-02T01:01:04.695736+02:00
295940175,de:11000:900171002:1:50,-0.2,2026-10-02T01:01:04.695736+02:00
295940175,de:11000:900171001:2:51,-0.3,2026-10-02T01:01:04.695736+02:00
295940175,de:11000:900175001:2:51,-0.5,2026-10-02T01:01:04.695736+02:00
295940175,de:11000:900175002:1:51,0.0,2026-10-02T01:01:04.695736+02:00
295940175,de:11000:900176001:2:52,-0.3,2026-10-02T01:01:04.695736+02:00
295940175,de:12064:900320026:1:51,-0.1,2026-10-02T01:01:04.695736+02:00
295940175,de:12064:900320008:1:50,-0.7,2026-10-02T01:01:04.695736+02:00
306895383,de:12061:900260968::1,0.0,2026-10-02T01:01:04.695736+02:00
306895383,de:12061:900260584::1,0.0,2026-10-02T01:01:04.695736+02:00
306895383,de:12067:900310843::2,0.0,2026-10-02T01:01:04.695736+02:00
306895383,de:12067:900310842::2,0.0,2026-10-02T01:01:04.695736+02:00
306895383,de:12067:900310611::2,0.0,2026-10-02T01:01:04.695736+02:00
306897104,de:12067:900311621::1,0.0,2026-10-02T01:01:04.695736+02:00
306897104,de:12067:900311622::2,0.0,2026-10-02T01:01:04.695736+02:00
306897104,de:12067:900311632::2,0.0,2026-10-02T01:01:04.695736+02:00
306897104,de:12067:900311634::1,0.0,2026-10-02T01:01:04.695736+02:00
306897104,de:12067:900311591::1,0.0,2026-10-02T01:01:04.695736+02:00
306897104,de:12067:900311590::2,0.0,2026-10-02T01:01:04.695736+02:00
306897104,de:12067:900311370::2,0.0,2026-10-02T01:01:04.695736+02:00
306897104,de:12067:900311373::2,0.0,2026-10-02T01:01:04.695736+02:00
306897104,de:12067:900311301::2,0.0,2026-10-02T01:01:04.695736+02:00
306897104,de:12067:900311339::2,0.0,2026-10-02T01:01:04.695736+02:00
306897104,de:12067:900311309::1,0.0,2026-10-02T01:01:04.695736+02:00
306897104,de:12067:900311310::1,0.0,2026-10-02T01:01:04.695736+02:00
306897104,de:12067:900311307::1,0.0,2026-10-02T01:01:04.695736+02:00
306897104,de:12067:900311308::4,0.0,2026-10-02T01:01:04.695736+02:00
306897039,de:12067:900311238::1,0.0,2026-10-02T01:01:04.695736+02:00
306897039,de:12067:900311236::2,0.0,2026-10-02T01:01:04.695736+02:00
306897039,de:12067:900311232::1,0.0,2026-10-02T01:01:04.695736+02:00
306897039,de:12067:900311237::1,0.0,2026-10-02T01:01:04.695736+02:00
306897039,de:12067:900311424::2,0.0,2026-10-02T01:01:04.695736+02:00
306897039,de:12067:900311423::2,0.0,2026-10-02T01:01:04.695736+02:00
306897039,de:12067:900311422::1,0.0,2026-10-02T01:01:04.695736+02:00
306897039,de:12067:900311420::2,0.0,2026-10-02T01:01:04.695736+02:00
306897039,de:12067:900311421::2,0.0,2026-10-02T01:01:04.695736+02:00
306897039,de:12067:900311610::2,0.0,2026-10-02T01:01:04.695736+02:00
306897039,de:12067:900311562::2,0.0,2026-10-02T01:01:04.695736+02:00
306897039,de:12067:900311440::2,0.0,2026-10-02T01:01:04.695736+02:00
306897039,de:12067:900311481::1,0.0,2026-10-02T01:01:04.695736+02:00
306897039,de:12067:900311485::1,0.0,2026-10-02T01:01:04.695736+02:00
306897039,de:12067:900311482::1,0.0,2026-10-02T01:01:04.695736+02:00
306895206,de:12067:900311308::5,0.0,2026-10-02T01:01:04.695736+02:00
306895206,de:12067:900311380::1,0.0,2026-10-02T01:01:04.695736+02:00
306895206,de:12067:900311348::1,0.0,2026-10-02T01:01:04.695736+02:00
306895206,de:12067:900311315::1,0.0,2026-10-02T01:01:04.695736+02:00
306895206,de:12067:900311383::3,0.0,2026-10-02T01:01:04.695736+02:00
306895206,de:12067:900311312::1,0.0,2026-10-02T01:01:04.695736+02:00
306895206,de:12067:900311311::1,0.0,2026-10-02T01:01:04.695736+02:00
306895206,de:12067:900311402::2,0.0,2026-10-02T01:01:04.695736+02:00
306895206,de:12067:900311227::2,0.0,2026-10-02T01:01:04.695736+02:00
306895206,de:12067:900311239::1,0.0,2026-10-02T01:01:04.695736+02:00
306895206,de:12067:900311228::1,0.0,2026-10-02T01:01:04.695736+02:00
306895206,de:12067:900311269::1,0.0,2026-10-02T01:01:04.695736+02:00
306895206,de:12067:900310858::1,0.0,2026-10-02T01:01:04.695736+02:00
306895206,de:12067:900310060::1,0.0,2026-10-02T01:01:04.695736+02:00
306895206,de:12067:900310609::1,0.0,2026-10-02T01:01:04.695736+02:00
306895206,de:12067:900310909::1,0.0,2026-10-02T01:01:04.695736+02:00
306895206,de:12067:900310725::2,0.0,2026-10-02T01:01:04.695736+02:00
306895206,de:12067:900310738::2,0.0,2026-10-02T01:01:04.695736+02:00
306895206,de:12067:900310639::1,0.0,2026-10-02T01:01:04.695736+02:00
306895206,de:12067:900310626::1,0.0,2026-10-02T01:01:04.695736+02:00
306895206,de:12067:900311129::6,0.0,2026-10-02T01:01:04.695736+02:00
306895311,de:12067:900311129::3,0.0,2026-10-02T01:01:04.695736+02:00
306895311,de:12067:900310755::2,0.0,2026-10-02T01:01:04.695736+02:00
306895311,de:12067:900310728::2,0.0,2026-10-02T01:01:04.695736+02:00
306895311,de:12067:900310727::2,0.0,2026-10-02T01:01:04.695736+02:00
306895311,de:12067:900310942::1,0.0,2026-10-02T01:01:04.695736+02:00
306895311,de:12067:900310716::1,0.0,2026-10-02T01:01:04.695736+02:00
306895311,de:12067:900310984::2,0.0,2026-10-02T01:01:04.695736+02:00
306895311,de:12067:900310987::1,0.0,2026-10-02T01:01:04.695736+02:00
306895311,de:12067:900311062::1,0.0,2026-10-02T01:01:04.695736+02:00
306895311,de:12067:900311063::2,0.0,2026-10-02T01:01:04.695736+02:00
306895311,de:12067:900311065::1,0.0,2026-10-02T01:01:04.695736+02:00
306895311,de:12067:900310826::1,0.0,2026-10-02T01:01:04.695736+02:00
306895311,de:12067:900310906::1,0.0,2026-10-02T01:01:04.695736+02:00
306895311,de:12067:900310905::1,0.0,2026-10-02T01:01:04.695736+02:00
306895311,de:12067:900310907::1,0.0,2026-10-02T01:01:04.695736+02:00
306895311,de:12061:900261694::1,-0.5,2026-10-02T01:01:04.695736+02:00
306895311,de:12067:900311081::1,-0.75,2026-10-02T01:01:04.695736+02:00
306895311,de:12067:900310907::2,0.0,2026-10-02T01:01:04.695736+02:00
306895311,de:12067:900310744::1,0.0,2026-10-02T01:01:04.695736+02:00
306895311,de:12067:900311003::2,0.0,2026-10-02T01:01:04.695736+02:00
306895311,de:12067:900311068::1,0.0,2026-10-02T01:01:04.695736+02:00
306895311,de:12067:900310934::1,0.0,2026-10-02T01:01:04.695736+02:00
306895311,de:12061:900261734::2,0.0,2026-10-02T01:01:04.695736+02:00
306895311,de:12061:900261208::1,0.0,2026-10-02T01:01:04.695736+02:00
306895311,de:12061:900261207::1,0.0,2026-10-02T01:01:04.695736+02:00
306895311,de:12061:900261420::1,0.0,2026-10-02T01:01:04.695736+02:00
306895311,de:12061:900261465::1,0.0,2026-10-02T01:01:04.695736+02:00
306895311,de:12061:900261462::1,0.0,2026-10-02T01:01:04.695736+02:00
295946192,de:12054:900230999:3:54,0.0,2026-10-02T01:01:04.695736+02:00
295946192,de:12054:900230000:1:50,-0.3,2026-10-02T01:01:04.695736+02:00
295946192,de:12054:900230003:1:54,-0.3,2026-10-02T01:01:04.695736+02:00
295946192,de:11000:900053301:2:53,-0.4,2026-10-02T01:01:04.695736+02:00
295946192,de:11000:900052201:2:53,-0.7,2026-10-02T01:01:04.695736+02:00
295946192,de:11000:900048101:2:53,-0.9,2026-10-02T01:01:04.695736+02:00
295946192,de:11000:900024102:2:53,-0.9,2026-10-02T01:01:04.695736+02:00
295946192,de:11000:900024101:3:55,-0.3,2026-10-02T01:01:04.695736+02:00
295946192,de:11000:900024203:1:51,-0.3,2026-10-02T01:01:04.695736+02:00
295946192,de:11000:900023201:3:54,-0.2,2026-10-02T01:01:04.695736+02:00
295946192,de:11000:900003103:1:50,-0.3,2026-10-02T01:01:04.695736+02:00
295946192,de:11000:900003102:1:50,-0.4,2026-10-02T01:01:04.695736+02:00
295946192,de:11000:900003201:3:54,0.0,2026-10-02T01:01:04.695736+02:00
295946192,de:11000:900100001:3:54,-0.6,2026-10-02T01:01:04.695736+02:00
295946192,de:11000:900100002:1:50,-0.9,2026-10-02T01:01:04.695736+02:00
295946192,de:11000:900100003:2:52,-0.6,2026-10-02T01:01:04.695736+02:00
295946192,de:11000:900100004:1:50,-0.9,2026-10-02T01:01:04.695736+02:00
295946192,de:11000:900120005:4:55,-0.1,2026-10-02T01:01:04.695736+02:00
295946192,de:11000:900120004:1:50,-0.6,2026-10-02T01:01:04.695736+02:00
295946192,de:11000:900120003:2:53,-0.9,2026-10-02T01:01:04.695736+02:00
295946192,de:11000:900160003:1:50,-0.2,2026-10-02T01:01:04.695736+02:00
295946192,de:11000:900160004:1:50,-0.2,2026-10-02T01:01:04.695736+02:00
295946192,de:11000:900171002:1:50,-0.7,2026-10-02T01:01:04.695736+02:00
295946192,de:11000:900171003:1:50,-0.8,2026-10-02T01:01:04.695736+02:00
295946192,de:11000:900170005:1:50,-0.3,2026-10-02T01:01:04.695736+02:00
295946192,de:11000:900170001:1:50,-0.1,2026-10-02T01:01:04.695736+02:00
295946192,de:11000:900170002:1:50,-0.9,2026-10-02T01:01:04.695736+02:00
295946192,de:11000:900170003:1:50,-0.7,2026-10-02T01:01:04.695736+02:00
295946192,de:11000:900170004:1:50,-0.9,2026-10-02T01:01:04.695736+02:00
295946286,de:11000:900170004:1:50,0.0,2026-10-02T01:01:04.695736+02:00
295946286,de:11000:900170003:1:51,-0.3,2026-10-02T01:01:04.695736+02:00
295946286,de:11000:900170002:1:51,-0.1,2026-10-02T01:01:04.695736+02:00
295946286,de:11000:900170001:1:51,-0.9,2026-10-02T01:01:04.695736+02:00
295946286,de:11000:900170005:1:51,-0.7,2026-10-02T01:01:04.695736+02:00
295946286,de:11000:900171003:1:51,-0.6,2026-10-02T01:01:04.695736+02:00
295946286,de:11000:900171002:1:51,-0.9,2026-10-02T01:01:04.695736+02:00
295946286,de:11000:900160004:1:51,-0.3,2026-10-02T01:01:04.695736+02:00
295946286,de:11000:900160003:1:51,-0.4,2026-10-02T01:01:04.695736+02:00
295946286,de:11000:900120003:3:55,-0.6,2026-10-02T01:01:04.695736+02:00
295946286,de:11000:900120004:2:53,-0.1,2026-10-02T01:01:04.695736+02:00
295946286,de:11000:900120005:5:58,-0.4,2026-10-02T01:01:04.695736+02:00
295946286,de:11000:900100004:1:51,-0.9,2026-10-02T01:01:04.695736+02:00
295946286,de:11000:900100003:2:53,-0.9,2026-10-02T01:01:04.695736+02:00
295946286,de:11000:900100002:1:51,-0.9,2026-10-02T01:01:04.695736+02:00
295946286,de:11000:900100001:3:55,-0.9,2026-10-02T01:01:04.695736+02:00
295946286,de:11000:900003201:3:55,-0.6,2026-10-02T01:01:04.695736+02:00
295946286,de:11000:900003102:1:51,-0.3,2026-10-02T01:01:04.695736+02:00
295946286,de:11000:900003103:1:51,-0.4,2026-10-02T01:01:04.695736+02:00
295946286,de:11000:900023201:3:55,-0.3,2026-10-02T01:01:04.695736+02:00
295946286,de:11000:900024203:1:51,-0.3,2026-10-02T01:01:04.695736+02:00
295946286,de:11000:900024101:4:57,-0.3,2026-10-02T01:01:04.695736+02:00
295946286,de:11000:900024102:1:50,-0.6,2026-10-02T01:01:04.695736+02:00
295946286,de:11000:900048101:1:50,-0.8,2026-10-02T01:01:04.695736+02:00
295946286,de:11000:900052201:2:52,0.0,2026-10-02T01:01:04.695736+02:00
295946286,de:11000:900053301:1:50,-0.4,2026-10-02T01:01:04.695736+02:00
295946286,de:12054:900230003:1:50,-0.4,2026-10-02T01:01:04.695736+02:00
295946286,de:12054:900230000:1:51,-0.4,2026-10-02T01:01:04.695736+02:00
295946286,de:12054:900230999:3:55,-0.9,2026-10-02T01:01:04.695736+02:00
295946272,de:11000:900170004:1:50,0.0,2026-10-02T01:01:04.695736+02:00
295946272,de:11000:900170003:1:51,-0.3,2026-10-02T01:01:04.695736+02:00
295946272,de:11000:900170002:1:51,-0.1,2026-10-02T01:01:04.695736+02:00
295946272,de:11000:900170001:1:51,-0.9,2026-10-02T01:01:04.695736+02:00
295946272,de:11000:900170005:1:51,-0.7,2026-10-02T01:01:04.695736+02:00
295946272,de:11000:900171003:1:51,-0.6,2026-10-02T01:01:04.695736+02:00
295946272,de:11000:900171002:1:51,-0.9,2026-10-02T01:01:04.695736+02:00
295946272,de:11000:900160004:1:51,-0.3,2026-10-02T01:01:04.695736+02:00
295946272,de:11000:900160003:1:51,-0.4,2026-10-02T01:01:04.695736+02:00
295946272,de:11000:900120003:3:55,-0.6,2026-10-02T01:01:04.695736+02:00
295946272,de:11000:900120004:2:53,-0.1,2026-10-02T01:01:04.695736+02:00
295946272,de:11000:900120005:5:58,-0.4,2026-10-02T01:01:04.695736+02:00
295946272,de:11000:900100004:1:51,-0.9,2026-10-02T01:01:04.695736+02:00
295946272,de:11000:900100003:2:53,-0.9,2026-10-02T01:01:04.695736+02:00
295946272,de:11000:900100002:1:51,-0.9,2026-10-02T01:01:04.695736+02:00
295946272,de:11000:900100001:3:55,-0.9,2026-10-02T01:01:04.695736+02:00
295946272,de:11000:900003201:3:55,-0.6,2026-10-02T01:01:04.695736+02:00
295946272,de:11000:900003102:1:51,-0.3,2026-10-02T01:01:04.695736+02:00
295946272,de:11000:900003103:1:51,-0.4,2026-10-02T01:01:04.695736+02:00
295946272,de:11000:900023201:3:55,-0.3,2026-10-02T01:01:04.695736+02:00
295946272,de:11000:900024203:1:51,-0.3,2026-10-02T01:01:04.695736+02:00
295946272,de:11000:900024101:4:57,-0.3,2026-10-02T01:01:04.695736+02:00
295946272,de:11000:900024102:1:50,-0.6,2026-10-02T01:01:04.695736+02:00
295946272,de:11000:900048101:1:50,-0.8,2026-10-02T01:01:04.695736+02:00
295946272,de:11000:900052201:2:52,0.0,2026-10-02T01:01:04.695736+02:00
295946272,de:11000:900053301:1:50,-0.4,2026-10-02T01:01:04.695736+02:00
295946272,de:12054:900230003:1:50,-0.4,2026-10-02T01:01:04.695736+02:00
295946272,de:12054:900230000:1:51,-0.4,2026-10-02T01:01:04.695736+02:00
295946272,de:12054:900230999:3:55,-0.9,2026-10-02T01:01:04.695736+02:00
295949483,de:12054:900230999:3:55,0.0,2026-10-02T01:01:04.695736+02:00
295949483,de:12054:900230000:1:50,-0.3,2026-10-02T01:01:04.695736+02:00
295949483,de:12054:900230003:1:54,-0.3,2026-10-02T01:01:04.695736+02:00
295949483,de:11000:900053301:2:53,-0.4,2026-10-02T01:01:04.695736+02:00
295949483,de:11000:900052201:2:53,-0.7,2026-10-02T01:01:04.695736+02:00
295949483,de:11000:900048101:2:53,-0.9,2026-10-02T01:01:04.695736+02:00
295949483,de:11000:900024102:2:53,-0.9,2026-10-02T01:01:04.695736+02:00
295949483,de:11000:900024101:3:55,-0.3,2026-10-02T01:01:04.695736+02:00
295949483,de:11000:900024203:1:51,-0.3,2026-10-02T01:01:04.695736+02:00
295949483,de:11000:900023201:3:54,-0.2,2026-10-02T01:01:04.695736+02:00
295949483,de:11000:900003103:1:50,-0.3,2026-10-02T01:01:04.695736+02:00
295949483,de:11000:900003102:1:50,-0.4,2026-10-02T01:01:04.695736+02:00
295949483,de:11000:900003201:3:54,0.0,2026-10-02T01:01:04.695736+02:00
295949483,de:11000:900100001:3:54,-0.6,2026-10-02T01:01:04.695736+02:00
295949483,de:11000:900100002:1:50,-0.9,2026-10-02T01:01:04.695736+02:00
295949483,de:11000:900100003:2:52,-0.6,2026-10-02T01:01:04.695736+02:00
295949483,de:11000:900100004:1:50,-0.9,2026-10-02T01:01:04.695736+02:00
295949483,de:11000:900120005:4:55,-0.1,2026-10-02T01:01:04.695736+02:00
295949483,de:11000:900120004:1:50,-0.6,2026-10-02T01:01:04.695736+02:00
295949483,de:11000:900120003:2:53,-0.9,2026-10-02T01:01:04.695736+02:00
295949483,de:11000:900160003:1:50,-0.2,2026-10-02T01:01:04.695736+02:00
295949483,de:11000:900160004:1:50,-0.2,2026-10-02T01:01:04.695736+02:00
295949483,de:11000:900171002:1:50,-0.7,2026-10-02T01:01:04.695736+02:00
295949483,de:11000:900171003:1:50,-0.8,2026-10-02T01:01:04.695736+02:00
295949483,de:11000:900170005:1:50,-0.3,2026-10-02T01:01:04.695736+02:00
295949483,de:11000:900170001:1:50,-0.1,2026-10-02T01:01:04.695736+02:00
295949483,de:11000:900170002:1:50,-0.9,2026-10-02T01:01:04.695736+02:00
295949483,de:11000:900170003:1:50,-0.7,2026-10-02T01:01:04.695736+02:00
295949483,de:11000:900170004:2:52,-0.9,2026-10-02T01:01:04.695736+02:00
295953435,de:11000:900120005:5:57,0.0,2026-10-02T01:01:04.695736+02:00
295953435,de:11000:900120004:1:50,-0.6,2026-10-02T01:01:04.695736+02:00
295953435,de:11000:900120003:2:53,-0.9,2026-10-02T01:01:04.695736+02:00
295953435,de:11000:900160003:1:50,-0.2,2026-10-02T01:01:04.695736+02:00
295953435,de:11000:900160004:1:50,-0.2,2026-10-02T01:01:04.695736+02:00
295953435,de:11000:900171002:1:50,-0.7,2026-10-02T01:01:04.695736+02:00
295953435,de:11000:900171003:1:50,-0.8,2026-10-02T01:01:04.695736+02:00
295953435,de:11000:900152002:1:50,-0.4,2026-10-02T01:01:04.695736+02:00
295953435,de:11000:900152001:1:50,-0.6,2026-10-02T01:01:04.695736+02:00
295953435,de:11000:900151001:1:51,-0.9,2026-10-02T01:01:04.695736+02:00
295953525,de:11000:900151001:1:51,0.0,2026-10-02T01:01:04.695736+02:00
295953525,de:11000:900152001:1:51,-0.6,2026-10-02T01:01:04.695736+02:00
295953525,de:11000:900152002:1:51,-0.2,2026-10-02T01:01:04.695736+02:00
295953525,de:11000:900171003:1:51,-0.9,2026-10-02T01:01:04.695736+02:00
295953525,de:11000:900171002:1:51,-0.9,2026-10-02T01:01:04.695736+02:00
295953525,de:11000:900160004:1:51,-0.3,2026-10-02T01:01:04.695736+02:00
295953525,de:11000:900160003:1:51,-0.4,2026-10-02T01:01:04.695736+02:00
295953525,de:11000:900120003:3:55,-0.6,2026-10-02T01:01:04.695736+02:00
295953525,de:11000:900120004:2:53,-0.1,2026-10-02T01:01:04.695736+02:00
295953525,de:11000:900120005:4:56,-0.4,2026-10-02T01:01:04.695736+02:00
295956023,de:11000:900120004:1:51,0.0,2026-10-02T01:01:04.695736+02:00
295956023,de:11000:900120003:2:52,-0.9,2026-10-02T01:01:04.695736+02:00
295956023,de:11000:900160003:1:50,-0.2,2026-10-02T01:01:04.695736+02:00
295956023,de:11000:900160004:1:50,-0.2,2026-10-02T01:01:04.695736+02:00
295956023,de:11000:900171002:1:50,-0.7,2026-10-02T01:01:04.695736+02:00
295956023,de:11000:900171003:1:50,-0.8,2026-10-02T01:01:04.695736+02:00
295956023,de:11000:900152002:1:50,-0.4,2026-10-02T01:01:04.695736+02:00
295956023,de:11000:900152001:1:50,-0.6,2026-10-02T01:01:04.695736+02:00
295956023,de:11000:900151001:1:50,-0.9,2026-10-02T01:01:04.695736+02:00
295956021,de:11000:900120004:1:51,0.0,2026-10-02T01:01:04.695736+02:00
295956021,de:11000:900120003:2:52,-0.9,2026-10-02T01:01:04.695736+02:00
295956021,de:11000:900160003:1:50,-0.2,2026-10-02T01:01:04.695736+02:00
295956021,de:11000:900160004:1:50,-0.2,2026-10-02T01:01:04.695736+02:00
295956021,de:11000:900171002:1:50,-0.7,2026-10-02T01:01:04.695736+02:00
295956021,de:11000:900171003:1:50,-0.8,2026-10-02T01:01:04.695736+02:00
295956021,de:11000:900152002:1:50,-0.4,2026-10-02T01:01:04.695736+02:00
295956021,de:11000:900152001:1:50,-0.6,2026-10-02T01:01:04.695736+02:00
295956021,de:11000:900151001:1:50,-0.9,2026-10-02T01:01:04.695736+02:00
295956076,de:11000:900151001:1:50,0.0,2026-10-02T01:01:04.695736+02:00
295956076,de:11000:900152001:1:51,-0.6,2026-10-02T01:01:04.695736+02:00
295956076,de:11000:900152002:1:51,-0.2,2026-10-02T01:01:04.695736+02:00
295956076,de:11000:900171003:1:51,-0.9,2026-10-02T01:01:04.695736+02:00
295956076,de:11000:900171002:1:51,-0.9,2026-10-02T01:01:04.695736+02:00
295956076,de:11000:900160004:1:51,-0.3,2026-10-02T01:01:04.695736+02:00
295956076,de:11000:900160003:1:51,-0.4,2026-10-02T01:01:04.695736+02:00
295956076,de:11000:900120003:3:54,-0.6,2026-10-02T01:01:04.695736+02:00
295956076,de:11000:900120004:2:52,-0.1,2026-10-02T01:01:04.695736+02:00
295959992,de:12065:900200008:1:51,0.0,2026-10-02T01:01:04.695736+02:00
295959992,de:12065:900200009:1:51,-0.7,2026-10-02T01:01:04.695736+02:00
295959992,de:12065:900200011:1:51,-0.3,2026-10-02T01:01:04.695736+02:00
295959992,de:12065:900200012:1:51,-0.8,2026-10-02T01:01:04.695736+02:00
295959992,de:12065:900200013:1:50,-0.4,2026-10-02T01:01:04.695736+02:00
295959992,de:11000:900142001:1:51,-0.7,2026-10-02T01:01:04.695736+02:00
295959992,de:11000:900130001:1:51,-0.2,2026-10-02T01:01:04.695736+02:00
295959992,de:11000:900130002:1:51,-0.7,2026-10-02T01:01:04.695736+02:00
295959992,de:11000:900110011:1:51,-0.2,2026-10-02T01:01:04.695736+02:00
295959992,de:11000:900110001:1:50,-0.2,2026-10-02T01:01:04.695736+02:00
295959992,de:11000:900110002:1:50,-0.9,2026-10-02T01:01:04.695736+02:00
295959992,de:11000:900110003:1:50,-0.9,2026-10-02T01:01:04.695736+02:00
295959992,de:11000:900110004:1:50,-0.3,2026-10-02T01:01:04.695736+02:00
295959992,de:11000:900110012:1:50,-0.2,2026-10-02T01:01:04.695736+02:00
295959992,de:11000:900120001:1:50,-0.2,2026-10-02T01:01:04.695736+02:00
295959992,de:11000:900120003:5:58,-0.6,2026-10-02T01:01:04.695736+02:00
295959992,de:11000:900190001:1:50,-0.1,2026-10-02T01:01:04.695736+02:00
295959992,de:11000:900191002:1:50,0.0,2026-10-02T01:01:04.695736+02:00
295959992,de:11000:900191001:2:52,-0.4,2026-10-02T01:01:04.695736+02:00
295959992,de:11000:900192001:2:52,-0.2,2026-10-02T01:01:04.695736+02:00
295959992,de:11000:900193001:1:50,-0.7,2026-10-02T01:01:04.695736+02:00
295959992,de:11000:900193002:1:50,-0.3,2026-10-02T01:01:04.695736+02:00
295959992,de:11000:900186001:1:50,-0.3,2026-10-02T01:01:04.695736+02:00
295959992,de:12061:900260004:1:50,-0.7,2026-10-02T01:01:04.695736+02:00
295959992,de:12061:900260003:1:50,-0.9,2026-10-02T01:01:04.695736+02:00
295959992,de:12061:900260002:1:50,-0.9,2026-10-02T01:01:04.695736+02:00
295960052,de:12061:900260002:1:50,0.0,2026-10-02T01:01:04.695736+02:00
295960052,de:12061:900260003:1:51,-0.7,2026-10-02T01:01:04.695736+02:00
295960052,de:12061:900260004:1:51,-0.9,2026-10-02T01:01:04.695736+02:00
295960052,de:11000:900186001:2:53,-0.2,2026-10-02T01:01:04.695736+02:00
295960052,de:11000:900193002:1:51,-0.2,2026-10-02T01:01:04.695736+02:00
295960052,de:11000:900193001:2:51,-0.8,2026-10-02T01:01:04.695736+02:00
295960052,de:11000:900192001:3:55,-0.7,2026-10-02T01:01:04.695736+02:00
295960052,de:11000:900191001:1:50,-0.4,2026-10-02T01:01:04.695736+02:00
295960052,de:11000:900191002:1:51,-0.8,2026-10-02T01:01:04.695736+02:00
295960052,de:11000:900190001:2:53,-0.6,2026-10-02T01:01:04.695736+02:00
295960052,de:11000:900120003:5:59,0.0,2026-10-02T01:01:04.695736+02:00
295960052,de:11000:900120001:1:51,-0.6,2026-10-02T01:01:04.695736+02:00
295960052,de:11000:900110012:1:51,-0.8,2026-10-02T01:01:04.695736+02:00
295960052,de:11000:900110004:1:51,-0.7,2026-10-02T01:01:04.695736+02:00
295960052,de:11000:900110003:1:51,0.0,2026-10-02T01:01:04.695736+02:00
295960052,de:11000:900110002:1:51,0.0,2026-10-02T01:01:04.695736+02:00
295960052,de:11000:900110001:1:51,-0.7,2026-10-02T01:01:04.695736+02:00
295960052,de:11000:900110011:2:52,-0.4,2026-10-02T01:01:04.695736+02:00
295960052,de:11000:900130002:1:50,0.0,2026-10-02T01:01:04.695736+02:00
295960052,de:11000:900130001:1:50,-0.7,2026-10-02T01:01:04.695736+02:00
295960052,de:11000:900142001:1:50,-0.2,2026-10-02T01:01:04.695736+02:00
295960052,de:12065:900200013:1:50,-0.3,2026-10-02T01:01:04.695736+02:00
295960052,de:12065:900200012:1:50,-0.9,2026-10-02T01:01:04.695736+02:00
295960052,de:12065:900200011:1:50,-0.4,2026-10-02T01:01:04.695736+02:00
295960052,de:12065:900200009:1:50,-0.9,2026-10-02T01:01:04.695736+02:00
295960052,de:12065:900200008:1:50,-0.9,2026-10-02T01:01:04.695736+02:00
295959989,de:12065:900200008:1:51,0.0,2026-10-02T01:01:04.695736+02:00
295959989,de:12065:900200009:1:51,-0.7,2026-10-02T01:01:04.695736+02:00
295959989,de:12065:900200011:1:51,-0.3,2026-10-02T01:01:04.695736+02:00
295959989,de:12065:900200012:1:51,-0.8,2026-10-02T01:01:04.695736+02:00
295959989,de:12065:900200013:1:50,-0.4,2026-10-02T01:01:04.695736+02:00
295959989,de:11000:900142001:1:51,-0.7,2026-10-02T01:01:04.695736+02:00
295959989,de:11000:900130001:1:51,-0.2,2026-10-02T01:01:04.695736+02:00
295959989,de:11000:900130002:1:51,-0.7,2026-10-02T01:01:04.695736+02:00
295959989,de:11000:900110011:1:51,-0.2,2026-10-02T01:01:04.695736+02:00
295959989,de:11000:900110001:1:50,-0.2,2026-10-02T01:01:04.695736+02:00
295959989,de:11000:900110002:1:50,-0.9,2026-10-02T01:01:04.695736+02:00
295959989,de:11000:900110003:1:50,-0.9,2026-10-02T01:01:04.695736+02:00
295959989,de:11000:900110004:1:50,-0.3,2026-10-02T01:01:04.695736+02:00
295959989,de:11000:900110012:1:50,-0.2,2026-10-02T01:01:04.695736+02:00
295959989,de:11000:900120001:1:50,-0.2,2026-10-02T01:01:04.695736+02:00
295959989,de:11000:900120003:5:58,-0.6,2026-10-02T01:01:04.695736+02:00
295959989,de:11000:900190001:1:50,-0.1,2026-10-02T01:01:04.695736+02:00
295959989,de:11000:900191002:1:50,0.0,2026-10-02T01:01:04.695736+02:00
295959989,de:11000:900191001:2:52,-0.4,2026-10-02T01:01:04.695736+02:00
295959989,de:11000:900192001:2:52,-0.2,2026-10-02T01:01:04.695736+02:00
295959989,de:11000:900193001:1:50,-0.7,2026-10-02T01:01:04.695736+02:00
295959989,de:11000:900193002:1:50,-0.3,2026-10-02T01:01:04.695736+02:00
295959989,de:11000:900186001:1:50,-0.3,2026-10-02T01:01:04.695736+02:00
295959989,de:12061:900260004:1:50,-0.7,2026-10-02T01:01:04.695736+02:00
295959989,de:12061:900260003:1:50,-0.9,2026-10-02T01:01:04.695736+02:00
295959989,de:12061:900260002:1:50,-0.9,2026-10-02T01:01:04.695736+02:00
295960050,de:12061:900260002:1:50,0.0,2026-10-02T01:01:04.695736+02:00
295960050,de:12061:900260003:1:51,-0.7,2026-10-02T01:01:04.695736+02:00
295960050,de:12061:900260004:1:51,-0.9,2026-10-02T01:01:04.695736+02:00
295960050,de:11000:900186001:2:53,-0.2,2026-10-02T01:01:04.695736+02:00
295960050,de:11000:900193002:1:51,-0.2,2026-10-02T01:01:04.695736+02:00
295960050,de:11000:900193001:2:51,-0.8,2026-10-02T01:01:04.695736+02:00
295960050,de:11000:900192001:3:55,-0.7,2026-10-02T01:01:04.695736+02:00
295960050,de:11000:900191001:1:50,-0.4,2026-10-02T01:01:04.695736+02:00
295960050,de:11000:900191002:1:51,-0.8,2026-10-02T01:01:04.695736+02:00
295960050,de:11000:900190001:2:53,-0.6,2026-10-02T01:01:04.695736+02:00
295960050,de:11000:900120003:5:59,0.0,2026-10-02T01:01:04.695736+02:00
295960050,de:11000:900120001:1:51,-0.6,2026-10-02T01:01:04.695736+02:00
295960050,de:11000:900110012:1:51,-0.8,2026-10-02T01:01:04.695736+02:00
295960050,de:11000:900110004:1:51,-0.7,2026-10-02T01:01:04.695736+02:00
295960050,de:11000:900110003:1:51,0.0,2026-10-02T01:01:04.695736+02:00
295960050,de:11000:900110002:1:51,0.0,2026-10-02T01:01:04.695736+02:00
295960050,de:11000:900110001:1:51,-0.7,2026-10-02T01:01:04.695736+02:00
295960050,de:11000:900110011:2:52,-0.4,2026-10-02T01:01:04.695736+02:00
295960050,de:11000:900130002:1:50,0.0,2026-10-02T01:01:04.695736+02:00
295960050,de:11000:900130001:1:50,-0.7,2026-10-02T01:01:04.695736+02:00
295960050,de:11000:900142001:1:50,-0.2,2026-10-02T01:01:04.695736+02:00
295960050,de:12065:900200013:1:50,-0.3,2026-10-02T01:01:04.695736+02:00
295960050,de:12065:900200012:1:50,-0.9,2026-10-02T01:01:04.695736+02:00
295960050,de:12065:900200011:1:50,-0.4,2026-10-02T01:01:04.695736+02:00
295960050,de:12065:900200009:1:50,-0.9,2026-10-02T01:01:04.695736+02:00
295960050,de:12065:900200008:1:50,-0.9,2026-10-02T01:01:04.695736+02:00
295963614,de:11000:900092201:1:51,0.0,2026-10-02T01:01:04.695736+02:00
295963614,de:11000:900093201:1:51,-0.4,2026-10-02T01:01:04.695736+02:00
295963614,de:11000:900094101:1:51,-0.3,2026-10-02T01:01:04.695736+02:00
295963614,de:11000:900096101:1:51,-0.1,2026-10-02T01:01:04.695736+02:00
295963614,de:11000:900084101:1:51,-0.2,2026-10-02T01:01:04.695736+02:00
295963614,de:11000:900085201:1:51,-0.8,2026-10-02T01:01:04.695736+02:00
295963614,de:11000:900130003:1:51,-0.8,2026-10-02T01:01:04.695736+02:00
295963614,de:11000:900110011:1:50,-0.9,2026-10-02T01:01:04.695736+02:00
295963614,de:11000:900110001:1:50,-0.2,2026-10-02T01:01:04.695736+02:00
295963614,de:11000:900110002:1:50,-0.9,2026-10-02T01:01:04.695736+02:00
295963614,de:11000:900110003:1:50,-0.9,2026-10-02T01:01:04.695736+02:00
295963614,de:11000:900110004:1:50,-0.3,2026-10-02T01:01:04.695736+02:00
295963614,de:11000:900110012:1:50,-0.2,2026-10-02T01:01:04.695736+02:00
295963614,de:11000:900120001:1:50,-0.2,2026-10-02T01:01:04.695736+02:00
295963614,de:11000:900120003:5:58,-0.6,2026-10-02T01:01:04.695736+02:00
295963614,de:11000:900190001:1:51,-0.1,2026-10-02T01:01:04.695736+02:00
295963614,de:11000:900191002:1:50,0.0,2026-10-02T01:01:04.695736+02:00
295963614,de:11000:900191001:2:52,-0.4,2026-10-02T01:01:04.695736+02:00
295963614,de:11000:900192001:2:52,-0.2,2026-10-02T01:01:04.695736+02:00
295963614,de:11000:900193001:1:50,-0.7,2026-10-02T01:01:04.695736+02:00
295963614,de:11000:900193002:1:50,-0.3,2026-10-02T01:01:04.695736+02:00
295963614,de:11000:900195510:1:51,-0.7,2026-10-02T01:01:04.695736+02:00
295963614,de:11000:900196001:1:50,-0.9,2026-10-02T01:01:04.695736+02:00
295963614,de:12061:900260005:3:54,-0.7,2026-10-02T01:01:04.695736+02:00
295963614,de:12061:900260080:1:50,0.0,2026-10-02T01:01:04.695736+02:00
295963614,de:12061:900260009:3:56,-0.2,2026-10-02T01:01:04.695736+02:00
295963732,de:12061:900260009:3:56,0.0,2026-10-02T01:01:04.695736+02:00
295963732,de:12061:900260080:1:51,-0.7,2026-10-02T01:01:04.695736+02:00
295963732,de:12061:900260005:3:55,0.0,2026-10-02T01:01:04.695736+02:00
295963732,de:11000:900196001:1:51,0.0,2026-10-02T01:01:04.695736+02:00
295963732,de:11000:900195510:1:50,-0.4,2026-10-02T01:01:04.695736+02:00
295963732,de:11000:900193002:1:51,-0.6,2026-10-02T01:01:04.695736+02:00
295963732,de:11000:900193001:2:51,-0.3,2026-10-02T01:01:04.695736+02:00
295963732,de:11000:900192001:3:55,-0.2,2026-10-02T01:01:04.695736+02:00
295963732,de:11000:900191001:1:50,-0.9,2026-10-02T01:01:04.695736+02:00
295963732,de:11000:900191002:1:51,-0.3,2026-10-02T01:01:04.695736+02:00
295963732,de:11000:900190001:2:53,-0.1,2026-10-02T01:01:04.695736+02:00
295963732,de:11000:900120003:5:59,-0.3,2026-10-02T01:01:04.695736+02:00
295963732,de:11000:900120001:1:51,-0.6,2026-10-02T01:01:04.695736+02:00
295963732,de:11000:900110012:1:51,-0.8,2026-10-02T01:01:04.695736+02:00
295963732,de:11000:900110004:1:51,-0.7,2026-10-02T01:01:04.695736+02:00
295963732,de:11000:900110003:1:51,0.0,2026-10-02T01:01:04.695736+02:00
295963732,de:11000:900110002:1:51,0.0,2026-10-02T01:01:04.695736+02:00
295963732,de:11000:900110001:1:51,-0.7,2026-10-02T01:01:04.695736+02:00
295963732,de:11000:900110011:2:53,-0.4,2026-10-02T01:01:04.695736+02:00
295963732,de:11000:900085201:1:50,-0.8,2026-10-02T01:01:04.695736+02:00
295963732,de:11000:900084101:1:50,-0.7,2026-10-02T01:01:04.695736+02:00
295963732,de:11000:900096101:1:50,-0.8,2026-10-02T01:01:04.695736+02:00
295963732,de:11000:900094101:1:50,-0.3,2026-10-02T01:01:04.695736+02:00
295963732,de:11000:900093201:1:50,-0.4,2026-10-02T01:01:04.695736+02:00
295963732,de:11000:900092201:1:51,-0.2,2026-10-02T01:01:04.695736+02:00
306895580,de:12067:900310980::1,0.0,2026-10-02T01:01:04.695736+02:00
306895580,de:12067:900310810::1,0.0,2026-10-02T01:01:04.695736+02:00
306895580,de:12067:900310769::2,0.0,2026-10-02T01:01:04.695736+02:00
306895580,de:12067:900310695::3,0.0,2026-10-02T01:01:04.695736+02:00
306895580,de:12067:900310770::1,0.0,2026-10-02T01:01:04.695736+02:00
306895580,de:12067:900310010::3,0.0,2026-10-02T01:01:04.695736+02:00
306895580,de:12067:900310782::2,0.0,2026-10-02T01:01:04.695736+02:00
306895580,de:12067:900311109::2,0.0,2026-10-02T01:01:04.695736+02:00
306895580,de:12067:900310773::2,0.0,2026-10-02T01:01:04.695736+02:00
306895580,de:12067:900310823::2,0.0,2026-10-02T01:01:04.695736+02:00
306895580,de:12067:900311152::2,0.0,2026-10-02T01:01:04.695736+02:00
306895580,de:12067:900311151::2,0.0,2026-10-02T01:01:04.695736+02:00
306895580,de:12067:900310627::2,0.0,2026-10-02T01:01:04.695736+02:00
306895580,de:12067:900310816::2,0.0,2026-10-02T01:01:04.695736+02:00
306895580,de:12067:900310022::1,0.0,2026-10-02T01:01:04.695736+02:00
306895580,de:12067:900310001::11,0.0,2026-10-02T01:01:04.695736+02:00
306895580,de:12067:900310001::1,0.0,2026-10-02T01:01:04.695736+02:00
306895580,de:12067:900311149::1,0.0,2026-10-02T01:01:04.695736+02:00
306895580,de:12067:900311135::1,0.0,2026-10-02T01:01:04.695736+02:00
306895580,de:12067:900311150::1,0.0,2026-10-02T01:01:04.695736+02:00
306895580,de:12067:900310804::1,0.0,2026-10-02T01:01:04.695736+02:00
306895580,de:12067:900310814::1,0.0,2026-10-02T01:01:04.695736+02:00
306895580,de:12067:900311083::3,0.0,2026-10-02T01:01:04.695736+02:00
295967848,de:11000:900024101:3:55,0.0,2026-10-02T01:01:04.695736+02:00
295967848,de:11000:900024203:1:51,-0.3,2026-10-02T01:01:04.695736+02:00
295967848,de:11000:900023201:3:54,-0.2,2026-10-02T01:01:04.695736+02:00
295967848,de:11000:900003103:1:50,-0.3,2026-10-02T01:01:04.695736+02:00
295967848,de:11000:900003102:1:50,-0.4,2026-10-02T01:01:04.695736+02:00
295967848,de:11000:900003201:3:54,0.0,2026-10-02T01:01:04.695736+02:00
295967848,de:11000:900100001:3:54,-0.6,2026-10-02T01:01:04.695736+02:00
295967848,de:11000:900100002:1:50,-0.9,2026-10-02T01:01:04.695736+02:00
295967848,de:11000:900100003:2:52,-0.6,2026-10-02T01:01:04.695736+02:00
295967848,de:11000:900100004:1:50,-0.9,2026-10-02T01:01:04.695736+02:00
295967848,de:11000:900120005:4:55,-0.1,2026-10-02T01:01:04.695736+02:00
295967848,de:11000:900120004:1:50,-0.3,2026-10-02T01:01:04.695736+02:00
295967848,de:11000:900190001:1:51,-0.3,2026-10-02T01:01:04.695736+02:00
295967848,de:11000:900191002:1:50,0.0,2026-10-02T01:01:04.695736+02:00
295967848,de:11000:900191001:2:52,-0.4,2026-10-02T01:01:04.695736+02:00
295967848,de:11000:900192001:2:52,-0.7,2026-10-02T01:01:04.695736+02:00
295967848,de:11000:900193001:1:50,-0.2,2026-10-02T01:01:04.695736+02:00
295967848,de:11000:900193002:1:50,-0.8,2026-10-02T01:01:04.695736+02:00
295967848,de:11000:900195510:1:51,-0.2,2026-10-02T01:01:04.695736+02:00
295967848,de:11000:900196001:1:50,-0.4,2026-10-02T01:01:04.695736+02:00
295967848,de:12061:900260005:3:54,-0.2,2026-10-02T01:01:04.695736+02:00
295967848,de:12061:900260080:1:50,-0.7,2026-10-02T01:01:04.695736+02:00
295967848,de:12061:900260009:3:55,-0.9,2026-10-02T01:01:04.695736+02:00
307434565,de:12052:900470000:2:51,0.0,2026-10-02T01:01:04.695736+02:00
307434565,de:12071:900445884:1:50,0.0,2026-10-02T01:01:04.695736+02:00
307434565,de:12066:900435884:1:50,0.0,2026-10-02T01:01:04.695736+02:00
307434565,de:12066:900435697:1:50,0.0,2026-10-02T01:01:04.695736+02:00
307434565,de:12066:900435602:1:50,0.0,2026-10-02T01:01:04.695736+02:00
307434565,de:12061:900261512:1:50,0.0,2026-10-02T01:01:04.695736+02:00
307434565,de:12061:900260019:1:50,0.0,2026-10-02T01:01:04.695736+02:00
307434565,de:12061:900260611:2:51,0.0,2026-10-02T01:01:04.695736+02:00
307332683,de:11000:900029101:1:51,0.0,2026-10-02T01:01:04.695736+02:00
307332683,de:11000:900030202:1:50,-0.3,2026-10-02T01:01:04.695736+02:00
307332683,de:11000:900025424:1:51,-0.2,2026-10-02T01:01:04.695736+02:00
307332683,de:11000:900025321:1:51,-0.2,2026-10-02T01:01:04.695736+02:00
307332683,de:11000:900026105:1:50,-0.4,2026-10-02T01:01:04.695736+02:00
307332683,de:11000:900025423:1:50,-0.7,2026-10-02T01:01:04.695736+02:00
307332683,de:11000:900024102:2:53,-0.7,2026-10-02T01:01:04.695736+02:00
307332683,de:11000:900024101:3:55,-0.3,2026-10-02T01:01:04.695736+02:00
307332683,de:11000:900024203:1:51,-0.8,2026-10-02T01:01:04.695736+02:00
307332683,de:11000:900023201:3:54,-0.7,2026-10-02T01:01:04.695736+02:00
307332683,de:11000:900003103:1:50,-0.8,2026-10-02T01:01:04.695736+02:00
307332683,de:11000:900003102:1:50,-0.9,2026-10-02T01:01:04.695736+02:00
307332683,de:11000:900003201:3:54,-0.5,2026-10-02T01:01:04.695736+02:00
307332683,de:11000:900100001:3:54,-0.1,2026-10-02T01:01:04.695736+02:00
307332683,de:11000:900100002:1:50,-0.4,2026-10-02T01:01:04.695736+02:00
307332683,de:11000:900100003:2:52,-0.1,2026-10-02T01:01:04.695736+02:00
307332683,de:11000:900100004:1:50,-0.4,2026-10-02T01:01:04.695736+02:00
307332683,de:11000:900120005:4:56,-0.6,2026-10-02T01:01:04.695736+02:00
307332683,de:11000:900120004:1:51,-0.1,2026-10-02T01:01:04.695736+02:00
307332683,de:11000:900190001:1:51,-0.2,2026-10-02T01:01:04.695736+02:00
307332683,de:11000:900191002:1:50,0.0,2026-10-02T01:01:04.695736+02:00
307332683,de:11000:900191001:2:52,-0.4,2026-10-02T01:01:04.695736+02:00
307332683,de:11000:900192001:2:52,-0.7,2026-10-02T01:01:04.695736+02:00
307332683,de:11000:900193001:1:50,-0.2,2026-10-02T01:01:04.695736+02:00
307332683,de:11000:900193002:1:50,-0.8,2026-10-02T01:01:04.695736+02:00
307332683,de:11000:900195510:1:51,-0.2,2026-10-02T01:01:04.695736+02:00
307332683,de:11000:900196001:1:50,-0.4,2026-10-02T01:01:04.695736+02:00
307332683,de:12061:900260005:3:54,-0.2,2026-10-02T01:01:04.695736+02:00
307332683,de:12061:900260080:1:50,-0.7,2026-10-02T01:01:04.695736+02:00
307332683,de:12061:900260009:3:55,-0.9,2026-10-02T01:01:04.695736+02:00
306895693,de:12067:900310807::1,0.0,2026-10-02T01:01:04.695736+02:00
306895693,de:12067:900310815::2,0.0,2026-10-02T01:01:04.695736+02:00
306895693,de:12067:900310880::2,0.0,2026-10-02T01:01:04.695736+02:00
306895693,de:12067:900310010::2,0.0,2026-10-02T01:01:04.695736+02:00
306895693,de:12067:900310770::2,0.0,2026-10-02T01:01:04.695736+02:00
306895693,de:12067:900310812::2,0.0,2026-10-02T01:01:04.695736+02:00
306895693,de:12067:900310630::2,0.0,2026-10-02T01:01:04.695736+02:00
306895693,de:12067:900310811::2,0.0,2026-10-02T01:01:04.695736+02:00
306895693,de:12067:900310771::2,0.0,2026-10-02T01:01:04.695736+02:00
306895693,de:12067:900310822::2,0.0,2026-10-02T01:01:04.695736+02:00
306895693,de:12067:900310781::2,0.0,2026-10-02T01:01:04.695736+02:00
306895693,de:12067:900310627::2,-0.5,2026-10-02T01:01:04.695736+02:00
306895693,de:12067:900310816::2,0.0,2026-10-02T01:01:04.695736+02:00
306895693,de:12067:900310022::1,0.0,2026-10-02T01:01:04.695736+02:00
306895693,de:12067:900310001::11,0.0,2026-10-02T01:01:04.695736+02:00
306895693,de:12067:900310001::1,0.0,2026-10-02T01:01:04.695736+02:00
306895693,de:12067:900311149::1,0.0,2026-10-02T01:01:04.695736+02:00
306895693,de:12067:900311135::1,0.0,2026-10-02T01:01:04.695736+02:00
306895693,de:12067:900311150::1,0.0,2026-10-02T01:01:04.695736+02:00
306895693,de:12067:900310804::1,0.0,2026-10-02T01:01:04.695736+02:00
306895693,de:12067:900310814::1,0.0,2026-10-02T01:01:04.695736+02:00
306895693,de:12067:900311083::3,0.0,2026-10-02T01:01:04.695736+02:00
306897038,de:12067:900311308::6,0.0,2026-10-02T01:01:04.695736+02:00
306897038,de:12067:900311376::1,0.0,2026-10-02T01:01:04.695736+02:00
306897038,de:12067:900311377::1,0.0,2026-10-02T01:01:04.695736+02:00
306897038,de:12067:900311349::1,0.0,2026-10-02T01:01:04.695736+02:00
306897038,de:12067:900311336::1,0.0,2026-10-02T01:01:04.695736+02:00
306897038,de:12067:900311352::1,0.0,2026-10-02T01:01:04.695736+02:00
306897038,de:12067:900311354::1,0.0,2026-10-02T01:01:04.695736+02:00
306897038,de:12067:900311320::2,0.0,2026-10-02T01:01:04.695736+02:00
306897038,de:12067:900311305::2,0.0,2026-10-02T01:01:04.695736+02:00
306897038,de:12067:900311383::6,0.0,2026-10-02T01:01:04.695736+02:00
306897038,de:12067:900311312::1,0.0,2026-10-02T01:01:04.695736+02:00
306897038,de:12067:900311311::1,0.0,2026-10-02T01:01:04.695736+02:00
306897038,de:12067:900311356::1,0.0,2026-10-02T01:01:04.695736+02:00
306897038,de:12067:900311300::1,0.0,2026-10-02T01:01:04.695736+02:00
306897038,de:12067:900311328::1,0.0,2026-10-02T01:01:04.695736+02:00
306897038,de:12067:900311330::1,0.0,2026-10-02T01:01:04.695736+02:00
306897276,de:12067:900311480::1,0.0,2026-10-02T01:01:04.695736+02:00
306897276,de:12067:900311489::1,0.0,2026-10-02T01:01:04.695736+02:00
306897276,de:12067:900311483::2,0.0,2026-10-02T01:01:04.695736+02:00
306897276,de:12067:900310935::1,0.0,2026-10-02T01:01:04.695736+02:00
306897276,de:12067:900311269::2,0.0,2026-10-02T01:01:04.695736+02:00
306897276,de:12067:900311228::2,0.0,2026-10-02T01:01:04.695736+02:00
306897276,de:12067:900311239::2,0.0,2026-10-02T01:01:04.695736+02:00
306897276,de:12067:900311227::1,0.0,2026-10-02T01:01:04.695736+02:00
306897276,de:12067:900311402::1,0.0,2026-10-02T01:01:04.695736+02:00
306897276,de:12067:900311311::2,0.0,2026-10-02T01:01:04.695736+02:00
306897276,de:12067:900311312::2,0.0,2026-10-02T01:01:04.695736+02:00
306897276,de:12067:900311383::2,0.0,2026-10-02T01:01:04.695736+02:00
306897276,de:12067:900311315::2,0.0,2026-10-02T01:01:04.695736+02:00
306897276,de:12067:900311348::2,0.0,2026-10-02T01:01:04.695736+02:00
306897276,de:12067:900311308::4,0.0,2026-10-02T01:01:04.695736+02:00
307440652,de:12068:900205005:2:51,0.0,2026-10-02T01:01:04.695736+02:00
307440652,de:12068:900205006:2:51,0.0,2026-10-02T01:01:04.695736+02:00
307440652,de:12068:900205023:1:50,0.0,2026-10-02T01:01:04.695736+02:00
307440652,de:12068:900205022:1:50,0.0,2026-10-02T01:01:04.695736+02:00
307440652,de:12068:900205092:1:50,0.0,2026-10-02T01:01:04.695736+02:00
307440652,de:12068:900205090:1:50,0.0,2026-10-02T01:01:04.695736+02:00
307440652,de:12068:900205617:1:50,0.0,2026-10-02T01:01:04.695736+02:00
307440652,de:12068:900205130:1:50,0.0,2026-10-02T01:01:04.695736+02:00
307440652,de:12068:900205322:1:50,0.0,2026-10-02T01:01:04.695736+02:00
307440652,de:12070:900215723:1:50,0.0,2026-10-02T01:01:04.695736+02:00
307440652,de:12070:900215350:2:51,0.0,2026-10-02T01:01:04.695736+02:00
307440652,de:12070:900215696:1:50,0.0,2026-10-02T01:01:04.695736+02:00
307440652,de:12070:900216013:1:50,0.0,2026-10-02T01:01:04.695736+02:00
307440652,de:12070:900216026:3:53,0.0,2026-10-02T01:01:04.695736+02:00
306896603,de:12067:900310001::3,0.0,2026-10-02T01:01:04.695736+02:00
306896603,de:12067:900310816::1,0.0,2026-10-02T01:01:04.695736+02:00
306896603,de:12067:900310627::1,0.0,2026-10-02T01:01:04.695736+02:00
306896603,de:12067:900310781::1,0.0,2026-10-02T01:01:04.695736+02:00
306896603,de:12067:900310789::1,0.0,2026-10-02T01:01:04.695736+02:00
306896603,de:12067:900310797::1,0.0,2026-10-02T01:01:04.695736+02:00
306896603,de:12067:900310773::1,0.0,2026-10-02T01:01:04.695736+02:00
306896603,de:12067:900311109::1,0.0,2026-10-02T01:01:04.695736+02:00
306896603,de:12067:900310782::1,0.0,2026-10-02T01:01:04.695736+02:00
306896603,de:12067:900310824::1,0.0,2026-10-02T01:01:04.695736+02:00
306896603,de:12067:900310734::1,0.0,2026-10-02T01:01:04.695736+02:00
306896603,de:12067:900310733::1,0.0,2026-10-02T01:01:04.695736+02:00
306896603,de:12067:900310005::1,0.0,2026-10-02T01:01:04.695736+02:00
306896603,de:12067:900310754::1,0.0,2026-10-02T01:01:04.695736+02:00
306896603,de:12067:900310761::1,-0.5,2026-10-02T01:01:04.695736+02:00
306896603,de:12067:900310763::1,0.0,2026-10-02T01:01:04.695736+02:00
306896603,de:12067:900310762::1,0.0,2026-10-02T01:01:04.695736+02:00
306896603,de:12067:900311090::1,0.0,2026-10-02T01:01:04.695736+02:00
306896603,de:12067:900311088::2,0.0,2026-10-02T01:01:04.695736+02:00
306896603,de:12067:900311089::2,0.0,2026-10-02T01:01:04.695736+02:00
306896603,de:12067:900310706::2,0.0,2026-10-02T01:01:04.695736+02:00
306896603,de:12067:900310705::1,0.0,2026-10-02T01:01:04.695736+02:00
306896603,de:12067:900310704::2,0.0,2026-10-02T01:01:04.695736+02:00
306896603,de:12067:900310947::1,0.0,2026-10-02T01:01:04.695736+02:00
306896603,de:12067:900311086::0,0.0,2026-10-02T01:01:04.695736+02:00
306896603,de:12067:900310745::1,0.0,2026-10-02T01:01:04.695736+02:00
306896603,de:12067:900310973::2,0.0,2026-10-02T01:01:04.695736+02:00
306896603,de:12067:900310969::1,0.0,2026-10-02T01:01:04.695736+02:00
306896603,de:12067:900310876::1,0.0,2026-10-02T01:01:04.695736+02:00
306896603,de:12067:900310007::1,0.0,2026-10-02T01:01:04.695736+02:00
306896603,de:12067:900310735::1,0.0,2026-10-02T01:01:04.695736+02:00
306896603,de:12067:900310009::1,0.0,2026-10-02T01:01:04.695736+02:00
306897044,de:12053:900360093::1,0.0,2026-10-02T01:01:04.695736+02:00
306897044,de:12053:900360092::1,0.0,2026-10-02T01:01:04.695736+02:00
306897044,de:12067:900311235::1,0.0,2026-10-02T01:01:04.695736+02:00
306897044,de:12067:900311234::1,0.0,2026-10-02T01:01:04.695736+02:00
306897044,de:12067:900311238::1,0.0,2026-10-02T01:01:04.695736+02:00
306897044,de:12067:900311236::2,0.0,2026-10-02T01:01:04.695736+02:00
306897044,de:12067:900311232::1,0.0,2026-10-02T01:01:04.695736+02:00
306897044,de:12067:900311237::1,0.0,2026-10-02T01:01:04.695736+02:00
306897044,de:12067:900311424::2,0.0,2026-10-02T01:01:04.695736+02:00
306897044,de:12067:900311423::2,0.0,2026-10-02T01:01:04.695736+02:00
306897044,de:12067:900311422::1,0.0,2026-10-02T01:01:04.695736+02:00
306897044,de:12067:900311420::2,0.0,2026-10-02T01:01:04.695736+02:00
306897044,de:12067:900311421::2,0.0,2026-10-02T01:01:04.695736+02:00
306897044,de:12067:900311610::2,0.0,2026-10-02T01:01:04.695736+02:00
306897044,de:12067:900311562::2,0.0,2026-10-02T01:01:04.695736+02:00
306897044,de:12067:900311440::2,0.0,2026-10-02T01:01:04.695736+02:00
306897044,de:12067:900311481::1,0.0,2026-10-02T01:01:04.695736+02:00
306897044,de:12067:900311485::1,0.0,2026-10-02T01:01:04.695736+02:00
306897044,de:12067:900311482::1,0.0,2026-10-02T01:01:04.695736+02:00
295879395,de:11000:900053301:2:52,0.0,2026-10-02T01:01:04.695736+02:00
295879395,de:11000:900052201:1:51,0.0,2026-10-02T01:01:04.695736+02:00
295879395,de:11000:900050355:1:51,-0.3,2026-10-02T01:01:04.695736+02:00
295879395,de:11000:900050301:1:51,-0.4,2026-10-02T01:01:04.695736+02:00
295879395,de:11000:900049201:1:51,0.0,2026-10-02T01:01:04.695736+02:00
295879395,de:11000:900049202:1:51,0.0,2026-10-02T01:01:04.695736+02:00
295879395,de:11000:900066101:1:51,-0.3,2026-10-02T01:01:04.695736+02:00
295879395,de:11000:900066102:1:51,-0.2,2026-10-02T01:01:04.695736+02:00
295879395,de:11000:900062202:1:51,-0.2,2026-10-02T01:01:04.695736+02:00
295879395,de:11000:900063101:1:51,-0.2,2026-10-02T01:01:04.695736+02:00
295879395,de:11000:900060101:1:51,-0.9,2026-10-02T01:01:04.695736+02:00
295879395,de:11000:900054104:1:51,-0.9,2026-10-02T01:01:04.695736+02:00
295879395,de:11000:900057104:1:50,-0.4,2026-10-02T01:01:04.695736+02:00
295879395,de:11000:900057102:1:51,-0.1,2026-10-02T01:01:04.695736+02:00
295879395,de:11000:900012101:2:52,-0.9,2026-10-02T01:01:04.695736+02:00
295879395,de:11000:900100020:4:57,-0.3,2026-10-02T01:01:04.695736+02:00
295879395,de:11000:900100025:1:51,-0.4,2026-10-02T01:01:04.695736+02:00
295879395,de:11000:900100001:4:57,-0.1,2026-10-02T01:01:04.695736+02:00
295879395,de:11000:900100007:1:51,-0.2,2026-10-02T01:01:04.695736+02:00
295879395,de:11000:900007104:2:52,-0.2,2026-10-02T01:01:04.695736+02:00
295879395,de:11000:900008101:1:51,-0.9,2026-10-02T01:01:04.695736+02:00
295879395,de:11000:900007102:2:53,-0.6,2026-10-02T01:01:04.695736+02:00
295879395,de:11000:900110011:2:53,-0.9,2026-10-02T01:01:04.695736+02:00
295879395,de:11000:900085201:1:50,-0.9,2026-10-02T01:01:04.695736+02:00
295879395,de:11000:900084101:1:50,-0.7,2026-10-02T01:01:04.695736+02:00
295879395,de:11000:900096101:1:50,-0.8,2026-10-02T01:01:04.695736+02:00
295879395,de:11000:900094101:1:50,-0.1,2026-10-02T01:01:04.695736+02:00
295879395,de:11000:900093201:1:50,-0.4,2026-10-02T01:01:04.695736+02:00
295879395,de:11000:900092201:1:50,-0.2,2026-10-02T01:01:04.695736+02:00
295879395,de:12065:900200009:1:50,-0.7,2026-10-02T01:01:04.695736+02:00
295879395,de:12065:900200008:1:50,-0.7,2026-10-02T01:01:04.695736+02:00
295879395,de:12065:900200007:1:50,-0.2,2026-10-02T01:01:04.695736+02:00
295879395,de:12065:900200006:1:50,-0.5,2026-10-02T01:01:04.695736+02:00
295879395,de:12065:900200005:3:1,-0.9,2026-10-02T01:01:04.695736+02:00
295879309,de:12065:900200005:3:1,0.0,2026-10-02T01:01:04.695736+02:00
295879309,de:12065:900200006:1:51,-0.3,2026-10-02T01:01:04.695736+02:00
295879309,de:12065:900200007:1:51,-0.7,2026-10-02T01:01:04.695736+02:00
295879309,de:12065:900200008:1:51,-0.2,2026-10-02T01:01:04.695736+02:00
295879309,de:12065:900200009:1:51,-0.1,2026-10-02T01:01:04.695736+02:00
295879309,de:11000:900092201:1:51,-0.7,2026-10-02T01:01:04.695736+02:00
295879309,de:11000:900093201:1:51,-0.4,2026-10-02T01:01:04.695736+02:00
295879309,de:11000:900094101:1:51,-0.8,2026-10-02T01:01:04.695736+02:00
295879309,de:11000:900096101:1:51,-0.1,2026-10-02T01:01:04.695736+02:00
295879309,de:11000:900084101:1:51,-0.2,2026-10-02T01:01:04.695736+02:00
295879309,de:11000:900085201:1:51,-0.8,2026-10-02T01:01:04.695736+02:00
295879309,de:11000:900130003:1:51,-0.8,2026-10-02T01:01:04.695736+02:00
295879309,de:11000:900110011:1:50,-0.9,2026-10-02T01:01:04.695736+02:00
295879309,de:11000:900007102:1:50,-0.9,2026-10-02T01:01:04.695736+02:00
295879309,de:11000:900008101:1:50,0.0,2026-10-02T01:01:04.695736+02:00
295879309,de:11000:900007104:1:51,-0.7,2026-10-02T01:01:04.695736+02:00
295879309,de:11000:900100007:1:50,-0.7,2026-10-02T01:01:04.695736+02:00
295879309,de:11000:900100001:4:56,-0.5,2026-10-02T01:01:04.695736+02:00
295879309,de:11000:900100025:1:50,-0.4,2026-10-02T01:01:04.695736+02:00
295879309,de:11000:900100020:3:54,-0.4,2026-10-02T01:01:04.695736+02:00
295879309,de:11000:900012101:1:51,-0.5,2026-10-02T01:01:04.695736+02:00
295879309,de:11000:900057102:1:50,-0.7,2026-10-02T01:01:04.695736+02:00
295879309,de:11000:900057104:2:51,-0.4,2026-10-02T01:01:04.695736+02:00
295879309,de:11000:900054104:1:50,-0.3,2026-10-02T01:01:04.695736+02:00
295879309,de:11000:900060101:1:50,-0.3,2026-10-02T01:01:04.695736+02:00
295879309,de:11000:900063101:1:50,-0.1,2026-10-02T01:01:04.695736+02:00
295879309,de:11000:900062202:1:50,-0.1,2026-10-02T01:01:04.695736+02:00
295879309,de:11000:900066102:1:50,-0.2,2026-10-02T01:01:04.695736+02:00
295879309,de:11000:900066101:1:50,-0.1,2026-10-02T01:01:04.695736+02:00
295879309,de:11000:900049202:1:50,-0.3,2026-10-02T01:01:04.695736+02:00
295879309,de:11000:900049201:1:50,-0.4,2026-10-02T01:01:04.695736+02:00
295879309,de:11000:900050301:1:50,0.0,2026-10-02T01:01:04.695736+02:00
295879309,de:11000:900050355:1:50,-0.1,2026-10-02T01:01:04.695736+02:00
295879309,de:11000:900052201:1:50,-0.5,2026-10-02T01:01:04.695736+02:00
295879309,de:11000:900053301:1:51,-0.9,2026-10-02T01:01:04.695736+02:00
295879405,de:11000:900053301:2:52,0.0,2026-10-02T01:01:04.695736+02:00
295879405,de:11000:900052201:1:51,0.0,2026-10-02T01:01:04.695736+02:00
295879405,de:11000:900050355:1:51,-0.3,2026-10-02T01:01:04.695736+02:00
295879405,de:11000:900050301:1:51,-0.4,2026-10-02T01:01:04.695736+02:00
295879405,de:11000:900049201:1:51,0.0,2026-10-02T01:01:04.695736+02:00
295879405,de:11000:900049202:1:51,0.0,2026-10-02T01:01:04.695736+02:00
295879405,de:11000:900066101:1:51,-0.3,2026-10-02T01:01:04.695736+02:00
295879405,de:11000:900066102:1:51,-0.2,2026-10-02T01:01:04.695736+02:00
295879405,de:11000:900062202:1:51,-0.2,2026-10-02T01:01:04.695736+02:00
295879405,de:11000:900063101:1:51,-0.2,2026-10-02T01:01:04.695736+02:00
295879405,de:11000:900060101:1:51,-0.9,2026-10-02T01:01:04.695736+02:00
295879405,de:11000:900054104:1:51,-0.9,2026-10-02T01:01:04.695736+02:00
295879405,de:11000:900057104:1:50,-0.4,2026-10-02T01:01:04.695736+02:00
295879405,de:11000:900057102:1:51,-0.1,2026-10-02T01:01:04.695736+02:00
295879405,de:11000:900012101:2:52,-0.9,2026-10-02T01:01:04.695736+02:00
295879405,de:11000:900100020:4:57,-0.3,2026-10-02T01:01:04.695736+02:00
295879405,de:11000:900100025:1:51,-0.4,2026-10-02T01:01:04.695736+02:00
295879405,de:11000:900100001:4:57,-0.1,2026-10-02T01:01:04.695736+02:00
295879405,de:11000:900100007:1:51,-0.2,2026-10-02T01:01:04.695736+02:00
295879405,de:11000:900007104:2:52,-0.2,2026-10-02T01:01:04.695736+02:00
295879405,de:11000:900008101:1:51,-0.9,2026-10-02T01:01:04.695736+02:00
295879405,de:11000:900007102:2:53,-0.6,2026-10-02T01:01:04.695736+02:00
295879405,de:11000:900110011:2:53,-0.9,2026-10-02T01:01:04.695736+02:00
295879405,de:11000:900085201:1:50,-0.9,2026-10-02T01:01:04.695736+02:00
295879405,de:11000:900084101:1:50,-0.7,2026-10-02T01:01:04.695736+02:00
295879405,de:11000:900096101:1:50,-0.8,2026-10-02T01:01:04.695736+02:00
295879405,de:11000:900094101:1:50,-0.1,2026-10-02T01:01:04.695736+02:00
295879405,de:11000:900093201:1:50,-0.4,2026-10-02T01:01:04.695736+02:00
295879405,de:11000:900092201:1:50,-0.2,2026-10-02T01:01:04.695736+02:00
295879405,de:12065:900200009:1:50,-0.7,2026-10-02T01:01:04.695736+02:00
295879405,de:12065:900200008:1:50,-0.7,2026-10-02T01:01:04.695736+02:00
295879405,de:12065:900200007:1:50,-0.2,2026-10-02T01:01:04.695736+02:00
295879405,de:12065:900200006:1:50,-0.5,2026-10-02T01:01:04.695736+02:00
295879405,de:12065:900200005:3:1,-0.9,2026-10-02T01:01:04.695736+02:00
295879293,de:12065:900200005:3:1,0.0,2026-10-02T01:01:04.695736+02:00
295879293,de:12065:900200006:1:51,-0.3,2026-10-02T01:01:04.695736+02:00
295879293,de:12065:900200007:1:51,-0.7,2026-10-02T01:01:04.695736+02:00
295879293,de:12065:900200008:1:51,-0.2,2026-10-02T01:01:04.695736+02:00
295879293,de:12065:900200009:1:51,-0.1,2026-10-02T01:01:04.695736+02:00
295879293,de:11000:900092201:1:51,-0.7,2026-10-02T01:01:04.695736+02:00
295879293,de:11000:900093201:1:51,-0.4,2026-10-02T01:01:04.695736+02:00
295879293,de:11000:900094101:1:51,-0.8,2026-10-02T01:01:04.695736+02:00
295879293,de:11000:900096101:1:51,-0.1,2026-10-02T01:01:04.695736+02:00
295879293,de:11000:900084101:1:51,-0.2,2026-10-02T01:01:04.695736+02:00
295879293,de:11000:900085201:1:51,-0.8,2026-10-02T01:01:04.695736+02:00
295879293,de:11000:900130003:1:51,-0.8,2026-10-02T01:01:04.695736+02:00
295879293,de:11000:900110011:1:50,-0.9,2026-10-02T01:01:04.695736+02:00
295879293,de:11000:900007102:1:50,-0.9,2026-10-02T01:01:04.695736+02:00
295879293,de:11000:900008101:1:50,0.0,2026-10-02T01:01:04.695736+02:00
295879293,de:11000:900007104:1:51,-0.7,2026-10-02T01:01:04.695736+02:00
295879293,de:11000:900100007:1:50,-0.7,2026-10-02T01:01:04.695736+02:00
295879293,de:11000:900100001:4:56,-0.5,2026-10-02T01:01:04.695736+02:00
295879293,de:11000:900100025:1:50,-0.4,2026-10-02T01:01:04.695736+02:00
295879293,de:11000:900100020:3:54,-0.4,2026-10-02T01:01:04.695736+02:00
295879293,de:11000:900012101:1:51,-0.5,2026-10-02T01:01:04.695736+02:00
295879293,de:11000:900057102:1:50,-0.7,2026-10-02T01:01:04.695736+02:00
295879293,de:11000:900057104:2:51,-0.4,2026-10-02T01:01:04.695736+02:00
295879293,de:11000:900054104:1:50,-0.3,2026-10-02T01:01:04.695736+02:00
295879293,de:11000:900060101:1:50,-0.3,2026-10-02T01:01:04.695736+02:00
295879293,de:11000:900063101:1:50,-0.1,2026-10-02T01:01:04.695736+02:00
295879293,de:11000:900062202:1:50,-0.1,2026-10-02T01:01:04.695736+02:00
295879293,de:11000:900066102:1:50,-0.2,2026-10-02T01:01:04.695736+02:00
295879293,de:11000:900066101:1:50,-0.1,2026-10-02T01:01:04.695736+02:00
295879293,de:11000:900049202:1:50,-0.3,2026-10-02T01:01:04.695736+02:00
295879293,de:11000:900049201:1:50,-0.4,2026-10-02T01:01:04.695736+02:00
295879293,de:11000:900050301:1:50,0.0,2026-10-02T01:01:04.695736+02:00
295879293,de:11000:900050355:1:50,-0.1,2026-10-02T01:01:04.695736+02:00
295879293,de:11000:900052201:1:50,-0.5,2026-10-02T01:01:04.695736+02:00
295879293,de:11000:900053301:1:51,-0.9,2026-10-02T01:01:04.695736+02:00
306895961,de:12064:900320250::1,0.0,2026-10-02T01:01:04.695736+02:00
306895961,de:12064:900320267::2,0.0,2026-10-02T01:01:04.695736+02:00
306895961,de:12067:900310017::2,0.0,2026-10-02T01:01:04.695736+02:00
306895961,de:12067:900310509::1,0.0,2026-10-02T01:01:04.695736+02:00
306895961,de:12067:900310508::1,0.0,2026-10-02T01:01:04.695736+02:00
306895961,de:12067:900310580::2,0.0,2026-10-02T01:01:04.695736+02:00
306895961,de:12067:900310578::4,0.0,2026-10-02T01:01:04.695736+02:00
306895961,de:12067:900310534::2,0.0,2026-10-02T01:01:04.695736+02:00
306895961,de:11000:900310550::2,0.0,2026-10-02T01:01:04.695736+02:00
306895961,de:12067:900310572::2,0.0,2026-10-02T01:01:04.695736+02:00
306895961,de:12067:900310013::2,0.0,2026-10-02T01:01:04.695736+02:00
306895961,de:12067:900310563::3,0.0,2026-10-02T01:01:04.695736+02:00
306895961,de:12067:900310560::1,0.0,2026-10-02T01:01:04.695736+02:00
306895961,de:12067:900310573::1,0.0,2026-10-02T01:01:04.695736+02:00
306895961,de:12067:900310581::1,0.0,2026-10-02T01:01:04.695736+02:00
306895961,de:12067:900310567::1,0.0,2026-10-02T01:01:04.695736+02:00
306895961,de:12067:900310561::1,0.0,2026-10-02T01:01:04.695736+02:00
306895961,de:12067:900310565::1,0.0,2026-10-02T01:01:04.695736+02:00
306896403,de:12067:900310001::3,0.0,2026-10-02T01:01:04.695736+02:00
306896403,de:12067:900310816::1,0.0,2026-10-02T01:01:04.695736+02:00
306896403,de:12067:900310627::1,0.0,2026-10-02T01:01:04.695736+02:00
306896403,de:12067:900310781::1,0.0,2026-10-02T01:01:04.695736+02:00
306896403,de:12067:900310822::1,0.0,2026-10-02T01:01:04.695736+02:00
306896403,de:12067:900310771::1,0.0,2026-10-02T01:01:04.695736+02:00
306896403,de:12067:900310811::1,0.0,2026-10-02T01:01:04.695736+02:00
306896403,de:12067:900310630::1,0.0,2026-10-02T01:01:04.695736+02:00
306896403,de:12067:900310812::1,0.0,2026-10-02T01:01:04.695736+02:00
306896403,de:12067:900310695::2,0.0,2026-10-02T01:01:04.695736+02:00
306896403,de:12067:900310769::1,0.0,2026-10-02T01:01:04.695736+02:00
306896403,de:12067:900310810::2,0.0,2026-10-02T01:01:04.695736+02:00
306896403,de:12067:900310972::1,0.0,2026-10-02T01:01:04.695736+02:00
306896403,de:12067:900310970::1,0.0,2026-10-02T01:01:04.695736+02:00
306896403,de:12067:900310105::1,0.0,2026-10-02T01:01:04.695736+02:00
306896403,de:12067:900310040::1,0.0,2026-10-02T01:01:04.695736+02:00
306896403,de:12067:900310109::1,0.0,2026-10-02T01:01:04.695736+02:00
306896403,de:12067:900310112::1,0.0,2026-10-02T01:01:04.695736+02:00
306896403,de:12067:900310101::1,0.0,2026-10-02T01:01:04.695736+02:00
306896403,de:12067:900310111::1,0.0,2026-10-02T01:01:04.695736+02:00
306896403,de:12067:900310108::1,0.0,2026-10-02T01:01:04.695736+02:00
306896403,de:12067:900310100::1,0.0,2026-10-02T01:01:04.695736+02:00
306896403,de:12067:900310118::1,0.0,2026-10-02T01:01:04.695736+02:00
306896403,de:12067:900310756::1,0.0,2026-10-02T01:01:04.695736+02:00
306896403,de:12067:900310757::1,0.0,2026-10-02T01:01:04.695736+02:00
306896403,de:12067:900310982::1,0.0,2026-10-02T01:01:04.695736+02:00
306896403,de:12067:900310827::1,0.0,2026-10-02T01:01:04.695736+02:00
306896403,de:12067:900310829::1,0.0,2026-10-02T01:01:04.695736+02:00
306896403,de:12067:900310600::1,0.0,2026-10-02T01:01:04.695736+02:00
306896403,de:12067:900310925::1,0.0,2026-10-02T01:01:04.695736+02:00
306896403,de:12067:900310924::1,0.0,2026-10-02T01:01:04.695736+02:00
306896403,de:12067:900310747::1,0.0,2026-10-02T01:01:04.695736+02:00
306896403,de:12067:900310739::1,0.0,2026-10-02T01:01:04.695736+02:00
306896403,de:12067:900310740::1,0.0,2026-10-02T01:01:04.695736+02:00
306896403,de:12067:900310716::2,0.0,2026-10-02T01:01:04.695736+02:00
306896403,de:12067:900310942::2,0.0,2026-10-02T01:01:04.695736+02:00
306896403,de:12067:900310721::1,0.0,2026-10-02T01:01:04.695736+02:00
306896403,de:12067:900310755::2,0.0,2026-10-02T01:01:04.695736+02:00
306896403,de:12067:900310728::3,0.0,2026-10-02T01:01:04.695736+02:00
306896403,de:12067:900311129::6,0.0,2026-10-02T01:01:04.695736+02:00
306896513,de:12067:900310001::3,0.0,2026-10-02T01:01:04.695736+02:00
306896513,de:12067:900311149::1,0.0,2026-10-02T01:01:04.695736+02:00
306896513,de:12067:900310835::1,0.0,2026-10-02T01:01:04.695736+02:00
306896513,de:12067:900310825::1,0.0,2026-10-02T01:01:04.695736+02:00
306896513,de:12067:900310813::1,0.0,2026-10-02T01:01:04.695736+02:00
306896513,de:12067:900310803::1,0.0,2026-10-02T01:01:04.695736+02:00
306896513,de:12067:900310802::1,0.0,2026-10-02T01:01:04.695736+02:00
306896513,de:12067:900310712::1,0.0,2026-10-02T01:01:04.695736+02:00
306896513,de:12067:900310711::1,0.0,2026-10-02T01:01:04.695736+02:00
306896513,de:12067:900311015::1,0.0,2026-10-02T01:01:04.695736+02:00
306896513,de:12064:900320277::1,0.0,2026-10-02T01:01:04.695736+02:00
306896513,de:12064:900320279::1,-0.5,2026-10-02T01:01:04.695736+02:00
306896513,de:12064:900320229::1,-0.5,2026-10-02T01:01:04.695736+02:00
306896513,de:12064:900320280::1,0.0,2026-10-02T01:01:04.695736+02:00
306896513,de:12064:900320228::1,0.0,2026-10-02T01:01:04.695736+02:00
295883498,de:11000:900049201:1:51,0.0,2026-10-02T01:01:04.695736+02:00
295883498,de:11000:900049202:1:51,0.0,2026-10-02T01:01:04.695736+02:00
295883498,de:11000:900066101:1:51,-0.3,2026-10-02T01:01:04.695736+02:00
295883498,de:11000:900066102:1:51,-0.2,2026-10-02T01:01:04.695736+02:00
295883498,de:11000:900062202:1:51,-0.2,2026-10-02T01:01:04.695736+02:00
295883498,de:11000:900063101:1:51,-0.2,2026-10-02T01:01:04.695736+02:00
295883498,de:11000:900060101:1:51,-0.9,2026-10-02T01:01:04.695736+02:00
295883498,de:11000:900054104:1:51,-0.9,2026-10-02T01:01:04.695736+02:00
295883498,de:11000:900057104:1:50,-0.4,2026-10-02T01:01:04.695736+02:00
295883498,de:11000:900057102:1:51,-0.1,2026-10-02T01:01:04.695736+02:00
295883498,de:11000:900012101:2:52,-0.8,2026-10-02T01:01:04.695736+02:00
295883498,de:11000:900100020:4:57,-0.9,2026-10-02T01:01:04.695736+02:00
306896698,de:12067:900310001::4,0.0,2026-10-02T01:01:04.695736+02:00
306896698,de:12067:900310816::1,0.0,2026-10-02T01:01:04.695736+02:00
306896698,de:12067:900310627::1,0.0,2026-10-02T01:01:04.695736+02:00
306896698,de:12067:900310781::1,0.0,2026-10-02T01:01:04.695736+02:00
306896698,de:12067:900310822::1,0.0,2026-10-02T01:01:04.695736+02:00
306896698,de:12067:900310808::1,0.0,2026-10-02T01:01:04.695736+02:00
306896698,de:12067:900310779::1,0.0,2026-10-02T01:01:04.695736+02:00
306896698,de:12067:900310995::2,0.0,2026-10-02T01:01:04.695736+02:00
306896698,de:12067:900310992::1,-0.5,2026-10-02T01:01:04.695736+02:00
306896698,de:12067:900310989::1,0.0,2026-10-02T01:01:04.695736+02:00
306896698,de:12067:900310990::1,0.0,2026-10-02T01:01:04.695736+02:00
306896698,de:12067:900310991::1,0.0,2026-10-02T01:01:04.695736+02:00
306896698,de:12067:900310904::1,0.0,2026-10-02T01:01:04.695736+02:00
306896698,de:12067:900311118::1,0.0,2026-10-02T01:01:04.695736+02:00
306896698,de:12067:900310966::1,0.0,2026-10-02T01:01:04.695736+02:00
306896698,de:12067:900310997::1,0.0,2026-10-02T01:01:04.695736+02:00
306896698,de:12067:900310998::1,0.0,2026-10-02T01:01:04.695736+02:00
306896698,de:12067:900310997::2,0.0,2026-10-02T01:01:04.695736+02:00
306896698,de:12067:900310966::2,0.0,2026-10-02T01:01:04.695736+02:00
306896698,de:12067:900311118::2,0.0,2026-10-02T01:01:04.695736+02:00
306896698,de:12067:900311059::1,0.0,2026-10-02T01:01:04.695736+02:00
306896698,de:12067:900311110::3,0.0,2026-10-02T01:01:04.695736+02:00
306896698,de:12067:900311058::1,0.0,2026-10-02T01:01:04.695736+02:00
306896698,de:12067:900310611::2,0.0,2026-10-02T01:01:04.695736+02:00
307447005,de:12062:900415345:3:53,0.0,2026-10-02T01:01:04.695736+02:00
307447005,de:12062:900415464:2:51,0.0,2026-10-02T01:01:04.695736+02:00
307447005,de:15091:8011048,0.0,2026-10-02T01:01:04.695736+02:00
307447005,de:15091:8011960,0.0,2026-10-02T01:01:04.695736+02:00
307447005,de:15091:8011486,0.0,2026-10-02T01:01:04.695736+02:00
307447005,de:15091:8012393,0.0,2026-10-02T01:01:04.695736+02:00
307447005,de:15091:8013275,0.0,2026-10-02T01:01:04.695736+02:00
307447005,de:15091:8010222,0.0,2026-10-02T01:01:04.695736+02:00
307447017,de:15003:8010224,0.0,2026-10-02T01:01:04.695736+02:00
307447017,de:15003:8010226,0.0,2026-10-02T01:01:04.695736+02:00
307447017,de:15086:8010047,0.0,2026-10-02T01:01:04.695736+02:00
307447017,de:15086:8011673,0.0,2026-10-02T01:01:04.695736+02:00
307447017,de:15082:8013389,0.0,2026-10-02T01:01:04.695736+02:00
307447017,de:15001:8012777,0.0,2026-10-02T01:01:04.695736+02:00
307447017,de:15001:8010302,0.0,2026-10-02T01:01:04.695736+02:00
307447017,de:15001:8010302,-15.0,2026-10-02T01:01:04.695736+02:00
307447017,de:15001:8010077,0.0,2026-10-02T01:01:04.695736+02:00
307447017,de:15001:8010302,15.0,2026-10-02T01:01:04.695736+02:00
307447017,de:15001:8010302,0.0,2026-10-02T01:01:04.695736+02:00
307447017,de:15091:8011322,0.0,2026-10-02T01:01:04.695736+02:00
307447017,de:15091:8012282,0.0,2026-10-02T01:01:04.695736+02:00
307447017,de:15091:8010222,0.0,2026-10-02T01:01:04.695736+02:00
307447017,de:15091:8013275,0.0,2026-10-02T01:01:04.695736+02:00
307447017,de:15091:8012393,0.0,2026-10-02T01:01:04.695736+02:00
307447017,de:15091:8011486,0.0,2026-10-02T01:01:04.695736+02:00
307447017,de:15091:8011960,0.0,2026-10-02T01:01:04.695736+02:00
307447017,de:15091:8011048,0.0,2026-10-02T01:01:04.695736+02:00
307447017,de:12062:900415464:1:50,0.0,2026-10-02T01:01:04.695736+02:00
307447017,de:12062:900415345:3:53,0.0,2026-10-02T01:01:04.695736+02:00
306897113,de:12067:900311308::5,0.0,2026-10-02T01:01:04.695736+02:00
306897113,de:12067:900311335::1,0.0,2026-10-02T01:01:04.695736+02:00
306897113,de:12067:900311339::1,0.0,2026-10-02T01:01:04.695736+02:00
306897113,de:12067:900311301::1,0.0,2026-10-02T01:01:04.695736+02:00
306897113,de:12067:900311373::1,0.0,2026-10-02T01:01:04.695736+02:00
306897113,de:12067:900311370::1,0.0,2026-10-02T01:01:04.695736+02:00
306897113,de:12067:900311590::1,0.0,2026-10-02T01:01:04.695736+02:00
306897113,de:12067:900311592::1,0.0,2026-10-02T01:01:04.695736+02:00
306897113,de:12067:900311634::1,0.0,2026-10-02T01:01:04.695736+02:00
306897113,de:12067:900311632::1,0.0,2026-10-02T01:01:04.695736+02:00
306897113,de:12067:900311622::1,0.0,2026-10-02T01:01:04.695736+02:00
306897113,de:12067:900311621::2,0.0,2026-10-02T01:01:04.695736+02:00
306895332,de:12067:900310874::1,0.0,2026-10-02T01:01:04.695736+02:00
306895332,de:12067:900310925::1,0.0,2026-10-02T01:01:04.695736+02:00
306895332,de:12067:900310760::2,0.0,2026-10-02T01:01:04.695736+02:00
306895332,de:12067:900311064::1,0.0,2026-10-02T01:01:04.695736+02:00
306895332,de:12067:900311065::1,0.0,2026-10-02T01:01:04.695736+02:00
295882450,de:11000:900092201:1:50,0.0,2026-10-02T01:01:04.695736+02:00
295882450,de:11000:900093201:1:51,-0.4,2026-10-02T01:01:04.695736+02:00
295882450,de:11000:900094101:1:51,-0.3,2026-10-02T01:01:04.695736+02:00
295882450,de:11000:900096101:1:51,-0.1,2026-10-02T01:01:04.695736+02:00
295882450,de:11000:900084101:1:51,-0.2,2026-10-02T01:01:04.695736+02:00
295882450,de:11000:900085201:1:51,-0.8,2026-10-02T01:01:04.695736+02:00
295882450,de:11000:900130003:1:51,-0.8,2026-10-02T01:01:04.695736+02:00
295882450,de:11000:900110011:1:50,-0.9,2026-10-02T01:01:04.695736+02:00
295882450,de:11000:900007102:1:50,-0.9,2026-10-02T01:01:04.695736+02:00
295882450,de:11000:900008101:1:50,0.0,2026-10-02T01:01:04.695736+02:00
295882450,de:11000:900007104:1:51,-0.7,2026-10-02T01:01:04.695736+02:00
295882450,de:11000:900100007:1:50,-0.7,2026-10-02T01:01:04.695736+02:00
295882450,de:11000:900100001:4:56,-0.5,2026-10-02T01:01:04.695736+02:00
295882450,de:11000:900100025:1:50,-0.4,2026-10-02T01:01:04.695736+02:00
295882450,de:11000:900100020:3:54,-0.4,2026-10-02T01:01:04.695736+02:00
295882450,de:11000:900012101:1:51,-0.5,2026-10-02T01:01:04.695736+02:00
295882450,de:11000:900057102:1:50,-0.7,2026-10-02T01:01:04.695736+02:00
295882450,de:11000:900057104:2:51,-0.4,2026-10-02T01:01:04.695736+02:00
295882450,de:11000:900054104:1:50,-0.3,2026-10-02T01:01:04.695736+02:00
295882450,de:11000:900060101:1:50,-0.3,2026-10-02T01:01:04.695736+02:00
295882450,de:11000:900063101:1:50,-0.1,2026-10-02T01:01:04.695736+02:00
295882450,de:11000:900062202:1:50,-0.1,2026-10-02T01:01:04.695736+02:00
295882450,de:11000:900066102:1:50,-0.2,2026-10-02T01:01:04.695736+02:00
295882450,de:11000:900066101:1:50,-0.1,2026-10-02T01:01:04.695736+02:00
295882450,de:11000:900049202:1:50,-0.3,2026-10-02T01:01:04.695736+02:00
295882450,de:11000:900049201:1:50,-0.4,2026-10-02T01:01:04.695736+02:00
295882450,de:11000:900050301:1:50,0.0,2026-10-02T01:01:04.695736+02:00
295882450,de:11000:900050355:1:50,-0.1,2026-10-02T01:01:04.695736+02:00
295882450,de:11000:900052201:1:50,-0.5,2026-10-02T01:01:04.695736+02:00
295882450,de:11000:900053301:1:51,-0.9,2026-10-02T01:01:04.695736+02:00
306895899,de:12067:900311145::2,0.0,2026-10-02T01:01:04.695736+02:00
306895899,de:12067:900310817::2,0.0,2026-10-02T01:01:04.695736+02:00
306895899,de:12067:900310837::2,0.0,2026-10-02T01:01:04.695736+02:00
306895899,de:12067:900310875::2,0.0,2026-10-02T01:01:04.695736+02:00
306895899,de:12067:900310780::1,0.0,2026-10-02T01:01:04.695736+02:00
306895899,de:12067:900310796::2,0.0,2026-10-02T01:01:04.695736+02:00
306895899,de:12067:900310777::2,0.0,2026-10-02T01:01:04.695736+02:00
306895899,de:12067:900310808::2,0.0,2026-10-02T01:01:04.695736+02:00
306895899,de:12067:900310822::2,0.0,2026-10-02T01:01:04.695736+02:00
306895899,de:12067:900310781::2,0.0,2026-10-02T01:01:04.695736+02:00
306895899,de:12067:900311155::1,0.0,2026-10-02T01:01:04.695736+02:00
306895899,de:12067:900311149::2,0.0,2026-10-02T01:01:04.695736+02:00
306895899,de:12067:900310001::11,0.0,2026-10-02T01:01:04.695736+02:00
295882441,de:11000:900092201:1:50,0.0,2026-10-02T01:01:04.695736+02:00
295882441,de:11000:900093201:1:51,-0.4,2026-10-02T01:01:04.695736+02:00
295882441,de:11000:900094101:1:51,-0.3,2026-10-02T01:01:04.695736+02:00
295882441,de:11000:900096101:1:51,-0.1,2026-10-02T01:01:04.695736+02:00
295882441,de:11000:900084101:1:51,-0.2,2026-10-02T01:01:04.695736+02:00
295882441,de:11000:900085201:1:51,-0.8,2026-10-02T01:01:04.695736+02:00
295882441,de:11000:900130003:1:51,-0.8,2026-10-02T01:01:04.695736+02:00
295882441,de:11000:900110011:1:50,-0.9,2026-10-02T01:01:04.695736+02:00
295882441,de:11000:900007102:1:50,-0.9,2026-10-02T01:01:04.695736+02:00
295882441,de:11000:900008101:1:50,0.0,2026-10-02T01:01:04.695736+02:00
295882441,de:11000:900007104:1:51,-0.7,2026-10-02T01:01:04.695736+02:00
295882441,de:11000:900100007:1:50,-0.7,2026-10-02T01:01:04.695736+02:00
295882441,de:11000:900100001:4:56,-0.5,2026-10-02T01:01:04.695736+02:00
295882441,de:11000:900100025:1:50,-0.4,2026-10-02T01:01:04.695736+02:00
295882441,de:11000:900100020:3:54,-0.4,2026-10-02T01:01:04.695736+02:00
295882441,de:11000:900012101:1:51,-0.5,2026-10-02T01:01:04.695736+02:00
295882441,de:11000:900057102:1:50,-0.7,2026-10-02T01:01:04.695736+02:00
295882441,de:11000:900057104:2:51,-0.4,2026-10-02T01:01:04.695736+02:00
295882441,de:11000:900054104:1:50,-0.3,2026-10-02T01:01:04.695736+02:00
295882441,de:11000:900060101:1:50,-0.3,2026-10-02T01:01:04.695736+02:00
295882441,de:11000:900063101:1:50,-0.1,2026-10-02T01:01:04.695736+02:00
295882441,de:11000:900062202:1:50,-0.1,2026-10-02T01:01:04.695736+02:00
295882441,de:11000:900066102:1:50,-0.2,2026-10-02T01:01:04.695736+02:00
295882441,de:11000:900066101:1:50,-0.1,2026-10-02T01:01:04.695736+02:00
295882441,de:11000:900049202:1:50,-0.3,2026-10-02T01:01:04.695736+02:00
295882441,de:11000:900049201:1:50,-0.4,2026-10-02T01:01:04.695736+02:00
295882441,de:11000:900050301:1:50,0.0,2026-10-02T01:01:04.695736+02:00
295882441,de:11000:900050355:1:50,-0.1,2026-10-02T01:01:04.695736+02:00
295882441,de:11000:900052201:1:50,-0.5,2026-10-02T01:01:04.695736+02:00
295882441,de:11000:900053301:1:51,-0.9,2026-10-02T01:01:04.695736+02:00
306896154,de:12067:900310015::1,0.0,2026-10-02T01:01:04.695736+02:00
306896154,de:12067:900310025::2,0.0,2026-10-02T01:01:04.695736+02:00
306896154,de:12067:900310952::2,0.0,2026-10-02T01:01:04.695736+02:00
306896154,de:12067:900310949::2,0.0,2026-10-02T01:01:04.695736+02:00
306896154,de:12067:900310955::2,0.0,2026-10-02T01:01:04.695736+02:00
306896154,de:12067:900310568::2,0.0,2026-10-02T01:01:04.695736+02:00
306896154,de:12067:900310556::2,0.0,2026-10-02T01:01:04.695736+02:00
306896154,de:12067:900310558::4,0.0,2026-10-02T01:01:04.695736+02:00
306896154,de:12067:900310559::2,0.0,2026-10-02T01:01:04.695736+02:00
306896154,de:12067:900310563::4,0.0,2026-10-02T01:01:04.695736+02:00
306896154,de:12067:900310013::7,0.0,2026-10-02T01:01:04.695736+02:00
307431840,de:12061:900260009:2:54,0.0,2026-10-02T01:01:04.695736+02:00
307431840,de:12072:900245836:2:51,0.0,2026-10-02T01:01:04.695736+02:00
307431840,de:12069:900220002:2:51,0.0,2026-10-02T01:01:04.695736+02:00
307431840,de:12054:900230002:1:50,0.0,2026-10-02T01:01:04.695736+02:00
307431840,de:12054:900220010:2:51,0.0,2026-10-02T01:01:04.695736+02:00
307431840,de:12054:900230007:2:52,0.0,2026-10-02T01:01:04.695736+02:00
307431840,de:12054:900230006:2:51,0.0,2026-10-02T01:01:04.695736+02:00
307431840,de:12054:900230999:2:53,0.0,2026-10-02T01:01:04.695736+02:00
307431840,de:12054:900230003:4:53,0.0,2026-10-02T01:01:04.695736+02:00
307433511,de:12072:900245029:2:52,0.0,2026-10-02T01:01:04.695736+02:00
307433511,de:12072:900245030:2:51,0.0,2026-10-02T01:01:04.695736+02:00
307433511,de:12061:900260009:2:54,0.0,2026-10-02T01:01:04.695736+02:00
307433511,de:11000:900192001:1:51,0.0,2026-10-02T01:01:04.695736+02:00
307433511,de:11000:900120003:4:57,0.0,2026-10-02T01:01:04.695736+02:00
307433511,de:11000:900160004:4:56,0.0,2026-10-02T01:01:04.695736+02:00
307433511,de:11000:900152001:2:52,0.0,2026-10-02T01:01:04.695736+02:00
307433511,de:12065:900200005:2:1,0.0,2026-10-02T01:01:04.695736+02:00
307431425,de:11000:900024101:1:51,0.0,2026-10-02T01:01:04.695736+02:00
307431425,de:11000:900053301:3:54,0.0,2026-10-02T01:01:04.695736+02:00
307431425,de:12054:900230003:3:52,0.0,2026-10-02T01:01:04.695736+02:00
307431425,de:12054:900230999:1:51,0.0,2026-10-02T01:01:04.695736+02:00
307431425,de:12054:900230006:1:50,0.0,2026-10-02T01:01:04.695736+02:00
307431425,de:12054:900230007:1:50,0.0,2026-10-02T01:01:04.695736+02:00
307431425,de:12054:900220010:1:50,0.0,2026-10-02T01:01:04.695736+02:00
307431425,de:12054:900220012:2:51,0.0,2026-10-02T01:01:04.695736+02:00
307431425,de:12063:900210001:2:51,0.0,2026-10-02T01:01:04.695736+02:00
307431398,de:12065:900200000:1:51,0.0,2026-10-02T01:01:04.695736+02:00
307431398,de:12063:900210010:2:51,0.0,2026-10-02T01:01:04.695736+02:00
307431398,de:11000:900029101:3:55,0.0,2026-10-02T01:01:04.695736+02:00
307431398,de:11000:900024101:1:51,0.0,2026-10-02T01:01:04.695736+02:00
307431398,de:11000:900053301:3:54,0.0,2026-10-02T01:01:04.695736+02:00
307431398,de:12054:900230003:3:52,0.0,2026-10-02T01:01:04.695736+02:00
307431398,de:12054:900230999:1:51,0.0,2026-10-02T01:01:04.695736+02:00
307431398,de:12054:900230006:1:50,0.0,2026-10-02T01:01:04.695736+02:00
307431398,de:12054:900230007:1:50,0.0,2026-10-02T01:01:04.695736+02:00
307431398,de:12054:900220010:2:51,0.0,2026-10-02T01:01:04.695736+02:00
307431398,de:12054:900220012:2:51,0.0,2026-10-02T01:01:04.695736+02:00
307431398,de:12063:900210001:2:51,0.0,2026-10-02T01:01:04.695736+02:00
307437626,de:12053:900360000:3:54,0.0,2026-10-02T01:01:04.695736+02:00
307437626,de:12067:900311233:1:50,0.0,2026-10-02T01:01:04.695736+02:00
307437626,de:12067:900311232:1:50,0.0,2026-10-02T01:01:04.695736+02:00
307437626,de:12067:900311620:1:50,0.0,2026-10-02T01:01:04.695736+02:00
307437626,de:12067:900311631:1:50,0.0,2026-10-02T01:01:04.695736+02:00
307437626,de:12067:900311307:1:50,0.0,2026-10-02T01:01:04.695736+02:00
307437626,de:12067:900310601:1:50,0.0,2026-10-02T01:01:04.695736+02:00
307437626,de:12067:900311612:1:51,0.0,2026-10-02T01:01:04.695736+02:00
307437626,de:12067:900311250:2:51,0.0,2026-10-02T01:01:04.695736+02:00
307437626,de:12071:900445593:1:50,0.0,2026-10-02T01:01:04.695736+02:00
307437626,de:12071:900445801:2:51,0.0,2026-10-02T01:01:04.695736+02:00
307437626,de:12071:900445751:2:51,0.0,2026-10-02T01:01:04.695736+02:00
307437626,de:12071:900445750:2:51,0.0,2026-10-02T01:01:04.695736+02:00
307437626,de:12071:900446103:1:50,0.0,2026-10-02T01:01:04.695736+02:00
307437626,de:12071:900446411:1:50,0.0,2026-10-02T01:01:04.695736+02:00
307437626,de:12052:900470307:1:50,0.0,2026-10-02T01:01:04.695736+02:00
307437626,de:12052:900470163:1:50,0.0,2026-10-02T01:01:04.695736+02:00
307437626,de:12052:900470001:1:50,0.0,2026-10-02T01:01:04.695736+02:00
307437626,de:12052:900470000:6:59,0.0,2026-10-02T01:01:04.695736+02:00
307437626,de:12071:900445885:1:50,0.0,2026-10-02T01:01:04.695736+02:00
307437626,de:12066:900435459:2:51,0.0,2026-10-02T01:01:04.695736+02:00
307437626,de:12066:900435527:1:50,0.0,2026-10-02T01:01:04.695736+02:00
307437626,de:12062:900415005:2:51,0.0,2026-10-02T01:01:04.695736+02:00
307437626,de:12062:900415112:3:52,0.0,2026-10-02T01:01:04.695736+02:00
307437626,de:12062:900415466:2:51,0.0,2026-10-02T01:01:04.695736+02:00
307437626,de:12062:900415357:2:51,0.0,2026-10-02T01:01:04.695736+02:00
307435502,de:11000:900003200:1:50,0.0,2026-10-02T01:01:04.695736+02:00
307435502,de:11000:900100020:1:50,0.0,2026-10-02T01:01:04.695736+02:00
307435502,de:11000:900058101:2:52,0.0,2026-10-02T01:01:04.695736+02:00
307435502,de:12061:900260009:2:54,0.0,2026-10-02T01:01:04.695736+02:00
307440221,de:12065:900200004:1:50,0.0,2026-10-02T01:01:04.695736+02:00
307440221,de:12065:900200000:1:51,0.0,2026-10-02T01:01:04.695736+02:00
307430414,de:12063:900210005:2:53,0.0,2026-10-02T01:01:04.695736+02:00
307430414,de:12063:900210326:2:51,0.0,2026-10-02T01:01:04.695736+02:00
307430414,de:12063:900210011:2:51,0.0,2026-10-02T01:01:04.695736+02:00
307430414,de:12063:900210010:2:51,0.0,2026-10-02T01:01:04.695736+02:00
307430414,de:12063:900210180:2:51,0.0,2026-10-02T01:01:04.695736+02:00
307430414,de:11000:900037168:2:51,0.0,2026-10-02T01:01:04.695736+02:00
307430414,de:11000:900029101:3:54,0.0,2026-10-02T01:01:04.695736+02:00
306897198,de:12067:900311565::2,0.0,2026-10-02T01:01:04.695736+02:00
306897198,de:12067:900311400::1,0.0,2026-10-02T01:01:04.695736+02:00
306897198,de:12067:900311513::2,0.0,2026-10-02T01:01:04.695736+02:00
306897197,de:12067:900311565::2,0.0,2026-10-02T01:01:04.695736+02:00
306897197,de:12067:900311400::1,0.0,2026-10-02T01:01:04.695736+02:00
306897197,de:12067:900311513::2,0.0,2026-10-02T01:01:04.695736+02:00
307430325,de:11000:900160004:4:56,0.0,2026-10-02T01:01:04.695736+02:00
307430325,de:11000:900120003:4:56,0.0,2026-10-02T01:01:04.695736+02:00
307430325,de:12061:900260009:2:53,0.0,2026-10-02T01:01:04.695736+02:00
306896218,de:12067:900310013::5,0.0,2026-10-02T01:01:04.695736+02:00
306896218,de:12067:900310563::3,0.0,2026-10-02T01:01:04.695736+02:00
306896218,de:12067:900310563::4,0.0,2026-10-02T01:01:04.695736+02:00
306896218,de:12067:900310557::3,0.0,2026-10-02T01:01:04.695736+02:00
306896218,de:12067:900310555::1,0.0,2026-10-02T01:01:04.695736+02:00
306896218,de:12067:900311114::1,0.0,2026-10-02T01:01:04.695736+02:00
306896218,de:12067:900311023::1,0.0,2026-10-02T01:01:04.695736+02:00
306896218,de:12067:900311024::1,-0.5,2026-10-02T01:01:04.695736+02:00
306896218,de:12067:900311025::1,0.0,2026-10-02T01:01:04.695736+02:00
306896218,de:12067:900310636::1,0.0,2026-10-02T01:01:04.695736+02:00
306896218,de:12067:900310635::1,0.0,2026-10-02T01:01:04.695736+02:00
306896218,de:12067:900311022::1,0.0,2026-10-02T01:01:04.695736+02:00
306896218,de:12067:900311021::1,0.0,2026-10-02T01:01:04.695736+02:00
306896218,de:12067:900310964::1,0.0,2026-10-02T01:01:04.695736+02:00
306896218,de:12067:900311035::1,0.0,2026-10-02T01:01:04.695736+02:00
306896218,de:12067:900311034::1,0.0,2026-10-02T01:01:04.695736+02:00
306896218,de:12067:900311039::1,0.0,2026-10-02T01:01:04.695736+02:00
295892955,de:12060:900350160:1:50,0.0,2026-10-02T01:01:04.695736+02:00
295892955,de:12060:900350161:1:50,-0.3,2026-10-02T01:01:04.695736+02:00
295892955,de:12060:900350163:1:50,-0.1,2026-10-02T01:01:04.695736+02:00
295892955,de:12060:900350162:1:50,-0.8,2026-10-02T01:01:04.695736+02:00
295892955,de:11000:900135001:1:50,-0.3,2026-10-02T01:01:04.695736+02:00
295892955,de:11000:900143001:1:51,-0.8,2026-10-02T01:01:04.695736+02:00
295892955,de:11000:900142001:1:51,-0.3,2026-10-02T01:01:04.695736+02:00
295892955,de:11000:900130001:1:51,-0.8,2026-10-02T01:01:04.695736+02:00
295892955,de:11000:900130002:1:51,-0.3,2026-10-02T01:01:04.695736+02:00
295892955,de:11000:900110011:1:51,-0.7,2026-10-02T01:01:04.695736+02:00
295892955,de:11000:900007102:1:50,-0.7,2026-10-02T01:01:04.695736+02:00
295892955,de:11000:900008101:1:50,-0.5,2026-10-02T01:01:04.695736+02:00
295892955,de:11000:900007104:1:51,-0.2,2026-10-02T01:01:04.695736+02:00
295892955,de:11000:900100007:1:50,-0.2,2026-10-02T01:01:04.695736+02:00
295892955,de:11000:900100001:4:56,0.0,2026-10-02T01:01:04.695736+02:00
295892955,de:11000:900100025:1:50,-0.9,2026-10-02T01:01:04.695736+02:00
295892955,de:11000:900100020:3:55,-0.9,2026-10-02T01:01:04.695736+02:00
295892955,de:11000:900012101:1:51,0.0,2026-10-02T01:01:04.695736+02:00
295892955,de:11000:900058103:1:50,-0.8,2026-10-02T01:01:04.695736+02:00
295892955,de:11000:900058101:1:50,-0.4,2026-10-02T01:01:04.695736+02:00
295892955,de:11000:900058102:1:50,-0.4,2026-10-02T01:01:04.695736+02:00
295892955,de:11000:900068301:1:50,-0.7,2026-10-02T01:01:04.695736+02:00
295892955,de:11000:900073101:1:50,-0.9,2026-10-02T01:01:04.695736+02:00
295892955,de:11000:900072101:1:50,-0.2,2026-10-02T01:01:04.695736+02:00
295892955,de:11000:900074202:1:50,-0.2,2026-10-02T01:01:04.695736+02:00
295892955,de:11000:900074201:1:50,-0.4,2026-10-02T01:01:04.695736+02:00
295892955,de:12072:900245028:1:51,-0.9,2026-10-02T01:01:04.695736+02:00
295892955,de:12072:900245027:2:52,-0.9,2026-10-02T01:01:04.695736+02:00
295893091,de:12072:900245027:2:52,0.0,2026-10-02T01:01:04.695736+02:00
295893091,de:12072:900245028:1:50,-0.9,2026-10-02T01:01:04.695736+02:00
295893091,de:11000:900074201:1:50,-0.9,2026-10-02T01:01:04.695736+02:00
295893091,de:11000:900074202:2:51,-0.1,2026-10-02T01:01:04.695736+02:00
295893091,de:11000:900072101:2:51,-0.1,2026-10-02T01:01:04.695736+02:00
295893091,de:11000:900073101:1:51,-0.4,2026-10-02T01:01:04.695736+02:00
295893091,de:11000:900068301:1:51,-0.7,2026-10-02T01:01:04.695736+02:00
295893091,de:11000:900058102:2:51,-0.7,2026-10-02T01:01:04.695736+02:00
295893091,de:11000:900058101:1:51,-0.3,2026-10-02T01:01:04.695736+02:00
295893091,de:11000:900058103:1:51,-0.1,2026-10-02T01:01:04.695736+02:00
295893091,de:11000:900012101:2:53,-0.7,2026-10-02T01:01:04.695736+02:00
295893091,de:11000:900100020:4:57,-0.8,2026-10-02T01:01:04.695736+02:00
295893091,de:11000:900100025:1:51,-0.9,2026-10-02T01:01:04.695736+02:00
295893091,de:11000:900100001:4:57,-0.6,2026-10-02T01:01:04.695736+02:00
295893091,de:11000:900100007:1:51,-0.7,2026-10-02T01:01:04.695736+02:00
295893091,de:11000:900007104:2:52,-0.7,2026-10-02T01:01:04.695736+02:00
295893091,de:11000:900008101:1:51,-0.4,2026-10-02T01:01:04.695736+02:00
295893091,de:11000:900007102:2:53,-0.1,2026-10-02T01:01:04.695736+02:00
295893091,de:11000:900110011:2:52,-0.4,2026-10-02T01:01:04.695736+02:00
295893091,de:11000:900130002:1:50,-0.7,2026-10-02T01:01:04.695736+02:00
295893091,de:11000:900130001:1:50,-0.4,2026-10-02T01:01:04.695736+02:00
295893091,de:11000:900142001:1:50,-0.9,2026-10-02T01:01:04.695736+02:00
295893091,de:11000:900143001:1:51,-0.7,2026-10-02T01:01:04.695736+02:00
295893091,de:11000:900135001:1:50,-0.4,2026-10-02T01:01:04.695736+02:00
295893091,de:12060:900350162:1:50,0.0,2026-10-02T01:01:04.695736+02:00
295893091,de:12060:900350163:1:51,-0.4,2026-10-02T01:01:04.695736+02:00
295893091,de:12060:900350161:1:50,-0.7,2026-10-02T01:01:04.695736+02:00
295893091,de:12060:900350160:1:51,-0.4,2026-10-02T01:01:04.695736+02:00
295892989,de:12060:900350160:1:51,0.0,2026-10-02T01:01:04.695736+02:00
295892989,de:12060:900350161:1:50,-0.3,2026-10-02T01:01:04.695736+02:00
295892989,de:12060:900350163:1:50,-0.1,2026-10-02T01:01:04.695736+02:00
295892989,de:12060:900350162:1:50,-0.8,2026-10-02T01:01:04.695736+02:00
295892989,de:11000:900135001:1:50,-0.3,2026-10-02T01:01:04.695736+02:00
295892989,de:11000:900143001:1:51,-0.8,2026-10-02T01:01:04.695736+02:00
295892989,de:11000:900142001:1:51,-0.3,2026-10-02T01:01:04.695736+02:00
295892989,de:11000:900130001:1:51,-0.8,2026-10-02T01:01:04.695736+02:00
295892989,de:11000:900130002:1:51,-0.3,2026-10-02T01:01:04.695736+02:00
295892989,de:11000:900110011:1:51,-0.7,2026-10-02T01:01:04.695736+02:00
295892989,de:11000:900007102:1:50,-0.7,2026-10-02T01:01:04.695736+02:00
295892989,de:11000:900008101:1:50,-0.5,2026-10-02T01:01:04.695736+02:00
295892989,de:11000:900007104:1:51,-0.2,2026-10-02T01:01:04.695736+02:00
295892989,de:11000:900100007:1:50,-0.2,2026-10-02T01:01:04.695736+02:00
295892989,de:11000:900100001:4:56,0.0,2026-10-02T01:01:04.695736+02:00
295892989,de:11000:900100025:1:50,-0.9,2026-10-02T01:01:04.695736+02:00
295892989,de:11000:900100020:3:54,-0.9,2026-10-02T01:01:04.695736+02:00
295892989,de:11000:900012101:1:51,0.0,2026-10-02T01:01:04.695736+02:00
295892989,de:11000:900058103:1:50,-0.8,2026-10-02T01:01:04.695736+02:00
295892989,de:11000:900058101:1:50,-0.4,2026-10-02T01:01:04.695736+02:00
295892989,de:11000:900058102:1:50,-0.4,2026-10-02T01:01:04.695736+02:00
295892989,de:11000:900068301:1:50,-0.7,2026-10-02T01:01:04.695736+02:00
295892989,de:11000:900073101:1:50,-0.9,2026-10-02T01:01:04.695736+02:00
295892989,de:11000:900072101:1:50,-0.2,2026-10-02T01:01:04.695736+02:00
295892989,de:11000:900074202:1:50,-0.2,2026-10-02T01:01:04.695736+02:00
295892989,de:11000:900074201:1:50,-0.4,2026-10-02T01:01:04.695736+02:00
295892989,de:12072:900245028:1:51,-0.9,2026-10-02T01:01:04.695736+02:00
295892989,de:12072:900245027:2:52,-0.9,2026-10-02T01:01:04.695736+02:00
295892975,de:12060:900350160:1:51,0.0,2026-10-02T01:01:04.695736+02:00
295892975,de:12060:900350161:1:50,-0.3,2026-10-02T01:01:04.695736+02:00
295892975,de:12060:900350163:1:50,-0.1,2026-10-02T01:01:04.695736+02:00
295892975,de:12060:900350162:1:50,-0.8,2026-10-02T01:01:04.695736+02:00
295892975,de:11000:900135001:1:50,-0.3,2026-10-02T01:01:04.695736+02:00
295892975,de:11000:900143001:1:51,-0.8,2026-10-02T01:01:04.695736+02:00
295892975,de:11000:900142001:1:51,-0.3,2026-10-02T01:01:04.695736+02:00
295892975,de:11000:900130001:1:51,-0.8,2026-10-02T01:01:04.695736+02:00
295892975,de:11000:900130002:1:51,-0.3,2026-10-02T01:01:04.695736+02:00
295892975,de:11000:900110011:1:51,-0.7,2026-10-02T01:01:04.695736+02:00
295892975,de:11000:900007102:1:50,-0.7,2026-10-02T01:01:04.695736+02:00
295892975,de:11000:900008101:1:50,-0.5,2026-10-02T01:01:04.695736+02:00
295892975,de:11000:900007104:1:51,-0.2,2026-10-02T01:01:04.695736+02:00
295892975,de:11000:900100007:1:50,-0.2,2026-10-02T01:01:04.695736+02:00
295892975,de:11000:900100001:4:56,0.0,2026-10-02T01:01:04.695736+02:00
295892975,de:11000:900100025:1:50,-0.9,2026-10-02T01:01:04.695736+02:00
295892975,de:11000:900100020:3:54,-0.9,2026-10-02T01:01:04.695736+02:00
295892975,de:11000:900012101:1:51,0.0,2026-10-02T01:01:04.695736+02:00
295892975,de:11000:900058103:1:50,-0.8,2026-10-02T01:01:04.695736+02:00
295892975,de:11000:900058101:1:50,-0.4,2026-10-02T01:01:04.695736+02:00
295892975,de:11000:900058102:1:50,-0.4,2026-10-02T01:01:04.695736+02:00
295892975,de:11000:900068301:1:50,-0.7,2026-10-02T01:01:04.695736+02:00
295892975,de:11000:900073101:1:50,-0.9,2026-10-02T01:01:04.695736+02:00
295892975,de:11000:900072101:1:50,-0.2,2026-10-02T01:01:04.695736+02:00
295892975,de:11000:900074202:1:50,-0.2,2026-10-02T01:01:04.695736+02:00
295892975,de:11000:900074201:1:50,-0.4,2026-10-02T01:01:04.695736+02:00
295892975,de:12072:900245028:1:51,-0.9,2026-10-02T01:01:04.695736+02:00
295892975,de:12072:900245027:2:52,-0.9,2026-10-02T01:01:04.695736+02:00
307430061,de:12061:900260009:2:54,0.0,2026-10-02T01:01:04.695736+02:00
307430061,de:11000:900058101:4:57,0.0,2026-10-02T01:01:04.695736+02:00
307430061,de:11000:900100020:2:53,0.0,2026-10-02T01:01:04.695736+02:00
307430061,de:11000:900003200:4:57,0.0,2026-10-02T01:01:04.695736+02:00
295900357,de:12069:900220114:1:51,0.0,2026-10-02T01:01:04.695736+02:00
295900357,de:11000:900064201:1:51,-0.1,2026-10-02T01:01:04.695736+02:00
295900357,de:11000:900064256:1:51,0.0,2026-10-02T01:01:04.695736+02:00
295900357,de:11000:900064301:3:53,-0.3,2026-10-02T01:01:04.695736+02:00
295900357,de:11000:900067221:1:50,-0.3,2026-10-02T01:01:04.695736+02:00
295900357,de:11000:900063452:1:51,-0.4,2026-10-02T01:01:04.695736+02:00
295900357,de:11000:900058102:2:53,-0.5,2026-10-02T01:01:04.695736+02:00
295900357,de:11000:900058101:1:51,-0.3,2026-10-02T01:01:04.695736+02:00
295900357,de:11000:900058103:1:51,0.0,2026-10-02T01:01:04.695736+02:00
295900357,de:11000:900012101:2:53,-0.7,2026-10-02T01:01:04.695736+02:00
295900357,de:11000:900100020:4:57,-0.8,2026-10-02T01:01:04.695736+02:00
295900357,de:11000:900100025:1:51,-0.9,2026-10-02T01:01:04.695736+02:00
295900357,de:11000:900100001:4:57,-0.6,2026-10-02T01:01:04.695736+02:00
295900357,de:11000:900100007:1:51,-0.7,2026-10-02T01:01:04.695736+02:00
295900357,de:11000:900007104:2:52,-0.7,2026-10-02T01:01:04.695736+02:00
295900357,de:11000:900008101:1:51,-0.4,2026-10-02T01:01:04.695736+02:00
295900357,de:11000:900007102:2:53,-0.2,2026-10-02T01:01:04.695736+02:00
295900357,de:11000:900110011:2:53,-0.4,2026-10-02T01:01:04.695736+02:00
295900357,de:11000:900085201:1:50,-0.8,2026-10-02T01:01:04.695736+02:00
295900357,de:11000:900085105:1:50,-0.8,2026-10-02T01:01:04.695736+02:00
295900357,de:11000:900096458:1:50,-0.1,2026-10-02T01:01:04.695736+02:00
295900357,de:11000:900096405:1:50,-0.8,2026-10-02T01:01:04.695736+02:00
295900357,de:11000:900089303:1:50,-0.7,2026-10-02T01:01:04.695736+02:00
295900357,de:11000:900091205:1:50,-0.3,2026-10-02T01:01:04.695736+02:00
295900357,de:11000:900091203:1:50,-0.5,2026-10-02T01:01:04.695736+02:00
295900357,de:12065:900200000:1:55,-0.7,2026-10-02T01:01:04.695736+02:00
295900265,de:12065:900200000:1:55,0.0,2026-10-02T01:01:04.695736+02:00
295900265,de:11000:900091203:1:50,0.0,2026-10-02T01:01:04.695736+02:00
295900265,de:11000:900091205:1:50,-0.2,2026-10-02T01:01:04.695736+02:00
295900265,de:11000:900089303:1:51,-0.5,2026-10-02T01:01:04.695736+02:00
295900265,de:11000:900096405:1:50,-0.8,2026-10-02T01:01:04.695736+02:00
295900265,de:11000:900096458:1:50,-0.5,2026-10-02T01:01:04.695736+02:00
295900265,de:11000:900085105:1:50,-0.8,2026-10-02T01:01:04.695736+02:00
295900265,de:11000:900085201:1:51,0.0,2026-10-02T01:01:04.695736+02:00
295900265,de:11000:900130003:1:51,-0.8,2026-10-02T01:01:04.695736+02:00
295900265,de:11000:900110011:1:50,-0.9,2026-10-02T01:01:04.695736+02:00
295900265,de:11000:900007102:1:50,-0.7,2026-10-02T01:01:04.695736+02:00
295900265,de:11000:900008101:1:50,-0.4,2026-10-02T01:01:04.695736+02:00
295900265,de:11000:900007104:1:51,-0.2,2026-10-02T01:01:04.695736+02:00
295900265,de:11000:900100007:1:50,-0.2,2026-10-02T01:01:04.695736+02:00
295900265,de:11000:900100001:4:56,0.0,2026-10-02T01:01:04.695736+02:00
295900265,de:11000:900100025:1:50,-0.9,2026-10-02T01:01:04.695736+02:00
295900265,de:11000:900100020:3:54,-0.9,2026-10-02T01:01:04.695736+02:00
295900265,de:11000:900012101:1:51,0.0,2026-10-02T01:01:04.695736+02:00
295900265,de:11000:900058103:1:50,-0.7,2026-10-02T01:01:04.695736+02:00
295900265,de:11000:900058101:1:50,-0.3,2026-10-02T01:01:04.695736+02:00
295900265,de:11000:900058102:1:52,0.0,2026-10-02T01:01:04.695736+02:00
295900265,de:11000:900063452:1:50,-0.1,2026-10-02T01:01:04.695736+02:00
295900265,de:11000:900067221:1:50,-0.2,2026-10-02T01:01:04.695736+02:00
295900265,de:11000:900064301:3:52,-0.2,2026-10-02T01:01:04.695736+02:00
295900265,de:11000:900064256:1:50,-0.7,2026-10-02T01:01:04.695736+02:00
295900265,de:11000:900064201:1:50,-0.6,2026-10-02T01:01:04.695736+02:00
295900265,de:12069:900220114:1:51,-0.9,2026-10-02T01:01:04.695736+02:00
295900393,de:12069:900220114:1:51,0.0,2026-10-02T01:01:04.695736+02:00
295900393,de:11000:900064201:1:51,-0.1,2026-10-02T01:01:04.695736+02:00
295900393,de:11000:900064256:1:51,0.0,2026-10-02T01:01:04.695736+02:00
295900393,de:11000:900064301:3:53,-0.3,2026-10-02T01:01:04.695736+02:00
295900393,de:11000:900067221:1:50,-0.3,2026-10-02T01:01:04.695736+02:00
295900393,de:11000:900063452:1:51,-0.4,2026-10-02T01:01:04.695736+02:00
295900393,de:11000:900058102:2:53,-0.5,2026-10-02T01:01:04.695736+02:00
295900393,de:11000:900058101:1:51,-0.3,2026-10-02T01:01:04.695736+02:00
295900393,de:11000:900058103:1:51,0.0,2026-10-02T01:01:04.695736+02:00
295900393,de:11000:900012101:2:53,-0.7,2026-10-02T01:01:04.695736+02:00
295900393,de:11000:900100020:4:57,-0.8,2026-10-02T01:01:04.695736+02:00
295900393,de:11000:900100025:1:51,-0.9,2026-10-02T01:01:04.695736+02:00
295900393,de:11000:900100001:4:57,-0.6,2026-10-02T01:01:04.695736+02:00
295900393,de:11000:900100007:1:51,-0.7,2026-10-02T01:01:04.695736+02:00
295900393,de:11000:900007104:2:52,-0.7,2026-10-02T01:01:04.695736+02:00
295900393,de:11000:900008101:1:51,-0.4,2026-10-02T01:01:04.695736+02:00
295900393,de:11000:900007102:2:53,-0.2,2026-10-02T01:01:04.695736+02:00
295900393,de:11000:900110011:2:53,-0.4,2026-10-02T01:01:04.695736+02:00
295900393,de:11000:900085201:1:50,-0.8,2026-10-02T01:01:04.695736+02:00
295900393,de:11000:900085105:1:50,-0.8,2026-10-02T01:01:04.695736+02:00
295900393,de:11000:900096458:1:50,-0.1,2026-10-02T01:01:04.695736+02:00
295900393,de:11000:900096405:1:50,-0.8,2026-10-02T01:01:04.695736+02:00
295900393,de:11000:900089303:1:50,-0.7,2026-10-02T01:01:04.695736+02:00
295900393,de:11000:900091205:1:50,-0.3,2026-10-02T01:01:04.695736+02:00
295900393,de:11000:900091203:1:50,-0.5,2026-10-02T01:01:04.695736+02:00
295900393,de:12065:900200000:4:54,-0.7,2026-10-02T01:01:04.695736+02:00
295900256,de:12065:900200000:1:55,0.0,2026-10-02T01:01:04.695736+02:00
295900256,de:11000:900091203:1:50,0.0,2026-10-02T01:01:04.695736+02:00
295900256,de:11000:900091205:1:50,-0.2,2026-10-02T01:01:04.695736+02:00
295900256,de:11000:900089303:1:51,-0.5,2026-10-02T01:01:04.695736+02:00
295900256,de:11000:900096405:1:50,-0.8,2026-10-02T01:01:04.695736+02:00
295900256,de:11000:900096458:1:50,-0.5,2026-10-02T01:01:04.695736+02:00
295900256,de:11000:900085105:1:50,-0.8,2026-10-02T01:01:04.695736+02:00
295900256,de:11000:900085201:1:51,0.0,2026-10-02T01:01:04.695736+02:00
295900256,de:11000:900130003:1:51,-0.8,2026-10-02T01:01:04.695736+02:00
295900256,de:11000:900110011:1:50,-0.9,2026-10-02T01:01:04.695736+02:00
295900256,de:11000:900007102:1:50,-0.7,2026-10-02T01:01:04.695736+02:00
295900256,de:11000:900008101:1:50,-0.4,2026-10-02T01:01:04.695736+02:00
295900256,de:11000:900007104:1:51,-0.2,2026-10-02T01:01:04.695736+02:00
295900256,de:11000:900100007:1:50,-0.2,2026-10-02T01:01:04.695736+02:00
295900256,de:11000:900100001:4:56,0.0,2026-10-02T01:01:04.695736+02:00
295900256,de:11000:900100025:1:50,-0.9,2026-10-02T01:01:04.695736+02:00
295900256,de:11000:900100020:3:54,-0.9,2026-10-02T01:01:04.695736+02:00
295900256,de:11000:900012101:1:51,0.0,2026-10-02T01:01:04.695736+02:00
295900256,de:11000:900058103:1:50,-0.7,2026-10-02T01:01:04.695736+02:00
295900256,de:11000:900058101:1:50,-0.3,2026-10-02T01:01:04.695736+02:00
295900256,de:11000:900058102:1:52,0.0,2026-10-02T01:01:04.695736+02:00
295900256,de:11000:900063452:1:50,-0.1,2026-10-02T01:01:04.695736+02:00
295900256,de:11000:900067221:1:50,-0.2,2026-10-02T01:01:04.695736+02:00
295900256,de:11000:900064301:3:52,-0.2,2026-10-02T01:01:04.695736+02:00
295900256,de:11000:900064256:1:50,-0.7,2026-10-02T01:01:04.695736+02:00
295900256,de:11000:900064201:1:50,-0.6,2026-10-02T01:01:04.695736+02:00
295900256,de:12069:900220114:1:51,-0.9,2026-10-02T01:01:04.695736+02:00
295900384,de:12069:900220114:1:51,0.0,2026-10-02T01:01:04.695736+02:00
295900384,de:11000:900064201:1:51,-0.1,2026-10-02T01:01:04.695736+02:00
295900384,de:11000:900064256:1:51,0.0,2026-10-02T01:01:04.695736+02:00
295900384,de:11000:900064301:3:53,-0.3,2026-10-02T01:01:04.695736+02:00
295900384,de:11000:900067221:1:50,-0.3,2026-10-02T01:01:04.695736+02:00
295900384,de:11000:900063452:1:51,-0.4,2026-10-02T01:01:04.695736+02:00
295900384,de:11000:900058102:2:53,-0.5,2026-10-02T01:01:04.695736+02:00
295900384,de:11000:900058101:1:51,-0.3,2026-10-02T01:01:04.695736+02:00
295900384,de:11000:900058103:1:51,0.0,2026-10-02T01:01:04.695736+02:00
295900384,de:11000:900012101:2:53,-0.7,2026-10-02T01:01:04.695736+02:00
295900384,de:11000:900100020:4:57,-0.8,2026-10-02T01:01:04.695736+02:00
295900384,de:11000:900100025:1:51,-0.9,2026-10-02T01:01:04.695736+02:00
295900384,de:11000:900100001:4:57,-0.6,2026-10-02T01:01:04.695736+02:00
295900384,de:11000:900100007:1:51,-0.7,2026-10-02T01:01:04.695736+02:00
295900384,de:11000:900007104:2:52,-0.7,2026-10-02T01:01:04.695736+02:00
295900384,de:11000:900008101:1:51,-0.4,2026-10-02T01:01:04.695736+02:00
295900384,de:11000:900007102:2:53,-0.2,2026-10-02T01:01:04.695736+02:00
295900384,de:11000:900110011:2:53,-0.4,2026-10-02T01:01:04.695736+02:00
295900384,de:11000:900085201:1:50,-0.8,2026-10-02T01:01:04.695736+02:00
295900384,de:11000:900085105:1:50,-0.8,2026-10-02T01:01:04.695736+02:00
295900384,de:11000:900096458:1:50,-0.1,2026-10-02T01:01:04.695736+02:00
295900384,de:11000:900096405:1:50,-0.8,2026-10-02T01:01:04.695736+02:00
295900384,de:11000:900089303:1:50,-0.7,2026-10-02T01:01:04.695736+02:00
295900384,de:11000:900091205:1:50,-0.3,2026-10-02T01:01:04.695736+02:00
295900384,de:11000:900091203:1:50,-0.5,2026-10-02T01:01:04.695736+02:00
295900384,de:12065:900200000:4:54,-0.7,2026-10-02T01:01:04.695736+02:00
295896177,de:11000:900074201:1:50,0.0,2026-10-02T01:01:04.695736+02:00
295896177,de:11000:900074202:2:51,-0.1,2026-10-02T01:01:04.695736+02:00
295896177,de:11000:900072101:2:51,-0.1,2026-10-02T01:01:04.695736+02:00
295896177,de:11000:900073101:1:51,-0.4,2026-10-02T01:01:04.695736+02:00
295896177,de:11000:900068301:1:51,-0.7,2026-10-02T01:01:04.695736+02:00
295896177,de:11000:900058102:2:51,-0.7,2026-10-02T01:01:04.695736+02:00
295896177,de:11000:900058101:1:51,-0.3,2026-10-02T01:01:04.695736+02:00
295896177,de:11000:900058103:1:51,-0.1,2026-10-02T01:01:04.695736+02:00
295896177,de:11000:900012101:2:53,-0.7,2026-10-02T01:01:04.695736+02:00
295896177,de:11000:900100020:4:57,-0.8,2026-10-02T01:01:04.695736+02:00
295896177,de:11000:900100025:1:51,-0.9,2026-10-02T01:01:04.695736+02:00
295896177,de:11000:900100001:4:57,-0.6,2026-10-02T01:01:04.695736+02:00
295896177,de:11000:900100007:1:51,-0.7,2026-10-02T01:01:04.695736+02:00
295896177,de:11000:900007104:2:52,-0.7,2026-10-02T01:01:04.695736+02:00
295896177,de:11000:900008101:1:51,-0.4,2026-10-02T01:01:04.695736+02:00
295896177,de:11000:900007102:2:53,-0.1,2026-10-02T01:01:04.695736+02:00
295896177,de:11000:900110011:2:52,-0.4,2026-10-02T01:01:04.695736+02:00
295896177,de:11000:900130002:1:50,-0.7,2026-10-02T01:01:04.695736+02:00
295896177,de:11000:900130001:1:50,-0.4,2026-10-02T01:01:04.695736+02:00
295896177,de:11000:900142001:1:50,-0.9,2026-10-02T01:01:04.695736+02:00
295896177,de:11000:900143001:1:51,-0.7,2026-10-02T01:01:04.695736+02:00
295896177,de:11000:900135001:1:50,-0.4,2026-10-02T01:01:04.695736+02:00
295896055,de:11000:900135001:1:50,0.0,2026-10-02T01:01:04.695736+02:00
295896055,de:11000:900143001:1:51,-0.8,2026-10-02T01:01:04.695736+02:00
295896055,de:11000:900142001:1:51,-0.3,2026-10-02T01:01:04.695736+02:00
295896055,de:11000:900130001:1:51,-0.8,2026-10-02T01:01:04.695736+02:00
295896055,de:11000:900130002:1:51,-0.3,2026-10-02T01:01:04.695736+02:00
295896055,de:11000:900110011:1:51,-0.7,2026-10-02T01:01:04.695736+02:00
295896055,de:11000:900007102:1:50,-0.7,2026-10-02T01:01:04.695736+02:00
295896055,de:11000:900008101:1:50,-0.5,2026-10-02T01:01:04.695736+02:00
295896055,de:11000:900007104:1:51,-0.2,2026-10-02T01:01:04.695736+02:00
295896055,de:11000:900100007:1:50,-0.2,2026-10-02T01:01:04.695736+02:00
295896055,de:11000:900100001:4:56,0.0,2026-10-02T01:01:04.695736+02:00
295896055,de:11000:900100025:1:50,-0.9,2026-10-02T01:01:04.695736+02:00
295896055,de:11000:900100020:3:54,-0.9,2026-10-02T01:01:04.695736+02:00
295896055,de:11000:900012101:1:51,0.0,2026-10-02T01:01:04.695736+02:00
295896055,de:11000:900058103:1:50,-0.8,2026-10-02T01:01:04.695736+02:00
295896055,de:11000:900058101:1:50,-0.4,2026-10-02T01:01:04.695736+02:00
295896055,de:11000:900058102:1:50,-0.4,2026-10-02T01:01:04.695736+02:00
295896055,de:11000:900068301:1:50,-0.7,2026-10-02T01:01:04.695736+02:00
295896055,de:11000:900073101:1:50,-0.9,2026-10-02T01:01:04.695736+02:00
295896055,de:11000:900072101:1:50,-0.2,2026-10-02T01:01:04.695736+02:00
295896055,de:11000:900074202:1:50,-0.2,2026-10-02T01:01:04.695736+02:00
295896055,de:11000:900074201:1:50,-0.4,2026-10-02T01:01:04.695736+02:00
295903153,de:12069:900220114:1:50,0.0,2026-10-02T01:01:04.695736+02:00
295903153,de:11000:900064201:1:51,-0.1,2026-10-02T01:01:04.695736+02:00
295903153,de:11000:900064256:1:51,0.0,2026-10-02T01:01:04.695736+02:00
295903153,de:11000:900064301:3:53,-0.3,2026-10-02T01:01:04.695736+02:00
295903153,de:11000:900067221:1:50,-0.3,2026-10-02T01:01:04.695736+02:00
295903153,de:11000:900063452:1:51,-0.4,2026-10-02T01:01:04.695736+02:00
295903153,de:11000:900058102:2:53,-0.5,2026-10-02T01:01:04.695736+02:00
295903153,de:11000:900058101:1:51,-0.3,2026-10-02T01:01:04.695736+02:00
295903153,de:11000:900058103:1:51,0.0,2026-10-02T01:01:04.695736+02:00
295903153,de:11000:900012101:2:53,-0.7,2026-10-02T01:01:04.695736+02:00
295903153,de:11000:900100020:4:57,-0.8,2026-10-02T01:01:04.695736+02:00
295903153,de:11000:900100025:1:51,-0.9,2026-10-02T01:01:04.695736+02:00
295903153,de:11000:900100001:4:57,-0.6,2026-10-02T01:01:04.695736+02:00
295903153,de:11000:900100007:1:51,-0.7,2026-10-02T01:01:04.695736+02:00
295903153,de:11000:900007104:2:52,-0.7,2026-10-02T01:01:04.695736+02:00
295903153,de:11000:900008101:1:51,-0.4,2026-10-02T01:01:04.695736+02:00
295903153,de:11000:900007102:2:53,-0.2,2026-10-02T01:01:04.695736+02:00
295903153,de:11000:900110011:2:52,-0.4,2026-10-02T01:01:04.695736+02:00
295903153,de:11000:900130002:1:50,0.0,2026-10-02T01:01:04.695736+02:00
295903153,de:11000:900130001:1:50,-0.7,2026-10-02T01:01:04.695736+02:00
295903153,de:11000:900142001:1:50,-0.2,2026-10-02T01:01:04.695736+02:00
306897234,de:12067:900311405::1,0.0,2026-10-02T01:01:04.695736+02:00
306897234,de:12067:900311403::1,0.0,2026-10-02T01:01:04.695736+02:00
306897234,de:12067:900311401::1,0.0,2026-10-02T01:01:04.695736+02:00
306897234,de:12067:900311560::1,0.0,2026-10-02T01:01:04.695736+02:00
306897234,de:12067:900311401::2,0.0,2026-10-02T01:01:04.695736+02:00
306897234,de:12067:900311543::2,0.0,2026-10-02T01:01:04.695736+02:00
306897234,de:12067:900311542::1,0.0,2026-10-02T01:01:04.695736+02:00
306897234,de:12067:900311530::2,0.0,2026-10-02T01:01:04.695736+02:00
306897234,de:12067:900311531::2,0.0,2026-10-02T01:01:04.695736+02:00
306897234,de:12067:900311306::2,0.0,2026-10-02T01:01:04.695736+02:00
306897234,de:12067:900311356::2,0.0,2026-10-02T01:01:04.695736+02:00
306897234,de:12067:900311311::2,0.0,2026-10-02T01:01:04.695736+02:00
306897234,de:12067:900311312::2,0.0,2026-10-02T01:01:04.695736+02:00
306897234,de:12067:900311383::5,0.0,2026-10-02T01:01:04.695736+02:00
306897234,de:12067:900311315::2,0.0,2026-10-02T01:01:04.695736+02:00
306897234,de:12067:900311348::2,0.0,2026-10-02T01:01:04.695736+02:00
306897234,de:12067:900311308::4,0.0,2026-10-02T01:01:04.695736+02:00
295907162,de:12067:900310004:3:53,0.0,2026-10-02T01:01:04.695736+02:00
295907162,de:11000:900183002:1:50,-0.1,2026-10-02T01:01:04.695736+02:00
295907162,de:11000:900183001:1:50,-0.4,2026-10-02T01:01:04.695736+02:00
295907162,de:11000:900182002:1:50,0.0,2026-10-02T01:01:04.695736+02:00
295907162,de:11000:900182001:1:50,-0.2,2026-10-02T01:01:04.695736+02:00
295907162,de:11000:900180001:1:50,-0.7,2026-10-02T01:01:04.695736+02:00
295907162,de:11000:900180002:1:50,-0.7,2026-10-02T01:01:04.695736+02:00
295907162,de:11000:900162001:1:50,-0.9,2026-10-02T01:01:04.695736+02:00
295907162,de:11000:900160002:1:50,0.0,2026-10-02T01:01:04.695736+02:00
295907162,de:11000:900160001:1:50,-0.3,2026-10-02T01:01:04.695736+02:00
295907162,de:11000:900120003:3:55,-0.1,2026-10-02T01:01:04.695736+02:00
295907162,de:11000:900120004:2:53,-0.6,2026-10-02T01:01:04.695736+02:00
295907162,de:11000:900120005:5:58,-0.9,2026-10-02T01:01:04.695736+02:00
295907162,de:11000:900100004:1:51,-0.4,2026-10-02T01:01:04.695736+02:00
295907162,de:11000:900100003:2:53,-0.4,2026-10-02T01:01:04.695736+02:00
295907162,de:11000:900100002:1:51,-0.4,2026-10-02T01:01:04.695736+02:00
295907162,de:11000:900100001:3:55,-0.4,2026-10-02T01:01:04.695736+02:00
295907162,de:11000:900003201:3:55,-0.1,2026-10-02T01:01:04.695736+02:00
295907162,de:11000:900003102:1:51,-0.8,2026-10-02T01:01:04.695736+02:00
295907162,de:11000:900003103:1:51,-0.9,2026-10-02T01:01:04.695736+02:00
295907162,de:11000:900023201:3:55,-0.8,2026-10-02T01:01:04.695736+02:00
295907162,de:11000:900024203:1:51,-0.8,2026-10-02T01:01:04.695736+02:00
295907162,de:11000:900024101:4:57,-0.8,2026-10-02T01:01:04.695736+02:00
295907162,de:11000:900024102:1:50,-0.1,2026-10-02T01:01:04.695736+02:00
295907162,de:11000:900025423:1:50,-0.4,2026-10-02T01:01:04.695736+02:00
295907162,de:11000:900026105:1:50,-0.7,2026-10-02T01:01:04.695736+02:00
295907162,de:11000:900025321:1:50,-0.3,2026-10-02T01:01:04.695736+02:00
295907162,de:11000:900025424:1:50,-0.3,2026-10-02T01:01:04.695736+02:00
295907162,de:11000:900030202:1:50,-0.9,2026-10-02T01:01:04.695736+02:00
295907162,de:11000:900029101:1:50,-0.9,2026-10-02T01:01:04.695736+02:00
307435101,de:12063:900210005:1:50,0.0,2026-10-02T01:01:04.695736+02:00
307435101,de:12063:900210326:2:51,0.0,2026-10-02T01:01:04.695736+02:00
307435101,de:12063:900210011:2:51,0.0,2026-10-02T01:01:04.695736+02:00
307435101,de:12063:900210010:2:51,0.0,2026-10-02T01:01:04.695736+02:00
307435101,de:12063:900210180:2:51,0.0,2026-10-02T01:01:04.695736+02:00
307435101,de:11000:900037168:2:51,0.0,2026-10-02T01:01:04.695736+02:00
307435101,de:11000:900029101:3:54,0.0,2026-10-02T01:01:04.695736+02:00
307435101,de:11000:900007102:4:57,0.0,2026-10-02T01:01:04.695736+02:00
307435101,de:11000:900120003:4:56,0.0,2026-10-02T01:01:04.695736+02:00
307435101,de:11000:900192001:1:50,0.0,2026-10-02T01:01:04.695736+02:00
307444582,de:11000:900003200:1:51,0.0,2026-10-02T01:01:04.695736+02:00
307444582,de:11000:900100020:1:51,0.0,2026-10-02T01:01:04.695736+02:00
307444582,de:11000:900058101:2:53,0.0,2026-10-02T01:01:04.695736+02:00
307444582,de:11000:900064301:1:50,0.0,2026-10-02T01:01:04.695736+02:00
307444582,de:12072:900245029:1:50,0.0,2026-10-02T01:01:04.695736+02:00
307444582,de:12072:900245037:1:50,0.0,2026-10-02T01:01:04.695736+02:00
307444582,de:12072:900245010:1:50,0.0,2026-10-02T01:01:04.695736+02:00
307444582,de:12072:900245016:1:50,0.0,2026-10-02T01:01:04.695736+02:00
307444582,de:12072:900245002:2:52,0.0,2026-10-02T01:01:04.695736+02:00
307444582,de:12072:900245019:2:51,0.0,2026-10-02T01:01:04.695736+02:00
307444582,de:12072:900245303:1:50,0.0,2026-10-02T01:01:04.695736+02:00
307444582,000300838001,0.0,2026-10-02T01:01:04.695736+02:00
307444582,000300839001,0.0,2026-10-02T01:01:04.695736+02:00
307444582,de:12062:900415683:1:50,0.0,2026-10-02T01:01:04.695736+02:00
307444582,de:12062:900415345:1:50,0.0,2026-10-02T01:01:04.695736+02:00
307442800,de:11000:900007102:5:59,0.0,2026-10-02T01:01:04.695736+02:00
307442800,de:12060:900350160:2:53,0.0,2026-10-02T01:01:04.695736+02:00
307442800,de:12060:900350137:1:50,0.0,2026-10-02T01:01:04.695736+02:00
307442800,de:12060:900350127:2:51,0.0,2026-10-02T01:01:04.695736+02:00
307442800,de:12073:900340004:3:54,0.0,2026-10-02T01:01:04.695736+02:00
295911039,de:11000:900162001:1:50,0.0,2026-10-02T01:01:04.695736+02:00
295911039,de:11000:900160002:1:50,-0.7,2026-10-02T01:01:04.695736+02:00
295911039,de:11000:900160001:1:50,0.0,2026-10-02T01:01:04.695736+02:00
295911039,de:11000:900120003:3:55,-0.7,2026-10-02T01:01:04.695736+02:00
295911039,de:11000:900120004:2:53,0.0,2026-10-02T01:01:04.695736+02:00
295911039,de:11000:900120005:4:56,-0.2,2026-10-02T01:01:04.695736+02:00
306895599,de:12067:900310001::2,0.0,2026-10-02T01:01:04.695736+02:00
306895599,de:12067:900310816::1,0.0,2026-10-02T01:01:04.695736+02:00
306895599,de:12067:900310627::1,0.0,2026-10-02T01:01:04.695736+02:00
306895599,de:12067:900310781::1,0.0,2026-10-02T01:01:04.695736+02:00
306895599,de:12067:900310822::1,0.0,2026-10-02T01:01:04.695736+02:00
306895599,de:12067:900310771::1,0.0,2026-10-02T01:01:04.695736+02:00
306895599,de:12067:900310811::1,0.0,2026-10-02T01:01:04.695736+02:00
306895599,de:12067:900310630::1,0.0,2026-10-02T01:01:04.695736+02:00
306895599,de:12067:900310812::1,0.0,2026-10-02T01:01:04.695736+02:00
306895599,de:12067:900310770::1,0.0,2026-10-02T01:01:04.695736+02:00
306895599,de:12067:900310010::3,0.0,2026-10-02T01:01:04.695736+02:00
306895599,de:12067:900310880::1,0.0,2026-10-02T01:01:04.695736+02:00
306895599,de:12067:900310815::1,0.0,2026-10-02T01:01:04.695736+02:00
306895599,de:12067:900310807::1,0.0,2026-10-02T01:01:04.695736+02:00
307440605,de:12065:900200000:1:50,0.0,2026-10-02T01:01:04.695736+02:00
307440605,de:12065:900200004:1:50,0.0,2026-10-02T01:01:04.695736+02:00
307440605,de:12065:900203452:1:50,0.0,2026-10-02T01:01:04.695736+02:00
307440605,de:12065:900203491:1:50,0.0,2026-10-02T01:01:04.695736+02:00
307440605,de:12068:900205512:1:50,0.0,2026-10-02T01:01:04.695736+02:00
307440605,de:12068:900205005:2:51,0.0,2026-10-02T01:01:04.695736+02:00
307440605,de:12068:900205006:2:51,0.0,2026-10-02T01:01:04.695736+02:00
307440605,de:12068:900205617:1:50,0.0,2026-10-02T01:01:04.695736+02:00
307440605,de:12068:900205130:1:50,0.0,2026-10-02T01:01:04.695736+02:00
307440605,de:12068:900205322:1:50,0.0,2026-10-02T01:01:04.695736+02:00
307440605,de:12070:900215723:1:50,0.0,2026-10-02T01:01:04.695736+02:00
307440605,de:12070:900215350:2:51,0.0,2026-10-02T01:01:04.695736+02:00
307440605,de:12070:900215696:1:50,0.0,2026-10-02T01:01:04.695736+02:00
307440605,de:12070:900216013:1:50,0.0,2026-10-02T01:01:04.695736+02:00
307440605,de:12070:900216026:3:53,0.0,2026-10-02T01:01:04.695736+02:00
295909928,de:11000:900120005:4:56,0.0,2026-10-02T01:01:04.695736+02:00
295909928,de:11000:900120004:1:51,-0.1,2026-10-02T01:01:04.695736+02:00
295909928,de:11000:900120003:2:53,-0.4,2026-10-02T01:01:04.695736+02:00
295909928,de:11000:900160001:1:51,-0.4,2026-10-02T01:01:04.695736+02:00
295909928,de:11000:900160002:1:50,-0.7,2026-10-02T01:01:04.695736+02:00
295909928,de:11000:900162001:1:51,-0.3,2026-10-02T01:01:04.695736+02:00
295909928,de:11000:900180002:1:51,-0.3,2026-10-02T01:01:04.695736+02:00
295909928,de:11000:900180001:1:50,-0.7,2026-10-02T01:01:04.695736+02:00
295909928,de:11000:900182001:1:51,-0.2,2026-10-02T01:01:04.695736+02:00
295909928,de:11000:900182002:1:51,-0.4,2026-10-02T01:01:04.695736+02:00
306896333,de:12067:900310013::4,0.0,2026-10-02T01:01:04.695736+02:00
306896333,de:12067:900310557::3,0.0,2026-10-02T01:01:04.695736+02:00
306896333,de:12067:900310555::1,0.0,2026-10-02T01:01:04.695736+02:00
306896333,de:12067:900310852::1,0.0,2026-10-02T01:01:04.695736+02:00
306896333,de:12067:900310850::1,0.0,2026-10-02T01:01:04.695736+02:00
306896333,de:12067:900310851::1,0.0,2026-10-02T01:01:04.695736+02:00
306896333,de:12067:900310849::1,0.0,2026-10-02T01:01:04.695736+02:00
306896333,de:12067:900310856::1,0.0,2026-10-02T01:01:04.695736+02:00
306896333,de:12067:900310844::1,0.0,2026-10-02T01:01:04.695736+02:00
306896333,de:12067:900310855::1,0.0,2026-10-02T01:01:04.695736+02:00
306896333,de:12067:900311970::1,0.0,2026-10-02T01:01:04.695736+02:00
306896333,de:12067:900310853::1,0.0,2026-10-02T01:01:04.695736+02:00
306896333,de:12067:900310845::1,0.0,2026-10-02T01:01:04.695736+02:00
306896333,de:12067:900310857::1,0.0,2026-10-02T01:01:04.695736+02:00
306896333,de:12067:900310854::1,0.0,2026-10-02T01:01:04.695736+02:00
306896333,de:12067:900310846::1,0.0,2026-10-02T01:01:04.695736+02:00
306896333,de:12067:900310847::1,0.0,2026-10-02T01:01:04.695736+02:00
306896333,de:12067:900310890::1,0.0,2026-10-02T01:01:04.695736+02:00
306896333,de:12067:900310889::1,0.0,2026-10-02T01:01:04.695736+02:00
306896333,de:12067:900310882::1,0.0,2026-10-02T01:01:04.695736+02:00
306896333,de:12067:900310920::1,0.0,2026-10-02T01:01:04.695736+02:00
306896333,de:12067:900310883::1,0.0,2026-10-02T01:01:04.695736+02:00
306896333,de:12067:900310885::1,0.0,2026-10-02T01:01:04.695736+02:00
306896333,de:12067:900310881::1,0.0,2026-10-02T01:01:04.695736+02:00
306896333,de:12067:900310888::1,0.0,2026-10-02T01:01:04.695736+02:00
306897033,de:12067:900311383::6,0.0,2026-10-02T01:01:04.695736+02:00
306897033,de:12067:900311300::1,0.0,2026-10-02T01:01:04.695736+02:00
306897033,de:12067:900311328::1,0.0,2026-10-02T01:01:04.695736+02:00
306897033,de:12067:900311330::1,0.0,2026-10-02T01:01:04.695736+02:00
307280589,de:11000:900020202:1:51,0.0,2026-10-02T01:01:04.695736+02:00
307280589,de:11000:900001201:1:51,-0.2,2026-10-02T01:01:04.695736+02:00
307280589,de:11000:900009104:1:51,-0.8,2026-10-02T01:01:04.695736+02:00
307280589,de:11000:900007102:2:52,-0.9,2026-10-02T01:01:04.695736+02:00
307280589,de:11000:900110001:1:50,-0.6,2026-10-02T01:01:04.695736+02:00
307280589,de:11000:900110002:1:50,-0.4,2026-10-02T01:01:04.695736+02:00
307280589,de:11000:900110003:1:50,-0.4,2026-10-02T01:01:04.695736+02:00
307280589,de:11000:900110004:1:50,-0.8,2026-10-02T01:01:04.695736+02:00
307280589,de:11000:900110012:1:50,-0.7,2026-10-02T01:01:04.695736+02:00
307280589,de:11000:900120001:1:50,-0.7,2026-10-02T01:01:04.695736+02:00
307280589,de:11000:900120003:5:58,-0.1,2026-10-02T01:01:04.695736+02:00
307280589,de:11000:900190001:1:50,-0.4,2026-10-02T01:01:04.695736+02:00
307280589,de:11000:900077106:1:50,-0.4,2026-10-02T01:01:04.695736+02:00
307280589,de:11000:900078201:1:50,-0.3,2026-10-02T01:01:04.695736+02:00
307280589,de:11000:900079221:1:50,-0.2,2026-10-02T01:01:04.695736+02:00
307280589,de:11000:900068201:1:50,-0.8,2026-10-02T01:01:04.695736+02:00
307280589,de:11000:900058101:5:58,-0.1,2026-10-02T01:01:04.695736+02:00
307280589,de:11000:900054104:2:52,-0.2,2026-10-02T01:01:04.695736+02:00
307280589,de:11000:900054105:1:50,-0.9,2026-10-02T01:01:04.695736+02:00
307280589,de:11000:900044202:1:50,-0.7,2026-10-02T01:01:04.695736+02:00
307280589,de:11000:900045102:1:50,-0.7,2026-10-02T01:01:04.695736+02:00
307280589,de:11000:900044101:1:50,-0.8,2026-10-02T01:01:04.695736+02:00
307280589,de:11000:900040101:1:50,-0.8,2026-10-02T01:01:04.695736+02:00
307280464,de:11000:900020202:1:50,0.0,2026-10-02T01:01:04.695736+02:00
307280464,de:11000:900001201:1:50,-0.2,2026-10-02T01:01:04.695736+02:00
307280464,de:11000:900009104:1:50,-0.8,2026-10-02T01:01:04.695736+02:00
307280464,de:11000:900007102:2:52,-0.4,2026-10-02T01:01:04.695736+02:00
307280464,de:11000:900110001:1:50,-0.6,2026-10-02T01:01:04.695736+02:00
307280464,de:11000:900110002:1:50,-0.4,2026-10-02T01:01:04.695736+02:00
307280464,de:11000:900110003:1:50,-0.4,2026-10-02T01:01:04.695736+02:00
307280464,de:11000:900110004:1:50,-0.8,2026-10-02T01:01:04.695736+02:00
307280464,de:11000:900110012:1:50,-0.7,2026-10-02T01:01:04.695736+02:00
307280464,de:11000:900120001:1:50,-0.7,2026-10-02T01:01:04.695736+02:00
307280464,de:11000:900120003:5:58,-0.1,2026-10-02T01:01:04.695736+02:00
307280464,de:11000:900190001:1:50,-0.4,2026-10-02T01:01:04.695736+02:00
307280464,de:11000:900077106:1:50,-0.4,2026-10-02T01:01:04.695736+02:00
307280464,de:11000:900078201:1:50,-0.3,2026-10-02T01:01:04.695736+02:00
307280464,de:11000:900079221:1:50,-0.2,2026-10-02T01:01:04.695736+02:00
307280464,de:11000:900068201:1:50,-0.8,2026-10-02T01:01:04.695736+02:00
307280464,de:11000:900058101:5:58,-0.1,2026-10-02T01:01:04.695736+02:00
307280464,de:11000:900054104:2:52,-0.7,2026-10-02T01:01:04.695736+02:00
307280464,de:11000:900054105:1:50,-0.9,2026-10-02T01:01:04.695736+02:00
307280464,de:11000:900044202:1:50,-0.7,2026-10-02T01:01:04.695736+02:00
307280464,de:11000:900045102:1:50,-0.7,2026-10-02T01:01:04.695736+02:00
307280464,de:11000:900044101:1:50,-0.8,2026-10-02T01:01:04.695736+02:00
307280464,de:11000:900040101:1:50,-0.3,2026-10-02T01:01:04.695736+02:00
307280464,de:11000:900024101:3:54,-0.8,2026-10-02T01:01:04.695736+02:00
307280586,de:11000:900020202:1:51,0.0,2026-10-02T01:01:04.695736+02:00
307280586,de:11000:900001201:1:51,-0.2,2026-10-02T01:01:04.695736+02:00
307280586,de:11000:900009104:1:51,-0.8,2026-10-02T01:01:04.695736+02:00
307280586,de:11000:900007102:2:52,-0.9,2026-10-02T01:01:04.695736+02:00
307280586,de:11000:900110001:1:50,-0.6,2026-10-02T01:01:04.695736+02:00
307280586,de:11000:900110002:1:50,-0.4,2026-10-02T01:01:04.695736+02:00
307280586,de:11000:900110003:1:50,-0.4,2026-10-02T01:01:04.695736+02:00
307280586,de:11000:900110004:1:50,-0.8,2026-10-02T01:01:04.695736+02:00
307280586,de:11000:900110012:1:50,-0.7,2026-10-02T01:01:04.695736+02:00
307280586,de:11000:900120001:1:50,-0.7,2026-10-02T01:01:04.695736+02:00
307280586,de:11000:900120003:5:58,-0.1,2026-10-02T01:01:04.695736+02:00
307280586,de:11000:900190001:1:50,-0.4,2026-10-02T01:01:04.695736+02:00
307280586,de:11000:900077106:1:50,-0.4,2026-10-02T01:01:04.695736+02:00
307280586,de:11000:900078201:1:50,-0.3,2026-10-02T01:01:04.695736+02:00
307280586,de:11000:900079221:1:50,-0.2,2026-10-02T01:01:04.695736+02:00
307280586,de:11000:900068201:1:50,-0.8,2026-10-02T01:01:04.695736+02:00
307280586,de:11000:900058101:5:58,-0.1,2026-10-02T01:01:04.695736+02:00
307280586,de:11000:900054104:2:52,-0.2,2026-10-02T01:01:04.695736+02:00
307280586,de:11000:900054105:1:50,-0.9,2026-10-02T01:01:04.695736+02:00
307280586,de:11000:900044202:1:50,-0.7,2026-10-02T01:01:04.695736+02:00
307280586,de:11000:900045102:1:50,-0.7,2026-10-02T01:01:04.695736+02:00
307280586,de:11000:900044101:1:50,-0.8,2026-10-02T01:01:04.695736+02:00
307280586,de:11000:900040101:1:50,-0.8,2026-10-02T01:01:04.695736+02:00
306897023,de:12067:900311330::2,0.0,2026-10-02T01:01:04.695736+02:00
306897023,de:12067:900311328::1,0.0,2026-10-02T01:01:04.695736+02:00
306897023,de:12067:900311300::2,0.0,2026-10-02T01:01:04.695736+02:00
306897023,de:12067:900311356::2,0.0,2026-10-02T01:01:04.695736+02:00
306897023,de:12067:900311311::2,0.0,2026-10-02T01:01:04.695736+02:00
306897023,de:12067:900311312::2,0.0,2026-10-02T01:01:04.695736+02:00
306897023,de:12067:900311383::6,0.0,2026-10-02T01:01:04.695736+02:00
306897023,de:12067:900311305::1,0.0,2026-10-02T01:01:04.695736+02:00
306897023,de:12067:900311320::1,0.0,2026-10-02T01:01:04.695736+02:00
306897023,de:12067:900311354::2,0.0,2026-10-02T01:01:04.695736+02:00
306897023,de:12067:900311352::2,0.0,2026-10-02T01:01:04.695736+02:00
306897023,de:12067:900311336::2,0.0,2026-10-02T01:01:04.695736+02:00
306897023,de:12067:900311349::2,0.0,2026-10-02T01:01:04.695736+02:00
306897023,de:12067:900311377::2,0.0,2026-10-02T01:01:04.695736+02:00
306897023,de:12067:900311376::2,0.0,2026-10-02T01:01:04.695736+02:00
306897023,de:12067:900311308::4,0.0,2026-10-02T01:01:04.695736+02:00
307283072,de:11000:900186001:2:53,0.0,2026-10-02T01:01:04.695736+02:00
307283072,de:11000:900193002:1:51,-0.2,2026-10-02T01:01:04.695736+02:00
307283072,de:11000:900193001:2:51,-0.8,2026-10-02T01:01:04.695736+02:00
307283072,de:11000:900192001:3:55,-0.7,2026-10-02T01:01:04.695736+02:00
307283072,de:11000:900191001:1:50,-0.4,2026-10-02T01:01:04.695736+02:00
307283072,de:11000:900077155:1:50,-0.9,2026-10-02T01:01:04.695736+02:00
307283072,de:11000:900078201:1:50,-0.9,2026-10-02T01:01:04.695736+02:00
307283072,de:11000:900079221:1:50,-0.7,2026-10-02T01:01:04.695736+02:00
307283072,de:11000:900068201:1:50,-0.3,2026-10-02T01:01:04.695736+02:00
307283056,de:11000:900009104:1:51,0.0,2026-10-02T01:01:04.695736+02:00
307283056,de:11000:900007102:2:52,-0.9,2026-10-02T01:01:04.695736+02:00
307283056,de:11000:900110001:1:50,-0.6,2026-10-02T01:01:04.695736+02:00
307283056,de:11000:900110002:1:50,-0.4,2026-10-02T01:01:04.695736+02:00
307283056,de:11000:900110003:1:50,-0.4,2026-10-02T01:01:04.695736+02:00
307283056,de:11000:900110004:1:50,-0.8,2026-10-02T01:01:04.695736+02:00
307283056,de:11000:900110012:1:50,-0.7,2026-10-02T01:01:04.695736+02:00
307283056,de:11000:900120001:1:50,-0.7,2026-10-02T01:01:04.695736+02:00
307283056,de:11000:900120003:5:58,-0.1,2026-10-02T01:01:04.695736+02:00
307283056,de:11000:900190001:1:50,-0.4,2026-10-02T01:01:04.695736+02:00
307283056,de:11000:900077106:1:50,-0.4,2026-10-02T01:01:04.695736+02:00
307283056,de:11000:900078201:1:50,-0.3,2026-10-02T01:01:04.695736+02:00
307283056,de:11000:900079221:1:50,-0.2,2026-10-02T01:01:04.695736+02:00
307286690,de:11000:900040101:1:50,0.0,2026-10-02T01:01:04.695736+02:00
307286690,de:11000:900044101:1:50,-0.8,2026-10-02T01:01:04.695736+02:00
307286690,de:11000:900045102:1:51,-0.9,2026-10-02T01:01:04.695736+02:00
307286690,de:11000:900044202:1:51,-0.9,2026-10-02T01:01:04.695736+02:00
307286690,de:11000:900054105:1:51,-0.7,2026-10-02T01:01:04.695736+02:00
307286690,de:11000:900054104:2:53,-0.3,2026-10-02T01:01:04.695736+02:00
307286690,de:11000:900058101:5:59,-0.2,2026-10-02T01:01:04.695736+02:00
307286690,de:11000:900068201:1:51,-0.8,2026-10-02T01:01:04.695736+02:00
307286690,de:11000:900079221:1:51,-0.4,2026-10-02T01:01:04.695736+02:00
307286690,de:11000:900078201:1:51,-0.1,2026-10-02T01:01:04.695736+02:00
307286690,de:11000:900077106:1:51,0.0,2026-10-02T01:01:04.695736+02:00
307286690,de:11000:900190001:2:52,-0.9,2026-10-02T01:01:04.695736+02:00
307286690,de:11000:900120003:5:59,-0.4,2026-10-02T01:01:04.695736+02:00
307286690,de:11000:900120001:1:51,0.0,2026-10-02T01:01:04.695736+02:00
307286690,de:11000:900110012:1:51,-0.2,2026-10-02T01:01:04.695736+02:00
307286690,de:11000:900110004:1:51,-0.1,2026-10-02T01:01:04.695736+02:00
307286690,de:11000:900110003:1:51,-0.4,2026-10-02T01:01:04.695736+02:00
307286690,de:11000:900110002:1:51,-0.4,2026-10-02T01:01:04.695736+02:00
307286690,de:11000:900110001:1:51,-0.1,2026-10-02T01:01:04.695736+02:00
307286690,de:11000:900007102:1:51,-0.6,2026-10-02T01:01:04.695736+02:00
307286690,de:11000:900009104:1:50,-0.8,2026-10-02T01:01:04.695736+02:00
307286690,de:11000:900001201:1:50,-0.3,2026-10-02T01:01:04.695736+02:00
307286690,de:11000:900020202:1:50,-0.1,2026-10-02T01:01:04.695736+02:00
307286617,de:11000:900024101:3:54,0.0,2026-10-02T01:01:04.695736+02:00
307286617,de:11000:900040101:1:50,-0.2,2026-10-02T01:01:04.695736+02:00
307286617,de:11000:900044101:1:50,-0.3,2026-10-02T01:01:04.695736+02:00
307286617,de:11000:900045102:1:51,-0.4,2026-10-02T01:01:04.695736+02:00
307286617,de:11000:900044202:1:51,-0.4,2026-10-02T01:01:04.695736+02:00
307286617,de:11000:900054105:1:51,-0.2,2026-10-02T01:01:04.695736+02:00
307286617,de:11000:900054104:2:53,-0.8,2026-10-02T01:01:04.695736+02:00
307286617,de:11000:900058101:5:59,-0.2,2026-10-02T01:01:04.695736+02:00
307286617,de:11000:900068201:1:51,-0.8,2026-10-02T01:01:04.695736+02:00
307286617,de:11000:900079221:1:51,-0.4,2026-10-02T01:01:04.695736+02:00
307286617,de:11000:900078201:1:51,-0.1,2026-10-02T01:01:04.695736+02:00
307286617,de:11000:900077106:1:51,0.0,2026-10-02T01:01:04.695736+02:00
307286617,de:11000:900190001:2:52,-0.9,2026-10-02T01:01:04.695736+02:00
307286617,de:11000:900120003:5:59,-0.4,2026-10-02T01:01:04.695736+02:00
307286617,de:11000:900120001:1:51,0.0,2026-10-02T01:01:04.695736+02:00
307286617,de:11000:900110012:1:51,-0.2,2026-10-02T01:01:04.695736+02:00
307286617,de:11000:900110004:1:51,-0.1,2026-10-02T01:01:04.695736+02:00
307286617,de:11000:900110003:1:51,-0.4,2026-10-02T01:01:04.695736+02:00
307286617,de:11000:900110002:1:51,-0.4,2026-10-02T01:01:04.695736+02:00
307286617,de:11000:900110001:1:51,-0.1,2026-10-02T01:01:04.695736+02:00
307286617,de:11000:900007102:1:51,-0.6,2026-10-02T01:01:04.695736+02:00
307286617,de:11000:900009104:1:51,-0.8,2026-10-02T01:01:04.695736+02:00
307286617,de:11000:900001201:1:51,-0.3,2026-10-02T01:01:04.695736+02:00
307286617,de:11000:900020202:1:51,-0.1,2026-10-02T01:01:04.695736+02:00
307292251,de:11000:900044202:1:51,0.0,2026-10-02T01:01:04.695736+02:00
307292251,de:11000:900054105:1:51,-0.2,2026-10-02T01:01:04.695736+02:00
307292251,de:11000:900054104:2:53,-0.8,2026-10-02T01:01:04.695736+02:00
307292251,de:11000:900058101:5:59,-0.7,2026-10-02T01:01:04.695736+02:00
307292251,de:11000:900068201:1:51,-0.3,2026-10-02T01:01:04.695736+02:00
307292251,de:11000:900079221:1:51,-0.9,2026-10-02T01:01:04.695736+02:00
307292251,de:11000:900078201:1:51,-0.6,2026-10-02T01:01:04.695736+02:00
307292251,de:11000:900077155:1:51,-0.2,2026-10-02T01:01:04.695736+02:00
307292251,de:11000:900191001:2:51,-0.7,2026-10-02T01:01:04.695736+02:00
307292251,de:11000:900192001:2:52,-0.7,2026-10-02T01:01:04.695736+02:00
307292251,de:11000:900193001:1:50,-0.2,2026-10-02T01:01:04.695736+02:00
307292251,de:11000:900193002:1:50,-0.8,2026-10-02T01:01:04.695736+02:00
307292251,de:11000:900186001:1:50,-0.8,2026-10-02T01:01:04.695736+02:00
307292251,de:12061:900260004:1:50,-0.2,2026-10-02T01:01:04.695736+02:00
307292251,de:12061:900260003:1:50,-0.4,2026-10-02T01:01:04.695736+02:00
307292251,de:12061:900260002:1:51,-0.2,2026-10-02T01:01:04.695736+02:00
307292251,de:12061:900260001:2:52,-0.2,2026-10-02T01:01:04.695736+02:00
307292685,de:12061:900260001:2:52,0.0,2026-10-02T01:01:04.695736+02:00
307292685,de:12061:900260002:1:51,-0.8,2026-10-02T01:01:04.695736+02:00
307292685,de:12061:900260003:1:51,-0.7,2026-10-02T01:01:04.695736+02:00
307292685,de:12061:900260004:1:51,-0.9,2026-10-02T01:01:04.695736+02:00
307292685,de:11000:900186001:2:53,-0.2,2026-10-02T01:01:04.695736+02:00
307292685,de:11000:900193002:1:51,-0.2,2026-10-02T01:01:04.695736+02:00
307292685,de:11000:900193001:2:51,-0.8,2026-10-02T01:01:04.695736+02:00
307292685,de:11000:900192001:3:55,-0.7,2026-10-02T01:01:04.695736+02:00
307292685,de:11000:900191001:1:50,-0.4,2026-10-02T01:01:04.695736+02:00
307292685,de:11000:900077155:1:50,-0.9,2026-10-02T01:01:04.695736+02:00
307292685,de:11000:900078201:1:50,-0.4,2026-10-02T01:01:04.695736+02:00
307292685,de:11000:900079221:1:50,-0.2,2026-10-02T01:01:04.695736+02:00
307292685,de:11000:900068201:1:50,-0.8,2026-10-02T01:01:04.695736+02:00
307292685,de:11000:900058101:5:58,-0.1,2026-10-02T01:01:04.695736+02:00
307292685,de:11000:900054104:2:52,-0.2,2026-10-02T01:01:04.695736+02:00
307292685,de:11000:900054105:1:50,-0.9,2026-10-02T01:01:04.695736+02:00
307292685,de:11000:900044202:1:50,-0.7,2026-10-02T01:01:04.695736+02:00
307292639,de:12061:900260001:2:52,0.0,2026-10-02T01:01:04.695736+02:00
307292639,de:12061:900260002:1:51,-0.8,2026-10-02T01:01:04.695736+02:00
307292639,de:12061:900260003:1:51,-0.7,2026-10-02T01:01:04.695736+02:00
307292639,de:12061:900260004:1:51,-0.9,2026-10-02T01:01:04.695736+02:00
307292639,de:11000:900186001:2:53,-0.2,2026-10-02T01:01:04.695736+02:00
307292639,de:11000:900193002:1:51,-0.2,2026-10-02T01:01:04.695736+02:00
307292639,de:11000:900193001:2:51,-0.8,2026-10-02T01:01:04.695736+02:00
307292639,de:11000:900192001:3:55,-0.7,2026-10-02T01:01:04.695736+02:00
307292639,de:11000:900191001:1:50,-0.4,2026-10-02T01:01:04.695736+02:00
307292639,de:11000:900077155:1:50,-0.9,2026-10-02T01:01:04.695736+02:00
307292639,de:11000:900078201:1:50,-0.4,2026-10-02T01:01:04.695736+02:00
307292639,de:11000:900079221:1:50,-0.2,2026-10-02T01:01:04.695736+02:00
307292639,de:11000:900068201:1:50,-0.8,2026-10-02T01:01:04.695736+02:00
307292639,de:11000:900058101:5:58,-0.1,2026-10-02T01:01:04.695736+02:00
307292639,de:11000:900054104:2:52,-0.2,2026-10-02T01:01:04.695736+02:00
307292639,de:11000:900054105:1:50,-0.9,2026-10-02T01:01:04.695736+02:00
307292639,de:11000:900044202:1:50,-0.7,2026-10-02T01:01:04.695736+02:00
306896899,de:12067:900310001::4,0.0,2026-10-02T01:01:04.695736+02:00
306896899,de:12067:900310816::1,0.0,2026-10-02T01:01:04.695736+02:00
306896899,de:12067:900310627::1,0.0,2026-10-02T01:01:04.695736+02:00
306896899,de:12067:900310781::1,0.0,2026-10-02T01:01:04.695736+02:00
306896899,de:12067:900310822::1,0.0,2026-10-02T01:01:04.695736+02:00
306896899,de:12067:900310771::1,0.0,2026-10-02T01:01:04.695736+02:00
306896899,de:12067:900310800::1,0.0,2026-10-02T01:01:04.695736+02:00
306896899,de:12067:900310879::1,0.0,2026-10-02T01:01:04.695736+02:00
306896899,de:12067:900310010::4,0.0,2026-10-02T01:01:04.695736+02:00
306896899,de:12067:900310880::1,0.0,2026-10-02T01:01:04.695736+02:00
306896899,de:12067:900310900::1,0.0,2026-10-02T01:01:04.695736+02:00
306896899,de:12067:900310917::1,0.0,2026-10-02T01:01:04.695736+02:00
306896899,de:12067:900310916::1,-0.5,2026-10-02T01:01:04.695736+02:00
306896899,de:12067:900310915::1,-0.5,2026-10-02T01:01:04.695736+02:00
306896899,de:12067:900310703::4,0.0,2026-10-02T01:01:04.695736+02:00
306896899,de:12067:900310914::1,0.0,2026-10-02T01:01:04.695736+02:00
306896899,de:12067:900310974::1,0.0,2026-10-02T01:01:04.695736+02:00
306896899,de:12067:900310975::1,0.0,2026-10-02T01:01:04.695736+02:00
306896899,de:12067:900310908::1,0.0,2026-10-02T01:01:04.695736+02:00
306896899,de:12067:900311002::1,0.0,2026-10-02T01:01:04.695736+02:00
306896899,de:12067:900310841::1,0.0,2026-10-02T01:01:04.695736+02:00
306896899,de:12067:900310722::1,-0.5,2026-10-02T01:01:04.695736+02:00
306896899,de:12067:900310637::1,0.0,2026-10-02T01:01:04.695736+02:00
306896899,de:12067:900311129::7,0.0,2026-10-02T01:01:04.695736+02:00
306896899,de:12067:900311129::4,0.0,2026-10-02T01:01:04.695736+02:00
306896899,de:12067:900310727::3,0.0,2026-10-02T01:01:04.695736+02:00
306896899,de:12067:900310755::2,0.0,2026-10-02T01:01:04.695736+02:00
306896899,de:12067:900310728::3,0.0,2026-10-02T01:01:04.695736+02:00
306896899,de:12067:900311129::6,0.0,2026-10-02T01:01:04.695736+02:00
295928984,de:11000:900186001:2:52,0.0,2026-10-02T01:01:04.695736+02:00
295928984,de:11000:900193002:1:51,-0.2,2026-10-02T01:01:04.695736+02:00
295928984,de:11000:900193001:2:51,-0.8,2026-10-02T01:01:04.695736+02:00
295928984,de:11000:900192001:3:55,-0.7,2026-10-02T01:01:04.695736+02:00
295928984,de:11000:900191001:1:50,-0.4,2026-10-02T01:01:04.695736+02:00
295928984,de:11000:900077155:1:50,-0.9,2026-10-02T01:01:04.695736+02:00
295928984,de:11000:900078201:1:50,-0.9,2026-10-02T01:01:04.695736+02:00
295928984,de:11000:900079221:1:50,-0.7,2026-10-02T01:01:04.695736+02:00
295928970,de:11000:900186001:2:52,0.0,2026-10-02T01:01:04.695736+02:00
295928970,de:11000:900193002:1:51,-0.2,2026-10-02T01:01:04.695736+02:00
295928970,de:11000:900193001:2:51,-0.8,2026-10-02T01:01:04.695736+02:00
295928970,de:11000:900192001:3:55,-0.7,2026-10-02T01:01:04.695736+02:00
295928970,de:11000:900191001:1:50,-0.4,2026-10-02T01:01:04.695736+02:00
295928970,de:11000:900077155:1:50,-0.9,2026-10-02T01:01:04.695736+02:00
295928970,de:11000:900078201:1:50,-0.9,2026-10-02T01:01:04.695736+02:00
295928970,de:11000:900079221:1:50,-0.7,2026-10-02T01:01:04.695736+02:00
295928920,de:11000:900079221:1:51,0.0,2026-10-02T01:01:04.695736+02:00
295928920,de:11000:900078201:1:51,-0.6,2026-10-02T01:01:04.695736+02:00
295928920,de:11000:900077155:1:51,-0.2,2026-10-02T01:01:04.695736+02:00
295928920,de:11000:900191001:2:51,-0.7,2026-10-02T01:01:04.695736+02:00
295928920,de:11000:900192001:2:52,-0.7,2026-10-02T01:01:04.695736+02:00
295928920,de:11000:900193001:1:50,-0.2,2026-10-02T01:01:04.695736+02:00
295928920,de:11000:900193002:1:50,-0.8,2026-10-02T01:01:04.695736+02:00
295928920,de:11000:900186001:1:51,-0.8,2026-10-02T01:01:04.695736+02:00
295928916,de:11000:900079221:1:51,0.0,2026-10-02T01:01:04.695736+02:00
295928916,de:11000:900078201:1:51,-0.6,2026-10-02T01:01:04.695736+02:00
295928916,de:11000:900077155:1:51,-0.2,2026-10-02T01:01:04.695736+02:00
295928916,de:11000:900191001:2:51,-0.7,2026-10-02T01:01:04.695736+02:00
295928916,de:11000:900192001:3:54,-0.2,2026-10-02T01:01:04.695736+02:00
295933117,de:11000:900180003:1:50,0.0,2026-10-02T01:01:04.695736+02:00
295933117,de:11000:900192002:1:50,-0.4,2026-10-02T01:01:04.695736+02:00
295933117,de:11000:900192001:3:54,-0.2,2026-10-02T01:01:04.695736+02:00
295933117,de:11000:900191001:1:50,-0.9,2026-10-02T01:01:04.695736+02:00
295933117,de:11000:900077155:1:50,-0.4,2026-10-02T01:01:04.695736+02:00
295933117,de:11000:900078201:1:50,-0.9,2026-10-02T01:01:04.695736+02:00
295933117,de:11000:900079221:1:50,-0.7,2026-10-02T01:01:04.695736+02:00
295933117,de:11000:900068201:1:50,-0.3,2026-10-02T01:01:04.695736+02:00
295933117,de:11000:900058101:5:58,-0.6,2026-10-02T01:01:04.695736+02:00
295932980,de:11000:900058101:5:59,0.0,2026-10-02T01:01:04.695736+02:00
295932980,de:11000:900068201:1:51,-0.3,2026-10-02T01:01:04.695736+02:00
295932980,de:11000:900079221:1:51,-0.9,2026-10-02T01:01:04.695736+02:00
295932980,de:11000:900078201:1:51,-0.6,2026-10-02T01:01:04.695736+02:00
295932980,de:11000:900077155:1:51,-0.2,2026-10-02T01:01:04.695736+02:00
295932980,de:11000:900191001:2:51,-0.7,2026-10-02T01:01:04.695736+02:00
295932980,de:11000:900192001:2:53,-0.7,2026-10-02T01:01:04.695736+02:00
295932980,de:11000:900192002:1:50,-0.5,2026-10-02T01:01:04.695736+02:00
295932980,de:11000:900180003:1:50,-0.7,2026-10-02T01:01:04.695736+02:00
295933092,de:11000:900180003:1:50,0.0,2026-10-02T01:01:04.695736+02:00
295933092,de:11000:900192002:1:50,-0.4,2026-10-02T01:01:04.695736+02:00
295933092,de:11000:900192001:3:54,-0.2,2026-10-02T01:01:04.695736+02:00
295933092,de:11000:900191001:1:50,-0.9,2026-10-02T01:01:04.695736+02:00
295933092,de:11000:900077155:1:50,-0.4,2026-10-02T01:01:04.695736+02:00
295933092,de:11000:900078201:1:50,-0.9,2026-10-02T01:01:04.695736+02:00
295933092,de:11000:900079221:1:50,-0.7,2026-10-02T01:01:04.695736+02:00
295933092,de:11000:900068201:1:50,-0.3,2026-10-02T01:01:04.695736+02:00
295933092,de:11000:900058101:5:58,-0.6,2026-10-02T01:01:04.695736+02:00
307301990,de:11000:900024102:2:52,0.0,2026-10-02T01:01:04.695736+02:00
307301990,de:11000:900024101:3:55,-0.8,2026-10-02T01:01:04.695736+02:00
307301990,de:11000:900024203:1:51,-0.8,2026-10-02T01:01:04.695736+02:00
307301990,de:11000:900023201:3:54,-0.7,2026-10-02T01:01:04.695736+02:00
307301990,de:11000:900003103:1:50,-0.8,2026-10-02T01:01:04.695736+02:00
307301990,de:11000:900003102:1:50,-0.9,2026-10-02T01:01:04.695736+02:00
307301990,de:11000:900003201:3:54,-0.5,2026-10-02T01:01:04.695736+02:00
307301990,de:11000:900100001:3:54,-0.1,2026-10-02T01:01:04.695736+02:00
307301990,de:11000:900100002:1:50,-0.4,2026-10-02T01:01:04.695736+02:00
307301990,de:11000:900100003:2:52,-0.1,2026-10-02T01:01:04.695736+02:00
307301990,de:11000:900100004:1:50,-0.4,2026-10-02T01:01:04.695736+02:00
307301990,de:11000:900120005:4:55,-0.6,2026-10-02T01:01:04.695736+02:00
307301990,de:11000:900120004:1:50,-0.1,2026-10-02T01:01:04.695736+02:00
307301990,de:11000:900120003:2:53,-0.4,2026-10-02T01:01:04.695736+02:00
307301990,de:11000:900160003:1:50,-0.7,2026-10-02T01:01:04.695736+02:00
307301990,de:11000:900160004:1:50,-0.7,2026-10-02T01:01:04.695736+02:00
307301990,de:11000:900171002:1:50,-0.2,2026-10-02T01:01:04.695736+02:00
307301990,de:11000:900171001:2:51,-0.3,2026-10-02T01:01:04.695736+02:00
307301990,de:11000:900175001:2:51,-0.5,2026-10-02T01:01:04.695736+02:00
307301990,de:11000:900175002:1:51,0.0,2026-10-02T01:01:04.695736+02:00
307301990,de:11000:900176001:2:52,-0.3,2026-10-02T01:01:04.695736+02:00
307301990,de:12064:900320026:1:51,-0.1,2026-10-02T01:01:04.695736+02:00
307301990,de:12064:900320008:1:50,-0.7,2026-10-02T01:01:04.695736+02:00
307301990,de:12064:900320007:1:50,-0.4,2026-10-02T01:01:04.695736+02:00
307301990,de:12064:900320006:1:50,-0.8,2026-10-02T01:01:04.695736+02:00
307301990,de:12064:900320005:1:50,-0.2,2026-10-02T01:01:04.695736+02:00
307301990,de:12064:900320004:2:51,-0.9,2026-10-02T01:01:04.695736+02:00
307301990,de:12064:900320003:1:50,-0.8,2026-10-02T01:01:04.695736+02:00
307301990,de:12064:900320002:1:50,-0.5,2026-10-02T01:01:04.695736+02:00
307301990,de:12064:900320001:1:50,-0.2,2026-10-02T01:01:04.695736+02:00
307301748,de:11000:900024102:2:52,0.0,2026-10-02T01:01:04.695736+02:00
307301748,de:11000:900024101:3:55,-0.8,2026-10-02T01:01:04.695736+02:00
307301748,de:11000:900024203:1:51,-0.8,2026-10-02T01:01:04.695736+02:00
307301748,de:11000:900023201:3:54,-0.7,2026-10-02T01:01:04.695736+02:00
307301748,de:11000:900003103:1:50,-0.8,2026-10-02T01:01:04.695736+02:00
307301748,de:11000:900003102:1:50,-0.9,2026-10-02T01:01:04.695736+02:00
307301748,de:11000:900003201:3:54,-0.5,2026-10-02T01:01:04.695736+02:00
307301748,de:11000:900100001:3:54,-0.1,2026-10-02T01:01:04.695736+02:00
307301748,de:11000:900100002:1:50,-0.4,2026-10-02T01:01:04.695736+02:00
307301748,de:11000:900100003:2:52,-0.1,2026-10-02T01:01:04.695736+02:00
307301748,de:11000:900100004:1:50,-0.4,2026-10-02T01:01:04.695736+02:00
307301748,de:11000:900120005:4:55,-0.6,2026-10-02T01:01:04.695736+02:00
307301748,de:11000:900120004:1:50,-0.1,2026-10-02T01:01:04.695736+02:00
307301748,de:11000:900120003:2:53,-0.4,2026-10-02T01:01:04.695736+02:00
307301748,de:11000:900160003:1:50,-0.7,2026-10-02T01:01:04.695736+02:00
307301748,de:11000:900160004:1:50,-0.7,2026-10-02T01:01:04.695736+02:00
307301748,de:11000:900171002:1:50,-0.2,2026-10-02T01:01:04.695736+02:00
307301748,de:11000:900171001:2:51,-0.3,2026-10-02T01:01:04.695736+02:00
307301748,de:11000:900175001:2:51,-0.5,2026-10-02T01:01:04.695736+02:00
307301748,de:11000:900175002:1:51,0.0,2026-10-02T01:01:04.695736+02:00
307301748,de:11000:900176001:2:52,-0.3,2026-10-02T01:01:04.695736+02:00
295942222,de:11000:900176001:1:50,0.0,2026-10-02T01:01:04.695736+02:00
295942222,de:11000:900175002:1:50,-0.7,2026-10-02T01:01:04.695736+02:00
295942222,de:11000:900175001:1:50,-0.6,2026-10-02T01:01:04.695736+02:00
295942222,de:11000:900171001:1:50,-0.3,2026-10-02T01:01:04.695736+02:00
295942222,de:11000:900171002:1:51,-0.4,2026-10-02T01:01:04.695736+02:00
295942222,de:11000:900160004:1:51,-0.8,2026-10-02T01:01:04.695736+02:00
295942222,de:11000:900160003:1:51,-0.8,2026-10-02T01:01:04.695736+02:00
295942222,de:11000:900120003:3:54,-0.9,2026-10-02T01:01:04.695736+02:00
295942222,de:11000:900120004:2:52,-0.1,2026-10-02T01:01:04.695736+02:00
295940216,de:11000:900024102:2:52,0.0,2026-10-02T01:01:04.695736+02:00
295940216,de:11000:900024101:3:54,-0.8,2026-10-02T01:01:04.695736+02:00
295940216,de:11000:900024203:1:51,-0.8,2026-10-02T01:01:04.695736+02:00
295940216,de:11000:900023201:3:54,-0.7,2026-10-02T01:01:04.695736+02:00
295940216,de:11000:900003103:1:50,-0.8,2026-10-02T01:01:04.695736+02:00
295940216,de:11000:900003102:1:50,-0.9,2026-10-02T01:01:04.695736+02:00
295940216,de:11000:900003201:3:54,-0.5,2026-10-02T01:01:04.695736+02:00
295940216,de:11000:900100001:3:54,-0.1,2026-10-02T01:01:04.695736+02:00
295940216,de:11000:900100002:1:50,-0.4,2026-10-02T01:01:04.695736+02:00
295940216,de:11000:900100003:2:52,-0.1,2026-10-02T01:01:04.695736+02:00
295940216,de:11000:900100004:1:50,-0.4,2026-10-02T01:01:04.695736+02:00
295940216,de:11000:900120005:4:55,-0.6,2026-10-02T01:01:04.695736+02:00
295940216,de:11000:900120004:1:50,-0.1,2026-10-02T01:01:04.695736+02:00
295940216,de:11000:900120003:2:53,-0.4,2026-10-02T01:01:04.695736+02:00
295940216,de:11000:900160003:1:50,-0.7,2026-10-02T01:01:04.695736+02:00
295940216,de:11000:900160004:1:50,-0.7,2026-10-02T01:01:04.695736+02:00
295940216,de:11000:900171002:1:50,-0.2,2026-10-02T01:01:04.695736+02:00
295940216,de:11000:900171001:2:51,-0.3,2026-10-02T01:01:04.695736+02:00
295940216,de:11000:900175001:2:51,-0.5,2026-10-02T01:01:04.695736+02:00
295940216,de:11000:900175002:1:51,0.0,2026-10-02T01:01:04.695736+02:00
295940216,de:11000:900176001:1:50,-0.7,2026-10-02T01:01:04.695736+02:00
295940172,de:11000:900024102:2:52,0.0,2026-10-02T01:01:04.695736+02:00
295940172,de:11000:900024101:3:54,-0.8,2026-10-02T01:01:04.695736+02:00
295940172,de:11000:900024203:1:51,-0.8,2026-10-02T01:01:04.695736+02:00
295940172,de:11000:900023201:3:54,-0.7,2026-10-02T01:01:04.695736+02:00
295940172,de:11000:900003103:1:50,-0.8,2026-10-02T01:01:04.695736+02:00
295940172,de:11000:900003102:1:50,-0.9,2026-10-02T01:01:04.695736+02:00
295940172,de:11000:900003201:3:54,-0.5,2026-10-02T01:01:04.695736+02:00
295940172,de:11000:900100001:3:54,-0.1,2026-10-02T01:01:04.695736+02:00
295940172,de:11000:900100002:1:50,-0.4,2026-10-02T01:01:04.695736+02:00
295940172,de:11000:900100003:2:52,-0.1,2026-10-02T01:01:04.695736+02:00
295940172,de:11000:900100004:1:50,-0.4,2026-10-02T01:01:04.695736+02:00
295940172,de:11000:900120005:4:55,-0.6,2026-10-02T01:01:04.695736+02:00
295940172,de:11000:900120004:1:50,-0.1,2026-10-02T01:01:04.695736+02:00
295940172,de:11000:900120003:2:53,-0.4,2026-10-02T01:01:04.695736+02:00
295940172,de:11000:900160003:1:50,-0.7,2026-10-02T01:01:04.695736+02:00
295940172,de:11000:900160004:1:50,-0.7,2026-10-02T01:01:04.695736+02:00
295940172,de:11000:900171002:1:50,-0.2,2026-10-02T01:01:04.695736+02:00
295940172,de:11000:900171001:2:51,-0.3,2026-10-02T01:01:04.695736+02:00
295940172,de:11000:900175001:2:51,-0.5,2026-10-02T01:01:04.695736+02:00
295940172,de:11000:900175002:1:51,0.0,2026-10-02T01:01:04.695736+02:00
295940172,de:11000:900176001:2:52,-0.3,2026-10-02T01:01:04.695736+02:00
295940172,de:12064:900320026:1:51,-0.1,2026-10-02T01:01:04.695736+02:00
295940172,de:12064:900320008:1:50,-0.7,2026-10-02T01:01:04.695736+02:00
295940170,de:11000:900024102:2:52,0.0,2026-10-02T01:01:04.695736+02:00
295940170,de:11000:900024101:3:54,-0.8,2026-10-02T01:01:04.695736+02:00
295940170,de:11000:900024203:1:51,-0.8,2026-10-02T01:01:04.695736+02:00
295940170,de:11000:900023201:3:54,-0.7,2026-10-02T01:01:04.695736+02:00
295940170,de:11000:900003103:1:50,-0.8,2026-10-02T01:01:04.695736+02:00
295940170,de:11000:900003102:1:50,-0.9,2026-10-02T01:01:04.695736+02:00
295940170,de:11000:900003201:3:54,-0.5,2026-10-02T01:01:04.695736+02:00
295940170,de:11000:900100001:3:54,-0.1,2026-10-02T01:01:04.695736+02:00
295940170,de:11000:900100002:1:50,-0.4,2026-10-02T01:01:04.695736+02:00
295940170,de:11000:900100003:2:52,-0.1,2026-10-02T01:01:04.695736+02:00
295940170,de:11000:900100004:1:50,-0.4,2026-10-02T01:01:04.695736+02:00
295940170,de:11000:900120005:4:55,-0.6,2026-10-02T01:01:04.695736+02:00
295940170,de:11000:900120004:1:50,-0.1,2026-10-02T01:01:04.695736+02:00
295940170,de:11000:900120003:2:53,-0.4,2026-10-02T01:01:04.695736+02:00
295940170,de:11000:900160003:1:50,-0.7,2026-10-02T01:01:04.695736+02:00
295940170,de:11000:900160004:1:50,-0.7,2026-10-02T01:01:04.695736+02:00
295940170,de:11000:900171002:1:50,-0.2,2026-10-02T01:01:04.695736+02:00
295940170,de:11000:900171001:2:51,-0.3,2026-10-02T01:01:04.695736+02:00
295940170,de:11000:900175001:2:51,-0.5,2026-10-02T01:01:04.695736+02:00
295940170,de:11000:900175002:1:51,0.0,2026-10-02T01:01:04.695736+02:00
295940170,de:11000:900176001:2:52,-0.3,2026-10-02T01:01:04.695736+02:00
295940170,de:12064:900320026:1:51,-0.1,2026-10-02T01:01:04.695736+02:00
295940170,de:12064:900320008:1:50,-0.7,2026-10-02T01:01:04.695736+02:00
295940158,de:11000:900024102:2:52,0.0,2026-10-02T01:01:04.695736+02:00
295940158,de:11000:900024101:3:54,-0.8,2026-10-02T01:01:04.695736+02:00
295940158,de:11000:900024203:1:51,-0.8,2026-10-02T01:01:04.695736+02:00
295940158,de:11000:900023201:3:54,-0.7,2026-10-02T01:01:04.695736+02:00
295940158,de:11000:900003103:1:50,-0.8,2026-10-02T01:01:04.695736+02:00
295940158,de:11000:900003102:1:50,-0.9,2026-10-02T01:01:04.695736+02:00
295940158,de:11000:900003201:3:54,-0.5,2026-10-02T01:01:04.695736+02:00
295940158,de:11000:900100001:3:54,-0.1,2026-10-02T01:01:04.695736+02:00
295940158,de:11000:900100002:1:50,-0.4,2026-10-02T01:01:04.695736+02:00
295940158,de:11000:900100003:2:52,-0.1,2026-10-02T01:01:04.695736+02:00
295940158,de:11000:900100004:1:50,-0.4,2026-10-02T01:01:04.695736+02:00
295940158,de:11000:900120005:4:55,-0.6,2026-10-02T01:01:04.695736+02:00
295940158,de:11000:900120004:1:50,-0.1,2026-10-02T01:01:04.695736+02:00
295940158,de:11000:900120003:2:53,-0.4,2026-10-02T01:01:04.695736+02:00
295940158,de:11000:900160003:1:50,-0.7,2026-10-02T01:01:04.695736+02:00
295940158,de:11000:900160004:1:50,-0.7,2026-10-02T01:01:04.695736+02:00
295940158,de:11000:900171002:1:50,-0.2,2026-10-02T01:01:04.695736+02:00
295940158,de:11000:900171001:2:51,-0.3,2026-10-02T01:01:04.695736+02:00
295940158,de:11000:900175001:2:51,-0.5,2026-10-02T01:01:04.695736+02:00
295940158,de:11000:900175002:1:51,0.0,2026-10-02T01:01:04.695736+02:00
295940158,de:11000:900176001:2:52,-0.3,2026-10-02T01:01:04.695736+02:00
295940158,de:12064:900320026:1:51,-0.1,2026-10-02T01:01:04.695736+02:00
295940158,de:12064:900320008:1:50,-0.7,2026-10-02T01:01:04.695736+02:00
306897091,de:12067:900310834::1,0.0,2026-10-02T01:01:04.695736+02:00
306897091,de:12067:900310638::1,0.0,2026-10-02T01:01:04.695736+02:00
306897091,de:12067:900310988::1,0.0,2026-10-02T01:01:04.695736+02:00
306897091,de:12067:900310958::2,0.0,2026-10-02T01:01:04.695736+02:00
306897091,de:12067:900310957::2,0.0,2026-10-02T01:01:04.695736+02:00
306897091,de:12067:900311223::2,0.0,2026-10-02T01:01:04.695736+02:00
306897091,de:12067:900311222::2,0.0,2026-10-02T01:01:04.695736+02:00
306897091,de:12067:900311489::1,0.0,2026-10-02T01:01:04.695736+02:00
306897091,de:12067:900311480::1,0.0,2026-10-02T01:01:04.695736+02:00
306895419,de:12067:900311083::3,0.0,2026-10-02T01:01:04.695736+02:00
306895419,de:12067:900310775::1,0.0,2026-10-02T01:01:04.695736+02:00
306895419,de:12067:900311083::2,0.0,2026-10-02T01:01:04.695736+02:00
306895419,de:12067:900310814::2,0.0,2026-10-02T01:01:04.695736+02:00
306895419,de:12067:900310628::2,0.0,2026-10-02T01:01:04.695736+02:00
306895419,de:12067:900310793::2,0.0,2026-10-02T01:01:04.695736+02:00
306895419,de:12067:900310774::1,0.0,2026-10-02T01:01:04.695736+02:00
306895419,de:12067:900310792::1,0.0,2026-10-02T01:01:04.695736+02:00
306895419,de:12067:900310825::1,0.0,2026-10-02T01:01:04.695736+02:00
306895419,de:12067:900310809::2,0.0,2026-10-02T01:01:04.695736+02:00
306895419,de:12067:900310787::2,0.0,2026-10-02T01:01:04.695736+02:00
306895419,de:12067:900310790::2,0.0,2026-10-02T01:01:04.695736+02:00
306895419,de:12067:900310788::2,0.0,2026-10-02T01:01:04.695736+02:00
306895419,de:12067:900310696::2,0.0,2026-10-02T01:01:04.695736+02:00
306895419,de:12067:900310001::11,0.0,2026-10-02T01:01:04.695736+02:00
306895419,de:12067:900310001::2,0.0,2026-10-02T01:01:04.695736+02:00
306895419,de:12067:900310816::1,0.0,2026-10-02T01:01:04.695736+02:00
306895419,de:12067:900310627::1,0.0,2026-10-02T01:01:04.695736+02:00
306895419,de:12067:900310781::1,0.0,2026-10-02T01:01:04.695736+02:00
306895419,de:12067:900310822::1,0.0,2026-10-02T01:01:04.695736+02:00
306895419,de:12067:900310808::1,0.0,2026-10-02T01:01:04.695736+02:00
306895419,de:12067:900310779::1,0.0,2026-10-02T01:01:04.695736+02:00
306895419,de:12067:900310995::1,0.0,2026-10-02T01:01:04.695736+02:00
306895419,de:12067:900311104::1,0.0,2026-10-02T01:01:04.695736+02:00
306895419,de:12067:900310784::1,0.0,2026-10-02T01:01:04.695736+02:00
306895419,de:12067:900310786::1,0.0,2026-10-02T01:01:04.695736+02:00
306895419,de:12067:900310768::1,0.0,2026-10-02T01:01:04.695736+02:00
306895419,de:12067:900310023::1,0.0,2026-10-02T01:01:04.695736+02:00
306895419,de:12067:900310778::1,0.0,2026-10-02T01:01:04.695736+02:00
306895419,de:12067:900310806::1,0.0,2026-10-02T01:01:04.695736+02:00
306895419,de:12067:900310812::1,0.0,2026-10-02T01:01:04.695736+02:00
306895419,de:12067:900310770::1,0.0,2026-10-02T01:01:04.695736+02:00
306895419,de:12067:900310010::3,0.0,2026-10-02T01:01:04.695736+02:00
306895419,de:12067:900310880::1,0.0,2026-10-02T01:01:04.695736+02:00
306895419,de:12067:900310815::1,0.0,2026-10-02T01:01:04.695736+02:00
306895419,de:12067:900310807::1,0.0,2026-10-02T01:01:04.695736+02:00
295946210,de:12054:900230999:3:54,0.0,2026-10-02T01:01:04.695736+02:00
295946210,de:12054:900230000:1:50,-0.3,2026-10-02T01:01:04.695736+02:00
295946210,de:12054:900230003:1:54,-0.3,2026-10-02T01:01:04.695736+02:00
295946210,de:11000:900053301:2:53,-0.4,2026-10-02T01:01:04.695736+02:00
295946210,de:11000:900052201:2:53,-0.7,2026-10-02T01:01:04.695736+02:00
295946210,de:11000:900048101:2:53,-0.9,2026-10-02T01:01:04.695736+02:00
295946210,de:11000:900024102:2:53,-0.9,2026-10-02T01:01:04.695736+02:00
295946210,de:11000:900024101:3:55,-0.3,2026-10-02T01:01:04.695736+02:00
295946210,de:11000:900024203:1:51,-0.3,2026-10-02T01:01:04.695736+02:00
295946210,de:11000:900023201:3:54,-0.2,2026-10-02T01:01:04.695736+02:00
295946210,de:11000:900003103:1:50,-0.3,2026-10-02T01:01:04.695736+02:00
295946210,de:11000:900003102:1:50,-0.4,2026-10-02T01:01:04.695736+02:00
295946210,de:11000:900003201:3:54,0.0,2026-10-02T01:01:04.695736+02:00
295946210,de:11000:900100001:3:54,-0.6,2026-10-02T01:01:04.695736+02:00
295946210,de:11000:900100002:1:50,-0.9,2026-10-02T01:01:04.695736+02:00
295946210,de:11000:900100003:2:52,-0.6,2026-10-02T01:01:04.695736+02:00
295946210,de:11000:900100004:1:50,-0.9,2026-10-02T01:01:04.695736+02:00
295946210,de:11000:900120005:4:55,-0.1,2026-10-02T01:01:04.695736+02:00
295946210,de:11000:900120004:1:50,-0.6,2026-10-02T01:01:04.695736+02:00
295946210,de:11000:900120003:2:53,-0.9,2026-10-02T01:01:04.695736+02:00
295946210,de:11000:900160003:1:50,-0.2,2026-10-02T01:01:04.695736+02:00
295946210,de:11000:900160004:1:50,-0.2,2026-10-02T01:01:04.695736+02:00
295946210,de:11000:900171002:1:50,-0.7,2026-10-02T01:01:04.695736+02:00
295946210,de:11000:900171003:1:50,-0.8,2026-10-02T01:01:04.695736+02:00
295946210,de:11000:900170005:1:50,-0.3,2026-10-02T01:01:04.695736+02:00
295946210,de:11000:900170001:1:50,-0.1,2026-10-02T01:01:04.695736+02:00
295946210,de:11000:900170002:1:50,-0.9,2026-10-02T01:01:04.695736+02:00
295946210,de:11000:900170003:1:50,-0.7,2026-10-02T01:01:04.695736+02:00
295946210,de:11000:900170004:1:50,-0.9,2026-10-02T01:01:04.695736+02:00
295946330,de:11000:900170004:2:52,0.0,2026-10-02T01:01:04.695736+02:00
295946330,de:11000:900170003:1:51,-0.3,2026-10-02T01:01:04.695736+02:00
295946330,de:11000:900170002:1:51,-0.1,2026-10-02T01:01:04.695736+02:00
295946330,de:11000:900170001:1:51,-0.9,2026-10-02T01:01:04.695736+02:00
295946330,de:11000:900170005:1:51,-0.7,2026-10-02T01:01:04.695736+02:00
295946330,de:11000:900171003:1:51,-0.6,2026-10-02T01:01:04.695736+02:00
295946330,de:11000:900171002:1:51,-0.9,2026-10-02T01:01:04.695736+02:00
295946330,de:11000:900160004:1:51,-0.3,2026-10-02T01:01:04.695736+02:00
295946330,de:11000:900160003:1:51,-0.4,2026-10-02T01:01:04.695736+02:00
295946330,de:11000:900120003:3:55,-0.6,2026-10-02T01:01:04.695736+02:00
295946330,de:11000:900120004:2:53,-0.1,2026-10-02T01:01:04.695736+02:00
295946330,de:11000:900120005:5:58,-0.4,2026-10-02T01:01:04.695736+02:00
295946330,de:11000:900100004:1:51,-0.9,2026-10-02T01:01:04.695736+02:00
295946330,de:11000:900100003:2:53,-0.9,2026-10-02T01:01:04.695736+02:00
295946330,de:11000:900100002:1:51,-0.9,2026-10-02T01:01:04.695736+02:00
295946330,de:11000:900100001:3:55,-0.9,2026-10-02T01:01:04.695736+02:00
295946330,de:11000:900003201:3:55,-0.6,2026-10-02T01:01:04.695736+02:00
295946330,de:11000:900003102:1:51,-0.3,2026-10-02T01:01:04.695736+02:00
295946330,de:11000:900003103:1:51,-0.4,2026-10-02T01:01:04.695736+02:00
295946330,de:11000:900023201:3:55,-0.3,2026-10-02T01:01:04.695736+02:00
295946330,de:11000:900024203:1:51,-0.3,2026-10-02T01:01:04.695736+02:00
295946330,de:11000:900024101:4:57,-0.3,2026-10-02T01:01:04.695736+02:00
295946330,de:11000:900024102:1:50,-0.6,2026-10-02T01:01:04.695736+02:00
295946330,de:11000:900048101:1:50,-0.8,2026-10-02T01:01:04.695736+02:00
295946330,de:11000:900052201:2:52,0.0,2026-10-02T01:01:04.695736+02:00
295946330,de:11000:900053301:1:50,-0.4,2026-10-02T01:01:04.695736+02:00
295946330,de:12054:900230003:1:50,-0.4,2026-10-02T01:01:04.695736+02:00
295946330,de:12054:900230000:1:51,-0.4,2026-10-02T01:01:04.695736+02:00
295946330,de:12054:900230999:3:55,-0.9,2026-10-02T01:01:04.695736+02:00
295949496,de:11000:900120005:4:56,0.0,2026-10-02T01:01:04.695736+02:00
295949496,de:11000:900120004:1:50,-0.6,2026-10-02T01:01:04.695736+02:00
295949496,de:11000:900120003:2:53,-0.9,2026-10-02T01:01:04.695736+02:00
295949496,de:11000:900160003:1:50,-0.2,2026-10-02T01:01:04.695736+02:00
295949496,de:11000:900160004:1:50,-0.2,2026-10-02T01:01:04.695736+02:00
295949496,de:11000:900171002:1:50,-0.7,2026-10-02T01:01:04.695736+02:00
295949496,de:11000:900171003:1:50,-0.8,2026-10-02T01:01:04.695736+02:00
295949496,de:11000:900170005:1:50,-0.3,2026-10-02T01:01:04.695736+02:00
295949496,de:11000:900170001:1:50,-0.1,2026-10-02T01:01:04.695736+02:00
295949496,de:11000:900170002:1:50,-0.9,2026-10-02T01:01:04.695736+02:00
295949496,de:11000:900170003:1:50,-0.7,2026-10-02T01:01:04.695736+02:00
295949496,de:11000:900170004:2:52,-0.9,2026-10-02T01:01:04.695736+02:00
295953481,de:11000:900120004:1:51,0.0,2026-10-02T01:01:04.695736+02:00
295953481,de:11000:900120003:2:52,-0.9,2026-10-02T01:01:04.695736+02:00
295953481,de:11000:900160003:1:50,-0.2,2026-10-02T01:01:04.695736+02:00
295953481,de:11000:900160004:1:50,-0.2,2026-10-02T01:01:04.695736+02:00
295953481,de:11000:900171002:1:50,-0.7,2026-10-02T01:01:04.695736+02:00
295953481,de:11000:900171003:1:50,-0.8,2026-10-02T01:01:04.695736+02:00
295953481,de:11000:900152002:1:50,-0.4,2026-10-02T01:01:04.695736+02:00
295953481,de:11000:900152001:1:50,-0.6,2026-10-02T01:01:04.695736+02:00
295953481,de:11000:900151001:1:51,-0.9,2026-10-02T01:01:04.695736+02:00
295956035,de:11000:900120004:1:51,0.0,2026-10-02T01:01:04.695736+02:00
295956035,de:11000:900120003:2:52,-0.9,2026-10-02T01:01:04.695736+02:00
295956035,de:11000:900160003:1:50,-0.2,2026-10-02T01:01:04.695736+02:00
295956035,de:11000:900160004:1:50,-0.2,2026-10-02T01:01:04.695736+02:00
295956035,de:11000:900171002:1:50,-0.7,2026-10-02T01:01:04.695736+02:00
295956035,de:11000:900171003:1:50,-0.8,2026-10-02T01:01:04.695736+02:00
295956035,de:11000:900152002:1:50,-0.4,2026-10-02T01:01:04.695736+02:00
295956035,de:11000:900152001:1:50,-0.6,2026-10-02T01:01:04.695736+02:00
295956035,de:11000:900151001:1:50,-0.9,2026-10-02T01:01:04.695736+02:00
295949523,de:11000:900170004:2:52,0.0,2026-10-02T01:01:04.695736+02:00
295949523,de:11000:900170003:1:51,-0.3,2026-10-02T01:01:04.695736+02:00
295949523,de:11000:900170002:1:51,-0.1,2026-10-02T01:01:04.695736+02:00
295949523,de:11000:900170001:1:51,-0.9,2026-10-02T01:01:04.695736+02:00
295949523,de:11000:900170005:1:51,-0.7,2026-10-02T01:01:04.695736+02:00
295949523,de:11000:900171003:1:51,-0.6,2026-10-02T01:01:04.695736+02:00
295949523,de:11000:900171002:1:51,-0.9,2026-10-02T01:01:04.695736+02:00
295949523,de:11000:900160004:1:51,-0.3,2026-10-02T01:01:04.695736+02:00
295949523,de:11000:900160003:1:51,-0.4,2026-10-02T01:01:04.695736+02:00
295949523,de:11000:900120003:3:55,-0.6,2026-10-02T01:01:04.695736+02:00
295949523,de:11000:900120004:2:53,-0.1,2026-10-02T01:01:04.695736+02:00
295949523,de:11000:900120005:5:58,-0.4,2026-10-02T01:01:04.695736+02:00
295949523,de:11000:900100004:1:51,-0.9,2026-10-02T01:01:04.695736+02:00
295949523,de:11000:900100003:2:53,-0.9,2026-10-02T01:01:04.695736+02:00
295949523,de:11000:900100002:1:51,-0.9,2026-10-02T01:01:04.695736+02:00
295949523,de:11000:900100001:3:55,-0.9,2026-10-02T01:01:04.695736+02:00
295949523,de:11000:900003201:3:55,-0.6,2026-10-02T01:01:04.695736+02:00
295949523,de:11000:900003102:1:51,-0.3,2026-10-02T01:01:04.695736+02:00
295949523,de:11000:900003103:1:51,-0.4,2026-10-02T01:01:04.695736+02:00
295949523,de:11000:900023201:3:55,-0.3,2026-10-02T01:01:04.695736+02:00
295949523,de:11000:900024203:1:51,-0.3,2026-10-02T01:01:04.695736+02:00
295949523,de:11000:900024101:4:57,-0.3,2026-10-02T01:01:04.695736+02:00
295949523,de:11000:900024102:1:50,-0.6,2026-10-02T01:01:04.695736+02:00
295949523,de:11000:900048101:1:50,-0.8,2026-10-02T01:01:04.695736+02:00
295949523,de:11000:900052201:2:52,0.0,2026-10-02T01:01:04.695736+02:00
295949523,de:11000:900053301:1:50,-0.4,2026-10-02T01:01:04.695736+02:00
295949523,de:12054:900230003:1:50,-0.4,2026-10-02T01:01:04.695736+02:00
295949523,de:12054:900230000:1:51,-0.4,2026-10-02T01:01:04.695736+02:00
295949523,de:12054:900230999:3:54,-0.9,2026-10-02T01:01:04.695736+02:00
307436881,de:12061:900261512:2:52,0.0,2026-10-02T01:01:04.695736+02:00
307436881,de:12066:900435602:2:51,0.0,2026-10-02T01:01:04.695736+02:00
307436881,de:12066:900435459:2:52,0.0,2026-10-02T01:01:04.695736+02:00
307436881,de:12066:900435818:1:50,0.0,2026-10-02T01:01:04.695736+02:00
307436881,de:12066:900435209:1:50,0.0,2026-10-02T01:01:04.695736+02:00
307436881,de:12066:900435339:1:50,0.0,2026-10-02T01:01:04.695736+02:00
307436881,de:12066:900435001:3:53,0.0,2026-10-02T01:01:04.695736+02:00
307436881,de:12066:900435000:2:53,0.0,2026-10-02T01:01:04.695736+02:00
307436027,de:12066:900435000:2:53,0.0,2026-10-02T01:01:04.695736+02:00
307436027,de:12066:900435001:2:51,0.0,2026-10-02T01:01:04.695736+02:00
307436027,de:12066:900435339:1:50,0.0,2026-10-02T01:01:04.695736+02:00
307436027,de:12066:900435209:1:50,0.0,2026-10-02T01:01:04.695736+02:00
307436027,de:12066:900435818:1:50,0.0,2026-10-02T01:01:04.695736+02:00
307436027,de:12066:900435459:3:53,0.0,2026-10-02T01:01:04.695736+02:00
307436027,de:12066:900435602:2:51,0.0,2026-10-02T01:01:04.695736+02:00
307436027,de:12061:900261512:2:52,0.0,2026-10-02T01:01:04.695736+02:00
295960000,de:12065:900200008:1:51,0.0,2026-10-02T01:01:04.695736+02:00
295960000,de:12065:900200009:1:51,-0.7,2026-10-02T01:01:04.695736+02:00
295960000,de:12065:900200011:1:51,-0.3,2026-10-02T01:01:04.695736+02:00
295960000,de:12065:900200012:1:51,-0.8,2026-10-02T01:01:04.695736+02:00
295960000,de:12065:900200013:1:50,-0.4,2026-10-02T01:01:04.695736+02:00
295960000,de:11000:900142001:1:51,-0.7,2026-10-02T01:01:04.695736+02:00
295960000,de:11000:900130001:1:51,-0.2,2026-10-02T01:01:04.695736+02:00
295960000,de:11000:900130002:1:51,-0.7,2026-10-02T01:01:04.695736+02:00
295960000,de:11000:900110011:1:51,-0.2,2026-10-02T01:01:04.695736+02:00
295960000,de:11000:900110001:1:50,-0.2,2026-10-02T01:01:04.695736+02:00
295960000,de:11000:900110002:1:50,-0.9,2026-10-02T01:01:04.695736+02:00
295960000,de:11000:900110003:1:50,-0.9,2026-10-02T01:01:04.695736+02:00
295960000,de:11000:900110004:1:50,-0.3,2026-10-02T01:01:04.695736+02:00
295960000,de:11000:900110012:1:50,-0.2,2026-10-02T01:01:04.695736+02:00
295960000,de:11000:900120001:1:50,-0.2,2026-10-02T01:01:04.695736+02:00
295960000,de:11000:900120003:5:58,-0.6,2026-10-02T01:01:04.695736+02:00
295960000,de:11000:900190001:1:50,-0.1,2026-10-02T01:01:04.695736+02:00
295960000,de:11000:900191002:1:50,0.0,2026-10-02T01:01:04.695736+02:00
295960000,de:11000:900191001:2:52,-0.4,2026-10-02T01:01:04.695736+02:00
295960000,de:11000:900192001:2:52,-0.2,2026-10-02T01:01:04.695736+02:00
295960000,de:11000:900193001:1:50,-0.7,2026-10-02T01:01:04.695736+02:00
295960000,de:11000:900193002:1:50,-0.3,2026-10-02T01:01:04.695736+02:00
295960000,de:11000:900186001:1:50,-0.3,2026-10-02T01:01:04.695736+02:00
295960000,de:12061:900260004:1:50,-0.7,2026-10-02T01:01:04.695736+02:00
295960000,de:12061:900260003:1:50,-0.9,2026-10-02T01:01:04.695736+02:00
295960000,de:12061:900260002:1:50,-0.9,2026-10-02T01:01:04.695736+02:00
295959995,de:12065:900200008:1:51,0.0,2026-10-02T01:01:04.695736+02:00
295959995,de:12065:900200009:1:51,-0.7,2026-10-02T01:01:04.695736+02:00
295959995,de:12065:900200011:1:51,-0.3,2026-10-02T01:01:04.695736+02:00
295959995,de:12065:900200012:1:51,-0.8,2026-10-02T01:01:04.695736+02:00
295959995,de:12065:900200013:1:50,-0.4,2026-10-02T01:01:04.695736+02:00
295959995,de:11000:900142001:1:51,-0.7,2026-10-02T01:01:04.695736+02:00
295959995,de:11000:900130001:1:51,-0.2,2026-10-02T01:01:04.695736+02:00
295959995,de:11000:900130002:1:51,-0.7,2026-10-02T01:01:04.695736+02:00
295959995,de:11000:900110011:1:51,-0.2,2026-10-02T01:01:04.695736+02:00
295959995,de:11000:900110001:1:50,-0.2,2026-10-02T01:01:04.695736+02:00
295959995,de:11000:900110002:1:50,-0.9,2026-10-02T01:01:04.695736+02:00
295959995,de:11000:900110003:1:50,-0.9,2026-10-02T01:01:04.695736+02:00
295959995,de:11000:900110004:1:50,-0.3,2026-10-02T01:01:04.695736+02:00
295959995,de:11000:900110012:1:50,-0.2,2026-10-02T01:01:04.695736+02:00
295959995,de:11000:900120001:1:50,-0.2,2026-10-02T01:01:04.695736+02:00
295959995,de:11000:900120003:5:58,-0.6,2026-10-02T01:01:04.695736+02:00
295959995,de:11000:900190001:1:50,-0.1,2026-10-02T01:01:04.695736+02:00
295959995,de:11000:900191002:1:50,0.0,2026-10-02T01:01:04.695736+02:00
295959995,de:11000:900191001:2:52,-0.4,2026-10-02T01:01:04.695736+02:00
295959995,de:11000:900192001:2:52,-0.2,2026-10-02T01:01:04.695736+02:00
295959995,de:11000:900193001:1:50,-0.7,2026-10-02T01:01:04.695736+02:00
295959995,de:11000:900193002:1:50,-0.3,2026-10-02T01:01:04.695736+02:00
295959995,de:11000:900186001:1:50,-0.3,2026-10-02T01:01:04.695736+02:00
295959995,de:12061:900260004:1:50,-0.7,2026-10-02T01:01:04.695736+02:00
295959995,de:12061:900260003:1:50,-0.9,2026-10-02T01:01:04.695736+02:00
295959995,de:12061:900260002:1:50,-0.9,2026-10-02T01:01:04.695736+02:00
295959965,de:12065:900200008:1:51,0.0,2026-10-02T01:01:04.695736+02:00
295959965,de:12065:900200009:1:51,-0.7,2026-10-02T01:01:04.695736+02:00
295959965,de:12065:900200011:1:51,-0.3,2026-10-02T01:01:04.695736+02:00
295959965,de:12065:900200012:1:51,-0.8,2026-10-02T01:01:04.695736+02:00
295959965,de:12065:900200013:1:50,-0.4,2026-10-02T01:01:04.695736+02:00
295959965,de:11000:900142001:1:51,-0.7,2026-10-02T01:01:04.695736+02:00
295959965,de:11000:900130001:1:51,-0.2,2026-10-02T01:01:04.695736+02:00
295959965,de:11000:900130002:1:51,-0.7,2026-10-02T01:01:04.695736+02:00
295959965,de:11000:900110011:1:51,-0.2,2026-10-02T01:01:04.695736+02:00
295959965,de:11000:900110001:1:50,-0.2,2026-10-02T01:01:04.695736+02:00
295959965,de:11000:900110002:1:50,-0.9,2026-10-02T01:01:04.695736+02:00
295959965,de:11000:900110003:1:50,-0.9,2026-10-02T01:01:04.695736+02:00
295959965,de:11000:900110004:1:50,-0.3,2026-10-02T01:01:04.695736+02:00
295959965,de:11000:900110012:1:50,-0.2,2026-10-02T01:01:04.695736+02:00
295959965,de:11000:900120001:1:50,-0.2,2026-10-02T01:01:04.695736+02:00
295959965,de:11000:900120003:5:58,-0.6,2026-10-02T01:01:04.695736+02:00
295959965,de:11000:900190001:1:50,-0.1,2026-10-02T01:01:04.695736+02:00
295959965,de:11000:900191002:1:50,0.0,2026-10-02T01:01:04.695736+02:00
295959965,de:11000:900191001:2:52,-0.4,2026-10-02T01:01:04.695736+02:00
295959965,de:11000:900192001:2:52,-0.2,2026-10-02T01:01:04.695736+02:00
295959965,de:11000:900193001:1:50,-0.7,2026-10-02T01:01:04.695736+02:00
295959965,de:11000:900193002:1:50,-0.3,2026-10-02T01:01:04.695736+02:00
295959965,de:11000:900186001:1:51,-0.3,2026-10-02T01:01:04.695736+02:00
295960034,de:11000:900186001:2:53,0.0,2026-10-02T01:01:04.695736+02:00
295960034,de:11000:900193002:1:51,-0.2,2026-10-02T01:01:04.695736+02:00
295960034,de:11000:900193001:2:51,-0.8,2026-10-02T01:01:04.695736+02:00
295960034,de:11000:900192001:3:55,-0.7,2026-10-02T01:01:04.695736+02:00
295960034,de:11000:900191001:1:50,-0.4,2026-10-02T01:01:04.695736+02:00
295960034,de:11000:900191002:1:51,-0.8,2026-10-02T01:01:04.695736+02:00
295960034,de:11000:900190001:2:53,-0.6,2026-10-02T01:01:04.695736+02:00
295960034,de:11000:900120003:5:59,0.0,2026-10-02T01:01:04.695736+02:00
295960034,de:11000:900120001:1:51,-0.6,2026-10-02T01:01:04.695736+02:00
295960034,de:11000:900110012:1:51,-0.8,2026-10-02T01:01:04.695736+02:00
295960034,de:11000:900110004:1:51,-0.7,2026-10-02T01:01:04.695736+02:00
295960034,de:11000:900110003:1:51,0.0,2026-10-02T01:01:04.695736+02:00
295960034,de:11000:900110002:1:51,0.0,2026-10-02T01:01:04.695736+02:00
295960034,de:11000:900110001:1:51,-0.7,2026-10-02T01:01:04.695736+02:00
295960034,de:11000:900110011:2:52,-0.4,2026-10-02T01:01:04.695736+02:00
295960034,de:11000:900130002:1:50,0.0,2026-10-02T01:01:04.695736+02:00
295960034,de:11000:900130001:1:50,-0.7,2026-10-02T01:01:04.695736+02:00
295960034,de:11000:900142001:1:50,-0.2,2026-10-02T01:01:04.695736+02:00
295960034,de:12065:900200013:1:50,-0.3,2026-10-02T01:01:04.695736+02:00
295960034,de:12065:900200012:1:50,-0.9,2026-10-02T01:01:04.695736+02:00
295960034,de:12065:900200011:1:50,-0.4,2026-10-02T01:01:04.695736+02:00
295960034,de:12065:900200009:1:50,-0.9,2026-10-02T01:01:04.695736+02:00
295960034,de:12065:900200008:1:50,-0.9,2026-10-02T01:01:04.695736+02:00
306895544,de:12067:900311083::3,0.0,2026-10-02T01:01:04.695736+02:00
306895544,de:12067:900310775::1,0.0,2026-10-02T01:01:04.695736+02:00
306895544,de:12067:900311083::2,0.0,2026-10-02T01:01:04.695736+02:00
306895544,de:12067:900310814::2,0.0,2026-10-02T01:01:04.695736+02:00
306895544,de:12067:900310804::2,0.0,2026-10-02T01:01:04.695736+02:00
306895544,de:12067:900311150::2,0.0,2026-10-02T01:01:04.695736+02:00
306895544,de:12067:900311135::2,0.0,2026-10-02T01:01:04.695736+02:00
306895544,de:12067:900311149::2,0.0,2026-10-02T01:01:04.695736+02:00
306895544,de:12067:900310001::11,0.0,2026-10-02T01:01:04.695736+02:00
306895544,de:12067:900310001::2,0.0,2026-10-02T01:01:04.695736+02:00
306895544,de:12067:900310816::1,0.0,2026-10-02T01:01:04.695736+02:00
306895544,de:12067:900310627::1,0.0,2026-10-02T01:01:04.695736+02:00
306895544,de:12067:900311151::1,0.0,2026-10-02T01:01:04.695736+02:00
306895544,de:12067:900311152::1,0.0,2026-10-02T01:01:04.695736+02:00
306895544,de:12067:900310823::1,0.0,2026-10-02T01:01:04.695736+02:00
306895544,de:12067:900310773::1,0.0,2026-10-02T01:01:04.695736+02:00
306895544,de:12067:900311109::1,0.0,2026-10-02T01:01:04.695736+02:00
306895544,de:12067:900310782::1,0.0,2026-10-02T01:01:04.695736+02:00
306895544,de:12067:900310010::2,0.0,2026-10-02T01:01:04.695736+02:00
306895544,de:12067:900310770::2,0.0,2026-10-02T01:01:04.695736+02:00
306895544,de:12067:900310695::2,0.0,2026-10-02T01:01:04.695736+02:00
306895544,de:12067:900310769::1,0.0,2026-10-02T01:01:04.695736+02:00
306895544,de:12067:900310810::2,0.0,2026-10-02T01:01:04.695736+02:00
306895544,de:12067:900310980::1,0.0,2026-10-02T01:01:04.695736+02:00
295960138,de:12061:900260002:1:50,0.0,2026-10-02T01:01:04.695736+02:00
295960138,de:12061:900260003:1:51,-0.7,2026-10-02T01:01:04.695736+02:00
295960138,de:12061:900260004:1:51,-0.9,2026-10-02T01:01:04.695736+02:00
295960138,de:11000:900186001:2:53,-0.2,2026-10-02T01:01:04.695736+02:00
295960138,de:11000:900193002:1:51,-0.2,2026-10-02T01:01:04.695736+02:00
295960138,de:11000:900193001:2:51,-0.8,2026-10-02T01:01:04.695736+02:00
295960138,de:11000:900192001:3:55,-0.7,2026-10-02T01:01:04.695736+02:00
295960138,de:11000:900191001:1:50,-0.4,2026-10-02T01:01:04.695736+02:00
295960138,de:11000:900191002:1:51,-0.8,2026-10-02T01:01:04.695736+02:00
295960138,de:11000:900190001:2:53,-0.6,2026-10-02T01:01:04.695736+02:00
295960138,de:11000:900120003:5:59,0.0,2026-10-02T01:01:04.695736+02:00
295960138,de:11000:900120001:1:51,-0.6,2026-10-02T01:01:04.695736+02:00
295960138,de:11000:900110012:1:51,-0.8,2026-10-02T01:01:04.695736+02:00
295960138,de:11000:900110004:1:51,-0.7,2026-10-02T01:01:04.695736+02:00
295960138,de:11000:900110003:1:51,0.0,2026-10-02T01:01:04.695736+02:00
295960138,de:11000:900110002:1:51,0.0,2026-10-02T01:01:04.695736+02:00
295960138,de:11000:900110001:1:51,-0.7,2026-10-02T01:01:04.695736+02:00
295960138,de:11000:900110011:2:52,-0.4,2026-10-02T01:01:04.695736+02:00
295960138,de:11000:900130002:1:50,0.0,2026-10-02T01:01:04.695736+02:00
295960138,de:11000:900130001:1:50,-0.7,2026-10-02T01:01:04.695736+02:00
295960138,de:11000:900142001:1:50,-0.2,2026-10-02T01:01:04.695736+02:00
295960138,de:12065:900200013:1:50,-0.3,2026-10-02T01:01:04.695736+02:00
295960138,de:12065:900200012:1:50,-0.9,2026-10-02T01:01:04.695736+02:00
295960138,de:12065:900200011:1:50,-0.4,2026-10-02T01:01:04.695736+02:00
295960138,de:12065:900200009:1:50,-0.9,2026-10-02T01:01:04.695736+02:00
295960138,de:12065:900200008:1:50,-0.9,2026-10-02T01:01:04.695736+02:00
295960010,de:11000:900186001:2:52,0.0,2026-10-02T01:01:04.695736+02:00
295960010,de:11000:900193002:1:51,-0.2,2026-10-02T01:01:04.695736+02:00
295960010,de:11000:900193001:2:51,-0.8,2026-10-02T01:01:04.695736+02:00
295960010,de:11000:900192001:3:55,-0.7,2026-10-02T01:01:04.695736+02:00
295960010,de:11000:900191001:1:50,-0.4,2026-10-02T01:01:04.695736+02:00
295960010,de:11000:900191002:1:51,-0.8,2026-10-02T01:01:04.695736+02:00
295960010,de:11000:900190001:2:53,-0.6,2026-10-02T01:01:04.695736+02:00
295960010,de:11000:900120003:5:59,0.0,2026-10-02T01:01:04.695736+02:00
295960010,de:11000:900120001:1:51,-0.6,2026-10-02T01:01:04.695736+02:00
295960010,de:11000:900110012:1:51,-0.8,2026-10-02T01:01:04.695736+02:00
295960010,de:11000:900110004:1:51,-0.7,2026-10-02T01:01:04.695736+02:00
295960010,de:11000:900110003:1:51,0.0,2026-10-02T01:01:04.695736+02:00
295960010,de:11000:900110002:1:51,0.0,2026-10-02T01:01:04.695736+02:00
295960010,de:11000:900110001:1:51,-0.7,2026-10-02T01:01:04.695736+02:00
295960010,de:11000:900110011:2:52,-0.4,2026-10-02T01:01:04.695736+02:00
295960010,de:11000:900130002:1:50,0.0,2026-10-02T01:01:04.695736+02:00
295960010,de:11000:900130001:1:50,-0.7,2026-10-02T01:01:04.695736+02:00
295960010,de:11000:900142001:1:50,-0.2,2026-10-02T01:01:04.695736+02:00
295960010,de:12065:900200013:1:50,-0.3,2026-10-02T01:01:04.695736+02:00
295960010,de:12065:900200012:1:50,-0.9,2026-10-02T01:01:04.695736+02:00
295960010,de:12065:900200011:1:50,-0.4,2026-10-02T01:01:04.695736+02:00
295960010,de:12065:900200009:1:50,-0.9,2026-10-02T01:01:04.695736+02:00
295960010,de:12065:900200008:1:50,-0.9,2026-10-02T01:01:04.695736+02:00
295963608,de:11000:900092201:1:51,0.0,2026-10-02T01:01:04.695736+02:00
295963608,de:11000:900093201:1:51,-0.4,2026-10-02T01:01:04.695736+02:00
295963608,de:11000:900094101:1:51,-0.3,2026-10-02T01:01:04.695736+02:00
295963608,de:11000:900096101:1:51,-0.1,2026-10-02T01:01:04.695736+02:00
295963608,de:11000:900084101:1:51,-0.2,2026-10-02T01:01:04.695736+02:00
295963608,de:11000:900085201:1:51,-0.8,2026-10-02T01:01:04.695736+02:00
295963608,de:11000:900130003:1:51,-0.8,2026-10-02T01:01:04.695736+02:00
295963608,de:11000:900110011:1:50,-0.9,2026-10-02T01:01:04.695736+02:00
295963608,de:11000:900110001:1:50,-0.2,2026-10-02T01:01:04.695736+02:00
295963608,de:11000:900110002:1:50,-0.9,2026-10-02T01:01:04.695736+02:00
295963608,de:11000:900110003:1:50,-0.9,2026-10-02T01:01:04.695736+02:00
295963608,de:11000:900110004:1:50,-0.3,2026-10-02T01:01:04.695736+02:00
295963608,de:11000:900110012:1:50,-0.2,2026-10-02T01:01:04.695736+02:00
295963608,de:11000:900120001:1:50,-0.2,2026-10-02T01:01:04.695736+02:00
295963608,de:11000:900120003:5:58,-0.6,2026-10-02T01:01:04.695736+02:00
295963608,de:11000:900190001:1:51,-0.1,2026-10-02T01:01:04.695736+02:00
295963608,de:11000:900191002:1:50,0.0,2026-10-02T01:01:04.695736+02:00
295963608,de:11000:900191001:2:52,-0.4,2026-10-02T01:01:04.695736+02:00
295963608,de:11000:900192001:2:52,-0.2,2026-10-02T01:01:04.695736+02:00
295963608,de:11000:900193001:1:50,-0.7,2026-10-02T01:01:04.695736+02:00
295963608,de:11000:900193002:1:50,-0.3,2026-10-02T01:01:04.695736+02:00
295963608,de:11000:900195510:1:51,-0.7,2026-10-02T01:01:04.695736+02:00
295963608,de:11000:900196001:1:50,-0.9,2026-10-02T01:01:04.695736+02:00
295963608,de:12061:900260005:3:54,-0.7,2026-10-02T01:01:04.695736+02:00
295963608,de:12061:900260080:1:50,0.0,2026-10-02T01:01:04.695736+02:00
295963608,de:12061:900260009:3:56,-0.2,2026-10-02T01:01:04.695736+02:00
306895229,de:12061:900261462::1,0.0,2026-10-02T01:01:04.695736+02:00
306895229,de:12061:900261459::1,0.0,2026-10-02T01:01:04.695736+02:00
306895229,de:12061:900261610::1,-0.5,2026-10-02T01:01:04.695736+02:00
306895229,de:12061:900261192::2,0.0,2026-10-02T01:01:04.695736+02:00
306895229,de:12061:900261955::2,0.0,2026-10-02T01:01:04.695736+02:00
306895229,de:12061:900261964::1,0.0,2026-10-02T01:01:04.695736+02:00
306895229,de:12067:900310899::1,0.0,2026-10-02T01:01:04.695736+02:00
306895229,de:12067:900310011::2,0.0,2026-10-02T01:01:04.695736+02:00
306895229,de:12067:900310840::1,0.0,2026-10-02T01:01:04.695736+02:00
306895229,de:12067:900310750::1,0.0,2026-10-02T01:01:04.695736+02:00
306895229,de:12067:900311074::1,0.0,2026-10-02T01:01:04.695736+02:00
306895229,de:12067:900311075::1,0.0,2026-10-02T01:01:04.695736+02:00
306895229,de:12067:900311073::1,0.0,2026-10-02T01:01:04.695736+02:00
306895229,de:12067:900310859::1,0.0,2026-10-02T01:01:04.695736+02:00
306895229,de:12067:900310926::1,0.0,2026-10-02T01:01:04.695736+02:00
306895229,de:12067:900310766::1,0.0,2026-10-02T01:01:04.695736+02:00
306895229,de:12067:900310765::1,0.0,2026-10-02T01:01:04.695736+02:00
306895229,de:12067:900310918::1,0.0,2026-10-02T01:01:04.695736+02:00
306895229,de:12067:900310911::2,0.0,2026-10-02T01:01:04.695736+02:00
306895229,de:12067:900310714::1,0.0,2026-10-02T01:01:04.695736+02:00
306895229,de:12067:900310725::2,0.0,2026-10-02T01:01:04.695736+02:00
306895229,de:12067:900310738::2,0.0,2026-10-02T01:01:04.695736+02:00
306895229,de:12067:900310639::1,0.0,2026-10-02T01:01:04.695736+02:00
306895229,de:12067:900310626::1,0.0,2026-10-02T01:01:04.695736+02:00
306895229,de:12067:900310727::1,0.0,2026-10-02T01:01:04.695736+02:00
306895229,de:12067:900310755::2,0.0,2026-10-02T01:01:04.695736+02:00
306895229,de:12067:900310728::1,0.0,2026-10-02T01:01:04.695736+02:00
306895229,de:12067:900311129::6,0.0,2026-10-02T01:01:04.695736+02:00
295967965,de:12061:900260009:3:55,0.0,2026-10-02T01:01:04.695736+02:00
295967965,de:12061:900260080:1:51,-0.7,2026-10-02T01:01:04.695736+02:00
295967965,de:12061:900260005:3:55,0.0,2026-10-02T01:01:04.695736+02:00
295967965,de:11000:900196001:1:51,0.0,2026-10-02T01:01:04.695736+02:00
295967965,de:11000:900195510:1:50,-0.4,2026-10-02T01:01:04.695736+02:00
295967965,de:11000:900193002:1:51,-0.6,2026-10-02T01:01:04.695736+02:00
295967965,de:11000:900193001:2:51,-0.3,2026-10-02T01:01:04.695736+02:00
295967965,de:11000:900192001:3:55,-0.2,2026-10-02T01:01:04.695736+02:00
295967965,de:11000:900191001:1:50,0.0,2026-10-02T01:01:04.695736+02:00
295967965,de:11000:900191002:1:51,-0.7,2026-10-02T01:01:04.695736+02:00
295967965,de:11000:900190001:2:53,-0.4,2026-10-02T01:01:04.695736+02:00
295967965,de:11000:900120004:2:53,-0.9,2026-10-02T01:01:04.695736+02:00
295967965,de:11000:900120005:5:58,-0.1,2026-10-02T01:01:04.695736+02:00
295967965,de:11000:900100004:1:51,-0.4,2026-10-02T01:01:04.695736+02:00
295967965,de:11000:900100003:2:53,-0.4,2026-10-02T01:01:04.695736+02:00
295967965,de:11000:900100002:1:51,-0.4,2026-10-02T01:01:04.695736+02:00
295967965,de:11000:900100001:3:55,-0.4,2026-10-02T01:01:04.695736+02:00
295967965,de:11000:900003201:3:55,-0.1,2026-10-02T01:01:04.695736+02:00
295967965,de:11000:900003102:1:51,-0.8,2026-10-02T01:01:04.695736+02:00
295967965,de:11000:900003103:1:51,-0.9,2026-10-02T01:01:04.695736+02:00
295967965,de:11000:900023201:3:55,-0.8,2026-10-02T01:01:04.695736+02:00
295967965,de:11000:900024203:1:51,-0.8,2026-10-02T01:01:04.695736+02:00
295967965,de:11000:900024101:4:57,-0.8,2026-10-02T01:01:04.695736+02:00
295967965,de:11000:900024102:1:50,-0.1,2026-10-02T01:01:04.695736+02:00
295967965,de:11000:900025423:1:50,-0.4,2026-10-02T01:01:04.695736+02:00
295967965,de:11000:900026105:1:50,-0.7,2026-10-02T01:01:04.695736+02:00
295967965,de:11000:900025321:1:50,-0.3,2026-10-02T01:01:04.695736+02:00
295967965,de:11000:900025424:1:50,-0.3,2026-10-02T01:01:04.695736+02:00
295967965,de:11000:900030202:1:50,-0.9,2026-10-02T01:01:04.695736+02:00
295967965,de:11000:900029101:1:51,-0.9,2026-10-02T01:01:04.695736+02:00
295967957,de:12061:900260009:3:55,0.0,2026-10-02T01:01:04.695736+02:00
295967957,de:12061:900260080:1:51,-0.7,2026-10-02T01:01:04.695736+02:00
295967957,de:12061:900260005:3:55,0.0,2026-10-02T01:01:04.695736+02:00
295967957,de:11000:900196001:1:51,0.0,2026-10-02T01:01:04.695736+02:00
295967957,de:11000:900195510:1:50,-0.4,2026-10-02T01:01:04.695736+02:00
295967957,de:11000:900193002:1:51,-0.6,2026-10-02T01:01:04.695736+02:00
295967957,de:11000:900193001:2:51,-0.3,2026-10-02T01:01:04.695736+02:00
295967957,de:11000:900192001:3:55,-0.2,2026-10-02T01:01:04.695736+02:00
295967957,de:11000:900191001:1:50,0.0,2026-10-02T01:01:04.695736+02:00
295967957,de:11000:900191002:1:51,-0.7,2026-10-02T01:01:04.695736+02:00
295967957,de:11000:900190001:2:53,-0.4,2026-10-02T01:01:04.695736+02:00
295967957,de:11000:900120004:2:53,-0.9,2026-10-02T01:01:04.695736+02:00
295967957,de:11000:900120005:5:58,-0.1,2026-10-02T01:01:04.695736+02:00
295967957,de:11000:900100004:1:51,-0.4,2026-10-02T01:01:04.695736+02:00
295967957,de:11000:900100003:2:53,-0.4,2026-10-02T01:01:04.695736+02:00
295967957,de:11000:900100002:1:51,-0.4,2026-10-02T01:01:04.695736+02:00
295967957,de:11000:900100001:3:55,-0.4,2026-10-02T01:01:04.695736+02:00
295967957,de:11000:900003201:3:55,-0.1,2026-10-02T01:01:04.695736+02:00
295967957,de:11000:900003102:1:51,-0.8,2026-10-02T01:01:04.695736+02:00
295967957,de:11000:900003103:1:51,-0.9,2026-10-02T01:01:04.695736+02:00
295967957,de:11000:900023201:3:55,-0.8,2026-10-02T01:01:04.695736+02:00
295967957,de:11000:900024203:1:51,-0.8,2026-10-02T01:01:04.695736+02:00
295967957,de:11000:900024101:4:57,-0.8,2026-10-02T01:01:04.695736+02:00
295967957,de:11000:900024102:1:50,-0.1,2026-10-02T01:01:04.695736+02:00
295967957,de:11000:900025423:1:50,-0.4,2026-10-02T01:01:04.695736+02:00
295967957,de:11000:900026105:1:50,-0.7,2026-10-02T01:01:04.695736+02:00
295967957,de:11000:900025321:1:50,-0.3,2026-10-02T01:01:04.695736+02:00
295967957,de:11000:900025424:1:50,-0.3,2026-10-02T01:01:04.695736+02:00
295967957,de:11000:900030202:1:50,-0.9,2026-10-02T01:01:04.695736+02:00
295967957,de:11000:900029101:1:51,-0.9,2026-10-02T01:01:04.695736+02:00
295967779,de:11000:900029101:1:51,0.0,2026-10-02T01:01:04.695736+02:00
295967779,de:11000:900030202:1:50,-0.3,2026-10-02T01:01:04.695736+02:00
295967779,de:11000:900025424:1:51,-0.2,2026-10-02T01:01:04.695736+02:00
295967779,de:11000:900025321:1:51,-0.2,2026-10-02T01:01:04.695736+02:00
295967779,de:11000:900026105:1:50,-0.4,2026-10-02T01:01:04.695736+02:00
295967779,de:11000:900025423:1:50,-0.7,2026-10-02T01:01:04.695736+02:00
295967779,de:11000:900024102:2:53,-0.7,2026-10-02T01:01:04.695736+02:00
295967779,de:11000:900024101:3:55,-0.3,2026-10-02T01:01:04.695736+02:00
295967779,de:11000:900024203:1:51,-0.8,2026-10-02T01:01:04.695736+02:00
295967779,de:11000:900023201:3:54,-0.7,2026-10-02T01:01:04.695736+02:00
295967779,de:11000:900003103:1:50,-0.8,2026-10-02T01:01:04.695736+02:00
295967779,de:11000:900003102:1:50,-0.9,2026-10-02T01:01:04.695736+02:00
295967779,de:11000:900003201:3:54,-0.5,2026-10-02T01:01:04.695736+02:00
295967779,de:11000:900100001:3:54,-0.1,2026-10-02T01:01:04.695736+02:00
295967779,de:11000:900100002:1:50,-0.4,2026-10-02T01:01:04.695736+02:00
295967779,de:11000:900100003:2:52,-0.1,2026-10-02T01:01:04.695736+02:00
295967779,de:11000:900100004:1:50,-0.4,2026-10-02T01:01:04.695736+02:00
295967779,de:11000:900120005:4:55,-0.6,2026-10-02T01:01:04.695736+02:00
295967779,de:11000:900120004:1:50,-0.1,2026-10-02T01:01:04.695736+02:00
295967779,de:11000:900190001:1:51,-0.2,2026-10-02T01:01:04.695736+02:00
295967779,de:11000:900191002:1:50,0.0,2026-10-02T01:01:04.695736+02:00
295967779,de:11000:900191001:2:52,-0.4,2026-10-02T01:01:04.695736+02:00
295967779,de:11000:900192001:2:52,-0.7,2026-10-02T01:01:04.695736+02:00
295967779,de:11000:900193001:1:50,-0.2,2026-10-02T01:01:04.695736+02:00
295967779,de:11000:900193002:1:50,-0.8,2026-10-02T01:01:04.695736+02:00
295967779,de:11000:900195510:1:51,-0.2,2026-10-02T01:01:04.695736+02:00
295967779,de:11000:900196001:1:50,-0.4,2026-10-02T01:01:04.695736+02:00
295967779,de:12061:900260005:3:54,-0.2,2026-10-02T01:01:04.695736+02:00
295967779,de:12061:900260080:1:50,-0.7,2026-10-02T01:01:04.695736+02:00
295967779,de:12061:900260009:3:55,-0.9,2026-10-02T01:01:04.695736+02:00
307434571,de:12052:900470000:2:52,0.0,2026-10-02T01:01:04.695736+02:00
307434571,de:12071:900445884:1:50,0.0,2026-10-02T01:01:04.695736+02:00
307434571,de:12066:900435884:1:50,0.0,2026-10-02T01:01:04.695736+02:00
307434571,de:12066:900435697:1:50,0.0,2026-10-02T01:01:04.695736+02:00
307434571,de:12066:900435602:1:50,0.0,2026-10-02T01:01:04.695736+02:00
307434571,de:12061:900261512:1:50,0.0,2026-10-02T01:01:04.695736+02:00
307434571,de:12061:900260019:1:50,0.0,2026-10-02T01:01:04.695736+02:00
307434571,de:12061:900260611:2:51,0.0,2026-10-02T01:01:04.695736+02:00
307434547,de:12052:900470000:2:52,0.0,2026-10-02T01:01:04.695736+02:00
307434547,de:12071:900445884:1:50,0.0,2026-10-02T01:01:04.695736+02:00
307434547,de:12066:900435884:1:50,0.0,2026-10-02T01:01:04.695736+02:00
307434547,de:12066:900435697:1:50,0.0,2026-10-02T01:01:04.695736+02:00
307434547,de:12066:900435602:1:50,0.0,2026-10-02T01:01:04.695736+02:00
307434547,de:12061:900261512:1:50,0.0,2026-10-02T01:01:04.695736+02:00
307434547,de:12061:900260019:1:50,0.0,2026-10-02T01:01:04.695736+02:00
307434547,de:12061:900260611:2:51,0.0,2026-10-02T01:01:04.695736+02:00
307435160,de:12061:900260005:1:50,0.0,2026-10-02T01:01:04.695736+02:00
307435160,de:11000:900192001:1:51,0.0,2026-10-02T01:01:04.695736+02:00
306042263,de:12064:900321027::1,0.0,2026-10-02T01:01:04.695736+02:00
306042263,de:12064:900321037::2,0.0,2026-10-02T01:01:04.695736+02:00
306042263,de:12064:900321035::2,0.0,2026-10-02T01:01:04.695736+02:00
306042263,de:12064:900321041::2,0.0,2026-10-02T01:01:04.695736+02:00
306042263,de:12064:900321030::1,0.0,2026-10-02T01:01:04.695736+02:00
306042263,de:12064:900321023::2,0.0,2026-10-02T01:01:04.695736+02:00
306042263,de:12064:900321044::2,0.0,2026-10-02T01:01:04.695736+02:00
306042263,de:12064:900321040::2,0.0,2026-10-02T01:01:04.695736+02:00
306042263,de:12064:900321014::2,0.0,2026-10-02T01:01:04.695736+02:00
306042263,de:12064:900321013::1,0.0,2026-10-02T01:01:04.695736+02:00
306042263,de:12064:900321148::2,0.0,2026-10-02T01:01:04.695736+02:00
306042263,de:12064:900321003::1,0.0,2026-10-02T01:01:04.695736+02:00
306042263,de:12064:900321179::2,0.0,2026-10-02T01:01:04.695736+02:00
306042263,de:12064:900321178::1,0.0,2026-10-02T01:01:04.695736+02:00
306042263,de:12064:900321168::2,0.0,2026-10-02T01:01:04.695736+02:00
306042263,de:12064:900321171::2,0.0,2026-10-02T01:01:04.695736+02:00
306042263,de:12064:900321173::2,0.0,2026-10-02T01:01:04.695736+02:00
306042263,de:12064:900320302::2,0.0,2026-10-02T01:01:04.695736+02:00
306042263,de:12064:900320300::2,0.0,2026-10-02T01:01:04.695736+02:00
306042263,de:12064:900320301::2,0.0,2026-10-02T01:01:04.695736+02:00
306042263,de:12064:900321154::1,0.0,2026-10-02T01:01:04.695736+02:00
306042263,de:12064:900321074::2,0.0,2026-10-02T01:01:04.695736+02:00
306042263,de:12064:900320838::2,0.0,2026-10-02T01:01:04.695736+02:00
306042263,de:12064:900321098::2,0.0,2026-10-02T01:01:04.695736+02:00
306042263,de:12064:900320875::2,0.0,2026-10-02T01:01:04.695736+02:00
306042263,de:12064:900320876::1,0.0,2026-10-02T01:01:04.695736+02:00
306042263,de:12064:900320874::2,0.0,2026-10-02T01:01:04.695736+02:00
306042263,de:12064:900320877::2,0.0,2026-10-02T01:01:04.695736+02:00
306042263,de:12064:900320564::2,0.0,2026-10-02T01:01:04.695736+02:00
306042263,de:12064:900320559::1,0.0,2026-10-02T01:01:04.695736+02:00
306042263,de:12064:900320001::2,0.0,2026-10-02T01:01:04.695736+02:00
306045589,de:12064:900320119::2,0.0,2026-10-02T01:01:04.695736+02:00
306045589,de:12064:900320120::4,0.0,2026-10-02T01:01:04.695736+02:00
306045589,de:12064:900320132::2,0.0,2026-10-02T01:01:04.695736+02:00
306045589,de:12064:900320114::2,0.0,2026-10-02T01:01:04.695736+02:00
306045589,de:12064:900320116::2,0.0,2026-10-02T01:01:04.695736+02:00
306045589,de:12064:900320115::2,0.0,2026-10-02T01:01:04.695736+02:00
306045589,de:12064:900320007::2,0.0,2026-10-02T01:01:04.695736+02:00
306045589,de:12064:900320113::2,0.0,2026-10-02T01:01:04.695736+02:00
306045589,de:12064:900320124::2,0.0,2026-10-02T01:01:04.695736+02:00
306045589,de:12064:900320112::2,0.0,2026-10-02T01:01:04.695736+02:00
306045589,de:12064:900320111::2,0.0,2026-10-02T01:01:04.695736+02:00
306045589,de:12064:900320110::2,0.0,2026-10-02T01:01:04.695736+02:00
306045589,de:12064:900320109::2,0.0,2026-10-02T01:01:04.695736+02:00
306045589,de:12064:900320108::2,0.0,2026-10-02T01:01:04.695736+02:00
306045589,de:12064:900320107::2,0.0,2026-10-02T01:01:04.695736+02:00
306045589,de:12064:900320106::2,0.0,2026-10-02T01:01:04.695736+02:00
306045589,de:12064:900320104::2,0.0,2026-10-02T01:01:04.695736+02:00
306045589,de:12064:900320103::2,0.0,2026-10-02T01:01:04.695736+02:00
306045589,de:12064:900320102::2,0.0,2026-10-02T01:01:04.695736+02:00
306045589,de:12064:900320101::2,0.0,2026-10-02T01:01:04.695736+02:00
306045589,de:12064:900320100::2,0.0,2026-10-02T01:01:04.695736+02:00
306045589,de:12064:900320008::1,-1.0,2026-10-02T01:01:04.695736+02:00
306895277,de:12067:900310834::1,0.0,2026-10-02T01:01:04.695736+02:00
306895277,de:12067:900310723::1,0.0,2026-10-02T01:01:04.695736+02:00
306895277,de:12067:900310717::2,0.0,2026-10-02T01:01:04.695736+02:00
306895277,de:12067:900310726::1,0.0,2026-10-02T01:01:04.695736+02:00
306895277,de:12067:900310730::1,0.0,2026-10-02T01:01:04.695736+02:00
306895277,de:12067:900310717::1,0.0,2026-10-02T01:01:04.695736+02:00
306895277,de:12067:900310719::1,0.0,2026-10-02T01:01:04.695736+02:00
306895277,de:12067:900310718::1,0.0,2026-10-02T01:01:04.695736+02:00
306895277,de:12067:900310729::1,0.0,2026-10-02T01:01:04.695736+02:00
306895277,de:12067:900311129::4,0.0,2026-10-02T01:01:04.695736+02:00
306895277,de:12067:900310727::3,0.0,2026-10-02T01:01:04.695736+02:00
306895277,de:12067:900310755::2,0.0,2026-10-02T01:01:04.695736+02:00
306895277,de:12067:900310728::3,0.0,2026-10-02T01:01:04.695736+02:00
306895277,de:12067:900311129::6,0.0,2026-10-02T01:01:04.695736+02:00
306052386,de:12064:900321765::1,0.0,2026-10-02T01:01:04.695736+02:00
306052386,de:12064:900321764::2,0.0,2026-10-02T01:01:04.695736+02:00
306052386,de:12064:900321763::2,0.0,2026-10-02T01:01:04.695736+02:00
306052386,de:12064:900321710::2,0.0,2026-10-02T01:01:04.695736+02:00
306052386,de:12064:900321711::2,0.0,2026-10-02T01:01:04.695736+02:00
306052386,de:12064:900321544::2,0.0,2026-10-02T01:01:04.695736+02:00
306052386,de:12064:900321545::2,0.0,2026-10-02T01:01:04.695736+02:00
306897253,de:12067:900311308::5,0.0,2026-10-02T01:01:04.695736+02:00
306897253,de:12067:900311380::1,0.0,2026-10-02T01:01:04.695736+02:00
306897253,de:12067:900311348::1,0.0,2026-10-02T01:01:04.695736+02:00
306897253,de:12067:900311315::1,0.0,2026-10-02T01:01:04.695736+02:00
306897253,de:12067:900311383::5,0.0,2026-10-02T01:01:04.695736+02:00
306897253,de:12067:900311312::1,0.0,2026-10-02T01:01:04.695736+02:00
306897253,de:12067:900311311::1,0.0,2026-10-02T01:01:04.695736+02:00
306897253,de:12067:900311356::1,0.0,2026-10-02T01:01:04.695736+02:00
306897253,de:12067:900311325::1,0.0,2026-10-02T01:01:04.695736+02:00
306897253,de:12067:900311306::1,0.0,2026-10-02T01:01:04.695736+02:00
306897253,de:12067:900311531::1,0.0,2026-10-02T01:01:04.695736+02:00
306897253,de:12067:900311530::1,0.0,2026-10-02T01:01:04.695736+02:00
306897253,de:12067:900311542::2,0.0,2026-10-02T01:01:04.695736+02:00
306897253,de:12067:900311543::1,0.0,2026-10-02T01:01:04.695736+02:00
306897253,de:12067:900311401::1,0.0,2026-10-02T01:01:04.695736+02:00
306897253,de:12067:900311560::1,0.0,2026-10-02T01:01:04.695736+02:00
306897253,de:12067:900311442::1,0.0,2026-10-02T01:01:04.695736+02:00
306897253,de:12067:900311477::1,0.0,2026-10-02T01:01:04.695736+02:00
306897253,de:12067:900311478::1,0.0,2026-10-02T01:01:04.695736+02:00
306897253,de:12067:900311490::1,0.0,2026-10-02T01:01:04.695736+02:00
306897253,de:12067:900311482::3,0.0,2026-10-02T01:01:04.695736+02:00
295879444,de:11000:900053301:2:52,0.0,2026-10-02T01:01:04.695736+02:00
295879444,de:11000:900052201:1:51,0.0,2026-10-02T01:01:04.695736+02:00
295879444,de:11000:900050355:1:51,-0.3,2026-10-02T01:01:04.695736+02:00
295879444,de:11000:900050301:1:51,-0.4,2026-10-02T01:01:04.695736+02:00
295879444,de:11000:900049201:1:51,0.0,2026-10-02T01:01:04.695736+02:00
295879444,de:11000:900049202:1:51,0.0,2026-10-02T01:01:04.695736+02:00
295879444,de:11000:900066101:1:51,-0.3,2026-10-02T01:01:04.695736+02:00
295879444,de:11000:900066102:1:51,-0.2,2026-10-02T01:01:04.695736+02:00
295879444,de:11000:900062202:1:51,-0.2,2026-10-02T01:01:04.695736+02:00
295879444,de:11000:900063101:1:51,-0.2,2026-10-02T01:01:04.695736+02:00
295879444,de:11000:900060101:1:51,-0.9,2026-10-02T01:01:04.695736+02:00
295879444,de:11000:900054104:1:51,-0.9,2026-10-02T01:01:04.695736+02:00
295879444,de:11000:900057104:1:50,-0.4,2026-10-02T01:01:04.695736+02:00
295879444,de:11000:900057102:1:51,-0.1,2026-10-02T01:01:04.695736+02:00
295879444,de:11000:900012101:2:52,-0.9,2026-10-02T01:01:04.695736+02:00
295879444,de:11000:900100020:4:57,-0.3,2026-10-02T01:01:04.695736+02:00
295879444,de:11000:900100025:1:51,-0.4,2026-10-02T01:01:04.695736+02:00
295879444,de:11000:900100001:4:57,-0.1,2026-10-02T01:01:04.695736+02:00
295879444,de:11000:900100007:1:51,-0.2,2026-10-02T01:01:04.695736+02:00
295879444,de:11000:900007104:2:52,-0.2,2026-10-02T01:01:04.695736+02:00
295879444,de:11000:900008101:1:51,-0.9,2026-10-02T01:01:04.695736+02:00
295879444,de:11000:900007102:2:53,-0.6,2026-10-02T01:01:04.695736+02:00
295879444,de:11000:900110011:2:53,-0.9,2026-10-02T01:01:04.695736+02:00
295879444,de:11000:900085201:1:50,-0.9,2026-10-02T01:01:04.695736+02:00
295879444,de:11000:900084101:1:50,-0.7,2026-10-02T01:01:04.695736+02:00
295879444,de:11000:900096101:1:50,-0.8,2026-10-02T01:01:04.695736+02:00
295879444,de:11000:900094101:1:50,-0.1,2026-10-02T01:01:04.695736+02:00
295879444,de:11000:900093201:1:50,-0.4,2026-10-02T01:01:04.695736+02:00
295879444,de:11000:900092201:1:50,-0.2,2026-10-02T01:01:04.695736+02:00
295879444,de:12065:900200009:1:50,-0.7,2026-10-02T01:01:04.695736+02:00
295879444,de:12065:900200008:1:50,-0.7,2026-10-02T01:01:04.695736+02:00
295879444,de:12065:900200007:1:50,-0.2,2026-10-02T01:01:04.695736+02:00
295879444,de:12065:900200006:1:50,-0.5,2026-10-02T01:01:04.695736+02:00
295879444,de:12065:900200005:3:1,-0.9,2026-10-02T01:01:04.695736+02:00
295879331,de:12065:900200005:3:1,0.0,2026-10-02T01:01:04.695736+02:00
295879331,de:12065:900200006:1:51,-0.3,2026-10-02T01:01:04.695736+02:00
295879331,de:12065:900200007:1:51,-0.7,2026-10-02T01:01:04.695736+02:00
295879331,de:12065:900200008:1:51,-0.2,2026-10-02T01:01:04.695736+02:00
295879331,de:12065:900200009:1:51,-0.1,2026-10-02T01:01:04.695736+02:00
295879331,de:11000:900092201:1:51,-0.7,2026-10-02T01:01:04.695736+02:00
295879331,de:11000:900093201:1:51,-0.4,2026-10-02T01:01:04.695736+02:00
295879331,de:11000:900094101:1:51,-0.8,2026-10-02T01:01:04.695736+02:00
295879331,de:11000:900096101:1:51,-0.1,2026-10-02T01:01:04.695736+02:00
295879331,de:11000:900084101:1:51,-0.2,2026-10-02T01:01:04.695736+02:00
295879331,de:11000:900085201:1:51,-0.8,2026-10-02T01:01:04.695736+02:00
295879331,de:11000:900130003:1:51,-0.8,2026-10-02T01:01:04.695736+02:00
295879331,de:11000:900110011:1:50,-0.9,2026-10-02T01:01:04.695736+02:00
295879331,de:11000:900007102:1:50,-0.9,2026-10-02T01:01:04.695736+02:00
295879331,de:11000:900008101:1:50,0.0,2026-10-02T01:01:04.695736+02:00
295879331,de:11000:900007104:1:51,-0.7,2026-10-02T01:01:04.695736+02:00
295879331,de:11000:900100007:1:50,-0.7,2026-10-02T01:01:04.695736+02:00
295879331,de:11000:900100001:4:56,-0.5,2026-10-02T01:01:04.695736+02:00
295879331,de:11000:900100025:1:50,-0.4,2026-10-02T01:01:04.695736+02:00
295879331,de:11000:900100020:3:54,-0.4,2026-10-02T01:01:04.695736+02:00
295879331,de:11000:900012101:1:51,-0.5,2026-10-02T01:01:04.695736+02:00
295879331,de:11000:900057102:1:50,-0.7,2026-10-02T01:01:04.695736+02:00
295879331,de:11000:900057104:2:51,-0.4,2026-10-02T01:01:04.695736+02:00
295879331,de:11000:900054104:1:50,-0.3,2026-10-02T01:01:04.695736+02:00
295879331,de:11000:900060101:1:50,-0.3,2026-10-02T01:01:04.695736+02:00
295879331,de:11000:900063101:1:50,-0.1,2026-10-02T01:01:04.695736+02:00
295879331,de:11000:900062202:1:50,-0.1,2026-10-02T01:01:04.695736+02:00
295879331,de:11000:900066102:1:50,-0.2,2026-10-02T01:01:04.695736+02:00
295879331,de:11000:900066101:1:50,-0.1,2026-10-02T01:01:04.695736+02:00
295879331,de:11000:900049202:1:50,-0.3,2026-10-02T01:01:04.695736+02:00
295879331,de:11000:900049201:1:50,-0.4,2026-10-02T01:01:04.695736+02:00
295879331,de:11000:900050301:1:50,0.0,2026-10-02T01:01:04.695736+02:00
295879331,de:11000:900050355:1:50,-0.1,2026-10-02T01:01:04.695736+02:00
295879331,de:11000:900052201:1:50,-0.5,2026-10-02T01:01:04.695736+02:00
295879331,de:11000:900053301:1:51,-0.9,2026-10-02T01:01:04.695736+02:00
295879411,de:11000:900053301:2:52,0.0,2026-10-02T01:01:04.695736+02:00
295879411,de:11000:900052201:1:51,0.0,2026-10-02T01:01:04.695736+02:00
295879411,de:11000:900050355:1:51,-0.3,2026-10-02T01:01:04.695736+02:00
295879411,de:11000:900050301:1:51,-0.4,2026-10-02T01:01:04.695736+02:00
295879411,de:11000:900049201:1:51,0.0,2026-10-02T01:01:04.695736+02:00
295879411,de:11000:900049202:1:51,0.0,2026-10-02T01:01:04.695736+02:00
295879411,de:11000:900066101:1:51,-0.3,2026-10-02T01:01:04.695736+02:00
295879411,de:11000:900066102:1:51,-0.2,2026-10-02T01:01:04.695736+02:00
295879411,de:11000:900062202:1:51,-0.2,2026-10-02T01:01:04.695736+02:00
295879411,de:11000:900063101:1:51,-0.2,2026-10-02T01:01:04.695736+02:00
295879411,de:11000:900060101:1:51,-0.9,2026-10-02T01:01:04.695736+02:00
295879411,de:11000:900054104:1:51,-0.9,2026-10-02T01:01:04.695736+02:00
295879411,de:11000:900057104:1:50,-0.4,2026-10-02T01:01:04.695736+02:00
295879411,de:11000:900057102:1:51,-0.1,2026-10-02T01:01:04.695736+02:00
295879411,de:11000:900012101:2:52,-0.9,2026-10-02T01:01:04.695736+02:00
295879411,de:11000:900100020:4:57,-0.3,2026-10-02T01:01:04.695736+02:00
295879411,de:11000:900100025:1:51,-0.4,2026-10-02T01:01:04.695736+02:00
295879411,de:11000:900100001:4:57,-0.1,2026-10-02T01:01:04.695736+02:00
295879411,de:11000:900100007:1:51,-0.2,2026-10-02T01:01:04.695736+02:00
295879411,de:11000:900007104:2:52,-0.2,2026-10-02T01:01:04.695736+02:00
295879411,de:11000:900008101:1:51,-0.9,2026-10-02T01:01:04.695736+02:00
295879411,de:11000:900007102:2:53,-0.6,2026-10-02T01:01:04.695736+02:00
295879411,de:11000:900110011:2:53,-0.9,2026-10-02T01:01:04.695736+02:00
295879411,de:11000:900085201:1:50,-0.9,2026-10-02T01:01:04.695736+02:00
295879411,de:11000:900084101:1:50,-0.7,2026-10-02T01:01:04.695736+02:00
295879411,de:11000:900096101:1:50,-0.8,2026-10-02T01:01:04.695736+02:00
295879411,de:11000:900094101:1:50,-0.1,2026-10-02T01:01:04.695736+02:00
295879411,de:11000:900093201:1:50,-0.4,2026-10-02T01:01:04.695736+02:00
295879411,de:11000:900092201:1:50,-0.2,2026-10-02T01:01:04.695736+02:00
295879411,de:12065:900200009:1:50,-0.7,2026-10-02T01:01:04.695736+02:00
295879411,de:12065:900200008:1:50,-0.7,2026-10-02T01:01:04.695736+02:00
295879411,de:12065:900200007:1:50,-0.2,2026-10-02T01:01:04.695736+02:00
295879411,de:12065:900200006:1:50,-0.5,2026-10-02T01:01:04.695736+02:00
295879411,de:12065:900200005:3:1,-0.9,2026-10-02T01:01:04.695736+02:00
306895952,de:12064:900320250::1,0.0,2026-10-02T01:01:04.695736+02:00
306895952,de:12064:900320267::2,0.0,2026-10-02T01:01:04.695736+02:00
306895952,de:12067:900310017::2,0.0,2026-10-02T01:01:04.695736+02:00
306895952,de:12067:900310509::1,0.0,2026-10-02T01:01:04.695736+02:00
306895952,de:12067:900310508::1,0.0,2026-10-02T01:01:04.695736+02:00
306895952,de:12067:900310580::1,0.0,2026-10-02T01:01:04.695736+02:00
306895952,de:12067:900311095::1,0.0,2026-10-02T01:01:04.695736+02:00
306895952,de:12067:900311097::1,0.0,2026-10-02T01:01:04.695736+02:00
306895952,de:12067:900311096::2,0.0,2026-10-02T01:01:04.695736+02:00
306895952,de:12067:900311096::1,0.0,2026-10-02T01:01:04.695736+02:00
306895952,de:12067:900311097::2,0.0,2026-10-02T01:01:04.695736+02:00
306895952,de:12067:900311095::2,0.0,2026-10-02T01:01:04.695736+02:00
306895952,de:12067:900310580::2,0.0,2026-10-02T01:01:04.695736+02:00
306895952,de:12067:900310578::4,0.0,2026-10-02T01:01:04.695736+02:00
306895952,de:12067:900310534::2,0.0,2026-10-02T01:01:04.695736+02:00
306895952,de:11000:900310550::2,0.0,2026-10-02T01:01:04.695736+02:00
306895952,de:12067:900310572::2,0.0,2026-10-02T01:01:04.695736+02:00
306895952,de:12067:900310013::2,0.0,2026-10-02T01:01:04.695736+02:00
306895952,de:12067:900310563::3,0.0,2026-10-02T01:01:04.695736+02:00
306895952,de:12067:900310560::1,0.0,2026-10-02T01:01:04.695736+02:00
306895952,de:12067:900310573::1,0.0,2026-10-02T01:01:04.695736+02:00
306895952,de:12067:900310581::1,0.0,2026-10-02T01:01:04.695736+02:00
306895998,de:12067:900310581::2,0.0,2026-10-02T01:01:04.695736+02:00
306895998,de:12067:900310573::2,0.0,2026-10-02T01:01:04.695736+02:00
306895998,de:12067:900310560::2,0.0,2026-10-02T01:01:04.695736+02:00
306895998,de:12067:900310559::1,0.0,2026-10-02T01:01:04.695736+02:00
306895998,de:12067:900310558::3,0.0,2026-10-02T01:01:04.695736+02:00
306895998,de:12067:900310553::2,0.0,2026-10-02T01:01:04.695736+02:00
306895998,de:12067:900310579::2,0.0,2026-10-02T01:01:04.695736+02:00
306895998,de:12067:900310571::2,0.0,2026-10-02T01:01:04.695736+02:00
306895998,de:12067:900310569::2,0.0,2026-10-02T01:01:04.695736+02:00
306895998,de:12067:900310563::1,0.0,2026-10-02T01:01:04.695736+02:00
306895998,de:12067:900310563::4,0.0,2026-10-02T01:01:04.695736+02:00
306895998,de:12067:900310013::2,0.0,2026-10-02T01:01:04.695736+02:00
306895998,de:12067:900310572::1,0.0,2026-10-02T01:01:04.695736+02:00
306895998,de:11000:900310550::1,0.0,2026-10-02T01:01:04.695736+02:00
306895998,de:12067:900310534::1,0.0,2026-10-02T01:01:04.695736+02:00
306895998,de:12067:900310580::2,0.0,2026-10-02T01:01:04.695736+02:00
306895998,de:12067:900310578::4,0.0,2026-10-02T01:01:04.695736+02:00
306895998,de:12067:900310508::2,0.0,2026-10-02T01:01:04.695736+02:00
306895998,de:12067:900310509::2,0.0,2026-10-02T01:01:04.695736+02:00
306895998,de:12067:900310017::3,0.0,2026-10-02T01:01:04.695736+02:00
306895998,de:12064:900320267::1,0.0,2026-10-02T01:01:04.695736+02:00
306895998,de:12064:900320250::1,0.0,2026-10-02T01:01:04.695736+02:00
295883459,de:11000:900100020:3:55,0.0,2026-10-02T01:01:04.695736+02:00
295883459,de:11000:900012101:1:51,-0.5,2026-10-02T01:01:04.695736+02:00
295883459,de:11000:900057102:1:50,-0.7,2026-10-02T01:01:04.695736+02:00
295883459,de:11000:900057104:2:51,-0.4,2026-10-02T01:01:04.695736+02:00
295883459,de:11000:900054104:1:50,-0.3,2026-10-02T01:01:04.695736+02:00
295883459,de:11000:900060101:1:50,-0.3,2026-10-02T01:01:04.695736+02:00
295883459,de:11000:900063101:1:50,-0.1,2026-10-02T01:01:04.695736+02:00
295883459,de:11000:900062202:1:50,-0.1,2026-10-02T01:01:04.695736+02:00
295883459,de:11000:900066102:1:50,-0.2,2026-10-02T01:01:04.695736+02:00
295883459,de:11000:900066101:1:50,-0.1,2026-10-02T01:01:04.695736+02:00
295883459,de:11000:900049202:1:50,-0.3,2026-10-02T01:01:04.695736+02:00
295883459,de:11000:900049201:1:51,-0.4,2026-10-02T01:01:04.695736+02:00
306896273,de:12067:900310013::3,0.0,2026-10-02T01:01:04.695736+02:00
306896273,de:12067:900310563::3,0.0,2026-10-02T01:01:04.695736+02:00
306896273,de:12067:900310559::1,0.0,2026-10-02T01:01:04.695736+02:00
306896273,de:12067:900310558::1,0.0,2026-10-02T01:01:04.695736+02:00
306896273,de:12067:900310556::1,0.0,2026-10-02T01:01:04.695736+02:00
306896273,de:12067:900310621::1,0.0,2026-10-02T01:01:04.695736+02:00
306896273,de:12067:900310568::1,0.0,2026-10-02T01:01:04.695736+02:00
306896273,de:12067:900310955::1,0.0,2026-10-02T01:01:04.695736+02:00
306896273,de:12067:900310950::1,0.0,2026-10-02T01:01:04.695736+02:00
306896273,de:12061:900260165::2,0.0,2026-10-02T01:01:04.695736+02:00
306896273,de:12061:900260169::3,0.0,2026-10-02T01:01:04.695736+02:00
306896273,de:12061:900260166::2,0.0,2026-10-02T01:01:04.695736+02:00
306896273,de:12061:900260171::2,0.0,2026-10-02T01:01:04.695736+02:00
306896273,de:12061:900260168::2,0.0,2026-10-02T01:01:04.695736+02:00
306896273,de:12061:900260167::2,0.0,2026-10-02T01:01:04.695736+02:00
306896273,de:12061:900260170::2,0.0,2026-10-02T01:01:04.695736+02:00
306896273,de:12061:900261050::1,0.0,2026-10-02T01:01:04.695736+02:00
306896273,de:12061:900261051::2,0.0,2026-10-02T01:01:04.695736+02:00
306896273,de:12061:900261048::2,0.0,2026-10-02T01:01:04.695736+02:00
306896273,de:12061:900261047::2,0.0,2026-10-02T01:01:04.695736+02:00
306896273,de:12061:900260889::2,0.0,2026-10-02T01:01:04.695736+02:00
306896273,de:12061:900260888::2,0.0,2026-10-02T01:01:04.695736+02:00
306896273,de:12061:900260886::2,0.0,2026-10-02T01:01:04.695736+02:00
306896273,de:12061:900260887::2,0.0,2026-10-02T01:01:04.695736+02:00
306896273,de:12061:900260890::2,0.0,2026-10-02T01:01:04.695736+02:00
306896273,de:12061:900260798::2,0.0,2026-10-02T01:01:04.695736+02:00
306896273,de:12061:900260001::8,0.0,2026-10-02T01:01:04.695736+02:00
306896395,de:12067:900310001::3,0.0,2026-10-02T01:01:04.695736+02:00
306896395,de:12067:900310816::1,0.0,2026-10-02T01:01:04.695736+02:00
306896395,de:12067:900310627::1,0.0,2026-10-02T01:01:04.695736+02:00
306896395,de:12067:900310781::1,0.0,2026-10-02T01:01:04.695736+02:00
306896395,de:12067:900310822::1,0.0,2026-10-02T01:01:04.695736+02:00
306896395,de:12067:900310771::1,0.0,2026-10-02T01:01:04.695736+02:00
306896395,de:12067:900310811::1,0.0,2026-10-02T01:01:04.695736+02:00
306896395,de:12067:900310630::1,0.0,2026-10-02T01:01:04.695736+02:00
306896395,de:12067:900310812::1,0.0,2026-10-02T01:01:04.695736+02:00
306896395,de:12067:900310695::2,0.0,2026-10-02T01:01:04.695736+02:00
306896395,de:12067:900310769::1,0.0,2026-10-02T01:01:04.695736+02:00
306896395,de:12067:900310810::2,0.0,2026-10-02T01:01:04.695736+02:00
306896395,de:12067:900310972::1,0.0,2026-10-02T01:01:04.695736+02:00
306896395,de:12067:900310970::1,0.0,2026-10-02T01:01:04.695736+02:00
306896395,de:12067:900310105::1,0.0,2026-10-02T01:01:04.695736+02:00
306896395,de:12067:900310040::1,0.0,2026-10-02T01:01:04.695736+02:00
306896395,de:12067:900310109::1,0.0,2026-10-02T01:01:04.695736+02:00
306896395,de:12067:900310112::1,0.0,2026-10-02T01:01:04.695736+02:00
306896395,de:12067:900310101::1,0.0,2026-10-02T01:01:04.695736+02:00
306896395,de:12067:900310111::1,0.0,2026-10-02T01:01:04.695736+02:00
306896395,de:12067:900310108::1,0.0,2026-10-02T01:01:04.695736+02:00
306896395,de:12067:900310100::1,0.0,2026-10-02T01:01:04.695736+02:00
306896395,de:12067:900310118::1,0.0,2026-10-02T01:01:04.695736+02:00
306896395,de:12067:900310756::1,0.0,2026-10-02T01:01:04.695736+02:00
306896395,de:12067:900310757::1,0.0,2026-10-02T01:01:04.695736+02:00
306896395,de:12067:900310982::1,0.0,2026-10-02T01:01:04.695736+02:00
306896395,de:12067:900310827::1,0.0,2026-10-02T01:01:04.695736+02:00
306896395,de:12067:900310829::1,0.0,2026-10-02T01:01:04.695736+02:00
306896395,de:12067:900310600::1,0.0,2026-10-02T01:01:04.695736+02:00
306896395,de:12067:900310925::1,0.0,2026-10-02T01:01:04.695736+02:00
306896395,de:12067:900310924::1,0.0,2026-10-02T01:01:04.695736+02:00
306896395,de:12067:900310747::1,0.0,2026-10-02T01:01:04.695736+02:00
306896395,de:12067:900310739::1,0.0,2026-10-02T01:01:04.695736+02:00
306896395,de:12067:900310740::1,0.0,2026-10-02T01:01:04.695736+02:00
306896395,de:12067:900310716::2,0.0,2026-10-02T01:01:04.695736+02:00
306896395,de:12067:900310942::2,0.0,2026-10-02T01:01:04.695736+02:00
306896395,de:12067:900310721::1,0.0,2026-10-02T01:01:04.695736+02:00
306896395,de:12067:900310755::2,0.0,2026-10-02T01:01:04.695736+02:00
306896395,de:12067:900310728::3,0.0,2026-10-02T01:01:04.695736+02:00
306896395,de:12067:900311129::6,0.0,2026-10-02T01:01:04.695736+02:00
295883517,de:11000:900049201:1:51,0.0,2026-10-02T01:01:04.695736+02:00
295883517,de:11000:900049202:1:51,0.0,2026-10-02T01:01:04.695736+02:00
295883517,de:11000:900066101:1:51,-0.3,2026-10-02T01:01:04.695736+02:00
295883517,de:11000:900066102:1:51,-0.2,2026-10-02T01:01:04.695736+02:00
295883517,de:11000:900062202:1:51,-0.2,2026-10-02T01:01:04.695736+02:00
295883517,de:11000:900063101:1:51,-0.2,2026-10-02T01:01:04.695736+02:00
295883517,de:11000:900060101:1:51,-0.9,2026-10-02T01:01:04.695736+02:00
295883517,de:11000:900054104:1:51,-0.9,2026-10-02T01:01:04.695736+02:00
295883517,de:11000:900057104:1:50,-0.4,2026-10-02T01:01:04.695736+02:00
295883517,de:11000:900057102:1:51,-0.1,2026-10-02T01:01:04.695736+02:00
295883517,de:11000:900012101:2:52,-0.8,2026-10-02T01:01:04.695736+02:00
295883517,de:11000:900100020:4:57,-0.9,2026-10-02T01:01:04.695736+02:00
306896483,de:12067:900310001::3,0.0,2026-10-02T01:01:04.695736+02:00
306896483,de:12067:900310816::1,0.0,2026-10-02T01:01:04.695736+02:00
306896483,de:12067:900310627::1,0.0,2026-10-02T01:01:04.695736+02:00
306896483,de:12067:900310781::1,0.0,2026-10-02T01:01:04.695736+02:00
306896483,de:12067:900310822::1,0.0,2026-10-02T01:01:04.695736+02:00
306896483,de:12067:900310771::1,0.0,2026-10-02T01:01:04.695736+02:00
306896483,de:12067:900310811::1,0.0,2026-10-02T01:01:04.695736+02:00
306896483,de:12067:900310630::1,0.0,2026-10-02T01:01:04.695736+02:00
306896483,de:12067:900310812::1,0.0,2026-10-02T01:01:04.695736+02:00
306896483,de:12067:900310695::2,0.0,2026-10-02T01:01:04.695736+02:00
306896483,de:12067:900310769::1,0.0,2026-10-02T01:01:04.695736+02:00
306896483,de:12067:900310810::2,0.0,2026-10-02T01:01:04.695736+02:00
306896483,de:12067:900310972::1,0.0,2026-10-02T01:01:04.695736+02:00
306896483,de:12067:900310970::1,0.0,2026-10-02T01:01:04.695736+02:00
306896483,de:12067:900310105::1,0.0,2026-10-02T01:01:04.695736+02:00
306896483,de:12067:900310040::1,0.0,2026-10-02T01:01:04.695736+02:00
306896483,de:12067:900310109::1,0.0,2026-10-02T01:01:04.695736+02:00
306896483,de:12067:900310631::1,0.0,2026-10-02T01:01:04.695736+02:00
306896483,de:12067:900310106::1,0.0,2026-10-02T01:01:04.695736+02:00
306896483,de:12067:900310115::1,0.0,2026-10-02T01:01:04.695736+02:00
306896483,de:12067:900310119::1,0.0,2026-10-02T01:01:04.695736+02:00
306896483,de:12067:900310114::1,0.0,2026-10-02T01:01:04.695736+02:00
306896483,de:12067:900310103::1,0.0,2026-10-02T01:01:04.695736+02:00
306896483,de:12067:900310102::1,0.0,2026-10-02T01:01:04.695736+02:00
306896483,de:12067:900310113::1,0.0,2026-10-02T01:01:04.695736+02:00
306896483,de:12067:900310107::1,0.0,2026-10-02T01:01:04.695736+02:00
306896483,de:12067:900311082::1,0.0,2026-10-02T01:01:04.695736+02:00
306896483,de:12067:900310751::1,0.0,2026-10-02T01:01:04.695736+02:00
306896483,de:12067:900311077::1,0.0,2026-10-02T01:01:04.695736+02:00
306896483,de:12067:900311078::1,0.0,2026-10-02T01:01:04.695736+02:00
306896483,de:12067:900310613::1,0.0,2026-10-02T01:01:04.695736+02:00
307252314,de:11000:900003200:5:58,0.0,2026-10-02T01:01:04.695736+02:00
307252314,de:11000:900009104:1:50,-0.8,2026-10-02T01:01:04.695736+02:00
307252314,de:11000:900007102:2:52,-0.4,2026-10-02T01:01:04.695736+02:00
307252364,de:11000:900003200:5:58,0.0,2026-10-02T01:01:04.695736+02:00
307252364,de:11000:900009104:1:50,-0.8,2026-10-02T01:01:04.695736+02:00
307252364,de:11000:900007102:2:52,-0.4,2026-10-02T01:01:04.695736+02:00
307252345,de:11000:900003200:5:58,0.0,2026-10-02T01:01:04.695736+02:00
307252345,de:11000:900009104:1:50,-0.8,2026-10-02T01:01:04.695736+02:00
307252345,de:11000:900007102:2:52,-0.4,2026-10-02T01:01:04.695736+02:00
307252337,de:11000:900003200:5:58,0.0,2026-10-02T01:01:04.695736+02:00
307252337,de:11000:900009104:1:50,-0.8,2026-10-02T01:01:04.695736+02:00
307252337,de:11000:900007102:2:52,-0.4,2026-10-02T01:01:04.695736+02:00
306896696,de:12067:900310001::4,0.0,2026-10-02T01:01:04.695736+02:00
306896696,de:12067:900310816::1,0.0,2026-10-02T01:01:04.695736+02:00
306896696,de:12067:900310627::1,0.0,2026-10-02T01:01:04.695736+02:00
306896696,de:12067:900310781::1,0.0,2026-10-02T01:01:04.695736+02:00
306896696,de:12067:900310822::1,0.0,2026-10-02T01:01:04.695736+02:00
306896696,de:12067:900310808::1,0.0,2026-10-02T01:01:04.695736+02:00
306896696,de:12067:900310779::1,0.0,2026-10-02T01:01:04.695736+02:00
306896696,de:12067:900310995::2,0.0,2026-10-02T01:01:04.695736+02:00
306896696,de:12067:900310992::1,-0.5,2026-10-02T01:01:04.695736+02:00
306896696,de:12067:900310989::1,0.0,2026-10-02T01:01:04.695736+02:00
306896696,de:12067:900310990::1,0.0,2026-10-02T01:01:04.695736+02:00
306896696,de:12067:900310991::1,0.0,2026-10-02T01:01:04.695736+02:00
306896696,de:12067:900310904::1,0.0,2026-10-02T01:01:04.695736+02:00
306896696,de:12067:900311118::1,0.0,2026-10-02T01:01:04.695736+02:00
306896696,de:12067:900310966::1,0.0,2026-10-02T01:01:04.695736+02:00
306896696,de:12067:900310997::1,0.0,2026-10-02T01:01:04.695736+02:00
306896696,de:12067:900310998::1,0.0,2026-10-02T01:01:04.695736+02:00
306896696,de:12067:900310997::2,0.0,2026-10-02T01:01:04.695736+02:00
306896696,de:12067:900310966::2,0.0,2026-10-02T01:01:04.695736+02:00
306896696,de:12067:900311118::2,0.0,2026-10-02T01:01:04.695736+02:00
306896696,de:12067:900311059::1,0.0,2026-10-02T01:01:04.695736+02:00
306896696,de:12067:900311110::3,0.0,2026-10-02T01:01:04.695736+02:00
306896696,de:12067:900311058::1,0.0,2026-10-02T01:01:04.695736+02:00
306896696,de:12067:900310611::2,0.0,2026-10-02T01:01:04.695736+02:00
295882567,de:11000:900053301:2:52,0.0,2026-10-02T01:01:04.695736+02:00
295882567,de:11000:900052201:1:51,0.0,2026-10-02T01:01:04.695736+02:00
295882567,de:11000:900050355:1:51,-0.3,2026-10-02T01:01:04.695736+02:00
295882567,de:11000:900050301:1:51,-0.4,2026-10-02T01:01:04.695736+02:00
295882567,de:11000:900049201:1:51,0.0,2026-10-02T01:01:04.695736+02:00
295882567,de:11000:900049202:1:51,0.0,2026-10-02T01:01:04.695736+02:00
295882567,de:11000:900066101:1:51,-0.3,2026-10-02T01:01:04.695736+02:00
295882567,de:11000:900066102:1:51,-0.2,2026-10-02T01:01:04.695736+02:00
295882567,de:11000:900062202:1:51,-0.2,2026-10-02T01:01:04.695736+02:00
295882567,de:11000:900063101:1:51,-0.2,2026-10-02T01:01:04.695736+02:00
295882567,de:11000:900060101:1:51,-0.9,2026-10-02T01:01:04.695736+02:00
295882567,de:11000:900054104:1:51,-0.9,2026-10-02T01:01:04.695736+02:00
295882567,de:11000:900057104:1:50,-0.4,2026-10-02T01:01:04.695736+02:00
295882567,de:11000:900057102:1:51,-0.1,2026-10-02T01:01:04.695736+02:00
295882567,de:11000:900012101:2:52,-0.9,2026-10-02T01:01:04.695736+02:00
295882567,de:11000:900100020:4:57,-0.3,2026-10-02T01:01:04.695736+02:00
295882567,de:11000:900100025:1:51,-0.4,2026-10-02T01:01:04.695736+02:00
295882567,de:11000:900100001:4:57,-0.1,2026-10-02T01:01:04.695736+02:00
295882567,de:11000:900100007:1:51,-0.2,2026-10-02T01:01:04.695736+02:00
295882567,de:11000:900007104:2:52,-0.2,2026-10-02T01:01:04.695736+02:00
295882567,de:11000:900008101:1:51,-0.9,2026-10-02T01:01:04.695736+02:00
295882567,de:11000:900007102:2:53,-0.6,2026-10-02T01:01:04.695736+02:00
295882567,de:11000:900110011:2:53,-0.9,2026-10-02T01:01:04.695736+02:00
295882567,de:11000:900085201:1:50,-0.9,2026-10-02T01:01:04.695736+02:00
295882567,de:11000:900084101:1:50,-0.7,2026-10-02T01:01:04.695736+02:00
295882567,de:11000:900096101:1:50,-0.8,2026-10-02T01:01:04.695736+02:00
295882567,de:11000:900094101:1:50,-0.1,2026-10-02T01:01:04.695736+02:00
295882567,de:11000:900093201:1:50,-0.4,2026-10-02T01:01:04.695736+02:00
295882567,de:11000:900092201:1:50,-0.2,2026-10-02T01:01:04.695736+02:00
306896957,de:12067:900311308::6,0.0,2026-10-02T01:01:04.695736+02:00
306896957,de:12067:900311335::1,0.0,2026-10-02T01:01:04.695736+02:00
306896957,de:12067:900311339::1,0.0,2026-10-02T01:01:04.695736+02:00
306896957,de:12067:900311340::1,0.0,2026-10-02T01:01:04.695736+02:00
306896957,de:12067:900311339::2,0.0,2026-10-02T01:01:04.695736+02:00
306896957,de:12067:900311341::1,0.0,2026-10-02T01:01:04.695736+02:00
306896957,de:12067:900311345::1,0.0,2026-10-02T01:01:04.695736+02:00
306896957,de:12067:900311359::1,0.0,2026-10-02T01:01:04.695736+02:00
306896957,de:12067:900310027::1,0.0,2026-10-02T01:01:04.695736+02:00
306896957,de:12067:900311317::1,0.0,2026-10-02T01:01:04.695736+02:00
306896957,de:12067:900311384::1,0.0,2026-10-02T01:01:04.695736+02:00
306896957,de:12067:900311316::1,0.0,2026-10-02T01:01:04.695736+02:00
306896957,de:12067:900311376::1,0.0,2026-10-02T01:01:04.695736+02:00
306896957,de:12067:900311377::1,0.0,2026-10-02T01:01:04.695736+02:00
306896957,de:12067:900311362::1,0.0,2026-10-02T01:01:04.695736+02:00
306896957,de:12067:900311363::1,0.0,2026-10-02T01:01:04.695736+02:00
306896957,de:12067:900311365::1,0.0,2026-10-02T01:01:04.695736+02:00
306896957,de:12067:900311374::1,0.0,2026-10-02T01:01:04.695736+02:00
306896957,de:12067:900311364::2,0.0,2026-10-02T01:01:04.695736+02:00
306896957,de:12067:900311371::2,0.0,2026-10-02T01:01:04.695736+02:00
306896957,de:12067:900311336::1,0.0,2026-10-02T01:01:04.695736+02:00
306896957,de:12067:900311352::1,0.0,2026-10-02T01:01:04.695736+02:00
306896957,de:12067:900311354::1,0.0,2026-10-02T01:01:04.695736+02:00
306896957,de:12067:900311357::1,0.0,2026-10-02T01:01:04.695736+02:00
306896957,de:12067:900311356::1,0.0,2026-10-02T01:01:04.695736+02:00
306896957,de:12067:900311325::2,0.0,2026-10-02T01:01:04.695736+02:00
306896957,de:12067:900311383::6,0.0,2026-10-02T01:01:04.695736+02:00
306896957,de:12067:900311315::2,0.0,2026-10-02T01:01:04.695736+02:00
306896957,de:12067:900311348::2,0.0,2026-10-02T01:01:04.695736+02:00
306896957,de:12067:900311308::4,0.0,2026-10-02T01:01:04.695736+02:00
295882558,de:11000:900053301:2:52,0.0,2026-10-02T01:01:04.695736+02:00
295882558,de:11000:900052201:1:51,0.0,2026-10-02T01:01:04.695736+02:00
295882558,de:11000:900050355:1:51,-0.3,2026-10-02T01:01:04.695736+02:00
295882558,de:11000:900050301:1:51,-0.4,2026-10-02T01:01:04.695736+02:00
295882558,de:11000:900049201:1:51,0.0,2026-10-02T01:01:04.695736+02:00
295882558,de:11000:900049202:1:51,0.0,2026-10-02T01:01:04.695736+02:00
295882558,de:11000:900066101:1:51,-0.3,2026-10-02T01:01:04.695736+02:00
295882558,de:11000:900066102:1:51,-0.2,2026-10-02T01:01:04.695736+02:00
295882558,de:11000:900062202:1:51,-0.2,2026-10-02T01:01:04.695736+02:00
295882558,de:11000:900063101:1:51,-0.2,2026-10-02T01:01:04.695736+02:00
295882558,de:11000:900060101:1:51,-0.9,2026-10-02T01:01:04.695736+02:00
295882558,de:11000:900054104:1:51,-0.9,2026-10-02T01:01:04.695736+02:00
295882558,de:11000:900057104:1:50,-0.4,2026-10-02T01:01:04.695736+02:00
295882558,de:11000:900057102:1:51,-0.1,2026-10-02T01:01:04.695736+02:00
295882558,de:11000:900012101:2:52,-0.9,2026-10-02T01:01:04.695736+02:00
295882558,de:11000:900100020:4:57,-0.3,2026-10-02T01:01:04.695736+02:00
295882558,de:11000:900100025:1:51,-0.4,2026-10-02T01:01:04.695736+02:00
295882558,de:11000:900100001:4:57,-0.1,2026-10-02T01:01:04.695736+02:00
295882558,de:11000:900100007:1:51,-0.2,2026-10-02T01:01:04.695736+02:00
295882558,de:11000:900007104:2:52,-0.2,2026-10-02T01:01:04.695736+02:00
295882558,de:11000:900008101:1:51,-0.9,2026-10-02T01:01:04.695736+02:00
295882558,de:11000:900007102:2:53,-0.6,2026-10-02T01:01:04.695736+02:00
295882558,de:11000:900110011:2:53,-0.9,2026-10-02T01:01:04.695736+02:00
295882558,de:11000:900085201:1:50,-0.9,2026-10-02T01:01:04.695736+02:00
295882558,de:11000:900084101:1:50,-0.7,2026-10-02T01:01:04.695736+02:00
295882558,de:11000:900096101:1:50,-0.8,2026-10-02T01:01:04.695736+02:00
295882558,de:11000:900094101:1:50,-0.1,2026-10-02T01:01:04.695736+02:00
295882558,de:11000:900093201:1:50,-0.4,2026-10-02T01:01:04.695736+02:00
295882558,de:11000:900092201:1:50,-0.2,2026-10-02T01:01:04.695736+02:00
306896009,de:12067:900310565::1,0.0,2026-10-02T01:01:04.695736+02:00
306896009,de:12067:900310561::2,0.0,2026-10-02T01:01:04.695736+02:00
306896009,de:12067:900310567::2,0.0,2026-10-02T01:01:04.695736+02:00
306896009,de:12067:900310581::2,0.0,2026-10-02T01:01:04.695736+02:00
306896009,de:12067:900310573::2,0.0,2026-10-02T01:01:04.695736+02:00
306896009,de:12067:900310560::2,0.0,2026-10-02T01:01:04.695736+02:00
306896009,de:12067:900310563::4,0.0,2026-10-02T01:01:04.695736+02:00
306896009,de:12067:900310013::2,0.0,2026-10-02T01:01:04.695736+02:00
306896009,de:12067:900310572::1,0.0,2026-10-02T01:01:04.695736+02:00
306896009,de:11000:900310550::1,0.0,2026-10-02T01:01:04.695736+02:00
306896009,de:12067:900310534::1,0.0,2026-10-02T01:01:04.695736+02:00
306896009,de:12067:900310580::1,0.0,2026-10-02T01:01:04.695736+02:00
306896009,de:12067:900311095::1,0.0,2026-10-02T01:01:04.695736+02:00
306896009,de:12067:900311097::1,0.0,2026-10-02T01:01:04.695736+02:00
306896009,de:12067:900311096::2,0.0,2026-10-02T01:01:04.695736+02:00
306896009,de:12067:900311096::1,0.0,2026-10-02T01:01:04.695736+02:00
306896009,de:12067:900311097::2,0.0,2026-10-02T01:01:04.695736+02:00
306896009,de:12067:900311095::2,0.0,2026-10-02T01:01:04.695736+02:00
306896009,de:12067:900310580::2,0.0,2026-10-02T01:01:04.695736+02:00
306896009,de:12067:900310578::4,0.0,2026-10-02T01:01:04.695736+02:00
306896009,de:12067:900310508::2,0.0,2026-10-02T01:01:04.695736+02:00
306896009,de:12067:900310509::2,0.0,2026-10-02T01:01:04.695736+02:00
306896009,de:12067:900310017::3,0.0,2026-10-02T01:01:04.695736+02:00
306896009,de:12064:900320267::1,0.0,2026-10-02T01:01:04.695736+02:00
306896009,de:12064:900320250::1,0.0,2026-10-02T01:01:04.695736+02:00
306896996,de:12067:900311308::5,0.0,2026-10-02T01:01:04.695736+02:00
306896996,de:12067:900311380::1,0.0,2026-10-02T01:01:04.695736+02:00
306896996,de:12067:900311348::1,0.0,2026-10-02T01:01:04.695736+02:00
306896996,de:12067:900311350::1,0.0,2026-10-02T01:01:04.695736+02:00
306896996,de:12067:900311321::2,0.0,2026-10-02T01:01:04.695736+02:00
306896996,de:12067:900311353::2,0.0,2026-10-02T01:01:04.695736+02:00
306896996,de:12067:900311383::6,0.0,2026-10-02T01:01:04.695736+02:00
306896996,de:12067:900311305::1,0.0,2026-10-02T01:01:04.695736+02:00
306896996,de:12067:900311304::2,0.0,2026-10-02T01:01:04.695736+02:00
306896996,de:12067:900311334::2,0.0,2026-10-02T01:01:04.695736+02:00
306896996,de:12067:900311333::2,0.0,2026-10-02T01:01:04.695736+02:00
306896996,de:12067:900311352::2,0.0,2026-10-02T01:01:04.695736+02:00
306896996,de:12067:900311336::2,0.0,2026-10-02T01:01:04.695736+02:00
306896996,de:12067:900311371::1,0.0,2026-10-02T01:01:04.695736+02:00
306896996,de:12067:900311364::1,0.0,2026-10-02T01:01:04.695736+02:00
306896996,de:12067:900311374::2,0.0,2026-10-02T01:01:04.695736+02:00
306896996,de:12067:900311365::2,0.0,2026-10-02T01:01:04.695736+02:00
306896996,de:12067:900311363::2,0.0,2026-10-02T01:01:04.695736+02:00
306896996,de:12067:900311362::2,0.0,2026-10-02T01:01:04.695736+02:00
306896996,de:12067:900311377::2,0.0,2026-10-02T01:01:04.695736+02:00
306896996,de:12067:900311376::2,0.0,2026-10-02T01:01:04.695736+02:00
306896996,de:12067:900311316::2,0.0,2026-10-02T01:01:04.695736+02:00
306896996,de:12067:900311384::2,0.0,2026-10-02T01:01:04.695736+02:00
306896996,de:12067:900311317::2,0.0,2026-10-02T01:01:04.695736+02:00
306896996,de:12067:900310027::2,0.0,2026-10-02T01:01:04.695736+02:00
306896996,de:12067:900311359::2,0.0,2026-10-02T01:01:04.695736+02:00
306896996,de:12067:900311345::2,0.0,2026-10-02T01:01:04.695736+02:00
306896996,de:12067:900311341::2,0.0,2026-10-02T01:01:04.695736+02:00
306896996,de:12067:900311309::1,0.0,2026-10-02T01:01:04.695736+02:00
306896996,de:12067:900311310::1,0.0,2026-10-02T01:01:04.695736+02:00
306896996,de:12067:900311307::1,0.0,2026-10-02T01:01:04.695736+02:00
306896996,de:12067:900311308::4,0.0,2026-10-02T01:01:04.695736+02:00
306897239,de:12067:900311482::3,0.0,2026-10-02T01:01:04.695736+02:00
306897239,de:12067:900311489::1,0.0,2026-10-02T01:01:04.695736+02:00
306897239,de:12067:900311480::1,0.0,2026-10-02T01:01:04.695736+02:00
306897239,de:12067:900311490::2,0.0,2026-10-02T01:01:04.695736+02:00
306897239,de:12067:900311478::2,0.0,2026-10-02T01:01:04.695736+02:00
306897239,de:12067:900311477::2,0.0,2026-10-02T01:01:04.695736+02:00
306897239,de:12067:900311442::2,0.0,2026-10-02T01:01:04.695736+02:00
306897239,de:12067:900311560::1,0.0,2026-10-02T01:01:04.695736+02:00
306897239,de:12067:900311401::2,0.0,2026-10-02T01:01:04.695736+02:00
306897239,de:12067:900311543::2,0.0,2026-10-02T01:01:04.695736+02:00
306897239,de:12067:900311542::1,0.0,2026-10-02T01:01:04.695736+02:00
306897239,de:12067:900311530::2,0.0,2026-10-02T01:01:04.695736+02:00
306897239,de:12067:900311531::2,0.0,2026-10-02T01:01:04.695736+02:00
306897239,de:12067:900311306::2,0.0,2026-10-02T01:01:04.695736+02:00
306897239,de:12067:900311356::2,0.0,2026-10-02T01:01:04.695736+02:00
306897239,de:12067:900311311::2,0.0,2026-10-02T01:01:04.695736+02:00
306897239,de:12067:900311312::2,0.0,2026-10-02T01:01:04.695736+02:00
306897239,de:12067:900311383::5,0.0,2026-10-02T01:01:04.695736+02:00
306897239,de:12067:900311315::2,0.0,2026-10-02T01:01:04.695736+02:00
306897239,de:12067:900311348::2,0.0,2026-10-02T01:01:04.695736+02:00
306897239,de:12067:900311308::4,0.0,2026-10-02T01:01:04.695736+02:00
306897255,de:12067:900311308::5,0.0,2026-10-02T01:01:04.695736+02:00
306897255,de:12067:900311380::1,0.0,2026-10-02T01:01:04.695736+02:00
306897255,de:12067:900311348::1,0.0,2026-10-02T01:01:04.695736+02:00
306897255,de:12067:900311315::1,0.0,2026-10-02T01:01:04.695736+02:00
306897255,de:12067:900311383::5,0.0,2026-10-02T01:01:04.695736+02:00
306897255,de:12067:900311312::1,0.0,2026-10-02T01:01:04.695736+02:00
306897255,de:12067:900311311::1,0.0,2026-10-02T01:01:04.695736+02:00
306897255,de:12067:900311356::1,0.0,2026-10-02T01:01:04.695736+02:00
306897255,de:12067:900311325::1,0.0,2026-10-02T01:01:04.695736+02:00
306897255,de:12067:900311306::1,0.0,2026-10-02T01:01:04.695736+02:00
306897255,de:12067:900311531::1,0.0,2026-10-02T01:01:04.695736+02:00
306897255,de:12067:900311530::1,0.0,2026-10-02T01:01:04.695736+02:00
306897255,de:12067:900311542::2,0.0,2026-10-02T01:01:04.695736+02:00
306897255,de:12067:900311543::1,0.0,2026-10-02T01:01:04.695736+02:00
306897255,de:12067:900311401::1,0.0,2026-10-02T01:01:04.695736+02:00
306897255,de:12067:900311560::1,0.0,2026-10-02T01:01:04.695736+02:00
306897255,de:12067:900311442::1,0.0,2026-10-02T01:01:04.695736+02:00
306897255,de:12067:900311477::1,0.0,2026-10-02T01:01:04.695736+02:00
306897255,de:12067:900311478::1,0.0,2026-10-02T01:01:04.695736+02:00
306897255,de:12067:900311490::1,0.0,2026-10-02T01:01:04.695736+02:00
306897255,de:12067:900311482::3,0.0,2026-10-02T01:01:04.695736+02:00
295882466,de:11000:900092201:1:50,0.0,2026-10-02T01:01:04.695736+02:00
295882466,de:11000:900093201:1:51,-0.4,2026-10-02T01:01:04.695736+02:00
295882466,de:11000:900094101:1:51,-0.3,2026-10-02T01:01:04.695736+02:00
295882466,de:11000:900096101:1:51,-0.1,2026-10-02T01:01:04.695736+02:00
295882466,de:11000:900084101:1:51,-0.2,2026-10-02T01:01:04.695736+02:00
295882466,de:11000:900085201:1:51,-0.8,2026-10-02T01:01:04.695736+02:00
295882466,de:11000:900130003:1:51,-0.8,2026-10-02T01:01:04.695736+02:00
295882466,de:11000:900110011:1:50,-0.9,2026-10-02T01:01:04.695736+02:00
295882466,de:11000:900007102:1:50,-0.9,2026-10-02T01:01:04.695736+02:00
295882466,de:11000:900008101:1:50,0.0,2026-10-02T01:01:04.695736+02:00
295882466,de:11000:900007104:1:51,-0.7,2026-10-02T01:01:04.695736+02:00
295882466,de:11000:900100007:1:50,-0.7,2026-10-02T01:01:04.695736+02:00
295882466,de:11000:900100001:4:56,-0.5,2026-10-02T01:01:04.695736+02:00
295882466,de:11000:900100025:1:50,-0.4,2026-10-02T01:01:04.695736+02:00
295882466,de:11000:900100020:3:54,-0.4,2026-10-02T01:01:04.695736+02:00
295882466,de:11000:900012101:1:51,-0.5,2026-10-02T01:01:04.695736+02:00
295882466,de:11000:900057102:1:50,-0.7,2026-10-02T01:01:04.695736+02:00
295882466,de:11000:900057104:2:51,-0.4,2026-10-02T01:01:04.695736+02:00
295882466,de:11000:900054104:1:50,-0.3,2026-10-02T01:01:04.695736+02:00
295882466,de:11000:900060101:1:50,-0.3,2026-10-02T01:01:04.695736+02:00
295882466,de:11000:900063101:1:50,-0.1,2026-10-02T01:01:04.695736+02:00
295882466,de:11000:900062202:1:50,-0.1,2026-10-02T01:01:04.695736+02:00
295882466,de:11000:900066102:1:50,-0.2,2026-10-02T01:01:04.695736+02:00
295882466,de:11000:900066101:1:50,-0.1,2026-10-02T01:01:04.695736+02:00
295882466,de:11000:900049202:1:50,-0.3,2026-10-02T01:01:04.695736+02:00
295882466,de:11000:900049201:1:50,-0.4,2026-10-02T01:01:04.695736+02:00
295882466,de:11000:900050301:1:50,0.0,2026-10-02T01:01:04.695736+02:00
295882466,de:11000:900050355:1:50,-0.1,2026-10-02T01:01:04.695736+02:00
295882466,de:11000:900052201:1:50,-0.5,2026-10-02T01:01:04.695736+02:00
295882466,de:11000:900053301:1:51,-0.9,2026-10-02T01:01:04.695736+02:00
306897274,de:12067:900311482::3,0.0,2026-10-02T01:01:04.695736+02:00
306897274,de:12067:900311489::1,0.0,2026-10-02T01:01:04.695736+02:00
306897274,de:12067:900311489::1,-3.0,2026-10-02T01:01:04.695736+02:00
306897274,de:12067:900311480::1,0.0,2026-10-02T01:01:04.695736+02:00
306897274,de:12067:900311489::1,3.0,2026-10-02T01:01:04.695736+02:00
306897274,de:12067:900311489::1,0.0,2026-10-02T01:01:04.695736+02:00
306897274,de:12067:900311483::2,0.0,2026-10-02T01:01:04.695736+02:00
306897274,de:12067:900310935::1,0.0,2026-10-02T01:01:04.695736+02:00
306897274,de:12067:900310858::1,0.0,2026-10-02T01:01:04.695736+02:00
306897274,de:12067:900310060::2,0.0,2026-10-02T01:01:04.695736+02:00
306897274,de:12067:900310858::3,0.0,2026-10-02T01:01:04.695736+02:00
306897274,de:12067:900311269::2,0.0,2026-10-02T01:01:04.695736+02:00
306897274,de:12067:900311228::2,0.0,2026-10-02T01:01:04.695736+02:00
306897274,de:12067:900311239::2,0.0,2026-10-02T01:01:04.695736+02:00
306897274,de:12067:900311229::2,0.0,2026-10-02T01:01:04.695736+02:00
306897274,de:12067:900311227::1,0.0,2026-10-02T01:01:04.695736+02:00
306897274,de:12067:900311405::1,0.0,2026-10-02T01:01:04.695736+02:00
306897274,de:12067:900311402::1,0.0,2026-10-02T01:01:04.695736+02:00
306897274,de:12067:900311311::2,0.0,2026-10-02T01:01:04.695736+02:00
306897274,de:12067:900311312::2,0.0,2026-10-02T01:01:04.695736+02:00
306897274,de:12067:900311383::2,0.0,2026-10-02T01:01:04.695736+02:00
306897274,de:12067:900311315::2,0.0,2026-10-02T01:01:04.695736+02:00
306897274,de:12067:900311348::2,0.0,2026-10-02T01:01:04.695736+02:00
306897274,de:12067:900311308::4,0.0,2026-10-02T01:01:04.695736+02:00
306895904,de:12067:900311145::2,0.0,2026-10-02T01:01:04.695736+02:00
306895904,de:12067:900310817::2,0.0,2026-10-02T01:01:04.695736+02:00
306895904,de:12067:900310837::2,0.0,2026-10-02T01:01:04.695736+02:00
306895904,de:12067:900310875::2,0.0,2026-10-02T01:01:04.695736+02:00
306895904,de:12067:900310796::2,0.0,2026-10-02T01:01:04.695736+02:00
306895904,de:12067:900310777::2,0.0,2026-10-02T01:01:04.695736+02:00
306895904,de:12067:900310808::2,0.0,2026-10-02T01:01:04.695736+02:00
306895904,de:12067:900310822::2,0.0,2026-10-02T01:01:04.695736+02:00
306895904,de:12067:900310781::2,0.0,2026-10-02T01:01:04.695736+02:00
306895904,de:12067:900311155::1,0.0,2026-10-02T01:01:04.695736+02:00
306895904,de:12067:900311149::2,0.0,2026-10-02T01:01:04.695736+02:00
306895904,de:12067:900310001::11,0.0,2026-10-02T01:01:04.695736+02:00
306896042,de:12064:900320007::4,0.0,2026-10-02T01:01:04.695736+02:00
306896042,de:12064:900320113::2,0.0,2026-10-02T01:01:04.695736+02:00
306896042,de:12067:900310523::2,0.0,2026-10-02T01:01:04.695736+02:00
306896042,de:12067:900310535::2,0.0,2026-10-02T01:01:04.695736+02:00
306896042,de:12067:900310522::2,0.0,2026-10-02T01:01:04.695736+02:00
306896042,de:12067:900310021::2,0.0,2026-10-02T01:01:04.695736+02:00
306896042,de:12067:900310500::1,0.0,2026-10-02T01:01:04.695736+02:00
306896042,de:12067:900310501::2,0.0,2026-10-02T01:01:04.695736+02:00
306896042,de:12067:900310020::2,0.0,2026-10-02T01:01:04.695736+02:00
306896042,de:12067:900310528::2,0.0,2026-10-02T01:01:04.695736+02:00
306896042,de:12067:900310529::2,0.0,2026-10-02T01:01:04.695736+02:00
306896042,de:12067:900311012::2,0.0,2026-10-02T01:01:04.695736+02:00
306896042,de:12067:900311014::2,0.0,2026-10-02T01:01:04.695736+02:00
306896042,de:12067:900310536::2,0.0,2026-10-02T01:01:04.695736+02:00
306896042,de:12067:900310543::2,0.0,2026-10-02T01:01:04.695736+02:00
306896042,de:12067:900310578::4,0.0,2026-10-02T01:01:04.695736+02:00
306896042,de:12067:900310534::2,0.0,2026-10-02T01:01:04.695736+02:00
306896042,de:11000:900310550::2,0.0,2026-10-02T01:01:04.695736+02:00
306896042,de:12067:900310572::2,0.0,2026-10-02T01:01:04.695736+02:00
306896042,de:12067:900310013::7,0.0,2026-10-02T01:01:04.695736+02:00
306896031,de:12064:900320007::4,0.0,2026-10-02T01:01:04.695736+02:00
306896031,de:12064:900320113::2,0.0,2026-10-02T01:01:04.695736+02:00
306896031,de:12067:900310523::2,0.0,2026-10-02T01:01:04.695736+02:00
306896031,de:12067:900310535::2,0.0,2026-10-02T01:01:04.695736+02:00
306896031,de:12067:900310522::2,0.0,2026-10-02T01:01:04.695736+02:00
306896031,de:12067:900310021::2,0.0,2026-10-02T01:01:04.695736+02:00
306896031,de:12067:900310500::1,0.0,2026-10-02T01:01:04.695736+02:00
306896031,de:12067:900310501::2,0.0,2026-10-02T01:01:04.695736+02:00
306896031,de:12067:900310020::2,0.0,2026-10-02T01:01:04.695736+02:00
306896031,de:12067:900310528::2,0.0,2026-10-02T01:01:04.695736+02:00
306896031,de:12067:900310529::2,0.0,2026-10-02T01:01:04.695736+02:00
306896031,de:12067:900311012::2,0.0,2026-10-02T01:01:04.695736+02:00
306896031,de:12067:900311014::2,0.0,2026-10-02T01:01:04.695736+02:00
306896031,de:12067:900310536::2,0.0,2026-10-02T01:01:04.695736+02:00
306896031,de:12067:900310543::2,0.0,2026-10-02T01:01:04.695736+02:00
306896031,de:12067:900310578::4,0.0,2026-10-02T01:01:04.695736+02:00
306896031,de:12067:900310534::2,0.0,2026-10-02T01:01:04.695736+02:00
306896031,de:11000:900310550::2,0.0,2026-10-02T01:01:04.695736+02:00
306896031,de:12067:900310572::2,0.0,2026-10-02T01:01:04.695736+02:00
306896031,de:12067:900310013::7,0.0,2026-10-02T01:01:04.695736+02:00
306896314,de:12064:900320274::1,0.0,2026-10-02T01:01:04.695736+02:00
306896314,de:12064:900320278::2,0.0,2026-10-02T01:01:04.695736+02:00
306896314,de:12064:900320284::2,0.0,2026-10-02T01:01:04.695736+02:00
306896314,de:12064:900320886::2,0.0,2026-10-02T01:01:04.695736+02:00
306896314,de:12064:900320888::3,0.0,2026-10-02T01:01:04.695736+02:00
306896314,de:12064:900320891::2,0.0,2026-10-02T01:01:04.695736+02:00
306896314,de:12067:900310919::2,0.0,2026-10-02T01:01:04.695736+02:00
306896314,de:12067:900310888::2,0.0,2026-10-02T01:01:04.695736+02:00
306896314,de:12067:900310881::2,0.0,2026-10-02T01:01:04.695736+02:00
306896314,de:12067:900310885::1,0.0,2026-10-02T01:01:04.695736+02:00
306896314,de:12067:900310883::2,0.0,2026-10-02T01:01:04.695736+02:00
306896314,de:12067:900310920::2,0.0,2026-10-02T01:01:04.695736+02:00
306896314,de:12067:900310882::2,0.0,2026-10-02T01:01:04.695736+02:00
306896314,de:12067:900310889::2,0.0,2026-10-02T01:01:04.695736+02:00
306896314,de:12067:900310890::2,0.0,2026-10-02T01:01:04.695736+02:00
306896314,de:12067:900310847::2,0.0,2026-10-02T01:01:04.695736+02:00
306896314,de:12067:900310846::2,0.0,2026-10-02T01:01:04.695736+02:00
306896314,de:12067:900310854::2,0.0,2026-10-02T01:01:04.695736+02:00
306896314,de:12067:900310857::2,0.0,2026-10-02T01:01:04.695736+02:00
306896314,de:12067:900311970::1,0.0,2026-10-02T01:01:04.695736+02:00
306896314,de:12067:900310853::1,0.0,2026-10-02T01:01:04.695736+02:00
306896314,de:12067:900310845::1,0.0,2026-10-02T01:01:04.695736+02:00
306896314,de:12067:900310855::2,0.0,2026-10-02T01:01:04.695736+02:00
306896314,de:12067:900310844::2,0.0,2026-10-02T01:01:04.695736+02:00
306896314,de:12067:900310856::1,0.0,2026-10-02T01:01:04.695736+02:00
306896314,de:12067:900310849::2,0.0,2026-10-02T01:01:04.695736+02:00
306896314,de:12067:900310851::2,0.0,2026-10-02T01:01:04.695736+02:00
306896314,de:12067:900310850::2,0.0,2026-10-02T01:01:04.695736+02:00
306896314,de:12067:900310852::2,0.0,2026-10-02T01:01:04.695736+02:00
306896314,de:12067:900310555::2,0.0,2026-10-02T01:01:04.695736+02:00
306896314,de:12067:900310557::2,0.0,2026-10-02T01:01:04.695736+02:00
306896314,de:12067:900310013::7,0.0,2026-10-02T01:01:04.695736+02:00
307433850,de:12065:900200005:1:1,0.0,2026-10-02T01:01:04.695736+02:00
307433850,de:11000:900152001:2:52,0.0,2026-10-02T01:01:04.695736+02:00
307433850,de:11000:900160004:4:56,0.0,2026-10-02T01:01:04.695736+02:00
307433850,de:11000:900120003:4:56,0.0,2026-10-02T01:01:04.695736+02:00
307433850,de:11000:900192001:1:50,0.0,2026-10-02T01:01:04.695736+02:00
307433850,de:12061:900260009:2:54,0.0,2026-10-02T01:01:04.695736+02:00
307433850,de:12072:900245030:2:51,0.0,2026-10-02T01:01:04.695736+02:00
307433850,de:12072:900245029:2:52,0.0,2026-10-02T01:01:04.695736+02:00
307433241,de:12060:900350127:2:51,0.0,2026-10-02T01:01:04.695736+02:00
307433241,de:12060:900350126:2:51,0.0,2026-10-02T01:01:04.695736+02:00
307433241,de:12060:900350137:2:51,0.0,2026-10-02T01:01:04.695736+02:00
307433241,de:12060:900350158:2:51,0.0,2026-10-02T01:01:04.695736+02:00
307433241,de:12060:900350160:2:52,0.0,2026-10-02T01:01:04.695736+02:00
307433241,de:11000:900152001:3:53,0.0,2026-10-02T01:01:04.695736+02:00
307433241,de:11000:900160004:4:56,0.0,2026-10-02T01:01:04.695736+02:00
307433241,de:11000:900120003:4:56,0.0,2026-10-02T01:01:04.695736+02:00
307433241,de:11000:900192001:1:50,0.0,2026-10-02T01:01:04.695736+02:00
307433241,de:12061:900260009:2:53,0.0,2026-10-02T01:01:04.695736+02:00
307433241,de:12072:900245027:2:53,0.0,2026-10-02T01:01:04.695736+02:00
307437869,de:12062:900415345:2:52,0.0,2026-10-02T01:01:04.695736+02:00
307437869,de:12062:900415240:1:50,0.0,2026-10-02T01:01:04.695736+02:00
307437869,de:12062:900415167:1:50,0.0,2026-10-02T01:01:04.695736+02:00
307437869,de:12062:900416008:2:51,0.0,2026-10-02T01:01:04.695736+02:00
307437869,de:12066:900435203:1:50,0.0,2026-10-02T01:01:04.695736+02:00
307437869,de:12066:900435061:3:54,0.0,2026-10-02T01:01:04.695736+02:00
307437869,de:12066:900435802:1:50,0.0,2026-10-02T01:01:04.695736+02:00
307437869,de:12066:900435000:1:50,0.0,2026-10-02T01:01:04.695736+02:00
307437869,de:12066:900435001:1:50,0.0,2026-10-02T01:01:04.695736+02:00
307437869,de:12066:900435800:2:51,0.0,2026-10-02T01:01:04.695736+02:00
307437869,de:12066:900435347:2:51,0.0,2026-10-02T01:01:04.695736+02:00
307437869,de:12071:900445360:1:51,0.0,2026-10-02T01:01:04.695736+02:00
307437869,de:12071:900445986:1:50,0.0,2026-10-02T01:01:04.695736+02:00
307437869,de:12052:900470000:1:50,0.0,2026-10-02T01:01:04.695736+02:00
307435321,de:12061:900260009:2:54,0.0,2026-10-02T01:01:04.695736+02:00
307435321,de:11000:900058101:4:57,0.0,2026-10-02T01:01:04.695736+02:00
307435321,de:11000:900100020:2:53,0.0,2026-10-02T01:01:04.695736+02:00
307435321,de:11000:900003200:4:57,0.0,2026-10-02T01:01:04.695736+02:00
307440133,de:12065:900200000:1:51,0.0,2026-10-02T01:01:04.695736+02:00
307440133,de:12065:900200004:1:50,0.0,2026-10-02T01:01:04.695736+02:00
307440133,de:12065:900204003:1:50,0.0,2026-10-02T01:01:04.695736+02:00
307440133,de:12065:900203671:1:50,0.0,2026-10-02T01:01:04.695736+02:00
307440133,de:12065:900204001:1:50,0.0,2026-10-02T01:01:04.695736+02:00
307440133,de:12065:900203452:1:51,0.0,2026-10-02T01:01:04.695736+02:00
307440121,de:12065:900200000:1:51,0.0,2026-10-02T01:01:04.695736+02:00
307440121,de:12065:900200004:1:50,0.0,2026-10-02T01:01:04.695736+02:00
306897204,de:12067:900311513::1,0.0,2026-10-02T01:01:04.695736+02:00
306897204,de:12067:900311568::1,0.0,2026-10-02T01:01:04.695736+02:00
306897204,de:12067:900311226::1,0.0,2026-10-02T01:01:04.695736+02:00
306897204,de:12067:900311224::2,0.0,2026-10-02T01:01:04.695736+02:00
307436755,de:12069:900222030:2:51,0.0,2026-10-02T01:01:04.695736+02:00
307436755,de:12069:900220005:2:51,0.0,2026-10-02T01:01:04.695736+02:00
307436755,de:12069:900220004:2:51,0.0,2026-10-02T01:01:04.695736+02:00
307436755,de:12069:900220003:1:51,0.0,2026-10-02T01:01:04.695736+02:00
307436755,de:12069:900220006:2:51,0.0,2026-10-02T01:01:04.695736+02:00
307436755,de:12069:900220008:2:51,0.0,2026-10-02T01:01:04.695736+02:00
307436755,de:12054:900230001:2:51,0.0,2026-10-02T01:01:04.695736+02:00
307436755,de:11000:900053301:3:55,0.0,2026-10-02T01:01:04.695736+02:00
306896716,de:12067:900311039::1,0.0,2026-10-02T01:01:04.695736+02:00
306896716,de:12067:900311031::2,-0.5,2026-10-02T01:01:04.695736+02:00
306896716,de:12067:900311040::2,-0.5,2026-10-02T01:01:04.695736+02:00
306896716,de:12067:900311038::2,-0.5,2026-10-02T01:01:04.695736+02:00
306896716,de:12067:900311041::2,-0.5,2026-10-02T01:01:04.695736+02:00
306896716,de:12067:900311032::2,-0.5,2026-10-02T01:01:04.695736+02:00
306896716,de:12067:900311037::2,-0.5,2026-10-02T01:01:04.695736+02:00
306896716,de:12067:900310928::2,-0.5,2026-10-02T01:01:04.695736+02:00
306896716,de:12067:900310930::2,0.0,2026-10-02T01:01:04.695736+02:00
306896716,de:12067:900310929::2,-0.5,2026-10-02T01:01:04.695736+02:00
306896716,de:12067:900310742::2,0.0,2026-10-02T01:01:04.695736+02:00
306896716,de:12067:900310741::2,-0.5,2026-10-02T01:01:04.695736+02:00
306896716,de:12067:900310743::2,-0.5,2026-10-02T01:01:04.695736+02:00
306896716,de:12067:900310785::2,-0.5,2026-10-02T01:01:04.695736+02:00
306896716,de:12067:900310819::2,-0.5,2026-10-02T01:01:04.695736+02:00
306896716,de:12067:900310817::2,-0.5,2026-10-02T01:01:04.695736+02:00
306896716,de:12067:900310837::2,-0.5,2026-10-02T01:01:04.695736+02:00
306896716,de:12067:900310875::2,-0.5,2026-10-02T01:01:04.695736+02:00
306896716,de:12067:900310796::2,-0.5,2026-10-02T01:01:04.695736+02:00
306896716,de:12067:900310777::2,-0.5,2026-10-02T01:01:04.695736+02:00
306896716,de:12067:900310808::2,-0.5,2026-10-02T01:01:04.695736+02:00
306896716,de:12067:900310822::2,-0.5,2026-10-02T01:01:04.695736+02:00
306896716,de:12067:900310781::2,-0.5,2026-10-02T01:01:04.695736+02:00
306896716,de:12067:900310627::2,-0.5,2026-10-02T01:01:04.695736+02:00
306896716,de:12067:900310816::2,0.0,2026-10-02T01:01:04.695736+02:00
306896716,de:12067:900310022::1,0.0,2026-10-02T01:01:04.695736+02:00
306896716,de:12067:900310001::11,0.0,2026-10-02T01:01:04.695736+02:00
295893117,de:12072:900245027:2:52,0.0,2026-10-02T01:01:04.695736+02:00
295893117,de:12072:900245028:1:50,-0.9,2026-10-02T01:01:04.695736+02:00
295893117,de:11000:900074201:1:50,-0.9,2026-10-02T01:01:04.695736+02:00
295893117,de:11000:900074202:2:51,-0.1,2026-10-02T01:01:04.695736+02:00
295893117,de:11000:900072101:2:51,-0.1,2026-10-02T01:01:04.695736+02:00
295893117,de:11000:900073101:1:51,-0.4,2026-10-02T01:01:04.695736+02:00
295893117,de:11000:900068301:1:51,-0.7,2026-10-02T01:01:04.695736+02:00
295893117,de:11000:900058102:2:51,-0.7,2026-10-02T01:01:04.695736+02:00
295893117,de:11000:900058101:1:51,-0.3,2026-10-02T01:01:04.695736+02:00
295893117,de:11000:900058103:1:51,-0.1,2026-10-02T01:01:04.695736+02:00
295893117,de:11000:900012101:2:53,-0.7,2026-10-02T01:01:04.695736+02:00
295893117,de:11000:900100020:4:57,-0.8,2026-10-02T01:01:04.695736+02:00
295893117,de:11000:900100025:1:51,-0.9,2026-10-02T01:01:04.695736+02:00
295893117,de:11000:900100001:4:57,-0.6,2026-10-02T01:01:04.695736+02:00
295893117,de:11000:900100007:1:51,-0.7,2026-10-02T01:01:04.695736+02:00
295893117,de:11000:900007104:2:52,-0.7,2026-10-02T01:01:04.695736+02:00
295893117,de:11000:900008101:1:51,-0.4,2026-10-02T01:01:04.695736+02:00
295893117,de:11000:900007102:2:53,-0.1,2026-10-02T01:01:04.695736+02:00
295893117,de:11000:900110011:2:52,-0.4,2026-10-02T01:01:04.695736+02:00
295893117,de:11000:900130002:1:50,-0.7,2026-10-02T01:01:04.695736+02:00
295893117,de:11000:900130001:1:50,-0.4,2026-10-02T01:01:04.695736+02:00
295893117,de:11000:900142001:1:50,-0.9,2026-10-02T01:01:04.695736+02:00
295893117,de:11000:900143001:1:51,-0.7,2026-10-02T01:01:04.695736+02:00
295893117,de:11000:900135001:1:50,-0.4,2026-10-02T01:01:04.695736+02:00
295893117,de:12060:900350162:1:50,0.0,2026-10-02T01:01:04.695736+02:00
295893117,de:12060:900350163:1:51,-0.4,2026-10-02T01:01:04.695736+02:00
295893117,de:12060:900350161:1:50,-0.7,2026-10-02T01:01:04.695736+02:00
295893117,de:12060:900350160:1:51,-0.4,2026-10-02T01:01:04.695736+02:00
307430254,de:11000:900003200:1:50,0.0,2026-10-02T01:01:04.695736+02:00
307430254,de:11000:900100020:1:50,0.0,2026-10-02T01:01:04.695736+02:00
307430254,de:11000:900058101:2:52,0.0,2026-10-02T01:01:04.695736+02:00
307430254,de:12061:900260009:2:54,0.0,2026-10-02T01:01:04.695736+02:00
306896195,de:12067:900311039::1,0.0,2026-10-02T01:01:04.695736+02:00
306896195,de:12067:900311034::2,0.0,2026-10-02T01:01:04.695736+02:00
306896195,de:12067:900311052::2,0.0,2026-10-02T01:01:04.695736+02:00
306896195,de:12067:900311036::1,0.0,2026-10-02T01:01:04.695736+02:00
306896195,de:12067:900310867::1,0.0,2026-10-02T01:01:04.695736+02:00
306896195,de:12067:900310868::2,0.0,2026-10-02T01:01:04.695736+02:00
306896195,de:12067:900310964::2,0.0,2026-10-02T01:01:04.695736+02:00
306896195,de:12067:900311021::1,0.0,2026-10-02T01:01:04.695736+02:00
306896195,de:12067:900311022::2,0.0,2026-10-02T01:01:04.695736+02:00
306896195,de:12067:900310635::2,0.0,2026-10-02T01:01:04.695736+02:00
306896195,de:12067:900310636::2,0.0,2026-10-02T01:01:04.695736+02:00
306896195,de:12067:900311025::2,0.0,2026-10-02T01:01:04.695736+02:00
306896195,de:12067:900311024::2,0.0,2026-10-02T01:01:04.695736+02:00
306896195,de:12067:900311023::1,-0.5,2026-10-02T01:01:04.695736+02:00
306896195,de:12067:900311114::1,0.0,2026-10-02T01:01:04.695736+02:00
306896195,de:12067:900310031::1,0.0,2026-10-02T01:01:04.695736+02:00
306896195,de:12067:900310555::2,0.0,2026-10-02T01:01:04.695736+02:00
306896195,de:12067:900310557::2,0.0,2026-10-02T01:01:04.695736+02:00
306896195,de:12067:900310013::7,0.0,2026-10-02T01:01:04.695736+02:00
295896242,de:11000:900073101:1:51,0.0,2026-10-02T01:01:04.695736+02:00
295896242,de:11000:900068301:1:51,-0.7,2026-10-02T01:01:04.695736+02:00
295896242,de:11000:900058102:2:51,-0.7,2026-10-02T01:01:04.695736+02:00
295896242,de:11000:900058101:1:51,-0.3,2026-10-02T01:01:04.695736+02:00
295896242,de:11000:900058103:1:51,-0.1,2026-10-02T01:01:04.695736+02:00
295896242,de:11000:900012101:2:53,-0.7,2026-10-02T01:01:04.695736+02:00
295896242,de:11000:900100020:4:57,-0.8,2026-10-02T01:01:04.695736+02:00
295896242,de:11000:900100025:1:51,-0.9,2026-10-02T01:01:04.695736+02:00
295896242,de:11000:900100001:4:57,-0.6,2026-10-02T01:01:04.695736+02:00
295896242,de:11000:900100007:1:51,-0.7,2026-10-02T01:01:04.695736+02:00
295896242,de:11000:900007104:2:52,-0.7,2026-10-02T01:01:04.695736+02:00
295896242,de:11000:900008101:1:51,-0.4,2026-10-02T01:01:04.695736+02:00
295896242,de:11000:900007102:2:53,-0.1,2026-10-02T01:01:04.695736+02:00
295896242,de:11000:900110011:2:52,-0.4,2026-10-02T01:01:04.695736+02:00
295896242,de:11000:900130002:1:50,-0.7,2026-10-02T01:01:04.695736+02:00
295896242,de:11000:900130001:1:50,-0.4,2026-10-02T01:01:04.695736+02:00
295896242,de:11000:900142001:1:50,-0.9,2026-10-02T01:01:04.695736+02:00
295896242,de:11000:900143001:1:51,-0.7,2026-10-02T01:01:04.695736+02:00
295896242,de:11000:900135001:1:50,-0.4,2026-10-02T01:01:04.695736+02:00
295896237,de:11000:900074201:1:50,0.0,2026-10-02T01:01:04.695736+02:00
295896237,de:11000:900074202:2:51,-0.1,2026-10-02T01:01:04.695736+02:00
295896237,de:11000:900072101:2:51,-0.1,2026-10-02T01:01:04.695736+02:00
295896237,de:11000:900073101:1:51,-0.4,2026-10-02T01:01:04.695736+02:00
295896237,de:11000:900068301:1:51,-0.7,2026-10-02T01:01:04.695736+02:00
295896237,de:11000:900058102:2:51,-0.7,2026-10-02T01:01:04.695736+02:00
295896237,de:11000:900058101:1:51,-0.3,2026-10-02T01:01:04.695736+02:00
295896237,de:11000:900058103:1:51,-0.1,2026-10-02T01:01:04.695736+02:00
295896237,de:11000:900012101:2:53,-0.7,2026-10-02T01:01:04.695736+02:00
295896237,de:11000:900100020:4:57,-0.8,2026-10-02T01:01:04.695736+02:00
295896237,de:11000:900100025:1:51,-0.9,2026-10-02T01:01:04.695736+02:00
295896237,de:11000:900100001:4:57,-0.6,2026-10-02T01:01:04.695736+02:00
295896237,de:11000:900100007:1:51,-0.7,2026-10-02T01:01:04.695736+02:00
295896237,de:11000:900007104:2:52,-0.7,2026-10-02T01:01:04.695736+02:00
295896237,de:11000:900008101:1:51,-0.4,2026-10-02T01:01:04.695736+02:00
295896237,de:11000:900007102:2:53,-0.1,2026-10-02T01:01:04.695736+02:00
295896237,de:11000:900110011:2:52,-0.4,2026-10-02T01:01:04.695736+02:00
295896237,de:11000:900130002:1:50,-0.7,2026-10-02T01:01:04.695736+02:00
295896237,de:11000:900130001:1:50,-0.4,2026-10-02T01:01:04.695736+02:00
295896237,de:11000:900142001:1:50,-0.9,2026-10-02T01:01:04.695736+02:00
295896237,de:11000:900143001:1:51,-0.7,2026-10-02T01:01:04.695736+02:00
295896237,de:11000:900135001:1:50,-0.4,2026-10-02T01:01:04.695736+02:00
295896136,de:11000:900135001:1:50,0.0,2026-10-02T01:01:04.695736+02:00
295896136,de:11000:900143001:1:51,-0.8,2026-10-02T01:01:04.695736+02:00
295896136,de:11000:900142001:1:51,-0.3,2026-10-02T01:01:04.695736+02:00
295896136,de:11000:900130001:1:51,-0.8,2026-10-02T01:01:04.695736+02:00
295896136,de:11000:900130002:1:51,-0.3,2026-10-02T01:01:04.695736+02:00
295896136,de:11000:900110011:1:51,-0.7,2026-10-02T01:01:04.695736+02:00
295896136,de:11000:900007102:1:50,-0.7,2026-10-02T01:01:04.695736+02:00
295896136,de:11000:900008101:1:50,-0.5,2026-10-02T01:01:04.695736+02:00
295896136,de:11000:900007104:1:51,-0.2,2026-10-02T01:01:04.695736+02:00
295896136,de:11000:900100007:1:50,-0.2,2026-10-02T01:01:04.695736+02:00
295896136,de:11000:900100001:4:56,0.0,2026-10-02T01:01:04.695736+02:00
295896136,de:11000:900100025:1:50,-0.9,2026-10-02T01:01:04.695736+02:00
295896136,de:11000:900100020:3:54,-0.9,2026-10-02T01:01:04.695736+02:00
295896136,de:11000:900012101:1:51,0.0,2026-10-02T01:01:04.695736+02:00
295896136,de:11000:900058103:1:50,-0.8,2026-10-02T01:01:04.695736+02:00
295896136,de:11000:900058101:1:50,-0.4,2026-10-02T01:01:04.695736+02:00
295896136,de:11000:900058102:1:50,-0.4,2026-10-02T01:01:04.695736+02:00
295896136,de:11000:900068301:1:50,-0.7,2026-10-02T01:01:04.695736+02:00
295896136,de:11000:900073101:1:50,-0.9,2026-10-02T01:01:04.695736+02:00
295896136,de:11000:900072101:1:50,-0.2,2026-10-02T01:01:04.695736+02:00
295896136,de:11000:900074202:1:50,-0.2,2026-10-02T01:01:04.695736+02:00
295896136,de:11000:900074201:1:50,-0.4,2026-10-02T01:01:04.695736+02:00
295896082,de:11000:900135001:1:50,0.0,2026-10-02T01:01:04.695736+02:00
295896082,de:11000:900143001:1:51,-0.8,2026-10-02T01:01:04.695736+02:00
295896082,de:11000:900142001:1:51,-0.3,2026-10-02T01:01:04.695736+02:00
295896082,de:11000:900130001:1:51,-0.8,2026-10-02T01:01:04.695736+02:00
295896082,de:11000:900130002:1:51,-0.3,2026-10-02T01:01:04.695736+02:00
295896082,de:11000:900110011:1:51,-0.7,2026-10-02T01:01:04.695736+02:00
295896082,de:11000:900007102:1:50,-0.7,2026-10-02T01:01:04.695736+02:00
295896082,de:11000:900008101:1:50,-0.5,2026-10-02T01:01:04.695736+02:00
295896082,de:11000:900007104:1:51,-0.2,2026-10-02T01:01:04.695736+02:00
295896082,de:11000:900100007:1:50,-0.2,2026-10-02T01:01:04.695736+02:00
295896082,de:11000:900100001:4:56,0.0,2026-10-02T01:01:04.695736+02:00
295896082,de:11000:900100025:1:50,-0.9,2026-10-02T01:01:04.695736+02:00
295896082,de:11000:900100020:3:54,-0.9,2026-10-02T01:01:04.695736+02:00
295896082,de:11000:900012101:1:51,0.0,2026-10-02T01:01:04.695736+02:00
295896082,de:11000:900058103:1:50,-0.8,2026-10-02T01:01:04.695736+02:00
295896082,de:11000:900058101:1:50,-0.4,2026-10-02T01:01:04.695736+02:00
295896082,de:11000:900058102:1:50,-0.4,2026-10-02T01:01:04.695736+02:00
295896082,de:11000:900068301:1:50,-0.7,2026-10-02T01:01:04.695736+02:00
295896082,de:11000:900073101:1:50,-0.9,2026-10-02T01:01:04.695736+02:00
295896082,de:11000:900072101:1:50,-0.2,2026-10-02T01:01:04.695736+02:00
295896082,de:11000:900074202:1:50,-0.2,2026-10-02T01:01:04.695736+02:00
295896082,de:11000:900074201:1:50,-0.4,2026-10-02T01:01:04.695736+02:00
295896078,de:11000:900135001:1:50,0.0,2026-10-02T01:01:04.695736+02:00
295896078,de:11000:900143001:1:51,-0.8,2026-10-02T01:01:04.695736+02:00
295896078,de:11000:900142001:1:51,-0.3,2026-10-02T01:01:04.695736+02:00
295896078,de:11000:900130001:1:51,-0.8,2026-10-02T01:01:04.695736+02:00
295896078,de:11000:900130002:1:51,-0.3,2026-10-02T01:01:04.695736+02:00
295896078,de:11000:900110011:1:51,-0.7,2026-10-02T01:01:04.695736+02:00
295896078,de:11000:900007102:1:50,-0.7,2026-10-02T01:01:04.695736+02:00
295896078,de:11000:900008101:1:50,-0.5,2026-10-02T01:01:04.695736+02:00
295896078,de:11000:900007104:1:51,-0.2,2026-10-02T01:01:04.695736+02:00
295896078,de:11000:900100007:1:50,-0.2,2026-10-02T01:01:04.695736+02:00
295896078,de:11000:900100001:4:56,0.0,2026-10-02T01:01:04.695736+02:00
295896078,de:11000:900100025:1:50,-0.9,2026-10-02T01:01:04.695736+02:00
295896078,de:11000:900100020:3:54,-0.9,2026-10-02T01:01:04.695736+02:00
295896078,de:11000:900012101:1:51,0.0,2026-10-02T01:01:04.695736+02:00
295896078,de:11000:900058103:1:50,-0.8,2026-10-02T01:01:04.695736+02:00
295896078,de:11000:900058101:1:50,-0.4,2026-10-02T01:01:04.695736+02:00
295896078,de:11000:900058102:1:50,-0.4,2026-10-02T01:01:04.695736+02:00
295896078,de:11000:900068301:1:50,-0.7,2026-10-02T01:01:04.695736+02:00
295896078,de:11000:900073101:1:50,-0.9,2026-10-02T01:01:04.695736+02:00
295896078,de:11000:900072101:1:50,-0.2,2026-10-02T01:01:04.695736+02:00
295896078,de:11000:900074202:1:50,-0.2,2026-10-02T01:01:04.695736+02:00
295896078,de:11000:900074201:1:50,-0.4,2026-10-02T01:01:04.695736+02:00
295903012,de:11000:900142001:1:51,0.0,2026-10-02T01:01:04.695736+02:00
295903012,de:11000:900130001:1:51,-0.2,2026-10-02T01:01:04.695736+02:00
295903012,de:11000:900130002:1:51,-0.7,2026-10-02T01:01:04.695736+02:00
295903012,de:11000:900110011:1:51,-0.2,2026-10-02T01:01:04.695736+02:00
295903012,de:11000:900007102:1:50,-0.7,2026-10-02T01:01:04.695736+02:00
295903012,de:11000:900008101:1:50,-0.4,2026-10-02T01:01:04.695736+02:00
295903012,de:11000:900007104:1:51,-0.2,2026-10-02T01:01:04.695736+02:00
295903012,de:11000:900100007:1:50,-0.2,2026-10-02T01:01:04.695736+02:00
295903012,de:11000:900100001:4:56,0.0,2026-10-02T01:01:04.695736+02:00
295903012,de:11000:900100025:1:50,-0.9,2026-10-02T01:01:04.695736+02:00
295903012,de:11000:900100020:3:54,-0.9,2026-10-02T01:01:04.695736+02:00
295903012,de:11000:900012101:1:51,0.0,2026-10-02T01:01:04.695736+02:00
295903012,de:11000:900058103:1:50,-0.7,2026-10-02T01:01:04.695736+02:00
295903012,de:11000:900058101:1:50,-0.3,2026-10-02T01:01:04.695736+02:00
295903012,de:11000:900058102:1:52,0.0,2026-10-02T01:01:04.695736+02:00
295903012,de:11000:900063452:1:50,-0.1,2026-10-02T01:01:04.695736+02:00
295903012,de:11000:900067221:1:50,-0.2,2026-10-02T01:01:04.695736+02:00
295903012,de:11000:900064301:3:52,-0.2,2026-10-02T01:01:04.695736+02:00
295903012,de:11000:900064256:1:50,-0.7,2026-10-02T01:01:04.695736+02:00
295903012,de:11000:900064201:1:50,-0.6,2026-10-02T01:01:04.695736+02:00
295903012,de:12069:900220114:1:50,-0.9,2026-10-02T01:01:04.695736+02:00
306897056,de:12067:900311482::1,0.0,2026-10-02T01:01:04.695736+02:00
306897056,de:12067:900311481::2,0.0,2026-10-02T01:01:04.695736+02:00
306897056,de:12067:900311440::1,0.0,2026-10-02T01:01:04.695736+02:00
306897056,de:12067:900311562::1,0.0,2026-10-02T01:01:04.695736+02:00
306897056,de:12067:900311610::1,0.0,2026-10-02T01:01:04.695736+02:00
306897056,de:12067:900311421::1,0.0,2026-10-02T01:01:04.695736+02:00
306897056,de:12067:900311420::1,0.0,2026-10-02T01:01:04.695736+02:00
306897056,de:12067:900311422::1,0.0,2026-10-02T01:01:04.695736+02:00
306897056,de:12067:900311423::1,0.0,2026-10-02T01:01:04.695736+02:00
306897056,de:12067:900311424::1,0.0,2026-10-02T01:01:04.695736+02:00
306897056,de:12067:900311237::2,0.0,2026-10-02T01:01:04.695736+02:00
306897056,de:12067:900311232::2,0.0,2026-10-02T01:01:04.695736+02:00
306897056,de:12067:900311236::1,0.0,2026-10-02T01:01:04.695736+02:00
306897056,de:12067:900311234::1,0.0,2026-10-02T01:01:04.695736+02:00
306897056,de:12067:900311238::1,0.0,2026-10-02T01:01:04.695736+02:00
306897106,de:12067:900311238::1,0.0,2026-10-02T01:01:04.695736+02:00
306897106,de:12067:900311236::2,0.0,2026-10-02T01:01:04.695736+02:00
306897106,de:12067:900311232::1,0.0,2026-10-02T01:01:04.695736+02:00
306897106,de:12067:900311624::2,0.0,2026-10-02T01:01:04.695736+02:00
306897106,de:12067:900311621::1,0.0,2026-10-02T01:01:04.695736+02:00
306897106,de:12067:900311622::2,0.0,2026-10-02T01:01:04.695736+02:00
306897106,de:12067:900311632::2,0.0,2026-10-02T01:01:04.695736+02:00
306897106,de:12067:900311634::1,0.0,2026-10-02T01:01:04.695736+02:00
306897106,de:12067:900311591::1,0.0,2026-10-02T01:01:04.695736+02:00
306897106,de:12067:900311370::2,0.0,2026-10-02T01:01:04.695736+02:00
306897106,de:12067:900311373::2,0.0,2026-10-02T01:01:04.695736+02:00
306897106,de:12067:900311301::2,0.0,2026-10-02T01:01:04.695736+02:00
306897106,de:12067:900311339::2,0.0,2026-10-02T01:01:04.695736+02:00
306897106,de:12067:900311341::1,0.0,2026-10-02T01:01:04.695736+02:00
306897106,de:12067:900311345::1,0.0,2026-10-02T01:01:04.695736+02:00
306897106,de:12067:900311359::1,0.0,2026-10-02T01:01:04.695736+02:00
306897106,de:12067:900310027::1,0.0,2026-10-02T01:01:04.695736+02:00
306897106,de:12067:900311317::1,0.0,2026-10-02T01:01:04.695736+02:00
306897106,de:12067:900311384::1,0.0,2026-10-02T01:01:04.695736+02:00
306897106,de:12067:900311316::1,0.0,2026-10-02T01:01:04.695736+02:00
306897106,de:12067:900311376::1,0.0,2026-10-02T01:01:04.695736+02:00
306897106,de:12067:900311377::1,0.0,2026-10-02T01:01:04.695736+02:00
306897106,de:12067:900311349::1,0.0,2026-10-02T01:01:04.695736+02:00
306897106,de:12067:900311336::1,0.0,2026-10-02T01:01:04.695736+02:00
306897106,de:12067:900311352::1,0.0,2026-10-02T01:01:04.695736+02:00
306897106,de:12067:900311354::1,0.0,2026-10-02T01:01:04.695736+02:00
306897106,de:12067:900311320::2,0.0,2026-10-02T01:01:04.695736+02:00
306897106,de:12067:900311305::2,0.0,2026-10-02T01:01:04.695736+02:00
306897106,de:12067:900311383::8,0.0,2026-10-02T01:01:04.695736+02:00
295906983,de:11000:900048101:2:53,0.0,2026-10-02T01:01:04.695736+02:00
295906983,de:11000:900024102:2:52,-0.7,2026-10-02T01:01:04.695736+02:00
295906983,de:11000:900024101:3:55,-0.3,2026-10-02T01:01:04.695736+02:00
295906983,de:11000:900024203:1:51,-0.8,2026-10-02T01:01:04.695736+02:00
295906983,de:11000:900023201:3:54,-0.7,2026-10-02T01:01:04.695736+02:00
295906983,de:11000:900003103:1:50,-0.8,2026-10-02T01:01:04.695736+02:00
295906983,de:11000:900003102:1:50,-0.9,2026-10-02T01:01:04.695736+02:00
295906983,de:11000:900003201:3:54,-0.5,2026-10-02T01:01:04.695736+02:00
295906983,de:11000:900100001:3:54,-0.1,2026-10-02T01:01:04.695736+02:00
295906983,de:11000:900100002:1:50,-0.4,2026-10-02T01:01:04.695736+02:00
295906983,de:11000:900100003:2:52,-0.1,2026-10-02T01:01:04.695736+02:00
295906983,de:11000:900100004:1:50,-0.4,2026-10-02T01:01:04.695736+02:00
295906983,de:11000:900120005:4:55,-0.6,2026-10-02T01:01:04.695736+02:00
295906983,de:11000:900120004:1:50,-0.1,2026-10-02T01:01:04.695736+02:00
295906983,de:11000:900120003:2:53,-0.4,2026-10-02T01:01:04.695736+02:00
295906983,de:11000:900160001:1:51,-0.4,2026-10-02T01:01:04.695736+02:00
295906983,de:11000:900160002:1:50,-0.7,2026-10-02T01:01:04.695736+02:00
295906983,de:11000:900162001:1:51,-0.3,2026-10-02T01:01:04.695736+02:00
295906983,de:11000:900180002:1:51,-0.3,2026-10-02T01:01:04.695736+02:00
295906983,de:11000:900180001:1:50,-0.7,2026-10-02T01:01:04.695736+02:00
295906983,de:11000:900182001:1:51,-0.2,2026-10-02T01:01:04.695736+02:00
295906983,de:11000:900182002:1:51,-0.4,2026-10-02T01:01:04.695736+02:00
295906983,de:11000:900183001:1:51,0.0,2026-10-02T01:01:04.695736+02:00
295906983,de:11000:900183002:1:51,-0.3,2026-10-02T01:01:04.695736+02:00
295906983,de:12067:900310004:3:52,-0.5,2026-10-02T01:01:04.695736+02:00
295906970,de:11000:900029101:1:50,0.0,2026-10-02T01:01:04.695736+02:00
295906970,de:11000:900030202:1:50,-0.3,2026-10-02T01:01:04.695736+02:00
295906970,de:11000:900025424:1:51,-0.2,2026-10-02T01:01:04.695736+02:00
295906970,de:11000:900025321:1:51,-0.2,2026-10-02T01:01:04.695736+02:00
295906970,de:11000:900026105:1:50,-0.4,2026-10-02T01:01:04.695736+02:00
295906970,de:11000:900025423:1:50,-0.7,2026-10-02T01:01:04.695736+02:00
295906970,de:11000:900024102:2:53,-0.7,2026-10-02T01:01:04.695736+02:00
295906970,de:11000:900024101:3:55,-0.3,2026-10-02T01:01:04.695736+02:00
295906970,de:11000:900024203:1:51,-0.8,2026-10-02T01:01:04.695736+02:00
295906970,de:11000:900023201:3:54,-0.7,2026-10-02T01:01:04.695736+02:00
295906970,de:11000:900003103:1:50,-0.8,2026-10-02T01:01:04.695736+02:00
295906970,de:11000:900003102:1:50,-0.9,2026-10-02T01:01:04.695736+02:00
295906970,de:11000:900003201:3:54,-0.5,2026-10-02T01:01:04.695736+02:00
295906970,de:11000:900100001:3:54,-0.1,2026-10-02T01:01:04.695736+02:00
295906970,de:11000:900100002:1:50,-0.4,2026-10-02T01:01:04.695736+02:00
295906970,de:11000:900100003:2:52,-0.1,2026-10-02T01:01:04.695736+02:00
295906970,de:11000:900100004:1:50,-0.4,2026-10-02T01:01:04.695736+02:00
295906970,de:11000:900120005:4:55,-0.6,2026-10-02T01:01:04.695736+02:00
295906970,de:11000:900120004:1:50,-0.1,2026-10-02T01:01:04.695736+02:00
295906970,de:11000:900120003:2:53,-0.4,2026-10-02T01:01:04.695736+02:00
295906970,de:11000:900160001:1:51,-0.4,2026-10-02T01:01:04.695736+02:00
295906970,de:11000:900160002:1:50,-0.7,2026-10-02T01:01:04.695736+02:00
295906970,de:11000:900162001:1:51,-0.3,2026-10-02T01:01:04.695736+02:00
295906970,de:11000:900180002:1:51,-0.3,2026-10-02T01:01:04.695736+02:00
295906970,de:11000:900180001:1:50,-0.7,2026-10-02T01:01:04.695736+02:00
295906970,de:11000:900182001:1:51,-0.2,2026-10-02T01:01:04.695736+02:00
295906970,de:11000:900182002:1:51,-0.4,2026-10-02T01:01:04.695736+02:00
295906970,de:11000:900183001:1:51,0.0,2026-10-02T01:01:04.695736+02:00
295906970,de:11000:900183002:1:51,-0.3,2026-10-02T01:01:04.695736+02:00
295906970,de:12067:900310004:3:52,-0.5,2026-10-02T01:01:04.695736+02:00
306895402,de:12067:900311129::3,0.0,2026-10-02T01:01:04.695736+02:00
306895402,de:12067:900310755::2,0.0,2026-10-02T01:01:04.695736+02:00
306895402,de:12067:900310728::2,0.0,2026-10-02T01:01:04.695736+02:00
306895402,de:12067:900310727::2,0.0,2026-10-02T01:01:04.695736+02:00
306895402,de:12067:900310942::1,0.0,2026-10-02T01:01:04.695736+02:00
306895402,de:12067:900310902::1,0.0,2026-10-02T01:01:04.695736+02:00
306895402,de:12067:900311064::1,0.0,2026-10-02T01:01:04.695736+02:00
306895402,de:12067:900311065::1,0.0,2026-10-02T01:01:04.695736+02:00
306895402,de:12067:900310826::1,0.0,2026-10-02T01:01:04.695736+02:00
306895402,de:12067:900311098::1,0.0,2026-10-02T01:01:04.695736+02:00
306895402,de:12067:900310832::1,0.0,2026-10-02T01:01:04.695736+02:00
306895402,de:12067:900310701::2,0.0,2026-10-02T01:01:04.695736+02:00
306895402,de:12067:900310700::1,0.0,2026-10-02T01:01:04.695736+02:00
306895402,de:12067:900310731::2,0.0,2026-10-02T01:01:04.695736+02:00
306895402,de:12067:900311079::2,0.0,2026-10-02T01:01:04.695736+02:00
306895402,de:12067:900311009::1,0.0,2026-10-02T01:01:04.695736+02:00
306895402,de:12067:900311076::1,0.0,2026-10-02T01:01:04.695736+02:00
306895402,de:12067:900310613::1,0.0,2026-10-02T01:01:04.695736+02:00
307435123,de:12063:900210005:1:50,0.0,2026-10-02T01:01:04.695736+02:00
307435123,de:12063:900210326:2:51,0.0,2026-10-02T01:01:04.695736+02:00
307435123,de:12063:900210011:2:51,0.0,2026-10-02T01:01:04.695736+02:00
307435123,de:12063:900210010:2:51,0.0,2026-10-02T01:01:04.695736+02:00
307435123,de:12063:900210180:2:51,0.0,2026-10-02T01:01:04.695736+02:00
307435123,de:11000:900037168:2:51,0.0,2026-10-02T01:01:04.695736+02:00
307435123,de:11000:900029101:3:54,0.0,2026-10-02T01:01:04.695736+02:00
307435123,de:11000:900020201:1:50,0.0,2026-10-02T01:01:04.695736+02:00
307435123,de:11000:900007102:5:59,0.0,2026-10-02T01:01:04.695736+02:00
307435123,de:11000:900120003:4:56,0.0,2026-10-02T01:01:04.695736+02:00
307435123,de:11000:900192001:1:50,0.0,2026-10-02T01:01:04.695736+02:00
307435059,de:12063:900210005:1:50,0.0,2026-10-02T01:01:04.695736+02:00
307435059,de:12063:900210326:2:51,0.0,2026-10-02T01:01:04.695736+02:00
307435059,de:12063:900210011:2:51,0.0,2026-10-02T01:01:04.695736+02:00
307435059,de:12063:900210010:2:51,0.0,2026-10-02T01:01:04.695736+02:00
307435059,de:12063:900210180:2:51,0.0,2026-10-02T01:01:04.695736+02:00
307435059,de:11000:900037168:2:51,0.0,2026-10-02T01:01:04.695736+02:00
307435059,de:11000:900029101:3:54,0.0,2026-10-02T01:01:04.695736+02:00
307435059,de:11000:900007102:5:59,0.0,2026-10-02T01:01:04.695736+02:00
307435059,de:11000:900120003:4:56,0.0,2026-10-02T01:01:04.695736+02:00
307435059,de:11000:900192001:1:50,0.0,2026-10-02T01:01:04.695736+02:00
307444213,de:12062:900415345:2:51,0.0,2026-10-02T01:01:04.695736+02:00
307444213,de:12062:900415683:1:50,0.0,2026-10-02T01:01:04.695736+02:00
307444213,000300839001,0.0,2026-10-02T01:01:04.695736+02:00
307444213,000300838001,0.0,2026-10-02T01:01:04.695736+02:00
307444213,de:12072:900245303:1:50,0.0,2026-10-02T01:01:04.695736+02:00
307444213,de:12072:900245019:2:51,0.0,2026-10-02T01:01:04.695736+02:00
307444213,de:12072:900245002:3:53,0.0,2026-10-02T01:01:04.695736+02:00
307444213,de:12072:900245016:2:51,0.0,2026-10-02T01:01:04.695736+02:00
307444213,de:12072:900245010:2:51,0.0,2026-10-02T01:01:04.695736+02:00
307444213,de:12072:900245037:2:51,0.0,2026-10-02T01:01:04.695736+02:00
307444213,de:12072:900245029:2:53,0.0,2026-10-02T01:01:04.695736+02:00
307444213,de:11000:900064301:2:51,0.0,2026-10-02T01:01:04.695736+02:00
307444213,de:11000:900058101:3:55,0.0,2026-10-02T01:01:04.695736+02:00
307444213,de:11000:900100020:2:52,0.0,2026-10-02T01:01:04.695736+02:00
307444213,de:11000:900003200:4:56,0.0,2026-10-02T01:01:04.695736+02:00
307444213,de:11000:900020201:1:51,0.0,2026-10-02T01:01:04.695736+02:00
307444213,de:11000:900029101:2:53,0.0,2026-10-02T01:01:04.695736+02:00
295910954,de:11000:900120005:4:56,0.0,2026-10-02T01:01:04.695736+02:00
295910954,de:11000:900120004:1:50,-0.9,2026-10-02T01:01:04.695736+02:00
295910954,de:11000:900120003:2:53,-0.1,2026-10-02T01:01:04.695736+02:00
295910954,de:11000:900160001:1:51,-0.9,2026-10-02T01:01:04.695736+02:00
295910954,de:11000:900160002:1:50,-0.2,2026-10-02T01:01:04.695736+02:00
295910954,de:11000:900162001:1:51,-0.3,2026-10-02T01:01:04.695736+02:00
307275448,de:11000:900182002:1:50,0.0,2026-10-02T01:01:04.695736+02:00
307275448,de:11000:900182001:1:50,-0.2,2026-10-02T01:01:04.695736+02:00
307275448,de:11000:900180001:1:50,-0.7,2026-10-02T01:01:04.695736+02:00
307275448,de:11000:900180002:1:50,-0.7,2026-10-02T01:01:04.695736+02:00
307275448,de:11000:900162001:1:50,-0.9,2026-10-02T01:01:04.695736+02:00
307275448,de:11000:900160002:1:50,0.0,2026-10-02T01:01:04.695736+02:00
307275448,de:11000:900160001:1:50,-0.3,2026-10-02T01:01:04.695736+02:00
307275448,de:11000:900120003:3:54,-0.1,2026-10-02T01:01:04.695736+02:00
307275448,de:11000:900120004:2:52,-0.6,2026-10-02T01:01:04.695736+02:00
307275448,de:11000:900120005:5:57,-0.9,2026-10-02T01:01:04.695736+02:00
307275448,de:11000:900100004:1:51,-0.9,2026-10-02T01:01:04.695736+02:00
307275448,de:11000:900100003:2:53,-0.9,2026-10-02T01:01:04.695736+02:00
307275448,de:11000:900100002:1:51,-0.9,2026-10-02T01:01:04.695736+02:00
307275448,de:11000:900100001:3:55,-0.9,2026-10-02T01:01:04.695736+02:00
307275448,de:11000:900003201:3:55,-0.6,2026-10-02T01:01:04.695736+02:00
307275448,de:11000:900003102:1:51,-0.3,2026-10-02T01:01:04.695736+02:00
307275448,de:11000:900003103:1:51,-0.4,2026-10-02T01:01:04.695736+02:00
307275448,de:11000:900023201:3:55,-0.3,2026-10-02T01:01:04.695736+02:00
307275448,de:11000:900024203:1:51,-0.3,2026-10-02T01:01:04.695736+02:00
307275448,de:11000:900024101:4:56,-0.3,2026-10-02T01:01:04.695736+02:00
307437034,de:12069:900220143:1:50,0.0,2026-10-02T01:01:04.695736+02:00
307437034,de:12069:900220142:2:51,0.0,2026-10-02T01:01:04.695736+02:00
307437034,de:12069:900220141:2:51,0.0,2026-10-02T01:01:04.695736+02:00
307437034,de:12069:900222030:2:51,0.0,2026-10-02T01:01:04.695736+02:00
307437034,de:12069:900220005:2:51,0.0,2026-10-02T01:01:04.695736+02:00
307437034,de:12069:900220004:2:51,0.0,2026-10-02T01:01:04.695736+02:00
307437034,de:12069:900220003:1:51,0.0,2026-10-02T01:01:04.695736+02:00
307437034,de:12069:900220006:2:51,0.0,2026-10-02T01:01:04.695736+02:00
307437034,de:12069:900220008:2:51,0.0,2026-10-02T01:01:04.695736+02:00
307437034,de:12054:900230001:2:51,0.0,2026-10-02T01:01:04.695736+02:00
307437034,de:11000:900053301:3:55,0.0,2026-10-02T01:01:04.695736+02:00
307437034,de:11000:900024101:2:52,0.0,2026-10-02T01:01:04.695736+02:00
307446018,de:12070:900216026:3:53,0.0,2026-10-02T01:01:04.695736+02:00
307446018,de:15090:8010121,0.0,2026-10-02T01:01:04.695736+02:00
307446018,de:15090:8012967,0.0,2026-10-02T01:01:04.695736+02:00
307446018,de:15090:8012568,0.0,2026-10-02T01:01:04.695736+02:00
307446018,de:15090:8011665,0.0,2026-10-02T01:01:04.695736+02:00
307446018,de:15090:8011460,0.0,2026-10-02T01:01:04.695736+02:00
307446018,000008013045,0.0,2026-10-02T01:01:04.695736+02:00
307446018,de:15090:8010335,0.0,2026-10-02T01:01:04.695736+02:00
307446018,de:15090:8010334,0.0,2026-10-02T01:01:04.695736+02:00
307446018,de:15090:8011355,0.0,2026-10-02T01:01:04.695736+02:00
307446018,de:15090:8013083,0.0,2026-10-02T01:01:04.695736+02:00
307446018,de:15083:8012295,0.0,2026-10-02T01:01:04.695736+02:00
307446018,de:15083:8011042,0.0,2026-10-02T01:01:04.695736+02:00
307446018,de:15083:8013402,0.0,2026-10-02T01:01:04.695736+02:00
307446018,de:15083:8073410,0.0,2026-10-02T01:01:04.695736+02:00
307446018,de:15083:8013344,0.0,2026-10-02T01:01:04.695736+02:00
307446018,de:15003:8010086,0.0,2026-10-02T01:01:04.695736+02:00
307446018,de:15003:8012289,0.0,2026-10-02T01:01:04.695736+02:00
307446018,de:15003:8010226,0.0,2026-10-02T01:01:04.695736+02:00
307446018,de:15003:8010224,0.0,2026-10-02T01:01:04.695736+02:00
307446018,de:15003:8013456,0.0,2026-10-02T01:01:04.695736+02:00
307446018,de:15003:8013485,0.0,2026-10-02T01:01:04.695736+02:00
307446018,de:15003:8012291,0.0,2026-10-02T01:01:04.695736+02:00
307446018,de:15003:8012287,0.0,2026-10-02T01:01:04.695736+02:00
307446018,de:15089:8081270,0.0,2026-10-02T01:01:04.695736+02:00
307446018,de:15089:8010318,0.0,2026-10-02T01:01:04.695736+02:00
307446018,de:15089:8081260,0.0,2026-10-02T01:01:04.695736+02:00
307446018,de:15089:8012907,0.0,2026-10-02T01:01:04.695736+02:00
307280553,de:11000:900020202:1:51,0.0,2026-10-02T01:01:04.695736+02:00
307280553,de:11000:900001201:1:51,-0.2,2026-10-02T01:01:04.695736+02:00
307280553,de:11000:900009104:1:51,-0.8,2026-10-02T01:01:04.695736+02:00
307280553,de:11000:900007102:2:52,-0.9,2026-10-02T01:01:04.695736+02:00
307280553,de:11000:900110001:1:50,-0.6,2026-10-02T01:01:04.695736+02:00
307280553,de:11000:900110002:1:50,-0.4,2026-10-02T01:01:04.695736+02:00
307280553,de:11000:900110003:1:50,-0.4,2026-10-02T01:01:04.695736+02:00
307280553,de:11000:900110004:1:50,-0.8,2026-10-02T01:01:04.695736+02:00
307280553,de:11000:900110012:1:50,-0.7,2026-10-02T01:01:04.695736+02:00
307280553,de:11000:900120001:1:50,-0.7,2026-10-02T01:01:04.695736+02:00
307280553,de:11000:900120003:5:58,-0.1,2026-10-02T01:01:04.695736+02:00
307280553,de:11000:900190001:1:50,-0.4,2026-10-02T01:01:04.695736+02:00
307280553,de:11000:900077106:1:50,-0.4,2026-10-02T01:01:04.695736+02:00
307280553,de:11000:900078201:1:50,-0.3,2026-10-02T01:01:04.695736+02:00
307280553,de:11000:900079221:1:50,-0.2,2026-10-02T01:01:04.695736+02:00
307280553,de:11000:900068201:1:50,-0.8,2026-10-02T01:01:04.695736+02:00
307280553,de:11000:900058101:5:58,-0.1,2026-10-02T01:01:04.695736+02:00
307280553,de:11000:900054104:2:52,-0.2,2026-10-02T01:01:04.695736+02:00
307280553,de:11000:900054105:1:50,-0.9,2026-10-02T01:01:04.695736+02:00
307280553,de:11000:900044202:1:50,-0.7,2026-10-02T01:01:04.695736+02:00
307280553,de:11000:900045102:1:50,-0.7,2026-10-02T01:01:04.695736+02:00
307280553,de:11000:900044101:1:50,-0.8,2026-10-02T01:01:04.695736+02:00
307280553,de:11000:900040101:1:50,-0.8,2026-10-02T01:01:04.695736+02:00
307280427,de:11000:900020202:1:50,0.0,2026-10-02T01:01:04.695736+02:00
307280427,de:11000:900001201:1:50,-0.2,2026-10-02T01:01:04.695736+02:00
307280427,de:11000:900009104:1:50,-0.8,2026-10-02T01:01:04.695736+02:00
307280427,de:11000:900007102:2:52,-0.4,2026-10-02T01:01:04.695736+02:00
307280427,de:11000:900110001:1:50,-0.6,2026-10-02T01:01:04.695736+02:00
307280427,de:11000:900110002:1:50,-0.4,2026-10-02T01:01:04.695736+02:00
307280427,de:11000:900110003:1:50,-0.4,2026-10-02T01:01:04.695736+02:00
307280427,de:11000:900110004:1:50,-0.8,2026-10-02T01:01:04.695736+02:00
307280427,de:11000:900110012:1:50,-0.7,2026-10-02T01:01:04.695736+02:00
307280427,de:11000:900120001:1:50,-0.7,2026-10-02T01:01:04.695736+02:00
307280427,de:11000:900120003:5:58,-0.1,2026-10-02T01:01:04.695736+02:00
307280427,de:11000:900190001:1:50,-0.4,2026-10-02T01:01:04.695736+02:00
307280427,de:11000:900077106:1:50,-0.4,2026-10-02T01:01:04.695736+02:00
307280427,de:11000:900078201:1:50,-0.3,2026-10-02T01:01:04.695736+02:00
307280427,de:11000:900079221:1:50,-0.2,2026-10-02T01:01:04.695736+02:00
307280427,de:11000:900068201:1:50,-0.8,2026-10-02T01:01:04.695736+02:00
307280427,de:11000:900058101:5:58,-0.1,2026-10-02T01:01:04.695736+02:00
307280427,de:11000:900054104:2:52,-0.7,2026-10-02T01:01:04.695736+02:00
307280427,de:11000:900054105:1:50,-0.9,2026-10-02T01:01:04.695736+02:00
307280427,de:11000:900044202:1:50,-0.7,2026-10-02T01:01:04.695736+02:00
307280427,de:11000:900045102:1:50,-0.7,2026-10-02T01:01:04.695736+02:00
307280427,de:11000:900044101:1:50,-0.8,2026-10-02T01:01:04.695736+02:00
307280427,de:11000:900040101:1:50,-0.3,2026-10-02T01:01:04.695736+02:00
307280427,de:11000:900024101:3:54,-0.8,2026-10-02T01:01:04.695736+02:00
307286716,de:11000:900040101:1:50,0.0,2026-10-02T01:01:04.695736+02:00
307286716,de:11000:900044101:1:50,-0.8,2026-10-02T01:01:04.695736+02:00
307286716,de:11000:900045102:1:51,-0.9,2026-10-02T01:01:04.695736+02:00
307286716,de:11000:900044202:1:51,-0.9,2026-10-02T01:01:04.695736+02:00
307286716,de:11000:900054105:1:51,-0.7,2026-10-02T01:01:04.695736+02:00
307286716,de:11000:900054104:2:53,-0.3,2026-10-02T01:01:04.695736+02:00
307286716,de:11000:900058101:5:59,-0.2,2026-10-02T01:01:04.695736+02:00
307286716,de:11000:900068201:1:51,-0.8,2026-10-02T01:01:04.695736+02:00
307286716,de:11000:900079221:1:51,-0.4,2026-10-02T01:01:04.695736+02:00
307286716,de:11000:900078201:1:51,-0.1,2026-10-02T01:01:04.695736+02:00
307286716,de:11000:900077106:1:51,0.0,2026-10-02T01:01:04.695736+02:00
307286716,de:11000:900190001:2:52,-0.9,2026-10-02T01:01:04.695736+02:00
307286716,de:11000:900120003:5:59,-0.4,2026-10-02T01:01:04.695736+02:00
307286716,de:11000:900120001:1:51,0.0,2026-10-02T01:01:04.695736+02:00
307286716,de:11000:900110012:1:51,-0.2,2026-10-02T01:01:04.695736+02:00
307286716,de:11000:900110004:1:51,-0.1,2026-10-02T01:01:04.695736+02:00
307286716,de:11000:900110003:1:51,-0.4,2026-10-02T01:01:04.695736+02:00
307286716,de:11000:900110002:1:51,-0.4,2026-10-02T01:01:04.695736+02:00
307286716,de:11000:900110001:1:51,-0.1,2026-10-02T01:01:04.695736+02:00
307286716,de:11000:900007102:1:51,-0.6,2026-10-02T01:01:04.695736+02:00
307286716,de:11000:900009104:1:50,-0.8,2026-10-02T01:01:04.695736+02:00
307286716,de:11000:900001201:1:50,-0.3,2026-10-02T01:01:04.695736+02:00
307286716,de:11000:900020202:1:50,-0.1,2026-10-02T01:01:04.695736+02:00
307286650,de:11000:900024101:3:54,0.0,2026-10-02T01:01:04.695736+02:00
307286650,de:11000:900040101:1:50,-0.2,2026-10-02T01:01:04.695736+02:00
307286650,de:11000:900044101:1:50,-0.3,2026-10-02T01:01:04.695736+02:00
307286650,de:11000:900045102:1:51,-0.4,2026-10-02T01:01:04.695736+02:00
307286650,de:11000:900044202:1:51,-0.4,2026-10-02T01:01:04.695736+02:00
307286650,de:11000:900054105:1:51,-0.2,2026-10-02T01:01:04.695736+02:00
307286650,de:11000:900054104:2:53,-0.8,2026-10-02T01:01:04.695736+02:00
307286650,de:11000:900058101:5:59,-0.2,2026-10-02T01:01:04.695736+02:00
307286650,de:11000:900068201:1:51,-0.8,2026-10-02T01:01:04.695736+02:00
307286650,de:11000:900079221:1:51,-0.4,2026-10-02T01:01:04.695736+02:00
307286650,de:11000:900078201:1:51,-0.1,2026-10-02T01:01:04.695736+02:00
307286650,de:11000:900077106:1:51,0.0,2026-10-02T01:01:04.695736+02:00
307286650,de:11000:900190001:2:52,-0.9,2026-10-02T01:01:04.695736+02:00
307286650,de:11000:900120003:5:59,-0.4,2026-10-02T01:01:04.695736+02:00
307286650,de:11000:900120001:1:51,0.0,2026-10-02T01:01:04.695736+02:00
307286650,de:11000:900110012:1:51,-0.2,2026-10-02T01:01:04.695736+02:00
307286650,de:11000:900110004:1:51,-0.1,2026-10-02T01:01:04.695736+02:00
307286650,de:11000:900110003:1:51,-0.4,2026-10-02T01:01:04.695736+02:00
307286650,de:11000:900110002:1:51,-0.4,2026-10-02T01:01:04.695736+02:00
307286650,de:11000:900110001:1:51,-0.1,2026-10-02T01:01:04.695736+02:00
307286650,de:11000:900007102:1:51,-0.6,2026-10-02T01:01:04.695736+02:00
307286650,de:11000:900009104:1:51,-0.8,2026-10-02T01:01:04.695736+02:00
307286650,de:11000:900001201:1:51,-0.3,2026-10-02T01:01:04.695736+02:00
307286650,de:11000:900020202:1:51,-0.1,2026-10-02T01:01:04.695736+02:00
307445250,de:13071:80001,0.0,2026-10-02T01:01:04.695736+02:00
307445250,de:12065:900203772:1:50,0.0,2026-10-02T01:01:04.695736+02:00
307445250,de:12065:900203749:1:50,0.0,2026-10-02T01:01:04.695736+02:00
307445250,de:12065:900203709:1:50,0.0,2026-10-02T01:01:04.695736+02:00
307445250,de:12065:900203780:1:50,0.0,2026-10-02T01:01:04.695736+02:00
307445250,de:12065:900203961:1:50,0.0,2026-10-02T01:01:04.695736+02:00
307445250,de:12065:900200043:1:50,0.0,2026-10-02T01:01:04.695736+02:00
307445250,de:12065:900200041:1:50,0.0,2026-10-02T01:01:04.695736+02:00
307445250,de:12065:900200005:1:1,0.0,2026-10-02T01:01:04.695736+02:00
307445250,de:11000:900007102:4:57,0.0,2026-10-02T01:01:04.695736+02:00
307445250,de:11000:900003200:2:53,0.0,2026-10-02T01:01:04.695736+02:00
307445250,de:11000:900100020:1:51,0.0,2026-10-02T01:01:04.695736+02:00
307445250,de:11000:900058101:2:53,0.0,2026-10-02T01:01:04.695736+02:00
306897070,de:12067:900310940::1,0.0,2026-10-02T01:01:04.695736+02:00
306897070,de:12067:900310921::2,0.0,2026-10-02T01:01:04.695736+02:00
306897070,de:12067:900310941::2,0.0,2026-10-02T01:01:04.695736+02:00
306897070,de:12067:900310700::1,0.0,2026-10-02T01:01:04.695736+02:00
306897070,de:12067:900310925::1,0.0,2026-10-02T01:01:04.695736+02:00
307292246,de:11000:900044202:1:51,0.0,2026-10-02T01:01:04.695736+02:00
307292246,de:11000:900054105:1:51,-0.2,2026-10-02T01:01:04.695736+02:00
307292246,de:11000:900054104:2:53,-0.8,2026-10-02T01:01:04.695736+02:00
307292246,de:11000:900058101:5:59,-0.7,2026-10-02T01:01:04.695736+02:00
307292246,de:11000:900068201:1:51,-0.3,2026-10-02T01:01:04.695736+02:00
307292246,de:11000:900079221:1:51,-0.9,2026-10-02T01:01:04.695736+02:00
307292246,de:11000:900078201:1:51,-0.6,2026-10-02T01:01:04.695736+02:00
307292246,de:11000:900077155:1:51,-0.2,2026-10-02T01:01:04.695736+02:00
307292246,de:11000:900191001:2:51,-0.7,2026-10-02T01:01:04.695736+02:00
307292246,de:11000:900192001:2:52,-0.7,2026-10-02T01:01:04.695736+02:00
307292246,de:11000:900193001:1:50,-0.2,2026-10-02T01:01:04.695736+02:00
307292246,de:11000:900193002:1:50,-0.8,2026-10-02T01:01:04.695736+02:00
307292246,de:11000:900186001:1:50,-0.8,2026-10-02T01:01:04.695736+02:00
307292246,de:12061:900260004:1:50,-0.2,2026-10-02T01:01:04.695736+02:00
307292246,de:12061:900260003:1:50,-0.4,2026-10-02T01:01:04.695736+02:00
307292246,de:12061:900260002:1:51,-0.2,2026-10-02T01:01:04.695736+02:00
307292246,de:12061:900260001:2:52,-0.2,2026-10-02T01:01:04.695736+02:00
307294636,de:11000:900079221:1:51,0.0,2026-10-02T01:01:04.695736+02:00
307294636,de:11000:900078201:1:51,-0.6,2026-10-02T01:01:04.695736+02:00
307294636,de:11000:900077155:1:51,-0.2,2026-10-02T01:01:04.695736+02:00
307294636,de:11000:900191001:2:51,-0.7,2026-10-02T01:01:04.695736+02:00
307294636,de:11000:900192001:2:52,-0.7,2026-10-02T01:01:04.695736+02:00
307294636,de:11000:900193001:1:50,-0.2,2026-10-02T01:01:04.695736+02:00
307294636,de:11000:900193002:1:50,-0.8,2026-10-02T01:01:04.695736+02:00
307294636,de:11000:900186001:1:51,-0.8,2026-10-02T01:01:04.695736+02:00
295933000,de:11000:900058101:5:59,0.0,2026-10-02T01:01:04.695736+02:00
295933000,de:11000:900068201:1:51,-0.3,2026-10-02T01:01:04.695736+02:00
295933000,de:11000:900079221:1:51,-0.9,2026-10-02T01:01:04.695736+02:00
295933000,de:11000:900078201:1:51,-0.6,2026-10-02T01:01:04.695736+02:00
295933000,de:11000:900077155:1:51,-0.2,2026-10-02T01:01:04.695736+02:00
295933000,de:11000:900191001:2:51,-0.7,2026-10-02T01:01:04.695736+02:00
295933000,de:11000:900192001:2:53,-0.7,2026-10-02T01:01:04.695736+02:00
295933000,de:11000:900192002:1:50,-0.5,2026-10-02T01:01:04.695736+02:00
295933000,de:11000:900180003:1:50,-0.7,2026-10-02T01:01:04.695736+02:00
295933070,de:11000:900180003:1:50,0.0,2026-10-02T01:01:04.695736+02:00
295933070,de:11000:900192002:1:50,-0.4,2026-10-02T01:01:04.695736+02:00
295933070,de:11000:900192001:3:55,-0.2,2026-10-02T01:01:04.695736+02:00
295933070,de:11000:900191001:1:50,-0.9,2026-10-02T01:01:04.695736+02:00
295933070,de:11000:900077155:1:50,-0.4,2026-10-02T01:01:04.695736+02:00
295933070,de:11000:900078201:1:50,-0.9,2026-10-02T01:01:04.695736+02:00
295933070,de:11000:900079221:1:50,-0.7,2026-10-02T01:01:04.695736+02:00
295933070,de:11000:900068201:1:50,-0.3,2026-10-02T01:01:04.695736+02:00
295933070,de:11000:900058101:5:58,-0.6,2026-10-02T01:01:04.695736+02:00
306896985,de:12067:900311354::1,0.0,2026-10-02T01:01:04.695736+02:00
306896985,de:12067:900311320::2,0.0,2026-10-02T01:01:04.695736+02:00
306896985,de:12067:900311305::2,0.0,2026-10-02T01:01:04.695736+02:00
306896985,de:12067:900311383::6,0.0,2026-10-02T01:01:04.695736+02:00
306896985,de:12067:900311315::2,0.0,2026-10-02T01:01:04.695736+02:00
306896985,de:12067:900311348::2,0.0,2026-10-02T01:01:04.695736+02:00
306896985,de:12067:900311308::4,0.0,2026-10-02T01:01:04.695736+02:00
307302012,de:11000:900024102:2:52,0.0,2026-10-02T01:01:04.695736+02:00
307302012,de:11000:900024101:3:55,-0.8,2026-10-02T01:01:04.695736+02:00
307302012,de:11000:900024203:1:51,-0.8,2026-10-02T01:01:04.695736+02:00
307302012,de:11000:900023201:3:54,-0.7,2026-10-02T01:01:04.695736+02:00
307302012,de:11000:900003103:1:50,-0.8,2026-10-02T01:01:04.695736+02:00
307302012,de:11000:900003102:1:50,-0.9,2026-10-02T01:01:04.695736+02:00
307302012,de:11000:900003201:3:54,-0.5,2026-10-02T01:01:04.695736+02:00
307302012,de:11000:900100001:3:54,-0.1,2026-10-02T01:01:04.695736+02:00
307302012,de:11000:900100002:1:50,-0.4,2026-10-02T01:01:04.695736+02:00
307302012,de:11000:900100003:2:52,-0.1,2026-10-02T01:01:04.695736+02:00
307302012,de:11000:900100004:1:50,-0.4,2026-10-02T01:01:04.695736+02:00
307302012,de:11000:900120005:4:55,-0.6,2026-10-02T01:01:04.695736+02:00
307302012,de:11000:900120004:1:50,-0.1,2026-10-02T01:01:04.695736+02:00
307302012,de:11000:900120003:2:53,-0.4,2026-10-02T01:01:04.695736+02:00
307302012,de:11000:900160003:1:50,-0.7,2026-10-02T01:01:04.695736+02:00
307302012,de:11000:900160004:1:50,-0.7,2026-10-02T01:01:04.695736+02:00
307302012,de:11000:900171002:1:50,-0.2,2026-10-02T01:01:04.695736+02:00
307302012,de:11000:900171001:2:51,-0.3,2026-10-02T01:01:04.695736+02:00
307302012,de:11000:900175001:2:51,-0.5,2026-10-02T01:01:04.695736+02:00
307302012,de:11000:900175002:1:51,0.0,2026-10-02T01:01:04.695736+02:00
307302012,de:11000:900176001:2:52,-0.3,2026-10-02T01:01:04.695736+02:00
307302012,de:12064:900320026:1:51,-0.1,2026-10-02T01:01:04.695736+02:00
307302012,de:12064:900320008:1:50,-0.7,2026-10-02T01:01:04.695736+02:00
307302012,de:12064:900320007:1:50,-0.4,2026-10-02T01:01:04.695736+02:00
307302012,de:12064:900320006:1:50,-0.8,2026-10-02T01:01:04.695736+02:00
307302012,de:12064:900320005:1:50,-0.2,2026-10-02T01:01:04.695736+02:00
307302012,de:12064:900320004:2:51,-0.9,2026-10-02T01:01:04.695736+02:00
307302012,de:12064:900320003:1:50,-0.8,2026-10-02T01:01:04.695736+02:00
307302012,de:12064:900320002:1:50,-0.5,2026-10-02T01:01:04.695736+02:00
307302012,de:12064:900320001:1:50,-0.2,2026-10-02T01:01:04.695736+02:00
295936937,de:12064:900320001:1:50,0.0,2026-10-02T01:01:04.695736+02:00
295936937,de:12064:900320002:1:50,-0.3,2026-10-02T01:01:04.695736+02:00
295936937,de:12064:900320003:1:50,-0.1,2026-10-02T01:01:04.695736+02:00
295936937,de:12064:900320004:2:51,-0.8,2026-10-02T01:01:04.695736+02:00
295936937,de:12064:900320005:1:50,0.0,2026-10-02T01:01:04.695736+02:00
295936937,de:12064:900320006:1:51,-0.8,2026-10-02T01:01:04.695736+02:00
295936937,de:12064:900320007:1:50,-0.8,2026-10-02T01:01:04.695736+02:00
295936937,de:12064:900320008:1:51,-0.5,2026-10-02T01:01:04.695736+02:00
295936937,de:12064:900320026:1:50,-0.3,2026-10-02T01:01:04.695736+02:00
295936937,de:11000:900176001:1:51,-0.7,2026-10-02T01:01:04.695736+02:00
295936937,de:11000:900175002:1:50,-0.7,2026-10-02T01:01:04.695736+02:00
295936937,de:11000:900175001:1:50,-0.6,2026-10-02T01:01:04.695736+02:00
295936937,de:11000:900171001:1:50,-0.3,2026-10-02T01:01:04.695736+02:00
295936937,de:11000:900171002:1:51,-0.4,2026-10-02T01:01:04.695736+02:00
295936937,de:11000:900160004:1:51,-0.8,2026-10-02T01:01:04.695736+02:00
295936937,de:11000:900160003:1:51,-0.9,2026-10-02T01:01:04.695736+02:00
295936937,de:11000:900120003:3:55,-0.1,2026-10-02T01:01:04.695736+02:00
295936937,de:11000:900120004:2:53,-0.6,2026-10-02T01:01:04.695736+02:00
295936937,de:11000:900120005:5:58,-0.9,2026-10-02T01:01:04.695736+02:00
295936937,de:11000:900100004:1:51,-0.4,2026-10-02T01:01:04.695736+02:00
295936937,de:11000:900100003:2:53,-0.4,2026-10-02T01:01:04.695736+02:00
295936937,de:11000:900100002:1:51,-0.4,2026-10-02T01:01:04.695736+02:00
295936937,de:11000:900100001:3:55,-0.4,2026-10-02T01:01:04.695736+02:00
295936937,de:11000:900003201:3:55,-0.1,2026-10-02T01:01:04.695736+02:00
295936937,de:11000:900003102:1:51,-0.8,2026-10-02T01:01:04.695736+02:00
295936937,de:11000:900003103:1:51,-0.9,2026-10-02T01:01:04.695736+02:00
295936937,de:11000:900023201:3:55,-0.8,2026-10-02T01:01:04.695736+02:00
295936937,de:11000:900024203:1:51,-0.8,2026-10-02T01:01:04.695736+02:00
295936937,de:11000:900024101:4:57,-0.8,2026-10-02T01:01:04.695736+02:00
295936937,de:11000:900024102:1:51,-0.1,2026-10-02T01:01:04.695736+02:00
306897230,de:12067:900311129::5,0.0,2026-10-02T01:01:04.695736+02:00
306897230,de:12067:900310755::1,0.0,2026-10-02T01:01:04.695736+02:00
306897230,de:12067:900310738::1,0.0,2026-10-02T01:01:04.695736+02:00
306897230,de:12067:900310725::1,0.0,2026-10-02T01:01:04.695736+02:00
306897230,de:12067:900310615::1,0.0,2026-10-02T01:01:04.695736+02:00
306897230,de:12067:900311540::1,0.0,2026-10-02T01:01:04.695736+02:00
306897230,de:12067:900310933::1,0.0,2026-10-02T01:01:04.695736+02:00
306897230,de:12067:900310935::1,0.0,2026-10-02T01:01:04.695736+02:00
306897230,de:12067:900311483::1,0.0,2026-10-02T01:01:04.695736+02:00
306897230,de:12067:900311480::1,0.0,2026-10-02T01:01:04.695736+02:00
306897230,de:12067:900311482::2,0.0,2026-10-02T01:01:04.695736+02:00
306897230,de:12067:900311485::2,0.0,2026-10-02T01:01:04.695736+02:00
306897230,de:12053:900360062::1,0.0,2026-10-02T01:01:04.695736+02:00
306897230,de:12053:900360213::3,0.0,2026-10-02T01:01:04.695736+02:00
306897230,de:12053:900360078::2,0.0,2026-10-02T01:01:04.695736+02:00
306897230,de:12053:900360096::3,0.0,2026-10-02T01:01:04.695736+02:00
306897230,de:12053:900360083::1,0.0,2026-10-02T01:01:04.695736+02:00
306897230,de:12053:900360135::1,0.0,2026-10-02T01:01:04.695736+02:00
306897230,de:12053:900360041::3,0.0,2026-10-02T01:01:04.695736+02:00
306897230,de:12053:900360059::3,0.0,2026-10-02T01:01:04.695736+02:00
306897230,de:12053:900360021::3,0.0,2026-10-02T01:01:04.695736+02:00
306897230,de:12053:900360000::9,0.0,2026-10-02T01:01:04.695736+02:00
295940794,de:11000:900176001:1:50,0.0,2026-10-02T01:01:04.695736+02:00
295940794,de:11000:900175002:1:50,-0.7,2026-10-02T01:01:04.695736+02:00
295940794,de:11000:900175001:1:50,-0.6,2026-10-02T01:01:04.695736+02:00
295940794,de:11000:900171001:1:50,-0.3,2026-10-02T01:01:04.695736+02:00
295940794,de:11000:900171002:1:51,-0.4,2026-10-02T01:01:04.695736+02:00
295940794,de:11000:900160004:1:51,-0.8,2026-10-02T01:01:04.695736+02:00
295940794,de:11000:900160003:1:51,-0.8,2026-10-02T01:01:04.695736+02:00
295940794,de:11000:900120003:3:54,-0.9,2026-10-02T01:01:04.695736+02:00
295940794,de:11000:900120004:2:52,-0.6,2026-10-02T01:01:04.695736+02:00
295940794,de:11000:900120005:5:57,-0.9,2026-10-02T01:01:04.695736+02:00
295940761,de:11000:900120005:4:56,0.0,2026-10-02T01:01:04.695736+02:00
295940761,de:11000:900120004:1:51,-0.1,2026-10-02T01:01:04.695736+02:00
295940761,de:11000:900120003:2:52,-0.4,2026-10-02T01:01:04.695736+02:00
295940761,de:11000:900160003:1:50,-0.7,2026-10-02T01:01:04.695736+02:00
295940761,de:11000:900160004:1:50,-0.7,2026-10-02T01:01:04.695736+02:00
295940761,de:11000:900171002:1:50,-0.2,2026-10-02T01:01:04.695736+02:00
295940761,de:11000:900171001:2:51,-0.3,2026-10-02T01:01:04.695736+02:00
295940761,de:11000:900175001:2:51,-0.5,2026-10-02T01:01:04.695736+02:00
295940761,de:11000:900175002:1:51,0.0,2026-10-02T01:01:04.695736+02:00
295940761,de:11000:900176001:1:50,-0.7,2026-10-02T01:01:04.695736+02:00
295940272,de:12064:900320008:1:51,0.0,2026-10-02T01:01:04.695736+02:00
295940272,de:12064:900320026:1:50,-0.3,2026-10-02T01:01:04.695736+02:00
295940272,de:11000:900176001:1:51,-0.7,2026-10-02T01:01:04.695736+02:00
295940272,de:11000:900175002:1:50,-0.7,2026-10-02T01:01:04.695736+02:00
295940272,de:11000:900175001:1:50,-0.6,2026-10-02T01:01:04.695736+02:00
295940272,de:11000:900171001:1:50,-0.3,2026-10-02T01:01:04.695736+02:00
295940272,de:11000:900171002:1:51,-0.4,2026-10-02T01:01:04.695736+02:00
295940272,de:11000:900160004:1:51,-0.8,2026-10-02T01:01:04.695736+02:00
295940272,de:11000:900160003:1:51,-0.9,2026-10-02T01:01:04.695736+02:00
295940272,de:11000:900120003:3:55,-0.1,2026-10-02T01:01:04.695736+02:00
295940272,de:11000:900120004:2:53,-0.6,2026-10-02T01:01:04.695736+02:00
295940272,de:11000:900120005:5:58,-0.9,2026-10-02T01:01:04.695736+02:00
295940272,de:11000:900100004:1:51,-0.4,2026-10-02T01:01:04.695736+02:00
295940272,de:11000:900100003:2:53,-0.4,2026-10-02T01:01:04.695736+02:00
295940272,de:11000:900100002:1:51,-0.4,2026-10-02T01:01:04.695736+02:00
295940272,de:11000:900100001:3:55,-0.4,2026-10-02T01:01:04.695736+02:00
295940272,de:11000:900003201:3:55,-0.1,2026-10-02T01:01:04.695736+02:00
295940272,de:11000:900003102:1:51,-0.8,2026-10-02T01:01:04.695736+02:00
295940272,de:11000:900003103:1:51,-0.9,2026-10-02T01:01:04.695736+02:00
295940272,de:11000:900023201:3:55,-0.8,2026-10-02T01:01:04.695736+02:00
295940272,de:11000:900024203:1:51,-0.8,2026-10-02T01:01:04.695736+02:00
295940272,de:11000:900024101:4:57,-0.8,2026-10-02T01:01:04.695736+02:00
295940272,de:11000:900024102:1:51,-0.1,2026-10-02T01:01:04.695736+02:00
295942237,de:11000:900176001:1:50,0.0,2026-10-02T01:01:04.695736+02:00
295942237,de:11000:900175002:1:50,-0.7,2026-10-02T01:01:04.695736+02:00
295942237,de:11000:900175001:1:50,-0.6,2026-10-02T01:01:04.695736+02:00
295942237,de:11000:900171001:1:50,-0.3,2026-10-02T01:01:04.695736+02:00
295942237,de:11000:900171002:1:51,-0.4,2026-10-02T01:01:04.695736+02:00
295942237,de:11000:900160004:1:51,-0.8,2026-10-02T01:01:04.695736+02:00
295942237,de:11000:900160003:1:51,-0.8,2026-10-02T01:01:04.695736+02:00
295942237,de:11000:900120003:3:54,-0.9,2026-10-02T01:01:04.695736+02:00
295942237,de:11000:900120004:2:52,-0.1,2026-10-02T01:01:04.695736+02:00
295940312,de:11000:900176001:1:50,0.0,2026-10-02T01:01:04.695736+02:00
295940312,de:11000:900175002:1:50,-0.7,2026-10-02T01:01:04.695736+02:00
295940312,de:11000:900175001:1:50,-0.6,2026-10-02T01:01:04.695736+02:00
295940312,de:11000:900171001:1:50,-0.3,2026-10-02T01:01:04.695736+02:00
295940312,de:11000:900171002:1:51,-0.4,2026-10-02T01:01:04.695736+02:00
295940312,de:11000:900160004:1:51,-0.8,2026-10-02T01:01:04.695736+02:00
295940312,de:11000:900160003:1:51,-0.9,2026-10-02T01:01:04.695736+02:00
295940312,de:11000:900120003:3:55,-0.1,2026-10-02T01:01:04.695736+02:00
295940312,de:11000:900120004:2:53,-0.6,2026-10-02T01:01:04.695736+02:00
295940312,de:11000:900120005:5:58,-0.9,2026-10-02T01:01:04.695736+02:00
295940312,de:11000:900100004:1:51,-0.4,2026-10-02T01:01:04.695736+02:00
295940312,de:11000:900100003:2:53,-0.4,2026-10-02T01:01:04.695736+02:00
295940312,de:11000:900100002:1:51,-0.4,2026-10-02T01:01:04.695736+02:00
295940312,de:11000:900100001:3:55,-0.4,2026-10-02T01:01:04.695736+02:00
295940312,de:11000:900003201:3:55,-0.1,2026-10-02T01:01:04.695736+02:00
295940312,de:11000:900003102:1:51,-0.8,2026-10-02T01:01:04.695736+02:00
295940312,de:11000:900003103:1:51,-0.9,2026-10-02T01:01:04.695736+02:00
295940312,de:11000:900023201:3:55,-0.8,2026-10-02T01:01:04.695736+02:00
295940312,de:11000:900024203:1:51,-0.8,2026-10-02T01:01:04.695736+02:00
295940312,de:11000:900024101:4:57,-0.8,2026-10-02T01:01:04.695736+02:00
295940312,de:11000:900024102:1:51,-0.1,2026-10-02T01:01:04.695736+02:00
295940224,de:11000:900024102:2:52,0.0,2026-10-02T01:01:04.695736+02:00
295940224,de:11000:900024101:3:54,-0.8,2026-10-02T01:01:04.695736+02:00
295940224,de:11000:900024203:1:51,-0.8,2026-10-02T01:01:04.695736+02:00
295940224,de:11000:900023201:3:54,-0.7,2026-10-02T01:01:04.695736+02:00
295940224,de:11000:900003103:1:50,-0.8,2026-10-02T01:01:04.695736+02:00
295940224,de:11000:900003102:1:50,-0.9,2026-10-02T01:01:04.695736+02:00
295940224,de:11000:900003201:3:54,-0.5,2026-10-02T01:01:04.695736+02:00
295940224,de:11000:900100001:3:54,-0.1,2026-10-02T01:01:04.695736+02:00
295940224,de:11000:900100002:1:50,-0.4,2026-10-02T01:01:04.695736+02:00
295940224,de:11000:900100003:2:52,-0.1,2026-10-02T01:01:04.695736+02:00
295940224,de:11000:900100004:1:50,-0.4,2026-10-02T01:01:04.695736+02:00
295940224,de:11000:900120005:4:55,-0.6,2026-10-02T01:01:04.695736+02:00
295940224,de:11000:900120004:1:50,-0.1,2026-10-02T01:01:04.695736+02:00
295940224,de:11000:900120003:2:53,-0.4,2026-10-02T01:01:04.695736+02:00
295940224,de:11000:900160003:1:50,-0.7,2026-10-02T01:01:04.695736+02:00
295940224,de:11000:900160004:1:50,-0.7,2026-10-02T01:01:04.695736+02:00
295940224,de:11000:900171002:1:50,-0.2,2026-10-02T01:01:04.695736+02:00
295940224,de:11000:900171001:2:51,-0.3,2026-10-02T01:01:04.695736+02:00
295940224,de:11000:900175001:2:51,-0.5,2026-10-02T01:01:04.695736+02:00
295940224,de:11000:900175002:1:51,0.0,2026-10-02T01:01:04.695736+02:00
295940224,de:11000:900176001:1:50,-0.7,2026-10-02T01:01:04.695736+02:00
295940308,de:11000:900176001:1:50,0.0,2026-10-02T01:01:04.695736+02:00
295940308,de:11000:900175002:1:50,-0.7,2026-10-02T01:01:04.695736+02:00
295940308,de:11000:900175001:1:50,-0.6,2026-10-02T01:01:04.695736+02:00
295940308,de:11000:900171001:1:50,-0.3,2026-10-02T01:01:04.695736+02:00
295940308,de:11000:900171002:1:51,-0.4,2026-10-02T01:01:04.695736+02:00
295940308,de:11000:900160004:1:51,-0.8,2026-10-02T01:01:04.695736+02:00
295940308,de:11000:900160003:1:51,-0.9,2026-10-02T01:01:04.695736+02:00
295940308,de:11000:900120003:3:55,-0.1,2026-10-02T01:01:04.695736+02:00
295940308,de:11000:900120004:2:53,-0.6,2026-10-02T01:01:04.695736+02:00
295940308,de:11000:900120005:5:58,-0.9,2026-10-02T01:01:04.695736+02:00
295940308,de:11000:900100004:1:51,-0.4,2026-10-02T01:01:04.695736+02:00
295940308,de:11000:900100003:2:53,-0.4,2026-10-02T01:01:04.695736+02:00
295940308,de:11000:900100002:1:51,-0.4,2026-10-02T01:01:04.695736+02:00
295940308,de:11000:900100001:3:55,-0.4,2026-10-02T01:01:04.695736+02:00
295940308,de:11000:900003201:3:55,-0.1,2026-10-02T01:01:04.695736+02:00
295940308,de:11000:900003102:1:51,-0.8,2026-10-02T01:01:04.695736+02:00
295940308,de:11000:900003103:1:51,-0.9,2026-10-02T01:01:04.695736+02:00
295940308,de:11000:900023201:3:55,-0.8,2026-10-02T01:01:04.695736+02:00
295940308,de:11000:900024203:1:51,-0.8,2026-10-02T01:01:04.695736+02:00
295940308,de:11000:900024101:4:57,-0.8,2026-10-02T01:01:04.695736+02:00
295940308,de:11000:900024102:1:51,-0.1,2026-10-02T01:01:04.695736+02:00
295940263,de:12064:900320008:1:51,0.0,2026-10-02T01:01:04.695736+02:00
295940263,de:12064:900320026:1:50,-0.3,2026-10-02T01:01:04.695736+02:00
295940263,de:11000:900176001:1:51,-0.7,2026-10-02T01:01:04.695736+02:00
295940263,de:11000:900175002:1:50,-0.7,2026-10-02T01:01:04.695736+02:00
295940263,de:11000:900175001:1:50,-0.6,2026-10-02T01:01:04.695736+02:00
295940263,de:11000:900171001:1:50,-0.3,2026-10-02T01:01:04.695736+02:00
295940263,de:11000:900171002:1:51,-0.4,2026-10-02T01:01:04.695736+02:00
295940263,de:11000:900160004:1:51,-0.8,2026-10-02T01:01:04.695736+02:00
295940263,de:11000:900160003:1:51,-0.9,2026-10-02T01:01:04.695736+02:00
295940263,de:11000:900120003:3:55,-0.1,2026-10-02T01:01:04.695736+02:00
295940263,de:11000:900120004:2:53,-0.6,2026-10-02T01:01:04.695736+02:00
295940263,de:11000:900120005:5:58,-0.9,2026-10-02T01:01:04.695736+02:00
295940263,de:11000:900100004:1:51,-0.4,2026-10-02T01:01:04.695736+02:00
295940263,de:11000:900100003:2:53,-0.4,2026-10-02T01:01:04.695736+02:00
295940263,de:11000:900100002:1:51,-0.4,2026-10-02T01:01:04.695736+02:00
295940263,de:11000:900100001:3:55,-0.4,2026-10-02T01:01:04.695736+02:00
295940263,de:11000:900003201:3:55,-0.1,2026-10-02T01:01:04.695736+02:00
295940263,de:11000:900003102:1:51,-0.8,2026-10-02T01:01:04.695736+02:00
295940263,de:11000:900003103:1:51,-0.9,2026-10-02T01:01:04.695736+02:00
295940263,de:11000:900023201:3:55,-0.8,2026-10-02T01:01:04.695736+02:00
295940263,de:11000:900024203:1:51,-0.8,2026-10-02T01:01:04.695736+02:00
295940263,de:11000:900024101:4:57,-0.8,2026-10-02T01:01:04.695736+02:00
295940263,de:11000:900024102:1:51,-0.1,2026-10-02T01:01:04.695736+02:00
295940256,de:12064:900320008:1:51,0.0,2026-10-02T01:01:04.695736+02:00
295940256,de:12064:900320026:1:50,-0.3,2026-10-02T01:01:04.695736+02:00
295940256,de:11000:900176001:1:51,-0.7,2026-10-02T01:01:04.695736+02:00
295940256,de:11000:900175002:1:50,-0.7,2026-10-02T01:01:04.695736+02:00
295940256,de:11000:900175001:1:50,-0.6,2026-10-02T01:01:04.695736+02:00
295940256,de:11000:900171001:1:50,-0.3,2026-10-02T01:01:04.695736+02:00
295940256,de:11000:900171002:1:51,-0.4,2026-10-02T01:01:04.695736+02:00
295940256,de:11000:900160004:1:51,-0.8,2026-10-02T01:01:04.695736+02:00
295940256,de:11000:900160003:1:51,-0.9,2026-10-02T01:01:04.695736+02:00
295940256,de:11000:900120003:3:55,-0.1,2026-10-02T01:01:04.695736+02:00
295940256,de:11000:900120004:2:53,-0.6,2026-10-02T01:01:04.695736+02:00
295940256,de:11000:900120005:5:58,-0.9,2026-10-02T01:01:04.695736+02:00
295940256,de:11000:900100004:1:51,-0.4,2026-10-02T01:01:04.695736+02:00
295940256,de:11000:900100003:2:53,-0.4,2026-10-02T01:01:04.695736+02:00
295940256,de:11000:900100002:1:51,-0.4,2026-10-02T01:01:04.695736+02:00
295940256,de:11000:900100001:3:55,-0.4,2026-10-02T01:01:04.695736+02:00
295940256,de:11000:900003201:3:55,-0.1,2026-10-02T01:01:04.695736+02:00
295940256,de:11000:900003102:1:51,-0.8,2026-10-02T01:01:04.695736+02:00
295940256,de:11000:900003103:1:51,-0.9,2026-10-02T01:01:04.695736+02:00
295940256,de:11000:900023201:3:55,-0.8,2026-10-02T01:01:04.695736+02:00
295940256,de:11000:900024203:1:51,-0.8,2026-10-02T01:01:04.695736+02:00
295940256,de:11000:900024101:4:57,-0.8,2026-10-02T01:01:04.695736+02:00
295940256,de:11000:900024102:1:51,-0.1,2026-10-02T01:01:04.695736+02:00
306896467,de:12067:900310001::3,0.0,2026-10-02T01:01:04.695736+02:00
306896467,de:12067:900310816::1,0.0,2026-10-02T01:01:04.695736+02:00
306896467,de:12067:900310627::1,0.0,2026-10-02T01:01:04.695736+02:00
306896467,de:12067:900310781::1,0.0,2026-10-02T01:01:04.695736+02:00
306896467,de:12067:900310822::1,0.0,2026-10-02T01:01:04.695736+02:00
306896467,de:12067:900310771::1,0.0,2026-10-02T01:01:04.695736+02:00
306896467,de:12067:900310811::1,0.0,2026-10-02T01:01:04.695736+02:00
306896467,de:12067:900310630::1,0.0,2026-10-02T01:01:04.695736+02:00
306896467,de:12067:900310812::1,0.0,2026-10-02T01:01:04.695736+02:00
306896467,de:12067:900310695::2,0.0,2026-10-02T01:01:04.695736+02:00
306896467,de:12067:900310769::1,0.0,2026-10-02T01:01:04.695736+02:00
306896467,de:12067:900310810::2,0.0,2026-10-02T01:01:04.695736+02:00
306896467,de:12067:900310972::1,0.0,2026-10-02T01:01:04.695736+02:00
306896467,de:12067:900310970::1,0.0,2026-10-02T01:01:04.695736+02:00
306896467,de:12067:900310105::1,0.0,2026-10-02T01:01:04.695736+02:00
306896467,de:12067:900310040::1,0.0,2026-10-02T01:01:04.695736+02:00
306896467,de:12067:900310109::1,0.0,2026-10-02T01:01:04.695736+02:00
306896467,de:12067:900310631::1,0.0,2026-10-02T01:01:04.695736+02:00
306896467,de:12067:900310106::1,0.0,2026-10-02T01:01:04.695736+02:00
306896467,de:12067:900310115::1,0.0,2026-10-02T01:01:04.695736+02:00
306896467,de:12067:900310119::1,0.0,2026-10-02T01:01:04.695736+02:00
306896467,de:12067:900310114::1,0.0,2026-10-02T01:01:04.695736+02:00
306896467,de:12067:900310103::1,0.0,2026-10-02T01:01:04.695736+02:00
306896467,de:12067:900310102::1,0.0,2026-10-02T01:01:04.695736+02:00
306896467,de:12067:900310104::1,0.0,2026-10-02T01:01:04.695736+02:00
306896467,de:12067:900310116::1,0.0,2026-10-02T01:01:04.695736+02:00
306896467,de:12067:900310113::1,0.0,2026-10-02T01:01:04.695736+02:00
306896467,de:12067:900310107::1,0.0,2026-10-02T01:01:04.695736+02:00
306896467,de:12067:900311082::1,0.0,2026-10-02T01:01:04.695736+02:00
306896467,de:12067:900311077::1,0.0,2026-10-02T01:01:04.695736+02:00
306896467,de:12067:900311078::1,0.0,2026-10-02T01:01:04.695736+02:00
306896467,de:12067:900310613::1,0.0,2026-10-02T01:01:04.695736+02:00
306895418,de:12067:900311083::3,0.0,2026-10-02T01:01:04.695736+02:00
306895418,de:12067:900310775::1,0.0,2026-10-02T01:01:04.695736+02:00
306895418,de:12067:900311083::2,0.0,2026-10-02T01:01:04.695736+02:00
306895418,de:12067:900310814::2,0.0,2026-10-02T01:01:04.695736+02:00
306895418,de:12067:900310628::2,0.0,2026-10-02T01:01:04.695736+02:00
306895418,de:12067:900310793::2,0.0,2026-10-02T01:01:04.695736+02:00
306895418,de:12067:900310774::1,0.0,2026-10-02T01:01:04.695736+02:00
306895418,de:12067:900310792::1,0.0,2026-10-02T01:01:04.695736+02:00
306895418,de:12067:900310825::1,0.0,2026-10-02T01:01:04.695736+02:00
306895418,de:12067:900310809::2,0.0,2026-10-02T01:01:04.695736+02:00
306895418,de:12067:900310787::2,0.0,2026-10-02T01:01:04.695736+02:00
306895418,de:12067:900310790::2,0.0,2026-10-02T01:01:04.695736+02:00
306895418,de:12067:900310788::2,0.0,2026-10-02T01:01:04.695736+02:00
306895418,de:12067:900310696::2,0.0,2026-10-02T01:01:04.695736+02:00
306895418,de:12067:900310001::11,0.0,2026-10-02T01:01:04.695736+02:00
306895418,de:12067:900310001::2,0.0,2026-10-02T01:01:04.695736+02:00
306895418,de:12067:900310816::1,0.0,2026-10-02T01:01:04.695736+02:00
306895418,de:12067:900310627::1,0.0,2026-10-02T01:01:04.695736+02:00
306895418,de:12067:900310781::1,0.0,2026-10-02T01:01:04.695736+02:00
306895418,de:12067:900310822::1,0.0,2026-10-02T01:01:04.695736+02:00
306895418,de:12067:900310808::1,0.0,2026-10-02T01:01:04.695736+02:00
306895418,de:12067:900310779::1,0.0,2026-10-02T01:01:04.695736+02:00
306895418,de:12067:900310995::1,0.0,2026-10-02T01:01:04.695736+02:00
306895418,de:12067:900311104::1,0.0,2026-10-02T01:01:04.695736+02:00
306895418,de:12067:900310784::1,0.0,2026-10-02T01:01:04.695736+02:00
306895418,de:12067:900310786::1,0.0,2026-10-02T01:01:04.695736+02:00
306895418,de:12067:900310768::1,0.0,2026-10-02T01:01:04.695736+02:00
306895418,de:12067:900310023::1,0.0,2026-10-02T01:01:04.695736+02:00
306895418,de:12067:900310778::1,0.0,2026-10-02T01:01:04.695736+02:00
306895418,de:12067:900310806::1,0.0,2026-10-02T01:01:04.695736+02:00
306895418,de:12067:900310812::1,0.0,2026-10-02T01:01:04.695736+02:00
306895418,de:12067:900310770::1,0.0,2026-10-02T01:01:04.695736+02:00
306895418,de:12067:900310010::3,0.0,2026-10-02T01:01:04.695736+02:00
306895418,de:12067:900310880::1,0.0,2026-10-02T01:01:04.695736+02:00
306895418,de:12067:900310815::1,0.0,2026-10-02T01:01:04.695736+02:00
306895418,de:12067:900310807::1,0.0,2026-10-02T01:01:04.695736+02:00
295946207,de:12054:900230999:3:54,0.0,2026-10-02T01:01:04.695736+02:00
295946207,de:12054:900230000:1:50,-0.3,2026-10-02T01:01:04.695736+02:00
295946207,de:12054:900230003:1:54,-0.3,2026-10-02T01:01:04.695736+02:00
295946207,de:11000:900053301:2:53,-0.4,2026-10-02T01:01:04.695736+02:00
295946207,de:11000:900052201:2:53,-0.7,2026-10-02T01:01:04.695736+02:00
295946207,de:11000:900048101:2:53,-0.9,2026-10-02T01:01:04.695736+02:00
295946207,de:11000:900024102:2:53,-0.9,2026-10-02T01:01:04.695736+02:00
295946207,de:11000:900024101:3:55,-0.3,2026-10-02T01:01:04.695736+02:00
295946207,de:11000:900024203:1:51,-0.3,2026-10-02T01:01:04.695736+02:00
295946207,de:11000:900023201:3:54,-0.2,2026-10-02T01:01:04.695736+02:00
295946207,de:11000:900003103:1:50,-0.3,2026-10-02T01:01:04.695736+02:00
295946207,de:11000:900003102:1:50,-0.4,2026-10-02T01:01:04.695736+02:00
295946207,de:11000:900003201:3:54,0.0,2026-10-02T01:01:04.695736+02:00
295946207,de:11000:900100001:3:54,-0.6,2026-10-02T01:01:04.695736+02:00
295946207,de:11000:900100002:1:50,-0.9,2026-10-02T01:01:04.695736+02:00
295946207,de:11000:900100003:2:52,-0.6,2026-10-02T01:01:04.695736+02:00
295946207,de:11000:900100004:1:50,-0.9,2026-10-02T01:01:04.695736+02:00
295946207,de:11000:900120005:4:55,-0.1,2026-10-02T01:01:04.695736+02:00
295946207,de:11000:900120004:1:50,-0.6,2026-10-02T01:01:04.695736+02:00
295946207,de:11000:900120003:2:53,-0.9,2026-10-02T01:01:04.695736+02:00
295946207,de:11000:900160003:1:50,-0.2,2026-10-02T01:01:04.695736+02:00
295946207,de:11000:900160004:1:50,-0.2,2026-10-02T01:01:04.695736+02:00
295946207,de:11000:900171002:1:50,-0.7,2026-10-02T01:01:04.695736+02:00
295946207,de:11000:900171003:1:50,-0.8,2026-10-02T01:01:04.695736+02:00
295946207,de:11000:900170005:1:50,-0.3,2026-10-02T01:01:04.695736+02:00
295946207,de:11000:900170001:1:50,-0.1,2026-10-02T01:01:04.695736+02:00
295946207,de:11000:900170002:1:50,-0.9,2026-10-02T01:01:04.695736+02:00
295946207,de:11000:900170003:1:50,-0.7,2026-10-02T01:01:04.695736+02:00
295946207,de:11000:900170004:1:50,-0.9,2026-10-02T01:01:04.695736+02:00
306895422,de:12067:900311083::3,0.0,2026-10-02T01:01:04.695736+02:00
306895422,de:12067:900310775::1,0.0,2026-10-02T01:01:04.695736+02:00
306895422,de:12067:900311083::2,0.0,2026-10-02T01:01:04.695736+02:00
306895422,de:12067:900310814::2,0.0,2026-10-02T01:01:04.695736+02:00
306895422,de:12067:900310628::2,0.0,2026-10-02T01:01:04.695736+02:00
306895422,de:12067:900310793::2,0.0,2026-10-02T01:01:04.695736+02:00
306895422,de:12067:900310774::1,0.0,2026-10-02T01:01:04.695736+02:00
306895422,de:12067:900310792::1,0.0,2026-10-02T01:01:04.695736+02:00
306895422,de:12067:900310825::1,0.0,2026-10-02T01:01:04.695736+02:00
306895422,de:12067:900310809::2,0.0,2026-10-02T01:01:04.695736+02:00
306895422,de:12067:900310787::2,0.0,2026-10-02T01:01:04.695736+02:00
306895422,de:12067:900310790::2,0.0,2026-10-02T01:01:04.695736+02:00
306895422,de:12067:900310788::2,0.0,2026-10-02T01:01:04.695736+02:00
306895422,de:12067:900310696::2,0.0,2026-10-02T01:01:04.695736+02:00
306895422,de:12067:900310001::11,0.0,2026-10-02T01:01:04.695736+02:00
306895422,de:12067:900310001::2,0.0,2026-10-02T01:01:04.695736+02:00
306895422,de:12067:900310816::1,0.0,2026-10-02T01:01:04.695736+02:00
306895422,de:12067:900310627::1,0.0,2026-10-02T01:01:04.695736+02:00
306895422,de:12067:900310781::1,0.0,2026-10-02T01:01:04.695736+02:00
306895422,de:12067:900310822::1,0.0,2026-10-02T01:01:04.695736+02:00
306895422,de:12067:900310808::1,0.0,2026-10-02T01:01:04.695736+02:00
306895422,de:12067:900310779::1,0.0,2026-10-02T01:01:04.695736+02:00
306895422,de:12067:900310995::1,0.0,2026-10-02T01:01:04.695736+02:00
306895422,de:12067:900311104::1,0.0,2026-10-02T01:01:04.695736+02:00
306895422,de:12067:900310784::1,0.0,2026-10-02T01:01:04.695736+02:00
306895422,de:12067:900310786::1,0.0,2026-10-02T01:01:04.695736+02:00
306895422,de:12067:900310768::1,0.0,2026-10-02T01:01:04.695736+02:00
306895422,de:12067:900310023::1,0.0,2026-10-02T01:01:04.695736+02:00
306895422,de:12067:900310778::1,0.0,2026-10-02T01:01:04.695736+02:00
306895422,de:12067:900310806::1,0.0,2026-10-02T01:01:04.695736+02:00
306895422,de:12067:900310812::1,0.0,2026-10-02T01:01:04.695736+02:00
306895422,de:12067:900310770::1,0.0,2026-10-02T01:01:04.695736+02:00
306895422,de:12067:900310010::3,0.0,2026-10-02T01:01:04.695736+02:00
306895422,de:12067:900310880::1,0.0,2026-10-02T01:01:04.695736+02:00
306895422,de:12067:900310815::1,0.0,2026-10-02T01:01:04.695736+02:00
306895422,de:12067:900310807::1,0.0,2026-10-02T01:01:04.695736+02:00
295946288,de:11000:900170004:1:50,0.0,2026-10-02T01:01:04.695736+02:00
295946288,de:11000:900170003:1:51,-0.3,2026-10-02T01:01:04.695736+02:00
295946288,de:11000:900170002:1:51,-0.1,2026-10-02T01:01:04.695736+02:00
295946288,de:11000:900170001:1:51,-0.9,2026-10-02T01:01:04.695736+02:00
295946288,de:11000:900170005:1:51,-0.7,2026-10-02T01:01:04.695736+02:00
295946288,de:11000:900171003:1:51,-0.6,2026-10-02T01:01:04.695736+02:00
295946288,de:11000:900171002:1:51,-0.9,2026-10-02T01:01:04.695736+02:00
295946288,de:11000:900160004:1:51,-0.3,2026-10-02T01:01:04.695736+02:00
295946288,de:11000:900160003:1:51,-0.4,2026-10-02T01:01:04.695736+02:00
295946288,de:11000:900120003:3:55,-0.6,2026-10-02T01:01:04.695736+02:00
295946288,de:11000:900120004:2:53,-0.1,2026-10-02T01:01:04.695736+02:00
295946288,de:11000:900120005:5:58,-0.4,2026-10-02T01:01:04.695736+02:00
295946288,de:11000:900100004:1:51,-0.9,2026-10-02T01:01:04.695736+02:00
295946288,de:11000:900100003:2:53,-0.9,2026-10-02T01:01:04.695736+02:00
295946288,de:11000:900100002:1:51,-0.9,2026-10-02T01:01:04.695736+02:00
295946288,de:11000:900100001:3:55,-0.9,2026-10-02T01:01:04.695736+02:00
295946288,de:11000:900003201:3:55,-0.6,2026-10-02T01:01:04.695736+02:00
295946288,de:11000:900003102:1:51,-0.3,2026-10-02T01:01:04.695736+02:00
295946288,de:11000:900003103:1:51,-0.4,2026-10-02T01:01:04.695736+02:00
295946288,de:11000:900023201:3:55,-0.3,2026-10-02T01:01:04.695736+02:00
295946288,de:11000:900024203:1:51,-0.3,2026-10-02T01:01:04.695736+02:00
295946288,de:11000:900024101:4:57,-0.3,2026-10-02T01:01:04.695736+02:00
295946288,de:11000:900024102:1:50,-0.6,2026-10-02T01:01:04.695736+02:00
295946288,de:11000:900048101:1:50,-0.8,2026-10-02T01:01:04.695736+02:00
295946288,de:11000:900052201:2:52,0.0,2026-10-02T01:01:04.695736+02:00
295946288,de:11000:900053301:1:50,-0.4,2026-10-02T01:01:04.695736+02:00
295946288,de:12054:900230003:1:50,-0.4,2026-10-02T01:01:04.695736+02:00
295946288,de:12054:900230000:1:51,-0.4,2026-10-02T01:01:04.695736+02:00
295946288,de:12054:900230999:3:55,-0.9,2026-10-02T01:01:04.695736+02:00
295946281,de:11000:900170004:1:50,0.0,2026-10-02T01:01:04.695736+02:00
295946281,de:11000:900170003:1:51,-0.3,2026-10-02T01:01:04.695736+02:00
295946281,de:11000:900170002:1:51,-0.1,2026-10-02T01:01:04.695736+02:00
295946281,de:11000:900170001:1:51,-0.9,2026-10-02T01:01:04.695736+02:00
295946281,de:11000:900170005:1:51,-0.7,2026-10-02T01:01:04.695736+02:00
295946281,de:11000:900171003:1:51,-0.6,2026-10-02T01:01:04.695736+02:00
295946281,de:11000:900171002:1:51,-0.9,2026-10-02T01:01:04.695736+02:00
295946281,de:11000:900160004:1:51,-0.3,2026-10-02T01:01:04.695736+02:00
295946281,de:11000:900160003:1:51,-0.4,2026-10-02T01:01:04.695736+02:00
295946281,de:11000:900120003:3:55,-0.6,2026-10-02T01:01:04.695736+02:00
295946281,de:11000:900120004:2:53,-0.1,2026-10-02T01:01:04.695736+02:00
295946281,de:11000:900120005:5:58,-0.4,2026-10-02T01:01:04.695736+02:00
295946281,de:11000:900100004:1:51,-0.9,2026-10-02T01:01:04.695736+02:00
295946281,de:11000:900100003:2:53,-0.9,2026-10-02T01:01:04.695736+02:00
295946281,de:11000:900100002:1:51,-0.9,2026-10-02T01:01:04.695736+02:00
295946281,de:11000:900100001:3:55,-0.9,2026-10-02T01:01:04.695736+02:00
295946281,de:11000:900003201:3:55,-0.6,2026-10-02T01:01:04.695736+02:00
295946281,de:11000:900003102:1:51,-0.3,2026-10-02T01:01:04.695736+02:00
295946281,de:11000:900003103:1:51,-0.4,2026-10-02T01:01:04.695736+02:00
295946281,de:11000:900023201:3:55,-0.3,2026-10-02T01:01:04.695736+02:00
295946281,de:11000:900024203:1:51,-0.3,2026-10-02T01:01:04.695736+02:00
295946281,de:11000:900024101:4:57,-0.3,2026-10-02T01:01:04.695736+02:00
295946281,de:11000:900024102:1:50,-0.6,2026-10-02T01:01:04.695736+02:00
295946281,de:11000:900048101:1:50,-0.8,2026-10-02T01:01:04.695736+02:00
295946281,de:11000:900052201:2:52,0.0,2026-10-02T01:01:04.695736+02:00
295946281,de:11000:900053301:1:50,-0.4,2026-10-02T01:01:04.695736+02:00
295946281,de:12054:900230003:1:50,-0.4,2026-10-02T01:01:04.695736+02:00
295946281,de:12054:900230000:1:51,-0.4,2026-10-02T01:01:04.695736+02:00
295946281,de:12054:900230999:3:55,-0.9,2026-10-02T01:01:04.695736+02:00
295946268,de:11000:900170004:1:50,0.0,2026-10-02T01:01:04.695736+02:00
295946268,de:11000:900170003:1:51,-0.3,2026-10-02T01:01:04.695736+02:00
295946268,de:11000:900170002:1:51,-0.1,2026-10-02T01:01:04.695736+02:00
295946268,de:11000:900170001:1:51,-0.9,2026-10-02T01:01:04.695736+02:00
295946268,de:11000:900170005:1:51,-0.7,2026-10-02T01:01:04.695736+02:00
295946268,de:11000:900171003:1:51,-0.6,2026-10-02T01:01:04.695736+02:00
295946268,de:11000:900171002:1:51,-0.9,2026-10-02T01:01:04.695736+02:00
295946268,de:11000:900160004:1:51,-0.3,2026-10-02T01:01:04.695736+02:00
295946268,de:11000:900160003:1:51,-0.4,2026-10-02T01:01:04.695736+02:00
295946268,de:11000:900120003:3:55,-0.6,2026-10-02T01:01:04.695736+02:00
295946268,de:11000:900120004:2:53,-0.1,2026-10-02T01:01:04.695736+02:00
295946268,de:11000:900120005:5:58,-0.4,2026-10-02T01:01:04.695736+02:00
295946268,de:11000:900100004:1:51,-0.9,2026-10-02T01:01:04.695736+02:00
295946268,de:11000:900100003:2:53,-0.9,2026-10-02T01:01:04.695736+02:00
295946268,de:11000:900100002:1:51,-0.9,2026-10-02T01:01:04.695736+02:00
295946268,de:11000:900100001:3:55,-0.9,2026-10-02T01:01:04.695736+02:00
295946268,de:11000:900003201:3:55,-0.6,2026-10-02T01:01:04.695736+02:00
295946268,de:11000:900003102:1:51,-0.3,2026-10-02T01:01:04.695736+02:00
295946268,de:11000:900003103:1:51,-0.4,2026-10-02T01:01:04.695736+02:00
295946268,de:11000:900023201:3:55,-0.3,2026-10-02T01:01:04.695736+02:00
295946268,de:11000:900024203:1:51,-0.3,2026-10-02T01:01:04.695736+02:00
295946268,de:11000:900024101:4:57,-0.3,2026-10-02T01:01:04.695736+02:00
295946268,de:11000:900024102:1:50,-0.6,2026-10-02T01:01:04.695736+02:00
295946268,de:11000:900048101:1:50,-0.8,2026-10-02T01:01:04.695736+02:00
295946268,de:11000:900052201:2:52,0.0,2026-10-02T01:01:04.695736+02:00
295946268,de:11000:900053301:1:50,-0.4,2026-10-02T01:01:04.695736+02:00
295946268,de:12054:900230003:1:50,-0.4,2026-10-02T01:01:04.695736+02:00
295946268,de:12054:900230000:1:51,-0.4,2026-10-02T01:01:04.695736+02:00
295946268,de:12054:900230999:3:55,-0.9,2026-10-02T01:01:04.695736+02:00
295953500,de:11000:900120004:1:51,0.0,2026-10-02T01:01:04.695736+02:00
295953500,de:11000:900120003:2:52,-0.9,2026-10-02T01:01:04.695736+02:00
295953500,de:11000:900160003:1:50,-0.2,2026-10-02T01:01:04.695736+02:00
295953500,de:11000:900160004:1:50,-0.2,2026-10-02T01:01:04.695736+02:00
295953500,de:11000:900171002:1:50,-0.7,2026-10-02T01:01:04.695736+02:00
295953500,de:11000:900171003:1:50,-0.8,2026-10-02T01:01:04.695736+02:00
295953500,de:11000:900152002:1:50,-0.4,2026-10-02T01:01:04.695736+02:00
295953500,de:11000:900152001:1:50,-0.6,2026-10-02T01:01:04.695736+02:00
295953500,de:11000:900151001:1:51,-0.9,2026-10-02T01:01:04.695736+02:00
295953575,de:11000:900151001:1:51,0.0,2026-10-02T01:01:04.695736+02:00
295953575,de:11000:900152001:1:51,-0.6,2026-10-02T01:01:04.695736+02:00
295953575,de:11000:900152002:1:51,-0.2,2026-10-02T01:01:04.695736+02:00
295953575,de:11000:900171003:1:51,-0.9,2026-10-02T01:01:04.695736+02:00
295953575,de:11000:900171002:1:51,-0.9,2026-10-02T01:01:04.695736+02:00
295953575,de:11000:900160004:1:51,-0.3,2026-10-02T01:01:04.695736+02:00
295953575,de:11000:900160003:1:51,-0.4,2026-10-02T01:01:04.695736+02:00
295953575,de:11000:900120003:3:54,-0.6,2026-10-02T01:01:04.695736+02:00
295953575,de:11000:900120004:2:52,-0.1,2026-10-02T01:01:04.695736+02:00
295953528,de:11000:900151001:1:51,0.0,2026-10-02T01:01:04.695736+02:00
295953528,de:11000:900152001:1:51,-0.6,2026-10-02T01:01:04.695736+02:00
295953528,de:11000:900152002:1:51,-0.2,2026-10-02T01:01:04.695736+02:00
295953528,de:11000:900171003:1:51,-0.9,2026-10-02T01:01:04.695736+02:00
295953528,de:11000:900171002:1:51,-0.9,2026-10-02T01:01:04.695736+02:00
295953528,de:11000:900160004:1:51,-0.3,2026-10-02T01:01:04.695736+02:00
295953528,de:11000:900160003:1:51,-0.4,2026-10-02T01:01:04.695736+02:00
295953528,de:11000:900120003:3:55,-0.6,2026-10-02T01:01:04.695736+02:00
295953528,de:11000:900120004:2:53,-0.1,2026-10-02T01:01:04.695736+02:00
295953528,de:11000:900120005:4:56,-0.4,2026-10-02T01:01:04.695736+02:00
295956038,de:11000:900120004:1:51,0.0,2026-10-02T01:01:04.695736+02:00
295956038,de:11000:900120003:2:52,-0.9,2026-10-02T01:01:04.695736+02:00
295956038,de:11000:900160003:1:50,-0.2,2026-10-02T01:01:04.695736+02:00
295956038,de:11000:900160004:1:50,-0.2,2026-10-02T01:01:04.695736+02:00
295956038,de:11000:900171002:1:50,-0.7,2026-10-02T01:01:04.695736+02:00
295956038,de:11000:900171003:1:50,-0.8,2026-10-02T01:01:04.695736+02:00
295956038,de:11000:900152002:1:50,-0.4,2026-10-02T01:01:04.695736+02:00
295956038,de:11000:900152001:1:50,-0.6,2026-10-02T01:01:04.695736+02:00
295956038,de:11000:900151001:1:50,-0.9,2026-10-02T01:01:04.695736+02:00
295956092,de:11000:900151001:1:50,0.0,2026-10-02T01:01:04.695736+02:00
295956092,de:11000:900152001:1:51,-0.6,2026-10-02T01:01:04.695736+02:00
295956092,de:11000:900152002:1:51,-0.2,2026-10-02T01:01:04.695736+02:00
295956092,de:11000:900171003:1:51,-0.9,2026-10-02T01:01:04.695736+02:00
295956092,de:11000:900171002:1:51,-0.9,2026-10-02T01:01:04.695736+02:00
295956092,de:11000:900160004:1:51,-0.3,2026-10-02T01:01:04.695736+02:00
295956092,de:11000:900160003:1:51,-0.4,2026-10-02T01:01:04.695736+02:00
295956092,de:11000:900120003:3:54,-0.6,2026-10-02T01:01:04.695736+02:00
295956092,de:11000:900120004:2:52,-0.1,2026-10-02T01:01:04.695736+02:00
295956079,de:11000:900151001:1:50,0.0,2026-10-02T01:01:04.695736+02:00
295956079,de:11000:900152001:1:51,-0.6,2026-10-02T01:01:04.695736+02:00
295956079,de:11000:900152002:1:51,-0.2,2026-10-02T01:01:04.695736+02:00
295956079,de:11000:900171003:1:51,-0.9,2026-10-02T01:01:04.695736+02:00
295956079,de:11000:900171002:1:51,-0.9,2026-10-02T01:01:04.695736+02:00
295956079,de:11000:900160004:1:51,-0.3,2026-10-02T01:01:04.695736+02:00
295956079,de:11000:900160003:1:51,-0.4,2026-10-02T01:01:04.695736+02:00
295956079,de:11000:900120003:3:54,-0.6,2026-10-02T01:01:04.695736+02:00
295956079,de:11000:900120004:2:52,-0.1,2026-10-02T01:01:04.695736+02:00
307436872,de:12061:900261512:2:52,0.0,2026-10-02T01:01:04.695736+02:00
307436872,de:12066:900435602:2:51,0.0,2026-10-02T01:01:04.695736+02:00
307436872,de:12066:900435459:2:52,0.0,2026-10-02T01:01:04.695736+02:00
307436872,de:12066:900435818:1:50,0.0,2026-10-02T01:01:04.695736+02:00
307436872,de:12066:900435209:1:50,0.0,2026-10-02T01:01:04.695736+02:00
307436872,de:12066:900435339:1:50,0.0,2026-10-02T01:01:04.695736+02:00
307436872,de:12066:900435001:3:53,0.0,2026-10-02T01:01:04.695736+02:00
307436872,de:12066:900435000:2:53,0.0,2026-10-02T01:01:04.695736+02:00
295949437,de:12054:900230999:3:55,0.0,2026-10-02T01:01:04.695736+02:00
295949437,de:12054:900230000:1:50,-0.3,2026-10-02T01:01:04.695736+02:00
295949437,de:12054:900230003:1:54,-0.3,2026-10-02T01:01:04.695736+02:00
295949437,de:11000:900053301:2:53,-0.4,2026-10-02T01:01:04.695736+02:00
295949437,de:11000:900052201:2:53,-0.7,2026-10-02T01:01:04.695736+02:00
295949437,de:11000:900048101:2:53,-0.9,2026-10-02T01:01:04.695736+02:00
295949437,de:11000:900024102:2:53,-0.9,2026-10-02T01:01:04.695736+02:00
295949437,de:11000:900024101:3:55,-0.3,2026-10-02T01:01:04.695736+02:00
295949437,de:11000:900024203:1:51,-0.3,2026-10-02T01:01:04.695736+02:00
295949437,de:11000:900023201:3:54,-0.2,2026-10-02T01:01:04.695736+02:00
295949437,de:11000:900003103:1:50,-0.3,2026-10-02T01:01:04.695736+02:00
295949437,de:11000:900003102:1:50,-0.4,2026-10-02T01:01:04.695736+02:00
295949437,de:11000:900003201:3:54,0.0,2026-10-02T01:01:04.695736+02:00
295949437,de:11000:900100001:3:54,-0.6,2026-10-02T01:01:04.695736+02:00
295949437,de:11000:900100002:1:50,-0.9,2026-10-02T01:01:04.695736+02:00
295949437,de:11000:900100003:2:52,-0.6,2026-10-02T01:01:04.695736+02:00
295949437,de:11000:900100004:1:50,-0.9,2026-10-02T01:01:04.695736+02:00
295949437,de:11000:900120005:4:55,-0.1,2026-10-02T01:01:04.695736+02:00
295949437,de:11000:900120004:1:50,-0.6,2026-10-02T01:01:04.695736+02:00
295949437,de:11000:900120003:2:53,-0.9,2026-10-02T01:01:04.695736+02:00
295949437,de:11000:900160003:1:50,-0.2,2026-10-02T01:01:04.695736+02:00
295949437,de:11000:900160004:1:50,-0.2,2026-10-02T01:01:04.695736+02:00
295949437,de:11000:900171002:1:50,-0.7,2026-10-02T01:01:04.695736+02:00
295949437,de:11000:900171003:1:50,-0.8,2026-10-02T01:01:04.695736+02:00
295949437,de:11000:900170005:1:50,-0.3,2026-10-02T01:01:04.695736+02:00
295949437,de:11000:900170001:1:50,-0.1,2026-10-02T01:01:04.695736+02:00
295949437,de:11000:900170002:1:50,-0.9,2026-10-02T01:01:04.695736+02:00
295949437,de:11000:900170003:1:50,-0.7,2026-10-02T01:01:04.695736+02:00
295949437,de:11000:900170004:2:52,-0.9,2026-10-02T01:01:04.695736+02:00
306895493,de:12067:900310807::1,0.0,2026-10-02T01:01:04.695736+02:00
306895493,de:12067:900310815::2,0.0,2026-10-02T01:01:04.695736+02:00
306895493,de:12067:900310880::2,0.0,2026-10-02T01:01:04.695736+02:00
306895493,de:12067:900310010::2,0.0,2026-10-02T01:01:04.695736+02:00
306895493,de:12067:900310770::2,0.0,2026-10-02T01:01:04.695736+02:00
306895493,de:12067:900310812::2,0.0,2026-10-02T01:01:04.695736+02:00
306895493,de:12067:900310806::2,0.0,2026-10-02T01:01:04.695736+02:00
306895493,de:12067:900310778::2,0.0,2026-10-02T01:01:04.695736+02:00
306895493,de:12067:900310768::2,0.0,2026-10-02T01:01:04.695736+02:00
306895493,de:12067:900310786::2,0.0,2026-10-02T01:01:04.695736+02:00
306895493,de:12067:900310784::2,0.0,2026-10-02T01:01:04.695736+02:00
306895493,de:12067:900311104::2,0.0,2026-10-02T01:01:04.695736+02:00
306895493,de:12067:900310995::1,0.0,2026-10-02T01:01:04.695736+02:00
306895493,de:12067:900310779::2,0.0,2026-10-02T01:01:04.695736+02:00
306895493,de:12067:900310808::2,0.0,2026-10-02T01:01:04.695736+02:00
306895493,de:12067:900310822::2,0.0,2026-10-02T01:01:04.695736+02:00
306895493,de:12067:900310781::2,0.0,2026-10-02T01:01:04.695736+02:00
306895493,de:12067:900310627::2,0.0,2026-10-02T01:01:04.695736+02:00
306895493,de:12067:900310816::2,0.0,2026-10-02T01:01:04.695736+02:00
306895493,de:12067:900310022::1,0.0,2026-10-02T01:01:04.695736+02:00
306895493,de:12067:900310001::11,0.0,2026-10-02T01:01:04.695736+02:00
306895493,de:12067:900310001::1,0.0,2026-10-02T01:01:04.695736+02:00
306895493,de:12067:900310696::1,0.0,2026-10-02T01:01:04.695736+02:00
306895493,de:12067:900310788::1,0.0,2026-10-02T01:01:04.695736+02:00
306895493,de:12067:900310790::1,0.0,2026-10-02T01:01:04.695736+02:00
306895493,de:12067:900310787::1,0.0,2026-10-02T01:01:04.695736+02:00
306895493,de:12067:900310809::1,0.0,2026-10-02T01:01:04.695736+02:00
306895493,de:12067:900310825::1,0.0,2026-10-02T01:01:04.695736+02:00
306895493,de:12067:900310792::2,0.0,2026-10-02T01:01:04.695736+02:00
306895493,de:12067:900310774::2,0.0,2026-10-02T01:01:04.695736+02:00
306895493,de:12067:900310793::1,0.0,2026-10-02T01:01:04.695736+02:00
306895493,de:12067:900310628::1,0.0,2026-10-02T01:01:04.695736+02:00
306895493,de:12067:900310814::1,0.0,2026-10-02T01:01:04.695736+02:00
306895493,de:12067:900311083::3,0.0,2026-10-02T01:01:04.695736+02:00
295960108,de:11000:900186001:2:52,0.0,2026-10-02T01:01:04.695736+02:00
295960108,de:11000:900193002:1:51,-0.2,2026-10-02T01:01:04.695736+02:00
295960108,de:11000:900193001:2:51,-0.8,2026-10-02T01:01:04.695736+02:00
295960108,de:11000:900192001:3:55,-0.7,2026-10-02T01:01:04.695736+02:00
295960108,de:11000:900191001:1:50,-0.4,2026-10-02T01:01:04.695736+02:00
295960108,de:11000:900191002:1:51,-0.8,2026-10-02T01:01:04.695736+02:00
295960108,de:11000:900190001:2:53,-0.6,2026-10-02T01:01:04.695736+02:00
295960108,de:11000:900120003:5:59,0.0,2026-10-02T01:01:04.695736+02:00
295960108,de:11000:900120001:1:51,-0.6,2026-10-02T01:01:04.695736+02:00
295960108,de:11000:900110012:1:51,-0.8,2026-10-02T01:01:04.695736+02:00
295960108,de:11000:900110004:1:51,-0.7,2026-10-02T01:01:04.695736+02:00
295960108,de:11000:900110003:1:51,0.0,2026-10-02T01:01:04.695736+02:00
295960108,de:11000:900110002:1:51,0.0,2026-10-02T01:01:04.695736+02:00
295960108,de:11000:900110001:1:51,-0.7,2026-10-02T01:01:04.695736+02:00
295960108,de:11000:900110011:2:52,-0.4,2026-10-02T01:01:04.695736+02:00
295960108,de:11000:900130002:1:50,0.0,2026-10-02T01:01:04.695736+02:00
295960108,de:11000:900130001:1:50,-0.7,2026-10-02T01:01:04.695736+02:00
295960108,de:11000:900142001:1:50,-0.2,2026-10-02T01:01:04.695736+02:00
295960108,de:12065:900200013:1:50,-0.3,2026-10-02T01:01:04.695736+02:00
295960108,de:12065:900200012:1:50,-0.9,2026-10-02T01:01:04.695736+02:00
295960108,de:12065:900200011:1:50,-0.4,2026-10-02T01:01:04.695736+02:00
295960108,de:12065:900200009:1:50,-0.9,2026-10-02T01:01:04.695736+02:00
295960108,de:12065:900200008:1:50,-0.9,2026-10-02T01:01:04.695736+02:00
295960036,de:11000:900186001:2:53,0.0,2026-10-02T01:01:04.695736+02:00
295960036,de:11000:900193002:1:51,-0.2,2026-10-02T01:01:04.695736+02:00
295960036,de:11000:900193001:2:51,-0.8,2026-10-02T01:01:04.695736+02:00
295960036,de:11000:900192001:3:55,-0.7,2026-10-02T01:01:04.695736+02:00
295960036,de:11000:900191001:1:50,-0.4,2026-10-02T01:01:04.695736+02:00
295960036,de:11000:900191002:1:51,-0.8,2026-10-02T01:01:04.695736+02:00
295960036,de:11000:900190001:2:53,-0.6,2026-10-02T01:01:04.695736+02:00
295960036,de:11000:900120003:5:59,0.0,2026-10-02T01:01:04.695736+02:00
295960036,de:11000:900120001:1:51,-0.6,2026-10-02T01:01:04.695736+02:00
295960036,de:11000:900110012:1:51,-0.8,2026-10-02T01:01:04.695736+02:00
295960036,de:11000:900110004:1:51,-0.7,2026-10-02T01:01:04.695736+02:00
295960036,de:11000:900110003:1:51,0.0,2026-10-02T01:01:04.695736+02:00
295960036,de:11000:900110002:1:51,0.0,2026-10-02T01:01:04.695736+02:00
295960036,de:11000:900110001:1:51,-0.7,2026-10-02T01:01:04.695736+02:00
295960036,de:11000:900110011:2:52,-0.4,2026-10-02T01:01:04.695736+02:00
295960036,de:11000:900130002:1:50,0.0,2026-10-02T01:01:04.695736+02:00
295960036,de:11000:900130001:1:50,-0.7,2026-10-02T01:01:04.695736+02:00
295960036,de:11000:900142001:1:50,-0.2,2026-10-02T01:01:04.695736+02:00
295960036,de:12065:900200013:1:50,-0.3,2026-10-02T01:01:04.695736+02:00
295960036,de:12065:900200012:1:50,-0.9,2026-10-02T01:01:04.695736+02:00
295960036,de:12065:900200011:1:50,-0.4,2026-10-02T01:01:04.695736+02:00
295960036,de:12065:900200009:1:50,-0.9,2026-10-02T01:01:04.695736+02:00
295960036,de:12065:900200008:1:50,-0.9,2026-10-02T01:01:04.695736+02:00
295960042,de:12061:900260002:1:50,0.0,2026-10-02T01:01:04.695736+02:00
295960042,de:12061:900260003:1:51,-0.7,2026-10-02T01:01:04.695736+02:00
295960042,de:12061:900260004:1:51,-0.9,2026-10-02T01:01:04.695736+02:00
295960042,de:11000:900186001:2:53,-0.2,2026-10-02T01:01:04.695736+02:00
295960042,de:11000:900193002:1:51,-0.2,2026-10-02T01:01:04.695736+02:00
295960042,de:11000:900193001:2:51,-0.8,2026-10-02T01:01:04.695736+02:00
295960042,de:11000:900192001:3:55,-0.7,2026-10-02T01:01:04.695736+02:00
295960042,de:11000:900191001:1:50,-0.4,2026-10-02T01:01:04.695736+02:00
295960042,de:11000:900191002:1:51,-0.8,2026-10-02T01:01:04.695736+02:00
295960042,de:11000:900190001:2:53,-0.6,2026-10-02T01:01:04.695736+02:00
295960042,de:11000:900120003:5:59,0.0,2026-10-02T01:01:04.695736+02:00
295960042,de:11000:900120001:1:51,-0.6,2026-10-02T01:01:04.695736+02:00
295960042,de:11000:900110012:1:51,-0.8,2026-10-02T01:01:04.695736+02:00
295960042,de:11000:900110004:1:51,-0.7,2026-10-02T01:01:04.695736+02:00
295960042,de:11000:900110003:1:51,0.0,2026-10-02T01:01:04.695736+02:00
295960042,de:11000:900110002:1:51,0.0,2026-10-02T01:01:04.695736+02:00
295960042,de:11000:900110001:1:51,-0.7,2026-10-02T01:01:04.695736+02:00
295960042,de:11000:900110011:2:52,-0.4,2026-10-02T01:01:04.695736+02:00
295960042,de:11000:900130002:1:50,0.0,2026-10-02T01:01:04.695736+02:00
295960042,de:11000:900130001:1:50,-0.7,2026-10-02T01:01:04.695736+02:00
295960042,de:11000:900142001:1:50,-0.2,2026-10-02T01:01:04.695736+02:00
295960042,de:12065:900200013:1:50,-0.3,2026-10-02T01:01:04.695736+02:00
295960042,de:12065:900200012:1:50,-0.9,2026-10-02T01:01:04.695736+02:00
295960042,de:12065:900200011:1:50,-0.4,2026-10-02T01:01:04.695736+02:00
295960042,de:12065:900200009:1:50,-0.9,2026-10-02T01:01:04.695736+02:00
295960042,de:12065:900200008:1:50,-0.9,2026-10-02T01:01:04.695736+02:00
295960139,de:12061:900260002:1:50,0.0,2026-10-02T01:01:04.695736+02:00
295960139,de:12061:900260003:1:51,-0.7,2026-10-02T01:01:04.695736+02:00
295960139,de:12061:900260004:1:51,-0.9,2026-10-02T01:01:04.695736+02:00
295960139,de:11000:900186001:2:53,-0.2,2026-10-02T01:01:04.695736+02:00
295960139,de:11000:900193002:1:51,-0.2,2026-10-02T01:01:04.695736+02:00
295960139,de:11000:900193001:2:51,-0.8,2026-10-02T01:01:04.695736+02:00
295960139,de:11000:900192001:3:55,-0.7,2026-10-02T01:01:04.695736+02:00
295960139,de:11000:900191001:1:50,-0.4,2026-10-02T01:01:04.695736+02:00
295960139,de:11000:900191002:1:51,-0.8,2026-10-02T01:01:04.695736+02:00
295960139,de:11000:900190001:2:53,-0.6,2026-10-02T01:01:04.695736+02:00
295960139,de:11000:900120003:5:59,0.0,2026-10-02T01:01:04.695736+02:00
295960139,de:11000:900120001:1:51,-0.6,2026-10-02T01:01:04.695736+02:00
295960139,de:11000:900110012:1:51,-0.8,2026-10-02T01:01:04.695736+02:00
295960139,de:11000:900110004:1:51,-0.7,2026-10-02T01:01:04.695736+02:00
295960139,de:11000:900110003:1:51,0.0,2026-10-02T01:01:04.695736+02:00
295960139,de:11000:900110002:1:51,0.0,2026-10-02T01:01:04.695736+02:00
295960139,de:11000:900110001:1:51,-0.7,2026-10-02T01:01:04.695736+02:00
295960139,de:11000:900110011:2:52,-0.4,2026-10-02T01:01:04.695736+02:00
295960139,de:11000:900130002:1:50,0.0,2026-10-02T01:01:04.695736+02:00
295960139,de:11000:900130001:1:50,-0.7,2026-10-02T01:01:04.695736+02:00
295960139,de:11000:900142001:1:50,-0.2,2026-10-02T01:01:04.695736+02:00
295960139,de:12065:900200013:1:50,-0.3,2026-10-02T01:01:04.695736+02:00
295960139,de:12065:900200012:1:50,-0.9,2026-10-02T01:01:04.695736+02:00
295960139,de:12065:900200011:1:50,-0.4,2026-10-02T01:01:04.695736+02:00
295960139,de:12065:900200009:1:50,-0.9,2026-10-02T01:01:04.695736+02:00
295960139,de:12065:900200008:1:50,-0.9,2026-10-02T01:01:04.695736+02:00
295963621,de:11000:900092201:1:51,0.0,2026-10-02T01:01:04.695736+02:00
295963621,de:11000:900093201:1:51,-0.4,2026-10-02T01:01:04.695736+02:00
295963621,de:11000:900094101:1:51,-0.3,2026-10-02T01:01:04.695736+02:00
295963621,de:11000:900096101:1:51,-0.1,2026-10-02T01:01:04.695736+02:00
295963621,de:11000:900084101:1:51,-0.2,2026-10-02T01:01:04.695736+02:00
295963621,de:11000:900085201:1:51,-0.8,2026-10-02T01:01:04.695736+02:00
295963621,de:11000:900130003:1:51,-0.8,2026-10-02T01:01:04.695736+02:00
295963621,de:11000:900110011:1:50,-0.9,2026-10-02T01:01:04.695736+02:00
295963621,de:11000:900110001:1:50,-0.2,2026-10-02T01:01:04.695736+02:00
295963621,de:11000:900110002:1:50,-0.9,2026-10-02T01:01:04.695736+02:00
295963621,de:11000:900110003:1:50,-0.9,2026-10-02T01:01:04.695736+02:00
295963621,de:11000:900110004:1:50,-0.3,2026-10-02T01:01:04.695736+02:00
295963621,de:11000:900110012:1:50,-0.2,2026-10-02T01:01:04.695736+02:00
295963621,de:11000:900120001:1:50,-0.2,2026-10-02T01:01:04.695736+02:00
295963621,de:11000:900120003:5:58,-0.6,2026-10-02T01:01:04.695736+02:00
295963621,de:11000:900190001:1:51,-0.1,2026-10-02T01:01:04.695736+02:00
295963621,de:11000:900191002:1:50,0.0,2026-10-02T01:01:04.695736+02:00
295963621,de:11000:900191001:2:52,-0.4,2026-10-02T01:01:04.695736+02:00
295963621,de:11000:900192001:2:52,-0.2,2026-10-02T01:01:04.695736+02:00
295963621,de:11000:900193001:1:50,-0.7,2026-10-02T01:01:04.695736+02:00
295963621,de:11000:900193002:1:50,-0.3,2026-10-02T01:01:04.695736+02:00
295963621,de:11000:900195510:1:51,-0.7,2026-10-02T01:01:04.695736+02:00
295963621,de:11000:900196001:1:50,-0.9,2026-10-02T01:01:04.695736+02:00
295963621,de:12061:900260005:3:54,-0.7,2026-10-02T01:01:04.695736+02:00
295963621,de:12061:900260080:1:50,0.0,2026-10-02T01:01:04.695736+02:00
295963621,de:12061:900260009:3:56,-0.2,2026-10-02T01:01:04.695736+02:00
295963747,de:12061:900260009:3:56,0.0,2026-10-02T01:01:04.695736+02:00
295963747,de:12061:900260080:1:51,-0.7,2026-10-02T01:01:04.695736+02:00
295963747,de:12061:900260005:3:55,0.0,2026-10-02T01:01:04.695736+02:00
295963747,de:11000:900196001:1:51,0.0,2026-10-02T01:01:04.695736+02:00
295963747,de:11000:900195510:1:50,-0.4,2026-10-02T01:01:04.695736+02:00
295963747,de:11000:900193002:1:51,-0.6,2026-10-02T01:01:04.695736+02:00
295963747,de:11000:900193001:2:51,-0.3,2026-10-02T01:01:04.695736+02:00
295963747,de:11000:900192001:3:55,-0.2,2026-10-02T01:01:04.695736+02:00
295963747,de:11000:900191001:1:50,-0.9,2026-10-02T01:01:04.695736+02:00
295963747,de:11000:900191002:1:51,-0.3,2026-10-02T01:01:04.695736+02:00
295963747,de:11000:900190001:2:53,-0.1,2026-10-02T01:01:04.695736+02:00
295963747,de:11000:900120003:5:59,-0.3,2026-10-02T01:01:04.695736+02:00
295963747,de:11000:900120001:1:51,-0.6,2026-10-02T01:01:04.695736+02:00
295963747,de:11000:900110012:1:51,-0.8,2026-10-02T01:01:04.695736+02:00
295963747,de:11000:900110004:1:51,-0.7,2026-10-02T01:01:04.695736+02:00
295963747,de:11000:900110003:1:51,0.0,2026-10-02T01:01:04.695736+02:00
295963747,de:11000:900110002:1:51,0.0,2026-10-02T01:01:04.695736+02:00
295963747,de:11000:900110001:1:51,-0.7,2026-10-02T01:01:04.695736+02:00
295963747,de:11000:900110011:2:53,-0.4,2026-10-02T01:01:04.695736+02:00
295963747,de:11000:900085201:1:50,-0.8,2026-10-02T01:01:04.695736+02:00
295963747,de:11000:900084101:1:50,-0.7,2026-10-02T01:01:04.695736+02:00
295963747,de:11000:900096101:1:50,-0.8,2026-10-02T01:01:04.695736+02:00
295963747,de:11000:900094101:1:50,-0.3,2026-10-02T01:01:04.695736+02:00
295963747,de:11000:900093201:1:50,-0.4,2026-10-02T01:01:04.695736+02:00
295963747,de:11000:900092201:1:51,-0.2,2026-10-02T01:01:04.695736+02:00
295963740,de:12061:900260009:3:56,0.0,2026-10-02T01:01:04.695736+02:00
295963740,de:12061:900260080:1:51,-0.7,2026-10-02T01:01:04.695736+02:00
295963740,de:12061:900260005:3:55,0.0,2026-10-02T01:01:04.695736+02:00
295963740,de:11000:900196001:1:51,0.0,2026-10-02T01:01:04.695736+02:00
295963740,de:11000:900195510:1:50,-0.4,2026-10-02T01:01:04.695736+02:00
295963740,de:11000:900193002:1:51,-0.6,2026-10-02T01:01:04.695736+02:00
295963740,de:11000:900193001:2:51,-0.3,2026-10-02T01:01:04.695736+02:00
295963740,de:11000:900192001:3:55,-0.2,2026-10-02T01:01:04.695736+02:00
295963740,de:11000:900191001:1:50,-0.9,2026-10-02T01:01:04.695736+02:00
295963740,de:11000:900191002:1:51,-0.3,2026-10-02T01:01:04.695736+02:00
295963740,de:11000:900190001:2:53,-0.1,2026-10-02T01:01:04.695736+02:00
295963740,de:11000:900120003:5:59,-0.3,2026-10-02T01:01:04.695736+02:00
295963740,de:11000:900120001:1:51,-0.6,2026-10-02T01:01:04.695736+02:00
295963740,de:11000:900110012:1:51,-0.8,2026-10-02T01:01:04.695736+02:00
295963740,de:11000:900110004:1:51,-0.7,2026-10-02T01:01:04.695736+02:00
295963740,de:11000:900110003:1:51,0.0,2026-10-02T01:01:04.695736+02:00
295963740,de:11000:900110002:1:51,0.0,2026-10-02T01:01:04.695736+02:00
295963740,de:11000:900110001:1:51,-0.7,2026-10-02T01:01:04.695736+02:00
295963740,de:11000:900110011:2:53,-0.4,2026-10-02T01:01:04.695736+02:00
295963740,de:11000:900085201:1:50,-0.8,2026-10-02T01:01:04.695736+02:00
295963740,de:11000:900084101:1:50,-0.7,2026-10-02T01:01:04.695736+02:00
295963740,de:11000:900096101:1:50,-0.8,2026-10-02T01:01:04.695736+02:00
295963740,de:11000:900094101:1:50,-0.3,2026-10-02T01:01:04.695736+02:00
295963740,de:11000:900093201:1:50,-0.4,2026-10-02T01:01:04.695736+02:00
295963740,de:11000:900092201:1:51,-0.2,2026-10-02T01:01:04.695736+02:00
295963727,de:12061:900260009:3:56,0.0,2026-10-02T01:01:04.695736+02:00
295963727,de:12061:900260080:1:51,-0.7,2026-10-02T01:01:04.695736+02:00
295963727,de:12061:900260005:3:55,0.0,2026-10-02T01:01:04.695736+02:00
295963727,de:11000:900196001:1:51,0.0,2026-10-02T01:01:04.695736+02:00
295963727,de:11000:900195510:1:50,-0.4,2026-10-02T01:01:04.695736+02:00
295963727,de:11000:900193002:1:51,-0.6,2026-10-02T01:01:04.695736+02:00
295963727,de:11000:900193001:2:51,-0.3,2026-10-02T01:01:04.695736+02:00
295963727,de:11000:900192001:3:55,-0.2,2026-10-02T01:01:04.695736+02:00
295963727,de:11000:900191001:1:50,-0.9,2026-10-02T01:01:04.695736+02:00
295963727,de:11000:900191002:1:51,-0.3,2026-10-02T01:01:04.695736+02:00
295963727,de:11000:900190001:2:53,-0.1,2026-10-02T01:01:04.695736+02:00
295963727,de:11000:900120003:5:59,-0.3,2026-10-02T01:01:04.695736+02:00
295963727,de:11000:900120001:1:51,-0.6,2026-10-02T01:01:04.695736+02:00
295963727,de:11000:900110012:1:51,-0.8,2026-10-02T01:01:04.695736+02:00
295963727,de:11000:900110004:1:51,-0.7,2026-10-02T01:01:04.695736+02:00
295963727,de:11000:900110003:1:51,0.0,2026-10-02T01:01:04.695736+02:00
295963727,de:11000:900110002:1:51,0.0,2026-10-02T01:01:04.695736+02:00
295963727,de:11000:900110001:1:51,-0.7,2026-10-02T01:01:04.695736+02:00
295963727,de:11000:900110011:2:53,-0.4,2026-10-02T01:01:04.695736+02:00
295963727,de:11000:900085201:1:50,-0.8,2026-10-02T01:01:04.695736+02:00
295963727,de:11000:900084101:1:50,-0.7,2026-10-02T01:01:04.695736+02:00
295963727,de:11000:900096101:1:50,-0.8,2026-10-02T01:01:04.695736+02:00
295963727,de:11000:900094101:1:50,-0.3,2026-10-02T01:01:04.695736+02:00
295963727,de:11000:900093201:1:50,-0.4,2026-10-02T01:01:04.695736+02:00
295963727,de:11000:900092201:1:51,-0.2,2026-10-02T01:01:04.695736+02:00
295963587,de:11000:900092201:1:51,0.0,2026-10-02T01:01:04.695736+02:00
295963587,de:11000:900093201:1:51,-0.4,2026-10-02T01:01:04.695736+02:00
295963587,de:11000:900094101:1:51,-0.3,2026-10-02T01:01:04.695736+02:00
295963587,de:11000:900096101:1:51,-0.1,2026-10-02T01:01:04.695736+02:00
295963587,de:11000:900084101:1:51,-0.2,2026-10-02T01:01:04.695736+02:00
295963587,de:11000:900085201:1:51,-0.8,2026-10-02T01:01:04.695736+02:00
295963587,de:11000:900130003:1:51,-0.8,2026-10-02T01:01:04.695736+02:00
295963587,de:11000:900110011:1:50,-0.9,2026-10-02T01:01:04.695736+02:00
295963587,de:11000:900110001:1:50,-0.2,2026-10-02T01:01:04.695736+02:00
295963587,de:11000:900110002:1:50,-0.9,2026-10-02T01:01:04.695736+02:00
295963587,de:11000:900110003:1:50,-0.9,2026-10-02T01:01:04.695736+02:00
295963587,de:11000:900110004:1:50,-0.3,2026-10-02T01:01:04.695736+02:00
295963587,de:11000:900110012:1:50,-0.2,2026-10-02T01:01:04.695736+02:00
295963587,de:11000:900120001:1:50,-0.2,2026-10-02T01:01:04.695736+02:00
295963587,de:11000:900120003:5:58,-0.6,2026-10-02T01:01:04.695736+02:00
295963587,de:11000:900190001:1:51,-0.1,2026-10-02T01:01:04.695736+02:00
295963587,de:11000:900191002:1:50,0.0,2026-10-02T01:01:04.695736+02:00
295963587,de:11000:900191001:2:52,-0.4,2026-10-02T01:01:04.695736+02:00
295963587,de:11000:900192001:2:52,-0.2,2026-10-02T01:01:04.695736+02:00
295963587,de:11000:900193001:1:50,-0.7,2026-10-02T01:01:04.695736+02:00
295963587,de:11000:900193002:1:50,-0.3,2026-10-02T01:01:04.695736+02:00
295963587,de:11000:900195510:1:51,-0.7,2026-10-02T01:01:04.695736+02:00
295963587,de:11000:900196001:1:50,-0.9,2026-10-02T01:01:04.695736+02:00
295963587,de:12061:900260005:3:54,-0.7,2026-10-02T01:01:04.695736+02:00
295963587,de:12061:900260080:1:50,0.0,2026-10-02T01:01:04.695736+02:00
295963587,de:12061:900260009:3:56,-0.2,2026-10-02T01:01:04.695736+02:00
295963701,de:12061:900260009:3:56,0.0,2026-10-02T01:01:04.695736+02:00
295963701,de:12061:900260080:1:51,-0.7,2026-10-02T01:01:04.695736+02:00
295963701,de:12061:900260005:3:55,0.0,2026-10-02T01:01:04.695736+02:00
295963701,de:11000:900196001:1:51,0.0,2026-10-02T01:01:04.695736+02:00
295963701,de:11000:900195510:1:50,-0.4,2026-10-02T01:01:04.695736+02:00
295963701,de:11000:900193002:1:51,-0.6,2026-10-02T01:01:04.695736+02:00
295963701,de:11000:900193001:2:51,-0.3,2026-10-02T01:01:04.695736+02:00
295963701,de:11000:900192001:3:55,-0.2,2026-10-02T01:01:04.695736+02:00
295963701,de:11000:900191001:1:50,-0.9,2026-10-02T01:01:04.695736+02:00
295963701,de:11000:900191002:1:51,-0.3,2026-10-02T01:01:04.695736+02:00
295963701,de:11000:900190001:2:53,-0.1,2026-10-02T01:01:04.695736+02:00
295963701,de:11000:900120003:5:59,-0.3,2026-10-02T01:01:04.695736+02:00
295963701,de:11000:900120001:1:51,-0.6,2026-10-02T01:01:04.695736+02:00
295963701,de:11000:900110012:1:51,-0.8,2026-10-02T01:01:04.695736+02:00
295963701,de:11000:900110004:1:51,-0.7,2026-10-02T01:01:04.695736+02:00
295963701,de:11000:900110003:1:51,0.0,2026-10-02T01:01:04.695736+02:00
295963701,de:11000:900110002:1:51,0.0,2026-10-02T01:01:04.695736+02:00
295963701,de:11000:900110001:1:51,-0.7,2026-10-02T01:01:04.695736+02:00
295963701,de:11000:900110011:2:52,-0.4,2026-10-02T01:01:04.695736+02:00
295963701,de:11000:900130002:1:51,-0.8,2026-10-02T01:01:04.695736+02:00
295967970,de:12061:900260009:3:55,0.0,2026-10-02T01:01:04.695736+02:00
295967970,de:12061:900260080:1:51,-0.7,2026-10-02T01:01:04.695736+02:00
295967970,de:12061:900260005:3:55,0.0,2026-10-02T01:01:04.695736+02:00
295967970,de:11000:900196001:1:51,0.0,2026-10-02T01:01:04.695736+02:00
295967970,de:11000:900195510:1:50,-0.4,2026-10-02T01:01:04.695736+02:00
295967970,de:11000:900193002:1:51,-0.6,2026-10-02T01:01:04.695736+02:00
295967970,de:11000:900193001:2:51,-0.3,2026-10-02T01:01:04.695736+02:00
295967970,de:11000:900192001:3:55,-0.2,2026-10-02T01:01:04.695736+02:00
295967970,de:11000:900191001:1:50,0.0,2026-10-02T01:01:04.695736+02:00
295967970,de:11000:900191002:1:51,-0.7,2026-10-02T01:01:04.695736+02:00
295967970,de:11000:900190001:2:53,-0.4,2026-10-02T01:01:04.695736+02:00
295967970,de:11000:900120004:2:53,-0.9,2026-10-02T01:01:04.695736+02:00
295967970,de:11000:900120005:5:58,-0.1,2026-10-02T01:01:04.695736+02:00
295967970,de:11000:900100004:1:51,-0.4,2026-10-02T01:01:04.695736+02:00
295967970,de:11000:900100003:2:53,-0.4,2026-10-02T01:01:04.695736+02:00
295967970,de:11000:900100002:1:51,-0.4,2026-10-02T01:01:04.695736+02:00
295967970,de:11000:900100001:3:55,-0.4,2026-10-02T01:01:04.695736+02:00
295967970,de:11000:900003201:3:55,-0.1,2026-10-02T01:01:04.695736+02:00
295967970,de:11000:900003102:1:51,-0.8,2026-10-02T01:01:04.695736+02:00
295967970,de:11000:900003103:1:51,-0.9,2026-10-02T01:01:04.695736+02:00
295967970,de:11000:900023201:3:55,-0.8,2026-10-02T01:01:04.695736+02:00
295967970,de:11000:900024203:1:51,-0.8,2026-10-02T01:01:04.695736+02:00
295967970,de:11000:900024101:4:57,-0.8,2026-10-02T01:01:04.695736+02:00
295967970,de:11000:900024102:1:50,-0.1,2026-10-02T01:01:04.695736+02:00
295967970,de:11000:900025423:1:50,-0.4,2026-10-02T01:01:04.695736+02:00
295967970,de:11000:900026105:1:50,-0.7,2026-10-02T01:01:04.695736+02:00
295967970,de:11000:900025321:1:50,-0.3,2026-10-02T01:01:04.695736+02:00
295967970,de:11000:900025424:1:50,-0.3,2026-10-02T01:01:04.695736+02:00
295967970,de:11000:900030202:1:50,-0.9,2026-10-02T01:01:04.695736+02:00
295967970,de:11000:900029101:1:51,-0.9,2026-10-02T01:01:04.695736+02:00
307434553,de:12052:900470000:2:51,0.0,2026-10-02T01:01:04.695736+02:00
307434553,de:12071:900445884:1:50,0.0,2026-10-02T01:01:04.695736+02:00
307434553,de:12066:900435884:1:50,0.0,2026-10-02T01:01:04.695736+02:00
307434553,de:12066:900435697:1:50,0.0,2026-10-02T01:01:04.695736+02:00
307434553,de:12066:900435602:1:50,0.0,2026-10-02T01:01:04.695736+02:00
307434553,de:12061:900261512:1:50,0.0,2026-10-02T01:01:04.695736+02:00
307434553,de:12061:900260019:1:50,0.0,2026-10-02T01:01:04.695736+02:00
307434553,de:12061:900260611:2:51,0.0,2026-10-02T01:01:04.695736+02:00
307332685,de:11000:900029101:1:51,0.0,2026-10-02T01:01:04.695736+02:00
307332685,de:11000:900030202:1:50,-0.3,2026-10-02T01:01:04.695736+02:00
307332685,de:11000:900025424:1:51,-0.2,2026-10-02T01:01:04.695736+02:00
307332685,de:11000:900025321:1:51,-0.2,2026-10-02T01:01:04.695736+02:00
307332685,de:11000:900026105:1:50,-0.4,2026-10-02T01:01:04.695736+02:00
307332685,de:11000:900025423:1:50,-0.7,2026-10-02T01:01:04.695736+02:00
307332685,de:11000:900024102:2:53,-0.7,2026-10-02T01:01:04.695736+02:00
307332685,de:11000:900024101:3:55,-0.3,2026-10-02T01:01:04.695736+02:00
307332685,de:11000:900024203:1:51,-0.8,2026-10-02T01:01:04.695736+02:00
307332685,de:11000:900023201:3:54,-0.7,2026-10-02T01:01:04.695736+02:00
307332685,de:11000:900003103:1:50,-0.8,2026-10-02T01:01:04.695736+02:00
307332685,de:11000:900003102:1:50,-0.9,2026-10-02T01:01:04.695736+02:00
307332685,de:11000:900003201:3:54,-0.5,2026-10-02T01:01:04.695736+02:00
307332685,de:11000:900100001:3:54,-0.1,2026-10-02T01:01:04.695736+02:00
307332685,de:11000:900100002:1:50,-0.4,2026-10-02T01:01:04.695736+02:00
307332685,de:11000:900100003:2:52,-0.1,2026-10-02T01:01:04.695736+02:00
307332685,de:11000:900100004:1:50,-0.4,2026-10-02T01:01:04.695736+02:00
307332685,de:11000:900120005:4:56,-0.6,2026-10-02T01:01:04.695736+02:00
307332685,de:11000:900120004:1:51,-0.1,2026-10-02T01:01:04.695736+02:00
307332685,de:11000:900190001:1:51,-0.2,2026-10-02T01:01:04.695736+02:00
307332685,de:11000:900191002:1:50,0.0,2026-10-02T01:01:04.695736+02:00
307332685,de:11000:900191001:2:52,-0.4,2026-10-02T01:01:04.695736+02:00
307332685,de:11000:900192001:2:52,-0.7,2026-10-02T01:01:04.695736+02:00
307332685,de:11000:900193001:1:50,-0.2,2026-10-02T01:01:04.695736+02:00
307332685,de:11000:900193002:1:50,-0.8,2026-10-02T01:01:04.695736+02:00
307332685,de:11000:900195510:1:51,-0.2,2026-10-02T01:01:04.695736+02:00
307332685,de:11000:900196001:1:50,-0.4,2026-10-02T01:01:04.695736+02:00
307332685,de:12061:900260005:3:54,-0.2,2026-10-02T01:01:04.695736+02:00
307332685,de:12061:900260080:1:50,-0.7,2026-10-02T01:01:04.695736+02:00
307332685,de:12061:900260009:3:55,-0.9,2026-10-02T01:01:04.695736+02:00
307435181,de:11000:900192001:1:50,0.0,2026-10-02T01:01:04.695736+02:00
307435181,de:12061:900260005:2:52,0.0,2026-10-02T01:01:04.695736+02:00
307332669,de:11000:900029101:1:51,0.0,2026-10-02T01:01:04.695736+02:00
307332669,de:11000:900030202:1:50,-0.3,2026-10-02T01:01:04.695736+02:00
307332669,de:11000:900025424:1:51,-0.2,2026-10-02T01:01:04.695736+02:00
307332669,de:11000:900025321:1:51,-0.2,2026-10-02T01:01:04.695736+02:00
307332669,de:11000:900026105:1:50,-0.4,2026-10-02T01:01:04.695736+02:00
307332669,de:11000:900025423:1:50,-0.7,2026-10-02T01:01:04.695736+02:00
307332669,de:11000:900024102:2:53,-0.7,2026-10-02T01:01:04.695736+02:00
307332669,de:11000:900024101:3:55,-0.3,2026-10-02T01:01:04.695736+02:00
307332669,de:11000:900024203:1:51,-0.8,2026-10-02T01:01:04.695736+02:00
307332669,de:11000:900023201:3:54,-0.7,2026-10-02T01:01:04.695736+02:00
307332669,de:11000:900003103:1:50,-0.8,2026-10-02T01:01:04.695736+02:00
307332669,de:11000:900003102:1:50,-0.9,2026-10-02T01:01:04.695736+02:00
307332669,de:11000:900003201:3:54,-0.5,2026-10-02T01:01:04.695736+02:00
307332669,de:11000:900100001:3:54,-0.1,2026-10-02T01:01:04.695736+02:00
307332669,de:11000:900100002:1:50,-0.4,2026-10-02T01:01:04.695736+02:00
307332669,de:11000:900100003:2:52,-0.1,2026-10-02T01:01:04.695736+02:00
307332669,de:11000:900100004:1:50,-0.4,2026-10-02T01:01:04.695736+02:00
307332669,de:11000:900120005:4:56,-0.6,2026-10-02T01:01:04.695736+02:00
307332669,de:11000:900120004:1:51,-0.1,2026-10-02T01:01:04.695736+02:00
307332669,de:11000:900190001:1:51,-0.2,2026-10-02T01:01:04.695736+02:00
307332669,de:11000:900191002:1:50,0.0,2026-10-02T01:01:04.695736+02:00
307332669,de:11000:900191001:2:52,-0.4,2026-10-02T01:01:04.695736+02:00
307332669,de:11000:900192001:2:52,-0.7,2026-10-02T01:01:04.695736+02:00
307332669,de:11000:900193001:1:50,-0.2,2026-10-02T01:01:04.695736+02:00
307332669,de:11000:900193002:1:50,-0.8,2026-10-02T01:01:04.695736+02:00
307332669,de:11000:900195510:1:51,-0.2,2026-10-02T01:01:04.695736+02:00
307332669,de:11000:900196001:1:50,-0.4,2026-10-02T01:01:04.695736+02:00
307332669,de:12061:900260005:3:54,-0.2,2026-10-02T01:01:04.695736+02:00
307332669,de:12061:900260080:1:50,-0.7,2026-10-02T01:01:04.695736+02:00
307332669,de:12061:900260009:3:55,-0.9,2026-10-02T01:01:04.695736+02:00
306046306,de:12064:900320028::1,0.0,2026-10-02T01:01:04.695736+02:00
306046306,de:12064:900320018::2,0.0,2026-10-02T01:01:04.695736+02:00
306046306,de:12064:900320019::2,0.0,2026-10-02T01:01:04.695736+02:00
306046306,de:12064:900320501::2,0.0,2026-10-02T01:01:04.695736+02:00
306046306,de:12064:900320026::2,0.0,2026-10-02T01:01:04.695736+02:00
306046306,de:11000:900176519::2,0.0,2026-10-02T01:01:04.695736+02:00
306046306,de:11000:900176011::2,0.0,2026-10-02T01:01:04.695736+02:00
306046306,de:11000:900320502::2,0.0,2026-10-02T01:01:04.695736+02:00
306046306,de:12064:900320503::1,0.0,2026-10-02T01:01:04.695736+02:00
306046306,de:12064:900320504::1,0.0,2026-10-02T01:01:04.695736+02:00
306046306,de:11000:900175010::4,0.0,2026-10-02T01:01:04.695736+02:00
306051621,de:12064:900320006::1,0.0,2026-10-02T01:01:04.695736+02:00
306051621,de:12064:900320639::2,0.0,2026-10-02T01:01:04.695736+02:00
306051621,de:12064:900320660::1,0.0,2026-10-02T01:01:04.695736+02:00
306051621,de:12064:900320268::1,0.0,2026-10-02T01:01:04.695736+02:00
306051621,de:12064:900320257::1,0.0,2026-10-02T01:01:04.695736+02:00
306051621,de:12064:900320261::1,0.0,2026-10-02T01:01:04.695736+02:00
306051621,de:12064:900320256::1,0.0,2026-10-02T01:01:04.695736+02:00
306051621,de:12064:900320272::1,0.0,2026-10-02T01:01:04.695736+02:00
306051621,de:12064:900320256::2,0.0,2026-10-02T01:01:04.695736+02:00
306051621,de:12064:900320265::1,0.0,2026-10-02T01:01:04.695736+02:00
306051621,de:12064:900320260::1,0.0,2026-10-02T01:01:04.695736+02:00
306051621,de:12064:900320246::4,0.0,2026-10-02T01:01:04.695736+02:00
306051621,de:12064:900320283::1,0.0,2026-10-02T01:01:04.695736+02:00
306051621,de:12064:900320252::1,0.0,2026-10-02T01:01:04.695736+02:00
306051621,de:12064:900320253::1,0.0,2026-10-02T01:01:04.695736+02:00
306051621,de:12064:900320255::1,0.0,2026-10-02T01:01:04.695736+02:00
306051621,de:12064:900320250::2,0.0,2026-10-02T01:01:04.695736+02:00
306044892,de:12064:900320228::1,0.0,2026-10-02T01:01:04.695736+02:00
306044892,de:12064:900320211::2,0.0,2026-10-02T01:01:04.695736+02:00
306044892,de:12064:900320214::2,0.0,2026-10-02T01:01:04.695736+02:00
306044892,de:12064:900320227::2,0.0,2026-10-02T01:01:04.695736+02:00
306044892,de:12064:900320014::1,0.0,2026-10-02T01:01:04.695736+02:00
306048488,de:12064:900320564::2,0.0,2026-10-02T01:01:04.695736+02:00
306048488,de:12064:900320559::1,0.0,2026-10-02T01:01:04.695736+02:00
306048488,de:12064:900320001::3,0.0,2026-10-02T01:01:04.695736+02:00
306048488,de:12064:900320554::2,0.0,2026-10-02T01:01:04.695736+02:00
306048488,de:12064:900320557::2,0.0,2026-10-02T01:01:04.695736+02:00
306048488,de:12064:900320558::2,0.0,2026-10-02T01:01:04.695736+02:00
306048488,de:12064:900320560::2,0.0,2026-10-02T01:01:04.695736+02:00
306048488,de:12064:900320025::3,0.0,2026-10-02T01:01:04.695736+02:00
306895372,de:12067:900310611::1,0.0,2026-10-02T01:01:04.695736+02:00
306895372,de:12067:900311049::1,0.0,2026-10-02T01:01:04.695736+02:00
306895372,de:12067:900310977::1,0.0,2026-10-02T01:01:04.695736+02:00
306895372,de:12067:900310976::1,0.0,2026-10-02T01:01:04.695736+02:00
306895372,de:12067:900310024::1,0.0,2026-10-02T01:01:04.695736+02:00
306895372,de:12067:900310833::1,0.0,2026-10-02T01:01:04.695736+02:00
306895372,de:12067:900310842::1,0.0,2026-10-02T01:01:04.695736+02:00
306895372,de:12067:900310843::1,0.0,2026-10-02T01:01:04.695736+02:00
306895372,de:12067:900311018::1,0.0,2026-10-02T01:01:04.695736+02:00
306895372,de:12067:900311017::1,0.0,2026-10-02T01:01:04.695736+02:00
295879440,de:11000:900053301:2:52,0.0,2026-10-02T01:01:04.695736+02:00
295879440,de:11000:900052201:1:51,0.0,2026-10-02T01:01:04.695736+02:00
295879440,de:11000:900050355:1:51,-0.3,2026-10-02T01:01:04.695736+02:00
295879440,de:11000:900050301:1:51,-0.4,2026-10-02T01:01:04.695736+02:00
295879440,de:11000:900049201:1:51,0.0,2026-10-02T01:01:04.695736+02:00
295879440,de:11000:900049202:1:51,0.0,2026-10-02T01:01:04.695736+02:00
295879440,de:11000:900066101:1:51,-0.3,2026-10-02T01:01:04.695736+02:00
295879440,de:11000:900066102:1:51,-0.2,2026-10-02T01:01:04.695736+02:00
295879440,de:11000:900062202:1:51,-0.2,2026-10-02T01:01:04.695736+02:00
295879440,de:11000:900063101:1:51,-0.2,2026-10-02T01:01:04.695736+02:00
295879440,de:11000:900060101:1:51,-0.9,2026-10-02T01:01:04.695736+02:00
295879440,de:11000:900054104:1:51,-0.9,2026-10-02T01:01:04.695736+02:00
295879440,de:11000:900057104:1:50,-0.4,2026-10-02T01:01:04.695736+02:00
295879440,de:11000:900057102:1:51,-0.1,2026-10-02T01:01:04.695736+02:00
295879440,de:11000:900012101:2:52,-0.9,2026-10-02T01:01:04.695736+02:00
295879440,de:11000:900100020:4:57,-0.3,2026-10-02T01:01:04.695736+02:00
295879440,de:11000:900100025:1:51,-0.4,2026-10-02T01:01:04.695736+02:00
295879440,de:11000:900100001:4:57,-0.1,2026-10-02T01:01:04.695736+02:00
295879440,de:11000:900100007:1:51,-0.2,2026-10-02T01:01:04.695736+02:00
295879440,de:11000:900007104:2:52,-0.2,2026-10-02T01:01:04.695736+02:00
295879440,de:11000:900008101:1:51,-0.9,2026-10-02T01:01:04.695736+02:00
295879440,de:11000:900007102:2:53,-0.6,2026-10-02T01:01:04.695736+02:00
295879440,de:11000:900110011:2:53,-0.9,2026-10-02T01:01:04.695736+02:00
295879440,de:11000:900085201:1:50,-0.9,2026-10-02T01:01:04.695736+02:00
295879440,de:11000:900084101:1:50,-0.7,2026-10-02T01:01:04.695736+02:00
295879440,de:11000:900096101:1:50,-0.8,2026-10-02T01:01:04.695736+02:00
295879440,de:11000:900094101:1:50,-0.1,2026-10-02T01:01:04.695736+02:00
295879440,de:11000:900093201:1:50,-0.4,2026-10-02T01:01:04.695736+02:00
295879440,de:11000:900092201:1:50,-0.2,2026-10-02T01:01:04.695736+02:00
295879440,de:12065:900200009:1:50,-0.7,2026-10-02T01:01:04.695736+02:00
295879440,de:12065:900200008:1:50,-0.7,2026-10-02T01:01:04.695736+02:00
295879440,de:12065:900200007:1:50,-0.2,2026-10-02T01:01:04.695736+02:00
295879440,de:12065:900200006:1:50,-0.5,2026-10-02T01:01:04.695736+02:00
295879440,de:12065:900200005:3:1,-0.9,2026-10-02T01:01:04.695736+02:00
295879318,de:12065:900200005:3:1,0.0,2026-10-02T01:01:04.695736+02:00
295879318,de:12065:900200006:1:51,-0.3,2026-10-02T01:01:04.695736+02:00
295879318,de:12065:900200007:1:51,-0.7,2026-10-02T01:01:04.695736+02:00
295879318,de:12065:900200008:1:51,-0.2,2026-10-02T01:01:04.695736+02:00
295879318,de:12065:900200009:1:51,-0.1,2026-10-02T01:01:04.695736+02:00
295879318,de:11000:900092201:1:51,-0.7,2026-10-02T01:01:04.695736+02:00
295879318,de:11000:900093201:1:51,-0.4,2026-10-02T01:01:04.695736+02:00
295879318,de:11000:900094101:1:51,-0.8,2026-10-02T01:01:04.695736+02:00
295879318,de:11000:900096101:1:51,-0.1,2026-10-02T01:01:04.695736+02:00
295879318,de:11000:900084101:1:51,-0.2,2026-10-02T01:01:04.695736+02:00
295879318,de:11000:900085201:1:51,-0.8,2026-10-02T01:01:04.695736+02:00
295879318,de:11000:900130003:1:51,-0.8,2026-10-02T01:01:04.695736+02:00
295879318,de:11000:900110011:1:50,-0.9,2026-10-02T01:01:04.695736+02:00
295879318,de:11000:900007102:1:50,-0.9,2026-10-02T01:01:04.695736+02:00
295879318,de:11000:900008101:1:50,0.0,2026-10-02T01:01:04.695736+02:00
295879318,de:11000:900007104:1:51,-0.7,2026-10-02T01:01:04.695736+02:00
295879318,de:11000:900100007:1:50,-0.7,2026-10-02T01:01:04.695736+02:00
295879318,de:11000:900100001:4:56,-0.5,2026-10-02T01:01:04.695736+02:00
295879318,de:11000:900100025:1:50,-0.4,2026-10-02T01:01:04.695736+02:00
295879318,de:11000:900100020:3:54,-0.4,2026-10-02T01:01:04.695736+02:00
295879318,de:11000:900012101:1:51,-0.5,2026-10-02T01:01:04.695736+02:00
295879318,de:11000:900057102:1:50,-0.7,2026-10-02T01:01:04.695736+02:00
295879318,de:11000:900057104:2:51,-0.4,2026-10-02T01:01:04.695736+02:00
295879318,de:11000:900054104:1:50,-0.3,2026-10-02T01:01:04.695736+02:00
295879318,de:11000:900060101:1:50,-0.3,2026-10-02T01:01:04.695736+02:00
295879318,de:11000:900063101:1:50,-0.1,2026-10-02T01:01:04.695736+02:00
295879318,de:11000:900062202:1:50,-0.1,2026-10-02T01:01:04.695736+02:00
295879318,de:11000:900066102:1:50,-0.2,2026-10-02T01:01:04.695736+02:00
295879318,de:11000:900066101:1:50,-0.1,2026-10-02T01:01:04.695736+02:00
295879318,de:11000:900049202:1:50,-0.3,2026-10-02T01:01:04.695736+02:00
295879318,de:11000:900049201:1:50,-0.4,2026-10-02T01:01:04.695736+02:00
295879318,de:11000:900050301:1:50,0.0,2026-10-02T01:01:04.695736+02:00
295879318,de:11000:900050355:1:50,-0.1,2026-10-02T01:01:04.695736+02:00
295879318,de:11000:900052201:1:50,-0.5,2026-10-02T01:01:04.695736+02:00
295879318,de:11000:900053301:1:51,-0.9,2026-10-02T01:01:04.695736+02:00
295879306,de:12065:900200005:3:1,0.0,2026-10-02T01:01:04.695736+02:00
295879306,de:12065:900200006:1:51,-0.3,2026-10-02T01:01:04.695736+02:00
295879306,de:12065:900200007:1:51,-0.7,2026-10-02T01:01:04.695736+02:00
295879306,de:12065:900200008:1:51,-0.2,2026-10-02T01:01:04.695736+02:00
295879306,de:12065:900200009:1:51,-0.1,2026-10-02T01:01:04.695736+02:00
295879306,de:11000:900092201:1:51,-0.7,2026-10-02T01:01:04.695736+02:00
295879306,de:11000:900093201:1:51,-0.4,2026-10-02T01:01:04.695736+02:00
295879306,de:11000:900094101:1:51,-0.8,2026-10-02T01:01:04.695736+02:00
295879306,de:11000:900096101:1:51,-0.1,2026-10-02T01:01:04.695736+02:00
295879306,de:11000:900084101:1:51,-0.2,2026-10-02T01:01:04.695736+02:00
295879306,de:11000:900085201:1:51,-0.8,2026-10-02T01:01:04.695736+02:00
295879306,de:11000:900130003:1:51,-0.8,2026-10-02T01:01:04.695736+02:00
295879306,de:11000:900110011:1:50,-0.9,2026-10-02T01:01:04.695736+02:00
295879306,de:11000:900007102:1:50,-0.9,2026-10-02T01:01:04.695736+02:00
295879306,de:11000:900008101:1:50,0.0,2026-10-02T01:01:04.695736+02:00
295879306,de:11000:900007104:1:51,-0.7,2026-10-02T01:01:04.695736+02:00
295879306,de:11000:900100007:1:50,-0.7,2026-10-02T01:01:04.695736+02:00
295879306,de:11000:900100001:4:56,-0.5,2026-10-02T01:01:04.695736+02:00
295879306,de:11000:900100025:1:50,-0.4,2026-10-02T01:01:04.695736+02:00
295879306,de:11000:900100020:3:54,-0.4,2026-10-02T01:01:04.695736+02:00
295879306,de:11000:900012101:1:51,-0.5,2026-10-02T01:01:04.695736+02:00
295879306,de:11000:900057102:1:50,-0.7,2026-10-02T01:01:04.695736+02:00
295879306,de:11000:900057104:2:51,-0.4,2026-10-02T01:01:04.695736+02:00
295879306,de:11000:900054104:1:50,-0.3,2026-10-02T01:01:04.695736+02:00
295879306,de:11000:900060101:1:50,-0.3,2026-10-02T01:01:04.695736+02:00
295879306,de:11000:900063101:1:50,-0.1,2026-10-02T01:01:04.695736+02:00
295879306,de:11000:900062202:1:50,-0.1,2026-10-02T01:01:04.695736+02:00
295879306,de:11000:900066102:1:50,-0.2,2026-10-02T01:01:04.695736+02:00
295879306,de:11000:900066101:1:50,-0.1,2026-10-02T01:01:04.695736+02:00
295879306,de:11000:900049202:1:50,-0.3,2026-10-02T01:01:04.695736+02:00
295879306,de:11000:900049201:1:50,-0.4,2026-10-02T01:01:04.695736+02:00
295879306,de:11000:900050301:1:50,0.0,2026-10-02T01:01:04.695736+02:00
295879306,de:11000:900050355:1:50,-0.1,2026-10-02T01:01:04.695736+02:00
295879306,de:11000:900052201:1:50,-0.5,2026-10-02T01:01:04.695736+02:00
295879306,de:11000:900053301:1:51,-0.9,2026-10-02T01:01:04.695736+02:00
295879302,de:12065:900200005:3:1,0.0,2026-10-02T01:01:04.695736+02:00
295879302,de:12065:900200006:1:51,-0.3,2026-10-02T01:01:04.695736+02:00
295879302,de:12065:900200007:1:51,-0.7,2026-10-02T01:01:04.695736+02:00
295879302,de:12065:900200008:1:51,-0.2,2026-10-02T01:01:04.695736+02:00
295879302,de:12065:900200009:1:51,-0.1,2026-10-02T01:01:04.695736+02:00
295879302,de:11000:900092201:1:51,-0.7,2026-10-02T01:01:04.695736+02:00
295879302,de:11000:900093201:1:51,-0.4,2026-10-02T01:01:04.695736+02:00
295879302,de:11000:900094101:1:51,-0.8,2026-10-02T01:01:04.695736+02:00
295879302,de:11000:900096101:1:51,-0.1,2026-10-02T01:01:04.695736+02:00
295879302,de:11000:900084101:1:51,-0.2,2026-10-02T01:01:04.695736+02:00
295879302,de:11000:900085201:1:51,-0.8,2026-10-02T01:01:04.695736+02:00
295879302,de:11000:900130003:1:51,-0.8,2026-10-02T01:01:04.695736+02:00
295879302,de:11000:900110011:1:50,-0.9,2026-10-02T01:01:04.695736+02:00
295879302,de:11000:900007102:1:50,-0.9,2026-10-02T01:01:04.695736+02:00
295879302,de:11000:900008101:1:50,0.0,2026-10-02T01:01:04.695736+02:00
295879302,de:11000:900007104:1:51,-0.7,2026-10-02T01:01:04.695736+02:00
295879302,de:11000:900100007:1:50,-0.7,2026-10-02T01:01:04.695736+02:00
295879302,de:11000:900100001:4:56,-0.5,2026-10-02T01:01:04.695736+02:00
295879302,de:11000:900100025:1:50,-0.4,2026-10-02T01:01:04.695736+02:00
295879302,de:11000:900100020:3:54,-0.4,2026-10-02T01:01:04.695736+02:00
295879302,de:11000:900012101:1:51,-0.5,2026-10-02T01:01:04.695736+02:00
295879302,de:11000:900057102:1:50,-0.7,2026-10-02T01:01:04.695736+02:00
295879302,de:11000:900057104:2:51,-0.4,2026-10-02T01:01:04.695736+02:00
295879302,de:11000:900054104:1:50,-0.3,2026-10-02T01:01:04.695736+02:00
295879302,de:11000:900060101:1:50,-0.3,2026-10-02T01:01:04.695736+02:00
295879302,de:11000:900063101:1:50,-0.1,2026-10-02T01:01:04.695736+02:00
295879302,de:11000:900062202:1:50,-0.1,2026-10-02T01:01:04.695736+02:00
295879302,de:11000:900066102:1:50,-0.2,2026-10-02T01:01:04.695736+02:00
295879302,de:11000:900066101:1:50,-0.1,2026-10-02T01:01:04.695736+02:00
295879302,de:11000:900049202:1:50,-0.3,2026-10-02T01:01:04.695736+02:00
295879302,de:11000:900049201:1:50,-0.4,2026-10-02T01:01:04.695736+02:00
295879302,de:11000:900050301:1:50,0.0,2026-10-02T01:01:04.695736+02:00
295879302,de:11000:900050355:1:50,-0.1,2026-10-02T01:01:04.695736+02:00
295879302,de:11000:900052201:1:50,-0.5,2026-10-02T01:01:04.695736+02:00
295879302,de:11000:900053301:1:51,-0.9,2026-10-02T01:01:04.695736+02:00
306895953,de:12064:900320250::1,0.0,2026-10-02T01:01:04.695736+02:00
306895953,de:12064:900320267::2,0.0,2026-10-02T01:01:04.695736+02:00
306895953,de:12067:900310017::2,0.0,2026-10-02T01:01:04.695736+02:00
306895953,de:12067:900310509::1,0.0,2026-10-02T01:01:04.695736+02:00
306895953,de:12067:900310508::1,0.0,2026-10-02T01:01:04.695736+02:00
306895953,de:12067:900310580::1,0.0,2026-10-02T01:01:04.695736+02:00
306895953,de:12067:900311095::1,0.0,2026-10-02T01:01:04.695736+02:00
306895953,de:12067:900311097::1,0.0,2026-10-02T01:01:04.695736+02:00
306895953,de:12067:900311096::2,0.0,2026-10-02T01:01:04.695736+02:00
306895953,de:12067:900311096::1,0.0,2026-10-02T01:01:04.695736+02:00
306895953,de:12067:900311097::2,0.0,2026-10-02T01:01:04.695736+02:00
306895953,de:12067:900311095::2,0.0,2026-10-02T01:01:04.695736+02:00
306895953,de:12067:900310580::2,0.0,2026-10-02T01:01:04.695736+02:00
306895953,de:12067:900310578::4,0.0,2026-10-02T01:01:04.695736+02:00
306895953,de:12067:900310534::2,0.0,2026-10-02T01:01:04.695736+02:00
306895953,de:11000:900310550::2,0.0,2026-10-02T01:01:04.695736+02:00
306895953,de:12067:900310572::2,0.0,2026-10-02T01:01:04.695736+02:00
306895953,de:12067:900310013::2,0.0,2026-10-02T01:01:04.695736+02:00
306895953,de:12067:900310563::3,0.0,2026-10-02T01:01:04.695736+02:00
306895953,de:12067:900310560::1,0.0,2026-10-02T01:01:04.695736+02:00
306895953,de:12067:900310573::1,0.0,2026-10-02T01:01:04.695736+02:00
306895953,de:12067:900310581::1,0.0,2026-10-02T01:01:04.695736+02:00
306895954,de:12064:900320250::1,0.0,2026-10-02T01:01:04.695736+02:00
306895954,de:12064:900320267::2,0.0,2026-10-02T01:01:04.695736+02:00
306895954,de:12067:900310017::2,0.0,2026-10-02T01:01:04.695736+02:00
306895954,de:12067:900310509::1,0.0,2026-10-02T01:01:04.695736+02:00
306895954,de:12067:900310508::1,0.0,2026-10-02T01:01:04.695736+02:00
306895954,de:12067:900310580::1,0.0,2026-10-02T01:01:04.695736+02:00
306895954,de:12067:900311095::1,0.0,2026-10-02T01:01:04.695736+02:00
306895954,de:12067:900311097::1,0.0,2026-10-02T01:01:04.695736+02:00
306895954,de:12067:900311096::2,0.0,2026-10-02T01:01:04.695736+02:00
306895954,de:12067:900311096::1,0.0,2026-10-02T01:01:04.695736+02:00
306895954,de:12067:900311097::2,0.0,2026-10-02T01:01:04.695736+02:00
306895954,de:12067:900311095::2,0.0,2026-10-02T01:01:04.695736+02:00
306895954,de:12067:900310580::2,0.0,2026-10-02T01:01:04.695736+02:00
306895954,de:12067:900310578::4,0.0,2026-10-02T01:01:04.695736+02:00
306895954,de:12067:900310534::2,0.0,2026-10-02T01:01:04.695736+02:00
306895954,de:11000:900310550::2,0.0,2026-10-02T01:01:04.695736+02:00
306895954,de:12067:900310572::2,0.0,2026-10-02T01:01:04.695736+02:00
306895954,de:12067:900310013::2,0.0,2026-10-02T01:01:04.695736+02:00
306895954,de:12067:900310563::3,0.0,2026-10-02T01:01:04.695736+02:00
306895954,de:12067:900310560::1,0.0,2026-10-02T01:01:04.695736+02:00
306895954,de:12067:900310573::1,0.0,2026-10-02T01:01:04.695736+02:00
306895954,de:12067:900310581::1,0.0,2026-10-02T01:01:04.695736+02:00
306895996,de:12067:900310581::2,0.0,2026-10-02T01:01:04.695736+02:00
306895996,de:12067:900310573::2,0.0,2026-10-02T01:01:04.695736+02:00
306895996,de:12067:900310560::2,0.0,2026-10-02T01:01:04.695736+02:00
306895996,de:12067:900310559::1,0.0,2026-10-02T01:01:04.695736+02:00
306895996,de:12067:900310558::3,0.0,2026-10-02T01:01:04.695736+02:00
306895996,de:12067:900310553::2,0.0,2026-10-02T01:01:04.695736+02:00
306895996,de:12067:900310579::2,0.0,2026-10-02T01:01:04.695736+02:00
306895996,de:12067:900310571::2,0.0,2026-10-02T01:01:04.695736+02:00
306895996,de:12067:900310569::2,0.0,2026-10-02T01:01:04.695736+02:00
306895996,de:12067:900310563::1,0.0,2026-10-02T01:01:04.695736+02:00
306895996,de:12067:900310563::4,0.0,2026-10-02T01:01:04.695736+02:00
306895996,de:12067:900310013::2,0.0,2026-10-02T01:01:04.695736+02:00
306895996,de:12067:900310572::1,0.0,2026-10-02T01:01:04.695736+02:00
306895996,de:11000:900310550::1,0.0,2026-10-02T01:01:04.695736+02:00
306895996,de:12067:900310534::1,0.0,2026-10-02T01:01:04.695736+02:00
306895996,de:12067:900310580::2,0.0,2026-10-02T01:01:04.695736+02:00
306895996,de:12067:900310578::4,0.0,2026-10-02T01:01:04.695736+02:00
306895996,de:12067:900310508::2,0.0,2026-10-02T01:01:04.695736+02:00
306895996,de:12067:900310509::2,0.0,2026-10-02T01:01:04.695736+02:00
306895996,de:12067:900310017::3,0.0,2026-10-02T01:01:04.695736+02:00
306895996,de:12064:900320267::1,0.0,2026-10-02T01:01:04.695736+02:00
306895996,de:12064:900320250::1,0.0,2026-10-02T01:01:04.695736+02:00
306895997,de:12067:900310581::2,0.0,2026-10-02T01:01:04.695736+02:00
306895997,de:12067:900310573::2,0.0,2026-10-02T01:01:04.695736+02:00
306895997,de:12067:900310560::2,0.0,2026-10-02T01:01:04.695736+02:00
306895997,de:12067:900310559::1,0.0,2026-10-02T01:01:04.695736+02:00
306895997,de:12067:900310558::3,0.0,2026-10-02T01:01:04.695736+02:00
306895997,de:12067:900310553::2,0.0,2026-10-02T01:01:04.695736+02:00
306895997,de:12067:900310579::2,0.0,2026-10-02T01:01:04.695736+02:00
306895997,de:12067:900310571::2,0.0,2026-10-02T01:01:04.695736+02:00
306895997,de:12067:900310569::2,0.0,2026-10-02T01:01:04.695736+02:00
306895997,de:12067:900310563::1,0.0,2026-10-02T01:01:04.695736+02:00
306895997,de:12067:900310563::4,0.0,2026-10-02T01:01:04.695736+02:00
306895997,de:12067:900310013::2,0.0,2026-10-02T01:01:04.695736+02:00
306895997,de:12067:900310572::1,0.0,2026-10-02T01:01:04.695736+02:00
306895997,de:11000:900310550::1,0.0,2026-10-02T01:01:04.695736+02:00
306895997,de:12067:900310534::1,0.0,2026-10-02T01:01:04.695736+02:00
306895997,de:12067:900310580::2,0.0,2026-10-02T01:01:04.695736+02:00
306895997,de:12067:900310578::4,0.0,2026-10-02T01:01:04.695736+02:00
306895997,de:12067:900310508::2,0.0,2026-10-02T01:01:04.695736+02:00
306895997,de:12067:900310509::2,0.0,2026-10-02T01:01:04.695736+02:00
306895997,de:12067:900310017::3,0.0,2026-10-02T01:01:04.695736+02:00
306895997,de:12064:900320267::1,0.0,2026-10-02T01:01:04.695736+02:00
306895997,de:12064:900320250::1,0.0,2026-10-02T01:01:04.695736+02:00
295883527,de:11000:900049201:1:51,0.0,2026-10-02T01:01:04.695736+02:00
295883527,de:11000:900049202:1:51,0.0,2026-10-02T01:01:04.695736+02:00
295883527,de:11000:900066101:1:51,-0.3,2026-10-02T01:01:04.695736+02:00
295883527,de:11000:900066102:1:51,-0.2,2026-10-02T01:01:04.695736+02:00
295883527,de:11000:900062202:1:51,-0.2,2026-10-02T01:01:04.695736+02:00
295883527,de:11000:900063101:1:51,-0.2,2026-10-02T01:01:04.695736+02:00
295883527,de:11000:900060101:1:51,-0.9,2026-10-02T01:01:04.695736+02:00
295883527,de:11000:900054104:1:51,-0.9,2026-10-02T01:01:04.695736+02:00
295883527,de:11000:900057104:1:50,-0.4,2026-10-02T01:01:04.695736+02:00
295883527,de:11000:900057102:1:51,-0.1,2026-10-02T01:01:04.695736+02:00
295883527,de:11000:900012101:2:52,-0.8,2026-10-02T01:01:04.695736+02:00
295883527,de:11000:900100020:4:57,-0.9,2026-10-02T01:01:04.695736+02:00
306896394,de:12067:900310001::3,0.0,2026-10-02T01:01:04.695736+02:00
306896394,de:12067:900310816::1,0.0,2026-10-02T01:01:04.695736+02:00
306896394,de:12067:900310627::1,0.0,2026-10-02T01:01:04.695736+02:00
306896394,de:12067:900310781::1,0.0,2026-10-02T01:01:04.695736+02:00
306896394,de:12067:900310822::1,0.0,2026-10-02T01:01:04.695736+02:00
306896394,de:12067:900310771::1,0.0,2026-10-02T01:01:04.695736+02:00
306896394,de:12067:900310811::1,0.0,2026-10-02T01:01:04.695736+02:00
306896394,de:12067:900310630::1,0.0,2026-10-02T01:01:04.695736+02:00
306896394,de:12067:900310812::1,0.0,2026-10-02T01:01:04.695736+02:00
306896394,de:12067:900310695::2,0.0,2026-10-02T01:01:04.695736+02:00
306896394,de:12067:900310769::1,0.0,2026-10-02T01:01:04.695736+02:00
306896394,de:12067:900310810::2,0.0,2026-10-02T01:01:04.695736+02:00
306896394,de:12067:900310972::1,0.0,2026-10-02T01:01:04.695736+02:00
306896394,de:12067:900310970::1,0.0,2026-10-02T01:01:04.695736+02:00
306896394,de:12067:900310105::1,0.0,2026-10-02T01:01:04.695736+02:00
306896394,de:12067:900310040::1,0.0,2026-10-02T01:01:04.695736+02:00
306896394,de:12067:900310109::1,0.0,2026-10-02T01:01:04.695736+02:00
306896394,de:12067:900310112::1,0.0,2026-10-02T01:01:04.695736+02:00
306896394,de:12067:900310101::1,0.0,2026-10-02T01:01:04.695736+02:00
306896394,de:12067:900310111::1,0.0,2026-10-02T01:01:04.695736+02:00
306896394,de:12067:900310108::1,0.0,2026-10-02T01:01:04.695736+02:00
306896394,de:12067:900310100::1,0.0,2026-10-02T01:01:04.695736+02:00
306896394,de:12067:900310118::1,0.0,2026-10-02T01:01:04.695736+02:00
306896394,de:12067:900310756::1,0.0,2026-10-02T01:01:04.695736+02:00
306896394,de:12067:900310757::1,0.0,2026-10-02T01:01:04.695736+02:00
306896394,de:12067:900310982::1,0.0,2026-10-02T01:01:04.695736+02:00
306896394,de:12067:900310827::1,0.0,2026-10-02T01:01:04.695736+02:00
306896394,de:12067:900310829::1,0.0,2026-10-02T01:01:04.695736+02:00
306896394,de:12067:900310600::1,0.0,2026-10-02T01:01:04.695736+02:00
306896394,de:12067:900310925::1,0.0,2026-10-02T01:01:04.695736+02:00
306896394,de:12067:900310924::1,0.0,2026-10-02T01:01:04.695736+02:00
306896394,de:12067:900310747::1,0.0,2026-10-02T01:01:04.695736+02:00
306896394,de:12067:900310739::1,0.0,2026-10-02T01:01:04.695736+02:00
306896394,de:12067:900310740::1,0.0,2026-10-02T01:01:04.695736+02:00
306896394,de:12067:900310716::2,0.0,2026-10-02T01:01:04.695736+02:00
306896394,de:12067:900310942::2,0.0,2026-10-02T01:01:04.695736+02:00
306896394,de:12067:900310721::1,0.0,2026-10-02T01:01:04.695736+02:00
306896394,de:12067:900310755::2,0.0,2026-10-02T01:01:04.695736+02:00
306896394,de:12067:900310728::3,0.0,2026-10-02T01:01:04.695736+02:00
306896394,de:12067:900311129::6,0.0,2026-10-02T01:01:04.695736+02:00
306896507,de:12067:900310001::3,0.0,2026-10-02T01:01:04.695736+02:00
306896507,de:12067:900311149::1,0.0,2026-10-02T01:01:04.695736+02:00
306896507,de:12067:900311135::1,0.0,2026-10-02T01:01:04.695736+02:00
306896507,de:12067:900311150::1,0.0,2026-10-02T01:01:04.695736+02:00
306896507,de:12067:900310804::1,0.0,2026-10-02T01:01:04.695736+02:00
306896507,de:12067:900310628::2,0.0,2026-10-02T01:01:04.695736+02:00
306896507,de:12067:900310793::2,0.0,2026-10-02T01:01:04.695736+02:00
306896507,de:12067:900310774::1,0.0,2026-10-02T01:01:04.695736+02:00
306896507,de:12067:900310792::1,0.0,2026-10-02T01:01:04.695736+02:00
306896507,de:12067:900310825::1,0.0,2026-10-02T01:01:04.695736+02:00
306896507,de:12067:900310813::1,0.0,2026-10-02T01:01:04.695736+02:00
306896507,de:12067:900310803::1,0.0,2026-10-02T01:01:04.695736+02:00
306896507,de:12067:900310802::1,0.0,2026-10-02T01:01:04.695736+02:00
306896507,de:12067:900310712::1,0.0,2026-10-02T01:01:04.695736+02:00
306896507,de:12067:900310713::1,0.0,2026-10-02T01:01:04.695736+02:00
306896507,de:12067:900310877::1,0.0,2026-10-02T01:01:04.695736+02:00
306896507,de:12067:900310713::2,0.0,2026-10-02T01:01:04.695736+02:00
306896507,de:12067:900310711::1,0.0,2026-10-02T01:01:04.695736+02:00
306896507,de:12067:900311015::3,0.0,2026-10-02T01:01:04.695736+02:00
306896507,de:12067:900310831::1,0.0,2026-10-02T01:01:04.695736+02:00
306896507,de:12067:900311015::4,0.0,2026-10-02T01:01:04.695736+02:00
306896507,de:12064:900320277::1,0.0,2026-10-02T01:01:04.695736+02:00
306896507,de:12064:900320279::1,-0.5,2026-10-02T01:01:04.695736+02:00
306896507,de:12064:900320229::1,-0.5,2026-10-02T01:01:04.695736+02:00
306896507,de:12064:900320280::1,0.0,2026-10-02T01:01:04.695736+02:00
306896507,de:12064:900320228::1,0.0,2026-10-02T01:01:04.695736+02:00
307252189,de:11000:900007102:1:51,0.0,2026-10-02T01:01:04.695736+02:00
307252189,de:11000:900009104:1:51,-0.8,2026-10-02T01:01:04.695736+02:00
307252189,de:11000:900003200:5:58,-0.7,2026-10-02T01:01:04.695736+02:00
307252317,de:11000:900003200:5:58,0.0,2026-10-02T01:01:04.695736+02:00
307252317,de:11000:900009104:1:50,-0.8,2026-10-02T01:01:04.695736+02:00
307252317,de:11000:900007102:2:52,-0.4,2026-10-02T01:01:04.695736+02:00
306896815,de:12064:900320274::1,0.0,2026-10-02T01:01:04.695736+02:00
306896815,de:12064:900320278::2,0.0,2026-10-02T01:01:04.695736+02:00
306896815,de:12064:900320284::2,0.0,2026-10-02T01:01:04.695736+02:00
306896815,de:12064:900320886::2,0.0,2026-10-02T01:01:04.695736+02:00
306896815,de:12064:900320888::3,0.0,2026-10-02T01:01:04.695736+02:00
306896815,de:12067:900310894::2,0.0,2026-10-02T01:01:04.695736+02:00
306896815,de:12067:900310897::2,0.0,2026-10-02T01:01:04.695736+02:00
306896815,de:12067:900310896::2,0.0,2026-10-02T01:01:04.695736+02:00
306896815,de:12067:900310895::1,0.0,2026-10-02T01:01:04.695736+02:00
306896815,de:12067:900310002::2,0.0,2026-10-02T01:01:04.695736+02:00
306896815,de:12067:900310864::1,0.0,2026-10-02T01:01:04.695736+02:00
306896815,de:12067:900310861::1,0.0,2026-10-02T01:01:04.695736+02:00
306896815,de:12067:900311157::2,0.0,2026-10-02T01:01:04.695736+02:00
306896815,de:12067:900310860::2,0.0,2026-10-02T01:01:04.695736+02:00
306896815,de:12067:900311125::2,0.0,2026-10-02T01:01:04.695736+02:00
306896815,de:12067:900310936::2,0.0,2026-10-02T01:01:04.695736+02:00
306896815,de:12067:900310788::2,0.0,2026-10-02T01:01:04.695736+02:00
306896815,de:12067:900310696::2,0.0,2026-10-02T01:01:04.695736+02:00
306896815,de:12067:900310001::11,0.0,2026-10-02T01:01:04.695736+02:00
295882571,de:11000:900053301:2:52,0.0,2026-10-02T01:01:04.695736+02:00
295882571,de:11000:900052201:1:51,0.0,2026-10-02T01:01:04.695736+02:00
295882571,de:11000:900050355:1:51,-0.3,2026-10-02T01:01:04.695736+02:00
295882571,de:11000:900050301:1:51,-0.4,2026-10-02T01:01:04.695736+02:00
295882571,de:11000:900049201:1:51,0.0,2026-10-02T01:01:04.695736+02:00
295882571,de:11000:900049202:1:51,0.0,2026-10-02T01:01:04.695736+02:00
295882571,de:11000:900066101:1:51,-0.3,2026-10-02T01:01:04.695736+02:00
295882571,de:11000:900066102:1:51,-0.2,2026-10-02T01:01:04.695736+02:00
295882571,de:11000:900062202:1:51,-0.2,2026-10-02T01:01:04.695736+02:00
295882571,de:11000:900063101:1:51,-0.2,2026-10-02T01:01:04.695736+02:00
295882571,de:11000:900060101:1:51,-0.9,2026-10-02T01:01:04.695736+02:00
295882571,de:11000:900054104:1:51,-0.9,2026-10-02T01:01:04.695736+02:00
295882571,de:11000:900057104:1:50,-0.4,2026-10-02T01:01:04.695736+02:00
295882571,de:11000:900057102:1:51,-0.1,2026-10-02T01:01:04.695736+02:00
295882571,de:11000:900012101:2:52,-0.9,2026-10-02T01:01:04.695736+02:00
295882571,de:11000:900100020:4:57,-0.3,2026-10-02T01:01:04.695736+02:00
295882571,de:11000:900100025:1:51,-0.4,2026-10-02T01:01:04.695736+02:00
295882571,de:11000:900100001:4:57,-0.1,2026-10-02T01:01:04.695736+02:00
295882571,de:11000:900100007:1:51,-0.2,2026-10-02T01:01:04.695736+02:00
295882571,de:11000:900007104:2:52,-0.2,2026-10-02T01:01:04.695736+02:00
295882571,de:11000:900008101:1:51,-0.9,2026-10-02T01:01:04.695736+02:00
295882571,de:11000:900007102:2:53,-0.6,2026-10-02T01:01:04.695736+02:00
295882571,de:11000:900110011:2:53,-0.9,2026-10-02T01:01:04.695736+02:00
295882571,de:11000:900085201:1:50,-0.9,2026-10-02T01:01:04.695736+02:00
295882571,de:11000:900084101:1:50,-0.7,2026-10-02T01:01:04.695736+02:00
295882571,de:11000:900096101:1:50,-0.8,2026-10-02T01:01:04.695736+02:00
295882571,de:11000:900094101:1:50,-0.1,2026-10-02T01:01:04.695736+02:00
295882571,de:11000:900093201:1:50,-0.4,2026-10-02T01:01:04.695736+02:00
295882571,de:11000:900092201:1:50,-0.2,2026-10-02T01:01:04.695736+02:00
306897010,de:12067:900311308::5,0.0,2026-10-02T01:01:04.695736+02:00
306897010,de:12067:900311380::1,0.0,2026-10-02T01:01:04.695736+02:00
306897010,de:12067:900311348::1,0.0,2026-10-02T01:01:04.695736+02:00
306897010,de:12067:900311315::1,0.0,2026-10-02T01:01:04.695736+02:00
306897010,de:12067:900311383::6,0.0,2026-10-02T01:01:04.695736+02:00
306897010,de:12067:900311305::1,0.0,2026-10-02T01:01:04.695736+02:00
306897010,de:12067:900311304::2,0.0,2026-10-02T01:01:04.695736+02:00
306897010,de:12067:900311334::2,0.0,2026-10-02T01:01:04.695736+02:00
306897010,de:12067:900311333::2,0.0,2026-10-02T01:01:04.695736+02:00
306897010,de:12067:900311352::2,0.0,2026-10-02T01:01:04.695736+02:00
306897010,de:12067:900311363::2,0.0,2026-10-02T01:01:04.695736+02:00
306897010,de:12067:900311362::2,0.0,2026-10-02T01:01:04.695736+02:00
306897010,de:12067:900311377::2,0.0,2026-10-02T01:01:04.695736+02:00
306897010,de:12067:900311376::2,0.0,2026-10-02T01:01:04.695736+02:00
306897010,de:12067:900311316::2,0.0,2026-10-02T01:01:04.695736+02:00
306897010,de:12067:900311384::2,0.0,2026-10-02T01:01:04.695736+02:00
306897010,de:12067:900311317::2,0.0,2026-10-02T01:01:04.695736+02:00
306897010,de:12067:900310027::2,0.0,2026-10-02T01:01:04.695736+02:00
306897010,de:12067:900311359::2,0.0,2026-10-02T01:01:04.695736+02:00
306897010,de:12067:900311345::2,0.0,2026-10-02T01:01:04.695736+02:00
306897010,de:12067:900311341::2,0.0,2026-10-02T01:01:04.695736+02:00
306897010,de:12067:900311339::1,0.0,2026-10-02T01:01:04.695736+02:00
306897010,de:12067:900311340::1,0.0,2026-10-02T01:01:04.695736+02:00
306897010,de:12067:900311339::2,0.0,2026-10-02T01:01:04.695736+02:00
306897010,de:12067:900311309::1,0.0,2026-10-02T01:01:04.695736+02:00
306897010,de:12067:900311310::1,0.0,2026-10-02T01:01:04.695736+02:00
306897010,de:12067:900311307::1,0.0,2026-10-02T01:01:04.695736+02:00
306897010,de:12067:900311308::4,0.0,2026-10-02T01:01:04.695736+02:00
306897170,de:12067:900311308::5,0.0,2026-10-02T01:01:04.695736+02:00
306897170,de:12067:900311380::1,0.0,2026-10-02T01:01:04.695736+02:00
306897170,de:12067:900311348::1,0.0,2026-10-02T01:01:04.695736+02:00
306897170,de:12067:900311315::1,0.0,2026-10-02T01:01:04.695736+02:00
306897170,de:12067:900311383::1,0.0,2026-10-02T01:01:04.695736+02:00
306897170,de:12067:900311305::1,0.0,2026-10-02T01:01:04.695736+02:00
306897170,de:12067:900311320::1,0.0,2026-10-02T01:01:04.695736+02:00
306897170,de:12067:900311354::2,0.0,2026-10-02T01:01:04.695736+02:00
306897170,de:12067:900311352::2,0.0,2026-10-02T01:01:04.695736+02:00
306897170,de:12067:900311365::1,0.0,2026-10-02T01:01:04.695736+02:00
306897170,de:12067:900311374::1,0.0,2026-10-02T01:01:04.695736+02:00
306897170,de:12067:900311364::1,0.0,2026-10-02T01:01:04.695736+02:00
306897170,de:12067:900310601::1,0.0,2026-10-02T01:01:04.695736+02:00
306897170,de:12067:900311511::1,0.0,2026-10-02T01:01:04.695736+02:00
306897170,de:12067:900311513::2,0.0,2026-10-02T01:01:04.695736+02:00
306897170,de:12067:900311513::1,0.0,2026-10-02T01:01:04.695736+02:00
306897170,de:12067:900311510::1,0.0,2026-10-02T01:01:04.695736+02:00
306897170,de:12067:900311512::1,0.0,2026-10-02T01:01:04.695736+02:00
306897170,de:12067:900311563::1,0.0,2026-10-02T01:01:04.695736+02:00
306897170,de:12067:900311520::1,0.0,2026-10-02T01:01:04.695736+02:00
306897170,de:12067:900311221::2,0.0,2026-10-02T01:01:04.695736+02:00
306897170,de:12067:900310070::2,0.0,2026-10-02T01:01:04.695736+02:00
306897170,de:12067:900310901::2,0.0,2026-10-02T01:01:04.695736+02:00
306897170,de:12067:900311471::2,0.0,2026-10-02T01:01:04.695736+02:00
306897170,de:12067:900311472::1,0.0,2026-10-02T01:01:04.695736+02:00
306897170,de:12067:900311513::2,43.0,2026-10-02T01:01:04.695736+02:00
306897170,de:12067:900311513::2,0.0,2026-10-02T01:01:04.695736+02:00
306897210,de:12067:900311482::2,0.0,2026-10-02T01:01:04.695736+02:00
306897210,de:12067:900311489::1,0.0,2026-10-02T01:01:04.695736+02:00
306897210,de:12067:900311483::2,0.0,2026-10-02T01:01:04.695736+02:00
306897210,de:12067:900310935::1,0.0,2026-10-02T01:01:04.695736+02:00
306897210,de:12067:900310858::1,0.0,2026-10-02T01:01:04.695736+02:00
306897210,de:12067:900310060::1,0.0,2026-10-02T01:01:04.695736+02:00
306897210,de:12067:900310609::1,0.0,2026-10-02T01:01:04.695736+02:00
306897210,de:12067:900310909::1,0.0,2026-10-02T01:01:04.695736+02:00
306897210,de:12067:900310725::2,0.0,2026-10-02T01:01:04.695736+02:00
306897210,de:12067:900310738::2,0.0,2026-10-02T01:01:04.695736+02:00
306897210,de:12067:900310639::1,0.0,2026-10-02T01:01:04.695736+02:00
306897210,de:12067:900310626::1,0.0,2026-10-02T01:01:04.695736+02:00
306897210,de:12067:900310727::4,0.0,2026-10-02T01:01:04.695736+02:00
306897210,de:12067:900310755::2,0.0,2026-10-02T01:01:04.695736+02:00
306897210,de:12067:900310728::4,0.0,2026-10-02T01:01:04.695736+02:00
306897210,de:12067:900311129::6,0.0,2026-10-02T01:01:04.695736+02:00
306897249,de:12067:900311308::5,0.0,2026-10-02T01:01:04.695736+02:00
306897249,de:12067:900311380::1,0.0,2026-10-02T01:01:04.695736+02:00
306897249,de:12067:900311348::1,0.0,2026-10-02T01:01:04.695736+02:00
306897249,de:12067:900311315::1,0.0,2026-10-02T01:01:04.695736+02:00
306897249,de:12067:900311383::5,0.0,2026-10-02T01:01:04.695736+02:00
306897249,de:12067:900311312::1,0.0,2026-10-02T01:01:04.695736+02:00
306897249,de:12067:900311311::1,0.0,2026-10-02T01:01:04.695736+02:00
306897249,de:12067:900311356::1,0.0,2026-10-02T01:01:04.695736+02:00
306897249,de:12067:900311325::1,0.0,2026-10-02T01:01:04.695736+02:00
306897249,de:12067:900311306::1,0.0,2026-10-02T01:01:04.695736+02:00
306897249,de:12067:900311531::1,0.0,2026-10-02T01:01:04.695736+02:00
306897249,de:12067:900311530::1,0.0,2026-10-02T01:01:04.695736+02:00
306897249,de:12067:900311542::2,0.0,2026-10-02T01:01:04.695736+02:00
306897249,de:12067:900311543::1,0.0,2026-10-02T01:01:04.695736+02:00
306897249,de:12067:900311401::1,0.0,2026-10-02T01:01:04.695736+02:00
306897249,de:12067:900311560::1,0.0,2026-10-02T01:01:04.695736+02:00
306897249,de:12067:900311442::1,0.0,2026-10-02T01:01:04.695736+02:00
306897249,de:12067:900311477::1,0.0,2026-10-02T01:01:04.695736+02:00
306897249,de:12067:900311478::1,0.0,2026-10-02T01:01:04.695736+02:00
306897249,de:12067:900311490::1,0.0,2026-10-02T01:01:04.695736+02:00
306897249,de:12067:900311482::3,0.0,2026-10-02T01:01:04.695736+02:00
306897249,de:12067:900311489::1,0.0,2026-10-02T01:01:04.695736+02:00
306897249,de:12067:900311480::1,0.0,2026-10-02T01:01:04.695736+02:00
295882461,de:11000:900092201:1:50,0.0,2026-10-02T01:01:04.695736+02:00
295882461,de:11000:900093201:1:51,-0.4,2026-10-02T01:01:04.695736+02:00
295882461,de:11000:900094101:1:51,-0.3,2026-10-02T01:01:04.695736+02:00
295882461,de:11000:900096101:1:51,-0.1,2026-10-02T01:01:04.695736+02:00
295882461,de:11000:900084101:1:51,-0.2,2026-10-02T01:01:04.695736+02:00
295882461,de:11000:900085201:1:51,-0.8,2026-10-02T01:01:04.695736+02:00
295882461,de:11000:900130003:1:51,-0.8,2026-10-02T01:01:04.695736+02:00
295882461,de:11000:900110011:1:50,-0.9,2026-10-02T01:01:04.695736+02:00
295882461,de:11000:900007102:1:50,-0.9,2026-10-02T01:01:04.695736+02:00
295882461,de:11000:900008101:1:50,0.0,2026-10-02T01:01:04.695736+02:00
295882461,de:11000:900007104:1:51,-0.7,2026-10-02T01:01:04.695736+02:00
295882461,de:11000:900100007:1:50,-0.7,2026-10-02T01:01:04.695736+02:00
295882461,de:11000:900100001:4:56,-0.5,2026-10-02T01:01:04.695736+02:00
295882461,de:11000:900100025:1:50,-0.4,2026-10-02T01:01:04.695736+02:00
295882461,de:11000:900100020:3:54,-0.4,2026-10-02T01:01:04.695736+02:00
295882461,de:11000:900012101:1:51,-0.5,2026-10-02T01:01:04.695736+02:00
295882461,de:11000:900057102:1:50,-0.7,2026-10-02T01:01:04.695736+02:00
295882461,de:11000:900057104:2:51,-0.4,2026-10-02T01:01:04.695736+02:00
295882461,de:11000:900054104:1:50,-0.3,2026-10-02T01:01:04.695736+02:00
295882461,de:11000:900060101:1:50,-0.3,2026-10-02T01:01:04.695736+02:00
295882461,de:11000:900063101:1:50,-0.1,2026-10-02T01:01:04.695736+02:00
295882461,de:11000:900062202:1:50,-0.1,2026-10-02T01:01:04.695736+02:00
295882461,de:11000:900066102:1:50,-0.2,2026-10-02T01:01:04.695736+02:00
295882461,de:11000:900066101:1:50,-0.1,2026-10-02T01:01:04.695736+02:00
295882461,de:11000:900049202:1:50,-0.3,2026-10-02T01:01:04.695736+02:00
295882461,de:11000:900049201:1:50,-0.4,2026-10-02T01:01:04.695736+02:00
295882461,de:11000:900050301:1:50,0.0,2026-10-02T01:01:04.695736+02:00
295882461,de:11000:900050355:1:50,-0.1,2026-10-02T01:01:04.695736+02:00
295882461,de:11000:900052201:1:50,-0.5,2026-10-02T01:01:04.695736+02:00
295882461,de:11000:900053301:1:51,-0.9,2026-10-02T01:01:04.695736+02:00
306895279,de:12067:900310874::1,0.0,2026-10-02T01:01:04.695736+02:00
306895279,de:12067:900310866::1,-0.5,2026-10-02T01:01:04.695736+02:00
306895279,de:12067:900311092::1,-0.5,2026-10-02T01:01:04.695736+02:00
306895279,de:12067:900310975::1,0.0,2026-10-02T01:01:04.695736+02:00
306895279,de:12067:900310908::1,0.0,2026-10-02T01:01:04.695736+02:00
306895279,de:12067:900311002::1,0.0,2026-10-02T01:01:04.695736+02:00
306895279,de:12067:900310841::1,0.0,2026-10-02T01:01:04.695736+02:00
306895279,de:12067:900310722::1,-0.5,2026-10-02T01:01:04.695736+02:00
306895279,de:12067:900310637::1,0.0,2026-10-02T01:01:04.695736+02:00
306895279,de:12067:900311129::6,0.0,2026-10-02T01:01:04.695736+02:00
295882452,de:11000:900092201:1:50,0.0,2026-10-02T01:01:04.695736+02:00
295882452,de:11000:900093201:1:51,-0.4,2026-10-02T01:01:04.695736+02:00
295882452,de:11000:900094101:1:51,-0.3,2026-10-02T01:01:04.695736+02:00
295882452,de:11000:900096101:1:51,-0.1,2026-10-02T01:01:04.695736+02:00
295882452,de:11000:900084101:1:51,-0.2,2026-10-02T01:01:04.695736+02:00
295882452,de:11000:900085201:1:51,-0.8,2026-10-02T01:01:04.695736+02:00
295882452,de:11000:900130003:1:51,-0.8,2026-10-02T01:01:04.695736+02:00
295882452,de:11000:900110011:1:50,-0.9,2026-10-02T01:01:04.695736+02:00
295882452,de:11000:900007102:1:50,-0.9,2026-10-02T01:01:04.695736+02:00
295882452,de:11000:900008101:1:50,0.0,2026-10-02T01:01:04.695736+02:00
295882452,de:11000:900007104:1:51,-0.7,2026-10-02T01:01:04.695736+02:00
295882452,de:11000:900100007:1:50,-0.7,2026-10-02T01:01:04.695736+02:00
295882452,de:11000:900100001:4:56,-0.5,2026-10-02T01:01:04.695736+02:00
295882452,de:11000:900100025:1:50,-0.4,2026-10-02T01:01:04.695736+02:00
295882452,de:11000:900100020:3:54,-0.4,2026-10-02T01:01:04.695736+02:00
295882452,de:11000:900012101:1:51,-0.5,2026-10-02T01:01:04.695736+02:00
295882452,de:11000:900057102:1:50,-0.7,2026-10-02T01:01:04.695736+02:00
295882452,de:11000:900057104:2:51,-0.4,2026-10-02T01:01:04.695736+02:00
295882452,de:11000:900054104:1:50,-0.3,2026-10-02T01:01:04.695736+02:00
295882452,de:11000:900060101:1:50,-0.3,2026-10-02T01:01:04.695736+02:00
295882452,de:11000:900063101:1:50,-0.1,2026-10-02T01:01:04.695736+02:00
295882452,de:11000:900062202:1:50,-0.1,2026-10-02T01:01:04.695736+02:00
295882452,de:11000:900066102:1:50,-0.2,2026-10-02T01:01:04.695736+02:00
295882452,de:11000:900066101:1:50,-0.1,2026-10-02T01:01:04.695736+02:00
295882452,de:11000:900049202:1:50,-0.3,2026-10-02T01:01:04.695736+02:00
295882452,de:11000:900049201:1:50,-0.4,2026-10-02T01:01:04.695736+02:00
295882452,de:11000:900050301:1:50,0.0,2026-10-02T01:01:04.695736+02:00
295882452,de:11000:900050355:1:50,-0.1,2026-10-02T01:01:04.695736+02:00
295882452,de:11000:900052201:1:50,-0.5,2026-10-02T01:01:04.695736+02:00
295882452,de:11000:900053301:1:51,-0.9,2026-10-02T01:01:04.695736+02:00
295882448,de:11000:900092201:1:50,0.0,2026-10-02T01:01:04.695736+02:00
295882448,de:11000:900093201:1:51,-0.4,2026-10-02T01:01:04.695736+02:00
295882448,de:11000:900094101:1:51,-0.3,2026-10-02T01:01:04.695736+02:00
295882448,de:11000:900096101:1:51,-0.1,2026-10-02T01:01:04.695736+02:00
295882448,de:11000:900084101:1:51,-0.2,2026-10-02T01:01:04.695736+02:00
295882448,de:11000:900085201:1:51,-0.8,2026-10-02T01:01:04.695736+02:00
295882448,de:11000:900130003:1:51,-0.8,2026-10-02T01:01:04.695736+02:00
295882448,de:11000:900110011:1:50,-0.9,2026-10-02T01:01:04.695736+02:00
295882448,de:11000:900007102:1:50,-0.9,2026-10-02T01:01:04.695736+02:00
295882448,de:11000:900008101:1:50,0.0,2026-10-02T01:01:04.695736+02:00
295882448,de:11000:900007104:1:51,-0.7,2026-10-02T01:01:04.695736+02:00
295882448,de:11000:900100007:1:50,-0.7,2026-10-02T01:01:04.695736+02:00
295882448,de:11000:900100001:4:56,-0.5,2026-10-02T01:01:04.695736+02:00
295882448,de:11000:900100025:1:50,-0.4,2026-10-02T01:01:04.695736+02:00
295882448,de:11000:900100020:3:54,-0.4,2026-10-02T01:01:04.695736+02:00
295882448,de:11000:900012101:1:51,-0.5,2026-10-02T01:01:04.695736+02:00
295882448,de:11000:900057102:1:50,-0.7,2026-10-02T01:01:04.695736+02:00
295882448,de:11000:900057104:2:51,-0.4,2026-10-02T01:01:04.695736+02:00
295882448,de:11000:900054104:1:50,-0.3,2026-10-02T01:01:04.695736+02:00
295882448,de:11000:900060101:1:50,-0.3,2026-10-02T01:01:04.695736+02:00
295882448,de:11000:900063101:1:50,-0.1,2026-10-02T01:01:04.695736+02:00
295882448,de:11000:900062202:1:50,-0.1,2026-10-02T01:01:04.695736+02:00
295882448,de:11000:900066102:1:50,-0.2,2026-10-02T01:01:04.695736+02:00
295882448,de:11000:900066101:1:50,-0.1,2026-10-02T01:01:04.695736+02:00
295882448,de:11000:900049202:1:50,-0.3,2026-10-02T01:01:04.695736+02:00
295882448,de:11000:900049201:1:50,-0.4,2026-10-02T01:01:04.695736+02:00
295882448,de:11000:900050301:1:50,0.0,2026-10-02T01:01:04.695736+02:00
295882448,de:11000:900050355:1:50,-0.1,2026-10-02T01:01:04.695736+02:00
295882448,de:11000:900052201:1:50,-0.5,2026-10-02T01:01:04.695736+02:00
295882448,de:11000:900053301:1:51,-0.9,2026-10-02T01:01:04.695736+02:00
306896125,de:12067:900311043::1,0.0,2026-10-02T01:01:04.695736+02:00
306896125,de:12067:900311042::2,0.0,2026-10-02T01:01:04.695736+02:00
306896125,de:12067:900310953::2,0.0,2026-10-02T01:01:04.695736+02:00
306896125,de:12067:900310954::2,0.0,2026-10-02T01:01:04.695736+02:00
306896125,de:12067:900310956::2,0.0,2026-10-02T01:01:04.695736+02:00
306896125,de:12067:900310951::2,0.0,2026-10-02T01:01:04.695736+02:00
306896125,de:12067:900310955::2,0.0,2026-10-02T01:01:04.695736+02:00
306896125,de:12067:900310568::2,0.0,2026-10-02T01:01:04.695736+02:00
306896125,de:12067:900310556::2,0.0,2026-10-02T01:01:04.695736+02:00
306896125,de:12067:900310558::4,0.0,2026-10-02T01:01:04.695736+02:00
306896125,de:12067:900310559::2,0.0,2026-10-02T01:01:04.695736+02:00
306896125,de:12067:900310563::4,0.0,2026-10-02T01:01:04.695736+02:00
306896125,de:12067:900310013::7,0.0,2026-10-02T01:01:04.695736+02:00
306896124,de:12067:900311043::1,0.0,2026-10-02T01:01:04.695736+02:00
306896124,de:12067:900311042::2,0.0,2026-10-02T01:01:04.695736+02:00
306896124,de:12067:900310953::2,0.0,2026-10-02T01:01:04.695736+02:00
306896124,de:12067:900310954::2,0.0,2026-10-02T01:01:04.695736+02:00
306896124,de:12067:900310956::2,0.0,2026-10-02T01:01:04.695736+02:00
306896124,de:12067:900310951::2,0.0,2026-10-02T01:01:04.695736+02:00
306896124,de:12067:900310955::2,0.0,2026-10-02T01:01:04.695736+02:00
306896124,de:12067:900310568::2,0.0,2026-10-02T01:01:04.695736+02:00
306896124,de:12067:900310556::2,0.0,2026-10-02T01:01:04.695736+02:00
306896124,de:12067:900310558::4,0.0,2026-10-02T01:01:04.695736+02:00
306896124,de:12067:900310559::2,0.0,2026-10-02T01:01:04.695736+02:00
306896124,de:12067:900310563::4,0.0,2026-10-02T01:01:04.695736+02:00
306896124,de:12067:900310013::7,0.0,2026-10-02T01:01:04.695736+02:00
307432315,de:12054:900230003:4:53,0.0,2026-10-02T01:01:04.695736+02:00
307432315,de:12054:900230999:1:51,0.0,2026-10-02T01:01:04.695736+02:00
307432315,de:12054:900230006:1:50,0.0,2026-10-02T01:01:04.695736+02:00
307432315,de:12054:900230007:1:50,0.0,2026-10-02T01:01:04.695736+02:00
307432315,de:12054:900220010:1:50,0.0,2026-10-02T01:01:04.695736+02:00
307432315,de:12054:900230002:1:52,0.0,2026-10-02T01:01:04.695736+02:00
307432315,de:12069:900220002:1:50,0.0,2026-10-02T01:01:04.695736+02:00
307432315,de:12072:900245836:1:50,0.0,2026-10-02T01:01:04.695736+02:00
307432315,de:12061:900260009:2:54,0.0,2026-10-02T01:01:04.695736+02:00
307431752,de:12061:900260009:2:54,0.0,2026-10-02T01:01:04.695736+02:00
307431752,de:12072:900245836:2:51,0.0,2026-10-02T01:01:04.695736+02:00
307431752,de:12069:900220002:2:51,0.0,2026-10-02T01:01:04.695736+02:00
307431752,de:12054:900230002:1:50,0.0,2026-10-02T01:01:04.695736+02:00
307431752,de:12054:900220010:2:51,0.0,2026-10-02T01:01:04.695736+02:00
307431752,de:12054:900230007:2:52,0.0,2026-10-02T01:01:04.695736+02:00
307431752,de:12054:900230006:2:51,0.0,2026-10-02T01:01:04.695736+02:00
307431752,de:12054:900230999:1:50,0.0,2026-10-02T01:01:04.695736+02:00
306896553,de:12067:900310708::1,0.0,2026-10-02T01:01:04.695736+02:00
306896553,de:12067:900310710::2,0.0,2026-10-02T01:01:04.695736+02:00
306896553,de:12067:900310709::2,0.0,2026-10-02T01:01:04.695736+02:00
306896553,de:12067:900310869::1,0.0,2026-10-02T01:01:04.695736+02:00
306896553,de:12067:900310870::2,0.0,2026-10-02T01:01:04.695736+02:00
306896553,de:12067:900310872::2,0.0,2026-10-02T01:01:04.695736+02:00
306896553,de:12067:900310871::2,0.0,2026-10-02T01:01:04.695736+02:00
306896553,de:12067:900311046::2,0.0,2026-10-02T01:01:04.695736+02:00
306896553,de:12067:900310632::1,0.0,2026-10-02T01:01:04.695736+02:00
306896553,de:12067:900310753::1,0.0,2026-10-02T01:01:04.695736+02:00
306896553,de:12067:900310752::1,0.0,2026-10-02T01:01:04.695736+02:00
306896553,de:12067:900310752::2,0.0,2026-10-02T01:01:04.695736+02:00
306896553,de:12067:900310753::2,0.0,2026-10-02T01:01:04.695736+02:00
306896553,de:12067:900310632::2,0.0,2026-10-02T01:01:04.695736+02:00
306896553,de:12067:900310633::2,0.0,2026-10-02T01:01:04.695736+02:00
306896553,de:12067:900311108::2,0.0,2026-10-02T01:01:04.695736+02:00
306896553,de:12067:900310746::1,0.0,2026-10-02T01:01:04.695736+02:00
306896553,de:12067:900310960::2,0.0,2026-10-02T01:01:04.695736+02:00
306896553,de:12067:900310961::2,0.0,2026-10-02T01:01:04.695736+02:00
306896553,de:12067:900311083::2,0.0,2026-10-02T01:01:04.695736+02:00
306896553,de:12067:900310814::2,0.0,2026-10-02T01:01:04.695736+02:00
306896553,de:12067:900310804::2,0.0,2026-10-02T01:01:04.695736+02:00
306896553,de:12067:900311150::2,0.0,2026-10-02T01:01:04.695736+02:00
306896553,de:12067:900311135::2,0.0,2026-10-02T01:01:04.695736+02:00
306896553,de:12067:900311149::2,0.0,2026-10-02T01:01:04.695736+02:00
306896553,de:12067:900310001::11,0.0,2026-10-02T01:01:04.695736+02:00
307433839,de:12065:900200005:2:1,0.0,2026-10-02T01:01:04.695736+02:00
307433839,de:11000:900152001:3:53,-1.0,2026-10-02T01:01:04.695736+02:00
307433839,de:11000:900160004:4:56,0.0,2026-10-02T01:01:04.695736+02:00
307433839,de:11000:900120003:4:56,0.0,2026-10-02T01:01:04.695736+02:00
307433839,de:11000:900192001:1:50,0.0,2026-10-02T01:01:04.695736+02:00
307433839,de:12061:900260009:2:54,0.0,2026-10-02T01:01:04.695736+02:00
307433839,de:12072:900245030:2:51,0.0,2026-10-02T01:01:04.695736+02:00
307433839,de:12072:900245029:2:52,0.0,2026-10-02T01:01:04.695736+02:00
307433573,de:12072:900245029:2:52,0.0,2026-10-02T01:01:04.695736+02:00
307433573,de:12072:900245030:2:51,0.0,2026-10-02T01:01:04.695736+02:00
307433573,de:12061:900260009:2:54,-2.0,2026-10-02T01:01:04.695736+02:00
307433573,de:11000:900192001:1:51,0.0,2026-10-02T01:01:04.695736+02:00
307433573,de:11000:900120003:4:57,0.0,2026-10-02T01:01:04.695736+02:00
307433573,de:11000:900160004:4:56,0.0,2026-10-02T01:01:04.695736+02:00
307433573,de:11000:900152001:2:52,0.0,2026-10-02T01:01:04.695736+02:00
307433573,de:12065:900200005:2:1,-1.0,2026-10-02T01:01:04.695736+02:00
307433269,de:12060:900350127:2:51,0.0,2026-10-02T01:01:04.695736+02:00
307433269,de:12060:900350126:2:51,0.0,2026-10-02T01:01:04.695736+02:00
307433269,de:12060:900350137:2:51,0.0,2026-10-02T01:01:04.695736+02:00
307433269,de:12060:900350158:2:51,0.0,2026-10-02T01:01:04.695736+02:00
307433269,de:12060:900350160:2:52,0.0,2026-10-02T01:01:04.695736+02:00
307433269,de:11000:900152001:3:53,0.0,2026-10-02T01:01:04.695736+02:00
307433269,de:11000:900160004:2:53,0.0,2026-10-02T01:01:04.695736+02:00
307433269,de:11000:900120003:4:56,0.0,2026-10-02T01:01:04.695736+02:00
307433269,de:11000:900192001:1:50,0.0,2026-10-02T01:01:04.695736+02:00
307433269,de:12061:900260009:2:53,0.0,2026-10-02T01:01:04.695736+02:00
307433269,de:12072:900245027:2:53,0.0,2026-10-02T01:01:04.695736+02:00
307433265,de:12060:900350127:2:51,0.0,2026-10-02T01:01:04.695736+02:00
307433265,de:12060:900350126:2:51,0.0,2026-10-02T01:01:04.695736+02:00
307433265,de:12060:900350137:2:51,0.0,2026-10-02T01:01:04.695736+02:00
307433265,de:12060:900350158:1:50,0.0,2026-10-02T01:01:04.695736+02:00
307433265,de:12060:900350160:2:52,0.0,2026-10-02T01:01:04.695736+02:00
307433265,de:11000:900152001:3:53,0.0,2026-10-02T01:01:04.695736+02:00
307433265,de:11000:900160004:4:56,0.0,2026-10-02T01:01:04.695736+02:00
307433265,de:11000:900120003:4:56,0.0,2026-10-02T01:01:04.695736+02:00
307433265,de:11000:900192001:1:50,0.0,2026-10-02T01:01:04.695736+02:00
307433265,de:12061:900260009:2:53,0.0,2026-10-02T01:01:04.695736+02:00
307433265,de:12072:900245027:2:53,0.0,2026-10-02T01:01:04.695736+02:00
307432907,de:12072:900245027:2:53,0.0,2026-10-02T01:01:04.695736+02:00
307432907,de:12061:900260009:2:54,0.0,2026-10-02T01:01:04.695736+02:00
307432907,de:11000:900192001:1:51,0.0,2026-10-02T01:01:04.695736+02:00
307432907,de:11000:900120003:4:57,0.0,2026-10-02T01:01:04.695736+02:00
307432907,de:11000:900160004:2:53,0.0,2026-10-02T01:01:04.695736+02:00
307432907,de:11000:900152001:2:52,0.0,2026-10-02T01:01:04.695736+02:00
307432907,de:12060:900350160:2:53,0.0,2026-10-02T01:01:04.695736+02:00
307432907,de:12060:900350158:1:50,0.0,2026-10-02T01:01:04.695736+02:00
307432907,de:12060:900350137:1:50,0.0,2026-10-02T01:01:04.695736+02:00
307432907,de:12060:900350126:1:50,0.0,2026-10-02T01:01:04.695736+02:00
307432907,de:12060:900350127:2:51,0.0,2026-10-02T01:01:04.695736+02:00
307432905,de:12072:900245027:2:53,0.0,2026-10-02T01:01:04.695736+02:00
307432905,de:12061:900260009:2:54,0.0,2026-10-02T01:01:04.695736+02:00
307432905,de:11000:900192001:1:51,0.0,2026-10-02T01:01:04.695736+02:00
307432905,de:11000:900120003:4:57,0.0,2026-10-02T01:01:04.695736+02:00
307432905,de:11000:900160004:2:53,0.0,2026-10-02T01:01:04.695736+02:00
307432905,de:11000:900152001:2:52,0.0,2026-10-02T01:01:04.695736+02:00
307432905,de:12060:900350160:2:53,0.0,2026-10-02T01:01:04.695736+02:00
307432905,de:12060:900350158:1:50,0.0,2026-10-02T01:01:04.695736+02:00
307432905,de:12060:900350137:1:50,0.0,2026-10-02T01:01:04.695736+02:00
307432905,de:12060:900350126:1:50,0.0,2026-10-02T01:01:04.695736+02:00
307432905,de:12060:900350127:2:51,0.0,2026-10-02T01:01:04.695736+02:00
306896650,de:12067:900310611::1,0.0,2026-10-02T01:01:04.695736+02:00
306896650,de:12067:900311058::2,0.0,2026-10-02T01:01:04.695736+02:00
306896650,de:12067:900311110::4,0.0,2026-10-02T01:01:04.695736+02:00
306896650,de:12067:900311059::2,0.0,2026-10-02T01:01:04.695736+02:00
306896650,de:12067:900311069::1,0.0,2026-10-02T01:01:04.695736+02:00
306896650,de:12067:900311118::1,0.0,2026-10-02T01:01:04.695736+02:00
306896650,de:12067:900310966::1,0.0,2026-10-02T01:01:04.695736+02:00
306896650,de:12067:900310997::1,0.0,2026-10-02T01:01:04.695736+02:00
306896650,de:12067:900310998::1,0.0,2026-10-02T01:01:04.695736+02:00
306896650,de:12067:900310997::2,0.0,2026-10-02T01:01:04.695736+02:00
306896650,de:12067:900310966::2,0.0,2026-10-02T01:01:04.695736+02:00
306896650,de:12067:900311118::2,0.0,2026-10-02T01:01:04.695736+02:00
306896650,de:12067:900310904::2,0.0,2026-10-02T01:01:04.695736+02:00
306896650,de:12067:900310991::2,0.0,2026-10-02T01:01:04.695736+02:00
306896650,de:12067:900310990::1,0.0,2026-10-02T01:01:04.695736+02:00
306896650,de:12067:900310989::2,0.0,2026-10-02T01:01:04.695736+02:00
306896650,de:12067:900310992::2,-0.5,2026-10-02T01:01:04.695736+02:00
306896650,de:12067:900310995::1,0.0,2026-10-02T01:01:04.695736+02:00
306896650,de:12067:900310779::2,0.0,2026-10-02T01:01:04.695736+02:00
306896650,de:12067:900310808::2,0.0,2026-10-02T01:01:04.695736+02:00
306896650,de:12067:900310822::2,0.0,2026-10-02T01:01:04.695736+02:00
306896650,de:12067:900310781::2,0.0,2026-10-02T01:01:04.695736+02:00
306896650,de:12067:900310627::2,0.0,2026-10-02T01:01:04.695736+02:00
306896650,de:12067:900310816::2,0.0,2026-10-02T01:01:04.695736+02:00
306896650,de:12067:900310022::1,0.0,2026-10-02T01:01:04.695736+02:00
306896650,de:12067:900310001::11,0.0,2026-10-02T01:01:04.695736+02:00
307435322,de:12061:900260009:2:54,0.0,2026-10-02T01:01:04.695736+02:00
307435322,de:11000:900058101:4:57,0.0,2026-10-02T01:01:04.695736+02:00
307435322,de:11000:900100020:2:53,0.0,2026-10-02T01:01:04.695736+02:00
307435322,de:11000:900003200:4:57,0.0,2026-10-02T01:01:04.695736+02:00
307440135,de:12065:900200000:1:51,0.0,2026-10-02T01:01:04.695736+02:00
307440135,de:12065:900200004:1:50,0.0,2026-10-02T01:01:04.695736+02:00
307440135,de:12065:900204003:1:50,0.0,2026-10-02T01:01:04.695736+02:00
307440135,de:12065:900203671:1:50,0.0,2026-10-02T01:01:04.695736+02:00
307440135,de:12065:900204001:1:50,0.0,2026-10-02T01:01:04.695736+02:00
307440135,de:12065:900203452:1:51,0.0,2026-10-02T01:01:04.695736+02:00
307440127,de:12065:900200000:1:51,0.0,2026-10-02T01:01:04.695736+02:00
307440127,de:12065:900200004:1:50,0.0,2026-10-02T01:01:04.695736+02:00
307440127,de:12065:900204003:1:50,0.0,2026-10-02T01:01:04.695736+02:00
307440127,de:12065:900203671:1:50,0.0,2026-10-02T01:01:04.695736+02:00
307440127,de:12065:900204001:1:50,0.0,2026-10-02T01:01:04.695736+02:00
307440127,de:12065:900203452:1:51,0.0,2026-10-02T01:01:04.695736+02:00
307430397,de:11000:900029101:2:53,0.0,2026-10-02T01:01:04.695736+02:00
307430397,de:11000:900037168:1:50,0.0,2026-10-02T01:01:04.695736+02:00
307430397,de:12063:900210180:1:50,0.0,2026-10-02T01:01:04.695736+02:00
307430397,de:12063:900210010:1:50,0.0,2026-10-02T01:01:04.695736+02:00
307430397,de:12063:900210011:1:50,0.0,2026-10-02T01:01:04.695736+02:00
307430397,de:12063:900210326:1:50,0.0,2026-10-02T01:01:04.695736+02:00
307430397,de:12063:900210005:2:53,0.0,2026-10-02T01:01:04.695736+02:00
306897131,de:12067:900311472::1,0.0,2026-10-02T01:01:04.695736+02:00
306897131,de:12067:900311513::2,0.0,2026-10-02T01:01:04.695736+02:00
306897131,de:12067:900311513::1,0.0,2026-10-02T01:01:04.695736+02:00
306897131,de:12067:900311511::2,0.0,2026-10-02T01:01:04.695736+02:00
306897131,de:12067:900310601::2,0.0,2026-10-02T01:01:04.695736+02:00
306897131,de:12067:900311460::1,0.0,2026-10-02T01:01:04.695736+02:00
306897131,de:12067:900311364::2,0.0,2026-10-02T01:01:04.695736+02:00
306897131,de:12067:900311371::2,0.0,2026-10-02T01:01:04.695736+02:00
306897131,de:12067:900311349::2,0.0,2026-10-02T01:01:04.695736+02:00
306897131,de:12067:900311350::2,0.0,2026-10-02T01:01:04.695736+02:00
306897131,de:12067:900311348::2,0.0,2026-10-02T01:01:04.695736+02:00
306897131,de:12067:900311308::4,0.0,2026-10-02T01:01:04.695736+02:00
307435954,de:11000:900053301:3:54,0.0,2026-10-02T01:01:04.695736+02:00
307435954,de:12054:900230001:1:50,0.0,2026-10-02T01:01:04.695736+02:00
307435954,de:12069:900220008:1:50,0.0,2026-10-02T01:01:04.695736+02:00
307435954,de:12069:900220006:1:50,0.0,2026-10-02T01:01:04.695736+02:00
307435954,de:12069:900220003:1:50,0.0,2026-10-02T01:01:04.695736+02:00
307435954,de:12069:900220004:1:50,0.0,2026-10-02T01:01:04.695736+02:00
307435954,de:12069:900220005:1:50,0.0,2026-10-02T01:01:04.695736+02:00
307435954,de:12069:900222030:1:50,0.0,2026-10-02T01:01:04.695736+02:00
307435954,de:12069:900220141:1:50,0.0,2026-10-02T01:01:04.695736+02:00
307435954,de:12069:900220142:1:50,0.0,2026-10-02T01:01:04.695736+02:00
307435954,de:12069:900220143:1:50,0.0,2026-10-02T01:01:04.695736+02:00
307435951,de:11000:900053301:3:54,0.0,2026-10-02T01:01:04.695736+02:00
307435951,de:12054:900230001:1:50,0.0,2026-10-02T01:01:04.695736+02:00
307435951,de:12069:900220008:1:50,0.0,2026-10-02T01:01:04.695736+02:00
307435951,de:12069:900220006:1:50,0.0,2026-10-02T01:01:04.695736+02:00
307435951,de:12069:900220003:1:50,0.0,2026-10-02T01:01:04.695736+02:00
307435951,de:12069:900220004:1:50,0.0,2026-10-02T01:01:04.695736+02:00
307435951,de:12069:900220005:1:50,0.0,2026-10-02T01:01:04.695736+02:00
307435951,de:12069:900222030:1:50,0.0,2026-10-02T01:01:04.695736+02:00
307436758,de:12069:900220143:1:50,0.0,2026-10-02T01:01:04.695736+02:00
307436758,de:12069:900220142:2:51,0.0,2026-10-02T01:01:04.695736+02:00
307436758,de:12069:900220141:2:51,0.0,2026-10-02T01:01:04.695736+02:00
307436758,de:12069:900222030:2:51,0.0,2026-10-02T01:01:04.695736+02:00
307436758,de:12069:900220005:2:51,0.0,2026-10-02T01:01:04.695736+02:00
307436758,de:12069:900220004:2:51,0.0,2026-10-02T01:01:04.695736+02:00
307436758,de:12069:900220003:1:51,0.0,2026-10-02T01:01:04.695736+02:00
307436758,de:12069:900220006:2:51,0.0,2026-10-02T01:01:04.695736+02:00
307436758,de:12069:900220008:2:51,0.0,2026-10-02T01:01:04.695736+02:00
307436758,de:12054:900230001:2:51,0.0,2026-10-02T01:01:04.695736+02:00
307436758,de:11000:900053301:3:55,0.0,2026-10-02T01:01:04.695736+02:00
307258814,de:12072:900245027:2:52,0.0,2026-10-02T01:01:04.695736+02:00
307258814,de:12072:900245028:1:51,-0.9,2026-10-02T01:01:04.695736+02:00
307258814,de:11000:900074201:1:50,-0.9,2026-10-02T01:01:04.695736+02:00
307258814,de:11000:900074202:2:51,-0.1,2026-10-02T01:01:04.695736+02:00
307258814,de:11000:900072101:2:51,-0.1,2026-10-02T01:01:04.695736+02:00
307258814,de:11000:900073101:1:51,-0.4,2026-10-02T01:01:04.695736+02:00
307258814,de:11000:900068301:1:51,-0.7,2026-10-02T01:01:04.695736+02:00
307258814,de:11000:900058102:2:51,-0.7,2026-10-02T01:01:04.695736+02:00
307258814,de:11000:900058101:1:51,-0.3,2026-10-02T01:01:04.695736+02:00
307258814,de:11000:900058103:1:51,-0.1,2026-10-02T01:01:04.695736+02:00
307258814,de:11000:900012101:2:53,-0.7,2026-10-02T01:01:04.695736+02:00
307258814,de:11000:900100020:4:57,-0.8,2026-10-02T01:01:04.695736+02:00
307258814,de:11000:900100025:1:51,-0.9,2026-10-02T01:01:04.695736+02:00
307258814,de:11000:900100001:4:57,-0.6,2026-10-02T01:01:04.695736+02:00
307258814,de:11000:900100007:1:51,-0.7,2026-10-02T01:01:04.695736+02:00
307258814,de:11000:900007104:2:52,-0.7,2026-10-02T01:01:04.695736+02:00
307258814,de:11000:900008101:1:51,-0.4,2026-10-02T01:01:04.695736+02:00
307258814,de:11000:900007102:2:53,-0.1,2026-10-02T01:01:04.695736+02:00
307258814,de:11000:900110011:2:52,-0.4,2026-10-02T01:01:04.695736+02:00
307258814,de:11000:900130002:1:50,-0.7,2026-10-02T01:01:04.695736+02:00
307258814,de:11000:900130001:1:50,-0.4,2026-10-02T01:01:04.695736+02:00
307258814,de:11000:900142001:1:50,-0.9,2026-10-02T01:01:04.695736+02:00
307258814,de:11000:900143001:1:51,-0.2,2026-10-02T01:01:04.695736+02:00
307430178,de:11000:900003200:1:50,0.0,2026-10-02T01:01:04.695736+02:00
307430178,de:11000:900100020:1:50,0.0,2026-10-02T01:01:04.695736+02:00
307430178,de:11000:900058101:2:52,0.0,2026-10-02T01:01:04.695736+02:00
307430178,de:12061:900260009:2:53,0.0,2026-10-02T01:01:04.695736+02:00
307430162,de:11000:900003200:1:50,0.0,2026-10-02T01:01:04.695736+02:00
307430162,de:11000:900100020:1:50,0.0,2026-10-02T01:01:04.695736+02:00
307430162,de:11000:900058101:2:52,0.0,2026-10-02T01:01:04.695736+02:00
307430162,de:12061:900260009:2:53,0.0,2026-10-02T01:01:04.695736+02:00
307430294,de:12061:900260009:2:54,0.0,2026-10-02T01:01:04.695736+02:00
307430294,de:11000:900058101:3:55,0.0,2026-10-02T01:01:04.695736+02:00
307430294,de:11000:900100020:2:53,0.0,2026-10-02T01:01:04.695736+02:00
307430294,de:11000:900003200:4:57,0.0,2026-10-02T01:01:04.695736+02:00
307430032,de:11000:900003200:1:50,0.0,2026-10-02T01:01:04.695736+02:00
307430032,de:11000:900100020:1:50,0.0,2026-10-02T01:01:04.695736+02:00
307430032,de:11000:900058101:2:52,0.0,2026-10-02T01:01:04.695736+02:00
307430032,de:12061:900260009:2:54,0.0,2026-10-02T01:01:04.695736+02:00
307430154,de:11000:900003200:1:50,0.0,2026-10-02T01:01:04.695736+02:00
307430154,de:11000:900100020:1:50,0.0,2026-10-02T01:01:04.695736+02:00
307430154,de:11000:900058101:2:52,0.0,2026-10-02T01:01:04.695736+02:00
307430154,de:12061:900260009:2:53,0.0,2026-10-02T01:01:04.695736+02:00
306896744,de:12067:900310001::4,0.0,2026-10-02T01:01:04.695736+02:00
306896744,de:12067:900310816::1,0.0,2026-10-02T01:01:04.695736+02:00
306896744,de:12067:900310627::1,0.0,2026-10-02T01:01:04.695736+02:00
306896744,de:12067:900310781::1,0.0,2026-10-02T01:01:04.695736+02:00
306896744,de:12067:900310822::1,0.0,2026-10-02T01:01:04.695736+02:00
306896744,de:12067:900310808::1,0.0,2026-10-02T01:01:04.695736+02:00
306896744,de:12067:900310777::1,0.0,2026-10-02T01:01:04.695736+02:00
306896744,de:12067:900310796::1,0.0,2026-10-02T01:01:04.695736+02:00
306896744,de:12067:900310875::1,0.0,2026-10-02T01:01:04.695736+02:00
306896744,de:12067:900310837::1,0.0,2026-10-02T01:01:04.695736+02:00
306896744,de:12067:900310817::1,0.0,2026-10-02T01:01:04.695736+02:00
306896744,de:12067:900310819::1,-0.5,2026-10-02T01:01:04.695736+02:00
306896744,de:12067:900310785::1,-0.5,2026-10-02T01:01:04.695736+02:00
306896744,de:12067:900310743::1,-0.5,2026-10-02T01:01:04.695736+02:00
306896744,de:12067:900310741::1,-0.5,2026-10-02T01:01:04.695736+02:00
306896744,de:12067:900310742::1,0.0,2026-10-02T01:01:04.695736+02:00
306896744,de:12067:900310929::1,-0.5,2026-10-02T01:01:04.695736+02:00
306896744,de:12067:900310930::1,0.0,2026-10-02T01:01:04.695736+02:00
306896744,de:12067:900310928::1,-0.5,2026-10-02T01:01:04.695736+02:00
306896744,de:12067:900311037::1,-0.5,2026-10-02T01:01:04.695736+02:00
306896744,de:12067:900311032::1,-0.5,2026-10-02T01:01:04.695736+02:00
306896744,de:12067:900311041::1,-0.5,2026-10-02T01:01:04.695736+02:00
306896744,de:12067:900311038::1,-0.5,2026-10-02T01:01:04.695736+02:00
306896744,de:12067:900311040::1,-0.5,2026-10-02T01:01:04.695736+02:00
306896744,de:12067:900311031::1,-0.5,2026-10-02T01:01:04.695736+02:00
306896744,de:12067:900311039::1,-0.5,2026-10-02T01:01:04.695736+02:00
295900298,de:11000:900007104:1:50,0.0,2026-10-02T01:01:04.695736+02:00
295900298,de:11000:900100007:1:50,-0.2,2026-10-02T01:01:04.695736+02:00
295900298,de:11000:900100001:4:56,0.0,2026-10-02T01:01:04.695736+02:00
295900298,de:11000:900100025:1:50,-0.9,2026-10-02T01:01:04.695736+02:00
295900298,de:11000:900100020:3:54,-0.9,2026-10-02T01:01:04.695736+02:00
295900298,de:11000:900012101:1:51,0.0,2026-10-02T01:01:04.695736+02:00
295900298,de:11000:900058103:1:50,-0.7,2026-10-02T01:01:04.695736+02:00
295900298,de:11000:900058101:1:50,-0.3,2026-10-02T01:01:04.695736+02:00
295900298,de:11000:900058102:1:52,0.0,2026-10-02T01:01:04.695736+02:00
295900298,de:11000:900063452:1:50,-0.1,2026-10-02T01:01:04.695736+02:00
295900298,de:11000:900067221:1:50,-0.2,2026-10-02T01:01:04.695736+02:00
295900298,de:11000:900064301:3:52,-0.2,2026-10-02T01:01:04.695736+02:00
295900298,de:11000:900064256:1:50,-0.7,2026-10-02T01:01:04.695736+02:00
295900298,de:11000:900064201:1:50,-0.6,2026-10-02T01:01:04.695736+02:00
295900298,de:12069:900220114:1:51,-0.9,2026-10-02T01:01:04.695736+02:00
295900281,de:12065:900200000:4:54,0.0,2026-10-02T01:01:04.695736+02:00
295900281,de:11000:900091203:1:50,0.0,2026-10-02T01:01:04.695736+02:00
295900281,de:11000:900091205:1:50,-0.2,2026-10-02T01:01:04.695736+02:00
295900281,de:11000:900089303:1:51,-0.5,2026-10-02T01:01:04.695736+02:00
295900281,de:11000:900096405:1:50,-0.8,2026-10-02T01:01:04.695736+02:00
295900281,de:11000:900096458:1:50,-0.5,2026-10-02T01:01:04.695736+02:00
295900281,de:11000:900085105:1:50,-0.8,2026-10-02T01:01:04.695736+02:00
295900281,de:11000:900085201:1:51,0.0,2026-10-02T01:01:04.695736+02:00
295900281,de:11000:900130003:1:51,-0.8,2026-10-02T01:01:04.695736+02:00
295900281,de:11000:900110011:1:50,-0.9,2026-10-02T01:01:04.695736+02:00
295900281,de:11000:900007102:1:50,-0.7,2026-10-02T01:01:04.695736+02:00
295900281,de:11000:900008101:1:50,-0.4,2026-10-02T01:01:04.695736+02:00
295900281,de:11000:900007104:1:51,-0.2,2026-10-02T01:01:04.695736+02:00
295900281,de:11000:900100007:1:50,-0.2,2026-10-02T01:01:04.695736+02:00
295900281,de:11000:900100001:4:56,0.0,2026-10-02T01:01:04.695736+02:00
295900281,de:11000:900100025:1:50,-0.9,2026-10-02T01:01:04.695736+02:00
295900281,de:11000:900100020:3:54,-0.9,2026-10-02T01:01:04.695736+02:00
295900281,de:11000:900012101:1:51,0.0,2026-10-02T01:01:04.695736+02:00
295900281,de:11000:900058103:1:50,-0.7,2026-10-02T01:01:04.695736+02:00
295900281,de:11000:900058101:1:50,-0.3,2026-10-02T01:01:04.695736+02:00
295900281,de:11000:900058102:1:52,0.0,2026-10-02T01:01:04.695736+02:00
295900281,de:11000:900063452:1:50,-0.1,2026-10-02T01:01:04.695736+02:00
295900281,de:11000:900067221:1:50,-0.2,2026-10-02T01:01:04.695736+02:00
295900281,de:11000:900064301:3:52,-0.2,2026-10-02T01:01:04.695736+02:00
295900281,de:11000:900064256:1:50,-0.7,2026-10-02T01:01:04.695736+02:00
295900281,de:11000:900064201:1:50,-0.6,2026-10-02T01:01:04.695736+02:00
295900281,de:12069:900220114:1:51,-0.9,2026-10-02T01:01:04.695736+02:00
295896164,de:11000:900074201:1:50,0.0,2026-10-02T01:01:04.695736+02:00
295896164,de:11000:900074202:2:51,-0.1,2026-10-02T01:01:04.695736+02:00
295896164,de:11000:900072101:2:51,-0.1,2026-10-02T01:01:04.695736+02:00
295896164,de:11000:900073101:1:51,-0.4,2026-10-02T01:01:04.695736+02:00
295896164,de:11000:900068301:1:51,-0.7,2026-10-02T01:01:04.695736+02:00
295896164,de:11000:900058102:2:51,-0.7,2026-10-02T01:01:04.695736+02:00
295896164,de:11000:900058101:1:51,-0.3,2026-10-02T01:01:04.695736+02:00
295896164,de:11000:900058103:1:51,-0.1,2026-10-02T01:01:04.695736+02:00
295896164,de:11000:900012101:2:53,-0.7,2026-10-02T01:01:04.695736+02:00
295896164,de:11000:900100020:4:57,-0.8,2026-10-02T01:01:04.695736+02:00
295896164,de:11000:900100025:1:51,-0.9,2026-10-02T01:01:04.695736+02:00
295896164,de:11000:900100001:4:57,-0.6,2026-10-02T01:01:04.695736+02:00
295896164,de:11000:900100007:1:51,-0.7,2026-10-02T01:01:04.695736+02:00
295896164,de:11000:900007104:2:52,-0.7,2026-10-02T01:01:04.695736+02:00
295896164,de:11000:900008101:1:51,-0.4,2026-10-02T01:01:04.695736+02:00
295896164,de:11000:900007102:2:53,-0.1,2026-10-02T01:01:04.695736+02:00
295896164,de:11000:900110011:2:52,-0.4,2026-10-02T01:01:04.695736+02:00
295896164,de:11000:900130002:1:50,-0.7,2026-10-02T01:01:04.695736+02:00
295896164,de:11000:900130001:1:50,-0.4,2026-10-02T01:01:04.695736+02:00
295896164,de:11000:900142001:1:50,-0.9,2026-10-02T01:01:04.695736+02:00
295896164,de:11000:900143001:1:51,-0.7,2026-10-02T01:01:04.695736+02:00
295896164,de:11000:900135001:1:50,-0.4,2026-10-02T01:01:04.695736+02:00
295896060,de:11000:900135001:1:50,0.0,2026-10-02T01:01:04.695736+02:00
295896060,de:11000:900143001:1:51,-0.8,2026-10-02T01:01:04.695736+02:00
295896060,de:11000:900142001:1:51,-0.3,2026-10-02T01:01:04.695736+02:00
295896060,de:11000:900130001:1:51,-0.8,2026-10-02T01:01:04.695736+02:00
295896060,de:11000:900130002:1:51,-0.3,2026-10-02T01:01:04.695736+02:00
295896060,de:11000:900110011:1:51,-0.7,2026-10-02T01:01:04.695736+02:00
295896060,de:11000:900007102:1:50,-0.7,2026-10-02T01:01:04.695736+02:00
295896060,de:11000:900008101:1:50,-0.5,2026-10-02T01:01:04.695736+02:00
295896060,de:11000:900007104:1:51,-0.2,2026-10-02T01:01:04.695736+02:00
295896060,de:11000:900100007:1:50,-0.2,2026-10-02T01:01:04.695736+02:00
295896060,de:11000:900100001:4:56,0.0,2026-10-02T01:01:04.695736+02:00
295896060,de:11000:900100025:1:50,-0.9,2026-10-02T01:01:04.695736+02:00
295896060,de:11000:900100020:3:54,-0.9,2026-10-02T01:01:04.695736+02:00
295896060,de:11000:900012101:1:51,0.0,2026-10-02T01:01:04.695736+02:00
295896060,de:11000:900058103:1:50,-0.8,2026-10-02T01:01:04.695736+02:00
295896060,de:11000:900058101:1:50,-0.4,2026-10-02T01:01:04.695736+02:00
295896060,de:11000:900058102:1:50,-0.4,2026-10-02T01:01:04.695736+02:00
295896060,de:11000:900068301:1:50,-0.7,2026-10-02T01:01:04.695736+02:00
295896060,de:11000:900073101:1:50,-0.9,2026-10-02T01:01:04.695736+02:00
295896060,de:11000:900072101:1:50,-0.2,2026-10-02T01:01:04.695736+02:00
295896060,de:11000:900074202:1:50,-0.2,2026-10-02T01:01:04.695736+02:00
295896060,de:11000:900074201:1:50,-0.4,2026-10-02T01:01:04.695736+02:00
295896089,de:11000:900135001:1:50,0.0,2026-10-02T01:01:04.695736+02:00
295896089,de:11000:900143001:1:51,-0.8,2026-10-02T01:01:04.695736+02:00
295896089,de:11000:900142001:1:51,-0.3,2026-10-02T01:01:04.695736+02:00
295896089,de:11000:900130001:1:51,-0.8,2026-10-02T01:01:04.695736+02:00
295896089,de:11000:900130002:1:51,-0.3,2026-10-02T01:01:04.695736+02:00
295896089,de:11000:900110011:1:51,-0.7,2026-10-02T01:01:04.695736+02:00
295896089,de:11000:900007102:1:50,-0.7,2026-10-02T01:01:04.695736+02:00
295896089,de:11000:900008101:1:50,-0.5,2026-10-02T01:01:04.695736+02:00
295896089,de:11000:900007104:1:51,-0.2,2026-10-02T01:01:04.695736+02:00
295896089,de:11000:900100007:1:50,-0.2,2026-10-02T01:01:04.695736+02:00
295896089,de:11000:900100001:4:56,0.0,2026-10-02T01:01:04.695736+02:00
295896089,de:11000:900100025:1:50,-0.9,2026-10-02T01:01:04.695736+02:00
295896089,de:11000:900100020:3:54,-0.9,2026-10-02T01:01:04.695736+02:00
295896089,de:11000:900012101:1:51,0.0,2026-10-02T01:01:04.695736+02:00
295896089,de:11000:900058103:1:50,-0.8,2026-10-02T01:01:04.695736+02:00
295896089,de:11000:900058101:1:50,-0.4,2026-10-02T01:01:04.695736+02:00
295896089,de:11000:900058102:1:50,-0.4,2026-10-02T01:01:04.695736+02:00
295896089,de:11000:900068301:1:50,-0.7,2026-10-02T01:01:04.695736+02:00
295896089,de:11000:900073101:1:50,-0.9,2026-10-02T01:01:04.695736+02:00
295896089,de:11000:900072101:1:50,-0.2,2026-10-02T01:01:04.695736+02:00
295896089,de:11000:900074202:1:50,-0.2,2026-10-02T01:01:04.695736+02:00
295896089,de:11000:900074201:1:50,-0.4,2026-10-02T01:01:04.695736+02:00
295903031,de:11000:900142001:1:51,0.0,2026-10-02T01:01:04.695736+02:00
295903031,de:11000:900130001:1:51,-0.2,2026-10-02T01:01:04.695736+02:00
295903031,de:11000:900130002:1:51,-0.7,2026-10-02T01:01:04.695736+02:00
295903031,de:11000:900110011:1:51,-0.2,2026-10-02T01:01:04.695736+02:00
295903031,de:11000:900007102:1:50,-0.7,2026-10-02T01:01:04.695736+02:00
295903031,de:11000:900008101:1:50,-0.4,2026-10-02T01:01:04.695736+02:00
295903031,de:11000:900007104:1:51,-0.2,2026-10-02T01:01:04.695736+02:00
295903031,de:11000:900100007:1:50,-0.2,2026-10-02T01:01:04.695736+02:00
295903031,de:11000:900100001:4:56,0.0,2026-10-02T01:01:04.695736+02:00
295903031,de:11000:900100025:1:50,-0.9,2026-10-02T01:01:04.695736+02:00
295903031,de:11000:900100020:3:54,-0.9,2026-10-02T01:01:04.695736+02:00
295903031,de:11000:900012101:1:51,0.0,2026-10-02T01:01:04.695736+02:00
295903031,de:11000:900058103:1:50,-0.7,2026-10-02T01:01:04.695736+02:00
295903031,de:11000:900058101:1:50,-0.3,2026-10-02T01:01:04.695736+02:00
295903031,de:11000:900058102:1:52,0.0,2026-10-02T01:01:04.695736+02:00
295903031,de:11000:900063452:1:50,-0.1,2026-10-02T01:01:04.695736+02:00
295903031,de:11000:900067221:1:50,-0.2,2026-10-02T01:01:04.695736+02:00
295903031,de:11000:900064301:3:52,-0.2,2026-10-02T01:01:04.695736+02:00
295903031,de:11000:900064256:1:50,-0.7,2026-10-02T01:01:04.695736+02:00
295903031,de:11000:900064201:1:50,-0.6,2026-10-02T01:01:04.695736+02:00
295903031,de:12069:900220114:1:50,-0.9,2026-10-02T01:01:04.695736+02:00
295907155,de:12067:900310004:3:53,0.0,2026-10-02T01:01:04.695736+02:00
295907155,de:11000:900183002:1:50,-0.1,2026-10-02T01:01:04.695736+02:00
295907155,de:11000:900183001:1:50,-0.4,2026-10-02T01:01:04.695736+02:00
295907155,de:11000:900182002:1:50,0.0,2026-10-02T01:01:04.695736+02:00
295907155,de:11000:900182001:1:50,-0.2,2026-10-02T01:01:04.695736+02:00
295907155,de:11000:900180001:1:50,-0.7,2026-10-02T01:01:04.695736+02:00
295907155,de:11000:900180002:1:50,-0.7,2026-10-02T01:01:04.695736+02:00
295907155,de:11000:900162001:1:50,-0.9,2026-10-02T01:01:04.695736+02:00
295907155,de:11000:900160002:1:50,0.0,2026-10-02T01:01:04.695736+02:00
295907155,de:11000:900160001:1:50,-0.3,2026-10-02T01:01:04.695736+02:00
295907155,de:11000:900120003:3:55,-0.1,2026-10-02T01:01:04.695736+02:00
295907155,de:11000:900120004:2:53,-0.6,2026-10-02T01:01:04.695736+02:00
295907155,de:11000:900120005:5:58,-0.9,2026-10-02T01:01:04.695736+02:00
295907155,de:11000:900100004:1:51,-0.4,2026-10-02T01:01:04.695736+02:00
295907155,de:11000:900100003:2:53,-0.4,2026-10-02T01:01:04.695736+02:00
295907155,de:11000:900100002:1:51,-0.4,2026-10-02T01:01:04.695736+02:00
295907155,de:11000:900100001:3:55,-0.4,2026-10-02T01:01:04.695736+02:00
295907155,de:11000:900003201:3:55,-0.1,2026-10-02T01:01:04.695736+02:00
295907155,de:11000:900003102:1:51,-0.8,2026-10-02T01:01:04.695736+02:00
295907155,de:11000:900003103:1:51,-0.9,2026-10-02T01:01:04.695736+02:00
295907155,de:11000:900023201:3:55,-0.8,2026-10-02T01:01:04.695736+02:00
295907155,de:11000:900024203:1:51,-0.8,2026-10-02T01:01:04.695736+02:00
295907155,de:11000:900024101:4:57,-0.8,2026-10-02T01:01:04.695736+02:00
295907155,de:11000:900024102:1:50,-0.1,2026-10-02T01:01:04.695736+02:00
295907155,de:11000:900025423:1:50,-0.4,2026-10-02T01:01:04.695736+02:00
295907155,de:11000:900026105:1:50,-0.7,2026-10-02T01:01:04.695736+02:00
295907155,de:11000:900025321:1:50,-0.3,2026-10-02T01:01:04.695736+02:00
295907155,de:11000:900025424:1:50,-0.3,2026-10-02T01:01:04.695736+02:00
295907155,de:11000:900030202:1:50,-0.9,2026-10-02T01:01:04.695736+02:00
295907155,de:11000:900029101:1:50,-0.9,2026-10-02T01:01:04.695736+02:00
295906929,de:11000:900029101:1:50,0.0,2026-10-02T01:01:04.695736+02:00
295906929,de:11000:900030202:1:50,-0.3,2026-10-02T01:01:04.695736+02:00
295906929,de:11000:900025424:1:51,-0.2,2026-10-02T01:01:04.695736+02:00
295906929,de:11000:900025321:1:51,-0.2,2026-10-02T01:01:04.695736+02:00
295906929,de:11000:900026105:1:50,-0.4,2026-10-02T01:01:04.695736+02:00
295906929,de:11000:900025423:1:50,-0.7,2026-10-02T01:01:04.695736+02:00
295906929,de:11000:900024102:2:53,-0.7,2026-10-02T01:01:04.695736+02:00
295906929,de:11000:900024101:3:55,-0.3,2026-10-02T01:01:04.695736+02:00
295906929,de:11000:900024203:1:51,-0.8,2026-10-02T01:01:04.695736+02:00
295906929,de:11000:900023201:3:54,-0.7,2026-10-02T01:01:04.695736+02:00
295906929,de:11000:900003103:1:50,-0.8,2026-10-02T01:01:04.695736+02:00
295906929,de:11000:900003102:1:50,-0.9,2026-10-02T01:01:04.695736+02:00
295906929,de:11000:900003201:3:54,-0.5,2026-10-02T01:01:04.695736+02:00
295906929,de:11000:900100001:3:54,-0.1,2026-10-02T01:01:04.695736+02:00
295906929,de:11000:900100002:1:50,-0.4,2026-10-02T01:01:04.695736+02:00
295906929,de:11000:900100003:2:52,-0.1,2026-10-02T01:01:04.695736+02:00
295906929,de:11000:900100004:1:50,-0.4,2026-10-02T01:01:04.695736+02:00
295906929,de:11000:900120005:4:55,-0.6,2026-10-02T01:01:04.695736+02:00
295906929,de:11000:900120004:1:50,-0.1,2026-10-02T01:01:04.695736+02:00
295906929,de:11000:900120003:2:53,-0.4,2026-10-02T01:01:04.695736+02:00
295906929,de:11000:900160001:1:51,-0.4,2026-10-02T01:01:04.695736+02:00
295906929,de:11000:900160002:1:50,-0.7,2026-10-02T01:01:04.695736+02:00
295906929,de:11000:900162001:1:51,-0.3,2026-10-02T01:01:04.695736+02:00
295906929,de:11000:900180002:1:51,-0.3,2026-10-02T01:01:04.695736+02:00
295906929,de:11000:900180001:1:50,-0.7,2026-10-02T01:01:04.695736+02:00
295906929,de:11000:900182001:1:51,-0.2,2026-10-02T01:01:04.695736+02:00
295906929,de:11000:900182002:1:51,-0.4,2026-10-02T01:01:04.695736+02:00
295906929,de:11000:900183001:1:51,0.0,2026-10-02T01:01:04.695736+02:00
295906929,de:11000:900183002:1:51,-0.3,2026-10-02T01:01:04.695736+02:00
295906929,de:12067:900310004:3:53,-0.5,2026-10-02T01:01:04.695736+02:00
295907192,de:12067:900310004:3:52,0.0,2026-10-02T01:01:04.695736+02:00
295907192,de:11000:900183002:1:50,-0.1,2026-10-02T01:01:04.695736+02:00
295907192,de:11000:900183001:1:50,-0.4,2026-10-02T01:01:04.695736+02:00
295907192,de:11000:900182002:1:50,0.0,2026-10-02T01:01:04.695736+02:00
295907192,de:11000:900182001:1:50,-0.2,2026-10-02T01:01:04.695736+02:00
295907192,de:11000:900180001:1:50,-0.7,2026-10-02T01:01:04.695736+02:00
295907192,de:11000:900180002:1:50,-0.7,2026-10-02T01:01:04.695736+02:00
295907192,de:11000:900162001:1:50,-0.9,2026-10-02T01:01:04.695736+02:00
295907192,de:11000:900160002:1:50,0.0,2026-10-02T01:01:04.695736+02:00
295907192,de:11000:900160001:1:50,-0.3,2026-10-02T01:01:04.695736+02:00
295907192,de:11000:900120003:3:55,-0.1,2026-10-02T01:01:04.695736+02:00
295907192,de:11000:900120004:2:53,-0.6,2026-10-02T01:01:04.695736+02:00
295907192,de:11000:900120005:5:58,-0.9,2026-10-02T01:01:04.695736+02:00
295907192,de:11000:900100004:1:51,-0.4,2026-10-02T01:01:04.695736+02:00
295907192,de:11000:900100003:2:53,-0.4,2026-10-02T01:01:04.695736+02:00
295907192,de:11000:900100002:1:51,-0.4,2026-10-02T01:01:04.695736+02:00
295907192,de:11000:900100001:3:55,-0.4,2026-10-02T01:01:04.695736+02:00
295907192,de:11000:900003201:3:55,-0.1,2026-10-02T01:01:04.695736+02:00
295907192,de:11000:900003102:1:51,-0.8,2026-10-02T01:01:04.695736+02:00
295907192,de:11000:900003103:1:51,-0.9,2026-10-02T01:01:04.695736+02:00
295907192,de:11000:900023201:3:55,-0.8,2026-10-02T01:01:04.695736+02:00
295907192,de:11000:900024203:1:51,-0.8,2026-10-02T01:01:04.695736+02:00
295907192,de:11000:900024101:4:57,-0.8,2026-10-02T01:01:04.695736+02:00
295907192,de:11000:900024102:1:50,-0.1,2026-10-02T01:01:04.695736+02:00
295907192,de:11000:900025423:1:50,-0.4,2026-10-02T01:01:04.695736+02:00
295907192,de:11000:900026105:1:50,-0.7,2026-10-02T01:01:04.695736+02:00
295907192,de:11000:900025321:1:50,-0.3,2026-10-02T01:01:04.695736+02:00
295907192,de:11000:900025424:1:50,-0.3,2026-10-02T01:01:04.695736+02:00
295907192,de:11000:900030202:1:50,-0.9,2026-10-02T01:01:04.695736+02:00
295907192,de:11000:900029101:1:50,-0.9,2026-10-02T01:01:04.695736+02:00
295907188,de:12067:900310004:3:52,0.0,2026-10-02T01:01:04.695736+02:00
295907188,de:11000:900183002:1:50,-0.1,2026-10-02T01:01:04.695736+02:00
295907188,de:11000:900183001:1:50,-0.4,2026-10-02T01:01:04.695736+02:00
295907188,de:11000:900182002:1:50,0.0,2026-10-02T01:01:04.695736+02:00
295907188,de:11000:900182001:1:50,-0.2,2026-10-02T01:01:04.695736+02:00
295907188,de:11000:900180001:1:50,-0.7,2026-10-02T01:01:04.695736+02:00
295907188,de:11000:900180002:1:50,-0.7,2026-10-02T01:01:04.695736+02:00
295907188,de:11000:900162001:1:50,-0.9,2026-10-02T01:01:04.695736+02:00
295907188,de:11000:900160002:1:50,0.0,2026-10-02T01:01:04.695736+02:00
295907188,de:11000:900160001:1:50,-0.3,2026-10-02T01:01:04.695736+02:00
295907188,de:11000:900120003:3:55,-0.1,2026-10-02T01:01:04.695736+02:00
295907188,de:11000:900120004:2:53,-0.6,2026-10-02T01:01:04.695736+02:00
295907188,de:11000:900120005:5:58,-0.9,2026-10-02T01:01:04.695736+02:00
295907188,de:11000:900100004:1:51,-0.4,2026-10-02T01:01:04.695736+02:00
295907188,de:11000:900100003:2:53,-0.4,2026-10-02T01:01:04.695736+02:00
295907188,de:11000:900100002:1:51,-0.4,2026-10-02T01:01:04.695736+02:00
295907188,de:11000:900100001:3:55,-0.4,2026-10-02T01:01:04.695736+02:00
295907188,de:11000:900003201:3:55,-0.1,2026-10-02T01:01:04.695736+02:00
295907188,de:11000:900003102:1:51,-0.8,2026-10-02T01:01:04.695736+02:00
295907188,de:11000:900003103:1:51,-0.9,2026-10-02T01:01:04.695736+02:00
295907188,de:11000:900023201:3:55,-0.8,2026-10-02T01:01:04.695736+02:00
295907188,de:11000:900024203:1:51,-0.8,2026-10-02T01:01:04.695736+02:00
295907188,de:11000:900024101:4:57,-0.8,2026-10-02T01:01:04.695736+02:00
295907188,de:11000:900024102:1:50,-0.1,2026-10-02T01:01:04.695736+02:00
295907188,de:11000:900025423:1:50,-0.4,2026-10-02T01:01:04.695736+02:00
295907188,de:11000:900026105:1:50,-0.7,2026-10-02T01:01:04.695736+02:00
295907188,de:11000:900025321:1:50,-0.3,2026-10-02T01:01:04.695736+02:00
295907188,de:11000:900025424:1:50,-0.3,2026-10-02T01:01:04.695736+02:00
295907188,de:11000:900030202:1:50,-0.9,2026-10-02T01:01:04.695736+02:00
295907188,de:11000:900029101:1:50,-0.9,2026-10-02T01:01:04.695736+02:00
307434972,de:12066:900435602:2:52,0.0,2026-10-02T01:01:04.695736+02:00
307434972,de:12066:900435697:1:50,0.0,2026-10-02T01:01:04.695736+02:00
307434972,de:12066:900435884:2:51,0.0,2026-10-02T01:01:04.695736+02:00
307434972,de:12071:900445956:1:50,0.0,2026-10-02T01:01:04.695736+02:00
307434972,de:12071:900445884:1:50,0.0,2026-10-02T01:01:04.695736+02:00
307434972,de:12052:900470000:3:53,0.0,2026-10-02T01:01:04.695736+02:00
295911030,de:11000:900162001:1:50,0.0,2026-10-02T01:01:04.695736+02:00
295911030,de:11000:900160002:1:50,-0.7,2026-10-02T01:01:04.695736+02:00
295911030,de:11000:900160001:1:50,0.0,2026-10-02T01:01:04.695736+02:00
295911030,de:11000:900120003:3:55,-0.7,2026-10-02T01:01:04.695736+02:00
295911030,de:11000:900120004:2:53,0.0,2026-10-02T01:01:04.695736+02:00
295911030,de:11000:900120005:4:56,-0.2,2026-10-02T01:01:04.695736+02:00
307275452,de:11000:900182002:1:50,0.0,2026-10-02T01:01:04.695736+02:00
307275452,de:11000:900182001:1:50,-0.2,2026-10-02T01:01:04.695736+02:00
307275452,de:11000:900180001:1:50,-0.7,2026-10-02T01:01:04.695736+02:00
307275452,de:11000:900180002:1:50,-0.7,2026-10-02T01:01:04.695736+02:00
307275452,de:11000:900162001:1:50,-0.9,2026-10-02T01:01:04.695736+02:00
307275452,de:11000:900160002:1:50,0.0,2026-10-02T01:01:04.695736+02:00
307275452,de:11000:900160001:1:50,-0.3,2026-10-02T01:01:04.695736+02:00
307275452,de:11000:900120003:3:54,-0.1,2026-10-02T01:01:04.695736+02:00
307275452,de:11000:900120004:2:52,-0.6,2026-10-02T01:01:04.695736+02:00
307275452,de:11000:900120005:5:57,-0.9,2026-10-02T01:01:04.695736+02:00
307275452,de:11000:900100004:1:51,-0.9,2026-10-02T01:01:04.695736+02:00
307275452,de:11000:900100003:2:53,-0.9,2026-10-02T01:01:04.695736+02:00
307275452,de:11000:900100002:1:51,-0.9,2026-10-02T01:01:04.695736+02:00
307275452,de:11000:900100001:3:55,-0.9,2026-10-02T01:01:04.695736+02:00
307275452,de:11000:900003201:3:55,-0.6,2026-10-02T01:01:04.695736+02:00
307275452,de:11000:900003102:1:51,-0.3,2026-10-02T01:01:04.695736+02:00
307275452,de:11000:900003103:1:51,-0.4,2026-10-02T01:01:04.695736+02:00
307275452,de:11000:900023201:3:55,-0.3,2026-10-02T01:01:04.695736+02:00
307275452,de:11000:900024203:1:51,-0.3,2026-10-02T01:01:04.695736+02:00
307275452,de:11000:900024101:4:56,-0.3,2026-10-02T01:01:04.695736+02:00
307440551,de:12065:900200000:1:50,0.0,2026-10-02T01:01:04.695736+02:00
307440551,de:12065:900200004:1:50,0.0,2026-10-02T01:01:04.695736+02:00
307440551,de:12065:900203452:1:50,0.0,2026-10-02T01:01:04.695736+02:00
307440551,de:12065:900203491:1:50,0.0,2026-10-02T01:01:04.695736+02:00
307440551,de:12068:900205005:2:51,0.0,2026-10-02T01:01:04.695736+02:00
307440551,de:12068:900205006:2:51,0.0,2026-10-02T01:01:04.695736+02:00
307440551,de:12068:900205023:1:50,0.0,2026-10-02T01:01:04.695736+02:00
307440551,de:12068:900205022:1:50,0.0,2026-10-02T01:01:04.695736+02:00
307440551,de:12068:900205092:1:50,0.0,2026-10-02T01:01:04.695736+02:00
307440551,de:12068:900205090:1:50,0.0,2026-10-02T01:01:04.695736+02:00
307440551,de:12068:900205617:1:50,0.0,2026-10-02T01:01:04.695736+02:00
307440551,de:12068:900205130:1:50,0.0,2026-10-02T01:01:04.695736+02:00
307440551,de:12068:900205322:1:50,0.0,2026-10-02T01:01:04.695736+02:00
307440551,de:12070:900215723:1:50,0.0,2026-10-02T01:01:04.695736+02:00
307440551,de:12070:900215350:2:51,0.0,2026-10-02T01:01:04.695736+02:00
307440551,de:12070:900215696:1:50,0.0,2026-10-02T01:01:04.695736+02:00
307440551,de:12070:900216013:1:50,0.0,2026-10-02T01:01:04.695736+02:00
307440551,de:12070:900216026:3:53,0.0,2026-10-02T01:01:04.695736+02:00
307437133,de:12069:900220143:1:50,0.0,2026-10-02T01:01:04.695736+02:00
307437133,de:12069:900220142:2:51,0.0,2026-10-02T01:01:04.695736+02:00
307437133,de:12069:900220141:2:51,0.0,2026-10-02T01:01:04.695736+02:00
307437133,de:12069:900222030:2:51,0.0,2026-10-02T01:01:04.695736+02:00
307437133,de:12069:900220005:2:51,0.0,2026-10-02T01:01:04.695736+02:00
307437133,de:12069:900220004:2:51,0.0,2026-10-02T01:01:04.695736+02:00
307437133,de:12069:900220003:1:51,0.0,2026-10-02T01:01:04.695736+02:00
307437133,de:12069:900220006:2:51,0.0,2026-10-02T01:01:04.695736+02:00
307437133,de:12069:900220008:2:51,0.0,2026-10-02T01:01:04.695736+02:00
307437133,de:12054:900230001:2:51,0.0,2026-10-02T01:01:04.695736+02:00
307437133,de:11000:900053301:3:55,0.0,2026-10-02T01:01:04.695736+02:00
307437133,de:11000:900024101:1:50,0.0,2026-10-02T01:01:04.695736+02:00
307446366,de:14729:8013361,0.0,2026-10-02T01:01:04.695736+02:00
307446366,de:14729:8013362,0.0,2026-10-02T01:01:04.695736+02:00
307446366,de:14729:8011018,0.0,2026-10-02T01:01:04.695736+02:00
307446366,de:14729:8012284,-1.0,2026-10-02T01:01:04.695736+02:00
307446366,de:14729:8011626,-1.0,2026-10-02T01:01:04.695736+02:00
307446366,de:14729:8010059,0.0,2026-10-02T01:01:04.695736+02:00
307446366,de:14713:8011491,0.0,2026-10-02T01:01:04.695736+02:00
307446366,de:14713:8010008,0.0,2026-10-02T01:01:04.695736+02:00
307446366,de:14713:8012194,0.0,2026-10-02T01:01:04.695736+02:00
307446366,de:14713:8012343,0.0,2026-10-02T01:01:04.695736+02:00
307446366,de:14713:8012187,0.0,2026-10-02T01:01:04.695736+02:00
307446366,de:14713:8012184,0.0,2026-10-02T01:01:04.695736+02:00
307446366,de:14713:8012202,0.0,2026-10-02T01:01:04.695736+02:00
307446366,de:14713:8012186,0.0,2026-10-02T01:01:04.695736+02:00
307446366,de:14713:8098205,0.0,2026-10-02T01:01:04.695736+02:00
307446366,de:14713:8012196,0.0,2026-10-02T01:01:04.695736+02:00
307446366,000008012273,0.0,2026-10-02T01:01:04.695736+02:00
307446366,de:14713:8012195,0.0,2026-10-02T01:01:04.695736+02:00
307446366,de:14713:8012190,0.0,2026-10-02T01:01:04.695736+02:00
307446366,de:14730:8013093,0.0,2026-10-02T01:01:04.695736+02:00
307446366,de:14730:8012656,0.0,2026-10-02T01:01:04.695736+02:00
307446366,de:14730:8011959,0.0,2026-10-02T01:01:04.695736+02:00
307446366,de:14730:8010095,0.0,2026-10-02T01:01:04.695736+02:00
307446366,de:14730:8010161,0.0,2026-10-02T01:01:04.695736+02:00
307446366,de:14730:8011387,0.0,2026-10-02T01:01:04.695736+02:00
307446366,de:14730:8012371,0.0,2026-10-02T01:01:04.695736+02:00
307446366,de:14730:8010351,0.0,2026-10-02T01:01:04.695736+02:00
307446366,de:14730:8011131,0.0,2026-10-02T01:01:04.695736+02:00
307446366,de:12062:900416072:1:50,0.0,2026-10-02T01:01:04.695736+02:00
307446366,de:12062:900415345:5:56,0.0,2026-10-02T01:01:04.695736+02:00
295910112,de:11000:900024101:3:55,0.0,2026-10-02T01:01:04.695736+02:00
295910112,de:11000:900024203:1:51,-0.3,2026-10-02T01:01:04.695736+02:00
295910112,de:11000:900023201:3:54,-0.2,2026-10-02T01:01:04.695736+02:00
295910112,de:11000:900003103:1:50,-0.3,2026-10-02T01:01:04.695736+02:00
295910112,de:11000:900003102:1:50,-0.4,2026-10-02T01:01:04.695736+02:00
295910112,de:11000:900003201:3:54,0.0,2026-10-02T01:01:04.695736+02:00
295910112,de:11000:900100001:3:54,-0.6,2026-10-02T01:01:04.695736+02:00
295910112,de:11000:900100002:1:50,-0.9,2026-10-02T01:01:04.695736+02:00
295910112,de:11000:900100003:2:52,-0.6,2026-10-02T01:01:04.695736+02:00
295910112,de:11000:900100004:1:50,-0.9,2026-10-02T01:01:04.695736+02:00
295910112,de:11000:900120005:4:55,-0.1,2026-10-02T01:01:04.695736+02:00
295910112,de:11000:900120004:1:50,-0.1,2026-10-02T01:01:04.695736+02:00
295910112,de:11000:900120003:2:53,-0.4,2026-10-02T01:01:04.695736+02:00
295910112,de:11000:900160001:1:51,-0.4,2026-10-02T01:01:04.695736+02:00
295910112,de:11000:900160002:1:50,-0.7,2026-10-02T01:01:04.695736+02:00
295910112,de:11000:900162001:1:51,-0.3,2026-10-02T01:01:04.695736+02:00
295910112,de:11000:900180002:1:51,-0.3,2026-10-02T01:01:04.695736+02:00
295910112,de:11000:900180001:1:50,-0.7,2026-10-02T01:01:04.695736+02:00
295910112,de:11000:900182001:1:51,-0.2,2026-10-02T01:01:04.695736+02:00
295910112,de:11000:900182002:1:51,-0.4,2026-10-02T01:01:04.695736+02:00
295910112,de:11000:900183001:1:51,0.0,2026-10-02T01:01:04.695736+02:00
295910112,de:11000:900183002:1:51,-0.3,2026-10-02T01:01:04.695736+02:00
295910112,de:12067:900310004:3:52,-0.5,2026-10-02T01:01:04.695736+02:00
307280556,de:11000:900020202:1:51,0.0,2026-10-02T01:01:04.695736+02:00
307280556,de:11000:900001201:1:51,-0.2,2026-10-02T01:01:04.695736+02:00
307280556,de:11000:900009104:1:51,-0.8,2026-10-02T01:01:04.695736+02:00
307280556,de:11000:900007102:2:52,-0.9,2026-10-02T01:01:04.695736+02:00
307280556,de:11000:900110001:1:50,-0.6,2026-10-02T01:01:04.695736+02:00
307280556,de:11000:900110002:1:50,-0.4,2026-10-02T01:01:04.695736+02:00
307280556,de:11000:900110003:1:50,-0.4,2026-10-02T01:01:04.695736+02:00
307280556,de:11000:900110004:1:50,-0.8,2026-10-02T01:01:04.695736+02:00
307280556,de:11000:900110012:1:50,-0.7,2026-10-02T01:01:04.695736+02:00
307280556,de:11000:900120001:1:50,-0.7,2026-10-02T01:01:04.695736+02:00
307280556,de:11000:900120003:5:58,-0.1,2026-10-02T01:01:04.695736+02:00
307280556,de:11000:900190001:1:50,-0.4,2026-10-02T01:01:04.695736+02:00
307280556,de:11000:900077106:1:50,-0.4,2026-10-02T01:01:04.695736+02:00
307280556,de:11000:900078201:1:50,-0.3,2026-10-02T01:01:04.695736+02:00
307280556,de:11000:900079221:1:50,-0.2,2026-10-02T01:01:04.695736+02:00
307280556,de:11000:900068201:1:50,-0.8,2026-10-02T01:01:04.695736+02:00
307280556,de:11000:900058101:5:58,-0.1,2026-10-02T01:01:04.695736+02:00
307280556,de:11000:900054104:2:52,-0.2,2026-10-02T01:01:04.695736+02:00
307280556,de:11000:900054105:1:50,-0.9,2026-10-02T01:01:04.695736+02:00
307280556,de:11000:900044202:1:50,-0.7,2026-10-02T01:01:04.695736+02:00
307280556,de:11000:900045102:1:50,-0.7,2026-10-02T01:01:04.695736+02:00
307280556,de:11000:900044101:1:50,-0.8,2026-10-02T01:01:04.695736+02:00
307280556,de:11000:900040101:1:50,-0.8,2026-10-02T01:01:04.695736+02:00
307283042,de:11000:900009104:1:51,0.0,2026-10-02T01:01:04.695736+02:00
307283042,de:11000:900007102:2:52,-0.9,2026-10-02T01:01:04.695736+02:00
307283042,de:11000:900110001:1:50,-0.6,2026-10-02T01:01:04.695736+02:00
307283042,de:11000:900110002:1:50,-0.4,2026-10-02T01:01:04.695736+02:00
307283042,de:11000:900110003:1:50,-0.4,2026-10-02T01:01:04.695736+02:00
307283042,de:11000:900110004:1:50,-0.8,2026-10-02T01:01:04.695736+02:00
307283042,de:11000:900110012:1:50,-0.7,2026-10-02T01:01:04.695736+02:00
307283042,de:11000:900120001:1:50,-0.7,2026-10-02T01:01:04.695736+02:00
307283042,de:11000:900120003:5:58,-0.1,2026-10-02T01:01:04.695736+02:00
307283042,de:11000:900190001:1:50,-0.4,2026-10-02T01:01:04.695736+02:00
307283042,de:11000:900077106:1:50,-0.4,2026-10-02T01:01:04.695736+02:00
307283042,de:11000:900078201:1:50,-0.3,2026-10-02T01:01:04.695736+02:00
307283042,de:11000:900079221:1:50,-0.2,2026-10-02T01:01:04.695736+02:00
307286634,de:11000:900024101:3:54,0.0,2026-10-02T01:01:04.695736+02:00
307286634,de:11000:900040101:1:50,-0.2,2026-10-02T01:01:04.695736+02:00
307286634,de:11000:900044101:1:50,-0.3,2026-10-02T01:01:04.695736+02:00
307286634,de:11000:900045102:1:51,-0.4,2026-10-02T01:01:04.695736+02:00
307286634,de:11000:900044202:1:51,-0.4,2026-10-02T01:01:04.695736+02:00
307286634,de:11000:900054105:1:51,-0.2,2026-10-02T01:01:04.695736+02:00
307286634,de:11000:900054104:2:53,-0.8,2026-10-02T01:01:04.695736+02:00
307286634,de:11000:900058101:5:59,-0.2,2026-10-02T01:01:04.695736+02:00
307286634,de:11000:900068201:1:51,-0.8,2026-10-02T01:01:04.695736+02:00
307286634,de:11000:900079221:1:51,-0.4,2026-10-02T01:01:04.695736+02:00
307286634,de:11000:900078201:1:51,-0.1,2026-10-02T01:01:04.695736+02:00
307286634,de:11000:900077106:1:51,0.0,2026-10-02T01:01:04.695736+02:00
307286634,de:11000:900190001:2:52,-0.9,2026-10-02T01:01:04.695736+02:00
307286634,de:11000:900120003:5:59,-0.4,2026-10-02T01:01:04.695736+02:00
307286634,de:11000:900120001:1:51,0.0,2026-10-02T01:01:04.695736+02:00
307286634,de:11000:900110012:1:51,-0.2,2026-10-02T01:01:04.695736+02:00
307286634,de:11000:900110004:1:51,-0.1,2026-10-02T01:01:04.695736+02:00
307286634,de:11000:900110003:1:51,-0.4,2026-10-02T01:01:04.695736+02:00
307286634,de:11000:900110002:1:51,-0.4,2026-10-02T01:01:04.695736+02:00
307286634,de:11000:900110001:1:51,-0.1,2026-10-02T01:01:04.695736+02:00
307286634,de:11000:900007102:1:51,-0.6,2026-10-02T01:01:04.695736+02:00
307286634,de:11000:900009104:1:51,-0.8,2026-10-02T01:01:04.695736+02:00
307286634,de:11000:900001201:1:51,-0.3,2026-10-02T01:01:04.695736+02:00
307286634,de:11000:900020202:1:51,-0.1,2026-10-02T01:01:04.695736+02:00
307286630,de:11000:900024101:3:54,0.0,2026-10-02T01:01:04.695736+02:00
307286630,de:11000:900040101:1:50,-0.2,2026-10-02T01:01:04.695736+02:00
307286630,de:11000:900044101:1:50,-0.3,2026-10-02T01:01:04.695736+02:00
307286630,de:11000:900045102:1:51,-0.4,2026-10-02T01:01:04.695736+02:00
307286630,de:11000:900044202:1:51,-0.4,2026-10-02T01:01:04.695736+02:00
307286630,de:11000:900054105:1:51,-0.2,2026-10-02T01:01:04.695736+02:00
307286630,de:11000:900054104:2:53,-0.8,2026-10-02T01:01:04.695736+02:00
307286630,de:11000:900058101:5:59,-0.2,2026-10-02T01:01:04.695736+02:00
307286630,de:11000:900068201:1:51,-0.8,2026-10-02T01:01:04.695736+02:00
307286630,de:11000:900079221:1:51,-0.4,2026-10-02T01:01:04.695736+02:00
307286630,de:11000:900078201:1:51,-0.1,2026-10-02T01:01:04.695736+02:00
307286630,de:11000:900077106:1:51,0.0,2026-10-02T01:01:04.695736+02:00
307286630,de:11000:900190001:2:52,-0.9,2026-10-02T01:01:04.695736+02:00
307286630,de:11000:900120003:5:59,-0.4,2026-10-02T01:01:04.695736+02:00
307286630,de:11000:900120001:1:51,0.0,2026-10-02T01:01:04.695736+02:00
307286630,de:11000:900110012:1:51,-0.2,2026-10-02T01:01:04.695736+02:00
307286630,de:11000:900110004:1:51,-0.1,2026-10-02T01:01:04.695736+02:00
307286630,de:11000:900110003:1:51,-0.4,2026-10-02T01:01:04.695736+02:00
307286630,de:11000:900110002:1:51,-0.4,2026-10-02T01:01:04.695736+02:00
307286630,de:11000:900110001:1:51,-0.1,2026-10-02T01:01:04.695736+02:00
307286630,de:11000:900007102:1:51,-0.6,2026-10-02T01:01:04.695736+02:00
307286630,de:11000:900009104:1:51,-0.8,2026-10-02T01:01:04.695736+02:00
307286630,de:11000:900001201:1:51,-0.3,2026-10-02T01:01:04.695736+02:00
307286630,de:11000:900020202:1:51,-0.1,2026-10-02T01:01:04.695736+02:00
307286676,de:11000:900040101:1:50,0.0,2026-10-02T01:01:04.695736+02:00
307286676,de:11000:900044101:1:50,-0.8,2026-10-02T01:01:04.695736+02:00
307286676,de:11000:900045102:1:51,-0.9,2026-10-02T01:01:04.695736+02:00
307286676,de:11000:900044202:1:51,-0.9,2026-10-02T01:01:04.695736+02:00
307286676,de:11000:900054105:1:51,-0.7,2026-10-02T01:01:04.695736+02:00
307286676,de:11000:900054104:2:53,-0.3,2026-10-02T01:01:04.695736+02:00
307286676,de:11000:900058101:5:59,-0.2,2026-10-02T01:01:04.695736+02:00
307286676,de:11000:900068201:1:51,-0.8,2026-10-02T01:01:04.695736+02:00
307286676,de:11000:900079221:1:51,-0.4,2026-10-02T01:01:04.695736+02:00
307286676,de:11000:900078201:1:51,-0.1,2026-10-02T01:01:04.695736+02:00
307286676,de:11000:900077106:1:51,0.0,2026-10-02T01:01:04.695736+02:00
307286676,de:11000:900190001:2:52,-0.9,2026-10-02T01:01:04.695736+02:00
307286676,de:11000:900120003:5:59,-0.4,2026-10-02T01:01:04.695736+02:00
307286676,de:11000:900120001:1:51,0.0,2026-10-02T01:01:04.695736+02:00
307286676,de:11000:900110012:1:51,-0.2,2026-10-02T01:01:04.695736+02:00
307286676,de:11000:900110004:1:51,-0.1,2026-10-02T01:01:04.695736+02:00
307286676,de:11000:900110003:1:51,-0.4,2026-10-02T01:01:04.695736+02:00
307286676,de:11000:900110002:1:51,-0.4,2026-10-02T01:01:04.695736+02:00
307286676,de:11000:900110001:1:51,-0.1,2026-10-02T01:01:04.695736+02:00
307286676,de:11000:900007102:1:51,-0.6,2026-10-02T01:01:04.695736+02:00
307286676,de:11000:900009104:1:50,-0.8,2026-10-02T01:01:04.695736+02:00
307286676,de:11000:900001201:1:50,-0.3,2026-10-02T01:01:04.695736+02:00
307286676,de:11000:900020202:1:50,-0.1,2026-10-02T01:01:04.695736+02:00
307286604,de:11000:900024101:3:54,0.0,2026-10-02T01:01:04.695736+02:00
307286604,de:11000:900040101:1:50,-0.2,2026-10-02T01:01:04.695736+02:00
307286604,de:11000:900044101:1:50,-0.3,2026-10-02T01:01:04.695736+02:00
307286604,de:11000:900045102:1:51,-0.4,2026-10-02T01:01:04.695736+02:00
307286604,de:11000:900044202:1:51,-0.4,2026-10-02T01:01:04.695736+02:00
307286604,de:11000:900054105:1:51,-0.2,2026-10-02T01:01:04.695736+02:00
307286604,de:11000:900054104:2:53,-0.8,2026-10-02T01:01:04.695736+02:00
307286604,de:11000:900058101:5:59,-0.2,2026-10-02T01:01:04.695736+02:00
307286604,de:11000:900068201:1:51,-0.8,2026-10-02T01:01:04.695736+02:00
307286604,de:11000:900079221:1:51,-0.4,2026-10-02T01:01:04.695736+02:00
307286604,de:11000:900078201:1:51,-0.1,2026-10-02T01:01:04.695736+02:00
307286604,de:11000:900077106:1:51,0.0,2026-10-02T01:01:04.695736+02:00
307286604,de:11000:900190001:2:52,-0.9,2026-10-02T01:01:04.695736+02:00
307286604,de:11000:900120003:5:59,-0.4,2026-10-02T01:01:04.695736+02:00
307286604,de:11000:900120001:1:51,0.0,2026-10-02T01:01:04.695736+02:00
307286604,de:11000:900110012:1:51,-0.2,2026-10-02T01:01:04.695736+02:00
307286604,de:11000:900110004:1:51,-0.1,2026-10-02T01:01:04.695736+02:00
307286604,de:11000:900110003:1:51,-0.4,2026-10-02T01:01:04.695736+02:00
307286604,de:11000:900110002:1:51,-0.4,2026-10-02T01:01:04.695736+02:00
307286604,de:11000:900110001:1:51,-0.1,2026-10-02T01:01:04.695736+02:00
307286604,de:11000:900007102:1:51,-0.6,2026-10-02T01:01:04.695736+02:00
307286604,de:11000:900009104:1:51,-0.8,2026-10-02T01:01:04.695736+02:00
307286604,de:11000:900001201:1:51,-0.3,2026-10-02T01:01:04.695736+02:00
307286604,de:11000:900020202:1:51,-0.1,2026-10-02T01:01:04.695736+02:00
307289061,de:11000:900079221:1:51,0.0,2026-10-02T01:01:04.695736+02:00
307289061,de:11000:900078201:1:51,-0.1,2026-10-02T01:01:04.695736+02:00
307289061,de:11000:900077106:1:51,0.0,2026-10-02T01:01:04.695736+02:00
307289061,de:11000:900190001:2:52,-0.9,2026-10-02T01:01:04.695736+02:00
307289061,de:11000:900120003:5:59,-0.4,2026-10-02T01:01:04.695736+02:00
307289061,de:11000:900120001:1:51,0.0,2026-10-02T01:01:04.695736+02:00
307289061,de:11000:900110012:1:51,-0.2,2026-10-02T01:01:04.695736+02:00
307289061,de:11000:900110004:1:51,-0.1,2026-10-02T01:01:04.695736+02:00
307289061,de:11000:900110003:1:51,-0.4,2026-10-02T01:01:04.695736+02:00
307289061,de:11000:900110002:1:51,-0.4,2026-10-02T01:01:04.695736+02:00
307289061,de:11000:900110001:1:51,-0.1,2026-10-02T01:01:04.695736+02:00
307289061,de:11000:900007102:1:51,-0.6,2026-10-02T01:01:04.695736+02:00
307289061,de:11000:900009104:1:51,-0.3,2026-10-02T01:01:04.695736+02:00
307289035,de:11000:900079221:1:51,0.0,2026-10-02T01:01:04.695736+02:00
307289035,de:11000:900078201:1:51,-0.1,2026-10-02T01:01:04.695736+02:00
307289035,de:11000:900077106:1:51,0.0,2026-10-02T01:01:04.695736+02:00
307289035,de:11000:900190001:2:52,-0.9,2026-10-02T01:01:04.695736+02:00
307289035,de:11000:900120003:5:59,-0.4,2026-10-02T01:01:04.695736+02:00
307289035,de:11000:900120001:1:51,0.0,2026-10-02T01:01:04.695736+02:00
307289035,de:11000:900110012:1:51,-0.2,2026-10-02T01:01:04.695736+02:00
307289035,de:11000:900110004:1:51,-0.1,2026-10-02T01:01:04.695736+02:00
307289035,de:11000:900110003:1:51,-0.4,2026-10-02T01:01:04.695736+02:00
307289035,de:11000:900110002:1:51,-0.4,2026-10-02T01:01:04.695736+02:00
307289035,de:11000:900110001:1:51,-0.1,2026-10-02T01:01:04.695736+02:00
307289035,de:11000:900007102:1:51,-0.6,2026-10-02T01:01:04.695736+02:00
307289035,de:11000:900009104:1:51,-0.3,2026-10-02T01:01:04.695736+02:00
306896208,de:12067:900310013::5,0.0,2026-10-02T01:01:04.695736+02:00
306896208,de:12067:900310557::3,0.0,2026-10-02T01:01:04.695736+02:00
306896208,de:12067:900310555::1,0.0,2026-10-02T01:01:04.695736+02:00
306896208,de:12067:900311114::1,0.0,2026-10-02T01:01:04.695736+02:00
306896208,de:12067:900311030::1,0.0,2026-10-02T01:01:04.695736+02:00
306896208,de:12067:900311021::1,0.0,2026-10-02T01:01:04.695736+02:00
306896208,de:12067:900310964::1,0.0,2026-10-02T01:01:04.695736+02:00
306896208,de:12067:900310868::1,0.0,2026-10-02T01:01:04.695736+02:00
306896208,de:12067:900310867::2,0.0,2026-10-02T01:01:04.695736+02:00
306896208,de:12067:900311036::2,0.0,2026-10-02T01:01:04.695736+02:00
306896208,de:12067:900311052::1,0.0,2026-10-02T01:01:04.695736+02:00
306896208,de:12067:900311034::1,0.0,2026-10-02T01:01:04.695736+02:00
306896208,de:12067:900311039::1,0.0,2026-10-02T01:01:04.695736+02:00
306895377,de:12067:900310611::1,0.0,2026-10-02T01:01:04.695736+02:00
306895377,de:12067:900310842::1,0.0,2026-10-02T01:01:04.695736+02:00
306895377,de:12067:900310843::1,0.0,2026-10-02T01:01:04.695736+02:00
306895377,de:12067:900311018::1,0.0,2026-10-02T01:01:04.695736+02:00
306895377,de:12067:900311017::1,0.0,2026-10-02T01:01:04.695736+02:00
306895388,de:12067:900310611::1,0.0,2026-10-02T01:01:04.695736+02:00
306895388,de:12067:900311049::1,0.0,2026-10-02T01:01:04.695736+02:00
306895388,de:12067:900310977::1,0.0,2026-10-02T01:01:04.695736+02:00
306895388,de:12067:900310976::1,0.0,2026-10-02T01:01:04.695736+02:00
306895388,de:12067:900310024::1,0.0,2026-10-02T01:01:04.695736+02:00
306895388,de:12067:900310833::1,0.0,2026-10-02T01:01:04.695736+02:00
306895388,de:12061:900260500::1,0.0,2026-10-02T01:01:04.695736+02:00
306895388,de:12061:900260800::1,0.0,2026-10-02T01:01:04.695736+02:00
306895388,de:12061:900260903::1,0.0,2026-10-02T01:01:04.695736+02:00
306895388,de:12061:900260901::2,0.0,2026-10-02T01:01:04.695736+02:00
306895388,de:12061:900260915::1,0.0,2026-10-02T01:01:04.695736+02:00
306895388,de:12061:900260904::3,0.0,2026-10-02T01:01:04.695736+02:00
306895388,de:12061:900261095::2,0.0,2026-10-02T01:01:04.695736+02:00
306895388,de:12061:900260758::2,0.0,2026-10-02T01:01:04.695736+02:00
306895388,de:12061:900260584::2,0.0,2026-10-02T01:01:04.695736+02:00
306895388,de:12061:900260968::1,0.0,2026-10-02T01:01:04.695736+02:00
307292676,de:12061:900260001:2:52,0.0,2026-10-02T01:01:04.695736+02:00
307292676,de:12061:900260002:1:51,-0.8,2026-10-02T01:01:04.695736+02:00
307292676,de:12061:900260003:1:51,-0.7,2026-10-02T01:01:04.695736+02:00
307292676,de:12061:900260004:1:51,-0.9,2026-10-02T01:01:04.695736+02:00
307292676,de:11000:900186001:2:53,-0.2,2026-10-02T01:01:04.695736+02:00
307292676,de:11000:900193002:1:51,-0.2,2026-10-02T01:01:04.695736+02:00
307292676,de:11000:900193001:2:51,-0.8,2026-10-02T01:01:04.695736+02:00
307292676,de:11000:900192001:3:55,-0.7,2026-10-02T01:01:04.695736+02:00
307292676,de:11000:900191001:1:50,-0.4,2026-10-02T01:01:04.695736+02:00
307292676,de:11000:900077155:1:50,-0.9,2026-10-02T01:01:04.695736+02:00
307292676,de:11000:900078201:1:50,-0.4,2026-10-02T01:01:04.695736+02:00
307292676,de:11000:900079221:1:50,-0.2,2026-10-02T01:01:04.695736+02:00
307292676,de:11000:900068201:1:50,-0.8,2026-10-02T01:01:04.695736+02:00
307292676,de:11000:900058101:5:58,-0.1,2026-10-02T01:01:04.695736+02:00
307292676,de:11000:900054104:2:52,-0.2,2026-10-02T01:01:04.695736+02:00
307292676,de:11000:900054105:1:50,-0.9,2026-10-02T01:01:04.695736+02:00
307292676,de:11000:900044202:1:50,-0.7,2026-10-02T01:01:04.695736+02:00
306895382,de:12061:900260968::1,0.0,2026-10-02T01:01:04.695736+02:00
306895382,de:12061:900260584::1,0.0,2026-10-02T01:01:04.695736+02:00
306895382,de:12067:900310843::2,0.0,2026-10-02T01:01:04.695736+02:00
306895382,de:12067:900310842::2,0.0,2026-10-02T01:01:04.695736+02:00
306895382,de:12067:900310611::2,0.0,2026-10-02T01:01:04.695736+02:00
307292647,de:12061:900260001:2:52,0.0,2026-10-02T01:01:04.695736+02:00
307292647,de:12061:900260002:1:51,-0.8,2026-10-02T01:01:04.695736+02:00
307292647,de:12061:900260003:1:51,-0.7,2026-10-02T01:01:04.695736+02:00
307292647,de:12061:900260004:1:51,-0.9,2026-10-02T01:01:04.695736+02:00
307292647,de:11000:900186001:2:53,-0.2,2026-10-02T01:01:04.695736+02:00
307292647,de:11000:900193002:1:51,-0.2,2026-10-02T01:01:04.695736+02:00
307292647,de:11000:900193001:2:51,-0.8,2026-10-02T01:01:04.695736+02:00
307292647,de:11000:900192001:3:55,-0.7,2026-10-02T01:01:04.695736+02:00
307292647,de:11000:900191001:1:50,-0.4,2026-10-02T01:01:04.695736+02:00
307292647,de:11000:900077155:1:50,-0.9,2026-10-02T01:01:04.695736+02:00
307292647,de:11000:900078201:1:50,-0.4,2026-10-02T01:01:04.695736+02:00
307292647,de:11000:900079221:1:50,-0.2,2026-10-02T01:01:04.695736+02:00
307292647,de:11000:900068201:1:50,-0.8,2026-10-02T01:01:04.695736+02:00
307292647,de:11000:900058101:5:58,-0.1,2026-10-02T01:01:04.695736+02:00
307292647,de:11000:900054104:2:52,-0.2,2026-10-02T01:01:04.695736+02:00
307292647,de:11000:900054105:1:50,-0.9,2026-10-02T01:01:04.695736+02:00
307292647,de:11000:900044202:1:50,-0.7,2026-10-02T01:01:04.695736+02:00
295928993,de:11000:900186001:2:52,0.0,2026-10-02T01:01:04.695736+02:00
295928993,de:11000:900193002:1:51,-0.2,2026-10-02T01:01:04.695736+02:00
295928993,de:11000:900193001:2:51,-0.8,2026-10-02T01:01:04.695736+02:00
295928993,de:11000:900192001:3:55,-0.7,2026-10-02T01:01:04.695736+02:00
295928993,de:11000:900191001:1:50,-0.4,2026-10-02T01:01:04.695736+02:00
295928993,de:11000:900077155:1:50,-0.9,2026-10-02T01:01:04.695736+02:00
295928993,de:11000:900078201:1:50,-0.9,2026-10-02T01:01:04.695736+02:00
295928993,de:11000:900079221:1:50,-0.7,2026-10-02T01:01:04.695736+02:00
295928919,de:11000:900079221:1:51,0.0,2026-10-02T01:01:04.695736+02:00
295928919,de:11000:900078201:1:51,-0.6,2026-10-02T01:01:04.695736+02:00
295928919,de:11000:900077155:1:51,-0.2,2026-10-02T01:01:04.695736+02:00
295928919,de:11000:900191001:2:51,-0.7,2026-10-02T01:01:04.695736+02:00
295928919,de:11000:900192001:2:52,-0.7,2026-10-02T01:01:04.695736+02:00
295928919,de:11000:900193001:1:50,-0.2,2026-10-02T01:01:04.695736+02:00
295928919,de:11000:900193002:1:50,-0.8,2026-10-02T01:01:04.695736+02:00
295928919,de:11000:900186001:1:51,-0.8,2026-10-02T01:01:04.695736+02:00
306897218,de:12053:900360000::4,0.0,2026-10-02T01:01:04.695736+02:00
306897218,de:12053:900360021::4,0.0,2026-10-02T01:01:04.695736+02:00
306897218,de:12053:900360059::4,0.0,2026-10-02T01:01:04.695736+02:00
306897218,de:12053:900360041::4,0.0,2026-10-02T01:01:04.695736+02:00
306897218,de:12053:900360135::2,0.0,2026-10-02T01:01:04.695736+02:00
306897218,de:12053:900360083::2,0.0,2026-10-02T01:01:04.695736+02:00
306897218,de:12053:900360096::4,0.0,2026-10-02T01:01:04.695736+02:00
306897218,de:12053:900360213::4,0.0,2026-10-02T01:01:04.695736+02:00
306897218,de:12053:900360062::2,0.0,2026-10-02T01:01:04.695736+02:00
306897218,de:12067:900311485::1,0.0,2026-10-02T01:01:04.695736+02:00
306897218,de:12067:900311482::2,0.0,2026-10-02T01:01:04.695736+02:00
306897218,de:12067:900311489::1,0.0,2026-10-02T01:01:04.695736+02:00
306897218,de:12067:900311483::2,0.0,2026-10-02T01:01:04.695736+02:00
306897218,de:12067:900310935::1,0.0,2026-10-02T01:01:04.695736+02:00
306897218,de:12067:900310933::1,0.0,2026-10-02T01:01:04.695736+02:00
306897218,de:12067:900311540::2,0.0,2026-10-02T01:01:04.695736+02:00
306897218,de:12067:900310615::2,0.0,2026-10-02T01:01:04.695736+02:00
306897218,de:12067:900310725::2,0.0,2026-10-02T01:01:04.695736+02:00
306897218,de:12067:900310738::2,0.0,2026-10-02T01:01:04.695736+02:00
306897218,de:12067:900310639::1,0.0,2026-10-02T01:01:04.695736+02:00
306897218,de:12067:900310626::1,0.0,2026-10-02T01:01:04.695736+02:00
306897218,de:12067:900311129::6,0.0,2026-10-02T01:01:04.695736+02:00
295940763,de:11000:900120005:4:56,0.0,2026-10-02T01:01:04.695736+02:00
295940763,de:11000:900120004:1:51,-0.1,2026-10-02T01:01:04.695736+02:00
295940763,de:11000:900120003:2:52,-0.4,2026-10-02T01:01:04.695736+02:00
295940763,de:11000:900160003:1:50,-0.7,2026-10-02T01:01:04.695736+02:00
295940763,de:11000:900160004:1:50,-0.7,2026-10-02T01:01:04.695736+02:00
295940763,de:11000:900171002:1:50,-0.2,2026-10-02T01:01:04.695736+02:00
295940763,de:11000:900171001:2:51,-0.3,2026-10-02T01:01:04.695736+02:00
295940763,de:11000:900175001:2:51,-0.5,2026-10-02T01:01:04.695736+02:00
295940763,de:11000:900175002:1:51,0.0,2026-10-02T01:01:04.695736+02:00
295940763,de:11000:900176001:1:50,-0.7,2026-10-02T01:01:04.695736+02:00
295942205,de:11000:900120004:1:51,0.0,2026-10-02T01:01:04.695736+02:00
295942205,de:11000:900120003:2:52,-0.9,2026-10-02T01:01:04.695736+02:00
295942205,de:11000:900160003:1:50,-0.7,2026-10-02T01:01:04.695736+02:00
295942205,de:11000:900160004:1:50,-0.7,2026-10-02T01:01:04.695736+02:00
295942205,de:11000:900171002:1:50,-0.2,2026-10-02T01:01:04.695736+02:00
295942205,de:11000:900171001:2:51,-0.3,2026-10-02T01:01:04.695736+02:00
295942205,de:11000:900175001:2:51,-0.5,2026-10-02T01:01:04.695736+02:00
295942205,de:11000:900175002:1:51,0.0,2026-10-02T01:01:04.695736+02:00
295942205,de:11000:900176001:1:50,-0.7,2026-10-02T01:01:04.695736+02:00
295940231,de:11000:900176001:1:51,0.0,2026-10-02T01:01:04.695736+02:00
295940231,de:11000:900175002:1:50,-0.7,2026-10-02T01:01:04.695736+02:00
295940231,de:11000:900175001:1:50,-0.6,2026-10-02T01:01:04.695736+02:00
295940231,de:11000:900171001:1:50,-0.3,2026-10-02T01:01:04.695736+02:00
295940231,de:11000:900171002:1:51,-0.4,2026-10-02T01:01:04.695736+02:00
295940231,de:11000:900160004:1:51,-0.8,2026-10-02T01:01:04.695736+02:00
295940231,de:11000:900160003:1:51,-0.9,2026-10-02T01:01:04.695736+02:00
295940231,de:11000:900120003:3:55,-0.1,2026-10-02T01:01:04.695736+02:00
295940231,de:11000:900120004:2:53,-0.6,2026-10-02T01:01:04.695736+02:00
295940231,de:11000:900120005:5:58,-0.9,2026-10-02T01:01:04.695736+02:00
295940231,de:11000:900100004:1:51,-0.4,2026-10-02T01:01:04.695736+02:00
295940231,de:11000:900100003:2:53,-0.4,2026-10-02T01:01:04.695736+02:00
295940231,de:11000:900100002:1:51,-0.4,2026-10-02T01:01:04.695736+02:00
295940231,de:11000:900100001:3:55,-0.4,2026-10-02T01:01:04.695736+02:00
295940231,de:11000:900003201:3:55,-0.1,2026-10-02T01:01:04.695736+02:00
295940231,de:11000:900003102:1:51,-0.8,2026-10-02T01:01:04.695736+02:00
295940231,de:11000:900003103:1:51,-0.9,2026-10-02T01:01:04.695736+02:00
295940231,de:11000:900023201:3:55,-0.8,2026-10-02T01:01:04.695736+02:00
295940231,de:11000:900024203:1:51,-0.8,2026-10-02T01:01:04.695736+02:00
295940231,de:11000:900024101:4:57,-0.8,2026-10-02T01:01:04.695736+02:00
295940231,de:11000:900024102:1:51,-0.1,2026-10-02T01:01:04.695736+02:00
295940231,de:11000:900048101:1:51,-0.3,2026-10-02T01:01:04.695736+02:00
307433925,de:12052:900470000:3:53,0.0,2026-10-02T01:01:04.695736+02:00
307433925,de:12052:900470001:3:52,0.0,2026-10-02T01:01:04.695736+02:00
307433925,de:12071:900445122:1:50,0.0,2026-10-02T01:01:04.695736+02:00
307433925,de:12071:900445010:2:52,0.0,2026-10-02T01:01:04.695736+02:00
306897074,de:12067:900310009::1,0.0,2026-10-02T01:01:04.695736+02:00
306897074,de:12067:900310007::2,0.0,2026-10-02T01:01:04.695736+02:00
306897074,de:12067:900310876::1,0.0,2026-10-02T01:01:04.695736+02:00
306897074,de:12067:900310007::1,0.0,2026-10-02T01:01:04.695736+02:00
306897074,de:12067:900310735::1,0.0,2026-10-02T01:01:04.695736+02:00
306897074,de:12067:900311270::1,0.0,2026-10-02T01:01:04.695736+02:00
306897074,de:12067:900311484::1,0.0,2026-10-02T01:01:04.695736+02:00
306897074,de:12067:900311485::1,0.0,2026-10-02T01:01:04.695736+02:00
306897074,de:12067:900311482::1,0.0,2026-10-02T01:01:04.695736+02:00
306897074,de:12067:900311222::1,0.0,2026-10-02T01:01:04.695736+02:00
306897074,de:12067:900311223::1,0.0,2026-10-02T01:01:04.695736+02:00
306897074,de:12067:900310957::1,0.0,2026-10-02T01:01:04.695736+02:00
306897074,de:12067:900310958::1,0.0,2026-10-02T01:01:04.695736+02:00
306897074,de:12067:900310988::2,0.0,2026-10-02T01:01:04.695736+02:00
306897074,de:12067:900310638::2,0.0,2026-10-02T01:01:04.695736+02:00
306897074,de:12067:900310834::1,0.0,2026-10-02T01:01:04.695736+02:00
306895414,de:12067:900311083::3,0.0,2026-10-02T01:01:04.695736+02:00
306895414,de:12067:900310775::1,0.0,2026-10-02T01:01:04.695736+02:00
306895414,de:12067:900311083::2,0.0,2026-10-02T01:01:04.695736+02:00
306895414,de:12067:900310814::2,0.0,2026-10-02T01:01:04.695736+02:00
306895414,de:12067:900310628::2,0.0,2026-10-02T01:01:04.695736+02:00
306895414,de:12067:900310793::2,0.0,2026-10-02T01:01:04.695736+02:00
306895414,de:12067:900310774::1,0.0,2026-10-02T01:01:04.695736+02:00
306895414,de:12067:900310792::1,0.0,2026-10-02T01:01:04.695736+02:00
306895414,de:12067:900310825::1,0.0,2026-10-02T01:01:04.695736+02:00
306895414,de:12067:900310809::2,0.0,2026-10-02T01:01:04.695736+02:00
306895414,de:12067:900310787::2,0.0,2026-10-02T01:01:04.695736+02:00
306895414,de:12067:900310790::2,0.0,2026-10-02T01:01:04.695736+02:00
306895414,de:12067:900310788::2,0.0,2026-10-02T01:01:04.695736+02:00
306895414,de:12067:900310696::2,0.0,2026-10-02T01:01:04.695736+02:00
306895414,de:12067:900310001::11,0.0,2026-10-02T01:01:04.695736+02:00
306895414,de:12067:900310001::2,0.0,2026-10-02T01:01:04.695736+02:00
306895414,de:12067:900310816::1,0.0,2026-10-02T01:01:04.695736+02:00
306895414,de:12067:900310627::1,0.0,2026-10-02T01:01:04.695736+02:00
306895414,de:12067:900310781::1,0.0,2026-10-02T01:01:04.695736+02:00
306895414,de:12067:900310822::1,0.0,2026-10-02T01:01:04.695736+02:00
306895414,de:12067:900310808::1,0.0,2026-10-02T01:01:04.695736+02:00
306895414,de:12067:900310779::1,0.0,2026-10-02T01:01:04.695736+02:00
306895414,de:12067:900310995::1,0.0,2026-10-02T01:01:04.695736+02:00
306895414,de:12067:900311104::1,0.0,2026-10-02T01:01:04.695736+02:00
306895414,de:12067:900310784::1,0.0,2026-10-02T01:01:04.695736+02:00
306895414,de:12067:900310786::1,0.0,2026-10-02T01:01:04.695736+02:00
306895414,de:12067:900310768::1,0.0,2026-10-02T01:01:04.695736+02:00
306895414,de:12067:900310023::1,0.0,2026-10-02T01:01:04.695736+02:00
306895414,de:12067:900310778::1,0.0,2026-10-02T01:01:04.695736+02:00
306895414,de:12067:900310806::1,0.0,2026-10-02T01:01:04.695736+02:00
306895414,de:12067:900310812::1,0.0,2026-10-02T01:01:04.695736+02:00
306895414,de:12067:900310770::1,0.0,2026-10-02T01:01:04.695736+02:00
306895414,de:12067:900310010::3,0.0,2026-10-02T01:01:04.695736+02:00
306895414,de:12067:900310880::1,0.0,2026-10-02T01:01:04.695736+02:00
306895414,de:12067:900310815::1,0.0,2026-10-02T01:01:04.695736+02:00
306895414,de:12067:900310807::1,0.0,2026-10-02T01:01:04.695736+02:00
306895415,de:12067:900311083::3,0.0,2026-10-02T01:01:04.695736+02:00
306895415,de:12067:900310775::1,0.0,2026-10-02T01:01:04.695736+02:00
306895415,de:12067:900311083::2,0.0,2026-10-02T01:01:04.695736+02:00
306895415,de:12067:900310814::2,0.0,2026-10-02T01:01:04.695736+02:00
306895415,de:12067:900310628::2,0.0,2026-10-02T01:01:04.695736+02:00
306895415,de:12067:900310793::2,0.0,2026-10-02T01:01:04.695736+02:00
306895415,de:12067:900310774::1,0.0,2026-10-02T01:01:04.695736+02:00
306895415,de:12067:900310792::1,0.0,2026-10-02T01:01:04.695736+02:00
306895415,de:12067:900310825::1,0.0,2026-10-02T01:01:04.695736+02:00
306895415,de:12067:900310809::2,0.0,2026-10-02T01:01:04.695736+02:00
306895415,de:12067:900310787::2,0.0,2026-10-02T01:01:04.695736+02:00
306895415,de:12067:900310790::2,0.0,2026-10-02T01:01:04.695736+02:00
306895415,de:12067:900310788::2,0.0,2026-10-02T01:01:04.695736+02:00
306895415,de:12067:900310696::2,0.0,2026-10-02T01:01:04.695736+02:00
306895415,de:12067:900310001::11,0.0,2026-10-02T01:01:04.695736+02:00
306895415,de:12067:900310001::2,0.0,2026-10-02T01:01:04.695736+02:00
306895415,de:12067:900310816::1,0.0,2026-10-02T01:01:04.695736+02:00
306895415,de:12067:900310627::1,0.0,2026-10-02T01:01:04.695736+02:00
306895415,de:12067:900310781::1,0.0,2026-10-02T01:01:04.695736+02:00
306895415,de:12067:900310822::1,0.0,2026-10-02T01:01:04.695736+02:00
306895415,de:12067:900310808::1,0.0,2026-10-02T01:01:04.695736+02:00
306895415,de:12067:900310779::1,0.0,2026-10-02T01:01:04.695736+02:00
306895415,de:12067:900310995::1,0.0,2026-10-02T01:01:04.695736+02:00
306895415,de:12067:900311104::1,0.0,2026-10-02T01:01:04.695736+02:00
306895415,de:12067:900310784::1,0.0,2026-10-02T01:01:04.695736+02:00
306895415,de:12067:900310786::1,0.0,2026-10-02T01:01:04.695736+02:00
306895415,de:12067:900310768::1,0.0,2026-10-02T01:01:04.695736+02:00
306895415,de:12067:900310023::1,0.0,2026-10-02T01:01:04.695736+02:00
306895415,de:12067:900310778::1,0.0,2026-10-02T01:01:04.695736+02:00
306895415,de:12067:900310806::1,0.0,2026-10-02T01:01:04.695736+02:00
306895415,de:12067:900310812::1,0.0,2026-10-02T01:01:04.695736+02:00
306895415,de:12067:900310770::1,0.0,2026-10-02T01:01:04.695736+02:00
306895415,de:12067:900310010::3,0.0,2026-10-02T01:01:04.695736+02:00
306895415,de:12067:900310880::1,0.0,2026-10-02T01:01:04.695736+02:00
306895415,de:12067:900310815::1,0.0,2026-10-02T01:01:04.695736+02:00
306895415,de:12067:900310807::1,0.0,2026-10-02T01:01:04.695736+02:00
306895416,de:12067:900311083::3,0.0,2026-10-02T01:01:04.695736+02:00
306895416,de:12067:900310775::1,0.0,2026-10-02T01:01:04.695736+02:00
306895416,de:12067:900311083::2,0.0,2026-10-02T01:01:04.695736+02:00
306895416,de:12067:900310814::2,0.0,2026-10-02T01:01:04.695736+02:00
306895416,de:12067:900310628::2,0.0,2026-10-02T01:01:04.695736+02:00
306895416,de:12067:900310793::2,0.0,2026-10-02T01:01:04.695736+02:00
306895416,de:12067:900310774::1,0.0,2026-10-02T01:01:04.695736+02:00
306895416,de:12067:900310792::1,0.0,2026-10-02T01:01:04.695736+02:00
306895416,de:12067:900310825::1,0.0,2026-10-02T01:01:04.695736+02:00
306895416,de:12067:900310809::2,0.0,2026-10-02T01:01:04.695736+02:00
306895416,de:12067:900310787::2,0.0,2026-10-02T01:01:04.695736+02:00
306895416,de:12067:900310790::2,0.0,2026-10-02T01:01:04.695736+02:00
306895416,de:12067:900310788::2,0.0,2026-10-02T01:01:04.695736+02:00
306895416,de:12067:900310696::2,0.0,2026-10-02T01:01:04.695736+02:00
306895416,de:12067:900310001::11,0.0,2026-10-02T01:01:04.695736+02:00
306895416,de:12067:900310001::2,0.0,2026-10-02T01:01:04.695736+02:00
306895416,de:12067:900310816::1,0.0,2026-10-02T01:01:04.695736+02:00
306895416,de:12067:900310627::1,0.0,2026-10-02T01:01:04.695736+02:00
306895416,de:12067:900310781::1,0.0,2026-10-02T01:01:04.695736+02:00
306895416,de:12067:900310822::1,0.0,2026-10-02T01:01:04.695736+02:00
306895416,de:12067:900310808::1,0.0,2026-10-02T01:01:04.695736+02:00
306895416,de:12067:900310779::1,0.0,2026-10-02T01:01:04.695736+02:00
306895416,de:12067:900310995::1,0.0,2026-10-02T01:01:04.695736+02:00
306895416,de:12067:900311104::1,0.0,2026-10-02T01:01:04.695736+02:00
306895416,de:12067:900310784::1,0.0,2026-10-02T01:01:04.695736+02:00
306895416,de:12067:900310786::1,0.0,2026-10-02T01:01:04.695736+02:00
306895416,de:12067:900310768::1,0.0,2026-10-02T01:01:04.695736+02:00
306895416,de:12067:900310023::1,0.0,2026-10-02T01:01:04.695736+02:00
306895416,de:12067:900310778::1,0.0,2026-10-02T01:01:04.695736+02:00
306895416,de:12067:900310806::1,0.0,2026-10-02T01:01:04.695736+02:00
306895416,de:12067:900310812::1,0.0,2026-10-02T01:01:04.695736+02:00
306895416,de:12067:900310770::1,0.0,2026-10-02T01:01:04.695736+02:00
306895416,de:12067:900310010::3,0.0,2026-10-02T01:01:04.695736+02:00
306895416,de:12067:900310880::1,0.0,2026-10-02T01:01:04.695736+02:00
306895416,de:12067:900310815::1,0.0,2026-10-02T01:01:04.695736+02:00
306895416,de:12067:900310807::1,0.0,2026-10-02T01:01:04.695736+02:00
306895417,de:12067:900311083::3,0.0,2026-10-02T01:01:04.695736+02:00
306895417,de:12067:900310775::1,0.0,2026-10-02T01:01:04.695736+02:00
306895417,de:12067:900311083::2,0.0,2026-10-02T01:01:04.695736+02:00
306895417,de:12067:900310814::2,0.0,2026-10-02T01:01:04.695736+02:00
306895417,de:12067:900310628::2,0.0,2026-10-02T01:01:04.695736+02:00
306895417,de:12067:900310793::2,0.0,2026-10-02T01:01:04.695736+02:00
306895417,de:12067:900310774::1,0.0,2026-10-02T01:01:04.695736+02:00
306895417,de:12067:900310792::1,0.0,2026-10-02T01:01:04.695736+02:00
306895417,de:12067:900310825::1,0.0,2026-10-02T01:01:04.695736+02:00
306895417,de:12067:900310809::2,0.0,2026-10-02T01:01:04.695736+02:00
306895417,de:12067:900310787::2,0.0,2026-10-02T01:01:04.695736+02:00
306895417,de:12067:900310790::2,0.0,2026-10-02T01:01:04.695736+02:00
306895417,de:12067:900310788::2,0.0,2026-10-02T01:01:04.695736+02:00
306895417,de:12067:900310696::2,0.0,2026-10-02T01:01:04.695736+02:00
306895417,de:12067:900310001::11,0.0,2026-10-02T01:01:04.695736+02:00
306895417,de:12067:900310001::2,0.0,2026-10-02T01:01:04.695736+02:00
306895417,de:12067:900310816::1,0.0,2026-10-02T01:01:04.695736+02:00
306895417,de:12067:900310627::1,0.0,2026-10-02T01:01:04.695736+02:00
306895417,de:12067:900310781::1,0.0,2026-10-02T01:01:04.695736+02:00
306895417,de:12067:900310822::1,0.0,2026-10-02T01:01:04.695736+02:00
306895417,de:12067:900310808::1,0.0,2026-10-02T01:01:04.695736+02:00
306895417,de:12067:900310779::1,0.0,2026-10-02T01:01:04.695736+02:00
306895417,de:12067:900310995::1,0.0,2026-10-02T01:01:04.695736+02:00
306895417,de:12067:900311104::1,0.0,2026-10-02T01:01:04.695736+02:00
306895417,de:12067:900310784::1,0.0,2026-10-02T01:01:04.695736+02:00
306895417,de:12067:900310786::1,0.0,2026-10-02T01:01:04.695736+02:00
306895417,de:12067:900310768::1,0.0,2026-10-02T01:01:04.695736+02:00
306895417,de:12067:900310023::1,0.0,2026-10-02T01:01:04.695736+02:00
306895417,de:12067:900310778::1,0.0,2026-10-02T01:01:04.695736+02:00
306895417,de:12067:900310806::1,0.0,2026-10-02T01:01:04.695736+02:00
306895417,de:12067:900310812::1,0.0,2026-10-02T01:01:04.695736+02:00
306895417,de:12067:900310770::1,0.0,2026-10-02T01:01:04.695736+02:00
306895417,de:12067:900310010::3,0.0,2026-10-02T01:01:04.695736+02:00
306895417,de:12067:900310880::1,0.0,2026-10-02T01:01:04.695736+02:00
306895417,de:12067:900310815::1,0.0,2026-10-02T01:01:04.695736+02:00
306895417,de:12067:900310807::1,0.0,2026-10-02T01:01:04.695736+02:00
307311983,de:11000:900120003:3:55,0.0,2026-10-02T01:01:04.695736+02:00
307311983,de:11000:900120004:2:53,-0.1,2026-10-02T01:01:04.695736+02:00
307311983,de:11000:900120005:5:58,-0.4,2026-10-02T01:01:04.695736+02:00
307311983,de:11000:900100004:1:51,-0.9,2026-10-02T01:01:04.695736+02:00
307311983,de:11000:900100003:2:53,-0.9,2026-10-02T01:01:04.695736+02:00
307311983,de:11000:900100002:1:51,-0.9,2026-10-02T01:01:04.695736+02:00
307311983,de:11000:900100001:3:55,-0.9,2026-10-02T01:01:04.695736+02:00
307311983,de:11000:900003201:3:55,-0.6,2026-10-02T01:01:04.695736+02:00
307311983,de:11000:900003102:1:51,-0.3,2026-10-02T01:01:04.695736+02:00
307311983,de:11000:900003103:1:51,-0.4,2026-10-02T01:01:04.695736+02:00
307311983,de:11000:900023201:3:55,-0.3,2026-10-02T01:01:04.695736+02:00
307311983,de:11000:900024203:1:51,-0.3,2026-10-02T01:01:04.695736+02:00
307311983,de:11000:900024101:4:57,-0.3,2026-10-02T01:01:04.695736+02:00
307311983,de:11000:900024102:1:50,-0.6,2026-10-02T01:01:04.695736+02:00
307311983,de:11000:900048101:1:50,-0.8,2026-10-02T01:01:04.695736+02:00
307311983,de:11000:900052201:2:52,0.0,2026-10-02T01:01:04.695736+02:00
307311983,de:11000:900053301:1:50,-0.4,2026-10-02T01:01:04.695736+02:00
307311983,de:12054:900230003:1:50,-0.4,2026-10-02T01:01:04.695736+02:00
307311983,de:12054:900230000:1:51,-0.4,2026-10-02T01:01:04.695736+02:00
307311983,de:12054:900230999:3:55,-0.9,2026-10-02T01:01:04.695736+02:00
295946183,de:12054:900230999:3:54,0.0,2026-10-02T01:01:04.695736+02:00
295946183,de:12054:900230000:1:50,-0.3,2026-10-02T01:01:04.695736+02:00
295946183,de:12054:900230003:1:54,-0.3,2026-10-02T01:01:04.695736+02:00
295946183,de:11000:900053301:2:53,-0.4,2026-10-02T01:01:04.695736+02:00
295946183,de:11000:900052201:2:53,-0.7,2026-10-02T01:01:04.695736+02:00
295946183,de:11000:900048101:2:53,-0.9,2026-10-02T01:01:04.695736+02:00
295946183,de:11000:900024102:2:53,-0.9,2026-10-02T01:01:04.695736+02:00
295946183,de:11000:900024101:3:55,-0.3,2026-10-02T01:01:04.695736+02:00
295946183,de:11000:900024203:1:51,-0.3,2026-10-02T01:01:04.695736+02:00
295946183,de:11000:900023201:3:54,-0.2,2026-10-02T01:01:04.695736+02:00
295946183,de:11000:900003103:1:50,-0.3,2026-10-02T01:01:04.695736+02:00
295946183,de:11000:900003102:1:50,-0.4,2026-10-02T01:01:04.695736+02:00
295946183,de:11000:900003201:3:54,0.0,2026-10-02T01:01:04.695736+02:00
295946183,de:11000:900100001:3:54,-0.6,2026-10-02T01:01:04.695736+02:00
295946183,de:11000:900100002:1:50,-0.9,2026-10-02T01:01:04.695736+02:00
295946183,de:11000:900100003:2:52,-0.6,2026-10-02T01:01:04.695736+02:00
295946183,de:11000:900100004:1:50,-0.9,2026-10-02T01:01:04.695736+02:00
295946183,de:11000:900120005:4:55,-0.1,2026-10-02T01:01:04.695736+02:00
295946183,de:11000:900120004:1:50,-0.6,2026-10-02T01:01:04.695736+02:00
295946183,de:11000:900120003:2:53,-0.9,2026-10-02T01:01:04.695736+02:00
295946183,de:11000:900160003:1:50,-0.2,2026-10-02T01:01:04.695736+02:00
295946183,de:11000:900160004:1:50,-0.2,2026-10-02T01:01:04.695736+02:00
295946183,de:11000:900171002:1:50,-0.7,2026-10-02T01:01:04.695736+02:00
295946183,de:11000:900171003:1:50,-0.8,2026-10-02T01:01:04.695736+02:00
295946183,de:11000:900170005:1:50,-0.3,2026-10-02T01:01:04.695736+02:00
295946183,de:11000:900170001:1:50,-0.1,2026-10-02T01:01:04.695736+02:00
295946183,de:11000:900170002:1:50,-0.9,2026-10-02T01:01:04.695736+02:00
295946183,de:11000:900170003:1:50,-0.7,2026-10-02T01:01:04.695736+02:00
295946183,de:11000:900170004:1:50,-0.9,2026-10-02T01:01:04.695736+02:00
295953496,de:11000:900120004:1:51,0.0,2026-10-02T01:01:04.695736+02:00
295953496,de:11000:900120003:2:52,-0.9,2026-10-02T01:01:04.695736+02:00
295953496,de:11000:900160003:1:50,-0.2,2026-10-02T01:01:04.695736+02:00
295953496,de:11000:900160004:1:50,-0.2,2026-10-02T01:01:04.695736+02:00
295953496,de:11000:900171002:1:50,-0.7,2026-10-02T01:01:04.695736+02:00
295953496,de:11000:900171003:1:50,-0.8,2026-10-02T01:01:04.695736+02:00
295953496,de:11000:900152002:1:50,-0.4,2026-10-02T01:01:04.695736+02:00
295953496,de:11000:900152001:1:50,-0.6,2026-10-02T01:01:04.695736+02:00
295953496,de:11000:900151001:1:51,-0.9,2026-10-02T01:01:04.695736+02:00
295953591,de:11000:900151001:1:51,0.0,2026-10-02T01:01:04.695736+02:00
295953591,de:11000:900152001:1:51,-0.6,2026-10-02T01:01:04.695736+02:00
295953591,de:11000:900152002:1:51,-0.2,2026-10-02T01:01:04.695736+02:00
295953591,de:11000:900171003:1:51,-0.9,2026-10-02T01:01:04.695736+02:00
295953591,de:11000:900171002:1:51,-0.9,2026-10-02T01:01:04.695736+02:00
295953591,de:11000:900160004:1:51,-0.3,2026-10-02T01:01:04.695736+02:00
295953591,de:11000:900160003:1:51,-0.4,2026-10-02T01:01:04.695736+02:00
295953591,de:11000:900120003:3:54,-0.6,2026-10-02T01:01:04.695736+02:00
295953591,de:11000:900120004:2:52,-0.1,2026-10-02T01:01:04.695736+02:00
295949493,de:11000:900048101:2:52,0.0,2026-10-02T01:01:04.695736+02:00
295949493,de:11000:900024102:2:53,-0.9,2026-10-02T01:01:04.695736+02:00
295949493,de:11000:900024101:3:55,-0.3,2026-10-02T01:01:04.695736+02:00
295949493,de:11000:900024203:1:51,-0.3,2026-10-02T01:01:04.695736+02:00
295949493,de:11000:900023201:3:54,-0.2,2026-10-02T01:01:04.695736+02:00
295949493,de:11000:900003103:1:50,-0.3,2026-10-02T01:01:04.695736+02:00
295949493,de:11000:900003102:1:50,-0.4,2026-10-02T01:01:04.695736+02:00
295949493,de:11000:900003201:3:54,0.0,2026-10-02T01:01:04.695736+02:00
295949493,de:11000:900100001:3:54,-0.6,2026-10-02T01:01:04.695736+02:00
295949493,de:11000:900100002:1:50,-0.9,2026-10-02T01:01:04.695736+02:00
295949493,de:11000:900100003:2:52,-0.6,2026-10-02T01:01:04.695736+02:00
295949493,de:11000:900100004:1:50,-0.9,2026-10-02T01:01:04.695736+02:00
295949493,de:11000:900120005:4:55,-0.1,2026-10-02T01:01:04.695736+02:00
295949493,de:11000:900120004:1:50,-0.6,2026-10-02T01:01:04.695736+02:00
295949493,de:11000:900120003:2:53,-0.9,2026-10-02T01:01:04.695736+02:00
295949493,de:11000:900160003:1:50,-0.2,2026-10-02T01:01:04.695736+02:00
295949493,de:11000:900160004:1:50,-0.2,2026-10-02T01:01:04.695736+02:00
295949493,de:11000:900171002:1:50,-0.7,2026-10-02T01:01:04.695736+02:00
295949493,de:11000:900171003:1:50,-0.8,2026-10-02T01:01:04.695736+02:00
295949493,de:11000:900170005:1:50,-0.3,2026-10-02T01:01:04.695736+02:00
295949493,de:11000:900170001:1:50,-0.1,2026-10-02T01:01:04.695736+02:00
295949493,de:11000:900170002:1:50,-0.9,2026-10-02T01:01:04.695736+02:00
295949493,de:11000:900170003:1:50,-0.7,2026-10-02T01:01:04.695736+02:00
295949493,de:11000:900170004:2:52,-0.9,2026-10-02T01:01:04.695736+02:00
295953580,de:11000:900151001:1:51,0.0,2026-10-02T01:01:04.695736+02:00
295953580,de:11000:900152001:1:51,-0.6,2026-10-02T01:01:04.695736+02:00
295953580,de:11000:900152002:1:51,-0.2,2026-10-02T01:01:04.695736+02:00
295953580,de:11000:900171003:1:51,-0.9,2026-10-02T01:01:04.695736+02:00
295953580,de:11000:900171002:1:51,-0.9,2026-10-02T01:01:04.695736+02:00
295953580,de:11000:900160004:1:51,-0.3,2026-10-02T01:01:04.695736+02:00
295953580,de:11000:900160003:1:51,-0.4,2026-10-02T01:01:04.695736+02:00
295953580,de:11000:900120003:3:54,-0.6,2026-10-02T01:01:04.695736+02:00
295953580,de:11000:900120004:2:52,-0.1,2026-10-02T01:01:04.695736+02:00
295949474,de:12054:900230999:3:55,0.0,2026-10-02T01:01:04.695736+02:00
295949474,de:12054:900230000:1:50,-0.3,2026-10-02T01:01:04.695736+02:00
295949474,de:12054:900230003:1:54,-0.3,2026-10-02T01:01:04.695736+02:00
295949474,de:11000:900053301:2:53,-0.4,2026-10-02T01:01:04.695736+02:00
295949474,de:11000:900052201:2:53,-0.7,2026-10-02T01:01:04.695736+02:00
295949474,de:11000:900048101:2:53,-0.9,2026-10-02T01:01:04.695736+02:00
295949474,de:11000:900024102:2:53,-0.9,2026-10-02T01:01:04.695736+02:00
295949474,de:11000:900024101:3:55,-0.3,2026-10-02T01:01:04.695736+02:00
295949474,de:11000:900024203:1:51,-0.3,2026-10-02T01:01:04.695736+02:00
295949474,de:11000:900023201:3:54,-0.2,2026-10-02T01:01:04.695736+02:00
295949474,de:11000:900003103:1:50,-0.3,2026-10-02T01:01:04.695736+02:00
295949474,de:11000:900003102:1:50,-0.4,2026-10-02T01:01:04.695736+02:00
295949474,de:11000:900003201:3:54,0.0,2026-10-02T01:01:04.695736+02:00
295949474,de:11000:900100001:3:54,-0.6,2026-10-02T01:01:04.695736+02:00
295949474,de:11000:900100002:1:50,-0.9,2026-10-02T01:01:04.695736+02:00
295949474,de:11000:900100003:2:52,-0.6,2026-10-02T01:01:04.695736+02:00
295949474,de:11000:900100004:1:50,-0.9,2026-10-02T01:01:04.695736+02:00
295949474,de:11000:900120005:4:55,-0.1,2026-10-02T01:01:04.695736+02:00
295949474,de:11000:900120004:1:50,-0.6,2026-10-02T01:01:04.695736+02:00
295949474,de:11000:900120003:2:53,-0.9,2026-10-02T01:01:04.695736+02:00
295949474,de:11000:900160003:1:50,-0.2,2026-10-02T01:01:04.695736+02:00
295949474,de:11000:900160004:1:50,-0.2,2026-10-02T01:01:04.695736+02:00
295949474,de:11000:900171002:1:50,-0.7,2026-10-02T01:01:04.695736+02:00
295949474,de:11000:900171003:1:50,-0.8,2026-10-02T01:01:04.695736+02:00
295949474,de:11000:900170005:1:50,-0.3,2026-10-02T01:01:04.695736+02:00
295949474,de:11000:900170001:1:50,-0.1,2026-10-02T01:01:04.695736+02:00
295949474,de:11000:900170002:1:50,-0.9,2026-10-02T01:01:04.695736+02:00
295949474,de:11000:900170003:1:50,-0.7,2026-10-02T01:01:04.695736+02:00
295949474,de:11000:900170004:2:52,-0.9,2026-10-02T01:01:04.695736+02:00
295956083,de:11000:900151001:1:50,0.0,2026-10-02T01:01:04.695736+02:00
295956083,de:11000:900152001:1:51,-0.6,2026-10-02T01:01:04.695736+02:00
295956083,de:11000:900152002:1:51,-0.2,2026-10-02T01:01:04.695736+02:00
295956083,de:11000:900171003:1:51,-0.9,2026-10-02T01:01:04.695736+02:00
295956083,de:11000:900171002:1:51,-0.9,2026-10-02T01:01:04.695736+02:00
295956083,de:11000:900160004:1:51,-0.3,2026-10-02T01:01:04.695736+02:00
295956083,de:11000:900160003:1:51,-0.4,2026-10-02T01:01:04.695736+02:00
295956083,de:11000:900120003:3:54,-0.6,2026-10-02T01:01:04.695736+02:00
295956083,de:11000:900120004:2:52,-0.1,2026-10-02T01:01:04.695736+02:00
295956067,de:11000:900151001:1:50,0.0,2026-10-02T01:01:04.695736+02:00
295956067,de:11000:900152001:1:51,-0.6,2026-10-02T01:01:04.695736+02:00
295956067,de:11000:900152002:1:51,-0.2,2026-10-02T01:01:04.695736+02:00
295956067,de:11000:900171003:1:51,-0.9,2026-10-02T01:01:04.695736+02:00
295956067,de:11000:900171002:1:51,-0.9,2026-10-02T01:01:04.695736+02:00
295956067,de:11000:900160004:1:51,-0.3,2026-10-02T01:01:04.695736+02:00
295956067,de:11000:900160003:1:51,-0.4,2026-10-02T01:01:04.695736+02:00
295956067,de:11000:900120003:3:54,-0.6,2026-10-02T01:01:04.695736+02:00
295956067,de:11000:900120004:2:52,-0.1,2026-10-02T01:01:04.695736+02:00
295949532,de:11000:900170004:2:52,0.0,2026-10-02T01:01:04.695736+02:00
295949532,de:11000:900170003:1:51,-0.3,2026-10-02T01:01:04.695736+02:00
295949532,de:11000:900170002:1:51,-0.1,2026-10-02T01:01:04.695736+02:00
295949532,de:11000:900170001:1:51,-0.9,2026-10-02T01:01:04.695736+02:00
295949532,de:11000:900170005:1:51,-0.7,2026-10-02T01:01:04.695736+02:00
295949532,de:11000:900171003:1:51,-0.6,2026-10-02T01:01:04.695736+02:00
295949532,de:11000:900171002:1:51,-0.9,2026-10-02T01:01:04.695736+02:00
295949532,de:11000:900160004:1:51,-0.3,2026-10-02T01:01:04.695736+02:00
295949532,de:11000:900160003:1:51,-0.4,2026-10-02T01:01:04.695736+02:00
295949532,de:11000:900120003:3:55,-0.6,2026-10-02T01:01:04.695736+02:00
295949532,de:11000:900120004:2:53,-0.1,2026-10-02T01:01:04.695736+02:00
295949532,de:11000:900120005:5:58,-0.4,2026-10-02T01:01:04.695736+02:00
295949532,de:11000:900100004:1:51,-0.9,2026-10-02T01:01:04.695736+02:00
295949532,de:11000:900100003:2:53,-0.9,2026-10-02T01:01:04.695736+02:00
295949532,de:11000:900100002:1:51,-0.9,2026-10-02T01:01:04.695736+02:00
295949532,de:11000:900100001:3:55,-0.9,2026-10-02T01:01:04.695736+02:00
295949532,de:11000:900003201:3:55,-0.6,2026-10-02T01:01:04.695736+02:00
295949532,de:11000:900003102:1:51,-0.3,2026-10-02T01:01:04.695736+02:00
295949532,de:11000:900003103:1:51,-0.4,2026-10-02T01:01:04.695736+02:00
295949532,de:11000:900023201:3:55,-0.3,2026-10-02T01:01:04.695736+02:00
295949532,de:11000:900024203:1:51,-0.3,2026-10-02T01:01:04.695736+02:00
295949532,de:11000:900024101:4:57,-0.3,2026-10-02T01:01:04.695736+02:00
295949532,de:11000:900024102:1:50,-0.6,2026-10-02T01:01:04.695736+02:00
295949532,de:11000:900048101:1:50,-0.8,2026-10-02T01:01:04.695736+02:00
295949532,de:11000:900052201:2:52,0.0,2026-10-02T01:01:04.695736+02:00
295949532,de:11000:900053301:1:50,-0.4,2026-10-02T01:01:04.695736+02:00
295949532,de:12054:900230003:1:50,-0.4,2026-10-02T01:01:04.695736+02:00
295949532,de:12054:900230000:1:51,-0.4,2026-10-02T01:01:04.695736+02:00
295949532,de:12054:900230999:3:54,-0.9,2026-10-02T01:01:04.695736+02:00
295949452,de:12054:900230999:3:55,0.0,2026-10-02T01:01:04.695736+02:00
295949452,de:12054:900230000:1:50,-0.3,2026-10-02T01:01:04.695736+02:00
295949452,de:12054:900230003:1:54,-0.3,2026-10-02T01:01:04.695736+02:00
295949452,de:11000:900053301:2:53,-0.4,2026-10-02T01:01:04.695736+02:00
295949452,de:11000:900052201:2:53,-0.7,2026-10-02T01:01:04.695736+02:00
295949452,de:11000:900048101:2:53,-0.9,2026-10-02T01:01:04.695736+02:00
295949452,de:11000:900024102:2:53,-0.9,2026-10-02T01:01:04.695736+02:00
295949452,de:11000:900024101:3:55,-0.3,2026-10-02T01:01:04.695736+02:00
295949452,de:11000:900024203:1:51,-0.3,2026-10-02T01:01:04.695736+02:00
295949452,de:11000:900023201:3:54,-0.2,2026-10-02T01:01:04.695736+02:00
295949452,de:11000:900003103:1:50,-0.3,2026-10-02T01:01:04.695736+02:00
295949452,de:11000:900003102:1:50,-0.4,2026-10-02T01:01:04.695736+02:00
295949452,de:11000:900003201:3:54,0.0,2026-10-02T01:01:04.695736+02:00
295949452,de:11000:900100001:3:54,-0.6,2026-10-02T01:01:04.695736+02:00
295949452,de:11000:900100002:1:50,-0.9,2026-10-02T01:01:04.695736+02:00
295949452,de:11000:900100003:2:52,-0.6,2026-10-02T01:01:04.695736+02:00
295949452,de:11000:900100004:1:50,-0.9,2026-10-02T01:01:04.695736+02:00
295949452,de:11000:900120005:4:55,-0.1,2026-10-02T01:01:04.695736+02:00
295949452,de:11000:900120004:1:50,-0.6,2026-10-02T01:01:04.695736+02:00
295949452,de:11000:900120003:2:53,-0.9,2026-10-02T01:01:04.695736+02:00
295949452,de:11000:900160003:1:50,-0.2,2026-10-02T01:01:04.695736+02:00
295949452,de:11000:900160004:1:50,-0.2,2026-10-02T01:01:04.695736+02:00
295949452,de:11000:900171002:1:50,-0.7,2026-10-02T01:01:04.695736+02:00
295949452,de:11000:900171003:1:50,-0.8,2026-10-02T01:01:04.695736+02:00
295949452,de:11000:900170005:1:50,-0.3,2026-10-02T01:01:04.695736+02:00
295949452,de:11000:900170001:1:50,-0.1,2026-10-02T01:01:04.695736+02:00
295949452,de:11000:900170002:1:50,-0.9,2026-10-02T01:01:04.695736+02:00
295949452,de:11000:900170003:1:50,-0.7,2026-10-02T01:01:04.695736+02:00
295949452,de:11000:900170004:2:52,-0.9,2026-10-02T01:01:04.695736+02:00
307436092,de:12066:900435000:2:53,0.0,2026-10-02T01:01:04.695736+02:00
307436092,de:12066:900435001:2:51,0.0,2026-10-02T01:01:04.695736+02:00
307436092,de:12066:900435339:1:50,0.0,2026-10-02T01:01:04.695736+02:00
307436092,de:12066:900435209:1:50,0.0,2026-10-02T01:01:04.695736+02:00
307436092,de:12066:900435818:1:50,0.0,2026-10-02T01:01:04.695736+02:00
307436092,de:12066:900435459:1:50,0.0,2026-10-02T01:01:04.695736+02:00
307436092,de:12066:900435602:2:51,0.0,2026-10-02T01:01:04.695736+02:00
307436092,de:12061:900261512:2:51,0.0,2026-10-02T01:01:04.695736+02:00
307436049,de:12066:900435000:2:53,0.0,2026-10-02T01:01:04.695736+02:00
307436049,de:12066:900435001:2:51,0.0,2026-10-02T01:01:04.695736+02:00
307436049,de:12066:900435339:1:50,0.0,2026-10-02T01:01:04.695736+02:00
307436049,de:12066:900435209:1:50,0.0,2026-10-02T01:01:04.695736+02:00
307436049,de:12066:900435818:1:50,0.0,2026-10-02T01:01:04.695736+02:00
307436049,de:12066:900435459:1:50,0.0,2026-10-02T01:01:04.695736+02:00
307436049,de:12066:900435602:2:51,0.0,2026-10-02T01:01:04.695736+02:00
307436049,de:12061:900261512:2:52,0.0,2026-10-02T01:01:04.695736+02:00
307436043,de:12066:900435000:2:53,0.0,2026-10-02T01:01:04.695736+02:00
307436043,de:12066:900435001:2:51,0.0,2026-10-02T01:01:04.695736+02:00
307436043,de:12066:900435339:1:50,0.0,2026-10-02T01:01:04.695736+02:00
307436043,de:12066:900435209:1:50,0.0,2026-10-02T01:01:04.695736+02:00
307436043,de:12066:900435818:1:50,0.0,2026-10-02T01:01:04.695736+02:00
307436043,de:12066:900435459:1:50,0.0,2026-10-02T01:01:04.695736+02:00
307436043,de:12066:900435602:2:51,0.0,2026-10-02T01:01:04.695736+02:00
307436043,de:12061:900261512:2:52,0.0,2026-10-02T01:01:04.695736+02:00
295949520,de:11000:900170004:2:52,0.0,2026-10-02T01:01:04.695736+02:00
295949520,de:11000:900170003:1:51,-0.3,2026-10-02T01:01:04.695736+02:00
295949520,de:11000:900170002:1:51,-0.1,2026-10-02T01:01:04.695736+02:00
295949520,de:11000:900170001:1:51,-0.9,2026-10-02T01:01:04.695736+02:00
295949520,de:11000:900170005:1:51,-0.7,2026-10-02T01:01:04.695736+02:00
295949520,de:11000:900171003:1:51,-0.6,2026-10-02T01:01:04.695736+02:00
295949520,de:11000:900171002:1:51,-0.9,2026-10-02T01:01:04.695736+02:00
295949520,de:11000:900160004:1:51,-0.3,2026-10-02T01:01:04.695736+02:00
295949520,de:11000:900160003:1:51,-0.4,2026-10-02T01:01:04.695736+02:00
295949520,de:11000:900120003:3:55,-0.6,2026-10-02T01:01:04.695736+02:00
295949520,de:11000:900120004:2:53,-0.1,2026-10-02T01:01:04.695736+02:00
295949520,de:11000:900120005:5:58,-0.4,2026-10-02T01:01:04.695736+02:00
295949520,de:11000:900100004:1:51,-0.9,2026-10-02T01:01:04.695736+02:00
295949520,de:11000:900100003:2:53,-0.9,2026-10-02T01:01:04.695736+02:00
295949520,de:11000:900100002:1:51,-0.9,2026-10-02T01:01:04.695736+02:00
295949520,de:11000:900100001:3:55,-0.9,2026-10-02T01:01:04.695736+02:00
295949520,de:11000:900003201:3:55,-0.6,2026-10-02T01:01:04.695736+02:00
295949520,de:11000:900003102:1:51,-0.3,2026-10-02T01:01:04.695736+02:00
295949520,de:11000:900003103:1:51,-0.4,2026-10-02T01:01:04.695736+02:00
295949520,de:11000:900023201:3:55,-0.3,2026-10-02T01:01:04.695736+02:00
295949520,de:11000:900024203:1:51,-0.3,2026-10-02T01:01:04.695736+02:00
295949520,de:11000:900024101:4:57,-0.3,2026-10-02T01:01:04.695736+02:00
295949520,de:11000:900024102:1:50,-0.6,2026-10-02T01:01:04.695736+02:00
295949520,de:11000:900048101:1:50,-0.8,2026-10-02T01:01:04.695736+02:00
295949520,de:11000:900052201:2:52,0.0,2026-10-02T01:01:04.695736+02:00
295949520,de:11000:900053301:1:50,-0.4,2026-10-02T01:01:04.695736+02:00
295949520,de:12054:900230003:1:50,-0.4,2026-10-02T01:01:04.695736+02:00
295949520,de:12054:900230000:1:51,-0.4,2026-10-02T01:01:04.695736+02:00
295949520,de:12054:900230999:3:54,-0.9,2026-10-02T01:01:04.695736+02:00
295949516,de:11000:900170004:2:52,0.0,2026-10-02T01:01:04.695736+02:00
295949516,de:11000:900170003:1:51,-0.3,2026-10-02T01:01:04.695736+02:00
295949516,de:11000:900170002:1:51,-0.1,2026-10-02T01:01:04.695736+02:00
295949516,de:11000:900170001:1:51,-0.9,2026-10-02T01:01:04.695736+02:00
295949516,de:11000:900170005:1:51,-0.7,2026-10-02T01:01:04.695736+02:00
295949516,de:11000:900171003:1:51,-0.6,2026-10-02T01:01:04.695736+02:00
295949516,de:11000:900171002:1:51,-0.9,2026-10-02T01:01:04.695736+02:00
295949516,de:11000:900160004:1:51,-0.3,2026-10-02T01:01:04.695736+02:00
295949516,de:11000:900160003:1:51,-0.4,2026-10-02T01:01:04.695736+02:00
295949516,de:11000:900120003:3:55,-0.6,2026-10-02T01:01:04.695736+02:00
295949516,de:11000:900120004:2:53,-0.1,2026-10-02T01:01:04.695736+02:00
295949516,de:11000:900120005:5:58,-0.4,2026-10-02T01:01:04.695736+02:00
295949516,de:11000:900100004:1:51,-0.9,2026-10-02T01:01:04.695736+02:00
295949516,de:11000:900100003:2:53,-0.9,2026-10-02T01:01:04.695736+02:00
295949516,de:11000:900100002:1:51,-0.9,2026-10-02T01:01:04.695736+02:00
295949516,de:11000:900100001:3:55,-0.9,2026-10-02T01:01:04.695736+02:00
295949516,de:11000:900003201:3:55,-0.6,2026-10-02T01:01:04.695736+02:00
295949516,de:11000:900003102:1:51,-0.3,2026-10-02T01:01:04.695736+02:00
295949516,de:11000:900003103:1:51,-0.4,2026-10-02T01:01:04.695736+02:00
295949516,de:11000:900023201:3:55,-0.3,2026-10-02T01:01:04.695736+02:00
295949516,de:11000:900024203:1:51,-0.3,2026-10-02T01:01:04.695736+02:00
295949516,de:11000:900024101:4:57,-0.3,2026-10-02T01:01:04.695736+02:00
295949516,de:11000:900024102:1:50,-0.6,2026-10-02T01:01:04.695736+02:00
295949516,de:11000:900048101:1:50,-0.8,2026-10-02T01:01:04.695736+02:00
295949516,de:11000:900052201:2:52,0.0,2026-10-02T01:01:04.695736+02:00
295949516,de:11000:900053301:1:50,-0.4,2026-10-02T01:01:04.695736+02:00
295949516,de:12054:900230003:1:50,-0.4,2026-10-02T01:01:04.695736+02:00
295949516,de:12054:900230000:1:51,-0.4,2026-10-02T01:01:04.695736+02:00
295949516,de:12054:900230999:3:54,-0.9,2026-10-02T01:01:04.695736+02:00
306895495,de:12067:900310807::1,0.0,2026-10-02T01:01:04.695736+02:00
306895495,de:12067:900310815::2,0.0,2026-10-02T01:01:04.695736+02:00
306895495,de:12067:900310880::2,0.0,2026-10-02T01:01:04.695736+02:00
306895495,de:12067:900310010::2,0.0,2026-10-02T01:01:04.695736+02:00
306895495,de:12067:900310770::2,0.0,2026-10-02T01:01:04.695736+02:00
306895495,de:12067:900310812::2,0.0,2026-10-02T01:01:04.695736+02:00
306895495,de:12067:900310806::2,0.0,2026-10-02T01:01:04.695736+02:00
306895495,de:12067:900310778::2,0.0,2026-10-02T01:01:04.695736+02:00
306895495,de:12067:900310768::2,0.0,2026-10-02T01:01:04.695736+02:00
306895495,de:12067:900310786::2,0.0,2026-10-02T01:01:04.695736+02:00
306895495,de:12067:900310784::2,0.0,2026-10-02T01:01:04.695736+02:00
306895495,de:12067:900311104::2,0.0,2026-10-02T01:01:04.695736+02:00
306895495,de:12067:900310995::1,0.0,2026-10-02T01:01:04.695736+02:00
306895495,de:12067:900310779::2,0.0,2026-10-02T01:01:04.695736+02:00
306895495,de:12067:900310808::2,0.0,2026-10-02T01:01:04.695736+02:00
306895495,de:12067:900310822::2,0.0,2026-10-02T01:01:04.695736+02:00
306895495,de:12067:900310781::2,0.0,2026-10-02T01:01:04.695736+02:00
306895495,de:12067:900310627::2,0.0,2026-10-02T01:01:04.695736+02:00
306895495,de:12067:900310816::2,0.0,2026-10-02T01:01:04.695736+02:00
306895495,de:12067:900310022::1,0.0,2026-10-02T01:01:04.695736+02:00
306895495,de:12067:900310001::11,0.0,2026-10-02T01:01:04.695736+02:00
306895495,de:12067:900310001::1,0.0,2026-10-02T01:01:04.695736+02:00
306895495,de:12067:900310696::1,0.0,2026-10-02T01:01:04.695736+02:00
306895495,de:12067:900310788::1,0.0,2026-10-02T01:01:04.695736+02:00
306895495,de:12067:900310790::1,0.0,2026-10-02T01:01:04.695736+02:00
306895495,de:12067:900310787::1,0.0,2026-10-02T01:01:04.695736+02:00
306895495,de:12067:900310809::1,0.0,2026-10-02T01:01:04.695736+02:00
306895495,de:12067:900310825::1,0.0,2026-10-02T01:01:04.695736+02:00
306895495,de:12067:900310792::2,0.0,2026-10-02T01:01:04.695736+02:00
306895495,de:12067:900310774::2,0.0,2026-10-02T01:01:04.695736+02:00
306895495,de:12067:900310793::1,0.0,2026-10-02T01:01:04.695736+02:00
306895495,de:12067:900310628::1,0.0,2026-10-02T01:01:04.695736+02:00
306895495,de:12067:900310814::1,0.0,2026-10-02T01:01:04.695736+02:00
306895495,de:12067:900311083::3,0.0,2026-10-02T01:01:04.695736+02:00
295960140,de:11000:900186001:2:52,0.0,2026-10-02T01:01:04.695736+02:00
295960140,de:11000:900193002:1:51,-0.7,2026-10-02T01:01:04.695736+02:00
295960140,de:11000:900193001:2:51,-0.3,2026-10-02T01:01:04.695736+02:00
295960140,de:11000:900192001:3:55,-0.2,2026-10-02T01:01:04.695736+02:00
295960140,de:11000:900191001:1:50,-0.9,2026-10-02T01:01:04.695736+02:00
295960140,de:11000:900191002:1:51,-0.3,2026-10-02T01:01:04.695736+02:00
295960140,de:11000:900190001:2:53,-0.1,2026-10-02T01:01:04.695736+02:00
295960140,de:11000:900120003:5:59,0.0,2026-10-02T01:01:04.695736+02:00
295960140,de:11000:900120001:1:51,-0.6,2026-10-02T01:01:04.695736+02:00
295960140,de:11000:900110012:1:51,-0.8,2026-10-02T01:01:04.695736+02:00
295960140,de:11000:900110004:1:51,-0.7,2026-10-02T01:01:04.695736+02:00
295960140,de:11000:900110003:1:51,0.0,2026-10-02T01:01:04.695736+02:00
295960140,de:11000:900110002:1:51,0.0,2026-10-02T01:01:04.695736+02:00
295960140,de:11000:900110001:1:51,-0.7,2026-10-02T01:01:04.695736+02:00
295960140,de:11000:900110011:2:52,-0.4,2026-10-02T01:01:04.695736+02:00
295960140,de:11000:900130002:1:50,0.0,2026-10-02T01:01:04.695736+02:00
295960140,de:11000:900130001:1:50,-0.7,2026-10-02T01:01:04.695736+02:00
295960140,de:11000:900142001:1:50,-0.2,2026-10-02T01:01:04.695736+02:00
295960140,de:12065:900200013:1:50,-0.3,2026-10-02T01:01:04.695736+02:00
295960140,de:12065:900200012:1:50,-0.9,2026-10-02T01:01:04.695736+02:00
295960140,de:12065:900200011:1:50,-0.4,2026-10-02T01:01:04.695736+02:00
295960140,de:12065:900200009:1:50,-0.9,2026-10-02T01:01:04.695736+02:00
295960140,de:12065:900200008:1:50,-0.9,2026-10-02T01:01:04.695736+02:00
295960058,de:12061:900260002:1:50,0.0,2026-10-02T01:01:04.695736+02:00
295960058,de:12061:900260003:1:51,-0.7,2026-10-02T01:01:04.695736+02:00
295960058,de:12061:900260004:1:51,-0.9,2026-10-02T01:01:04.695736+02:00
295960058,de:11000:900186001:2:53,-0.2,2026-10-02T01:01:04.695736+02:00
295960058,de:11000:900193002:1:51,-0.2,2026-10-02T01:01:04.695736+02:00
295960058,de:11000:900193001:2:51,-0.8,2026-10-02T01:01:04.695736+02:00
295960058,de:11000:900192001:3:55,-0.7,2026-10-02T01:01:04.695736+02:00
295960058,de:11000:900191001:1:50,-0.4,2026-10-02T01:01:04.695736+02:00
295960058,de:11000:900191002:1:51,-0.8,2026-10-02T01:01:04.695736+02:00
295960058,de:11000:900190001:2:53,-0.6,2026-10-02T01:01:04.695736+02:00
295960058,de:11000:900120003:5:59,0.0,2026-10-02T01:01:04.695736+02:00
295960058,de:11000:900120001:1:51,-0.6,2026-10-02T01:01:04.695736+02:00
295960058,de:11000:900110012:1:51,-0.8,2026-10-02T01:01:04.695736+02:00
295960058,de:11000:900110004:1:51,-0.7,2026-10-02T01:01:04.695736+02:00
295960058,de:11000:900110003:1:51,0.0,2026-10-02T01:01:04.695736+02:00
295960058,de:11000:900110002:1:51,0.0,2026-10-02T01:01:04.695736+02:00
295960058,de:11000:900110001:1:51,-0.7,2026-10-02T01:01:04.695736+02:00
295960058,de:11000:900110011:2:52,-0.4,2026-10-02T01:01:04.695736+02:00
295960058,de:11000:900130002:1:50,0.0,2026-10-02T01:01:04.695736+02:00
295960058,de:11000:900130001:1:50,-0.7,2026-10-02T01:01:04.695736+02:00
295960058,de:11000:900142001:1:50,-0.2,2026-10-02T01:01:04.695736+02:00
295960058,de:12065:900200013:1:50,-0.3,2026-10-02T01:01:04.695736+02:00
295960058,de:12065:900200012:1:50,-0.9,2026-10-02T01:01:04.695736+02:00
295960058,de:12065:900200011:1:50,-0.4,2026-10-02T01:01:04.695736+02:00
295960058,de:12065:900200009:1:50,-0.9,2026-10-02T01:01:04.695736+02:00
295960058,de:12065:900200008:1:50,-0.9,2026-10-02T01:01:04.695736+02:00
295960037,de:11000:900186001:2:53,0.0,2026-10-02T01:01:04.695736+02:00
295960037,de:11000:900193002:1:51,-0.2,2026-10-02T01:01:04.695736+02:00
295960037,de:11000:900193001:2:51,-0.8,2026-10-02T01:01:04.695736+02:00
295960037,de:11000:900192001:3:55,-0.7,2026-10-02T01:01:04.695736+02:00
295960037,de:11000:900191001:1:50,-0.4,2026-10-02T01:01:04.695736+02:00
295960037,de:11000:900191002:1:51,-0.8,2026-10-02T01:01:04.695736+02:00
295960037,de:11000:900190001:2:53,-0.6,2026-10-02T01:01:04.695736+02:00
295960037,de:11000:900120003:5:59,0.0,2026-10-02T01:01:04.695736+02:00
295960037,de:11000:900120001:1:51,-0.6,2026-10-02T01:01:04.695736+02:00
295960037,de:11000:900110012:1:51,-0.8,2026-10-02T01:01:04.695736+02:00
295960037,de:11000:900110004:1:51,-0.7,2026-10-02T01:01:04.695736+02:00
295960037,de:11000:900110003:1:51,0.0,2026-10-02T01:01:04.695736+02:00
295960037,de:11000:900110002:1:51,0.0,2026-10-02T01:01:04.695736+02:00
295960037,de:11000:900110001:1:51,-0.7,2026-10-02T01:01:04.695736+02:00
295960037,de:11000:900110011:2:52,-0.4,2026-10-02T01:01:04.695736+02:00
295960037,de:11000:900130002:1:50,0.0,2026-10-02T01:01:04.695736+02:00
295960037,de:11000:900130001:1:50,-0.7,2026-10-02T01:01:04.695736+02:00
295960037,de:11000:900142001:1:50,-0.2,2026-10-02T01:01:04.695736+02:00
295960037,de:12065:900200013:1:50,-0.3,2026-10-02T01:01:04.695736+02:00
295960037,de:12065:900200012:1:50,-0.9,2026-10-02T01:01:04.695736+02:00
295960037,de:12065:900200011:1:50,-0.4,2026-10-02T01:01:04.695736+02:00
295960037,de:12065:900200009:1:50,-0.9,2026-10-02T01:01:04.695736+02:00
295960037,de:12065:900200008:1:50,-0.9,2026-10-02T01:01:04.695736+02:00
295959984,de:12065:900200008:1:51,0.0,2026-10-02T01:01:04.695736+02:00
295959984,de:12065:900200009:1:51,-0.7,2026-10-02T01:01:04.695736+02:00
295959984,de:12065:900200011:1:51,-0.3,2026-10-02T01:01:04.695736+02:00
295959984,de:12065:900200012:1:51,-0.8,2026-10-02T01:01:04.695736+02:00
295959984,de:12065:900200013:1:50,-0.4,2026-10-02T01:01:04.695736+02:00
295959984,de:11000:900142001:1:51,-0.7,2026-10-02T01:01:04.695736+02:00
295959984,de:11000:900130001:1:51,-0.2,2026-10-02T01:01:04.695736+02:00
295959984,de:11000:900130002:1:51,-0.7,2026-10-02T01:01:04.695736+02:00
295959984,de:11000:900110011:1:51,-0.2,2026-10-02T01:01:04.695736+02:00
295959984,de:11000:900110001:1:50,-0.2,2026-10-02T01:01:04.695736+02:00
295959984,de:11000:900110002:1:50,-0.9,2026-10-02T01:01:04.695736+02:00
295959984,de:11000:900110003:1:50,-0.9,2026-10-02T01:01:04.695736+02:00
295959984,de:11000:900110004:1:50,-0.3,2026-10-02T01:01:04.695736+02:00
295959984,de:11000:900110012:1:50,-0.2,2026-10-02T01:01:04.695736+02:00
295959984,de:11000:900120001:1:50,-0.2,2026-10-02T01:01:04.695736+02:00
295959984,de:11000:900120003:5:58,-0.6,2026-10-02T01:01:04.695736+02:00
295959984,de:11000:900190001:1:50,-0.1,2026-10-02T01:01:04.695736+02:00
295959984,de:11000:900191002:1:50,0.0,2026-10-02T01:01:04.695736+02:00
295959984,de:11000:900191001:2:52,-0.4,2026-10-02T01:01:04.695736+02:00
295959984,de:11000:900192001:2:52,-0.2,2026-10-02T01:01:04.695736+02:00
295959984,de:11000:900193001:1:50,-0.7,2026-10-02T01:01:04.695736+02:00
295959984,de:11000:900193002:1:50,-0.3,2026-10-02T01:01:04.695736+02:00
295959984,de:11000:900186001:1:50,-0.3,2026-10-02T01:01:04.695736+02:00
295959984,de:12061:900260004:1:50,-0.7,2026-10-02T01:01:04.695736+02:00
295959984,de:12061:900260003:1:50,-0.9,2026-10-02T01:01:04.695736+02:00
295959984,de:12061:900260002:1:50,-0.9,2026-10-02T01:01:04.695736+02:00
295963731,de:12061:900260009:3:56,0.0,2026-10-02T01:01:04.695736+02:00
295963731,de:12061:900260080:1:51,-0.7,2026-10-02T01:01:04.695736+02:00
295963731,de:12061:900260005:3:55,0.0,2026-10-02T01:01:04.695736+02:00
295963731,de:11000:900196001:1:51,0.0,2026-10-02T01:01:04.695736+02:00
295963731,de:11000:900195510:1:50,-0.4,2026-10-02T01:01:04.695736+02:00
295963731,de:11000:900193002:1:51,-0.6,2026-10-02T01:01:04.695736+02:00
295963731,de:11000:900193001:2:51,-0.3,2026-10-02T01:01:04.695736+02:00
295963731,de:11000:900192001:3:55,-0.2,2026-10-02T01:01:04.695736+02:00
295963731,de:11000:900191001:1:50,-0.9,2026-10-02T01:01:04.695736+02:00
295963731,de:11000:900191002:1:51,-0.3,2026-10-02T01:01:04.695736+02:00
295963731,de:11000:900190001:2:53,-0.1,2026-10-02T01:01:04.695736+02:00
295963731,de:11000:900120003:5:59,-0.3,2026-10-02T01:01:04.695736+02:00
295963731,de:11000:900120001:1:51,-0.6,2026-10-02T01:01:04.695736+02:00
295963731,de:11000:900110012:1:51,-0.8,2026-10-02T01:01:04.695736+02:00
295963731,de:11000:900110004:1:51,-0.7,2026-10-02T01:01:04.695736+02:00
295963731,de:11000:900110003:1:51,0.0,2026-10-02T01:01:04.695736+02:00
295963731,de:11000:900110002:1:51,0.0,2026-10-02T01:01:04.695736+02:00
295963731,de:11000:900110001:1:51,-0.7,2026-10-02T01:01:04.695736+02:00
295963731,de:11000:900110011:2:53,-0.4,2026-10-02T01:01:04.695736+02:00
295963731,de:11000:900085201:1:50,-0.8,2026-10-02T01:01:04.695736+02:00
295963731,de:11000:900084101:1:50,-0.7,2026-10-02T01:01:04.695736+02:00
295963731,de:11000:900096101:1:50,-0.8,2026-10-02T01:01:04.695736+02:00
295963731,de:11000:900094101:1:50,-0.3,2026-10-02T01:01:04.695736+02:00
295963731,de:11000:900093201:1:50,-0.4,2026-10-02T01:01:04.695736+02:00
295963731,de:11000:900092201:1:51,-0.2,2026-10-02T01:01:04.695736+02:00
295963603,de:11000:900092201:1:51,0.0,2026-10-02T01:01:04.695736+02:00
295963603,de:11000:900093201:1:51,-0.4,2026-10-02T01:01:04.695736+02:00
295963603,de:11000:900094101:1:51,-0.3,2026-10-02T01:01:04.695736+02:00
295963603,de:11000:900096101:1:51,-0.1,2026-10-02T01:01:04.695736+02:00
295963603,de:11000:900084101:1:51,-0.2,2026-10-02T01:01:04.695736+02:00
295963603,de:11000:900085201:1:51,-0.8,2026-10-02T01:01:04.695736+02:00
295963603,de:11000:900130003:1:51,-0.8,2026-10-02T01:01:04.695736+02:00
295963603,de:11000:900110011:1:50,-0.9,2026-10-02T01:01:04.695736+02:00
295963603,de:11000:900110001:1:50,-0.2,2026-10-02T01:01:04.695736+02:00
295963603,de:11000:900110002:1:50,-0.9,2026-10-02T01:01:04.695736+02:00
295963603,de:11000:900110003:1:50,-0.9,2026-10-02T01:01:04.695736+02:00
295963603,de:11000:900110004:1:50,-0.3,2026-10-02T01:01:04.695736+02:00
295963603,de:11000:900110012:1:50,-0.2,2026-10-02T01:01:04.695736+02:00
295963603,de:11000:900120001:1:50,-0.2,2026-10-02T01:01:04.695736+02:00
295963603,de:11000:900120003:5:58,-0.6,2026-10-02T01:01:04.695736+02:00
295963603,de:11000:900190001:1:51,-0.1,2026-10-02T01:01:04.695736+02:00
295963603,de:11000:900191002:1:50,0.0,2026-10-02T01:01:04.695736+02:00
295963603,de:11000:900191001:2:52,-0.4,2026-10-02T01:01:04.695736+02:00
295963603,de:11000:900192001:2:52,-0.2,2026-10-02T01:01:04.695736+02:00
295963603,de:11000:900193001:1:50,-0.7,2026-10-02T01:01:04.695736+02:00
295963603,de:11000:900193002:1:50,-0.3,2026-10-02T01:01:04.695736+02:00
295963603,de:11000:900195510:1:51,-0.7,2026-10-02T01:01:04.695736+02:00
295963603,de:11000:900196001:1:50,-0.9,2026-10-02T01:01:04.695736+02:00
295963603,de:12061:900260005:3:54,-0.7,2026-10-02T01:01:04.695736+02:00
295963603,de:12061:900260080:1:50,0.0,2026-10-02T01:01:04.695736+02:00
295963603,de:12061:900260009:3:56,-0.2,2026-10-02T01:01:04.695736+02:00
306896322,de:12064:900320891::2,0.0,2026-10-02T01:01:04.695736+02:00
306896322,de:12067:900310919::2,0.0,2026-10-02T01:01:04.695736+02:00
306896322,de:12067:900310888::2,0.0,2026-10-02T01:01:04.695736+02:00
306896322,de:12067:900310881::2,0.0,2026-10-02T01:01:04.695736+02:00
306896322,de:12067:900310885::1,0.0,2026-10-02T01:01:04.695736+02:00
306896322,de:12067:900310883::2,0.0,2026-10-02T01:01:04.695736+02:00
306896322,de:12067:900310920::2,0.0,2026-10-02T01:01:04.695736+02:00
306896322,de:12067:900310882::2,0.0,2026-10-02T01:01:04.695736+02:00
306896322,de:12067:900310889::2,0.0,2026-10-02T01:01:04.695736+02:00
306896322,de:12067:900310890::2,0.0,2026-10-02T01:01:04.695736+02:00
306896322,de:12067:900310847::2,0.0,2026-10-02T01:01:04.695736+02:00
306896322,de:12067:900310846::2,0.0,2026-10-02T01:01:04.695736+02:00
306896322,de:12067:900310854::2,0.0,2026-10-02T01:01:04.695736+02:00
306896322,de:12067:900310857::2,0.0,2026-10-02T01:01:04.695736+02:00
306896322,de:12067:900310853::1,0.0,2026-10-02T01:01:04.695736+02:00
306896322,de:12067:900310845::1,0.0,2026-10-02T01:01:04.695736+02:00
306896322,de:12067:900310855::2,0.0,2026-10-02T01:01:04.695736+02:00
306896322,de:12067:900310844::2,0.0,2026-10-02T01:01:04.695736+02:00
306896322,de:12067:900310856::1,0.0,2026-10-02T01:01:04.695736+02:00
306896322,de:12067:900310849::2,0.0,2026-10-02T01:01:04.695736+02:00
306896322,de:12067:900310851::2,0.0,2026-10-02T01:01:04.695736+02:00
306896322,de:12067:900310850::2,0.0,2026-10-02T01:01:04.695736+02:00
306896322,de:12067:900310852::2,0.0,2026-10-02T01:01:04.695736+02:00
306896322,de:12067:900310555::2,0.0,2026-10-02T01:01:04.695736+02:00
306896322,de:12067:900310557::2,0.0,2026-10-02T01:01:04.695736+02:00
306896322,de:12067:900310563::3,0.0,2026-10-02T01:01:04.695736+02:00
306896322,de:12067:900310563::4,0.0,2026-10-02T01:01:04.695736+02:00
306896322,de:12067:900310013::7,0.0,2026-10-02T01:01:04.695736+02:00
295967971,de:12061:900260009:3:55,0.0,2026-10-02T01:01:04.695736+02:00
295967971,de:12061:900260080:1:51,-0.7,2026-10-02T01:01:04.695736+02:00
295967971,de:12061:900260005:3:55,0.0,2026-10-02T01:01:04.695736+02:00
295967971,de:11000:900196001:1:51,0.0,2026-10-02T01:01:04.695736+02:00
295967971,de:11000:900195510:1:50,-0.4,2026-10-02T01:01:04.695736+02:00
295967971,de:11000:900193002:1:51,-0.6,2026-10-02T01:01:04.695736+02:00
295967971,de:11000:900193001:2:51,-0.3,2026-10-02T01:01:04.695736+02:00
295967971,de:11000:900192001:3:55,-0.2,2026-10-02T01:01:04.695736+02:00
295967971,de:11000:900191001:1:50,0.0,2026-10-02T01:01:04.695736+02:00
295967971,de:11000:900191002:1:51,-0.7,2026-10-02T01:01:04.695736+02:00
295967971,de:11000:900190001:2:53,-0.4,2026-10-02T01:01:04.695736+02:00
295967971,de:11000:900120004:2:53,-0.9,2026-10-02T01:01:04.695736+02:00
295967971,de:11000:900120005:5:58,-0.1,2026-10-02T01:01:04.695736+02:00
295967971,de:11000:900100004:1:51,-0.4,2026-10-02T01:01:04.695736+02:00
295967971,de:11000:900100003:2:53,-0.4,2026-10-02T01:01:04.695736+02:00
295967971,de:11000:900100002:1:51,-0.4,2026-10-02T01:01:04.695736+02:00
295967971,de:11000:900100001:3:55,-0.4,2026-10-02T01:01:04.695736+02:00
295967971,de:11000:900003201:3:55,-0.1,2026-10-02T01:01:04.695736+02:00
295967971,de:11000:900003102:1:51,-0.8,2026-10-02T01:01:04.695736+02:00
295967971,de:11000:900003103:1:51,-0.9,2026-10-02T01:01:04.695736+02:00
295967971,de:11000:900023201:3:55,-0.8,2026-10-02T01:01:04.695736+02:00
295967971,de:11000:900024203:1:51,-0.8,2026-10-02T01:01:04.695736+02:00
295967971,de:11000:900024101:4:57,-0.8,2026-10-02T01:01:04.695736+02:00
295967971,de:11000:900024102:1:50,-0.1,2026-10-02T01:01:04.695736+02:00
295967971,de:11000:900025423:1:50,-0.4,2026-10-02T01:01:04.695736+02:00
295967971,de:11000:900026105:1:50,-0.7,2026-10-02T01:01:04.695736+02:00
295967971,de:11000:900025321:1:50,-0.3,2026-10-02T01:01:04.695736+02:00
295967971,de:11000:900025424:1:50,-0.3,2026-10-02T01:01:04.695736+02:00
295967971,de:11000:900030202:1:50,-0.9,2026-10-02T01:01:04.695736+02:00
295967971,de:11000:900029101:1:51,-0.9,2026-10-02T01:01:04.695736+02:00
307434561,de:12052:900470000:2:51,0.0,2026-10-02T01:01:04.695736+02:00
307434561,de:12071:900445884:1:50,0.0,2026-10-02T01:01:04.695736+02:00
307434561,de:12066:900435884:1:50,0.0,2026-10-02T01:01:04.695736+02:00
307434561,de:12066:900435697:1:50,0.0,2026-10-02T01:01:04.695736+02:00
307434561,de:12066:900435602:1:50,0.0,2026-10-02T01:01:04.695736+02:00
307434561,de:12061:900261512:1:50,0.0,2026-10-02T01:01:04.695736+02:00
307434561,de:12061:900260019:1:50,0.0,2026-10-02T01:01:04.695736+02:00
307434561,de:12061:900260611:2:51,0.0,2026-10-02T01:01:04.695736+02:00
295967902,de:12061:900260009:3:55,0.0,2026-10-02T01:01:04.695736+02:00
295967902,de:12061:900260080:1:51,-0.7,2026-10-02T01:01:04.695736+02:00
295967902,de:12061:900260005:3:55,0.0,2026-10-02T01:01:04.695736+02:00
295967902,de:11000:900196001:1:51,0.0,2026-10-02T01:01:04.695736+02:00
295967902,de:11000:900195510:1:50,-0.4,2026-10-02T01:01:04.695736+02:00
295967902,de:11000:900193002:1:51,-0.6,2026-10-02T01:01:04.695736+02:00
295967902,de:11000:900193001:2:51,-0.3,2026-10-02T01:01:04.695736+02:00
295967902,de:11000:900192001:3:55,-0.2,2026-10-02T01:01:04.695736+02:00
295967902,de:11000:900191001:1:50,0.0,2026-10-02T01:01:04.695736+02:00
295967902,de:11000:900191002:1:51,-0.7,2026-10-02T01:01:04.695736+02:00
295967902,de:11000:900190001:2:53,-0.4,2026-10-02T01:01:04.695736+02:00
295967902,de:11000:900120004:2:52,-0.9,2026-10-02T01:01:04.695736+02:00
295967902,de:11000:900120005:5:57,-0.1,2026-10-02T01:01:04.695736+02:00
295967902,de:11000:900100004:1:51,-0.4,2026-10-02T01:01:04.695736+02:00
295967902,de:11000:900100003:2:53,-0.4,2026-10-02T01:01:04.695736+02:00
295967902,de:11000:900100002:1:51,-0.4,2026-10-02T01:01:04.695736+02:00
295967902,de:11000:900100001:3:55,-0.4,2026-10-02T01:01:04.695736+02:00
295967902,de:11000:900003201:3:55,-0.1,2026-10-02T01:01:04.695736+02:00
295967902,de:11000:900003102:1:51,-0.8,2026-10-02T01:01:04.695736+02:00
295967902,de:11000:900003103:1:51,-0.9,2026-10-02T01:01:04.695736+02:00
295967902,de:11000:900023201:3:55,-0.8,2026-10-02T01:01:04.695736+02:00
295967902,de:11000:900024203:1:51,-0.8,2026-10-02T01:01:04.695736+02:00
295967902,de:11000:900024101:4:57,-0.8,2026-10-02T01:01:04.695736+02:00
295967902,de:11000:900024102:1:50,-0.1,2026-10-02T01:01:04.695736+02:00
295967902,de:11000:900025423:1:50,-0.4,2026-10-02T01:01:04.695736+02:00
295967902,de:11000:900026105:1:50,-0.7,2026-10-02T01:01:04.695736+02:00
295967902,de:11000:900025321:1:50,-0.3,2026-10-02T01:01:04.695736+02:00
295967902,de:11000:900025424:1:50,-0.3,2026-10-02T01:01:04.695736+02:00
295967902,de:11000:900030202:1:50,-0.9,2026-10-02T01:01:04.695736+02:00
295967902,de:11000:900029101:1:51,-0.9,2026-10-02T01:01:04.695736+02:00
307435162,de:12061:900260005:1:50,0.0,2026-10-02T01:01:04.695736+02:00
307435162,de:11000:900192001:1:51,0.0,2026-10-02T01:01:04.695736+02:00
295967877,de:12061:900260009:3:55,0.0,2026-10-02T01:01:04.695736+02:00
295967877,de:12061:900260080:1:51,-0.7,2026-10-02T01:01:04.695736+02:00
295967877,de:12061:900260005:3:55,0.0,2026-10-02T01:01:04.695736+02:00
295967877,de:11000:900196001:1:51,0.0,2026-10-02T01:01:04.695736+02:00
295967877,de:11000:900195510:1:50,-0.4,2026-10-02T01:01:04.695736+02:00
295967877,de:11000:900193002:1:51,-0.6,2026-10-02T01:01:04.695736+02:00
295967877,de:11000:900193001:2:51,-0.3,2026-10-02T01:01:04.695736+02:00
295967877,de:11000:900192001:3:55,-0.2,2026-10-02T01:01:04.695736+02:00
295967877,de:11000:900191001:1:50,0.0,2026-10-02T01:01:04.695736+02:00
295967877,de:11000:900191002:1:51,-0.7,2026-10-02T01:01:04.695736+02:00
295967877,de:11000:900190001:2:53,-0.4,2026-10-02T01:01:04.695736+02:00
295967877,de:11000:900120004:2:52,-0.9,2026-10-02T01:01:04.695736+02:00
295967877,de:11000:900120005:5:57,-0.1,2026-10-02T01:01:04.695736+02:00
295967877,de:11000:900100004:1:51,-0.4,2026-10-02T01:01:04.695736+02:00
295967877,de:11000:900100003:2:53,-0.4,2026-10-02T01:01:04.695736+02:00
295967877,de:11000:900100002:1:51,-0.4,2026-10-02T01:01:04.695736+02:00
295967877,de:11000:900100001:3:55,-0.4,2026-10-02T01:01:04.695736+02:00
295967877,de:11000:900003201:3:55,-0.1,2026-10-02T01:01:04.695736+02:00
295967877,de:11000:900003102:1:51,-0.8,2026-10-02T01:01:04.695736+02:00
295967877,de:11000:900003103:1:51,-0.9,2026-10-02T01:01:04.695736+02:00
295967877,de:11000:900023201:3:55,-0.8,2026-10-02T01:01:04.695736+02:00
295967877,de:11000:900024203:1:51,-0.8,2026-10-02T01:01:04.695736+02:00
295967877,de:11000:900024101:4:57,-0.8,2026-10-02T01:01:04.695736+02:00
295967877,de:11000:900024102:1:50,-0.1,2026-10-02T01:01:04.695736+02:00
295967877,de:11000:900025423:1:50,-0.4,2026-10-02T01:01:04.695736+02:00
295967877,de:11000:900026105:1:50,-0.7,2026-10-02T01:01:04.695736+02:00
295967877,de:11000:900025321:1:50,-0.3,2026-10-02T01:01:04.695736+02:00
295967877,de:11000:900025424:1:50,-0.3,2026-10-02T01:01:04.695736+02:00
295967877,de:11000:900030202:1:50,-0.9,2026-10-02T01:01:04.695736+02:00
295967877,de:11000:900029101:1:51,-0.9,2026-10-02T01:01:04.695736+02:00
306895696,de:12067:900310807::1,0.0,2026-10-02T01:01:04.695736+02:00
306895696,de:12067:900310815::2,0.0,2026-10-02T01:01:04.695736+02:00
306895696,de:12067:900310880::2,0.0,2026-10-02T01:01:04.695736+02:00
306895696,de:12067:900310010::2,0.0,2026-10-02T01:01:04.695736+02:00
306895696,de:12067:900310770::2,0.0,2026-10-02T01:01:04.695736+02:00
306895696,de:12067:900310812::2,0.0,2026-10-02T01:01:04.695736+02:00
306895696,de:12067:900310630::2,0.0,2026-10-02T01:01:04.695736+02:00
306895696,de:12067:900310811::2,0.0,2026-10-02T01:01:04.695736+02:00
306895696,de:12067:900310771::2,0.0,2026-10-02T01:01:04.695736+02:00
306895696,de:12067:900310822::2,0.0,2026-10-02T01:01:04.695736+02:00
306895696,de:12067:900310781::2,0.0,2026-10-02T01:01:04.695736+02:00
306895696,de:12067:900310627::2,-0.5,2026-10-02T01:01:04.695736+02:00
306895696,de:12067:900310816::2,0.0,2026-10-02T01:01:04.695736+02:00
306895696,de:12067:900310022::1,0.0,2026-10-02T01:01:04.695736+02:00
306895696,de:12067:900310001::11,0.0,2026-10-02T01:01:04.695736+02:00
306895696,de:12067:900310001::1,0.0,2026-10-02T01:01:04.695736+02:00
306895696,de:12067:900311149::1,0.0,2026-10-02T01:01:04.695736+02:00
306895696,de:12067:900311135::1,0.0,2026-10-02T01:01:04.695736+02:00
306895696,de:12067:900311150::1,0.0,2026-10-02T01:01:04.695736+02:00
306895696,de:12067:900310804::1,0.0,2026-10-02T01:01:04.695736+02:00
306895696,de:12067:900310814::1,0.0,2026-10-02T01:01:04.695736+02:00
306895696,de:12067:900311083::3,0.0,2026-10-02T01:01:04.695736+02:00
306049969,de:12064:900320005::1,0.0,2026-10-02T01:01:04.695736+02:00
306049969,de:12064:900320610::1,0.0,2026-10-02T01:01:04.695736+02:00
306049969,de:12064:900320643::1,0.0,2026-10-02T01:01:04.695736+02:00
306049969,de:12064:900320645::1,0.0,2026-10-02T01:01:04.695736+02:00
306049969,de:12064:900320647::1,0.0,2026-10-02T01:01:04.695736+02:00
306049969,de:12064:900320642::1,0.0,2026-10-02T01:01:04.695736+02:00
306049969,de:12064:900320685::1,0.0,2026-10-02T01:01:04.695736+02:00
306049969,de:12064:900320638::1,0.0,2026-10-02T01:01:04.695736+02:00
306049969,de:12064:900320639::1,0.0,2026-10-02T01:01:04.695736+02:00
306049969,de:12064:900320006::1,0.0,2026-10-02T01:01:04.695736+02:00
306049969,de:12064:900320675::1,0.0,2026-10-02T01:01:04.695736+02:00
306049969,de:12064:900320674::1,0.0,2026-10-02T01:01:04.695736+02:00
306049969,de:12064:900320672::1,0.0,2026-10-02T01:01:04.695736+02:00
306049969,de:12064:900320673::1,0.0,2026-10-02T01:01:04.695736+02:00
306049969,de:12064:900320679::1,0.0,2026-10-02T01:01:04.695736+02:00
306049969,de:12064:900320133::1,0.0,2026-10-02T01:01:04.695736+02:00
306049969,de:12064:900320134::1,0.0,2026-10-02T01:01:04.695736+02:00
306049969,de:12064:900320007::2,0.0,2026-10-02T01:01:04.695736+02:00
306051953,de:12064:900320004::3,0.0,2026-10-02T01:01:04.695736+02:00
306051953,de:12064:900320567::2,0.0,2026-10-02T01:01:04.695736+02:00
306051953,de:12064:900320550::2,0.0,2026-10-02T01:01:04.695736+02:00
306051953,de:12064:900320025::2,0.0,2026-10-02T01:01:04.695736+02:00
306051953,de:12064:900320552::1,0.0,2026-10-02T01:01:04.695736+02:00
306051953,de:12064:900320860::1,0.0,2026-10-02T01:01:04.695736+02:00
306051953,de:12064:900320870::1,0.0,2026-10-02T01:01:04.695736+02:00
306051953,de:12064:900320880::1,0.0,2026-10-02T01:01:04.695736+02:00
306051953,de:12064:900320858::1,0.0,2026-10-02T01:01:04.695736+02:00
306051953,de:12064:900320832::3,0.0,2026-10-02T01:01:04.695736+02:00
306051953,de:12064:900320843::1,0.0,2026-10-02T01:01:04.695736+02:00
306051953,de:12064:900320850::2,0.0,2026-10-02T01:01:04.695736+02:00
306051953,de:12064:900320803::1,0.0,2026-10-02T01:01:04.695736+02:00
306051953,de:12064:900320227::1,0.0,2026-10-02T01:01:04.695736+02:00
306051953,de:12064:900320214::1,0.0,2026-10-02T01:01:04.695736+02:00
306051953,de:12064:900320211::1,0.0,2026-10-02T01:01:04.695736+02:00
306051953,de:12064:900320228::1,0.0,2026-10-02T01:01:04.695736+02:00
306051953,de:12064:900320226::1,0.0,2026-10-02T01:01:04.695736+02:00
306051953,de:12064:900320225::2,0.0,2026-10-02T01:01:04.695736+02:00
306051953,de:12064:900320218::2,0.0,2026-10-02T01:01:04.695736+02:00
306051953,de:12064:900321492::2,0.0,2026-10-02T01:01:04.695736+02:00
306051953,de:12064:900321491::2,0.0,2026-10-02T01:01:04.695736+02:00
306051953,de:12064:900321490::2,0.0,2026-10-02T01:01:04.695736+02:00
306051953,de:12064:900321833::2,0.0,2026-10-02T01:01:04.695736+02:00
306051953,de:12064:900321381::1,0.0,2026-10-02T01:01:04.695736+02:00
306051953,de:12064:900321382::2,0.0,2026-10-02T01:01:04.695736+02:00
306051953,de:12064:900320865::2,0.0,2026-10-02T01:01:04.695736+02:00
306051953,de:12064:900321380::2,0.0,2026-10-02T01:01:04.695736+02:00
306051953,de:12064:900321751::2,0.0,2026-10-02T01:01:04.695736+02:00
306051953,de:12064:900321742::5,0.0,2026-10-02T01:01:04.695736+02:00
306895749,de:12067:900310805::1,0.0,2026-10-02T01:01:04.695736+02:00
306895749,de:12067:900310825::1,0.0,2026-10-02T01:01:04.695736+02:00
306895749,de:12067:900310835::2,0.0,2026-10-02T01:01:04.695736+02:00
306895749,de:12067:900310001::9,0.0,2026-10-02T01:01:04.695736+02:00
306895749,de:12067:900311149::2,0.0,2026-10-02T01:01:04.695736+02:00
306895749,de:12067:900310001::11,0.0,2026-10-02T01:01:04.695736+02:00
306895749,de:12067:900310001::2,0.0,2026-10-02T01:01:04.695736+02:00
306895749,de:12067:900310816::1,0.0,2026-10-02T01:01:04.695736+02:00
306895749,de:12067:900310627::1,0.0,2026-10-02T01:01:04.695736+02:00
306895749,de:12067:900310781::1,0.0,2026-10-02T01:01:04.695736+02:00
306895749,de:12067:900310822::1,0.0,2026-10-02T01:01:04.695736+02:00
306895749,de:12067:900310771::1,0.0,2026-10-02T01:01:04.695736+02:00
306895749,de:12067:900310800::1,0.0,2026-10-02T01:01:04.695736+02:00
306895749,de:12067:900310879::1,0.0,2026-10-02T01:01:04.695736+02:00
306895749,de:12067:900310010::4,0.0,2026-10-02T01:01:04.695736+02:00
306895749,de:12067:900310880::1,0.0,2026-10-02T01:01:04.695736+02:00
306895749,de:12067:900310815::1,0.0,2026-10-02T01:01:04.695736+02:00
306895749,de:12067:900310807::1,0.0,2026-10-02T01:01:04.695736+02:00
306895917,de:12067:900310001::5,0.0,2026-10-02T01:01:04.695736+02:00
306895917,de:12067:900311149::1,0.0,2026-10-02T01:01:04.695736+02:00
306895917,de:12067:900310781::1,0.0,2026-10-02T01:01:04.695736+02:00
306895917,de:12067:900310822::1,0.0,2026-10-02T01:01:04.695736+02:00
306895917,de:12067:900310808::1,0.0,2026-10-02T01:01:04.695736+02:00
306895917,de:12067:900310777::1,0.0,2026-10-02T01:01:04.695736+02:00
306895917,de:12067:900310796::1,0.0,2026-10-02T01:01:04.695736+02:00
306895917,de:12067:900310780::1,0.0,2026-10-02T01:01:04.695736+02:00
306895917,de:12067:900310875::1,0.0,2026-10-02T01:01:04.695736+02:00
306895917,de:12067:900310837::1,0.0,2026-10-02T01:01:04.695736+02:00
306895917,de:12067:900310817::1,0.0,2026-10-02T01:01:04.695736+02:00
306895917,de:12067:900311145::1,0.0,2026-10-02T01:01:04.695736+02:00
295879298,de:12065:900200005:3:1,0.0,2026-10-02T01:01:04.695736+02:00
295879298,de:12065:900200006:1:51,-0.3,2026-10-02T01:01:04.695736+02:00
295879298,de:12065:900200007:1:51,-0.7,2026-10-02T01:01:04.695736+02:00
295879298,de:12065:900200008:1:51,-0.2,2026-10-02T01:01:04.695736+02:00
295879298,de:12065:900200009:1:51,-0.1,2026-10-02T01:01:04.695736+02:00
295879298,de:11000:900092201:1:51,-0.7,2026-10-02T01:01:04.695736+02:00
295879298,de:11000:900093201:1:51,-0.4,2026-10-02T01:01:04.695736+02:00
295879298,de:11000:900094101:1:51,-0.8,2026-10-02T01:01:04.695736+02:00
295879298,de:11000:900096101:1:51,-0.1,2026-10-02T01:01:04.695736+02:00
295879298,de:11000:900084101:1:51,-0.2,2026-10-02T01:01:04.695736+02:00
295879298,de:11000:900085201:1:51,-0.8,2026-10-02T01:01:04.695736+02:00
295879298,de:11000:900130003:1:51,-0.8,2026-10-02T01:01:04.695736+02:00
295879298,de:11000:900110011:1:50,-0.9,2026-10-02T01:01:04.695736+02:00
295879298,de:11000:900007102:1:50,-0.9,2026-10-02T01:01:04.695736+02:00
295879298,de:11000:900008101:1:50,0.0,2026-10-02T01:01:04.695736+02:00
295879298,de:11000:900007104:1:51,-0.7,2026-10-02T01:01:04.695736+02:00
295879298,de:11000:900100007:1:50,-0.7,2026-10-02T01:01:04.695736+02:00
295879298,de:11000:900100001:4:56,-0.5,2026-10-02T01:01:04.695736+02:00
295879298,de:11000:900100025:1:50,-0.4,2026-10-02T01:01:04.695736+02:00
295879298,de:11000:900100020:3:54,-0.4,2026-10-02T01:01:04.695736+02:00
295879298,de:11000:900012101:1:51,-0.5,2026-10-02T01:01:04.695736+02:00
295879298,de:11000:900057102:1:50,-0.7,2026-10-02T01:01:04.695736+02:00
295879298,de:11000:900057104:2:51,-0.4,2026-10-02T01:01:04.695736+02:00
295879298,de:11000:900054104:1:50,-0.3,2026-10-02T01:01:04.695736+02:00
295879298,de:11000:900060101:1:50,-0.3,2026-10-02T01:01:04.695736+02:00
295879298,de:11000:900063101:1:50,-0.1,2026-10-02T01:01:04.695736+02:00
295879298,de:11000:900062202:1:50,-0.1,2026-10-02T01:01:04.695736+02:00
295879298,de:11000:900066102:1:50,-0.2,2026-10-02T01:01:04.695736+02:00
295879298,de:11000:900066101:1:50,-0.1,2026-10-02T01:01:04.695736+02:00
295879298,de:11000:900049202:1:50,-0.3,2026-10-02T01:01:04.695736+02:00
295879298,de:11000:900049201:1:50,-0.4,2026-10-02T01:01:04.695736+02:00
295879298,de:11000:900050301:1:50,0.0,2026-10-02T01:01:04.695736+02:00
295879298,de:11000:900050355:1:50,-0.1,2026-10-02T01:01:04.695736+02:00
295879298,de:11000:900052201:1:50,-0.5,2026-10-02T01:01:04.695736+02:00
295879298,de:11000:900053301:1:51,-0.9,2026-10-02T01:01:04.695736+02:00
306895951,de:12064:900320250::1,0.0,2026-10-02T01:01:04.695736+02:00
306895951,de:12064:900320267::2,0.0,2026-10-02T01:01:04.695736+02:00
306895951,de:12067:900310017::2,0.0,2026-10-02T01:01:04.695736+02:00
306895951,de:12067:900310509::1,0.0,2026-10-02T01:01:04.695736+02:00
306895951,de:12067:900310508::1,0.0,2026-10-02T01:01:04.695736+02:00
306895951,de:12067:900310580::1,0.0,2026-10-02T01:01:04.695736+02:00
306895951,de:12067:900311095::1,0.0,2026-10-02T01:01:04.695736+02:00
306895951,de:12067:900311097::1,0.0,2026-10-02T01:01:04.695736+02:00
306895951,de:12067:900311096::2,0.0,2026-10-02T01:01:04.695736+02:00
306895951,de:12067:900311096::1,0.0,2026-10-02T01:01:04.695736+02:00
306895951,de:12067:900311097::2,0.0,2026-10-02T01:01:04.695736+02:00
306895951,de:12067:900311095::2,0.0,2026-10-02T01:01:04.695736+02:00
306895951,de:12067:900310580::2,0.0,2026-10-02T01:01:04.695736+02:00
306895951,de:12067:900310578::4,0.0,2026-10-02T01:01:04.695736+02:00
306895951,de:12067:900310534::2,0.0,2026-10-02T01:01:04.695736+02:00
306895951,de:11000:900310550::2,0.0,2026-10-02T01:01:04.695736+02:00
306895951,de:12067:900310572::2,0.0,2026-10-02T01:01:04.695736+02:00
306895951,de:12067:900310013::2,0.0,2026-10-02T01:01:04.695736+02:00
306895951,de:12067:900310563::3,0.0,2026-10-02T01:01:04.695736+02:00
306895951,de:12067:900310560::1,0.0,2026-10-02T01:01:04.695736+02:00
306895951,de:12067:900310573::1,0.0,2026-10-02T01:01:04.695736+02:00
306895951,de:12067:900310581::1,0.0,2026-10-02T01:01:04.695736+02:00
306895951,de:12067:900310567::1,0.0,2026-10-02T01:01:04.695736+02:00
306895951,de:12067:900310561::1,0.0,2026-10-02T01:01:04.695736+02:00
306895951,de:12067:900310565::1,0.0,2026-10-02T01:01:04.695736+02:00
306896081,de:12067:900310013::2,0.0,2026-10-02T01:01:04.695736+02:00
306896081,de:12067:900310572::1,0.0,2026-10-02T01:01:04.695736+02:00
306896081,de:11000:900310550::1,0.0,2026-10-02T01:01:04.695736+02:00
306896081,de:12067:900310534::1,0.0,2026-10-02T01:01:04.695736+02:00
306896081,de:12067:900310580::1,0.0,2026-10-02T01:01:04.695736+02:00
306896081,de:12067:900311095::1,0.0,2026-10-02T01:01:04.695736+02:00
306896081,de:12067:900311097::1,0.0,2026-10-02T01:01:04.695736+02:00
306896081,de:12067:900311096::2,0.0,2026-10-02T01:01:04.695736+02:00
306896081,de:12067:900310021::2,0.0,2026-10-02T01:01:04.695736+02:00
306896112,de:12067:900310013::4,0.0,2026-10-02T01:01:04.695736+02:00
306896112,de:12067:900310557::3,0.0,2026-10-02T01:01:04.695736+02:00
306896112,de:12067:900310555::1,0.0,2026-10-02T01:01:04.695736+02:00
306896112,de:12067:900311114::1,0.0,2026-10-02T01:01:04.695736+02:00
306896112,de:12067:900310031::2,0.0,2026-10-02T01:01:04.695736+02:00
306896182,de:12067:900310013::3,0.0,2026-10-02T01:01:04.695736+02:00
306896182,de:12067:900310563::3,0.0,2026-10-02T01:01:04.695736+02:00
306896182,de:12067:900310559::1,0.0,2026-10-02T01:01:04.695736+02:00
306896182,de:12067:900310558::1,0.0,2026-10-02T01:01:04.695736+02:00
306896182,de:12067:900310556::1,0.0,2026-10-02T01:01:04.695736+02:00
306896182,de:12067:900310621::1,0.0,2026-10-02T01:01:04.695736+02:00
306896182,de:12067:900310568::1,0.0,2026-10-02T01:01:04.695736+02:00
306896182,de:12067:900310955::1,0.0,2026-10-02T01:01:04.695736+02:00
306896182,de:12067:900310949::1,0.0,2026-10-02T01:01:04.695736+02:00
306896182,de:12067:900310952::1,0.0,2026-10-02T01:01:04.695736+02:00
306896182,de:12067:900310025::1,0.0,2026-10-02T01:01:04.695736+02:00
306896182,de:12067:900310015::1,0.0,2026-10-02T01:01:04.695736+02:00
306896182,de:12067:900310836::1,0.0,2026-10-02T01:01:04.695736+02:00
306896182,de:12067:900310838::1,0.0,2026-10-02T01:01:04.695736+02:00
306896254,de:12061:900260001::6,0.0,2026-10-02T01:01:04.695736+02:00
306896254,de:12061:900260798::1,0.0,2026-10-02T01:01:04.695736+02:00
306896254,de:12061:900260890::1,0.0,2026-10-02T01:01:04.695736+02:00
306896254,de:12061:900260887::1,0.0,2026-10-02T01:01:04.695736+02:00
306896254,de:12061:900260886::1,0.0,2026-10-02T01:01:04.695736+02:00
306896254,de:12061:900260888::1,0.0,2026-10-02T01:01:04.695736+02:00
306896254,de:12061:900260889::1,0.0,2026-10-02T01:01:04.695736+02:00
306896254,de:12061:900261047::1,0.0,2026-10-02T01:01:04.695736+02:00
306896254,de:12061:900261048::1,0.0,2026-10-02T01:01:04.695736+02:00
306896254,de:12061:900261051::1,0.0,2026-10-02T01:01:04.695736+02:00
306896254,de:12061:900261050::2,0.0,2026-10-02T01:01:04.695736+02:00
306896254,de:12061:900260170::1,0.0,2026-10-02T01:01:04.695736+02:00
306896254,de:12061:900260167::1,0.0,2026-10-02T01:01:04.695736+02:00
306896254,de:12061:900260168::1,0.0,2026-10-02T01:01:04.695736+02:00
306896254,de:12061:900260171::1,0.0,2026-10-02T01:01:04.695736+02:00
306896254,de:12061:900260166::1,0.0,2026-10-02T01:01:04.695736+02:00
306896254,de:12061:900260169::4,0.0,2026-10-02T01:01:04.695736+02:00
306896254,de:12061:900260165::1,0.0,2026-10-02T01:01:04.695736+02:00
306896254,de:12067:900310950::2,0.0,2026-10-02T01:01:04.695736+02:00
306896254,de:12067:900310955::2,0.0,2026-10-02T01:01:04.695736+02:00
306896254,de:12067:900310568::2,0.0,2026-10-02T01:01:04.695736+02:00
306896254,de:12067:900310556::2,0.0,2026-10-02T01:01:04.695736+02:00
306896254,de:12067:900310558::4,0.0,2026-10-02T01:01:04.695736+02:00
306896254,de:12067:900310559::2,0.0,2026-10-02T01:01:04.695736+02:00
306896254,de:12067:900310563::4,0.0,2026-10-02T01:01:04.695736+02:00
306896254,de:12067:900310013::7,0.0,2026-10-02T01:01:04.695736+02:00
306896361,de:12067:900311129::4,0.0,2026-10-02T01:01:04.695736+02:00
306896361,de:12067:900310755::2,0.0,2026-10-02T01:01:04.695736+02:00
306896361,de:12067:900310728::3,0.0,2026-10-02T01:01:04.695736+02:00
306896361,de:12067:900310727::3,0.0,2026-10-02T01:01:04.695736+02:00
306896361,de:12067:900310942::1,0.0,2026-10-02T01:01:04.695736+02:00
306896361,de:12067:900310716::1,0.0,2026-10-02T01:01:04.695736+02:00
306896361,de:12067:900310740::1,0.0,2026-10-02T01:01:04.695736+02:00
306896361,de:12067:900310739::2,0.0,2026-10-02T01:01:04.695736+02:00
306896361,de:12067:900310747::2,0.0,2026-10-02T01:01:04.695736+02:00
306896361,de:12067:900310924::2,0.0,2026-10-02T01:01:04.695736+02:00
306896361,de:12067:900310925::1,0.0,2026-10-02T01:01:04.695736+02:00
306896361,de:12067:900310600::2,0.0,2026-10-02T01:01:04.695736+02:00
306896361,de:12067:900310829::1,0.0,2026-10-02T01:01:04.695736+02:00
306896361,de:12067:900310827::2,0.0,2026-10-02T01:01:04.695736+02:00
306896361,de:12067:900310982::1,0.0,2026-10-02T01:01:04.695736+02:00
306896361,de:12067:900310757::2,0.0,2026-10-02T01:01:04.695736+02:00
306896361,de:12067:900310756::2,0.0,2026-10-02T01:01:04.695736+02:00
306896361,de:12067:900310118::2,0.0,2026-10-02T01:01:04.695736+02:00
306896361,de:12067:900310100::2,0.0,2026-10-02T01:01:04.695736+02:00
306896361,de:12067:900310108::2,0.0,2026-10-02T01:01:04.695736+02:00
306896361,de:12067:900310111::2,0.0,2026-10-02T01:01:04.695736+02:00
306896361,de:12067:900310101::2,0.0,2026-10-02T01:01:04.695736+02:00
306896361,de:12067:900310112::2,0.0,2026-10-02T01:01:04.695736+02:00
306896361,de:12067:900310109::1,0.0,2026-10-02T01:01:04.695736+02:00
306896361,de:12067:900310040::2,0.0,2026-10-02T01:01:04.695736+02:00
306896361,de:12067:900310105::2,0.0,2026-10-02T01:01:04.695736+02:00
306896361,de:12067:900310970::2,0.0,2026-10-02T01:01:04.695736+02:00
306896361,de:12067:900310972::2,0.0,2026-10-02T01:01:04.695736+02:00
306896361,de:12067:900310810::1,0.0,2026-10-02T01:01:04.695736+02:00
306896361,de:12067:900310769::2,0.0,2026-10-02T01:01:04.695736+02:00
306896361,de:12067:900310695::3,0.0,2026-10-02T01:01:04.695736+02:00
306896361,de:12067:900310812::2,0.0,2026-10-02T01:01:04.695736+02:00
306896361,de:12067:900310630::2,0.0,2026-10-02T01:01:04.695736+02:00
306896361,de:12067:900310811::2,0.0,2026-10-02T01:01:04.695736+02:00
306896361,de:12067:900310771::2,0.0,2026-10-02T01:01:04.695736+02:00
306896361,de:12067:900310822::2,0.0,2026-10-02T01:01:04.695736+02:00
306896361,de:12067:900310781::2,0.0,2026-10-02T01:01:04.695736+02:00
306896361,de:12067:900310627::2,-0.5,2026-10-02T01:01:04.695736+02:00
306896361,de:12067:900310816::2,0.0,2026-10-02T01:01:04.695736+02:00
306896361,de:12067:900310022::1,0.0,2026-10-02T01:01:04.695736+02:00
306896361,de:12067:900310001::11,0.0,2026-10-02T01:01:04.695736+02:00
306896399,de:12067:900310001::3,0.0,2026-10-02T01:01:04.695736+02:00
306896399,de:12067:900310816::1,0.0,2026-10-02T01:01:04.695736+02:00
306896399,de:12067:900310627::1,0.0,2026-10-02T01:01:04.695736+02:00
306896399,de:12067:900310781::1,0.0,2026-10-02T01:01:04.695736+02:00
306896399,de:12067:900310822::1,0.0,2026-10-02T01:01:04.695736+02:00
306896399,de:12067:900310771::1,0.0,2026-10-02T01:01:04.695736+02:00
306896399,de:12067:900310811::1,0.0,2026-10-02T01:01:04.695736+02:00
306896399,de:12067:900310630::1,0.0,2026-10-02T01:01:04.695736+02:00
306896399,de:12067:900310812::1,0.0,2026-10-02T01:01:04.695736+02:00
306896399,de:12067:900310695::2,0.0,2026-10-02T01:01:04.695736+02:00
306896399,de:12067:900310769::1,0.0,2026-10-02T01:01:04.695736+02:00
306896399,de:12067:900310810::2,0.0,2026-10-02T01:01:04.695736+02:00
306896399,de:12067:900310972::1,0.0,2026-10-02T01:01:04.695736+02:00
306896399,de:12067:900310970::1,0.0,2026-10-02T01:01:04.695736+02:00
306896399,de:12067:900310105::1,0.0,2026-10-02T01:01:04.695736+02:00
306896399,de:12067:900310040::1,0.0,2026-10-02T01:01:04.695736+02:00
306896399,de:12067:900310109::1,0.0,2026-10-02T01:01:04.695736+02:00
306896399,de:12067:900310112::1,0.0,2026-10-02T01:01:04.695736+02:00
306896399,de:12067:900310101::1,0.0,2026-10-02T01:01:04.695736+02:00
306896399,de:12067:900310111::1,0.0,2026-10-02T01:01:04.695736+02:00
306896399,de:12067:900310108::1,0.0,2026-10-02T01:01:04.695736+02:00
306896399,de:12067:900310100::1,0.0,2026-10-02T01:01:04.695736+02:00
306896399,de:12067:900310118::1,0.0,2026-10-02T01:01:04.695736+02:00
306896399,de:12067:900310756::1,0.0,2026-10-02T01:01:04.695736+02:00
306896399,de:12067:900310757::1,0.0,2026-10-02T01:01:04.695736+02:00
306896399,de:12067:900310982::1,0.0,2026-10-02T01:01:04.695736+02:00
306896399,de:12067:900310827::1,0.0,2026-10-02T01:01:04.695736+02:00
306896399,de:12067:900310829::1,0.0,2026-10-02T01:01:04.695736+02:00
306896399,de:12067:900310600::1,0.0,2026-10-02T01:01:04.695736+02:00
306896399,de:12067:900310925::1,0.0,2026-10-02T01:01:04.695736+02:00
306896399,de:12067:900310924::1,0.0,2026-10-02T01:01:04.695736+02:00
306896399,de:12067:900310747::1,0.0,2026-10-02T01:01:04.695736+02:00
306896399,de:12067:900310739::1,0.0,2026-10-02T01:01:04.695736+02:00
306896399,de:12067:900310740::1,0.0,2026-10-02T01:01:04.695736+02:00
306896399,de:12067:900310716::2,0.0,2026-10-02T01:01:04.695736+02:00
306896399,de:12067:900310942::2,0.0,2026-10-02T01:01:04.695736+02:00
306896399,de:12067:900310721::1,0.0,2026-10-02T01:01:04.695736+02:00
306896399,de:12067:900310755::2,0.0,2026-10-02T01:01:04.695736+02:00
306896399,de:12067:900310728::3,0.0,2026-10-02T01:01:04.695736+02:00
306896399,de:12067:900311129::6,0.0,2026-10-02T01:01:04.695736+02:00
306896400,de:12067:900310001::3,0.0,2026-10-02T01:01:04.695736+02:00
306896400,de:12067:900310816::1,0.0,2026-10-02T01:01:04.695736+02:00
306896400,de:12067:900310627::1,0.0,2026-10-02T01:01:04.695736+02:00
306896400,de:12067:900310781::1,0.0,2026-10-02T01:01:04.695736+02:00
306896400,de:12067:900310822::1,0.0,2026-10-02T01:01:04.695736+02:00
306896400,de:12067:900310771::1,0.0,2026-10-02T01:01:04.695736+02:00
306896400,de:12067:900310811::1,0.0,2026-10-02T01:01:04.695736+02:00
306896400,de:12067:900310630::1,0.0,2026-10-02T01:01:04.695736+02:00
306896400,de:12067:900310812::1,0.0,2026-10-02T01:01:04.695736+02:00
306896400,de:12067:900310695::2,0.0,2026-10-02T01:01:04.695736+02:00
306896400,de:12067:900310769::1,0.0,2026-10-02T01:01:04.695736+02:00
306896400,de:12067:900310810::2,0.0,2026-10-02T01:01:04.695736+02:00
306896400,de:12067:900310972::1,0.0,2026-10-02T01:01:04.695736+02:00
306896400,de:12067:900310970::1,0.0,2026-10-02T01:01:04.695736+02:00
306896400,de:12067:900310105::1,0.0,2026-10-02T01:01:04.695736+02:00
306896400,de:12067:900310040::1,0.0,2026-10-02T01:01:04.695736+02:00
306896400,de:12067:900310109::1,0.0,2026-10-02T01:01:04.695736+02:00
306896400,de:12067:900310112::1,0.0,2026-10-02T01:01:04.695736+02:00
306896400,de:12067:900310101::1,0.0,2026-10-02T01:01:04.695736+02:00
306896400,de:12067:900310111::1,0.0,2026-10-02T01:01:04.695736+02:00
306896400,de:12067:900310108::1,0.0,2026-10-02T01:01:04.695736+02:00
306896400,de:12067:900310100::1,0.0,2026-10-02T01:01:04.695736+02:00
306896400,de:12067:900310118::1,0.0,2026-10-02T01:01:04.695736+02:00
306896400,de:12067:900310756::1,0.0,2026-10-02T01:01:04.695736+02:00
306896400,de:12067:900310757::1,0.0,2026-10-02T01:01:04.695736+02:00
306896400,de:12067:900310982::1,0.0,2026-10-02T01:01:04.695736+02:00
306896400,de:12067:900310827::1,0.0,2026-10-02T01:01:04.695736+02:00
306896400,de:12067:900310829::1,0.0,2026-10-02T01:01:04.695736+02:00
306896400,de:12067:900310600::1,0.0,2026-10-02T01:01:04.695736+02:00
306896400,de:12067:900310925::1,0.0,2026-10-02T01:01:04.695736+02:00
306896400,de:12067:900310924::1,0.0,2026-10-02T01:01:04.695736+02:00
306896400,de:12067:900310747::1,0.0,2026-10-02T01:01:04.695736+02:00
306896400,de:12067:900310739::1,0.0,2026-10-02T01:01:04.695736+02:00
306896400,de:12067:900310740::1,0.0,2026-10-02T01:01:04.695736+02:00
306896400,de:12067:900310716::2,0.0,2026-10-02T01:01:04.695736+02:00
306896400,de:12067:900310942::2,0.0,2026-10-02T01:01:04.695736+02:00
306896400,de:12067:900310721::1,0.0,2026-10-02T01:01:04.695736+02:00
306896400,de:12067:900310755::2,0.0,2026-10-02T01:01:04.695736+02:00
306896400,de:12067:900310728::3,0.0,2026-10-02T01:01:04.695736+02:00
306896400,de:12067:900311129::6,0.0,2026-10-02T01:01:04.695736+02:00
306896401,de:12067:900310001::3,0.0,2026-10-02T01:01:04.695736+02:00
306896401,de:12067:900310816::1,0.0,2026-10-02T01:01:04.695736+02:00
306896401,de:12067:900310627::1,0.0,2026-10-02T01:01:04.695736+02:00
306896401,de:12067:900310781::1,0.0,2026-10-02T01:01:04.695736+02:00
306896401,de:12067:900310822::1,0.0,2026-10-02T01:01:04.695736+02:00
306896401,de:12067:900310771::1,0.0,2026-10-02T01:01:04.695736+02:00
306896401,de:12067:900310811::1,0.0,2026-10-02T01:01:04.695736+02:00
306896401,de:12067:900310630::1,0.0,2026-10-02T01:01:04.695736+02:00
306896401,de:12067:900310812::1,0.0,2026-10-02T01:01:04.695736+02:00
306896401,de:12067:900310695::2,0.0,2026-10-02T01:01:04.695736+02:00
306896401,de:12067:900310769::1,0.0,2026-10-02T01:01:04.695736+02:00
306896401,de:12067:900310810::2,0.0,2026-10-02T01:01:04.695736+02:00
306896401,de:12067:900310972::1,0.0,2026-10-02T01:01:04.695736+02:00
306896401,de:12067:900310970::1,0.0,2026-10-02T01:01:04.695736+02:00
306896401,de:12067:900310105::1,0.0,2026-10-02T01:01:04.695736+02:00
306896401,de:12067:900310040::1,0.0,2026-10-02T01:01:04.695736+02:00
306896401,de:12067:900310109::1,0.0,2026-10-02T01:01:04.695736+02:00
306896401,de:12067:900310112::1,0.0,2026-10-02T01:01:04.695736+02:00
306896401,de:12067:900310101::1,0.0,2026-10-02T01:01:04.695736+02:00
306896401,de:12067:900310111::1,0.0,2026-10-02T01:01:04.695736+02:00
306896401,de:12067:900310108::1,0.0,2026-10-02T01:01:04.695736+02:00
306896401,de:12067:900310100::1,0.0,2026-10-02T01:01:04.695736+02:00
306896401,de:12067:900310118::1,0.0,2026-10-02T01:01:04.695736+02:00
306896401,de:12067:900310756::1,0.0,2026-10-02T01:01:04.695736+02:00
306896401,de:12067:900310757::1,0.0,2026-10-02T01:01:04.695736+02:00
306896401,de:12067:900310982::1,0.0,2026-10-02T01:01:04.695736+02:00
306896401,de:12067:900310827::1,0.0,2026-10-02T01:01:04.695736+02:00
306896401,de:12067:900310829::1,0.0,2026-10-02T01:01:04.695736+02:00
306896401,de:12067:900310600::1,0.0,2026-10-02T01:01:04.695736+02:00
306896401,de:12067:900310925::1,0.0,2026-10-02T01:01:04.695736+02:00
306896401,de:12067:900310924::1,0.0,2026-10-02T01:01:04.695736+02:00
306896401,de:12067:900310747::1,0.0,2026-10-02T01:01:04.695736+02:00
306896401,de:12067:900310739::1,0.0,2026-10-02T01:01:04.695736+02:00
306896401,de:12067:900310740::1,0.0,2026-10-02T01:01:04.695736+02:00
306896401,de:12067:900310716::2,0.0,2026-10-02T01:01:04.695736+02:00
306896401,de:12067:900310942::2,0.0,2026-10-02T01:01:04.695736+02:00
306896401,de:12067:900310721::1,0.0,2026-10-02T01:01:04.695736+02:00
306896401,de:12067:900310755::2,0.0,2026-10-02T01:01:04.695736+02:00
306896401,de:12067:900310728::3,0.0,2026-10-02T01:01:04.695736+02:00
306896401,de:12067:900311129::6,0.0,2026-10-02T01:01:04.695736+02:00
295883512,de:11000:900049201:1:51,0.0,2026-10-02T01:01:04.695736+02:00
295883512,de:11000:900049202:1:51,0.0,2026-10-02T01:01:04.695736+02:00
295883512,de:11000:900066101:1:51,-0.3,2026-10-02T01:01:04.695736+02:00
295883512,de:11000:900066102:1:51,-0.2,2026-10-02T01:01:04.695736+02:00
295883512,de:11000:900062202:1:51,-0.2,2026-10-02T01:01:04.695736+02:00
295883512,de:11000:900063101:1:51,-0.2,2026-10-02T01:01:04.695736+02:00
295883512,de:11000:900060101:1:51,-0.9,2026-10-02T01:01:04.695736+02:00
295883512,de:11000:900054104:1:51,-0.9,2026-10-02T01:01:04.695736+02:00
295883512,de:11000:900057104:1:50,-0.4,2026-10-02T01:01:04.695736+02:00
295883512,de:11000:900057102:1:51,-0.1,2026-10-02T01:01:04.695736+02:00
295883512,de:11000:900012101:2:52,-0.8,2026-10-02T01:01:04.695736+02:00
295883512,de:11000:900100020:4:57,-0.9,2026-10-02T01:01:04.695736+02:00
306896506,de:12067:900310001::3,0.0,2026-10-02T01:01:04.695736+02:00
306896506,de:12067:900311149::1,0.0,2026-10-02T01:01:04.695736+02:00
306896506,de:12067:900311135::1,0.0,2026-10-02T01:01:04.695736+02:00
306896506,de:12067:900311150::1,0.0,2026-10-02T01:01:04.695736+02:00
306896506,de:12067:900310804::1,0.0,2026-10-02T01:01:04.695736+02:00
306896506,de:12067:900310628::2,0.0,2026-10-02T01:01:04.695736+02:00
306896506,de:12067:900310793::2,0.0,2026-10-02T01:01:04.695736+02:00
306896506,de:12067:900310774::1,0.0,2026-10-02T01:01:04.695736+02:00
306896506,de:12067:900310792::1,0.0,2026-10-02T01:01:04.695736+02:00
306896506,de:12067:900310825::1,0.0,2026-10-02T01:01:04.695736+02:00
306896506,de:12067:900310813::1,0.0,2026-10-02T01:01:04.695736+02:00
306896506,de:12067:900310803::1,0.0,2026-10-02T01:01:04.695736+02:00
306896506,de:12067:900310802::1,0.0,2026-10-02T01:01:04.695736+02:00
306896506,de:12067:900310712::1,0.0,2026-10-02T01:01:04.695736+02:00
306896506,de:12067:900310713::1,0.0,2026-10-02T01:01:04.695736+02:00
306896506,de:12067:900310877::1,0.0,2026-10-02T01:01:04.695736+02:00
306896506,de:12067:900310713::2,0.0,2026-10-02T01:01:04.695736+02:00
306896506,de:12067:900310711::1,0.0,2026-10-02T01:01:04.695736+02:00
306896506,de:12067:900311015::3,0.0,2026-10-02T01:01:04.695736+02:00
306896506,de:12067:900310831::1,0.0,2026-10-02T01:01:04.695736+02:00
306896506,de:12067:900311015::4,0.0,2026-10-02T01:01:04.695736+02:00
306896506,de:12064:900320277::1,0.0,2026-10-02T01:01:04.695736+02:00
306896506,de:12064:900320279::1,-0.5,2026-10-02T01:01:04.695736+02:00
306896506,de:12064:900320229::1,-0.5,2026-10-02T01:01:04.695736+02:00
306896506,de:12064:900320280::1,0.0,2026-10-02T01:01:04.695736+02:00
306896506,de:12064:900320228::1,0.0,2026-10-02T01:01:04.695736+02:00
307252143,de:11000:900007102:1:51,0.0,2026-10-02T01:01:04.695736+02:00
307252143,de:11000:900009104:1:51,-0.8,2026-10-02T01:01:04.695736+02:00
307252143,de:11000:900003200:5:58,-0.7,2026-10-02T01:01:04.695736+02:00
307252336,de:11000:900003200:5:58,0.0,2026-10-02T01:01:04.695736+02:00
307252336,de:11000:900009104:1:50,-0.8,2026-10-02T01:01:04.695736+02:00
307252336,de:11000:900007102:2:52,-0.4,2026-10-02T01:01:04.695736+02:00
306896679,de:12067:900310001::4,0.0,2026-10-02T01:01:04.695736+02:00
306896679,de:12067:900310816::1,0.0,2026-10-02T01:01:04.695736+02:00
306896679,de:12067:900310627::1,0.0,2026-10-02T01:01:04.695736+02:00
306896679,de:12067:900310781::1,0.0,2026-10-02T01:01:04.695736+02:00
306896679,de:12067:900310822::1,0.0,2026-10-02T01:01:04.695736+02:00
306896679,de:12067:900310808::1,0.0,2026-10-02T01:01:04.695736+02:00
306896679,de:12067:900310779::1,0.0,2026-10-02T01:01:04.695736+02:00
306896679,de:12067:900310995::2,0.0,2026-10-02T01:01:04.695736+02:00
306896679,de:12067:900310992::1,-0.5,2026-10-02T01:01:04.695736+02:00
306896679,de:12067:900310989::1,0.0,2026-10-02T01:01:04.695736+02:00
306896679,de:12067:900310990::1,0.0,2026-10-02T01:01:04.695736+02:00
306896679,de:12067:900310991::1,0.0,2026-10-02T01:01:04.695736+02:00
306896679,de:12067:900310904::1,0.0,2026-10-02T01:01:04.695736+02:00
306896679,de:12067:900311118::1,0.0,2026-10-02T01:01:04.695736+02:00
306896679,de:12067:900310966::1,0.0,2026-10-02T01:01:04.695736+02:00
306896679,de:12067:900310997::1,0.0,2026-10-02T01:01:04.695736+02:00
306896679,de:12067:900310998::1,0.0,2026-10-02T01:01:04.695736+02:00
306896679,de:12067:900310997::2,0.0,2026-10-02T01:01:04.695736+02:00
306896679,de:12067:900310966::2,0.0,2026-10-02T01:01:04.695736+02:00
306896679,de:12067:900311118::2,0.0,2026-10-02T01:01:04.695736+02:00
306896679,de:12067:900311059::1,0.0,2026-10-02T01:01:04.695736+02:00
306896679,de:12067:900311110::3,0.0,2026-10-02T01:01:04.695736+02:00
306896679,de:12067:900311058::1,0.0,2026-10-02T01:01:04.695736+02:00
306896679,de:12067:900310611::2,0.0,2026-10-02T01:01:04.695736+02:00
307252160,de:11000:900007102:1:51,0.0,2026-10-02T01:01:04.695736+02:00
307252160,de:11000:900009104:1:51,-0.8,2026-10-02T01:01:04.695736+02:00
307252160,de:11000:900003200:5:58,-0.7,2026-10-02T01:01:04.695736+02:00
295882522,de:11000:900094101:1:51,0.0,2026-10-02T01:01:04.695736+02:00
295882522,de:11000:900096101:1:51,-0.1,2026-10-02T01:01:04.695736+02:00
295882522,de:11000:900084101:1:51,-0.2,2026-10-02T01:01:04.695736+02:00
295882522,de:11000:900085201:1:51,-0.8,2026-10-02T01:01:04.695736+02:00
295882522,de:11000:900130003:1:51,-0.8,2026-10-02T01:01:04.695736+02:00
295882522,de:11000:900110011:1:50,-0.9,2026-10-02T01:01:04.695736+02:00
295882522,de:11000:900007102:1:50,-0.9,2026-10-02T01:01:04.695736+02:00
295882522,de:11000:900008101:1:50,0.0,2026-10-02T01:01:04.695736+02:00
295882522,de:11000:900007104:1:51,-0.7,2026-10-02T01:01:04.695736+02:00
295882522,de:11000:900100007:1:50,-0.7,2026-10-02T01:01:04.695736+02:00
295882522,de:11000:900100001:4:56,-0.5,2026-10-02T01:01:04.695736+02:00
295882522,de:11000:900100025:1:50,-0.4,2026-10-02T01:01:04.695736+02:00
295882522,de:11000:900100020:3:54,-0.4,2026-10-02T01:01:04.695736+02:00
295882522,de:11000:900012101:1:51,-0.5,2026-10-02T01:01:04.695736+02:00
295882522,de:11000:900057102:1:50,-0.7,2026-10-02T01:01:04.695736+02:00
295882522,de:11000:900057104:2:51,-0.4,2026-10-02T01:01:04.695736+02:00
295882522,de:11000:900054104:1:50,-0.3,2026-10-02T01:01:04.695736+02:00
295882522,de:11000:900060101:1:50,-0.3,2026-10-02T01:01:04.695736+02:00
295882522,de:11000:900063101:1:50,-0.1,2026-10-02T01:01:04.695736+02:00
295882522,de:11000:900062202:1:50,-0.1,2026-10-02T01:01:04.695736+02:00
295882522,de:11000:900066102:1:50,-0.2,2026-10-02T01:01:04.695736+02:00
295882522,de:11000:900066101:1:50,-0.1,2026-10-02T01:01:04.695736+02:00
295882522,de:11000:900049202:1:50,-0.3,2026-10-02T01:01:04.695736+02:00
295882522,de:11000:900049201:1:50,-0.4,2026-10-02T01:01:04.695736+02:00
295882522,de:11000:900050301:1:50,0.0,2026-10-02T01:01:04.695736+02:00
295882522,de:11000:900050355:1:50,-0.1,2026-10-02T01:01:04.695736+02:00
295882522,de:11000:900052201:1:50,-0.5,2026-10-02T01:01:04.695736+02:00
295882522,de:11000:900053301:1:51,-0.9,2026-10-02T01:01:04.695736+02:00
306896854,de:12067:900311129::4,0.0,2026-10-02T01:01:04.695736+02:00
306896854,de:12067:900311129::4,-12.0,2026-10-02T01:01:04.695736+02:00
306896854,de:12067:900310727::3,0.0,2026-10-02T01:01:04.695736+02:00
306896854,de:12067:900310755::2,0.0,2026-10-02T01:01:04.695736+02:00
306896854,de:12067:900310728::3,0.0,2026-10-02T01:01:04.695736+02:00
306896854,de:12067:900311129::7,0.0,2026-10-02T01:01:04.695736+02:00
306896854,de:12067:900311129::4,12.0,2026-10-02T01:01:04.695736+02:00
306896854,de:12067:900311129::4,0.0,2026-10-02T01:01:04.695736+02:00
306896854,de:12067:900310637::2,0.0,2026-10-02T01:01:04.695736+02:00
306896854,de:12067:900310722::2,-0.5,2026-10-02T01:01:04.695736+02:00
306896854,de:12067:900310841::2,0.0,2026-10-02T01:01:04.695736+02:00
306896854,de:12067:900311002::3,0.0,2026-10-02T01:01:04.695736+02:00
306896854,de:12067:900310908::2,0.0,2026-10-02T01:01:04.695736+02:00
306896854,de:12067:900310975::2,0.0,2026-10-02T01:01:04.695736+02:00
306896854,de:12067:900310974::2,0.0,2026-10-02T01:01:04.695736+02:00
306896854,de:12067:900310914::2,0.0,2026-10-02T01:01:04.695736+02:00
306896854,de:12067:900310703::3,0.0,2026-10-02T01:01:04.695736+02:00
306896854,de:12067:900310915::2,-0.5,2026-10-02T01:01:04.695736+02:00
306896854,de:12067:900310916::2,-0.5,2026-10-02T01:01:04.695736+02:00
306896854,de:12067:900310917::2,0.0,2026-10-02T01:01:04.695736+02:00
306896854,de:12067:900310900::2,0.0,2026-10-02T01:01:04.695736+02:00
306896854,de:12067:900310880::2,0.0,2026-10-02T01:01:04.695736+02:00
306896854,de:12067:900310010::1,0.0,2026-10-02T01:01:04.695736+02:00
306896854,de:12067:900310879::2,0.0,2026-10-02T01:01:04.695736+02:00
306896854,de:12067:900310800::2,0.0,2026-10-02T01:01:04.695736+02:00
306896854,de:12067:900310771::2,0.0,2026-10-02T01:01:04.695736+02:00
306896854,de:12067:900310822::2,0.0,2026-10-02T01:01:04.695736+02:00
306896854,de:12067:900310781::2,0.0,2026-10-02T01:01:04.695736+02:00
306896854,de:12067:900310627::2,-0.5,2026-10-02T01:01:04.695736+02:00
306896854,de:12067:900310816::2,0.0,2026-10-02T01:01:04.695736+02:00
306896854,de:12067:900310022::1,0.0,2026-10-02T01:01:04.695736+02:00
306896854,de:12067:900310001::11,0.0,2026-10-02T01:01:04.695736+02:00
295882560,de:11000:900053301:2:52,0.0,2026-10-02T01:01:04.695736+02:00
295882560,de:11000:900052201:1:51,0.0,2026-10-02T01:01:04.695736+02:00
295882560,de:11000:900050355:1:51,-0.3,2026-10-02T01:01:04.695736+02:00
295882560,de:11000:900050301:1:51,-0.4,2026-10-02T01:01:04.695736+02:00
295882560,de:11000:900049201:1:51,0.0,2026-10-02T01:01:04.695736+02:00
295882560,de:11000:900049202:1:51,0.0,2026-10-02T01:01:04.695736+02:00
295882560,de:11000:900066101:1:51,-0.3,2026-10-02T01:01:04.695736+02:00
295882560,de:11000:900066102:1:51,-0.2,2026-10-02T01:01:04.695736+02:00
295882560,de:11000:900062202:1:51,-0.2,2026-10-02T01:01:04.695736+02:00
295882560,de:11000:900063101:1:51,-0.2,2026-10-02T01:01:04.695736+02:00
295882560,de:11000:900060101:1:51,-0.9,2026-10-02T01:01:04.695736+02:00
295882560,de:11000:900054104:1:51,-0.9,2026-10-02T01:01:04.695736+02:00
295882560,de:11000:900057104:1:50,-0.4,2026-10-02T01:01:04.695736+02:00
295882560,de:11000:900057102:1:51,-0.1,2026-10-02T01:01:04.695736+02:00
295882560,de:11000:900012101:2:52,-0.9,2026-10-02T01:01:04.695736+02:00
295882560,de:11000:900100020:4:57,-0.3,2026-10-02T01:01:04.695736+02:00
295882560,de:11000:900100025:1:51,-0.4,2026-10-02T01:01:04.695736+02:00
295882560,de:11000:900100001:4:57,-0.1,2026-10-02T01:01:04.695736+02:00
295882560,de:11000:900100007:1:51,-0.2,2026-10-02T01:01:04.695736+02:00
295882560,de:11000:900007104:2:52,-0.2,2026-10-02T01:01:04.695736+02:00
295882560,de:11000:900008101:1:51,-0.9,2026-10-02T01:01:04.695736+02:00
295882560,de:11000:900007102:2:53,-0.6,2026-10-02T01:01:04.695736+02:00
295882560,de:11000:900110011:2:53,-0.9,2026-10-02T01:01:04.695736+02:00
295882560,de:11000:900085201:1:50,-0.9,2026-10-02T01:01:04.695736+02:00
295882560,de:11000:900084101:1:50,-0.7,2026-10-02T01:01:04.695736+02:00
295882560,de:11000:900096101:1:50,-0.8,2026-10-02T01:01:04.695736+02:00
295882560,de:11000:900094101:1:50,-0.1,2026-10-02T01:01:04.695736+02:00
295882560,de:11000:900093201:1:50,-0.4,2026-10-02T01:01:04.695736+02:00
295882560,de:11000:900092201:1:50,-0.2,2026-10-02T01:01:04.695736+02:00
306896960,de:12067:900311308::6,0.0,2026-10-02T01:01:04.695736+02:00
306896960,de:12067:900311335::1,0.0,2026-10-02T01:01:04.695736+02:00
306896960,de:12067:900311339::1,0.0,2026-10-02T01:01:04.695736+02:00
306896960,de:12067:900311340::1,0.0,2026-10-02T01:01:04.695736+02:00
306896960,de:12067:900311339::2,0.0,2026-10-02T01:01:04.695736+02:00
306896960,de:12067:900311341::1,0.0,2026-10-02T01:01:04.695736+02:00
306896960,de:12067:900311345::1,0.0,2026-10-02T01:01:04.695736+02:00
306896960,de:12067:900311359::1,0.0,2026-10-02T01:01:04.695736+02:00
306896960,de:12067:900310027::1,0.0,2026-10-02T01:01:04.695736+02:00
306896960,de:12067:900311317::1,0.0,2026-10-02T01:01:04.695736+02:00
306896960,de:12067:900311384::1,0.0,2026-10-02T01:01:04.695736+02:00
306896960,de:12067:900311316::1,0.0,2026-10-02T01:01:04.695736+02:00
306896960,de:12067:900311376::1,0.0,2026-10-02T01:01:04.695736+02:00
306896960,de:12067:900311377::1,0.0,2026-10-02T01:01:04.695736+02:00
306896960,de:12067:900311362::1,0.0,2026-10-02T01:01:04.695736+02:00
306896960,de:12067:900311363::1,0.0,2026-10-02T01:01:04.695736+02:00
306896960,de:12067:900311365::1,0.0,2026-10-02T01:01:04.695736+02:00
306896960,de:12067:900311374::1,0.0,2026-10-02T01:01:04.695736+02:00
306896960,de:12067:900311364::2,0.0,2026-10-02T01:01:04.695736+02:00
306896960,de:12067:900311371::2,0.0,2026-10-02T01:01:04.695736+02:00
306896960,de:12067:900311336::1,0.0,2026-10-02T01:01:04.695736+02:00
306896960,de:12067:900311352::1,0.0,2026-10-02T01:01:04.695736+02:00
306896960,de:12067:900311333::1,0.0,2026-10-02T01:01:04.695736+02:00
306896960,de:12067:900311334::1,0.0,2026-10-02T01:01:04.695736+02:00
306896960,de:12067:900311304::1,0.0,2026-10-02T01:01:04.695736+02:00
306896960,de:12067:900311305::2,0.0,2026-10-02T01:01:04.695736+02:00
306896960,de:12067:900311383::6,0.0,2026-10-02T01:01:04.695736+02:00
306896960,de:12067:900311353::1,0.0,2026-10-02T01:01:04.695736+02:00
306896960,de:12067:900311321::1,0.0,2026-10-02T01:01:04.695736+02:00
306896960,de:12067:900311350::2,0.0,2026-10-02T01:01:04.695736+02:00
306896960,de:12067:900311348::2,0.0,2026-10-02T01:01:04.695736+02:00
306896960,de:12067:900311308::4,0.0,2026-10-02T01:01:04.695736+02:00
306896963,de:12067:900311308::6,0.0,2026-10-02T01:01:04.695736+02:00
306896963,de:12067:900311335::1,0.0,2026-10-02T01:01:04.695736+02:00
306896963,de:12067:900311339::1,0.0,2026-10-02T01:01:04.695736+02:00
306896963,de:12067:900311340::1,0.0,2026-10-02T01:01:04.695736+02:00
306896963,de:12067:900311339::2,0.0,2026-10-02T01:01:04.695736+02:00
306896963,de:12067:900311341::1,0.0,2026-10-02T01:01:04.695736+02:00
306896963,de:12067:900311345::1,0.0,2026-10-02T01:01:04.695736+02:00
306896963,de:12067:900311359::1,0.0,2026-10-02T01:01:04.695736+02:00
306896963,de:12067:900310027::1,0.0,2026-10-02T01:01:04.695736+02:00
306896963,de:12067:900311317::1,0.0,2026-10-02T01:01:04.695736+02:00
306896963,de:12067:900311384::1,0.0,2026-10-02T01:01:04.695736+02:00
306896963,de:12067:900311316::1,0.0,2026-10-02T01:01:04.695736+02:00
306896963,de:12067:900311376::1,0.0,2026-10-02T01:01:04.695736+02:00
306896963,de:12067:900311377::1,0.0,2026-10-02T01:01:04.695736+02:00
306896963,de:12067:900311362::1,0.0,2026-10-02T01:01:04.695736+02:00
306896963,de:12067:900311363::1,0.0,2026-10-02T01:01:04.695736+02:00
306896963,de:12067:900311365::1,0.0,2026-10-02T01:01:04.695736+02:00
306896963,de:12067:900311374::1,0.0,2026-10-02T01:01:04.695736+02:00
306896963,de:12067:900311364::2,0.0,2026-10-02T01:01:04.695736+02:00
306896963,de:12067:900311371::2,0.0,2026-10-02T01:01:04.695736+02:00
306896963,de:12067:900311336::1,0.0,2026-10-02T01:01:04.695736+02:00
306896963,de:12067:900311352::1,0.0,2026-10-02T01:01:04.695736+02:00
306896963,de:12067:900311333::1,0.0,2026-10-02T01:01:04.695736+02:00
306896963,de:12067:900311334::1,0.0,2026-10-02T01:01:04.695736+02:00
306896963,de:12067:900311304::1,0.0,2026-10-02T01:01:04.695736+02:00
306896963,de:12067:900311305::2,0.0,2026-10-02T01:01:04.695736+02:00
306896963,de:12067:900311383::6,0.0,2026-10-02T01:01:04.695736+02:00
306896963,de:12067:900311353::1,0.0,2026-10-02T01:01:04.695736+02:00
306896963,de:12067:900311321::1,0.0,2026-10-02T01:01:04.695736+02:00
306896963,de:12067:900311350::2,0.0,2026-10-02T01:01:04.695736+02:00
306896963,de:12067:900311348::2,0.0,2026-10-02T01:01:04.695736+02:00
306896963,de:12067:900311308::4,0.0,2026-10-02T01:01:04.695736+02:00
306895736,de:12067:900310805::1,0.0,2026-10-02T01:01:04.695736+02:00
306895736,de:12067:900310801::2,0.0,2026-10-02T01:01:04.695736+02:00
306895736,de:12067:900310937::2,0.0,2026-10-02T01:01:04.695736+02:00
306895736,de:12067:900310825::1,0.0,2026-10-02T01:01:04.695736+02:00
306895736,de:12067:900310835::2,0.0,2026-10-02T01:01:04.695736+02:00
306895736,de:12067:900310001::9,0.0,2026-10-02T01:01:04.695736+02:00
306895736,de:12067:900311149::2,0.0,2026-10-02T01:01:04.695736+02:00
306895736,de:12067:900310001::11,0.0,2026-10-02T01:01:04.695736+02:00
306895900,de:12067:900311145::2,0.0,2026-10-02T01:01:04.695736+02:00
306895900,de:12067:900310817::2,0.0,2026-10-02T01:01:04.695736+02:00
306895900,de:12067:900310837::2,0.0,2026-10-02T01:01:04.695736+02:00
306895900,de:12067:900310875::2,0.0,2026-10-02T01:01:04.695736+02:00
306895900,de:12067:900310780::1,0.0,2026-10-02T01:01:04.695736+02:00
306895900,de:12067:900310796::2,0.0,2026-10-02T01:01:04.695736+02:00
306895900,de:12067:900310777::2,0.0,2026-10-02T01:01:04.695736+02:00
306895900,de:12067:900310808::2,0.0,2026-10-02T01:01:04.695736+02:00
306895900,de:12067:900310822::2,0.0,2026-10-02T01:01:04.695736+02:00
306895900,de:12067:900310781::2,0.0,2026-10-02T01:01:04.695736+02:00
306895900,de:12067:900311155::1,0.0,2026-10-02T01:01:04.695736+02:00
306895900,de:12067:900311149::2,0.0,2026-10-02T01:01:04.695736+02:00
306895900,de:12067:900310001::11,0.0,2026-10-02T01:01:04.695736+02:00
306895908,de:12067:900311145::2,0.0,2026-10-02T01:01:04.695736+02:00
306895908,de:12067:900310817::2,0.0,2026-10-02T01:01:04.695736+02:00
306895908,de:12067:900310837::2,0.0,2026-10-02T01:01:04.695736+02:00
306895908,de:12067:900310875::2,0.0,2026-10-02T01:01:04.695736+02:00
306895908,de:12067:900310796::2,0.0,2026-10-02T01:01:04.695736+02:00
306895908,de:12067:900310777::2,0.0,2026-10-02T01:01:04.695736+02:00
306895908,de:12067:900310808::2,0.0,2026-10-02T01:01:04.695736+02:00
306895908,de:12067:900310822::2,0.0,2026-10-02T01:01:04.695736+02:00
306895908,de:12067:900310781::2,0.0,2026-10-02T01:01:04.695736+02:00
306895908,de:12067:900311155::1,0.0,2026-10-02T01:01:04.695736+02:00
306895908,de:12067:900311149::2,0.0,2026-10-02T01:01:04.695736+02:00
306895908,de:12067:900310001::11,0.0,2026-10-02T01:01:04.695736+02:00
306896028,de:12064:900320007::4,0.0,2026-10-02T01:01:04.695736+02:00
306896028,de:12064:900320113::2,0.0,2026-10-02T01:01:04.695736+02:00
306896028,de:12067:900310523::2,0.0,2026-10-02T01:01:04.695736+02:00
306896028,de:12067:900310535::2,0.0,2026-10-02T01:01:04.695736+02:00
306896028,de:12067:900310522::2,0.0,2026-10-02T01:01:04.695736+02:00
306896028,de:12067:900310021::2,0.0,2026-10-02T01:01:04.695736+02:00
306896028,de:12067:900310500::1,0.0,2026-10-02T01:01:04.695736+02:00
306896028,de:12067:900310501::2,0.0,2026-10-02T01:01:04.695736+02:00
306896028,de:12067:900310020::2,0.0,2026-10-02T01:01:04.695736+02:00
306896028,de:12067:900310528::2,0.0,2026-10-02T01:01:04.695736+02:00
306896028,de:12067:900310529::2,0.0,2026-10-02T01:01:04.695736+02:00
306896028,de:12067:900311012::2,0.0,2026-10-02T01:01:04.695736+02:00
306896028,de:12067:900311014::2,0.0,2026-10-02T01:01:04.695736+02:00
306896028,de:12067:900310536::2,0.0,2026-10-02T01:01:04.695736+02:00
306896028,de:12067:900310543::2,0.0,2026-10-02T01:01:04.695736+02:00
306896028,de:12067:900310578::4,0.0,2026-10-02T01:01:04.695736+02:00
306896028,de:12067:900310534::2,0.0,2026-10-02T01:01:04.695736+02:00
306896028,de:11000:900310550::2,0.0,2026-10-02T01:01:04.695736+02:00
306896028,de:12067:900310572::2,0.0,2026-10-02T01:01:04.695736+02:00
306896028,de:12067:900310013::7,0.0,2026-10-02T01:01:04.695736+02:00
306896313,de:12064:900320274::1,0.0,2026-10-02T01:01:04.695736+02:00
306896313,de:12064:900320278::2,0.0,2026-10-02T01:01:04.695736+02:00
306896313,de:12064:900320284::2,0.0,2026-10-02T01:01:04.695736+02:00
306896313,de:12064:900320886::2,0.0,2026-10-02T01:01:04.695736+02:00
306896313,de:12064:900320888::3,0.0,2026-10-02T01:01:04.695736+02:00
306896313,de:12064:900320891::2,0.0,2026-10-02T01:01:04.695736+02:00
306896313,de:12067:900310919::2,0.0,2026-10-02T01:01:04.695736+02:00
306896313,de:12067:900310888::2,0.0,2026-10-02T01:01:04.695736+02:00
306896313,de:12067:900310881::2,0.0,2026-10-02T01:01:04.695736+02:00
306896313,de:12067:900310885::1,0.0,2026-10-02T01:01:04.695736+02:00
306896313,de:12067:900310883::2,0.0,2026-10-02T01:01:04.695736+02:00
306896313,de:12067:900310920::2,0.0,2026-10-02T01:01:04.695736+02:00
306896313,de:12067:900310882::2,0.0,2026-10-02T01:01:04.695736+02:00
306896313,de:12067:900310889::2,0.0,2026-10-02T01:01:04.695736+02:00
306896313,de:12067:900310890::2,0.0,2026-10-02T01:01:04.695736+02:00
306896313,de:12067:900310847::2,0.0,2026-10-02T01:01:04.695736+02:00
306896313,de:12067:900310846::2,0.0,2026-10-02T01:01:04.695736+02:00
306896313,de:12067:900310854::2,0.0,2026-10-02T01:01:04.695736+02:00
306896313,de:12067:900310857::2,0.0,2026-10-02T01:01:04.695736+02:00
306896313,de:12067:900311970::1,0.0,2026-10-02T01:01:04.695736+02:00
306896313,de:12067:900310853::1,0.0,2026-10-02T01:01:04.695736+02:00
306896313,de:12067:900310845::1,0.0,2026-10-02T01:01:04.695736+02:00
306896313,de:12067:900310855::2,0.0,2026-10-02T01:01:04.695736+02:00
306896313,de:12067:900310844::2,0.0,2026-10-02T01:01:04.695736+02:00
306896313,de:12067:900310856::1,0.0,2026-10-02T01:01:04.695736+02:00
306896313,de:12067:900310849::2,0.0,2026-10-02T01:01:04.695736+02:00
306896313,de:12067:900310851::2,0.0,2026-10-02T01:01:04.695736+02:00
306896313,de:12067:900310850::2,0.0,2026-10-02T01:01:04.695736+02:00
306896313,de:12067:900310852::2,0.0,2026-10-02T01:01:04.695736+02:00
306896313,de:12067:900310555::2,0.0,2026-10-02T01:01:04.695736+02:00
306896313,de:12067:900310557::2,0.0,2026-10-02T01:01:04.695736+02:00
306896313,de:12067:900310013::7,0.0,2026-10-02T01:01:04.695736+02:00
307438445,de:12066:900435000:1:50,0.0,2026-10-02T01:01:04.695736+02:00
307438445,de:12066:900435001:1:50,0.0,2026-10-02T01:01:04.695736+02:00
307438445,de:12052:900470000:1:50,0.0,2026-10-02T01:01:04.695736+02:00
307438438,de:12062:900415502:1:50,0.0,2026-10-02T01:01:04.695736+02:00
307438438,de:12062:900415167:1:51,0.0,2026-10-02T01:01:04.695736+02:00
307438438,de:12062:900416008:2:51,0.0,2026-10-02T01:01:04.695736+02:00
307438438,de:12066:900435203:1:50,0.0,2026-10-02T01:01:04.695736+02:00
307438438,de:12066:900435061:3:54,0.0,2026-10-02T01:01:04.695736+02:00
307438438,de:12066:900435000:1:50,0.0,2026-10-02T01:01:04.695736+02:00
307438438,de:12066:900435001:1:50,0.0,2026-10-02T01:01:04.695736+02:00
307438438,de:12052:900470000:1:50,0.0,2026-10-02T01:01:04.695736+02:00
306896589,de:12067:900310009::1,0.0,2026-10-02T01:01:04.695736+02:00
306896589,de:12067:900310007::2,0.0,2026-10-02T01:01:04.695736+02:00
306896589,de:12067:900310876::2,0.0,2026-10-02T01:01:04.695736+02:00
306896589,de:12067:900310969::2,0.0,2026-10-02T01:01:04.695736+02:00
306896589,de:12067:900310973::1,0.0,2026-10-02T01:01:04.695736+02:00
306896589,de:12067:900310745::1,0.0,2026-10-02T01:01:04.695736+02:00
306896589,de:12067:900311086::0,0.0,2026-10-02T01:01:04.695736+02:00
306896589,de:12067:900310947::2,0.0,2026-10-02T01:01:04.695736+02:00
306896589,de:12067:900310704::1,0.0,2026-10-02T01:01:04.695736+02:00
306896589,de:12067:900310705::2,0.0,2026-10-02T01:01:04.695736+02:00
306896589,de:12067:900310706::1,0.0,2026-10-02T01:01:04.695736+02:00
306896589,de:12067:900311089::1,0.0,2026-10-02T01:01:04.695736+02:00
306896589,de:12067:900311088::1,0.0,2026-10-02T01:01:04.695736+02:00
306896589,de:12067:900311090::2,0.0,2026-10-02T01:01:04.695736+02:00
306896589,de:12067:900310762::2,0.0,2026-10-02T01:01:04.695736+02:00
306896589,de:12067:900310763::2,0.0,2026-10-02T01:01:04.695736+02:00
306896589,de:12067:900310761::2,-0.5,2026-10-02T01:01:04.695736+02:00
306896589,de:12067:900310754::2,0.0,2026-10-02T01:01:04.695736+02:00
306896589,de:12067:900310005::2,0.0,2026-10-02T01:01:04.695736+02:00
306896589,de:12067:900310733::2,0.0,2026-10-02T01:01:04.695736+02:00
306896589,de:12067:900310734::2,0.0,2026-10-02T01:01:04.695736+02:00
306896589,de:12067:900310824::2,0.0,2026-10-02T01:01:04.695736+02:00
306896589,de:12067:900310782::2,0.0,2026-10-02T01:01:04.695736+02:00
306896589,de:12067:900311109::2,0.0,2026-10-02T01:01:04.695736+02:00
306896589,de:12067:900310773::2,0.0,2026-10-02T01:01:04.695736+02:00
306896589,de:12067:900310797::2,0.0,2026-10-02T01:01:04.695736+02:00
306896589,de:12067:900310789::2,0.0,2026-10-02T01:01:04.695736+02:00
306896589,de:12067:900310781::2,0.0,2026-10-02T01:01:04.695736+02:00
306896589,de:12067:900310627::2,0.0,2026-10-02T01:01:04.695736+02:00
306896589,de:12067:900310816::2,0.0,2026-10-02T01:01:04.695736+02:00
306896589,de:12067:900310022::1,0.0,2026-10-02T01:01:04.695736+02:00
306896589,de:12067:900310001::11,0.0,2026-10-02T01:01:04.695736+02:00
307433054,de:12060:900350127:2:52,0.0,2026-10-02T01:01:04.695736+02:00
307433054,de:12060:900350126:1:50,0.0,2026-10-02T01:01:04.695736+02:00
307433054,de:12060:900350137:1:50,0.0,2026-10-02T01:01:04.695736+02:00
307433054,de:12060:900350158:1:50,0.0,2026-10-02T01:01:04.695736+02:00
307433054,de:12060:900350160:2:52,0.0,2026-10-02T01:01:04.695736+02:00
307433054,de:11000:900152001:2:52,0.0,2026-10-02T01:01:04.695736+02:00
307433054,de:11000:900160004:4:56,0.0,2026-10-02T01:01:04.695736+02:00
306896636,de:12067:900310611::1,0.0,2026-10-02T01:01:04.695736+02:00
306896636,de:12067:900311058::2,0.0,2026-10-02T01:01:04.695736+02:00
306896636,de:12067:900311110::4,0.0,2026-10-02T01:01:04.695736+02:00
306896636,de:12067:900311059::2,0.0,2026-10-02T01:01:04.695736+02:00
306896636,de:12067:900311069::1,0.0,2026-10-02T01:01:04.695736+02:00
306896636,de:12067:900311118::1,0.0,2026-10-02T01:01:04.695736+02:00
306896636,de:12067:900310966::1,0.0,2026-10-02T01:01:04.695736+02:00
306896636,de:12067:900310997::1,0.0,2026-10-02T01:01:04.695736+02:00
306896636,de:12067:900310998::1,0.0,2026-10-02T01:01:04.695736+02:00
306896636,de:12067:900310997::2,0.0,2026-10-02T01:01:04.695736+02:00
306896636,de:12067:900310966::2,0.0,2026-10-02T01:01:04.695736+02:00
306896636,de:12067:900311118::2,0.0,2026-10-02T01:01:04.695736+02:00
306896636,de:12067:900310904::2,0.0,2026-10-02T01:01:04.695736+02:00
306896636,de:12067:900310991::2,0.0,2026-10-02T01:01:04.695736+02:00
306896636,de:12067:900310990::1,0.0,2026-10-02T01:01:04.695736+02:00
306896636,de:12067:900310989::2,0.0,2026-10-02T01:01:04.695736+02:00
306896636,de:12067:900310992::2,-0.5,2026-10-02T01:01:04.695736+02:00
306896636,de:12067:900310995::1,0.0,2026-10-02T01:01:04.695736+02:00
306896636,de:12067:900310779::2,0.0,2026-10-02T01:01:04.695736+02:00
306896636,de:12067:900310808::2,0.0,2026-10-02T01:01:04.695736+02:00
306896636,de:12067:900310822::2,0.0,2026-10-02T01:01:04.695736+02:00
306896636,de:12067:900310781::2,0.0,2026-10-02T01:01:04.695736+02:00
306896636,de:12067:900310627::2,0.0,2026-10-02T01:01:04.695736+02:00
306896636,de:12067:900310816::2,0.0,2026-10-02T01:01:04.695736+02:00
306896636,de:12067:900310022::1,0.0,2026-10-02T01:01:04.695736+02:00
306896636,de:12067:900310001::11,0.0,2026-10-02T01:01:04.695736+02:00
307437785,de:12052:900470000:1:50,0.0,2026-10-02T01:01:04.695736+02:00
307437785,de:12071:900445986:2:51,0.0,2026-10-02T01:01:04.695736+02:00
307437785,de:12071:900445360:1:50,0.0,2026-10-02T01:01:04.695736+02:00
307437785,de:12066:900435347:1:50,0.0,2026-10-02T01:01:04.695736+02:00
307437785,de:12066:900435800:1:50,0.0,2026-10-02T01:01:04.695736+02:00
307437785,de:12066:900435001:2:52,0.0,2026-10-02T01:01:04.695736+02:00
307437785,de:12066:900435000:1:50,0.0,2026-10-02T01:01:04.695736+02:00
307437785,de:12066:900435802:2:51,0.0,2026-10-02T01:01:04.695736+02:00
307437785,de:12066:900435061:2:51,0.0,2026-10-02T01:01:04.695736+02:00
307437785,de:12066:900435203:2:51,0.0,2026-10-02T01:01:04.695736+02:00
307437785,de:12062:900416008:1:50,0.0,2026-10-02T01:01:04.695736+02:00
307437785,de:12062:900415167:1:50,0.0,2026-10-02T01:01:04.695736+02:00
307437785,de:12062:900415240:1:50,0.0,2026-10-02T01:01:04.695736+02:00
307437785,de:12062:900415345:2:52,0.0,2026-10-02T01:01:04.695736+02:00
307437868,de:12062:900415345:2:52,0.0,2026-10-02T01:01:04.695736+02:00
307437868,de:12062:900415240:1:50,0.0,2026-10-02T01:01:04.695736+02:00
307437868,de:12062:900415167:1:50,0.0,2026-10-02T01:01:04.695736+02:00
307437868,de:12062:900416008:2:51,0.0,2026-10-02T01:01:04.695736+02:00
307437868,de:12066:900435203:1:50,0.0,2026-10-02T01:01:04.695736+02:00
307437868,de:12066:900435061:3:54,0.0,2026-10-02T01:01:04.695736+02:00
307437868,de:12066:900435802:1:50,0.0,2026-10-02T01:01:04.695736+02:00
307437868,de:12066:900435000:1:50,0.0,2026-10-02T01:01:04.695736+02:00
307437868,de:12066:900435001:1:50,0.0,2026-10-02T01:01:04.695736+02:00
307437868,de:12066:900435800:2:51,0.0,2026-10-02T01:01:04.695736+02:00
307437868,de:12066:900435347:2:51,0.0,2026-10-02T01:01:04.695736+02:00
307437868,de:12071:900445360:1:51,0.0,2026-10-02T01:01:04.695736+02:00
307437868,de:12071:900445986:1:50,0.0,2026-10-02T01:01:04.695736+02:00
307437868,de:12052:900470000:2:51,0.0,2026-10-02T01:01:04.695736+02:00
307430553,de:12054:900230003:4:53,0.0,2026-10-02T01:01:04.695736+02:00
307430553,de:12054:900230999:1:51,0.0,2026-10-02T01:01:04.695736+02:00
307430553,de:12054:900230006:1:50,0.0,2026-10-02T01:01:04.695736+02:00
307430553,de:12054:900230007:1:50,0.0,2026-10-02T01:01:04.695736+02:00
307430553,de:12054:900220010:1:50,0.0,2026-10-02T01:01:04.695736+02:00
307430553,de:12054:900220012:2:51,0.0,2026-10-02T01:01:04.695736+02:00
307430553,de:12063:900210001:2:51,0.0,2026-10-02T01:01:04.695736+02:00
307430553,de:12065:900200000:1:51,0.0,2026-10-02T01:01:04.695736+02:00
307430553,de:12065:900200010:1:50,0.0,2026-10-02T01:01:04.695736+02:00
307430553,de:12065:900200008:1:50,0.0,2026-10-02T01:01:04.695736+02:00
307430553,de:12065:900200005:1:2,0.0,2026-10-02T01:01:04.695736+02:00
307430621,de:12065:900200005:1:2,0.0,2026-10-02T01:01:04.695736+02:00
307430621,de:12065:900200008:1:50,0.0,2026-10-02T01:01:04.695736+02:00
307430621,de:12065:900200010:1:50,0.0,2026-10-02T01:01:04.695736+02:00
307430621,de:12065:900200000:1:50,0.0,2026-10-02T01:01:04.695736+02:00
307430621,de:12063:900210001:1:50,0.0,2026-10-02T01:01:04.695736+02:00
307430621,de:12054:900220012:1:50,0.0,2026-10-02T01:01:04.695736+02:00
307430621,de:12054:900220010:2:51,0.0,2026-10-02T01:01:04.695736+02:00
307430621,de:12054:900230007:2:52,0.0,2026-10-02T01:01:04.695736+02:00
307430621,de:12054:900230006:2:51,0.0,2026-10-02T01:01:04.695736+02:00
307430621,de:12054:900230999:1:50,0.0,2026-10-02T01:01:04.695736+02:00
307435344,de:12061:900260009:2:54,0.0,2026-10-02T01:01:04.695736+02:00
307435344,de:11000:900058101:4:57,0.0,2026-10-02T01:01:04.695736+02:00
307435344,de:11000:900100020:2:53,0.0,2026-10-02T01:01:04.695736+02:00
307435344,de:11000:900003200:4:57,0.0,2026-10-02T01:01:04.695736+02:00
307430401,de:11000:900029101:2:53,0.0,2026-10-02T01:01:04.695736+02:00
307430401,de:11000:900037168:1:50,0.0,2026-10-02T01:01:04.695736+02:00
307430401,de:12063:900210180:1:50,0.0,2026-10-02T01:01:04.695736+02:00
307430401,de:12063:900210010:1:50,0.0,2026-10-02T01:01:04.695736+02:00
307430401,de:12063:900210011:1:50,0.0,2026-10-02T01:01:04.695736+02:00
307430401,de:12063:900210326:1:50,0.0,2026-10-02T01:01:04.695736+02:00
307430401,de:12063:900210005:2:53,0.0,2026-10-02T01:01:04.695736+02:00
307430444,de:12063:900210005:2:53,0.0,2026-10-02T01:01:04.695736+02:00
307430444,de:12063:900210326:2:51,0.0,2026-10-02T01:01:04.695736+02:00
307430444,de:12063:900210011:2:51,0.0,2026-10-02T01:01:04.695736+02:00
307430444,de:12063:900210010:2:51,0.0,2026-10-02T01:01:04.695736+02:00
307430444,de:12063:900210180:2:51,0.0,2026-10-02T01:01:04.695736+02:00
307430444,de:11000:900037168:2:51,0.0,2026-10-02T01:01:04.695736+02:00
307430444,de:11000:900029101:3:55,0.0,2026-10-02T01:01:04.695736+02:00
295892982,de:12060:900350160:1:51,0.0,2026-10-02T01:01:04.695736+02:00
295892982,de:12060:900350161:1:50,-0.3,2026-10-02T01:01:04.695736+02:00
295892982,de:12060:900350163:1:50,-0.1,2026-10-02T01:01:04.695736+02:00
295892982,de:12060:900350162:1:50,-0.8,2026-10-02T01:01:04.695736+02:00
295892982,de:11000:900135001:1:50,-0.3,2026-10-02T01:01:04.695736+02:00
295892982,de:11000:900143001:1:51,-0.8,2026-10-02T01:01:04.695736+02:00
295892982,de:11000:900142001:1:51,-0.3,2026-10-02T01:01:04.695736+02:00
295892982,de:11000:900130001:1:51,-0.8,2026-10-02T01:01:04.695736+02:00
295892982,de:11000:900130002:1:51,-0.3,2026-10-02T01:01:04.695736+02:00
295892982,de:11000:900110011:1:51,-0.7,2026-10-02T01:01:04.695736+02:00
295892982,de:11000:900007102:1:50,-0.7,2026-10-02T01:01:04.695736+02:00
295892982,de:11000:900008101:1:50,-0.5,2026-10-02T01:01:04.695736+02:00
295892982,de:11000:900007104:1:51,-0.2,2026-10-02T01:01:04.695736+02:00
295892982,de:11000:900100007:1:50,-0.2,2026-10-02T01:01:04.695736+02:00
295892982,de:11000:900100001:4:56,0.0,2026-10-02T01:01:04.695736+02:00
295892982,de:11000:900100025:1:50,-0.9,2026-10-02T01:01:04.695736+02:00
295892982,de:11000:900100020:3:54,-0.9,2026-10-02T01:01:04.695736+02:00
295892982,de:11000:900012101:1:51,0.0,2026-10-02T01:01:04.695736+02:00
295892982,de:11000:900058103:1:50,-0.8,2026-10-02T01:01:04.695736+02:00
295892982,de:11000:900058101:1:50,-0.4,2026-10-02T01:01:04.695736+02:00
295892982,de:11000:900058102:1:50,-0.4,2026-10-02T01:01:04.695736+02:00
295892982,de:11000:900068301:1:50,-0.7,2026-10-02T01:01:04.695736+02:00
295892982,de:11000:900073101:1:50,-0.9,2026-10-02T01:01:04.695736+02:00
295892982,de:11000:900072101:1:50,-0.2,2026-10-02T01:01:04.695736+02:00
295892982,de:11000:900074202:1:50,-0.2,2026-10-02T01:01:04.695736+02:00
295892982,de:11000:900074201:1:50,-0.4,2026-10-02T01:01:04.695736+02:00
295892982,de:12072:900245028:1:51,-0.9,2026-10-02T01:01:04.695736+02:00
295892982,de:12072:900245027:2:52,-0.9,2026-10-02T01:01:04.695736+02:00
307430033,de:11000:900003200:1:50,0.0,2026-10-02T01:01:04.695736+02:00
307430033,de:11000:900100020:1:50,0.0,2026-10-02T01:01:04.695736+02:00
307430033,de:11000:900058101:2:52,0.0,2026-10-02T01:01:04.695736+02:00
307430033,de:12061:900260009:2:54,0.0,2026-10-02T01:01:04.695736+02:00
295900242,de:12065:900200000:1:55,0.0,2026-10-02T01:01:04.695736+02:00
295900242,de:11000:900091203:1:50,0.0,2026-10-02T01:01:04.695736+02:00
295900242,de:11000:900091205:1:50,-0.2,2026-10-02T01:01:04.695736+02:00
295900242,de:11000:900089303:1:51,-0.5,2026-10-02T01:01:04.695736+02:00
295900242,de:11000:900096405:1:50,-0.8,2026-10-02T01:01:04.695736+02:00
295900242,de:11000:900096458:1:50,-0.5,2026-10-02T01:01:04.695736+02:00
295900242,de:11000:900085105:1:50,-0.8,2026-10-02T01:01:04.695736+02:00
295900242,de:11000:900085201:1:51,0.0,2026-10-02T01:01:04.695736+02:00
295900242,de:11000:900130003:1:51,-0.8,2026-10-02T01:01:04.695736+02:00
295900242,de:11000:900110011:1:50,-0.9,2026-10-02T01:01:04.695736+02:00
295900242,de:11000:900007102:1:50,-0.7,2026-10-02T01:01:04.695736+02:00
295900242,de:11000:900008101:1:50,-0.4,2026-10-02T01:01:04.695736+02:00
295900242,de:11000:900007104:1:51,-0.2,2026-10-02T01:01:04.695736+02:00
295900242,de:11000:900100007:1:50,-0.2,2026-10-02T01:01:04.695736+02:00
295900242,de:11000:900100001:4:56,0.0,2026-10-02T01:01:04.695736+02:00
295900242,de:11000:900100025:1:50,-0.9,2026-10-02T01:01:04.695736+02:00
295900242,de:11000:900100020:3:54,-0.9,2026-10-02T01:01:04.695736+02:00
295900242,de:11000:900012101:1:51,0.0,2026-10-02T01:01:04.695736+02:00
295900242,de:11000:900058103:1:50,-0.7,2026-10-02T01:01:04.695736+02:00
295900242,de:11000:900058101:1:50,-0.3,2026-10-02T01:01:04.695736+02:00
295900242,de:11000:900058102:1:52,0.0,2026-10-02T01:01:04.695736+02:00
295900242,de:11000:900063452:1:50,-0.1,2026-10-02T01:01:04.695736+02:00
295900242,de:11000:900067221:1:50,-0.2,2026-10-02T01:01:04.695736+02:00
295900242,de:11000:900064301:3:52,-0.2,2026-10-02T01:01:04.695736+02:00
295900242,de:11000:900064256:1:50,-0.7,2026-10-02T01:01:04.695736+02:00
295900242,de:11000:900064201:1:50,-0.6,2026-10-02T01:01:04.695736+02:00
295900242,de:12069:900220114:1:51,-0.9,2026-10-02T01:01:04.695736+02:00
295896141,de:11000:900135001:1:50,0.0,2026-10-02T01:01:04.695736+02:00
295896141,de:11000:900143001:1:51,-0.8,2026-10-02T01:01:04.695736+02:00
295896141,de:11000:900142001:1:51,-0.3,2026-10-02T01:01:04.695736+02:00
295896141,de:11000:900130001:1:51,-0.8,2026-10-02T01:01:04.695736+02:00
295896141,de:11000:900130002:1:51,-0.3,2026-10-02T01:01:04.695736+02:00
295896141,de:11000:900110011:1:51,-0.7,2026-10-02T01:01:04.695736+02:00
295896141,de:11000:900007102:1:50,-0.7,2026-10-02T01:01:04.695736+02:00
295896141,de:11000:900008101:1:50,-0.5,2026-10-02T01:01:04.695736+02:00
295896141,de:11000:900007104:1:51,-0.2,2026-10-02T01:01:04.695736+02:00
295896141,de:11000:900100007:1:50,-0.2,2026-10-02T01:01:04.695736+02:00
295896141,de:11000:900100001:4:56,0.0,2026-10-02T01:01:04.695736+02:00
295896141,de:11000:900100025:1:50,-0.9,2026-10-02T01:01:04.695736+02:00
295896141,de:11000:900100020:3:54,-0.9,2026-10-02T01:01:04.695736+02:00
295896131,de:11000:900135001:1:50,0.0,2026-10-02T01:01:04.695736+02:00
295896131,de:11000:900143001:1:51,-0.8,2026-10-02T01:01:04.695736+02:00
295896131,de:11000:900142001:1:51,-0.3,2026-10-02T01:01:04.695736+02:00
295896131,de:11000:900130001:1:51,-0.8,2026-10-02T01:01:04.695736+02:00
295896131,de:11000:900130002:1:51,-0.3,2026-10-02T01:01:04.695736+02:00
295896131,de:11000:900110011:1:51,-0.7,2026-10-02T01:01:04.695736+02:00
295896131,de:11000:900007102:1:50,-0.7,2026-10-02T01:01:04.695736+02:00
295896131,de:11000:900008101:1:50,-0.5,2026-10-02T01:01:04.695736+02:00
295896131,de:11000:900007104:1:51,-0.2,2026-10-02T01:01:04.695736+02:00
295896131,de:11000:900100007:1:50,-0.2,2026-10-02T01:01:04.695736+02:00
295896131,de:11000:900100001:4:56,0.0,2026-10-02T01:01:04.695736+02:00
295896131,de:11000:900100025:1:50,-0.9,2026-10-02T01:01:04.695736+02:00
295896131,de:11000:900100020:3:54,-0.9,2026-10-02T01:01:04.695736+02:00
295896131,de:11000:900012101:1:51,0.0,2026-10-02T01:01:04.695736+02:00
295896131,de:11000:900058103:1:50,-0.8,2026-10-02T01:01:04.695736+02:00
295896131,de:11000:900058101:1:50,-0.4,2026-10-02T01:01:04.695736+02:00
295896131,de:11000:900058102:1:50,-0.4,2026-10-02T01:01:04.695736+02:00
295896131,de:11000:900068301:1:50,-0.7,2026-10-02T01:01:04.695736+02:00
295896131,de:11000:900073101:1:50,-0.9,2026-10-02T01:01:04.695736+02:00
295896131,de:11000:900072101:1:50,-0.2,2026-10-02T01:01:04.695736+02:00
295896131,de:11000:900074202:1:50,-0.2,2026-10-02T01:01:04.695736+02:00
295896131,de:11000:900074201:1:50,-0.4,2026-10-02T01:01:04.695736+02:00
295896086,de:11000:900135001:1:50,0.0,2026-10-02T01:01:04.695736+02:00
295896086,de:11000:900143001:1:51,-0.8,2026-10-02T01:01:04.695736+02:00
295896086,de:11000:900142001:1:51,-0.3,2026-10-02T01:01:04.695736+02:00
295896086,de:11000:900130001:1:51,-0.8,2026-10-02T01:01:04.695736+02:00
295896086,de:11000:900130002:1:51,-0.3,2026-10-02T01:01:04.695736+02:00
295896086,de:11000:900110011:1:51,-0.7,2026-10-02T01:01:04.695736+02:00
295896086,de:11000:900007102:1:50,-0.7,2026-10-02T01:01:04.695736+02:00
295896086,de:11000:900008101:1:50,-0.5,2026-10-02T01:01:04.695736+02:00
295896086,de:11000:900007104:1:51,-0.2,2026-10-02T01:01:04.695736+02:00
295896086,de:11000:900100007:1:50,-0.2,2026-10-02T01:01:04.695736+02:00
295896086,de:11000:900100001:4:56,0.0,2026-10-02T01:01:04.695736+02:00
295896086,de:11000:900100025:1:50,-0.9,2026-10-02T01:01:04.695736+02:00
295896086,de:11000:900100020:3:54,-0.9,2026-10-02T01:01:04.695736+02:00
295896086,de:11000:900012101:1:51,0.0,2026-10-02T01:01:04.695736+02:00
295896086,de:11000:900058103:1:50,-0.8,2026-10-02T01:01:04.695736+02:00
295896086,de:11000:900058101:1:50,-0.4,2026-10-02T01:01:04.695736+02:00
295896086,de:11000:900058102:1:50,-0.4,2026-10-02T01:01:04.695736+02:00
295896086,de:11000:900068301:1:50,-0.7,2026-10-02T01:01:04.695736+02:00
295896086,de:11000:900073101:1:50,-0.9,2026-10-02T01:01:04.695736+02:00
295896086,de:11000:900072101:1:50,-0.2,2026-10-02T01:01:04.695736+02:00
295896086,de:11000:900074202:1:50,-0.2,2026-10-02T01:01:04.695736+02:00
295896086,de:11000:900074201:1:50,-0.4,2026-10-02T01:01:04.695736+02:00
295896062,de:11000:900135001:1:50,0.0,2026-10-02T01:01:04.695736+02:00
295896062,de:11000:900143001:1:51,-0.8,2026-10-02T01:01:04.695736+02:00
295896062,de:11000:900142001:1:51,-0.3,2026-10-02T01:01:04.695736+02:00
295896062,de:11000:900130001:1:51,-0.8,2026-10-02T01:01:04.695736+02:00
295896062,de:11000:900130002:1:51,-0.3,2026-10-02T01:01:04.695736+02:00
295896062,de:11000:900110011:1:51,-0.7,2026-10-02T01:01:04.695736+02:00
295896062,de:11000:900007102:1:50,-0.7,2026-10-02T01:01:04.695736+02:00
295896062,de:11000:900008101:1:50,-0.5,2026-10-02T01:01:04.695736+02:00
295896062,de:11000:900007104:1:51,-0.2,2026-10-02T01:01:04.695736+02:00
295896062,de:11000:900100007:1:50,-0.2,2026-10-02T01:01:04.695736+02:00
295896062,de:11000:900100001:4:56,0.0,2026-10-02T01:01:04.695736+02:00
295896062,de:11000:900100025:1:50,-0.9,2026-10-02T01:01:04.695736+02:00
295896062,de:11000:900100020:3:54,-0.9,2026-10-02T01:01:04.695736+02:00
295896062,de:11000:900012101:1:51,0.0,2026-10-02T01:01:04.695736+02:00
295896062,de:11000:900058103:1:50,-0.8,2026-10-02T01:01:04.695736+02:00
295896062,de:11000:900058101:1:50,-0.4,2026-10-02T01:01:04.695736+02:00
295896062,de:11000:900058102:1:50,-0.4,2026-10-02T01:01:04.695736+02:00
295896062,de:11000:900068301:1:50,-0.7,2026-10-02T01:01:04.695736+02:00
295896062,de:11000:900073101:1:50,-0.9,2026-10-02T01:01:04.695736+02:00
295896062,de:11000:900072101:1:50,-0.2,2026-10-02T01:01:04.695736+02:00
295896062,de:11000:900074202:1:50,-0.2,2026-10-02T01:01:04.695736+02:00
295896062,de:11000:900074201:1:50,-0.4,2026-10-02T01:01:04.695736+02:00
295903144,de:12069:900220114:1:50,0.0,2026-10-02T01:01:04.695736+02:00
295903144,de:11000:900064201:1:51,-0.1,2026-10-02T01:01:04.695736+02:00
295903144,de:11000:900064256:1:51,0.0,2026-10-02T01:01:04.695736+02:00
295903144,de:11000:900064301:3:53,-0.3,2026-10-02T01:01:04.695736+02:00
295903144,de:11000:900067221:1:50,-0.3,2026-10-02T01:01:04.695736+02:00
295903144,de:11000:900063452:1:51,-0.4,2026-10-02T01:01:04.695736+02:00
295903144,de:11000:900058102:2:53,-0.5,2026-10-02T01:01:04.695736+02:00
295903144,de:11000:900058101:1:51,-0.3,2026-10-02T01:01:04.695736+02:00
295903144,de:11000:900058103:1:51,0.0,2026-10-02T01:01:04.695736+02:00
295903144,de:11000:900012101:2:53,-0.7,2026-10-02T01:01:04.695736+02:00
295903144,de:11000:900100020:4:57,-0.8,2026-10-02T01:01:04.695736+02:00
295903144,de:11000:900100025:1:51,-0.9,2026-10-02T01:01:04.695736+02:00
295903144,de:11000:900100001:4:57,-0.6,2026-10-02T01:01:04.695736+02:00
295903144,de:11000:900100007:1:51,-0.7,2026-10-02T01:01:04.695736+02:00
295903144,de:11000:900007104:2:52,-0.7,2026-10-02T01:01:04.695736+02:00
295903144,de:11000:900008101:1:51,-0.4,2026-10-02T01:01:04.695736+02:00
295903144,de:11000:900007102:2:53,-0.2,2026-10-02T01:01:04.695736+02:00
295903144,de:11000:900110011:2:52,-0.4,2026-10-02T01:01:04.695736+02:00
295903144,de:11000:900130002:1:50,0.0,2026-10-02T01:01:04.695736+02:00
295903144,de:11000:900130001:1:50,-0.7,2026-10-02T01:01:04.695736+02:00
295903144,de:11000:900142001:1:50,-0.2,2026-10-02T01:01:04.695736+02:00
295903143,de:12069:900220114:1:50,0.0,2026-10-02T01:01:04.695736+02:00
295903143,de:11000:900064201:1:51,-0.1,2026-10-02T01:01:04.695736+02:00
295903143,de:11000:900064256:1:51,0.0,2026-10-02T01:01:04.695736+02:00
295903143,de:11000:900064301:3:53,-0.3,2026-10-02T01:01:04.695736+02:00
295903143,de:11000:900067221:1:50,-0.3,2026-10-02T01:01:04.695736+02:00
295903143,de:11000:900063452:1:51,-0.4,2026-10-02T01:01:04.695736+02:00
295903143,de:11000:900058102:2:53,-0.5,2026-10-02T01:01:04.695736+02:00
295903143,de:11000:900058101:1:51,-0.3,2026-10-02T01:01:04.695736+02:00
295903143,de:11000:900058103:1:51,0.0,2026-10-02T01:01:04.695736+02:00
295903143,de:11000:900012101:2:53,-0.7,2026-10-02T01:01:04.695736+02:00
295903143,de:11000:900100020:4:57,-0.8,2026-10-02T01:01:04.695736+02:00
295903143,de:11000:900100025:1:51,-0.9,2026-10-02T01:01:04.695736+02:00
295903143,de:11000:900100001:4:57,-0.6,2026-10-02T01:01:04.695736+02:00
295903143,de:11000:900100007:1:51,-0.7,2026-10-02T01:01:04.695736+02:00
295903143,de:11000:900007104:2:52,-0.7,2026-10-02T01:01:04.695736+02:00
295903143,de:11000:900008101:1:51,-0.4,2026-10-02T01:01:04.695736+02:00
295903143,de:11000:900007102:2:53,-0.2,2026-10-02T01:01:04.695736+02:00
295903143,de:11000:900110011:2:52,-0.4,2026-10-02T01:01:04.695736+02:00
295903143,de:11000:900130002:1:50,0.0,2026-10-02T01:01:04.695736+02:00
295903143,de:11000:900130001:1:50,-0.7,2026-10-02T01:01:04.695736+02:00
295903143,de:11000:900142001:1:50,-0.2,2026-10-02T01:01:04.695736+02:00
295903003,de:11000:900142001:1:51,0.0,2026-10-02T01:01:04.695736+02:00
295903003,de:11000:900130001:1:51,-0.2,2026-10-02T01:01:04.695736+02:00
295903003,de:11000:900130002:1:51,-0.7,2026-10-02T01:01:04.695736+02:00
295903003,de:11000:900110011:1:51,-0.2,2026-10-02T01:01:04.695736+02:00
295903003,de:11000:900007102:1:50,-0.7,2026-10-02T01:01:04.695736+02:00
295903003,de:11000:900008101:1:50,-0.4,2026-10-02T01:01:04.695736+02:00
295903003,de:11000:900007104:1:51,-0.2,2026-10-02T01:01:04.695736+02:00
295903003,de:11000:900100007:1:50,-0.2,2026-10-02T01:01:04.695736+02:00
295903003,de:11000:900100001:4:56,0.0,2026-10-02T01:01:04.695736+02:00
295903003,de:11000:900100025:1:50,-0.9,2026-10-02T01:01:04.695736+02:00
295903003,de:11000:900100020:3:54,-0.9,2026-10-02T01:01:04.695736+02:00
295903003,de:11000:900012101:1:51,0.0,2026-10-02T01:01:04.695736+02:00
295903003,de:11000:900058103:1:50,-0.7,2026-10-02T01:01:04.695736+02:00
295903003,de:11000:900058101:1:50,-0.3,2026-10-02T01:01:04.695736+02:00
295903003,de:11000:900058102:1:52,0.0,2026-10-02T01:01:04.695736+02:00
295903003,de:11000:900063452:1:50,-0.1,2026-10-02T01:01:04.695736+02:00
295903003,de:11000:900067221:1:50,-0.2,2026-10-02T01:01:04.695736+02:00
295903003,de:11000:900064301:3:52,-0.2,2026-10-02T01:01:04.695736+02:00
295903003,de:11000:900064256:1:50,-0.7,2026-10-02T01:01:04.695736+02:00
295903003,de:11000:900064201:1:50,-0.6,2026-10-02T01:01:04.695736+02:00
295903003,de:12069:900220114:1:50,-0.9,2026-10-02T01:01:04.695736+02:00
295906967,de:11000:900029101:1:50,0.0,2026-10-02T01:01:04.695736+02:00
295906967,de:11000:900030202:1:50,-0.3,2026-10-02T01:01:04.695736+02:00
295906967,de:11000:900025424:1:51,-0.2,2026-10-02T01:01:04.695736+02:00
295906967,de:11000:900025321:1:51,-0.2,2026-10-02T01:01:04.695736+02:00
295906967,de:11000:900026105:1:50,-0.4,2026-10-02T01:01:04.695736+02:00
295906967,de:11000:900025423:1:50,-0.7,2026-10-02T01:01:04.695736+02:00
295906967,de:11000:900024102:2:53,-0.7,2026-10-02T01:01:04.695736+02:00
295906967,de:11000:900024101:3:55,-0.3,2026-10-02T01:01:04.695736+02:00
295906967,de:11000:900024203:1:51,-0.8,2026-10-02T01:01:04.695736+02:00
295906967,de:11000:900023201:3:54,-0.7,2026-10-02T01:01:04.695736+02:00
295906967,de:11000:900003103:1:50,-0.8,2026-10-02T01:01:04.695736+02:00
295906967,de:11000:900003102:1:50,-0.9,2026-10-02T01:01:04.695736+02:00
295906967,de:11000:900003201:3:54,-0.5,2026-10-02T01:01:04.695736+02:00
295906967,de:11000:900100001:3:54,-0.1,2026-10-02T01:01:04.695736+02:00
295906967,de:11000:900100002:1:50,-0.4,2026-10-02T01:01:04.695736+02:00
295906967,de:11000:900100003:2:52,-0.1,2026-10-02T01:01:04.695736+02:00
295906967,de:11000:900100004:1:50,-0.4,2026-10-02T01:01:04.695736+02:00
295906967,de:11000:900120005:4:55,-0.6,2026-10-02T01:01:04.695736+02:00
295906967,de:11000:900120004:1:50,-0.1,2026-10-02T01:01:04.695736+02:00
295906967,de:11000:900120003:2:53,-0.4,2026-10-02T01:01:04.695736+02:00
295906967,de:11000:900160001:1:51,-0.4,2026-10-02T01:01:04.695736+02:00
295906967,de:11000:900160002:1:50,-0.7,2026-10-02T01:01:04.695736+02:00
295906967,de:11000:900162001:1:51,-0.3,2026-10-02T01:01:04.695736+02:00
295906967,de:11000:900180002:1:51,-0.3,2026-10-02T01:01:04.695736+02:00
295906967,de:11000:900180001:1:50,-0.7,2026-10-02T01:01:04.695736+02:00
295906967,de:11000:900182001:1:51,-0.2,2026-10-02T01:01:04.695736+02:00
295906967,de:11000:900182002:1:51,-0.4,2026-10-02T01:01:04.695736+02:00
295906967,de:11000:900183001:1:51,0.0,2026-10-02T01:01:04.695736+02:00
295906967,de:11000:900183002:1:51,-0.3,2026-10-02T01:01:04.695736+02:00
295906967,de:12067:900310004:3:52,-0.5,2026-10-02T01:01:04.695736+02:00
307434477,de:11000:900192001:1:50,0.0,2026-10-02T01:01:04.695736+02:00
307434477,de:11000:900120003:4:57,0.0,2026-10-02T01:01:04.695736+02:00
307434477,de:11000:900007102:4:56,0.0,2026-10-02T01:01:04.695736+02:00
307434477,de:11000:900029101:2:52,0.0,2026-10-02T01:01:04.695736+02:00
307434477,de:11000:900037168:1:50,0.0,2026-10-02T01:01:04.695736+02:00
307434477,de:12063:900210180:1:50,0.0,2026-10-02T01:01:04.695736+02:00
307434477,de:12063:900210010:1:50,0.0,2026-10-02T01:01:04.695736+02:00
307434477,de:12063:900210011:1:50,0.0,2026-10-02T01:01:04.695736+02:00
307434477,de:12063:900210326:1:50,0.0,2026-10-02T01:01:04.695736+02:00
307434477,de:12063:900210005:1:50,0.0,2026-10-02T01:01:04.695736+02:00
307444186,de:12062:900415345:2:51,0.0,2026-10-02T01:01:04.695736+02:00
307444186,de:12062:900415683:1:50,0.0,2026-10-02T01:01:04.695736+02:00
307444186,000300839001,0.0,2026-10-02T01:01:04.695736+02:00
307444186,000300838001,0.0,2026-10-02T01:01:04.695736+02:00
307444186,de:12072:900245303:1:50,0.0,2026-10-02T01:01:04.695736+02:00
307444186,de:12072:900245019:2:51,0.0,2026-10-02T01:01:04.695736+02:00
307444186,de:12072:900245002:3:53,0.0,2026-10-02T01:01:04.695736+02:00
306895403,de:12067:900311129::3,0.0,2026-10-02T01:01:04.695736+02:00
306895403,de:12067:900310755::2,0.0,2026-10-02T01:01:04.695736+02:00
306895403,de:12067:900310728::2,0.0,2026-10-02T01:01:04.695736+02:00
306895403,de:12067:900310727::2,0.0,2026-10-02T01:01:04.695736+02:00
306895403,de:12067:900310942::1,0.0,2026-10-02T01:01:04.695736+02:00
306895403,de:12067:900310902::1,0.0,2026-10-02T01:01:04.695736+02:00
306895403,de:12067:900311064::1,0.0,2026-10-02T01:01:04.695736+02:00
306895403,de:12067:900311065::1,0.0,2026-10-02T01:01:04.695736+02:00
306895403,de:12067:900310826::1,0.0,2026-10-02T01:01:04.695736+02:00
306895403,de:12067:900311098::1,0.0,2026-10-02T01:01:04.695736+02:00
306895403,de:12067:900310832::1,0.0,2026-10-02T01:01:04.695736+02:00
306895403,de:12067:900310701::2,0.0,2026-10-02T01:01:04.695736+02:00
306895403,de:12067:900310700::1,0.0,2026-10-02T01:01:04.695736+02:00
306895403,de:12067:900310731::2,0.0,2026-10-02T01:01:04.695736+02:00
306895403,de:12067:900311079::2,0.0,2026-10-02T01:01:04.695736+02:00
306895403,de:12067:900311009::1,0.0,2026-10-02T01:01:04.695736+02:00
306895403,de:12067:900311076::1,0.0,2026-10-02T01:01:04.695736+02:00
306895403,de:12067:900310613::1,0.0,2026-10-02T01:01:04.695736+02:00
306896548,de:12067:900311046::2,0.0,2026-10-02T01:01:04.695736+02:00
306896548,de:12067:900311045::2,0.0,2026-10-02T01:01:04.695736+02:00
306896548,de:12067:900310962::2,0.0,2026-10-02T01:01:04.695736+02:00
306896548,de:12067:900310959::2,0.0,2026-10-02T01:01:04.695736+02:00
306896548,de:12067:900310963::2,0.0,2026-10-02T01:01:04.695736+02:00
306896548,de:12067:900311083::2,0.0,2026-10-02T01:01:04.695736+02:00
307443345,de:12073:900340004:3:54,0.0,2026-10-02T01:01:04.695736+02:00
307443345,de:12060:900350127:3:53,0.0,2026-10-02T01:01:04.695736+02:00
307443345,de:12060:900350160:2:52,0.0,2026-10-02T01:01:04.695736+02:00
307443345,de:11000:900007102:4:57,0.0,2026-10-02T01:01:04.695736+02:00
295911038,de:11000:900162001:1:50,0.0,2026-10-02T01:01:04.695736+02:00
295911038,de:11000:900160002:1:50,-0.7,2026-10-02T01:01:04.695736+02:00
295911038,de:11000:900160001:1:50,0.0,2026-10-02T01:01:04.695736+02:00
295911038,de:11000:900120003:3:55,-0.7,2026-10-02T01:01:04.695736+02:00
295911038,de:11000:900120004:2:53,0.0,2026-10-02T01:01:04.695736+02:00
295911038,de:11000:900120005:4:56,-0.2,2026-10-02T01:01:04.695736+02:00
295911034,de:11000:900162001:1:50,0.0,2026-10-02T01:01:04.695736+02:00
295911034,de:11000:900160002:1:50,-0.7,2026-10-02T01:01:04.695736+02:00
295911034,de:11000:900160001:1:50,0.0,2026-10-02T01:01:04.695736+02:00
295911034,de:11000:900120003:3:55,-0.7,2026-10-02T01:01:04.695736+02:00
295911034,de:11000:900120004:2:53,0.0,2026-10-02T01:01:04.695736+02:00
295911034,de:11000:900120005:4:56,-0.2,2026-10-02T01:01:04.695736+02:00
295910958,de:11000:900120005:4:56,0.0,2026-10-02T01:01:04.695736+02:00
295910958,de:11000:900120004:1:50,-0.9,2026-10-02T01:01:04.695736+02:00
295910958,de:11000:900120003:2:53,-0.1,2026-10-02T01:01:04.695736+02:00
295910958,de:11000:900160001:1:51,-0.9,2026-10-02T01:01:04.695736+02:00
295910958,de:11000:900160002:1:50,-0.2,2026-10-02T01:01:04.695736+02:00
295910958,de:11000:900162001:1:51,-0.3,2026-10-02T01:01:04.695736+02:00
306896839,de:12067:900310001::4,0.0,2026-10-02T01:01:04.695736+02:00
306896839,de:12067:900310696::1,0.0,2026-10-02T01:01:04.695736+02:00
306896839,de:12067:900310788::1,0.0,2026-10-02T01:01:04.695736+02:00
306896839,de:12067:900310936::1,0.0,2026-10-02T01:01:04.695736+02:00
306896839,de:12067:900311125::1,0.0,2026-10-02T01:01:04.695736+02:00
306896839,de:12067:900310860::1,0.0,2026-10-02T01:01:04.695736+02:00
306896839,de:12067:900311157::1,0.0,2026-10-02T01:01:04.695736+02:00
306896839,de:12067:900310864::1,0.0,2026-10-02T01:01:04.695736+02:00
306896839,de:12067:900310861::1,0.0,2026-10-02T01:01:04.695736+02:00
306896839,de:12067:900310002::3,0.0,2026-10-02T01:01:04.695736+02:00
306896839,de:12067:900310895::1,0.0,2026-10-02T01:01:04.695736+02:00
306896839,de:12067:900310896::1,0.0,2026-10-02T01:01:04.695736+02:00
306896839,de:12067:900310897::1,0.0,2026-10-02T01:01:04.695736+02:00
306896839,de:12067:900310894::1,0.0,2026-10-02T01:01:04.695736+02:00
306896839,de:12064:900320888::4,0.0,2026-10-02T01:01:04.695736+02:00
306896839,de:12064:900320886::1,0.0,2026-10-02T01:01:04.695736+02:00
306896839,de:12064:900320284::1,0.0,2026-10-02T01:01:04.695736+02:00
306896839,de:12064:900320278::1,0.0,2026-10-02T01:01:04.695736+02:00
306896839,de:12064:900320274::1,0.0,2026-10-02T01:01:04.695736+02:00
307440603,de:12065:900200000:1:50,0.0,2026-10-02T01:01:04.695736+02:00
307440603,de:12065:900200004:1:50,0.0,2026-10-02T01:01:04.695736+02:00
307440603,de:12065:900203452:1:50,0.0,2026-10-02T01:01:04.695736+02:00
307440603,de:12065:900203491:1:50,0.0,2026-10-02T01:01:04.695736+02:00
307440603,de:12068:900205512:1:50,0.0,2026-10-02T01:01:04.695736+02:00
307440603,de:12068:900205005:2:51,0.0,2026-10-02T01:01:04.695736+02:00
307440603,de:12068:900205006:2:51,0.0,2026-10-02T01:01:04.695736+02:00
307440603,de:12068:900205617:1:50,0.0,2026-10-02T01:01:04.695736+02:00
307440603,de:12068:900205130:1:50,0.0,2026-10-02T01:01:04.695736+02:00
307440603,de:12068:900205322:1:50,0.0,2026-10-02T01:01:04.695736+02:00
307440603,de:12070:900215723:1:50,0.0,2026-10-02T01:01:04.695736+02:00
307440603,de:12070:900215350:2:51,0.0,2026-10-02T01:01:04.695736+02:00
307440603,de:12070:900215696:1:50,0.0,2026-10-02T01:01:04.695736+02:00
307440603,de:12070:900216013:1:50,0.0,2026-10-02T01:01:04.695736+02:00
307440603,de:12070:900216026:3:53,0.0,2026-10-02T01:01:04.695736+02:00
307440900,de:12070:900216026:3:53,0.0,2026-10-02T01:01:04.695736+02:00
307440900,de:12070:900216013:1:50,0.0,2026-10-02T01:01:04.695736+02:00
307440900,de:12070:900215696:1:50,0.0,2026-10-02T01:01:04.695736+02:00
307440900,de:12070:900215350:1:50,0.0,2026-10-02T01:01:04.695736+02:00
307440900,de:12070:900215723:1:50,0.0,2026-10-02T01:01:04.695736+02:00
307440900,de:12068:900205322:1:50,0.0,2026-10-02T01:01:04.695736+02:00
307440900,de:12068:900205130:1:50,0.0,2026-10-02T01:01:04.695736+02:00
307440900,de:12068:900205617:2:51,0.0,2026-10-02T01:01:04.695736+02:00
307440900,de:12068:900205006:1:50,0.0,2026-10-02T01:01:04.695736+02:00
307440900,de:12068:900205005:1:50,0.0,2026-10-02T01:01:04.695736+02:00
307440900,de:12068:900205512:1:50,0.0,2026-10-02T01:01:04.695736+02:00
307440900,de:12065:900203491:1:50,0.0,2026-10-02T01:01:04.695736+02:00
307440900,de:12065:900203452:1:50,0.0,2026-10-02T01:01:04.695736+02:00
307440900,de:12065:900200004:1:51,0.0,2026-10-02T01:01:04.695736+02:00
307440900,de:12065:900200000:1:50,0.0,2026-10-02T01:01:04.695736+02:00
307437165,de:12061:900261512:2:51,0.0,2026-10-02T01:01:04.695736+02:00
307437165,de:12066:900435602:2:51,0.0,2026-10-02T01:01:04.695736+02:00
307437165,de:12066:900435459:2:52,0.0,2026-10-02T01:01:04.695736+02:00
307437165,de:12066:900435818:1:50,0.0,2026-10-02T01:01:04.695736+02:00
307437165,de:12066:900435209:1:50,0.0,2026-10-02T01:01:04.695736+02:00
307437165,de:12066:900435339:1:50,0.0,2026-10-02T01:01:04.695736+02:00
307437165,de:12066:900435001:3:53,0.0,2026-10-02T01:01:04.695736+02:00
307437165,de:12066:900435000:2:53,0.0,2026-10-02T01:01:04.695736+02:00
295910333,de:12067:900310004:3:52,0.0,2026-10-02T01:01:04.695736+02:00
295910333,de:11000:900183002:1:50,-0.1,2026-10-02T01:01:04.695736+02:00
295910333,de:11000:900183001:1:50,-0.4,2026-10-02T01:01:04.695736+02:00
295910333,de:11000:900182002:1:50,0.0,2026-10-02T01:01:04.695736+02:00
295910333,de:11000:900182001:1:50,-0.2,2026-10-02T01:01:04.695736+02:00
295910333,de:11000:900180001:1:50,-0.7,2026-10-02T01:01:04.695736+02:00
295910333,de:11000:900180002:1:50,-0.7,2026-10-02T01:01:04.695736+02:00
295910333,de:11000:900162001:1:50,-0.9,2026-10-02T01:01:04.695736+02:00
295910333,de:11000:900160002:1:50,0.0,2026-10-02T01:01:04.695736+02:00
295910333,de:11000:900160001:1:50,-0.3,2026-10-02T01:01:04.695736+02:00
295910333,de:11000:900120003:3:55,-0.1,2026-10-02T01:01:04.695736+02:00
295910333,de:11000:900120004:2:53,-0.6,2026-10-02T01:01:04.695736+02:00
295910333,de:11000:900120005:5:58,-0.9,2026-10-02T01:01:04.695736+02:00
295910333,de:11000:900100004:1:51,-0.9,2026-10-02T01:01:04.695736+02:00
295910333,de:11000:900100003:2:53,-0.9,2026-10-02T01:01:04.695736+02:00
295910333,de:11000:900100002:1:51,-0.9,2026-10-02T01:01:04.695736+02:00
295910333,de:11000:900100001:3:55,-0.9,2026-10-02T01:01:04.695736+02:00
295910333,de:11000:900003201:3:55,-0.6,2026-10-02T01:01:04.695736+02:00
295910333,de:11000:900003102:1:51,-0.3,2026-10-02T01:01:04.695736+02:00
295910333,de:11000:900003103:1:51,-0.4,2026-10-02T01:01:04.695736+02:00
295910333,de:11000:900023201:3:55,-0.3,2026-10-02T01:01:04.695736+02:00
295910333,de:11000:900024203:1:51,-0.3,2026-10-02T01:01:04.695736+02:00
295910333,de:11000:900024101:4:56,-0.3,2026-10-02T01:01:04.695736+02:00
295910351,de:12067:900310004:3:53,0.0,2026-10-02T01:01:04.695736+02:00
295910351,de:11000:900183002:1:50,-0.1,2026-10-02T01:01:04.695736+02:00
295910351,de:11000:900183001:1:50,-0.4,2026-10-02T01:01:04.695736+02:00
295910351,de:11000:900182002:1:50,0.0,2026-10-02T01:01:04.695736+02:00
295910351,de:11000:900182001:1:50,-0.2,2026-10-02T01:01:04.695736+02:00
295910351,de:11000:900180001:1:50,-0.7,2026-10-02T01:01:04.695736+02:00
295910351,de:11000:900180002:1:50,-0.7,2026-10-02T01:01:04.695736+02:00
295910351,de:11000:900162001:1:50,-0.9,2026-10-02T01:01:04.695736+02:00
295910351,de:11000:900160002:1:50,0.0,2026-10-02T01:01:04.695736+02:00
295910351,de:11000:900160001:1:50,-0.3,2026-10-02T01:01:04.695736+02:00
295910351,de:11000:900120003:3:55,-0.1,2026-10-02T01:01:04.695736+02:00
295910351,de:11000:900120004:2:53,-0.6,2026-10-02T01:01:04.695736+02:00
295910351,de:11000:900120005:5:58,-0.9,2026-10-02T01:01:04.695736+02:00
295910351,de:11000:900100004:1:51,-0.9,2026-10-02T01:01:04.695736+02:00
295910351,de:11000:900100003:2:53,-0.9,2026-10-02T01:01:04.695736+02:00
295910351,de:11000:900100002:1:51,-0.9,2026-10-02T01:01:04.695736+02:00
295910351,de:11000:900100001:3:55,-0.9,2026-10-02T01:01:04.695736+02:00
295910351,de:11000:900003201:3:55,-0.6,2026-10-02T01:01:04.695736+02:00
295910351,de:11000:900003102:1:51,-0.3,2026-10-02T01:01:04.695736+02:00
295910351,de:11000:900003103:1:51,-0.4,2026-10-02T01:01:04.695736+02:00
295910351,de:11000:900023201:3:55,-0.3,2026-10-02T01:01:04.695736+02:00
295910351,de:11000:900024203:1:51,-0.3,2026-10-02T01:01:04.695736+02:00
295910351,de:11000:900024101:4:56,-0.3,2026-10-02T01:01:04.695736+02:00
307446019,de:12070:900216026:3:53,0.0,2026-10-02T01:01:04.695736+02:00
307446019,de:15090:8010121,0.0,2026-10-02T01:01:04.695736+02:00
307446019,de:15090:8012967,0.0,2026-10-02T01:01:04.695736+02:00
307446019,de:15090:8012568,0.0,2026-10-02T01:01:04.695736+02:00
307446019,de:15090:8011665,0.0,2026-10-02T01:01:04.695736+02:00
307446019,de:15090:8011460,0.0,2026-10-02T01:01:04.695736+02:00
307446019,000008013045,0.0,2026-10-02T01:01:04.695736+02:00
307446019,de:15090:8010335,0.0,2026-10-02T01:01:04.695736+02:00
307446019,de:15090:8010334,0.0,2026-10-02T01:01:04.695736+02:00
307446019,de:15090:8011355,0.0,2026-10-02T01:01:04.695736+02:00
307446019,de:15090:8013083,0.0,2026-10-02T01:01:04.695736+02:00
307446019,de:15083:8012295,0.0,2026-10-02T01:01:04.695736+02:00
307446019,de:15083:8011042,0.0,2026-10-02T01:01:04.695736+02:00
307446019,de:15083:8013402,0.0,2026-10-02T01:01:04.695736+02:00
307446019,de:15083:8073410,0.0,2026-10-02T01:01:04.695736+02:00
307446019,de:15083:8013344,0.0,2026-10-02T01:01:04.695736+02:00
307446019,de:15003:8010086,0.0,2026-10-02T01:01:04.695736+02:00
307446019,de:15003:8012289,0.0,2026-10-02T01:01:04.695736+02:00
307446019,de:15003:8010226,0.0,2026-10-02T01:01:04.695736+02:00
307446019,de:15003:8010224,0.0,2026-10-02T01:01:04.695736+02:00
307446019,de:15003:8013456,0.0,2026-10-02T01:01:04.695736+02:00
307446019,de:15003:8013485,0.0,2026-10-02T01:01:04.695736+02:00
307446019,de:15003:8012291,0.0,2026-10-02T01:01:04.695736+02:00
307446019,de:15003:8012287,0.0,2026-10-02T01:01:04.695736+02:00
307446019,de:15089:8081270,0.0,2026-10-02T01:01:04.695736+02:00
307446019,de:15089:8010318,0.0,2026-10-02T01:01:04.695736+02:00
307446019,de:15089:8081260,0.0,2026-10-02T01:01:04.695736+02:00
307446019,de:15089:8012907,0.0,2026-10-02T01:01:04.695736+02:00
307280469,de:11000:900020202:1:50,0.0,2026-10-02T01:01:04.695736+02:00
307280469,de:11000:900001201:1:50,-0.2,2026-10-02T01:01:04.695736+02:00
307280469,de:11000:900009104:1:50,-0.8,2026-10-02T01:01:04.695736+02:00
307280469,de:11000:900007102:2:52,-0.4,2026-10-02T01:01:04.695736+02:00
307280469,de:11000:900110001:1:50,-0.6,2026-10-02T01:01:04.695736+02:00
307280469,de:11000:900110002:1:50,-0.4,2026-10-02T01:01:04.695736+02:00
307280469,de:11000:900110003:1:50,-0.4,2026-10-02T01:01:04.695736+02:00
307280469,de:11000:900110004:1:50,-0.8,2026-10-02T01:01:04.695736+02:00
307280469,de:11000:900110012:1:50,-0.7,2026-10-02T01:01:04.695736+02:00
307280469,de:11000:900120001:1:50,-0.7,2026-10-02T01:01:04.695736+02:00
307280469,de:11000:900120003:5:58,-0.1,2026-10-02T01:01:04.695736+02:00
307280469,de:11000:900190001:1:50,-0.4,2026-10-02T01:01:04.695736+02:00
307280469,de:11000:900077106:1:50,-0.4,2026-10-02T01:01:04.695736+02:00
307280469,de:11000:900078201:1:50,-0.3,2026-10-02T01:01:04.695736+02:00
307280469,de:11000:900079221:1:50,-0.2,2026-10-02T01:01:04.695736+02:00
307280469,de:11000:900068201:1:50,-0.8,2026-10-02T01:01:04.695736+02:00
307280469,de:11000:900058101:5:58,-0.1,2026-10-02T01:01:04.695736+02:00
307280469,de:11000:900054104:2:52,-0.7,2026-10-02T01:01:04.695736+02:00
307280469,de:11000:900054105:1:50,-0.9,2026-10-02T01:01:04.695736+02:00
307280469,de:11000:900044202:1:50,-0.7,2026-10-02T01:01:04.695736+02:00
307280469,de:11000:900045102:1:50,-0.7,2026-10-02T01:01:04.695736+02:00
307280469,de:11000:900044101:1:50,-0.8,2026-10-02T01:01:04.695736+02:00
307280469,de:11000:900040101:1:50,-0.3,2026-10-02T01:01:04.695736+02:00
307280469,de:11000:900024101:3:54,-0.8,2026-10-02T01:01:04.695736+02:00
307280582,de:11000:900020202:1:51,0.0,2026-10-02T01:01:04.695736+02:00
307280582,de:11000:900001201:1:51,-0.2,2026-10-02T01:01:04.695736+02:00
307280582,de:11000:900009104:1:51,-0.8,2026-10-02T01:01:04.695736+02:00
307280582,de:11000:900007102:2:52,-0.9,2026-10-02T01:01:04.695736+02:00
307280582,de:11000:900110001:1:50,-0.6,2026-10-02T01:01:04.695736+02:00
307280582,de:11000:900110002:1:50,-0.4,2026-10-02T01:01:04.695736+02:00
307280582,de:11000:900110003:1:50,-0.4,2026-10-02T01:01:04.695736+02:00
307280582,de:11000:900110004:1:50,-0.8,2026-10-02T01:01:04.695736+02:00
307280582,de:11000:900110012:1:50,-0.7,2026-10-02T01:01:04.695736+02:00
307280582,de:11000:900120001:1:50,-0.7,2026-10-02T01:01:04.695736+02:00
307280582,de:11000:900120003:5:58,-0.1,2026-10-02T01:01:04.695736+02:00
307280582,de:11000:900190001:1:50,-0.4,2026-10-02T01:01:04.695736+02:00
307280582,de:11000:900077106:1:50,-0.4,2026-10-02T01:01:04.695736+02:00
307280582,de:11000:900078201:1:50,-0.3,2026-10-02T01:01:04.695736+02:00
307280582,de:11000:900079221:1:50,-0.2,2026-10-02T01:01:04.695736+02:00
307280582,de:11000:900068201:1:50,-0.8,2026-10-02T01:01:04.695736+02:00
307280582,de:11000:900058101:5:58,-0.1,2026-10-02T01:01:04.695736+02:00
307280582,de:11000:900054104:2:52,-0.2,2026-10-02T01:01:04.695736+02:00
307280582,de:11000:900054105:1:50,-0.9,2026-10-02T01:01:04.695736+02:00
307280582,de:11000:900044202:1:50,-0.7,2026-10-02T01:01:04.695736+02:00
307280582,de:11000:900045102:1:50,-0.7,2026-10-02T01:01:04.695736+02:00
307280582,de:11000:900044101:1:50,-0.8,2026-10-02T01:01:04.695736+02:00
307280582,de:11000:900040101:1:50,-0.8,2026-10-02T01:01:04.695736+02:00
307280566,de:11000:900020202:1:51,0.0,2026-10-02T01:01:04.695736+02:00
307280566,de:11000:900001201:1:51,-0.2,2026-10-02T01:01:04.695736+02:00
307280566,de:11000:900009104:1:51,-0.8,2026-10-02T01:01:04.695736+02:00
307280566,de:11000:900007102:2:52,-0.9,2026-10-02T01:01:04.695736+02:00
307280566,de:11000:900110001:1:50,-0.6,2026-10-02T01:01:04.695736+02:00
307280566,de:11000:900110002:1:50,-0.4,2026-10-02T01:01:04.695736+02:00
307280566,de:11000:900110003:1:50,-0.4,2026-10-02T01:01:04.695736+02:00
307280566,de:11000:900110004:1:50,-0.8,2026-10-02T01:01:04.695736+02:00
307280566,de:11000:900110012:1:50,-0.7,2026-10-02T01:01:04.695736+02:00
307280566,de:11000:900120001:1:50,-0.7,2026-10-02T01:01:04.695736+02:00
307280566,de:11000:900120003:5:58,-0.1,2026-10-02T01:01:04.695736+02:00
307280566,de:11000:900190001:1:50,-0.4,2026-10-02T01:01:04.695736+02:00
307280566,de:11000:900077106:1:50,-0.4,2026-10-02T01:01:04.695736+02:00
307280566,de:11000:900078201:1:50,-0.3,2026-10-02T01:01:04.695736+02:00
307280566,de:11000:900079221:1:50,-0.2,2026-10-02T01:01:04.695736+02:00
307280566,de:11000:900068201:1:50,-0.8,2026-10-02T01:01:04.695736+02:00
307280566,de:11000:900058101:5:58,-0.1,2026-10-02T01:01:04.695736+02:00
307280566,de:11000:900054104:2:52,-0.2,2026-10-02T01:01:04.695736+02:00
307280566,de:11000:900054105:1:50,-0.9,2026-10-02T01:01:04.695736+02:00
307280566,de:11000:900044202:1:50,-0.7,2026-10-02T01:01:04.695736+02:00
307280566,de:11000:900045102:1:50,-0.7,2026-10-02T01:01:04.695736+02:00
307280566,de:11000:900044101:1:50,-0.8,2026-10-02T01:01:04.695736+02:00
307280566,de:11000:900040101:1:50,-0.8,2026-10-02T01:01:04.695736+02:00
307283063,de:11000:900009104:1:51,0.0,2026-10-02T01:01:04.695736+02:00
307283063,de:11000:900007102:2:52,-0.9,2026-10-02T01:01:04.695736+02:00
307283063,de:11000:900110001:1:50,-0.6,2026-10-02T01:01:04.695736+02:00
307283063,de:11000:900110002:1:50,-0.4,2026-10-02T01:01:04.695736+02:00
307283063,de:11000:900110003:1:50,-0.4,2026-10-02T01:01:04.695736+02:00
307283063,de:11000:900110004:1:50,-0.8,2026-10-02T01:01:04.695736+02:00
307283063,de:11000:900110012:1:50,-0.7,2026-10-02T01:01:04.695736+02:00
307283063,de:11000:900120001:1:50,-0.7,2026-10-02T01:01:04.695736+02:00
307283063,de:11000:900120003:5:58,-0.1,2026-10-02T01:01:04.695736+02:00
307283063,de:11000:900190001:1:50,-0.4,2026-10-02T01:01:04.695736+02:00
307283063,de:11000:900077106:1:50,-0.4,2026-10-02T01:01:04.695736+02:00
307283063,de:11000:900078201:1:50,-0.3,2026-10-02T01:01:04.695736+02:00
307283063,de:11000:900079221:1:50,-0.2,2026-10-02T01:01:04.695736+02:00
307283058,de:11000:900009104:1:51,0.0,2026-10-02T01:01:04.695736+02:00
307283058,de:11000:900007102:2:52,-0.9,2026-10-02T01:01:04.695736+02:00
307283058,de:11000:900110001:1:50,-0.6,2026-10-02T01:01:04.695736+02:00
307283058,de:11000:900110002:1:50,-0.4,2026-10-02T01:01:04.695736+02:00
307283058,de:11000:900110003:1:50,-0.4,2026-10-02T01:01:04.695736+02:00
307283058,de:11000:900110004:1:50,-0.8,2026-10-02T01:01:04.695736+02:00
307283058,de:11000:900110012:1:50,-0.7,2026-10-02T01:01:04.695736+02:00
307283058,de:11000:900120001:1:50,-0.7,2026-10-02T01:01:04.695736+02:00
307283058,de:11000:900120003:5:58,-0.1,2026-10-02T01:01:04.695736+02:00
307283058,de:11000:900190001:1:50,-0.4,2026-10-02T01:01:04.695736+02:00
307283058,de:11000:900077106:1:50,-0.4,2026-10-02T01:01:04.695736+02:00
307283058,de:11000:900078201:1:50,-0.3,2026-10-02T01:01:04.695736+02:00
307283058,de:11000:900079221:1:50,-0.2,2026-10-02T01:01:04.695736+02:00
307283044,de:11000:900009104:1:51,0.0,2026-10-02T01:01:04.695736+02:00
307283044,de:11000:900007102:2:52,-0.9,2026-10-02T01:01:04.695736+02:00
307283044,de:11000:900110001:1:50,-0.6,2026-10-02T01:01:04.695736+02:00
307283044,de:11000:900110002:1:50,-0.4,2026-10-02T01:01:04.695736+02:00
307283044,de:11000:900110003:1:50,-0.4,2026-10-02T01:01:04.695736+02:00
307283044,de:11000:900110004:1:50,-0.8,2026-10-02T01:01:04.695736+02:00
307283044,de:11000:900110012:1:50,-0.7,2026-10-02T01:01:04.695736+02:00
307283044,de:11000:900120001:1:50,-0.7,2026-10-02T01:01:04.695736+02:00
307283044,de:11000:900120003:5:58,-0.1,2026-10-02T01:01:04.695736+02:00
307283044,de:11000:900190001:1:50,-0.4,2026-10-02T01:01:04.695736+02:00
307283044,de:11000:900077106:1:50,-0.4,2026-10-02T01:01:04.695736+02:00
307283044,de:11000:900078201:1:50,-0.3,2026-10-02T01:01:04.695736+02:00
307283044,de:11000:900079221:1:50,-0.2,2026-10-02T01:01:04.695736+02:00
307283032,de:11000:900009104:1:51,0.0,2026-10-02T01:01:04.695736+02:00
307283032,de:11000:900007102:2:52,-0.9,2026-10-02T01:01:04.695736+02:00
307283032,de:11000:900110001:1:50,-0.6,2026-10-02T01:01:04.695736+02:00
307283032,de:11000:900110002:1:50,-0.4,2026-10-02T01:01:04.695736+02:00
307283032,de:11000:900110003:1:50,-0.4,2026-10-02T01:01:04.695736+02:00
307283032,de:11000:900110004:1:50,-0.8,2026-10-02T01:01:04.695736+02:00
307283032,de:11000:900110012:1:50,-0.7,2026-10-02T01:01:04.695736+02:00
307283032,de:11000:900120001:1:50,-0.7,2026-10-02T01:01:04.695736+02:00
307283032,de:11000:900120003:5:58,-0.1,2026-10-02T01:01:04.695736+02:00
307283032,de:11000:900190001:1:50,-0.4,2026-10-02T01:01:04.695736+02:00
307283032,de:11000:900077106:1:50,-0.4,2026-10-02T01:01:04.695736+02:00
307283032,de:11000:900078201:1:50,-0.3,2026-10-02T01:01:04.695736+02:00
307283032,de:11000:900079221:1:50,-0.2,2026-10-02T01:01:04.695736+02:00
307283028,de:11000:900009104:1:51,0.0,2026-10-02T01:01:04.695736+02:00
307283028,de:11000:900007102:2:52,-0.9,2026-10-02T01:01:04.695736+02:00
307283028,de:11000:900110001:1:50,-0.6,2026-10-02T01:01:04.695736+02:00
307283028,de:11000:900110002:1:50,-0.4,2026-10-02T01:01:04.695736+02:00
307283028,de:11000:900110003:1:50,-0.4,2026-10-02T01:01:04.695736+02:00
307283028,de:11000:900110004:1:50,-0.8,2026-10-02T01:01:04.695736+02:00
307283028,de:11000:900110012:1:50,-0.7,2026-10-02T01:01:04.695736+02:00
307283028,de:11000:900120001:1:50,-0.7,2026-10-02T01:01:04.695736+02:00
307283028,de:11000:900120003:5:58,-0.1,2026-10-02T01:01:04.695736+02:00
307283028,de:11000:900190001:1:50,-0.4,2026-10-02T01:01:04.695736+02:00
307283028,de:11000:900077106:1:50,-0.4,2026-10-02T01:01:04.695736+02:00
307283028,de:11000:900078201:1:50,-0.3,2026-10-02T01:01:04.695736+02:00
307283028,de:11000:900079221:1:50,-0.2,2026-10-02T01:01:04.695736+02:00
307286713,de:11000:900040101:1:50,0.0,2026-10-02T01:01:04.695736+02:00
307286713,de:11000:900044101:1:50,-0.8,2026-10-02T01:01:04.695736+02:00
307286713,de:11000:900045102:1:51,-0.9,2026-10-02T01:01:04.695736+02:00
307286713,de:11000:900044202:1:51,-0.9,2026-10-02T01:01:04.695736+02:00
307286713,de:11000:900054105:1:51,-0.7,2026-10-02T01:01:04.695736+02:00
307286713,de:11000:900054104:2:53,-0.3,2026-10-02T01:01:04.695736+02:00
307286713,de:11000:900058101:5:59,-0.2,2026-10-02T01:01:04.695736+02:00
307286713,de:11000:900068201:1:51,-0.8,2026-10-02T01:01:04.695736+02:00
307286713,de:11000:900079221:1:51,-0.4,2026-10-02T01:01:04.695736+02:00
307286713,de:11000:900078201:1:51,-0.1,2026-10-02T01:01:04.695736+02:00
307286713,de:11000:900077106:1:51,0.0,2026-10-02T01:01:04.695736+02:00
307286713,de:11000:900190001:2:52,-0.9,2026-10-02T01:01:04.695736+02:00
307286713,de:11000:900120003:5:59,-0.4,2026-10-02T01:01:04.695736+02:00
307286713,de:11000:900120001:1:51,0.0,2026-10-02T01:01:04.695736+02:00
307286713,de:11000:900110012:1:51,-0.2,2026-10-02T01:01:04.695736+02:00
307286713,de:11000:900110004:1:51,-0.1,2026-10-02T01:01:04.695736+02:00
307286713,de:11000:900110003:1:51,-0.4,2026-10-02T01:01:04.695736+02:00
307286713,de:11000:900110002:1:51,-0.4,2026-10-02T01:01:04.695736+02:00
307286713,de:11000:900110001:1:51,-0.1,2026-10-02T01:01:04.695736+02:00
307286713,de:11000:900007102:1:51,-0.6,2026-10-02T01:01:04.695736+02:00
307286713,de:11000:900009104:1:50,-0.8,2026-10-02T01:01:04.695736+02:00
307286713,de:11000:900001201:1:50,-0.3,2026-10-02T01:01:04.695736+02:00
307286713,de:11000:900020202:1:50,-0.1,2026-10-02T01:01:04.695736+02:00
306895322,de:12067:900310611::1,0.0,2026-10-02T01:01:04.695736+02:00
306895322,de:12067:900311058::2,0.0,2026-10-02T01:01:04.695736+02:00
306895322,de:12067:900311056::2,0.0,2026-10-02T01:01:04.695736+02:00
306895322,de:12067:900310612::2,0.0,2026-10-02T01:01:04.695736+02:00
306895322,de:12067:900311076::2,0.0,2026-10-02T01:01:04.695736+02:00
306895322,de:12067:900311009::1,0.0,2026-10-02T01:01:04.695736+02:00
306895322,de:12067:900311079::1,0.0,2026-10-02T01:01:04.695736+02:00
306895322,de:12067:900310731::1,0.0,2026-10-02T01:01:04.695736+02:00
306895322,de:12067:900310700::1,0.0,2026-10-02T01:01:04.695736+02:00
306895322,de:12067:900310925::1,0.0,2026-10-02T01:01:04.695736+02:00
306895322,de:12067:900310874::1,0.0,2026-10-02T01:01:04.695736+02:00
307286687,de:11000:900040101:1:50,0.0,2026-10-02T01:01:04.695736+02:00
307286687,de:11000:900044101:1:50,-0.8,2026-10-02T01:01:04.695736+02:00
307286687,de:11000:900045102:1:51,-0.9,2026-10-02T01:01:04.695736+02:00
307286687,de:11000:900044202:1:51,-0.9,2026-10-02T01:01:04.695736+02:00
307286687,de:11000:900054105:1:51,-0.7,2026-10-02T01:01:04.695736+02:00
307286687,de:11000:900054104:2:53,-0.3,2026-10-02T01:01:04.695736+02:00
307286687,de:11000:900058101:5:59,-0.2,2026-10-02T01:01:04.695736+02:00
307286687,de:11000:900068201:1:51,-0.8,2026-10-02T01:01:04.695736+02:00
307286687,de:11000:900079221:1:51,-0.4,2026-10-02T01:01:04.695736+02:00
307286687,de:11000:900078201:1:51,-0.1,2026-10-02T01:01:04.695736+02:00
307286687,de:11000:900077106:1:51,0.0,2026-10-02T01:01:04.695736+02:00
307286687,de:11000:900190001:2:52,-0.9,2026-10-02T01:01:04.695736+02:00
307286687,de:11000:900120003:5:59,-0.4,2026-10-02T01:01:04.695736+02:00
307286687,de:11000:900120001:1:51,0.0,2026-10-02T01:01:04.695736+02:00
307286687,de:11000:900110012:1:51,-0.2,2026-10-02T01:01:04.695736+02:00
307286687,de:11000:900110004:1:51,-0.1,2026-10-02T01:01:04.695736+02:00
307286687,de:11000:900110003:1:51,-0.4,2026-10-02T01:01:04.695736+02:00
307286687,de:11000:900110002:1:51,-0.4,2026-10-02T01:01:04.695736+02:00
307286687,de:11000:900110001:1:51,-0.1,2026-10-02T01:01:04.695736+02:00
307286687,de:11000:900007102:1:51,-0.6,2026-10-02T01:01:04.695736+02:00
307286687,de:11000:900009104:1:50,-0.8,2026-10-02T01:01:04.695736+02:00
307286687,de:11000:900001201:1:50,-0.3,2026-10-02T01:01:04.695736+02:00
307286687,de:11000:900020202:1:50,-0.1,2026-10-02T01:01:04.695736+02:00
307286620,de:11000:900024101:3:54,0.0,2026-10-02T01:01:04.695736+02:00
307286620,de:11000:900040101:1:50,-0.2,2026-10-02T01:01:04.695736+02:00
307286620,de:11000:900044101:1:50,-0.3,2026-10-02T01:01:04.695736+02:00
307286620,de:11000:900045102:1:51,-0.4,2026-10-02T01:01:04.695736+02:00
307286620,de:11000:900044202:1:51,-0.4,2026-10-02T01:01:04.695736+02:00
307286620,de:11000:900054105:1:51,-0.2,2026-10-02T01:01:04.695736+02:00
307286620,de:11000:900054104:2:53,-0.8,2026-10-02T01:01:04.695736+02:00
307286620,de:11000:900058101:5:59,-0.2,2026-10-02T01:01:04.695736+02:00
307286620,de:11000:900068201:1:51,-0.8,2026-10-02T01:01:04.695736+02:00
307286620,de:11000:900079221:1:51,-0.4,2026-10-02T01:01:04.695736+02:00
307286620,de:11000:900078201:1:51,-0.1,2026-10-02T01:01:04.695736+02:00
307286620,de:11000:900077106:1:51,0.0,2026-10-02T01:01:04.695736+02:00
307286620,de:11000:900190001:2:52,-0.9,2026-10-02T01:01:04.695736+02:00
307286620,de:11000:900120003:5:59,-0.4,2026-10-02T01:01:04.695736+02:00
307286620,de:11000:900120001:1:51,0.0,2026-10-02T01:01:04.695736+02:00
307286620,de:11000:900110012:1:51,-0.2,2026-10-02T01:01:04.695736+02:00
307286620,de:11000:900110004:1:51,-0.1,2026-10-02T01:01:04.695736+02:00
307286620,de:11000:900110003:1:51,-0.4,2026-10-02T01:01:04.695736+02:00
307286620,de:11000:900110002:1:51,-0.4,2026-10-02T01:01:04.695736+02:00
307286620,de:11000:900110001:1:51,-0.1,2026-10-02T01:01:04.695736+02:00
307286620,de:11000:900007102:1:51,-0.6,2026-10-02T01:01:04.695736+02:00
307286620,de:11000:900009104:1:51,-0.8,2026-10-02T01:01:04.695736+02:00
307286620,de:11000:900001201:1:51,-0.3,2026-10-02T01:01:04.695736+02:00
307286620,de:11000:900020202:1:51,-0.1,2026-10-02T01:01:04.695736+02:00
307286669,de:11000:900040101:1:50,0.0,2026-10-02T01:01:04.695736+02:00
307286669,de:11000:900044101:1:50,-0.8,2026-10-02T01:01:04.695736+02:00
307286669,de:11000:900045102:1:51,-0.9,2026-10-02T01:01:04.695736+02:00
307286669,de:11000:900044202:1:51,-0.9,2026-10-02T01:01:04.695736+02:00
307286669,de:11000:900054105:1:51,-0.7,2026-10-02T01:01:04.695736+02:00
307286669,de:11000:900054104:2:53,-0.3,2026-10-02T01:01:04.695736+02:00
307286669,de:11000:900058101:5:59,-0.2,2026-10-02T01:01:04.695736+02:00
307286669,de:11000:900068201:1:51,-0.8,2026-10-02T01:01:04.695736+02:00
307286669,de:11000:900079221:1:51,-0.4,2026-10-02T01:01:04.695736+02:00
307286669,de:11000:900078201:1:51,-0.1,2026-10-02T01:01:04.695736+02:00
307286669,de:11000:900077106:1:51,0.0,2026-10-02T01:01:04.695736+02:00
307286669,de:11000:900190001:2:52,-0.9,2026-10-02T01:01:04.695736+02:00
307286669,de:11000:900120003:5:59,-0.4,2026-10-02T01:01:04.695736+02:00
307286669,de:11000:900120001:1:51,0.0,2026-10-02T01:01:04.695736+02:00
307286669,de:11000:900110012:1:51,-0.2,2026-10-02T01:01:04.695736+02:00
307286669,de:11000:900110004:1:51,-0.1,2026-10-02T01:01:04.695736+02:00
307286669,de:11000:900110003:1:51,-0.4,2026-10-02T01:01:04.695736+02:00
307286669,de:11000:900110002:1:51,-0.4,2026-10-02T01:01:04.695736+02:00
307286669,de:11000:900110001:1:51,-0.1,2026-10-02T01:01:04.695736+02:00
307286669,de:11000:900007102:1:51,-0.6,2026-10-02T01:01:04.695736+02:00
307286669,de:11000:900009104:1:50,-0.8,2026-10-02T01:01:04.695736+02:00
307286669,de:11000:900001201:1:50,-0.3,2026-10-02T01:01:04.695736+02:00
307286669,de:11000:900020202:1:50,-0.1,2026-10-02T01:01:04.695736+02:00
307289053,de:11000:900079221:1:51,0.0,2026-10-02T01:01:04.695736+02:00
307289053,de:11000:900078201:1:51,-0.1,2026-10-02T01:01:04.695736+02:00
307289053,de:11000:900077106:1:51,0.0,2026-10-02T01:01:04.695736+02:00
307289053,de:11000:900190001:2:52,-0.9,2026-10-02T01:01:04.695736+02:00
307289053,de:11000:900120003:5:59,-0.4,2026-10-02T01:01:04.695736+02:00
307289053,de:11000:900120001:1:51,0.0,2026-10-02T01:01:04.695736+02:00
307289053,de:11000:900110012:1:51,-0.2,2026-10-02T01:01:04.695736+02:00
307289053,de:11000:900110004:1:51,-0.1,2026-10-02T01:01:04.695736+02:00
307289053,de:11000:900110003:1:51,-0.4,2026-10-02T01:01:04.695736+02:00
307289053,de:11000:900110002:1:51,-0.4,2026-10-02T01:01:04.695736+02:00
307289053,de:11000:900110001:1:51,-0.1,2026-10-02T01:01:04.695736+02:00
307289053,de:11000:900007102:1:51,-0.6,2026-10-02T01:01:04.695736+02:00
307289053,de:11000:900009104:1:51,-0.3,2026-10-02T01:01:04.695736+02:00
307444843,de:11000:900003200:2:52,0.0,2026-10-02T01:01:04.695736+02:00
307444843,de:11000:900007102:5:58,0.0,2026-10-02T01:01:04.695736+02:00
307444843,de:12065:900200005:1:2,0.0,2026-10-02T01:01:04.695736+02:00
307444843,de:12065:900203709:2:51,0.0,2026-10-02T01:01:04.695736+02:00
307444843,de:12065:900203749:1:50,0.0,2026-10-02T01:01:04.695736+02:00
307444843,de:12065:900203772:1:50,0.0,2026-10-02T01:01:04.695736+02:00
307444843,de:13071:80001,0.0,2026-10-02T01:01:04.695736+02:00
307444843,de:13071:5787,0.0,2026-10-02T01:01:04.695736+02:00
307444843,de:13071:17001,0.0,2026-10-02T01:01:04.695736+02:00
307444843,000008010201,0.0,2026-10-02T01:01:04.695736+02:00
307444843,000008010153,0.0,2026-10-02T01:01:04.695736+02:00
307444843,de:13003:1489,0.0,2026-10-02T01:01:04.695736+02:00
307292643,de:12061:900260001:2:52,0.0,2026-10-02T01:01:04.695736+02:00
307292643,de:12061:900260002:1:51,-0.8,2026-10-02T01:01:04.695736+02:00
307292643,de:12061:900260003:1:51,-0.7,2026-10-02T01:01:04.695736+02:00
307292643,de:12061:900260004:1:51,-0.9,2026-10-02T01:01:04.695736+02:00
307292643,de:11000:900186001:2:53,-0.2,2026-10-02T01:01:04.695736+02:00
307292643,de:11000:900193002:1:51,-0.2,2026-10-02T01:01:04.695736+02:00
307292643,de:11000:900193001:2:51,-0.8,2026-10-02T01:01:04.695736+02:00
307292643,de:11000:900192001:3:55,-0.7,2026-10-02T01:01:04.695736+02:00
307292643,de:11000:900191001:1:50,-0.4,2026-10-02T01:01:04.695736+02:00
307292643,de:11000:900077155:1:50,-0.9,2026-10-02T01:01:04.695736+02:00
307292643,de:11000:900078201:1:50,-0.4,2026-10-02T01:01:04.695736+02:00
307292643,de:11000:900079221:1:50,-0.2,2026-10-02T01:01:04.695736+02:00
307292643,de:11000:900068201:1:50,-0.8,2026-10-02T01:01:04.695736+02:00
307292643,de:11000:900058101:5:58,-0.1,2026-10-02T01:01:04.695736+02:00
307292643,de:11000:900054104:2:52,-0.2,2026-10-02T01:01:04.695736+02:00
307292643,de:11000:900054105:1:50,-0.9,2026-10-02T01:01:04.695736+02:00
307292643,de:11000:900044202:1:50,-0.7,2026-10-02T01:01:04.695736+02:00
307292205,de:11000:900044202:1:51,0.0,2026-10-02T01:01:04.695736+02:00
307292205,de:11000:900054105:1:51,-0.2,2026-10-02T01:01:04.695736+02:00
307292205,de:11000:900054104:2:53,-0.8,2026-10-02T01:01:04.695736+02:00
307292205,de:11000:900058101:5:59,-0.7,2026-10-02T01:01:04.695736+02:00
307292205,de:11000:900068201:1:51,-0.3,2026-10-02T01:01:04.695736+02:00
307292205,de:11000:900079221:1:51,-0.9,2026-10-02T01:01:04.695736+02:00
307292205,de:11000:900078201:1:51,-0.6,2026-10-02T01:01:04.695736+02:00
307292205,de:11000:900077155:1:51,-0.2,2026-10-02T01:01:04.695736+02:00
307292205,de:11000:900191001:2:51,-0.7,2026-10-02T01:01:04.695736+02:00
307292205,de:11000:900192001:2:52,-0.7,2026-10-02T01:01:04.695736+02:00
307292205,de:11000:900193001:1:50,-0.2,2026-10-02T01:01:04.695736+02:00
307292205,de:11000:900193002:1:50,-0.8,2026-10-02T01:01:04.695736+02:00
307292205,de:11000:900186001:1:50,-0.8,2026-10-02T01:01:04.695736+02:00
307292205,de:12061:900260004:1:50,-0.2,2026-10-02T01:01:04.695736+02:00
307292205,de:12061:900260003:1:50,-0.4,2026-10-02T01:01:04.695736+02:00
307292205,de:12061:900260002:1:51,-0.2,2026-10-02T01:01:04.695736+02:00
307292205,de:12061:900260001:2:52,-0.2,2026-10-02T01:01:04.695736+02:00
295932998,de:11000:900058101:5:59,0.0,2026-10-02T01:01:04.695736+02:00
295932998,de:11000:900068201:1:51,-0.3,2026-10-02T01:01:04.695736+02:00
295932998,de:11000:900079221:1:51,-0.9,2026-10-02T01:01:04.695736+02:00
295932998,de:11000:900078201:1:51,-0.6,2026-10-02T01:01:04.695736+02:00
295932998,de:11000:900077155:1:51,-0.2,2026-10-02T01:01:04.695736+02:00
295932998,de:11000:900191001:2:51,-0.7,2026-10-02T01:01:04.695736+02:00
295932998,de:11000:900192001:2:53,-0.7,2026-10-02T01:01:04.695736+02:00
295932998,de:11000:900192002:1:50,-0.5,2026-10-02T01:01:04.695736+02:00
295932998,de:11000:900180003:1:50,-0.7,2026-10-02T01:01:04.695736+02:00
295932975,de:11000:900058101:5:59,0.0,2026-10-02T01:01:04.695736+02:00
295932975,de:11000:900068201:1:51,-0.3,2026-10-02T01:01:04.695736+02:00
295932975,de:11000:900079221:1:51,-0.9,2026-10-02T01:01:04.695736+02:00
295932975,de:11000:900078201:1:51,-0.6,2026-10-02T01:01:04.695736+02:00
295932975,de:11000:900077155:1:51,-0.2,2026-10-02T01:01:04.695736+02:00
295932975,de:11000:900191001:2:51,-0.7,2026-10-02T01:01:04.695736+02:00
295932975,de:11000:900192001:2:53,-0.7,2026-10-02T01:01:04.695736+02:00
295932975,de:11000:900192002:1:50,-0.5,2026-10-02T01:01:04.695736+02:00
295932975,de:11000:900180003:1:50,-0.7,2026-10-02T01:01:04.695736+02:00
295933073,de:11000:900180003:1:50,0.0,2026-10-02T01:01:04.695736+02:00
295933073,de:11000:900192002:1:50,-0.4,2026-10-02T01:01:04.695736+02:00
295933073,de:11000:900192001:3:54,-0.2,2026-10-02T01:01:04.695736+02:00
295933073,de:11000:900191001:1:50,-0.9,2026-10-02T01:01:04.695736+02:00
295933073,de:11000:900077155:1:50,-0.4,2026-10-02T01:01:04.695736+02:00
295933073,de:11000:900078201:1:50,-0.9,2026-10-02T01:01:04.695736+02:00
295933073,de:11000:900079221:1:50,-0.7,2026-10-02T01:01:04.695736+02:00
295933073,de:11000:900068201:1:50,-0.3,2026-10-02T01:01:04.695736+02:00
295933073,de:11000:900058101:5:58,-0.6,2026-10-02T01:01:04.695736+02:00
307302018,de:11000:900024102:2:52,0.0,2026-10-02T01:01:04.695736+02:00
307302018,de:11000:900024101:3:55,-0.8,2026-10-02T01:01:04.695736+02:00
307302018,de:11000:900024203:1:51,-0.8,2026-10-02T01:01:04.695736+02:00
307302018,de:11000:900023201:3:54,-0.7,2026-10-02T01:01:04.695736+02:00
307302018,de:11000:900003103:1:50,-0.8,2026-10-02T01:01:04.695736+02:00
307302018,de:11000:900003102:1:50,-0.9,2026-10-02T01:01:04.695736+02:00
307302018,de:11000:900003201:3:54,-0.5,2026-10-02T01:01:04.695736+02:00
307302018,de:11000:900100001:3:54,-0.1,2026-10-02T01:01:04.695736+02:00
307302018,de:11000:900100002:1:50,-0.4,2026-10-02T01:01:04.695736+02:00
307302018,de:11000:900100003:2:52,-0.1,2026-10-02T01:01:04.695736+02:00
307302018,de:11000:900100004:1:50,-0.4,2026-10-02T01:01:04.695736+02:00
307302018,de:11000:900120005:4:55,-0.6,2026-10-02T01:01:04.695736+02:00
307302018,de:11000:900120004:1:50,-0.1,2026-10-02T01:01:04.695736+02:00
307302018,de:11000:900120003:2:53,-0.4,2026-10-02T01:01:04.695736+02:00
307302018,de:11000:900160003:1:50,-0.7,2026-10-02T01:01:04.695736+02:00
307302018,de:11000:900160004:1:50,-0.7,2026-10-02T01:01:04.695736+02:00
307302018,de:11000:900171002:1:50,-0.2,2026-10-02T01:01:04.695736+02:00
307302018,de:11000:900171001:2:51,-0.3,2026-10-02T01:01:04.695736+02:00
307302018,de:11000:900175001:2:51,-0.5,2026-10-02T01:01:04.695736+02:00
307302018,de:11000:900175002:1:51,0.0,2026-10-02T01:01:04.695736+02:00
307302018,de:11000:900176001:2:52,-0.3,2026-10-02T01:01:04.695736+02:00
307302018,de:12064:900320026:1:51,-0.1,2026-10-02T01:01:04.695736+02:00
307302018,de:12064:900320008:1:50,-0.7,2026-10-02T01:01:04.695736+02:00
307302018,de:12064:900320007:1:50,-0.4,2026-10-02T01:01:04.695736+02:00
307302018,de:12064:900320006:1:50,-0.8,2026-10-02T01:01:04.695736+02:00
307302018,de:12064:900320005:1:50,-0.2,2026-10-02T01:01:04.695736+02:00
307302018,de:12064:900320004:2:51,-0.9,2026-10-02T01:01:04.695736+02:00
307302018,de:12064:900320003:1:50,-0.8,2026-10-02T01:01:04.695736+02:00
307302018,de:12064:900320002:1:50,-0.5,2026-10-02T01:01:04.695736+02:00
307302018,de:12064:900320001:1:50,-0.2,2026-10-02T01:01:04.695736+02:00
306897032,de:12067:900311308::6,0.0,2026-10-02T01:01:04.695736+02:00
306897032,de:12067:900311376::1,0.0,2026-10-02T01:01:04.695736+02:00
306897032,de:12067:900311377::1,0.0,2026-10-02T01:01:04.695736+02:00
306897032,de:12067:900311349::1,0.0,2026-10-02T01:01:04.695736+02:00
306897032,de:12067:900311336::1,0.0,2026-10-02T01:01:04.695736+02:00
306897032,de:12067:900311352::1,0.0,2026-10-02T01:01:04.695736+02:00
306897032,de:12067:900311354::1,0.0,2026-10-02T01:01:04.695736+02:00
306897032,de:12067:900311320::2,0.0,2026-10-02T01:01:04.695736+02:00
306897032,de:12067:900311305::2,0.0,2026-10-02T01:01:04.695736+02:00
306897032,de:12067:900311383::6,0.0,2026-10-02T01:01:04.695736+02:00
306897032,de:12067:900311300::1,0.0,2026-10-02T01:01:04.695736+02:00
306897032,de:12067:900311328::1,0.0,2026-10-02T01:01:04.695736+02:00
306897032,de:12067:900311330::1,0.0,2026-10-02T01:01:04.695736+02:00
307301978,de:11000:900024102:2:52,0.0,2026-10-02T01:01:04.695736+02:00
307301978,de:11000:900024101:3:55,-0.8,2026-10-02T01:01:04.695736+02:00
307301978,de:11000:900024203:1:51,-0.8,2026-10-02T01:01:04.695736+02:00
307301978,de:11000:900023201:3:54,-0.7,2026-10-02T01:01:04.695736+02:00
307301978,de:11000:900003103:1:50,-0.8,2026-10-02T01:01:04.695736+02:00
307301978,de:11000:900003102:1:50,-0.9,2026-10-02T01:01:04.695736+02:00
307301978,de:11000:900003201:3:54,-0.5,2026-10-02T01:01:04.695736+02:00
307301978,de:11000:900100001:3:54,-0.1,2026-10-02T01:01:04.695736+02:00
307301978,de:11000:900100002:1:50,-0.4,2026-10-02T01:01:04.695736+02:00
307301978,de:11000:900100003:2:52,-0.1,2026-10-02T01:01:04.695736+02:00
307301978,de:11000:900100004:1:50,-0.4,2026-10-02T01:01:04.695736+02:00
307301978,de:11000:900120005:4:55,-0.6,2026-10-02T01:01:04.695736+02:00
307301978,de:11000:900120004:1:50,-0.1,2026-10-02T01:01:04.695736+02:00
307301978,de:11000:900120003:2:53,-0.4,2026-10-02T01:01:04.695736+02:00
307301978,de:11000:900160003:1:50,-0.7,2026-10-02T01:01:04.695736+02:00
307301978,de:11000:900160004:1:50,-0.7,2026-10-02T01:01:04.695736+02:00
307301978,de:11000:900171002:1:50,-0.2,2026-10-02T01:01:04.695736+02:00
307301978,de:11000:900171001:2:51,-0.3,2026-10-02T01:01:04.695736+02:00
307301978,de:11000:900175001:2:51,-0.5,2026-10-02T01:01:04.695736+02:00
307301978,de:11000:900175002:1:51,0.0,2026-10-02T01:01:04.695736+02:00
307301978,de:11000:900176001:2:52,-0.3,2026-10-02T01:01:04.695736+02:00
307301978,de:12064:900320026:1:51,-0.1,2026-10-02T01:01:04.695736+02:00
307301978,de:12064:900320008:1:50,-0.7,2026-10-02T01:01:04.695736+02:00
307301978,de:12064:900320007:1:50,-0.4,2026-10-02T01:01:04.695736+02:00
307301978,de:12064:900320006:1:50,-0.8,2026-10-02T01:01:04.695736+02:00
307301978,de:12064:900320005:1:50,-0.2,2026-10-02T01:01:04.695736+02:00
307301978,de:12064:900320004:2:51,-0.9,2026-10-02T01:01:04.695736+02:00
307301978,de:12064:900320003:1:50,-0.8,2026-10-02T01:01:04.695736+02:00
307301978,de:12064:900320002:1:50,-0.5,2026-10-02T01:01:04.695736+02:00
307301978,de:12064:900320001:1:50,-0.2,2026-10-02T01:01:04.695736+02:00
295940782,de:11000:900176001:1:50,0.0,2026-10-02T01:01:04.695736+02:00
295940782,de:11000:900175002:1:50,-0.7,2026-10-02T01:01:04.695736+02:00
295940782,de:11000:900175001:1:50,-0.6,2026-10-02T01:01:04.695736+02:00
295940782,de:11000:900171001:1:50,-0.3,2026-10-02T01:01:04.695736+02:00
295940782,de:11000:900171002:1:51,-0.4,2026-10-02T01:01:04.695736+02:00
295940782,de:11000:900160004:1:51,-0.8,2026-10-02T01:01:04.695736+02:00
295940782,de:11000:900160003:1:51,-0.8,2026-10-02T01:01:04.695736+02:00
295940782,de:11000:900120003:3:54,-0.9,2026-10-02T01:01:04.695736+02:00
295940782,de:11000:900120004:2:52,-0.6,2026-10-02T01:01:04.695736+02:00
295940782,de:11000:900120005:5:57,-0.9,2026-10-02T01:01:04.695736+02:00
295940252,de:12064:900320008:1:51,0.0,2026-10-02T01:01:04.695736+02:00
295940252,de:12064:900320026:1:50,-0.3,2026-10-02T01:01:04.695736+02:00
295940252,de:11000:900176001:1:51,-0.7,2026-10-02T01:01:04.695736+02:00
295940252,de:11000:900175002:1:50,-0.7,2026-10-02T01:01:04.695736+02:00
295940252,de:11000:900175001:1:50,-0.6,2026-10-02T01:01:04.695736+02:00
295940252,de:11000:900171001:1:50,-0.3,2026-10-02T01:01:04.695736+02:00
295940252,de:11000:900171002:1:51,-0.4,2026-10-02T01:01:04.695736+02:00
295940252,de:11000:900160004:1:51,-0.8,2026-10-02T01:01:04.695736+02:00
295940252,de:11000:900160003:1:51,-0.9,2026-10-02T01:01:04.695736+02:00
295940252,de:11000:900120003:3:55,-0.1,2026-10-02T01:01:04.695736+02:00
295940252,de:11000:900120004:2:53,-0.6,2026-10-02T01:01:04.695736+02:00
295940252,de:11000:900120005:5:58,-0.9,2026-10-02T01:01:04.695736+02:00
295940252,de:11000:900100004:1:51,-0.4,2026-10-02T01:01:04.695736+02:00
295940252,de:11000:900100003:2:53,-0.4,2026-10-02T01:01:04.695736+02:00
295940252,de:11000:900100002:1:51,-0.4,2026-10-02T01:01:04.695736+02:00
295940252,de:11000:900100001:3:55,-0.4,2026-10-02T01:01:04.695736+02:00
295940252,de:11000:900003201:3:55,-0.1,2026-10-02T01:01:04.695736+02:00
295940252,de:11000:900003102:1:51,-0.8,2026-10-02T01:01:04.695736+02:00
295940252,de:11000:900003103:1:51,-0.9,2026-10-02T01:01:04.695736+02:00
295940252,de:11000:900023201:3:55,-0.8,2026-10-02T01:01:04.695736+02:00
295940252,de:11000:900024203:1:51,-0.8,2026-10-02T01:01:04.695736+02:00
295940252,de:11000:900024101:4:57,-0.8,2026-10-02T01:01:04.695736+02:00
295940252,de:11000:900024102:1:51,-0.1,2026-10-02T01:01:04.695736+02:00
306897100,de:12067:900311482::1,0.0,2026-10-02T01:01:04.695736+02:00
306897100,de:12067:900311484::2,0.0,2026-10-02T01:01:04.695736+02:00
306897100,de:12067:900311270::1,0.0,2026-10-02T01:01:04.695736+02:00
306897100,de:12067:900310735::2,0.0,2026-10-02T01:01:04.695736+02:00
306897100,de:12067:900310007::2,0.0,2026-10-02T01:01:04.695736+02:00
306897100,de:12067:900310876::1,0.0,2026-10-02T01:01:04.695736+02:00
306897100,de:12067:900310007::1,0.0,2026-10-02T01:01:04.695736+02:00
306897100,de:12067:900310009::1,0.0,2026-10-02T01:01:04.695736+02:00
306897073,de:12067:900310874::1,0.0,2026-10-02T01:01:04.695736+02:00
306897073,de:12067:900310866::1,0.0,2026-10-02T01:01:04.695736+02:00
306897073,de:12067:900311092::1,0.0,2026-10-02T01:01:04.695736+02:00
306897073,de:12067:900310975::1,0.0,2026-10-02T01:01:04.695736+02:00
306897073,de:12067:900310908::1,-0.5,2026-10-02T01:01:04.695736+02:00
306897073,de:12067:900311020::1,-0.5,2026-10-02T01:01:04.695736+02:00
306897073,de:12067:900310834::1,-0.5,2026-10-02T01:01:04.695736+02:00
306897075,de:12067:900311480::1,0.0,2026-10-02T01:01:04.695736+02:00
306897075,de:12067:900311222::1,0.0,2026-10-02T01:01:04.695736+02:00
306897075,de:12067:900311223::1,0.0,2026-10-02T01:01:04.695736+02:00
306897075,de:12067:900310957::1,0.0,2026-10-02T01:01:04.695736+02:00
306897075,de:12067:900310958::1,0.0,2026-10-02T01:01:04.695736+02:00
306897075,de:12067:900310988::2,0.0,2026-10-02T01:01:04.695736+02:00
306897075,de:12067:900310638::2,0.0,2026-10-02T01:01:04.695736+02:00
306897075,de:12067:900310834::1,0.0,2026-10-02T01:01:04.695736+02:00
295946191,de:12054:900230999:3:54,0.0,2026-10-02T01:01:04.695736+02:00
295946191,de:12054:900230000:1:50,-0.3,2026-10-02T01:01:04.695736+02:00
295946191,de:12054:900230003:1:54,-0.3,2026-10-02T01:01:04.695736+02:00
295946191,de:11000:900053301:2:53,-0.4,2026-10-02T01:01:04.695736+02:00
295946191,de:11000:900052201:2:53,-0.7,2026-10-02T01:01:04.695736+02:00
295946191,de:11000:900048101:2:53,-0.9,2026-10-02T01:01:04.695736+02:00
295946191,de:11000:900024102:2:53,-0.9,2026-10-02T01:01:04.695736+02:00
295946191,de:11000:900024101:3:55,-0.3,2026-10-02T01:01:04.695736+02:00
295946191,de:11000:900024203:1:51,-0.3,2026-10-02T01:01:04.695736+02:00
295946191,de:11000:900023201:3:54,-0.2,2026-10-02T01:01:04.695736+02:00
295946191,de:11000:900003103:1:50,-0.3,2026-10-02T01:01:04.695736+02:00
295946191,de:11000:900003102:1:50,-0.4,2026-10-02T01:01:04.695736+02:00
295946191,de:11000:900003201:3:54,0.0,2026-10-02T01:01:04.695736+02:00
295946191,de:11000:900100001:3:54,-0.6,2026-10-02T01:01:04.695736+02:00
295946191,de:11000:900100002:1:50,-0.9,2026-10-02T01:01:04.695736+02:00
295946191,de:11000:900100003:2:52,-0.6,2026-10-02T01:01:04.695736+02:00
295946191,de:11000:900100004:1:50,-0.9,2026-10-02T01:01:04.695736+02:00
295946191,de:11000:900120005:4:55,-0.1,2026-10-02T01:01:04.695736+02:00
295946191,de:11000:900120004:1:50,-0.6,2026-10-02T01:01:04.695736+02:00
295946191,de:11000:900120003:2:53,-0.9,2026-10-02T01:01:04.695736+02:00
295946191,de:11000:900160003:1:50,-0.2,2026-10-02T01:01:04.695736+02:00
295946191,de:11000:900160004:1:50,-0.2,2026-10-02T01:01:04.695736+02:00
295946191,de:11000:900171002:1:50,-0.7,2026-10-02T01:01:04.695736+02:00
295946191,de:11000:900171003:1:50,-0.8,2026-10-02T01:01:04.695736+02:00
295946191,de:11000:900170005:1:50,-0.3,2026-10-02T01:01:04.695736+02:00
295946191,de:11000:900170001:1:50,-0.1,2026-10-02T01:01:04.695736+02:00
295946191,de:11000:900170002:1:50,-0.9,2026-10-02T01:01:04.695736+02:00
295946191,de:11000:900170003:1:50,-0.7,2026-10-02T01:01:04.695736+02:00
295946191,de:11000:900170004:1:50,-0.9,2026-10-02T01:01:04.695736+02:00
306895461,de:12067:900311083::3,0.0,2026-10-02T01:01:04.695736+02:00
306895461,de:12067:900310775::1,0.0,2026-10-02T01:01:04.695736+02:00
306895461,de:12067:900311083::2,0.0,2026-10-02T01:01:04.695736+02:00
306895461,de:12067:900310814::2,0.0,2026-10-02T01:01:04.695736+02:00
306895461,de:12067:900310628::2,0.0,2026-10-02T01:01:04.695736+02:00
306895461,de:12067:900310793::2,0.0,2026-10-02T01:01:04.695736+02:00
306895461,de:12067:900310774::1,0.0,2026-10-02T01:01:04.695736+02:00
306895461,de:12067:900310792::1,0.0,2026-10-02T01:01:04.695736+02:00
306895461,de:12067:900310825::1,0.0,2026-10-02T01:01:04.695736+02:00
306895461,de:12067:900310809::2,0.0,2026-10-02T01:01:04.695736+02:00
306895461,de:12067:900310787::2,0.0,2026-10-02T01:01:04.695736+02:00
306895461,de:12067:900310790::2,0.0,2026-10-02T01:01:04.695736+02:00
306895461,de:12067:900310788::2,0.0,2026-10-02T01:01:04.695736+02:00
306895461,de:12067:900310696::2,0.0,2026-10-02T01:01:04.695736+02:00
306895461,de:12067:900310001::11,0.0,2026-10-02T01:01:04.695736+02:00
306895461,de:12067:900310001::2,0.0,2026-10-02T01:01:04.695736+02:00
306895461,de:12067:900310816::1,0.0,2026-10-02T01:01:04.695736+02:00
306895461,de:12067:900310627::1,0.0,2026-10-02T01:01:04.695736+02:00
306895461,de:12067:900310781::1,0.0,2026-10-02T01:01:04.695736+02:00
306895461,de:12067:900310822::1,0.0,2026-10-02T01:01:04.695736+02:00
306895461,de:12067:900310808::1,0.0,2026-10-02T01:01:04.695736+02:00
306895461,de:12067:900310794::1,0.0,2026-10-02T01:01:04.695736+02:00
306895461,de:12067:900310821::1,0.0,2026-10-02T01:01:04.695736+02:00
306895461,de:12067:900310806::1,0.0,2026-10-02T01:01:04.695736+02:00
306895461,de:12067:900310812::1,0.0,2026-10-02T01:01:04.695736+02:00
306895461,de:12067:900310770::1,0.0,2026-10-02T01:01:04.695736+02:00
306895461,de:12067:900310010::3,0.0,2026-10-02T01:01:04.695736+02:00
306895461,de:12067:900310880::1,0.0,2026-10-02T01:01:04.695736+02:00
306895461,de:12067:900310815::1,0.0,2026-10-02T01:01:04.695736+02:00
306895461,de:12067:900310807::1,0.0,2026-10-02T01:01:04.695736+02:00
295953530,de:11000:900151001:1:51,0.0,2026-10-02T01:01:04.695736+02:00
295953530,de:11000:900152001:1:51,-0.6,2026-10-02T01:01:04.695736+02:00
295953530,de:11000:900152002:1:51,-0.2,2026-10-02T01:01:04.695736+02:00
295953530,de:11000:900171003:1:51,-0.9,2026-10-02T01:01:04.695736+02:00
295953530,de:11000:900171002:1:51,-0.9,2026-10-02T01:01:04.695736+02:00
295953530,de:11000:900160004:1:51,-0.3,2026-10-02T01:01:04.695736+02:00
295953530,de:11000:900160003:1:51,-0.4,2026-10-02T01:01:04.695736+02:00
295953530,de:11000:900120003:3:55,-0.6,2026-10-02T01:01:04.695736+02:00
295953530,de:11000:900120004:2:53,-0.1,2026-10-02T01:01:04.695736+02:00
295953530,de:11000:900120005:4:56,-0.4,2026-10-02T01:01:04.695736+02:00
295953429,de:11000:900120005:4:56,0.0,2026-10-02T01:01:04.695736+02:00
295953429,de:11000:900120004:1:50,-0.6,2026-10-02T01:01:04.695736+02:00
295953429,de:11000:900120003:2:53,-0.9,2026-10-02T01:01:04.695736+02:00
295953429,de:11000:900160003:1:50,-0.2,2026-10-02T01:01:04.695736+02:00
295953429,de:11000:900160004:1:50,-0.2,2026-10-02T01:01:04.695736+02:00
295953429,de:11000:900171002:1:50,-0.7,2026-10-02T01:01:04.695736+02:00
295953429,de:11000:900171003:1:50,-0.8,2026-10-02T01:01:04.695736+02:00
295953429,de:11000:900152002:1:50,-0.4,2026-10-02T01:01:04.695736+02:00
295953429,de:11000:900152001:1:50,-0.6,2026-10-02T01:01:04.695736+02:00
295953429,de:11000:900151001:1:51,-0.9,2026-10-02T01:01:04.695736+02:00
295956096,de:11000:900151001:1:50,0.0,2026-10-02T01:01:04.695736+02:00
295956096,de:11000:900152001:1:51,-0.6,2026-10-02T01:01:04.695736+02:00
295956096,de:11000:900152002:1:51,-0.2,2026-10-02T01:01:04.695736+02:00
295956096,de:11000:900171003:1:51,-0.9,2026-10-02T01:01:04.695736+02:00
295956096,de:11000:900171002:1:51,-0.9,2026-10-02T01:01:04.695736+02:00
295956096,de:11000:900160004:1:51,-0.3,2026-10-02T01:01:04.695736+02:00
295956096,de:11000:900160003:1:51,-0.4,2026-10-02T01:01:04.695736+02:00
295956096,de:11000:900120003:3:54,-0.6,2026-10-02T01:01:04.695736+02:00
295956096,de:11000:900120004:2:52,-0.1,2026-10-02T01:01:04.695736+02:00
295956031,de:11000:900120004:1:51,0.0,2026-10-02T01:01:04.695736+02:00
295956031,de:11000:900120003:2:52,-0.9,2026-10-02T01:01:04.695736+02:00
295956031,de:11000:900160003:1:50,-0.2,2026-10-02T01:01:04.695736+02:00
295956031,de:11000:900160004:1:50,-0.2,2026-10-02T01:01:04.695736+02:00
295956031,de:11000:900171002:1:50,-0.7,2026-10-02T01:01:04.695736+02:00
295956031,de:11000:900171003:1:50,-0.8,2026-10-02T01:01:04.695736+02:00
295956031,de:11000:900152002:1:50,-0.4,2026-10-02T01:01:04.695736+02:00
295956031,de:11000:900152001:1:50,-0.6,2026-10-02T01:01:04.695736+02:00
295956031,de:11000:900151001:1:50,-0.9,2026-10-02T01:01:04.695736+02:00
295956025,de:11000:900120004:1:51,0.0,2026-10-02T01:01:04.695736+02:00
295956025,de:11000:900120003:2:52,-0.9,2026-10-02T01:01:04.695736+02:00
295956025,de:11000:900160003:1:50,-0.2,2026-10-02T01:01:04.695736+02:00
295956025,de:11000:900160004:1:50,-0.2,2026-10-02T01:01:04.695736+02:00
295956025,de:11000:900171002:1:50,-0.7,2026-10-02T01:01:04.695736+02:00
295956025,de:11000:900171003:1:50,-0.8,2026-10-02T01:01:04.695736+02:00
295956025,de:11000:900152002:1:50,-0.4,2026-10-02T01:01:04.695736+02:00
295956025,de:11000:900152001:1:50,-0.6,2026-10-02T01:01:04.695736+02:00
295956025,de:11000:900151001:1:50,-0.9,2026-10-02T01:01:04.695736+02:00
295956003,de:11000:900120004:1:51,0.0,2026-10-02T01:01:04.695736+02:00
295956003,de:11000:900120003:2:52,-0.9,2026-10-02T01:01:04.695736+02:00
295956003,de:11000:900160003:1:50,-0.2,2026-10-02T01:01:04.695736+02:00
295956003,de:11000:900160004:1:50,-0.2,2026-10-02T01:01:04.695736+02:00
295956003,de:11000:900171002:1:50,-0.7,2026-10-02T01:01:04.695736+02:00
295956003,de:11000:900171003:1:50,-0.8,2026-10-02T01:01:04.695736+02:00
295956003,de:11000:900152002:1:50,-0.4,2026-10-02T01:01:04.695736+02:00
295956003,de:11000:900152001:1:50,-0.6,2026-10-02T01:01:04.695736+02:00
295956003,de:11000:900151001:1:50,-0.9,2026-10-02T01:01:04.695736+02:00
295955999,de:11000:900120004:1:51,0.0,2026-10-02T01:01:04.695736+02:00
295955999,de:11000:900120003:2:52,-0.9,2026-10-02T01:01:04.695736+02:00
295955999,de:11000:900160003:1:50,-0.2,2026-10-02T01:01:04.695736+02:00
295955999,de:11000:900160004:1:50,-0.2,2026-10-02T01:01:04.695736+02:00
295955999,de:11000:900171002:1:50,-0.7,2026-10-02T01:01:04.695736+02:00
295955999,de:11000:900171003:1:50,-0.8,2026-10-02T01:01:04.695736+02:00
295955999,de:11000:900152002:1:50,-0.4,2026-10-02T01:01:04.695736+02:00
295955999,de:11000:900152001:1:50,-0.6,2026-10-02T01:01:04.695736+02:00
295955999,de:11000:900151001:1:50,-0.9,2026-10-02T01:01:04.695736+02:00
295956054,de:11000:900151001:1:50,0.0,2026-10-02T01:01:04.695736+02:00
295956054,de:11000:900152001:1:51,-0.6,2026-10-02T01:01:04.695736+02:00
295956054,de:11000:900152002:1:51,-0.2,2026-10-02T01:01:04.695736+02:00
295956054,de:11000:900171003:1:51,-0.9,2026-10-02T01:01:04.695736+02:00
295956054,de:11000:900171002:1:51,-0.9,2026-10-02T01:01:04.695736+02:00
295956054,de:11000:900160004:1:51,-0.3,2026-10-02T01:01:04.695736+02:00
295956054,de:11000:900160003:1:51,-0.4,2026-10-02T01:01:04.695736+02:00
295956054,de:11000:900120003:3:54,-0.6,2026-10-02T01:01:04.695736+02:00
295956054,de:11000:900120004:2:52,-0.1,2026-10-02T01:01:04.695736+02:00
306896070,de:12067:900310021::2,0.0,2026-10-02T01:01:04.695736+02:00
306896070,de:12067:900310500::1,0.0,2026-10-02T01:01:04.695736+02:00
306896070,de:12067:900310501::2,0.0,2026-10-02T01:01:04.695736+02:00
306896070,de:12067:900310511::1,0.0,2026-10-02T01:01:04.695736+02:00
306896070,de:12067:900310014::2,0.0,2026-10-02T01:01:04.695736+02:00
306896070,de:12067:900310502::2,0.0,2026-10-02T01:01:04.695736+02:00
306896070,de:12067:900310503::2,0.0,2026-10-02T01:01:04.695736+02:00
306896070,de:12067:900310529::2,0.0,2026-10-02T01:01:04.695736+02:00
306896070,de:12067:900311012::2,0.0,2026-10-02T01:01:04.695736+02:00
306896070,de:12067:900311014::2,0.0,2026-10-02T01:01:04.695736+02:00
306896070,de:12067:900310516::1,0.0,2026-10-02T01:01:04.695736+02:00
306896070,de:12067:900311096::1,0.0,2026-10-02T01:01:04.695736+02:00
306896070,de:12067:900311097::2,0.0,2026-10-02T01:01:04.695736+02:00
306896070,de:12067:900311095::2,0.0,2026-10-02T01:01:04.695736+02:00
306896070,de:12067:900310580::2,0.0,2026-10-02T01:01:04.695736+02:00
306896070,de:12067:900310578::4,0.0,2026-10-02T01:01:04.695736+02:00
306896070,de:12067:900310534::2,0.0,2026-10-02T01:01:04.695736+02:00
306896070,de:11000:900310550::2,0.0,2026-10-02T01:01:04.695736+02:00
306896070,de:12067:900310572::2,0.0,2026-10-02T01:01:04.695736+02:00
306896070,de:12067:900310013::7,0.0,2026-10-02T01:01:04.695736+02:00
306895490,de:12067:900310807::1,0.0,2026-10-02T01:01:04.695736+02:00
306895490,de:12067:900310815::2,0.0,2026-10-02T01:01:04.695736+02:00
306895490,de:12067:900310880::2,0.0,2026-10-02T01:01:04.695736+02:00
306895490,de:12067:900310010::2,0.0,2026-10-02T01:01:04.695736+02:00
306895490,de:12067:900310770::2,0.0,2026-10-02T01:01:04.695736+02:00
306895490,de:12067:900310812::2,0.0,2026-10-02T01:01:04.695736+02:00
306895490,de:12067:900310806::2,0.0,2026-10-02T01:01:04.695736+02:00
306895490,de:12067:900310778::2,0.0,2026-10-02T01:01:04.695736+02:00
306895490,de:12067:900310768::2,0.0,2026-10-02T01:01:04.695736+02:00
306895490,de:12067:900310786::2,0.0,2026-10-02T01:01:04.695736+02:00
306895490,de:12067:900310784::2,0.0,2026-10-02T01:01:04.695736+02:00
306895490,de:12067:900311104::2,0.0,2026-10-02T01:01:04.695736+02:00
306895490,de:12067:900310995::1,0.0,2026-10-02T01:01:04.695736+02:00
306895490,de:12067:900310779::2,0.0,2026-10-02T01:01:04.695736+02:00
306895490,de:12067:900310808::2,0.0,2026-10-02T01:01:04.695736+02:00
306895490,de:12067:900310822::2,0.0,2026-10-02T01:01:04.695736+02:00
306895490,de:12067:900310781::2,0.0,2026-10-02T01:01:04.695736+02:00
306895490,de:12067:900310627::2,0.0,2026-10-02T01:01:04.695736+02:00
306895490,de:12067:900310816::2,0.0,2026-10-02T01:01:04.695736+02:00
306895490,de:12067:900310022::1,0.0,2026-10-02T01:01:04.695736+02:00
306895490,de:12067:900310001::11,0.0,2026-10-02T01:01:04.695736+02:00
306895490,de:12067:900310001::1,0.0,2026-10-02T01:01:04.695736+02:00
306895490,de:12067:900310696::1,0.0,2026-10-02T01:01:04.695736+02:00
306895490,de:12067:900310788::1,0.0,2026-10-02T01:01:04.695736+02:00
306895490,de:12067:900310790::1,0.0,2026-10-02T01:01:04.695736+02:00
306895490,de:12067:900310787::1,0.0,2026-10-02T01:01:04.695736+02:00
306895490,de:12067:900310809::1,0.0,2026-10-02T01:01:04.695736+02:00
306895490,de:12067:900310825::1,0.0,2026-10-02T01:01:04.695736+02:00
306895490,de:12067:900310792::2,0.0,2026-10-02T01:01:04.695736+02:00
306895490,de:12067:900310774::2,0.0,2026-10-02T01:01:04.695736+02:00
306895490,de:12067:900310793::1,0.0,2026-10-02T01:01:04.695736+02:00
306895490,de:12067:900310628::1,0.0,2026-10-02T01:01:04.695736+02:00
306895490,de:12067:900310814::1,0.0,2026-10-02T01:01:04.695736+02:00
306895490,de:12067:900311083::3,0.0,2026-10-02T01:01:04.695736+02:00
306895492,de:12067:900310807::1,0.0,2026-10-02T01:01:04.695736+02:00
306895492,de:12067:900310815::2,0.0,2026-10-02T01:01:04.695736+02:00
306895492,de:12067:900310880::2,0.0,2026-10-02T01:01:04.695736+02:00
306895492,de:12067:900310010::2,0.0,2026-10-02T01:01:04.695736+02:00
306895492,de:12067:900310770::2,0.0,2026-10-02T01:01:04.695736+02:00
306895492,de:12067:900310812::2,0.0,2026-10-02T01:01:04.695736+02:00
306895492,de:12067:900310806::2,0.0,2026-10-02T01:01:04.695736+02:00
306895492,de:12067:900310778::2,0.0,2026-10-02T01:01:04.695736+02:00
306895492,de:12067:900310768::2,0.0,2026-10-02T01:01:04.695736+02:00
306895492,de:12067:900310786::2,0.0,2026-10-02T01:01:04.695736+02:00
306895492,de:12067:900310784::2,0.0,2026-10-02T01:01:04.695736+02:00
306895492,de:12067:900311104::2,0.0,2026-10-02T01:01:04.695736+02:00
306895492,de:12067:900310995::1,0.0,2026-10-02T01:01:04.695736+02:00
306895492,de:12067:900310779::2,0.0,2026-10-02T01:01:04.695736+02:00
306895492,de:12067:900310808::2,0.0,2026-10-02T01:01:04.695736+02:00
306895492,de:12067:900310822::2,0.0,2026-10-02T01:01:04.695736+02:00
306895492,de:12067:900310781::2,0.0,2026-10-02T01:01:04.695736+02:00
306895492,de:12067:900310627::2,0.0,2026-10-02T01:01:04.695736+02:00
306895492,de:12067:900310816::2,0.0,2026-10-02T01:01:04.695736+02:00
306895492,de:12067:900310022::1,0.0,2026-10-02T01:01:04.695736+02:00
306895492,de:12067:900310001::11,0.0,2026-10-02T01:01:04.695736+02:00
306895492,de:12067:900310001::1,0.0,2026-10-02T01:01:04.695736+02:00
306895492,de:12067:900310696::1,0.0,2026-10-02T01:01:04.695736+02:00
306895492,de:12067:900310788::1,0.0,2026-10-02T01:01:04.695736+02:00
306895492,de:12067:900310790::1,0.0,2026-10-02T01:01:04.695736+02:00
306895492,de:12067:900310787::1,0.0,2026-10-02T01:01:04.695736+02:00
306895492,de:12067:900310809::1,0.0,2026-10-02T01:01:04.695736+02:00
306895492,de:12067:900310825::1,0.0,2026-10-02T01:01:04.695736+02:00
306895492,de:12067:900310792::2,0.0,2026-10-02T01:01:04.695736+02:00
306895492,de:12067:900310774::2,0.0,2026-10-02T01:01:04.695736+02:00
306895492,de:12067:900310793::1,0.0,2026-10-02T01:01:04.695736+02:00
306895492,de:12067:900310628::1,0.0,2026-10-02T01:01:04.695736+02:00
306895492,de:12067:900310814::1,0.0,2026-10-02T01:01:04.695736+02:00
306895492,de:12067:900311083::3,0.0,2026-10-02T01:01:04.695736+02:00
306895494,de:12067:900310807::1,0.0,2026-10-02T01:01:04.695736+02:00
306895494,de:12067:900310815::2,0.0,2026-10-02T01:01:04.695736+02:00
306895494,de:12067:900310880::2,0.0,2026-10-02T01:01:04.695736+02:00
306895494,de:12067:900310010::2,0.0,2026-10-02T01:01:04.695736+02:00
306895494,de:12067:900310770::2,0.0,2026-10-02T01:01:04.695736+02:00
306895494,de:12067:900310812::2,0.0,2026-10-02T01:01:04.695736+02:00
306895494,de:12067:900310806::2,0.0,2026-10-02T01:01:04.695736+02:00
306895494,de:12067:900310778::2,0.0,2026-10-02T01:01:04.695736+02:00
306895494,de:12067:900310768::2,0.0,2026-10-02T01:01:04.695736+02:00
306895494,de:12067:900310786::2,0.0,2026-10-02T01:01:04.695736+02:00
306895494,de:12067:900310784::2,0.0,2026-10-02T01:01:04.695736+02:00
306895494,de:12067:900311104::2,0.0,2026-10-02T01:01:04.695736+02:00
306895494,de:12067:900310995::1,0.0,2026-10-02T01:01:04.695736+02:00
306895494,de:12067:900310779::2,0.0,2026-10-02T01:01:04.695736+02:00
306895494,de:12067:900310808::2,0.0,2026-10-02T01:01:04.695736+02:00
306895494,de:12067:900310822::2,0.0,2026-10-02T01:01:04.695736+02:00
306895494,de:12067:900310781::2,0.0,2026-10-02T01:01:04.695736+02:00
306895494,de:12067:900310627::2,0.0,2026-10-02T01:01:04.695736+02:00
306895494,de:12067:900310816::2,0.0,2026-10-02T01:01:04.695736+02:00
306895494,de:12067:900310022::1,0.0,2026-10-02T01:01:04.695736+02:00
306895494,de:12067:900310001::11,0.0,2026-10-02T01:01:04.695736+02:00
306895494,de:12067:900310001::1,0.0,2026-10-02T01:01:04.695736+02:00
306895494,de:12067:900310696::1,0.0,2026-10-02T01:01:04.695736+02:00
306895494,de:12067:900310788::1,0.0,2026-10-02T01:01:04.695736+02:00
306895494,de:12067:900310790::1,0.0,2026-10-02T01:01:04.695736+02:00
306895494,de:12067:900310787::1,0.0,2026-10-02T01:01:04.695736+02:00
306895494,de:12067:900310809::1,0.0,2026-10-02T01:01:04.695736+02:00
306895494,de:12067:900310825::1,0.0,2026-10-02T01:01:04.695736+02:00
306895494,de:12067:900310792::2,0.0,2026-10-02T01:01:04.695736+02:00
306895494,de:12067:900310774::2,0.0,2026-10-02T01:01:04.695736+02:00
306895494,de:12067:900310793::1,0.0,2026-10-02T01:01:04.695736+02:00
306895494,de:12067:900310628::1,0.0,2026-10-02T01:01:04.695736+02:00
306895494,de:12067:900310814::1,0.0,2026-10-02T01:01:04.695736+02:00
306895494,de:12067:900311083::3,0.0,2026-10-02T01:01:04.695736+02:00
295959972,de:12065:900200008:1:51,0.0,2026-10-02T01:01:04.695736+02:00
295959972,de:12065:900200009:1:51,-0.7,2026-10-02T01:01:04.695736+02:00
295959972,de:12065:900200011:1:51,-0.3,2026-10-02T01:01:04.695736+02:00
295959972,de:12065:900200012:1:51,-0.8,2026-10-02T01:01:04.695736+02:00
295959972,de:12065:900200013:1:50,-0.4,2026-10-02T01:01:04.695736+02:00
295959972,de:11000:900142001:1:51,-0.7,2026-10-02T01:01:04.695736+02:00
295959972,de:11000:900130001:1:51,-0.2,2026-10-02T01:01:04.695736+02:00
295959972,de:11000:900130002:1:51,-0.7,2026-10-02T01:01:04.695736+02:00
295959972,de:11000:900110011:1:51,-0.2,2026-10-02T01:01:04.695736+02:00
295959972,de:11000:900110001:1:50,-0.2,2026-10-02T01:01:04.695736+02:00
295959972,de:11000:900110002:1:50,-0.9,2026-10-02T01:01:04.695736+02:00
295959972,de:11000:900110003:1:50,-0.9,2026-10-02T01:01:04.695736+02:00
295959972,de:11000:900110004:1:50,-0.3,2026-10-02T01:01:04.695736+02:00
295959972,de:11000:900110012:1:50,-0.2,2026-10-02T01:01:04.695736+02:00
295959972,de:11000:900120001:1:50,-0.2,2026-10-02T01:01:04.695736+02:00
295959972,de:11000:900120003:5:58,-0.6,2026-10-02T01:01:04.695736+02:00
295959972,de:11000:900190001:1:50,-0.1,2026-10-02T01:01:04.695736+02:00
295959972,de:11000:900191002:1:50,0.0,2026-10-02T01:01:04.695736+02:00
295959972,de:11000:900191001:2:52,-0.4,2026-10-02T01:01:04.695736+02:00
295959972,de:11000:900192001:2:52,-0.2,2026-10-02T01:01:04.695736+02:00
295959972,de:11000:900193001:1:50,-0.7,2026-10-02T01:01:04.695736+02:00
295959972,de:11000:900193002:1:50,-0.3,2026-10-02T01:01:04.695736+02:00
295959972,de:11000:900186001:1:51,-0.3,2026-10-02T01:01:04.695736+02:00
306895564,de:12067:900310980::1,0.0,2026-10-02T01:01:04.695736+02:00
306895564,de:12067:900310810::1,0.0,2026-10-02T01:01:04.695736+02:00
306895564,de:12067:900310769::2,0.0,2026-10-02T01:01:04.695736+02:00
306895564,de:12067:900311153::1,0.0,2026-10-02T01:01:04.695736+02:00
306895564,de:12067:900310695::3,0.0,2026-10-02T01:01:04.695736+02:00
306895564,de:12067:900310770::1,0.0,2026-10-02T01:01:04.695736+02:00
306895564,de:12067:900310010::3,0.0,2026-10-02T01:01:04.695736+02:00
306895564,de:12067:900310782::2,0.0,2026-10-02T01:01:04.695736+02:00
306895564,de:12067:900311109::2,0.0,2026-10-02T01:01:04.695736+02:00
306895564,de:12067:900310773::2,0.0,2026-10-02T01:01:04.695736+02:00
306895564,de:12067:900310823::2,0.0,2026-10-02T01:01:04.695736+02:00
306895564,de:12067:900311152::2,0.0,2026-10-02T01:01:04.695736+02:00
306895564,de:12067:900311151::2,0.0,2026-10-02T01:01:04.695736+02:00
306895564,de:12067:900310627::2,0.0,2026-10-02T01:01:04.695736+02:00
306895564,de:12067:900310816::2,0.0,2026-10-02T01:01:04.695736+02:00
306895564,de:12067:900310022::1,0.0,2026-10-02T01:01:04.695736+02:00
306895564,de:12067:900310001::11,0.0,2026-10-02T01:01:04.695736+02:00
306895564,de:12067:900310001::1,0.0,2026-10-02T01:01:04.695736+02:00
306895564,de:12067:900311149::1,0.0,2026-10-02T01:01:04.695736+02:00
306895564,de:12067:900311135::1,0.0,2026-10-02T01:01:04.695736+02:00
306895564,de:12067:900311150::1,0.0,2026-10-02T01:01:04.695736+02:00
306895564,de:12067:900310804::1,0.0,2026-10-02T01:01:04.695736+02:00
306895564,de:12067:900310814::1,0.0,2026-10-02T01:01:04.695736+02:00
306895564,de:12067:900311083::3,0.0,2026-10-02T01:01:04.695736+02:00
295963722,de:12061:900260009:3:56,0.0,2026-10-02T01:01:04.695736+02:00
295963722,de:12061:900260080:1:51,-0.7,2026-10-02T01:01:04.695736+02:00
295963722,de:12061:900260005:3:55,0.0,2026-10-02T01:01:04.695736+02:00
295963722,de:11000:900196001:1:51,0.0,2026-10-02T01:01:04.695736+02:00
295963722,de:11000:900195510:1:50,-0.4,2026-10-02T01:01:04.695736+02:00
295963722,de:11000:900193002:1:51,-0.6,2026-10-02T01:01:04.695736+02:00
295963722,de:11000:900193001:2:51,-0.3,2026-10-02T01:01:04.695736+02:00
295963722,de:11000:900192001:3:55,-0.2,2026-10-02T01:01:04.695736+02:00
295963722,de:11000:900191001:1:50,-0.9,2026-10-02T01:01:04.695736+02:00
295963722,de:11000:900191002:1:51,-0.3,2026-10-02T01:01:04.695736+02:00
295963722,de:11000:900190001:2:53,-0.1,2026-10-02T01:01:04.695736+02:00
295963722,de:11000:900120003:5:59,-0.3,2026-10-02T01:01:04.695736+02:00
295963722,de:11000:900120001:1:51,-0.6,2026-10-02T01:01:04.695736+02:00
295963722,de:11000:900110012:1:51,-0.8,2026-10-02T01:01:04.695736+02:00
295963722,de:11000:900110004:1:51,-0.7,2026-10-02T01:01:04.695736+02:00
295963722,de:11000:900110003:1:51,0.0,2026-10-02T01:01:04.695736+02:00
295963722,de:11000:900110002:1:51,0.0,2026-10-02T01:01:04.695736+02:00
295963722,de:11000:900110001:1:51,-0.7,2026-10-02T01:01:04.695736+02:00
295963722,de:11000:900110011:2:53,-0.4,2026-10-02T01:01:04.695736+02:00
295963722,de:11000:900085201:1:50,-0.8,2026-10-02T01:01:04.695736+02:00
295963722,de:11000:900084101:1:50,-0.7,2026-10-02T01:01:04.695736+02:00
295963722,de:11000:900096101:1:50,-0.8,2026-10-02T01:01:04.695736+02:00
295963722,de:11000:900094101:1:50,-0.3,2026-10-02T01:01:04.695736+02:00
295963722,de:11000:900093201:1:50,-0.4,2026-10-02T01:01:04.695736+02:00
295963722,de:11000:900092201:1:51,-0.2,2026-10-02T01:01:04.695736+02:00
295963715,de:12061:900260009:3:56,0.0,2026-10-02T01:01:04.695736+02:00
295963715,de:12061:900260080:1:51,-0.7,2026-10-02T01:01:04.695736+02:00
295963715,de:12061:900260005:3:55,0.0,2026-10-02T01:01:04.695736+02:00
295963715,de:11000:900196001:1:51,0.0,2026-10-02T01:01:04.695736+02:00
295963715,de:11000:900195510:1:50,-0.4,2026-10-02T01:01:04.695736+02:00
295963715,de:11000:900193002:1:51,-0.6,2026-10-02T01:01:04.695736+02:00
295963715,de:11000:900193001:2:51,-0.3,2026-10-02T01:01:04.695736+02:00
295963715,de:11000:900192001:3:55,-0.2,2026-10-02T01:01:04.695736+02:00
295963715,de:11000:900191001:1:50,-0.9,2026-10-02T01:01:04.695736+02:00
295963715,de:11000:900191002:1:51,-0.3,2026-10-02T01:01:04.695736+02:00
295963715,de:11000:900190001:2:53,-0.1,2026-10-02T01:01:04.695736+02:00
295963715,de:11000:900120003:5:59,-0.3,2026-10-02T01:01:04.695736+02:00
295963715,de:11000:900120001:1:51,-0.6,2026-10-02T01:01:04.695736+02:00
295963715,de:11000:900110012:1:51,-0.8,2026-10-02T01:01:04.695736+02:00
295963715,de:11000:900110004:1:51,-0.7,2026-10-02T01:01:04.695736+02:00
295963715,de:11000:900110003:1:51,0.0,2026-10-02T01:01:04.695736+02:00
295963715,de:11000:900110002:1:51,0.0,2026-10-02T01:01:04.695736+02:00
295963715,de:11000:900110001:1:51,-0.7,2026-10-02T01:01:04.695736+02:00
295963715,de:11000:900110011:2:53,-0.4,2026-10-02T01:01:04.695736+02:00
295963715,de:11000:900085201:1:50,-0.8,2026-10-02T01:01:04.695736+02:00
295963715,de:11000:900084101:1:50,-0.7,2026-10-02T01:01:04.695736+02:00
295963715,de:11000:900096101:1:50,-0.8,2026-10-02T01:01:04.695736+02:00
295963715,de:11000:900094101:1:50,-0.3,2026-10-02T01:01:04.695736+02:00
295963715,de:11000:900093201:1:50,-0.4,2026-10-02T01:01:04.695736+02:00
295963715,de:11000:900092201:1:51,-0.2,2026-10-02T01:01:04.695736+02:00
307328705,de:11000:900094101:1:51,0.0,2026-10-02T01:01:04.695736+02:00
307328705,de:11000:900096101:1:51,-0.1,2026-10-02T01:01:04.695736+02:00
307328705,de:11000:900084101:1:51,-0.2,2026-10-02T01:01:04.695736+02:00
307328705,de:11000:900085201:1:51,-0.8,2026-10-02T01:01:04.695736+02:00
307328705,de:11000:900130003:1:51,-0.8,2026-10-02T01:01:04.695736+02:00
307328705,de:11000:900110011:1:50,-0.9,2026-10-02T01:01:04.695736+02:00
307328705,de:11000:900110001:1:50,-0.2,2026-10-02T01:01:04.695736+02:00
307328705,de:11000:900110002:1:50,-0.9,2026-10-02T01:01:04.695736+02:00
307328705,de:11000:900110003:1:50,-0.9,2026-10-02T01:01:04.695736+02:00
307328705,de:11000:900110004:1:50,-0.3,2026-10-02T01:01:04.695736+02:00
307328705,de:11000:900110012:1:50,-0.2,2026-10-02T01:01:04.695736+02:00
307328705,de:11000:900120001:1:50,-0.2,2026-10-02T01:01:04.695736+02:00
307328705,de:11000:900120003:5:58,-0.6,2026-10-02T01:01:04.695736+02:00
307328705,de:11000:900190001:1:51,-0.1,2026-10-02T01:01:04.695736+02:00
307328705,de:11000:900191002:1:50,0.0,2026-10-02T01:01:04.695736+02:00
307328705,de:11000:900191001:2:52,-0.4,2026-10-02T01:01:04.695736+02:00
307328705,de:11000:900192001:2:52,-0.2,2026-10-02T01:01:04.695736+02:00
307328705,de:11000:900193001:1:50,-0.7,2026-10-02T01:01:04.695736+02:00
307328705,de:11000:900193002:1:50,-0.3,2026-10-02T01:01:04.695736+02:00
307328705,de:11000:900195510:1:51,-0.7,2026-10-02T01:01:04.695736+02:00
307328705,de:11000:900196001:1:50,-0.9,2026-10-02T01:01:04.695736+02:00
307328705,de:12061:900260005:3:54,-0.7,2026-10-02T01:01:04.695736+02:00
307328705,de:12061:900260080:1:50,0.0,2026-10-02T01:01:04.695736+02:00
307328705,de:12061:900260009:3:56,-0.2,2026-10-02T01:01:04.695736+02:00
307435207,de:12061:900260611:1:50,0.0,2026-10-02T01:01:04.695736+02:00
307435207,de:12061:900260019:1:50,0.0,2026-10-02T01:01:04.695736+02:00
307435207,de:12061:900261512:2:51,0.0,2026-10-02T01:01:04.695736+02:00
307435207,de:12066:900435602:2:51,0.0,2026-10-02T01:01:04.695736+02:00
307435207,de:12066:900435697:1:50,0.0,2026-10-02T01:01:04.695736+02:00
307435207,de:12066:900435884:1:50,0.0,2026-10-02T01:01:04.695736+02:00
307435207,de:12071:900445956:1:50,0.0,2026-10-02T01:01:04.695736+02:00
307435207,de:12071:900445884:1:50,0.0,2026-10-02T01:01:04.695736+02:00
307435207,de:12052:900470000:2:52,0.0,2026-10-02T01:01:04.695736+02:00
295967895,de:12061:900260009:3:55,0.0,2026-10-02T01:01:04.695736+02:00
295967895,de:12061:900260080:1:51,-0.7,2026-10-02T01:01:04.695736+02:00
295967895,de:12061:900260005:3:55,0.0,2026-10-02T01:01:04.695736+02:00
295967895,de:11000:900196001:1:51,0.0,2026-10-02T01:01:04.695736+02:00
295967895,de:11000:900195510:1:50,-0.4,2026-10-02T01:01:04.695736+02:00
295967895,de:11000:900193002:1:51,-0.6,2026-10-02T01:01:04.695736+02:00
295967895,de:11000:900193001:2:51,-0.3,2026-10-02T01:01:04.695736+02:00
295967895,de:11000:900192001:3:55,-0.2,2026-10-02T01:01:04.695736+02:00
295967895,de:11000:900191001:1:50,0.0,2026-10-02T01:01:04.695736+02:00
295967895,de:11000:900191002:1:51,-0.7,2026-10-02T01:01:04.695736+02:00
295967895,de:11000:900190001:2:53,-0.4,2026-10-02T01:01:04.695736+02:00
295967895,de:11000:900120004:2:52,-0.9,2026-10-02T01:01:04.695736+02:00
295967895,de:11000:900120005:5:57,-0.1,2026-10-02T01:01:04.695736+02:00
295967895,de:11000:900100004:1:51,-0.4,2026-10-02T01:01:04.695736+02:00
295967895,de:11000:900100003:2:53,-0.4,2026-10-02T01:01:04.695736+02:00
295967895,de:11000:900100002:1:51,-0.4,2026-10-02T01:01:04.695736+02:00
295967895,de:11000:900100001:3:55,-0.4,2026-10-02T01:01:04.695736+02:00
295967895,de:11000:900003201:3:55,-0.1,2026-10-02T01:01:04.695736+02:00
295967895,de:11000:900003102:1:51,-0.8,2026-10-02T01:01:04.695736+02:00
295967895,de:11000:900003103:1:51,-0.9,2026-10-02T01:01:04.695736+02:00
295967895,de:11000:900023201:3:55,-0.8,2026-10-02T01:01:04.695736+02:00
295967895,de:11000:900024203:1:51,-0.8,2026-10-02T01:01:04.695736+02:00
295967895,de:11000:900024101:4:57,-0.8,2026-10-02T01:01:04.695736+02:00
295967895,de:11000:900024102:1:50,-0.1,2026-10-02T01:01:04.695736+02:00
295967895,de:11000:900025423:1:50,-0.4,2026-10-02T01:01:04.695736+02:00
295967895,de:11000:900026105:1:50,-0.7,2026-10-02T01:01:04.695736+02:00
295967895,de:11000:900025321:1:50,-0.3,2026-10-02T01:01:04.695736+02:00
295967895,de:11000:900025424:1:50,-0.3,2026-10-02T01:01:04.695736+02:00
295967895,de:11000:900030202:1:50,-0.9,2026-10-02T01:01:04.695736+02:00
295967895,de:11000:900029101:1:51,-0.9,2026-10-02T01:01:04.695736+02:00
307435176,de:11000:900192001:1:50,0.0,2026-10-02T01:01:04.695736+02:00
307435176,de:12061:900260005:1:50,0.0,2026-10-02T01:01:04.695736+02:00
306895692,de:12067:900310807::1,0.0,2026-10-02T01:01:04.695736+02:00
306895692,de:12067:900310815::2,0.0,2026-10-02T01:01:04.695736+02:00
306895692,de:12067:900310880::2,0.0,2026-10-02T01:01:04.695736+02:00
306895692,de:12067:900310010::2,0.0,2026-10-02T01:01:04.695736+02:00
306895692,de:12067:900310770::2,0.0,2026-10-02T01:01:04.695736+02:00
306895692,de:12067:900310812::2,0.0,2026-10-02T01:01:04.695736+02:00
306895692,de:12067:900310630::2,0.0,2026-10-02T01:01:04.695736+02:00
306895692,de:12067:900310811::2,0.0,2026-10-02T01:01:04.695736+02:00
306895692,de:12067:900310771::2,0.0,2026-10-02T01:01:04.695736+02:00
306895692,de:12067:900310822::2,0.0,2026-10-02T01:01:04.695736+02:00
306895692,de:12067:900310781::2,0.0,2026-10-02T01:01:04.695736+02:00
306895692,de:12067:900310627::2,-0.5,2026-10-02T01:01:04.695736+02:00
306895692,de:12067:900310816::2,0.0,2026-10-02T01:01:04.695736+02:00
306895692,de:12067:900310022::1,0.0,2026-10-02T01:01:04.695736+02:00
306895692,de:12067:900310001::11,0.0,2026-10-02T01:01:04.695736+02:00
306895692,de:12067:900310001::1,0.0,2026-10-02T01:01:04.695736+02:00
306895692,de:12067:900311149::1,0.0,2026-10-02T01:01:04.695736+02:00
306895692,de:12067:900311135::1,0.0,2026-10-02T01:01:04.695736+02:00
306895692,de:12067:900311150::1,0.0,2026-10-02T01:01:04.695736+02:00
306895692,de:12067:900310804::1,0.0,2026-10-02T01:01:04.695736+02:00
306895692,de:12067:900310814::1,0.0,2026-10-02T01:01:04.695736+02:00
306895692,de:12067:900311083::3,0.0,2026-10-02T01:01:04.695736+02:00
306895252,de:12067:900311129::2,0.0,2026-10-02T01:01:04.695736+02:00
306895252,de:12067:900310755::2,0.0,2026-10-02T01:01:04.695736+02:00
306895252,de:12067:900310728::1,0.0,2026-10-02T01:01:04.695736+02:00
306895252,de:12067:900310727::1,0.0,2026-10-02T01:01:04.695736+02:00
306895252,de:12067:900310755::1,0.0,2026-10-02T01:01:04.695736+02:00
306895252,de:12067:900310738::1,0.0,2026-10-02T01:01:04.695736+02:00
306895252,de:12067:900310725::1,0.0,2026-10-02T01:01:04.695736+02:00
306895252,de:12067:900311099::1,0.0,2026-10-02T01:01:04.695736+02:00
306895252,de:12067:900311101::1,0.0,2026-10-02T01:01:04.695736+02:00
306895252,de:12067:900311100::1,0.0,2026-10-02T01:01:04.695736+02:00
306895252,de:12067:900310910::2,0.0,2026-10-02T01:01:04.695736+02:00
306895252,de:12067:900310764::1,0.0,2026-10-02T01:01:04.695736+02:00
306895252,de:12067:900310765::1,0.0,2026-10-02T01:01:04.695736+02:00
306895252,de:12067:900310766::1,0.0,2026-10-02T01:01:04.695736+02:00
306895252,de:12067:900310767::1,0.0,2026-10-02T01:01:04.695736+02:00
306895252,de:12067:900310891::1,0.0,2026-10-02T01:01:04.695736+02:00
306895252,de:12067:900310767::2,0.0,2026-10-02T01:01:04.695736+02:00
306895252,de:12067:900310939::1,0.0,2026-10-02T01:01:04.695736+02:00
306895252,de:12067:900310967::1,-0.5,2026-10-02T01:01:04.695736+02:00
306895252,de:12067:900310978::1,0.0,2026-10-02T01:01:04.695736+02:00
306895252,de:12061:900261908::1,0.0,2026-10-02T01:01:04.695736+02:00
306895252,de:12061:900261908::2,0.0,2026-10-02T01:01:04.695736+02:00
306895252,de:12067:900310978::2,0.0,2026-10-02T01:01:04.695736+02:00
306895252,de:12067:900311006::1,-0.5,2026-10-02T01:01:04.695736+02:00
306895252,de:12061:900261192::1,0.0,2026-10-02T01:01:04.695736+02:00
306895252,de:12061:900261610::2,-0.5,2026-10-02T01:01:04.695736+02:00
306895252,de:12061:900261459::2,0.0,2026-10-02T01:01:04.695736+02:00
306895252,de:12061:900261462::1,0.0,2026-10-02T01:01:04.695736+02:00
306051514,de:12064:900320250::2,0.0,2026-10-02T01:01:04.695736+02:00
306051514,de:12064:900320255::2,0.0,2026-10-02T01:01:04.695736+02:00
306051514,de:12064:900320253::2,0.0,2026-10-02T01:01:04.695736+02:00
306051514,de:12064:900320252::2,0.0,2026-10-02T01:01:04.695736+02:00
306051514,de:12064:900320283::2,0.0,2026-10-02T01:01:04.695736+02:00
306051514,de:12064:900320246::3,0.0,2026-10-02T01:01:04.695736+02:00
306051514,de:12064:900320260::2,0.0,2026-10-02T01:01:04.695736+02:00
306051514,de:12064:900320265::2,0.0,2026-10-02T01:01:04.695736+02:00
306051514,de:12064:900320261::2,0.0,2026-10-02T01:01:04.695736+02:00
306051514,de:12064:900320257::2,0.0,2026-10-02T01:01:04.695736+02:00
306051514,de:12064:900320268::2,0.0,2026-10-02T01:01:04.695736+02:00
306051514,de:12064:900320660::2,0.0,2026-10-02T01:01:04.695736+02:00
306051514,de:12064:900320639::1,0.0,2026-10-02T01:01:04.695736+02:00
306051514,de:12064:900320006::1,0.0,2026-10-02T01:01:04.695736+02:00
306050739,de:12064:900320004::4,0.0,2026-10-02T01:01:04.695736+02:00
306050739,de:12064:900320561::1,0.0,2026-10-02T01:01:04.695736+02:00
306050739,de:12064:900320562::1,0.0,2026-10-02T01:01:04.695736+02:00
306050739,de:12064:900320999::1,0.0,2026-10-02T01:01:04.695736+02:00
306050739,de:12064:900320998::1,0.0,2026-10-02T01:01:04.695736+02:00
306050739,de:12064:900320960::1,0.0,2026-10-02T01:01:04.695736+02:00
306050739,de:12064:900320659::1,0.0,2026-10-02T01:01:04.695736+02:00
306050739,de:12064:900320273::1,0.0,2026-10-02T01:01:04.695736+02:00
306050739,de:12064:900320282::1,0.0,2026-10-02T01:01:04.695736+02:00
306050739,de:12064:900320274::1,0.0,2026-10-02T01:01:04.695736+02:00
306050739,de:12064:900320275::1,0.0,2026-10-02T01:01:04.695736+02:00
306050739,de:12064:900320262::1,0.0,2026-10-02T01:01:04.695736+02:00
306050739,de:12064:900320263::1,0.0,2026-10-02T01:01:04.695736+02:00
306050739,de:12064:900320264::1,0.0,2026-10-02T01:01:04.695736+02:00
306050739,de:12064:900320242::1,0.0,2026-10-02T01:01:04.695736+02:00
306050739,de:12064:900320249::3,0.0,2026-10-02T01:01:04.695736+02:00
306050739,de:12064:900320283::1,0.0,2026-10-02T01:01:04.695736+02:00
306050739,de:12064:900320252::1,0.0,2026-10-02T01:01:04.695736+02:00
306050739,de:12064:900320246::3,0.0,2026-10-02T01:01:04.695736+02:00
306050739,de:12064:900320254::1,0.0,2026-10-02T01:01:04.695736+02:00
306050739,de:12067:900310530::1,0.0,2026-10-02T01:01:04.695736+02:00
306050739,de:12067:900310531::1,0.0,2026-10-02T01:01:04.695736+02:00
306050739,de:12067:900310532::1,0.0,2026-10-02T01:01:04.695736+02:00
306050739,de:12067:900310533::1,0.0,2026-10-02T01:01:04.695736+02:00
306050739,de:12067:900310534::2,0.0,2026-10-02T01:01:04.695736+02:00
306050739,de:11000:900310550::2,0.0,2026-10-02T01:01:04.695736+02:00
306050739,de:12067:900310572::2,0.0,2026-10-02T01:01:04.695736+02:00
306050739,de:12067:900310013::2,0.0,2026-10-02T01:01:04.695736+02:00
306896942,de:12067:900310109::1,0.0,2026-10-02T01:01:04.695736+02:00
306896942,de:12067:900310631::1,0.0,2026-10-02T01:01:04.695736+02:00
306896942,de:12067:900310040::2,0.0,2026-10-02T01:01:04.695736+02:00
306896942,de:12067:900310110::2,0.0,2026-10-02T01:01:04.695736+02:00
306896942,de:12067:900310946::2,0.0,2026-10-02T01:01:04.695736+02:00
306896942,de:12067:900310979::2,0.0,2026-10-02T01:01:04.695736+02:00
306896942,de:12067:900310703::2,0.0,2026-10-02T01:01:04.695736+02:00
306896942,de:12067:900310915::2,-0.5,2026-10-02T01:01:04.695736+02:00
306896942,de:12067:900310916::2,-0.5,2026-10-02T01:01:04.695736+02:00
306896942,de:12067:900310917::2,0.0,2026-10-02T01:01:04.695736+02:00
306896942,de:12067:900310900::2,0.0,2026-10-02T01:01:04.695736+02:00
306896942,de:12067:900310880::2,0.0,2026-10-02T01:01:04.695736+02:00
306896942,de:12067:900310915::1,0.0,2026-10-02T01:01:04.695736+02:00
306896942,de:12067:900310703::4,0.0,2026-10-02T01:01:04.695736+02:00
306896942,de:12067:900311092::1,-0.5,2026-10-02T01:01:04.695736+02:00
306047297,de:11000:900175010::4,0.0,2026-10-02T01:01:04.695736+02:00
306047297,de:12064:900320520::1,0.0,2026-10-02T01:01:04.695736+02:00
306047297,de:12064:900320511::1,0.0,2026-10-02T01:01:04.695736+02:00
306047297,de:12064:900320510::1,0.0,2026-10-02T01:01:04.695736+02:00
306047297,de:12064:900320523::2,0.0,2026-10-02T01:01:04.695736+02:00
306047297,de:12064:900320017::2,0.0,2026-10-02T01:01:04.695736+02:00
306047297,de:12064:900320119::2,0.0,2026-10-02T01:01:04.695736+02:00
306047297,de:12064:900320120::4,0.0,2026-10-02T01:01:04.695736+02:00
306047297,de:12064:900320118::2,0.0,2026-10-02T01:01:04.695736+02:00
306047297,de:12064:900320050::1,0.0,2026-10-02T01:01:04.695736+02:00
306047297,de:12064:900320008::1,0.0,2026-10-02T01:01:04.695736+02:00
306052196,de:12064:900321742::3,0.0,2026-10-02T01:01:04.695736+02:00
306052196,de:12064:900321747::1,0.0,2026-10-02T01:01:04.695736+02:00
306052196,de:12064:900321750::1,0.0,2026-10-02T01:01:04.695736+02:00
306052196,de:12064:900321471::4,0.0,2026-10-02T01:01:04.695736+02:00
306052196,de:12064:900321470::1,0.0,2026-10-02T01:01:04.695736+02:00
306052196,de:12064:900321303::1,0.0,2026-10-02T01:01:04.695736+02:00
306052196,de:12064:900321433::3,0.0,2026-10-02T01:01:04.695736+02:00
306052196,de:12064:900321582::1,0.0,2026-10-02T01:01:04.695736+02:00
306052196,de:12064:900321583::1,0.0,2026-10-02T01:01:04.695736+02:00
306052196,de:12064:900321520::1,0.0,2026-10-02T01:01:04.695736+02:00
306052196,de:12064:900321518::1,0.0,2026-10-02T01:01:04.695736+02:00
306052196,de:12064:900321521::1,0.0,2026-10-02T01:01:04.695736+02:00
306052196,de:12064:900321341::1,0.0,2026-10-02T01:01:04.695736+02:00
306052196,de:12064:900321615::1,0.0,2026-10-02T01:01:04.695736+02:00
306052196,de:12064:900321341::2,0.0,2026-10-02T01:01:04.695736+02:00
306052196,de:12064:900321309::2,0.0,2026-10-02T01:01:04.695736+02:00
306052196,de:12064:900321434::2,0.0,2026-10-02T01:01:04.695736+02:00
306052196,de:12064:900321436::2,0.0,2026-10-02T01:01:04.695736+02:00
306052196,de:12064:900321432::1,0.0,2026-10-02T01:01:04.695736+02:00
306052196,de:12064:900321420::1,0.0,2026-10-02T01:01:04.695736+02:00
306052196,de:12064:900320049::2,0.0,2026-10-02T01:01:04.695736+02:00
306052196,de:12064:900321872::2,0.0,2026-10-02T01:01:04.695736+02:00
306052196,de:12064:900321874::2,0.0,2026-10-02T01:01:04.695736+02:00
306052196,de:12064:900321871::1,0.0,2026-10-02T01:01:04.695736+02:00
306052196,de:12064:900321870::1,0.0,2026-10-02T01:01:04.695736+02:00
306052196,de:12064:900321830::1,0.0,2026-10-02T01:01:04.695736+02:00
306052196,de:12064:900321801::1,0.0,2026-10-02T01:01:04.695736+02:00
306052196,de:12064:900321800::1,0.0,2026-10-02T01:01:04.695736+02:00
306052196,de:12064:900321547::1,0.0,2026-10-02T01:01:04.695736+02:00
306048770,de:12064:900320004::1,0.0,2026-10-02T01:01:04.695736+02:00
306048770,de:12064:900320616::1,0.0,2026-10-02T01:01:04.695736+02:00
306048770,de:12064:900320615::1,0.0,2026-10-02T01:01:04.695736+02:00
306048770,de:12064:900320603::1,0.0,2026-10-02T01:01:04.695736+02:00
306048770,de:12064:900320604::1,0.0,2026-10-02T01:01:04.695736+02:00
306048770,de:12064:900320051::1,0.0,2026-10-02T01:01:04.695736+02:00
306048770,de:12064:900320554::1,0.0,2026-10-02T01:01:04.695736+02:00
306048770,de:12064:900320001::3,0.0,2026-10-02T01:01:04.695736+02:00
306048770,de:12064:900320559::2,0.0,2026-10-02T01:01:04.695736+02:00
306048770,de:12064:900320564::1,0.0,2026-10-02T01:01:04.695736+02:00
306895755,de:12067:900310805::1,0.0,2026-10-02T01:01:04.695736+02:00
306895755,de:12067:900310801::2,0.0,2026-10-02T01:01:04.695736+02:00
306895755,de:12067:900310937::2,0.0,2026-10-02T01:01:04.695736+02:00
306895755,de:12067:900310825::1,0.0,2026-10-02T01:01:04.695736+02:00
306895755,de:12067:900310792::2,0.0,2026-10-02T01:01:04.695736+02:00
306895755,de:12067:900310774::2,0.0,2026-10-02T01:01:04.695736+02:00
306895755,de:12067:900310798::2,0.0,2026-10-02T01:01:04.695736+02:00
306895755,de:12067:900311150::2,0.0,2026-10-02T01:01:04.695736+02:00
306895755,de:12067:900311135::2,0.0,2026-10-02T01:01:04.695736+02:00
306895755,de:12067:900311149::2,0.0,2026-10-02T01:01:04.695736+02:00
306895755,de:12067:900310001::11,0.0,2026-10-02T01:01:04.695736+02:00
306895755,de:12067:900310001::2,0.0,2026-10-02T01:01:04.695736+02:00
306895755,de:12067:900310816::1,0.0,2026-10-02T01:01:04.695736+02:00
306895755,de:12067:900310627::1,0.0,2026-10-02T01:01:04.695736+02:00
306895755,de:12067:900310781::1,0.0,2026-10-02T01:01:04.695736+02:00
306895755,de:12067:900310822::1,0.0,2026-10-02T01:01:04.695736+02:00
306895755,de:12067:900310771::1,0.0,2026-10-02T01:01:04.695736+02:00
306895755,de:12067:900310800::1,0.0,2026-10-02T01:01:04.695736+02:00
306895755,de:12067:900310879::1,0.0,2026-10-02T01:01:04.695736+02:00
306895755,de:12067:900310010::4,0.0,2026-10-02T01:01:04.695736+02:00
306895755,de:12067:900310880::1,0.0,2026-10-02T01:01:04.695736+02:00
306895755,de:12067:900310815::1,0.0,2026-10-02T01:01:04.695736+02:00
306895755,de:12067:900310807::1,0.0,2026-10-02T01:01:04.695736+02:00
306895756,de:12067:900310805::1,0.0,2026-10-02T01:01:04.695736+02:00
306895756,de:12067:900310801::2,0.0,2026-10-02T01:01:04.695736+02:00
306895756,de:12067:900310937::2,0.0,2026-10-02T01:01:04.695736+02:00
306895756,de:12067:900310825::1,0.0,2026-10-02T01:01:04.695736+02:00
306895756,de:12067:900310792::2,0.0,2026-10-02T01:01:04.695736+02:00
306895756,de:12067:900310774::2,0.0,2026-10-02T01:01:04.695736+02:00
306895756,de:12067:900310798::2,0.0,2026-10-02T01:01:04.695736+02:00
306895756,de:12067:900311150::2,0.0,2026-10-02T01:01:04.695736+02:00
306895756,de:12067:900311135::2,0.0,2026-10-02T01:01:04.695736+02:00
306895756,de:12067:900311149::2,0.0,2026-10-02T01:01:04.695736+02:00
306895756,de:12067:900310001::11,0.0,2026-10-02T01:01:04.695736+02:00
306895756,de:12067:900310001::2,0.0,2026-10-02T01:01:04.695736+02:00
306895756,de:12067:900310816::1,0.0,2026-10-02T01:01:04.695736+02:00
306895756,de:12067:900310627::1,0.0,2026-10-02T01:01:04.695736+02:00
306895756,de:12067:900310781::1,0.0,2026-10-02T01:01:04.695736+02:00
306895756,de:12067:900310822::1,0.0,2026-10-02T01:01:04.695736+02:00
306895756,de:12067:900310771::1,0.0,2026-10-02T01:01:04.695736+02:00
306895756,de:12067:900310800::1,0.0,2026-10-02T01:01:04.695736+02:00
306895756,de:12067:900310879::1,0.0,2026-10-02T01:01:04.695736+02:00
306895756,de:12067:900310010::4,0.0,2026-10-02T01:01:04.695736+02:00
306895756,de:12067:900310880::1,0.0,2026-10-02T01:01:04.695736+02:00
306895756,de:12067:900310815::1,0.0,2026-10-02T01:01:04.695736+02:00
306895756,de:12067:900310807::1,0.0,2026-10-02T01:01:04.695736+02:00
307243210,de:12065:900200005:3:1,0.0,2026-10-02T01:01:04.695736+02:00
307243210,de:12065:900200006:1:51,-0.3,2026-10-02T01:01:04.695736+02:00
307243210,de:12065:900200007:1:51,-0.7,2026-10-02T01:01:04.695736+02:00
307243210,de:12065:900200008:1:51,-0.2,2026-10-02T01:01:04.695736+02:00
307243210,de:12065:900200009:1:51,-0.1,2026-10-02T01:01:04.695736+02:00
307243210,de:11000:900092201:1:51,-0.7,2026-10-02T01:01:04.695736+02:00
307243210,de:11000:900093201:1:51,-0.4,2026-10-02T01:01:04.695736+02:00
307243210,de:11000:900094101:1:51,-0.8,2026-10-02T01:01:04.695736+02:00
307243210,de:11000:900096101:1:51,-0.1,2026-10-02T01:01:04.695736+02:00
307243210,de:11000:900084101:1:51,-0.2,2026-10-02T01:01:04.695736+02:00
307243210,de:11000:900085201:1:51,-0.8,2026-10-02T01:01:04.695736+02:00
307243210,de:11000:900130003:1:51,-0.8,2026-10-02T01:01:04.695736+02:00
307243210,de:11000:900110011:1:50,-0.9,2026-10-02T01:01:04.695736+02:00
307243210,de:11000:900007102:1:50,-0.9,2026-10-02T01:01:04.695736+02:00
307243210,de:11000:900008101:1:50,0.0,2026-10-02T01:01:04.695736+02:00
307243210,de:11000:900007104:1:51,-0.7,2026-10-02T01:01:04.695736+02:00
307243210,de:11000:900100007:1:50,-0.7,2026-10-02T01:01:04.695736+02:00
307243210,de:11000:900100001:4:56,-0.5,2026-10-02T01:01:04.695736+02:00
307243210,de:11000:900100025:1:50,-0.4,2026-10-02T01:01:04.695736+02:00
307243210,de:11000:900100020:3:54,-0.4,2026-10-02T01:01:04.695736+02:00
307243210,de:11000:900012101:1:51,-0.5,2026-10-02T01:01:04.695736+02:00
307243210,de:11000:900057102:1:50,-0.7,2026-10-02T01:01:04.695736+02:00
307243210,de:11000:900057104:2:51,-0.4,2026-10-02T01:01:04.695736+02:00
307243210,de:11000:900054104:1:50,-0.3,2026-10-02T01:01:04.695736+02:00
307243210,de:11000:900060101:1:50,-0.3,2026-10-02T01:01:04.695736+02:00
307243210,de:11000:900063101:1:50,-0.1,2026-10-02T01:01:04.695736+02:00
307243210,de:11000:900062202:1:50,-0.1,2026-10-02T01:01:04.695736+02:00
307243210,de:11000:900066102:1:50,-0.2,2026-10-02T01:01:04.695736+02:00
307243210,de:11000:900066101:1:50,-0.1,2026-10-02T01:01:04.695736+02:00
307243210,de:11000:900049202:1:50,-0.3,2026-10-02T01:01:04.695736+02:00
307243210,de:11000:900049201:1:50,-0.4,2026-10-02T01:01:04.695736+02:00
307243210,de:11000:900050301:1:50,0.0,2026-10-02T01:01:04.695736+02:00
307243210,de:11000:900050355:1:50,-0.1,2026-10-02T01:01:04.695736+02:00
307243210,de:11000:900052201:1:50,-0.5,2026-10-02T01:01:04.695736+02:00
307243210,de:11000:900053301:1:51,-0.9,2026-10-02T01:01:04.695736+02:00
306895863,de:12067:900310001::5,0.0,2026-10-02T01:01:04.695736+02:00
306895863,de:12067:900311149::1,0.0,2026-10-02T01:01:04.695736+02:00
306895863,de:12067:900310781::1,0.0,2026-10-02T01:01:04.695736+02:00
306895863,de:12067:900310789::1,0.0,2026-10-02T01:01:04.695736+02:00
306895863,de:12067:900310797::1,0.0,2026-10-02T01:01:04.695736+02:00
306895863,de:12067:900310773::1,0.0,2026-10-02T01:01:04.695736+02:00
306895863,de:12067:900311115::1,0.0,2026-10-02T01:01:04.695736+02:00
306895319,de:12067:900310940::1,0.0,2026-10-02T01:01:04.695736+02:00
306895319,de:12067:900310921::2,0.0,2026-10-02T01:01:04.695736+02:00
306895319,de:12067:900311016::1,0.0,2026-10-02T01:01:04.695736+02:00
306895319,de:12067:900310941::2,0.0,2026-10-02T01:01:04.695736+02:00
306895319,de:12067:900310700::1,0.0,2026-10-02T01:01:04.695736+02:00
306895319,de:12067:900310925::1,0.0,2026-10-02T01:01:04.695736+02:00
306895319,de:12067:900310760::2,0.0,2026-10-02T01:01:04.695736+02:00
306895319,de:12067:900311064::1,0.0,2026-10-02T01:01:04.695736+02:00
306895319,de:12067:900311065::1,0.0,2026-10-02T01:01:04.695736+02:00
306895922,de:12067:900310001::5,0.0,2026-10-02T01:01:04.695736+02:00
306895922,de:12067:900311149::1,0.0,2026-10-02T01:01:04.695736+02:00
306895922,de:12067:900310781::1,0.0,2026-10-02T01:01:04.695736+02:00
306895922,de:12067:900310822::1,0.0,2026-10-02T01:01:04.695736+02:00
306895922,de:12067:900310808::1,0.0,2026-10-02T01:01:04.695736+02:00
306895922,de:12067:900310777::1,0.0,2026-10-02T01:01:04.695736+02:00
306895922,de:12067:900310796::1,0.0,2026-10-02T01:01:04.695736+02:00
306895922,de:12067:900310875::1,0.0,2026-10-02T01:01:04.695736+02:00
306895922,de:12067:900310837::1,0.0,2026-10-02T01:01:04.695736+02:00
306895922,de:12067:900310817::1,0.0,2026-10-02T01:01:04.695736+02:00
306895922,de:12067:900311145::1,0.0,2026-10-02T01:01:04.695736+02:00
295879407,de:11000:900053301:2:52,0.0,2026-10-02T01:01:04.695736+02:00
295879407,de:11000:900052201:1:51,0.0,2026-10-02T01:01:04.695736+02:00
295879407,de:11000:900050355:1:51,-0.3,2026-10-02T01:01:04.695736+02:00
295879407,de:11000:900050301:1:51,-0.4,2026-10-02T01:01:04.695736+02:00
295879407,de:11000:900049201:1:51,0.0,2026-10-02T01:01:04.695736+02:00
295879407,de:11000:900049202:1:51,0.0,2026-10-02T01:01:04.695736+02:00
295879407,de:11000:900066101:1:51,-0.3,2026-10-02T01:01:04.695736+02:00
295879407,de:11000:900066102:1:51,-0.2,2026-10-02T01:01:04.695736+02:00
295879407,de:11000:900062202:1:51,-0.2,2026-10-02T01:01:04.695736+02:00
295879407,de:11000:900063101:1:51,-0.2,2026-10-02T01:01:04.695736+02:00
295879407,de:11000:900060101:1:51,-0.9,2026-10-02T01:01:04.695736+02:00
295879407,de:11000:900054104:1:51,-0.9,2026-10-02T01:01:04.695736+02:00
295879407,de:11000:900057104:1:50,-0.4,2026-10-02T01:01:04.695736+02:00
295879407,de:11000:900057102:1:51,-0.1,2026-10-02T01:01:04.695736+02:00
295879407,de:11000:900012101:2:52,-0.9,2026-10-02T01:01:04.695736+02:00
295879407,de:11000:900100020:4:57,-0.3,2026-10-02T01:01:04.695736+02:00
295879407,de:11000:900100025:1:51,-0.4,2026-10-02T01:01:04.695736+02:00
295879407,de:11000:900100001:4:57,-0.1,2026-10-02T01:01:04.695736+02:00
295879407,de:11000:900100007:1:51,-0.2,2026-10-02T01:01:04.695736+02:00
295879407,de:11000:900007104:2:52,-0.2,2026-10-02T01:01:04.695736+02:00
295879407,de:11000:900008101:1:51,-0.9,2026-10-02T01:01:04.695736+02:00
295879407,de:11000:900007102:2:53,-0.6,2026-10-02T01:01:04.695736+02:00
295879407,de:11000:900110011:2:53,-0.9,2026-10-02T01:01:04.695736+02:00
295879407,de:11000:900085201:1:50,-0.9,2026-10-02T01:01:04.695736+02:00
295879407,de:11000:900084101:1:50,-0.7,2026-10-02T01:01:04.695736+02:00
295879407,de:11000:900096101:1:50,-0.8,2026-10-02T01:01:04.695736+02:00
295879407,de:11000:900094101:1:50,-0.1,2026-10-02T01:01:04.695736+02:00
295879407,de:11000:900093201:1:50,-0.4,2026-10-02T01:01:04.695736+02:00
295879407,de:11000:900092201:1:50,-0.2,2026-10-02T01:01:04.695736+02:00
295879407,de:12065:900200009:1:50,-0.7,2026-10-02T01:01:04.695736+02:00
295879407,de:12065:900200008:1:50,-0.7,2026-10-02T01:01:04.695736+02:00
295879407,de:12065:900200007:1:50,-0.2,2026-10-02T01:01:04.695736+02:00
295879407,de:12065:900200006:1:50,-0.5,2026-10-02T01:01:04.695736+02:00
295879407,de:12065:900200005:3:1,-0.9,2026-10-02T01:01:04.695736+02:00
306895986,de:12067:900310565::1,0.0,2026-10-02T01:01:04.695736+02:00
306895986,de:12067:900310561::2,0.0,2026-10-02T01:01:04.695736+02:00
306895986,de:12067:900310567::2,0.0,2026-10-02T01:01:04.695736+02:00
306895986,de:12067:900310581::2,0.0,2026-10-02T01:01:04.695736+02:00
306895986,de:12067:900310573::2,0.0,2026-10-02T01:01:04.695736+02:00
306895986,de:12067:900310560::2,0.0,2026-10-02T01:01:04.695736+02:00
306895986,de:12067:900310563::4,0.0,2026-10-02T01:01:04.695736+02:00
306895986,de:12067:900310013::2,0.0,2026-10-02T01:01:04.695736+02:00
306895986,de:12067:900310572::1,0.0,2026-10-02T01:01:04.695736+02:00
306895986,de:11000:900310550::1,0.0,2026-10-02T01:01:04.695736+02:00
306895986,de:12067:900310534::1,0.0,2026-10-02T01:01:04.695736+02:00
306895986,de:12067:900310580::2,0.0,2026-10-02T01:01:04.695736+02:00
306895986,de:12067:900310578::4,0.0,2026-10-02T01:01:04.695736+02:00
306895986,de:12067:900310508::2,0.0,2026-10-02T01:01:04.695736+02:00
306895986,de:12067:900310509::2,0.0,2026-10-02T01:01:04.695736+02:00
306895986,de:12067:900310017::3,0.0,2026-10-02T01:01:04.695736+02:00
306895986,de:12064:900320267::1,0.0,2026-10-02T01:01:04.695736+02:00
306895986,de:12064:900320250::1,0.0,2026-10-02T01:01:04.695736+02:00
306895999,de:12067:900310581::2,0.0,2026-10-02T01:01:04.695736+02:00
306895999,de:12067:900310573::2,0.0,2026-10-02T01:01:04.695736+02:00
306895999,de:12067:900310560::2,0.0,2026-10-02T01:01:04.695736+02:00
306895999,de:12067:900310559::1,0.0,2026-10-02T01:01:04.695736+02:00
306895999,de:12067:900310558::3,0.0,2026-10-02T01:01:04.695736+02:00
306895999,de:12067:900310553::2,0.0,2026-10-02T01:01:04.695736+02:00
306895999,de:12067:900310579::2,0.0,2026-10-02T01:01:04.695736+02:00
306895999,de:12067:900310571::2,0.0,2026-10-02T01:01:04.695736+02:00
306895999,de:12067:900310569::2,0.0,2026-10-02T01:01:04.695736+02:00
306895999,de:12067:900310563::1,0.0,2026-10-02T01:01:04.695736+02:00
306895999,de:12067:900310563::4,0.0,2026-10-02T01:01:04.695736+02:00
306895999,de:12067:900310013::2,0.0,2026-10-02T01:01:04.695736+02:00
306895999,de:12067:900310572::1,0.0,2026-10-02T01:01:04.695736+02:00
306895999,de:11000:900310550::1,0.0,2026-10-02T01:01:04.695736+02:00
306895999,de:12067:900310534::1,0.0,2026-10-02T01:01:04.695736+02:00
306895999,de:12067:900310580::2,0.0,2026-10-02T01:01:04.695736+02:00
306895999,de:12067:900310578::4,0.0,2026-10-02T01:01:04.695736+02:00
306895999,de:12067:900310508::2,0.0,2026-10-02T01:01:04.695736+02:00
306895999,de:12067:900310509::2,0.0,2026-10-02T01:01:04.695736+02:00
306895999,de:12067:900310017::3,0.0,2026-10-02T01:01:04.695736+02:00
306895999,de:12064:900320267::1,0.0,2026-10-02T01:01:04.695736+02:00
306895999,de:12064:900320250::1,0.0,2026-10-02T01:01:04.695736+02:00
306896079,de:12067:900310013::2,0.0,2026-10-02T01:01:04.695736+02:00
306896079,de:12067:900310572::1,0.0,2026-10-02T01:01:04.695736+02:00
306896079,de:11000:900310550::1,0.0,2026-10-02T01:01:04.695736+02:00
306896079,de:12067:900310534::1,0.0,2026-10-02T01:01:04.695736+02:00
306896079,de:12067:900310580::1,0.0,2026-10-02T01:01:04.695736+02:00
306896079,de:12067:900311095::1,0.0,2026-10-02T01:01:04.695736+02:00
306896079,de:12067:900311097::1,0.0,2026-10-02T01:01:04.695736+02:00
306896079,de:12067:900311096::2,0.0,2026-10-02T01:01:04.695736+02:00
306896079,de:12067:900310021::2,0.0,2026-10-02T01:01:04.695736+02:00
306896104,de:12067:900310031::2,0.0,2026-10-02T01:01:04.695736+02:00
306896104,de:12067:900310031::2,-19.0,2026-10-02T01:01:04.695736+02:00
306896104,de:12067:900311114::1,0.0,2026-10-02T01:01:04.695736+02:00
306896104,de:12067:900310031::2,19.0,2026-10-02T01:01:04.695736+02:00
306896104,de:12067:900310031::2,0.0,2026-10-02T01:01:04.695736+02:00
306896104,de:12067:900310555::2,0.0,2026-10-02T01:01:04.695736+02:00
306896104,de:12067:900310557::2,0.0,2026-10-02T01:01:04.695736+02:00
306896104,de:12067:900310013::7,0.0,2026-10-02T01:01:04.695736+02:00
295883493,de:11000:900100020:3:55,0.0,2026-10-02T01:01:04.695736+02:00
295883493,de:11000:900012101:1:51,-0.5,2026-10-02T01:01:04.695736+02:00
295883493,de:11000:900057102:1:50,-0.7,2026-10-02T01:01:04.695736+02:00
295883493,de:11000:900057104:2:51,-0.4,2026-10-02T01:01:04.695736+02:00
295883493,de:11000:900054104:1:50,-0.3,2026-10-02T01:01:04.695736+02:00
295883493,de:11000:900060101:1:50,-0.3,2026-10-02T01:01:04.695736+02:00
295883493,de:11000:900063101:1:50,-0.1,2026-10-02T01:01:04.695736+02:00
295883493,de:11000:900062202:1:50,-0.1,2026-10-02T01:01:04.695736+02:00
295883493,de:11000:900066102:1:50,-0.2,2026-10-02T01:01:04.695736+02:00
295883493,de:11000:900066101:1:50,-0.1,2026-10-02T01:01:04.695736+02:00
295883493,de:11000:900049202:1:50,-0.3,2026-10-02T01:01:04.695736+02:00
295883493,de:11000:900049201:1:50,-0.4,2026-10-02T01:01:04.695736+02:00
295883491,de:11000:900100020:3:55,0.0,2026-10-02T01:01:04.695736+02:00
295883491,de:11000:900012101:1:51,-0.5,2026-10-02T01:01:04.695736+02:00
295883491,de:11000:900057102:1:50,-0.7,2026-10-02T01:01:04.695736+02:00
295883491,de:11000:900057104:2:51,-0.4,2026-10-02T01:01:04.695736+02:00
295883491,de:11000:900054104:1:50,-0.3,2026-10-02T01:01:04.695736+02:00
295883491,de:11000:900060101:1:50,-0.3,2026-10-02T01:01:04.695736+02:00
295883491,de:11000:900063101:1:50,-0.1,2026-10-02T01:01:04.695736+02:00
295883491,de:11000:900062202:1:50,-0.1,2026-10-02T01:01:04.695736+02:00
295883491,de:11000:900066102:1:50,-0.2,2026-10-02T01:01:04.695736+02:00
295883491,de:11000:900066101:1:50,-0.1,2026-10-02T01:01:04.695736+02:00
295883491,de:11000:900049202:1:50,-0.3,2026-10-02T01:01:04.695736+02:00
295883491,de:11000:900049201:1:50,-0.4,2026-10-02T01:01:04.695736+02:00
306896270,de:12067:900310013::3,0.0,2026-10-02T01:01:04.695736+02:00
306896270,de:12067:900310563::3,0.0,2026-10-02T01:01:04.695736+02:00
306896270,de:12067:900310559::1,0.0,2026-10-02T01:01:04.695736+02:00
306896270,de:12067:900310558::1,0.0,2026-10-02T01:01:04.695736+02:00
306896270,de:12067:900310556::1,0.0,2026-10-02T01:01:04.695736+02:00
306896270,de:12067:900310621::1,0.0,2026-10-02T01:01:04.695736+02:00
306896270,de:12067:900310568::1,0.0,2026-10-02T01:01:04.695736+02:00
306896270,de:12067:900310955::1,0.0,2026-10-02T01:01:04.695736+02:00
306896270,de:12067:900310950::1,0.0,2026-10-02T01:01:04.695736+02:00
306896270,de:12061:900260165::2,0.0,2026-10-02T01:01:04.695736+02:00
306896270,de:12061:900260169::3,0.0,2026-10-02T01:01:04.695736+02:00
306896270,de:12061:900260166::2,0.0,2026-10-02T01:01:04.695736+02:00
306896270,de:12061:900260171::2,0.0,2026-10-02T01:01:04.695736+02:00
306896270,de:12061:900260168::2,0.0,2026-10-02T01:01:04.695736+02:00
306896270,de:12061:900260167::2,0.0,2026-10-02T01:01:04.695736+02:00
306896270,de:12061:900260170::2,0.0,2026-10-02T01:01:04.695736+02:00
306896270,de:12061:900261050::1,0.0,2026-10-02T01:01:04.695736+02:00
306896270,de:12061:900261051::2,0.0,2026-10-02T01:01:04.695736+02:00
306896270,de:12061:900261048::2,0.0,2026-10-02T01:01:04.695736+02:00
306896270,de:12061:900261047::2,0.0,2026-10-02T01:01:04.695736+02:00
306896270,de:12061:900260889::2,0.0,2026-10-02T01:01:04.695736+02:00
306896270,de:12061:900260888::2,0.0,2026-10-02T01:01:04.695736+02:00
306896270,de:12061:900260886::2,0.0,2026-10-02T01:01:04.695736+02:00
306896270,de:12061:900260887::2,0.0,2026-10-02T01:01:04.695736+02:00
306896270,de:12061:900260890::2,0.0,2026-10-02T01:01:04.695736+02:00
306896270,de:12061:900260798::2,0.0,2026-10-02T01:01:04.695736+02:00
306896270,de:12061:900260001::8,0.0,2026-10-02T01:01:04.695736+02:00
306896365,de:12067:900311129::4,0.0,2026-10-02T01:01:04.695736+02:00
306896365,de:12067:900310755::2,0.0,2026-10-02T01:01:04.695736+02:00
306896365,de:12067:900310728::3,0.0,2026-10-02T01:01:04.695736+02:00
306896365,de:12067:900310727::3,0.0,2026-10-02T01:01:04.695736+02:00
306896365,de:12067:900310942::1,0.0,2026-10-02T01:01:04.695736+02:00
306896365,de:12067:900310716::1,0.0,2026-10-02T01:01:04.695736+02:00
306896365,de:12067:900310740::1,0.0,2026-10-02T01:01:04.695736+02:00
306896365,de:12067:900310739::2,0.0,2026-10-02T01:01:04.695736+02:00
306896365,de:12067:900310747::2,0.0,2026-10-02T01:01:04.695736+02:00
306896365,de:12067:900310924::2,0.0,2026-10-02T01:01:04.695736+02:00
306896365,de:12067:900310925::1,0.0,2026-10-02T01:01:04.695736+02:00
306896365,de:12067:900310600::2,0.0,2026-10-02T01:01:04.695736+02:00
306896365,de:12067:900310829::1,0.0,2026-10-02T01:01:04.695736+02:00
306896365,de:12067:900310827::2,0.0,2026-10-02T01:01:04.695736+02:00
306896365,de:12067:900310982::1,0.0,2026-10-02T01:01:04.695736+02:00
306896365,de:12067:900310757::2,0.0,2026-10-02T01:01:04.695736+02:00
306896365,de:12067:900310756::2,0.0,2026-10-02T01:01:04.695736+02:00
306896365,de:12067:900310118::2,0.0,2026-10-02T01:01:04.695736+02:00
306896365,de:12067:900310100::2,0.0,2026-10-02T01:01:04.695736+02:00
306896365,de:12067:900310108::2,0.0,2026-10-02T01:01:04.695736+02:00
306896365,de:12067:900310111::2,0.0,2026-10-02T01:01:04.695736+02:00
306896365,de:12067:900310101::2,0.0,2026-10-02T01:01:04.695736+02:00
306896365,de:12067:900310112::2,0.0,2026-10-02T01:01:04.695736+02:00
306896365,de:12067:900310109::1,0.0,2026-10-02T01:01:04.695736+02:00
306896365,de:12067:900310040::2,0.0,2026-10-02T01:01:04.695736+02:00
306896365,de:12067:900310105::2,0.0,2026-10-02T01:01:04.695736+02:00
306896365,de:12067:900310970::2,0.0,2026-10-02T01:01:04.695736+02:00
306896365,de:12067:900310972::2,0.0,2026-10-02T01:01:04.695736+02:00
306896365,de:12067:900310810::1,0.0,2026-10-02T01:01:04.695736+02:00
306896365,de:12067:900310769::2,0.0,2026-10-02T01:01:04.695736+02:00
306896365,de:12067:900310695::3,0.0,2026-10-02T01:01:04.695736+02:00
306896365,de:12067:900310812::2,0.0,2026-10-02T01:01:04.695736+02:00
306896365,de:12067:900310630::2,0.0,2026-10-02T01:01:04.695736+02:00
306896365,de:12067:900310811::2,0.0,2026-10-02T01:01:04.695736+02:00
306896365,de:12067:900310771::2,0.0,2026-10-02T01:01:04.695736+02:00
306896365,de:12067:900310822::2,0.0,2026-10-02T01:01:04.695736+02:00
306896365,de:12067:900310781::2,0.0,2026-10-02T01:01:04.695736+02:00
306896365,de:12067:900310627::2,-0.5,2026-10-02T01:01:04.695736+02:00
306896365,de:12067:900310816::2,0.0,2026-10-02T01:01:04.695736+02:00
306896365,de:12067:900310022::1,0.0,2026-10-02T01:01:04.695736+02:00
306896365,de:12067:900310001::11,0.0,2026-10-02T01:01:04.695736+02:00
306896396,de:12067:900310001::3,0.0,2026-10-02T01:01:04.695736+02:00
306896396,de:12067:900310816::1,0.0,2026-10-02T01:01:04.695736+02:00
306896396,de:12067:900310627::1,0.0,2026-10-02T01:01:04.695736+02:00
306896396,de:12067:900310781::1,0.0,2026-10-02T01:01:04.695736+02:00
306896396,de:12067:900310822::1,0.0,2026-10-02T01:01:04.695736+02:00
306896396,de:12067:900310771::1,0.0,2026-10-02T01:01:04.695736+02:00
306896396,de:12067:900310811::1,0.0,2026-10-02T01:01:04.695736+02:00
306896396,de:12067:900310630::1,0.0,2026-10-02T01:01:04.695736+02:00
306896396,de:12067:900310812::1,0.0,2026-10-02T01:01:04.695736+02:00
306896396,de:12067:900310695::2,0.0,2026-10-02T01:01:04.695736+02:00
306896396,de:12067:900310769::1,0.0,2026-10-02T01:01:04.695736+02:00
306896396,de:12067:900310810::2,0.0,2026-10-02T01:01:04.695736+02:00
306896396,de:12067:900310972::1,0.0,2026-10-02T01:01:04.695736+02:00
306896396,de:12067:900310970::1,0.0,2026-10-02T01:01:04.695736+02:00
306896396,de:12067:900310105::1,0.0,2026-10-02T01:01:04.695736+02:00
306896396,de:12067:900310040::1,0.0,2026-10-02T01:01:04.695736+02:00
306896396,de:12067:900310109::1,0.0,2026-10-02T01:01:04.695736+02:00
306896396,de:12067:900310112::1,0.0,2026-10-02T01:01:04.695736+02:00
306896396,de:12067:900310101::1,0.0,2026-10-02T01:01:04.695736+02:00
306896396,de:12067:900310111::1,0.0,2026-10-02T01:01:04.695736+02:00
306896396,de:12067:900310108::1,0.0,2026-10-02T01:01:04.695736+02:00
306896396,de:12067:900310100::1,0.0,2026-10-02T01:01:04.695736+02:00
306896396,de:12067:900310118::1,0.0,2026-10-02T01:01:04.695736+02:00
306896396,de:12067:900310756::1,0.0,2026-10-02T01:01:04.695736+02:00
306896396,de:12067:900310757::1,0.0,2026-10-02T01:01:04.695736+02:00
306896396,de:12067:900310982::1,0.0,2026-10-02T01:01:04.695736+02:00
306896396,de:12067:900310827::1,0.0,2026-10-02T01:01:04.695736+02:00
306896396,de:12067:900310829::1,0.0,2026-10-02T01:01:04.695736+02:00
306896396,de:12067:900310600::1,0.0,2026-10-02T01:01:04.695736+02:00
306896396,de:12067:900310925::1,0.0,2026-10-02T01:01:04.695736+02:00
306896396,de:12067:900310924::1,0.0,2026-10-02T01:01:04.695736+02:00
306896396,de:12067:900310747::1,0.0,2026-10-02T01:01:04.695736+02:00
306896396,de:12067:900310739::1,0.0,2026-10-02T01:01:04.695736+02:00
306896396,de:12067:900310740::1,0.0,2026-10-02T01:01:04.695736+02:00
306896396,de:12067:900310716::2,0.0,2026-10-02T01:01:04.695736+02:00
306896396,de:12067:900310942::2,0.0,2026-10-02T01:01:04.695736+02:00
306896396,de:12067:900310721::1,0.0,2026-10-02T01:01:04.695736+02:00
306896396,de:12067:900310755::2,0.0,2026-10-02T01:01:04.695736+02:00
306896396,de:12067:900310728::3,0.0,2026-10-02T01:01:04.695736+02:00
306896396,de:12067:900311129::6,0.0,2026-10-02T01:01:04.695736+02:00
295883484,de:11000:900100020:3:55,0.0,2026-10-02T01:01:04.695736+02:00
295883484,de:11000:900012101:1:51,-0.5,2026-10-02T01:01:04.695736+02:00
295883484,de:11000:900057102:1:50,-0.7,2026-10-02T01:01:04.695736+02:00
295883484,de:11000:900057104:2:51,-0.4,2026-10-02T01:01:04.695736+02:00
295883484,de:11000:900054104:1:50,-0.3,2026-10-02T01:01:04.695736+02:00
295883484,de:11000:900060101:1:50,-0.3,2026-10-02T01:01:04.695736+02:00
295883484,de:11000:900063101:1:50,-0.1,2026-10-02T01:01:04.695736+02:00
295883484,de:11000:900062202:1:50,-0.1,2026-10-02T01:01:04.695736+02:00
295883484,de:11000:900066102:1:50,-0.2,2026-10-02T01:01:04.695736+02:00
295883484,de:11000:900066101:1:50,-0.1,2026-10-02T01:01:04.695736+02:00
295883484,de:11000:900049202:1:50,-0.3,2026-10-02T01:01:04.695736+02:00
295883484,de:11000:900049201:1:50,-0.4,2026-10-02T01:01:04.695736+02:00
295883479,de:11000:900100020:3:55,0.0,2026-10-02T01:01:04.695736+02:00
295883479,de:11000:900012101:1:51,-0.5,2026-10-02T01:01:04.695736+02:00
295883479,de:11000:900057102:1:50,-0.7,2026-10-02T01:01:04.695736+02:00
295883479,de:11000:900057104:2:51,-0.4,2026-10-02T01:01:04.695736+02:00
295883479,de:11000:900054104:1:50,-0.3,2026-10-02T01:01:04.695736+02:00
295883479,de:11000:900060101:1:50,-0.3,2026-10-02T01:01:04.695736+02:00
295883479,de:11000:900063101:1:50,-0.1,2026-10-02T01:01:04.695736+02:00
295883479,de:11000:900062202:1:50,-0.1,2026-10-02T01:01:04.695736+02:00
295883479,de:11000:900066102:1:50,-0.2,2026-10-02T01:01:04.695736+02:00
295883479,de:11000:900066101:1:50,-0.1,2026-10-02T01:01:04.695736+02:00
295883479,de:11000:900049202:1:50,-0.3,2026-10-02T01:01:04.695736+02:00
295883479,de:11000:900049201:1:50,-0.4,2026-10-02T01:01:04.695736+02:00
306896806,de:12067:900310001::4,0.0,2026-10-02T01:01:04.695736+02:00
306896806,de:12067:900310816::1,0.0,2026-10-02T01:01:04.695736+02:00
306896806,de:12067:900310627::1,0.0,2026-10-02T01:01:04.695736+02:00
306896806,de:12067:900310781::1,0.0,2026-10-02T01:01:04.695736+02:00
306896806,de:12067:900310822::1,0.0,2026-10-02T01:01:04.695736+02:00
306896806,de:12067:900310808::1,0.0,2026-10-02T01:01:04.695736+02:00
306896806,de:12067:900310779::1,0.0,2026-10-02T01:01:04.695736+02:00
306896806,de:12067:900310995::1,0.0,2026-10-02T01:01:04.695736+02:00
306896806,de:12067:900311104::1,0.0,2026-10-02T01:01:04.695736+02:00
306896806,de:12067:900310784::1,0.0,2026-10-02T01:01:04.695736+02:00
306896806,de:12067:900310786::1,0.0,2026-10-02T01:01:04.695736+02:00
306896806,de:12067:900310994::1,0.0,2026-10-02T01:01:04.695736+02:00
306896806,de:12067:900310993::1,0.0,2026-10-02T01:01:04.695736+02:00
306896806,de:12067:900310991::1,0.0,2026-10-02T01:01:04.695736+02:00
306896806,de:12067:900310904::1,0.0,2026-10-02T01:01:04.695736+02:00
306896806,de:12067:900311118::1,0.0,2026-10-02T01:01:04.695736+02:00
306896806,de:12067:900311059::1,0.0,2026-10-02T01:01:04.695736+02:00
306896806,de:12067:900311110::3,0.0,2026-10-02T01:01:04.695736+02:00
306896806,de:12067:900311055::1,0.0,2026-10-02T01:01:04.695736+02:00
306896806,de:12067:900311054::1,0.0,2026-10-02T01:01:04.695736+02:00
306896806,de:12067:900311110::1,0.0,2026-10-02T01:01:04.695736+02:00
306896806,de:12067:900311058::1,0.0,2026-10-02T01:01:04.695736+02:00
306896806,de:12067:900310611::2,0.0,2026-10-02T01:01:04.695736+02:00
306896504,de:12067:900310001::3,0.0,2026-10-02T01:01:04.695736+02:00
306896504,de:12067:900311149::1,0.0,2026-10-02T01:01:04.695736+02:00
306896504,de:12067:900311135::1,0.0,2026-10-02T01:01:04.695736+02:00
306896504,de:12067:900311150::1,0.0,2026-10-02T01:01:04.695736+02:00
306896504,de:12067:900310804::1,0.0,2026-10-02T01:01:04.695736+02:00
306896504,de:12067:900310628::2,0.0,2026-10-02T01:01:04.695736+02:00
306896504,de:12067:900310793::2,0.0,2026-10-02T01:01:04.695736+02:00
306896504,de:12067:900310774::1,0.0,2026-10-02T01:01:04.695736+02:00
306896504,de:12067:900310792::1,0.0,2026-10-02T01:01:04.695736+02:00
306896504,de:12067:900310825::1,0.0,2026-10-02T01:01:04.695736+02:00
306896504,de:12067:900310813::1,0.0,2026-10-02T01:01:04.695736+02:00
306896504,de:12067:900310803::1,0.0,2026-10-02T01:01:04.695736+02:00
306896504,de:12067:900310802::1,0.0,2026-10-02T01:01:04.695736+02:00
306896504,de:12067:900310712::1,0.0,2026-10-02T01:01:04.695736+02:00
306896504,de:12067:900310713::1,0.0,2026-10-02T01:01:04.695736+02:00
306896504,de:12067:900310877::1,0.0,2026-10-02T01:01:04.695736+02:00
306896504,de:12067:900310713::2,0.0,2026-10-02T01:01:04.695736+02:00
306896504,de:12067:900310711::1,0.0,2026-10-02T01:01:04.695736+02:00
306896504,de:12067:900311015::3,0.0,2026-10-02T01:01:04.695736+02:00
306896504,de:12067:900310831::1,0.0,2026-10-02T01:01:04.695736+02:00
306896504,de:12067:900311015::4,0.0,2026-10-02T01:01:04.695736+02:00
306896504,de:12064:900320277::1,0.0,2026-10-02T01:01:04.695736+02:00
306896504,de:12064:900320279::1,-0.5,2026-10-02T01:01:04.695736+02:00
306896504,de:12064:900320229::1,-0.5,2026-10-02T01:01:04.695736+02:00
306896504,de:12064:900320280::1,0.0,2026-10-02T01:01:04.695736+02:00
306896504,de:12064:900320228::1,0.0,2026-10-02T01:01:04.695736+02:00
306896505,de:12067:900310001::3,0.0,2026-10-02T01:01:04.695736+02:00
306896505,de:12067:900311149::1,0.0,2026-10-02T01:01:04.695736+02:00
306896505,de:12067:900311135::1,0.0,2026-10-02T01:01:04.695736+02:00
306896505,de:12067:900311150::1,0.0,2026-10-02T01:01:04.695736+02:00
306896505,de:12067:900310804::1,0.0,2026-10-02T01:01:04.695736+02:00
306896505,de:12067:900310628::2,0.0,2026-10-02T01:01:04.695736+02:00
306896505,de:12067:900310793::2,0.0,2026-10-02T01:01:04.695736+02:00
306896505,de:12067:900310774::1,0.0,2026-10-02T01:01:04.695736+02:00
306896505,de:12067:900310792::1,0.0,2026-10-02T01:01:04.695736+02:00
306896505,de:12067:900310825::1,0.0,2026-10-02T01:01:04.695736+02:00
306896505,de:12067:900310813::1,0.0,2026-10-02T01:01:04.695736+02:00
306896505,de:12067:900310803::1,0.0,2026-10-02T01:01:04.695736+02:00
306896505,de:12067:900310802::1,0.0,2026-10-02T01:01:04.695736+02:00
306896505,de:12067:900310712::1,0.0,2026-10-02T01:01:04.695736+02:00
306896505,de:12067:900310713::1,0.0,2026-10-02T01:01:04.695736+02:00
306896505,de:12067:900310877::1,0.0,2026-10-02T01:01:04.695736+02:00
306896505,de:12067:900310713::2,0.0,2026-10-02T01:01:04.695736+02:00
306896505,de:12067:900310711::1,0.0,2026-10-02T01:01:04.695736+02:00
306896505,de:12067:900311015::3,0.0,2026-10-02T01:01:04.695736+02:00
306896505,de:12067:900310831::1,0.0,2026-10-02T01:01:04.695736+02:00
306896505,de:12067:900311015::4,0.0,2026-10-02T01:01:04.695736+02:00
306896505,de:12064:900320277::1,0.0,2026-10-02T01:01:04.695736+02:00
306896505,de:12064:900320279::1,-0.5,2026-10-02T01:01:04.695736+02:00
306896505,de:12064:900320229::1,-0.5,2026-10-02T01:01:04.695736+02:00
306896505,de:12064:900320280::1,0.0,2026-10-02T01:01:04.695736+02:00
306896505,de:12064:900320228::1,0.0,2026-10-02T01:01:04.695736+02:00
307252359,de:11000:900003200:5:58,0.0,2026-10-02T01:01:04.695736+02:00
307252359,de:11000:900009104:1:50,-0.8,2026-10-02T01:01:04.695736+02:00
307252359,de:11000:900007102:2:52,-0.4,2026-10-02T01:01:04.695736+02:00
307252167,de:11000:900007102:1:51,0.0,2026-10-02T01:01:04.695736+02:00
307252167,de:11000:900009104:1:51,-0.8,2026-10-02T01:01:04.695736+02:00
307252167,de:11000:900003200:5:58,-0.7,2026-10-02T01:01:04.695736+02:00
306896766,de:12067:900310013::5,0.0,2026-10-02T01:01:04.695736+02:00
306896766,de:12067:900310557::3,0.0,2026-10-02T01:01:04.695736+02:00
306896766,de:12067:900310555::1,0.0,2026-10-02T01:01:04.695736+02:00
306896766,de:12067:900311114::1,0.0,2026-10-02T01:01:04.695736+02:00
306896766,de:12067:900310002::7,0.0,2026-10-02T01:01:04.695736+02:00
306896766,de:12067:900310864::1,0.0,2026-10-02T01:01:04.695736+02:00
306896766,de:12067:900310861::1,0.0,2026-10-02T01:01:04.695736+02:00
306896766,de:12067:900311157::2,0.0,2026-10-02T01:01:04.695736+02:00
306896766,de:12067:900310860::2,0.0,2026-10-02T01:01:04.695736+02:00
306896766,de:12067:900311125::2,0.0,2026-10-02T01:01:04.695736+02:00
306896766,de:12067:900310936::2,0.0,2026-10-02T01:01:04.695736+02:00
306896766,de:12067:900310788::2,0.0,2026-10-02T01:01:04.695736+02:00
306896766,de:12067:900310696::2,0.0,2026-10-02T01:01:04.695736+02:00
306896766,de:12067:900310001::11,0.0,2026-10-02T01:01:04.695736+02:00
306896849,de:12067:900311129::4,0.0,2026-10-02T01:01:04.695736+02:00
306896849,de:12067:900311129::4,-12.0,2026-10-02T01:01:04.695736+02:00
306896849,de:12067:900310727::3,0.0,2026-10-02T01:01:04.695736+02:00
306896849,de:12067:900310755::2,0.0,2026-10-02T01:01:04.695736+02:00
306896849,de:12067:900310728::3,0.0,2026-10-02T01:01:04.695736+02:00
306896849,de:12067:900311129::7,0.0,2026-10-02T01:01:04.695736+02:00
306896849,de:12067:900311129::4,12.0,2026-10-02T01:01:04.695736+02:00
306896849,de:12067:900311129::4,0.0,2026-10-02T01:01:04.695736+02:00
306896849,de:12067:900310637::2,0.0,2026-10-02T01:01:04.695736+02:00
306896849,de:12067:900310722::2,-0.5,2026-10-02T01:01:04.695736+02:00
306896849,de:12067:900310841::2,0.0,2026-10-02T01:01:04.695736+02:00
306896849,de:12067:900311002::3,0.0,2026-10-02T01:01:04.695736+02:00
306896849,de:12067:900310908::2,0.0,2026-10-02T01:01:04.695736+02:00
306896849,de:12067:900310975::2,0.0,2026-10-02T01:01:04.695736+02:00
306896849,de:12067:900310974::2,0.0,2026-10-02T01:01:04.695736+02:00
306896849,de:12067:900310914::2,0.0,2026-10-02T01:01:04.695736+02:00
306896849,de:12067:900310703::3,0.0,2026-10-02T01:01:04.695736+02:00
306896849,de:12067:900310915::2,-0.5,2026-10-02T01:01:04.695736+02:00
306896849,de:12067:900310916::2,-0.5,2026-10-02T01:01:04.695736+02:00
306896849,de:12067:900310917::2,0.0,2026-10-02T01:01:04.695736+02:00
306896849,de:12067:900310900::2,0.0,2026-10-02T01:01:04.695736+02:00
306896849,de:12067:900310880::2,0.0,2026-10-02T01:01:04.695736+02:00
306896849,de:12067:900310010::1,0.0,2026-10-02T01:01:04.695736+02:00
306896849,de:12067:900310879::2,0.0,2026-10-02T01:01:04.695736+02:00
306896849,de:12067:900310800::2,0.0,2026-10-02T01:01:04.695736+02:00
306896849,de:12067:900310771::2,0.0,2026-10-02T01:01:04.695736+02:00
306896849,de:12067:900310822::2,0.0,2026-10-02T01:01:04.695736+02:00
306896849,de:12067:900310781::2,0.0,2026-10-02T01:01:04.695736+02:00
306896849,de:12067:900310627::2,-0.5,2026-10-02T01:01:04.695736+02:00
306896849,de:12067:900310816::2,0.0,2026-10-02T01:01:04.695736+02:00
306896849,de:12067:900310022::1,0.0,2026-10-02T01:01:04.695736+02:00
306896849,de:12067:900310001::11,0.0,2026-10-02T01:01:04.695736+02:00
306896910,de:12067:900310001::4,0.0,2026-10-02T01:01:04.695736+02:00
306896910,de:12067:900310816::1,0.0,2026-10-02T01:01:04.695736+02:00
306896910,de:12067:900310627::1,0.0,2026-10-02T01:01:04.695736+02:00
306896910,de:12067:900310781::1,0.0,2026-10-02T01:01:04.695736+02:00
306896910,de:12067:900310822::1,0.0,2026-10-02T01:01:04.695736+02:00
306896910,de:12067:900310771::1,0.0,2026-10-02T01:01:04.695736+02:00
306896910,de:12067:900310800::1,0.0,2026-10-02T01:01:04.695736+02:00
306896910,de:12067:900310879::1,0.0,2026-10-02T01:01:04.695736+02:00
306896910,de:12067:900310010::4,0.0,2026-10-02T01:01:04.695736+02:00
306896910,de:12067:900310880::1,0.0,2026-10-02T01:01:04.695736+02:00
306896910,de:12067:900310900::1,0.0,2026-10-02T01:01:04.695736+02:00
306896910,de:12067:900310917::1,0.0,2026-10-02T01:01:04.695736+02:00
306896910,de:12067:900310916::1,-0.5,2026-10-02T01:01:04.695736+02:00
306896910,de:12067:900310915::1,-0.5,2026-10-02T01:01:04.695736+02:00
306896910,de:12067:900310703::4,0.0,2026-10-02T01:01:04.695736+02:00
306896910,de:12067:900310914::1,0.0,2026-10-02T01:01:04.695736+02:00
306896910,de:12067:900310974::1,0.0,2026-10-02T01:01:04.695736+02:00
306896910,de:12067:900310975::1,0.0,2026-10-02T01:01:04.695736+02:00
306896910,de:12067:900310908::1,0.0,2026-10-02T01:01:04.695736+02:00
306896910,de:12067:900311002::1,0.0,2026-10-02T01:01:04.695736+02:00
306896910,de:12067:900310841::1,0.0,2026-10-02T01:01:04.695736+02:00
306896910,de:12067:900310722::1,-0.5,2026-10-02T01:01:04.695736+02:00
306896910,de:12067:900310637::1,0.0,2026-10-02T01:01:04.695736+02:00
306896910,de:12067:900311129::7,0.0,2026-10-02T01:01:04.695736+02:00
306896910,de:12067:900311129::4,0.0,2026-10-02T01:01:04.695736+02:00
306896910,de:12067:900310727::3,0.0,2026-10-02T01:01:04.695736+02:00
306896910,de:12067:900310755::2,0.0,2026-10-02T01:01:04.695736+02:00
306896910,de:12067:900310728::3,0.0,2026-10-02T01:01:04.695736+02:00
306896910,de:12067:900311129::6,0.0,2026-10-02T01:01:04.695736+02:00
295882547,de:11000:900053301:2:52,0.0,2026-10-02T01:01:04.695736+02:00
295882547,de:11000:900052201:1:51,0.0,2026-10-02T01:01:04.695736+02:00
295882547,de:11000:900050355:1:51,-0.3,2026-10-02T01:01:04.695736+02:00
295882547,de:11000:900050301:1:51,-0.4,2026-10-02T01:01:04.695736+02:00
295882547,de:11000:900049201:1:51,0.0,2026-10-02T01:01:04.695736+02:00
295882547,de:11000:900049202:1:51,0.0,2026-10-02T01:01:04.695736+02:00
295882547,de:11000:900066101:1:51,-0.3,2026-10-02T01:01:04.695736+02:00
295882547,de:11000:900066102:1:51,-0.2,2026-10-02T01:01:04.695736+02:00
295882547,de:11000:900062202:1:51,-0.2,2026-10-02T01:01:04.695736+02:00
295882547,de:11000:900063101:1:51,-0.2,2026-10-02T01:01:04.695736+02:00
295882547,de:11000:900060101:1:51,-0.9,2026-10-02T01:01:04.695736+02:00
295882547,de:11000:900054104:1:51,-0.9,2026-10-02T01:01:04.695736+02:00
295882547,de:11000:900057104:1:50,-0.4,2026-10-02T01:01:04.695736+02:00
295882547,de:11000:900057102:1:51,-0.1,2026-10-02T01:01:04.695736+02:00
295882547,de:11000:900012101:2:52,-0.9,2026-10-02T01:01:04.695736+02:00
295882547,de:11000:900100020:4:57,-0.3,2026-10-02T01:01:04.695736+02:00
295882547,de:11000:900100025:1:51,-0.4,2026-10-02T01:01:04.695736+02:00
295882547,de:11000:900100001:4:57,-0.1,2026-10-02T01:01:04.695736+02:00
295882547,de:11000:900100007:1:51,-0.2,2026-10-02T01:01:04.695736+02:00
295882547,de:11000:900007104:2:52,-0.2,2026-10-02T01:01:04.695736+02:00
295882547,de:11000:900008101:1:51,-0.9,2026-10-02T01:01:04.695736+02:00
295882547,de:11000:900007102:2:53,-0.6,2026-10-02T01:01:04.695736+02:00
295882547,de:11000:900110011:2:53,-0.9,2026-10-02T01:01:04.695736+02:00
295882547,de:11000:900085201:1:50,-0.9,2026-10-02T01:01:04.695736+02:00
295882547,de:11000:900084101:1:50,-0.7,2026-10-02T01:01:04.695736+02:00
295882547,de:11000:900096101:1:50,-0.8,2026-10-02T01:01:04.695736+02:00
295882547,de:11000:900094101:1:50,-0.1,2026-10-02T01:01:04.695736+02:00
295882547,de:11000:900093201:1:50,-0.4,2026-10-02T01:01:04.695736+02:00
295882547,de:11000:900092201:1:50,-0.2,2026-10-02T01:01:04.695736+02:00
306897121,de:12067:900311308::5,0.0,2026-10-02T01:01:04.695736+02:00
306897121,de:12067:900311335::1,0.0,2026-10-02T01:01:04.695736+02:00
306897121,de:12067:900311339::1,0.0,2026-10-02T01:01:04.695736+02:00
306897121,de:12067:900311301::1,0.0,2026-10-02T01:01:04.695736+02:00
306897121,de:12067:900311373::1,0.0,2026-10-02T01:01:04.695736+02:00
306897121,de:12067:900311370::1,0.0,2026-10-02T01:01:04.695736+02:00
306897121,de:12067:900311590::1,0.0,2026-10-02T01:01:04.695736+02:00
306897121,de:12067:900311592::1,0.0,2026-10-02T01:01:04.695736+02:00
306897121,de:12067:900311634::1,0.0,2026-10-02T01:01:04.695736+02:00
306897121,de:12067:900311633::1,0.0,2026-10-02T01:01:04.695736+02:00
306897121,de:12067:900311635::1,0.0,2026-10-02T01:01:04.695736+02:00
306897121,de:12067:900311220::1,0.0,2026-10-02T01:01:04.695736+02:00
306897121,de:12067:900311445::1,0.0,2026-10-02T01:01:04.695736+02:00
306897121,de:12067:900311444::1,0.0,2026-10-02T01:01:04.695736+02:00
306897121,de:12067:900311446::1,0.0,2026-10-02T01:01:04.695736+02:00
306897121,de:12067:900311623::1,0.0,2026-10-02T01:01:04.695736+02:00
306897121,de:12067:900311621::1,0.0,2026-10-02T01:01:04.695736+02:00
306897121,de:12067:900311624::1,0.0,2026-10-02T01:01:04.695736+02:00
306897121,de:12067:900311232::2,0.0,2026-10-02T01:01:04.695736+02:00
306897121,de:12067:900311236::1,0.0,2026-10-02T01:01:04.695736+02:00
306897121,de:12067:900311234::1,0.0,2026-10-02T01:01:04.695736+02:00
306897121,de:12067:900311238::1,0.0,2026-10-02T01:01:04.695736+02:00
306896032,de:12064:900320007::4,0.0,2026-10-02T01:01:04.695736+02:00
306896032,de:12064:900320113::2,0.0,2026-10-02T01:01:04.695736+02:00
306896032,de:12067:900310523::2,0.0,2026-10-02T01:01:04.695736+02:00
306896032,de:12067:900310535::2,0.0,2026-10-02T01:01:04.695736+02:00
306896032,de:12067:900310522::2,0.0,2026-10-02T01:01:04.695736+02:00
306896032,de:12067:900310021::2,0.0,2026-10-02T01:01:04.695736+02:00
306896032,de:12067:900310500::1,0.0,2026-10-02T01:01:04.695736+02:00
306896032,de:12067:900310501::2,0.0,2026-10-02T01:01:04.695736+02:00
306896032,de:12067:900310020::2,0.0,2026-10-02T01:01:04.695736+02:00
306896032,de:12067:900310528::2,0.0,2026-10-02T01:01:04.695736+02:00
306896032,de:12067:900310529::2,0.0,2026-10-02T01:01:04.695736+02:00
306896032,de:12067:900311012::2,0.0,2026-10-02T01:01:04.695736+02:00
306896032,de:12067:900311014::2,0.0,2026-10-02T01:01:04.695736+02:00
306896032,de:12067:900310536::2,0.0,2026-10-02T01:01:04.695736+02:00
306896032,de:12067:900310543::2,0.0,2026-10-02T01:01:04.695736+02:00
306896032,de:12067:900310578::4,0.0,2026-10-02T01:01:04.695736+02:00
306896032,de:12067:900310534::2,0.0,2026-10-02T01:01:04.695736+02:00
306896032,de:11000:900310550::2,0.0,2026-10-02T01:01:04.695736+02:00
306896032,de:12067:900310572::2,0.0,2026-10-02T01:01:04.695736+02:00
306896032,de:12067:900310013::7,0.0,2026-10-02T01:01:04.695736+02:00
306896030,de:12064:900320007::4,0.0,2026-10-02T01:01:04.695736+02:00
306896030,de:12064:900320113::2,0.0,2026-10-02T01:01:04.695736+02:00
306896030,de:12067:900310523::2,0.0,2026-10-02T01:01:04.695736+02:00
306896030,de:12067:900310535::2,0.0,2026-10-02T01:01:04.695736+02:00
306896030,de:12067:900310522::2,0.0,2026-10-02T01:01:04.695736+02:00
306896030,de:12067:900310021::2,0.0,2026-10-02T01:01:04.695736+02:00
306896030,de:12067:900310500::1,0.0,2026-10-02T01:01:04.695736+02:00
306896030,de:12067:900310501::2,0.0,2026-10-02T01:01:04.695736+02:00
306896030,de:12067:900310020::2,0.0,2026-10-02T01:01:04.695736+02:00
306896030,de:12067:900310528::2,0.0,2026-10-02T01:01:04.695736+02:00
306896030,de:12067:900310529::2,0.0,2026-10-02T01:01:04.695736+02:00
306896030,de:12067:900311012::2,0.0,2026-10-02T01:01:04.695736+02:00
306896030,de:12067:900311014::2,0.0,2026-10-02T01:01:04.695736+02:00
306896030,de:12067:900310536::2,0.0,2026-10-02T01:01:04.695736+02:00
306896030,de:12067:900310543::2,0.0,2026-10-02T01:01:04.695736+02:00
306896030,de:12067:900310578::4,0.0,2026-10-02T01:01:04.695736+02:00
306896030,de:12067:900310534::2,0.0,2026-10-02T01:01:04.695736+02:00
306896030,de:11000:900310550::2,0.0,2026-10-02T01:01:04.695736+02:00
306896030,de:12067:900310572::2,0.0,2026-10-02T01:01:04.695736+02:00
306896030,de:12067:900310013::7,0.0,2026-10-02T01:01:04.695736+02:00
295882443,de:11000:900092201:1:50,0.0,2026-10-02T01:01:04.695736+02:00
295882443,de:11000:900093201:1:51,-0.4,2026-10-02T01:01:04.695736+02:00
295882443,de:11000:900094101:1:51,-0.3,2026-10-02T01:01:04.695736+02:00
295882443,de:11000:900096101:1:51,-0.1,2026-10-02T01:01:04.695736+02:00
295882443,de:11000:900084101:1:51,-0.2,2026-10-02T01:01:04.695736+02:00
295882443,de:11000:900085201:1:51,-0.8,2026-10-02T01:01:04.695736+02:00
295882443,de:11000:900130003:1:51,-0.8,2026-10-02T01:01:04.695736+02:00
295882443,de:11000:900110011:1:50,-0.9,2026-10-02T01:01:04.695736+02:00
295882443,de:11000:900007102:1:50,-0.9,2026-10-02T01:01:04.695736+02:00
295882443,de:11000:900008101:1:50,0.0,2026-10-02T01:01:04.695736+02:00
295882443,de:11000:900007104:1:51,-0.7,2026-10-02T01:01:04.695736+02:00
295882443,de:11000:900100007:1:50,-0.7,2026-10-02T01:01:04.695736+02:00
295882443,de:11000:900100001:4:56,-0.5,2026-10-02T01:01:04.695736+02:00
295882443,de:11000:900100025:1:50,-0.4,2026-10-02T01:01:04.695736+02:00
295882443,de:11000:900100020:3:54,-0.4,2026-10-02T01:01:04.695736+02:00
295882443,de:11000:900012101:1:51,-0.5,2026-10-02T01:01:04.695736+02:00
295882443,de:11000:900057102:1:50,-0.7,2026-10-02T01:01:04.695736+02:00
295882443,de:11000:900057104:2:51,-0.4,2026-10-02T01:01:04.695736+02:00
295882443,de:11000:900054104:1:50,-0.3,2026-10-02T01:01:04.695736+02:00
295882443,de:11000:900060101:1:50,-0.3,2026-10-02T01:01:04.695736+02:00
295882443,de:11000:900063101:1:50,-0.1,2026-10-02T01:01:04.695736+02:00
295882443,de:11000:900062202:1:50,-0.1,2026-10-02T01:01:04.695736+02:00
295882443,de:11000:900066102:1:50,-0.2,2026-10-02T01:01:04.695736+02:00
295882443,de:11000:900066101:1:50,-0.1,2026-10-02T01:01:04.695736+02:00
295882443,de:11000:900049202:1:50,-0.3,2026-10-02T01:01:04.695736+02:00
295882443,de:11000:900049201:1:50,-0.4,2026-10-02T01:01:04.695736+02:00
295882443,de:11000:900050301:1:50,0.0,2026-10-02T01:01:04.695736+02:00
295882443,de:11000:900050355:1:50,-0.1,2026-10-02T01:01:04.695736+02:00
295882443,de:11000:900052201:1:50,-0.5,2026-10-02T01:01:04.695736+02:00
295882443,de:11000:900053301:1:51,-0.9,2026-10-02T01:01:04.695736+02:00
306896306,de:12067:900310888::2,0.0,2026-10-02T01:01:04.695736+02:00
306896306,de:12067:900310881::2,0.0,2026-10-02T01:01:04.695736+02:00
306896306,de:12067:900310885::1,0.0,2026-10-02T01:01:04.695736+02:00
306896306,de:12067:900310883::2,0.0,2026-10-02T01:01:04.695736+02:00
306896306,de:12067:900310920::2,0.0,2026-10-02T01:01:04.695736+02:00
306896306,de:12067:900310882::2,0.0,2026-10-02T01:01:04.695736+02:00
306896306,de:12067:900310889::2,0.0,2026-10-02T01:01:04.695736+02:00
306896306,de:12067:900310890::2,0.0,2026-10-02T01:01:04.695736+02:00
306896306,de:12067:900310847::2,0.0,2026-10-02T01:01:04.695736+02:00
306896306,de:12067:900310846::2,0.0,2026-10-02T01:01:04.695736+02:00
306896306,de:12067:900310854::2,0.0,2026-10-02T01:01:04.695736+02:00
306896306,de:12067:900310857::2,0.0,2026-10-02T01:01:04.695736+02:00
306896306,de:12067:900311970::1,0.0,2026-10-02T01:01:04.695736+02:00
306896306,de:12067:900310853::1,0.0,2026-10-02T01:01:04.695736+02:00
306896306,de:12067:900310845::1,0.0,2026-10-02T01:01:04.695736+02:00
306896306,de:12067:900310555::2,0.0,2026-10-02T01:01:04.695736+02:00
306896306,de:12067:900310557::2,0.0,2026-10-02T01:01:04.695736+02:00
306896306,de:12067:900310013::7,0.0,2026-10-02T01:01:04.695736+02:00
306896448,de:12067:900311009::1,0.0,2026-10-02T01:01:04.695736+02:00
306896448,de:12067:900311076::1,0.0,2026-10-02T01:01:04.695736+02:00
306896448,de:12067:900310613::1,0.0,2026-10-02T01:01:04.695736+02:00
306896448,de:12067:900311078::2,0.0,2026-10-02T01:01:04.695736+02:00
306896448,de:12067:900311077::2,0.0,2026-10-02T01:01:04.695736+02:00
306896448,de:12067:900311082::2,0.0,2026-10-02T01:01:04.695736+02:00
306896448,de:12067:900310107::2,0.0,2026-10-02T01:01:04.695736+02:00
306896448,de:12067:900310113::1,0.0,2026-10-02T01:01:04.695736+02:00
306896448,de:12067:900310102::2,0.0,2026-10-02T01:01:04.695736+02:00
306896448,de:12067:900310103::2,0.0,2026-10-02T01:01:04.695736+02:00
306896448,de:12067:900310114::2,0.0,2026-10-02T01:01:04.695736+02:00
306896448,de:12067:900310119::2,0.0,2026-10-02T01:01:04.695736+02:00
306896448,de:12067:900310115::2,0.0,2026-10-02T01:01:04.695736+02:00
306896448,de:12067:900310970::2,0.0,2026-10-02T01:01:04.695736+02:00
306896448,de:12067:900310972::2,0.0,2026-10-02T01:01:04.695736+02:00
306896448,de:12067:900310810::1,0.0,2026-10-02T01:01:04.695736+02:00
306896448,de:12067:900310769::2,0.0,2026-10-02T01:01:04.695736+02:00
306896448,de:12067:900310695::3,0.0,2026-10-02T01:01:04.695736+02:00
306896448,de:12067:900310812::2,0.0,2026-10-02T01:01:04.695736+02:00
306896448,de:12067:900310630::2,0.0,2026-10-02T01:01:04.695736+02:00
306896448,de:12067:900310811::2,0.0,2026-10-02T01:01:04.695736+02:00
306896448,de:12067:900310771::2,0.0,2026-10-02T01:01:04.695736+02:00
306896448,de:12067:900310822::2,0.0,2026-10-02T01:01:04.695736+02:00
306896448,de:12067:900310781::2,0.0,2026-10-02T01:01:04.695736+02:00
306896448,de:12067:900310627::2,-0.5,2026-10-02T01:01:04.695736+02:00
306896448,de:12067:900310816::2,0.0,2026-10-02T01:01:04.695736+02:00
306896448,de:12067:900310022::1,0.0,2026-10-02T01:01:04.695736+02:00
306896448,de:12067:900310001::11,0.0,2026-10-02T01:01:04.695736+02:00
307438444,de:12066:900435000:1:50,0.0,2026-10-02T01:01:04.695736+02:00
307438444,de:12066:900435001:1:50,0.0,2026-10-02T01:01:04.695736+02:00
307438444,de:12052:900470000:1:50,0.0,2026-10-02T01:01:04.695736+02:00
307437589,de:12052:900470000:5:56,0.0,2026-10-02T01:01:04.695736+02:00
307437589,de:12052:900470001:2:51,0.0,2026-10-02T01:01:04.695736+02:00
307437589,de:12052:900470163:2:51,0.0,2026-10-02T01:01:04.695736+02:00
307437589,de:12052:900470307:2:51,0.0,2026-10-02T01:01:04.695736+02:00
307437589,de:12071:900446411:2:51,0.0,2026-10-02T01:01:04.695736+02:00
307437589,de:12071:900446103:2:51,0.0,2026-10-02T01:01:04.695736+02:00
307437589,de:12071:900445750:1:50,0.0,2026-10-02T01:01:04.695736+02:00
307437589,de:12071:900445751:1:50,0.0,2026-10-02T01:01:04.695736+02:00
307437589,de:12071:900445801:1:50,0.0,2026-10-02T01:01:04.695736+02:00
307437589,de:12071:900445593:2:52,0.0,2026-10-02T01:01:04.695736+02:00
307437589,de:12067:900311250:1:50,0.0,2026-10-02T01:01:04.695736+02:00
307437589,de:12067:900311612:1:50,0.0,2026-10-02T01:01:04.695736+02:00
307437589,de:12067:900310601:1:51,0.0,2026-10-02T01:01:04.695736+02:00
307437589,de:12067:900311307:1:51,0.0,2026-10-02T01:01:04.695736+02:00
307437589,de:12067:900311631:1:51,0.0,2026-10-02T01:01:04.695736+02:00
307437589,de:12067:900311620:2:51,0.0,2026-10-02T01:01:04.695736+02:00
307437589,de:12067:900311232:2:51,0.0,2026-10-02T01:01:04.695736+02:00
307437589,de:12067:900311233:2:51,0.0,2026-10-02T01:01:04.695736+02:00
307437589,de:12053:900360000:3:54,0.0,2026-10-02T01:01:04.695736+02:00
307431120,de:12063:900210001:1:50,0.0,2026-10-02T01:01:04.695736+02:00
307431120,de:12054:900220012:1:50,0.0,2026-10-02T01:01:04.695736+02:00
307431120,de:12054:900220010:2:51,0.0,2026-10-02T01:01:04.695736+02:00
307431120,de:12054:900230007:2:52,0.0,2026-10-02T01:01:04.695736+02:00
307431120,de:12054:900230006:2:51,0.0,2026-10-02T01:01:04.695736+02:00
307431120,de:12054:900230999:2:53,0.0,2026-10-02T01:01:04.695736+02:00
307431120,de:12054:900230003:4:53,0.0,2026-10-02T01:01:04.695736+02:00
307431120,de:11000:900053301:3:55,0.0,2026-10-02T01:01:04.695736+02:00
307431120,de:11000:900024101:2:52,0.0,2026-10-02T01:01:04.695736+02:00
307431120,de:11000:900029101:2:52,0.0,2026-10-02T01:01:04.695736+02:00
307431120,de:12063:900210010:1:50,0.0,2026-10-02T01:01:04.695736+02:00
307431120,de:12065:900200000:1:51,0.0,2026-10-02T01:01:04.695736+02:00
307431114,de:12063:900210001:1:50,0.0,2026-10-02T01:01:04.695736+02:00
307431114,de:12054:900220012:1:50,0.0,2026-10-02T01:01:04.695736+02:00
307431114,de:12054:900220010:2:51,0.0,2026-10-02T01:01:04.695736+02:00
307431114,de:12054:900230007:2:52,0.0,2026-10-02T01:01:04.695736+02:00
307431114,de:12054:900230006:2:51,0.0,2026-10-02T01:01:04.695736+02:00
307431114,de:12054:900230999:2:53,0.0,2026-10-02T01:01:04.695736+02:00
307431114,de:12054:900230003:4:53,0.0,2026-10-02T01:01:04.695736+02:00
307431114,de:11000:900053301:3:55,0.0,2026-10-02T01:01:04.695736+02:00
307431114,de:11000:900024101:2:52,0.0,2026-10-02T01:01:04.695736+02:00
307431114,de:11000:900029101:2:52,0.0,2026-10-02T01:01:04.695736+02:00
307431114,de:12063:900210010:1:50,0.0,2026-10-02T01:01:04.695736+02:00
307431114,de:12065:900200000:1:51,0.0,2026-10-02T01:01:04.695736+02:00
307431113,de:12063:900210001:1:50,0.0,2026-10-02T01:01:04.695736+02:00
307431113,de:12054:900220012:1:50,0.0,2026-10-02T01:01:04.695736+02:00
307431113,de:12054:900220010:2:51,0.0,2026-10-02T01:01:04.695736+02:00
307431113,de:12054:900230007:2:52,0.0,2026-10-02T01:01:04.695736+02:00
307431113,de:12054:900230006:2:51,0.0,2026-10-02T01:01:04.695736+02:00
307431113,de:12054:900230999:2:53,0.0,2026-10-02T01:01:04.695736+02:00
307431113,de:12054:900230003:4:53,0.0,2026-10-02T01:01:04.695736+02:00
307431113,de:11000:900053301:3:55,0.0,2026-10-02T01:01:04.695736+02:00
307431113,de:11000:900024101:1:50,0.0,2026-10-02T01:01:04.695736+02:00
307431113,de:11000:900029101:2:52,0.0,2026-10-02T01:01:04.695736+02:00
307431113,de:12063:900210010:1:50,0.0,2026-10-02T01:01:04.695736+02:00
307431113,de:12065:900200000:1:51,0.0,2026-10-02T01:01:04.695736+02:00
306897123,de:12067:900310765::1,0.0,2026-10-02T01:01:04.695736+02:00
306897123,de:12067:900310766::1,0.0,2026-10-02T01:01:04.695736+02:00
306897123,de:12067:900310926::2,0.0,2026-10-02T01:01:04.695736+02:00
306897123,de:12067:900310927::2,0.0,2026-10-02T01:01:04.695736+02:00
306897123,de:12067:900310859::1,0.0,2026-10-02T01:01:04.695736+02:00
306897123,de:12067:900311073::1,0.0,2026-10-02T01:01:04.695736+02:00
306897123,de:12067:900310898::2,-0.5,2026-10-02T01:01:04.695736+02:00
306897123,de:12067:900310839::2,0.0,2026-10-02T01:01:04.695736+02:00
306897123,de:12067:900310968::1,-0.5,2026-10-02T01:01:04.695736+02:00
306897123,de:12067:900311000::2,0.0,2026-10-02T01:01:04.695736+02:00
306897123,de:12067:900310909::1,0.0,2026-10-02T01:01:04.695736+02:00
306897123,de:12067:900310725::2,0.0,2026-10-02T01:01:04.695736+02:00
306897123,de:12067:900310738::2,0.0,2026-10-02T01:01:04.695736+02:00
306897123,de:12067:900310639::1,0.0,2026-10-02T01:01:04.695736+02:00
306897123,de:12067:900310626::1,0.0,2026-10-02T01:01:04.695736+02:00
306897123,de:12067:900311129::6,0.0,2026-10-02T01:01:04.695736+02:00
307430440,de:12063:900210005:2:53,0.0,2026-10-02T01:01:04.695736+02:00
307430440,de:12063:900210326:2:51,0.0,2026-10-02T01:01:04.695736+02:00
307430440,de:12063:900210011:2:51,0.0,2026-10-02T01:01:04.695736+02:00
307430440,de:12063:900210010:2:51,0.0,2026-10-02T01:01:04.695736+02:00
307430440,de:12063:900210180:2:51,0.0,2026-10-02T01:01:04.695736+02:00
307430440,de:11000:900037168:2:51,0.0,2026-10-02T01:01:04.695736+02:00
307430440,de:11000:900029101:3:54,0.0,2026-10-02T01:01:04.695736+02:00
295893081,de:12072:900245027:2:52,0.0,2026-10-02T01:01:04.695736+02:00
295893081,de:12072:900245028:1:50,-0.9,2026-10-02T01:01:04.695736+02:00
295893081,de:11000:900074201:1:50,-0.9,2026-10-02T01:01:04.695736+02:00
295893081,de:11000:900074202:2:51,-0.1,2026-10-02T01:01:04.695736+02:00
295893081,de:11000:900072101:2:51,-0.1,2026-10-02T01:01:04.695736+02:00
295893081,de:11000:900073101:1:51,-0.4,2026-10-02T01:01:04.695736+02:00
295893081,de:11000:900068301:1:51,-0.7,2026-10-02T01:01:04.695736+02:00
295893081,de:11000:900058102:2:51,-0.7,2026-10-02T01:01:04.695736+02:00
295893081,de:11000:900058101:1:51,-0.3,2026-10-02T01:01:04.695736+02:00
295893081,de:11000:900058103:1:51,-0.1,2026-10-02T01:01:04.695736+02:00
295893081,de:11000:900012101:2:53,-0.7,2026-10-02T01:01:04.695736+02:00
295893081,de:11000:900100020:4:57,-0.8,2026-10-02T01:01:04.695736+02:00
295893081,de:11000:900100025:1:51,-0.9,2026-10-02T01:01:04.695736+02:00
295893081,de:11000:900100001:4:57,-0.6,2026-10-02T01:01:04.695736+02:00
295893081,de:11000:900100007:1:51,-0.7,2026-10-02T01:01:04.695736+02:00
295893081,de:11000:900007104:2:52,-0.7,2026-10-02T01:01:04.695736+02:00
295893081,de:11000:900008101:1:51,-0.4,2026-10-02T01:01:04.695736+02:00
295893081,de:11000:900007102:2:53,-0.1,2026-10-02T01:01:04.695736+02:00
295893081,de:11000:900110011:2:52,-0.4,2026-10-02T01:01:04.695736+02:00
295893081,de:11000:900130002:1:50,-0.7,2026-10-02T01:01:04.695736+02:00
295893081,de:11000:900130001:1:50,-0.4,2026-10-02T01:01:04.695736+02:00
295893081,de:11000:900142001:1:50,-0.9,2026-10-02T01:01:04.695736+02:00
295893081,de:11000:900143001:1:51,-0.7,2026-10-02T01:01:04.695736+02:00
295893081,de:11000:900135001:1:50,-0.4,2026-10-02T01:01:04.695736+02:00
295893081,de:12060:900350162:1:50,0.0,2026-10-02T01:01:04.695736+02:00
295893081,de:12060:900350163:1:51,-0.4,2026-10-02T01:01:04.695736+02:00
295893081,de:12060:900350161:1:50,-0.7,2026-10-02T01:01:04.695736+02:00
295893081,de:12060:900350160:1:51,-0.4,2026-10-02T01:01:04.695736+02:00
307430172,de:11000:900003200:1:50,0.0,2026-10-02T01:01:04.695736+02:00
307430172,de:11000:900100020:1:50,0.0,2026-10-02T01:01:04.695736+02:00
307430172,de:11000:900058101:2:52,0.0,2026-10-02T01:01:04.695736+02:00
307430172,de:12061:900260009:2:53,0.0,2026-10-02T01:01:04.695736+02:00
307430249,de:11000:900003200:1:50,0.0,2026-10-02T01:01:04.695736+02:00
307430249,de:11000:900100020:1:50,0.0,2026-10-02T01:01:04.695736+02:00
307430249,de:11000:900058101:2:52,0.0,2026-10-02T01:01:04.695736+02:00
307430249,de:12061:900260009:2:54,0.0,2026-10-02T01:01:04.695736+02:00
306896189,de:12067:900311039::1,0.0,2026-10-02T01:01:04.695736+02:00
306896189,de:12067:900311034::2,0.0,2026-10-02T01:01:04.695736+02:00
306896189,de:12067:900311052::2,0.0,2026-10-02T01:01:04.695736+02:00
306896189,de:12067:900311036::1,0.0,2026-10-02T01:01:04.695736+02:00
306896189,de:12067:900310867::1,0.0,2026-10-02T01:01:04.695736+02:00
306896189,de:12067:900310868::2,0.0,2026-10-02T01:01:04.695736+02:00
306896189,de:12067:900310964::2,0.0,2026-10-02T01:01:04.695736+02:00
306896189,de:12067:900311021::1,0.0,2026-10-02T01:01:04.695736+02:00
306896189,de:12067:900311022::2,0.0,2026-10-02T01:01:04.695736+02:00
306896189,de:12067:900310635::2,0.0,2026-10-02T01:01:04.695736+02:00
306896189,de:12067:900310636::2,0.0,2026-10-02T01:01:04.695736+02:00
306896189,de:12067:900311025::2,0.0,2026-10-02T01:01:04.695736+02:00
306896189,de:12067:900311024::2,0.0,2026-10-02T01:01:04.695736+02:00
306896189,de:12067:900311023::1,-0.5,2026-10-02T01:01:04.695736+02:00
306896189,de:12067:900311114::1,0.0,2026-10-02T01:01:04.695736+02:00
306896189,de:12067:900310031::1,0.0,2026-10-02T01:01:04.695736+02:00
295900348,de:12069:900220114:1:51,0.0,2026-10-02T01:01:04.695736+02:00
295900348,de:11000:900064201:1:51,-0.1,2026-10-02T01:01:04.695736+02:00
295900348,de:11000:900064256:1:51,0.0,2026-10-02T01:01:04.695736+02:00
295900348,de:11000:900064301:3:53,-0.3,2026-10-02T01:01:04.695736+02:00
295900348,de:11000:900067221:1:50,-0.3,2026-10-02T01:01:04.695736+02:00
295900348,de:11000:900063452:1:51,-0.4,2026-10-02T01:01:04.695736+02:00
295900348,de:11000:900058102:2:53,-0.5,2026-10-02T01:01:04.695736+02:00
295900348,de:11000:900058101:1:51,-0.3,2026-10-02T01:01:04.695736+02:00
295900348,de:11000:900058103:1:51,0.0,2026-10-02T01:01:04.695736+02:00
295900348,de:11000:900012101:2:53,-0.7,2026-10-02T01:01:04.695736+02:00
295900348,de:11000:900100020:4:57,-0.8,2026-10-02T01:01:04.695736+02:00
295900348,de:11000:900100025:1:51,-0.9,2026-10-02T01:01:04.695736+02:00
295900348,de:11000:900100001:4:57,-0.6,2026-10-02T01:01:04.695736+02:00
295900348,de:11000:900100007:1:51,-0.7,2026-10-02T01:01:04.695736+02:00
295900348,de:11000:900007104:2:52,-0.7,2026-10-02T01:01:04.695736+02:00
295900348,de:11000:900008101:1:51,-0.4,2026-10-02T01:01:04.695736+02:00
295900348,de:11000:900007102:2:53,-0.2,2026-10-02T01:01:04.695736+02:00
295900348,de:11000:900110011:2:53,-0.4,2026-10-02T01:01:04.695736+02:00
295900348,de:11000:900085201:1:50,-0.8,2026-10-02T01:01:04.695736+02:00
295900348,de:11000:900085105:1:50,-0.8,2026-10-02T01:01:04.695736+02:00
295900348,de:11000:900096458:1:50,-0.1,2026-10-02T01:01:04.695736+02:00
295900348,de:11000:900096405:1:50,-0.8,2026-10-02T01:01:04.695736+02:00
295900348,de:11000:900089303:1:50,-0.7,2026-10-02T01:01:04.695736+02:00
295900348,de:11000:900091205:1:50,-0.3,2026-10-02T01:01:04.695736+02:00
295900348,de:11000:900091203:1:50,-0.5,2026-10-02T01:01:04.695736+02:00
295900348,de:12065:900200000:1:55,-0.7,2026-10-02T01:01:04.695736+02:00
295896181,de:11000:900074201:1:50,0.0,2026-10-02T01:01:04.695736+02:00
295896181,de:11000:900074202:2:51,-0.1,2026-10-02T01:01:04.695736+02:00
295896181,de:11000:900072101:2:51,-0.1,2026-10-02T01:01:04.695736+02:00
295896181,de:11000:900073101:1:51,-0.4,2026-10-02T01:01:04.695736+02:00
295896181,de:11000:900068301:1:51,-0.7,2026-10-02T01:01:04.695736+02:00
295896181,de:11000:900058102:2:51,-0.7,2026-10-02T01:01:04.695736+02:00
295896181,de:11000:900058101:1:51,-0.3,2026-10-02T01:01:04.695736+02:00
295896181,de:11000:900058103:1:51,-0.1,2026-10-02T01:01:04.695736+02:00
295896181,de:11000:900012101:2:53,-0.7,2026-10-02T01:01:04.695736+02:00
295896181,de:11000:900100020:4:57,-0.8,2026-10-02T01:01:04.695736+02:00
295896181,de:11000:900100025:1:51,-0.9,2026-10-02T01:01:04.695736+02:00
295896181,de:11000:900100001:4:57,-0.6,2026-10-02T01:01:04.695736+02:00
295896181,de:11000:900100007:1:51,-0.7,2026-10-02T01:01:04.695736+02:00
295896181,de:11000:900007104:2:52,-0.7,2026-10-02T01:01:04.695736+02:00
295896181,de:11000:900008101:1:51,-0.4,2026-10-02T01:01:04.695736+02:00
295896181,de:11000:900007102:2:53,-0.1,2026-10-02T01:01:04.695736+02:00
295896181,de:11000:900110011:2:52,-0.4,2026-10-02T01:01:04.695736+02:00
295896181,de:11000:900130002:1:50,-0.7,2026-10-02T01:01:04.695736+02:00
295896181,de:11000:900130001:1:50,-0.4,2026-10-02T01:01:04.695736+02:00
295896181,de:11000:900142001:1:50,-0.9,2026-10-02T01:01:04.695736+02:00
295896181,de:11000:900143001:1:51,-0.7,2026-10-02T01:01:04.695736+02:00
295896181,de:11000:900135001:1:50,-0.4,2026-10-02T01:01:04.695736+02:00
295896077,de:11000:900135001:1:50,0.0,2026-10-02T01:01:04.695736+02:00
295896077,de:11000:900143001:1:51,-0.8,2026-10-02T01:01:04.695736+02:00
295896077,de:11000:900142001:1:51,-0.3,2026-10-02T01:01:04.695736+02:00
295896077,de:11000:900130001:1:51,-0.8,2026-10-02T01:01:04.695736+02:00
295896077,de:11000:900130002:1:51,-0.3,2026-10-02T01:01:04.695736+02:00
295896077,de:11000:900110011:1:51,-0.7,2026-10-02T01:01:04.695736+02:00
295896077,de:11000:900007102:1:50,-0.7,2026-10-02T01:01:04.695736+02:00
295896077,de:11000:900008101:1:50,-0.5,2026-10-02T01:01:04.695736+02:00
295896077,de:11000:900007104:1:51,-0.2,2026-10-02T01:01:04.695736+02:00
295896077,de:11000:900100007:1:50,-0.2,2026-10-02T01:01:04.695736+02:00
295896077,de:11000:900100001:4:56,0.0,2026-10-02T01:01:04.695736+02:00
295896077,de:11000:900100025:1:50,-0.9,2026-10-02T01:01:04.695736+02:00
295896077,de:11000:900100020:3:54,-0.9,2026-10-02T01:01:04.695736+02:00
295896077,de:11000:900012101:1:51,0.0,2026-10-02T01:01:04.695736+02:00
295896077,de:11000:900058103:1:50,-0.8,2026-10-02T01:01:04.695736+02:00
295896077,de:11000:900058101:1:50,-0.4,2026-10-02T01:01:04.695736+02:00
295896077,de:11000:900058102:1:50,-0.4,2026-10-02T01:01:04.695736+02:00
295896077,de:11000:900068301:1:50,-0.7,2026-10-02T01:01:04.695736+02:00
295896077,de:11000:900073101:1:50,-0.9,2026-10-02T01:01:04.695736+02:00
295896077,de:11000:900072101:1:50,-0.2,2026-10-02T01:01:04.695736+02:00
295896077,de:11000:900074202:1:50,-0.2,2026-10-02T01:01:04.695736+02:00
295896077,de:11000:900074201:1:50,-0.4,2026-10-02T01:01:04.695736+02:00
295896073,de:11000:900135001:1:50,0.0,2026-10-02T01:01:04.695736+02:00
295896073,de:11000:900143001:1:51,-0.8,2026-10-02T01:01:04.695736+02:00
295896073,de:11000:900142001:1:51,-0.3,2026-10-02T01:01:04.695736+02:00
295896073,de:11000:900130001:1:51,-0.8,2026-10-02T01:01:04.695736+02:00
295896073,de:11000:900130002:1:51,-0.3,2026-10-02T01:01:04.695736+02:00
295896073,de:11000:900110011:1:51,-0.7,2026-10-02T01:01:04.695736+02:00
295896073,de:11000:900007102:1:50,-0.7,2026-10-02T01:01:04.695736+02:00
295896073,de:11000:900008101:1:50,-0.5,2026-10-02T01:01:04.695736+02:00
295896073,de:11000:900007104:1:51,-0.2,2026-10-02T01:01:04.695736+02:00
295896073,de:11000:900100007:1:50,-0.2,2026-10-02T01:01:04.695736+02:00
295896073,de:11000:900100001:4:56,0.0,2026-10-02T01:01:04.695736+02:00
295896073,de:11000:900100025:1:50,-0.9,2026-10-02T01:01:04.695736+02:00
295896073,de:11000:900100020:3:54,-0.9,2026-10-02T01:01:04.695736+02:00
295896073,de:11000:900012101:1:51,0.0,2026-10-02T01:01:04.695736+02:00
295896073,de:11000:900058103:1:50,-0.8,2026-10-02T01:01:04.695736+02:00
295896073,de:11000:900058101:1:50,-0.4,2026-10-02T01:01:04.695736+02:00
295896073,de:11000:900058102:1:50,-0.4,2026-10-02T01:01:04.695736+02:00
295896073,de:11000:900068301:1:50,-0.7,2026-10-02T01:01:04.695736+02:00
295896073,de:11000:900073101:1:50,-0.9,2026-10-02T01:01:04.695736+02:00
295896073,de:11000:900072101:1:50,-0.2,2026-10-02T01:01:04.695736+02:00
295896073,de:11000:900074202:1:50,-0.2,2026-10-02T01:01:04.695736+02:00
295896073,de:11000:900074201:1:50,-0.4,2026-10-02T01:01:04.695736+02:00
295903157,de:12069:900220114:1:50,0.0,2026-10-02T01:01:04.695736+02:00
295903157,de:11000:900064201:1:51,-0.1,2026-10-02T01:01:04.695736+02:00
295903157,de:11000:900064256:1:51,0.0,2026-10-02T01:01:04.695736+02:00
295903157,de:11000:900064301:3:53,-0.3,2026-10-02T01:01:04.695736+02:00
295903157,de:11000:900067221:1:50,-0.3,2026-10-02T01:01:04.695736+02:00
295903157,de:11000:900063452:1:51,-0.4,2026-10-02T01:01:04.695736+02:00
295903157,de:11000:900058102:2:53,-0.5,2026-10-02T01:01:04.695736+02:00
295903157,de:11000:900058101:1:51,-0.3,2026-10-02T01:01:04.695736+02:00
295903157,de:11000:900058103:1:51,0.0,2026-10-02T01:01:04.695736+02:00
295903157,de:11000:900012101:2:53,-0.7,2026-10-02T01:01:04.695736+02:00
295903157,de:11000:900100020:4:57,-0.8,2026-10-02T01:01:04.695736+02:00
295903157,de:11000:900100025:1:51,-0.9,2026-10-02T01:01:04.695736+02:00
295903157,de:11000:900100001:4:57,-0.6,2026-10-02T01:01:04.695736+02:00
295903157,de:11000:900100007:1:51,-0.7,2026-10-02T01:01:04.695736+02:00
295903157,de:11000:900007104:2:52,-0.7,2026-10-02T01:01:04.695736+02:00
295903157,de:11000:900008101:1:51,-0.4,2026-10-02T01:01:04.695736+02:00
295903157,de:11000:900007102:2:53,-0.2,2026-10-02T01:01:04.695736+02:00
295903157,de:11000:900110011:2:52,-0.4,2026-10-02T01:01:04.695736+02:00
295903157,de:11000:900130002:1:50,0.0,2026-10-02T01:01:04.695736+02:00
295903157,de:11000:900130001:1:50,-0.7,2026-10-02T01:01:04.695736+02:00
295903157,de:11000:900142001:1:50,-0.2,2026-10-02T01:01:04.695736+02:00
295903026,de:11000:900142001:1:51,0.0,2026-10-02T01:01:04.695736+02:00
295903026,de:11000:900130001:1:51,-0.2,2026-10-02T01:01:04.695736+02:00
295903026,de:11000:900130002:1:51,-0.7,2026-10-02T01:01:04.695736+02:00
295903026,de:11000:900110011:1:51,-0.2,2026-10-02T01:01:04.695736+02:00
295903026,de:11000:900007102:1:50,-0.7,2026-10-02T01:01:04.695736+02:00
295903026,de:11000:900008101:1:50,-0.4,2026-10-02T01:01:04.695736+02:00
295903026,de:11000:900007104:1:51,-0.2,2026-10-02T01:01:04.695736+02:00
295903026,de:11000:900100007:1:50,-0.2,2026-10-02T01:01:04.695736+02:00
295903026,de:11000:900100001:4:56,0.0,2026-10-02T01:01:04.695736+02:00
295903026,de:11000:900100025:1:50,-0.9,2026-10-02T01:01:04.695736+02:00
295903026,de:11000:900100020:3:54,-0.9,2026-10-02T01:01:04.695736+02:00
295903026,de:11000:900012101:1:51,0.0,2026-10-02T01:01:04.695736+02:00
295903026,de:11000:900058103:1:50,-0.7,2026-10-02T01:01:04.695736+02:00
295903026,de:11000:900058101:1:50,-0.3,2026-10-02T01:01:04.695736+02:00
295903026,de:11000:900058102:1:52,0.0,2026-10-02T01:01:04.695736+02:00
295903026,de:11000:900063452:1:50,-0.1,2026-10-02T01:01:04.695736+02:00
295903026,de:11000:900067221:1:50,-0.2,2026-10-02T01:01:04.695736+02:00
295903026,de:11000:900064301:3:52,-0.2,2026-10-02T01:01:04.695736+02:00
295903026,de:11000:900064256:1:50,-0.7,2026-10-02T01:01:04.695736+02:00
295903026,de:11000:900064201:1:50,-0.6,2026-10-02T01:01:04.695736+02:00
295903026,de:12069:900220114:1:50,-0.9,2026-10-02T01:01:04.695736+02:00
306895363,de:12067:900310611::1,0.0,2026-10-02T01:01:04.695736+02:00
306895363,de:12067:900311058::2,0.0,2026-10-02T01:01:04.695736+02:00
306895363,de:12067:900311110::4,0.0,2026-10-02T01:01:04.695736+02:00
306895363,de:12067:900311059::2,0.0,2026-10-02T01:01:04.695736+02:00
306895363,de:12067:900310945::1,0.0,2026-10-02T01:01:04.695736+02:00
306895363,de:12067:900311001::1,0.0,2026-10-02T01:01:04.695736+02:00
306895363,de:12067:900311011::2,0.0,2026-10-02T01:01:04.695736+02:00
306895363,de:12067:900311032::1,0.0,2026-10-02T01:01:04.695736+02:00
306895363,de:12067:900311041::1,0.0,2026-10-02T01:01:04.695736+02:00
306895363,de:12067:900311038::1,0.0,2026-10-02T01:01:04.695736+02:00
306895363,de:12067:900311040::1,0.0,2026-10-02T01:01:04.695736+02:00
306895363,de:12067:900311031::1,0.0,2026-10-02T01:01:04.695736+02:00
306895363,de:12067:900311039::1,0.0,2026-10-02T01:01:04.695736+02:00
306895389,de:12067:900310611::1,0.0,2026-10-02T01:01:04.695736+02:00
306895389,de:12067:900310842::1,0.0,2026-10-02T01:01:04.695736+02:00
306895389,de:12067:900310843::1,0.0,2026-10-02T01:01:04.695736+02:00
306895389,de:12061:900260584::2,0.0,2026-10-02T01:01:04.695736+02:00
306895389,de:12061:900260968::1,0.0,2026-10-02T01:01:04.695736+02:00
307435148,de:12063:900210005:1:50,0.0,2026-10-02T01:01:04.695736+02:00
307435148,de:12063:900210326:2:51,0.0,2026-10-02T01:01:04.695736+02:00
307435148,de:12063:900210011:2:51,0.0,2026-10-02T01:01:04.695736+02:00
307435148,de:12063:900210010:2:51,0.0,2026-10-02T01:01:04.695736+02:00
307435148,de:12063:900210180:2:51,0.0,2026-10-02T01:01:04.695736+02:00
307435148,de:11000:900037168:2:51,0.0,2026-10-02T01:01:04.695736+02:00
307435148,de:11000:900029101:3:54,0.0,2026-10-02T01:01:04.695736+02:00
307435148,de:11000:900020201:1:50,0.0,2026-10-02T01:01:04.695736+02:00
307435148,de:11000:900007102:5:59,0.0,2026-10-02T01:01:04.695736+02:00
307435148,de:11000:900120003:4:56,0.0,2026-10-02T01:01:04.695736+02:00
307435148,de:11000:900192001:1:50,0.0,2026-10-02T01:01:04.695736+02:00
295907197,de:12067:900310004:3:52,0.0,2026-10-02T01:01:04.695736+02:00
295907197,de:11000:900183002:1:50,-0.1,2026-10-02T01:01:04.695736+02:00
295907197,de:11000:900183001:1:50,-0.4,2026-10-02T01:01:04.695736+02:00
295907197,de:11000:900182002:1:50,0.0,2026-10-02T01:01:04.695736+02:00
295907197,de:11000:900182001:1:50,-0.2,2026-10-02T01:01:04.695736+02:00
295907197,de:11000:900180001:1:50,-0.7,2026-10-02T01:01:04.695736+02:00
295907197,de:11000:900180002:1:50,-0.7,2026-10-02T01:01:04.695736+02:00
295907197,de:11000:900162001:1:50,-0.9,2026-10-02T01:01:04.695736+02:00
295907197,de:11000:900160002:1:50,0.0,2026-10-02T01:01:04.695736+02:00
295907197,de:11000:900160001:1:50,-0.3,2026-10-02T01:01:04.695736+02:00
295907197,de:11000:900120003:3:55,-0.1,2026-10-02T01:01:04.695736+02:00
295907197,de:11000:900120004:2:53,-0.6,2026-10-02T01:01:04.695736+02:00
295907197,de:11000:900120005:5:58,-0.9,2026-10-02T01:01:04.695736+02:00
295907197,de:11000:900100004:1:51,-0.4,2026-10-02T01:01:04.695736+02:00
295907197,de:11000:900100003:2:53,-0.4,2026-10-02T01:01:04.695736+02:00
295907197,de:11000:900100002:1:51,-0.4,2026-10-02T01:01:04.695736+02:00
295907197,de:11000:900100001:3:55,-0.4,2026-10-02T01:01:04.695736+02:00
295907197,de:11000:900003201:3:55,-0.1,2026-10-02T01:01:04.695736+02:00
295907197,de:11000:900003102:1:51,-0.8,2026-10-02T01:01:04.695736+02:00
295907197,de:11000:900003103:1:51,-0.9,2026-10-02T01:01:04.695736+02:00
295907197,de:11000:900023201:3:55,-0.8,2026-10-02T01:01:04.695736+02:00
295907197,de:11000:900024203:1:51,-0.8,2026-10-02T01:01:04.695736+02:00
295907197,de:11000:900024101:4:57,-0.8,2026-10-02T01:01:04.695736+02:00
295907197,de:11000:900024102:1:50,-0.1,2026-10-02T01:01:04.695736+02:00
295907197,de:11000:900025423:1:50,-0.4,2026-10-02T01:01:04.695736+02:00
295907197,de:11000:900026105:1:50,-0.7,2026-10-02T01:01:04.695736+02:00
295907197,de:11000:900025321:1:50,-0.3,2026-10-02T01:01:04.695736+02:00
295907197,de:11000:900025424:1:50,-0.3,2026-10-02T01:01:04.695736+02:00
295907197,de:11000:900030202:1:50,-0.9,2026-10-02T01:01:04.695736+02:00
295907197,de:11000:900029101:1:50,-0.9,2026-10-02T01:01:04.695736+02:00
295906920,de:11000:900029101:1:50,0.0,2026-10-02T01:01:04.695736+02:00
295906920,de:11000:900030202:1:50,-0.3,2026-10-02T01:01:04.695736+02:00
295906920,de:11000:900025424:1:51,-0.2,2026-10-02T01:01:04.695736+02:00
295906920,de:11000:900025321:1:51,-0.2,2026-10-02T01:01:04.695736+02:00
295906920,de:11000:900026105:1:50,-0.4,2026-10-02T01:01:04.695736+02:00
295906920,de:11000:900025423:1:50,-0.7,2026-10-02T01:01:04.695736+02:00
295906920,de:11000:900024102:2:53,-0.7,2026-10-02T01:01:04.695736+02:00
295906920,de:11000:900024101:3:55,-0.3,2026-10-02T01:01:04.695736+02:00
295906920,de:11000:900024203:1:51,-0.8,2026-10-02T01:01:04.695736+02:00
295906920,de:11000:900023201:3:54,-0.7,2026-10-02T01:01:04.695736+02:00
295906920,de:11000:900003103:1:50,-0.8,2026-10-02T01:01:04.695736+02:00
295906920,de:11000:900003102:1:50,-0.9,2026-10-02T01:01:04.695736+02:00
295906920,de:11000:900003201:3:54,-0.5,2026-10-02T01:01:04.695736+02:00
295906920,de:11000:900100001:3:54,-0.1,2026-10-02T01:01:04.695736+02:00
295906920,de:11000:900100002:1:50,-0.4,2026-10-02T01:01:04.695736+02:00
295906920,de:11000:900100003:2:52,-0.1,2026-10-02T01:01:04.695736+02:00
295906920,de:11000:900100004:1:50,-0.4,2026-10-02T01:01:04.695736+02:00
295906920,de:11000:900120005:4:55,-0.6,2026-10-02T01:01:04.695736+02:00
295906920,de:11000:900120004:1:50,-0.1,2026-10-02T01:01:04.695736+02:00
295906920,de:11000:900120003:2:53,-0.4,2026-10-02T01:01:04.695736+02:00
295906920,de:11000:900160001:1:51,-0.4,2026-10-02T01:01:04.695736+02:00
295906920,de:11000:900160002:1:50,-0.7,2026-10-02T01:01:04.695736+02:00
295906920,de:11000:900162001:1:51,-0.3,2026-10-02T01:01:04.695736+02:00
295906920,de:11000:900180002:1:51,-0.3,2026-10-02T01:01:04.695736+02:00
295906920,de:11000:900180001:1:50,-0.7,2026-10-02T01:01:04.695736+02:00
295906920,de:11000:900182001:1:51,-0.2,2026-10-02T01:01:04.695736+02:00
295906920,de:11000:900182002:1:51,-0.4,2026-10-02T01:01:04.695736+02:00
295906920,de:11000:900183001:1:51,0.0,2026-10-02T01:01:04.695736+02:00
295906920,de:11000:900183002:1:51,-0.3,2026-10-02T01:01:04.695736+02:00
295906920,de:12067:900310004:3:53,-0.5,2026-10-02T01:01:04.695736+02:00
307434426,de:11000:900192001:1:51,0.0,2026-10-02T01:01:04.695736+02:00
307434426,de:11000:900120003:4:57,0.0,2026-10-02T01:01:04.695736+02:00
307434426,de:11000:900007102:4:56,0.0,2026-10-02T01:01:04.695736+02:00
307434426,de:11000:900029101:2:52,0.0,2026-10-02T01:01:04.695736+02:00
307434426,de:11000:900037168:1:50,0.0,2026-10-02T01:01:04.695736+02:00
307434426,de:12063:900210180:1:50,0.0,2026-10-02T01:01:04.695736+02:00
307434426,de:12063:900210010:1:50,0.0,2026-10-02T01:01:04.695736+02:00
307434426,de:12063:900210011:1:50,0.0,2026-10-02T01:01:04.695736+02:00
307434426,de:12063:900210326:1:50,0.0,2026-10-02T01:01:04.695736+02:00
307434426,de:12063:900210005:1:50,0.0,2026-10-02T01:01:04.695736+02:00
306896291,de:12067:900310013::3,0.0,2026-10-02T01:01:04.695736+02:00
306896291,de:12067:900310563::3,0.0,2026-10-02T01:01:04.695736+02:00
306896291,de:12067:900310559::1,0.0,2026-10-02T01:01:04.695736+02:00
306896291,de:12067:900310558::1,0.0,2026-10-02T01:01:04.695736+02:00
306896291,de:12067:900310556::1,0.0,2026-10-02T01:01:04.695736+02:00
306896291,de:12067:900310621::1,0.0,2026-10-02T01:01:04.695736+02:00
306896291,de:12067:900310568::1,0.0,2026-10-02T01:01:04.695736+02:00
306896291,de:12067:900310955::1,0.0,2026-10-02T01:01:04.695736+02:00
306896291,de:12067:900310950::1,0.0,2026-10-02T01:01:04.695736+02:00
306896291,de:12061:900260165::2,0.0,2026-10-02T01:01:04.695736+02:00
306896291,de:12061:900260169::3,0.0,2026-10-02T01:01:04.695736+02:00
306896291,de:12061:900260166::2,0.0,2026-10-02T01:01:04.695736+02:00
306896291,de:12061:900260171::2,0.0,2026-10-02T01:01:04.695736+02:00
306896291,de:12061:900260168::2,0.0,2026-10-02T01:01:04.695736+02:00
306896291,de:12061:900260167::2,0.0,2026-10-02T01:01:04.695736+02:00
306896291,de:12061:900260170::2,0.0,2026-10-02T01:01:04.695736+02:00
306896291,de:12061:900261050::1,0.0,2026-10-02T01:01:04.695736+02:00
306896291,de:12061:900261051::2,0.0,2026-10-02T01:01:04.695736+02:00
306896291,de:12061:900261048::2,0.0,2026-10-02T01:01:04.695736+02:00
306896291,de:12061:900261047::2,0.0,2026-10-02T01:01:04.695736+02:00
306896291,de:12061:900260889::2,0.0,2026-10-02T01:01:04.695736+02:00
306896291,de:12061:900260888::2,0.0,2026-10-02T01:01:04.695736+02:00
306896291,de:12061:900260886::2,0.0,2026-10-02T01:01:04.695736+02:00
306896291,de:12061:900260887::2,0.0,2026-10-02T01:01:04.695736+02:00
306896291,de:12061:900260890::2,0.0,2026-10-02T01:01:04.695736+02:00
306896291,de:12061:900260798::2,0.0,2026-10-02T01:01:04.695736+02:00
306896291,de:12061:900260001::8,0.0,2026-10-02T01:01:04.695736+02:00
306896268,de:12067:900310013::3,0.0,2026-10-02T01:01:04.695736+02:00
306896268,de:12067:900310563::3,0.0,2026-10-02T01:01:04.695736+02:00
306896268,de:12067:900310559::1,0.0,2026-10-02T01:01:04.695736+02:00
306896268,de:12067:900310558::1,0.0,2026-10-02T01:01:04.695736+02:00
306896268,de:12067:900310556::1,0.0,2026-10-02T01:01:04.695736+02:00
306896268,de:12067:900310621::1,0.0,2026-10-02T01:01:04.695736+02:00
306896268,de:12067:900310568::1,0.0,2026-10-02T01:01:04.695736+02:00
306896268,de:12067:900310955::1,0.0,2026-10-02T01:01:04.695736+02:00
306896268,de:12067:900310950::1,0.0,2026-10-02T01:01:04.695736+02:00
306896268,de:12061:900260165::2,0.0,2026-10-02T01:01:04.695736+02:00
306896268,de:12061:900260169::3,0.0,2026-10-02T01:01:04.695736+02:00
306896268,de:12061:900260166::2,0.0,2026-10-02T01:01:04.695736+02:00
306896268,de:12061:900260171::2,0.0,2026-10-02T01:01:04.695736+02:00
306896268,de:12061:900260168::2,0.0,2026-10-02T01:01:04.695736+02:00
306896268,de:12061:900260167::2,0.0,2026-10-02T01:01:04.695736+02:00
306896268,de:12061:900260170::2,0.0,2026-10-02T01:01:04.695736+02:00
306896268,de:12061:900261050::1,0.0,2026-10-02T01:01:04.695736+02:00
306896268,de:12061:900261051::2,0.0,2026-10-02T01:01:04.695736+02:00
306896268,de:12061:900261049::1,0.0,2026-10-02T01:01:04.695736+02:00
306896268,de:12061:900261048::2,0.0,2026-10-02T01:01:04.695736+02:00
306896268,de:12061:900261047::2,0.0,2026-10-02T01:01:04.695736+02:00
306896268,de:12061:900260889::2,0.0,2026-10-02T01:01:04.695736+02:00
306896268,de:12061:900260888::2,0.0,2026-10-02T01:01:04.695736+02:00
306896268,de:12061:900260886::2,0.0,2026-10-02T01:01:04.695736+02:00
306896268,de:12061:900260887::2,0.0,2026-10-02T01:01:04.695736+02:00
306896268,de:12061:900260890::2,0.0,2026-10-02T01:01:04.695736+02:00
306896268,de:12061:900260798::2,0.0,2026-10-02T01:01:04.695736+02:00
306896268,de:12061:900260001::8,0.0,2026-10-02T01:01:04.695736+02:00
295911043,de:11000:900162001:1:50,0.0,2026-10-02T01:01:04.695736+02:00
295911043,de:11000:900160002:1:50,-0.7,2026-10-02T01:01:04.695736+02:00
295911043,de:11000:900160001:1:50,0.0,2026-10-02T01:01:04.695736+02:00
295911043,de:11000:900120003:3:55,-0.7,2026-10-02T01:01:04.695736+02:00
295911043,de:11000:900120004:2:53,0.0,2026-10-02T01:01:04.695736+02:00
295911043,de:11000:900120005:4:56,-0.2,2026-10-02T01:01:04.695736+02:00
295909994,de:11000:900120005:4:56,0.0,2026-10-02T01:01:04.695736+02:00
295909994,de:11000:900120004:1:51,-0.1,2026-10-02T01:01:04.695736+02:00
295909994,de:11000:900120003:2:53,-0.4,2026-10-02T01:01:04.695736+02:00
295909994,de:11000:900160001:1:51,-0.4,2026-10-02T01:01:04.695736+02:00
295909994,de:11000:900160002:1:50,-0.7,2026-10-02T01:01:04.695736+02:00
295909994,de:11000:900162001:1:51,-0.3,2026-10-02T01:01:04.695736+02:00
295909994,de:11000:900180002:1:51,-0.3,2026-10-02T01:01:04.695736+02:00
295909994,de:11000:900180001:1:50,-0.7,2026-10-02T01:01:04.695736+02:00
295909994,de:11000:900182001:1:51,-0.2,2026-10-02T01:01:04.695736+02:00
295909994,de:11000:900182002:1:51,-0.4,2026-10-02T01:01:04.695736+02:00
295909994,de:11000:900183001:1:51,0.0,2026-10-02T01:01:04.695736+02:00
295909994,de:11000:900183002:1:51,-0.3,2026-10-02T01:01:04.695736+02:00
295909994,de:12067:900310004:3:53,-0.5,2026-10-02T01:01:04.695736+02:00
307440997,de:12070:900216026:3:53,0.0,2026-10-02T01:01:04.695736+02:00
307440997,de:12070:900216013:1:50,0.0,2026-10-02T01:01:04.695736+02:00
307440997,de:12070:900215696:1:50,0.0,2026-10-02T01:01:04.695736+02:00
307440997,de:12070:900215350:1:50,0.0,2026-10-02T01:01:04.695736+02:00
307440997,de:12070:900215723:1:50,0.0,2026-10-02T01:01:04.695736+02:00
307440997,de:12068:900205322:1:50,0.0,2026-10-02T01:01:04.695736+02:00
307440997,de:12068:900205130:1:50,0.0,2026-10-02T01:01:04.695736+02:00
307440997,de:12068:900205617:2:51,0.0,2026-10-02T01:01:04.695736+02:00
307440997,de:12068:900205090:1:50,0.0,2026-10-02T01:01:04.695736+02:00
307440997,de:12068:900205092:1:50,0.0,2026-10-02T01:01:04.695736+02:00
307440997,de:12068:900205022:1:50,0.0,2026-10-02T01:01:04.695736+02:00
307440997,de:12068:900205023:1:50,0.0,2026-10-02T01:01:04.695736+02:00
307440997,de:12068:900205006:1:50,0.0,2026-10-02T01:01:04.695736+02:00
307440997,de:12068:900205005:1:50,0.0,2026-10-02T01:01:04.695736+02:00
307440997,de:12065:900203491:1:50,0.0,2026-10-02T01:01:04.695736+02:00
307440997,de:12065:900203452:1:50,0.0,2026-10-02T01:01:04.695736+02:00
307440997,de:12065:900200004:1:51,0.0,2026-10-02T01:01:04.695736+02:00
307440997,de:12065:900200000:1:50,0.0,2026-10-02T01:01:04.695736+02:00
295910106,de:11000:900024101:3:55,0.0,2026-10-02T01:01:04.695736+02:00
295910106,de:11000:900024203:1:51,-0.3,2026-10-02T01:01:04.695736+02:00
295910106,de:11000:900023201:3:54,-0.2,2026-10-02T01:01:04.695736+02:00
295910106,de:11000:900003103:1:50,-0.3,2026-10-02T01:01:04.695736+02:00
295910106,de:11000:900003102:1:50,-0.4,2026-10-02T01:01:04.695736+02:00
295910106,de:11000:900003201:3:54,0.0,2026-10-02T01:01:04.695736+02:00
295910106,de:11000:900100001:3:54,-0.6,2026-10-02T01:01:04.695736+02:00
295910106,de:11000:900100002:1:50,-0.9,2026-10-02T01:01:04.695736+02:00
295910106,de:11000:900100003:2:52,-0.6,2026-10-02T01:01:04.695736+02:00
295910106,de:11000:900100004:1:50,-0.9,2026-10-02T01:01:04.695736+02:00
295910106,de:11000:900120005:4:55,-0.1,2026-10-02T01:01:04.695736+02:00
295910106,de:11000:900120004:1:50,-0.1,2026-10-02T01:01:04.695736+02:00
295910106,de:11000:900120003:2:53,-0.4,2026-10-02T01:01:04.695736+02:00
295910106,de:11000:900160001:1:51,-0.4,2026-10-02T01:01:04.695736+02:00
295910106,de:11000:900160002:1:50,-0.7,2026-10-02T01:01:04.695736+02:00
295910106,de:11000:900162001:1:51,-0.3,2026-10-02T01:01:04.695736+02:00
295910106,de:11000:900180002:1:51,-0.3,2026-10-02T01:01:04.695736+02:00
295910106,de:11000:900180001:1:50,-0.7,2026-10-02T01:01:04.695736+02:00
295910106,de:11000:900182001:1:51,-0.2,2026-10-02T01:01:04.695736+02:00
295910106,de:11000:900182002:1:51,-0.4,2026-10-02T01:01:04.695736+02:00
295910106,de:11000:900183001:1:51,0.0,2026-10-02T01:01:04.695736+02:00
295910106,de:11000:900183002:1:51,-0.3,2026-10-02T01:01:04.695736+02:00
295910106,de:12067:900310004:3:52,-0.5,2026-10-02T01:01:04.695736+02:00
307280474,de:11000:900020202:1:50,0.0,2026-10-02T01:01:04.695736+02:00
307280474,de:11000:900001201:1:50,-0.2,2026-10-02T01:01:04.695736+02:00
307280474,de:11000:900009104:1:50,-0.8,2026-10-02T01:01:04.695736+02:00
307280474,de:11000:900007102:2:52,-0.4,2026-10-02T01:01:04.695736+02:00
307280474,de:11000:900110001:1:50,-0.6,2026-10-02T01:01:04.695736+02:00
307280474,de:11000:900110002:1:50,-0.4,2026-10-02T01:01:04.695736+02:00
307280474,de:11000:900110003:1:50,-0.4,2026-10-02T01:01:04.695736+02:00
307280474,de:11000:900110004:1:50,-0.8,2026-10-02T01:01:04.695736+02:00
307280474,de:11000:900110012:1:50,-0.7,2026-10-02T01:01:04.695736+02:00
307280474,de:11000:900120001:1:50,-0.7,2026-10-02T01:01:04.695736+02:00
307280474,de:11000:900120003:5:58,-0.1,2026-10-02T01:01:04.695736+02:00
307280474,de:11000:900190001:1:50,-0.4,2026-10-02T01:01:04.695736+02:00
307280474,de:11000:900077106:1:50,-0.4,2026-10-02T01:01:04.695736+02:00
307280474,de:11000:900078201:1:50,-0.3,2026-10-02T01:01:04.695736+02:00
307280474,de:11000:900079221:1:50,-0.2,2026-10-02T01:01:04.695736+02:00
307280474,de:11000:900068201:1:50,-0.8,2026-10-02T01:01:04.695736+02:00
307280474,de:11000:900058101:5:58,-0.1,2026-10-02T01:01:04.695736+02:00
307280474,de:11000:900054104:2:52,-0.7,2026-10-02T01:01:04.695736+02:00
307280474,de:11000:900054105:1:50,-0.9,2026-10-02T01:01:04.695736+02:00
307280474,de:11000:900044202:1:50,-0.7,2026-10-02T01:01:04.695736+02:00
307280474,de:11000:900045102:1:50,-0.7,2026-10-02T01:01:04.695736+02:00
307280474,de:11000:900044101:1:50,-0.8,2026-10-02T01:01:04.695736+02:00
307280474,de:11000:900040101:1:50,-0.3,2026-10-02T01:01:04.695736+02:00
307280474,de:11000:900024101:3:54,-0.8,2026-10-02T01:01:04.695736+02:00
307280461,de:11000:900020202:1:50,0.0,2026-10-02T01:01:04.695736+02:00
307280461,de:11000:900001201:1:50,-0.2,2026-10-02T01:01:04.695736+02:00
307280461,de:11000:900009104:1:50,-0.8,2026-10-02T01:01:04.695736+02:00
307280461,de:11000:900007102:2:52,-0.4,2026-10-02T01:01:04.695736+02:00
307280461,de:11000:900110001:1:50,-0.6,2026-10-02T01:01:04.695736+02:00
307280461,de:11000:900110002:1:50,-0.4,2026-10-02T01:01:04.695736+02:00
307280461,de:11000:900110003:1:50,-0.4,2026-10-02T01:01:04.695736+02:00
307280461,de:11000:900110004:1:50,-0.8,2026-10-02T01:01:04.695736+02:00
307280461,de:11000:900110012:1:50,-0.7,2026-10-02T01:01:04.695736+02:00
307280461,de:11000:900120001:1:50,-0.7,2026-10-02T01:01:04.695736+02:00
307280461,de:11000:900120003:5:58,-0.1,2026-10-02T01:01:04.695736+02:00
307280461,de:11000:900190001:1:50,-0.4,2026-10-02T01:01:04.695736+02:00
307280461,de:11000:900077106:1:50,-0.4,2026-10-02T01:01:04.695736+02:00
307280461,de:11000:900078201:1:50,-0.3,2026-10-02T01:01:04.695736+02:00
307280461,de:11000:900079221:1:50,-0.2,2026-10-02T01:01:04.695736+02:00
307280461,de:11000:900068201:1:50,-0.8,2026-10-02T01:01:04.695736+02:00
307280461,de:11000:900058101:5:58,-0.1,2026-10-02T01:01:04.695736+02:00
307280461,de:11000:900054104:2:52,-0.7,2026-10-02T01:01:04.695736+02:00
307280461,de:11000:900054105:1:50,-0.9,2026-10-02T01:01:04.695736+02:00
307280461,de:11000:900044202:1:50,-0.7,2026-10-02T01:01:04.695736+02:00
307280461,de:11000:900045102:1:50,-0.7,2026-10-02T01:01:04.695736+02:00
307280461,de:11000:900044101:1:50,-0.8,2026-10-02T01:01:04.695736+02:00
307280461,de:11000:900040101:1:50,-0.3,2026-10-02T01:01:04.695736+02:00
307280461,de:11000:900024101:3:54,-0.8,2026-10-02T01:01:04.695736+02:00
306897046,de:12067:900311238::1,0.0,2026-10-02T01:01:04.695736+02:00
306897046,de:12067:900311236::2,0.0,2026-10-02T01:01:04.695736+02:00
306897046,de:12067:900311232::1,0.0,2026-10-02T01:01:04.695736+02:00
306897046,de:12067:900311237::1,0.0,2026-10-02T01:01:04.695736+02:00
306897046,de:12067:900311424::2,0.0,2026-10-02T01:01:04.695736+02:00
306897046,de:12067:900311423::2,0.0,2026-10-02T01:01:04.695736+02:00
306897046,de:12067:900311422::1,0.0,2026-10-02T01:01:04.695736+02:00
306897046,de:12067:900311420::2,0.0,2026-10-02T01:01:04.695736+02:00
306897046,de:12067:900311421::2,0.0,2026-10-02T01:01:04.695736+02:00
306897046,de:12067:900311610::2,0.0,2026-10-02T01:01:04.695736+02:00
306897046,de:12067:900311562::2,0.0,2026-10-02T01:01:04.695736+02:00
306897046,de:12067:900311440::2,0.0,2026-10-02T01:01:04.695736+02:00
306897046,de:12067:900311481::1,0.0,2026-10-02T01:01:04.695736+02:00
306897046,de:12067:900311485::1,0.0,2026-10-02T01:01:04.695736+02:00
306897046,de:12067:900311482::1,0.0,2026-10-02T01:01:04.695736+02:00
306897046,de:12067:900311489::1,0.0,2026-10-02T01:01:04.695736+02:00
306897046,de:12067:900311480::1,0.0,2026-10-02T01:01:04.695736+02:00
307286638,de:11000:900024101:3:54,0.0,2026-10-02T01:01:04.695736+02:00
307286638,de:11000:900040101:1:50,-0.2,2026-10-02T01:01:04.695736+02:00
307286638,de:11000:900044101:1:50,-0.3,2026-10-02T01:01:04.695736+02:00
307286638,de:11000:900045102:1:51,-0.4,2026-10-02T01:01:04.695736+02:00
307286638,de:11000:900044202:1:51,-0.4,2026-10-02T01:01:04.695736+02:00
307286638,de:11000:900054105:1:51,-0.2,2026-10-02T01:01:04.695736+02:00
307286638,de:11000:900054104:2:53,-0.8,2026-10-02T01:01:04.695736+02:00
307286638,de:11000:900058101:5:59,-0.2,2026-10-02T01:01:04.695736+02:00
307286638,de:11000:900068201:1:51,-0.8,2026-10-02T01:01:04.695736+02:00
307286638,de:11000:900079221:1:51,-0.4,2026-10-02T01:01:04.695736+02:00
307286638,de:11000:900078201:1:51,-0.1,2026-10-02T01:01:04.695736+02:00
307286638,de:11000:900077106:1:51,0.0,2026-10-02T01:01:04.695736+02:00
307286638,de:11000:900190001:2:52,-0.9,2026-10-02T01:01:04.695736+02:00
307286638,de:11000:900120003:5:59,-0.4,2026-10-02T01:01:04.695736+02:00
307286638,de:11000:900120001:1:51,0.0,2026-10-02T01:01:04.695736+02:00
307286638,de:11000:900110012:1:51,-0.2,2026-10-02T01:01:04.695736+02:00
307286638,de:11000:900110004:1:51,-0.1,2026-10-02T01:01:04.695736+02:00
307286638,de:11000:900110003:1:51,-0.4,2026-10-02T01:01:04.695736+02:00
307286638,de:11000:900110002:1:51,-0.4,2026-10-02T01:01:04.695736+02:00
307286638,de:11000:900110001:1:51,-0.1,2026-10-02T01:01:04.695736+02:00
307286638,de:11000:900007102:1:51,-0.6,2026-10-02T01:01:04.695736+02:00
307286638,de:11000:900009104:1:51,-0.8,2026-10-02T01:01:04.695736+02:00
307286638,de:11000:900001201:1:51,-0.3,2026-10-02T01:01:04.695736+02:00
307286638,de:11000:900020202:1:51,-0.1,2026-10-02T01:01:04.695736+02:00
307286695,de:11000:900040101:1:50,0.0,2026-10-02T01:01:04.695736+02:00
307286695,de:11000:900044101:1:50,-0.8,2026-10-02T01:01:04.695736+02:00
307286695,de:11000:900045102:1:51,-0.9,2026-10-02T01:01:04.695736+02:00
307286695,de:11000:900044202:1:51,-0.9,2026-10-02T01:01:04.695736+02:00
307286695,de:11000:900054105:1:51,-0.7,2026-10-02T01:01:04.695736+02:00
307286695,de:11000:900054104:2:53,-0.3,2026-10-02T01:01:04.695736+02:00
307286695,de:11000:900058101:5:59,-0.2,2026-10-02T01:01:04.695736+02:00
307286695,de:11000:900068201:1:51,-0.8,2026-10-02T01:01:04.695736+02:00
307286695,de:11000:900079221:1:51,-0.4,2026-10-02T01:01:04.695736+02:00
307286695,de:11000:900078201:1:51,-0.1,2026-10-02T01:01:04.695736+02:00
307286695,de:11000:900077106:1:51,0.0,2026-10-02T01:01:04.695736+02:00
307286695,de:11000:900190001:2:52,-0.9,2026-10-02T01:01:04.695736+02:00
307286695,de:11000:900120003:5:59,-0.4,2026-10-02T01:01:04.695736+02:00
307286695,de:11000:900120001:1:51,0.0,2026-10-02T01:01:04.695736+02:00
307286695,de:11000:900110012:1:51,-0.2,2026-10-02T01:01:04.695736+02:00
307286695,de:11000:900110004:1:51,-0.1,2026-10-02T01:01:04.695736+02:00
307286695,de:11000:900110003:1:51,-0.4,2026-10-02T01:01:04.695736+02:00
307286695,de:11000:900110002:1:51,-0.4,2026-10-02T01:01:04.695736+02:00
307286695,de:11000:900110001:1:51,-0.1,2026-10-02T01:01:04.695736+02:00
307286695,de:11000:900007102:1:51,-0.6,2026-10-02T01:01:04.695736+02:00
307286695,de:11000:900009104:1:50,-0.8,2026-10-02T01:01:04.695736+02:00
307286695,de:11000:900001201:1:50,-0.3,2026-10-02T01:01:04.695736+02:00
307286695,de:11000:900020202:1:50,-0.1,2026-10-02T01:01:04.695736+02:00
307289067,de:11000:900079221:1:51,0.0,2026-10-02T01:01:04.695736+02:00
307289067,de:11000:900078201:1:51,-0.1,2026-10-02T01:01:04.695736+02:00
307289067,de:11000:900077106:1:51,0.0,2026-10-02T01:01:04.695736+02:00
307289067,de:11000:900190001:2:52,-0.9,2026-10-02T01:01:04.695736+02:00
307289067,de:11000:900120003:5:59,-0.4,2026-10-02T01:01:04.695736+02:00
307289067,de:11000:900120001:1:51,0.0,2026-10-02T01:01:04.695736+02:00
307289067,de:11000:900110012:1:51,-0.2,2026-10-02T01:01:04.695736+02:00
307289067,de:11000:900110004:1:51,-0.1,2026-10-02T01:01:04.695736+02:00
307289067,de:11000:900110003:1:51,-0.4,2026-10-02T01:01:04.695736+02:00
307289067,de:11000:900110002:1:51,-0.4,2026-10-02T01:01:04.695736+02:00
307289067,de:11000:900110001:1:51,-0.1,2026-10-02T01:01:04.695736+02:00
307289067,de:11000:900007102:1:51,-0.6,2026-10-02T01:01:04.695736+02:00
307289067,de:11000:900009104:1:51,-0.3,2026-10-02T01:01:04.695736+02:00
306896475,de:12067:900310001::3,0.0,2026-10-02T01:01:04.695736+02:00
306896475,de:12067:900310816::1,0.0,2026-10-02T01:01:04.695736+02:00
306896475,de:12067:900310627::1,0.0,2026-10-02T01:01:04.695736+02:00
306896475,de:12067:900310781::1,0.0,2026-10-02T01:01:04.695736+02:00
306896475,de:12067:900310822::1,0.0,2026-10-02T01:01:04.695736+02:00
306896475,de:12067:900310771::1,0.0,2026-10-02T01:01:04.695736+02:00
306896475,de:12067:900310811::1,0.0,2026-10-02T01:01:04.695736+02:00
306896475,de:12067:900310630::1,0.0,2026-10-02T01:01:04.695736+02:00
306896475,de:12067:900310812::1,0.0,2026-10-02T01:01:04.695736+02:00
306896475,de:12067:900310695::2,0.0,2026-10-02T01:01:04.695736+02:00
306896475,de:12067:900310769::1,0.0,2026-10-02T01:01:04.695736+02:00
306896475,de:12067:900310810::2,0.0,2026-10-02T01:01:04.695736+02:00
306896475,de:12067:900310972::1,0.0,2026-10-02T01:01:04.695736+02:00
306896475,de:12067:900310970::1,0.0,2026-10-02T01:01:04.695736+02:00
306896475,de:12067:900310105::1,0.0,2026-10-02T01:01:04.695736+02:00
306896475,de:12067:900310040::1,0.0,2026-10-02T01:01:04.695736+02:00
306896475,de:12067:900310109::1,0.0,2026-10-02T01:01:04.695736+02:00
306896475,de:12067:900310631::1,0.0,2026-10-02T01:01:04.695736+02:00
306896475,de:12067:900310106::1,0.0,2026-10-02T01:01:04.695736+02:00
306896475,de:12067:900310115::1,0.0,2026-10-02T01:01:04.695736+02:00
306896475,de:12067:900310119::1,0.0,2026-10-02T01:01:04.695736+02:00
306896475,de:12067:900310114::1,0.0,2026-10-02T01:01:04.695736+02:00
306896475,de:12067:900310103::1,0.0,2026-10-02T01:01:04.695736+02:00
306896475,de:12067:900310102::1,0.0,2026-10-02T01:01:04.695736+02:00
306896475,de:12067:900310104::1,0.0,2026-10-02T01:01:04.695736+02:00
306896475,de:12067:900310116::1,0.0,2026-10-02T01:01:04.695736+02:00
306896475,de:12067:900310113::1,0.0,2026-10-02T01:01:04.695736+02:00
306896475,de:12067:900310107::1,0.0,2026-10-02T01:01:04.695736+02:00
306896475,de:12067:900311082::1,0.0,2026-10-02T01:01:04.695736+02:00
306896475,de:12067:900310751::1,0.0,2026-10-02T01:01:04.695736+02:00
306896475,de:12067:900311077::1,0.0,2026-10-02T01:01:04.695736+02:00
306896475,de:12067:900311078::1,0.0,2026-10-02T01:01:04.695736+02:00
306896475,de:12067:900310613::1,0.0,2026-10-02T01:01:04.695736+02:00
307289037,de:11000:900079221:1:51,0.0,2026-10-02T01:01:04.695736+02:00
307289037,de:11000:900078201:1:51,-0.1,2026-10-02T01:01:04.695736+02:00
307289037,de:11000:900077106:1:51,0.0,2026-10-02T01:01:04.695736+02:00
307289037,de:11000:900190001:2:52,-0.9,2026-10-02T01:01:04.695736+02:00
307289037,de:11000:900120003:5:59,-0.4,2026-10-02T01:01:04.695736+02:00
307289037,de:11000:900120001:1:51,0.0,2026-10-02T01:01:04.695736+02:00
307289037,de:11000:900110012:1:51,-0.2,2026-10-02T01:01:04.695736+02:00
307289037,de:11000:900110004:1:51,-0.1,2026-10-02T01:01:04.695736+02:00
307289037,de:11000:900110003:1:51,-0.4,2026-10-02T01:01:04.695736+02:00
307289037,de:11000:900110002:1:51,-0.4,2026-10-02T01:01:04.695736+02:00
307289037,de:11000:900110001:1:51,-0.1,2026-10-02T01:01:04.695736+02:00
307289037,de:11000:900007102:1:51,-0.6,2026-10-02T01:01:04.695736+02:00
307289037,de:11000:900009104:1:51,-0.3,2026-10-02T01:01:04.695736+02:00
306895356,de:12067:900310912::1,0.0,2026-10-02T01:01:04.695736+02:00
306895356,de:12067:900310707::1,0.0,2026-10-02T01:01:04.695736+02:00
306895356,de:12067:900310948::1,0.0,2026-10-02T01:01:04.695736+02:00
306895356,de:12067:900311033::1,0.0,2026-10-02T01:01:04.695736+02:00
306895356,de:12067:900311011::1,0.0,2026-10-02T01:01:04.695736+02:00
306895356,de:12067:900311001::1,0.0,2026-10-02T01:01:04.695736+02:00
306895356,de:12067:900310945::2,0.0,2026-10-02T01:01:04.695736+02:00
306895356,de:12067:900311059::1,0.0,2026-10-02T01:01:04.695736+02:00
306895356,de:12067:900311110::3,0.0,2026-10-02T01:01:04.695736+02:00
306895356,de:12067:900311055::1,0.0,2026-10-02T01:01:04.695736+02:00
306895356,de:12067:900311054::1,0.0,2026-10-02T01:01:04.695736+02:00
306895356,de:12067:900311110::1,0.0,2026-10-02T01:01:04.695736+02:00
306895356,de:12067:900311058::1,0.0,2026-10-02T01:01:04.695736+02:00
306895356,de:12067:900310611::2,0.0,2026-10-02T01:01:04.695736+02:00
307292204,de:11000:900044202:1:51,0.0,2026-10-02T01:01:04.695736+02:00
307292204,de:11000:900054105:1:51,-0.2,2026-10-02T01:01:04.695736+02:00
307292204,de:11000:900054104:2:53,-0.8,2026-10-02T01:01:04.695736+02:00
307292204,de:11000:900058101:5:59,-0.7,2026-10-02T01:01:04.695736+02:00
307292204,de:11000:900068201:1:51,-0.3,2026-10-02T01:01:04.695736+02:00
307292204,de:11000:900079221:1:51,-0.9,2026-10-02T01:01:04.695736+02:00
307292204,de:11000:900078201:1:51,-0.6,2026-10-02T01:01:04.695736+02:00
307292204,de:11000:900077155:1:51,-0.2,2026-10-02T01:01:04.695736+02:00
307292204,de:11000:900191001:2:51,-0.7,2026-10-02T01:01:04.695736+02:00
307292204,de:11000:900192001:2:52,-0.7,2026-10-02T01:01:04.695736+02:00
307292204,de:11000:900193001:1:50,-0.2,2026-10-02T01:01:04.695736+02:00
307292204,de:11000:900193002:1:50,-0.8,2026-10-02T01:01:04.695736+02:00
307292204,de:11000:900186001:1:50,-0.8,2026-10-02T01:01:04.695736+02:00
307292204,de:12061:900260004:1:50,-0.2,2026-10-02T01:01:04.695736+02:00
307292204,de:12061:900260003:1:50,-0.4,2026-10-02T01:01:04.695736+02:00
307292204,de:12061:900260002:1:51,-0.2,2026-10-02T01:01:04.695736+02:00
307292204,de:12061:900260001:2:52,-0.2,2026-10-02T01:01:04.695736+02:00
295928950,de:11000:900079221:1:51,0.0,2026-10-02T01:01:04.695736+02:00
295928950,de:11000:900078201:1:51,-0.6,2026-10-02T01:01:04.695736+02:00
295928950,de:11000:900077155:1:51,-0.2,2026-10-02T01:01:04.695736+02:00
295928950,de:11000:900191001:2:51,-0.7,2026-10-02T01:01:04.695736+02:00
295928950,de:11000:900192001:2:52,-0.7,2026-10-02T01:01:04.695736+02:00
295928950,de:11000:900193001:1:50,-0.2,2026-10-02T01:01:04.695736+02:00
295928950,de:11000:900193002:1:50,-0.8,2026-10-02T01:01:04.695736+02:00
295928950,de:11000:900186001:1:51,-0.8,2026-10-02T01:01:04.695736+02:00
295928986,de:11000:900186001:2:52,0.0,2026-10-02T01:01:04.695736+02:00
295928986,de:11000:900193002:1:51,-0.2,2026-10-02T01:01:04.695736+02:00
295928986,de:11000:900193001:2:51,-0.8,2026-10-02T01:01:04.695736+02:00
295928986,de:11000:900192001:3:55,-0.7,2026-10-02T01:01:04.695736+02:00
295928986,de:11000:900191001:1:50,-0.4,2026-10-02T01:01:04.695736+02:00
295928986,de:11000:900077155:1:50,-0.9,2026-10-02T01:01:04.695736+02:00
295928986,de:11000:900078201:1:50,-0.9,2026-10-02T01:01:04.695736+02:00
295928986,de:11000:900079221:1:50,-0.7,2026-10-02T01:01:04.695736+02:00
295928941,de:11000:900079221:1:51,0.0,2026-10-02T01:01:04.695736+02:00
295928941,de:11000:900078201:1:51,-0.6,2026-10-02T01:01:04.695736+02:00
295928941,de:11000:900077155:1:51,-0.2,2026-10-02T01:01:04.695736+02:00
295928941,de:11000:900191001:2:51,-0.7,2026-10-02T01:01:04.695736+02:00
295928941,de:11000:900192001:2:52,-0.7,2026-10-02T01:01:04.695736+02:00
295928941,de:11000:900193001:1:50,-0.2,2026-10-02T01:01:04.695736+02:00
295928941,de:11000:900193002:1:50,-0.8,2026-10-02T01:01:04.695736+02:00
295928941,de:11000:900186001:1:51,-0.8,2026-10-02T01:01:04.695736+02:00
295928938,de:11000:900079221:1:51,0.0,2026-10-02T01:01:04.695736+02:00
295928938,de:11000:900078201:1:51,-0.6,2026-10-02T01:01:04.695736+02:00
295928938,de:11000:900077155:1:51,-0.2,2026-10-02T01:01:04.695736+02:00
295928938,de:11000:900191001:2:51,-0.7,2026-10-02T01:01:04.695736+02:00
295928938,de:11000:900192001:2:52,-0.7,2026-10-02T01:01:04.695736+02:00
295928938,de:11000:900193001:1:50,-0.2,2026-10-02T01:01:04.695736+02:00
295928938,de:11000:900193002:1:50,-0.8,2026-10-02T01:01:04.695736+02:00
295928938,de:11000:900186001:1:51,-0.8,2026-10-02T01:01:04.695736+02:00
295928928,de:11000:900079221:1:51,0.0,2026-10-02T01:01:04.695736+02:00
295928928,de:11000:900078201:1:51,-0.6,2026-10-02T01:01:04.695736+02:00
295928928,de:11000:900077155:1:51,-0.2,2026-10-02T01:01:04.695736+02:00
295928928,de:11000:900191001:2:51,-0.7,2026-10-02T01:01:04.695736+02:00
295928928,de:11000:900192001:2:52,-0.7,2026-10-02T01:01:04.695736+02:00
295928928,de:11000:900193001:1:50,-0.2,2026-10-02T01:01:04.695736+02:00
295928928,de:11000:900193002:1:50,-0.8,2026-10-02T01:01:04.695736+02:00
295928928,de:11000:900186001:1:51,-0.8,2026-10-02T01:01:04.695736+02:00
295928924,de:11000:900079221:1:51,0.0,2026-10-02T01:01:04.695736+02:00
295928924,de:11000:900078201:1:51,-0.6,2026-10-02T01:01:04.695736+02:00
295928924,de:11000:900077155:1:51,-0.2,2026-10-02T01:01:04.695736+02:00
295928924,de:11000:900191001:2:51,-0.7,2026-10-02T01:01:04.695736+02:00
295928924,de:11000:900192001:2:52,-0.7,2026-10-02T01:01:04.695736+02:00
295928924,de:11000:900193001:1:50,-0.2,2026-10-02T01:01:04.695736+02:00
295928924,de:11000:900193002:1:50,-0.8,2026-10-02T01:01:04.695736+02:00
295928924,de:11000:900186001:1:51,-0.8,2026-10-02T01:01:04.695736+02:00
295932993,de:11000:900058101:5:59,0.0,2026-10-02T01:01:04.695736+02:00
295932993,de:11000:900068201:1:51,-0.3,2026-10-02T01:01:04.695736+02:00
295932993,de:11000:900079221:1:51,-0.9,2026-10-02T01:01:04.695736+02:00
295932993,de:11000:900078201:1:51,-0.6,2026-10-02T01:01:04.695736+02:00
295932993,de:11000:900077155:1:51,-0.2,2026-10-02T01:01:04.695736+02:00
295932993,de:11000:900191001:2:51,-0.7,2026-10-02T01:01:04.695736+02:00
295932993,de:11000:900192001:2:53,-0.7,2026-10-02T01:01:04.695736+02:00
295932993,de:11000:900192002:1:50,-0.5,2026-10-02T01:01:04.695736+02:00
295932993,de:11000:900180003:1:50,-0.7,2026-10-02T01:01:04.695736+02:00
306897111,de:12053:900360093::1,0.0,2026-10-02T01:01:04.695736+02:00
306897111,de:12053:900360092::1,0.0,2026-10-02T01:01:04.695736+02:00
306897111,de:12067:900311235::1,0.0,2026-10-02T01:01:04.695736+02:00
306897111,de:12067:900311234::1,0.0,2026-10-02T01:01:04.695736+02:00
306897111,de:12067:900311238::1,0.0,2026-10-02T01:01:04.695736+02:00
306897111,de:12067:900311236::2,0.0,2026-10-02T01:01:04.695736+02:00
306897111,de:12067:900311232::1,0.0,2026-10-02T01:01:04.695736+02:00
306897111,de:12067:900311624::2,0.0,2026-10-02T01:01:04.695736+02:00
306897111,de:12067:900311621::2,0.0,2026-10-02T01:01:04.695736+02:00
306897111,de:12067:900311623::2,0.0,2026-10-02T01:01:04.695736+02:00
306897111,de:12067:900311446::2,0.0,2026-10-02T01:01:04.695736+02:00
306897111,de:12067:900311444::2,0.0,2026-10-02T01:01:04.695736+02:00
306897111,de:12067:900311445::2,0.0,2026-10-02T01:01:04.695736+02:00
306897111,de:12067:900311220::2,0.0,2026-10-02T01:01:04.695736+02:00
306897111,de:12067:900311635::1,0.0,2026-10-02T01:01:04.695736+02:00
306897111,de:12067:900311633::2,0.0,2026-10-02T01:01:04.695736+02:00
306897111,de:12067:900311634::1,0.0,2026-10-02T01:01:04.695736+02:00
306897111,de:12067:900311591::1,0.0,2026-10-02T01:01:04.695736+02:00
306897111,de:12067:900311590::2,0.0,2026-10-02T01:01:04.695736+02:00
306897111,de:12067:900311370::2,0.0,2026-10-02T01:01:04.695736+02:00
306897111,de:12067:900311373::2,0.0,2026-10-02T01:01:04.695736+02:00
306897111,de:12067:900311301::2,0.0,2026-10-02T01:01:04.695736+02:00
306897111,de:12067:900311339::2,0.0,2026-10-02T01:01:04.695736+02:00
306897111,de:12067:900311309::1,0.0,2026-10-02T01:01:04.695736+02:00
306897111,de:12067:900311310::1,0.0,2026-10-02T01:01:04.695736+02:00
306897111,de:12067:900311307::1,0.0,2026-10-02T01:01:04.695736+02:00
306897111,de:12067:900311308::4,0.0,2026-10-02T01:01:04.695736+02:00
307301948,de:11000:900048101:2:53,0.0,2026-10-02T01:01:04.695736+02:00
307301948,de:11000:900024102:2:52,-0.4,2026-10-02T01:01:04.695736+02:00
307301948,de:11000:900024101:3:55,-0.8,2026-10-02T01:01:04.695736+02:00
307301948,de:11000:900024203:1:51,-0.8,2026-10-02T01:01:04.695736+02:00
307301948,de:11000:900023201:3:54,-0.7,2026-10-02T01:01:04.695736+02:00
307301948,de:11000:900003103:1:50,-0.8,2026-10-02T01:01:04.695736+02:00
307301948,de:11000:900003102:1:50,-0.9,2026-10-02T01:01:04.695736+02:00
307301948,de:11000:900003201:3:54,-0.5,2026-10-02T01:01:04.695736+02:00
307301948,de:11000:900100001:3:54,-0.1,2026-10-02T01:01:04.695736+02:00
307301948,de:11000:900100002:1:50,-0.4,2026-10-02T01:01:04.695736+02:00
307301948,de:11000:900100003:2:52,-0.1,2026-10-02T01:01:04.695736+02:00
307301948,de:11000:900100004:1:50,-0.4,2026-10-02T01:01:04.695736+02:00
307301948,de:11000:900120005:4:55,-0.6,2026-10-02T01:01:04.695736+02:00
307301948,de:11000:900120004:1:50,-0.1,2026-10-02T01:01:04.695736+02:00
307301948,de:11000:900120003:2:53,-0.4,2026-10-02T01:01:04.695736+02:00
307301948,de:11000:900160003:1:50,-0.7,2026-10-02T01:01:04.695736+02:00
307301948,de:11000:900160004:1:50,-0.7,2026-10-02T01:01:04.695736+02:00
307301948,de:11000:900171002:1:50,-0.2,2026-10-02T01:01:04.695736+02:00
307301948,de:11000:900171001:2:51,-0.3,2026-10-02T01:01:04.695736+02:00
307301948,de:11000:900175001:2:51,-0.5,2026-10-02T01:01:04.695736+02:00
307301948,de:11000:900175002:1:51,0.0,2026-10-02T01:01:04.695736+02:00
307301948,de:11000:900176001:2:52,-0.3,2026-10-02T01:01:04.695736+02:00
307301948,de:12064:900320026:1:51,-0.1,2026-10-02T01:01:04.695736+02:00
307301948,de:12064:900320008:1:50,-0.7,2026-10-02T01:01:04.695736+02:00
307301948,de:12064:900320007:1:50,-0.4,2026-10-02T01:01:04.695736+02:00
307301948,de:12064:900320006:1:50,-0.8,2026-10-02T01:01:04.695736+02:00
307301948,de:12064:900320005:1:50,-0.2,2026-10-02T01:01:04.695736+02:00
307301948,de:12064:900320004:2:51,-0.9,2026-10-02T01:01:04.695736+02:00
307301948,de:12064:900320003:1:50,-0.8,2026-10-02T01:01:04.695736+02:00
307301948,de:12064:900320002:1:50,-0.5,2026-10-02T01:01:04.695736+02:00
307301948,de:12064:900320001:1:50,-0.2,2026-10-02T01:01:04.695736+02:00
307301975,de:11000:900024102:2:52,0.0,2026-10-02T01:01:04.695736+02:00
307301975,de:11000:900024101:3:55,-0.8,2026-10-02T01:01:04.695736+02:00
307301975,de:11000:900024203:1:51,-0.8,2026-10-02T01:01:04.695736+02:00
307301975,de:11000:900023201:3:54,-0.7,2026-10-02T01:01:04.695736+02:00
307301975,de:11000:900003103:1:50,-0.8,2026-10-02T01:01:04.695736+02:00
307301975,de:11000:900003102:1:50,-0.9,2026-10-02T01:01:04.695736+02:00
307301975,de:11000:900003201:3:54,-0.5,2026-10-02T01:01:04.695736+02:00
307301975,de:11000:900100001:3:54,-0.1,2026-10-02T01:01:04.695736+02:00
307301975,de:11000:900100002:1:50,-0.4,2026-10-02T01:01:04.695736+02:00
307301975,de:11000:900100003:2:52,-0.1,2026-10-02T01:01:04.695736+02:00
307301975,de:11000:900100004:1:50,-0.4,2026-10-02T01:01:04.695736+02:00
307301975,de:11000:900120005:4:55,-0.6,2026-10-02T01:01:04.695736+02:00
307301975,de:11000:900120004:1:50,-0.1,2026-10-02T01:01:04.695736+02:00
307301975,de:11000:900120003:2:53,-0.4,2026-10-02T01:01:04.695736+02:00
307301975,de:11000:900160003:1:50,-0.7,2026-10-02T01:01:04.695736+02:00
307301975,de:11000:900160004:1:50,-0.7,2026-10-02T01:01:04.695736+02:00
307301975,de:11000:900171002:1:50,-0.2,2026-10-02T01:01:04.695736+02:00
307301975,de:11000:900171001:2:51,-0.3,2026-10-02T01:01:04.695736+02:00
307301975,de:11000:900175001:2:51,-0.5,2026-10-02T01:01:04.695736+02:00
307301975,de:11000:900175002:1:51,0.0,2026-10-02T01:01:04.695736+02:00
307301975,de:11000:900176001:2:53,-0.3,2026-10-02T01:01:04.695736+02:00
307301975,de:12064:900320026:1:51,-0.1,2026-10-02T01:01:04.695736+02:00
307301975,de:12064:900320008:1:50,-0.7,2026-10-02T01:01:04.695736+02:00
307301975,de:12064:900320007:1:50,-0.4,2026-10-02T01:01:04.695736+02:00
307301975,de:12064:900320006:1:50,-0.8,2026-10-02T01:01:04.695736+02:00
307301975,de:12064:900320005:1:50,-0.2,2026-10-02T01:01:04.695736+02:00
307301975,de:12064:900320004:2:51,-0.9,2026-10-02T01:01:04.695736+02:00
307301975,de:12064:900320003:1:50,-0.8,2026-10-02T01:01:04.695736+02:00
307301975,de:12064:900320002:1:50,-0.5,2026-10-02T01:01:04.695736+02:00
307301975,de:12064:900320001:1:50,-0.2,2026-10-02T01:01:04.695736+02:00
307301999,de:11000:900024102:2:52,0.0,2026-10-02T01:01:04.695736+02:00
307301999,de:11000:900024101:3:55,-0.8,2026-10-02T01:01:04.695736+02:00
307301999,de:11000:900024203:1:51,-0.8,2026-10-02T01:01:04.695736+02:00
307301999,de:11000:900023201:3:54,-0.7,2026-10-02T01:01:04.695736+02:00
307301999,de:11000:900003103:1:50,-0.8,2026-10-02T01:01:04.695736+02:00
307301999,de:11000:900003102:1:50,-0.9,2026-10-02T01:01:04.695736+02:00
307301999,de:11000:900003201:3:54,-0.5,2026-10-02T01:01:04.695736+02:00
307301999,de:11000:900100001:3:54,-0.1,2026-10-02T01:01:04.695736+02:00
307301999,de:11000:900100002:1:50,-0.4,2026-10-02T01:01:04.695736+02:00
307301999,de:11000:900100003:2:52,-0.1,2026-10-02T01:01:04.695736+02:00
307301999,de:11000:900100004:1:50,-0.4,2026-10-02T01:01:04.695736+02:00
307301999,de:11000:900120005:4:55,-0.6,2026-10-02T01:01:04.695736+02:00
307301999,de:11000:900120004:1:50,-0.1,2026-10-02T01:01:04.695736+02:00
307301999,de:11000:900120003:2:53,-0.4,2026-10-02T01:01:04.695736+02:00
307301999,de:11000:900160003:1:50,-0.7,2026-10-02T01:01:04.695736+02:00
307301999,de:11000:900160004:1:50,-0.7,2026-10-02T01:01:04.695736+02:00
307301999,de:11000:900171002:1:50,-0.2,2026-10-02T01:01:04.695736+02:00
307301999,de:11000:900171001:2:51,-0.3,2026-10-02T01:01:04.695736+02:00
307301999,de:11000:900175001:2:51,-0.5,2026-10-02T01:01:04.695736+02:00
307301999,de:11000:900175002:1:51,0.0,2026-10-02T01:01:04.695736+02:00
307301999,de:11000:900176001:2:52,-0.3,2026-10-02T01:01:04.695736+02:00
307301999,de:12064:900320026:1:51,-0.1,2026-10-02T01:01:04.695736+02:00
307301999,de:12064:900320008:1:50,-0.7,2026-10-02T01:01:04.695736+02:00
307301999,de:12064:900320007:1:50,-0.4,2026-10-02T01:01:04.695736+02:00
307301999,de:12064:900320006:1:50,-0.8,2026-10-02T01:01:04.695736+02:00
307301999,de:12064:900320005:1:50,-0.2,2026-10-02T01:01:04.695736+02:00
307301999,de:12064:900320004:2:51,-0.9,2026-10-02T01:01:04.695736+02:00
307301999,de:12064:900320003:1:50,-0.8,2026-10-02T01:01:04.695736+02:00
307301999,de:12064:900320002:1:50,-0.5,2026-10-02T01:01:04.695736+02:00
307301999,de:12064:900320001:1:50,-0.2,2026-10-02T01:01:04.695736+02:00
295940770,de:11000:900120005:4:56,0.0,2026-10-02T01:01:04.695736+02:00
295940770,de:11000:900120004:1:51,-0.1,2026-10-02T01:01:04.695736+02:00
295940770,de:11000:900120003:2:52,-0.4,2026-10-02T01:01:04.695736+02:00
295940770,de:11000:900160003:1:50,-0.7,2026-10-02T01:01:04.695736+02:00
295940770,de:11000:900160004:1:50,-0.7,2026-10-02T01:01:04.695736+02:00
295940770,de:11000:900171002:1:50,-0.2,2026-10-02T01:01:04.695736+02:00
295940770,de:11000:900171001:2:51,-0.3,2026-10-02T01:01:04.695736+02:00
295940770,de:11000:900175001:2:51,-0.5,2026-10-02T01:01:04.695736+02:00
295940770,de:11000:900175002:1:51,0.0,2026-10-02T01:01:04.695736+02:00
295940770,de:11000:900176001:1:50,-0.7,2026-10-02T01:01:04.695736+02:00
295940181,de:11000:900024102:2:52,0.0,2026-10-02T01:01:04.695736+02:00
295940181,de:11000:900024101:3:54,-0.8,2026-10-02T01:01:04.695736+02:00
295940181,de:11000:900024203:1:51,-0.8,2026-10-02T01:01:04.695736+02:00
295940181,de:11000:900023201:3:54,-0.7,2026-10-02T01:01:04.695736+02:00
295940181,de:11000:900003103:1:50,-0.8,2026-10-02T01:01:04.695736+02:00
295940181,de:11000:900003102:1:50,-0.9,2026-10-02T01:01:04.695736+02:00
295940181,de:11000:900003201:3:54,-0.5,2026-10-02T01:01:04.695736+02:00
295940181,de:11000:900100001:3:54,-0.1,2026-10-02T01:01:04.695736+02:00
295940181,de:11000:900100002:1:50,-0.4,2026-10-02T01:01:04.695736+02:00
295940181,de:11000:900100003:2:52,-0.1,2026-10-02T01:01:04.695736+02:00
295940181,de:11000:900100004:1:50,-0.4,2026-10-02T01:01:04.695736+02:00
295940181,de:11000:900120005:4:55,-0.6,2026-10-02T01:01:04.695736+02:00
295940181,de:11000:900120004:1:50,-0.1,2026-10-02T01:01:04.695736+02:00
295940181,de:11000:900120003:2:53,-0.4,2026-10-02T01:01:04.695736+02:00
295940181,de:11000:900160003:1:50,-0.7,2026-10-02T01:01:04.695736+02:00
295940181,de:11000:900160004:1:50,-0.7,2026-10-02T01:01:04.695736+02:00
295940181,de:11000:900171002:1:50,-0.2,2026-10-02T01:01:04.695736+02:00
295940181,de:11000:900171001:2:51,-0.3,2026-10-02T01:01:04.695736+02:00
295940181,de:11000:900175001:2:51,-0.5,2026-10-02T01:01:04.695736+02:00
295940181,de:11000:900175002:1:51,0.0,2026-10-02T01:01:04.695736+02:00
295940181,de:11000:900176001:2:52,-0.3,2026-10-02T01:01:04.695736+02:00
295940181,de:12064:900320026:1:51,-0.1,2026-10-02T01:01:04.695736+02:00
295940181,de:12064:900320008:1:50,-0.7,2026-10-02T01:01:04.695736+02:00
306895378,de:12067:900310611::1,0.0,2026-10-02T01:01:04.695736+02:00
306895378,de:12067:900310842::1,0.0,2026-10-02T01:01:04.695736+02:00
306895378,de:12067:900310843::1,0.0,2026-10-02T01:01:04.695736+02:00
306895378,de:12067:900311018::1,0.0,2026-10-02T01:01:04.695736+02:00
306895378,de:12067:900311017::1,0.0,2026-10-02T01:01:04.695736+02:00
295942212,de:11000:900120004:1:51,0.0,2026-10-02T01:01:04.695736+02:00
295942212,de:11000:900120003:2:52,-0.9,2026-10-02T01:01:04.695736+02:00
295942212,de:11000:900160003:1:50,-0.7,2026-10-02T01:01:04.695736+02:00
295942212,de:11000:900160004:1:50,-0.7,2026-10-02T01:01:04.695736+02:00
295942212,de:11000:900171002:1:50,-0.2,2026-10-02T01:01:04.695736+02:00
295942212,de:11000:900171001:2:51,-0.3,2026-10-02T01:01:04.695736+02:00
295942212,de:11000:900175001:2:51,-0.5,2026-10-02T01:01:04.695736+02:00
295942212,de:11000:900175002:1:51,0.0,2026-10-02T01:01:04.695736+02:00
295942212,de:11000:900176001:1:50,-0.7,2026-10-02T01:01:04.695736+02:00
306895385,de:12067:900310611::1,0.0,2026-10-02T01:01:04.695736+02:00
306895385,de:12067:900311049::1,0.0,2026-10-02T01:01:04.695736+02:00
306895385,de:12067:900310977::1,0.0,2026-10-02T01:01:04.695736+02:00
306895385,de:12067:900310976::1,0.0,2026-10-02T01:01:04.695736+02:00
306895385,de:12067:900310024::1,0.0,2026-10-02T01:01:04.695736+02:00
306895385,de:12067:900310833::1,0.0,2026-10-02T01:01:04.695736+02:00
306895385,de:12061:900260500::1,0.0,2026-10-02T01:01:04.695736+02:00
306895385,de:12061:900260800::1,0.0,2026-10-02T01:01:04.695736+02:00
306895385,de:12061:900260903::1,0.0,2026-10-02T01:01:04.695736+02:00
306895385,de:12061:900260901::2,0.0,2026-10-02T01:01:04.695736+02:00
306895385,de:12061:900260915::1,0.0,2026-10-02T01:01:04.695736+02:00
306895385,de:12061:900260904::3,0.0,2026-10-02T01:01:04.695736+02:00
306895385,de:12061:900261095::2,0.0,2026-10-02T01:01:04.695736+02:00
306895385,de:12061:900260758::2,0.0,2026-10-02T01:01:04.695736+02:00
306895385,de:12061:900260584::2,0.0,2026-10-02T01:01:04.695736+02:00
306895385,de:12061:900260968::1,0.0,2026-10-02T01:01:04.695736+02:00
295940165,de:11000:900024102:2:52,0.0,2026-10-02T01:01:04.695736+02:00
295940165,de:11000:900024101:3:54,-0.8,2026-10-02T01:01:04.695736+02:00
295940165,de:11000:900024203:1:51,-0.8,2026-10-02T01:01:04.695736+02:00
295940165,de:11000:900023201:3:54,-0.7,2026-10-02T01:01:04.695736+02:00
295940165,de:11000:900003103:1:50,-0.8,2026-10-02T01:01:04.695736+02:00
295940165,de:11000:900003102:1:50,-0.9,2026-10-02T01:01:04.695736+02:00
295940165,de:11000:900003201:3:54,-0.5,2026-10-02T01:01:04.695736+02:00
295940165,de:11000:900100001:3:54,-0.1,2026-10-02T01:01:04.695736+02:00
295940165,de:11000:900100002:1:50,-0.4,2026-10-02T01:01:04.695736+02:00
295940165,de:11000:900100003:2:52,-0.1,2026-10-02T01:01:04.695736+02:00
295940165,de:11000:900100004:1:50,-0.4,2026-10-02T01:01:04.695736+02:00
295940165,de:11000:900120005:4:55,-0.6,2026-10-02T01:01:04.695736+02:00
295940165,de:11000:900120004:1:50,-0.1,2026-10-02T01:01:04.695736+02:00
295940165,de:11000:900120003:2:53,-0.4,2026-10-02T01:01:04.695736+02:00
295940165,de:11000:900160003:1:50,-0.7,2026-10-02T01:01:04.695736+02:00
295940165,de:11000:900160004:1:50,-0.7,2026-10-02T01:01:04.695736+02:00
295940165,de:11000:900171002:1:50,-0.2,2026-10-02T01:01:04.695736+02:00
295940165,de:11000:900171001:2:51,-0.3,2026-10-02T01:01:04.695736+02:00
295940165,de:11000:900175001:2:51,-0.5,2026-10-02T01:01:04.695736+02:00
295940165,de:11000:900175002:1:51,0.0,2026-10-02T01:01:04.695736+02:00
295940165,de:11000:900176001:2:52,-0.3,2026-10-02T01:01:04.695736+02:00
295940165,de:12064:900320026:1:51,-0.1,2026-10-02T01:01:04.695736+02:00
295940165,de:12064:900320008:1:50,-0.7,2026-10-02T01:01:04.695736+02:00
306897027,de:12067:900311330::2,0.0,2026-10-02T01:01:04.695736+02:00
306897027,de:12067:900311328::1,0.0,2026-10-02T01:01:04.695736+02:00
306897027,de:12067:900311300::2,0.0,2026-10-02T01:01:04.695736+02:00
306897027,de:12067:900311356::2,0.0,2026-10-02T01:01:04.695736+02:00
306897027,de:12067:900311311::2,0.0,2026-10-02T01:01:04.695736+02:00
306897027,de:12067:900311312::2,0.0,2026-10-02T01:01:04.695736+02:00
306897027,de:12067:900311383::6,0.0,2026-10-02T01:01:04.695736+02:00
306896783,de:12067:900310611::1,0.0,2026-10-02T01:01:04.695736+02:00
306896783,de:12067:900311058::2,0.0,2026-10-02T01:01:04.695736+02:00
306896783,de:12067:900311110::4,0.0,2026-10-02T01:01:04.695736+02:00
306896783,de:12067:900311059::2,0.0,2026-10-02T01:01:04.695736+02:00
306896783,de:12067:900311069::1,0.0,2026-10-02T01:01:04.695736+02:00
306896783,de:12067:900311118::2,0.0,2026-10-02T01:01:04.695736+02:00
306896783,de:12067:900310904::2,0.0,2026-10-02T01:01:04.695736+02:00
306896783,de:12067:900310991::2,0.0,2026-10-02T01:01:04.695736+02:00
306896783,de:12067:900310990::1,0.0,2026-10-02T01:01:04.695736+02:00
306896783,de:12067:900310989::2,0.0,2026-10-02T01:01:04.695736+02:00
306896783,de:12067:900310992::2,-0.5,2026-10-02T01:01:04.695736+02:00
306896783,de:12067:900310995::1,0.0,2026-10-02T01:01:04.695736+02:00
306896783,de:12067:900310779::2,0.0,2026-10-02T01:01:04.695736+02:00
306896783,de:12067:900310808::2,0.0,2026-10-02T01:01:04.695736+02:00
306896783,de:12067:900310822::2,0.0,2026-10-02T01:01:04.695736+02:00
306896783,de:12067:900310781::2,0.0,2026-10-02T01:01:04.695736+02:00
306896783,de:12067:900310627::2,0.0,2026-10-02T01:01:04.695736+02:00
306896783,de:12067:900310816::2,-0.5,2026-10-02T01:01:04.695736+02:00
306896783,de:12067:900310022::1,-0.5,2026-10-02T01:01:04.695736+02:00
306896783,de:12067:900310001::11,-0.5,2026-10-02T01:01:04.695736+02:00
306895194,de:12067:900311129::1,0.0,2026-10-02T01:01:04.695736+02:00
306895194,de:12067:900310755::1,0.0,2026-10-02T01:01:04.695736+02:00
306895194,de:12067:900310738::1,0.0,2026-10-02T01:01:04.695736+02:00
306895194,de:12067:900310725::1,0.0,2026-10-02T01:01:04.695736+02:00
306895194,de:12067:900310909::1,0.0,2026-10-02T01:01:04.695736+02:00
306895194,de:12067:900310609::1,0.0,2026-10-02T01:01:04.695736+02:00
306895194,de:12067:900310060::2,0.0,2026-10-02T01:01:04.695736+02:00
306895194,de:12067:900310858::3,0.0,2026-10-02T01:01:04.695736+02:00
306895194,de:12067:900311269::2,0.0,2026-10-02T01:01:04.695736+02:00
306895194,de:12067:900311228::2,0.0,2026-10-02T01:01:04.695736+02:00
306895194,de:12067:900311239::2,0.0,2026-10-02T01:01:04.695736+02:00
306895194,de:12067:900311227::1,0.0,2026-10-02T01:01:04.695736+02:00
306895194,de:12067:900311402::1,0.0,2026-10-02T01:01:04.695736+02:00
306895194,de:12067:900311311::2,0.0,2026-10-02T01:01:04.695736+02:00
306895194,de:12067:900311312::2,0.0,2026-10-02T01:01:04.695736+02:00
306895194,de:12067:900311383::3,0.0,2026-10-02T01:01:04.695736+02:00
306895194,de:12067:900311315::2,0.0,2026-10-02T01:01:04.695736+02:00
306895194,de:12067:900311348::2,0.0,2026-10-02T01:01:04.695736+02:00
306895194,de:12067:900311308::4,0.0,2026-10-02T01:01:04.695736+02:00
295946200,de:12054:900230999:3:54,0.0,2026-10-02T01:01:04.695736+02:00
295946200,de:12054:900230000:1:50,-0.3,2026-10-02T01:01:04.695736+02:00
295946200,de:12054:900230003:1:54,-0.3,2026-10-02T01:01:04.695736+02:00
295946200,de:11000:900053301:2:53,-0.4,2026-10-02T01:01:04.695736+02:00
295946200,de:11000:900052201:2:53,-0.7,2026-10-02T01:01:04.695736+02:00
295946200,de:11000:900048101:2:53,-0.9,2026-10-02T01:01:04.695736+02:00
295946200,de:11000:900024102:2:53,-0.9,2026-10-02T01:01:04.695736+02:00
295946200,de:11000:900024101:3:55,-0.3,2026-10-02T01:01:04.695736+02:00
295946200,de:11000:900024203:1:51,-0.3,2026-10-02T01:01:04.695736+02:00
295946200,de:11000:900023201:3:54,-0.2,2026-10-02T01:01:04.695736+02:00
295946200,de:11000:900003103:1:50,-0.3,2026-10-02T01:01:04.695736+02:00
295946200,de:11000:900003102:1:50,-0.4,2026-10-02T01:01:04.695736+02:00
295946200,de:11000:900003201:3:54,0.0,2026-10-02T01:01:04.695736+02:00
295946200,de:11000:900100001:3:54,-0.6,2026-10-02T01:01:04.695736+02:00
295946200,de:11000:900100002:1:50,-0.9,2026-10-02T01:01:04.695736+02:00
295946200,de:11000:900100003:2:52,-0.6,2026-10-02T01:01:04.695736+02:00
295946200,de:11000:900100004:1:50,-0.9,2026-10-02T01:01:04.695736+02:00
295946200,de:11000:900120005:4:55,-0.1,2026-10-02T01:01:04.695736+02:00
295946200,de:11000:900120004:1:50,-0.6,2026-10-02T01:01:04.695736+02:00
295946200,de:11000:900120003:2:53,-0.9,2026-10-02T01:01:04.695736+02:00
295946200,de:11000:900160003:1:50,-0.2,2026-10-02T01:01:04.695736+02:00
295946200,de:11000:900160004:1:50,-0.2,2026-10-02T01:01:04.695736+02:00
295946200,de:11000:900171002:1:50,-0.7,2026-10-02T01:01:04.695736+02:00
295946200,de:11000:900171003:1:50,-0.8,2026-10-02T01:01:04.695736+02:00
295946200,de:11000:900170005:1:50,-0.3,2026-10-02T01:01:04.695736+02:00
295946200,de:11000:900170001:1:50,-0.1,2026-10-02T01:01:04.695736+02:00
295946200,de:11000:900170002:1:50,-0.9,2026-10-02T01:01:04.695736+02:00
295946200,de:11000:900170003:1:50,-0.7,2026-10-02T01:01:04.695736+02:00
295946200,de:11000:900170004:1:50,-0.9,2026-10-02T01:01:04.695736+02:00
295946296,de:11000:900170004:1:50,0.0,2026-10-02T01:01:04.695736+02:00
295946296,de:11000:900170003:1:51,-0.3,2026-10-02T01:01:04.695736+02:00
295946296,de:11000:900170002:1:51,-0.1,2026-10-02T01:01:04.695736+02:00
295946296,de:11000:900170001:1:51,-0.9,2026-10-02T01:01:04.695736+02:00
295946296,de:11000:900170005:1:51,-0.7,2026-10-02T01:01:04.695736+02:00
295946296,de:11000:900171003:1:51,-0.6,2026-10-02T01:01:04.695736+02:00
295946296,de:11000:900171002:1:51,-0.9,2026-10-02T01:01:04.695736+02:00
295946296,de:11000:900160004:1:51,-0.3,2026-10-02T01:01:04.695736+02:00
295946296,de:11000:900160003:1:51,-0.4,2026-10-02T01:01:04.695736+02:00
295946296,de:11000:900120003:3:55,-0.6,2026-10-02T01:01:04.695736+02:00
295946296,de:11000:900120004:2:53,-0.1,2026-10-02T01:01:04.695736+02:00
295946296,de:11000:900120005:5:58,-0.4,2026-10-02T01:01:04.695736+02:00
295946296,de:11000:900100004:1:51,-0.9,2026-10-02T01:01:04.695736+02:00
295946296,de:11000:900100003:2:53,-0.9,2026-10-02T01:01:04.695736+02:00
295946296,de:11000:900100002:1:51,-0.9,2026-10-02T01:01:04.695736+02:00
295946296,de:11000:900100001:3:55,-0.9,2026-10-02T01:01:04.695736+02:00
295946296,de:11000:900003201:3:55,-0.6,2026-10-02T01:01:04.695736+02:00
295946296,de:11000:900003102:1:51,-0.3,2026-10-02T01:01:04.695736+02:00
295946296,de:11000:900003103:1:51,-0.4,2026-10-02T01:01:04.695736+02:00
295946296,de:11000:900023201:3:55,-0.3,2026-10-02T01:01:04.695736+02:00
295946296,de:11000:900024203:1:51,-0.3,2026-10-02T01:01:04.695736+02:00
295946296,de:11000:900024101:4:57,-0.3,2026-10-02T01:01:04.695736+02:00
295946296,de:11000:900024102:1:50,-0.6,2026-10-02T01:01:04.695736+02:00
295946296,de:11000:900048101:1:50,-0.8,2026-10-02T01:01:04.695736+02:00
295946296,de:11000:900052201:2:52,0.0,2026-10-02T01:01:04.695736+02:00
295946296,de:11000:900053301:1:50,-0.4,2026-10-02T01:01:04.695736+02:00
295946296,de:12054:900230003:1:50,-0.4,2026-10-02T01:01:04.695736+02:00
295946296,de:12054:900230000:1:51,-0.4,2026-10-02T01:01:04.695736+02:00
295946296,de:12054:900230999:3:55,-0.9,2026-10-02T01:01:04.695736+02:00
295953491,de:11000:900120004:1:51,0.0,2026-10-02T01:01:04.695736+02:00
295953491,de:11000:900120003:2:52,-0.9,2026-10-02T01:01:04.695736+02:00
295953491,de:11000:900160003:1:50,-0.2,2026-10-02T01:01:04.695736+02:00
295953491,de:11000:900160004:1:50,-0.2,2026-10-02T01:01:04.695736+02:00
295953491,de:11000:900171002:1:50,-0.7,2026-10-02T01:01:04.695736+02:00
295953491,de:11000:900171003:1:50,-0.8,2026-10-02T01:01:04.695736+02:00
295953491,de:11000:900152002:1:50,-0.4,2026-10-02T01:01:04.695736+02:00
295953491,de:11000:900152001:1:50,-0.6,2026-10-02T01:01:04.695736+02:00
295953491,de:11000:900151001:1:51,-0.9,2026-10-02T01:01:04.695736+02:00
295956078,de:11000:900151001:1:50,0.0,2026-10-02T01:01:04.695736+02:00
295956078,de:11000:900152001:1:51,-0.6,2026-10-02T01:01:04.695736+02:00
295956078,de:11000:900152002:1:51,-0.2,2026-10-02T01:01:04.695736+02:00
295956078,de:11000:900171003:1:51,-0.9,2026-10-02T01:01:04.695736+02:00
295956078,de:11000:900171002:1:51,-0.9,2026-10-02T01:01:04.695736+02:00
295956078,de:11000:900160004:1:51,-0.3,2026-10-02T01:01:04.695736+02:00
295956078,de:11000:900160003:1:51,-0.4,2026-10-02T01:01:04.695736+02:00
295956078,de:11000:900120003:3:54,-0.6,2026-10-02T01:01:04.695736+02:00
295956078,de:11000:900120004:2:52,-0.1,2026-10-02T01:01:04.695736+02:00
295949525,de:11000:900170004:2:52,0.0,2026-10-02T01:01:04.695736+02:00
295949525,de:11000:900170003:1:51,-0.3,2026-10-02T01:01:04.695736+02:00
295949525,de:11000:900170002:1:51,-0.1,2026-10-02T01:01:04.695736+02:00
295949525,de:11000:900170001:1:51,-0.9,2026-10-02T01:01:04.695736+02:00
295949525,de:11000:900170005:1:51,-0.7,2026-10-02T01:01:04.695736+02:00
295949525,de:11000:900171003:1:51,-0.6,2026-10-02T01:01:04.695736+02:00
295949525,de:11000:900171002:1:51,-0.9,2026-10-02T01:01:04.695736+02:00
295949525,de:11000:900160004:1:51,-0.3,2026-10-02T01:01:04.695736+02:00
295949525,de:11000:900160003:1:51,-0.4,2026-10-02T01:01:04.695736+02:00
295949525,de:11000:900120003:3:55,-0.6,2026-10-02T01:01:04.695736+02:00
295949525,de:11000:900120004:2:53,-0.1,2026-10-02T01:01:04.695736+02:00
295949525,de:11000:900120005:5:58,-0.4,2026-10-02T01:01:04.695736+02:00
295949525,de:11000:900100004:1:51,-0.9,2026-10-02T01:01:04.695736+02:00
295949525,de:11000:900100003:2:53,-0.9,2026-10-02T01:01:04.695736+02:00
295949525,de:11000:900100002:1:51,-0.9,2026-10-02T01:01:04.695736+02:00
295949525,de:11000:900100001:3:55,-0.9,2026-10-02T01:01:04.695736+02:00
295949525,de:11000:900003201:3:55,-0.6,2026-10-02T01:01:04.695736+02:00
295949525,de:11000:900003102:1:51,-0.3,2026-10-02T01:01:04.695736+02:00
295949525,de:11000:900003103:1:51,-0.4,2026-10-02T01:01:04.695736+02:00
295949525,de:11000:900023201:3:55,-0.3,2026-10-02T01:01:04.695736+02:00
295949525,de:11000:900024203:1:51,-0.3,2026-10-02T01:01:04.695736+02:00
295949525,de:11000:900024101:4:57,-0.3,2026-10-02T01:01:04.695736+02:00
295949525,de:11000:900024102:1:50,-0.6,2026-10-02T01:01:04.695736+02:00
295949525,de:11000:900048101:1:50,-0.8,2026-10-02T01:01:04.695736+02:00
295949525,de:11000:900052201:2:52,0.0,2026-10-02T01:01:04.695736+02:00
295949525,de:11000:900053301:1:50,-0.4,2026-10-02T01:01:04.695736+02:00
295949525,de:12054:900230003:1:50,-0.4,2026-10-02T01:01:04.695736+02:00
295949525,de:12054:900230000:1:51,-0.4,2026-10-02T01:01:04.695736+02:00
295949525,de:12054:900230999:3:54,-0.9,2026-10-02T01:01:04.695736+02:00
307436884,de:12061:900261512:2:52,0.0,2026-10-02T01:01:04.695736+02:00
307436884,de:12066:900435602:2:51,0.0,2026-10-02T01:01:04.695736+02:00
307436884,de:12066:900435459:2:52,0.0,2026-10-02T01:01:04.695736+02:00
307436884,de:12066:900435818:1:50,0.0,2026-10-02T01:01:04.695736+02:00
307436884,de:12066:900435209:1:50,0.0,2026-10-02T01:01:04.695736+02:00
307436884,de:12066:900435339:1:50,0.0,2026-10-02T01:01:04.695736+02:00
307436884,de:12066:900435001:3:53,0.0,2026-10-02T01:01:04.695736+02:00
307436884,de:12066:900435000:2:53,0.0,2026-10-02T01:01:04.695736+02:00
295949442,de:12054:900230999:3:55,0.0,2026-10-02T01:01:04.695736+02:00
295949442,de:12054:900230000:1:50,-0.3,2026-10-02T01:01:04.695736+02:00
295949442,de:12054:900230003:1:54,-0.3,2026-10-02T01:01:04.695736+02:00
295949442,de:11000:900053301:2:53,-0.4,2026-10-02T01:01:04.695736+02:00
295949442,de:11000:900052201:2:53,-0.7,2026-10-02T01:01:04.695736+02:00
295949442,de:11000:900048101:2:53,-0.9,2026-10-02T01:01:04.695736+02:00
295949442,de:11000:900024102:2:53,-0.9,2026-10-02T01:01:04.695736+02:00
295949442,de:11000:900024101:3:55,-0.3,2026-10-02T01:01:04.695736+02:00
295949442,de:11000:900024203:1:51,-0.3,2026-10-02T01:01:04.695736+02:00
295949442,de:11000:900023201:3:54,-0.2,2026-10-02T01:01:04.695736+02:00
295949442,de:11000:900003103:1:50,-0.3,2026-10-02T01:01:04.695736+02:00
295949442,de:11000:900003102:1:50,-0.4,2026-10-02T01:01:04.695736+02:00
295949442,de:11000:900003201:3:54,0.0,2026-10-02T01:01:04.695736+02:00
295949442,de:11000:900100001:3:54,-0.6,2026-10-02T01:01:04.695736+02:00
295949442,de:11000:900100002:1:50,-0.9,2026-10-02T01:01:04.695736+02:00
295949442,de:11000:900100003:2:52,-0.6,2026-10-02T01:01:04.695736+02:00
295949442,de:11000:900100004:1:50,-0.9,2026-10-02T01:01:04.695736+02:00
295949442,de:11000:900120005:4:55,-0.1,2026-10-02T01:01:04.695736+02:00
295949442,de:11000:900120004:1:50,-0.6,2026-10-02T01:01:04.695736+02:00
295949442,de:11000:900120003:2:53,-0.9,2026-10-02T01:01:04.695736+02:00
295949442,de:11000:900160003:1:50,-0.2,2026-10-02T01:01:04.695736+02:00
295949442,de:11000:900160004:1:50,-0.2,2026-10-02T01:01:04.695736+02:00
295949442,de:11000:900171002:1:50,-0.7,2026-10-02T01:01:04.695736+02:00
295949442,de:11000:900171003:1:50,-0.8,2026-10-02T01:01:04.695736+02:00
295949442,de:11000:900170005:1:50,-0.3,2026-10-02T01:01:04.695736+02:00
295949442,de:11000:900170001:1:50,-0.1,2026-10-02T01:01:04.695736+02:00
295949442,de:11000:900170002:1:50,-0.9,2026-10-02T01:01:04.695736+02:00
295949442,de:11000:900170003:1:50,-0.7,2026-10-02T01:01:04.695736+02:00
295949442,de:11000:900170004:2:52,-0.9,2026-10-02T01:01:04.695736+02:00
306895485,de:12067:900310807::1,0.0,2026-10-02T01:01:04.695736+02:00
306895485,de:12067:900310815::2,0.0,2026-10-02T01:01:04.695736+02:00
306895485,de:12067:900310880::2,0.0,2026-10-02T01:01:04.695736+02:00
306895485,de:12067:900310010::2,0.0,2026-10-02T01:01:04.695736+02:00
306895485,de:12067:900310770::2,0.0,2026-10-02T01:01:04.695736+02:00
306895485,de:12067:900310812::2,0.0,2026-10-02T01:01:04.695736+02:00
306895485,de:12067:900310806::2,0.0,2026-10-02T01:01:04.695736+02:00
306895485,de:12067:900310821::2,0.0,2026-10-02T01:01:04.695736+02:00
306895485,de:12067:900310794::2,0.0,2026-10-02T01:01:04.695736+02:00
306895485,de:12067:900310808::2,0.0,2026-10-02T01:01:04.695736+02:00
306895485,de:12067:900310822::2,0.0,2026-10-02T01:01:04.695736+02:00
306895485,de:12067:900310781::2,0.0,2026-10-02T01:01:04.695736+02:00
306895485,de:12067:900310627::2,0.0,2026-10-02T01:01:04.695736+02:00
306895485,de:12067:900310816::2,0.0,2026-10-02T01:01:04.695736+02:00
306895485,de:12067:900310022::1,0.0,2026-10-02T01:01:04.695736+02:00
306895485,de:12067:900310001::11,0.0,2026-10-02T01:01:04.695736+02:00
306895485,de:12067:900310001::1,0.0,2026-10-02T01:01:04.695736+02:00
306895485,de:12067:900310696::1,0.0,2026-10-02T01:01:04.695736+02:00
306895485,de:12067:900310788::1,0.0,2026-10-02T01:01:04.695736+02:00
306895485,de:12067:900310790::1,0.0,2026-10-02T01:01:04.695736+02:00
306895485,de:12067:900310787::1,0.0,2026-10-02T01:01:04.695736+02:00
306895485,de:12067:900310809::1,0.0,2026-10-02T01:01:04.695736+02:00
306895485,de:12067:900310825::1,0.0,2026-10-02T01:01:04.695736+02:00
306895485,de:12067:900310792::2,0.0,2026-10-02T01:01:04.695736+02:00
306895485,de:12067:900310774::2,0.0,2026-10-02T01:01:04.695736+02:00
306895485,de:12067:900310793::1,0.0,2026-10-02T01:01:04.695736+02:00
306895485,de:12067:900310628::1,0.0,2026-10-02T01:01:04.695736+02:00
306895485,de:12067:900310814::1,0.0,2026-10-02T01:01:04.695736+02:00
306895485,de:12067:900311083::3,0.0,2026-10-02T01:01:04.695736+02:00
306895491,de:12067:900310807::1,0.0,2026-10-02T01:01:04.695736+02:00
306895491,de:12067:900310815::2,0.0,2026-10-02T01:01:04.695736+02:00
306895491,de:12067:900310880::2,0.0,2026-10-02T01:01:04.695736+02:00
306895491,de:12067:900310010::2,0.0,2026-10-02T01:01:04.695736+02:00
306895491,de:12067:900310770::2,0.0,2026-10-02T01:01:04.695736+02:00
306895491,de:12067:900310812::2,0.0,2026-10-02T01:01:04.695736+02:00
306895491,de:12067:900310806::2,0.0,2026-10-02T01:01:04.695736+02:00
306895491,de:12067:900310778::2,0.0,2026-10-02T01:01:04.695736+02:00
306895491,de:12067:900310768::2,0.0,2026-10-02T01:01:04.695736+02:00
306895491,de:12067:900310786::2,0.0,2026-10-02T01:01:04.695736+02:00
306895491,de:12067:900310784::2,0.0,2026-10-02T01:01:04.695736+02:00
306895491,de:12067:900311104::2,0.0,2026-10-02T01:01:04.695736+02:00
306895491,de:12067:900310995::1,0.0,2026-10-02T01:01:04.695736+02:00
306895491,de:12067:900310779::2,0.0,2026-10-02T01:01:04.695736+02:00
306895491,de:12067:900310808::2,0.0,2026-10-02T01:01:04.695736+02:00
306895491,de:12067:900310822::2,0.0,2026-10-02T01:01:04.695736+02:00
306895491,de:12067:900310781::2,0.0,2026-10-02T01:01:04.695736+02:00
306895491,de:12067:900310627::2,0.0,2026-10-02T01:01:04.695736+02:00
306895491,de:12067:900310816::2,0.0,2026-10-02T01:01:04.695736+02:00
306895491,de:12067:900310022::1,0.0,2026-10-02T01:01:04.695736+02:00
306895491,de:12067:900310001::11,0.0,2026-10-02T01:01:04.695736+02:00
306895491,de:12067:900310001::1,0.0,2026-10-02T01:01:04.695736+02:00
306895491,de:12067:900310696::1,0.0,2026-10-02T01:01:04.695736+02:00
306895491,de:12067:900310788::1,0.0,2026-10-02T01:01:04.695736+02:00
306895491,de:12067:900310790::1,0.0,2026-10-02T01:01:04.695736+02:00
306895491,de:12067:900310787::1,0.0,2026-10-02T01:01:04.695736+02:00
306895491,de:12067:900310809::1,0.0,2026-10-02T01:01:04.695736+02:00
306895491,de:12067:900310825::1,0.0,2026-10-02T01:01:04.695736+02:00
306895491,de:12067:900310792::2,0.0,2026-10-02T01:01:04.695736+02:00
306895491,de:12067:900310774::2,0.0,2026-10-02T01:01:04.695736+02:00
306895491,de:12067:900310793::1,0.0,2026-10-02T01:01:04.695736+02:00
306895491,de:12067:900310628::1,0.0,2026-10-02T01:01:04.695736+02:00
306895491,de:12067:900310814::1,0.0,2026-10-02T01:01:04.695736+02:00
306895491,de:12067:900311083::3,0.0,2026-10-02T01:01:04.695736+02:00
295959961,de:12065:900200008:1:51,0.0,2026-10-02T01:01:04.695736+02:00
295959961,de:12065:900200009:1:51,-0.7,2026-10-02T01:01:04.695736+02:00
295959961,de:12065:900200011:1:51,-0.3,2026-10-02T01:01:04.695736+02:00
295959961,de:12065:900200012:1:51,-0.8,2026-10-02T01:01:04.695736+02:00
295959961,de:12065:900200013:1:50,-0.4,2026-10-02T01:01:04.695736+02:00
295959961,de:11000:900142001:1:51,-0.7,2026-10-02T01:01:04.695736+02:00
295959961,de:11000:900130001:1:51,-0.2,2026-10-02T01:01:04.695736+02:00
295959961,de:11000:900130002:1:51,-0.7,2026-10-02T01:01:04.695736+02:00
295959961,de:11000:900110011:1:51,-0.2,2026-10-02T01:01:04.695736+02:00
295959961,de:11000:900110001:1:50,-0.2,2026-10-02T01:01:04.695736+02:00
295959961,de:11000:900110002:1:50,-0.9,2026-10-02T01:01:04.695736+02:00
295959961,de:11000:900110003:1:50,-0.9,2026-10-02T01:01:04.695736+02:00
295959961,de:11000:900110004:1:50,-0.3,2026-10-02T01:01:04.695736+02:00
295959961,de:11000:900110012:1:50,-0.2,2026-10-02T01:01:04.695736+02:00
295959961,de:11000:900120001:1:50,-0.2,2026-10-02T01:01:04.695736+02:00
295959961,de:11000:900120003:5:58,-0.6,2026-10-02T01:01:04.695736+02:00
295959961,de:11000:900190001:1:50,-0.1,2026-10-02T01:01:04.695736+02:00
295959961,de:11000:900191002:1:50,0.0,2026-10-02T01:01:04.695736+02:00
295959961,de:11000:900191001:2:52,-0.4,2026-10-02T01:01:04.695736+02:00
295959961,de:11000:900192001:2:52,-0.2,2026-10-02T01:01:04.695736+02:00
295959961,de:11000:900193001:1:50,-0.7,2026-10-02T01:01:04.695736+02:00
295959961,de:11000:900193002:1:50,-0.3,2026-10-02T01:01:04.695736+02:00
295959961,de:11000:900186001:1:51,-0.3,2026-10-02T01:01:04.695736+02:00
306895539,de:12067:900311083::3,0.0,2026-10-02T01:01:04.695736+02:00
306895539,de:12067:900310775::1,0.0,2026-10-02T01:01:04.695736+02:00
306895539,de:12067:900311083::2,0.0,2026-10-02T01:01:04.695736+02:00
306895539,de:12067:900310814::2,0.0,2026-10-02T01:01:04.695736+02:00
306895539,de:12067:900310804::2,0.0,2026-10-02T01:01:04.695736+02:00
306895539,de:12067:900311150::2,0.0,2026-10-02T01:01:04.695736+02:00
306895539,de:12067:900311135::2,0.0,2026-10-02T01:01:04.695736+02:00
306895539,de:12067:900311149::2,0.0,2026-10-02T01:01:04.695736+02:00
306895539,de:12067:900310001::11,0.0,2026-10-02T01:01:04.695736+02:00
306895539,de:12067:900310001::2,0.0,2026-10-02T01:01:04.695736+02:00
306895539,de:12067:900310816::1,0.0,2026-10-02T01:01:04.695736+02:00
306895539,de:12067:900310627::1,0.0,2026-10-02T01:01:04.695736+02:00
306895539,de:12067:900311151::1,0.0,2026-10-02T01:01:04.695736+02:00
306895539,de:12067:900311152::1,0.0,2026-10-02T01:01:04.695736+02:00
306895539,de:12067:900310823::1,0.0,2026-10-02T01:01:04.695736+02:00
306895539,de:12067:900310773::1,0.0,2026-10-02T01:01:04.695736+02:00
306895539,de:12067:900311109::1,0.0,2026-10-02T01:01:04.695736+02:00
306895539,de:12067:900310782::1,0.0,2026-10-02T01:01:04.695736+02:00
306895539,de:12067:900310010::2,0.0,2026-10-02T01:01:04.695736+02:00
306895539,de:12067:900310770::2,0.0,2026-10-02T01:01:04.695736+02:00
306895539,de:12067:900310695::2,0.0,2026-10-02T01:01:04.695736+02:00
306895539,de:12067:900311153::1,0.0,2026-10-02T01:01:04.695736+02:00
306895539,de:12067:900310769::1,0.0,2026-10-02T01:01:04.695736+02:00
306895539,de:12067:900310810::2,0.0,2026-10-02T01:01:04.695736+02:00
306895539,de:12067:900310980::1,0.0,2026-10-02T01:01:04.695736+02:00
295963598,de:11000:900092201:1:51,0.0,2026-10-02T01:01:04.695736+02:00
295963598,de:11000:900093201:1:51,-0.4,2026-10-02T01:01:04.695736+02:00
295963598,de:11000:900094101:1:51,-0.3,2026-10-02T01:01:04.695736+02:00
295963598,de:11000:900096101:1:51,-0.1,2026-10-02T01:01:04.695736+02:00
295963598,de:11000:900084101:1:51,-0.2,2026-10-02T01:01:04.695736+02:00
295963598,de:11000:900085201:1:51,-0.8,2026-10-02T01:01:04.695736+02:00
295963598,de:11000:900130003:1:51,-0.8,2026-10-02T01:01:04.695736+02:00
295963598,de:11000:900110011:1:50,-0.9,2026-10-02T01:01:04.695736+02:00
295963598,de:11000:900110001:1:50,-0.2,2026-10-02T01:01:04.695736+02:00
295963598,de:11000:900110002:1:50,-0.9,2026-10-02T01:01:04.695736+02:00
295963598,de:11000:900110003:1:50,-0.9,2026-10-02T01:01:04.695736+02:00
295963598,de:11000:900110004:1:50,-0.3,2026-10-02T01:01:04.695736+02:00
295963598,de:11000:900110012:1:50,-0.2,2026-10-02T01:01:04.695736+02:00
295963598,de:11000:900120001:1:50,-0.2,2026-10-02T01:01:04.695736+02:00
295963598,de:11000:900120003:5:58,-0.6,2026-10-02T01:01:04.695736+02:00
295963598,de:11000:900190001:1:51,-0.1,2026-10-02T01:01:04.695736+02:00
295963598,de:11000:900191002:1:50,0.0,2026-10-02T01:01:04.695736+02:00
295963598,de:11000:900191001:2:52,-0.4,2026-10-02T01:01:04.695736+02:00
295963598,de:11000:900192001:2:52,-0.2,2026-10-02T01:01:04.695736+02:00
295963598,de:11000:900193001:1:50,-0.7,2026-10-02T01:01:04.695736+02:00
295963598,de:11000:900193002:1:50,-0.3,2026-10-02T01:01:04.695736+02:00
295963598,de:11000:900195510:1:51,-0.7,2026-10-02T01:01:04.695736+02:00
295963598,de:11000:900196001:1:50,-0.9,2026-10-02T01:01:04.695736+02:00
295963598,de:12061:900260005:3:54,-0.7,2026-10-02T01:01:04.695736+02:00
295963598,de:12061:900260080:1:50,0.0,2026-10-02T01:01:04.695736+02:00
295963598,de:12061:900260009:3:56,-0.2,2026-10-02T01:01:04.695736+02:00
295963720,de:12061:900260009:3:56,0.0,2026-10-02T01:01:04.695736+02:00
295963720,de:12061:900260080:1:51,-0.7,2026-10-02T01:01:04.695736+02:00
295963720,de:12061:900260005:3:55,0.0,2026-10-02T01:01:04.695736+02:00
295963720,de:11000:900196001:1:51,0.0,2026-10-02T01:01:04.695736+02:00
295963720,de:11000:900195510:1:50,-0.4,2026-10-02T01:01:04.695736+02:00
295963720,de:11000:900193002:1:51,-0.6,2026-10-02T01:01:04.695736+02:00
295963720,de:11000:900193001:2:51,-0.3,2026-10-02T01:01:04.695736+02:00
295963720,de:11000:900192001:3:55,-0.2,2026-10-02T01:01:04.695736+02:00
295963720,de:11000:900191001:1:50,-0.9,2026-10-02T01:01:04.695736+02:00
295963720,de:11000:900191002:1:51,-0.3,2026-10-02T01:01:04.695736+02:00
295963720,de:11000:900190001:2:53,-0.1,2026-10-02T01:01:04.695736+02:00
295963720,de:11000:900120003:5:59,-0.3,2026-10-02T01:01:04.695736+02:00
295963720,de:11000:900120001:1:51,-0.6,2026-10-02T01:01:04.695736+02:00
295963720,de:11000:900110012:1:51,-0.8,2026-10-02T01:01:04.695736+02:00
295963720,de:11000:900110004:1:51,-0.7,2026-10-02T01:01:04.695736+02:00
295963720,de:11000:900110003:1:51,0.0,2026-10-02T01:01:04.695736+02:00
295963720,de:11000:900110002:1:51,0.0,2026-10-02T01:01:04.695736+02:00
295963720,de:11000:900110001:1:51,-0.7,2026-10-02T01:01:04.695736+02:00
295963720,de:11000:900110011:2:53,-0.4,2026-10-02T01:01:04.695736+02:00
295963720,de:11000:900085201:1:50,-0.8,2026-10-02T01:01:04.695736+02:00
295963720,de:11000:900084101:1:50,-0.7,2026-10-02T01:01:04.695736+02:00
295963720,de:11000:900096101:1:50,-0.8,2026-10-02T01:01:04.695736+02:00
295963720,de:11000:900094101:1:50,-0.3,2026-10-02T01:01:04.695736+02:00
295963720,de:11000:900093201:1:50,-0.4,2026-10-02T01:01:04.695736+02:00
295963720,de:11000:900092201:1:51,-0.2,2026-10-02T01:01:04.695736+02:00
295963577,de:11000:900130002:1:51,0.0,2026-10-02T01:01:04.695736+02:00
295963577,de:11000:900110011:1:51,-0.7,2026-10-02T01:01:04.695736+02:00
295963577,de:11000:900110001:1:50,-0.2,2026-10-02T01:01:04.695736+02:00
295963577,de:11000:900110002:1:50,-0.9,2026-10-02T01:01:04.695736+02:00
295963577,de:11000:900110003:1:50,-0.9,2026-10-02T01:01:04.695736+02:00
295963577,de:11000:900110004:1:50,-0.3,2026-10-02T01:01:04.695736+02:00
295963577,de:11000:900110012:1:50,-0.2,2026-10-02T01:01:04.695736+02:00
295963577,de:11000:900120001:1:50,-0.2,2026-10-02T01:01:04.695736+02:00
295963577,de:11000:900120003:5:58,-0.6,2026-10-02T01:01:04.695736+02:00
295963577,de:11000:900190001:1:51,-0.1,2026-10-02T01:01:04.695736+02:00
295963577,de:11000:900191002:1:50,0.0,2026-10-02T01:01:04.695736+02:00
295963577,de:11000:900191001:2:52,-0.4,2026-10-02T01:01:04.695736+02:00
295963577,de:11000:900192001:2:52,-0.2,2026-10-02T01:01:04.695736+02:00
295963577,de:11000:900193001:1:50,-0.7,2026-10-02T01:01:04.695736+02:00
295963577,de:11000:900193002:1:50,-0.3,2026-10-02T01:01:04.695736+02:00
295963577,de:11000:900195510:1:51,-0.7,2026-10-02T01:01:04.695736+02:00
295963577,de:11000:900196001:1:50,-0.9,2026-10-02T01:01:04.695736+02:00
295963577,de:12061:900260005:3:54,-0.7,2026-10-02T01:01:04.695736+02:00
295963577,de:12061:900260080:1:50,0.0,2026-10-02T01:01:04.695736+02:00
295963577,de:12061:900260009:3:56,-0.2,2026-10-02T01:01:04.695736+02:00
306896955,de:12067:900311308::6,0.0,2026-10-02T01:01:04.695736+02:00
306896955,de:12067:900311335::1,0.0,2026-10-02T01:01:04.695736+02:00
306896955,de:12067:900311339::1,0.0,2026-10-02T01:01:04.695736+02:00
306896955,de:12067:900311340::1,0.0,2026-10-02T01:01:04.695736+02:00
306896955,de:12067:900311339::2,0.0,2026-10-02T01:01:04.695736+02:00
306896955,de:12067:900311341::1,0.0,2026-10-02T01:01:04.695736+02:00
306896955,de:12067:900311345::1,0.0,2026-10-02T01:01:04.695736+02:00
306896955,de:12067:900311359::1,0.0,2026-10-02T01:01:04.695736+02:00
306896955,de:12067:900310027::1,0.0,2026-10-02T01:01:04.695736+02:00
306896955,de:12067:900311317::1,0.0,2026-10-02T01:01:04.695736+02:00
306896955,de:12067:900311384::1,0.0,2026-10-02T01:01:04.695736+02:00
306896955,de:12067:900311316::1,0.0,2026-10-02T01:01:04.695736+02:00
306896955,de:12067:900311376::1,0.0,2026-10-02T01:01:04.695736+02:00
306896955,de:12067:900311377::1,0.0,2026-10-02T01:01:04.695736+02:00
306896955,de:12067:900311362::1,0.0,2026-10-02T01:01:04.695736+02:00
306896955,de:12067:900311363::1,0.0,2026-10-02T01:01:04.695736+02:00
306896955,de:12067:900311365::1,0.0,2026-10-02T01:01:04.695736+02:00
306896955,de:12067:900311374::1,0.0,2026-10-02T01:01:04.695736+02:00
306896955,de:12067:900311364::2,0.0,2026-10-02T01:01:04.695736+02:00
306896955,de:12067:900311371::2,0.0,2026-10-02T01:01:04.695736+02:00
306896955,de:12067:900311336::1,0.0,2026-10-02T01:01:04.695736+02:00
306896955,de:12067:900311352::1,0.0,2026-10-02T01:01:04.695736+02:00
306896955,de:12067:900311354::1,0.0,2026-10-02T01:01:04.695736+02:00
306896955,de:12067:900311357::1,0.0,2026-10-02T01:01:04.695736+02:00
306896955,de:12067:900311356::1,0.0,2026-10-02T01:01:04.695736+02:00
306896955,de:12067:900311325::2,0.0,2026-10-02T01:01:04.695736+02:00
306896955,de:12067:900311383::6,0.0,2026-10-02T01:01:04.695736+02:00
295967844,de:11000:900024102:2:53,0.0,2026-10-02T01:01:04.695736+02:00
295967844,de:11000:900024101:3:55,-0.3,2026-10-02T01:01:04.695736+02:00
295967844,de:11000:900024203:1:51,-0.8,2026-10-02T01:01:04.695736+02:00
295967844,de:11000:900023201:3:54,-0.7,2026-10-02T01:01:04.695736+02:00
295967844,de:11000:900003103:1:50,-0.8,2026-10-02T01:01:04.695736+02:00
295967844,de:11000:900003102:1:50,-0.9,2026-10-02T01:01:04.695736+02:00
295967844,de:11000:900003201:3:54,-0.5,2026-10-02T01:01:04.695736+02:00
295967844,de:11000:900100001:3:54,-0.1,2026-10-02T01:01:04.695736+02:00
295967844,de:11000:900100002:1:50,-0.4,2026-10-02T01:01:04.695736+02:00
295967844,de:11000:900100003:2:52,-0.1,2026-10-02T01:01:04.695736+02:00
295967844,de:11000:900100004:1:50,-0.4,2026-10-02T01:01:04.695736+02:00
295967844,de:11000:900120005:4:55,-0.6,2026-10-02T01:01:04.695736+02:00
295967844,de:11000:900120004:1:50,-0.1,2026-10-02T01:01:04.695736+02:00
295967844,de:11000:900190001:1:51,-0.2,2026-10-02T01:01:04.695736+02:00
295967844,de:11000:900191002:1:50,0.0,2026-10-02T01:01:04.695736+02:00
295967844,de:11000:900191001:2:52,-0.4,2026-10-02T01:01:04.695736+02:00
295967844,de:11000:900192001:2:52,-0.7,2026-10-02T01:01:04.695736+02:00
295967844,de:11000:900193001:1:50,-0.2,2026-10-02T01:01:04.695736+02:00
295967844,de:11000:900193002:1:50,-0.8,2026-10-02T01:01:04.695736+02:00
295967844,de:11000:900195510:1:51,-0.2,2026-10-02T01:01:04.695736+02:00
295967844,de:11000:900196001:1:50,-0.4,2026-10-02T01:01:04.695736+02:00
295967844,de:12061:900260005:3:54,-0.2,2026-10-02T01:01:04.695736+02:00
295967844,de:12061:900260080:1:50,-0.7,2026-10-02T01:01:04.695736+02:00
295967844,de:12061:900260009:3:55,-0.9,2026-10-02T01:01:04.695736+02:00
307435206,de:12061:900260611:1:50,0.0,2026-10-02T01:01:04.695736+02:00
307435206,de:12061:900260019:1:50,0.0,2026-10-02T01:01:04.695736+02:00
307435206,de:12061:900261512:2:51,0.0,2026-10-02T01:01:04.695736+02:00
307435206,de:12066:900435602:2:51,0.0,2026-10-02T01:01:04.695736+02:00
307435206,de:12066:900435697:1:50,0.0,2026-10-02T01:01:04.695736+02:00
307435206,de:12066:900435884:1:50,0.0,2026-10-02T01:01:04.695736+02:00
307435206,de:12071:900445956:1:50,0.0,2026-10-02T01:01:04.695736+02:00
307435206,de:12071:900445884:1:50,0.0,2026-10-02T01:01:04.695736+02:00
307435206,de:12052:900470000:2:51,0.0,2026-10-02T01:01:04.695736+02:00
307435177,de:11000:900192001:1:50,0.0,2026-10-02T01:01:04.695736+02:00
307435177,de:12061:900260005:2:52,0.0,2026-10-02T01:01:04.695736+02:00
306052150,de:12064:900321545::2,0.0,2026-10-02T01:01:04.695736+02:00
306052150,de:12064:900321546::2,0.0,2026-10-02T01:01:04.695736+02:00
306052150,de:12064:900321800::2,0.0,2026-10-02T01:01:04.695736+02:00
306052150,de:12064:900321801::2,0.0,2026-10-02T01:01:04.695736+02:00
306052150,de:12064:900321830::1,0.0,2026-10-02T01:01:04.695736+02:00
306052150,de:12064:900321870::2,0.0,2026-10-02T01:01:04.695736+02:00
306052150,de:12064:900321871::2,0.0,2026-10-02T01:01:04.695736+02:00
306052150,de:12064:900321874::1,0.0,2026-10-02T01:01:04.695736+02:00
306052150,de:12064:900321872::1,0.0,2026-10-02T01:01:04.695736+02:00
306052150,de:12064:900320049::1,0.0,2026-10-02T01:01:04.695736+02:00
306052150,de:12064:900321420::1,0.0,2026-10-02T01:01:04.695736+02:00
306052150,de:12064:900320049::2,0.0,2026-10-02T01:01:04.695736+02:00
306052150,de:12064:900321872::2,0.0,2026-10-02T01:01:04.695736+02:00
306052150,de:12064:900321874::2,0.0,2026-10-02T01:01:04.695736+02:00
306052150,de:12064:900321875::2,0.0,2026-10-02T01:01:04.695736+02:00
306052150,de:12064:900321343::2,0.0,2026-10-02T01:01:04.695736+02:00
306052150,de:12064:900321342::2,0.0,2026-10-02T01:01:04.695736+02:00
306052150,de:12064:900321344::2,0.0,2026-10-02T01:01:04.695736+02:00
306052150,de:12064:900321311::2,0.0,2026-10-02T01:01:04.695736+02:00
306052150,de:12064:900321313::2,0.0,2026-10-02T01:01:04.695736+02:00
306052150,de:12064:900321312::2,0.0,2026-10-02T01:01:04.695736+02:00
306052150,de:12064:900321635::2,0.0,2026-10-02T01:01:04.695736+02:00
306052150,de:12064:900321811::2,0.0,2026-10-02T01:01:04.695736+02:00
306052150,de:12064:900321812::2,0.0,2026-10-02T01:01:04.695736+02:00
306052150,de:12064:900321744::2,0.0,2026-10-02T01:01:04.695736+02:00
306052150,de:12064:900321742::5,0.0,2026-10-02T01:01:04.695736+02:00
306049962,de:12064:900320005::1,0.0,2026-10-02T01:01:04.695736+02:00
306049962,de:12064:900320610::1,0.0,2026-10-02T01:01:04.695736+02:00
306049962,de:12064:900320643::1,0.0,2026-10-02T01:01:04.695736+02:00
306049962,de:12064:900320645::1,0.0,2026-10-02T01:01:04.695736+02:00
306049962,de:12064:900320647::1,0.0,2026-10-02T01:01:04.695736+02:00
306049962,de:12064:900320642::1,0.0,2026-10-02T01:01:04.695736+02:00
306049962,de:12064:900320685::1,0.0,2026-10-02T01:01:04.695736+02:00
306049962,de:12064:900320638::1,0.0,2026-10-02T01:01:04.695736+02:00
306049962,de:12064:900320639::1,0.0,2026-10-02T01:01:04.695736+02:00
306049962,de:12064:900320006::1,0.0,2026-10-02T01:01:04.695736+02:00
306049962,de:12064:900320675::1,0.0,2026-10-02T01:01:04.695736+02:00
306049962,de:12064:900320674::1,0.0,2026-10-02T01:01:04.695736+02:00
306049962,de:12064:900320672::1,0.0,2026-10-02T01:01:04.695736+02:00
306049962,de:12064:900320673::1,0.0,2026-10-02T01:01:04.695736+02:00
306049962,de:12064:900320679::1,0.0,2026-10-02T01:01:04.695736+02:00
306049962,de:12064:900320133::1,0.0,2026-10-02T01:01:04.695736+02:00
306049962,de:12064:900320134::1,0.0,2026-10-02T01:01:04.695736+02:00
306049962,de:12064:900320007::3,0.0,2026-10-02T01:01:04.695736+02:00
306896323,de:12064:900320274::1,0.0,2026-10-02T01:01:04.695736+02:00
306896323,de:12064:900320278::2,0.0,2026-10-02T01:01:04.695736+02:00
306896323,de:12064:900320284::2,0.0,2026-10-02T01:01:04.695736+02:00
306896323,de:12064:900320886::2,0.0,2026-10-02T01:01:04.695736+02:00
306896323,de:12064:900320888::3,0.0,2026-10-02T01:01:04.695736+02:00
306896323,de:12064:900320891::2,0.0,2026-10-02T01:01:04.695736+02:00
306896323,de:12067:900310919::2,0.0,2026-10-02T01:01:04.695736+02:00
306896323,de:12067:900310888::2,0.0,2026-10-02T01:01:04.695736+02:00
306896323,de:12067:900310881::2,0.0,2026-10-02T01:01:04.695736+02:00
306896323,de:12067:900310885::1,0.0,2026-10-02T01:01:04.695736+02:00
306896323,de:12067:900310883::2,0.0,2026-10-02T01:01:04.695736+02:00
306896323,de:12067:900310920::2,0.0,2026-10-02T01:01:04.695736+02:00
306896323,de:12067:900310882::2,0.0,2026-10-02T01:01:04.695736+02:00
306896323,de:12067:900310889::2,0.0,2026-10-02T01:01:04.695736+02:00
306896323,de:12067:900310890::2,0.0,2026-10-02T01:01:04.695736+02:00
306896323,de:12067:900310847::2,0.0,2026-10-02T01:01:04.695736+02:00
306896323,de:12067:900310846::2,0.0,2026-10-02T01:01:04.695736+02:00
306896323,de:12067:900310854::2,0.0,2026-10-02T01:01:04.695736+02:00
306896323,de:12067:900310857::2,0.0,2026-10-02T01:01:04.695736+02:00
306896323,de:12067:900311970::1,0.0,2026-10-02T01:01:04.695736+02:00
306896323,de:12067:900310853::1,0.0,2026-10-02T01:01:04.695736+02:00
306896323,de:12067:900310845::1,0.0,2026-10-02T01:01:04.695736+02:00
306896323,de:12067:900310855::2,0.0,2026-10-02T01:01:04.695736+02:00
306896323,de:12067:900310844::2,0.0,2026-10-02T01:01:04.695736+02:00
306896323,de:12067:900310856::1,0.0,2026-10-02T01:01:04.695736+02:00
306896323,de:12067:900310849::2,0.0,2026-10-02T01:01:04.695736+02:00
306896323,de:12067:900310851::2,0.0,2026-10-02T01:01:04.695736+02:00
306896323,de:12067:900310850::2,0.0,2026-10-02T01:01:04.695736+02:00
306896323,de:12067:900310852::2,0.0,2026-10-02T01:01:04.695736+02:00
306896323,de:12067:900310555::2,0.0,2026-10-02T01:01:04.695736+02:00
306896323,de:12067:900310557::2,0.0,2026-10-02T01:01:04.695736+02:00
306896323,de:12067:900310563::3,0.0,2026-10-02T01:01:04.695736+02:00
306896323,de:12067:900310563::4,0.0,2026-10-02T01:01:04.695736+02:00
306896323,de:12067:900310013::7,0.0,2026-10-02T01:01:04.695736+02:00
295879307,de:12065:900200005:3:1,0.0,2026-10-02T01:01:04.695736+02:00
295879307,de:12065:900200006:1:51,-0.3,2026-10-02T01:01:04.695736+02:00
295879307,de:12065:900200007:1:51,-0.7,2026-10-02T01:01:04.695736+02:00
295879307,de:12065:900200008:1:51,-0.2,2026-10-02T01:01:04.695736+02:00
295879307,de:12065:900200009:1:51,-0.1,2026-10-02T01:01:04.695736+02:00
295879307,de:11000:900092201:1:51,-0.7,2026-10-02T01:01:04.695736+02:00
295879307,de:11000:900093201:1:51,-0.4,2026-10-02T01:01:04.695736+02:00
295879307,de:11000:900094101:1:51,-0.8,2026-10-02T01:01:04.695736+02:00
295879307,de:11000:900096101:1:51,-0.1,2026-10-02T01:01:04.695736+02:00
295879307,de:11000:900084101:1:51,-0.2,2026-10-02T01:01:04.695736+02:00
295879307,de:11000:900085201:1:51,-0.8,2026-10-02T01:01:04.695736+02:00
295879307,de:11000:900130003:1:51,-0.8,2026-10-02T01:01:04.695736+02:00
295879307,de:11000:900110011:1:50,-0.9,2026-10-02T01:01:04.695736+02:00
295879307,de:11000:900007102:1:50,-0.9,2026-10-02T01:01:04.695736+02:00
295879307,de:11000:900008101:1:50,0.0,2026-10-02T01:01:04.695736+02:00
295879307,de:11000:900007104:1:51,-0.7,2026-10-02T01:01:04.695736+02:00
295879307,de:11000:900100007:1:50,-0.7,2026-10-02T01:01:04.695736+02:00
295879307,de:11000:900100001:4:56,-0.5,2026-10-02T01:01:04.695736+02:00
295879307,de:11000:900100025:1:50,-0.4,2026-10-02T01:01:04.695736+02:00
295879307,de:11000:900100020:3:54,-0.4,2026-10-02T01:01:04.695736+02:00
295879307,de:11000:900012101:1:51,-0.5,2026-10-02T01:01:04.695736+02:00
295879307,de:11000:900057102:1:50,-0.7,2026-10-02T01:01:04.695736+02:00
295879307,de:11000:900057104:2:51,-0.4,2026-10-02T01:01:04.695736+02:00
295879307,de:11000:900054104:1:50,-0.3,2026-10-02T01:01:04.695736+02:00
295879307,de:11000:900060101:1:50,-0.3,2026-10-02T01:01:04.695736+02:00
295879307,de:11000:900063101:1:50,-0.1,2026-10-02T01:01:04.695736+02:00
295879307,de:11000:900062202:1:50,-0.1,2026-10-02T01:01:04.695736+02:00
295879307,de:11000:900066102:1:50,-0.2,2026-10-02T01:01:04.695736+02:00
295879307,de:11000:900066101:1:50,-0.1,2026-10-02T01:01:04.695736+02:00
295879307,de:11000:900049202:1:50,-0.3,2026-10-02T01:01:04.695736+02:00
295879307,de:11000:900049201:1:50,-0.4,2026-10-02T01:01:04.695736+02:00
295879307,de:11000:900050301:1:50,0.0,2026-10-02T01:01:04.695736+02:00
295879307,de:11000:900050355:1:50,-0.1,2026-10-02T01:01:04.695736+02:00
295879307,de:11000:900052201:1:50,-0.5,2026-10-02T01:01:04.695736+02:00
295879307,de:11000:900053301:1:51,-0.9,2026-10-02T01:01:04.695736+02:00
306895987,de:12067:900310565::1,0.0,2026-10-02T01:01:04.695736+02:00
306895987,de:12067:900310561::2,0.0,2026-10-02T01:01:04.695736+02:00
306895987,de:12067:900310567::2,0.0,2026-10-02T01:01:04.695736+02:00
306895987,de:12067:900310581::2,0.0,2026-10-02T01:01:04.695736+02:00
306895987,de:12067:900310573::2,0.0,2026-10-02T01:01:04.695736+02:00
306895987,de:12067:900310560::2,0.0,2026-10-02T01:01:04.695736+02:00
306895987,de:12067:900310563::4,0.0,2026-10-02T01:01:04.695736+02:00
306895987,de:12067:900310013::2,0.0,2026-10-02T01:01:04.695736+02:00
306895987,de:12067:900310572::1,0.0,2026-10-02T01:01:04.695736+02:00
306895987,de:11000:900310550::1,0.0,2026-10-02T01:01:04.695736+02:00
306895987,de:12067:900310534::1,0.0,2026-10-02T01:01:04.695736+02:00
306895987,de:12067:900310580::2,0.0,2026-10-02T01:01:04.695736+02:00
306895987,de:12067:900310578::4,0.0,2026-10-02T01:01:04.695736+02:00
306895987,de:12067:900310508::2,0.0,2026-10-02T01:01:04.695736+02:00
306895987,de:12067:900310509::2,0.0,2026-10-02T01:01:04.695736+02:00
306895987,de:12067:900310017::3,0.0,2026-10-02T01:01:04.695736+02:00
306895987,de:12064:900320267::1,0.0,2026-10-02T01:01:04.695736+02:00
306895987,de:12064:900320250::1,0.0,2026-10-02T01:01:04.695736+02:00
306895988,de:12067:900310565::1,0.0,2026-10-02T01:01:04.695736+02:00
306895988,de:12067:900310561::2,0.0,2026-10-02T01:01:04.695736+02:00
306895988,de:12067:900310567::2,0.0,2026-10-02T01:01:04.695736+02:00
306895988,de:12067:900310581::2,0.0,2026-10-02T01:01:04.695736+02:00
306895988,de:12067:900310573::2,0.0,2026-10-02T01:01:04.695736+02:00
306895988,de:12067:900310560::2,0.0,2026-10-02T01:01:04.695736+02:00
306895988,de:12067:900310563::4,0.0,2026-10-02T01:01:04.695736+02:00
306895988,de:12067:900310013::2,0.0,2026-10-02T01:01:04.695736+02:00
306895988,de:12067:900310572::1,0.0,2026-10-02T01:01:04.695736+02:00
306895988,de:11000:900310550::1,0.0,2026-10-02T01:01:04.695736+02:00
306895988,de:12067:900310534::1,0.0,2026-10-02T01:01:04.695736+02:00
306895988,de:12067:900310580::2,0.0,2026-10-02T01:01:04.695736+02:00
306895988,de:12067:900310578::4,0.0,2026-10-02T01:01:04.695736+02:00
306895988,de:12067:900310508::2,0.0,2026-10-02T01:01:04.695736+02:00
306895988,de:12067:900310509::2,0.0,2026-10-02T01:01:04.695736+02:00
306895988,de:12067:900310017::3,0.0,2026-10-02T01:01:04.695736+02:00
306895988,de:12064:900320267::1,0.0,2026-10-02T01:01:04.695736+02:00
306895988,de:12064:900320250::1,0.0,2026-10-02T01:01:04.695736+02:00
306896001,de:12067:900310581::2,0.0,2026-10-02T01:01:04.695736+02:00
306896001,de:12067:900310573::2,0.0,2026-10-02T01:01:04.695736+02:00
306896001,de:12067:900310560::2,0.0,2026-10-02T01:01:04.695736+02:00
306896001,de:12067:900310559::1,0.0,2026-10-02T01:01:04.695736+02:00
306896001,de:12067:900310558::3,0.0,2026-10-02T01:01:04.695736+02:00
306896001,de:12067:900310553::2,0.0,2026-10-02T01:01:04.695736+02:00
306896001,de:12067:900310579::2,0.0,2026-10-02T01:01:04.695736+02:00
306896001,de:12067:900310571::2,0.0,2026-10-02T01:01:04.695736+02:00
306896001,de:12067:900310569::2,0.0,2026-10-02T01:01:04.695736+02:00
306896001,de:12067:900310563::1,0.0,2026-10-02T01:01:04.695736+02:00
306896001,de:12067:900310563::4,0.0,2026-10-02T01:01:04.695736+02:00
306896001,de:12067:900310013::2,0.0,2026-10-02T01:01:04.695736+02:00
306896001,de:12067:900310572::1,0.0,2026-10-02T01:01:04.695736+02:00
306896001,de:11000:900310550::1,0.0,2026-10-02T01:01:04.695736+02:00
306896001,de:12067:900310534::1,0.0,2026-10-02T01:01:04.695736+02:00
306896001,de:12067:900310580::2,0.0,2026-10-02T01:01:04.695736+02:00
306896001,de:12067:900310578::4,0.0,2026-10-02T01:01:04.695736+02:00
306896001,de:12067:900310508::2,0.0,2026-10-02T01:01:04.695736+02:00
306896001,de:12067:900310509::2,0.0,2026-10-02T01:01:04.695736+02:00
306896001,de:12067:900310017::3,0.0,2026-10-02T01:01:04.695736+02:00
306896001,de:12064:900320267::1,0.0,2026-10-02T01:01:04.695736+02:00
306896001,de:12064:900320250::1,0.0,2026-10-02T01:01:04.695736+02:00
306896004,de:12067:900310565::1,0.0,2026-10-02T01:01:04.695736+02:00
306896004,de:12067:900310561::2,0.0,2026-10-02T01:01:04.695736+02:00
306896004,de:12067:900310567::2,0.0,2026-10-02T01:01:04.695736+02:00
306896004,de:12067:900310581::2,0.0,2026-10-02T01:01:04.695736+02:00
306896004,de:12067:900310573::2,0.0,2026-10-02T01:01:04.695736+02:00
306896004,de:12067:900310560::2,0.0,2026-10-02T01:01:04.695736+02:00
306896004,de:12067:900310563::4,0.0,2026-10-02T01:01:04.695736+02:00
306896004,de:12067:900310013::2,0.0,2026-10-02T01:01:04.695736+02:00
306896004,de:12067:900310572::1,0.0,2026-10-02T01:01:04.695736+02:00
306896004,de:11000:900310550::1,0.0,2026-10-02T01:01:04.695736+02:00
306896004,de:12067:900310534::1,0.0,2026-10-02T01:01:04.695736+02:00
306896004,de:12067:900310580::1,0.0,2026-10-02T01:01:04.695736+02:00
306896004,de:12067:900311095::1,0.0,2026-10-02T01:01:04.695736+02:00
306896004,de:12067:900311097::1,0.0,2026-10-02T01:01:04.695736+02:00
306896004,de:12067:900311096::2,0.0,2026-10-02T01:01:04.695736+02:00
306896004,de:12067:900311096::1,0.0,2026-10-02T01:01:04.695736+02:00
306896004,de:12067:900311097::2,0.0,2026-10-02T01:01:04.695736+02:00
306896004,de:12067:900311095::2,0.0,2026-10-02T01:01:04.695736+02:00
306896004,de:12067:900310580::2,0.0,2026-10-02T01:01:04.695736+02:00
306896004,de:12067:900310578::4,0.0,2026-10-02T01:01:04.695736+02:00
306896004,de:12067:900310508::2,0.0,2026-10-02T01:01:04.695736+02:00
306896004,de:12067:900310509::2,0.0,2026-10-02T01:01:04.695736+02:00
306896004,de:12067:900310017::3,0.0,2026-10-02T01:01:04.695736+02:00
306896004,de:12064:900320267::1,0.0,2026-10-02T01:01:04.695736+02:00
306896004,de:12064:900320250::1,0.0,2026-10-02T01:01:04.695736+02:00
306896005,de:12067:900310565::1,0.0,2026-10-02T01:01:04.695736+02:00
306896005,de:12067:900310561::2,0.0,2026-10-02T01:01:04.695736+02:00
306896005,de:12067:900310567::2,0.0,2026-10-02T01:01:04.695736+02:00
306896005,de:12067:900310581::2,0.0,2026-10-02T01:01:04.695736+02:00
306896005,de:12067:900310573::2,0.0,2026-10-02T01:01:04.695736+02:00
306896005,de:12067:900310560::2,0.0,2026-10-02T01:01:04.695736+02:00
306896005,de:12067:900310563::4,0.0,2026-10-02T01:01:04.695736+02:00
306896005,de:12067:900310013::2,0.0,2026-10-02T01:01:04.695736+02:00
306896005,de:12067:900310572::1,0.0,2026-10-02T01:01:04.695736+02:00
306896005,de:11000:900310550::1,0.0,2026-10-02T01:01:04.695736+02:00
306896005,de:12067:900310534::1,0.0,2026-10-02T01:01:04.695736+02:00
306896005,de:12067:900310580::1,0.0,2026-10-02T01:01:04.695736+02:00
306896005,de:12067:900311095::1,0.0,2026-10-02T01:01:04.695736+02:00
306896005,de:12067:900311097::1,0.0,2026-10-02T01:01:04.695736+02:00
306896005,de:12067:900311096::2,0.0,2026-10-02T01:01:04.695736+02:00
306896005,de:12067:900311096::1,0.0,2026-10-02T01:01:04.695736+02:00
306896005,de:12067:900311097::2,0.0,2026-10-02T01:01:04.695736+02:00
306896005,de:12067:900311095::2,0.0,2026-10-02T01:01:04.695736+02:00
306896005,de:12067:900310580::2,0.0,2026-10-02T01:01:04.695736+02:00
306896005,de:12067:900310578::4,0.0,2026-10-02T01:01:04.695736+02:00
306896005,de:12067:900310508::2,0.0,2026-10-02T01:01:04.695736+02:00
306896005,de:12067:900310509::2,0.0,2026-10-02T01:01:04.695736+02:00
306896005,de:12067:900310017::3,0.0,2026-10-02T01:01:04.695736+02:00
306896005,de:12064:900320267::1,0.0,2026-10-02T01:01:04.695736+02:00
306896005,de:12064:900320250::1,0.0,2026-10-02T01:01:04.695736+02:00
306896181,de:12067:900310013::3,0.0,2026-10-02T01:01:04.695736+02:00
306896181,de:12067:900310563::3,0.0,2026-10-02T01:01:04.695736+02:00
306896181,de:12067:900310559::1,0.0,2026-10-02T01:01:04.695736+02:00
306896181,de:12067:900310558::1,0.0,2026-10-02T01:01:04.695736+02:00
306896181,de:12067:900310556::1,0.0,2026-10-02T01:01:04.695736+02:00
306896181,de:12067:900310621::1,0.0,2026-10-02T01:01:04.695736+02:00
306896181,de:12067:900310568::1,0.0,2026-10-02T01:01:04.695736+02:00
306896181,de:12067:900310955::1,0.0,2026-10-02T01:01:04.695736+02:00
306896181,de:12067:900310949::1,0.0,2026-10-02T01:01:04.695736+02:00
306896181,de:12067:900310952::1,0.0,2026-10-02T01:01:04.695736+02:00
306896181,de:12067:900310025::1,0.0,2026-10-02T01:01:04.695736+02:00
306896181,de:12067:900310015::1,0.0,2026-10-02T01:01:04.695736+02:00
306896181,de:12067:900310836::1,0.0,2026-10-02T01:01:04.695736+02:00
306896181,de:12067:900310838::1,0.0,2026-10-02T01:01:04.695736+02:00
306896243,de:12061:900260001::6,0.0,2026-10-02T01:01:04.695736+02:00
306896243,de:12061:900260798::1,0.0,2026-10-02T01:01:04.695736+02:00
306896243,de:12061:900260890::1,0.0,2026-10-02T01:01:04.695736+02:00
306896243,de:12061:900260887::1,0.0,2026-10-02T01:01:04.695736+02:00
306896243,de:12061:900260886::1,0.0,2026-10-02T01:01:04.695736+02:00
306896243,de:12061:900260888::1,0.0,2026-10-02T01:01:04.695736+02:00
306896243,de:12061:900260889::1,0.0,2026-10-02T01:01:04.695736+02:00
306896243,de:12061:900261047::1,0.0,2026-10-02T01:01:04.695736+02:00
306896243,de:12061:900261048::1,0.0,2026-10-02T01:01:04.695736+02:00
306896243,de:12061:900261051::1,0.0,2026-10-02T01:01:04.695736+02:00
306896243,de:12061:900261050::2,0.0,2026-10-02T01:01:04.695736+02:00
306896243,de:12061:900260170::1,0.0,2026-10-02T01:01:04.695736+02:00
306896243,de:12061:900260167::1,0.0,2026-10-02T01:01:04.695736+02:00
306896243,de:12061:900260168::1,0.0,2026-10-02T01:01:04.695736+02:00
306896243,de:12061:900260171::1,0.0,2026-10-02T01:01:04.695736+02:00
306896243,de:12061:900260166::1,0.0,2026-10-02T01:01:04.695736+02:00
306896243,de:12061:900260169::4,0.0,2026-10-02T01:01:04.695736+02:00
306896243,de:12061:900260165::1,0.0,2026-10-02T01:01:04.695736+02:00
306896243,de:12067:900310950::2,0.0,2026-10-02T01:01:04.695736+02:00
306896243,de:12067:900310955::2,0.0,2026-10-02T01:01:04.695736+02:00
306896243,de:12067:900310568::2,0.0,2026-10-02T01:01:04.695736+02:00
306896243,de:12067:900310556::2,0.0,2026-10-02T01:01:04.695736+02:00
306896243,de:12067:900310558::4,0.0,2026-10-02T01:01:04.695736+02:00
306896243,de:12067:900310559::2,0.0,2026-10-02T01:01:04.695736+02:00
306896243,de:12067:900310563::4,0.0,2026-10-02T01:01:04.695736+02:00
306896243,de:12067:900310013::7,0.0,2026-10-02T01:01:04.695736+02:00
306896360,de:12067:900311129::4,0.0,2026-10-02T01:01:04.695736+02:00
306896360,de:12067:900310755::2,0.0,2026-10-02T01:01:04.695736+02:00
306896360,de:12067:900310728::3,0.0,2026-10-02T01:01:04.695736+02:00
306896360,de:12067:900310727::3,0.0,2026-10-02T01:01:04.695736+02:00
306896360,de:12067:900310942::1,0.0,2026-10-02T01:01:04.695736+02:00
306896360,de:12067:900310716::1,0.0,2026-10-02T01:01:04.695736+02:00
306896360,de:12067:900310740::1,0.0,2026-10-02T01:01:04.695736+02:00
306896360,de:12067:900310739::2,0.0,2026-10-02T01:01:04.695736+02:00
306896360,de:12067:900310747::2,0.0,2026-10-02T01:01:04.695736+02:00
306896360,de:12067:900310924::2,0.0,2026-10-02T01:01:04.695736+02:00
306896360,de:12067:900310925::1,0.0,2026-10-02T01:01:04.695736+02:00
306896360,de:12067:900310600::2,0.0,2026-10-02T01:01:04.695736+02:00
306896360,de:12067:900310829::1,0.0,2026-10-02T01:01:04.695736+02:00
306896360,de:12067:900310827::2,0.0,2026-10-02T01:01:04.695736+02:00
306896360,de:12067:900310982::1,0.0,2026-10-02T01:01:04.695736+02:00
306896360,de:12067:900310757::2,0.0,2026-10-02T01:01:04.695736+02:00
306896360,de:12067:900310756::2,0.0,2026-10-02T01:01:04.695736+02:00
306896360,de:12067:900310118::2,0.0,2026-10-02T01:01:04.695736+02:00
306896360,de:12067:900310100::2,0.0,2026-10-02T01:01:04.695736+02:00
306896360,de:12067:900310108::2,0.0,2026-10-02T01:01:04.695736+02:00
306896360,de:12067:900310111::2,0.0,2026-10-02T01:01:04.695736+02:00
306896360,de:12067:900310101::2,0.0,2026-10-02T01:01:04.695736+02:00
306896360,de:12067:900310112::2,0.0,2026-10-02T01:01:04.695736+02:00
306896360,de:12067:900310109::1,0.0,2026-10-02T01:01:04.695736+02:00
306896360,de:12067:900310040::2,0.0,2026-10-02T01:01:04.695736+02:00
306896360,de:12067:900310105::2,0.0,2026-10-02T01:01:04.695736+02:00
306896360,de:12067:900310970::2,0.0,2026-10-02T01:01:04.695736+02:00
306896360,de:12067:900310972::2,0.0,2026-10-02T01:01:04.695736+02:00
306896360,de:12067:900310810::1,0.0,2026-10-02T01:01:04.695736+02:00
306896360,de:12067:900310769::2,0.0,2026-10-02T01:01:04.695736+02:00
306896360,de:12067:900310695::3,0.0,2026-10-02T01:01:04.695736+02:00
306896360,de:12067:900310812::2,0.0,2026-10-02T01:01:04.695736+02:00
306896360,de:12067:900310630::2,0.0,2026-10-02T01:01:04.695736+02:00
306896360,de:12067:900310811::2,0.0,2026-10-02T01:01:04.695736+02:00
306896360,de:12067:900310771::2,0.0,2026-10-02T01:01:04.695736+02:00
306896360,de:12067:900310822::2,0.0,2026-10-02T01:01:04.695736+02:00
306896360,de:12067:900310781::2,0.0,2026-10-02T01:01:04.695736+02:00
306896360,de:12067:900310627::2,-0.5,2026-10-02T01:01:04.695736+02:00
306896360,de:12067:900310816::2,0.0,2026-10-02T01:01:04.695736+02:00
306896360,de:12067:900310022::1,0.0,2026-10-02T01:01:04.695736+02:00
306896360,de:12067:900310001::11,0.0,2026-10-02T01:01:04.695736+02:00
306896397,de:12067:900310001::3,0.0,2026-10-02T01:01:04.695736+02:00
306896397,de:12067:900310816::1,0.0,2026-10-02T01:01:04.695736+02:00
306896397,de:12067:900310627::1,0.0,2026-10-02T01:01:04.695736+02:00
306896397,de:12067:900310781::1,0.0,2026-10-02T01:01:04.695736+02:00
306896397,de:12067:900310822::1,0.0,2026-10-02T01:01:04.695736+02:00
306896397,de:12067:900310771::1,0.0,2026-10-02T01:01:04.695736+02:00
306896397,de:12067:900310811::1,0.0,2026-10-02T01:01:04.695736+02:00
306896397,de:12067:900310630::1,0.0,2026-10-02T01:01:04.695736+02:00
306896397,de:12067:900310812::1,0.0,2026-10-02T01:01:04.695736+02:00
306896397,de:12067:900310695::2,0.0,2026-10-02T01:01:04.695736+02:00
306896397,de:12067:900310769::1,0.0,2026-10-02T01:01:04.695736+02:00
306896397,de:12067:900310810::2,0.0,2026-10-02T01:01:04.695736+02:00
306896397,de:12067:900310972::1,0.0,2026-10-02T01:01:04.695736+02:00
306896397,de:12067:900310970::1,0.0,2026-10-02T01:01:04.695736+02:00
306896397,de:12067:900310105::1,0.0,2026-10-02T01:01:04.695736+02:00
306896397,de:12067:900310040::1,0.0,2026-10-02T01:01:04.695736+02:00
306896397,de:12067:900310109::1,0.0,2026-10-02T01:01:04.695736+02:00
306896397,de:12067:900310112::1,0.0,2026-10-02T01:01:04.695736+02:00
306896397,de:12067:900310101::1,0.0,2026-10-02T01:01:04.695736+02:00
306896397,de:12067:900310111::1,0.0,2026-10-02T01:01:04.695736+02:00
306896397,de:12067:900310108::1,0.0,2026-10-02T01:01:04.695736+02:00
306896397,de:12067:900310100::1,0.0,2026-10-02T01:01:04.695736+02:00
306896397,de:12067:900310118::1,0.0,2026-10-02T01:01:04.695736+02:00
306896397,de:12067:900310756::1,0.0,2026-10-02T01:01:04.695736+02:00
306896397,de:12067:900310757::1,0.0,2026-10-02T01:01:04.695736+02:00
306896397,de:12067:900310982::1,0.0,2026-10-02T01:01:04.695736+02:00
306896397,de:12067:900310827::1,0.0,2026-10-02T01:01:04.695736+02:00
306896397,de:12067:900310829::1,0.0,2026-10-02T01:01:04.695736+02:00
306896397,de:12067:900310600::1,0.0,2026-10-02T01:01:04.695736+02:00
306896397,de:12067:900310925::1,0.0,2026-10-02T01:01:04.695736+02:00
306896397,de:12067:900310924::1,0.0,2026-10-02T01:01:04.695736+02:00
306896397,de:12067:900310747::1,0.0,2026-10-02T01:01:04.695736+02:00
306896397,de:12067:900310739::1,0.0,2026-10-02T01:01:04.695736+02:00
306896397,de:12067:900310740::1,0.0,2026-10-02T01:01:04.695736+02:00
306896397,de:12067:900310716::2,0.0,2026-10-02T01:01:04.695736+02:00
306896397,de:12067:900310942::2,0.0,2026-10-02T01:01:04.695736+02:00
306896397,de:12067:900310721::1,0.0,2026-10-02T01:01:04.695736+02:00
306896397,de:12067:900310755::2,0.0,2026-10-02T01:01:04.695736+02:00
306896397,de:12067:900310728::3,0.0,2026-10-02T01:01:04.695736+02:00
306896397,de:12067:900311129::6,0.0,2026-10-02T01:01:04.695736+02:00
306896398,de:12067:900310001::3,0.0,2026-10-02T01:01:04.695736+02:00
306896398,de:12067:900310816::1,0.0,2026-10-02T01:01:04.695736+02:00
306896398,de:12067:900310627::1,0.0,2026-10-02T01:01:04.695736+02:00
306896398,de:12067:900310781::1,0.0,2026-10-02T01:01:04.695736+02:00
306896398,de:12067:900310822::1,0.0,2026-10-02T01:01:04.695736+02:00
306896398,de:12067:900310771::1,0.0,2026-10-02T01:01:04.695736+02:00
306896398,de:12067:900310811::1,0.0,2026-10-02T01:01:04.695736+02:00
306896398,de:12067:900310630::1,0.0,2026-10-02T01:01:04.695736+02:00
306896398,de:12067:900310812::1,0.0,2026-10-02T01:01:04.695736+02:00
306896398,de:12067:900310695::2,0.0,2026-10-02T01:01:04.695736+02:00
306896398,de:12067:900310769::1,0.0,2026-10-02T01:01:04.695736+02:00
306896398,de:12067:900310810::2,0.0,2026-10-02T01:01:04.695736+02:00
306896398,de:12067:900310972::1,0.0,2026-10-02T01:01:04.695736+02:00
306896398,de:12067:900310970::1,0.0,2026-10-02T01:01:04.695736+02:00
306896398,de:12067:900310105::1,0.0,2026-10-02T01:01:04.695736+02:00
306896398,de:12067:900310040::1,0.0,2026-10-02T01:01:04.695736+02:00
306896398,de:12067:900310109::1,0.0,2026-10-02T01:01:04.695736+02:00
306896398,de:12067:900310112::1,0.0,2026-10-02T01:01:04.695736+02:00
306896398,de:12067:900310101::1,0.0,2026-10-02T01:01:04.695736+02:00
306896398,de:12067:900310111::1,0.0,2026-10-02T01:01:04.695736+02:00
306896398,de:12067:900310108::1,0.0,2026-10-02T01:01:04.695736+02:00
306896398,de:12067:900310100::1,0.0,2026-10-02T01:01:04.695736+02:00
306896398,de:12067:900310118::1,0.0,2026-10-02T01:01:04.695736+02:00
306896398,de:12067:900310756::1,0.0,2026-10-02T01:01:04.695736+02:00
306896398,de:12067:900310757::1,0.0,2026-10-02T01:01:04.695736+02:00
306896398,de:12067:900310982::1,0.0,2026-10-02T01:01:04.695736+02:00
306896398,de:12067:900310827::1,0.0,2026-10-02T01:01:04.695736+02:00
306896398,de:12067:900310829::1,0.0,2026-10-02T01:01:04.695736+02:00
306896398,de:12067:900310600::1,0.0,2026-10-02T01:01:04.695736+02:00
306896398,de:12067:900310925::1,0.0,2026-10-02T01:01:04.695736+02:00
306896398,de:12067:900310924::1,0.0,2026-10-02T01:01:04.695736+02:00
306896398,de:12067:900310747::1,0.0,2026-10-02T01:01:04.695736+02:00
306896398,de:12067:900310739::1,0.0,2026-10-02T01:01:04.695736+02:00
306896398,de:12067:900310740::1,0.0,2026-10-02T01:01:04.695736+02:00
306896398,de:12067:900310716::2,0.0,2026-10-02T01:01:04.695736+02:00
306896398,de:12067:900310942::2,0.0,2026-10-02T01:01:04.695736+02:00
306896398,de:12067:900310721::1,0.0,2026-10-02T01:01:04.695736+02:00
306896398,de:12067:900310755::2,0.0,2026-10-02T01:01:04.695736+02:00
306896398,de:12067:900310728::3,0.0,2026-10-02T01:01:04.695736+02:00
306896398,de:12067:900311129::6,0.0,2026-10-02T01:01:04.695736+02:00
295883507,de:11000:900049201:1:51,0.0,2026-10-02T01:01:04.695736+02:00
295883507,de:11000:900049202:1:51,0.0,2026-10-02T01:01:04.695736+02:00
295883507,de:11000:900066101:1:51,-0.3,2026-10-02T01:01:04.695736+02:00
295883507,de:11000:900066102:1:51,-0.2,2026-10-02T01:01:04.695736+02:00
295883507,de:11000:900062202:1:51,-0.2,2026-10-02T01:01:04.695736+02:00
295883507,de:11000:900063101:1:51,-0.2,2026-10-02T01:01:04.695736+02:00
295883507,de:11000:900060101:1:51,-0.9,2026-10-02T01:01:04.695736+02:00
295883507,de:11000:900054104:1:51,-0.9,2026-10-02T01:01:04.695736+02:00
295883507,de:11000:900057104:1:50,-0.4,2026-10-02T01:01:04.695736+02:00
295883507,de:11000:900057102:1:51,-0.1,2026-10-02T01:01:04.695736+02:00
295883507,de:11000:900012101:2:52,-0.8,2026-10-02T01:01:04.695736+02:00
295883507,de:11000:900100020:4:57,-0.9,2026-10-02T01:01:04.695736+02:00
295883465,de:11000:900100020:3:55,0.0,2026-10-02T01:01:04.695736+02:00
295883465,de:11000:900012101:1:51,-0.5,2026-10-02T01:01:04.695736+02:00
295883465,de:11000:900057102:1:50,-0.7,2026-10-02T01:01:04.695736+02:00
295883465,de:11000:900057104:2:51,-0.4,2026-10-02T01:01:04.695736+02:00
295883465,de:11000:900054104:1:50,-0.3,2026-10-02T01:01:04.695736+02:00
295883465,de:11000:900060101:1:50,-0.3,2026-10-02T01:01:04.695736+02:00
295883465,de:11000:900063101:1:50,-0.1,2026-10-02T01:01:04.695736+02:00
295883465,de:11000:900062202:1:50,-0.1,2026-10-02T01:01:04.695736+02:00
295883465,de:11000:900066102:1:50,-0.2,2026-10-02T01:01:04.695736+02:00
295883465,de:11000:900066101:1:50,-0.1,2026-10-02T01:01:04.695736+02:00
295883465,de:11000:900049202:1:50,-0.3,2026-10-02T01:01:04.695736+02:00
295883465,de:11000:900049201:1:50,-0.4,2026-10-02T01:01:04.695736+02:00
295883457,de:11000:900100020:3:55,0.0,2026-10-02T01:01:04.695736+02:00
295883457,de:11000:900012101:1:51,-0.5,2026-10-02T01:01:04.695736+02:00
295883457,de:11000:900057102:1:50,-0.7,2026-10-02T01:01:04.695736+02:00
295883457,de:11000:900057104:2:51,-0.4,2026-10-02T01:01:04.695736+02:00
295883457,de:11000:900054104:1:50,-0.3,2026-10-02T01:01:04.695736+02:00
295883457,de:11000:900060101:1:50,-0.3,2026-10-02T01:01:04.695736+02:00
295883457,de:11000:900063101:1:50,-0.1,2026-10-02T01:01:04.695736+02:00
295883457,de:11000:900062202:1:50,-0.1,2026-10-02T01:01:04.695736+02:00
295883457,de:11000:900066102:1:50,-0.2,2026-10-02T01:01:04.695736+02:00
295883457,de:11000:900066101:1:50,-0.1,2026-10-02T01:01:04.695736+02:00
295883457,de:11000:900049202:1:50,-0.3,2026-10-02T01:01:04.695736+02:00
295883457,de:11000:900049201:1:51,-0.4,2026-10-02T01:01:04.695736+02:00
295882528,de:11000:900100020:3:55,0.0,2026-10-02T01:01:04.695736+02:00
295882528,de:11000:900012101:1:51,-0.5,2026-10-02T01:01:04.695736+02:00
295882528,de:11000:900057102:1:50,-0.7,2026-10-02T01:01:04.695736+02:00
295882528,de:11000:900057104:2:51,-0.4,2026-10-02T01:01:04.695736+02:00
295882528,de:11000:900054104:1:50,-0.3,2026-10-02T01:01:04.695736+02:00
295882528,de:11000:900060101:1:50,-0.3,2026-10-02T01:01:04.695736+02:00
295882528,de:11000:900063101:1:50,-0.1,2026-10-02T01:01:04.695736+02:00
295882528,de:11000:900062202:1:50,-0.1,2026-10-02T01:01:04.695736+02:00
295882528,de:11000:900066102:1:50,-0.2,2026-10-02T01:01:04.695736+02:00
295882528,de:11000:900066101:1:50,-0.1,2026-10-02T01:01:04.695736+02:00
295882528,de:11000:900049202:1:50,-0.3,2026-10-02T01:01:04.695736+02:00
295882528,de:11000:900049201:1:50,-0.4,2026-10-02T01:01:04.695736+02:00
295882528,de:11000:900050301:1:50,0.0,2026-10-02T01:01:04.695736+02:00
295882528,de:11000:900050355:1:50,-0.1,2026-10-02T01:01:04.695736+02:00
295882528,de:11000:900052201:1:50,-0.5,2026-10-02T01:01:04.695736+02:00
295882528,de:11000:900053301:1:51,-0.9,2026-10-02T01:01:04.695736+02:00
306896761,de:12067:900310013::5,0.0,2026-10-02T01:01:04.695736+02:00
306896761,de:12067:900310557::3,0.0,2026-10-02T01:01:04.695736+02:00
306896761,de:12067:900310555::1,0.0,2026-10-02T01:01:04.695736+02:00
306896761,de:12067:900311114::1,0.0,2026-10-02T01:01:04.695736+02:00
306896761,de:12067:900310002::7,0.0,2026-10-02T01:01:04.695736+02:00
306896761,de:12067:900310864::1,0.0,2026-10-02T01:01:04.695736+02:00
306896761,de:12067:900310861::1,0.0,2026-10-02T01:01:04.695736+02:00
306896761,de:12067:900311157::2,0.0,2026-10-02T01:01:04.695736+02:00
306896761,de:12067:900310860::2,0.0,2026-10-02T01:01:04.695736+02:00
306896761,de:12067:900311125::2,0.0,2026-10-02T01:01:04.695736+02:00
306896761,de:12067:900310936::2,0.0,2026-10-02T01:01:04.695736+02:00
306896761,de:12067:900310788::2,0.0,2026-10-02T01:01:04.695736+02:00
306896761,de:12067:900310696::2,0.0,2026-10-02T01:01:04.695736+02:00
306896761,de:12067:900310001::11,0.0,2026-10-02T01:01:04.695736+02:00
306896768,de:12067:900310013::5,0.0,2026-10-02T01:01:04.695736+02:00
306896768,de:12067:900310557::3,0.0,2026-10-02T01:01:04.695736+02:00
306896768,de:12067:900310555::1,0.0,2026-10-02T01:01:04.695736+02:00
306896768,de:12067:900311114::1,0.0,2026-10-02T01:01:04.695736+02:00
306896768,de:12067:900310002::7,0.0,2026-10-02T01:01:04.695736+02:00
306896768,de:12067:900310864::1,0.0,2026-10-02T01:01:04.695736+02:00
306896768,de:12067:900310861::1,0.0,2026-10-02T01:01:04.695736+02:00
306896768,de:12067:900311157::2,0.0,2026-10-02T01:01:04.695736+02:00
306896768,de:12067:900310860::2,0.0,2026-10-02T01:01:04.695736+02:00
306896768,de:12067:900311125::2,0.0,2026-10-02T01:01:04.695736+02:00
306896768,de:12067:900310936::2,0.0,2026-10-02T01:01:04.695736+02:00
306896768,de:12067:900310788::2,0.0,2026-10-02T01:01:04.695736+02:00
306896768,de:12067:900310696::2,0.0,2026-10-02T01:01:04.695736+02:00
306896768,de:12067:900310001::11,0.0,2026-10-02T01:01:04.695736+02:00
306896908,de:12067:900310001::4,0.0,2026-10-02T01:01:04.695736+02:00
306896908,de:12067:900310816::1,0.0,2026-10-02T01:01:04.695736+02:00
306896908,de:12067:900310627::1,0.0,2026-10-02T01:01:04.695736+02:00
306896908,de:12067:900310781::1,0.0,2026-10-02T01:01:04.695736+02:00
306896908,de:12067:900310822::1,0.0,2026-10-02T01:01:04.695736+02:00
306896908,de:12067:900310771::1,0.0,2026-10-02T01:01:04.695736+02:00
306896908,de:12067:900310800::1,0.0,2026-10-02T01:01:04.695736+02:00
306896908,de:12067:900310879::1,0.0,2026-10-02T01:01:04.695736+02:00
306896908,de:12067:900310010::4,0.0,2026-10-02T01:01:04.695736+02:00
306896908,de:12067:900310880::1,0.0,2026-10-02T01:01:04.695736+02:00
306896908,de:12067:900310900::1,0.0,2026-10-02T01:01:04.695736+02:00
306896908,de:12067:900310917::1,0.0,2026-10-02T01:01:04.695736+02:00
306896908,de:12067:900310916::1,-0.5,2026-10-02T01:01:04.695736+02:00
306896908,de:12067:900310915::1,-0.5,2026-10-02T01:01:04.695736+02:00
306896908,de:12067:900310703::4,0.0,2026-10-02T01:01:04.695736+02:00
306896908,de:12067:900310914::1,0.0,2026-10-02T01:01:04.695736+02:00
306896908,de:12067:900310974::1,0.0,2026-10-02T01:01:04.695736+02:00
306896908,de:12067:900310975::1,0.0,2026-10-02T01:01:04.695736+02:00
306896908,de:12067:900310908::1,0.0,2026-10-02T01:01:04.695736+02:00
306896908,de:12067:900311002::1,0.0,2026-10-02T01:01:04.695736+02:00
306896908,de:12067:900310841::1,0.0,2026-10-02T01:01:04.695736+02:00
306896908,de:12067:900310722::1,-0.5,2026-10-02T01:01:04.695736+02:00
306896908,de:12067:900310637::1,0.0,2026-10-02T01:01:04.695736+02:00
306896908,de:12067:900311129::7,0.0,2026-10-02T01:01:04.695736+02:00
306896908,de:12067:900311129::4,0.0,2026-10-02T01:01:04.695736+02:00
306896908,de:12067:900310727::3,0.0,2026-10-02T01:01:04.695736+02:00
306896908,de:12067:900310755::2,0.0,2026-10-02T01:01:04.695736+02:00
306896908,de:12067:900310728::3,0.0,2026-10-02T01:01:04.695736+02:00
306896908,de:12067:900311129::6,0.0,2026-10-02T01:01:04.695736+02:00
306896962,de:12067:900311308::6,0.0,2026-10-02T01:01:04.695736+02:00
306896962,de:12067:900311335::1,0.0,2026-10-02T01:01:04.695736+02:00
306896962,de:12067:900311339::1,0.0,2026-10-02T01:01:04.695736+02:00
306896962,de:12067:900311340::1,0.0,2026-10-02T01:01:04.695736+02:00
306896962,de:12067:900311339::2,0.0,2026-10-02T01:01:04.695736+02:00
306896962,de:12067:900311341::1,0.0,2026-10-02T01:01:04.695736+02:00
306896962,de:12067:900311345::1,0.0,2026-10-02T01:01:04.695736+02:00
306896962,de:12067:900311359::1,0.0,2026-10-02T01:01:04.695736+02:00
306896962,de:12067:900310027::1,0.0,2026-10-02T01:01:04.695736+02:00
306896962,de:12067:900311317::1,0.0,2026-10-02T01:01:04.695736+02:00
306896962,de:12067:900311384::1,0.0,2026-10-02T01:01:04.695736+02:00
306896962,de:12067:900311316::1,0.0,2026-10-02T01:01:04.695736+02:00
306896962,de:12067:900311376::1,0.0,2026-10-02T01:01:04.695736+02:00
306896962,de:12067:900311377::1,0.0,2026-10-02T01:01:04.695736+02:00
306896962,de:12067:900311362::1,0.0,2026-10-02T01:01:04.695736+02:00
306896962,de:12067:900311363::1,0.0,2026-10-02T01:01:04.695736+02:00
306896962,de:12067:900311365::1,0.0,2026-10-02T01:01:04.695736+02:00
306896962,de:12067:900311374::1,0.0,2026-10-02T01:01:04.695736+02:00
306896962,de:12067:900311364::2,0.0,2026-10-02T01:01:04.695736+02:00
306896962,de:12067:900311371::2,0.0,2026-10-02T01:01:04.695736+02:00
306896962,de:12067:900311336::1,0.0,2026-10-02T01:01:04.695736+02:00
306896962,de:12067:900311352::1,0.0,2026-10-02T01:01:04.695736+02:00
306896962,de:12067:900311333::1,0.0,2026-10-02T01:01:04.695736+02:00
306896962,de:12067:900311334::1,0.0,2026-10-02T01:01:04.695736+02:00
306896962,de:12067:900311304::1,0.0,2026-10-02T01:01:04.695736+02:00
306896962,de:12067:900311305::2,0.0,2026-10-02T01:01:04.695736+02:00
306896962,de:12067:900311383::6,0.0,2026-10-02T01:01:04.695736+02:00
306896962,de:12067:900311353::1,0.0,2026-10-02T01:01:04.695736+02:00
306896962,de:12067:900311321::1,0.0,2026-10-02T01:01:04.695736+02:00
306896962,de:12067:900311350::2,0.0,2026-10-02T01:01:04.695736+02:00
306896962,de:12067:900311348::2,0.0,2026-10-02T01:01:04.695736+02:00
306896962,de:12067:900311308::4,0.0,2026-10-02T01:01:04.695736+02:00
295882554,de:11000:900053301:2:52,0.0,2026-10-02T01:01:04.695736+02:00
295882554,de:11000:900052201:1:51,0.0,2026-10-02T01:01:04.695736+02:00
295882554,de:11000:900050355:1:51,-0.3,2026-10-02T01:01:04.695736+02:00
295882554,de:11000:900050301:1:51,-0.4,2026-10-02T01:01:04.695736+02:00
295882554,de:11000:900049201:1:51,0.0,2026-10-02T01:01:04.695736+02:00
295882554,de:11000:900049202:1:51,0.0,2026-10-02T01:01:04.695736+02:00
295882554,de:11000:900066101:1:51,-0.3,2026-10-02T01:01:04.695736+02:00
295882554,de:11000:900066102:1:51,-0.2,2026-10-02T01:01:04.695736+02:00
295882554,de:11000:900062202:1:51,-0.2,2026-10-02T01:01:04.695736+02:00
295882554,de:11000:900063101:1:51,-0.2,2026-10-02T01:01:04.695736+02:00
295882554,de:11000:900060101:1:51,-0.9,2026-10-02T01:01:04.695736+02:00
295882554,de:11000:900054104:1:51,-0.9,2026-10-02T01:01:04.695736+02:00
295882554,de:11000:900057104:1:50,-0.4,2026-10-02T01:01:04.695736+02:00
295882554,de:11000:900057102:1:51,-0.1,2026-10-02T01:01:04.695736+02:00
295882554,de:11000:900012101:2:52,-0.9,2026-10-02T01:01:04.695736+02:00
295882554,de:11000:900100020:4:57,-0.3,2026-10-02T01:01:04.695736+02:00
295882554,de:11000:900100025:1:51,-0.4,2026-10-02T01:01:04.695736+02:00
295882554,de:11000:900100001:4:57,-0.1,2026-10-02T01:01:04.695736+02:00
295882554,de:11000:900100007:1:51,-0.2,2026-10-02T01:01:04.695736+02:00
295882554,de:11000:900007104:2:52,-0.2,2026-10-02T01:01:04.695736+02:00
295882554,de:11000:900008101:1:51,-0.9,2026-10-02T01:01:04.695736+02:00
295882554,de:11000:900007102:2:53,-0.6,2026-10-02T01:01:04.695736+02:00
295882554,de:11000:900110011:2:53,-0.9,2026-10-02T01:01:04.695736+02:00
295882554,de:11000:900085201:1:50,-0.9,2026-10-02T01:01:04.695736+02:00
295882554,de:11000:900084101:1:50,-0.7,2026-10-02T01:01:04.695736+02:00
295882554,de:11000:900096101:1:50,-0.8,2026-10-02T01:01:04.695736+02:00
295882554,de:11000:900094101:1:50,-0.1,2026-10-02T01:01:04.695736+02:00
295882554,de:11000:900093201:1:50,-0.4,2026-10-02T01:01:04.695736+02:00
295882554,de:11000:900092201:1:50,-0.2,2026-10-02T01:01:04.695736+02:00
306896987,de:12067:900311308::6,0.0,2026-10-02T01:01:04.695736+02:00
306896987,de:12067:900311335::1,0.0,2026-10-02T01:01:04.695736+02:00
306896987,de:12067:900311341::1,0.0,2026-10-02T01:01:04.695736+02:00
306896987,de:12067:900311345::1,0.0,2026-10-02T01:01:04.695736+02:00
306896987,de:12067:900311378::1,0.0,2026-10-02T01:01:04.695736+02:00
306896987,de:12067:900311376::1,0.0,2026-10-02T01:01:04.695736+02:00
306896987,de:12067:900311377::1,0.0,2026-10-02T01:01:04.695736+02:00
306896987,de:12067:900311362::1,0.0,2026-10-02T01:01:04.695736+02:00
306896987,de:12067:900311363::1,0.0,2026-10-02T01:01:04.695736+02:00
306896987,de:12067:900311365::1,0.0,2026-10-02T01:01:04.695736+02:00
306896987,de:12067:900311374::1,0.0,2026-10-02T01:01:04.695736+02:00
306896987,de:12067:900311364::2,0.0,2026-10-02T01:01:04.695736+02:00
306896987,de:12067:900311371::2,0.0,2026-10-02T01:01:04.695736+02:00
306896987,de:12067:900311336::1,0.0,2026-10-02T01:01:04.695736+02:00
306896987,de:12067:900311352::1,0.0,2026-10-02T01:01:04.695736+02:00
306896987,de:12067:900311333::1,0.0,2026-10-02T01:01:04.695736+02:00
306896987,de:12067:900311334::1,0.0,2026-10-02T01:01:04.695736+02:00
306896987,de:12067:900311304::1,0.0,2026-10-02T01:01:04.695736+02:00
306896987,de:12067:900311305::2,0.0,2026-10-02T01:01:04.695736+02:00
306896987,de:12067:900311383::6,0.0,2026-10-02T01:01:04.695736+02:00
306896987,de:12067:900311353::1,0.0,2026-10-02T01:01:04.695736+02:00
306896987,de:12067:900311321::1,0.0,2026-10-02T01:01:04.695736+02:00
306896987,de:12067:900311350::2,0.0,2026-10-02T01:01:04.695736+02:00
306896987,de:12067:900311348::2,0.0,2026-10-02T01:01:04.695736+02:00
306896987,de:12067:900311308::4,0.0,2026-10-02T01:01:04.695736+02:00
306897011,de:12067:900311308::5,0.0,2026-10-02T01:01:04.695736+02:00
306897011,de:12067:900311380::1,0.0,2026-10-02T01:01:04.695736+02:00
306897011,de:12067:900311348::1,0.0,2026-10-02T01:01:04.695736+02:00
306897011,de:12067:900311315::1,0.0,2026-10-02T01:01:04.695736+02:00
306897011,de:12067:900311383::6,0.0,2026-10-02T01:01:04.695736+02:00
306897011,de:12067:900311305::1,0.0,2026-10-02T01:01:04.695736+02:00
306897011,de:12067:900311304::2,0.0,2026-10-02T01:01:04.695736+02:00
306897011,de:12067:900311334::2,0.0,2026-10-02T01:01:04.695736+02:00
306897011,de:12067:900311333::2,0.0,2026-10-02T01:01:04.695736+02:00
306897011,de:12067:900311352::2,0.0,2026-10-02T01:01:04.695736+02:00
306897011,de:12067:900311363::2,0.0,2026-10-02T01:01:04.695736+02:00
306897011,de:12067:900311362::2,0.0,2026-10-02T01:01:04.695736+02:00
306897011,de:12067:900311377::2,0.0,2026-10-02T01:01:04.695736+02:00
306897011,de:12067:900311376::2,0.0,2026-10-02T01:01:04.695736+02:00
306897011,de:12067:900311316::2,0.0,2026-10-02T01:01:04.695736+02:00
306897011,de:12067:900311384::2,0.0,2026-10-02T01:01:04.695736+02:00
306897011,de:12067:900311317::2,0.0,2026-10-02T01:01:04.695736+02:00
306897011,de:12067:900310027::2,0.0,2026-10-02T01:01:04.695736+02:00
306897011,de:12067:900311359::2,0.0,2026-10-02T01:01:04.695736+02:00
306897011,de:12067:900311345::2,0.0,2026-10-02T01:01:04.695736+02:00
306897011,de:12067:900311341::2,0.0,2026-10-02T01:01:04.695736+02:00
306897011,de:12067:900311339::1,0.0,2026-10-02T01:01:04.695736+02:00
306897011,de:12067:900311340::1,0.0,2026-10-02T01:01:04.695736+02:00
306897011,de:12067:900311339::2,0.0,2026-10-02T01:01:04.695736+02:00
306897011,de:12067:900311309::1,0.0,2026-10-02T01:01:04.695736+02:00
306897011,de:12067:900311310::1,0.0,2026-10-02T01:01:04.695736+02:00
306897011,de:12067:900311307::1,0.0,2026-10-02T01:01:04.695736+02:00
306897011,de:12067:900311308::4,0.0,2026-10-02T01:01:04.695736+02:00
306897155,de:12067:900311565::2,0.0,2026-10-02T01:01:04.695736+02:00
306897155,de:12067:900311224::2,0.0,2026-10-02T01:01:04.695736+02:00
306897155,de:12067:900311225::2,0.0,2026-10-02T01:01:04.695736+02:00
306897155,de:12067:900311419::2,0.0,2026-10-02T01:01:04.695736+02:00
306897155,de:12067:900311221::4,0.0,2026-10-02T01:01:04.695736+02:00
306897155,de:12067:900311221::2,0.0,2026-10-02T01:01:04.695736+02:00
306897155,de:12067:900311430::1,0.0,2026-10-02T01:01:04.695736+02:00
306897155,de:12067:900311221::1,0.0,2026-10-02T01:01:04.695736+02:00
306897155,de:12067:900311520::2,0.0,2026-10-02T01:01:04.695736+02:00
306897155,de:12067:900311563::1,0.0,2026-10-02T01:01:04.695736+02:00
306897155,de:12067:900311512::2,0.0,2026-10-02T01:01:04.695736+02:00
306897155,de:12067:900311510::2,0.0,2026-10-02T01:01:04.695736+02:00
306897155,de:12067:900311513::2,0.0,2026-10-02T01:01:04.695736+02:00
306897155,de:12067:900311513::1,0.0,2026-10-02T01:01:04.695736+02:00
306897155,de:12067:900311511::2,0.0,2026-10-02T01:01:04.695736+02:00
306897155,de:12067:900310601::2,0.0,2026-10-02T01:01:04.695736+02:00
306897155,de:12067:900311364::2,0.0,2026-10-02T01:01:04.695736+02:00
306897155,de:12067:900311371::2,0.0,2026-10-02T01:01:04.695736+02:00
306897155,de:12067:900311336::1,0.0,2026-10-02T01:01:04.695736+02:00
306897155,de:12067:900311352::1,0.0,2026-10-02T01:01:04.695736+02:00
306897155,de:12067:900311354::1,0.0,2026-10-02T01:01:04.695736+02:00
306897155,de:12067:900311320::2,0.0,2026-10-02T01:01:04.695736+02:00
306897155,de:12067:900311305::2,0.0,2026-10-02T01:01:04.695736+02:00
306897155,de:12067:900311383::1,0.0,2026-10-02T01:01:04.695736+02:00
306897155,de:12067:900311383::1,-9.0,2026-10-02T01:01:04.695736+02:00
306897155,de:12067:900311312::1,0.0,2026-10-02T01:01:04.695736+02:00
306897155,de:12067:900311311::1,0.0,2026-10-02T01:01:04.695736+02:00
306897155,de:12067:900311356::1,0.0,2026-10-02T01:01:04.695736+02:00
306897155,de:12067:900311325::2,0.0,2026-10-02T01:01:04.695736+02:00
306897155,de:12067:900311383::1,9.0,2026-10-02T01:01:04.695736+02:00
306897155,de:12067:900311383::1,0.0,2026-10-02T01:01:04.695736+02:00
306897155,de:12067:900311315::2,0.0,2026-10-02T01:01:04.695736+02:00
306897155,de:12067:900311348::2,0.0,2026-10-02T01:01:04.695736+02:00
306897155,de:12067:900311308::4,0.0,2026-10-02T01:01:04.695736+02:00
306897242,de:12067:900311482::3,0.0,2026-10-02T01:01:04.695736+02:00
306897242,de:12067:900311490::2,0.0,2026-10-02T01:01:04.695736+02:00
306897242,de:12067:900311478::2,0.0,2026-10-02T01:01:04.695736+02:00
306897242,de:12067:900311477::2,0.0,2026-10-02T01:01:04.695736+02:00
306897242,de:12067:900311442::2,0.0,2026-10-02T01:01:04.695736+02:00
306897242,de:12067:900311560::1,0.0,2026-10-02T01:01:04.695736+02:00
306897242,de:12067:900311401::2,0.0,2026-10-02T01:01:04.695736+02:00
306897242,de:12067:900311543::2,0.0,2026-10-02T01:01:04.695736+02:00
306897242,de:12067:900311542::1,0.0,2026-10-02T01:01:04.695736+02:00
306897242,de:12067:900311530::2,0.0,2026-10-02T01:01:04.695736+02:00
306897242,de:12067:900311531::2,0.0,2026-10-02T01:01:04.695736+02:00
306897242,de:12067:900311306::2,0.0,2026-10-02T01:01:04.695736+02:00
306897242,de:12067:900311356::2,0.0,2026-10-02T01:01:04.695736+02:00
306897242,de:12067:900311311::2,0.0,2026-10-02T01:01:04.695736+02:00
306897242,de:12067:900311312::2,0.0,2026-10-02T01:01:04.695736+02:00
306897242,de:12067:900311383::5,0.0,2026-10-02T01:01:04.695736+02:00
306897242,de:12067:900311315::2,0.0,2026-10-02T01:01:04.695736+02:00
306897242,de:12067:900311348::2,0.0,2026-10-02T01:01:04.695736+02:00
306897242,de:12067:900311308::4,0.0,2026-10-02T01:01:04.695736+02:00
306897265,de:12067:900311308::5,0.0,2026-10-02T01:01:04.695736+02:00
306897265,de:12067:900311380::1,0.0,2026-10-02T01:01:04.695736+02:00
306897265,de:12067:900311348::1,0.0,2026-10-02T01:01:04.695736+02:00
306897265,de:12067:900311315::1,0.0,2026-10-02T01:01:04.695736+02:00
306897265,de:12067:900311383::2,0.0,2026-10-02T01:01:04.695736+02:00
306897265,de:12067:900311312::1,0.0,2026-10-02T01:01:04.695736+02:00
306897265,de:12067:900311311::1,0.0,2026-10-02T01:01:04.695736+02:00
306897265,de:12067:900311402::2,0.0,2026-10-02T01:01:04.695736+02:00
306897265,de:12067:900311227::2,0.0,2026-10-02T01:01:04.695736+02:00
306897265,de:12067:900311229::1,0.0,2026-10-02T01:01:04.695736+02:00
306897265,de:12067:900311239::1,0.0,2026-10-02T01:01:04.695736+02:00
306897265,de:12067:900311228::1,0.0,2026-10-02T01:01:04.695736+02:00
306897265,de:12067:900311269::1,0.0,2026-10-02T01:01:04.695736+02:00
306897265,de:12067:900310858::1,0.0,2026-10-02T01:01:04.695736+02:00
306897265,de:12067:900310060::2,0.0,2026-10-02T01:01:04.695736+02:00
306897265,de:12067:900310858::3,0.0,2026-10-02T01:01:04.695736+02:00
306897265,de:12067:900310935::1,0.0,2026-10-02T01:01:04.695736+02:00
306897265,de:12067:900311483::1,0.0,2026-10-02T01:01:04.695736+02:00
306897265,de:12067:900311480::1,0.0,2026-10-02T01:01:04.695736+02:00
306896038,de:12064:900320007::4,0.0,2026-10-02T01:01:04.695736+02:00
306896038,de:12064:900320113::2,0.0,2026-10-02T01:01:04.695736+02:00
306896038,de:12067:900310523::2,0.0,2026-10-02T01:01:04.695736+02:00
306896038,de:12067:900310535::2,0.0,2026-10-02T01:01:04.695736+02:00
306896038,de:12067:900310522::2,0.0,2026-10-02T01:01:04.695736+02:00
306896038,de:12067:900310021::2,0.0,2026-10-02T01:01:04.695736+02:00
306896038,de:12067:900310500::1,0.0,2026-10-02T01:01:04.695736+02:00
306896038,de:12067:900310501::2,0.0,2026-10-02T01:01:04.695736+02:00
306896038,de:12067:900310020::2,0.0,2026-10-02T01:01:04.695736+02:00
306896038,de:12067:900310528::2,0.0,2026-10-02T01:01:04.695736+02:00
306896038,de:12067:900310529::2,0.0,2026-10-02T01:01:04.695736+02:00
306896038,de:12067:900311012::2,0.0,2026-10-02T01:01:04.695736+02:00
306896038,de:12067:900311014::2,0.0,2026-10-02T01:01:04.695736+02:00
306896038,de:12067:900310536::2,0.0,2026-10-02T01:01:04.695736+02:00
306896038,de:12067:900310543::2,0.0,2026-10-02T01:01:04.695736+02:00
306896038,de:12067:900310578::4,0.0,2026-10-02T01:01:04.695736+02:00
306896038,de:12067:900310534::2,0.0,2026-10-02T01:01:04.695736+02:00
306896038,de:11000:900310550::2,0.0,2026-10-02T01:01:04.695736+02:00
306896038,de:12067:900310572::2,0.0,2026-10-02T01:01:04.695736+02:00
306896038,de:12067:900310013::7,0.0,2026-10-02T01:01:04.695736+02:00
307438431,de:12062:900415167:1:50,0.0,2026-10-02T01:01:04.695736+02:00
307438431,de:12062:900416008:2:51,0.0,2026-10-02T01:01:04.695736+02:00
307438431,de:12066:900435203:1:50,0.0,2026-10-02T01:01:04.695736+02:00
307438431,de:12066:900435061:3:54,0.0,2026-10-02T01:01:04.695736+02:00
307438431,de:12066:900435000:1:50,0.0,2026-10-02T01:01:04.695736+02:00
307438431,de:12066:900435001:1:50,0.0,2026-10-02T01:01:04.695736+02:00
307438431,de:12052:900470000:1:50,0.0,2026-10-02T01:01:04.695736+02:00
307433585,de:12072:900245029:2:52,0.0,2026-10-02T01:01:04.695736+02:00
307433585,de:12072:900245030:2:51,0.0,2026-10-02T01:01:04.695736+02:00
307433585,de:12061:900260009:2:54,0.0,2026-10-02T01:01:04.695736+02:00
307433585,de:11000:900192001:1:51,0.0,2026-10-02T01:01:04.695736+02:00
307433585,de:11000:900120003:4:57,0.0,2026-10-02T01:01:04.695736+02:00
307433585,de:11000:900160004:3:54,0.0,2026-10-02T01:01:04.695736+02:00
307433585,de:11000:900152001:2:52,0.0,2026-10-02T01:01:04.695736+02:00
307433585,de:12065:900200005:2:1,0.0,2026-10-02T01:01:04.695736+02:00
307431397,de:12065:900200000:1:51,0.0,2026-10-02T01:01:04.695736+02:00
307431397,de:12063:900210010:2:51,0.0,2026-10-02T01:01:04.695736+02:00
307431397,de:11000:900029101:3:55,0.0,2026-10-02T01:01:04.695736+02:00
307431397,de:11000:900024101:1:51,0.0,2026-10-02T01:01:04.695736+02:00
307431397,de:11000:900053301:3:54,0.0,2026-10-02T01:01:04.695736+02:00
307431397,de:12054:900230003:3:52,0.0,2026-10-02T01:01:04.695736+02:00
307431397,de:12054:900230999:1:51,0.0,2026-10-02T01:01:04.695736+02:00
307431397,de:12054:900230006:1:50,0.0,2026-10-02T01:01:04.695736+02:00
307431397,de:12054:900230007:1:50,0.0,2026-10-02T01:01:04.695736+02:00
307431397,de:12054:900220010:1:50,0.0,2026-10-02T01:01:04.695736+02:00
307431397,de:12054:900220012:2:51,0.0,2026-10-02T01:01:04.695736+02:00
307431397,de:12063:900210001:2:51,0.0,2026-10-02T01:01:04.695736+02:00
307432805,de:11000:900160004:2:52,0.0,2026-10-02T01:01:04.695736+02:00
307432805,de:11000:900152001:2:52,0.0,2026-10-02T01:01:04.695736+02:00
307432805,de:12060:900350160:2:53,0.0,2026-10-02T01:01:04.695736+02:00
307432805,de:12060:900350158:1:50,0.0,2026-10-02T01:01:04.695736+02:00
307432805,de:12060:900350137:1:50,0.0,2026-10-02T01:01:04.695736+02:00
307432805,de:12060:900350126:1:50,0.0,2026-10-02T01:01:04.695736+02:00
307432805,de:12060:900350127:2:51,0.0,2026-10-02T01:01:04.695736+02:00
306896648,de:12067:900310611::1,0.0,2026-10-02T01:01:04.695736+02:00
306896648,de:12067:900311058::2,0.0,2026-10-02T01:01:04.695736+02:00
306896648,de:12067:900311110::4,0.0,2026-10-02T01:01:04.695736+02:00
306896648,de:12067:900311059::2,0.0,2026-10-02T01:01:04.695736+02:00
306896648,de:12067:900311069::1,0.0,2026-10-02T01:01:04.695736+02:00
306896648,de:12067:900311118::1,0.0,2026-10-02T01:01:04.695736+02:00
306896648,de:12067:900310966::1,0.0,2026-10-02T01:01:04.695736+02:00
306896648,de:12067:900310997::1,0.0,2026-10-02T01:01:04.695736+02:00
306896648,de:12067:900310998::1,0.0,2026-10-02T01:01:04.695736+02:00
306896648,de:12067:900310997::2,0.0,2026-10-02T01:01:04.695736+02:00
306896648,de:12067:900310966::2,0.0,2026-10-02T01:01:04.695736+02:00
306896648,de:12067:900311118::2,0.0,2026-10-02T01:01:04.695736+02:00
306896648,de:12067:900310904::2,0.0,2026-10-02T01:01:04.695736+02:00
306896648,de:12067:900310991::2,0.0,2026-10-02T01:01:04.695736+02:00
306896648,de:12067:900310990::1,0.0,2026-10-02T01:01:04.695736+02:00
306896648,de:12067:900310989::2,0.0,2026-10-02T01:01:04.695736+02:00
306896648,de:12067:900310992::2,-0.5,2026-10-02T01:01:04.695736+02:00
306896648,de:12067:900310995::1,0.0,2026-10-02T01:01:04.695736+02:00
306896648,de:12067:900310779::2,0.0,2026-10-02T01:01:04.695736+02:00
306896648,de:12067:900310808::2,0.0,2026-10-02T01:01:04.695736+02:00
306896648,de:12067:900310822::2,0.0,2026-10-02T01:01:04.695736+02:00
306896648,de:12067:900310781::2,0.0,2026-10-02T01:01:04.695736+02:00
306896648,de:12067:900310627::2,0.0,2026-10-02T01:01:04.695736+02:00
306896648,de:12067:900310816::2,0.0,2026-10-02T01:01:04.695736+02:00
306896648,de:12067:900310022::1,0.0,2026-10-02T01:01:04.695736+02:00
306896648,de:12067:900310001::11,0.0,2026-10-02T01:01:04.695736+02:00
306896634,de:12067:900310611::1,0.0,2026-10-02T01:01:04.695736+02:00
306896634,de:12067:900311058::2,0.0,2026-10-02T01:01:04.695736+02:00
306896634,de:12067:900311110::4,0.0,2026-10-02T01:01:04.695736+02:00
306896634,de:12067:900311059::2,0.0,2026-10-02T01:01:04.695736+02:00
306896634,de:12067:900311069::1,0.0,2026-10-02T01:01:04.695736+02:00
306896634,de:12067:900311118::1,0.0,2026-10-02T01:01:04.695736+02:00
306896634,de:12067:900310966::1,0.0,2026-10-02T01:01:04.695736+02:00
306896634,de:12067:900310997::1,0.0,2026-10-02T01:01:04.695736+02:00
306896634,de:12067:900310998::1,0.0,2026-10-02T01:01:04.695736+02:00
306896634,de:12067:900310997::2,0.0,2026-10-02T01:01:04.695736+02:00
306896634,de:12067:900310966::2,0.0,2026-10-02T01:01:04.695736+02:00
306896634,de:12067:900311118::2,0.0,2026-10-02T01:01:04.695736+02:00
306896634,de:12067:900310904::2,0.0,2026-10-02T01:01:04.695736+02:00
306896634,de:12067:900310991::2,0.0,2026-10-02T01:01:04.695736+02:00
306896634,de:12067:900310990::1,0.0,2026-10-02T01:01:04.695736+02:00
306896634,de:12067:900310989::2,0.0,2026-10-02T01:01:04.695736+02:00
306896634,de:12067:900310992::2,-0.5,2026-10-02T01:01:04.695736+02:00
306896634,de:12067:900310995::1,0.0,2026-10-02T01:01:04.695736+02:00
306896634,de:12067:900310779::2,0.0,2026-10-02T01:01:04.695736+02:00
306896634,de:12067:900310808::2,0.0,2026-10-02T01:01:04.695736+02:00
306896634,de:12067:900310822::2,0.0,2026-10-02T01:01:04.695736+02:00
306896634,de:12067:900310781::2,0.0,2026-10-02T01:01:04.695736+02:00
306896634,de:12067:900310627::2,0.0,2026-10-02T01:01:04.695736+02:00
306896634,de:12067:900310816::2,0.0,2026-10-02T01:01:04.695736+02:00
306896634,de:12067:900310022::1,0.0,2026-10-02T01:01:04.695736+02:00
306896634,de:12067:900310001::11,0.0,2026-10-02T01:01:04.695736+02:00
307430569,de:12054:900230003:4:53,0.0,2026-10-02T01:01:04.695736+02:00
307430569,de:12054:900230999:1:51,0.0,2026-10-02T01:01:04.695736+02:00
307430569,de:12054:900230006:1:50,0.0,2026-10-02T01:01:04.695736+02:00
307430569,de:12054:900230007:2:52,0.0,2026-10-02T01:01:04.695736+02:00
307430569,de:12054:900220010:1:50,0.0,2026-10-02T01:01:04.695736+02:00
307430569,de:12054:900220012:2:51,0.0,2026-10-02T01:01:04.695736+02:00
307430569,de:12063:900210001:2:51,0.0,2026-10-02T01:01:04.695736+02:00
307430569,de:12065:900200000:1:51,0.0,2026-10-02T01:01:04.695736+02:00
307430569,de:12065:900200010:1:50,0.0,2026-10-02T01:01:04.695736+02:00
307430569,de:12065:900200008:1:50,0.0,2026-10-02T01:01:04.695736+02:00
307430569,de:12065:900200005:1:2,0.0,2026-10-02T01:01:04.695736+02:00
307435503,de:11000:900003200:1:50,0.0,2026-10-02T01:01:04.695736+02:00
307435503,de:11000:900100020:1:50,0.0,2026-10-02T01:01:04.695736+02:00
307435503,de:11000:900058101:2:52,0.0,2026-10-02T01:01:04.695736+02:00
307435503,de:12061:900260009:2:54,0.0,2026-10-02T01:01:04.695736+02:00
307430426,de:12063:900210005:2:53,0.0,2026-10-02T01:01:04.695736+02:00
307430426,de:12063:900210326:2:51,0.0,2026-10-02T01:01:04.695736+02:00
307430426,de:12063:900210011:2:51,0.0,2026-10-02T01:01:04.695736+02:00
307430426,de:12063:900210010:2:51,0.0,2026-10-02T01:01:04.695736+02:00
307430426,de:12063:900210180:2:51,0.0,2026-10-02T01:01:04.695736+02:00
307430426,de:11000:900037168:2:51,0.0,2026-10-02T01:01:04.695736+02:00
307430426,de:11000:900029101:3:54,0.0,2026-10-02T01:01:04.695736+02:00
295893113,de:12072:900245027:2:52,0.0,2026-10-02T01:01:04.695736+02:00
295893113,de:12072:900245028:1:50,-0.9,2026-10-02T01:01:04.695736+02:00
295893113,de:11000:900074201:1:50,-0.9,2026-10-02T01:01:04.695736+02:00
295893113,de:11000:900074202:2:51,-0.1,2026-10-02T01:01:04.695736+02:00
295893113,de:11000:900072101:2:51,-0.1,2026-10-02T01:01:04.695736+02:00
295893113,de:11000:900073101:1:51,-0.4,2026-10-02T01:01:04.695736+02:00
295893113,de:11000:900068301:1:51,-0.7,2026-10-02T01:01:04.695736+02:00
295893113,de:11000:900058102:2:51,-0.7,2026-10-02T01:01:04.695736+02:00
295893113,de:11000:900058101:1:51,-0.3,2026-10-02T01:01:04.695736+02:00
295893113,de:11000:900058103:1:51,-0.1,2026-10-02T01:01:04.695736+02:00
295893113,de:11000:900012101:2:53,-0.7,2026-10-02T01:01:04.695736+02:00
295893113,de:11000:900100020:4:57,-0.8,2026-10-02T01:01:04.695736+02:00
295893113,de:11000:900100025:1:51,-0.9,2026-10-02T01:01:04.695736+02:00
295893113,de:11000:900100001:4:57,-0.6,2026-10-02T01:01:04.695736+02:00
295893113,de:11000:900100007:1:51,-0.7,2026-10-02T01:01:04.695736+02:00
295893113,de:11000:900007104:2:52,-0.7,2026-10-02T01:01:04.695736+02:00
295893113,de:11000:900008101:1:51,-0.4,2026-10-02T01:01:04.695736+02:00
295893113,de:11000:900007102:2:53,-0.1,2026-10-02T01:01:04.695736+02:00
295893113,de:11000:900110011:2:52,-0.4,2026-10-02T01:01:04.695736+02:00
295893113,de:11000:900130002:1:50,-0.7,2026-10-02T01:01:04.695736+02:00
295893113,de:11000:900130001:1:50,-0.4,2026-10-02T01:01:04.695736+02:00
295893113,de:11000:900142001:1:50,-0.9,2026-10-02T01:01:04.695736+02:00
295893113,de:11000:900143001:1:51,-0.7,2026-10-02T01:01:04.695736+02:00
295893113,de:11000:900135001:1:50,-0.4,2026-10-02T01:01:04.695736+02:00
295893113,de:12060:900350162:1:50,0.0,2026-10-02T01:01:04.695736+02:00
295893113,de:12060:900350163:1:51,-0.4,2026-10-02T01:01:04.695736+02:00
295893113,de:12060:900350161:1:50,-0.7,2026-10-02T01:01:04.695736+02:00
295893113,de:12060:900350160:1:51,-0.4,2026-10-02T01:01:04.695736+02:00
295892998,de:12060:900350160:1:51,0.0,2026-10-02T01:01:04.695736+02:00
295892998,de:12060:900350161:1:50,-0.3,2026-10-02T01:01:04.695736+02:00
295892998,de:12060:900350163:1:50,-0.1,2026-10-02T01:01:04.695736+02:00
295892998,de:12060:900350162:1:50,-0.8,2026-10-02T01:01:04.695736+02:00
295892998,de:11000:900135001:1:50,-0.3,2026-10-02T01:01:04.695736+02:00
295892998,de:11000:900143001:1:51,-0.8,2026-10-02T01:01:04.695736+02:00
295892998,de:11000:900142001:1:51,-0.3,2026-10-02T01:01:04.695736+02:00
295892998,de:11000:900130001:1:51,-0.8,2026-10-02T01:01:04.695736+02:00
295892998,de:11000:900130002:1:51,-0.3,2026-10-02T01:01:04.695736+02:00
295892998,de:11000:900110011:1:51,-0.7,2026-10-02T01:01:04.695736+02:00
295892998,de:11000:900007102:1:50,-0.7,2026-10-02T01:01:04.695736+02:00
295892998,de:11000:900008101:1:50,-0.5,2026-10-02T01:01:04.695736+02:00
295892998,de:11000:900007104:1:51,-0.2,2026-10-02T01:01:04.695736+02:00
295892998,de:11000:900100007:1:50,-0.2,2026-10-02T01:01:04.695736+02:00
295892998,de:11000:900100001:4:56,0.0,2026-10-02T01:01:04.695736+02:00
295892998,de:11000:900100025:1:50,-0.9,2026-10-02T01:01:04.695736+02:00
295892998,de:11000:900100020:3:54,-0.9,2026-10-02T01:01:04.695736+02:00
295892998,de:11000:900012101:1:51,0.0,2026-10-02T01:01:04.695736+02:00
295892998,de:11000:900058103:1:50,-0.8,2026-10-02T01:01:04.695736+02:00
295892998,de:11000:900058101:1:50,-0.4,2026-10-02T01:01:04.695736+02:00
295892998,de:11000:900058102:1:50,-0.4,2026-10-02T01:01:04.695736+02:00
295892998,de:11000:900068301:1:50,-0.7,2026-10-02T01:01:04.695736+02:00
295892998,de:11000:900073101:1:50,-0.9,2026-10-02T01:01:04.695736+02:00
295892998,de:11000:900072101:1:50,-0.2,2026-10-02T01:01:04.695736+02:00
295892998,de:11000:900074202:1:50,-0.2,2026-10-02T01:01:04.695736+02:00
295892998,de:11000:900074201:1:50,-0.4,2026-10-02T01:01:04.695736+02:00
295892998,de:12072:900245028:1:51,-0.9,2026-10-02T01:01:04.695736+02:00
295892998,de:12072:900245027:2:52,-0.9,2026-10-02T01:01:04.695736+02:00
307430090,de:11000:900003200:1:50,0.0,2026-10-02T01:01:04.695736+02:00
307430090,de:11000:900100020:1:50,0.0,2026-10-02T01:01:04.695736+02:00
307430090,de:11000:900058101:2:52,0.0,2026-10-02T01:01:04.695736+02:00
307430090,de:12061:900260009:2:54,0.0,2026-10-02T01:01:04.695736+02:00
307430312,de:12061:900260009:2:54,0.0,2026-10-02T01:01:04.695736+02:00
307430312,de:11000:900058101:4:57,0.0,2026-10-02T01:01:04.695736+02:00
307430312,de:11000:900100020:2:53,0.0,2026-10-02T01:01:04.695736+02:00
307430312,de:11000:900003200:4:57,0.0,2026-10-02T01:01:04.695736+02:00
307430174,de:11000:900003200:1:50,0.0,2026-10-02T01:01:04.695736+02:00
307430174,de:11000:900100020:1:50,0.0,2026-10-02T01:01:04.695736+02:00
307430174,de:11000:900058101:2:52,0.0,2026-10-02T01:01:04.695736+02:00
307430174,de:12061:900260009:2:53,0.0,2026-10-02T01:01:04.695736+02:00
307430290,de:12061:900260009:2:54,0.0,2026-10-02T01:01:04.695736+02:00
307430290,de:11000:900058101:3:55,0.0,2026-10-02T01:01:04.695736+02:00
307430290,de:11000:900100020:2:53,0.0,2026-10-02T01:01:04.695736+02:00
307430290,de:11000:900003200:4:57,0.0,2026-10-02T01:01:04.695736+02:00
295900295,de:12065:900200000:4:54,0.0,2026-10-02T01:01:04.695736+02:00
295900295,de:11000:900091203:1:50,0.0,2026-10-02T01:01:04.695736+02:00
295900295,de:11000:900091205:1:50,-0.2,2026-10-02T01:01:04.695736+02:00
295900295,de:11000:900089303:1:51,-0.5,2026-10-02T01:01:04.695736+02:00
295900295,de:11000:900096405:1:50,-0.8,2026-10-02T01:01:04.695736+02:00
295900295,de:11000:900096458:1:50,-0.5,2026-10-02T01:01:04.695736+02:00
295900295,de:11000:900085105:1:50,-0.8,2026-10-02T01:01:04.695736+02:00
295900295,de:11000:900085201:1:51,0.0,2026-10-02T01:01:04.695736+02:00
295900295,de:11000:900130003:1:51,-0.8,2026-10-02T01:01:04.695736+02:00
295900295,de:11000:900110011:1:50,-0.9,2026-10-02T01:01:04.695736+02:00
295900295,de:11000:900007102:1:50,-0.7,2026-10-02T01:01:04.695736+02:00
295900295,de:11000:900008101:1:50,-0.4,2026-10-02T01:01:04.695736+02:00
295900295,de:11000:900007104:1:51,-0.2,2026-10-02T01:01:04.695736+02:00
295900295,de:11000:900100007:1:50,-0.2,2026-10-02T01:01:04.695736+02:00
295900295,de:11000:900100001:4:56,0.0,2026-10-02T01:01:04.695736+02:00
295900295,de:11000:900100025:1:50,-0.9,2026-10-02T01:01:04.695736+02:00
295900295,de:11000:900100020:3:54,-0.9,2026-10-02T01:01:04.695736+02:00
295900295,de:11000:900012101:1:51,0.0,2026-10-02T01:01:04.695736+02:00
295900295,de:11000:900058103:1:50,-0.7,2026-10-02T01:01:04.695736+02:00
295900295,de:11000:900058101:1:50,-0.3,2026-10-02T01:01:04.695736+02:00
295900295,de:11000:900058102:1:52,0.0,2026-10-02T01:01:04.695736+02:00
295900295,de:11000:900063452:1:50,-0.1,2026-10-02T01:01:04.695736+02:00
295900295,de:11000:900067221:1:50,-0.2,2026-10-02T01:01:04.695736+02:00
295900295,de:11000:900064301:3:52,-0.2,2026-10-02T01:01:04.695736+02:00
295900295,de:11000:900064256:1:50,-0.7,2026-10-02T01:01:04.695736+02:00
295900295,de:11000:900064201:1:50,-0.6,2026-10-02T01:01:04.695736+02:00
295900295,de:12069:900220114:1:51,-0.9,2026-10-02T01:01:04.695736+02:00
295900288,de:12065:900200000:4:54,0.0,2026-10-02T01:01:04.695736+02:00
295900288,de:11000:900091203:1:50,0.0,2026-10-02T01:01:04.695736+02:00
295900288,de:11000:900091205:1:50,-0.2,2026-10-02T01:01:04.695736+02:00
295900288,de:11000:900089303:1:51,-0.5,2026-10-02T01:01:04.695736+02:00
295900288,de:11000:900096405:1:50,-0.8,2026-10-02T01:01:04.695736+02:00
295900288,de:11000:900096458:1:50,-0.5,2026-10-02T01:01:04.695736+02:00
295900288,de:11000:900085105:1:50,-0.8,2026-10-02T01:01:04.695736+02:00
295900288,de:11000:900085201:1:51,0.0,2026-10-02T01:01:04.695736+02:00
295900288,de:11000:900130003:1:51,-0.8,2026-10-02T01:01:04.695736+02:00
295900288,de:11000:900110011:1:50,-0.9,2026-10-02T01:01:04.695736+02:00
295900288,de:11000:900007102:1:50,-0.7,2026-10-02T01:01:04.695736+02:00
295900288,de:11000:900008101:1:50,-0.4,2026-10-02T01:01:04.695736+02:00
295900288,de:11000:900007104:1:51,-0.2,2026-10-02T01:01:04.695736+02:00
295900288,de:11000:900100007:1:50,-0.2,2026-10-02T01:01:04.695736+02:00
295900288,de:11000:900100001:4:56,0.0,2026-10-02T01:01:04.695736+02:00
295900288,de:11000:900100025:1:50,-0.9,2026-10-02T01:01:04.695736+02:00
295900288,de:11000:900100020:3:54,-0.9,2026-10-02T01:01:04.695736+02:00
295900288,de:11000:900012101:1:51,0.0,2026-10-02T01:01:04.695736+02:00
295900288,de:11000:900058103:1:50,-0.7,2026-10-02T01:01:04.695736+02:00
295900288,de:11000:900058101:1:50,-0.3,2026-10-02T01:01:04.695736+02:00
295900288,de:11000:900058102:1:52,0.0,2026-10-02T01:01:04.695736+02:00
295900288,de:11000:900063452:1:50,-0.1,2026-10-02T01:01:04.695736+02:00
295900288,de:11000:900067221:1:50,-0.2,2026-10-02T01:01:04.695736+02:00
295900288,de:11000:900064301:3:52,-0.2,2026-10-02T01:01:04.695736+02:00
295900288,de:11000:900064256:1:50,-0.7,2026-10-02T01:01:04.695736+02:00
295900288,de:11000:900064201:1:50,-0.6,2026-10-02T01:01:04.695736+02:00
295900288,de:12069:900220114:1:51,-0.9,2026-10-02T01:01:04.695736+02:00
295900244,de:12065:900200000:1:55,0.0,2026-10-02T01:01:04.695736+02:00
295900244,de:11000:900091203:1:50,0.0,2026-10-02T01:01:04.695736+02:00
295900244,de:11000:900091205:1:50,-0.2,2026-10-02T01:01:04.695736+02:00
295900244,de:11000:900089303:1:51,-0.5,2026-10-02T01:01:04.695736+02:00
295900244,de:11000:900096405:1:50,-0.8,2026-10-02T01:01:04.695736+02:00
295900244,de:11000:900096458:1:50,-0.5,2026-10-02T01:01:04.695736+02:00
295900244,de:11000:900085105:1:50,-0.8,2026-10-02T01:01:04.695736+02:00
295900244,de:11000:900085201:1:51,0.0,2026-10-02T01:01:04.695736+02:00
295900244,de:11000:900130003:1:51,-0.8,2026-10-02T01:01:04.695736+02:00
295900244,de:11000:900110011:1:50,-0.9,2026-10-02T01:01:04.695736+02:00
295900244,de:11000:900007102:1:50,-0.7,2026-10-02T01:01:04.695736+02:00
295900244,de:11000:900008101:1:50,-0.4,2026-10-02T01:01:04.695736+02:00
295900244,de:11000:900007104:1:51,-0.2,2026-10-02T01:01:04.695736+02:00
295900244,de:11000:900100007:1:50,-0.2,2026-10-02T01:01:04.695736+02:00
295900244,de:11000:900100001:4:56,0.0,2026-10-02T01:01:04.695736+02:00
295900244,de:11000:900100025:1:50,-0.9,2026-10-02T01:01:04.695736+02:00
295900244,de:11000:900100020:3:54,-0.9,2026-10-02T01:01:04.695736+02:00
295900244,de:11000:900012101:1:51,0.0,2026-10-02T01:01:04.695736+02:00
295900244,de:11000:900058103:1:50,-0.7,2026-10-02T01:01:04.695736+02:00
295900244,de:11000:900058101:1:50,-0.3,2026-10-02T01:01:04.695736+02:00
295900244,de:11000:900058102:1:52,0.0,2026-10-02T01:01:04.695736+02:00
295900244,de:11000:900063452:1:50,-0.1,2026-10-02T01:01:04.695736+02:00
295900244,de:11000:900067221:1:50,-0.2,2026-10-02T01:01:04.695736+02:00
295900244,de:11000:900064301:3:52,-0.2,2026-10-02T01:01:04.695736+02:00
295900244,de:11000:900064256:1:50,-0.7,2026-10-02T01:01:04.695736+02:00
295900244,de:11000:900064201:1:50,-0.6,2026-10-02T01:01:04.695736+02:00
295900244,de:12069:900220114:1:51,-0.9,2026-10-02T01:01:04.695736+02:00
295896139,de:11000:900100020:3:54,0.0,2026-10-02T01:01:04.695736+02:00
295896139,de:11000:900012101:1:51,0.0,2026-10-02T01:01:04.695736+02:00
295896139,de:11000:900058103:1:50,-0.8,2026-10-02T01:01:04.695736+02:00
295896139,de:11000:900058101:1:50,-0.4,2026-10-02T01:01:04.695736+02:00
295896139,de:11000:900058102:1:50,-0.4,2026-10-02T01:01:04.695736+02:00
295896139,de:11000:900068301:1:50,-0.7,2026-10-02T01:01:04.695736+02:00
295896139,de:11000:900073101:1:50,-0.9,2026-10-02T01:01:04.695736+02:00
295896139,de:11000:900072101:1:50,-0.2,2026-10-02T01:01:04.695736+02:00
295896139,de:11000:900074202:1:50,-0.2,2026-10-02T01:01:04.695736+02:00
295896139,de:11000:900074201:1:50,-0.4,2026-10-02T01:01:04.695736+02:00
295906978,de:11000:900029101:1:50,0.0,2026-10-02T01:01:04.695736+02:00
295906978,de:11000:900030202:1:50,-0.3,2026-10-02T01:01:04.695736+02:00
295906978,de:11000:900025424:1:51,-0.2,2026-10-02T01:01:04.695736+02:00
295906978,de:11000:900025321:1:51,-0.2,2026-10-02T01:01:04.695736+02:00
295906978,de:11000:900026105:1:50,-0.4,2026-10-02T01:01:04.695736+02:00
295906978,de:11000:900025423:1:50,-0.7,2026-10-02T01:01:04.695736+02:00
295906978,de:11000:900024102:2:53,-0.7,2026-10-02T01:01:04.695736+02:00
295906978,de:11000:900024101:3:55,-0.3,2026-10-02T01:01:04.695736+02:00
295906978,de:11000:900024203:1:51,-0.8,2026-10-02T01:01:04.695736+02:00
295906978,de:11000:900023201:3:54,-0.7,2026-10-02T01:01:04.695736+02:00
295906978,de:11000:900003103:1:50,-0.8,2026-10-02T01:01:04.695736+02:00
295906978,de:11000:900003102:1:50,-0.9,2026-10-02T01:01:04.695736+02:00
295906978,de:11000:900003201:3:54,-0.5,2026-10-02T01:01:04.695736+02:00
295906978,de:11000:900100001:3:54,-0.1,2026-10-02T01:01:04.695736+02:00
295906978,de:11000:900100002:1:50,-0.4,2026-10-02T01:01:04.695736+02:00
295906978,de:11000:900100003:2:52,-0.1,2026-10-02T01:01:04.695736+02:00
295906978,de:11000:900100004:1:50,-0.4,2026-10-02T01:01:04.695736+02:00
295906978,de:11000:900120005:4:55,-0.6,2026-10-02T01:01:04.695736+02:00
295906978,de:11000:900120004:1:50,-0.1,2026-10-02T01:01:04.695736+02:00
295906978,de:11000:900120003:2:53,-0.4,2026-10-02T01:01:04.695736+02:00
295906978,de:11000:900160001:1:51,-0.4,2026-10-02T01:01:04.695736+02:00
295906978,de:11000:900160002:1:50,-0.7,2026-10-02T01:01:04.695736+02:00
295906978,de:11000:900162001:1:51,-0.3,2026-10-02T01:01:04.695736+02:00
295906978,de:11000:900180002:1:51,-0.3,2026-10-02T01:01:04.695736+02:00
295906978,de:11000:900180001:1:50,-0.7,2026-10-02T01:01:04.695736+02:00
295906978,de:11000:900182001:1:51,-0.2,2026-10-02T01:01:04.695736+02:00
295906978,de:11000:900182002:1:51,-0.4,2026-10-02T01:01:04.695736+02:00
295906978,de:11000:900183001:1:51,0.0,2026-10-02T01:01:04.695736+02:00
295906978,de:11000:900183002:1:51,-0.3,2026-10-02T01:01:04.695736+02:00
295906978,de:12067:900310004:3:52,-0.5,2026-10-02T01:01:04.695736+02:00
295906924,de:11000:900029101:1:50,0.0,2026-10-02T01:01:04.695736+02:00
295906924,de:11000:900030202:1:50,-0.3,2026-10-02T01:01:04.695736+02:00
295906924,de:11000:900025424:1:51,-0.2,2026-10-02T01:01:04.695736+02:00
295906924,de:11000:900025321:1:51,-0.2,2026-10-02T01:01:04.695736+02:00
295906924,de:11000:900026105:1:50,-0.4,2026-10-02T01:01:04.695736+02:00
295906924,de:11000:900025423:1:50,-0.7,2026-10-02T01:01:04.695736+02:00
295906924,de:11000:900024102:2:53,-0.7,2026-10-02T01:01:04.695736+02:00
295906924,de:11000:900024101:3:55,-0.3,2026-10-02T01:01:04.695736+02:00
295906924,de:11000:900024203:1:51,-0.8,2026-10-02T01:01:04.695736+02:00
295906924,de:11000:900023201:3:54,-0.7,2026-10-02T01:01:04.695736+02:00
295906924,de:11000:900003103:1:50,-0.8,2026-10-02T01:01:04.695736+02:00
295906924,de:11000:900003102:1:50,-0.9,2026-10-02T01:01:04.695736+02:00
295906924,de:11000:900003201:3:54,-0.5,2026-10-02T01:01:04.695736+02:00
295906924,de:11000:900100001:3:54,-0.1,2026-10-02T01:01:04.695736+02:00
295906924,de:11000:900100002:1:50,-0.4,2026-10-02T01:01:04.695736+02:00
295906924,de:11000:900100003:2:52,-0.1,2026-10-02T01:01:04.695736+02:00
295906924,de:11000:900100004:1:50,-0.4,2026-10-02T01:01:04.695736+02:00
295906924,de:11000:900120005:4:55,-0.6,2026-10-02T01:01:04.695736+02:00
295906924,de:11000:900120004:1:50,-0.1,2026-10-02T01:01:04.695736+02:00
295906924,de:11000:900120003:2:53,-0.4,2026-10-02T01:01:04.695736+02:00
295906924,de:11000:900160001:1:51,-0.4,2026-10-02T01:01:04.695736+02:00
295906924,de:11000:900160002:1:50,-0.7,2026-10-02T01:01:04.695736+02:00
295906924,de:11000:900162001:1:51,-0.3,2026-10-02T01:01:04.695736+02:00
295906924,de:11000:900180002:1:51,-0.3,2026-10-02T01:01:04.695736+02:00
295906924,de:11000:900180001:1:50,-0.7,2026-10-02T01:01:04.695736+02:00
295906924,de:11000:900182001:1:51,-0.2,2026-10-02T01:01:04.695736+02:00
295906924,de:11000:900182002:1:51,-0.4,2026-10-02T01:01:04.695736+02:00
295906924,de:11000:900183001:1:51,0.0,2026-10-02T01:01:04.695736+02:00
295906924,de:11000:900183002:1:51,-0.3,2026-10-02T01:01:04.695736+02:00
295906924,de:12067:900310004:3:53,-0.5,2026-10-02T01:01:04.695736+02:00
307434390,de:12052:900470000:2:51,0.0,2026-10-02T01:01:04.695736+02:00
307434390,de:12071:900445956:1:50,0.0,2026-10-02T01:01:04.695736+02:00
307434390,de:12066:900435884:1:50,0.0,2026-10-02T01:01:04.695736+02:00
307434390,de:12066:900435697:1:50,0.0,2026-10-02T01:01:04.695736+02:00
307434390,de:12066:900435602:1:50,0.0,2026-10-02T01:01:04.695736+02:00
307434390,de:12061:900261512:1:50,0.0,2026-10-02T01:01:04.695736+02:00
307434390,de:12061:900260019:2:51,0.0,2026-10-02T01:01:04.695736+02:00
307434390,de:12061:900260001:1:50,0.0,2026-10-02T01:01:04.695736+02:00
307434390,de:11000:900192001:1:51,0.0,2026-10-02T01:01:04.695736+02:00
307434390,de:11000:900120003:4:57,0.0,2026-10-02T01:01:04.695736+02:00
307434390,de:11000:900007102:4:57,0.0,2026-10-02T01:01:04.695736+02:00
307434390,de:11000:900020201:1:50,0.0,2026-10-02T01:01:04.695736+02:00
307434390,de:11000:900029101:2:52,0.0,2026-10-02T01:01:04.695736+02:00
307434390,de:11000:900037168:1:50,0.0,2026-10-02T01:01:04.695736+02:00
307434390,de:12063:900210180:1:50,0.0,2026-10-02T01:01:04.695736+02:00
307434390,de:12063:900210010:1:50,0.0,2026-10-02T01:01:04.695736+02:00
307434390,de:12063:900210011:1:50,0.0,2026-10-02T01:01:04.695736+02:00
307434390,de:12063:900210326:1:50,0.0,2026-10-02T01:01:04.695736+02:00
307434390,de:12063:900210005:1:50,0.0,2026-10-02T01:01:04.695736+02:00
307442773,de:15091:8010222,0.0,2026-10-02T01:01:04.695736+02:00
307442773,de:15091:8013418,0.0,2026-10-02T01:01:04.695736+02:00
307442773,de:15091:8011290,0.0,2026-10-02T01:01:04.695736+02:00
307442773,de:15091:8013371,0.0,2026-10-02T01:01:04.695736+02:00
307442773,de:12072:900245018:1:50,0.0,2026-10-02T01:01:04.695736+02:00
307442773,de:12072:900245017:2:51,0.0,2026-10-02T01:01:04.695736+02:00
307442773,de:12072:900245002:1:50,0.0,2026-10-02T01:01:04.695736+02:00
307442773,de:12072:900245016:2:51,0.0,2026-10-02T01:01:04.695736+02:00
307442773,de:12072:900245014:2:51,0.0,2026-10-02T01:01:04.695736+02:00
307442773,de:12072:900245010:2:51,0.0,2026-10-02T01:01:04.695736+02:00
307442773,de:12072:900245029:2:52,0.0,2026-10-02T01:01:04.695736+02:00
307442773,de:12072:900245030:2:51,0.0,2026-10-02T01:01:04.695736+02:00
307442773,de:12072:900245032:2:51,0.0,2026-10-02T01:01:04.695736+02:00
307442773,de:12069:900220001:2:51,0.0,2026-10-02T01:01:04.695736+02:00
307442773,de:11000:900064301:2:51,0.0,2026-10-02T01:01:04.695736+02:00
307442773,de:11000:900058101:3:55,0.0,2026-10-02T01:01:04.695736+02:00
307442773,de:11000:900100020:2:52,0.0,2026-10-02T01:01:04.695736+02:00
307442773,de:11000:900003200:3:55,0.0,2026-10-02T01:01:04.695736+02:00
307442773,de:11000:900007102:5:59,0.0,2026-10-02T01:01:04.695736+02:00
307442773,de:12060:900350160:2:53,0.0,2026-10-02T01:01:04.695736+02:00
307442773,de:12060:900350127:2:52,0.0,2026-10-02T01:01:04.695736+02:00
307442773,de:12060:900350124:1:50,0.0,2026-10-02T01:01:04.695736+02:00
307442773,de:12060:900350125:1:50,0.0,2026-10-02T01:01:04.695736+02:00
307442773,000300570037,0.0,2026-10-02T01:01:04.695736+02:00
307442773,de:12073:900340003:1:50,0.0,2026-10-02T01:01:04.695736+02:00
307442773,de:12073:900341111:1:50,0.0,2026-10-02T01:01:04.695736+02:00
307442773,de:12073:900341110:1:50,0.0,2026-10-02T01:01:04.695736+02:00
307275260,de:12067:900310004:3:52,0.0,2026-10-02T01:01:04.695736+02:00
307275260,de:11000:900183002:1:50,-0.1,2026-10-02T01:01:04.695736+02:00
307275260,de:11000:900183001:1:50,-0.4,2026-10-02T01:01:04.695736+02:00
307275260,de:11000:900182002:1:50,0.0,2026-10-02T01:01:04.695736+02:00
307275260,de:11000:900182001:1:50,-0.2,2026-10-02T01:01:04.695736+02:00
307275260,de:11000:900180001:1:50,-0.7,2026-10-02T01:01:04.695736+02:00
307275260,de:11000:900180002:1:50,-0.7,2026-10-02T01:01:04.695736+02:00
307275260,de:11000:900162001:1:50,-0.9,2026-10-02T01:01:04.695736+02:00
307275260,de:11000:900160002:1:50,0.0,2026-10-02T01:01:04.695736+02:00
307275260,de:11000:900160001:1:50,-0.3,2026-10-02T01:01:04.695736+02:00
307275260,de:11000:900120003:3:55,-0.1,2026-10-02T01:01:04.695736+02:00
307275260,de:11000:900120004:2:53,-0.6,2026-10-02T01:01:04.695736+02:00
307275260,de:11000:900120005:5:58,-0.9,2026-10-02T01:01:04.695736+02:00
307275260,de:11000:900100004:1:51,-0.9,2026-10-02T01:01:04.695736+02:00
307275260,de:11000:900100003:2:53,-0.9,2026-10-02T01:01:04.695736+02:00
307275260,de:11000:900100002:1:51,-0.9,2026-10-02T01:01:04.695736+02:00
307275260,de:11000:900100001:3:55,-0.9,2026-10-02T01:01:04.695736+02:00
307275260,de:11000:900003201:3:55,-0.6,2026-10-02T01:01:04.695736+02:00
307275260,de:11000:900003102:1:51,-0.3,2026-10-02T01:01:04.695736+02:00
307275260,de:11000:900003103:1:51,-0.4,2026-10-02T01:01:04.695736+02:00
307275260,de:11000:900023201:3:55,-0.3,2026-10-02T01:01:04.695736+02:00
307275260,de:11000:900024203:1:51,-0.3,2026-10-02T01:01:04.695736+02:00
307275260,de:11000:900024101:4:56,-0.3,2026-10-02T01:01:04.695736+02:00
295910126,de:11000:900024101:3:55,0.0,2026-10-02T01:01:04.695736+02:00
295910126,de:11000:900024203:1:51,-0.3,2026-10-02T01:01:04.695736+02:00
295910126,de:11000:900023201:3:54,-0.2,2026-10-02T01:01:04.695736+02:00
295910126,de:11000:900003103:1:50,-0.3,2026-10-02T01:01:04.695736+02:00
295910126,de:11000:900003102:1:50,-0.4,2026-10-02T01:01:04.695736+02:00
295910126,de:11000:900003201:3:54,0.0,2026-10-02T01:01:04.695736+02:00
295910126,de:11000:900100001:3:54,-0.6,2026-10-02T01:01:04.695736+02:00
295910126,de:11000:900100002:1:50,-0.9,2026-10-02T01:01:04.695736+02:00
295910126,de:11000:900100003:2:52,-0.6,2026-10-02T01:01:04.695736+02:00
295910126,de:11000:900100004:1:50,-0.9,2026-10-02T01:01:04.695736+02:00
295910126,de:11000:900120005:4:55,-0.1,2026-10-02T01:01:04.695736+02:00
295910126,de:11000:900120004:1:50,-0.1,2026-10-02T01:01:04.695736+02:00
295910126,de:11000:900120003:2:53,-0.4,2026-10-02T01:01:04.695736+02:00
295910126,de:11000:900160001:1:51,-0.4,2026-10-02T01:01:04.695736+02:00
295910126,de:11000:900160002:1:50,-0.7,2026-10-02T01:01:04.695736+02:00
295910126,de:11000:900162001:1:51,-0.3,2026-10-02T01:01:04.695736+02:00
295910126,de:11000:900180002:1:51,-0.3,2026-10-02T01:01:04.695736+02:00
295910126,de:11000:900180001:1:50,-0.7,2026-10-02T01:01:04.695736+02:00
295910126,de:11000:900182001:1:51,-0.2,2026-10-02T01:01:04.695736+02:00
295910126,de:11000:900182002:1:51,-0.4,2026-10-02T01:01:04.695736+02:00
295910121,de:11000:900024101:3:55,0.0,2026-10-02T01:01:04.695736+02:00
295910121,de:11000:900024203:1:51,-0.3,2026-10-02T01:01:04.695736+02:00
295910121,de:11000:900023201:3:54,-0.2,2026-10-02T01:01:04.695736+02:00
295910121,de:11000:900003103:1:50,-0.3,2026-10-02T01:01:04.695736+02:00
295910121,de:11000:900003102:1:50,-0.4,2026-10-02T01:01:04.695736+02:00
295910121,de:11000:900003201:3:54,0.0,2026-10-02T01:01:04.695736+02:00
295910121,de:11000:900100001:3:54,-0.6,2026-10-02T01:01:04.695736+02:00
295910121,de:11000:900100002:1:50,-0.9,2026-10-02T01:01:04.695736+02:00
295910121,de:11000:900100003:2:52,-0.6,2026-10-02T01:01:04.695736+02:00
295910121,de:11000:900100004:1:50,-0.9,2026-10-02T01:01:04.695736+02:00
295910121,de:11000:900120005:4:55,-0.1,2026-10-02T01:01:04.695736+02:00
295910121,de:11000:900120004:1:50,-0.1,2026-10-02T01:01:04.695736+02:00
295910121,de:11000:900120003:2:53,-0.4,2026-10-02T01:01:04.695736+02:00
295910121,de:11000:900160001:1:51,-0.4,2026-10-02T01:01:04.695736+02:00
295910121,de:11000:900160002:1:50,-0.7,2026-10-02T01:01:04.695736+02:00
295910121,de:11000:900162001:1:51,-0.3,2026-10-02T01:01:04.695736+02:00
295910121,de:11000:900180002:1:51,-0.3,2026-10-02T01:01:04.695736+02:00
295910121,de:11000:900180001:1:50,-0.7,2026-10-02T01:01:04.695736+02:00
295910121,de:11000:900182001:1:51,-0.2,2026-10-02T01:01:04.695736+02:00
295910121,de:11000:900182002:1:51,-0.4,2026-10-02T01:01:04.695736+02:00
295910121,de:11000:900183001:1:51,0.0,2026-10-02T01:01:04.695736+02:00
295910121,de:11000:900183002:1:51,-0.3,2026-10-02T01:01:04.695736+02:00
295910121,de:12067:900310004:3:52,-0.5,2026-10-02T01:01:04.695736+02:00
295910346,de:12067:900310004:3:53,0.0,2026-10-02T01:01:04.695736+02:00
295910346,de:11000:900183002:1:50,-0.1,2026-10-02T01:01:04.695736+02:00
295910346,de:11000:900183001:1:50,-0.4,2026-10-02T01:01:04.695736+02:00
295910346,de:11000:900182002:1:50,0.0,2026-10-02T01:01:04.695736+02:00
295910346,de:11000:900182001:1:50,-0.2,2026-10-02T01:01:04.695736+02:00
295910346,de:11000:900180001:1:50,-0.7,2026-10-02T01:01:04.695736+02:00
295910346,de:11000:900180002:1:50,-0.7,2026-10-02T01:01:04.695736+02:00
295910346,de:11000:900162001:1:50,-0.9,2026-10-02T01:01:04.695736+02:00
295910346,de:11000:900160002:1:50,0.0,2026-10-02T01:01:04.695736+02:00
295910346,de:11000:900160001:1:50,-0.3,2026-10-02T01:01:04.695736+02:00
295910346,de:11000:900120003:3:55,-0.1,2026-10-02T01:01:04.695736+02:00
295910346,de:11000:900120004:2:53,-0.6,2026-10-02T01:01:04.695736+02:00
295910346,de:11000:900120005:5:58,-0.9,2026-10-02T01:01:04.695736+02:00
295910346,de:11000:900100004:1:51,-0.9,2026-10-02T01:01:04.695736+02:00
295910346,de:11000:900100003:2:53,-0.9,2026-10-02T01:01:04.695736+02:00
295910346,de:11000:900100002:1:51,-0.9,2026-10-02T01:01:04.695736+02:00
295910346,de:11000:900100001:3:55,-0.9,2026-10-02T01:01:04.695736+02:00
295910346,de:11000:900003201:3:55,-0.6,2026-10-02T01:01:04.695736+02:00
295910346,de:11000:900003102:1:51,-0.3,2026-10-02T01:01:04.695736+02:00
295910346,de:11000:900003103:1:51,-0.4,2026-10-02T01:01:04.695736+02:00
295910346,de:11000:900023201:3:55,-0.3,2026-10-02T01:01:04.695736+02:00
295910346,de:11000:900024203:1:51,-0.3,2026-10-02T01:01:04.695736+02:00
295910346,de:11000:900024101:4:56,-0.3,2026-10-02T01:01:04.695736+02:00
307446024,de:12070:900216026:3:53,0.0,2026-10-02T01:01:04.695736+02:00
307446024,de:15090:8010121,0.0,2026-10-02T01:01:04.695736+02:00
307446024,de:15090:8012967,0.0,2026-10-02T01:01:04.695736+02:00
307446024,de:15090:8012568,0.0,2026-10-02T01:01:04.695736+02:00
307446024,de:15090:8011665,0.0,2026-10-02T01:01:04.695736+02:00
307446024,de:15090:8011460,0.0,2026-10-02T01:01:04.695736+02:00
307446024,000008013045,0.0,2026-10-02T01:01:04.695736+02:00
307446024,de:15090:8010335,0.0,2026-10-02T01:01:04.695736+02:00
307446024,de:15090:8010334,0.0,2026-10-02T01:01:04.695736+02:00
307446024,de:15090:8011355,0.0,2026-10-02T01:01:04.695736+02:00
307446024,de:15090:8013083,0.0,2026-10-02T01:01:04.695736+02:00
307446024,de:15083:8012295,0.0,2026-10-02T01:01:04.695736+02:00
307446024,de:15083:8011042,0.0,2026-10-02T01:01:04.695736+02:00
307446024,de:15083:8013402,0.0,2026-10-02T01:01:04.695736+02:00
307446024,de:15083:8073410,0.0,2026-10-02T01:01:04.695736+02:00
307446024,de:15083:8013344,0.0,2026-10-02T01:01:04.695736+02:00
307446024,de:15003:8010086,0.0,2026-10-02T01:01:04.695736+02:00
307446024,de:15003:8012289,0.0,2026-10-02T01:01:04.695736+02:00
307446024,de:15003:8010226,0.0,2026-10-02T01:01:04.695736+02:00
307446024,de:15003:8010224,0.0,2026-10-02T01:01:04.695736+02:00
307446024,de:15003:8013456,0.0,2026-10-02T01:01:04.695736+02:00
307446024,de:15003:8013485,0.0,2026-10-02T01:01:04.695736+02:00
307446024,de:15003:8012291,0.0,2026-10-02T01:01:04.695736+02:00
307446024,de:15003:8012287,0.0,2026-10-02T01:01:04.695736+02:00
307446024,de:15089:8081270,0.0,2026-10-02T01:01:04.695736+02:00
307446024,de:15089:8010318,0.0,2026-10-02T01:01:04.695736+02:00
307446024,de:15089:8081260,0.0,2026-10-02T01:01:04.695736+02:00
307446024,de:15089:8012907,0.0,2026-10-02T01:01:04.695736+02:00
307280594,de:11000:900020202:1:51,0.0,2026-10-02T01:01:04.695736+02:00
307280594,de:11000:900001201:1:51,-0.2,2026-10-02T01:01:04.695736+02:00
307280594,de:11000:900009104:1:51,-0.8,2026-10-02T01:01:04.695736+02:00
307280594,de:11000:900007102:2:52,-0.9,2026-10-02T01:01:04.695736+02:00
307280594,de:11000:900110001:1:50,-0.6,2026-10-02T01:01:04.695736+02:00
307280594,de:11000:900110002:1:50,-0.4,2026-10-02T01:01:04.695736+02:00
307280594,de:11000:900110003:1:50,-0.4,2026-10-02T01:01:04.695736+02:00
307280594,de:11000:900110004:1:50,-0.8,2026-10-02T01:01:04.695736+02:00
307280594,de:11000:900110012:1:50,-0.7,2026-10-02T01:01:04.695736+02:00
307280594,de:11000:900120001:1:50,-0.7,2026-10-02T01:01:04.695736+02:00
307280594,de:11000:900120003:5:58,-0.1,2026-10-02T01:01:04.695736+02:00
307280594,de:11000:900190001:1:50,-0.4,2026-10-02T01:01:04.695736+02:00
307280594,de:11000:900077106:1:50,-0.4,2026-10-02T01:01:04.695736+02:00
307280594,de:11000:900078201:1:50,-0.3,2026-10-02T01:01:04.695736+02:00
307280594,de:11000:900079221:1:50,-0.2,2026-10-02T01:01:04.695736+02:00
307280594,de:11000:900068201:1:50,-0.8,2026-10-02T01:01:04.695736+02:00
307280594,de:11000:900058101:5:58,-0.1,2026-10-02T01:01:04.695736+02:00
307280594,de:11000:900054104:2:52,-0.2,2026-10-02T01:01:04.695736+02:00
307280594,de:11000:900054105:1:50,-0.9,2026-10-02T01:01:04.695736+02:00
307280594,de:11000:900044202:1:50,-0.7,2026-10-02T01:01:04.695736+02:00
307280594,de:11000:900045102:1:50,-0.7,2026-10-02T01:01:04.695736+02:00
307280594,de:11000:900044101:1:50,-0.8,2026-10-02T01:01:04.695736+02:00
307280594,de:11000:900040101:1:50,-0.8,2026-10-02T01:01:04.695736+02:00
307280587,de:11000:900020202:1:51,0.0,2026-10-02T01:01:04.695736+02:00
307280587,de:11000:900001201:1:51,-0.2,2026-10-02T01:01:04.695736+02:00
307280587,de:11000:900009104:1:51,-0.8,2026-10-02T01:01:04.695736+02:00
307280587,de:11000:900007102:2:52,-0.9,2026-10-02T01:01:04.695736+02:00
307280587,de:11000:900110001:1:50,-0.6,2026-10-02T01:01:04.695736+02:00
307280587,de:11000:900110002:1:50,-0.4,2026-10-02T01:01:04.695736+02:00
307280587,de:11000:900110003:1:50,-0.4,2026-10-02T01:01:04.695736+02:00
307280587,de:11000:900110004:1:50,-0.8,2026-10-02T01:01:04.695736+02:00
307280587,de:11000:900110012:1:50,-0.7,2026-10-02T01:01:04.695736+02:00
307280587,de:11000:900120001:1:50,-0.7,2026-10-02T01:01:04.695736+02:00
307280587,de:11000:900120003:5:58,-0.1,2026-10-02T01:01:04.695736+02:00
307280587,de:11000:900190001:1:50,-0.4,2026-10-02T01:01:04.695736+02:00
307280587,de:11000:900077106:1:50,-0.4,2026-10-02T01:01:04.695736+02:00
307280587,de:11000:900078201:1:50,-0.3,2026-10-02T01:01:04.695736+02:00
307280587,de:11000:900079221:1:50,-0.2,2026-10-02T01:01:04.695736+02:00
307280587,de:11000:900068201:1:50,-0.8,2026-10-02T01:01:04.695736+02:00
307280587,de:11000:900058101:5:58,-0.1,2026-10-02T01:01:04.695736+02:00
307280587,de:11000:900054104:2:52,-0.2,2026-10-02T01:01:04.695736+02:00
307280587,de:11000:900054105:1:50,-0.9,2026-10-02T01:01:04.695736+02:00
307280587,de:11000:900044202:1:50,-0.7,2026-10-02T01:01:04.695736+02:00
307280587,de:11000:900045102:1:50,-0.7,2026-10-02T01:01:04.695736+02:00
307280587,de:11000:900044101:1:50,-0.8,2026-10-02T01:01:04.695736+02:00
307280587,de:11000:900040101:1:50,-0.8,2026-10-02T01:01:04.695736+02:00
307280457,de:11000:900020202:1:50,0.0,2026-10-02T01:01:04.695736+02:00
307280457,de:11000:900001201:1:50,-0.2,2026-10-02T01:01:04.695736+02:00
307280457,de:11000:900009104:1:50,-0.8,2026-10-02T01:01:04.695736+02:00
307280457,de:11000:900007102:2:52,-0.4,2026-10-02T01:01:04.695736+02:00
307280457,de:11000:900110001:1:50,-0.6,2026-10-02T01:01:04.695736+02:00
307280457,de:11000:900110002:1:50,-0.4,2026-10-02T01:01:04.695736+02:00
307280457,de:11000:900110003:1:50,-0.4,2026-10-02T01:01:04.695736+02:00
307280457,de:11000:900110004:1:50,-0.8,2026-10-02T01:01:04.695736+02:00
307280457,de:11000:900110012:1:50,-0.7,2026-10-02T01:01:04.695736+02:00
307280457,de:11000:900120001:1:50,-0.7,2026-10-02T01:01:04.695736+02:00
307280457,de:11000:900120003:5:58,-0.1,2026-10-02T01:01:04.695736+02:00
307280457,de:11000:900190001:1:50,-0.4,2026-10-02T01:01:04.695736+02:00
307280457,de:11000:900077106:1:50,-0.4,2026-10-02T01:01:04.695736+02:00
307280457,de:11000:900078201:1:50,-0.3,2026-10-02T01:01:04.695736+02:00
307280457,de:11000:900079221:1:50,-0.2,2026-10-02T01:01:04.695736+02:00
307280457,de:11000:900068201:1:50,-0.8,2026-10-02T01:01:04.695736+02:00
307280457,de:11000:900058101:5:58,-0.1,2026-10-02T01:01:04.695736+02:00
307280457,de:11000:900054104:2:52,-0.7,2026-10-02T01:01:04.695736+02:00
307280457,de:11000:900054105:1:50,-0.9,2026-10-02T01:01:04.695736+02:00
307280457,de:11000:900044202:1:50,-0.7,2026-10-02T01:01:04.695736+02:00
307280457,de:11000:900045102:1:50,-0.7,2026-10-02T01:01:04.695736+02:00
307280457,de:11000:900044101:1:50,-0.8,2026-10-02T01:01:04.695736+02:00
307280457,de:11000:900040101:1:50,-0.3,2026-10-02T01:01:04.695736+02:00
307280457,de:11000:900024101:3:54,-0.8,2026-10-02T01:01:04.695736+02:00
306895340,de:12067:900311065::1,0.0,2026-10-02T01:01:04.695736+02:00
306895340,de:12067:900311064::2,0.0,2026-10-02T01:01:04.695736+02:00
306895340,de:12067:900310760::1,0.0,2026-10-02T01:01:04.695736+02:00
306895340,de:12067:900310832::1,0.0,2026-10-02T01:01:04.695736+02:00
306895340,de:12067:900310981::1,0.0,2026-10-02T01:01:04.695736+02:00
306895340,de:12067:900310701::2,0.0,2026-10-02T01:01:04.695736+02:00
306895340,de:12067:900310700::1,0.0,2026-10-02T01:01:04.695736+02:00
306895340,de:12067:900310731::2,0.0,2026-10-02T01:01:04.695736+02:00
306895340,de:12067:900311079::2,0.0,2026-10-02T01:01:04.695736+02:00
306895340,de:12067:900311009::1,0.0,2026-10-02T01:01:04.695736+02:00
306895340,de:12067:900311076::1,0.0,2026-10-02T01:01:04.695736+02:00
306895340,de:12067:900310612::1,0.0,2026-10-02T01:01:04.695736+02:00
306895340,de:12067:900311050::2,0.0,2026-10-02T01:01:04.695736+02:00
306895340,de:12067:900310748::2,0.0,2026-10-02T01:01:04.695736+02:00
306895340,de:12067:900310749::1,0.0,2026-10-02T01:01:04.695736+02:00
306895340,de:12067:900310893::1,0.0,2026-10-02T01:01:04.695736+02:00
306895340,de:12067:900310893::1,-2.0,2026-10-02T01:01:04.695736+02:00
306895340,de:12067:900311418::1,0.0,2026-10-02T01:01:04.695736+02:00
306895340,de:12067:900310893::1,2.0,2026-10-02T01:01:04.695736+02:00
306895340,de:12067:900310893::1,0.0,2026-10-02T01:01:04.695736+02:00
306895340,de:12067:900310749::2,0.0,2026-10-02T01:01:04.695736+02:00
306895340,de:12067:900310748::1,0.0,2026-10-02T01:01:04.695736+02:00
306895340,de:12067:900311050::1,0.0,2026-10-02T01:01:04.695736+02:00
306895340,de:12067:900311056::1,0.0,2026-10-02T01:01:04.695736+02:00
306895340,de:12067:900311058::1,0.0,2026-10-02T01:01:04.695736+02:00
306895340,de:12067:900310611::2,0.0,2026-10-02T01:01:04.695736+02:00
307280573,de:11000:900020202:1:51,0.0,2026-10-02T01:01:04.695736+02:00
307280573,de:11000:900001201:1:51,-0.2,2026-10-02T01:01:04.695736+02:00
307280573,de:11000:900009104:1:51,-0.8,2026-10-02T01:01:04.695736+02:00
307280573,de:11000:900007102:2:52,-0.9,2026-10-02T01:01:04.695736+02:00
307280573,de:11000:900110001:1:50,-0.6,2026-10-02T01:01:04.695736+02:00
307280573,de:11000:900110002:1:50,-0.4,2026-10-02T01:01:04.695736+02:00
307280573,de:11000:900110003:1:50,-0.4,2026-10-02T01:01:04.695736+02:00
307280573,de:11000:900110004:1:50,-0.8,2026-10-02T01:01:04.695736+02:00
307280573,de:11000:900110012:1:50,-0.7,2026-10-02T01:01:04.695736+02:00
307280573,de:11000:900120001:1:50,-0.7,2026-10-02T01:01:04.695736+02:00
307280573,de:11000:900120003:5:58,-0.1,2026-10-02T01:01:04.695736+02:00
307280573,de:11000:900190001:1:50,-0.4,2026-10-02T01:01:04.695736+02:00
307280573,de:11000:900077106:1:50,-0.4,2026-10-02T01:01:04.695736+02:00
307280573,de:11000:900078201:1:50,-0.3,2026-10-02T01:01:04.695736+02:00
307280573,de:11000:900079221:1:50,-0.2,2026-10-02T01:01:04.695736+02:00
307280573,de:11000:900068201:1:50,-0.8,2026-10-02T01:01:04.695736+02:00
307280573,de:11000:900058101:5:58,-0.1,2026-10-02T01:01:04.695736+02:00
307280573,de:11000:900054104:2:52,-0.2,2026-10-02T01:01:04.695736+02:00
307280573,de:11000:900054105:1:50,-0.9,2026-10-02T01:01:04.695736+02:00
307280573,de:11000:900044202:1:50,-0.7,2026-10-02T01:01:04.695736+02:00
307280573,de:11000:900045102:1:50,-0.7,2026-10-02T01:01:04.695736+02:00
307280573,de:11000:900044101:1:50,-0.8,2026-10-02T01:01:04.695736+02:00
307280573,de:11000:900040101:1:50,-0.8,2026-10-02T01:01:04.695736+02:00
307280441,de:11000:900020202:1:50,0.0,2026-10-02T01:01:04.695736+02:00
307280441,de:11000:900001201:1:50,-0.2,2026-10-02T01:01:04.695736+02:00
307280441,de:11000:900009104:1:50,-0.8,2026-10-02T01:01:04.695736+02:00
307280441,de:11000:900007102:2:52,-0.4,2026-10-02T01:01:04.695736+02:00
307280441,de:11000:900110001:1:50,-0.6,2026-10-02T01:01:04.695736+02:00
307280441,de:11000:900110002:1:50,-0.4,2026-10-02T01:01:04.695736+02:00
307280441,de:11000:900110003:1:50,-0.4,2026-10-02T01:01:04.695736+02:00
307280441,de:11000:900110004:1:50,-0.8,2026-10-02T01:01:04.695736+02:00
307280441,de:11000:900110012:1:50,-0.7,2026-10-02T01:01:04.695736+02:00
307280441,de:11000:900120001:1:50,-0.7,2026-10-02T01:01:04.695736+02:00
307280441,de:11000:900120003:5:58,-0.1,2026-10-02T01:01:04.695736+02:00
307280441,de:11000:900190001:1:50,-0.4,2026-10-02T01:01:04.695736+02:00
307280441,de:11000:900077106:1:50,-0.4,2026-10-02T01:01:04.695736+02:00
307280441,de:11000:900078201:1:50,-0.3,2026-10-02T01:01:04.695736+02:00
307280441,de:11000:900079221:1:50,-0.2,2026-10-02T01:01:04.695736+02:00
307280441,de:11000:900068201:1:50,-0.8,2026-10-02T01:01:04.695736+02:00
307280441,de:11000:900058101:5:58,-0.1,2026-10-02T01:01:04.695736+02:00
307280441,de:11000:900054104:2:52,-0.7,2026-10-02T01:01:04.695736+02:00
307280441,de:11000:900054105:1:50,-0.9,2026-10-02T01:01:04.695736+02:00
307280441,de:11000:900044202:1:50,-0.7,2026-10-02T01:01:04.695736+02:00
307280441,de:11000:900045102:1:50,-0.7,2026-10-02T01:01:04.695736+02:00
307280441,de:11000:900044101:1:50,-0.8,2026-10-02T01:01:04.695736+02:00
307280441,de:11000:900040101:1:50,-0.3,2026-10-02T01:01:04.695736+02:00
307280441,de:11000:900024101:3:54,-0.8,2026-10-02T01:01:04.695736+02:00
307286618,de:11000:900024101:3:54,0.0,2026-10-02T01:01:04.695736+02:00
307286618,de:11000:900040101:1:50,-0.2,2026-10-02T01:01:04.695736+02:00
307286618,de:11000:900044101:1:50,-0.3,2026-10-02T01:01:04.695736+02:00
307286618,de:11000:900045102:1:51,-0.4,2026-10-02T01:01:04.695736+02:00
307286618,de:11000:900044202:1:51,-0.4,2026-10-02T01:01:04.695736+02:00
307286618,de:11000:900054105:1:51,-0.2,2026-10-02T01:01:04.695736+02:00
307286618,de:11000:900054104:2:53,-0.8,2026-10-02T01:01:04.695736+02:00
307286618,de:11000:900058101:5:59,-0.2,2026-10-02T01:01:04.695736+02:00
307286618,de:11000:900068201:1:51,-0.8,2026-10-02T01:01:04.695736+02:00
307286618,de:11000:900079221:1:51,-0.4,2026-10-02T01:01:04.695736+02:00
307286618,de:11000:900078201:1:51,-0.1,2026-10-02T01:01:04.695736+02:00
307286618,de:11000:900077106:1:51,0.0,2026-10-02T01:01:04.695736+02:00
307286618,de:11000:900190001:2:52,-0.9,2026-10-02T01:01:04.695736+02:00
307286618,de:11000:900120003:5:59,-0.4,2026-10-02T01:01:04.695736+02:00
307286618,de:11000:900120001:1:51,0.0,2026-10-02T01:01:04.695736+02:00
307286618,de:11000:900110012:1:51,-0.2,2026-10-02T01:01:04.695736+02:00
307286618,de:11000:900110004:1:51,-0.1,2026-10-02T01:01:04.695736+02:00
307286618,de:11000:900110003:1:51,-0.4,2026-10-02T01:01:04.695736+02:00
307286618,de:11000:900110002:1:51,-0.4,2026-10-02T01:01:04.695736+02:00
307286618,de:11000:900110001:1:51,-0.1,2026-10-02T01:01:04.695736+02:00
307286618,de:11000:900007102:1:51,-0.6,2026-10-02T01:01:04.695736+02:00
307286618,de:11000:900009104:1:51,-0.8,2026-10-02T01:01:04.695736+02:00
307286618,de:11000:900001201:1:51,-0.3,2026-10-02T01:01:04.695736+02:00
307286618,de:11000:900020202:1:51,-0.1,2026-10-02T01:01:04.695736+02:00
307289082,de:11000:900110003:1:51,0.0,2026-10-02T01:01:04.695736+02:00
307289082,de:11000:900110002:1:51,-0.4,2026-10-02T01:01:04.695736+02:00
307289082,de:11000:900110001:1:51,-0.1,2026-10-02T01:01:04.695736+02:00
307289082,de:11000:900007102:1:51,-0.6,2026-10-02T01:01:04.695736+02:00
307289082,de:11000:900009104:1:51,-0.3,2026-10-02T01:01:04.695736+02:00
307289048,de:11000:900079221:1:51,0.0,2026-10-02T01:01:04.695736+02:00
307289048,de:11000:900078201:1:51,-0.1,2026-10-02T01:01:04.695736+02:00
307289048,de:11000:900077106:1:51,0.0,2026-10-02T01:01:04.695736+02:00
307289048,de:11000:900190001:2:52,-0.9,2026-10-02T01:01:04.695736+02:00
307289048,de:11000:900120003:5:59,-0.4,2026-10-02T01:01:04.695736+02:00
307289048,de:11000:900120001:1:51,0.0,2026-10-02T01:01:04.695736+02:00
307289048,de:11000:900110012:1:51,-0.2,2026-10-02T01:01:04.695736+02:00
307289048,de:11000:900110004:1:51,-0.1,2026-10-02T01:01:04.695736+02:00
307289048,de:11000:900110003:1:51,-0.4,2026-10-02T01:01:04.695736+02:00
307289048,de:11000:900110002:1:51,-0.4,2026-10-02T01:01:04.695736+02:00
307289048,de:11000:900110001:1:51,-0.1,2026-10-02T01:01:04.695736+02:00
307289048,de:11000:900007102:1:51,-0.6,2026-10-02T01:01:04.695736+02:00
307289048,de:11000:900009104:1:51,-0.3,2026-10-02T01:01:04.695736+02:00
307444810,de:11000:900058101:2:53,0.0,2026-10-02T01:01:04.695736+02:00
307444810,de:11000:900100020:2:52,0.0,2026-10-02T01:01:04.695736+02:00
307444810,de:11000:900003200:3:54,0.0,2026-10-02T01:01:04.695736+02:00
307444810,de:11000:900007102:5:59,0.0,2026-10-02T01:01:04.695736+02:00
307444810,de:12065:900200005:1:2,0.0,2026-10-02T01:01:04.695736+02:00
307444810,de:12065:900203709:2:51,0.0,2026-10-02T01:01:04.695736+02:00
307444810,de:12065:900203749:1:50,0.0,2026-10-02T01:01:04.695736+02:00
307444810,de:12065:900203772:1:50,0.0,2026-10-02T01:01:04.695736+02:00
307444810,de:13071:80001,0.0,2026-10-02T01:01:04.695736+02:00
307444810,de:13071:5787,0.0,2026-10-02T01:01:04.695736+02:00
307444810,de:13071:17001,0.0,2026-10-02T01:01:04.695736+02:00
307444810,000008010201,0.0,2026-10-02T01:01:04.695736+02:00
307444810,000008010153,0.0,2026-10-02T01:01:04.695736+02:00
307444810,de:13003:1489,0.0,2026-10-02T01:01:04.695736+02:00
306896346,de:12067:900310013::4,0.0,2026-10-02T01:01:04.695736+02:00
306896346,de:12067:900310563::3,0.0,2026-10-02T01:01:04.695736+02:00
306896346,de:12067:900310563::4,0.0,2026-10-02T01:01:04.695736+02:00
306896346,de:12067:900310557::3,0.0,2026-10-02T01:01:04.695736+02:00
306896346,de:12067:900310555::1,0.0,2026-10-02T01:01:04.695736+02:00
306896346,de:12067:900310852::1,0.0,2026-10-02T01:01:04.695736+02:00
306896346,de:12067:900310850::1,0.0,2026-10-02T01:01:04.695736+02:00
306896346,de:12067:900310851::1,0.0,2026-10-02T01:01:04.695736+02:00
306896346,de:12067:900310849::1,0.0,2026-10-02T01:01:04.695736+02:00
306896346,de:12067:900310856::1,0.0,2026-10-02T01:01:04.695736+02:00
306896346,de:12067:900310844::1,0.0,2026-10-02T01:01:04.695736+02:00
306896346,de:12067:900310855::1,0.0,2026-10-02T01:01:04.695736+02:00
306896346,de:12067:900311970::1,0.0,2026-10-02T01:01:04.695736+02:00
306896346,de:12067:900310853::1,0.0,2026-10-02T01:01:04.695736+02:00
306896346,de:12067:900310845::1,0.0,2026-10-02T01:01:04.695736+02:00
306896346,de:12067:900310857::1,0.0,2026-10-02T01:01:04.695736+02:00
306896346,de:12067:900310854::1,0.0,2026-10-02T01:01:04.695736+02:00
306896346,de:12067:900310846::1,0.0,2026-10-02T01:01:04.695736+02:00
306896346,de:12067:900310847::1,0.0,2026-10-02T01:01:04.695736+02:00
306896346,de:12067:900310890::1,0.0,2026-10-02T01:01:04.695736+02:00
306896346,de:12067:900310889::1,0.0,2026-10-02T01:01:04.695736+02:00
306896346,de:12067:900310882::1,0.0,2026-10-02T01:01:04.695736+02:00
306896346,de:12067:900310920::1,0.0,2026-10-02T01:01:04.695736+02:00
306896346,de:12067:900310883::1,0.0,2026-10-02T01:01:04.695736+02:00
306896346,de:12067:900310885::1,0.0,2026-10-02T01:01:04.695736+02:00
306896346,de:12067:900310881::1,0.0,2026-10-02T01:01:04.695736+02:00
306896346,de:12067:900310888::1,0.0,2026-10-02T01:01:04.695736+02:00
306896346,de:12067:900310919::1,0.0,2026-10-02T01:01:04.695736+02:00
306896346,de:12064:900320891::1,0.0,2026-10-02T01:01:04.695736+02:00
306896346,de:12064:900320888::4,0.0,2026-10-02T01:01:04.695736+02:00
306896346,de:12064:900320886::1,0.0,2026-10-02T01:01:04.695736+02:00
306896346,de:12064:900320284::1,0.0,2026-10-02T01:01:04.695736+02:00
306896346,de:12064:900320278::1,0.0,2026-10-02T01:01:04.695736+02:00
306896346,de:12064:900320274::1,0.0,2026-10-02T01:01:04.695736+02:00
307292687,de:12061:900260001:2:52,0.0,2026-10-02T01:01:04.695736+02:00
307292687,de:12061:900260002:1:51,-0.8,2026-10-02T01:01:04.695736+02:00
307292687,de:12061:900260003:1:51,-0.7,2026-10-02T01:01:04.695736+02:00
307292687,de:12061:900260004:1:51,-0.9,2026-10-02T01:01:04.695736+02:00
307292687,de:11000:900186001:2:53,-0.2,2026-10-02T01:01:04.695736+02:00
307292687,de:11000:900193002:1:51,-0.2,2026-10-02T01:01:04.695736+02:00
307292687,de:11000:900193001:2:51,-0.8,2026-10-02T01:01:04.695736+02:00
307292687,de:11000:900192001:3:55,-0.7,2026-10-02T01:01:04.695736+02:00
307292687,de:11000:900191001:1:50,-0.4,2026-10-02T01:01:04.695736+02:00
307292687,de:11000:900077155:1:50,-0.9,2026-10-02T01:01:04.695736+02:00
307292687,de:11000:900078201:1:50,-0.4,2026-10-02T01:01:04.695736+02:00
307292687,de:11000:900079221:1:50,-0.2,2026-10-02T01:01:04.695736+02:00
307292687,de:11000:900068201:1:50,-0.8,2026-10-02T01:01:04.695736+02:00
307292687,de:11000:900058101:5:58,-0.1,2026-10-02T01:01:04.695736+02:00
307292687,de:11000:900054104:2:52,-0.2,2026-10-02T01:01:04.695736+02:00
307292687,de:11000:900054105:1:50,-0.9,2026-10-02T01:01:04.695736+02:00
307292687,de:11000:900044202:1:50,-0.7,2026-10-02T01:01:04.695736+02:00
307292229,de:11000:900044202:1:51,0.0,2026-10-02T01:01:04.695736+02:00
307292229,de:11000:900054105:1:51,-0.2,2026-10-02T01:01:04.695736+02:00
307292229,de:11000:900054104:2:53,-0.8,2026-10-02T01:01:04.695736+02:00
307292229,de:11000:900058101:5:59,-0.7,2026-10-02T01:01:04.695736+02:00
307292229,de:11000:900068201:1:51,-0.3,2026-10-02T01:01:04.695736+02:00
307292229,de:11000:900079221:1:51,-0.9,2026-10-02T01:01:04.695736+02:00
307292229,de:11000:900078201:1:51,-0.6,2026-10-02T01:01:04.695736+02:00
307292229,de:11000:900077155:1:51,-0.2,2026-10-02T01:01:04.695736+02:00
307292229,de:11000:900191001:2:51,-0.7,2026-10-02T01:01:04.695736+02:00
307292229,de:11000:900192001:2:52,-0.7,2026-10-02T01:01:04.695736+02:00
307292229,de:11000:900193001:1:50,-0.2,2026-10-02T01:01:04.695736+02:00
307292229,de:11000:900193002:1:50,-0.8,2026-10-02T01:01:04.695736+02:00
307292229,de:11000:900186001:1:50,-0.8,2026-10-02T01:01:04.695736+02:00
307292229,de:12061:900260004:1:50,-0.2,2026-10-02T01:01:04.695736+02:00
307292229,de:12061:900260003:1:50,-0.4,2026-10-02T01:01:04.695736+02:00
307292229,de:12061:900260002:1:51,-0.2,2026-10-02T01:01:04.695736+02:00
307292229,de:12061:900260001:2:52,-0.2,2026-10-02T01:01:04.695736+02:00
307292224,de:11000:900044202:1:51,0.0,2026-10-02T01:01:04.695736+02:00
307292224,de:11000:900054105:1:51,-0.2,2026-10-02T01:01:04.695736+02:00
307292224,de:11000:900054104:2:53,-0.8,2026-10-02T01:01:04.695736+02:00
307292224,de:11000:900058101:5:59,-0.7,2026-10-02T01:01:04.695736+02:00
307292224,de:11000:900068201:1:51,-0.3,2026-10-02T01:01:04.695736+02:00
307292224,de:11000:900079221:1:51,-0.9,2026-10-02T01:01:04.695736+02:00
307292224,de:11000:900078201:1:51,-0.6,2026-10-02T01:01:04.695736+02:00
307292224,de:11000:900077155:1:51,-0.2,2026-10-02T01:01:04.695736+02:00
307292224,de:11000:900191001:2:51,-0.7,2026-10-02T01:01:04.695736+02:00
307292224,de:11000:900192001:2:52,-0.7,2026-10-02T01:01:04.695736+02:00
307292224,de:11000:900193001:1:50,-0.2,2026-10-02T01:01:04.695736+02:00
307292224,de:11000:900193002:1:50,-0.8,2026-10-02T01:01:04.695736+02:00
307292224,de:11000:900186001:1:50,-0.8,2026-10-02T01:01:04.695736+02:00
307292224,de:12061:900260004:1:50,-0.2,2026-10-02T01:01:04.695736+02:00
307292224,de:12061:900260003:1:50,-0.4,2026-10-02T01:01:04.695736+02:00
307292224,de:12061:900260002:1:51,-0.2,2026-10-02T01:01:04.695736+02:00
307292224,de:12061:900260001:2:52,-0.2,2026-10-02T01:01:04.695736+02:00
295932984,de:11000:900058101:5:59,0.0,2026-10-02T01:01:04.695736+02:00
295932984,de:11000:900068201:1:51,-0.3,2026-10-02T01:01:04.695736+02:00
295932984,de:11000:900079221:1:51,-0.9,2026-10-02T01:01:04.695736+02:00
295932984,de:11000:900078201:1:51,-0.6,2026-10-02T01:01:04.695736+02:00
295932984,de:11000:900077155:1:51,-0.2,2026-10-02T01:01:04.695736+02:00
295932984,de:11000:900191001:2:51,-0.7,2026-10-02T01:01:04.695736+02:00
295932984,de:11000:900192001:2:53,-0.7,2026-10-02T01:01:04.695736+02:00
295932984,de:11000:900192002:1:50,-0.5,2026-10-02T01:01:04.695736+02:00
295932984,de:11000:900180003:1:50,-0.7,2026-10-02T01:01:04.695736+02:00
295933083,de:11000:900180003:1:50,0.0,2026-10-02T01:01:04.695736+02:00
295933083,de:11000:900192002:1:50,-0.4,2026-10-02T01:01:04.695736+02:00
295933083,de:11000:900192001:3:54,-0.2,2026-10-02T01:01:04.695736+02:00
295933083,de:11000:900191001:1:50,-0.9,2026-10-02T01:01:04.695736+02:00
295933083,de:11000:900077155:1:50,-0.4,2026-10-02T01:01:04.695736+02:00
295933083,de:11000:900078201:1:50,-0.9,2026-10-02T01:01:04.695736+02:00
295933083,de:11000:900079221:1:50,-0.7,2026-10-02T01:01:04.695736+02:00
295933083,de:11000:900068201:1:50,-0.3,2026-10-02T01:01:04.695736+02:00
295933083,de:11000:900058101:5:58,-0.6,2026-10-02T01:01:04.695736+02:00
295936960,de:12064:900320001:1:50,0.0,2026-10-02T01:01:04.695736+02:00
295936960,de:12064:900320002:1:50,-0.3,2026-10-02T01:01:04.695736+02:00
295936960,de:12064:900320003:1:50,-0.1,2026-10-02T01:01:04.695736+02:00
295936960,de:12064:900320004:2:51,-0.8,2026-10-02T01:01:04.695736+02:00
295936960,de:12064:900320005:1:50,0.0,2026-10-02T01:01:04.695736+02:00
295936960,de:12064:900320006:1:51,-0.8,2026-10-02T01:01:04.695736+02:00
295936960,de:12064:900320007:1:50,-0.8,2026-10-02T01:01:04.695736+02:00
295936960,de:12064:900320008:1:51,-0.5,2026-10-02T01:01:04.695736+02:00
295936960,de:12064:900320026:1:50,-0.3,2026-10-02T01:01:04.695736+02:00
295936960,de:11000:900176001:1:51,-0.7,2026-10-02T01:01:04.695736+02:00
295936960,de:11000:900175002:1:50,-0.7,2026-10-02T01:01:04.695736+02:00
295936960,de:11000:900175001:1:50,-0.6,2026-10-02T01:01:04.695736+02:00
295936960,de:11000:900171001:1:50,-0.3,2026-10-02T01:01:04.695736+02:00
295936960,de:11000:900171002:1:51,-0.4,2026-10-02T01:01:04.695736+02:00
295936960,de:11000:900160004:1:51,-0.8,2026-10-02T01:01:04.695736+02:00
295936960,de:11000:900160003:1:51,-0.9,2026-10-02T01:01:04.695736+02:00
295936960,de:11000:900120003:3:55,-0.1,2026-10-02T01:01:04.695736+02:00
295936960,de:11000:900120004:2:53,-0.6,2026-10-02T01:01:04.695736+02:00
295936960,de:11000:900120005:5:58,-0.9,2026-10-02T01:01:04.695736+02:00
295936960,de:11000:900100004:1:51,-0.4,2026-10-02T01:01:04.695736+02:00
295936960,de:11000:900100003:2:53,-0.4,2026-10-02T01:01:04.695736+02:00
295936960,de:11000:900100002:1:51,-0.4,2026-10-02T01:01:04.695736+02:00
295936960,de:11000:900100001:3:55,-0.4,2026-10-02T01:01:04.695736+02:00
295936960,de:11000:900003201:3:55,-0.1,2026-10-02T01:01:04.695736+02:00
295936960,de:11000:900003102:1:51,-0.8,2026-10-02T01:01:04.695736+02:00
295936960,de:11000:900003103:1:51,-0.9,2026-10-02T01:01:04.695736+02:00
295936960,de:11000:900023201:3:55,-0.8,2026-10-02T01:01:04.695736+02:00
295936960,de:11000:900024203:1:51,-0.8,2026-10-02T01:01:04.695736+02:00
295936960,de:11000:900024101:4:57,-0.8,2026-10-02T01:01:04.695736+02:00
295936960,de:11000:900024102:1:51,-0.1,2026-10-02T01:01:04.695736+02:00
307302016,de:11000:900024102:2:52,0.0,2026-10-02T01:01:04.695736+02:00
307302016,de:11000:900024101:3:55,-0.8,2026-10-02T01:01:04.695736+02:00
307302016,de:11000:900024203:1:51,-0.8,2026-10-02T01:01:04.695736+02:00
307302016,de:11000:900023201:3:54,-0.7,2026-10-02T01:01:04.695736+02:00
307302016,de:11000:900003103:1:50,-0.8,2026-10-02T01:01:04.695736+02:00
307302016,de:11000:900003102:1:50,-0.9,2026-10-02T01:01:04.695736+02:00
307302016,de:11000:900003201:3:54,-0.5,2026-10-02T01:01:04.695736+02:00
307302016,de:11000:900100001:3:54,-0.1,2026-10-02T01:01:04.695736+02:00
307302016,de:11000:900100002:1:50,-0.4,2026-10-02T01:01:04.695736+02:00
307302016,de:11000:900100003:2:52,-0.1,2026-10-02T01:01:04.695736+02:00
307302016,de:11000:900100004:1:50,-0.4,2026-10-02T01:01:04.695736+02:00
307302016,de:11000:900120005:4:55,-0.6,2026-10-02T01:01:04.695736+02:00
307302016,de:11000:900120004:1:50,-0.1,2026-10-02T01:01:04.695736+02:00
307302016,de:11000:900120003:2:53,-0.4,2026-10-02T01:01:04.695736+02:00
307302016,de:11000:900160003:1:50,-0.7,2026-10-02T01:01:04.695736+02:00
307302016,de:11000:900160004:1:50,-0.7,2026-10-02T01:01:04.695736+02:00
307302016,de:11000:900171002:1:50,-0.2,2026-10-02T01:01:04.695736+02:00
307302016,de:11000:900171001:2:51,-0.3,2026-10-02T01:01:04.695736+02:00
307302016,de:11000:900175001:2:51,-0.5,2026-10-02T01:01:04.695736+02:00
307302016,de:11000:900175002:1:51,0.0,2026-10-02T01:01:04.695736+02:00
307302016,de:11000:900176001:2:52,-0.3,2026-10-02T01:01:04.695736+02:00
307302016,de:12064:900320026:1:51,-0.1,2026-10-02T01:01:04.695736+02:00
307302016,de:12064:900320008:1:50,-0.7,2026-10-02T01:01:04.695736+02:00
307302016,de:12064:900320007:1:50,-0.4,2026-10-02T01:01:04.695736+02:00
307302016,de:12064:900320006:1:50,-0.8,2026-10-02T01:01:04.695736+02:00
307302016,de:12064:900320005:1:50,-0.2,2026-10-02T01:01:04.695736+02:00
307302016,de:12064:900320004:2:51,-0.9,2026-10-02T01:01:04.695736+02:00
307302016,de:12064:900320003:1:50,-0.8,2026-10-02T01:01:04.695736+02:00
307302016,de:12064:900320002:1:50,-0.5,2026-10-02T01:01:04.695736+02:00
307302016,de:12064:900320001:1:50,-0.2,2026-10-02T01:01:04.695736+02:00
307301988,de:11000:900024102:2:52,0.0,2026-10-02T01:01:04.695736+02:00
307301988,de:11000:900024101:3:55,-0.8,2026-10-02T01:01:04.695736+02:00
307301988,de:11000:900024203:1:51,-0.8,2026-10-02T01:01:04.695736+02:00
307301988,de:11000:900023201:3:54,-0.7,2026-10-02T01:01:04.695736+02:00
307301988,de:11000:900003103:1:50,-0.8,2026-10-02T01:01:04.695736+02:00
307301988,de:11000:900003102:1:50,-0.9,2026-10-02T01:01:04.695736+02:00
307301988,de:11000:900003201:3:54,-0.5,2026-10-02T01:01:04.695736+02:00
307301988,de:11000:900100001:3:54,-0.1,2026-10-02T01:01:04.695736+02:00
307301988,de:11000:900100002:1:50,-0.4,2026-10-02T01:01:04.695736+02:00
307301988,de:11000:900100003:2:52,-0.1,2026-10-02T01:01:04.695736+02:00
307301988,de:11000:900100004:1:50,-0.4,2026-10-02T01:01:04.695736+02:00
307301988,de:11000:900120005:4:55,-0.6,2026-10-02T01:01:04.695736+02:00
307301988,de:11000:900120004:1:50,-0.1,2026-10-02T01:01:04.695736+02:00
307301988,de:11000:900120003:2:53,-0.4,2026-10-02T01:01:04.695736+02:00
307301988,de:11000:900160003:1:50,-0.7,2026-10-02T01:01:04.695736+02:00
307301988,de:11000:900160004:1:50,-0.7,2026-10-02T01:01:04.695736+02:00
307301988,de:11000:900171002:1:50,-0.2,2026-10-02T01:01:04.695736+02:00
307301988,de:11000:900171001:2:51,-0.3,2026-10-02T01:01:04.695736+02:00
307301988,de:11000:900175001:2:51,-0.5,2026-10-02T01:01:04.695736+02:00
307301988,de:11000:900175002:1:51,0.0,2026-10-02T01:01:04.695736+02:00
307301988,de:11000:900176001:2:52,-0.3,2026-10-02T01:01:04.695736+02:00
307301988,de:12064:900320026:1:51,-0.1,2026-10-02T01:01:04.695736+02:00
307301988,de:12064:900320008:1:50,-0.7,2026-10-02T01:01:04.695736+02:00
307301988,de:12064:900320007:1:50,-0.4,2026-10-02T01:01:04.695736+02:00
307301988,de:12064:900320006:1:50,-0.8,2026-10-02T01:01:04.695736+02:00
307301988,de:12064:900320005:1:50,-0.2,2026-10-02T01:01:04.695736+02:00
307301988,de:12064:900320004:2:51,-0.9,2026-10-02T01:01:04.695736+02:00
307301988,de:12064:900320003:1:50,-0.8,2026-10-02T01:01:04.695736+02:00
307301988,de:12064:900320002:1:50,-0.5,2026-10-02T01:01:04.695736+02:00
307301988,de:12064:900320001:1:50,-0.2,2026-10-02T01:01:04.695736+02:00
306897101,de:12067:900311482::1,0.0,2026-10-02T01:01:04.695736+02:00
306897101,de:12067:900311482::1,-6.0,2026-10-02T01:01:04.695736+02:00
306897101,de:12067:900311489::1,0.0,2026-10-02T01:01:04.695736+02:00
306897101,de:12067:900311480::1,0.0,2026-10-02T01:01:04.695736+02:00
306897101,de:12067:900311482::1,6.0,2026-10-02T01:01:04.695736+02:00
306897101,de:12067:900311482::1,0.0,2026-10-02T01:01:04.695736+02:00
306897101,de:12067:900311485::2,0.0,2026-10-02T01:01:04.695736+02:00
306897101,de:12053:900360155::1,0.0,2026-10-02T01:01:04.695736+02:00
306897101,de:12053:900360063::1,0.0,2026-10-02T01:01:04.695736+02:00
306897101,de:12053:900360155::2,0.0,2026-10-02T01:01:04.695736+02:00
306897101,de:12067:900311484::2,0.0,2026-10-02T01:01:04.695736+02:00
306897101,de:12067:900311270::1,0.0,2026-10-02T01:01:04.695736+02:00
306897101,de:12067:900310735::2,0.0,2026-10-02T01:01:04.695736+02:00
306897101,de:12067:900310007::2,0.0,2026-10-02T01:01:04.695736+02:00
306897101,de:12067:900310876::1,0.0,2026-10-02T01:01:04.695736+02:00
306897101,de:12067:900310007::1,0.0,2026-10-02T01:01:04.695736+02:00
306897101,de:12067:900310009::1,0.0,2026-10-02T01:01:04.695736+02:00
295940790,de:11000:900176001:1:50,0.0,2026-10-02T01:01:04.695736+02:00
295940790,de:11000:900175002:1:50,-0.7,2026-10-02T01:01:04.695736+02:00
295940790,de:11000:900175001:1:50,-0.6,2026-10-02T01:01:04.695736+02:00
295940790,de:11000:900171001:1:50,-0.3,2026-10-02T01:01:04.695736+02:00
295940790,de:11000:900171002:1:51,-0.4,2026-10-02T01:01:04.695736+02:00
295940790,de:11000:900160004:1:51,-0.8,2026-10-02T01:01:04.695736+02:00
295940790,de:11000:900160003:1:51,-0.8,2026-10-02T01:01:04.695736+02:00
295940790,de:11000:900120003:3:54,-0.9,2026-10-02T01:01:04.695736+02:00
295940790,de:11000:900120004:2:52,-0.6,2026-10-02T01:01:04.695736+02:00
295940790,de:11000:900120005:5:57,-0.9,2026-10-02T01:01:04.695736+02:00
295940776,de:11000:900176001:1:50,0.0,2026-10-02T01:01:04.695736+02:00
295940776,de:11000:900175002:1:50,-0.7,2026-10-02T01:01:04.695736+02:00
295940776,de:11000:900175001:1:50,-0.6,2026-10-02T01:01:04.695736+02:00
295940776,de:11000:900171001:1:50,-0.3,2026-10-02T01:01:04.695736+02:00
295940776,de:11000:900171002:1:51,-0.4,2026-10-02T01:01:04.695736+02:00
295940776,de:11000:900160004:1:51,-0.8,2026-10-02T01:01:04.695736+02:00
295940776,de:11000:900160003:1:51,-0.8,2026-10-02T01:01:04.695736+02:00
295940776,de:11000:900120003:3:54,-0.9,2026-10-02T01:01:04.695736+02:00
295940776,de:11000:900120004:2:52,-0.6,2026-10-02T01:01:04.695736+02:00
295940776,de:11000:900120005:5:57,-0.9,2026-10-02T01:01:04.695736+02:00
295940757,de:11000:900120005:4:56,0.0,2026-10-02T01:01:04.695736+02:00
295940757,de:11000:900120004:1:51,-0.1,2026-10-02T01:01:04.695736+02:00
295940757,de:11000:900120003:2:52,-0.4,2026-10-02T01:01:04.695736+02:00
295940757,de:11000:900160003:1:50,-0.7,2026-10-02T01:01:04.695736+02:00
295940757,de:11000:900160004:1:50,-0.7,2026-10-02T01:01:04.695736+02:00
295940757,de:11000:900171002:1:50,-0.2,2026-10-02T01:01:04.695736+02:00
295940757,de:11000:900171001:2:51,-0.3,2026-10-02T01:01:04.695736+02:00
295940757,de:11000:900175001:2:51,-0.5,2026-10-02T01:01:04.695736+02:00
295940757,de:11000:900175002:1:51,0.0,2026-10-02T01:01:04.695736+02:00
295940757,de:11000:900176001:1:50,-0.7,2026-10-02T01:01:04.695736+02:00
306896845,de:12067:900311129::4,0.0,2026-10-02T01:01:04.695736+02:00
306896845,de:12067:900311129::4,-12.0,2026-10-02T01:01:04.695736+02:00
306896845,de:12067:900310727::3,0.0,2026-10-02T01:01:04.695736+02:00
306896845,de:12067:900310755::2,0.0,2026-10-02T01:01:04.695736+02:00
306896845,de:12067:900310728::3,0.0,2026-10-02T01:01:04.695736+02:00
306896845,de:12067:900311129::7,0.0,2026-10-02T01:01:04.695736+02:00
306896845,de:12067:900311129::4,12.0,2026-10-02T01:01:04.695736+02:00
306896845,de:12067:900311129::4,0.0,2026-10-02T01:01:04.695736+02:00
306896845,de:12067:900310637::2,0.0,2026-10-02T01:01:04.695736+02:00
306896845,de:12067:900310722::2,-0.5,2026-10-02T01:01:04.695736+02:00
306896845,de:12067:900310841::2,0.0,2026-10-02T01:01:04.695736+02:00
306896845,de:12067:900311002::3,0.0,2026-10-02T01:01:04.695736+02:00
306896845,de:12067:900310908::2,0.0,2026-10-02T01:01:04.695736+02:00
306896845,de:12067:900310975::2,0.0,2026-10-02T01:01:04.695736+02:00
306896845,de:12067:900310974::2,0.0,2026-10-02T01:01:04.695736+02:00
306896845,de:12067:900310914::2,0.0,2026-10-02T01:01:04.695736+02:00
306896845,de:12067:900310703::3,0.0,2026-10-02T01:01:04.695736+02:00
306896845,de:12067:900310915::2,-0.5,2026-10-02T01:01:04.695736+02:00
306896845,de:12067:900310916::2,-0.5,2026-10-02T01:01:04.695736+02:00
306896845,de:12067:900310917::2,0.0,2026-10-02T01:01:04.695736+02:00
306896845,de:12067:900310900::2,0.0,2026-10-02T01:01:04.695736+02:00
306896845,de:12067:900310880::2,0.0,2026-10-02T01:01:04.695736+02:00
306896845,de:12067:900310010::1,0.0,2026-10-02T01:01:04.695736+02:00
306896845,de:12067:900310879::2,0.0,2026-10-02T01:01:04.695736+02:00
306896845,de:12067:900310800::2,0.0,2026-10-02T01:01:04.695736+02:00
306896845,de:12067:900310771::2,0.0,2026-10-02T01:01:04.695736+02:00
306896845,de:12067:900310822::2,0.0,2026-10-02T01:01:04.695736+02:00
306896845,de:12067:900310781::2,0.0,2026-10-02T01:01:04.695736+02:00
306896845,de:12067:900310627::2,-0.5,2026-10-02T01:01:04.695736+02:00
306896845,de:12067:900310816::2,0.0,2026-10-02T01:01:04.695736+02:00
306896845,de:12067:900310022::1,0.0,2026-10-02T01:01:04.695736+02:00
306896845,de:12067:900310001::11,0.0,2026-10-02T01:01:04.695736+02:00
295940268,de:12064:900320008:1:51,0.0,2026-10-02T01:01:04.695736+02:00
295940268,de:12064:900320026:1:50,-0.3,2026-10-02T01:01:04.695736+02:00
295940268,de:11000:900176001:1:51,-0.7,2026-10-02T01:01:04.695736+02:00
295940268,de:11000:900175002:1:50,-0.7,2026-10-02T01:01:04.695736+02:00
295940268,de:11000:900175001:1:50,-0.6,2026-10-02T01:01:04.695736+02:00
295940268,de:11000:900171001:1:50,-0.3,2026-10-02T01:01:04.695736+02:00
295940268,de:11000:900171002:1:51,-0.4,2026-10-02T01:01:04.695736+02:00
295940268,de:11000:900160004:1:51,-0.8,2026-10-02T01:01:04.695736+02:00
295940268,de:11000:900160003:1:51,-0.9,2026-10-02T01:01:04.695736+02:00
295940268,de:11000:900120003:3:55,-0.1,2026-10-02T01:01:04.695736+02:00
295940268,de:11000:900120004:2:53,-0.6,2026-10-02T01:01:04.695736+02:00
295940268,de:11000:900120005:5:58,-0.9,2026-10-02T01:01:04.695736+02:00
295940268,de:11000:900100004:1:51,-0.4,2026-10-02T01:01:04.695736+02:00
295940268,de:11000:900100003:2:53,-0.4,2026-10-02T01:01:04.695736+02:00
295940268,de:11000:900100002:1:51,-0.4,2026-10-02T01:01:04.695736+02:00
295940268,de:11000:900100001:3:55,-0.4,2026-10-02T01:01:04.695736+02:00
295940268,de:11000:900003201:3:55,-0.1,2026-10-02T01:01:04.695736+02:00
295940268,de:11000:900003102:1:51,-0.8,2026-10-02T01:01:04.695736+02:00
295940268,de:11000:900003103:1:51,-0.9,2026-10-02T01:01:04.695736+02:00
295940268,de:11000:900023201:3:55,-0.8,2026-10-02T01:01:04.695736+02:00
295940268,de:11000:900024203:1:51,-0.8,2026-10-02T01:01:04.695736+02:00
295940268,de:11000:900024101:4:57,-0.8,2026-10-02T01:01:04.695736+02:00
295940268,de:11000:900024102:1:51,-0.1,2026-10-02T01:01:04.695736+02:00
295942217,de:11000:900120004:1:51,0.0,2026-10-02T01:01:04.695736+02:00
295942217,de:11000:900120003:2:52,-0.9,2026-10-02T01:01:04.695736+02:00
295942217,de:11000:900160003:1:50,-0.7,2026-10-02T01:01:04.695736+02:00
295942217,de:11000:900160004:1:50,-0.7,2026-10-02T01:01:04.695736+02:00
295942217,de:11000:900171002:1:50,-0.2,2026-10-02T01:01:04.695736+02:00
295942217,de:11000:900171001:2:51,-0.3,2026-10-02T01:01:04.695736+02:00
295942217,de:11000:900175001:2:51,-0.5,2026-10-02T01:01:04.695736+02:00
295942217,de:11000:900175002:1:51,0.0,2026-10-02T01:01:04.695736+02:00
295942217,de:11000:900176001:1:50,-0.7,2026-10-02T01:01:04.695736+02:00
295946174,de:12054:900230999:3:54,0.0,2026-10-02T01:01:04.695736+02:00
295946174,de:12054:900230000:1:50,-0.3,2026-10-02T01:01:04.695736+02:00
295946174,de:12054:900230003:1:54,-0.3,2026-10-02T01:01:04.695736+02:00
295946174,de:11000:900053301:2:53,-0.4,2026-10-02T01:01:04.695736+02:00
295946174,de:11000:900052201:2:53,-0.7,2026-10-02T01:01:04.695736+02:00
295946174,de:11000:900048101:2:53,-0.9,2026-10-02T01:01:04.695736+02:00
295946174,de:11000:900024102:2:53,-0.9,2026-10-02T01:01:04.695736+02:00
295946174,de:11000:900024101:3:55,-0.3,2026-10-02T01:01:04.695736+02:00
295946174,de:11000:900024203:1:51,-0.3,2026-10-02T01:01:04.695736+02:00
295946174,de:11000:900023201:3:54,-0.2,2026-10-02T01:01:04.695736+02:00
295946174,de:11000:900003103:1:50,-0.3,2026-10-02T01:01:04.695736+02:00
295946174,de:11000:900003102:1:50,-0.4,2026-10-02T01:01:04.695736+02:00
295946174,de:11000:900003201:3:54,0.0,2026-10-02T01:01:04.695736+02:00
295946174,de:11000:900100001:3:54,-0.6,2026-10-02T01:01:04.695736+02:00
295946174,de:11000:900100002:1:50,-0.9,2026-10-02T01:01:04.695736+02:00
295946174,de:11000:900100003:2:52,-0.6,2026-10-02T01:01:04.695736+02:00
295946174,de:11000:900100004:1:50,-0.9,2026-10-02T01:01:04.695736+02:00
295946174,de:11000:900120005:4:55,-0.1,2026-10-02T01:01:04.695736+02:00
295946174,de:11000:900120004:1:50,-0.6,2026-10-02T01:01:04.695736+02:00
295946174,de:11000:900120003:2:53,-0.9,2026-10-02T01:01:04.695736+02:00
295946174,de:11000:900160003:1:50,-0.2,2026-10-02T01:01:04.695736+02:00
295946174,de:11000:900160004:1:50,-0.2,2026-10-02T01:01:04.695736+02:00
295946174,de:11000:900171002:1:50,-0.7,2026-10-02T01:01:04.695736+02:00
295946174,de:11000:900171003:1:50,-0.8,2026-10-02T01:01:04.695736+02:00
295946174,de:11000:900170005:1:50,-0.3,2026-10-02T01:01:04.695736+02:00
295946174,de:11000:900170001:1:50,-0.1,2026-10-02T01:01:04.695736+02:00
295946174,de:11000:900170002:1:50,-0.9,2026-10-02T01:01:04.695736+02:00
295946174,de:11000:900170003:1:50,-0.7,2026-10-02T01:01:04.695736+02:00
295946174,de:11000:900170004:1:50,-0.9,2026-10-02T01:01:04.695736+02:00
295946270,de:11000:900170004:1:50,0.0,2026-10-02T01:01:04.695736+02:00
295946270,de:11000:900170003:1:51,-0.3,2026-10-02T01:01:04.695736+02:00
295946270,de:11000:900170002:1:51,-0.1,2026-10-02T01:01:04.695736+02:00
295946270,de:11000:900170001:1:51,-0.9,2026-10-02T01:01:04.695736+02:00
295946270,de:11000:900170005:1:51,-0.7,2026-10-02T01:01:04.695736+02:00
295946270,de:11000:900171003:1:51,-0.6,2026-10-02T01:01:04.695736+02:00
295946270,de:11000:900171002:1:51,-0.9,2026-10-02T01:01:04.695736+02:00
295946270,de:11000:900160004:1:51,-0.3,2026-10-02T01:01:04.695736+02:00
295946270,de:11000:900160003:1:51,-0.4,2026-10-02T01:01:04.695736+02:00
295946270,de:11000:900120003:3:55,-0.6,2026-10-02T01:01:04.695736+02:00
295946270,de:11000:900120004:2:53,-0.1,2026-10-02T01:01:04.695736+02:00
295946270,de:11000:900120005:5:58,-0.4,2026-10-02T01:01:04.695736+02:00
295946270,de:11000:900100004:1:51,-0.9,2026-10-02T01:01:04.695736+02:00
295946270,de:11000:900100003:2:53,-0.9,2026-10-02T01:01:04.695736+02:00
295946270,de:11000:900100002:1:51,-0.9,2026-10-02T01:01:04.695736+02:00
295946270,de:11000:900100001:3:55,-0.9,2026-10-02T01:01:04.695736+02:00
295946270,de:11000:900003201:3:55,-0.6,2026-10-02T01:01:04.695736+02:00
295946270,de:11000:900003102:1:51,-0.3,2026-10-02T01:01:04.695736+02:00
295946270,de:11000:900003103:1:51,-0.4,2026-10-02T01:01:04.695736+02:00
295946270,de:11000:900023201:3:55,-0.3,2026-10-02T01:01:04.695736+02:00
295946270,de:11000:900024203:1:51,-0.3,2026-10-02T01:01:04.695736+02:00
295946270,de:11000:900024101:4:57,-0.3,2026-10-02T01:01:04.695736+02:00
295946270,de:11000:900024102:1:50,-0.6,2026-10-02T01:01:04.695736+02:00
295946270,de:11000:900048101:1:50,-0.8,2026-10-02T01:01:04.695736+02:00
295946270,de:11000:900052201:2:52,0.0,2026-10-02T01:01:04.695736+02:00
295946270,de:11000:900053301:1:50,-0.4,2026-10-02T01:01:04.695736+02:00
295946270,de:12054:900230003:1:50,-0.4,2026-10-02T01:01:04.695736+02:00
295946270,de:12054:900230000:1:51,-0.4,2026-10-02T01:01:04.695736+02:00
295946270,de:12054:900230999:3:55,-0.9,2026-10-02T01:01:04.695736+02:00
306895460,de:12067:900311083::3,0.0,2026-10-02T01:01:04.695736+02:00
306895460,de:12067:900310775::1,0.0,2026-10-02T01:01:04.695736+02:00
306895460,de:12067:900311083::2,0.0,2026-10-02T01:01:04.695736+02:00
306895460,de:12067:900310814::2,0.0,2026-10-02T01:01:04.695736+02:00
306895460,de:12067:900310628::2,0.0,2026-10-02T01:01:04.695736+02:00
306895460,de:12067:900310793::2,0.0,2026-10-02T01:01:04.695736+02:00
306895460,de:12067:900310774::1,0.0,2026-10-02T01:01:04.695736+02:00
306895460,de:12067:900310792::1,0.0,2026-10-02T01:01:04.695736+02:00
306895460,de:12067:900310825::1,0.0,2026-10-02T01:01:04.695736+02:00
306895460,de:12067:900310809::2,0.0,2026-10-02T01:01:04.695736+02:00
306895460,de:12067:900310787::2,0.0,2026-10-02T01:01:04.695736+02:00
306895460,de:12067:900310790::2,0.0,2026-10-02T01:01:04.695736+02:00
306895460,de:12067:900310788::2,0.0,2026-10-02T01:01:04.695736+02:00
306895460,de:12067:900310696::2,0.0,2026-10-02T01:01:04.695736+02:00
306895460,de:12067:900310001::11,0.0,2026-10-02T01:01:04.695736+02:00
306895460,de:12067:900310001::2,0.0,2026-10-02T01:01:04.695736+02:00
306895460,de:12067:900310816::1,0.0,2026-10-02T01:01:04.695736+02:00
306895460,de:12067:900310627::1,0.0,2026-10-02T01:01:04.695736+02:00
306895460,de:12067:900310781::1,0.0,2026-10-02T01:01:04.695736+02:00
306895460,de:12067:900310822::1,0.0,2026-10-02T01:01:04.695736+02:00
306895460,de:12067:900310808::1,0.0,2026-10-02T01:01:04.695736+02:00
306895460,de:12067:900310794::1,0.0,2026-10-02T01:01:04.695736+02:00
306895460,de:12067:900310821::1,0.0,2026-10-02T01:01:04.695736+02:00
306895460,de:12067:900310806::1,0.0,2026-10-02T01:01:04.695736+02:00
306895460,de:12067:900310812::1,0.0,2026-10-02T01:01:04.695736+02:00
306895460,de:12067:900310770::1,0.0,2026-10-02T01:01:04.695736+02:00
306895460,de:12067:900310010::3,0.0,2026-10-02T01:01:04.695736+02:00
306895460,de:12067:900310880::1,0.0,2026-10-02T01:01:04.695736+02:00
306895460,de:12067:900310815::1,0.0,2026-10-02T01:01:04.695736+02:00
306895460,de:12067:900310807::1,0.0,2026-10-02T01:01:04.695736+02:00
306895463,de:12067:900311083::3,0.0,2026-10-02T01:01:04.695736+02:00
306895463,de:12067:900310775::1,0.0,2026-10-02T01:01:04.695736+02:00
306895463,de:12067:900311083::2,0.0,2026-10-02T01:01:04.695736+02:00
306895463,de:12067:900310814::2,0.0,2026-10-02T01:01:04.695736+02:00
306895463,de:12067:900310628::2,0.0,2026-10-02T01:01:04.695736+02:00
306895463,de:12067:900310793::2,0.0,2026-10-02T01:01:04.695736+02:00
306895463,de:12067:900310774::1,0.0,2026-10-02T01:01:04.695736+02:00
306895463,de:12067:900310792::1,0.0,2026-10-02T01:01:04.695736+02:00
306895463,de:12067:900310825::1,0.0,2026-10-02T01:01:04.695736+02:00
306895463,de:12067:900310809::2,0.0,2026-10-02T01:01:04.695736+02:00
306895463,de:12067:900310787::2,0.0,2026-10-02T01:01:04.695736+02:00
306895463,de:12067:900310790::2,0.0,2026-10-02T01:01:04.695736+02:00
306895463,de:12067:900310788::2,0.0,2026-10-02T01:01:04.695736+02:00
306895463,de:12067:900310696::2,0.0,2026-10-02T01:01:04.695736+02:00
306895463,de:12067:900310001::11,0.0,2026-10-02T01:01:04.695736+02:00
306895463,de:12067:900310001::2,0.0,2026-10-02T01:01:04.695736+02:00
306895463,de:12067:900310816::1,0.0,2026-10-02T01:01:04.695736+02:00
306895463,de:12067:900310627::1,0.0,2026-10-02T01:01:04.695736+02:00
306895463,de:12067:900310781::1,0.0,2026-10-02T01:01:04.695736+02:00
306895463,de:12067:900310822::1,0.0,2026-10-02T01:01:04.695736+02:00
306895463,de:12067:900310808::1,0.0,2026-10-02T01:01:04.695736+02:00
306895463,de:12067:900310794::1,0.0,2026-10-02T01:01:04.695736+02:00
306895463,de:12067:900310821::1,0.0,2026-10-02T01:01:04.695736+02:00
306895463,de:12067:900310806::1,0.0,2026-10-02T01:01:04.695736+02:00
306895463,de:12067:900310812::1,0.0,2026-10-02T01:01:04.695736+02:00
306895463,de:12067:900310770::1,0.0,2026-10-02T01:01:04.695736+02:00
306895463,de:12067:900310010::3,0.0,2026-10-02T01:01:04.695736+02:00
306895463,de:12067:900310880::1,0.0,2026-10-02T01:01:04.695736+02:00
306895463,de:12067:900310815::1,0.0,2026-10-02T01:01:04.695736+02:00
306895463,de:12067:900310807::1,0.0,2026-10-02T01:01:04.695736+02:00
306895464,de:12067:900311083::3,0.0,2026-10-02T01:01:04.695736+02:00
306895464,de:12067:900310775::1,0.0,2026-10-02T01:01:04.695736+02:00
306895464,de:12067:900311083::2,0.0,2026-10-02T01:01:04.695736+02:00
306895464,de:12067:900310814::2,0.0,2026-10-02T01:01:04.695736+02:00
306895464,de:12067:900310628::2,0.0,2026-10-02T01:01:04.695736+02:00
306895464,de:12067:900310793::2,0.0,2026-10-02T01:01:04.695736+02:00
306895464,de:12067:900310774::1,0.0,2026-10-02T01:01:04.695736+02:00
306895464,de:12067:900310792::1,0.0,2026-10-02T01:01:04.695736+02:00
306895464,de:12067:900310825::1,0.0,2026-10-02T01:01:04.695736+02:00
306895464,de:12067:900310809::2,0.0,2026-10-02T01:01:04.695736+02:00
306895464,de:12067:900310787::2,0.0,2026-10-02T01:01:04.695736+02:00
306895464,de:12067:900310790::2,0.0,2026-10-02T01:01:04.695736+02:00
306895464,de:12067:900310788::2,0.0,2026-10-02T01:01:04.695736+02:00
306895464,de:12067:900310696::2,0.0,2026-10-02T01:01:04.695736+02:00
306895464,de:12067:900310001::11,0.0,2026-10-02T01:01:04.695736+02:00
306895464,de:12067:900310001::2,0.0,2026-10-02T01:01:04.695736+02:00
306895464,de:12067:900310816::1,0.0,2026-10-02T01:01:04.695736+02:00
306895464,de:12067:900310627::1,0.0,2026-10-02T01:01:04.695736+02:00
306895464,de:12067:900310781::1,0.0,2026-10-02T01:01:04.695736+02:00
306895464,de:12067:900310822::1,0.0,2026-10-02T01:01:04.695736+02:00
306895464,de:12067:900310808::1,0.0,2026-10-02T01:01:04.695736+02:00
306895464,de:12067:900310794::1,0.0,2026-10-02T01:01:04.695736+02:00
306895464,de:12067:900310821::1,0.0,2026-10-02T01:01:04.695736+02:00
306895464,de:12067:900310806::1,0.0,2026-10-02T01:01:04.695736+02:00
306895464,de:12067:900310812::1,0.0,2026-10-02T01:01:04.695736+02:00
306895464,de:12067:900310770::1,0.0,2026-10-02T01:01:04.695736+02:00
306895464,de:12067:900310010::3,0.0,2026-10-02T01:01:04.695736+02:00
306895464,de:12067:900310880::1,0.0,2026-10-02T01:01:04.695736+02:00
306895464,de:12067:900310815::1,0.0,2026-10-02T01:01:04.695736+02:00
306895464,de:12067:900310807::1,0.0,2026-10-02T01:01:04.695736+02:00
295953542,de:11000:900151001:1:51,0.0,2026-10-02T01:01:04.695736+02:00
295953542,de:11000:900152001:1:51,-0.6,2026-10-02T01:01:04.695736+02:00
295953542,de:11000:900152002:1:51,-0.2,2026-10-02T01:01:04.695736+02:00
295953542,de:11000:900171003:1:51,-0.9,2026-10-02T01:01:04.695736+02:00
295953542,de:11000:900171002:1:51,-0.9,2026-10-02T01:01:04.695736+02:00
295953542,de:11000:900160004:1:51,-0.3,2026-10-02T01:01:04.695736+02:00
295953542,de:11000:900160003:1:51,-0.4,2026-10-02T01:01:04.695736+02:00
295953542,de:11000:900120003:3:55,-0.6,2026-10-02T01:01:04.695736+02:00
295953542,de:11000:900120004:2:53,-0.1,2026-10-02T01:01:04.695736+02:00
295953542,de:11000:900120005:5:57,-0.4,2026-10-02T01:01:04.695736+02:00
295949461,de:12054:900230999:3:55,0.0,2026-10-02T01:01:04.695736+02:00
295949461,de:12054:900230000:1:50,-0.3,2026-10-02T01:01:04.695736+02:00
295949461,de:12054:900230003:1:54,-0.3,2026-10-02T01:01:04.695736+02:00
295949461,de:11000:900053301:2:53,-0.4,2026-10-02T01:01:04.695736+02:00
295949461,de:11000:900052201:2:53,-0.7,2026-10-02T01:01:04.695736+02:00
295949461,de:11000:900048101:2:53,-0.9,2026-10-02T01:01:04.695736+02:00
295949461,de:11000:900024102:2:53,-0.9,2026-10-02T01:01:04.695736+02:00
295949461,de:11000:900024101:3:55,-0.3,2026-10-02T01:01:04.695736+02:00
295949461,de:11000:900024203:1:51,-0.3,2026-10-02T01:01:04.695736+02:00
295949461,de:11000:900023201:3:54,-0.2,2026-10-02T01:01:04.695736+02:00
295949461,de:11000:900003103:1:50,-0.3,2026-10-02T01:01:04.695736+02:00
295949461,de:11000:900003102:1:50,-0.4,2026-10-02T01:01:04.695736+02:00
295949461,de:11000:900003201:3:54,0.0,2026-10-02T01:01:04.695736+02:00
295949461,de:11000:900100001:3:54,-0.6,2026-10-02T01:01:04.695736+02:00
295949461,de:11000:900100002:1:50,-0.9,2026-10-02T01:01:04.695736+02:00
295949461,de:11000:900100003:2:52,-0.6,2026-10-02T01:01:04.695736+02:00
295949461,de:11000:900100004:1:50,-0.9,2026-10-02T01:01:04.695736+02:00
295949461,de:11000:900120005:4:55,-0.1,2026-10-02T01:01:04.695736+02:00
295949461,de:11000:900120004:1:50,-0.6,2026-10-02T01:01:04.695736+02:00
295949461,de:11000:900120003:2:53,-0.9,2026-10-02T01:01:04.695736+02:00
295949461,de:11000:900160003:1:50,-0.2,2026-10-02T01:01:04.695736+02:00
295949461,de:11000:900160004:1:50,-0.2,2026-10-02T01:01:04.695736+02:00
295949461,de:11000:900171002:1:50,-0.7,2026-10-02T01:01:04.695736+02:00
295949461,de:11000:900171003:1:50,-0.8,2026-10-02T01:01:04.695736+02:00
295949461,de:11000:900170005:1:50,-0.3,2026-10-02T01:01:04.695736+02:00
295949461,de:11000:900170001:1:50,-0.1,2026-10-02T01:01:04.695736+02:00
295949461,de:11000:900170002:1:50,-0.9,2026-10-02T01:01:04.695736+02:00
295949461,de:11000:900170003:1:50,-0.7,2026-10-02T01:01:04.695736+02:00
295949461,de:11000:900170004:2:52,-0.9,2026-10-02T01:01:04.695736+02:00
295956056,de:11000:900151001:1:50,0.0,2026-10-02T01:01:04.695736+02:00
295956056,de:11000:900152001:1:51,-0.6,2026-10-02T01:01:04.695736+02:00
295956056,de:11000:900152002:1:51,-0.2,2026-10-02T01:01:04.695736+02:00
295956056,de:11000:900171003:1:51,-0.9,2026-10-02T01:01:04.695736+02:00
295956056,de:11000:900171002:1:51,-0.9,2026-10-02T01:01:04.695736+02:00
295956056,de:11000:900160004:1:51,-0.3,2026-10-02T01:01:04.695736+02:00
295956056,de:11000:900160003:1:51,-0.4,2026-10-02T01:01:04.695736+02:00
295956056,de:11000:900120003:3:54,-0.6,2026-10-02T01:01:04.695736+02:00
295956056,de:11000:900120004:2:52,-0.1,2026-10-02T01:01:04.695736+02:00
307436875,de:12061:900261512:2:52,0.0,2026-10-02T01:01:04.695736+02:00
307436875,de:12066:900435602:2:51,0.0,2026-10-02T01:01:04.695736+02:00
307436875,de:12066:900435459:2:52,0.0,2026-10-02T01:01:04.695736+02:00
307436875,de:12066:900435818:1:50,0.0,2026-10-02T01:01:04.695736+02:00
307436875,de:12066:900435209:1:50,0.0,2026-10-02T01:01:04.695736+02:00
307436875,de:12066:900435339:1:50,0.0,2026-10-02T01:01:04.695736+02:00
307436875,de:12066:900435001:3:53,0.0,2026-10-02T01:01:04.695736+02:00
307436875,de:12066:900435000:2:53,0.0,2026-10-02T01:01:04.695736+02:00
295949521,de:11000:900170004:2:52,0.0,2026-10-02T01:01:04.695736+02:00
295949521,de:11000:900170003:1:51,-0.3,2026-10-02T01:01:04.695736+02:00
295949521,de:11000:900170002:1:51,-0.1,2026-10-02T01:01:04.695736+02:00
295949521,de:11000:900170001:1:51,-0.9,2026-10-02T01:01:04.695736+02:00
295949521,de:11000:900170005:1:51,-0.7,2026-10-02T01:01:04.695736+02:00
295949521,de:11000:900171003:1:51,-0.6,2026-10-02T01:01:04.695736+02:00
295949521,de:11000:900171002:1:51,-0.9,2026-10-02T01:01:04.695736+02:00
295949521,de:11000:900160004:1:51,-0.3,2026-10-02T01:01:04.695736+02:00
295949521,de:11000:900160003:1:51,-0.4,2026-10-02T01:01:04.695736+02:00
295949521,de:11000:900120003:3:55,-0.6,2026-10-02T01:01:04.695736+02:00
295949521,de:11000:900120004:2:53,-0.1,2026-10-02T01:01:04.695736+02:00
295949521,de:11000:900120005:5:58,-0.4,2026-10-02T01:01:04.695736+02:00
295949521,de:11000:900100004:1:51,-0.9,2026-10-02T01:01:04.695736+02:00
295949521,de:11000:900100003:2:53,-0.9,2026-10-02T01:01:04.695736+02:00
295949521,de:11000:900100002:1:51,-0.9,2026-10-02T01:01:04.695736+02:00
295949521,de:11000:900100001:3:55,-0.9,2026-10-02T01:01:04.695736+02:00
295949521,de:11000:900003201:3:55,-0.6,2026-10-02T01:01:04.695736+02:00
295949521,de:11000:900003102:1:51,-0.3,2026-10-02T01:01:04.695736+02:00
295949521,de:11000:900003103:1:51,-0.4,2026-10-02T01:01:04.695736+02:00
295949521,de:11000:900023201:3:55,-0.3,2026-10-02T01:01:04.695736+02:00
295949521,de:11000:900024203:1:51,-0.3,2026-10-02T01:01:04.695736+02:00
295949521,de:11000:900024101:4:57,-0.3,2026-10-02T01:01:04.695736+02:00
295949521,de:11000:900024102:1:50,-0.6,2026-10-02T01:01:04.695736+02:00
295949521,de:11000:900048101:1:50,-0.8,2026-10-02T01:01:04.695736+02:00
295949521,de:11000:900052201:2:52,0.0,2026-10-02T01:01:04.695736+02:00
295949521,de:11000:900053301:1:50,-0.4,2026-10-02T01:01:04.695736+02:00
295949521,de:12054:900230003:1:50,-0.4,2026-10-02T01:01:04.695736+02:00
295949521,de:12054:900230000:1:51,-0.4,2026-10-02T01:01:04.695736+02:00
295949521,de:12054:900230999:3:54,-0.9,2026-10-02T01:01:04.695736+02:00
295949447,de:12054:900230999:3:55,0.0,2026-10-02T01:01:04.695736+02:00
295949447,de:12054:900230000:1:50,-0.3,2026-10-02T01:01:04.695736+02:00
295949447,de:12054:900230003:1:54,-0.3,2026-10-02T01:01:04.695736+02:00
295949447,de:11000:900053301:2:53,-0.4,2026-10-02T01:01:04.695736+02:00
295949447,de:11000:900052201:2:53,-0.7,2026-10-02T01:01:04.695736+02:00
295949447,de:11000:900048101:2:53,-0.9,2026-10-02T01:01:04.695736+02:00
295949447,de:11000:900024102:2:53,-0.9,2026-10-02T01:01:04.695736+02:00
295949447,de:11000:900024101:3:55,-0.3,2026-10-02T01:01:04.695736+02:00
295949447,de:11000:900024203:1:51,-0.3,2026-10-02T01:01:04.695736+02:00
295949447,de:11000:900023201:3:54,-0.2,2026-10-02T01:01:04.695736+02:00
295949447,de:11000:900003103:1:50,-0.3,2026-10-02T01:01:04.695736+02:00
295949447,de:11000:900003102:1:50,-0.4,2026-10-02T01:01:04.695736+02:00
295949447,de:11000:900003201:3:54,0.0,2026-10-02T01:01:04.695736+02:00
295949447,de:11000:900100001:3:54,-0.6,2026-10-02T01:01:04.695736+02:00
295949447,de:11000:900100002:1:50,-0.9,2026-10-02T01:01:04.695736+02:00
295949447,de:11000:900100003:2:52,-0.6,2026-10-02T01:01:04.695736+02:00
295949447,de:11000:900100004:1:50,-0.9,2026-10-02T01:01:04.695736+02:00
295949447,de:11000:900120005:4:55,-0.1,2026-10-02T01:01:04.695736+02:00
295949447,de:11000:900120004:1:50,-0.6,2026-10-02T01:01:04.695736+02:00
295949447,de:11000:900120003:2:53,-0.9,2026-10-02T01:01:04.695736+02:00
295949447,de:11000:900160003:1:50,-0.2,2026-10-02T01:01:04.695736+02:00
295949447,de:11000:900160004:1:50,-0.2,2026-10-02T01:01:04.695736+02:00
295949447,de:11000:900171002:1:50,-0.7,2026-10-02T01:01:04.695736+02:00
295949447,de:11000:900171003:1:50,-0.8,2026-10-02T01:01:04.695736+02:00
295949447,de:11000:900170005:1:50,-0.3,2026-10-02T01:01:04.695736+02:00
295949447,de:11000:900170001:1:50,-0.1,2026-10-02T01:01:04.695736+02:00
295949447,de:11000:900170002:1:50,-0.9,2026-10-02T01:01:04.695736+02:00
295949447,de:11000:900170003:1:50,-0.7,2026-10-02T01:01:04.695736+02:00
295949447,de:11000:900170004:2:52,-0.9,2026-10-02T01:01:04.695736+02:00
295959999,de:12065:900200008:1:51,0.0,2026-10-02T01:01:04.695736+02:00
295959999,de:12065:900200009:1:51,-0.7,2026-10-02T01:01:04.695736+02:00
295959999,de:12065:900200011:1:51,-0.3,2026-10-02T01:01:04.695736+02:00
295959999,de:12065:900200012:1:51,-0.8,2026-10-02T01:01:04.695736+02:00
295959999,de:12065:900200013:1:50,-0.4,2026-10-02T01:01:04.695736+02:00
295959999,de:11000:900142001:1:51,-0.7,2026-10-02T01:01:04.695736+02:00
295959999,de:11000:900130001:1:51,-0.2,2026-10-02T01:01:04.695736+02:00
295959999,de:11000:900130002:1:51,-0.7,2026-10-02T01:01:04.695736+02:00
295959999,de:11000:900110011:1:51,-0.2,2026-10-02T01:01:04.695736+02:00
295959999,de:11000:900110001:1:50,-0.2,2026-10-02T01:01:04.695736+02:00
295959999,de:11000:900110002:1:50,-0.9,2026-10-02T01:01:04.695736+02:00
295959999,de:11000:900110003:1:50,-0.9,2026-10-02T01:01:04.695736+02:00
295959999,de:11000:900110004:1:50,-0.3,2026-10-02T01:01:04.695736+02:00
295959999,de:11000:900110012:1:50,-0.2,2026-10-02T01:01:04.695736+02:00
295959999,de:11000:900120001:1:50,-0.2,2026-10-02T01:01:04.695736+02:00
295959999,de:11000:900120003:5:58,-0.6,2026-10-02T01:01:04.695736+02:00
295959999,de:11000:900190001:1:50,-0.1,2026-10-02T01:01:04.695736+02:00
295959999,de:11000:900191002:1:50,0.0,2026-10-02T01:01:04.695736+02:00
295959999,de:11000:900191001:2:52,-0.4,2026-10-02T01:01:04.695736+02:00
295959999,de:11000:900192001:2:52,-0.2,2026-10-02T01:01:04.695736+02:00
295959999,de:11000:900193001:1:50,-0.7,2026-10-02T01:01:04.695736+02:00
295959999,de:11000:900193002:1:50,-0.3,2026-10-02T01:01:04.695736+02:00
295959999,de:11000:900186001:1:50,-0.3,2026-10-02T01:01:04.695736+02:00
295959999,de:12061:900260004:1:50,-0.7,2026-10-02T01:01:04.695736+02:00
295959999,de:12061:900260003:1:50,-0.9,2026-10-02T01:01:04.695736+02:00
295959999,de:12061:900260002:1:50,-0.9,2026-10-02T01:01:04.695736+02:00
295959967,de:12065:900200008:1:51,0.0,2026-10-02T01:01:04.695736+02:00
295959967,de:12065:900200009:1:51,-0.7,2026-10-02T01:01:04.695736+02:00
295959967,de:12065:900200011:1:51,-0.3,2026-10-02T01:01:04.695736+02:00
295959967,de:12065:900200012:1:51,-0.8,2026-10-02T01:01:04.695736+02:00
295959967,de:12065:900200013:1:50,-0.4,2026-10-02T01:01:04.695736+02:00
295959967,de:11000:900142001:1:51,-0.7,2026-10-02T01:01:04.695736+02:00
295959967,de:11000:900130001:1:51,-0.2,2026-10-02T01:01:04.695736+02:00
295959967,de:11000:900130002:1:51,-0.7,2026-10-02T01:01:04.695736+02:00
295959967,de:11000:900110011:1:51,-0.2,2026-10-02T01:01:04.695736+02:00
295959967,de:11000:900110001:1:50,-0.2,2026-10-02T01:01:04.695736+02:00
295959967,de:11000:900110002:1:50,-0.9,2026-10-02T01:01:04.695736+02:00
295959967,de:11000:900110003:1:50,-0.9,2026-10-02T01:01:04.695736+02:00
295959967,de:11000:900110004:1:50,-0.3,2026-10-02T01:01:04.695736+02:00
295959967,de:11000:900110012:1:50,-0.2,2026-10-02T01:01:04.695736+02:00
295959967,de:11000:900120001:1:50,-0.2,2026-10-02T01:01:04.695736+02:00
295959967,de:11000:900120003:5:58,-0.6,2026-10-02T01:01:04.695736+02:00
295959967,de:11000:900190001:1:50,-0.1,2026-10-02T01:01:04.695736+02:00
295959967,de:11000:900191002:1:50,0.0,2026-10-02T01:01:04.695736+02:00
295959967,de:11000:900191001:2:52,-0.4,2026-10-02T01:01:04.695736+02:00
295959967,de:11000:900192001:2:52,-0.2,2026-10-02T01:01:04.695736+02:00
295959967,de:11000:900193001:1:50,-0.7,2026-10-02T01:01:04.695736+02:00
295959967,de:11000:900193002:1:50,-0.3,2026-10-02T01:01:04.695736+02:00
295959967,de:11000:900186001:1:51,-0.3,2026-10-02T01:01:04.695736+02:00
295959957,de:12065:900200008:1:51,0.0,2026-10-02T01:01:04.695736+02:00
295959957,de:12065:900200009:1:51,-0.7,2026-10-02T01:01:04.695736+02:00
295959957,de:12065:900200011:1:51,-0.3,2026-10-02T01:01:04.695736+02:00
295959957,de:12065:900200012:1:51,-0.8,2026-10-02T01:01:04.695736+02:00
295959957,de:12065:900200013:1:50,-0.4,2026-10-02T01:01:04.695736+02:00
295959957,de:11000:900142001:1:51,-0.7,2026-10-02T01:01:04.695736+02:00
295959957,de:11000:900130001:1:51,-0.2,2026-10-02T01:01:04.695736+02:00
295959957,de:11000:900130002:1:51,-0.7,2026-10-02T01:01:04.695736+02:00
295959957,de:11000:900110011:1:51,-0.2,2026-10-02T01:01:04.695736+02:00
295959957,de:11000:900110001:1:50,-0.2,2026-10-02T01:01:04.695736+02:00
295959957,de:11000:900110002:1:50,-0.9,2026-10-02T01:01:04.695736+02:00
295959957,de:11000:900110003:1:50,-0.9,2026-10-02T01:01:04.695736+02:00
295959957,de:11000:900110004:1:50,-0.3,2026-10-02T01:01:04.695736+02:00
295959957,de:11000:900110012:1:50,-0.2,2026-10-02T01:01:04.695736+02:00
295959957,de:11000:900120001:1:50,-0.2,2026-10-02T01:01:04.695736+02:00
295959957,de:11000:900120003:5:58,-0.6,2026-10-02T01:01:04.695736+02:00
295959957,de:11000:900190001:1:50,-0.1,2026-10-02T01:01:04.695736+02:00
295959957,de:11000:900191002:1:50,0.0,2026-10-02T01:01:04.695736+02:00
295959957,de:11000:900191001:2:52,-0.4,2026-10-02T01:01:04.695736+02:00
295959957,de:11000:900192001:2:52,-0.2,2026-10-02T01:01:04.695736+02:00
295959957,de:11000:900193001:1:50,-0.7,2026-10-02T01:01:04.695736+02:00
295959957,de:11000:900193002:1:50,-0.3,2026-10-02T01:01:04.695736+02:00
295959957,de:11000:900186001:1:51,-0.3,2026-10-02T01:01:04.695736+02:00
306895537,de:12067:900311083::3,0.0,2026-10-02T01:01:04.695736+02:00
306895537,de:12067:900310775::1,0.0,2026-10-02T01:01:04.695736+02:00
306895537,de:12067:900311083::2,0.0,2026-10-02T01:01:04.695736+02:00
306895537,de:12067:900310814::2,0.0,2026-10-02T01:01:04.695736+02:00
306895537,de:12067:900310804::2,0.0,2026-10-02T01:01:04.695736+02:00
306895537,de:12067:900311150::2,0.0,2026-10-02T01:01:04.695736+02:00
306895537,de:12067:900311135::2,0.0,2026-10-02T01:01:04.695736+02:00
306895537,de:12067:900311149::2,0.0,2026-10-02T01:01:04.695736+02:00
306895537,de:12067:900310001::11,0.0,2026-10-02T01:01:04.695736+02:00
306895537,de:12067:900310001::2,0.0,2026-10-02T01:01:04.695736+02:00
306895537,de:12067:900310816::1,0.0,2026-10-02T01:01:04.695736+02:00
306895537,de:12067:900310627::1,0.0,2026-10-02T01:01:04.695736+02:00
306895537,de:12067:900311151::1,0.0,2026-10-02T01:01:04.695736+02:00
306895537,de:12067:900311152::1,0.0,2026-10-02T01:01:04.695736+02:00
306895537,de:12067:900310823::1,0.0,2026-10-02T01:01:04.695736+02:00
306895537,de:12067:900310773::1,0.0,2026-10-02T01:01:04.695736+02:00
306895537,de:12067:900311109::1,0.0,2026-10-02T01:01:04.695736+02:00
306895537,de:12067:900310782::1,0.0,2026-10-02T01:01:04.695736+02:00
306895537,de:12067:900310010::2,0.0,2026-10-02T01:01:04.695736+02:00
306895537,de:12067:900310770::2,0.0,2026-10-02T01:01:04.695736+02:00
306895537,de:12067:900310695::2,0.0,2026-10-02T01:01:04.695736+02:00
306895537,de:12067:900311153::1,0.0,2026-10-02T01:01:04.695736+02:00
306895537,de:12067:900310769::1,0.0,2026-10-02T01:01:04.695736+02:00
306895537,de:12067:900310810::2,0.0,2026-10-02T01:01:04.695736+02:00
306895537,de:12067:900310980::1,0.0,2026-10-02T01:01:04.695736+02:00
295960129,de:11000:900186001:2:53,0.0,2026-10-02T01:01:04.695736+02:00
295960129,de:11000:900193002:1:51,-0.2,2026-10-02T01:01:04.695736+02:00
295960129,de:11000:900193001:2:51,-0.8,2026-10-02T01:01:04.695736+02:00
295960129,de:11000:900192001:3:55,-0.7,2026-10-02T01:01:04.695736+02:00
295960129,de:11000:900191001:1:50,-0.4,2026-10-02T01:01:04.695736+02:00
295960129,de:11000:900191002:1:51,-0.8,2026-10-02T01:01:04.695736+02:00
295960129,de:11000:900190001:2:53,-0.6,2026-10-02T01:01:04.695736+02:00
295960129,de:11000:900120003:5:59,0.0,2026-10-02T01:01:04.695736+02:00
295960129,de:11000:900120001:1:51,-0.6,2026-10-02T01:01:04.695736+02:00
295960129,de:11000:900110012:1:51,-0.8,2026-10-02T01:01:04.695736+02:00
295960129,de:11000:900110004:1:51,-0.7,2026-10-02T01:01:04.695736+02:00
295960129,de:11000:900110003:1:51,0.0,2026-10-02T01:01:04.695736+02:00
295960129,de:11000:900110002:1:51,0.0,2026-10-02T01:01:04.695736+02:00
295960129,de:11000:900110001:1:51,-0.7,2026-10-02T01:01:04.695736+02:00
295960129,de:11000:900110011:2:52,-0.4,2026-10-02T01:01:04.695736+02:00
295960129,de:11000:900130002:1:50,0.0,2026-10-02T01:01:04.695736+02:00
295960129,de:11000:900130001:1:50,-0.7,2026-10-02T01:01:04.695736+02:00
295960129,de:11000:900142001:1:50,-0.2,2026-10-02T01:01:04.695736+02:00
295960129,de:12065:900200013:1:50,-0.3,2026-10-02T01:01:04.695736+02:00
295960129,de:12065:900200012:1:50,-0.9,2026-10-02T01:01:04.695736+02:00
295960129,de:12065:900200011:1:50,-0.4,2026-10-02T01:01:04.695736+02:00
295960129,de:12065:900200009:1:50,-0.9,2026-10-02T01:01:04.695736+02:00
295960129,de:12065:900200008:1:50,-0.9,2026-10-02T01:01:04.695736+02:00
295963625,de:11000:900094101:1:51,0.0,2026-10-02T01:01:04.695736+02:00
295963625,de:11000:900096101:1:51,-0.1,2026-10-02T01:01:04.695736+02:00
295963625,de:11000:900084101:1:51,-0.2,2026-10-02T01:01:04.695736+02:00
295963625,de:11000:900085201:1:51,-0.8,2026-10-02T01:01:04.695736+02:00
295963625,de:11000:900130003:1:51,-0.8,2026-10-02T01:01:04.695736+02:00
295963625,de:11000:900110011:1:50,-0.9,2026-10-02T01:01:04.695736+02:00
295963625,de:11000:900110001:1:50,-0.2,2026-10-02T01:01:04.695736+02:00
295963625,de:11000:900110002:1:50,-0.9,2026-10-02T01:01:04.695736+02:00
295963625,de:11000:900110003:1:50,-0.9,2026-10-02T01:01:04.695736+02:00
295963625,de:11000:900110004:1:50,-0.3,2026-10-02T01:01:04.695736+02:00
295963625,de:11000:900110012:1:50,-0.2,2026-10-02T01:01:04.695736+02:00
295963625,de:11000:900120001:1:50,-0.2,2026-10-02T01:01:04.695736+02:00
295963625,de:11000:900120003:5:58,-0.6,2026-10-02T01:01:04.695736+02:00
295963625,de:11000:900190001:1:51,-0.1,2026-10-02T01:01:04.695736+02:00
295963625,de:11000:900191002:1:50,0.0,2026-10-02T01:01:04.695736+02:00
295963625,de:11000:900191001:2:52,-0.4,2026-10-02T01:01:04.695736+02:00
295963625,de:11000:900192001:2:52,-0.2,2026-10-02T01:01:04.695736+02:00
295963625,de:11000:900193001:1:50,-0.7,2026-10-02T01:01:04.695736+02:00
295963625,de:11000:900193002:1:50,-0.3,2026-10-02T01:01:04.695736+02:00
295963625,de:11000:900195510:1:51,-0.7,2026-10-02T01:01:04.695736+02:00
295963625,de:11000:900196001:1:50,-0.9,2026-10-02T01:01:04.695736+02:00
295963625,de:12061:900260005:3:54,-0.7,2026-10-02T01:01:04.695736+02:00
295963625,de:12061:900260080:1:50,0.0,2026-10-02T01:01:04.695736+02:00
295963625,de:12061:900260009:3:56,-0.2,2026-10-02T01:01:04.695736+02:00
295963616,de:11000:900092201:1:51,0.0,2026-10-02T01:01:04.695736+02:00
295963616,de:11000:900093201:1:51,-0.4,2026-10-02T01:01:04.695736+02:00
295963616,de:11000:900094101:1:51,-0.3,2026-10-02T01:01:04.695736+02:00
295963616,de:11000:900096101:1:51,-0.1,2026-10-02T01:01:04.695736+02:00
295963616,de:11000:900084101:1:51,-0.2,2026-10-02T01:01:04.695736+02:00
295963616,de:11000:900085201:1:51,-0.8,2026-10-02T01:01:04.695736+02:00
295963616,de:11000:900130003:1:51,-0.8,2026-10-02T01:01:04.695736+02:00
295963616,de:11000:900110011:1:50,-0.9,2026-10-02T01:01:04.695736+02:00
295963616,de:11000:900110001:1:50,-0.2,2026-10-02T01:01:04.695736+02:00
295963616,de:11000:900110002:1:50,-0.9,2026-10-02T01:01:04.695736+02:00
295963616,de:11000:900110003:1:50,-0.9,2026-10-02T01:01:04.695736+02:00
295963616,de:11000:900110004:1:50,-0.3,2026-10-02T01:01:04.695736+02:00
295963616,de:11000:900110012:1:50,-0.2,2026-10-02T01:01:04.695736+02:00
295963616,de:11000:900120001:1:50,-0.2,2026-10-02T01:01:04.695736+02:00
295963616,de:11000:900120003:5:58,-0.6,2026-10-02T01:01:04.695736+02:00
295963616,de:11000:900190001:1:51,-0.1,2026-10-02T01:01:04.695736+02:00
295963616,de:11000:900191002:1:50,0.0,2026-10-02T01:01:04.695736+02:00
295963616,de:11000:900191001:2:52,-0.4,2026-10-02T01:01:04.695736+02:00
295963616,de:11000:900192001:2:52,-0.2,2026-10-02T01:01:04.695736+02:00
295963616,de:11000:900193001:1:50,-0.7,2026-10-02T01:01:04.695736+02:00
295963616,de:11000:900193002:1:50,-0.3,2026-10-02T01:01:04.695736+02:00
295963616,de:11000:900195510:1:51,-0.7,2026-10-02T01:01:04.695736+02:00
295963616,de:11000:900196001:1:50,-0.9,2026-10-02T01:01:04.695736+02:00
295963616,de:12061:900260005:3:54,-0.7,2026-10-02T01:01:04.695736+02:00
295963616,de:12061:900260080:1:50,0.0,2026-10-02T01:01:04.695736+02:00
295963616,de:12061:900260009:3:56,-0.2,2026-10-02T01:01:04.695736+02:00
307332419,de:11000:900029101:1:51,0.0,2026-10-02T01:01:04.695736+02:00
307332419,de:11000:900030202:1:50,-0.3,2026-10-02T01:01:04.695736+02:00
307332419,de:11000:900025424:1:51,-0.2,2026-10-02T01:01:04.695736+02:00
307332419,de:11000:900025321:1:51,-0.2,2026-10-02T01:01:04.695736+02:00
307332419,de:11000:900026105:1:50,-0.4,2026-10-02T01:01:04.695736+02:00
307332419,de:11000:900025423:1:50,-0.7,2026-10-02T01:01:04.695736+02:00
307332419,de:11000:900024102:2:53,-0.7,2026-10-02T01:01:04.695736+02:00
307332419,de:11000:900024101:3:55,-0.3,2026-10-02T01:01:04.695736+02:00
307332419,de:11000:900024203:1:51,-0.8,2026-10-02T01:01:04.695736+02:00
307332419,de:11000:900023201:3:54,-0.7,2026-10-02T01:01:04.695736+02:00
307332419,de:11000:900003103:1:50,-0.8,2026-10-02T01:01:04.695736+02:00
307332419,de:11000:900003102:1:50,-0.9,2026-10-02T01:01:04.695736+02:00
307332419,de:11000:900003201:3:54,-0.5,2026-10-02T01:01:04.695736+02:00
307332419,de:11000:900100001:3:54,-0.1,2026-10-02T01:01:04.695736+02:00
307332419,de:11000:900100002:1:50,-0.4,2026-10-02T01:01:04.695736+02:00
307332419,de:11000:900100003:2:52,-0.1,2026-10-02T01:01:04.695736+02:00
307332419,de:11000:900100004:1:50,-0.4,2026-10-02T01:01:04.695736+02:00
307332419,de:11000:900120005:4:55,-0.6,2026-10-02T01:01:04.695736+02:00
307332419,de:11000:900120004:1:50,-0.1,2026-10-02T01:01:04.695736+02:00
307332419,de:11000:900190001:1:51,-0.2,2026-10-02T01:01:04.695736+02:00
307332419,de:11000:900191002:1:50,0.0,2026-10-02T01:01:04.695736+02:00
307332419,de:11000:900191001:2:52,-0.4,2026-10-02T01:01:04.695736+02:00
307332419,de:11000:900192001:2:52,-0.7,2026-10-02T01:01:04.695736+02:00
307332419,de:11000:900193001:1:50,-0.2,2026-10-02T01:01:04.695736+02:00
307332419,de:11000:900193002:1:50,-0.8,2026-10-02T01:01:04.695736+02:00
307332419,de:11000:900195510:1:51,-0.2,2026-10-02T01:01:04.695736+02:00
307332419,de:11000:900196001:1:50,-0.4,2026-10-02T01:01:04.695736+02:00
307332419,de:12061:900260005:3:54,-0.2,2026-10-02T01:01:04.695736+02:00
307332419,de:12061:900260080:1:50,-0.7,2026-10-02T01:01:04.695736+02:00
307332419,de:12061:900260009:3:55,-0.9,2026-10-02T01:01:04.695736+02:00
306897086,de:12067:900311482::1,0.0,2026-10-02T01:01:04.695736+02:00
306897086,de:12067:900311222::1,0.0,2026-10-02T01:01:04.695736+02:00
306897086,de:12067:900311223::1,0.0,2026-10-02T01:01:04.695736+02:00
306897086,de:12067:900310957::1,0.0,2026-10-02T01:01:04.695736+02:00
306897086,de:12067:900310958::1,0.0,2026-10-02T01:01:04.695736+02:00
306897086,de:12067:900310988::2,0.0,2026-10-02T01:01:04.695736+02:00
306897086,de:12067:900310638::2,0.0,2026-10-02T01:01:04.695736+02:00
306897086,de:12067:900310834::1,0.0,2026-10-02T01:01:04.695736+02:00
307332681,de:11000:900029101:1:51,0.0,2026-10-02T01:01:04.695736+02:00
307332681,de:11000:900030202:1:50,-0.3,2026-10-02T01:01:04.695736+02:00
307332681,de:11000:900025424:1:51,-0.2,2026-10-02T01:01:04.695736+02:00
307332681,de:11000:900025321:1:51,-0.2,2026-10-02T01:01:04.695736+02:00
307332681,de:11000:900026105:1:50,-0.4,2026-10-02T01:01:04.695736+02:00
307332681,de:11000:900025423:1:50,-0.7,2026-10-02T01:01:04.695736+02:00
307332681,de:11000:900024102:2:53,-0.7,2026-10-02T01:01:04.695736+02:00
307332681,de:11000:900024101:3:55,-0.3,2026-10-02T01:01:04.695736+02:00
307332681,de:11000:900024203:1:51,-0.8,2026-10-02T01:01:04.695736+02:00
307332681,de:11000:900023201:3:54,-0.7,2026-10-02T01:01:04.695736+02:00
307332681,de:11000:900003103:1:50,-0.8,2026-10-02T01:01:04.695736+02:00
307332681,de:11000:900003102:1:50,-0.9,2026-10-02T01:01:04.695736+02:00
307332681,de:11000:900003201:3:54,-0.5,2026-10-02T01:01:04.695736+02:00
307332681,de:11000:900100001:3:54,-0.1,2026-10-02T01:01:04.695736+02:00
307332681,de:11000:900100002:1:50,-0.4,2026-10-02T01:01:04.695736+02:00
307332681,de:11000:900100003:2:52,-0.1,2026-10-02T01:01:04.695736+02:00
307332681,de:11000:900100004:1:50,-0.4,2026-10-02T01:01:04.695736+02:00
307332681,de:11000:900120005:4:56,-0.6,2026-10-02T01:01:04.695736+02:00
307332681,de:11000:900120004:1:51,-0.1,2026-10-02T01:01:04.695736+02:00
307332681,de:11000:900190001:1:51,-0.2,2026-10-02T01:01:04.695736+02:00
307332681,de:11000:900191002:1:50,0.0,2026-10-02T01:01:04.695736+02:00
307332681,de:11000:900191001:2:52,-0.4,2026-10-02T01:01:04.695736+02:00
307332681,de:11000:900192001:2:52,-0.7,2026-10-02T01:01:04.695736+02:00
307332681,de:11000:900193001:1:50,-0.2,2026-10-02T01:01:04.695736+02:00
307332681,de:11000:900193002:1:50,-0.8,2026-10-02T01:01:04.695736+02:00
307332681,de:11000:900195510:1:51,-0.2,2026-10-02T01:01:04.695736+02:00
307332681,de:11000:900196001:1:50,-0.4,2026-10-02T01:01:04.695736+02:00
307332681,de:12061:900260005:3:54,-0.2,2026-10-02T01:01:04.695736+02:00
307332681,de:12061:900260080:1:50,-0.7,2026-10-02T01:01:04.695736+02:00
307332681,de:12061:900260009:3:55,-0.9,2026-10-02T01:01:04.695736+02:00
307332663,de:11000:900029101:1:51,0.0,2026-10-02T01:01:04.695736+02:00
307332663,de:11000:900030202:1:50,-0.3,2026-10-02T01:01:04.695736+02:00
307332663,de:11000:900025424:1:51,-0.2,2026-10-02T01:01:04.695736+02:00
307332663,de:11000:900025321:1:51,-0.2,2026-10-02T01:01:04.695736+02:00
307332663,de:11000:900026105:1:50,-0.4,2026-10-02T01:01:04.695736+02:00
307332663,de:11000:900025423:1:50,-0.7,2026-10-02T01:01:04.695736+02:00
307332663,de:11000:900024102:2:53,-0.7,2026-10-02T01:01:04.695736+02:00
307332663,de:11000:900024101:3:55,-0.3,2026-10-02T01:01:04.695736+02:00
307332663,de:11000:900024203:1:51,-0.8,2026-10-02T01:01:04.695736+02:00
307332663,de:11000:900023201:3:54,-0.7,2026-10-02T01:01:04.695736+02:00
307332663,de:11000:900003103:1:50,-0.8,2026-10-02T01:01:04.695736+02:00
307332663,de:11000:900003102:1:50,-0.9,2026-10-02T01:01:04.695736+02:00
307332663,de:11000:900003201:3:54,-0.5,2026-10-02T01:01:04.695736+02:00
307332663,de:11000:900100001:3:54,-0.1,2026-10-02T01:01:04.695736+02:00
307332663,de:11000:900100002:1:50,-0.4,2026-10-02T01:01:04.695736+02:00
307332663,de:11000:900100003:2:52,-0.1,2026-10-02T01:01:04.695736+02:00
307332663,de:11000:900100004:1:50,-0.4,2026-10-02T01:01:04.695736+02:00
307332663,de:11000:900120005:4:56,-0.6,2026-10-02T01:01:04.695736+02:00
307332663,de:11000:900120004:1:51,-0.1,2026-10-02T01:01:04.695736+02:00
307332663,de:11000:900190001:1:51,-0.2,2026-10-02T01:01:04.695736+02:00
307332663,de:11000:900191002:1:50,0.0,2026-10-02T01:01:04.695736+02:00
307332663,de:11000:900191001:2:52,-0.4,2026-10-02T01:01:04.695736+02:00
307332663,de:11000:900192001:2:52,-0.7,2026-10-02T01:01:04.695736+02:00
307332663,de:11000:900193001:1:50,-0.2,2026-10-02T01:01:04.695736+02:00
307332663,de:11000:900193002:1:50,-0.8,2026-10-02T01:01:04.695736+02:00
307332663,de:11000:900195510:1:51,-0.2,2026-10-02T01:01:04.695736+02:00
307332663,de:11000:900196001:1:50,-0.4,2026-10-02T01:01:04.695736+02:00
307332663,de:12061:900260005:3:54,-0.2,2026-10-02T01:01:04.695736+02:00
307332663,de:12061:900260080:1:50,-0.7,2026-10-02T01:01:04.695736+02:00
307332663,de:12061:900260009:3:55,-0.9,2026-10-02T01:01:04.695736+02:00
306049964,de:12064:900320005::1,0.0,2026-10-02T01:01:04.695736+02:00
306049964,de:12064:900320610::1,0.0,2026-10-02T01:01:04.695736+02:00
306049964,de:12064:900320643::1,0.0,2026-10-02T01:01:04.695736+02:00
306049964,de:12064:900320645::1,0.0,2026-10-02T01:01:04.695736+02:00
306049964,de:12064:900320647::1,0.0,2026-10-02T01:01:04.695736+02:00
306049964,de:12064:900320642::1,0.0,2026-10-02T01:01:04.695736+02:00
306049964,de:12064:900320685::1,0.0,2026-10-02T01:01:04.695736+02:00
306049964,de:12064:900320638::1,0.0,2026-10-02T01:01:04.695736+02:00
306049964,de:12064:900320639::1,0.0,2026-10-02T01:01:04.695736+02:00
306049964,de:12064:900320006::1,0.0,2026-10-02T01:01:04.695736+02:00
306049964,de:12064:900320675::1,0.0,2026-10-02T01:01:04.695736+02:00
306049964,de:12064:900320674::1,0.0,2026-10-02T01:01:04.695736+02:00
306049964,de:12064:900320672::1,0.0,2026-10-02T01:01:04.695736+02:00
306049964,de:12064:900320673::1,0.0,2026-10-02T01:01:04.695736+02:00
306049964,de:12064:900320679::1,0.0,2026-10-02T01:01:04.695736+02:00
306049964,de:12064:900320133::1,0.0,2026-10-02T01:01:04.695736+02:00
306049964,de:12064:900320134::1,0.0,2026-10-02T01:01:04.695736+02:00
306049964,de:12064:900320007::3,0.0,2026-10-02T01:01:04.695736+02:00
306895243,de:12061:900261462::1,0.0,2026-10-02T01:01:04.695736+02:00
306895243,de:12061:900261465::2,0.0,2026-10-02T01:01:04.695736+02:00
306895243,de:12061:900261420::2,0.0,2026-10-02T01:01:04.695736+02:00
306895243,de:12061:900261210::1,0.0,2026-10-02T01:01:04.695736+02:00
306895243,de:12061:900261207::1,0.0,2026-10-02T01:01:04.695736+02:00
306895243,de:12061:900261209::1,0.0,2026-10-02T01:01:04.695736+02:00
306895243,de:12061:900261654::2,0.0,2026-10-02T01:01:04.695736+02:00
306895243,de:12061:900261908::2,0.0,2026-10-02T01:01:04.695736+02:00
306895243,de:12067:900310978::2,0.0,2026-10-02T01:01:04.695736+02:00
306895243,de:12067:900310967::1,-0.5,2026-10-02T01:01:04.695736+02:00
306895243,de:12067:900310939::1,0.0,2026-10-02T01:01:04.695736+02:00
306895243,de:12067:900310766::1,0.0,2026-10-02T01:01:04.695736+02:00
306895243,de:12067:900310765::1,0.0,2026-10-02T01:01:04.695736+02:00
306895243,de:12067:900310764::2,0.0,2026-10-02T01:01:04.695736+02:00
306895243,de:12067:900310910::1,0.0,2026-10-02T01:01:04.695736+02:00
306895243,de:12067:900311101::2,0.0,2026-10-02T01:01:04.695736+02:00
306895243,de:12067:900311100::1,0.0,2026-10-02T01:01:04.695736+02:00
306895243,de:12067:900311099::2,0.0,2026-10-02T01:01:04.695736+02:00
306895243,de:12067:900310725::2,0.0,2026-10-02T01:01:04.695736+02:00
306895243,de:12067:900310738::2,0.0,2026-10-02T01:01:04.695736+02:00
306895243,de:12067:900310639::1,0.0,2026-10-02T01:01:04.695736+02:00
306895243,de:12067:900310626::1,0.0,2026-10-02T01:01:04.695736+02:00
306895243,de:12067:900311129::6,0.0,2026-10-02T01:01:04.695736+02:00
306895411,de:12067:900310995::1,0.0,2026-10-02T01:01:04.695736+02:00
306895411,de:12067:900311104::1,0.0,2026-10-02T01:01:04.695736+02:00
306895411,de:12067:900310784::1,0.0,2026-10-02T01:01:04.695736+02:00
306895411,de:12067:900310786::1,0.0,2026-10-02T01:01:04.695736+02:00
306895411,de:12067:900310768::1,0.0,2026-10-02T01:01:04.695736+02:00
306895411,de:12067:900310023::1,0.0,2026-10-02T01:01:04.695736+02:00
306895411,de:12067:900310778::1,0.0,2026-10-02T01:01:04.695736+02:00
306895411,de:12067:900310806::1,0.0,2026-10-02T01:01:04.695736+02:00
306895411,de:12067:900310812::1,0.0,2026-10-02T01:01:04.695736+02:00
306895411,de:12067:900310770::1,0.0,2026-10-02T01:01:04.695736+02:00
306895411,de:12067:900310010::3,0.0,2026-10-02T01:01:04.695736+02:00
306895411,de:12067:900310880::1,0.0,2026-10-02T01:01:04.695736+02:00
306895411,de:12067:900310815::1,0.0,2026-10-02T01:01:04.695736+02:00
306895411,de:12067:900310807::1,0.0,2026-10-02T01:01:04.695736+02:00
295879394,de:11000:900053301:2:52,0.0,2026-10-02T01:01:04.695736+02:00
295879394,de:11000:900052201:1:51,0.0,2026-10-02T01:01:04.695736+02:00
295879394,de:11000:900050355:1:51,-0.3,2026-10-02T01:01:04.695736+02:00
295879394,de:11000:900050301:1:51,-0.4,2026-10-02T01:01:04.695736+02:00
295879394,de:11000:900049201:1:51,0.0,2026-10-02T01:01:04.695736+02:00
295879394,de:11000:900049202:1:51,0.0,2026-10-02T01:01:04.695736+02:00
295879394,de:11000:900066101:1:51,-0.3,2026-10-02T01:01:04.695736+02:00
295879394,de:11000:900066102:1:51,-0.2,2026-10-02T01:01:04.695736+02:00
295879394,de:11000:900062202:1:51,-0.2,2026-10-02T01:01:04.695736+02:00
295879394,de:11000:900063101:1:51,-0.2,2026-10-02T01:01:04.695736+02:00
295879394,de:11000:900060101:1:51,-0.9,2026-10-02T01:01:04.695736+02:00
295879394,de:11000:900054104:1:51,-0.9,2026-10-02T01:01:04.695736+02:00
295879394,de:11000:900057104:1:50,-0.4,2026-10-02T01:01:04.695736+02:00
295879394,de:11000:900057102:1:51,-0.1,2026-10-02T01:01:04.695736+02:00
295879394,de:11000:900012101:2:52,-0.9,2026-10-02T01:01:04.695736+02:00
295879394,de:11000:900100020:4:57,-0.3,2026-10-02T01:01:04.695736+02:00
295879394,de:11000:900100025:1:51,-0.4,2026-10-02T01:01:04.695736+02:00
295879394,de:11000:900100001:4:57,-0.1,2026-10-02T01:01:04.695736+02:00
295879394,de:11000:900100007:1:51,-0.2,2026-10-02T01:01:04.695736+02:00
295879394,de:11000:900007104:2:52,-0.2,2026-10-02T01:01:04.695736+02:00
295879394,de:11000:900008101:1:51,-0.9,2026-10-02T01:01:04.695736+02:00
295879394,de:11000:900007102:2:53,-0.6,2026-10-02T01:01:04.695736+02:00
295879394,de:11000:900110011:2:53,-0.9,2026-10-02T01:01:04.695736+02:00
295879394,de:11000:900085201:1:50,-0.9,2026-10-02T01:01:04.695736+02:00
295879394,de:11000:900084101:1:50,-0.7,2026-10-02T01:01:04.695736+02:00
295879394,de:11000:900096101:1:50,-0.8,2026-10-02T01:01:04.695736+02:00
295879394,de:11000:900094101:1:50,-0.1,2026-10-02T01:01:04.695736+02:00
295879394,de:11000:900093201:1:50,-0.4,2026-10-02T01:01:04.695736+02:00
295879394,de:11000:900092201:1:50,-0.2,2026-10-02T01:01:04.695736+02:00
295879394,de:12065:900200009:1:50,-0.7,2026-10-02T01:01:04.695736+02:00
295879394,de:12065:900200008:1:50,-0.7,2026-10-02T01:01:04.695736+02:00
295879394,de:12065:900200007:1:50,-0.2,2026-10-02T01:01:04.695736+02:00
295879394,de:12065:900200006:1:50,-0.5,2026-10-02T01:01:04.695736+02:00
295879394,de:12065:900200005:3:1,-0.9,2026-10-02T01:01:04.695736+02:00
306895915,de:12067:900310001::5,0.0,2026-10-02T01:01:04.695736+02:00
306895915,de:12067:900311149::1,0.0,2026-10-02T01:01:04.695736+02:00
306895915,de:12067:900310781::1,0.0,2026-10-02T01:01:04.695736+02:00
306895915,de:12067:900310822::1,0.0,2026-10-02T01:01:04.695736+02:00
306895915,de:12067:900310808::1,0.0,2026-10-02T01:01:04.695736+02:00
306895915,de:12067:900310777::1,0.0,2026-10-02T01:01:04.695736+02:00
306895915,de:12067:900310796::1,0.0,2026-10-02T01:01:04.695736+02:00
306895915,de:12067:900310780::1,0.0,2026-10-02T01:01:04.695736+02:00
306895915,de:12067:900310875::1,0.0,2026-10-02T01:01:04.695736+02:00
306895915,de:12067:900310837::1,0.0,2026-10-02T01:01:04.695736+02:00
306895915,de:12067:900310817::1,0.0,2026-10-02T01:01:04.695736+02:00
306895915,de:12067:900311145::1,0.0,2026-10-02T01:01:04.695736+02:00
295879416,de:11000:900053301:2:52,0.0,2026-10-02T01:01:04.695736+02:00
295879416,de:11000:900052201:1:51,0.0,2026-10-02T01:01:04.695736+02:00
295879416,de:11000:900050355:1:51,-0.3,2026-10-02T01:01:04.695736+02:00
295879416,de:11000:900050301:1:51,-0.4,2026-10-02T01:01:04.695736+02:00
295879416,de:11000:900049201:1:51,0.0,2026-10-02T01:01:04.695736+02:00
295879416,de:11000:900049202:1:51,0.0,2026-10-02T01:01:04.695736+02:00
295879416,de:11000:900066101:1:51,-0.3,2026-10-02T01:01:04.695736+02:00
295879416,de:11000:900066102:1:51,-0.2,2026-10-02T01:01:04.695736+02:00
295879416,de:11000:900062202:1:51,-0.2,2026-10-02T01:01:04.695736+02:00
295879416,de:11000:900063101:1:51,-0.2,2026-10-02T01:01:04.695736+02:00
295879416,de:11000:900060101:1:51,-0.9,2026-10-02T01:01:04.695736+02:00
295879416,de:11000:900054104:1:51,-0.9,2026-10-02T01:01:04.695736+02:00
295879416,de:11000:900057104:1:50,-0.4,2026-10-02T01:01:04.695736+02:00
295879416,de:11000:900057102:1:51,-0.1,2026-10-02T01:01:04.695736+02:00
295879416,de:11000:900012101:2:52,-0.9,2026-10-02T01:01:04.695736+02:00
295879416,de:11000:900100020:4:57,-0.3,2026-10-02T01:01:04.695736+02:00
295879416,de:11000:900100025:1:51,-0.4,2026-10-02T01:01:04.695736+02:00
295879416,de:11000:900100001:4:57,-0.1,2026-10-02T01:01:04.695736+02:00
295879416,de:11000:900100007:1:51,-0.2,2026-10-02T01:01:04.695736+02:00
295879416,de:11000:900007104:2:52,-0.2,2026-10-02T01:01:04.695736+02:00
295879416,de:11000:900008101:1:51,-0.9,2026-10-02T01:01:04.695736+02:00
295879416,de:11000:900007102:2:53,-0.6,2026-10-02T01:01:04.695736+02:00
295879416,de:11000:900110011:2:53,-0.9,2026-10-02T01:01:04.695736+02:00
295879416,de:11000:900085201:1:50,-0.9,2026-10-02T01:01:04.695736+02:00
295879416,de:11000:900084101:1:50,-0.7,2026-10-02T01:01:04.695736+02:00
295879416,de:11000:900096101:1:50,-0.8,2026-10-02T01:01:04.695736+02:00
295879416,de:11000:900094101:1:50,-0.1,2026-10-02T01:01:04.695736+02:00
295879416,de:11000:900093201:1:50,-0.4,2026-10-02T01:01:04.695736+02:00
295879416,de:11000:900092201:1:50,-0.2,2026-10-02T01:01:04.695736+02:00
295879416,de:12065:900200009:1:50,-0.7,2026-10-02T01:01:04.695736+02:00
295879416,de:12065:900200008:1:50,-0.7,2026-10-02T01:01:04.695736+02:00
295879416,de:12065:900200007:1:50,-0.2,2026-10-02T01:01:04.695736+02:00
295879416,de:12065:900200006:1:50,-0.5,2026-10-02T01:01:04.695736+02:00
295879416,de:12065:900200005:3:1,-0.9,2026-10-02T01:01:04.695736+02:00
295879390,de:11000:900053301:2:52,0.0,2026-10-02T01:01:04.695736+02:00
295879390,de:11000:900052201:1:51,0.0,2026-10-02T01:01:04.695736+02:00
295879390,de:11000:900050355:1:51,-0.3,2026-10-02T01:01:04.695736+02:00
295879390,de:11000:900050301:1:51,-0.4,2026-10-02T01:01:04.695736+02:00
295879390,de:11000:900049201:1:51,0.0,2026-10-02T01:01:04.695736+02:00
295879390,de:11000:900049202:1:51,0.0,2026-10-02T01:01:04.695736+02:00
295879390,de:11000:900066101:1:51,-0.3,2026-10-02T01:01:04.695736+02:00
295879390,de:11000:900066102:1:51,-0.2,2026-10-02T01:01:04.695736+02:00
295879390,de:11000:900062202:1:51,-0.2,2026-10-02T01:01:04.695736+02:00
295879390,de:11000:900063101:1:51,-0.2,2026-10-02T01:01:04.695736+02:00
295879390,de:11000:900060101:1:51,-0.9,2026-10-02T01:01:04.695736+02:00
295879390,de:11000:900054104:1:51,-0.9,2026-10-02T01:01:04.695736+02:00
295879390,de:11000:900057104:1:50,-0.4,2026-10-02T01:01:04.695736+02:00
295879390,de:11000:900057102:1:51,-0.1,2026-10-02T01:01:04.695736+02:00
295879390,de:11000:900012101:2:52,-0.9,2026-10-02T01:01:04.695736+02:00
295879390,de:11000:900100020:4:57,-0.3,2026-10-02T01:01:04.695736+02:00
295879390,de:11000:900100025:1:51,-0.4,2026-10-02T01:01:04.695736+02:00
295879390,de:11000:900100001:4:57,-0.1,2026-10-02T01:01:04.695736+02:00
295879390,de:11000:900100007:1:51,-0.2,2026-10-02T01:01:04.695736+02:00
295879390,de:11000:900007104:2:52,-0.2,2026-10-02T01:01:04.695736+02:00
295879390,de:11000:900008101:1:51,-0.9,2026-10-02T01:01:04.695736+02:00
295879390,de:11000:900007102:2:53,-0.6,2026-10-02T01:01:04.695736+02:00
295879390,de:11000:900110011:2:53,-0.9,2026-10-02T01:01:04.695736+02:00
295879390,de:11000:900085201:1:50,-0.9,2026-10-02T01:01:04.695736+02:00
295879390,de:11000:900084101:1:50,-0.7,2026-10-02T01:01:04.695736+02:00
295879390,de:11000:900096101:1:50,-0.8,2026-10-02T01:01:04.695736+02:00
295879390,de:11000:900094101:1:50,-0.1,2026-10-02T01:01:04.695736+02:00
295879390,de:11000:900093201:1:50,-0.4,2026-10-02T01:01:04.695736+02:00
295879390,de:11000:900092201:1:50,-0.2,2026-10-02T01:01:04.695736+02:00
295879390,de:12065:900200009:1:50,-0.7,2026-10-02T01:01:04.695736+02:00
295879390,de:12065:900200008:1:50,-0.7,2026-10-02T01:01:04.695736+02:00
295879390,de:12065:900200007:1:50,-0.2,2026-10-02T01:01:04.695736+02:00
295879390,de:12065:900200006:1:50,-0.5,2026-10-02T01:01:04.695736+02:00
295879390,de:12065:900200005:3:2,-0.9,2026-10-02T01:01:04.695736+02:00
306896000,de:12067:900310581::2,0.0,2026-10-02T01:01:04.695736+02:00
306896000,de:12067:900310573::2,0.0,2026-10-02T01:01:04.695736+02:00
306896000,de:12067:900310560::2,0.0,2026-10-02T01:01:04.695736+02:00
306896000,de:12067:900310559::1,0.0,2026-10-02T01:01:04.695736+02:00
306896000,de:12067:900310558::3,0.0,2026-10-02T01:01:04.695736+02:00
306896000,de:12067:900310553::2,0.0,2026-10-02T01:01:04.695736+02:00
306896000,de:12067:900310579::2,0.0,2026-10-02T01:01:04.695736+02:00
306896000,de:12067:900310571::2,0.0,2026-10-02T01:01:04.695736+02:00
306896000,de:12067:900310569::2,0.0,2026-10-02T01:01:04.695736+02:00
306896000,de:12067:900310563::1,0.0,2026-10-02T01:01:04.695736+02:00
306896000,de:12067:900310563::4,0.0,2026-10-02T01:01:04.695736+02:00
306896000,de:12067:900310013::2,0.0,2026-10-02T01:01:04.695736+02:00
306896000,de:12067:900310572::1,0.0,2026-10-02T01:01:04.695736+02:00
306896000,de:11000:900310550::1,0.0,2026-10-02T01:01:04.695736+02:00
306896000,de:12067:900310534::1,0.0,2026-10-02T01:01:04.695736+02:00
306896000,de:12067:900310580::2,0.0,2026-10-02T01:01:04.695736+02:00
306896000,de:12067:900310578::4,0.0,2026-10-02T01:01:04.695736+02:00
306896000,de:12067:900310508::2,0.0,2026-10-02T01:01:04.695736+02:00
306896000,de:12067:900310509::2,0.0,2026-10-02T01:01:04.695736+02:00
306896000,de:12067:900310017::3,0.0,2026-10-02T01:01:04.695736+02:00
306896000,de:12064:900320267::1,0.0,2026-10-02T01:01:04.695736+02:00
306896000,de:12064:900320250::1,0.0,2026-10-02T01:01:04.695736+02:00
306896003,de:12067:900310565::1,0.0,2026-10-02T01:01:04.695736+02:00
306896003,de:12067:900310561::2,0.0,2026-10-02T01:01:04.695736+02:00
306896003,de:12067:900310567::2,0.0,2026-10-02T01:01:04.695736+02:00
306896003,de:12067:900310581::2,0.0,2026-10-02T01:01:04.695736+02:00
306896003,de:12067:900310573::2,0.0,2026-10-02T01:01:04.695736+02:00
306896003,de:12067:900310560::2,0.0,2026-10-02T01:01:04.695736+02:00
306896003,de:12067:900310563::4,0.0,2026-10-02T01:01:04.695736+02:00
306896003,de:12067:900310013::2,0.0,2026-10-02T01:01:04.695736+02:00
306896003,de:12067:900310572::1,0.0,2026-10-02T01:01:04.695736+02:00
306896003,de:11000:900310550::1,0.0,2026-10-02T01:01:04.695736+02:00
306896003,de:12067:900310534::1,0.0,2026-10-02T01:01:04.695736+02:00
306896003,de:12067:900310580::1,0.0,2026-10-02T01:01:04.695736+02:00
306896003,de:12067:900311095::1,0.0,2026-10-02T01:01:04.695736+02:00
306896003,de:12067:900311097::1,0.0,2026-10-02T01:01:04.695736+02:00
306896003,de:12067:900311096::2,0.0,2026-10-02T01:01:04.695736+02:00
306896003,de:12067:900311096::1,0.0,2026-10-02T01:01:04.695736+02:00
306896003,de:12067:900311097::2,0.0,2026-10-02T01:01:04.695736+02:00
306896003,de:12067:900311095::2,0.0,2026-10-02T01:01:04.695736+02:00
306896003,de:12067:900310580::2,0.0,2026-10-02T01:01:04.695736+02:00
306896003,de:12067:900310578::4,0.0,2026-10-02T01:01:04.695736+02:00
306896003,de:12067:900310508::2,0.0,2026-10-02T01:01:04.695736+02:00
306896003,de:12067:900310509::2,0.0,2026-10-02T01:01:04.695736+02:00
306896003,de:12067:900310017::3,0.0,2026-10-02T01:01:04.695736+02:00
306896003,de:12064:900320267::1,0.0,2026-10-02T01:01:04.695736+02:00
306896003,de:12064:900320250::1,0.0,2026-10-02T01:01:04.695736+02:00
306896064,de:12067:900310013::2,0.0,2026-10-02T01:01:04.695736+02:00
306896064,de:12067:900310572::1,0.0,2026-10-02T01:01:04.695736+02:00
306896064,de:11000:900310550::1,0.0,2026-10-02T01:01:04.695736+02:00
306896064,de:12067:900310534::1,0.0,2026-10-02T01:01:04.695736+02:00
306896064,de:12067:900310580::2,0.0,2026-10-02T01:01:04.695736+02:00
306896064,de:12067:900310543::3,0.0,2026-10-02T01:01:04.695736+02:00
306896064,de:12067:900310536::1,0.0,2026-10-02T01:01:04.695736+02:00
306896064,de:12067:900311014::1,0.0,2026-10-02T01:01:04.695736+02:00
306896064,de:12067:900311012::1,0.0,2026-10-02T01:01:04.695736+02:00
306896064,de:12067:900310529::1,0.0,2026-10-02T01:01:04.695736+02:00
306896064,de:12067:900310528::1,0.0,2026-10-02T01:01:04.695736+02:00
306896064,de:12067:900310020::1,0.0,2026-10-02T01:01:04.695736+02:00
306896064,de:12067:900310501::1,0.0,2026-10-02T01:01:04.695736+02:00
306896064,de:12067:900310500::2,0.0,2026-10-02T01:01:04.695736+02:00
306896064,de:12067:900310021::3,0.0,2026-10-02T01:01:04.695736+02:00
306896064,de:12067:900310522::1,0.0,2026-10-02T01:01:04.695736+02:00
306896064,de:12067:900310535::1,0.0,2026-10-02T01:01:04.695736+02:00
306896064,de:12067:900310523::1,0.0,2026-10-02T01:01:04.695736+02:00
306896064,de:12064:900320113::1,0.0,2026-10-02T01:01:04.695736+02:00
306896064,de:12064:900320007::4,0.0,2026-10-02T01:01:04.695736+02:00
306896367,de:12067:900311129::4,0.0,2026-10-02T01:01:04.695736+02:00
306896367,de:12067:900310755::2,0.0,2026-10-02T01:01:04.695736+02:00
306896367,de:12067:900310728::3,0.0,2026-10-02T01:01:04.695736+02:00
306896367,de:12067:900310727::3,0.0,2026-10-02T01:01:04.695736+02:00
306896367,de:12067:900310942::1,0.0,2026-10-02T01:01:04.695736+02:00
306896367,de:12067:900310716::1,0.0,2026-10-02T01:01:04.695736+02:00
306896367,de:12067:900310740::1,0.0,2026-10-02T01:01:04.695736+02:00
306896367,de:12067:900310739::2,0.0,2026-10-02T01:01:04.695736+02:00
306896367,de:12067:900310747::2,0.0,2026-10-02T01:01:04.695736+02:00
306896367,de:12067:900310924::2,0.0,2026-10-02T01:01:04.695736+02:00
306896367,de:12067:900310925::1,0.0,2026-10-02T01:01:04.695736+02:00
306896367,de:12067:900310600::2,0.0,2026-10-02T01:01:04.695736+02:00
306896367,de:12067:900310829::1,0.0,2026-10-02T01:01:04.695736+02:00
306896367,de:12067:900310827::2,0.0,2026-10-02T01:01:04.695736+02:00
306896367,de:12067:900310982::1,0.0,2026-10-02T01:01:04.695736+02:00
306896367,de:12067:900310757::2,0.0,2026-10-02T01:01:04.695736+02:00
306896367,de:12067:900310756::2,0.0,2026-10-02T01:01:04.695736+02:00
306896367,de:12067:900310118::2,0.0,2026-10-02T01:01:04.695736+02:00
306896367,de:12067:900310100::2,0.0,2026-10-02T01:01:04.695736+02:00
306896367,de:12067:900310108::2,0.0,2026-10-02T01:01:04.695736+02:00
306896367,de:12067:900310111::2,0.0,2026-10-02T01:01:04.695736+02:00
306896367,de:12067:900310101::2,0.0,2026-10-02T01:01:04.695736+02:00
306896367,de:12067:900310112::2,0.0,2026-10-02T01:01:04.695736+02:00
306896367,de:12067:900310109::1,0.0,2026-10-02T01:01:04.695736+02:00
306896367,de:12067:900310040::2,0.0,2026-10-02T01:01:04.695736+02:00
306896367,de:12067:900310105::2,0.0,2026-10-02T01:01:04.695736+02:00
306896367,de:12067:900310970::2,0.0,2026-10-02T01:01:04.695736+02:00
306896367,de:12067:900310972::2,0.0,2026-10-02T01:01:04.695736+02:00
306896367,de:12067:900310810::1,0.0,2026-10-02T01:01:04.695736+02:00
306896367,de:12067:900310769::2,0.0,2026-10-02T01:01:04.695736+02:00
306896367,de:12067:900310695::3,0.0,2026-10-02T01:01:04.695736+02:00
306896367,de:12067:900310812::2,0.0,2026-10-02T01:01:04.695736+02:00
306896367,de:12067:900310630::2,0.0,2026-10-02T01:01:04.695736+02:00
306896367,de:12067:900310811::2,0.0,2026-10-02T01:01:04.695736+02:00
306896367,de:12067:900310771::2,0.0,2026-10-02T01:01:04.695736+02:00
306896367,de:12067:900310822::2,0.0,2026-10-02T01:01:04.695736+02:00
306896367,de:12067:900310781::2,0.0,2026-10-02T01:01:04.695736+02:00
306896367,de:12067:900310627::2,-0.5,2026-10-02T01:01:04.695736+02:00
306896367,de:12067:900310816::2,0.0,2026-10-02T01:01:04.695736+02:00
306896367,de:12067:900310022::1,0.0,2026-10-02T01:01:04.695736+02:00
306896367,de:12067:900310001::11,0.0,2026-10-02T01:01:04.695736+02:00
306896805,de:12067:900310001::4,0.0,2026-10-02T01:01:04.695736+02:00
306896805,de:12067:900310816::1,0.0,2026-10-02T01:01:04.695736+02:00
306896805,de:12067:900310627::1,0.0,2026-10-02T01:01:04.695736+02:00
306896805,de:12067:900310781::1,0.0,2026-10-02T01:01:04.695736+02:00
306896805,de:12067:900310822::1,0.0,2026-10-02T01:01:04.695736+02:00
306896805,de:12067:900310808::1,0.0,2026-10-02T01:01:04.695736+02:00
306896805,de:12067:900310779::1,0.0,2026-10-02T01:01:04.695736+02:00
306896805,de:12067:900310995::1,0.0,2026-10-02T01:01:04.695736+02:00
306896805,de:12067:900311104::1,0.0,2026-10-02T01:01:04.695736+02:00
306896805,de:12067:900310784::1,0.0,2026-10-02T01:01:04.695736+02:00
306896805,de:12067:900310786::1,0.0,2026-10-02T01:01:04.695736+02:00
306896805,de:12067:900310994::1,0.0,2026-10-02T01:01:04.695736+02:00
306896805,de:12067:900310993::1,0.0,2026-10-02T01:01:04.695736+02:00
306896805,de:12067:900310991::1,0.0,2026-10-02T01:01:04.695736+02:00
306896805,de:12067:900310904::1,0.0,2026-10-02T01:01:04.695736+02:00
306896805,de:12067:900311118::1,0.0,2026-10-02T01:01:04.695736+02:00
306896805,de:12067:900311059::1,0.0,2026-10-02T01:01:04.695736+02:00
306896805,de:12067:900311110::3,0.0,2026-10-02T01:01:04.695736+02:00
306896805,de:12067:900311055::1,0.0,2026-10-02T01:01:04.695736+02:00
306896805,de:12067:900311054::1,0.0,2026-10-02T01:01:04.695736+02:00
306896805,de:12067:900311110::1,0.0,2026-10-02T01:01:04.695736+02:00
306896805,de:12067:900311058::1,0.0,2026-10-02T01:01:04.695736+02:00
306896805,de:12067:900310611::2,0.0,2026-10-02T01:01:04.695736+02:00
295883502,de:11000:900049201:1:51,0.0,2026-10-02T01:01:04.695736+02:00
295883502,de:11000:900049202:1:51,0.0,2026-10-02T01:01:04.695736+02:00
295883502,de:11000:900066101:1:51,-0.3,2026-10-02T01:01:04.695736+02:00
295883502,de:11000:900066102:1:51,-0.2,2026-10-02T01:01:04.695736+02:00
295883502,de:11000:900062202:1:51,-0.2,2026-10-02T01:01:04.695736+02:00
295883502,de:11000:900063101:1:51,-0.2,2026-10-02T01:01:04.695736+02:00
295883502,de:11000:900060101:1:51,-0.9,2026-10-02T01:01:04.695736+02:00
295883502,de:11000:900054104:1:51,-0.9,2026-10-02T01:01:04.695736+02:00
295883502,de:11000:900057104:1:50,-0.4,2026-10-02T01:01:04.695736+02:00
295883502,de:11000:900057102:1:51,-0.1,2026-10-02T01:01:04.695736+02:00
295883502,de:11000:900012101:2:52,-0.8,2026-10-02T01:01:04.695736+02:00
295883502,de:11000:900100020:4:57,-0.9,2026-10-02T01:01:04.695736+02:00
306895327,de:12067:900310611::1,0.0,2026-10-02T01:01:04.695736+02:00
306895327,de:12067:900311058::2,0.0,2026-10-02T01:01:04.695736+02:00
306895327,de:12067:900311110::4,0.0,2026-10-02T01:01:04.695736+02:00
306895327,de:12067:900311055::1,0.0,2026-10-02T01:01:04.695736+02:00
306895327,de:12067:900311054::1,0.0,2026-10-02T01:01:04.695736+02:00
306895327,de:12067:900311110::1,0.0,2026-10-02T01:01:04.695736+02:00
306895327,de:12067:900311056::2,0.0,2026-10-02T01:01:04.695736+02:00
306895327,de:12067:900311050::2,0.0,2026-10-02T01:01:04.695736+02:00
306895327,de:12067:900310748::2,0.0,2026-10-02T01:01:04.695736+02:00
306895327,de:12067:900310749::1,0.0,2026-10-02T01:01:04.695736+02:00
306895327,de:12067:900310893::1,0.0,2026-10-02T01:01:04.695736+02:00
306895327,de:12067:900310893::1,-2.0,2026-10-02T01:01:04.695736+02:00
306895327,de:12067:900311418::1,0.0,2026-10-02T01:01:04.695736+02:00
306895327,de:12067:900310893::1,2.0,2026-10-02T01:01:04.695736+02:00
306895327,de:12067:900310893::1,0.0,2026-10-02T01:01:04.695736+02:00
306895327,de:12067:900310749::2,0.0,2026-10-02T01:01:04.695736+02:00
306895327,de:12067:900310748::1,0.0,2026-10-02T01:01:04.695736+02:00
306895327,de:12067:900311050::1,0.0,2026-10-02T01:01:04.695736+02:00
306895327,de:12067:900310612::2,0.0,2026-10-02T01:01:04.695736+02:00
306895327,de:12067:900311076::2,0.0,2026-10-02T01:01:04.695736+02:00
306895327,de:12067:900311009::1,0.0,2026-10-02T01:01:04.695736+02:00
306895327,de:12067:900311079::1,0.0,2026-10-02T01:01:04.695736+02:00
306895327,de:12067:900310731::1,0.0,2026-10-02T01:01:04.695736+02:00
306895327,de:12067:900310700::1,0.0,2026-10-02T01:01:04.695736+02:00
306895327,de:12067:900310701::1,0.0,2026-10-02T01:01:04.695736+02:00
306895327,de:12067:900310760::2,0.0,2026-10-02T01:01:04.695736+02:00
306895327,de:12067:900311064::1,0.0,2026-10-02T01:01:04.695736+02:00
306895327,de:12067:900311065::1,0.0,2026-10-02T01:01:04.695736+02:00
307252207,de:11000:900007102:1:51,0.0,2026-10-02T01:01:04.695736+02:00
307252207,de:11000:900009104:1:51,-0.8,2026-10-02T01:01:04.695736+02:00
307252207,de:11000:900003200:5:58,-0.7,2026-10-02T01:01:04.695736+02:00
307252202,de:11000:900007102:1:51,0.0,2026-10-02T01:01:04.695736+02:00
307252202,de:11000:900009104:1:51,-0.8,2026-10-02T01:01:04.695736+02:00
307252202,de:11000:900003200:5:58,-0.7,2026-10-02T01:01:04.695736+02:00
307252346,de:11000:900003200:5:58,0.0,2026-10-02T01:01:04.695736+02:00
307252346,de:11000:900009104:1:50,-0.8,2026-10-02T01:01:04.695736+02:00
307252346,de:11000:900007102:2:52,-0.4,2026-10-02T01:01:04.695736+02:00
307252184,de:11000:900007102:1:51,0.0,2026-10-02T01:01:04.695736+02:00
307252184,de:11000:900009104:1:51,-0.8,2026-10-02T01:01:04.695736+02:00
307252184,de:11000:900003200:5:58,-0.7,2026-10-02T01:01:04.695736+02:00
306896847,de:12067:900311129::4,0.0,2026-10-02T01:01:04.695736+02:00
306896847,de:12067:900311129::4,-12.0,2026-10-02T01:01:04.695736+02:00
306896847,de:12067:900310727::3,0.0,2026-10-02T01:01:04.695736+02:00
306896847,de:12067:900310755::2,0.0,2026-10-02T01:01:04.695736+02:00
306896847,de:12067:900310728::3,0.0,2026-10-02T01:01:04.695736+02:00
306896847,de:12067:900311129::7,0.0,2026-10-02T01:01:04.695736+02:00
306896847,de:12067:900311129::4,12.0,2026-10-02T01:01:04.695736+02:00
306896847,de:12067:900311129::4,0.0,2026-10-02T01:01:04.695736+02:00
306896847,de:12067:900310637::2,0.0,2026-10-02T01:01:04.695736+02:00
306896847,de:12067:900310722::2,-0.5,2026-10-02T01:01:04.695736+02:00
306896847,de:12067:900310841::2,0.0,2026-10-02T01:01:04.695736+02:00
306896847,de:12067:900311002::3,0.0,2026-10-02T01:01:04.695736+02:00
306896847,de:12067:900310908::2,0.0,2026-10-02T01:01:04.695736+02:00
306896847,de:12067:900310975::2,0.0,2026-10-02T01:01:04.695736+02:00
306896847,de:12067:900310974::2,0.0,2026-10-02T01:01:04.695736+02:00
306896847,de:12067:900310914::2,0.0,2026-10-02T01:01:04.695736+02:00
306896847,de:12067:900310703::3,0.0,2026-10-02T01:01:04.695736+02:00
306896847,de:12067:900310915::2,-0.5,2026-10-02T01:01:04.695736+02:00
306896847,de:12067:900310916::2,-0.5,2026-10-02T01:01:04.695736+02:00
306896847,de:12067:900310917::2,0.0,2026-10-02T01:01:04.695736+02:00
306896847,de:12067:900310900::2,0.0,2026-10-02T01:01:04.695736+02:00
306896847,de:12067:900310880::2,0.0,2026-10-02T01:01:04.695736+02:00
306896847,de:12067:900310010::1,0.0,2026-10-02T01:01:04.695736+02:00
306896847,de:12067:900310879::2,0.0,2026-10-02T01:01:04.695736+02:00
306896847,de:12067:900310800::2,0.0,2026-10-02T01:01:04.695736+02:00
306896847,de:12067:900310771::2,0.0,2026-10-02T01:01:04.695736+02:00
306896847,de:12067:900310822::2,0.0,2026-10-02T01:01:04.695736+02:00
306896847,de:12067:900310781::2,0.0,2026-10-02T01:01:04.695736+02:00
306896847,de:12067:900310627::2,-0.5,2026-10-02T01:01:04.695736+02:00
306896847,de:12067:900310816::2,0.0,2026-10-02T01:01:04.695736+02:00
306896847,de:12067:900310022::1,0.0,2026-10-02T01:01:04.695736+02:00
306896847,de:12067:900310001::11,0.0,2026-10-02T01:01:04.695736+02:00
295882549,de:11000:900053301:2:52,0.0,2026-10-02T01:01:04.695736+02:00
295882549,de:11000:900052201:1:51,0.0,2026-10-02T01:01:04.695736+02:00
295882549,de:11000:900050355:1:51,-0.3,2026-10-02T01:01:04.695736+02:00
295882549,de:11000:900050301:1:51,-0.4,2026-10-02T01:01:04.695736+02:00
295882549,de:11000:900049201:1:51,0.0,2026-10-02T01:01:04.695736+02:00
295882549,de:11000:900049202:1:51,0.0,2026-10-02T01:01:04.695736+02:00
295882549,de:11000:900066101:1:51,-0.3,2026-10-02T01:01:04.695736+02:00
295882549,de:11000:900066102:1:51,-0.2,2026-10-02T01:01:04.695736+02:00
295882549,de:11000:900062202:1:51,-0.2,2026-10-02T01:01:04.695736+02:00
295882549,de:11000:900063101:1:51,-0.2,2026-10-02T01:01:04.695736+02:00
295882549,de:11000:900060101:1:51,-0.9,2026-10-02T01:01:04.695736+02:00
295882549,de:11000:900054104:1:51,-0.9,2026-10-02T01:01:04.695736+02:00
295882549,de:11000:900057104:1:50,-0.4,2026-10-02T01:01:04.695736+02:00
295882549,de:11000:900057102:1:51,-0.1,2026-10-02T01:01:04.695736+02:00
295882549,de:11000:900012101:2:52,-0.9,2026-10-02T01:01:04.695736+02:00
295882549,de:11000:900100020:4:57,-0.3,2026-10-02T01:01:04.695736+02:00
295882549,de:11000:900100025:1:51,-0.4,2026-10-02T01:01:04.695736+02:00
295882549,de:11000:900100001:4:57,-0.1,2026-10-02T01:01:04.695736+02:00
295882549,de:11000:900100007:1:51,-0.2,2026-10-02T01:01:04.695736+02:00
295882549,de:11000:900007104:2:52,-0.2,2026-10-02T01:01:04.695736+02:00
295882549,de:11000:900008101:1:51,-0.9,2026-10-02T01:01:04.695736+02:00
295882549,de:11000:900007102:2:53,-0.6,2026-10-02T01:01:04.695736+02:00
295882549,de:11000:900110011:2:53,-0.9,2026-10-02T01:01:04.695736+02:00
295882549,de:11000:900085201:1:50,-0.9,2026-10-02T01:01:04.695736+02:00
295882549,de:11000:900084101:1:50,-0.7,2026-10-02T01:01:04.695736+02:00
295882549,de:11000:900096101:1:50,-0.8,2026-10-02T01:01:04.695736+02:00
295882549,de:11000:900094101:1:50,-0.1,2026-10-02T01:01:04.695736+02:00
295882549,de:11000:900093201:1:50,-0.4,2026-10-02T01:01:04.695736+02:00
295882549,de:11000:900092201:1:50,-0.2,2026-10-02T01:01:04.695736+02:00
295882477,de:11000:900092201:1:51,0.0,2026-10-02T01:01:04.695736+02:00
295882477,de:11000:900093201:1:51,-0.4,2026-10-02T01:01:04.695736+02:00
295882477,de:11000:900094101:1:51,-0.8,2026-10-02T01:01:04.695736+02:00
295882477,de:11000:900096101:1:51,-0.1,2026-10-02T01:01:04.695736+02:00
295882477,de:11000:900084101:1:51,-0.2,2026-10-02T01:01:04.695736+02:00
295882477,de:11000:900085201:1:51,-0.8,2026-10-02T01:01:04.695736+02:00
295882477,de:11000:900130003:1:51,-0.8,2026-10-02T01:01:04.695736+02:00
295882477,de:11000:900110011:1:50,-0.9,2026-10-02T01:01:04.695736+02:00
295882477,de:11000:900007102:1:50,-0.9,2026-10-02T01:01:04.695736+02:00
295882477,de:11000:900008101:1:50,0.0,2026-10-02T01:01:04.695736+02:00
295882477,de:11000:900007104:1:51,-0.7,2026-10-02T01:01:04.695736+02:00
295882477,de:11000:900100007:1:50,-0.7,2026-10-02T01:01:04.695736+02:00
295882477,de:11000:900100001:4:56,-0.5,2026-10-02T01:01:04.695736+02:00
295882477,de:11000:900100025:1:50,-0.4,2026-10-02T01:01:04.695736+02:00
295882477,de:11000:900100020:3:54,-0.4,2026-10-02T01:01:04.695736+02:00
295882477,de:11000:900012101:1:51,-0.5,2026-10-02T01:01:04.695736+02:00
295882477,de:11000:900057102:1:50,-0.7,2026-10-02T01:01:04.695736+02:00
295882477,de:11000:900057104:2:51,-0.4,2026-10-02T01:01:04.695736+02:00
295882477,de:11000:900054104:1:50,-0.3,2026-10-02T01:01:04.695736+02:00
295882477,de:11000:900060101:1:50,-0.3,2026-10-02T01:01:04.695736+02:00
295882477,de:11000:900063101:1:50,-0.1,2026-10-02T01:01:04.695736+02:00
295882477,de:11000:900062202:1:50,-0.1,2026-10-02T01:01:04.695736+02:00
295882477,de:11000:900066102:1:50,-0.2,2026-10-02T01:01:04.695736+02:00
295882477,de:11000:900066101:1:50,-0.1,2026-10-02T01:01:04.695736+02:00
295882477,de:11000:900049202:1:50,-0.3,2026-10-02T01:01:04.695736+02:00
295882477,de:11000:900049201:1:50,-0.4,2026-10-02T01:01:04.695736+02:00
306897226,de:12067:900311129::5,0.0,2026-10-02T01:01:04.695736+02:00
306897226,de:12067:900310755::1,0.0,2026-10-02T01:01:04.695736+02:00
306897226,de:12067:900310738::1,0.0,2026-10-02T01:01:04.695736+02:00
306897226,de:12067:900310725::1,0.0,2026-10-02T01:01:04.695736+02:00
306897226,de:12067:900310615::1,0.0,2026-10-02T01:01:04.695736+02:00
306897226,de:12067:900311540::1,0.0,2026-10-02T01:01:04.695736+02:00
306897226,de:12067:900310933::1,0.0,2026-10-02T01:01:04.695736+02:00
306897226,de:12067:900310935::1,0.0,2026-10-02T01:01:04.695736+02:00
306897226,de:12067:900311483::1,0.0,2026-10-02T01:01:04.695736+02:00
306897226,de:12067:900311480::1,0.0,2026-10-02T01:01:04.695736+02:00
306897226,de:12067:900311482::2,0.0,2026-10-02T01:01:04.695736+02:00
306897226,de:12067:900311485::2,0.0,2026-10-02T01:01:04.695736+02:00
306897226,de:12053:900360062::1,0.0,2026-10-02T01:01:04.695736+02:00
306897226,de:12053:900360213::3,0.0,2026-10-02T01:01:04.695736+02:00
306897226,de:12053:900360078::2,0.0,2026-10-02T01:01:04.695736+02:00
306897226,de:12053:900360096::3,0.0,2026-10-02T01:01:04.695736+02:00
306897226,de:12053:900360083::1,0.0,2026-10-02T01:01:04.695736+02:00
306897226,de:12053:900360135::1,0.0,2026-10-02T01:01:04.695736+02:00
306897226,de:12053:900360041::3,0.0,2026-10-02T01:01:04.695736+02:00
306897226,de:12053:900360059::3,0.0,2026-10-02T01:01:04.695736+02:00
306897226,de:12053:900360021::3,0.0,2026-10-02T01:01:04.695736+02:00
306897226,de:12053:900360000::9,0.0,2026-10-02T01:01:04.695736+02:00
306895907,de:12067:900311145::2,0.0,2026-10-02T01:01:04.695736+02:00
306895907,de:12067:900310817::2,0.0,2026-10-02T01:01:04.695736+02:00
306895907,de:12067:900310837::2,0.0,2026-10-02T01:01:04.695736+02:00
306895907,de:12067:900310875::2,0.0,2026-10-02T01:01:04.695736+02:00
306895907,de:12067:900310796::2,0.0,2026-10-02T01:01:04.695736+02:00
306895907,de:12067:900310777::2,0.0,2026-10-02T01:01:04.695736+02:00
306895907,de:12067:900310808::2,0.0,2026-10-02T01:01:04.695736+02:00
306895907,de:12067:900310822::2,0.0,2026-10-02T01:01:04.695736+02:00
306895907,de:12067:900310781::2,0.0,2026-10-02T01:01:04.695736+02:00
306895907,de:12067:900311155::1,0.0,2026-10-02T01:01:04.695736+02:00
306895907,de:12067:900311149::2,0.0,2026-10-02T01:01:04.695736+02:00
306895907,de:12067:900310001::11,0.0,2026-10-02T01:01:04.695736+02:00
307432265,de:12054:900220010:1:50,0.0,2026-10-02T01:01:04.695736+02:00
307432265,de:12054:900230002:1:52,0.0,2026-10-02T01:01:04.695736+02:00
307432265,de:12069:900220002:1:50,0.0,2026-10-02T01:01:04.695736+02:00
307432265,de:12072:900245836:1:50,0.0,2026-10-02T01:01:04.695736+02:00
307432265,de:12061:900260009:2:54,0.0,2026-10-02T01:01:04.695736+02:00
307432235,de:12054:900230999:1:51,0.0,2026-10-02T01:01:04.695736+02:00
307432235,de:12054:900230006:1:50,0.0,2026-10-02T01:01:04.695736+02:00
307432235,de:12054:900230007:1:50,0.0,2026-10-02T01:01:04.695736+02:00
307432235,de:12054:900220010:1:50,0.0,2026-10-02T01:01:04.695736+02:00
307432235,de:12054:900230002:1:52,0.0,2026-10-02T01:01:04.695736+02:00
307432235,de:12069:900220002:1:50,0.0,2026-10-02T01:01:04.695736+02:00
307432235,de:12072:900245836:1:50,0.0,2026-10-02T01:01:04.695736+02:00
307432235,de:12061:900260009:2:54,0.0,2026-10-02T01:01:04.695736+02:00
307431842,de:12061:900260009:2:54,0.0,2026-10-02T01:01:04.695736+02:00
307431842,de:12072:900245836:2:51,0.0,2026-10-02T01:01:04.695736+02:00
307431842,de:12069:900220002:2:51,0.0,2026-10-02T01:01:04.695736+02:00
307431842,de:12054:900230002:1:50,0.0,2026-10-02T01:01:04.695736+02:00
307431842,de:12054:900220010:2:51,0.0,2026-10-02T01:01:04.695736+02:00
307431842,de:12054:900230007:2:52,0.0,2026-10-02T01:01:04.695736+02:00
307431842,de:12054:900230006:2:51,0.0,2026-10-02T01:01:04.695736+02:00
307431842,de:12054:900230999:2:53,0.0,2026-10-02T01:01:04.695736+02:00
307431842,de:12054:900230003:4:53,0.0,2026-10-02T01:01:04.695736+02:00
307431824,de:12061:900260009:2:54,0.0,2026-10-02T01:01:04.695736+02:00
307431824,de:12072:900245836:2:51,0.0,2026-10-02T01:01:04.695736+02:00
307431824,de:12069:900220002:2:51,0.0,2026-10-02T01:01:04.695736+02:00
307431824,de:12054:900230002:1:50,0.0,2026-10-02T01:01:04.695736+02:00
307431824,de:12054:900220010:2:51,0.0,2026-10-02T01:01:04.695736+02:00
307431824,de:12054:900230007:2:52,0.0,2026-10-02T01:01:04.695736+02:00
307431824,de:12054:900230006:2:51,0.0,2026-10-02T01:01:04.695736+02:00
307431824,de:12054:900230999:2:53,0.0,2026-10-02T01:01:04.695736+02:00
307431824,de:12054:900230003:4:53,0.0,2026-10-02T01:01:04.695736+02:00
307437646,de:12052:900470000:3:54,0.0,2026-10-02T01:01:04.695736+02:00
307437646,de:12071:900445885:1:50,0.0,2026-10-02T01:01:04.695736+02:00
307437646,de:12066:900435459:2:51,0.0,2026-10-02T01:01:04.695736+02:00
307437646,de:12066:900435527:1:50,0.0,2026-10-02T01:01:04.695736+02:00
307437646,de:12062:900415005:2:51,0.0,2026-10-02T01:01:04.695736+02:00
307437646,de:12062:900415112:3:52,0.0,2026-10-02T01:01:04.695736+02:00
307437646,de:12062:900415466:2:51,0.0,2026-10-02T01:01:04.695736+02:00
307437646,de:12062:900415357:2:51,0.0,2026-10-02T01:01:04.695736+02:00
307437646,de:12062:900415467:1:50,0.0,2026-10-02T01:01:04.695736+02:00
307437646,de:12062:900415345:4:55,0.0,2026-10-02T01:01:04.695736+02:00
307437781,de:12052:900470000:1:50,0.0,2026-10-02T01:01:04.695736+02:00
307437781,de:12071:900445986:2:51,0.0,2026-10-02T01:01:04.695736+02:00
307437781,de:12071:900445360:1:50,0.0,2026-10-02T01:01:04.695736+02:00
307437781,de:12066:900435347:1:50,0.0,2026-10-02T01:01:04.695736+02:00
307437781,de:12066:900435800:1:50,0.0,2026-10-02T01:01:04.695736+02:00
307437781,de:12066:900435001:2:52,0.0,2026-10-02T01:01:04.695736+02:00
307437781,de:12066:900435000:1:50,0.0,2026-10-02T01:01:04.695736+02:00
307437781,de:12066:900435802:2:51,0.0,2026-10-02T01:01:04.695736+02:00
307437781,de:12066:900435061:2:51,0.0,2026-10-02T01:01:04.695736+02:00
307437781,de:12066:900435203:2:51,0.0,2026-10-02T01:01:04.695736+02:00
307437781,de:12062:900416008:1:50,0.0,2026-10-02T01:01:04.695736+02:00
307437781,de:12062:900415167:1:50,0.0,2026-10-02T01:01:04.695736+02:00
307437781,de:12062:900415240:1:50,0.0,2026-10-02T01:01:04.695736+02:00
307437781,de:12062:900415345:2:52,0.0,2026-10-02T01:01:04.695736+02:00
307430596,de:12054:900220010:1:50,0.0,2026-10-02T01:01:04.695736+02:00
307430596,de:12054:900220012:2:51,0.0,2026-10-02T01:01:04.695736+02:00
307430596,de:12063:900210001:2:51,0.0,2026-10-02T01:01:04.695736+02:00
307430596,de:12065:900200000:1:51,0.0,2026-10-02T01:01:04.695736+02:00
307430596,de:12065:900200010:1:50,0.0,2026-10-02T01:01:04.695736+02:00
307430596,de:12065:900200008:1:50,0.0,2026-10-02T01:01:04.695736+02:00
307430596,de:12065:900200005:1:2,0.0,2026-10-02T01:01:04.695736+02:00
307430623,de:12065:900200005:1:2,0.0,2026-10-02T01:01:04.695736+02:00
307430623,de:12065:900200008:1:50,0.0,2026-10-02T01:01:04.695736+02:00
307430623,de:12065:900200010:1:50,0.0,2026-10-02T01:01:04.695736+02:00
307430623,de:12065:900200000:1:50,0.0,2026-10-02T01:01:04.695736+02:00
307430623,de:12063:900210001:1:50,0.0,2026-10-02T01:01:04.695736+02:00
307430623,de:12054:900220012:1:50,0.0,2026-10-02T01:01:04.695736+02:00
307430623,de:12054:900220010:2:51,0.0,2026-10-02T01:01:04.695736+02:00
307430623,de:12054:900230007:2:52,0.0,2026-10-02T01:01:04.695736+02:00
307430623,de:12054:900230006:2:51,0.0,2026-10-02T01:01:04.695736+02:00
307430623,de:12054:900230999:2:53,0.0,2026-10-02T01:01:04.695736+02:00
306896717,de:12067:900311039::1,0.0,2026-10-02T01:01:04.695736+02:00
306896717,de:12067:900311031::2,-0.5,2026-10-02T01:01:04.695736+02:00
306896717,de:12067:900311040::2,-0.5,2026-10-02T01:01:04.695736+02:00
306896717,de:12067:900311038::2,-0.5,2026-10-02T01:01:04.695736+02:00
306896717,de:12067:900311041::2,-0.5,2026-10-02T01:01:04.695736+02:00
306896717,de:12067:900311032::2,-0.5,2026-10-02T01:01:04.695736+02:00
306896717,de:12067:900311037::2,-0.5,2026-10-02T01:01:04.695736+02:00
306896717,de:12067:900310928::2,-0.5,2026-10-02T01:01:04.695736+02:00
306896717,de:12067:900310930::2,0.0,2026-10-02T01:01:04.695736+02:00
306896717,de:12067:900310929::2,-0.5,2026-10-02T01:01:04.695736+02:00
306896717,de:12067:900310742::2,0.0,2026-10-02T01:01:04.695736+02:00
306896717,de:12067:900310741::2,-0.5,2026-10-02T01:01:04.695736+02:00
306896717,de:12067:900310743::2,-0.5,2026-10-02T01:01:04.695736+02:00
306896717,de:12067:900310785::2,-0.5,2026-10-02T01:01:04.695736+02:00
306896717,de:12067:900310819::2,-0.5,2026-10-02T01:01:04.695736+02:00
306896717,de:12067:900310817::2,-0.5,2026-10-02T01:01:04.695736+02:00
306896717,de:12067:900310837::2,-0.5,2026-10-02T01:01:04.695736+02:00
306896717,de:12067:900310875::2,-0.5,2026-10-02T01:01:04.695736+02:00
306896717,de:12067:900310796::2,-0.5,2026-10-02T01:01:04.695736+02:00
306896717,de:12067:900310777::2,-0.5,2026-10-02T01:01:04.695736+02:00
306896717,de:12067:900310808::2,-0.5,2026-10-02T01:01:04.695736+02:00
306896717,de:12067:900310822::2,-0.5,2026-10-02T01:01:04.695736+02:00
306896717,de:12067:900310781::2,-0.5,2026-10-02T01:01:04.695736+02:00
306896717,de:12067:900310627::2,-0.5,2026-10-02T01:01:04.695736+02:00
306896717,de:12067:900310816::2,0.0,2026-10-02T01:01:04.695736+02:00
306896717,de:12067:900310022::1,0.0,2026-10-02T01:01:04.695736+02:00
306896717,de:12067:900310001::11,0.0,2026-10-02T01:01:04.695736+02:00
306897105,de:12067:900311621::1,0.0,2026-10-02T01:01:04.695736+02:00
306897105,de:12067:900311622::2,0.0,2026-10-02T01:01:04.695736+02:00
306897105,de:12067:900311632::2,0.0,2026-10-02T01:01:04.695736+02:00
306897105,de:12067:900311634::1,0.0,2026-10-02T01:01:04.695736+02:00
306897105,de:12067:900311591::1,0.0,2026-10-02T01:01:04.695736+02:00
306897105,de:12067:900311590::2,0.0,2026-10-02T01:01:04.695736+02:00
306897105,de:12067:900311370::2,0.0,2026-10-02T01:01:04.695736+02:00
306897105,de:12067:900311373::2,0.0,2026-10-02T01:01:04.695736+02:00
306897105,de:12067:900311301::2,0.0,2026-10-02T01:01:04.695736+02:00
306897105,de:12067:900311339::2,0.0,2026-10-02T01:01:04.695736+02:00
306897105,de:12067:900311341::1,0.0,2026-10-02T01:01:04.695736+02:00
306897105,de:12067:900311345::1,0.0,2026-10-02T01:01:04.695736+02:00
306897105,de:12067:900311359::1,0.0,2026-10-02T01:01:04.695736+02:00
306897105,de:12067:900310027::1,0.0,2026-10-02T01:01:04.695736+02:00
306897105,de:12067:900311317::1,0.0,2026-10-02T01:01:04.695736+02:00
306897105,de:12067:900311384::1,0.0,2026-10-02T01:01:04.695736+02:00
306897105,de:12067:900311316::1,0.0,2026-10-02T01:01:04.695736+02:00
306897105,de:12067:900311376::1,0.0,2026-10-02T01:01:04.695736+02:00
306897105,de:12067:900311377::1,0.0,2026-10-02T01:01:04.695736+02:00
306897105,de:12067:900311349::1,0.0,2026-10-02T01:01:04.695736+02:00
306897105,de:12067:900311336::1,0.0,2026-10-02T01:01:04.695736+02:00
306897105,de:12067:900311352::1,0.0,2026-10-02T01:01:04.695736+02:00
306897105,de:12067:900311354::1,0.0,2026-10-02T01:01:04.695736+02:00
306897105,de:12067:900311320::2,0.0,2026-10-02T01:01:04.695736+02:00
306897105,de:12067:900311305::2,0.0,2026-10-02T01:01:04.695736+02:00
306897105,de:12067:900311383::8,0.0,2026-10-02T01:01:04.695736+02:00
307440114,de:12065:900200000:1:51,0.0,2026-10-02T01:01:04.695736+02:00
307440114,de:12065:900200004:1:50,0.0,2026-10-02T01:01:04.695736+02:00
306897205,de:12067:900311513::1,0.0,2026-10-02T01:01:04.695736+02:00
306897205,de:12067:900311568::1,0.0,2026-10-02T01:01:04.695736+02:00
306897205,de:12067:900311226::1,0.0,2026-10-02T01:01:04.695736+02:00
306897205,de:12067:900311224::2,0.0,2026-10-02T01:01:04.695736+02:00
295893095,de:12072:900245027:2:52,0.0,2026-10-02T01:01:04.695736+02:00
295893095,de:12072:900245028:1:50,-0.9,2026-10-02T01:01:04.695736+02:00
295893095,de:11000:900074201:1:50,-0.9,2026-10-02T01:01:04.695736+02:00
295893095,de:11000:900074202:2:51,-0.1,2026-10-02T01:01:04.695736+02:00
295893095,de:11000:900072101:2:51,-0.1,2026-10-02T01:01:04.695736+02:00
295893095,de:11000:900073101:1:51,-0.4,2026-10-02T01:01:04.695736+02:00
295893095,de:11000:900068301:1:51,-0.7,2026-10-02T01:01:04.695736+02:00
295893095,de:11000:900058102:2:51,-0.7,2026-10-02T01:01:04.695736+02:00
295893095,de:11000:900058101:1:51,-0.3,2026-10-02T01:01:04.695736+02:00
295893095,de:11000:900058103:1:51,-0.1,2026-10-02T01:01:04.695736+02:00
295893095,de:11000:900012101:2:53,-0.7,2026-10-02T01:01:04.695736+02:00
295893095,de:11000:900100020:4:57,-0.8,2026-10-02T01:01:04.695736+02:00
295893095,de:11000:900100025:1:51,-0.9,2026-10-02T01:01:04.695736+02:00
295893095,de:11000:900100001:4:57,-0.6,2026-10-02T01:01:04.695736+02:00
295893095,de:11000:900100007:1:51,-0.7,2026-10-02T01:01:04.695736+02:00
295893095,de:11000:900007104:2:52,-0.7,2026-10-02T01:01:04.695736+02:00
295893095,de:11000:900008101:1:51,-0.4,2026-10-02T01:01:04.695736+02:00
295893095,de:11000:900007102:2:53,-0.1,2026-10-02T01:01:04.695736+02:00
295893095,de:11000:900110011:2:52,-0.4,2026-10-02T01:01:04.695736+02:00
295893095,de:11000:900130002:1:50,-0.7,2026-10-02T01:01:04.695736+02:00
295893095,de:11000:900130001:1:50,-0.4,2026-10-02T01:01:04.695736+02:00
295893095,de:11000:900142001:1:50,-0.9,2026-10-02T01:01:04.695736+02:00
295893095,de:11000:900143001:1:51,-0.7,2026-10-02T01:01:04.695736+02:00
295893095,de:11000:900135001:1:50,-0.4,2026-10-02T01:01:04.695736+02:00
295893095,de:12060:900350162:1:50,0.0,2026-10-02T01:01:04.695736+02:00
295893095,de:12060:900350163:1:51,-0.4,2026-10-02T01:01:04.695736+02:00
295893095,de:12060:900350161:1:50,-0.7,2026-10-02T01:01:04.695736+02:00
295893095,de:12060:900350160:1:51,-0.4,2026-10-02T01:01:04.695736+02:00
295892991,de:12060:900350160:1:51,0.0,2026-10-02T01:01:04.695736+02:00
295892991,de:12060:900350161:1:50,-0.3,2026-10-02T01:01:04.695736+02:00
295892991,de:12060:900350163:1:50,-0.1,2026-10-02T01:01:04.695736+02:00
295892991,de:12060:900350162:1:50,-0.8,2026-10-02T01:01:04.695736+02:00
295892991,de:11000:900135001:1:50,-0.3,2026-10-02T01:01:04.695736+02:00
295892991,de:11000:900143001:1:51,-0.8,2026-10-02T01:01:04.695736+02:00
295892991,de:11000:900142001:1:51,-0.3,2026-10-02T01:01:04.695736+02:00
295892991,de:11000:900130001:1:51,-0.8,2026-10-02T01:01:04.695736+02:00
295892991,de:11000:900130002:1:51,-0.3,2026-10-02T01:01:04.695736+02:00
295892991,de:11000:900110011:1:51,-0.7,2026-10-02T01:01:04.695736+02:00
295892991,de:11000:900007102:1:50,-0.7,2026-10-02T01:01:04.695736+02:00
295892991,de:11000:900008101:1:50,-0.5,2026-10-02T01:01:04.695736+02:00
295892991,de:11000:900007104:1:51,-0.2,2026-10-02T01:01:04.695736+02:00
295892991,de:11000:900100007:1:50,-0.2,2026-10-02T01:01:04.695736+02:00
295892991,de:11000:900100001:4:56,0.0,2026-10-02T01:01:04.695736+02:00
295892991,de:11000:900100025:1:50,-0.9,2026-10-02T01:01:04.695736+02:00
295892991,de:11000:900100020:3:54,-0.9,2026-10-02T01:01:04.695736+02:00
295892991,de:11000:900012101:1:51,0.0,2026-10-02T01:01:04.695736+02:00
295892991,de:11000:900058103:1:50,-0.8,2026-10-02T01:01:04.695736+02:00
295892991,de:11000:900058101:1:50,-0.4,2026-10-02T01:01:04.695736+02:00
295892991,de:11000:900058102:1:50,-0.4,2026-10-02T01:01:04.695736+02:00
295892991,de:11000:900068301:1:50,-0.7,2026-10-02T01:01:04.695736+02:00
295892991,de:11000:900073101:1:50,-0.9,2026-10-02T01:01:04.695736+02:00
295892991,de:11000:900072101:1:50,-0.2,2026-10-02T01:01:04.695736+02:00
295892991,de:11000:900074202:1:50,-0.2,2026-10-02T01:01:04.695736+02:00
295892991,de:11000:900074201:1:50,-0.4,2026-10-02T01:01:04.695736+02:00
295892991,de:12072:900245028:1:51,-0.9,2026-10-02T01:01:04.695736+02:00
295892991,de:12072:900245027:2:52,-0.9,2026-10-02T01:01:04.695736+02:00
295892969,de:12060:900350160:1:51,0.0,2026-10-02T01:01:04.695736+02:00
295892969,de:12060:900350161:1:50,-0.3,2026-10-02T01:01:04.695736+02:00
295892969,de:12060:900350163:1:50,-0.1,2026-10-02T01:01:04.695736+02:00
295892969,de:12060:900350162:1:50,-0.8,2026-10-02T01:01:04.695736+02:00
295892969,de:11000:900135001:1:50,-0.3,2026-10-02T01:01:04.695736+02:00
295892969,de:11000:900143001:1:51,-0.8,2026-10-02T01:01:04.695736+02:00
295892969,de:11000:900142001:1:51,-0.3,2026-10-02T01:01:04.695736+02:00
295892969,de:11000:900130001:1:51,-0.8,2026-10-02T01:01:04.695736+02:00
295892969,de:11000:900130002:1:51,-0.3,2026-10-02T01:01:04.695736+02:00
295892969,de:11000:900110011:1:51,-0.7,2026-10-02T01:01:04.695736+02:00
295892969,de:11000:900007102:1:50,-0.7,2026-10-02T01:01:04.695736+02:00
295892969,de:11000:900008101:1:50,-0.5,2026-10-02T01:01:04.695736+02:00
295892969,de:11000:900007104:1:51,-0.2,2026-10-02T01:01:04.695736+02:00
295892969,de:11000:900100007:1:50,-0.2,2026-10-02T01:01:04.695736+02:00
295892969,de:11000:900100001:4:56,0.0,2026-10-02T01:01:04.695736+02:00
295892969,de:11000:900100025:1:50,-0.9,2026-10-02T01:01:04.695736+02:00
295892969,de:11000:900100020:3:54,-0.9,2026-10-02T01:01:04.695736+02:00
295892969,de:11000:900012101:1:51,0.0,2026-10-02T01:01:04.695736+02:00
295892969,de:11000:900058103:1:50,-0.8,2026-10-02T01:01:04.695736+02:00
295892969,de:11000:900058101:1:50,-0.4,2026-10-02T01:01:04.695736+02:00
295892969,de:11000:900058102:1:50,-0.4,2026-10-02T01:01:04.695736+02:00
295892969,de:11000:900068301:1:50,-0.7,2026-10-02T01:01:04.695736+02:00
295892969,de:11000:900073101:1:50,-0.9,2026-10-02T01:01:04.695736+02:00
295892969,de:11000:900072101:1:50,-0.2,2026-10-02T01:01:04.695736+02:00
295892969,de:11000:900074202:1:50,-0.2,2026-10-02T01:01:04.695736+02:00
295892969,de:11000:900074201:1:50,-0.4,2026-10-02T01:01:04.695736+02:00
295892969,de:12072:900245028:1:51,-0.9,2026-10-02T01:01:04.695736+02:00
295892969,de:12072:900245027:2:52,-0.9,2026-10-02T01:01:04.695736+02:00
307258815,de:12072:900245027:2:52,0.0,2026-10-02T01:01:04.695736+02:00
307258815,de:12072:900245028:1:51,-0.9,2026-10-02T01:01:04.695736+02:00
307258815,de:11000:900074201:1:50,-0.9,2026-10-02T01:01:04.695736+02:00
307258815,de:11000:900074202:2:51,-0.1,2026-10-02T01:01:04.695736+02:00
307258815,de:11000:900072101:2:51,-0.1,2026-10-02T01:01:04.695736+02:00
307258815,de:11000:900073101:1:51,-0.4,2026-10-02T01:01:04.695736+02:00
307258815,de:11000:900068301:1:51,-0.7,2026-10-02T01:01:04.695736+02:00
307258815,de:11000:900058102:2:51,-0.7,2026-10-02T01:01:04.695736+02:00
307258815,de:11000:900058101:1:51,-0.3,2026-10-02T01:01:04.695736+02:00
307258815,de:11000:900058103:1:51,-0.1,2026-10-02T01:01:04.695736+02:00
307258815,de:11000:900012101:2:53,-0.7,2026-10-02T01:01:04.695736+02:00
307258815,de:11000:900100020:4:57,-0.8,2026-10-02T01:01:04.695736+02:00
307258815,de:11000:900100025:1:51,-0.9,2026-10-02T01:01:04.695736+02:00
307258815,de:11000:900100001:4:57,-0.6,2026-10-02T01:01:04.695736+02:00
307258815,de:11000:900100007:1:51,-0.7,2026-10-02T01:01:04.695736+02:00
307258815,de:11000:900007104:2:52,-0.7,2026-10-02T01:01:04.695736+02:00
307258815,de:11000:900008101:1:51,-0.4,2026-10-02T01:01:04.695736+02:00
307258815,de:11000:900007102:2:53,-0.1,2026-10-02T01:01:04.695736+02:00
307258815,de:11000:900110011:2:52,-0.4,2026-10-02T01:01:04.695736+02:00
307258815,de:11000:900130002:1:50,-0.7,2026-10-02T01:01:04.695736+02:00
307258815,de:11000:900130001:1:50,-0.4,2026-10-02T01:01:04.695736+02:00
307258815,de:11000:900142001:1:50,-0.9,2026-10-02T01:01:04.695736+02:00
307258815,de:11000:900143001:1:51,-0.2,2026-10-02T01:01:04.695736+02:00
307430311,de:12061:900260009:2:54,0.0,2026-10-02T01:01:04.695736+02:00
307430311,de:11000:900058101:4:57,0.0,2026-10-02T01:01:04.695736+02:00
307430311,de:11000:900100020:2:53,0.0,2026-10-02T01:01:04.695736+02:00
307430311,de:11000:900003200:4:57,0.0,2026-10-02T01:01:04.695736+02:00
307430036,de:11000:900003200:1:50,0.0,2026-10-02T01:01:04.695736+02:00
307430036,de:11000:900100020:1:50,0.0,2026-10-02T01:01:04.695736+02:00
307430036,de:11000:900058101:2:52,0.0,2026-10-02T01:01:04.695736+02:00
307430036,de:12061:900260009:2:54,0.0,2026-10-02T01:01:04.695736+02:00
307430152,de:11000:900003200:1:50,0.0,2026-10-02T01:01:04.695736+02:00
307430152,de:11000:900100020:1:50,0.0,2026-10-02T01:01:04.695736+02:00
307430152,de:11000:900058101:2:52,0.0,2026-10-02T01:01:04.695736+02:00
307430152,de:12061:900260009:2:53,0.0,2026-10-02T01:01:04.695736+02:00
306896191,de:12067:900311039::1,0.0,2026-10-02T01:01:04.695736+02:00
306896191,de:12067:900311034::2,0.0,2026-10-02T01:01:04.695736+02:00
306896191,de:12067:900311052::2,0.0,2026-10-02T01:01:04.695736+02:00
306896191,de:12067:900311036::1,0.0,2026-10-02T01:01:04.695736+02:00
306896191,de:12067:900310867::1,0.0,2026-10-02T01:01:04.695736+02:00
306896191,de:12067:900310868::2,0.0,2026-10-02T01:01:04.695736+02:00
306896191,de:12067:900310964::2,0.0,2026-10-02T01:01:04.695736+02:00
306896191,de:12067:900311021::1,0.0,2026-10-02T01:01:04.695736+02:00
306896191,de:12067:900311022::2,0.0,2026-10-02T01:01:04.695736+02:00
306896191,de:12067:900310635::2,0.0,2026-10-02T01:01:04.695736+02:00
306896191,de:12067:900310636::2,0.0,2026-10-02T01:01:04.695736+02:00
306896191,de:12067:900311025::2,0.0,2026-10-02T01:01:04.695736+02:00
306896191,de:12067:900311024::2,0.0,2026-10-02T01:01:04.695736+02:00
306896191,de:12067:900310031::1,0.0,2026-10-02T01:01:04.695736+02:00
306896191,de:12067:900310555::2,0.0,2026-10-02T01:01:04.695736+02:00
306896191,de:12067:900310557::2,0.0,2026-10-02T01:01:04.695736+02:00
306896191,de:12067:900310563::3,0.0,2026-10-02T01:01:04.695736+02:00
306896191,de:12067:900310559::1,0.0,2026-10-02T01:01:04.695736+02:00
306896191,de:12067:900310558::2,0.0,2026-10-02T01:01:04.695736+02:00
306896191,de:12067:900310559::2,0.0,2026-10-02T01:01:04.695736+02:00
306896191,de:12067:900310563::4,0.0,2026-10-02T01:01:04.695736+02:00
306896191,de:12067:900310013::7,0.0,2026-10-02T01:01:04.695736+02:00
306895341,de:12067:900311065::1,0.0,2026-10-02T01:01:04.695736+02:00
306895341,de:12067:900311064::2,0.0,2026-10-02T01:01:04.695736+02:00
306895341,de:12067:900310760::1,0.0,2026-10-02T01:01:04.695736+02:00
306895341,de:12067:900310832::1,0.0,2026-10-02T01:01:04.695736+02:00
306895341,de:12067:900310981::1,0.0,2026-10-02T01:01:04.695736+02:00
306895341,de:12067:900310701::2,0.0,2026-10-02T01:01:04.695736+02:00
306895341,de:12067:900310700::1,0.0,2026-10-02T01:01:04.695736+02:00
306895341,de:12067:900310731::2,0.0,2026-10-02T01:01:04.695736+02:00
306895341,de:12067:900311079::2,0.0,2026-10-02T01:01:04.695736+02:00
306895341,de:12067:900311009::1,0.0,2026-10-02T01:01:04.695736+02:00
306895341,de:12067:900311076::1,0.0,2026-10-02T01:01:04.695736+02:00
306895341,de:12067:900310612::1,0.0,2026-10-02T01:01:04.695736+02:00
306895341,de:12067:900311050::2,0.0,2026-10-02T01:01:04.695736+02:00
306895341,de:12067:900310748::2,0.0,2026-10-02T01:01:04.695736+02:00
306895341,de:12067:900310749::1,0.0,2026-10-02T01:01:04.695736+02:00
306895341,de:12067:900310893::1,0.0,2026-10-02T01:01:04.695736+02:00
306895341,de:12067:900310893::1,-2.0,2026-10-02T01:01:04.695736+02:00
306895341,de:12067:900311418::1,0.0,2026-10-02T01:01:04.695736+02:00
306895341,de:12067:900310893::1,2.0,2026-10-02T01:01:04.695736+02:00
306895341,de:12067:900310893::1,0.0,2026-10-02T01:01:04.695736+02:00
306895341,de:12067:900310749::2,0.0,2026-10-02T01:01:04.695736+02:00
306895341,de:12067:900310748::1,0.0,2026-10-02T01:01:04.695736+02:00
306895341,de:12067:900311050::1,0.0,2026-10-02T01:01:04.695736+02:00
306895341,de:12067:900311056::1,0.0,2026-10-02T01:01:04.695736+02:00
306895341,de:12067:900311058::1,0.0,2026-10-02T01:01:04.695736+02:00
306895341,de:12067:900310611::2,0.0,2026-10-02T01:01:04.695736+02:00
295900263,de:12065:900200000:1:55,0.0,2026-10-02T01:01:04.695736+02:00
295900263,de:11000:900091203:1:50,0.0,2026-10-02T01:01:04.695736+02:00
295900263,de:11000:900091205:1:50,-0.2,2026-10-02T01:01:04.695736+02:00
295900263,de:11000:900089303:1:51,-0.5,2026-10-02T01:01:04.695736+02:00
295900263,de:11000:900096405:1:50,-0.8,2026-10-02T01:01:04.695736+02:00
295900263,de:11000:900096458:1:50,-0.5,2026-10-02T01:01:04.695736+02:00
295900263,de:11000:900085105:1:50,-0.8,2026-10-02T01:01:04.695736+02:00
295900263,de:11000:900085201:1:51,0.0,2026-10-02T01:01:04.695736+02:00
295900263,de:11000:900130003:1:51,-0.8,2026-10-02T01:01:04.695736+02:00
295900263,de:11000:900110011:1:50,-0.9,2026-10-02T01:01:04.695736+02:00
295900263,de:11000:900007102:1:50,-0.7,2026-10-02T01:01:04.695736+02:00
295900263,de:11000:900008101:1:50,-0.4,2026-10-02T01:01:04.695736+02:00
295900263,de:11000:900007104:1:51,-0.2,2026-10-02T01:01:04.695736+02:00
295900263,de:11000:900100007:1:50,-0.2,2026-10-02T01:01:04.695736+02:00
295900263,de:11000:900100001:4:56,0.0,2026-10-02T01:01:04.695736+02:00
295900263,de:11000:900100025:1:50,-0.9,2026-10-02T01:01:04.695736+02:00
295900263,de:11000:900100020:3:54,-0.9,2026-10-02T01:01:04.695736+02:00
295900263,de:11000:900012101:1:51,0.0,2026-10-02T01:01:04.695736+02:00
295900263,de:11000:900058103:1:50,-0.7,2026-10-02T01:01:04.695736+02:00
295900263,de:11000:900058101:1:50,-0.3,2026-10-02T01:01:04.695736+02:00
295900263,de:11000:900058102:1:52,0.0,2026-10-02T01:01:04.695736+02:00
295900263,de:11000:900063452:1:50,-0.1,2026-10-02T01:01:04.695736+02:00
295900263,de:11000:900067221:1:50,-0.2,2026-10-02T01:01:04.695736+02:00
295900263,de:11000:900064301:3:52,-0.2,2026-10-02T01:01:04.695736+02:00
295900263,de:11000:900064256:1:50,-0.7,2026-10-02T01:01:04.695736+02:00
295900263,de:11000:900064201:1:50,-0.6,2026-10-02T01:01:04.695736+02:00
295900263,de:12069:900220114:1:51,-0.9,2026-10-02T01:01:04.695736+02:00
295900382,de:12069:900220114:1:51,0.0,2026-10-02T01:01:04.695736+02:00
295900382,de:11000:900064201:1:51,-0.1,2026-10-02T01:01:04.695736+02:00
295900382,de:11000:900064256:1:51,0.0,2026-10-02T01:01:04.695736+02:00
295900382,de:11000:900064301:3:53,-0.3,2026-10-02T01:01:04.695736+02:00
295900382,de:11000:900067221:1:50,-0.3,2026-10-02T01:01:04.695736+02:00
295900382,de:11000:900063452:1:51,-0.4,2026-10-02T01:01:04.695736+02:00
295900382,de:11000:900058102:2:53,-0.5,2026-10-02T01:01:04.695736+02:00
295900382,de:11000:900058101:1:51,-0.3,2026-10-02T01:01:04.695736+02:00
295900382,de:11000:900058103:1:51,0.0,2026-10-02T01:01:04.695736+02:00
295900382,de:11000:900012101:2:53,-0.7,2026-10-02T01:01:04.695736+02:00
295900382,de:11000:900100020:4:57,-0.8,2026-10-02T01:01:04.695736+02:00
295900382,de:11000:900100025:1:51,-0.9,2026-10-02T01:01:04.695736+02:00
295900382,de:11000:900100001:4:57,-0.6,2026-10-02T01:01:04.695736+02:00
295900382,de:11000:900100007:1:51,-0.7,2026-10-02T01:01:04.695736+02:00
295900382,de:11000:900007104:2:52,-0.7,2026-10-02T01:01:04.695736+02:00
295900382,de:11000:900008101:1:51,-0.4,2026-10-02T01:01:04.695736+02:00
295900382,de:11000:900007102:2:53,-0.2,2026-10-02T01:01:04.695736+02:00
295900382,de:11000:900110011:2:53,-0.4,2026-10-02T01:01:04.695736+02:00
295900382,de:11000:900085201:1:50,-0.8,2026-10-02T01:01:04.695736+02:00
295900382,de:11000:900085105:1:50,-0.8,2026-10-02T01:01:04.695736+02:00
295900382,de:11000:900096458:1:50,-0.1,2026-10-02T01:01:04.695736+02:00
295900382,de:11000:900096405:1:50,-0.8,2026-10-02T01:01:04.695736+02:00
295900382,de:11000:900089303:1:50,-0.7,2026-10-02T01:01:04.695736+02:00
295900382,de:11000:900091205:1:50,-0.3,2026-10-02T01:01:04.695736+02:00
295900382,de:11000:900091203:1:50,-0.5,2026-10-02T01:01:04.695736+02:00
295900382,de:12065:900200000:4:54,-0.7,2026-10-02T01:01:04.695736+02:00
295896155,de:11000:900074201:1:50,0.0,2026-10-02T01:01:04.695736+02:00
295896155,de:11000:900074202:2:51,-0.1,2026-10-02T01:01:04.695736+02:00
295896155,de:11000:900072101:2:51,-0.1,2026-10-02T01:01:04.695736+02:00
295896155,de:11000:900073101:1:51,-0.4,2026-10-02T01:01:04.695736+02:00
295896155,de:11000:900068301:1:51,-0.7,2026-10-02T01:01:04.695736+02:00
295896155,de:11000:900058102:2:51,-0.7,2026-10-02T01:01:04.695736+02:00
295896155,de:11000:900058101:1:51,-0.3,2026-10-02T01:01:04.695736+02:00
295896155,de:11000:900058103:1:51,-0.1,2026-10-02T01:01:04.695736+02:00
295896155,de:11000:900012101:2:53,-0.7,2026-10-02T01:01:04.695736+02:00
295896155,de:11000:900100020:4:57,-0.8,2026-10-02T01:01:04.695736+02:00
295896155,de:11000:900100025:1:51,-0.9,2026-10-02T01:01:04.695736+02:00
295896155,de:11000:900100001:4:57,-0.6,2026-10-02T01:01:04.695736+02:00
295896155,de:11000:900100007:1:51,-0.7,2026-10-02T01:01:04.695736+02:00
295896155,de:11000:900007104:2:52,-0.7,2026-10-02T01:01:04.695736+02:00
295896155,de:11000:900008101:1:51,-0.4,2026-10-02T01:01:04.695736+02:00
295896155,de:11000:900007102:2:53,-0.1,2026-10-02T01:01:04.695736+02:00
295896155,de:11000:900110011:2:52,-0.4,2026-10-02T01:01:04.695736+02:00
295896155,de:11000:900130002:1:50,-0.7,2026-10-02T01:01:04.695736+02:00
295896155,de:11000:900130001:1:50,-0.4,2026-10-02T01:01:04.695736+02:00
295896155,de:11000:900142001:1:50,-0.9,2026-10-02T01:01:04.695736+02:00
295896155,de:11000:900143001:1:51,-0.7,2026-10-02T01:01:04.695736+02:00
295896155,de:11000:900135001:1:50,-0.4,2026-10-02T01:01:04.695736+02:00
295896053,de:11000:900135001:1:50,0.0,2026-10-02T01:01:04.695736+02:00
295896053,de:11000:900143001:1:51,-0.8,2026-10-02T01:01:04.695736+02:00
295896053,de:11000:900142001:1:51,-0.3,2026-10-02T01:01:04.695736+02:00
295896053,de:11000:900130001:1:51,-0.8,2026-10-02T01:01:04.695736+02:00
295896053,de:11000:900130002:1:51,-0.3,2026-10-02T01:01:04.695736+02:00
295896053,de:11000:900110011:1:51,-0.7,2026-10-02T01:01:04.695736+02:00
295896053,de:11000:900007102:1:50,-0.7,2026-10-02T01:01:04.695736+02:00
295896053,de:11000:900008101:1:50,-0.5,2026-10-02T01:01:04.695736+02:00
295896053,de:11000:900007104:1:51,-0.2,2026-10-02T01:01:04.695736+02:00
295896053,de:11000:900100007:1:50,-0.2,2026-10-02T01:01:04.695736+02:00
295896053,de:11000:900100001:4:56,0.0,2026-10-02T01:01:04.695736+02:00
295896053,de:11000:900100025:1:50,-0.9,2026-10-02T01:01:04.695736+02:00
295896053,de:11000:900100020:3:54,-0.9,2026-10-02T01:01:04.695736+02:00
295896053,de:11000:900012101:1:51,0.0,2026-10-02T01:01:04.695736+02:00
295896053,de:11000:900058103:1:50,-0.8,2026-10-02T01:01:04.695736+02:00
295896053,de:11000:900058101:1:50,-0.4,2026-10-02T01:01:04.695736+02:00
295896053,de:11000:900058102:1:50,-0.4,2026-10-02T01:01:04.695736+02:00
295896053,de:11000:900068301:1:50,-0.7,2026-10-02T01:01:04.695736+02:00
295896053,de:11000:900073101:1:50,-0.9,2026-10-02T01:01:04.695736+02:00
295896053,de:11000:900072101:1:50,-0.2,2026-10-02T01:01:04.695736+02:00
295896053,de:11000:900074202:1:50,-0.2,2026-10-02T01:01:04.695736+02:00
295896053,de:11000:900074201:1:50,-0.4,2026-10-02T01:01:04.695736+02:00
295903038,de:11000:900064201:1:50,0.0,2026-10-02T01:01:04.695736+02:00
295903038,de:12069:900220114:1:50,-0.9,2026-10-02T01:01:04.695736+02:00
295903013,de:11000:900142001:1:51,0.0,2026-10-02T01:01:04.695736+02:00
295903013,de:11000:900130001:1:51,-0.2,2026-10-02T01:01:04.695736+02:00
295903013,de:11000:900130002:1:51,-0.7,2026-10-02T01:01:04.695736+02:00
295903013,de:11000:900110011:1:51,-0.2,2026-10-02T01:01:04.695736+02:00
295903013,de:11000:900007102:1:50,-0.7,2026-10-02T01:01:04.695736+02:00
295903013,de:11000:900008101:1:50,-0.4,2026-10-02T01:01:04.695736+02:00
295903013,de:11000:900007104:1:51,-0.2,2026-10-02T01:01:04.695736+02:00
295903013,de:11000:900100007:1:50,-0.2,2026-10-02T01:01:04.695736+02:00
295903013,de:11000:900100001:4:56,0.0,2026-10-02T01:01:04.695736+02:00
295903013,de:11000:900100025:1:50,-0.9,2026-10-02T01:01:04.695736+02:00
295903013,de:11000:900100020:3:54,-0.9,2026-10-02T01:01:04.695736+02:00
295903013,de:11000:900012101:1:51,0.0,2026-10-02T01:01:04.695736+02:00
295903013,de:11000:900058103:1:50,-0.7,2026-10-02T01:01:04.695736+02:00
295903013,de:11000:900058101:1:50,-0.3,2026-10-02T01:01:04.695736+02:00
295903013,de:11000:900058102:1:52,0.0,2026-10-02T01:01:04.695736+02:00
295903013,de:11000:900063452:1:50,-0.1,2026-10-02T01:01:04.695736+02:00
295903013,de:11000:900067221:1:50,-0.2,2026-10-02T01:01:04.695736+02:00
295903013,de:11000:900064301:3:52,-0.2,2026-10-02T01:01:04.695736+02:00
295903013,de:11000:900064256:1:50,-0.7,2026-10-02T01:01:04.695736+02:00
295903013,de:11000:900064201:1:50,-0.6,2026-10-02T01:01:04.695736+02:00
295903013,de:12069:900220114:1:50,-0.9,2026-10-02T01:01:04.695736+02:00
295903139,de:12069:900220114:1:50,0.0,2026-10-02T01:01:04.695736+02:00
295903139,de:11000:900064201:1:51,-0.1,2026-10-02T01:01:04.695736+02:00
295903139,de:11000:900064256:1:51,0.0,2026-10-02T01:01:04.695736+02:00
295903139,de:11000:900064301:3:53,-0.3,2026-10-02T01:01:04.695736+02:00
295903139,de:11000:900067221:1:50,-0.3,2026-10-02T01:01:04.695736+02:00
295903139,de:11000:900063452:1:51,-0.4,2026-10-02T01:01:04.695736+02:00
295903139,de:11000:900058102:2:53,-0.5,2026-10-02T01:01:04.695736+02:00
295903139,de:11000:900058101:1:51,-0.3,2026-10-02T01:01:04.695736+02:00
295903139,de:11000:900058103:1:51,0.0,2026-10-02T01:01:04.695736+02:00
295903139,de:11000:900012101:2:53,-0.7,2026-10-02T01:01:04.695736+02:00
295903139,de:11000:900100020:4:57,-0.8,2026-10-02T01:01:04.695736+02:00
295903139,de:11000:900100025:1:51,-0.9,2026-10-02T01:01:04.695736+02:00
295903139,de:11000:900100001:4:57,-0.6,2026-10-02T01:01:04.695736+02:00
295903139,de:11000:900100007:1:51,-0.7,2026-10-02T01:01:04.695736+02:00
295903139,de:11000:900007104:2:52,-0.7,2026-10-02T01:01:04.695736+02:00
295903139,de:11000:900008101:1:51,-0.4,2026-10-02T01:01:04.695736+02:00
295903139,de:11000:900007102:2:53,-0.2,2026-10-02T01:01:04.695736+02:00
295903139,de:11000:900110011:2:52,-0.4,2026-10-02T01:01:04.695736+02:00
295903139,de:11000:900130002:1:50,0.0,2026-10-02T01:01:04.695736+02:00
295903139,de:11000:900130001:1:50,-0.7,2026-10-02T01:01:04.695736+02:00
295903139,de:11000:900142001:1:50,-0.2,2026-10-02T01:01:04.695736+02:00
295902999,de:11000:900142001:1:51,0.0,2026-10-02T01:01:04.695736+02:00
295902999,de:11000:900130001:1:51,-0.2,2026-10-02T01:01:04.695736+02:00
295902999,de:11000:900130002:1:51,-0.7,2026-10-02T01:01:04.695736+02:00
295902999,de:11000:900110011:1:51,-0.2,2026-10-02T01:01:04.695736+02:00
295902999,de:11000:900007102:1:50,-0.7,2026-10-02T01:01:04.695736+02:00
295902999,de:11000:900008101:1:50,-0.4,2026-10-02T01:01:04.695736+02:00
295902999,de:11000:900007104:1:51,-0.2,2026-10-02T01:01:04.695736+02:00
295902999,de:11000:900100007:1:50,-0.2,2026-10-02T01:01:04.695736+02:00
295902999,de:11000:900100001:4:56,0.0,2026-10-02T01:01:04.695736+02:00
295902999,de:11000:900100025:1:50,-0.9,2026-10-02T01:01:04.695736+02:00
295902999,de:11000:900100020:3:54,-0.9,2026-10-02T01:01:04.695736+02:00
295902999,de:11000:900012101:1:51,0.0,2026-10-02T01:01:04.695736+02:00
295902999,de:11000:900058103:1:50,-0.7,2026-10-02T01:01:04.695736+02:00
295902999,de:11000:900058101:1:50,-0.3,2026-10-02T01:01:04.695736+02:00
295902999,de:11000:900058102:1:52,0.0,2026-10-02T01:01:04.695736+02:00
295902999,de:11000:900063452:1:50,-0.1,2026-10-02T01:01:04.695736+02:00
295902999,de:11000:900067221:1:50,-0.2,2026-10-02T01:01:04.695736+02:00
295902999,de:11000:900064301:3:52,-0.2,2026-10-02T01:01:04.695736+02:00
295902999,de:11000:900064256:1:50,-0.7,2026-10-02T01:01:04.695736+02:00
295902999,de:11000:900064201:1:50,-0.6,2026-10-02T01:01:04.695736+02:00
295902999,de:12069:900220114:1:50,-0.9,2026-10-02T01:01:04.695736+02:00
295903125,de:12069:900220114:1:50,0.0,2026-10-02T01:01:04.695736+02:00
295903125,de:11000:900064201:1:51,-0.1,2026-10-02T01:01:04.695736+02:00
295903125,de:11000:900064256:1:51,0.0,2026-10-02T01:01:04.695736+02:00
295903125,de:11000:900064301:3:53,-0.3,2026-10-02T01:01:04.695736+02:00
295903125,de:11000:900067221:1:50,-0.3,2026-10-02T01:01:04.695736+02:00
295903125,de:11000:900063452:1:51,-0.4,2026-10-02T01:01:04.695736+02:00
295903125,de:11000:900058102:2:53,-0.5,2026-10-02T01:01:04.695736+02:00
295903125,de:11000:900058101:1:51,-0.3,2026-10-02T01:01:04.695736+02:00
295903125,de:11000:900058103:1:51,0.0,2026-10-02T01:01:04.695736+02:00
295903125,de:11000:900012101:2:53,-0.7,2026-10-02T01:01:04.695736+02:00
295903125,de:11000:900100020:4:57,-0.8,2026-10-02T01:01:04.695736+02:00
295903125,de:11000:900100025:1:51,-0.9,2026-10-02T01:01:04.695736+02:00
295903125,de:11000:900100001:4:57,-0.6,2026-10-02T01:01:04.695736+02:00
295903125,de:11000:900100007:1:51,-0.7,2026-10-02T01:01:04.695736+02:00
295903125,de:11000:900007104:2:52,-0.7,2026-10-02T01:01:04.695736+02:00
295903125,de:11000:900008101:1:51,-0.4,2026-10-02T01:01:04.695736+02:00
295903125,de:11000:900007102:2:53,-0.2,2026-10-02T01:01:04.695736+02:00
295903125,de:11000:900110011:2:52,-0.4,2026-10-02T01:01:04.695736+02:00
295903125,de:11000:900130002:1:50,0.0,2026-10-02T01:01:04.695736+02:00
295903125,de:11000:900130001:1:50,-0.7,2026-10-02T01:01:04.695736+02:00
295903125,de:11000:900142001:1:50,-0.2,2026-10-02T01:01:04.695736+02:00
306896237,de:12067:900310013::5,0.0,2026-10-02T01:01:04.695736+02:00
306896237,de:12067:900310563::3,0.0,2026-10-02T01:01:04.695736+02:00
306896237,de:12067:900310563::4,0.0,2026-10-02T01:01:04.695736+02:00
306896237,de:12067:900310557::3,0.0,2026-10-02T01:01:04.695736+02:00
306896237,de:12067:900310555::1,0.0,2026-10-02T01:01:04.695736+02:00
306896237,de:12067:900310852::1,0.0,2026-10-02T01:01:04.695736+02:00
306896237,de:12067:900310850::1,0.0,2026-10-02T01:01:04.695736+02:00
306896237,de:12067:900310851::1,0.0,2026-10-02T01:01:04.695736+02:00
306896237,de:12067:900310849::1,0.0,2026-10-02T01:01:04.695736+02:00
306896237,de:12067:900310856::1,0.0,2026-10-02T01:01:04.695736+02:00
306896237,de:12067:900310849::2,0.0,2026-10-02T01:01:04.695736+02:00
306896237,de:12067:900310851::2,0.0,2026-10-02T01:01:04.695736+02:00
306896237,de:12067:900310850::2,0.0,2026-10-02T01:01:04.695736+02:00
306896237,de:12067:900310852::2,0.0,2026-10-02T01:01:04.695736+02:00
306896237,de:12067:900311114::1,0.0,2026-10-02T01:01:04.695736+02:00
306896237,de:12067:900310002::7,0.0,2026-10-02T01:01:04.695736+02:00
306896237,de:12067:900310864::1,0.0,2026-10-02T01:01:04.695736+02:00
306896237,de:12067:900310861::1,0.0,2026-10-02T01:01:04.695736+02:00
306896237,de:12067:900310002::1,0.0,2026-10-02T01:01:04.695736+02:00
306896237,de:12067:900310865::1,0.0,2026-10-02T01:01:04.695736+02:00
306896237,de:12067:900310862::1,0.0,2026-10-02T01:01:04.695736+02:00
306896237,de:12067:900310863::1,0.0,2026-10-02T01:01:04.695736+02:00
306896237,de:12067:900311027::1,0.0,2026-10-02T01:01:04.695736+02:00
306896237,de:12067:900311026::1,0.0,2026-10-02T01:01:04.695736+02:00
306896237,de:12067:900310965::1,0.0,2026-10-02T01:01:04.695736+02:00
306896237,de:12067:900311029::2,0.0,2026-10-02T01:01:04.695736+02:00
306896237,de:12067:900311028::1,0.0,2026-10-02T01:01:04.695736+02:00
306896237,de:12067:900311021::1,0.0,2026-10-02T01:01:04.695736+02:00
306896237,de:12067:900310964::1,0.0,2026-10-02T01:01:04.695736+02:00
306896237,de:12067:900311035::1,0.0,2026-10-02T01:01:04.695736+02:00
306896237,de:12067:900311034::1,0.0,2026-10-02T01:01:04.695736+02:00
306896237,de:12067:900311039::1,0.0,2026-10-02T01:01:04.695736+02:00
295907160,de:12067:900310004:3:53,0.0,2026-10-02T01:01:04.695736+02:00
295907160,de:11000:900183002:1:50,-0.1,2026-10-02T01:01:04.695736+02:00
295907160,de:11000:900183001:1:50,-0.4,2026-10-02T01:01:04.695736+02:00
295907160,de:11000:900182002:1:50,0.0,2026-10-02T01:01:04.695736+02:00
295907160,de:11000:900182001:1:50,-0.2,2026-10-02T01:01:04.695736+02:00
295907160,de:11000:900180001:1:50,-0.7,2026-10-02T01:01:04.695736+02:00
295907160,de:11000:900180002:1:50,-0.7,2026-10-02T01:01:04.695736+02:00
295907160,de:11000:900162001:1:50,-0.9,2026-10-02T01:01:04.695736+02:00
295907160,de:11000:900160002:1:50,0.0,2026-10-02T01:01:04.695736+02:00
295907160,de:11000:900160001:1:50,-0.3,2026-10-02T01:01:04.695736+02:00
295907160,de:11000:900120003:3:55,-0.1,2026-10-02T01:01:04.695736+02:00
295907160,de:11000:900120004:2:53,-0.6,2026-10-02T01:01:04.695736+02:00
295907160,de:11000:900120005:5:58,-0.9,2026-10-02T01:01:04.695736+02:00
295907160,de:11000:900100004:1:51,-0.4,2026-10-02T01:01:04.695736+02:00
295907160,de:11000:900100003:2:53,-0.4,2026-10-02T01:01:04.695736+02:00
295907160,de:11000:900100002:1:51,-0.4,2026-10-02T01:01:04.695736+02:00
295907160,de:11000:900100001:3:55,-0.4,2026-10-02T01:01:04.695736+02:00
295907160,de:11000:900003201:3:55,-0.1,2026-10-02T01:01:04.695736+02:00
295907160,de:11000:900003102:1:51,-0.8,2026-10-02T01:01:04.695736+02:00
295907160,de:11000:900003103:1:51,-0.9,2026-10-02T01:01:04.695736+02:00
295907160,de:11000:900023201:3:55,-0.8,2026-10-02T01:01:04.695736+02:00
295907160,de:11000:900024203:1:51,-0.8,2026-10-02T01:01:04.695736+02:00
295907160,de:11000:900024101:4:57,-0.8,2026-10-02T01:01:04.695736+02:00
295907160,de:11000:900024102:1:50,-0.1,2026-10-02T01:01:04.695736+02:00
295907160,de:11000:900025423:1:50,-0.4,2026-10-02T01:01:04.695736+02:00
295907160,de:11000:900026105:1:50,-0.7,2026-10-02T01:01:04.695736+02:00
295907160,de:11000:900025321:1:50,-0.3,2026-10-02T01:01:04.695736+02:00
295907160,de:11000:900025424:1:50,-0.3,2026-10-02T01:01:04.695736+02:00
295907160,de:11000:900030202:1:50,-0.9,2026-10-02T01:01:04.695736+02:00
295907160,de:11000:900029101:1:50,-0.9,2026-10-02T01:01:04.695736+02:00
295906938,de:11000:900029101:1:50,0.0,2026-10-02T01:01:04.695736+02:00
295906938,de:11000:900030202:1:50,-0.3,2026-10-02T01:01:04.695736+02:00
295906938,de:11000:900025424:1:51,-0.2,2026-10-02T01:01:04.695736+02:00
295906938,de:11000:900025321:1:51,-0.2,2026-10-02T01:01:04.695736+02:00
295906938,de:11000:900026105:1:50,-0.4,2026-10-02T01:01:04.695736+02:00
295906938,de:11000:900025423:1:50,-0.7,2026-10-02T01:01:04.695736+02:00
295906938,de:11000:900024102:2:53,-0.7,2026-10-02T01:01:04.695736+02:00
295906938,de:11000:900024101:3:55,-0.3,2026-10-02T01:01:04.695736+02:00
295906938,de:11000:900024203:1:51,-0.8,2026-10-02T01:01:04.695736+02:00
295906938,de:11000:900023201:3:54,-0.7,2026-10-02T01:01:04.695736+02:00
295906938,de:11000:900003103:1:50,-0.8,2026-10-02T01:01:04.695736+02:00
295906938,de:11000:900003102:1:50,-0.9,2026-10-02T01:01:04.695736+02:00
295906938,de:11000:900003201:3:54,-0.5,2026-10-02T01:01:04.695736+02:00
295906938,de:11000:900100001:3:54,-0.1,2026-10-02T01:01:04.695736+02:00
295906938,de:11000:900100002:1:50,-0.4,2026-10-02T01:01:04.695736+02:00
295906938,de:11000:900100003:2:52,-0.1,2026-10-02T01:01:04.695736+02:00
295906938,de:11000:900100004:1:50,-0.4,2026-10-02T01:01:04.695736+02:00
295906938,de:11000:900120005:4:55,-0.6,2026-10-02T01:01:04.695736+02:00
295906938,de:11000:900120004:1:50,-0.1,2026-10-02T01:01:04.695736+02:00
295906938,de:11000:900120003:2:53,-0.4,2026-10-02T01:01:04.695736+02:00
295906938,de:11000:900160001:1:51,-0.4,2026-10-02T01:01:04.695736+02:00
295906938,de:11000:900160002:1:50,-0.7,2026-10-02T01:01:04.695736+02:00
295906938,de:11000:900162001:1:51,-0.3,2026-10-02T01:01:04.695736+02:00
295906938,de:11000:900180002:1:51,-0.3,2026-10-02T01:01:04.695736+02:00
295906938,de:11000:900180001:1:50,-0.7,2026-10-02T01:01:04.695736+02:00
295906938,de:11000:900182001:1:51,-0.2,2026-10-02T01:01:04.695736+02:00
295906938,de:11000:900182002:1:51,-0.4,2026-10-02T01:01:04.695736+02:00
295906938,de:11000:900183001:1:51,0.0,2026-10-02T01:01:04.695736+02:00
295906938,de:11000:900183002:1:51,-0.3,2026-10-02T01:01:04.695736+02:00
295906938,de:12067:900310004:3:53,-0.5,2026-10-02T01:01:04.695736+02:00
307275171,de:11000:900024101:3:55,0.0,2026-10-02T01:01:04.695736+02:00
307275171,de:11000:900024203:1:51,-0.3,2026-10-02T01:01:04.695736+02:00
307275171,de:11000:900023201:3:54,-0.2,2026-10-02T01:01:04.695736+02:00
307275171,de:11000:900003103:1:50,-0.3,2026-10-02T01:01:04.695736+02:00
307275171,de:11000:900003102:1:50,-0.4,2026-10-02T01:01:04.695736+02:00
307275171,de:11000:900003201:3:54,0.0,2026-10-02T01:01:04.695736+02:00
307275171,de:11000:900100001:3:54,-0.6,2026-10-02T01:01:04.695736+02:00
307275171,de:11000:900100002:1:50,-0.9,2026-10-02T01:01:04.695736+02:00
307275171,de:11000:900100003:2:52,-0.6,2026-10-02T01:01:04.695736+02:00
307275171,de:11000:900100004:1:50,-0.9,2026-10-02T01:01:04.695736+02:00
307275171,de:11000:900120005:4:56,-0.1,2026-10-02T01:01:04.695736+02:00
307275171,de:11000:900120004:1:51,-0.1,2026-10-02T01:01:04.695736+02:00
307275171,de:11000:900120003:2:53,-0.4,2026-10-02T01:01:04.695736+02:00
307275171,de:11000:900160001:1:51,-0.4,2026-10-02T01:01:04.695736+02:00
307275171,de:11000:900160002:1:50,-0.7,2026-10-02T01:01:04.695736+02:00
307275171,de:11000:900162001:1:51,-0.3,2026-10-02T01:01:04.695736+02:00
307275171,de:11000:900180002:1:51,-0.3,2026-10-02T01:01:04.695736+02:00
307275171,de:11000:900180001:1:50,-0.7,2026-10-02T01:01:04.695736+02:00
307275171,de:11000:900182001:1:51,-0.2,2026-10-02T01:01:04.695736+02:00
307275171,de:11000:900182002:1:51,-0.4,2026-10-02T01:01:04.695736+02:00
307440549,de:12065:900200000:1:50,0.0,2026-10-02T01:01:04.695736+02:00
307440549,de:12065:900200004:1:50,0.0,2026-10-02T01:01:04.695736+02:00
307440549,de:12065:900203452:1:50,0.0,2026-10-02T01:01:04.695736+02:00
307440549,de:12065:900203491:1:50,0.0,2026-10-02T01:01:04.695736+02:00
307440549,de:12068:900205005:2:51,0.0,2026-10-02T01:01:04.695736+02:00
307440549,de:12068:900205006:2:51,0.0,2026-10-02T01:01:04.695736+02:00
307440549,de:12068:900205023:1:50,0.0,2026-10-02T01:01:04.695736+02:00
307440549,de:12068:900205022:1:50,0.0,2026-10-02T01:01:04.695736+02:00
307440549,de:12068:900205092:1:50,0.0,2026-10-02T01:01:04.695736+02:00
307440549,de:12068:900205090:1:50,0.0,2026-10-02T01:01:04.695736+02:00
307440549,de:12068:900205617:1:50,0.0,2026-10-02T01:01:04.695736+02:00
307440549,de:12068:900205130:1:50,0.0,2026-10-02T01:01:04.695736+02:00
307440549,de:12068:900205322:1:50,0.0,2026-10-02T01:01:04.695736+02:00
307440549,de:12070:900215723:1:50,0.0,2026-10-02T01:01:04.695736+02:00
307440549,de:12070:900215350:2:51,0.0,2026-10-02T01:01:04.695736+02:00
307440549,de:12070:900215696:1:50,0.0,2026-10-02T01:01:04.695736+02:00
307440549,de:12070:900216013:1:50,0.0,2026-10-02T01:01:04.695736+02:00
307440549,de:12070:900216026:3:53,0.0,2026-10-02T01:01:04.695736+02:00
307437011,de:12069:900220143:1:50,0.0,2026-10-02T01:01:04.695736+02:00
307437011,de:12069:900220142:1:50,0.0,2026-10-02T01:01:04.695736+02:00
307437011,de:12069:900220141:1:50,0.0,2026-10-02T01:01:04.695736+02:00
307437011,de:12069:900222030:2:51,0.0,2026-10-02T01:01:04.695736+02:00
307437011,de:12069:900220005:2:51,0.0,2026-10-02T01:01:04.695736+02:00
307437011,de:12069:900220004:2:51,0.0,2026-10-02T01:01:04.695736+02:00
307437011,de:12069:900220003:1:51,0.0,2026-10-02T01:01:04.695736+02:00
307437011,de:12069:900220006:2:51,0.0,2026-10-02T01:01:04.695736+02:00
307437011,de:12069:900220008:2:51,0.0,2026-10-02T01:01:04.695736+02:00
307437011,de:12054:900230001:2:51,0.0,2026-10-02T01:01:04.695736+02:00
307437011,de:11000:900053301:3:55,0.0,2026-10-02T01:01:04.695736+02:00
307437011,de:11000:900024101:1:50,0.0,2026-10-02T01:01:04.695736+02:00
295910338,de:12067:900310004:3:52,0.0,2026-10-02T01:01:04.695736+02:00
295910338,de:11000:900183002:1:50,-0.1,2026-10-02T01:01:04.695736+02:00
295910338,de:11000:900183001:1:50,-0.4,2026-10-02T01:01:04.695736+02:00
295910338,de:11000:900182002:1:50,0.0,2026-10-02T01:01:04.695736+02:00
295910338,de:11000:900182001:1:50,-0.2,2026-10-02T01:01:04.695736+02:00
295910338,de:11000:900180001:1:50,-0.7,2026-10-02T01:01:04.695736+02:00
295910338,de:11000:900180002:1:50,-0.7,2026-10-02T01:01:04.695736+02:00
295910338,de:11000:900162001:1:50,-0.9,2026-10-02T01:01:04.695736+02:00
295910338,de:11000:900160002:1:50,0.0,2026-10-02T01:01:04.695736+02:00
295910338,de:11000:900160001:1:50,-0.3,2026-10-02T01:01:04.695736+02:00
295910338,de:11000:900120003:3:55,-0.1,2026-10-02T01:01:04.695736+02:00
295910338,de:11000:900120004:2:53,-0.6,2026-10-02T01:01:04.695736+02:00
295910338,de:11000:900120005:5:58,-0.9,2026-10-02T01:01:04.695736+02:00
295910338,de:11000:900100004:1:51,-0.9,2026-10-02T01:01:04.695736+02:00
295910338,de:11000:900100003:2:53,-0.9,2026-10-02T01:01:04.695736+02:00
295910338,de:11000:900100002:1:51,-0.9,2026-10-02T01:01:04.695736+02:00
295910338,de:11000:900100001:3:55,-0.9,2026-10-02T01:01:04.695736+02:00
295910338,de:11000:900003201:3:55,-0.6,2026-10-02T01:01:04.695736+02:00
295910338,de:11000:900003102:1:51,-0.3,2026-10-02T01:01:04.695736+02:00
295910338,de:11000:900003103:1:51,-0.4,2026-10-02T01:01:04.695736+02:00
295910338,de:11000:900023201:3:55,-0.3,2026-10-02T01:01:04.695736+02:00
295910338,de:11000:900024203:1:51,-0.3,2026-10-02T01:01:04.695736+02:00
295910338,de:11000:900024101:4:56,-0.3,2026-10-02T01:01:04.695736+02:00
307436287,de:11000:900024101:1:51,0.0,2026-10-02T01:01:04.695736+02:00
307436287,de:11000:900053301:3:54,0.0,2026-10-02T01:01:04.695736+02:00
307436287,de:12054:900230001:1:50,0.0,2026-10-02T01:01:04.695736+02:00
307436287,de:12069:900220008:1:50,0.0,2026-10-02T01:01:04.695736+02:00
307436287,de:12069:900220006:1:50,0.0,2026-10-02T01:01:04.695736+02:00
307436287,de:12069:900220003:1:50,0.0,2026-10-02T01:01:04.695736+02:00
307436287,de:12069:900220004:1:50,0.0,2026-10-02T01:01:04.695736+02:00
307436287,de:12069:900220005:1:50,0.0,2026-10-02T01:01:04.695736+02:00
307436287,de:12069:900222030:1:50,0.0,2026-10-02T01:01:04.695736+02:00
307436287,de:12069:900220141:1:50,0.0,2026-10-02T01:01:04.695736+02:00
307436287,de:12069:900220142:1:50,0.0,2026-10-02T01:01:04.695736+02:00
307436287,de:12069:900220143:1:50,0.0,2026-10-02T01:01:04.695736+02:00
306896569,de:12067:900310001::3,0.0,2026-10-02T01:01:04.695736+02:00
306896569,de:12067:900311149::1,0.0,2026-10-02T01:01:04.695736+02:00
306896569,de:12067:900311135::1,0.0,2026-10-02T01:01:04.695736+02:00
306896569,de:12067:900311150::1,0.0,2026-10-02T01:01:04.695736+02:00
306896569,de:12067:900310804::1,0.0,2026-10-02T01:01:04.695736+02:00
306896569,de:12067:900310628::2,0.0,2026-10-02T01:01:04.695736+02:00
306896569,de:12067:900310793::2,0.0,2026-10-02T01:01:04.695736+02:00
306896569,de:12067:900310774::1,0.0,2026-10-02T01:01:04.695736+02:00
306896569,de:12067:900310792::1,0.0,2026-10-02T01:01:04.695736+02:00
306896569,de:12067:900310825::1,0.0,2026-10-02T01:01:04.695736+02:00
306896569,de:12067:900310818::1,0.0,2026-10-02T01:01:04.695736+02:00
306896569,de:12067:900310961::1,0.0,2026-10-02T01:01:04.695736+02:00
306896569,de:12067:900310960::1,0.0,2026-10-02T01:01:04.695736+02:00
306896569,de:12067:900310746::1,0.0,2026-10-02T01:01:04.695736+02:00
306896569,de:12067:900311108::1,0.0,2026-10-02T01:01:04.695736+02:00
306896569,de:12067:900311044::1,0.0,2026-10-02T01:01:04.695736+02:00
306896569,de:12067:900311047::1,0.0,2026-10-02T01:01:04.695736+02:00
306896569,de:12067:900310633::1,0.0,2026-10-02T01:01:04.695736+02:00
306896569,de:12067:900311046::2,0.0,2026-10-02T01:01:04.695736+02:00
306896569,de:12067:900310632::1,0.0,2026-10-02T01:01:04.695736+02:00
306896569,de:12067:900310753::1,0.0,2026-10-02T01:01:04.695736+02:00
306896569,de:12067:900310752::1,0.0,2026-10-02T01:01:04.695736+02:00
306896569,de:12067:900310752::2,0.0,2026-10-02T01:01:04.695736+02:00
306896569,de:12067:900310753::2,0.0,2026-10-02T01:01:04.695736+02:00
306896569,de:12067:900310632::2,0.0,2026-10-02T01:01:04.695736+02:00
306896569,de:12067:900311046::1,0.0,2026-10-02T01:01:04.695736+02:00
306896569,de:12067:900310871::1,0.0,2026-10-02T01:01:04.695736+02:00
306896569,de:12067:900310080::1,0.0,2026-10-02T01:01:04.695736+02:00
306896569,de:12067:900310081::1,0.0,2026-10-02T01:01:04.695736+02:00
307436285,de:11000:900024101:1:51,0.0,2026-10-02T01:01:04.695736+02:00
307436285,de:11000:900053301:3:54,0.0,2026-10-02T01:01:04.695736+02:00
307436285,de:12054:900230001:1:50,0.0,2026-10-02T01:01:04.695736+02:00
307436285,de:12069:900220008:1:50,0.0,2026-10-02T01:01:04.695736+02:00
307436285,de:12069:900220006:1:50,0.0,2026-10-02T01:01:04.695736+02:00
307436285,de:12069:900220003:1:50,0.0,2026-10-02T01:01:04.695736+02:00
307436285,de:12069:900220004:1:50,0.0,2026-10-02T01:01:04.695736+02:00
307436285,de:12069:900220005:1:50,0.0,2026-10-02T01:01:04.695736+02:00
307436285,de:12069:900222030:1:50,0.0,2026-10-02T01:01:04.695736+02:00
307436285,de:12069:900220141:1:50,0.0,2026-10-02T01:01:04.695736+02:00
307436285,de:12069:900220142:1:50,0.0,2026-10-02T01:01:04.695736+02:00
307436285,de:12069:900220143:1:50,0.0,2026-10-02T01:01:04.695736+02:00
307446730,de:12062:900415345:5:56,0.0,2026-10-02T01:01:04.695736+02:00
307446730,de:12062:900416072:1:50,0.0,2026-10-02T01:01:04.695736+02:00
307446730,de:14730:8011131,0.0,2026-10-02T01:01:04.695736+02:00
307446730,de:14730:8010351,0.0,2026-10-02T01:01:04.695736+02:00
307446730,de:14730:8012371,0.0,2026-10-02T01:01:04.695736+02:00
307446730,de:14730:8011387,0.0,2026-10-02T01:01:04.695736+02:00
307446730,de:14730:8010161,0.0,2026-10-02T01:01:04.695736+02:00
307446730,de:14730:8010095,0.0,2026-10-02T01:01:04.695736+02:00
307446730,de:14730:8011959,0.0,2026-10-02T01:01:04.695736+02:00
307446730,de:14730:8012656,0.0,2026-10-02T01:01:04.695736+02:00
307446730,de:14730:8013093,0.0,2026-10-02T01:01:04.695736+02:00
307446730,de:14713:8012190,0.0,2026-10-02T01:01:04.695736+02:00
307446730,de:14713:8012195,0.0,2026-10-02T01:01:04.695736+02:00
307446730,000008012273,0.0,2026-10-02T01:01:04.695736+02:00
307446730,de:14713:8012196,0.0,2026-10-02T01:01:04.695736+02:00
307446730,de:14713:8098205,0.0,2026-10-02T01:01:04.695736+02:00
307446730,de:14713:8012186,0.0,2026-10-02T01:01:04.695736+02:00
307446730,de:14713:8012202,0.0,2026-10-02T01:01:04.695736+02:00
307446730,de:14713:8012184,0.0,2026-10-02T01:01:04.695736+02:00
307446730,de:14713:8012187,0.0,2026-10-02T01:01:04.695736+02:00
307446730,de:14713:8012343,0.0,2026-10-02T01:01:04.695736+02:00
307446730,de:14713:8012194,0.0,2026-10-02T01:01:04.695736+02:00
307446730,de:14713:8010008,0.0,2026-10-02T01:01:04.695736+02:00
307446730,de:14713:8011491,0.0,2026-10-02T01:01:04.695736+02:00
307446730,de:14729:8010059,0.0,2026-10-02T01:01:04.695736+02:00
307446730,de:14729:8011626,0.0,2026-10-02T01:01:04.695736+02:00
307446730,de:14729:8012284,0.0,2026-10-02T01:01:04.695736+02:00
307446730,de:14729:8011018,0.0,2026-10-02T01:01:04.695736+02:00
307446730,de:14729:8013362,0.0,2026-10-02T01:01:04.695736+02:00
307446730,de:14729:8013361,0.0,2026-10-02T01:01:04.695736+02:00
295910341,de:12067:900310004:3:53,0.0,2026-10-02T01:01:04.695736+02:00
295910341,de:11000:900183002:1:50,-0.1,2026-10-02T01:01:04.695736+02:00
295910341,de:11000:900183001:1:50,-0.4,2026-10-02T01:01:04.695736+02:00
295910341,de:11000:900182002:1:50,0.0,2026-10-02T01:01:04.695736+02:00
295910341,de:11000:900182001:1:50,-0.2,2026-10-02T01:01:04.695736+02:00
295910341,de:11000:900180001:1:50,-0.7,2026-10-02T01:01:04.695736+02:00
295910341,de:11000:900180002:1:50,-0.7,2026-10-02T01:01:04.695736+02:00
295910341,de:11000:900162001:1:50,-0.9,2026-10-02T01:01:04.695736+02:00
295910341,de:11000:900160002:1:50,0.0,2026-10-02T01:01:04.695736+02:00
295910341,de:11000:900160001:1:50,-0.3,2026-10-02T01:01:04.695736+02:00
295910341,de:11000:900120003:3:55,-0.1,2026-10-02T01:01:04.695736+02:00
295910341,de:11000:900120004:2:53,-0.6,2026-10-02T01:01:04.695736+02:00
295910341,de:11000:900120005:5:58,-0.9,2026-10-02T01:01:04.695736+02:00
295910341,de:11000:900100004:1:51,-0.9,2026-10-02T01:01:04.695736+02:00
295910341,de:11000:900100003:2:53,-0.9,2026-10-02T01:01:04.695736+02:00
295910341,de:11000:900100002:1:51,-0.9,2026-10-02T01:01:04.695736+02:00
295910341,de:11000:900100001:3:55,-0.9,2026-10-02T01:01:04.695736+02:00
295910341,de:11000:900003201:3:55,-0.6,2026-10-02T01:01:04.695736+02:00
295910341,de:11000:900003102:1:51,-0.3,2026-10-02T01:01:04.695736+02:00
295910341,de:11000:900003103:1:51,-0.4,2026-10-02T01:01:04.695736+02:00
295910341,de:11000:900023201:3:55,-0.3,2026-10-02T01:01:04.695736+02:00
295910341,de:11000:900024203:1:51,-0.3,2026-10-02T01:01:04.695736+02:00
295910341,de:11000:900024101:4:56,-0.3,2026-10-02T01:01:04.695736+02:00
307280448,de:11000:900020202:1:50,0.0,2026-10-02T01:01:04.695736+02:00
307280448,de:11000:900001201:1:50,-0.2,2026-10-02T01:01:04.695736+02:00
307280448,de:11000:900009104:1:50,-0.8,2026-10-02T01:01:04.695736+02:00
307280448,de:11000:900007102:2:52,-0.4,2026-10-02T01:01:04.695736+02:00
307280448,de:11000:900110001:1:50,-0.6,2026-10-02T01:01:04.695736+02:00
307280448,de:11000:900110002:1:50,-0.4,2026-10-02T01:01:04.695736+02:00
307280448,de:11000:900110003:1:50,-0.4,2026-10-02T01:01:04.695736+02:00
307280448,de:11000:900110004:1:50,-0.8,2026-10-02T01:01:04.695736+02:00
307280448,de:11000:900110012:1:50,-0.7,2026-10-02T01:01:04.695736+02:00
307280448,de:11000:900120001:1:50,-0.7,2026-10-02T01:01:04.695736+02:00
307280448,de:11000:900120003:5:58,-0.1,2026-10-02T01:01:04.695736+02:00
307280448,de:11000:900190001:1:50,-0.4,2026-10-02T01:01:04.695736+02:00
307280448,de:11000:900077106:1:50,-0.4,2026-10-02T01:01:04.695736+02:00
307280448,de:11000:900078201:1:50,-0.3,2026-10-02T01:01:04.695736+02:00
307280448,de:11000:900079221:1:50,-0.2,2026-10-02T01:01:04.695736+02:00
307280448,de:11000:900068201:1:50,-0.8,2026-10-02T01:01:04.695736+02:00
307280448,de:11000:900058101:5:58,-0.1,2026-10-02T01:01:04.695736+02:00
307280448,de:11000:900054104:2:52,-0.7,2026-10-02T01:01:04.695736+02:00
307280448,de:11000:900054105:1:50,-0.9,2026-10-02T01:01:04.695736+02:00
307280448,de:11000:900044202:1:50,-0.7,2026-10-02T01:01:04.695736+02:00
307280448,de:11000:900045102:1:50,-0.7,2026-10-02T01:01:04.695736+02:00
307280448,de:11000:900044101:1:50,-0.8,2026-10-02T01:01:04.695736+02:00
307280448,de:11000:900040101:1:50,-0.3,2026-10-02T01:01:04.695736+02:00
307280448,de:11000:900024101:3:54,-0.8,2026-10-02T01:01:04.695736+02:00
307280561,de:11000:900020202:1:51,0.0,2026-10-02T01:01:04.695736+02:00
307280561,de:11000:900001201:1:51,-0.2,2026-10-02T01:01:04.695736+02:00
307280561,de:11000:900009104:1:51,-0.8,2026-10-02T01:01:04.695736+02:00
307280561,de:11000:900007102:2:52,-0.9,2026-10-02T01:01:04.695736+02:00
307280561,de:11000:900110001:1:50,-0.6,2026-10-02T01:01:04.695736+02:00
307280561,de:11000:900110002:1:50,-0.4,2026-10-02T01:01:04.695736+02:00
307280561,de:11000:900110003:1:50,-0.4,2026-10-02T01:01:04.695736+02:00
307280561,de:11000:900110004:1:50,-0.8,2026-10-02T01:01:04.695736+02:00
307280561,de:11000:900110012:1:50,-0.7,2026-10-02T01:01:04.695736+02:00
307280561,de:11000:900120001:1:50,-0.7,2026-10-02T01:01:04.695736+02:00
307280561,de:11000:900120003:5:58,-0.1,2026-10-02T01:01:04.695736+02:00
307280561,de:11000:900190001:1:50,-0.4,2026-10-02T01:01:04.695736+02:00
307280561,de:11000:900077106:1:50,-0.4,2026-10-02T01:01:04.695736+02:00
307280561,de:11000:900078201:1:50,-0.3,2026-10-02T01:01:04.695736+02:00
307280561,de:11000:900079221:1:50,-0.2,2026-10-02T01:01:04.695736+02:00
307280561,de:11000:900068201:1:50,-0.8,2026-10-02T01:01:04.695736+02:00
307280561,de:11000:900058101:5:58,-0.1,2026-10-02T01:01:04.695736+02:00
307280561,de:11000:900054104:2:52,-0.2,2026-10-02T01:01:04.695736+02:00
307280561,de:11000:900054105:1:50,-0.9,2026-10-02T01:01:04.695736+02:00
307280561,de:11000:900044202:1:50,-0.7,2026-10-02T01:01:04.695736+02:00
307280561,de:11000:900045102:1:50,-0.7,2026-10-02T01:01:04.695736+02:00
307280561,de:11000:900044101:1:50,-0.8,2026-10-02T01:01:04.695736+02:00
307280561,de:11000:900040101:1:50,-0.8,2026-10-02T01:01:04.695736+02:00
307280552,de:11000:900020202:1:51,0.0,2026-10-02T01:01:04.695736+02:00
307280552,de:11000:900001201:1:51,-0.2,2026-10-02T01:01:04.695736+02:00
307280552,de:11000:900009104:1:51,-0.8,2026-10-02T01:01:04.695736+02:00
307280552,de:11000:900007102:2:52,-0.9,2026-10-02T01:01:04.695736+02:00
307280552,de:11000:900110001:1:50,-0.6,2026-10-02T01:01:04.695736+02:00
307280552,de:11000:900110002:1:50,-0.4,2026-10-02T01:01:04.695736+02:00
307280552,de:11000:900110003:1:50,-0.4,2026-10-02T01:01:04.695736+02:00
307280552,de:11000:900110004:1:50,-0.8,2026-10-02T01:01:04.695736+02:00
307280552,de:11000:900110012:1:50,-0.7,2026-10-02T01:01:04.695736+02:00
307280552,de:11000:900120001:1:50,-0.7,2026-10-02T01:01:04.695736+02:00
307280552,de:11000:900120003:5:58,-0.1,2026-10-02T01:01:04.695736+02:00
307280552,de:11000:900190001:1:50,-0.4,2026-10-02T01:01:04.695736+02:00
307280552,de:11000:900077106:1:50,-0.4,2026-10-02T01:01:04.695736+02:00
307280552,de:11000:900078201:1:50,-0.3,2026-10-02T01:01:04.695736+02:00
307280552,de:11000:900079221:1:50,-0.2,2026-10-02T01:01:04.695736+02:00
307280552,de:11000:900068201:1:50,-0.8,2026-10-02T01:01:04.695736+02:00
307280552,de:11000:900058101:5:58,-0.1,2026-10-02T01:01:04.695736+02:00
307280552,de:11000:900054104:2:52,-0.2,2026-10-02T01:01:04.695736+02:00
307280552,de:11000:900054105:1:50,-0.9,2026-10-02T01:01:04.695736+02:00
307280552,de:11000:900044202:1:50,-0.7,2026-10-02T01:01:04.695736+02:00
307280552,de:11000:900045102:1:50,-0.7,2026-10-02T01:01:04.695736+02:00
307280552,de:11000:900044101:1:50,-0.8,2026-10-02T01:01:04.695736+02:00
307280552,de:11000:900040101:1:50,-0.8,2026-10-02T01:01:04.695736+02:00
307283037,de:11000:900009104:1:51,0.0,2026-10-02T01:01:04.695736+02:00
307283037,de:11000:900007102:2:52,-0.9,2026-10-02T01:01:04.695736+02:00
307283037,de:11000:900110001:1:50,-0.6,2026-10-02T01:01:04.695736+02:00
307283037,de:11000:900110002:1:50,-0.4,2026-10-02T01:01:04.695736+02:00
307283037,de:11000:900110003:1:50,-0.4,2026-10-02T01:01:04.695736+02:00
307283037,de:11000:900110004:1:50,-0.8,2026-10-02T01:01:04.695736+02:00
307283037,de:11000:900110012:1:50,-0.7,2026-10-02T01:01:04.695736+02:00
307283037,de:11000:900120001:1:50,-0.7,2026-10-02T01:01:04.695736+02:00
307283037,de:11000:900120003:5:58,-0.1,2026-10-02T01:01:04.695736+02:00
307283037,de:11000:900190001:1:50,-0.4,2026-10-02T01:01:04.695736+02:00
307283037,de:11000:900077106:1:50,-0.4,2026-10-02T01:01:04.695736+02:00
307283037,de:11000:900078201:1:50,-0.3,2026-10-02T01:01:04.695736+02:00
307283037,de:11000:900079221:1:50,-0.2,2026-10-02T01:01:04.695736+02:00
307283020,de:11000:900009104:1:51,0.0,2026-10-02T01:01:04.695736+02:00
307283020,de:11000:900007102:2:52,-0.9,2026-10-02T01:01:04.695736+02:00
307283020,de:11000:900110001:1:50,-0.6,2026-10-02T01:01:04.695736+02:00
307283020,de:11000:900110002:1:50,-0.4,2026-10-02T01:01:04.695736+02:00
307283020,de:11000:900110003:1:50,-0.4,2026-10-02T01:01:04.695736+02:00
307286708,de:11000:900040101:1:50,0.0,2026-10-02T01:01:04.695736+02:00
307286708,de:11000:900044101:1:50,-0.8,2026-10-02T01:01:04.695736+02:00
307286708,de:11000:900045102:1:51,-0.9,2026-10-02T01:01:04.695736+02:00
307286708,de:11000:900044202:1:51,-0.9,2026-10-02T01:01:04.695736+02:00
307286708,de:11000:900054105:1:51,-0.7,2026-10-02T01:01:04.695736+02:00
307286708,de:11000:900054104:2:53,-0.3,2026-10-02T01:01:04.695736+02:00
307286708,de:11000:900058101:5:59,-0.2,2026-10-02T01:01:04.695736+02:00
307286708,de:11000:900068201:1:51,-0.8,2026-10-02T01:01:04.695736+02:00
307286708,de:11000:900079221:1:51,-0.4,2026-10-02T01:01:04.695736+02:00
307286708,de:11000:900078201:1:51,-0.1,2026-10-02T01:01:04.695736+02:00
307286708,de:11000:900077106:1:51,0.0,2026-10-02T01:01:04.695736+02:00
307286708,de:11000:900190001:2:52,-0.9,2026-10-02T01:01:04.695736+02:00
307286708,de:11000:900120003:5:59,-0.4,2026-10-02T01:01:04.695736+02:00
307286708,de:11000:900120001:1:51,0.0,2026-10-02T01:01:04.695736+02:00
307286708,de:11000:900110012:1:51,-0.2,2026-10-02T01:01:04.695736+02:00
307286708,de:11000:900110004:1:51,-0.1,2026-10-02T01:01:04.695736+02:00
307286708,de:11000:900110003:1:51,-0.4,2026-10-02T01:01:04.695736+02:00
307286708,de:11000:900110002:1:51,-0.4,2026-10-02T01:01:04.695736+02:00
307286708,de:11000:900110001:1:51,-0.1,2026-10-02T01:01:04.695736+02:00
307286708,de:11000:900007102:1:51,-0.6,2026-10-02T01:01:04.695736+02:00
307286708,de:11000:900009104:1:50,-0.8,2026-10-02T01:01:04.695736+02:00
307286708,de:11000:900001201:1:50,-0.3,2026-10-02T01:01:04.695736+02:00
307286708,de:11000:900020202:1:50,-0.1,2026-10-02T01:01:04.695736+02:00
307286625,de:11000:900024101:3:54,0.0,2026-10-02T01:01:04.695736+02:00
307286625,de:11000:900040101:1:50,-0.2,2026-10-02T01:01:04.695736+02:00
307286625,de:11000:900044101:1:50,-0.3,2026-10-02T01:01:04.695736+02:00
307286625,de:11000:900045102:1:51,-0.4,2026-10-02T01:01:04.695736+02:00
307286625,de:11000:900044202:1:51,-0.4,2026-10-02T01:01:04.695736+02:00
307286625,de:11000:900054105:1:51,-0.2,2026-10-02T01:01:04.695736+02:00
307286625,de:11000:900054104:2:53,-0.8,2026-10-02T01:01:04.695736+02:00
307286625,de:11000:900058101:5:59,-0.2,2026-10-02T01:01:04.695736+02:00
307286625,de:11000:900068201:1:51,-0.8,2026-10-02T01:01:04.695736+02:00
307286625,de:11000:900079221:1:51,-0.4,2026-10-02T01:01:04.695736+02:00
307286625,de:11000:900078201:1:51,-0.1,2026-10-02T01:01:04.695736+02:00
307286625,de:11000:900077106:1:51,0.0,2026-10-02T01:01:04.695736+02:00
307286625,de:11000:900190001:2:52,-0.9,2026-10-02T01:01:04.695736+02:00
307286625,de:11000:900120003:5:59,-0.4,2026-10-02T01:01:04.695736+02:00
307286625,de:11000:900120001:1:51,0.0,2026-10-02T01:01:04.695736+02:00
307286625,de:11000:900110012:1:51,-0.2,2026-10-02T01:01:04.695736+02:00
307286625,de:11000:900110004:1:51,-0.1,2026-10-02T01:01:04.695736+02:00
307286625,de:11000:900110003:1:51,-0.4,2026-10-02T01:01:04.695736+02:00
307286625,de:11000:900110002:1:51,-0.4,2026-10-02T01:01:04.695736+02:00
307286625,de:11000:900110001:1:51,-0.1,2026-10-02T01:01:04.695736+02:00
307286625,de:11000:900007102:1:51,-0.6,2026-10-02T01:01:04.695736+02:00
307286625,de:11000:900009104:1:51,-0.8,2026-10-02T01:01:04.695736+02:00
307286625,de:11000:900001201:1:51,-0.3,2026-10-02T01:01:04.695736+02:00
307286625,de:11000:900020202:1:51,-0.1,2026-10-02T01:01:04.695736+02:00
307289041,de:11000:900079221:1:51,0.0,2026-10-02T01:01:04.695736+02:00
307289041,de:11000:900078201:1:51,-0.1,2026-10-02T01:01:04.695736+02:00
307289041,de:11000:900077106:1:51,0.0,2026-10-02T01:01:04.695736+02:00
307289041,de:11000:900190001:2:52,-0.9,2026-10-02T01:01:04.695736+02:00
307289041,de:11000:900120003:5:59,-0.4,2026-10-02T01:01:04.695736+02:00
307289041,de:11000:900120001:1:51,0.0,2026-10-02T01:01:04.695736+02:00
307289041,de:11000:900110012:1:51,-0.2,2026-10-02T01:01:04.695736+02:00
307289041,de:11000:900110004:1:51,-0.1,2026-10-02T01:01:04.695736+02:00
307289041,de:11000:900110003:1:51,-0.4,2026-10-02T01:01:04.695736+02:00
307289041,de:11000:900110002:1:51,-0.4,2026-10-02T01:01:04.695736+02:00
307289041,de:11000:900110001:1:51,-0.1,2026-10-02T01:01:04.695736+02:00
307289041,de:11000:900007102:1:51,-0.6,2026-10-02T01:01:04.695736+02:00
307289041,de:11000:900009104:1:51,-0.3,2026-10-02T01:01:04.695736+02:00
307292247,de:11000:900044202:1:51,0.0,2026-10-02T01:01:04.695736+02:00
307292247,de:11000:900054105:1:51,-0.2,2026-10-02T01:01:04.695736+02:00
307292247,de:11000:900054104:2:53,-0.8,2026-10-02T01:01:04.695736+02:00
307292247,de:11000:900058101:5:59,-0.7,2026-10-02T01:01:04.695736+02:00
307292247,de:11000:900068201:1:51,-0.3,2026-10-02T01:01:04.695736+02:00
307292247,de:11000:900079221:1:51,-0.9,2026-10-02T01:01:04.695736+02:00
307292247,de:11000:900078201:1:51,-0.6,2026-10-02T01:01:04.695736+02:00
307292247,de:11000:900077155:1:51,-0.2,2026-10-02T01:01:04.695736+02:00
307292247,de:11000:900191001:2:51,-0.7,2026-10-02T01:01:04.695736+02:00
307292247,de:11000:900192001:2:52,-0.7,2026-10-02T01:01:04.695736+02:00
307292247,de:11000:900193001:1:50,-0.2,2026-10-02T01:01:04.695736+02:00
307292247,de:11000:900193002:1:50,-0.8,2026-10-02T01:01:04.695736+02:00
307292247,de:11000:900186001:1:50,-0.8,2026-10-02T01:01:04.695736+02:00
307292247,de:12061:900260004:1:50,-0.2,2026-10-02T01:01:04.695736+02:00
307292247,de:12061:900260003:1:50,-0.4,2026-10-02T01:01:04.695736+02:00
307292247,de:12061:900260002:1:51,-0.2,2026-10-02T01:01:04.695736+02:00
307292247,de:12061:900260001:2:52,-0.2,2026-10-02T01:01:04.695736+02:00
295928945,de:11000:900079221:1:51,0.0,2026-10-02T01:01:04.695736+02:00
295928945,de:11000:900078201:1:51,-0.6,2026-10-02T01:01:04.695736+02:00
295928945,de:11000:900077155:1:51,-0.2,2026-10-02T01:01:04.695736+02:00
295928945,de:11000:900191001:2:51,-0.7,2026-10-02T01:01:04.695736+02:00
295928945,de:11000:900192001:2:52,-0.7,2026-10-02T01:01:04.695736+02:00
295928945,de:11000:900193001:1:50,-0.2,2026-10-02T01:01:04.695736+02:00
295928945,de:11000:900193002:1:50,-0.8,2026-10-02T01:01:04.695736+02:00
295928945,de:11000:900186001:1:51,-0.8,2026-10-02T01:01:04.695736+02:00
295933115,de:11000:900180003:1:50,0.0,2026-10-02T01:01:04.695736+02:00
295933115,de:11000:900192002:1:50,-0.4,2026-10-02T01:01:04.695736+02:00
295933115,de:11000:900192001:3:54,-0.2,2026-10-02T01:01:04.695736+02:00
295933115,de:11000:900191001:1:50,-0.9,2026-10-02T01:01:04.695736+02:00
295933115,de:11000:900077155:1:50,-0.4,2026-10-02T01:01:04.695736+02:00
295933115,de:11000:900078201:1:50,-0.9,2026-10-02T01:01:04.695736+02:00
295933115,de:11000:900079221:1:50,-0.7,2026-10-02T01:01:04.695736+02:00
295933115,de:11000:900068201:1:50,-0.3,2026-10-02T01:01:04.695736+02:00
295933115,de:11000:900058101:5:58,-0.6,2026-10-02T01:01:04.695736+02:00
295933069,de:11000:900180003:1:50,0.0,2026-10-02T01:01:04.695736+02:00
295933069,de:11000:900192002:1:50,-0.4,2026-10-02T01:01:04.695736+02:00
295933069,de:11000:900192001:3:55,-0.2,2026-10-02T01:01:04.695736+02:00
295933069,de:11000:900191001:1:50,-0.9,2026-10-02T01:01:04.695736+02:00
295933069,de:11000:900077155:1:50,-0.4,2026-10-02T01:01:04.695736+02:00
295933069,de:11000:900078201:1:50,-0.9,2026-10-02T01:01:04.695736+02:00
295933069,de:11000:900079221:1:50,-0.7,2026-10-02T01:01:04.695736+02:00
295933069,de:11000:900068201:1:50,-0.3,2026-10-02T01:01:04.695736+02:00
295933069,de:11000:900058101:5:58,-0.6,2026-10-02T01:01:04.695736+02:00
295932958,de:11000:900058101:5:59,0.0,2026-10-02T01:01:04.695736+02:00
295932958,de:11000:900068201:1:51,-0.3,2026-10-02T01:01:04.695736+02:00
295932958,de:11000:900079221:1:51,-0.9,2026-10-02T01:01:04.695736+02:00
295932958,de:11000:900078201:1:51,-0.6,2026-10-02T01:01:04.695736+02:00
295932958,de:11000:900077155:1:51,-0.2,2026-10-02T01:01:04.695736+02:00
295932958,de:11000:900191001:2:51,-0.7,2026-10-02T01:01:04.695736+02:00
295932958,de:11000:900192001:2:53,-0.7,2026-10-02T01:01:04.695736+02:00
295932958,de:11000:900192002:1:50,-0.5,2026-10-02T01:01:04.695736+02:00
295932958,de:11000:900180003:1:50,-0.7,2026-10-02T01:01:04.695736+02:00
306895231,de:12067:900311308::5,0.0,2026-10-02T01:01:04.695736+02:00
306895231,de:12067:900311380::1,0.0,2026-10-02T01:01:04.695736+02:00
306895231,de:12067:900311348::1,0.0,2026-10-02T01:01:04.695736+02:00
306895231,de:12067:900311315::1,0.0,2026-10-02T01:01:04.695736+02:00
306895231,de:12067:900311383::4,0.0,2026-10-02T01:01:04.695736+02:00
306895231,de:12067:900311305::1,0.0,2026-10-02T01:01:04.695736+02:00
306895231,de:12067:900311320::1,0.0,2026-10-02T01:01:04.695736+02:00
306895231,de:12067:900311318::1,0.0,2026-10-02T01:01:04.695736+02:00
306895231,de:12067:900311473::1,0.0,2026-10-02T01:01:04.695736+02:00
306895231,de:12067:900311471::1,0.0,2026-10-02T01:01:04.695736+02:00
306895231,de:12067:900310901::1,0.0,2026-10-02T01:01:04.695736+02:00
306895231,de:12067:900311070::1,0.0,2026-10-02T01:01:04.695736+02:00
306895231,de:12067:900311071::1,0.0,2026-10-02T01:01:04.695736+02:00
306895231,de:12067:900311094::1,0.0,2026-10-02T01:01:04.695736+02:00
306895231,de:12067:900310840::1,0.0,2026-10-02T01:01:04.695736+02:00
306895231,de:12067:900310840::1,-8.0,2026-10-02T01:01:04.695736+02:00
306895231,de:12067:900310011::1,0.0,2026-10-02T01:01:04.695736+02:00
306895231,de:12067:900310899::1,0.0,2026-10-02T01:01:04.695736+02:00
306895231,de:12067:900310011::2,0.0,2026-10-02T01:01:04.695736+02:00
306895231,de:12067:900310840::1,8.0,2026-10-02T01:01:04.695736+02:00
306895231,de:12067:900310840::1,0.0,2026-10-02T01:01:04.695736+02:00
306895231,de:12067:900310750::1,0.0,2026-10-02T01:01:04.695736+02:00
306895231,de:12067:900311074::1,0.0,2026-10-02T01:01:04.695736+02:00
306895231,de:12067:900311075::1,0.0,2026-10-02T01:01:04.695736+02:00
306895231,de:12067:900311073::1,0.0,2026-10-02T01:01:04.695736+02:00
306895231,de:12067:900310859::1,0.0,2026-10-02T01:01:04.695736+02:00
306895231,de:12067:900310927::1,0.0,2026-10-02T01:01:04.695736+02:00
306895231,de:12067:900310926::1,0.0,2026-10-02T01:01:04.695736+02:00
306895231,de:12067:900310765::1,0.0,2026-10-02T01:01:04.695736+02:00
306895231,de:12067:900310766::1,0.0,2026-10-02T01:01:04.695736+02:00
307302011,de:11000:900024102:2:52,0.0,2026-10-02T01:01:04.695736+02:00
307302011,de:11000:900024101:3:55,-0.8,2026-10-02T01:01:04.695736+02:00
307302011,de:11000:900024203:1:51,-0.8,2026-10-02T01:01:04.695736+02:00
307302011,de:11000:900023201:3:54,-0.7,2026-10-02T01:01:04.695736+02:00
307302011,de:11000:900003103:1:50,-0.8,2026-10-02T01:01:04.695736+02:00
307302011,de:11000:900003102:1:50,-0.9,2026-10-02T01:01:04.695736+02:00
307302011,de:11000:900003201:3:54,-0.5,2026-10-02T01:01:04.695736+02:00
307302011,de:11000:900100001:3:54,-0.1,2026-10-02T01:01:04.695736+02:00
307302011,de:11000:900100002:1:50,-0.4,2026-10-02T01:01:04.695736+02:00
307302011,de:11000:900100003:2:52,-0.1,2026-10-02T01:01:04.695736+02:00
307302011,de:11000:900100004:1:50,-0.4,2026-10-02T01:01:04.695736+02:00
307302011,de:11000:900120005:4:55,-0.6,2026-10-02T01:01:04.695736+02:00
307302011,de:11000:900120004:1:50,-0.1,2026-10-02T01:01:04.695736+02:00
307302011,de:11000:900120003:2:53,-0.4,2026-10-02T01:01:04.695736+02:00
307302011,de:11000:900160003:1:50,-0.7,2026-10-02T01:01:04.695736+02:00
307302011,de:11000:900160004:1:50,-0.7,2026-10-02T01:01:04.695736+02:00
307302011,de:11000:900171002:1:50,-0.2,2026-10-02T01:01:04.695736+02:00
307302011,de:11000:900171001:2:51,-0.3,2026-10-02T01:01:04.695736+02:00
307302011,de:11000:900175001:2:51,-0.5,2026-10-02T01:01:04.695736+02:00
307302011,de:11000:900175002:1:51,0.0,2026-10-02T01:01:04.695736+02:00
307302011,de:11000:900176001:2:52,-0.3,2026-10-02T01:01:04.695736+02:00
307302011,de:12064:900320026:1:51,-0.1,2026-10-02T01:01:04.695736+02:00
307302011,de:12064:900320008:1:50,-0.7,2026-10-02T01:01:04.695736+02:00
307302011,de:12064:900320007:1:50,-0.4,2026-10-02T01:01:04.695736+02:00
307302011,de:12064:900320006:1:50,-0.8,2026-10-02T01:01:04.695736+02:00
307302011,de:12064:900320005:1:50,-0.2,2026-10-02T01:01:04.695736+02:00
307302011,de:12064:900320004:2:51,-0.9,2026-10-02T01:01:04.695736+02:00
307302011,de:12064:900320003:1:50,-0.8,2026-10-02T01:01:04.695736+02:00
307302011,de:12064:900320002:1:50,-0.5,2026-10-02T01:01:04.695736+02:00
307302011,de:12064:900320001:1:50,-0.2,2026-10-02T01:01:04.695736+02:00
295936938,de:12064:900320001:1:50,0.0,2026-10-02T01:01:04.695736+02:00
295936938,de:12064:900320002:1:50,-0.3,2026-10-02T01:01:04.695736+02:00
295936938,de:12064:900320003:1:50,-0.1,2026-10-02T01:01:04.695736+02:00
295936938,de:12064:900320004:2:51,-0.8,2026-10-02T01:01:04.695736+02:00
295936938,de:12064:900320005:1:50,0.0,2026-10-02T01:01:04.695736+02:00
295936938,de:12064:900320006:1:51,-0.8,2026-10-02T01:01:04.695736+02:00
295936938,de:12064:900320007:1:50,-0.8,2026-10-02T01:01:04.695736+02:00
295936938,de:12064:900320008:1:51,-0.5,2026-10-02T01:01:04.695736+02:00
295936938,de:12064:900320026:1:50,-0.3,2026-10-02T01:01:04.695736+02:00
295936938,de:11000:900176001:1:51,-0.7,2026-10-02T01:01:04.695736+02:00
295936938,de:11000:900175002:1:50,-0.7,2026-10-02T01:01:04.695736+02:00
295936938,de:11000:900175001:1:50,-0.6,2026-10-02T01:01:04.695736+02:00
295936938,de:11000:900171001:1:50,-0.3,2026-10-02T01:01:04.695736+02:00
295936938,de:11000:900171002:1:51,-0.4,2026-10-02T01:01:04.695736+02:00
295936938,de:11000:900160004:1:51,-0.8,2026-10-02T01:01:04.695736+02:00
295936938,de:11000:900160003:1:51,-0.9,2026-10-02T01:01:04.695736+02:00
295936938,de:11000:900120003:3:55,-0.1,2026-10-02T01:01:04.695736+02:00
295936938,de:11000:900120004:2:53,-0.6,2026-10-02T01:01:04.695736+02:00
295936938,de:11000:900120005:5:58,-0.9,2026-10-02T01:01:04.695736+02:00
295936938,de:11000:900100004:1:51,-0.4,2026-10-02T01:01:04.695736+02:00
295936938,de:11000:900100003:2:53,-0.4,2026-10-02T01:01:04.695736+02:00
295936938,de:11000:900100002:1:51,-0.4,2026-10-02T01:01:04.695736+02:00
295936938,de:11000:900100001:3:55,-0.4,2026-10-02T01:01:04.695736+02:00
295936938,de:11000:900003201:3:55,-0.1,2026-10-02T01:01:04.695736+02:00
295936938,de:11000:900003102:1:51,-0.8,2026-10-02T01:01:04.695736+02:00
295936938,de:11000:900003103:1:51,-0.9,2026-10-02T01:01:04.695736+02:00
295936938,de:11000:900023201:3:55,-0.8,2026-10-02T01:01:04.695736+02:00
295936938,de:11000:900024203:1:51,-0.8,2026-10-02T01:01:04.695736+02:00
295936938,de:11000:900024101:4:57,-0.8,2026-10-02T01:01:04.695736+02:00
295936938,de:11000:900024102:1:51,-0.1,2026-10-02T01:01:04.695736+02:00
307301994,de:11000:900024102:2:52,0.0,2026-10-02T01:01:04.695736+02:00
307301994,de:11000:900024101:3:55,-0.8,2026-10-02T01:01:04.695736+02:00
307301994,de:11000:900024203:1:51,-0.8,2026-10-02T01:01:04.695736+02:00
307301994,de:11000:900023201:3:54,-0.7,2026-10-02T01:01:04.695736+02:00
307301994,de:11000:900003103:1:50,-0.8,2026-10-02T01:01:04.695736+02:00
307301994,de:11000:900003102:1:50,-0.9,2026-10-02T01:01:04.695736+02:00
307301994,de:11000:900003201:3:54,-0.5,2026-10-02T01:01:04.695736+02:00
307301994,de:11000:900100001:3:54,-0.1,2026-10-02T01:01:04.695736+02:00
307301994,de:11000:900100002:1:50,-0.4,2026-10-02T01:01:04.695736+02:00
307301994,de:11000:900100003:2:52,-0.1,2026-10-02T01:01:04.695736+02:00
307301994,de:11000:900100004:1:50,-0.4,2026-10-02T01:01:04.695736+02:00
307301994,de:11000:900120005:4:55,-0.6,2026-10-02T01:01:04.695736+02:00
307301994,de:11000:900120004:1:50,-0.1,2026-10-02T01:01:04.695736+02:00
307301994,de:11000:900120003:2:53,-0.4,2026-10-02T01:01:04.695736+02:00
307301994,de:11000:900160003:1:50,-0.7,2026-10-02T01:01:04.695736+02:00
307301994,de:11000:900160004:1:50,-0.7,2026-10-02T01:01:04.695736+02:00
307301994,de:11000:900171002:1:50,-0.2,2026-10-02T01:01:04.695736+02:00
307301994,de:11000:900171001:2:51,-0.3,2026-10-02T01:01:04.695736+02:00
307301994,de:11000:900175001:2:51,-0.5,2026-10-02T01:01:04.695736+02:00
307301994,de:11000:900175002:1:51,0.0,2026-10-02T01:01:04.695736+02:00
307301994,de:11000:900176001:2:52,-0.3,2026-10-02T01:01:04.695736+02:00
307301994,de:12064:900320026:1:51,-0.1,2026-10-02T01:01:04.695736+02:00
307301994,de:12064:900320008:1:50,-0.7,2026-10-02T01:01:04.695736+02:00
307301994,de:12064:900320007:1:50,-0.4,2026-10-02T01:01:04.695736+02:00
307301994,de:12064:900320006:1:50,-0.8,2026-10-02T01:01:04.695736+02:00
307301994,de:12064:900320005:1:50,-0.2,2026-10-02T01:01:04.695736+02:00
307301994,de:12064:900320004:2:51,-0.9,2026-10-02T01:01:04.695736+02:00
307301994,de:12064:900320003:1:50,-0.8,2026-10-02T01:01:04.695736+02:00
307301994,de:12064:900320002:1:50,-0.5,2026-10-02T01:01:04.695736+02:00
307301994,de:12064:900320001:1:50,-0.2,2026-10-02T01:01:04.695736+02:00
295936933,de:12064:900320001:1:50,0.0,2026-10-02T01:01:04.695736+02:00
295936933,de:12064:900320002:1:50,-0.3,2026-10-02T01:01:04.695736+02:00
295936933,de:12064:900320003:1:50,-0.1,2026-10-02T01:01:04.695736+02:00
295936933,de:12064:900320004:2:51,-0.8,2026-10-02T01:01:04.695736+02:00
295936933,de:12064:900320005:1:50,0.0,2026-10-02T01:01:04.695736+02:00
295936933,de:12064:900320006:1:51,-0.8,2026-10-02T01:01:04.695736+02:00
295936933,de:12064:900320007:1:50,-0.8,2026-10-02T01:01:04.695736+02:00
295936933,de:12064:900320008:1:51,-0.5,2026-10-02T01:01:04.695736+02:00
295936933,de:12064:900320026:1:50,-0.3,2026-10-02T01:01:04.695736+02:00
295936933,de:11000:900176001:1:51,-0.7,2026-10-02T01:01:04.695736+02:00
295936933,de:11000:900175002:1:50,-0.7,2026-10-02T01:01:04.695736+02:00
295936933,de:11000:900175001:1:50,-0.6,2026-10-02T01:01:04.695736+02:00
295936933,de:11000:900171001:1:50,-0.3,2026-10-02T01:01:04.695736+02:00
295936933,de:11000:900171002:1:51,-0.4,2026-10-02T01:01:04.695736+02:00
295936933,de:11000:900160004:1:51,-0.8,2026-10-02T01:01:04.695736+02:00
295936933,de:11000:900160003:1:51,-0.9,2026-10-02T01:01:04.695736+02:00
295936933,de:11000:900120003:3:55,-0.1,2026-10-02T01:01:04.695736+02:00
295936933,de:11000:900120004:2:53,-0.6,2026-10-02T01:01:04.695736+02:00
295936933,de:11000:900120005:5:58,-0.9,2026-10-02T01:01:04.695736+02:00
295936933,de:11000:900100004:1:51,-0.4,2026-10-02T01:01:04.695736+02:00
295936933,de:11000:900100003:2:53,-0.4,2026-10-02T01:01:04.695736+02:00
295936933,de:11000:900100002:1:51,-0.4,2026-10-02T01:01:04.695736+02:00
295936933,de:11000:900100001:3:55,-0.4,2026-10-02T01:01:04.695736+02:00
295936933,de:11000:900003201:3:55,-0.1,2026-10-02T01:01:04.695736+02:00
295936933,de:11000:900003102:1:51,-0.8,2026-10-02T01:01:04.695736+02:00
295936933,de:11000:900003103:1:51,-0.9,2026-10-02T01:01:04.695736+02:00
295936933,de:11000:900023201:3:55,-0.8,2026-10-02T01:01:04.695736+02:00
295936933,de:11000:900024203:1:51,-0.8,2026-10-02T01:01:04.695736+02:00
295936933,de:11000:900024101:4:57,-0.8,2026-10-02T01:01:04.695736+02:00
295936933,de:11000:900024102:1:51,-0.1,2026-10-02T01:01:04.695736+02:00
295940768,de:11000:900120005:4:56,0.0,2026-10-02T01:01:04.695736+02:00
295940768,de:11000:900120004:1:51,-0.1,2026-10-02T01:01:04.695736+02:00
295940768,de:11000:900120003:2:52,-0.4,2026-10-02T01:01:04.695736+02:00
295940768,de:11000:900160003:1:50,-0.7,2026-10-02T01:01:04.695736+02:00
295940768,de:11000:900160004:1:50,-0.7,2026-10-02T01:01:04.695736+02:00
295940768,de:11000:900171002:1:50,-0.2,2026-10-02T01:01:04.695736+02:00
295940768,de:11000:900171001:2:51,-0.3,2026-10-02T01:01:04.695736+02:00
295940768,de:11000:900175001:2:51,-0.5,2026-10-02T01:01:04.695736+02:00
295940768,de:11000:900175002:1:51,0.0,2026-10-02T01:01:04.695736+02:00
295940768,de:11000:900176001:1:50,-0.7,2026-10-02T01:01:04.695736+02:00
295940174,de:11000:900024102:2:52,0.0,2026-10-02T01:01:04.695736+02:00
295940174,de:11000:900024101:3:54,-0.8,2026-10-02T01:01:04.695736+02:00
295940174,de:11000:900024203:1:51,-0.8,2026-10-02T01:01:04.695736+02:00
295940174,de:11000:900023201:3:54,-0.7,2026-10-02T01:01:04.695736+02:00
295940174,de:11000:900003103:1:50,-0.8,2026-10-02T01:01:04.695736+02:00
295940174,de:11000:900003102:1:50,-0.9,2026-10-02T01:01:04.695736+02:00
295940174,de:11000:900003201:3:54,-0.5,2026-10-02T01:01:04.695736+02:00
295940174,de:11000:900100001:3:54,-0.1,2026-10-02T01:01:04.695736+02:00
295940174,de:11000:900100002:1:50,-0.4,2026-10-02T01:01:04.695736+02:00
295940174,de:11000:900100003:2:52,-0.1,2026-10-02T01:01:04.695736+02:00
295940174,de:11000:900100004:1:50,-0.4,2026-10-02T01:01:04.695736+02:00
295940174,de:11000:900120005:4:55,-0.6,2026-10-02T01:01:04.695736+02:00
295940174,de:11000:900120004:1:50,-0.1,2026-10-02T01:01:04.695736+02:00
295940174,de:11000:900120003:2:53,-0.4,2026-10-02T01:01:04.695736+02:00
295940174,de:11000:900160003:1:50,-0.7,2026-10-02T01:01:04.695736+02:00
295940174,de:11000:900160004:1:50,-0.7,2026-10-02T01:01:04.695736+02:00
295940174,de:11000:900171002:1:50,-0.2,2026-10-02T01:01:04.695736+02:00
295940174,de:11000:900171001:2:51,-0.3,2026-10-02T01:01:04.695736+02:00
295940174,de:11000:900175001:2:51,-0.5,2026-10-02T01:01:04.695736+02:00
295940174,de:11000:900175002:1:51,0.0,2026-10-02T01:01:04.695736+02:00
295940174,de:11000:900176001:2:52,-0.3,2026-10-02T01:01:04.695736+02:00
295940174,de:12064:900320026:1:51,-0.1,2026-10-02T01:01:04.695736+02:00
295940174,de:12064:900320008:1:50,-0.7,2026-10-02T01:01:04.695736+02:00
295940151,de:11000:900024102:2:52,0.0,2026-10-02T01:01:04.695736+02:00
295940151,de:11000:900024101:3:54,-0.8,2026-10-02T01:01:04.695736+02:00
295940151,de:11000:900024203:1:51,-0.8,2026-10-02T01:01:04.695736+02:00
295940151,de:11000:900023201:3:54,-0.7,2026-10-02T01:01:04.695736+02:00
295940151,de:11000:900003103:1:50,-0.8,2026-10-02T01:01:04.695736+02:00
295940151,de:11000:900003102:1:50,-0.9,2026-10-02T01:01:04.695736+02:00
295940151,de:11000:900003201:3:54,-0.5,2026-10-02T01:01:04.695736+02:00
295940151,de:11000:900100001:3:54,-0.1,2026-10-02T01:01:04.695736+02:00
295940151,de:11000:900100002:1:50,-0.4,2026-10-02T01:01:04.695736+02:00
295940151,de:11000:900100003:2:52,-0.1,2026-10-02T01:01:04.695736+02:00
295940151,de:11000:900100004:1:50,-0.4,2026-10-02T01:01:04.695736+02:00
295940151,de:11000:900120005:4:55,-0.6,2026-10-02T01:01:04.695736+02:00
295940151,de:11000:900120004:1:50,-0.1,2026-10-02T01:01:04.695736+02:00
295940151,de:11000:900120003:2:53,-0.4,2026-10-02T01:01:04.695736+02:00
295940151,de:11000:900160003:1:50,-0.7,2026-10-02T01:01:04.695736+02:00
295940151,de:11000:900160004:1:50,-0.7,2026-10-02T01:01:04.695736+02:00
295940151,de:11000:900171002:1:50,-0.2,2026-10-02T01:01:04.695736+02:00
295940151,de:11000:900171001:2:51,-0.3,2026-10-02T01:01:04.695736+02:00
295940151,de:11000:900175001:2:51,-0.5,2026-10-02T01:01:04.695736+02:00
295940151,de:11000:900175002:1:51,0.0,2026-10-02T01:01:04.695736+02:00
295940151,de:11000:900176001:2:52,-0.3,2026-10-02T01:01:04.695736+02:00
307420250,de:11000:900120003:6:60,0.0,2026-10-02T01:01:04.695736+02:00
307420250,de:11000:900160004:2:52,0.0,2026-10-02T01:01:04.695736+02:00
307420250,de:11000:900152001:2:52,0.0,2026-10-02T01:01:04.695736+02:00
307420250,de:12065:900200005:1:1,0.0,2026-10-02T01:01:04.695736+02:00
307420250,de:12065:900200041:1:50,0.0,2026-10-02T01:01:04.695736+02:00
307420250,de:12065:900200043:1:50,0.0,2026-10-02T01:01:04.695736+02:00
307420250,de:12065:900203961:1:50,0.0,2026-10-02T01:01:04.695736+02:00
307420250,de:12065:900203780:1:50,0.0,2026-10-02T01:01:04.695736+02:00
307420250,de:12065:900203942:1:50,0.0,2026-10-02T01:01:04.695736+02:00
307420250,de:12065:900203853:1:50,0.0,2026-10-02T01:01:04.695736+02:00
307420250,de:12065:900203898:1:50,0.0,2026-10-02T01:01:04.695736+02:00
307420250,de:12065:900203956:1:50,0.0,2026-10-02T01:01:04.695736+02:00
307420250,de:12073:900340353:1:50,0.0,2026-10-02T01:01:04.695736+02:00
307420250,de:12073:900340026:1:50,0.0,2026-10-02T01:01:04.695736+02:00
307420250,de:12073:900340027:1:50,0.0,2026-10-02T01:01:04.695736+02:00
306897213,de:12053:900360000::4,0.0,2026-10-02T01:01:04.695736+02:00
306897213,de:12053:900360021::4,0.0,2026-10-02T01:01:04.695736+02:00
306897213,de:12053:900360059::4,0.0,2026-10-02T01:01:04.695736+02:00
306897213,de:12053:900360041::4,0.0,2026-10-02T01:01:04.695736+02:00
306897213,de:12053:900360135::2,0.0,2026-10-02T01:01:04.695736+02:00
306897213,de:12053:900360083::2,0.0,2026-10-02T01:01:04.695736+02:00
306897213,de:12053:900360096::4,0.0,2026-10-02T01:01:04.695736+02:00
306897213,de:12053:900360213::4,0.0,2026-10-02T01:01:04.695736+02:00
306897213,de:12053:900360062::2,0.0,2026-10-02T01:01:04.695736+02:00
306897213,de:12067:900311485::1,0.0,2026-10-02T01:01:04.695736+02:00
306897213,de:12067:900311482::2,0.0,2026-10-02T01:01:04.695736+02:00
306897213,de:12067:900311489::1,0.0,2026-10-02T01:01:04.695736+02:00
306897213,de:12067:900311483::2,0.0,2026-10-02T01:01:04.695736+02:00
306897213,de:12067:900310935::1,0.0,2026-10-02T01:01:04.695736+02:00
306897213,de:12067:900310933::1,0.0,2026-10-02T01:01:04.695736+02:00
306897213,de:12067:900311540::2,0.0,2026-10-02T01:01:04.695736+02:00
306897213,de:12067:900310615::2,0.0,2026-10-02T01:01:04.695736+02:00
306897213,de:12067:900310725::2,0.0,2026-10-02T01:01:04.695736+02:00
306897213,de:12067:900310738::2,0.0,2026-10-02T01:01:04.695736+02:00
306897213,de:12067:900310639::1,0.0,2026-10-02T01:01:04.695736+02:00
306897213,de:12067:900310626::1,0.0,2026-10-02T01:01:04.695736+02:00
306897213,de:12067:900311129::6,0.0,2026-10-02T01:01:04.695736+02:00
295946209,de:12054:900230999:3:54,0.0,2026-10-02T01:01:04.695736+02:00
295946209,de:12054:900230000:1:50,-0.3,2026-10-02T01:01:04.695736+02:00
295946209,de:12054:900230003:1:54,-0.3,2026-10-02T01:01:04.695736+02:00
295946209,de:11000:900053301:2:53,-0.4,2026-10-02T01:01:04.695736+02:00
295946209,de:11000:900052201:2:53,-0.7,2026-10-02T01:01:04.695736+02:00
295946209,de:11000:900048101:2:53,-0.9,2026-10-02T01:01:04.695736+02:00
295946209,de:11000:900024102:2:53,-0.9,2026-10-02T01:01:04.695736+02:00
295946209,de:11000:900024101:3:55,-0.3,2026-10-02T01:01:04.695736+02:00
295946209,de:11000:900024203:1:51,-0.3,2026-10-02T01:01:04.695736+02:00
295946209,de:11000:900023201:3:54,-0.2,2026-10-02T01:01:04.695736+02:00
295946209,de:11000:900003103:1:50,-0.3,2026-10-02T01:01:04.695736+02:00
295946209,de:11000:900003102:1:50,-0.4,2026-10-02T01:01:04.695736+02:00
295946209,de:11000:900003201:3:54,0.0,2026-10-02T01:01:04.695736+02:00
295946209,de:11000:900100001:3:54,-0.6,2026-10-02T01:01:04.695736+02:00
295946209,de:11000:900100002:1:50,-0.9,2026-10-02T01:01:04.695736+02:00
295946209,de:11000:900100003:2:52,-0.6,2026-10-02T01:01:04.695736+02:00
295946209,de:11000:900100004:1:50,-0.9,2026-10-02T01:01:04.695736+02:00
295946209,de:11000:900120005:4:55,-0.1,2026-10-02T01:01:04.695736+02:00
295946209,de:11000:900120004:1:50,-0.6,2026-10-02T01:01:04.695736+02:00
295946209,de:11000:900120003:2:53,-0.9,2026-10-02T01:01:04.695736+02:00
295946209,de:11000:900160003:1:50,-0.2,2026-10-02T01:01:04.695736+02:00
295946209,de:11000:900160004:1:50,-0.2,2026-10-02T01:01:04.695736+02:00
295946209,de:11000:900171002:1:50,-0.7,2026-10-02T01:01:04.695736+02:00
295946209,de:11000:900171003:1:50,-0.8,2026-10-02T01:01:04.695736+02:00
295946209,de:11000:900170005:1:50,-0.3,2026-10-02T01:01:04.695736+02:00
295946209,de:11000:900170001:1:50,-0.1,2026-10-02T01:01:04.695736+02:00
295946209,de:11000:900170002:1:50,-0.9,2026-10-02T01:01:04.695736+02:00
295946209,de:11000:900170003:1:50,-0.7,2026-10-02T01:01:04.695736+02:00
295946209,de:11000:900170004:1:50,-0.9,2026-10-02T01:01:04.695736+02:00
295946196,de:12054:900230999:3:54,0.0,2026-10-02T01:01:04.695736+02:00
295946196,de:12054:900230000:1:50,-0.3,2026-10-02T01:01:04.695736+02:00
295946196,de:12054:900230003:1:54,-0.3,2026-10-02T01:01:04.695736+02:00
295946196,de:11000:900053301:2:53,-0.4,2026-10-02T01:01:04.695736+02:00
295946196,de:11000:900052201:2:53,-0.7,2026-10-02T01:01:04.695736+02:00
295946196,de:11000:900048101:2:53,-0.9,2026-10-02T01:01:04.695736+02:00
295946196,de:11000:900024102:2:53,-0.9,2026-10-02T01:01:04.695736+02:00
295946196,de:11000:900024101:3:55,-0.3,2026-10-02T01:01:04.695736+02:00
295946196,de:11000:900024203:1:51,-0.3,2026-10-02T01:01:04.695736+02:00
295946196,de:11000:900023201:3:54,-0.2,2026-10-02T01:01:04.695736+02:00
295946196,de:11000:900003103:1:50,-0.3,2026-10-02T01:01:04.695736+02:00
295946196,de:11000:900003102:1:50,-0.4,2026-10-02T01:01:04.695736+02:00
295946196,de:11000:900003201:3:54,0.0,2026-10-02T01:01:04.695736+02:00
295946196,de:11000:900100001:3:54,-0.6,2026-10-02T01:01:04.695736+02:00
295946196,de:11000:900100002:1:50,-0.9,2026-10-02T01:01:04.695736+02:00
295946196,de:11000:900100003:2:52,-0.6,2026-10-02T01:01:04.695736+02:00
295946196,de:11000:900100004:1:50,-0.9,2026-10-02T01:01:04.695736+02:00
295946196,de:11000:900120005:4:55,-0.1,2026-10-02T01:01:04.695736+02:00
295946196,de:11000:900120004:1:50,-0.6,2026-10-02T01:01:04.695736+02:00
295946196,de:11000:900120003:2:53,-0.9,2026-10-02T01:01:04.695736+02:00
295946196,de:11000:900160003:1:50,-0.2,2026-10-02T01:01:04.695736+02:00
295946196,de:11000:900160004:1:50,-0.2,2026-10-02T01:01:04.695736+02:00
295946196,de:11000:900171002:1:50,-0.7,2026-10-02T01:01:04.695736+02:00
295946196,de:11000:900171003:1:50,-0.8,2026-10-02T01:01:04.695736+02:00
295946196,de:11000:900170005:1:50,-0.3,2026-10-02T01:01:04.695736+02:00
295946196,de:11000:900170001:1:50,-0.1,2026-10-02T01:01:04.695736+02:00
295946196,de:11000:900170002:1:50,-0.9,2026-10-02T01:01:04.695736+02:00
295946196,de:11000:900170003:1:50,-0.7,2026-10-02T01:01:04.695736+02:00
295946196,de:11000:900170004:1:50,-0.9,2026-10-02T01:01:04.695736+02:00
295946279,de:11000:900170004:1:50,0.0,2026-10-02T01:01:04.695736+02:00
295946279,de:11000:900170003:1:51,-0.3,2026-10-02T01:01:04.695736+02:00
295946279,de:11000:900170002:1:51,-0.1,2026-10-02T01:01:04.695736+02:00
295946279,de:11000:900170001:1:51,-0.9,2026-10-02T01:01:04.695736+02:00
295946279,de:11000:900170005:1:51,-0.7,2026-10-02T01:01:04.695736+02:00
295946279,de:11000:900171003:1:51,-0.6,2026-10-02T01:01:04.695736+02:00
295946279,de:11000:900171002:1:51,-0.9,2026-10-02T01:01:04.695736+02:00
295946279,de:11000:900160004:1:51,-0.3,2026-10-02T01:01:04.695736+02:00
295946279,de:11000:900160003:1:51,-0.4,2026-10-02T01:01:04.695736+02:00
295946279,de:11000:900120003:3:55,-0.6,2026-10-02T01:01:04.695736+02:00
295946279,de:11000:900120004:2:53,-0.1,2026-10-02T01:01:04.695736+02:00
295946279,de:11000:900120005:5:58,-0.4,2026-10-02T01:01:04.695736+02:00
295946279,de:11000:900100004:1:51,-0.9,2026-10-02T01:01:04.695736+02:00
295946279,de:11000:900100003:2:53,-0.9,2026-10-02T01:01:04.695736+02:00
295946279,de:11000:900100002:1:51,-0.9,2026-10-02T01:01:04.695736+02:00
295946279,de:11000:900100001:3:55,-0.9,2026-10-02T01:01:04.695736+02:00
295946279,de:11000:900003201:3:55,-0.6,2026-10-02T01:01:04.695736+02:00
295946279,de:11000:900003102:1:51,-0.3,2026-10-02T01:01:04.695736+02:00
295946279,de:11000:900003103:1:51,-0.4,2026-10-02T01:01:04.695736+02:00
295946279,de:11000:900023201:3:55,-0.3,2026-10-02T01:01:04.695736+02:00
295946279,de:11000:900024203:1:51,-0.3,2026-10-02T01:01:04.695736+02:00
295946279,de:11000:900024101:4:57,-0.3,2026-10-02T01:01:04.695736+02:00
295946279,de:11000:900024102:1:50,-0.6,2026-10-02T01:01:04.695736+02:00
295946279,de:11000:900048101:1:50,-0.8,2026-10-02T01:01:04.695736+02:00
295946279,de:11000:900052201:2:52,0.0,2026-10-02T01:01:04.695736+02:00
295946279,de:11000:900053301:1:50,-0.4,2026-10-02T01:01:04.695736+02:00
295946279,de:12054:900230003:1:50,-0.4,2026-10-02T01:01:04.695736+02:00
295946279,de:12054:900230000:1:51,-0.4,2026-10-02T01:01:04.695736+02:00
295946279,de:12054:900230999:3:55,-0.9,2026-10-02T01:01:04.695736+02:00
295953584,de:11000:900151001:1:51,0.0,2026-10-02T01:01:04.695736+02:00
295953584,de:11000:900152001:1:51,-0.6,2026-10-02T01:01:04.695736+02:00
295953584,de:11000:900152002:1:51,-0.2,2026-10-02T01:01:04.695736+02:00
295953584,de:11000:900171003:1:51,-0.9,2026-10-02T01:01:04.695736+02:00
295953584,de:11000:900171002:1:51,-0.9,2026-10-02T01:01:04.695736+02:00
295953584,de:11000:900160004:1:51,-0.3,2026-10-02T01:01:04.695736+02:00
295953584,de:11000:900160003:1:51,-0.4,2026-10-02T01:01:04.695736+02:00
295953584,de:11000:900120003:3:54,-0.6,2026-10-02T01:01:04.695736+02:00
295953584,de:11000:900120004:2:52,-0.1,2026-10-02T01:01:04.695736+02:00
295953483,de:11000:900120004:1:51,0.0,2026-10-02T01:01:04.695736+02:00
295953483,de:11000:900120003:2:52,-0.9,2026-10-02T01:01:04.695736+02:00
295953483,de:11000:900160003:1:50,-0.2,2026-10-02T01:01:04.695736+02:00
295953483,de:11000:900160004:1:50,-0.2,2026-10-02T01:01:04.695736+02:00
295953483,de:11000:900171002:1:50,-0.7,2026-10-02T01:01:04.695736+02:00
295953483,de:11000:900171003:1:50,-0.8,2026-10-02T01:01:04.695736+02:00
295953483,de:11000:900152002:1:50,-0.4,2026-10-02T01:01:04.695736+02:00
295953483,de:11000:900152001:1:50,-0.6,2026-10-02T01:01:04.695736+02:00
295953483,de:11000:900151001:1:51,-0.9,2026-10-02T01:01:04.695736+02:00
295949479,de:12054:900230999:3:55,0.0,2026-10-02T01:01:04.695736+02:00
295949479,de:12054:900230000:1:50,-0.3,2026-10-02T01:01:04.695736+02:00
295949479,de:12054:900230003:1:54,-0.3,2026-10-02T01:01:04.695736+02:00
295949479,de:11000:900053301:2:53,-0.4,2026-10-02T01:01:04.695736+02:00
295949479,de:11000:900052201:2:53,-0.7,2026-10-02T01:01:04.695736+02:00
295949479,de:11000:900048101:2:53,-0.9,2026-10-02T01:01:04.695736+02:00
295949479,de:11000:900024102:2:53,-0.9,2026-10-02T01:01:04.695736+02:00
295949479,de:11000:900024101:3:55,-0.3,2026-10-02T01:01:04.695736+02:00
295949479,de:11000:900024203:1:51,-0.3,2026-10-02T01:01:04.695736+02:00
295949479,de:11000:900023201:3:54,-0.2,2026-10-02T01:01:04.695736+02:00
295949479,de:11000:900003103:1:50,-0.3,2026-10-02T01:01:04.695736+02:00
295949479,de:11000:900003102:1:50,-0.4,2026-10-02T01:01:04.695736+02:00
295949479,de:11000:900003201:3:54,0.0,2026-10-02T01:01:04.695736+02:00
295949479,de:11000:900100001:3:54,-0.6,2026-10-02T01:01:04.695736+02:00
295949479,de:11000:900100002:1:50,-0.9,2026-10-02T01:01:04.695736+02:00
295949479,de:11000:900100003:2:52,-0.6,2026-10-02T01:01:04.695736+02:00
295949479,de:11000:900100004:1:50,-0.9,2026-10-02T01:01:04.695736+02:00
295949479,de:11000:900120005:4:55,-0.1,2026-10-02T01:01:04.695736+02:00
295949479,de:11000:900120004:1:50,-0.6,2026-10-02T01:01:04.695736+02:00
295949479,de:11000:900120003:2:53,-0.9,2026-10-02T01:01:04.695736+02:00
295949479,de:11000:900160003:1:50,-0.2,2026-10-02T01:01:04.695736+02:00
295949479,de:11000:900160004:1:50,-0.2,2026-10-02T01:01:04.695736+02:00
295949479,de:11000:900171002:1:50,-0.7,2026-10-02T01:01:04.695736+02:00
295949479,de:11000:900171003:1:50,-0.8,2026-10-02T01:01:04.695736+02:00
295949479,de:11000:900170005:1:50,-0.3,2026-10-02T01:01:04.695736+02:00
295949479,de:11000:900170001:1:50,-0.1,2026-10-02T01:01:04.695736+02:00
295949479,de:11000:900170002:1:50,-0.9,2026-10-02T01:01:04.695736+02:00
295949479,de:11000:900170003:1:50,-0.7,2026-10-02T01:01:04.695736+02:00
295949479,de:11000:900170004:2:52,-0.9,2026-10-02T01:01:04.695736+02:00
295956008,de:11000:900120004:1:51,0.0,2026-10-02T01:01:04.695736+02:00
295956008,de:11000:900120003:2:52,-0.9,2026-10-02T01:01:04.695736+02:00
295956008,de:11000:900160003:1:50,-0.2,2026-10-02T01:01:04.695736+02:00
295956008,de:11000:900160004:1:50,-0.2,2026-10-02T01:01:04.695736+02:00
295956008,de:11000:900171002:1:50,-0.7,2026-10-02T01:01:04.695736+02:00
295956008,de:11000:900171003:1:50,-0.8,2026-10-02T01:01:04.695736+02:00
295956008,de:11000:900152002:1:50,-0.4,2026-10-02T01:01:04.695736+02:00
295956008,de:11000:900152001:1:50,-0.6,2026-10-02T01:01:04.695736+02:00
295956008,de:11000:900151001:1:50,-0.9,2026-10-02T01:01:04.695736+02:00
307436070,de:12066:900435000:2:53,0.0,2026-10-02T01:01:04.695736+02:00
307436070,de:12066:900435001:2:51,0.0,2026-10-02T01:01:04.695736+02:00
307436070,de:12066:900435339:1:50,0.0,2026-10-02T01:01:04.695736+02:00
307436070,de:12066:900435209:1:50,0.0,2026-10-02T01:01:04.695736+02:00
307436070,de:12066:900435818:1:50,0.0,2026-10-02T01:01:04.695736+02:00
307436070,de:12066:900435459:1:50,0.0,2026-10-02T01:01:04.695736+02:00
307436070,de:12066:900435602:2:51,0.0,2026-10-02T01:01:04.695736+02:00
307436070,de:12061:900261512:2:52,0.0,2026-10-02T01:01:04.695736+02:00
295949433,de:12054:900230999:3:55,0.0,2026-10-02T01:01:04.695736+02:00
295949433,de:12054:900230000:1:50,-0.3,2026-10-02T01:01:04.695736+02:00
295949433,de:12054:900230003:1:54,-0.3,2026-10-02T01:01:04.695736+02:00
295949433,de:11000:900053301:2:53,-0.4,2026-10-02T01:01:04.695736+02:00
295949433,de:11000:900052201:2:53,-0.7,2026-10-02T01:01:04.695736+02:00
295949433,de:11000:900048101:2:53,-0.9,2026-10-02T01:01:04.695736+02:00
295949433,de:11000:900024102:2:53,-0.9,2026-10-02T01:01:04.695736+02:00
295949433,de:11000:900024101:3:54,-0.3,2026-10-02T01:01:04.695736+02:00
295949433,de:11000:900024203:1:51,-0.3,2026-10-02T01:01:04.695736+02:00
295949433,de:11000:900023201:3:54,-0.2,2026-10-02T01:01:04.695736+02:00
295949433,de:11000:900003103:1:50,-0.3,2026-10-02T01:01:04.695736+02:00
295949433,de:11000:900003102:1:50,-0.4,2026-10-02T01:01:04.695736+02:00
295949433,de:11000:900003201:3:54,0.0,2026-10-02T01:01:04.695736+02:00
295949433,de:11000:900100001:3:54,-0.6,2026-10-02T01:01:04.695736+02:00
295949433,de:11000:900100002:1:50,-0.9,2026-10-02T01:01:04.695736+02:00
295949433,de:11000:900100003:2:52,-0.6,2026-10-02T01:01:04.695736+02:00
295949433,de:11000:900100004:1:50,-0.9,2026-10-02T01:01:04.695736+02:00
295949433,de:11000:900120005:4:55,-0.1,2026-10-02T01:01:04.695736+02:00
295949433,de:11000:900120004:1:50,-0.6,2026-10-02T01:01:04.695736+02:00
295949433,de:11000:900120003:2:53,-0.9,2026-10-02T01:01:04.695736+02:00
295949433,de:11000:900160003:1:50,-0.2,2026-10-02T01:01:04.695736+02:00
295949433,de:11000:900160004:1:50,-0.2,2026-10-02T01:01:04.695736+02:00
295949433,de:11000:900171002:1:50,-0.7,2026-10-02T01:01:04.695736+02:00
295949433,de:11000:900171003:1:50,-0.8,2026-10-02T01:01:04.695736+02:00
295949433,de:11000:900170005:1:50,-0.3,2026-10-02T01:01:04.695736+02:00
295949433,de:11000:900170001:1:50,-0.1,2026-10-02T01:01:04.695736+02:00
295949433,de:11000:900170002:1:50,-0.9,2026-10-02T01:01:04.695736+02:00
295949433,de:11000:900170003:1:50,-0.7,2026-10-02T01:01:04.695736+02:00
295949433,de:11000:900170004:2:52,-0.9,2026-10-02T01:01:04.695736+02:00
295949505,de:11000:900170004:2:52,0.0,2026-10-02T01:01:04.695736+02:00
295949505,de:11000:900170003:1:51,-0.3,2026-10-02T01:01:04.695736+02:00
295949505,de:11000:900170002:1:51,-0.1,2026-10-02T01:01:04.695736+02:00
295949505,de:11000:900170001:1:51,-0.9,2026-10-02T01:01:04.695736+02:00
295949505,de:11000:900170005:1:51,-0.7,2026-10-02T01:01:04.695736+02:00
295949505,de:11000:900171003:1:51,-0.6,2026-10-02T01:01:04.695736+02:00
295949505,de:11000:900171002:1:51,-0.9,2026-10-02T01:01:04.695736+02:00
295949505,de:11000:900160004:1:51,-0.3,2026-10-02T01:01:04.695736+02:00
295949505,de:11000:900160003:1:51,-0.4,2026-10-02T01:01:04.695736+02:00
295949505,de:11000:900120003:3:55,-0.6,2026-10-02T01:01:04.695736+02:00
295949505,de:11000:900120004:2:53,-0.1,2026-10-02T01:01:04.695736+02:00
295949505,de:11000:900120005:5:58,-0.4,2026-10-02T01:01:04.695736+02:00
295949505,de:11000:900100004:1:51,-0.9,2026-10-02T01:01:04.695736+02:00
295949505,de:11000:900100003:2:53,-0.9,2026-10-02T01:01:04.695736+02:00
295949505,de:11000:900100002:1:51,-0.9,2026-10-02T01:01:04.695736+02:00
295949505,de:11000:900100001:3:55,-0.9,2026-10-02T01:01:04.695736+02:00
295949505,de:11000:900003201:3:55,-0.6,2026-10-02T01:01:04.695736+02:00
295949505,de:11000:900003102:1:51,-0.3,2026-10-02T01:01:04.695736+02:00
295949505,de:11000:900003103:1:51,-0.4,2026-10-02T01:01:04.695736+02:00
295949505,de:11000:900023201:3:55,-0.3,2026-10-02T01:01:04.695736+02:00
295949505,de:11000:900024203:1:51,-0.3,2026-10-02T01:01:04.695736+02:00
295949505,de:11000:900024101:4:57,-0.3,2026-10-02T01:01:04.695736+02:00
295949505,de:11000:900024102:1:51,-0.6,2026-10-02T01:01:04.695736+02:00
295960103,de:11000:900186001:2:52,0.0,2026-10-02T01:01:04.695736+02:00
295960103,de:11000:900193002:1:51,-0.2,2026-10-02T01:01:04.695736+02:00
295960103,de:11000:900193001:2:51,-0.8,2026-10-02T01:01:04.695736+02:00
295960103,de:11000:900192001:3:55,-0.7,2026-10-02T01:01:04.695736+02:00
295960103,de:11000:900191001:1:50,-0.4,2026-10-02T01:01:04.695736+02:00
295960103,de:11000:900191002:1:51,-0.8,2026-10-02T01:01:04.695736+02:00
295960103,de:11000:900190001:2:53,-0.6,2026-10-02T01:01:04.695736+02:00
295960103,de:11000:900120003:5:59,0.0,2026-10-02T01:01:04.695736+02:00
295960103,de:11000:900120001:1:51,-0.6,2026-10-02T01:01:04.695736+02:00
295960103,de:11000:900110012:1:51,-0.8,2026-10-02T01:01:04.695736+02:00
295960103,de:11000:900110004:1:51,-0.7,2026-10-02T01:01:04.695736+02:00
295960103,de:11000:900110003:1:51,0.0,2026-10-02T01:01:04.695736+02:00
295960103,de:11000:900110002:1:51,0.0,2026-10-02T01:01:04.695736+02:00
295960103,de:11000:900110001:1:51,-0.7,2026-10-02T01:01:04.695736+02:00
295960103,de:11000:900110011:2:52,-0.4,2026-10-02T01:01:04.695736+02:00
295960103,de:11000:900130002:1:50,0.0,2026-10-02T01:01:04.695736+02:00
295960103,de:11000:900130001:1:50,-0.7,2026-10-02T01:01:04.695736+02:00
295960103,de:11000:900142001:1:50,-0.2,2026-10-02T01:01:04.695736+02:00
295960103,de:12065:900200013:1:50,-0.3,2026-10-02T01:01:04.695736+02:00
295960103,de:12065:900200012:1:50,-0.9,2026-10-02T01:01:04.695736+02:00
295960103,de:12065:900200011:1:50,-0.4,2026-10-02T01:01:04.695736+02:00
295960103,de:12065:900200009:1:50,-0.9,2026-10-02T01:01:04.695736+02:00
295960103,de:12065:900200008:1:50,-0.9,2026-10-02T01:01:04.695736+02:00
306895545,de:12067:900311083::3,0.0,2026-10-02T01:01:04.695736+02:00
306895545,de:12067:900310775::1,0.0,2026-10-02T01:01:04.695736+02:00
306895545,de:12067:900311083::2,0.0,2026-10-02T01:01:04.695736+02:00
306895545,de:12067:900310814::2,0.0,2026-10-02T01:01:04.695736+02:00
306895545,de:12067:900310804::2,0.0,2026-10-02T01:01:04.695736+02:00
306895545,de:12067:900311150::2,0.0,2026-10-02T01:01:04.695736+02:00
306895545,de:12067:900311135::2,0.0,2026-10-02T01:01:04.695736+02:00
306895545,de:12067:900311149::2,0.0,2026-10-02T01:01:04.695736+02:00
306895545,de:12067:900310001::11,0.0,2026-10-02T01:01:04.695736+02:00
306895545,de:12067:900310001::2,0.0,2026-10-02T01:01:04.695736+02:00
306895545,de:12067:900310816::1,0.0,2026-10-02T01:01:04.695736+02:00
306895545,de:12067:900310627::1,0.0,2026-10-02T01:01:04.695736+02:00
306895545,de:12067:900311151::1,0.0,2026-10-02T01:01:04.695736+02:00
306895545,de:12067:900311152::1,0.0,2026-10-02T01:01:04.695736+02:00
306895545,de:12067:900310823::1,0.0,2026-10-02T01:01:04.695736+02:00
306895545,de:12067:900310773::1,0.0,2026-10-02T01:01:04.695736+02:00
306895545,de:12067:900311109::1,0.0,2026-10-02T01:01:04.695736+02:00
306895545,de:12067:900310782::1,0.0,2026-10-02T01:01:04.695736+02:00
306895545,de:12067:900310010::2,0.0,2026-10-02T01:01:04.695736+02:00
306895545,de:12067:900310770::2,0.0,2026-10-02T01:01:04.695736+02:00
306895545,de:12067:900310695::2,0.0,2026-10-02T01:01:04.695736+02:00
306895545,de:12067:900310769::1,0.0,2026-10-02T01:01:04.695736+02:00
306895545,de:12067:900310810::2,0.0,2026-10-02T01:01:04.695736+02:00
306895545,de:12067:900310980::1,0.0,2026-10-02T01:01:04.695736+02:00
295963607,de:11000:900092201:1:51,0.0,2026-10-02T01:01:04.695736+02:00
295963607,de:11000:900093201:1:51,-0.4,2026-10-02T01:01:04.695736+02:00
295963607,de:11000:900094101:1:51,-0.3,2026-10-02T01:01:04.695736+02:00
295963607,de:11000:900096101:1:51,-0.1,2026-10-02T01:01:04.695736+02:00
295963607,de:11000:900084101:1:51,-0.2,2026-10-02T01:01:04.695736+02:00
295963607,de:11000:900085201:1:51,-0.8,2026-10-02T01:01:04.695736+02:00
295963607,de:11000:900130003:1:51,-0.8,2026-10-02T01:01:04.695736+02:00
295963607,de:11000:900110011:1:50,-0.9,2026-10-02T01:01:04.695736+02:00
295963607,de:11000:900110001:1:50,-0.2,2026-10-02T01:01:04.695736+02:00
295963607,de:11000:900110002:1:50,-0.9,2026-10-02T01:01:04.695736+02:00
295963607,de:11000:900110003:1:50,-0.9,2026-10-02T01:01:04.695736+02:00
295963607,de:11000:900110004:1:50,-0.3,2026-10-02T01:01:04.695736+02:00
295963607,de:11000:900110012:1:50,-0.2,2026-10-02T01:01:04.695736+02:00
295963607,de:11000:900120001:1:50,-0.2,2026-10-02T01:01:04.695736+02:00
295963607,de:11000:900120003:5:58,-0.6,2026-10-02T01:01:04.695736+02:00
295963607,de:11000:900190001:1:51,-0.1,2026-10-02T01:01:04.695736+02:00
295963607,de:11000:900191002:1:50,0.0,2026-10-02T01:01:04.695736+02:00
295963607,de:11000:900191001:2:52,-0.4,2026-10-02T01:01:04.695736+02:00
295963607,de:11000:900192001:2:52,-0.2,2026-10-02T01:01:04.695736+02:00
295963607,de:11000:900193001:1:50,-0.7,2026-10-02T01:01:04.695736+02:00
295963607,de:11000:900193002:1:50,-0.3,2026-10-02T01:01:04.695736+02:00
295963607,de:11000:900195510:1:51,-0.7,2026-10-02T01:01:04.695736+02:00
295963607,de:11000:900196001:1:50,-0.9,2026-10-02T01:01:04.695736+02:00
295963607,de:12061:900260005:3:54,-0.7,2026-10-02T01:01:04.695736+02:00
295963607,de:12061:900260080:1:50,0.0,2026-10-02T01:01:04.695736+02:00
295963607,de:12061:900260009:3:56,-0.2,2026-10-02T01:01:04.695736+02:00
295963581,de:11000:900092201:1:51,0.0,2026-10-02T01:01:04.695736+02:00
295963581,de:11000:900093201:1:51,-0.4,2026-10-02T01:01:04.695736+02:00
295963581,de:11000:900094101:1:51,-0.3,2026-10-02T01:01:04.695736+02:00
295963581,de:11000:900096101:1:51,-0.1,2026-10-02T01:01:04.695736+02:00
295963581,de:11000:900084101:1:51,-0.2,2026-10-02T01:01:04.695736+02:00
295963581,de:11000:900085201:1:51,-0.8,2026-10-02T01:01:04.695736+02:00
295963581,de:11000:900130003:1:51,-0.8,2026-10-02T01:01:04.695736+02:00
295963581,de:11000:900110011:1:50,-0.9,2026-10-02T01:01:04.695736+02:00
295963581,de:11000:900110001:1:50,-0.2,2026-10-02T01:01:04.695736+02:00
295963581,de:11000:900110002:1:50,-0.9,2026-10-02T01:01:04.695736+02:00
295963581,de:11000:900110003:1:50,-0.9,2026-10-02T01:01:04.695736+02:00
295963581,de:11000:900110004:1:50,-0.3,2026-10-02T01:01:04.695736+02:00
295963581,de:11000:900110012:1:50,-0.2,2026-10-02T01:01:04.695736+02:00
295963581,de:11000:900120001:1:50,-0.2,2026-10-02T01:01:04.695736+02:00
295963581,de:11000:900120003:5:58,-0.6,2026-10-02T01:01:04.695736+02:00
295963581,de:11000:900190001:1:51,-0.1,2026-10-02T01:01:04.695736+02:00
295963581,de:11000:900191002:1:50,0.0,2026-10-02T01:01:04.695736+02:00
295963581,de:11000:900191001:2:52,-0.4,2026-10-02T01:01:04.695736+02:00
295963581,de:11000:900192001:2:52,-0.2,2026-10-02T01:01:04.695736+02:00
295963581,de:11000:900193001:1:50,-0.7,2026-10-02T01:01:04.695736+02:00
295963581,de:11000:900193002:1:50,-0.3,2026-10-02T01:01:04.695736+02:00
295963581,de:11000:900195510:1:51,-0.7,2026-10-02T01:01:04.695736+02:00
295963581,de:11000:900196001:1:50,-0.9,2026-10-02T01:01:04.695736+02:00
295963581,de:12061:900260005:3:54,-0.7,2026-10-02T01:01:04.695736+02:00
295963581,de:12061:900260080:1:50,0.0,2026-10-02T01:01:04.695736+02:00
295963581,de:12061:900260009:3:56,-0.2,2026-10-02T01:01:04.695736+02:00
306895582,de:12067:900310980::1,0.0,2026-10-02T01:01:04.695736+02:00
306895582,de:12067:900310810::1,0.0,2026-10-02T01:01:04.695736+02:00
306895582,de:12067:900310769::2,0.0,2026-10-02T01:01:04.695736+02:00
306895582,de:12067:900310695::3,0.0,2026-10-02T01:01:04.695736+02:00
306895582,de:12067:900310770::1,0.0,2026-10-02T01:01:04.695736+02:00
306895582,de:12067:900310010::3,0.0,2026-10-02T01:01:04.695736+02:00
306895582,de:12067:900310782::2,0.0,2026-10-02T01:01:04.695736+02:00
306895582,de:12067:900311109::2,0.0,2026-10-02T01:01:04.695736+02:00
306895582,de:12067:900310773::2,0.0,2026-10-02T01:01:04.695736+02:00
306895582,de:12067:900310823::2,0.0,2026-10-02T01:01:04.695736+02:00
306895582,de:12067:900311152::2,0.0,2026-10-02T01:01:04.695736+02:00
306895582,de:12067:900311151::2,0.0,2026-10-02T01:01:04.695736+02:00
306895582,de:12067:900310627::2,0.0,2026-10-02T01:01:04.695736+02:00
306895582,de:12067:900310816::2,0.0,2026-10-02T01:01:04.695736+02:00
306895582,de:12067:900310022::1,0.0,2026-10-02T01:01:04.695736+02:00
306895582,de:12067:900310001::11,0.0,2026-10-02T01:01:04.695736+02:00
306895582,de:12067:900310001::1,0.0,2026-10-02T01:01:04.695736+02:00
306895582,de:12067:900311149::1,0.0,2026-10-02T01:01:04.695736+02:00
306895582,de:12067:900311135::1,0.0,2026-10-02T01:01:04.695736+02:00
306895582,de:12067:900311150::1,0.0,2026-10-02T01:01:04.695736+02:00
306895582,de:12067:900310804::1,0.0,2026-10-02T01:01:04.695736+02:00
306895582,de:12067:900310814::1,0.0,2026-10-02T01:01:04.695736+02:00
306895582,de:12067:900311083::3,0.0,2026-10-02T01:01:04.695736+02:00
306895595,de:12067:900310980::1,0.0,2026-10-02T01:01:04.695736+02:00
306895595,de:12067:900310810::1,0.0,2026-10-02T01:01:04.695736+02:00
306895595,de:12067:900310769::2,0.0,2026-10-02T01:01:04.695736+02:00
306895595,de:12067:900310695::3,0.0,2026-10-02T01:01:04.695736+02:00
306895595,de:12067:900310770::1,0.0,2026-10-02T01:01:04.695736+02:00
306895595,de:12067:900310010::3,0.0,2026-10-02T01:01:04.695736+02:00
306895595,de:12067:900310782::2,0.0,2026-10-02T01:01:04.695736+02:00
306895595,de:12067:900311109::2,0.0,2026-10-02T01:01:04.695736+02:00
306895595,de:12067:900310773::2,0.0,2026-10-02T01:01:04.695736+02:00
306895595,de:12067:900310823::2,0.0,2026-10-02T01:01:04.695736+02:00
306895595,de:12067:900311152::2,0.0,2026-10-02T01:01:04.695736+02:00
306895595,de:12067:900311151::2,0.0,2026-10-02T01:01:04.695736+02:00
306895595,de:12067:900310627::2,0.0,2026-10-02T01:01:04.695736+02:00
306895595,de:12067:900310816::2,0.0,2026-10-02T01:01:04.695736+02:00
306895595,de:12067:900310022::1,0.0,2026-10-02T01:01:04.695736+02:00
306895595,de:12067:900310001::11,0.0,2026-10-02T01:01:04.695736+02:00
306895595,de:12067:900310001::1,0.0,2026-10-02T01:01:04.695736+02:00
306895595,de:12067:900311149::1,0.0,2026-10-02T01:01:04.695736+02:00
306895595,de:12067:900311135::1,0.0,2026-10-02T01:01:04.695736+02:00
306895595,de:12067:900311150::1,0.0,2026-10-02T01:01:04.695736+02:00
306895595,de:12067:900310804::1,0.0,2026-10-02T01:01:04.695736+02:00
306895595,de:12067:900310814::1,0.0,2026-10-02T01:01:04.695736+02:00
306895595,de:12067:900311083::3,0.0,2026-10-02T01:01:04.695736+02:00
295967961,de:12061:900260009:3:55,0.0,2026-10-02T01:01:04.695736+02:00
295967961,de:12061:900260080:1:51,-0.7,2026-10-02T01:01:04.695736+02:00
295967961,de:12061:900260005:3:55,0.0,2026-10-02T01:01:04.695736+02:00
295967961,de:11000:900196001:1:51,0.0,2026-10-02T01:01:04.695736+02:00
295967961,de:11000:900195510:1:50,-0.4,2026-10-02T01:01:04.695736+02:00
295967961,de:11000:900193002:1:51,-0.6,2026-10-02T01:01:04.695736+02:00
295967961,de:11000:900193001:2:51,-0.3,2026-10-02T01:01:04.695736+02:00
295967961,de:11000:900192001:3:55,-0.2,2026-10-02T01:01:04.695736+02:00
295967961,de:11000:900191001:1:50,0.0,2026-10-02T01:01:04.695736+02:00
295967961,de:11000:900191002:1:51,-0.7,2026-10-02T01:01:04.695736+02:00
295967961,de:11000:900190001:2:53,-0.4,2026-10-02T01:01:04.695736+02:00
295967961,de:11000:900120004:2:53,-0.9,2026-10-02T01:01:04.695736+02:00
295967961,de:11000:900120005:5:58,-0.1,2026-10-02T01:01:04.695736+02:00
295967961,de:11000:900100004:1:51,-0.4,2026-10-02T01:01:04.695736+02:00
295967961,de:11000:900100003:2:53,-0.4,2026-10-02T01:01:04.695736+02:00
295967961,de:11000:900100002:1:51,-0.4,2026-10-02T01:01:04.695736+02:00
295967961,de:11000:900100001:3:55,-0.4,2026-10-02T01:01:04.695736+02:00
295967961,de:11000:900003201:3:55,-0.1,2026-10-02T01:01:04.695736+02:00
295967961,de:11000:900003102:1:51,-0.8,2026-10-02T01:01:04.695736+02:00
295967961,de:11000:900003103:1:51,-0.9,2026-10-02T01:01:04.695736+02:00
295967961,de:11000:900023201:3:55,-0.8,2026-10-02T01:01:04.695736+02:00
295967961,de:11000:900024203:1:51,-0.8,2026-10-02T01:01:04.695736+02:00
295967961,de:11000:900024101:4:57,-0.8,2026-10-02T01:01:04.695736+02:00
295967961,de:11000:900024102:1:50,-0.1,2026-10-02T01:01:04.695736+02:00
295967961,de:11000:900025423:1:50,-0.4,2026-10-02T01:01:04.695736+02:00
295967961,de:11000:900026105:1:50,-0.7,2026-10-02T01:01:04.695736+02:00
295967961,de:11000:900025321:1:50,-0.3,2026-10-02T01:01:04.695736+02:00
295967961,de:11000:900025424:1:50,-0.3,2026-10-02T01:01:04.695736+02:00
295967961,de:11000:900030202:1:50,-0.9,2026-10-02T01:01:04.695736+02:00
295967961,de:11000:900029101:1:51,-0.9,2026-10-02T01:01:04.695736+02:00
307332423,de:11000:900029101:1:51,0.0,2026-10-02T01:01:04.695736+02:00
307332423,de:11000:900030202:1:50,-0.3,2026-10-02T01:01:04.695736+02:00
307332423,de:11000:900025424:1:51,-0.2,2026-10-02T01:01:04.695736+02:00
307332423,de:11000:900025321:1:51,-0.2,2026-10-02T01:01:04.695736+02:00
307332423,de:11000:900026105:1:50,-0.4,2026-10-02T01:01:04.695736+02:00
307332423,de:11000:900025423:1:50,-0.7,2026-10-02T01:01:04.695736+02:00
307332423,de:11000:900024102:2:53,-0.7,2026-10-02T01:01:04.695736+02:00
307332423,de:11000:900024101:3:55,-0.3,2026-10-02T01:01:04.695736+02:00
307332423,de:11000:900024203:1:51,-0.8,2026-10-02T01:01:04.695736+02:00
307332423,de:11000:900023201:3:54,-0.7,2026-10-02T01:01:04.695736+02:00
307332423,de:11000:900003103:1:50,-0.8,2026-10-02T01:01:04.695736+02:00
307332423,de:11000:900003102:1:50,-0.9,2026-10-02T01:01:04.695736+02:00
307332423,de:11000:900003201:3:54,-0.5,2026-10-02T01:01:04.695736+02:00
307332423,de:11000:900100001:3:54,-0.1,2026-10-02T01:01:04.695736+02:00
307332423,de:11000:900100002:1:50,-0.4,2026-10-02T01:01:04.695736+02:00
307332423,de:11000:900100003:2:52,-0.1,2026-10-02T01:01:04.695736+02:00
307332423,de:11000:900100004:1:50,-0.4,2026-10-02T01:01:04.695736+02:00
307332423,de:11000:900120005:4:55,-0.6,2026-10-02T01:01:04.695736+02:00
307332423,de:11000:900120004:1:50,-0.1,2026-10-02T01:01:04.695736+02:00
307332423,de:11000:900190001:1:51,-0.2,2026-10-02T01:01:04.695736+02:00
307332423,de:11000:900191002:1:50,0.0,2026-10-02T01:01:04.695736+02:00
307332423,de:11000:900191001:2:52,-0.4,2026-10-02T01:01:04.695736+02:00
307332423,de:11000:900192001:2:52,-0.7,2026-10-02T01:01:04.695736+02:00
307332423,de:11000:900193001:1:50,-0.2,2026-10-02T01:01:04.695736+02:00
307332423,de:11000:900193002:1:50,-0.8,2026-10-02T01:01:04.695736+02:00
307332423,de:11000:900195510:1:51,-0.2,2026-10-02T01:01:04.695736+02:00
307332423,de:11000:900196001:1:50,-0.4,2026-10-02T01:01:04.695736+02:00
307332423,de:12061:900260005:3:54,-0.2,2026-10-02T01:01:04.695736+02:00
307332423,de:12061:900260080:1:50,-0.7,2026-10-02T01:01:04.695736+02:00
307332423,de:12061:900260009:3:55,-0.9,2026-10-02T01:01:04.695736+02:00
295967888,de:12061:900260009:3:55,0.0,2026-10-02T01:01:04.695736+02:00
295967888,de:12061:900260080:1:51,-0.7,2026-10-02T01:01:04.695736+02:00
295967888,de:12061:900260005:3:55,0.0,2026-10-02T01:01:04.695736+02:00
295967888,de:11000:900196001:1:51,0.0,2026-10-02T01:01:04.695736+02:00
295967888,de:11000:900195510:1:50,-0.4,2026-10-02T01:01:04.695736+02:00
295967888,de:11000:900193002:1:51,-0.6,2026-10-02T01:01:04.695736+02:00
295967888,de:11000:900193001:2:51,-0.3,2026-10-02T01:01:04.695736+02:00
295967888,de:11000:900192001:3:55,-0.2,2026-10-02T01:01:04.695736+02:00
295967888,de:11000:900191001:1:50,0.0,2026-10-02T01:01:04.695736+02:00
295967888,de:11000:900191002:1:51,-0.7,2026-10-02T01:01:04.695736+02:00
295967888,de:11000:900190001:2:53,-0.4,2026-10-02T01:01:04.695736+02:00
295967888,de:11000:900120004:2:52,-0.9,2026-10-02T01:01:04.695736+02:00
295967888,de:11000:900120005:5:57,-0.1,2026-10-02T01:01:04.695736+02:00
295967888,de:11000:900100004:1:51,-0.4,2026-10-02T01:01:04.695736+02:00
295967888,de:11000:900100003:2:53,-0.4,2026-10-02T01:01:04.695736+02:00
295967888,de:11000:900100002:1:51,-0.4,2026-10-02T01:01:04.695736+02:00
295967888,de:11000:900100001:3:55,-0.4,2026-10-02T01:01:04.695736+02:00
295967888,de:11000:900003201:3:55,-0.1,2026-10-02T01:01:04.695736+02:00
295967888,de:11000:900003102:1:51,-0.8,2026-10-02T01:01:04.695736+02:00
295967888,de:11000:900003103:1:51,-0.9,2026-10-02T01:01:04.695736+02:00
295967888,de:11000:900023201:3:55,-0.8,2026-10-02T01:01:04.695736+02:00
295967888,de:11000:900024203:1:51,-0.8,2026-10-02T01:01:04.695736+02:00
295967888,de:11000:900024101:4:57,-0.8,2026-10-02T01:01:04.695736+02:00
295967888,de:11000:900024102:1:50,-0.1,2026-10-02T01:01:04.695736+02:00
295967888,de:11000:900025423:1:50,-0.4,2026-10-02T01:01:04.695736+02:00
295967888,de:11000:900026105:1:50,-0.7,2026-10-02T01:01:04.695736+02:00
295967888,de:11000:900025321:1:50,-0.3,2026-10-02T01:01:04.695736+02:00
295967888,de:11000:900025424:1:50,-0.3,2026-10-02T01:01:04.695736+02:00
295967888,de:11000:900030202:1:50,-0.9,2026-10-02T01:01:04.695736+02:00
295967888,de:11000:900029101:1:51,-0.9,2026-10-02T01:01:04.695736+02:00
307332654,de:11000:900029101:1:51,0.0,2026-10-02T01:01:04.695736+02:00
307332654,de:11000:900030202:1:50,-0.3,2026-10-02T01:01:04.695736+02:00
307332654,de:11000:900025424:1:51,-0.2,2026-10-02T01:01:04.695736+02:00
307332654,de:11000:900025321:1:51,-0.2,2026-10-02T01:01:04.695736+02:00
307332654,de:11000:900026105:1:50,-0.4,2026-10-02T01:01:04.695736+02:00
307332654,de:11000:900025423:1:50,-0.7,2026-10-02T01:01:04.695736+02:00
307332654,de:11000:900024102:2:53,-0.7,2026-10-02T01:01:04.695736+02:00
307332654,de:11000:900024101:3:55,-0.3,2026-10-02T01:01:04.695736+02:00
307332654,de:11000:900024203:1:51,-0.8,2026-10-02T01:01:04.695736+02:00
307332654,de:11000:900023201:3:54,-0.7,2026-10-02T01:01:04.695736+02:00
307332654,de:11000:900003103:1:50,-0.8,2026-10-02T01:01:04.695736+02:00
307332654,de:11000:900003102:1:50,-0.9,2026-10-02T01:01:04.695736+02:00
307332654,de:11000:900003201:3:54,-0.5,2026-10-02T01:01:04.695736+02:00
307332654,de:11000:900100001:3:54,-0.1,2026-10-02T01:01:04.695736+02:00
307332654,de:11000:900100002:1:50,-0.4,2026-10-02T01:01:04.695736+02:00
307332654,de:11000:900100003:2:52,-0.1,2026-10-02T01:01:04.695736+02:00
307332654,de:11000:900100004:1:50,-0.4,2026-10-02T01:01:04.695736+02:00
307332654,de:11000:900120005:4:56,-0.6,2026-10-02T01:01:04.695736+02:00
307332654,de:11000:900120004:1:51,-0.1,2026-10-02T01:01:04.695736+02:00
307332654,de:11000:900190001:1:51,-0.2,2026-10-02T01:01:04.695736+02:00
307332654,de:11000:900191002:1:50,0.0,2026-10-02T01:01:04.695736+02:00
307332654,de:11000:900191001:2:52,-0.4,2026-10-02T01:01:04.695736+02:00
307332654,de:11000:900192001:2:52,-0.7,2026-10-02T01:01:04.695736+02:00
307332654,de:11000:900193001:1:50,-0.2,2026-10-02T01:01:04.695736+02:00
307332654,de:11000:900193002:1:50,-0.8,2026-10-02T01:01:04.695736+02:00
307332654,de:11000:900195510:1:51,-0.2,2026-10-02T01:01:04.695736+02:00
307332654,de:11000:900196001:1:50,-0.4,2026-10-02T01:01:04.695736+02:00
307332654,de:12061:900260005:3:54,-0.2,2026-10-02T01:01:04.695736+02:00
307332654,de:12061:900260080:1:50,-0.7,2026-10-02T01:01:04.695736+02:00
307332654,de:12061:900260009:3:55,-0.9,2026-10-02T01:01:04.695736+02:00
306049397,de:12064:900320009::1,0.0,2026-10-02T01:01:04.695736+02:00
306049397,de:12064:900320676::1,0.0,2026-10-02T01:01:04.695736+02:00
306049397,de:12064:900320681::1,0.0,2026-10-02T01:01:04.695736+02:00
306049397,de:12064:900320687::1,0.0,2026-10-02T01:01:04.695736+02:00
306049397,de:12064:900320677::1,0.0,2026-10-02T01:01:04.695736+02:00
306049397,de:12064:900320688::1,0.0,2026-10-02T01:01:04.695736+02:00
306049397,de:12064:900320683::1,0.0,2026-10-02T01:01:04.695736+02:00
306049397,de:12064:900320703::1,0.0,2026-10-02T01:01:04.695736+02:00
306049397,de:12064:900320684::1,0.0,2026-10-02T01:01:04.695736+02:00
306049397,de:12064:900320700::1,0.0,2026-10-02T01:01:04.695736+02:00
306049397,de:12064:900320701::1,0.0,2026-10-02T01:01:04.695736+02:00
306049397,de:12064:900320631::1,0.0,2026-10-02T01:01:04.695736+02:00
306049397,de:12064:900320611::1,0.0,2026-10-02T01:01:04.695736+02:00
306049397,de:12064:900320635::1,0.0,2026-10-02T01:01:04.695736+02:00
306049397,de:12064:900320005::1,0.0,2026-10-02T01:01:04.695736+02:00
306049343,de:12064:900320005::2,0.0,2026-10-02T01:01:04.695736+02:00
306049343,de:12064:900320635::2,0.0,2026-10-02T01:01:04.695736+02:00
306049343,de:12064:900320611::2,0.0,2026-10-02T01:01:04.695736+02:00
306049343,de:12064:900320631::2,0.0,2026-10-02T01:01:04.695736+02:00
306049343,de:12064:900320701::2,0.0,2026-10-02T01:01:04.695736+02:00
306049343,de:12064:900320700::2,0.0,2026-10-02T01:01:04.695736+02:00
306049343,de:12064:900320684::2,0.0,2026-10-02T01:01:04.695736+02:00
306049343,de:12064:900320703::2,0.0,2026-10-02T01:01:04.695736+02:00
306049343,de:12064:900320683::2,0.0,2026-10-02T01:01:04.695736+02:00
306049343,de:12064:900320688::2,0.0,2026-10-02T01:01:04.695736+02:00
306049343,de:12064:900320677::2,0.0,2026-10-02T01:01:04.695736+02:00
306049343,de:12064:900320687::2,0.0,2026-10-02T01:01:04.695736+02:00
306049343,de:12064:900320681::2,0.0,2026-10-02T01:01:04.695736+02:00
306049343,de:12064:900320676::2,0.0,2026-10-02T01:01:04.695736+02:00
306049343,de:12064:900320009::1,0.0,2026-10-02T01:01:04.695736+02:00
306895240,de:12067:900310765::1,0.0,2026-10-02T01:01:04.695736+02:00
306895240,de:12067:900310926::2,0.0,2026-10-02T01:01:04.695736+02:00
306895240,de:12067:900310927::2,0.0,2026-10-02T01:01:04.695736+02:00
306895240,de:12067:900310859::1,0.0,2026-10-02T01:01:04.695736+02:00
306895240,de:12067:900311073::1,0.0,2026-10-02T01:01:04.695736+02:00
306895240,de:12067:900311075::1,0.0,2026-10-02T01:01:04.695736+02:00
306895240,de:12067:900311074::2,0.0,2026-10-02T01:01:04.695736+02:00
306895240,de:12067:900310840::1,0.0,2026-10-02T01:01:04.695736+02:00
306895240,de:12067:900310840::1,-8.0,2026-10-02T01:01:04.695736+02:00
306895240,de:12067:900310011::1,0.0,2026-10-02T01:01:04.695736+02:00
306895240,de:12067:900310899::1,0.0,2026-10-02T01:01:04.695736+02:00
306895240,de:12067:900310011::2,0.0,2026-10-02T01:01:04.695736+02:00
306895240,de:12067:900310840::1,8.0,2026-10-02T01:01:04.695736+02:00
306895240,de:12067:900310840::1,0.0,2026-10-02T01:01:04.695736+02:00
306895240,de:12067:900311094::2,0.0,2026-10-02T01:01:04.695736+02:00
306895240,de:12067:900311071::2,0.0,2026-10-02T01:01:04.695736+02:00
306895240,de:12067:900311070::2,0.0,2026-10-02T01:01:04.695736+02:00
306895240,de:12067:900310070::1,0.0,2026-10-02T01:01:04.695736+02:00
306895872,de:12067:900310001::5,0.0,2026-10-02T01:01:04.695736+02:00
306895872,de:12067:900311149::1,0.0,2026-10-02T01:01:04.695736+02:00
306895872,de:12067:900310781::1,0.0,2026-10-02T01:01:04.695736+02:00
306895872,de:12067:900310789::1,0.0,2026-10-02T01:01:04.695736+02:00
306895872,de:12067:900310797::1,0.0,2026-10-02T01:01:04.695736+02:00
306895872,de:12067:900310773::1,0.0,2026-10-02T01:01:04.695736+02:00
306895872,de:12067:900311115::1,0.0,2026-10-02T01:01:04.695736+02:00
295879324,de:12065:900200005:3:1,0.0,2026-10-02T01:01:04.695736+02:00
295879324,de:12065:900200006:1:51,-0.3,2026-10-02T01:01:04.695736+02:00
295879324,de:12065:900200007:1:51,-0.7,2026-10-02T01:01:04.695736+02:00
295879324,de:12065:900200008:1:51,-0.2,2026-10-02T01:01:04.695736+02:00
295879324,de:12065:900200009:1:51,-0.1,2026-10-02T01:01:04.695736+02:00
295879324,de:11000:900092201:1:51,-0.7,2026-10-02T01:01:04.695736+02:00
295879324,de:11000:900093201:1:51,-0.4,2026-10-02T01:01:04.695736+02:00
295879324,de:11000:900094101:1:51,-0.8,2026-10-02T01:01:04.695736+02:00
295879324,de:11000:900096101:1:51,-0.1,2026-10-02T01:01:04.695736+02:00
295879324,de:11000:900084101:1:51,-0.2,2026-10-02T01:01:04.695736+02:00
295879324,de:11000:900085201:1:51,-0.8,2026-10-02T01:01:04.695736+02:00
295879324,de:11000:900130003:1:51,-0.8,2026-10-02T01:01:04.695736+02:00
295879324,de:11000:900110011:1:50,-0.9,2026-10-02T01:01:04.695736+02:00
295879324,de:11000:900007102:1:50,-0.9,2026-10-02T01:01:04.695736+02:00
295879324,de:11000:900008101:1:50,0.0,2026-10-02T01:01:04.695736+02:00
295879324,de:11000:900007104:1:51,-0.7,2026-10-02T01:01:04.695736+02:00
295879324,de:11000:900100007:1:50,-0.7,2026-10-02T01:01:04.695736+02:00
295879324,de:11000:900100001:4:56,-0.5,2026-10-02T01:01:04.695736+02:00
295879324,de:11000:900100025:1:50,-0.4,2026-10-02T01:01:04.695736+02:00
295879324,de:11000:900100020:3:54,-0.4,2026-10-02T01:01:04.695736+02:00
295879324,de:11000:900012101:1:51,-0.5,2026-10-02T01:01:04.695736+02:00
295879324,de:11000:900057102:1:50,-0.7,2026-10-02T01:01:04.695736+02:00
295879324,de:11000:900057104:2:51,-0.4,2026-10-02T01:01:04.695736+02:00
295879324,de:11000:900054104:1:50,-0.3,2026-10-02T01:01:04.695736+02:00
295879324,de:11000:900060101:1:50,-0.3,2026-10-02T01:01:04.695736+02:00
295879324,de:11000:900063101:1:50,-0.1,2026-10-02T01:01:04.695736+02:00
295879324,de:11000:900062202:1:50,-0.1,2026-10-02T01:01:04.695736+02:00
295879324,de:11000:900066102:1:50,-0.2,2026-10-02T01:01:04.695736+02:00
295879324,de:11000:900066101:1:50,-0.1,2026-10-02T01:01:04.695736+02:00
295879324,de:11000:900049202:1:50,-0.3,2026-10-02T01:01:04.695736+02:00
295879324,de:11000:900049201:1:50,-0.4,2026-10-02T01:01:04.695736+02:00
295879324,de:11000:900050301:1:50,0.0,2026-10-02T01:01:04.695736+02:00
295879324,de:11000:900050355:1:50,-0.1,2026-10-02T01:01:04.695736+02:00
295879324,de:11000:900052201:1:50,-0.5,2026-10-02T01:01:04.695736+02:00
295879324,de:11000:900053301:1:51,-0.9,2026-10-02T01:01:04.695736+02:00
295879425,de:11000:900053301:2:52,0.0,2026-10-02T01:01:04.695736+02:00
295879425,de:11000:900052201:1:51,0.0,2026-10-02T01:01:04.695736+02:00
295879425,de:11000:900050355:1:51,-0.3,2026-10-02T01:01:04.695736+02:00
295879425,de:11000:900050301:1:51,-0.4,2026-10-02T01:01:04.695736+02:00
295879425,de:11000:900049201:1:51,0.0,2026-10-02T01:01:04.695736+02:00
295879425,de:11000:900049202:1:51,0.0,2026-10-02T01:01:04.695736+02:00
295879425,de:11000:900066101:1:51,-0.3,2026-10-02T01:01:04.695736+02:00
295879425,de:11000:900066102:1:51,-0.2,2026-10-02T01:01:04.695736+02:00
295879425,de:11000:900062202:1:51,-0.2,2026-10-02T01:01:04.695736+02:00
295879425,de:11000:900063101:1:51,-0.2,2026-10-02T01:01:04.695736+02:00
295879425,de:11000:900060101:1:51,-0.9,2026-10-02T01:01:04.695736+02:00
295879425,de:11000:900054104:1:51,-0.9,2026-10-02T01:01:04.695736+02:00
295879425,de:11000:900057104:1:50,-0.4,2026-10-02T01:01:04.695736+02:00
295879425,de:11000:900057102:1:51,-0.1,2026-10-02T01:01:04.695736+02:00
295879425,de:11000:900012101:2:52,-0.9,2026-10-02T01:01:04.695736+02:00
295879425,de:11000:900100020:4:57,-0.3,2026-10-02T01:01:04.695736+02:00
295879425,de:11000:900100025:1:51,-0.4,2026-10-02T01:01:04.695736+02:00
295879425,de:11000:900100001:4:57,-0.1,2026-10-02T01:01:04.695736+02:00
295879425,de:11000:900100007:1:51,-0.2,2026-10-02T01:01:04.695736+02:00
295879425,de:11000:900007104:2:52,-0.2,2026-10-02T01:01:04.695736+02:00
295879425,de:11000:900008101:1:51,-0.9,2026-10-02T01:01:04.695736+02:00
295879425,de:11000:900007102:2:53,-0.6,2026-10-02T01:01:04.695736+02:00
295879425,de:11000:900110011:2:53,-0.9,2026-10-02T01:01:04.695736+02:00
295879425,de:11000:900085201:1:50,-0.9,2026-10-02T01:01:04.695736+02:00
295879425,de:11000:900084101:1:50,-0.7,2026-10-02T01:01:04.695736+02:00
295879425,de:11000:900096101:1:50,-0.8,2026-10-02T01:01:04.695736+02:00
295879425,de:11000:900094101:1:50,-0.1,2026-10-02T01:01:04.695736+02:00
295879425,de:11000:900093201:1:50,-0.4,2026-10-02T01:01:04.695736+02:00
295879425,de:11000:900092201:1:50,-0.2,2026-10-02T01:01:04.695736+02:00
295879425,de:12065:900200009:1:50,-0.7,2026-10-02T01:01:04.695736+02:00
295879425,de:12065:900200008:1:50,-0.7,2026-10-02T01:01:04.695736+02:00
295879425,de:12065:900200007:1:50,-0.2,2026-10-02T01:01:04.695736+02:00
295879425,de:12065:900200006:1:50,-0.5,2026-10-02T01:01:04.695736+02:00
295879425,de:12065:900200005:3:1,-0.9,2026-10-02T01:01:04.695736+02:00
295879421,de:11000:900053301:2:52,0.0,2026-10-02T01:01:04.695736+02:00
295879421,de:11000:900052201:1:51,0.0,2026-10-02T01:01:04.695736+02:00
295879421,de:11000:900050355:1:51,-0.3,2026-10-02T01:01:04.695736+02:00
295879421,de:11000:900050301:1:51,-0.4,2026-10-02T01:01:04.695736+02:00
295879421,de:11000:900049201:1:51,0.0,2026-10-02T01:01:04.695736+02:00
295879421,de:11000:900049202:1:51,0.0,2026-10-02T01:01:04.695736+02:00
295879421,de:11000:900066101:1:51,-0.3,2026-10-02T01:01:04.695736+02:00
295879421,de:11000:900066102:1:51,-0.2,2026-10-02T01:01:04.695736+02:00
295879421,de:11000:900062202:1:51,-0.2,2026-10-02T01:01:04.695736+02:00
295879421,de:11000:900063101:1:51,-0.2,2026-10-02T01:01:04.695736+02:00
295879421,de:11000:900060101:1:51,-0.9,2026-10-02T01:01:04.695736+02:00
295879421,de:11000:900054104:1:51,-0.9,2026-10-02T01:01:04.695736+02:00
295879421,de:11000:900057104:1:50,-0.4,2026-10-02T01:01:04.695736+02:00
295879421,de:11000:900057102:1:51,-0.1,2026-10-02T01:01:04.695736+02:00
295879421,de:11000:900012101:2:52,-0.9,2026-10-02T01:01:04.695736+02:00
295879421,de:11000:900100020:4:57,-0.3,2026-10-02T01:01:04.695736+02:00
295879421,de:11000:900100025:1:51,-0.4,2026-10-02T01:01:04.695736+02:00
295879421,de:11000:900100001:4:57,-0.1,2026-10-02T01:01:04.695736+02:00
295879421,de:11000:900100007:1:51,-0.2,2026-10-02T01:01:04.695736+02:00
295879421,de:11000:900007104:2:52,-0.2,2026-10-02T01:01:04.695736+02:00
295879421,de:11000:900008101:1:51,-0.9,2026-10-02T01:01:04.695736+02:00
295879421,de:11000:900007102:2:53,-0.6,2026-10-02T01:01:04.695736+02:00
295879421,de:11000:900110011:2:53,-0.9,2026-10-02T01:01:04.695736+02:00
295879421,de:11000:900085201:1:50,-0.9,2026-10-02T01:01:04.695736+02:00
295879421,de:11000:900084101:1:50,-0.7,2026-10-02T01:01:04.695736+02:00
295879421,de:11000:900096101:1:50,-0.8,2026-10-02T01:01:04.695736+02:00
295879421,de:11000:900094101:1:50,-0.1,2026-10-02T01:01:04.695736+02:00
295879421,de:11000:900093201:1:50,-0.4,2026-10-02T01:01:04.695736+02:00
295879421,de:11000:900092201:1:50,-0.2,2026-10-02T01:01:04.695736+02:00
295879421,de:12065:900200009:1:50,-0.7,2026-10-02T01:01:04.695736+02:00
295879421,de:12065:900200008:1:50,-0.7,2026-10-02T01:01:04.695736+02:00
295879421,de:12065:900200007:1:50,-0.2,2026-10-02T01:01:04.695736+02:00
295879421,de:12065:900200006:1:50,-0.5,2026-10-02T01:01:04.695736+02:00
295879421,de:12065:900200005:3:1,-0.9,2026-10-02T01:01:04.695736+02:00
306896006,de:12067:900310565::1,0.0,2026-10-02T01:01:04.695736+02:00
306896006,de:12067:900310561::2,0.0,2026-10-02T01:01:04.695736+02:00
306896006,de:12067:900310567::2,0.0,2026-10-02T01:01:04.695736+02:00
306896006,de:12067:900310581::2,0.0,2026-10-02T01:01:04.695736+02:00
306896006,de:12067:900310573::2,0.0,2026-10-02T01:01:04.695736+02:00
306896006,de:12067:900310560::2,0.0,2026-10-02T01:01:04.695736+02:00
306896006,de:12067:900310563::4,0.0,2026-10-02T01:01:04.695736+02:00
306896006,de:12067:900310013::2,0.0,2026-10-02T01:01:04.695736+02:00
306896006,de:12067:900310572::1,0.0,2026-10-02T01:01:04.695736+02:00
306896006,de:11000:900310550::1,0.0,2026-10-02T01:01:04.695736+02:00
306896006,de:12067:900310534::1,0.0,2026-10-02T01:01:04.695736+02:00
306896006,de:12067:900310580::1,0.0,2026-10-02T01:01:04.695736+02:00
306896006,de:12067:900311095::1,0.0,2026-10-02T01:01:04.695736+02:00
306896006,de:12067:900311097::1,0.0,2026-10-02T01:01:04.695736+02:00
306896006,de:12067:900311096::2,0.0,2026-10-02T01:01:04.695736+02:00
306896006,de:12067:900311096::1,0.0,2026-10-02T01:01:04.695736+02:00
306896006,de:12067:900311097::2,0.0,2026-10-02T01:01:04.695736+02:00
306896006,de:12067:900311095::2,0.0,2026-10-02T01:01:04.695736+02:00
306896006,de:12067:900310580::2,0.0,2026-10-02T01:01:04.695736+02:00
306896006,de:12067:900310578::4,0.0,2026-10-02T01:01:04.695736+02:00
306896006,de:12067:900310508::2,0.0,2026-10-02T01:01:04.695736+02:00
306896006,de:12067:900310509::2,0.0,2026-10-02T01:01:04.695736+02:00
306896006,de:12067:900310017::3,0.0,2026-10-02T01:01:04.695736+02:00
306896006,de:12064:900320267::1,0.0,2026-10-02T01:01:04.695736+02:00
306896006,de:12064:900320250::1,0.0,2026-10-02T01:01:04.695736+02:00
306896051,de:12067:900310013::2,0.0,2026-10-02T01:01:04.695736+02:00
306896051,de:12067:900310572::1,0.0,2026-10-02T01:01:04.695736+02:00
306896051,de:11000:900310550::1,0.0,2026-10-02T01:01:04.695736+02:00
306896051,de:12067:900310534::1,0.0,2026-10-02T01:01:04.695736+02:00
306896051,de:12067:900310580::2,0.0,2026-10-02T01:01:04.695736+02:00
306896051,de:12067:900310543::3,0.0,2026-10-02T01:01:04.695736+02:00
306896051,de:12067:900310536::1,0.0,2026-10-02T01:01:04.695736+02:00
306896051,de:12067:900311014::1,0.0,2026-10-02T01:01:04.695736+02:00
306896051,de:12067:900311012::1,0.0,2026-10-02T01:01:04.695736+02:00
306896051,de:12067:900310529::1,0.0,2026-10-02T01:01:04.695736+02:00
306896051,de:12067:900310528::1,0.0,2026-10-02T01:01:04.695736+02:00
306896051,de:12067:900310020::1,0.0,2026-10-02T01:01:04.695736+02:00
306896051,de:12067:900310501::1,0.0,2026-10-02T01:01:04.695736+02:00
306896051,de:12067:900310500::2,0.0,2026-10-02T01:01:04.695736+02:00
306896051,de:12067:900310021::3,0.0,2026-10-02T01:01:04.695736+02:00
306896051,de:12067:900310522::1,0.0,2026-10-02T01:01:04.695736+02:00
306896051,de:12067:900310535::1,0.0,2026-10-02T01:01:04.695736+02:00
306896051,de:12067:900310523::1,0.0,2026-10-02T01:01:04.695736+02:00
306896051,de:12064:900320113::1,0.0,2026-10-02T01:01:04.695736+02:00
306896051,de:12064:900320007::4,0.0,2026-10-02T01:01:04.695736+02:00
306896111,de:12067:900310013::4,0.0,2026-10-02T01:01:04.695736+02:00
306896111,de:12067:900310557::3,0.0,2026-10-02T01:01:04.695736+02:00
306896111,de:12067:900310555::1,0.0,2026-10-02T01:01:04.695736+02:00
306896111,de:12067:900311114::1,0.0,2026-10-02T01:01:04.695736+02:00
306896111,de:12067:900310031::2,0.0,2026-10-02T01:01:04.695736+02:00
306897066,de:12067:900310925::1,0.0,2026-10-02T01:01:04.695736+02:00
306897066,de:12067:900310874::1,0.0,2026-10-02T01:01:04.695736+02:00
306896274,de:12067:900310013::3,0.0,2026-10-02T01:01:04.695736+02:00
306896274,de:12067:900310563::3,0.0,2026-10-02T01:01:04.695736+02:00
306896274,de:12067:900310559::1,0.0,2026-10-02T01:01:04.695736+02:00
306896274,de:12067:900310558::1,0.0,2026-10-02T01:01:04.695736+02:00
306896274,de:12067:900310556::1,0.0,2026-10-02T01:01:04.695736+02:00
306896274,de:12067:900310621::1,0.0,2026-10-02T01:01:04.695736+02:00
306896274,de:12067:900310568::1,0.0,2026-10-02T01:01:04.695736+02:00
306896274,de:12067:900310955::1,0.0,2026-10-02T01:01:04.695736+02:00
306896274,de:12067:900310950::1,0.0,2026-10-02T01:01:04.695736+02:00
306896274,de:12061:900260165::2,0.0,2026-10-02T01:01:04.695736+02:00
306896274,de:12061:900260169::3,0.0,2026-10-02T01:01:04.695736+02:00
306896274,de:12061:900260166::2,0.0,2026-10-02T01:01:04.695736+02:00
306896274,de:12061:900260171::2,0.0,2026-10-02T01:01:04.695736+02:00
306896274,de:12061:900260168::2,0.0,2026-10-02T01:01:04.695736+02:00
306896274,de:12061:900260167::2,0.0,2026-10-02T01:01:04.695736+02:00
306896274,de:12061:900260170::2,0.0,2026-10-02T01:01:04.695736+02:00
306896274,de:12061:900261050::1,0.0,2026-10-02T01:01:04.695736+02:00
306896274,de:12061:900261051::2,0.0,2026-10-02T01:01:04.695736+02:00
306896274,de:12061:900261048::2,0.0,2026-10-02T01:01:04.695736+02:00
306896274,de:12061:900261047::2,0.0,2026-10-02T01:01:04.695736+02:00
306896274,de:12061:900260889::2,0.0,2026-10-02T01:01:04.695736+02:00
306896274,de:12061:900260888::2,0.0,2026-10-02T01:01:04.695736+02:00
306896274,de:12061:900260886::2,0.0,2026-10-02T01:01:04.695736+02:00
306896274,de:12061:900260887::2,0.0,2026-10-02T01:01:04.695736+02:00
306896274,de:12061:900260890::2,0.0,2026-10-02T01:01:04.695736+02:00
306896274,de:12061:900260798::2,0.0,2026-10-02T01:01:04.695736+02:00
306896274,de:12061:900260001::8,0.0,2026-10-02T01:01:04.695736+02:00
307252187,de:11000:900007102:1:51,0.0,2026-10-02T01:01:04.695736+02:00
307252187,de:11000:900009104:1:51,-0.8,2026-10-02T01:01:04.695736+02:00
307252187,de:11000:900003200:5:58,-0.7,2026-10-02T01:01:04.695736+02:00
307252183,de:11000:900007102:1:51,0.0,2026-10-02T01:01:04.695736+02:00
307252183,de:11000:900009104:1:51,-0.8,2026-10-02T01:01:04.695736+02:00
307252183,de:11000:900003200:5:58,-0.7,2026-10-02T01:01:04.695736+02:00
307252171,de:11000:900007102:1:51,0.0,2026-10-02T01:01:04.695736+02:00
307252171,de:11000:900009104:1:51,-0.8,2026-10-02T01:01:04.695736+02:00
307252171,de:11000:900003200:5:58,-0.7,2026-10-02T01:01:04.695736+02:00
295882584,de:11000:900053301:2:52,0.0,2026-10-02T01:01:04.695736+02:00
295882584,de:11000:900052201:1:51,0.0,2026-10-02T01:01:04.695736+02:00
295882584,de:11000:900050355:1:51,-0.3,2026-10-02T01:01:04.695736+02:00
295882584,de:11000:900050301:1:51,-0.4,2026-10-02T01:01:04.695736+02:00
295882584,de:11000:900049201:1:51,0.0,2026-10-02T01:01:04.695736+02:00
295882584,de:11000:900049202:1:51,0.0,2026-10-02T01:01:04.695736+02:00
295882584,de:11000:900066101:1:51,-0.3,2026-10-02T01:01:04.695736+02:00
295882584,de:11000:900066102:1:51,-0.2,2026-10-02T01:01:04.695736+02:00
295882584,de:11000:900062202:1:51,-0.2,2026-10-02T01:01:04.695736+02:00
295882584,de:11000:900063101:1:51,-0.2,2026-10-02T01:01:04.695736+02:00
295882584,de:11000:900060101:1:51,-0.9,2026-10-02T01:01:04.695736+02:00
295882584,de:11000:900054104:1:51,-0.9,2026-10-02T01:01:04.695736+02:00
295882584,de:11000:900057104:1:50,-0.4,2026-10-02T01:01:04.695736+02:00
295882584,de:11000:900057102:1:51,-0.1,2026-10-02T01:01:04.695736+02:00
295882584,de:11000:900012101:2:52,-0.9,2026-10-02T01:01:04.695736+02:00
295882584,de:11000:900100020:4:57,-0.3,2026-10-02T01:01:04.695736+02:00
295882584,de:11000:900100025:1:51,-0.4,2026-10-02T01:01:04.695736+02:00
295882584,de:11000:900100001:4:57,-0.1,2026-10-02T01:01:04.695736+02:00
295882584,de:11000:900100007:1:51,-0.2,2026-10-02T01:01:04.695736+02:00
295882584,de:11000:900007104:2:52,-0.2,2026-10-02T01:01:04.695736+02:00
295882584,de:11000:900008101:1:51,-0.9,2026-10-02T01:01:04.695736+02:00
295882584,de:11000:900007102:2:53,-0.6,2026-10-02T01:01:04.695736+02:00
295882584,de:11000:900110011:2:53,-0.9,2026-10-02T01:01:04.695736+02:00
295882584,de:11000:900085201:1:50,-0.9,2026-10-02T01:01:04.695736+02:00
295882584,de:11000:900084101:1:50,-0.7,2026-10-02T01:01:04.695736+02:00
295882584,de:11000:900096101:1:50,-0.8,2026-10-02T01:01:04.695736+02:00
295882584,de:11000:900094101:1:50,-0.1,2026-10-02T01:01:04.695736+02:00
295882584,de:11000:900093201:1:50,-0.4,2026-10-02T01:01:04.695736+02:00
295882584,de:11000:900092201:1:50,-0.2,2026-10-02T01:01:04.695736+02:00
306896969,de:12067:900311308::6,0.0,2026-10-02T01:01:04.695736+02:00
306896969,de:12067:900311335::1,0.0,2026-10-02T01:01:04.695736+02:00
306896969,de:12067:900311341::1,0.0,2026-10-02T01:01:04.695736+02:00
306896969,de:12067:900311345::1,0.0,2026-10-02T01:01:04.695736+02:00
306896969,de:12067:900311359::1,0.0,2026-10-02T01:01:04.695736+02:00
306896969,de:12067:900310027::1,0.0,2026-10-02T01:01:04.695736+02:00
306896969,de:12067:900311317::1,0.0,2026-10-02T01:01:04.695736+02:00
306896969,de:12067:900311384::1,0.0,2026-10-02T01:01:04.695736+02:00
306896969,de:12067:900311316::1,0.0,2026-10-02T01:01:04.695736+02:00
306896969,de:12067:900311376::1,0.0,2026-10-02T01:01:04.695736+02:00
306896969,de:12067:900311377::1,0.0,2026-10-02T01:01:04.695736+02:00
306896969,de:12067:900311362::1,0.0,2026-10-02T01:01:04.695736+02:00
306896969,de:12067:900311363::1,0.0,2026-10-02T01:01:04.695736+02:00
306896969,de:12067:900311365::1,0.0,2026-10-02T01:01:04.695736+02:00
306896969,de:12067:900311374::1,0.0,2026-10-02T01:01:04.695736+02:00
306896969,de:12067:900311364::2,0.0,2026-10-02T01:01:04.695736+02:00
306896969,de:12067:900311371::2,0.0,2026-10-02T01:01:04.695736+02:00
306896969,de:12067:900311336::1,0.0,2026-10-02T01:01:04.695736+02:00
306896969,de:12067:900311352::1,0.0,2026-10-02T01:01:04.695736+02:00
306896969,de:12067:900311333::1,0.0,2026-10-02T01:01:04.695736+02:00
306896969,de:12067:900311334::1,0.0,2026-10-02T01:01:04.695736+02:00
306896969,de:12067:900311304::1,0.0,2026-10-02T01:01:04.695736+02:00
306896969,de:12067:900311305::2,0.0,2026-10-02T01:01:04.695736+02:00
306896969,de:12067:900311383::6,0.0,2026-10-02T01:01:04.695736+02:00
306896969,de:12067:900311353::1,0.0,2026-10-02T01:01:04.695736+02:00
306896969,de:12067:900311321::1,0.0,2026-10-02T01:01:04.695736+02:00
306896969,de:12067:900311350::2,0.0,2026-10-02T01:01:04.695736+02:00
306896969,de:12067:900311348::2,0.0,2026-10-02T01:01:04.695736+02:00
306896969,de:12067:900311308::4,0.0,2026-10-02T01:01:04.695736+02:00
306896993,de:12067:900311308::5,0.0,2026-10-02T01:01:04.695736+02:00
306896993,de:12067:900311380::1,0.0,2026-10-02T01:01:04.695736+02:00
306896993,de:12067:900311348::1,0.0,2026-10-02T01:01:04.695736+02:00
306896993,de:12067:900311350::1,0.0,2026-10-02T01:01:04.695736+02:00
306896993,de:12067:900311321::2,0.0,2026-10-02T01:01:04.695736+02:00
306896993,de:12067:900311353::2,0.0,2026-10-02T01:01:04.695736+02:00
306896993,de:12067:900311383::6,0.0,2026-10-02T01:01:04.695736+02:00
306896993,de:12067:900311356::2,0.0,2026-10-02T01:01:04.695736+02:00
306896993,de:12067:900310029::1,0.0,2026-10-02T01:01:04.695736+02:00
306896993,de:12067:900311357::2,0.0,2026-10-02T01:01:04.695736+02:00
306896993,de:12067:900311354::2,0.0,2026-10-02T01:01:04.695736+02:00
306896993,de:12067:900311352::2,0.0,2026-10-02T01:01:04.695736+02:00
306896993,de:12067:900311336::2,0.0,2026-10-02T01:01:04.695736+02:00
306896993,de:12067:900311371::1,0.0,2026-10-02T01:01:04.695736+02:00
306896993,de:12067:900311364::1,0.0,2026-10-02T01:01:04.695736+02:00
306896993,de:12067:900311374::2,0.0,2026-10-02T01:01:04.695736+02:00
306896993,de:12067:900311365::2,0.0,2026-10-02T01:01:04.695736+02:00
306896993,de:12067:900311363::2,0.0,2026-10-02T01:01:04.695736+02:00
306896993,de:12067:900311362::2,0.0,2026-10-02T01:01:04.695736+02:00
306896993,de:12067:900311377::2,0.0,2026-10-02T01:01:04.695736+02:00
306896993,de:12067:900311376::2,0.0,2026-10-02T01:01:04.695736+02:00
306896993,de:12067:900311378::1,0.0,2026-10-02T01:01:04.695736+02:00
306896993,de:12067:900311345::2,0.0,2026-10-02T01:01:04.695736+02:00
306896993,de:12067:900311341::2,0.0,2026-10-02T01:01:04.695736+02:00
306896993,de:12067:900311309::1,0.0,2026-10-02T01:01:04.695736+02:00
306896993,de:12067:900311310::1,0.0,2026-10-02T01:01:04.695736+02:00
306896993,de:12067:900311307::1,0.0,2026-10-02T01:01:04.695736+02:00
306896993,de:12067:900311308::4,0.0,2026-10-02T01:01:04.695736+02:00
306897237,de:12067:900311482::3,0.0,2026-10-02T01:01:04.695736+02:00
306897237,de:12067:900311489::1,0.0,2026-10-02T01:01:04.695736+02:00
306897237,de:12067:900311480::1,0.0,2026-10-02T01:01:04.695736+02:00
306897237,de:12067:900311490::2,0.0,2026-10-02T01:01:04.695736+02:00
306897237,de:12067:900311478::2,0.0,2026-10-02T01:01:04.695736+02:00
306897237,de:12067:900311477::2,0.0,2026-10-02T01:01:04.695736+02:00
306897237,de:12067:900311442::2,0.0,2026-10-02T01:01:04.695736+02:00
306897237,de:12067:900311560::1,0.0,2026-10-02T01:01:04.695736+02:00
306897237,de:12067:900311401::2,0.0,2026-10-02T01:01:04.695736+02:00
306897237,de:12067:900311543::2,0.0,2026-10-02T01:01:04.695736+02:00
306897237,de:12067:900311542::1,0.0,2026-10-02T01:01:04.695736+02:00
306897237,de:12067:900311530::2,0.0,2026-10-02T01:01:04.695736+02:00
306897237,de:12067:900311531::2,0.0,2026-10-02T01:01:04.695736+02:00
306897237,de:12067:900311306::2,0.0,2026-10-02T01:01:04.695736+02:00
306897237,de:12067:900311356::2,0.0,2026-10-02T01:01:04.695736+02:00
306897237,de:12067:900311311::2,0.0,2026-10-02T01:01:04.695736+02:00
306897237,de:12067:900311312::2,0.0,2026-10-02T01:01:04.695736+02:00
306897237,de:12067:900311383::5,0.0,2026-10-02T01:01:04.695736+02:00
306897237,de:12067:900311315::2,0.0,2026-10-02T01:01:04.695736+02:00
306897237,de:12067:900311348::2,0.0,2026-10-02T01:01:04.695736+02:00
306897237,de:12067:900311308::4,0.0,2026-10-02T01:01:04.695736+02:00
306896835,de:12067:900310001::4,0.0,2026-10-02T01:01:04.695736+02:00
306896835,de:12067:900310696::1,0.0,2026-10-02T01:01:04.695736+02:00
306896835,de:12067:900310788::1,0.0,2026-10-02T01:01:04.695736+02:00
306896835,de:12067:900310936::1,0.0,2026-10-02T01:01:04.695736+02:00
306896835,de:12067:900311125::1,0.0,2026-10-02T01:01:04.695736+02:00
306896835,de:12067:900310860::1,0.0,2026-10-02T01:01:04.695736+02:00
306896835,de:12067:900311157::1,0.0,2026-10-02T01:01:04.695736+02:00
306896835,de:12067:900310864::1,0.0,2026-10-02T01:01:04.695736+02:00
306896835,de:12067:900310861::1,0.0,2026-10-02T01:01:04.695736+02:00
306896835,de:12067:900310002::3,0.0,2026-10-02T01:01:04.695736+02:00
306896835,de:12067:900310895::1,0.0,2026-10-02T01:01:04.695736+02:00
306896835,de:12067:900310896::1,0.0,2026-10-02T01:01:04.695736+02:00
306896835,de:12067:900310897::1,0.0,2026-10-02T01:01:04.695736+02:00
306896835,de:12067:900310894::1,0.0,2026-10-02T01:01:04.695736+02:00
306896835,de:12064:900320888::4,0.0,2026-10-02T01:01:04.695736+02:00
306896835,de:12064:900320886::1,0.0,2026-10-02T01:01:04.695736+02:00
306896835,de:12064:900320284::1,0.0,2026-10-02T01:01:04.695736+02:00
306896835,de:12064:900320278::1,0.0,2026-10-02T01:01:04.695736+02:00
306896835,de:12064:900320274::1,0.0,2026-10-02T01:01:04.695736+02:00
306895902,de:12067:900311145::2,0.0,2026-10-02T01:01:04.695736+02:00
306895902,de:12067:900310817::2,0.0,2026-10-02T01:01:04.695736+02:00
306895902,de:12067:900310837::2,0.0,2026-10-02T01:01:04.695736+02:00
306895902,de:12067:900310875::2,0.0,2026-10-02T01:01:04.695736+02:00
306895902,de:12067:900310796::2,0.0,2026-10-02T01:01:04.695736+02:00
306895902,de:12067:900310777::2,0.0,2026-10-02T01:01:04.695736+02:00
306895902,de:12067:900310808::2,0.0,2026-10-02T01:01:04.695736+02:00
306895902,de:12067:900310822::2,0.0,2026-10-02T01:01:04.695736+02:00
306895902,de:12067:900310781::2,0.0,2026-10-02T01:01:04.695736+02:00
306895902,de:12067:900311155::1,0.0,2026-10-02T01:01:04.695736+02:00
306895902,de:12067:900311149::2,0.0,2026-10-02T01:01:04.695736+02:00
306895902,de:12067:900310001::11,0.0,2026-10-02T01:01:04.695736+02:00
306895913,de:12067:900311145::2,0.0,2026-10-02T01:01:04.695736+02:00
306895913,de:12067:900310817::2,0.0,2026-10-02T01:01:04.695736+02:00
306895913,de:12067:900310837::2,0.0,2026-10-02T01:01:04.695736+02:00
306895913,de:12067:900310875::2,0.0,2026-10-02T01:01:04.695736+02:00
306895913,de:12067:900310796::2,0.0,2026-10-02T01:01:04.695736+02:00
306895913,de:12067:900310777::2,0.0,2026-10-02T01:01:04.695736+02:00
306895913,de:12067:900310808::2,0.0,2026-10-02T01:01:04.695736+02:00
306895913,de:12067:900310822::2,0.0,2026-10-02T01:01:04.695736+02:00
306895913,de:12067:900310781::2,0.0,2026-10-02T01:01:04.695736+02:00
306895913,de:12067:900311155::1,0.0,2026-10-02T01:01:04.695736+02:00
306895913,de:12067:900311149::2,0.0,2026-10-02T01:01:04.695736+02:00
306895913,de:12067:900310001::11,0.0,2026-10-02T01:01:04.695736+02:00
307438366,de:12052:900470000:1:50,0.0,2026-10-02T01:01:04.695736+02:00
307438366,de:12066:900435001:2:52,0.0,2026-10-02T01:01:04.695736+02:00
307438366,de:12066:900435000:2:53,0.0,2026-10-02T01:01:04.695736+02:00
307432339,de:12054:900230003:4:53,0.0,2026-10-02T01:01:04.695736+02:00
307432339,de:12054:900230999:1:51,0.0,2026-10-02T01:01:04.695736+02:00
307432339,de:12054:900230006:1:50,0.0,2026-10-02T01:01:04.695736+02:00
307432339,de:12054:900230007:1:50,0.0,2026-10-02T01:01:04.695736+02:00
307432339,de:12054:900220010:1:50,0.0,2026-10-02T01:01:04.695736+02:00
307432339,de:12054:900230002:1:52,0.0,2026-10-02T01:01:04.695736+02:00
307432339,de:12069:900220002:1:50,0.0,2026-10-02T01:01:04.695736+02:00
307432339,de:12072:900245836:1:50,0.0,2026-10-02T01:01:04.695736+02:00
307432339,de:12061:900260009:2:54,0.0,2026-10-02T01:01:04.695736+02:00
307432327,de:12054:900230003:4:53,0.0,2026-10-02T01:01:04.695736+02:00
307432327,de:12054:900230999:1:51,0.0,2026-10-02T01:01:04.695736+02:00
307432327,de:12054:900230006:1:50,0.0,2026-10-02T01:01:04.695736+02:00
307432327,de:12054:900230007:1:50,0.0,2026-10-02T01:01:04.695736+02:00
307432327,de:12054:900220010:1:50,0.0,2026-10-02T01:01:04.695736+02:00
307432327,de:12054:900230002:1:52,0.0,2026-10-02T01:01:04.695736+02:00
307432327,de:12069:900220002:1:50,0.0,2026-10-02T01:01:04.695736+02:00
307432327,de:12072:900245836:1:50,0.0,2026-10-02T01:01:04.695736+02:00
307432327,de:12061:900260009:2:54,0.0,2026-10-02T01:01:04.695736+02:00
307433523,de:12072:900245029:2:52,0.0,2026-10-02T01:01:04.695736+02:00
307433523,de:12072:900245030:2:51,0.0,2026-10-02T01:01:04.695736+02:00
307433523,de:12061:900260009:2:54,0.0,2026-10-02T01:01:04.695736+02:00
307433523,de:11000:900192001:1:51,0.0,2026-10-02T01:01:04.695736+02:00
307433523,de:11000:900120003:4:57,0.0,2026-10-02T01:01:04.695736+02:00
307433523,de:11000:900160004:4:56,0.0,2026-10-02T01:01:04.695736+02:00
306896593,de:12067:900310876::2,0.0,2026-10-02T01:01:04.695736+02:00
306896593,de:12067:900310969::2,0.0,2026-10-02T01:01:04.695736+02:00
306896593,de:12067:900310973::1,0.0,2026-10-02T01:01:04.695736+02:00
306896593,de:12067:900310745::1,0.0,2026-10-02T01:01:04.695736+02:00
306896593,de:12067:900310947::2,0.0,2026-10-02T01:01:04.695736+02:00
306896593,de:12067:900310704::1,0.0,2026-10-02T01:01:04.695736+02:00
306896593,de:12067:900310705::2,0.0,2026-10-02T01:01:04.695736+02:00
306896593,de:12067:900310706::1,0.0,2026-10-02T01:01:04.695736+02:00
306896593,de:12067:900311089::1,0.0,2026-10-02T01:01:04.695736+02:00
306896593,de:12067:900311088::1,0.0,2026-10-02T01:01:04.695736+02:00
306896593,de:12067:900311090::2,0.0,2026-10-02T01:01:04.695736+02:00
306896593,de:12067:900310762::2,0.0,2026-10-02T01:01:04.695736+02:00
306896593,de:12067:900310763::2,0.0,2026-10-02T01:01:04.695736+02:00
306896593,de:12067:900310761::2,-0.5,2026-10-02T01:01:04.695736+02:00
306896593,de:12067:900310754::2,0.0,2026-10-02T01:01:04.695736+02:00
306896593,de:12067:900310005::2,0.0,2026-10-02T01:01:04.695736+02:00
306896593,de:12067:900310733::2,0.0,2026-10-02T01:01:04.695736+02:00
306896593,de:12067:900310734::2,0.0,2026-10-02T01:01:04.695736+02:00
306896593,de:12067:900310824::2,0.0,2026-10-02T01:01:04.695736+02:00
306896593,de:12067:900310782::2,0.0,2026-10-02T01:01:04.695736+02:00
306896593,de:12067:900311109::2,0.0,2026-10-02T01:01:04.695736+02:00
306896593,de:12067:900310773::2,0.0,2026-10-02T01:01:04.695736+02:00
306896593,de:12067:900310797::2,0.0,2026-10-02T01:01:04.695736+02:00
306896593,de:12067:900310789::2,0.0,2026-10-02T01:01:04.695736+02:00
306896593,de:12067:900310781::2,0.0,2026-10-02T01:01:04.695736+02:00
306896593,de:12067:900310627::2,0.0,2026-10-02T01:01:04.695736+02:00
306896593,de:12067:900310816::2,0.0,2026-10-02T01:01:04.695736+02:00
306896593,de:12067:900310022::1,0.0,2026-10-02T01:01:04.695736+02:00
306896593,de:12067:900310001::11,0.0,2026-10-02T01:01:04.695736+02:00
307433263,de:12060:900350127:2:51,0.0,2026-10-02T01:01:04.695736+02:00
307433263,de:12060:900350126:2:51,0.0,2026-10-02T01:01:04.695736+02:00
307433263,de:12060:900350137:2:51,0.0,2026-10-02T01:01:04.695736+02:00
307433263,de:12060:900350158:2:51,0.0,2026-10-02T01:01:04.695736+02:00
307433263,de:12060:900350160:2:52,0.0,2026-10-02T01:01:04.695736+02:00
307433263,de:11000:900152001:3:53,0.0,2026-10-02T01:01:04.695736+02:00
307433263,de:11000:900160004:4:56,0.0,2026-10-02T01:01:04.695736+02:00
307433263,de:11000:900120003:4:56,0.0,2026-10-02T01:01:04.695736+02:00
307433263,de:11000:900192001:1:50,0.0,2026-10-02T01:01:04.695736+02:00
307433263,de:12061:900260009:2:53,0.0,2026-10-02T01:01:04.695736+02:00
307433263,de:12072:900245027:2:53,0.0,2026-10-02T01:01:04.695736+02:00
307433251,de:12060:900350127:2:51,0.0,2026-10-02T01:01:04.695736+02:00
307433251,de:12060:900350126:2:51,0.0,2026-10-02T01:01:04.695736+02:00
307433251,de:12060:900350137:2:51,0.0,2026-10-02T01:01:04.695736+02:00
307433251,de:12060:900350158:2:51,0.0,2026-10-02T01:01:04.695736+02:00
307433251,de:12060:900350160:2:52,0.0,2026-10-02T01:01:04.695736+02:00
307433251,de:11000:900152001:3:53,0.0,2026-10-02T01:01:04.695736+02:00
307433251,de:11000:900160004:4:56,0.0,2026-10-02T01:01:04.695736+02:00
307433251,de:11000:900120003:4:56,0.0,2026-10-02T01:01:04.695736+02:00
307433251,de:11000:900192001:1:50,0.0,2026-10-02T01:01:04.695736+02:00
307433251,de:12061:900260009:2:53,0.0,2026-10-02T01:01:04.695736+02:00
307433251,de:12072:900245027:2:53,0.0,2026-10-02T01:01:04.695736+02:00
307430665,de:12065:900200005:1:2,0.0,2026-10-02T01:01:04.695736+02:00
307430665,de:12065:900200008:1:50,0.0,2026-10-02T01:01:04.695736+02:00
307430665,de:12065:900200010:1:50,0.0,2026-10-02T01:01:04.695736+02:00
307430665,de:12065:900200000:1:50,0.0,2026-10-02T01:01:04.695736+02:00
307430665,de:12063:900210001:1:50,0.0,2026-10-02T01:01:04.695736+02:00
307430665,de:12054:900220012:1:50,0.0,2026-10-02T01:01:04.695736+02:00
307430665,de:12054:900220010:2:51,0.0,2026-10-02T01:01:04.695736+02:00
307430665,de:12054:900230007:2:52,0.0,2026-10-02T01:01:04.695736+02:00
307430665,de:12054:900230006:2:51,0.0,2026-10-02T01:01:04.695736+02:00
307430665,de:12054:900230999:2:53,0.0,2026-10-02T01:01:04.695736+02:00
307430665,de:12054:900230003:4:53,0.0,2026-10-02T01:01:04.695736+02:00
307440270,de:12065:900203452:1:51,0.0,2026-10-02T01:01:04.695736+02:00
307440270,de:12065:900204001:1:50,0.0,2026-10-02T01:01:04.695736+02:00
307440270,de:12065:900203671:1:50,0.0,2026-10-02T01:01:04.695736+02:00
307440270,de:12065:900204003:1:50,0.0,2026-10-02T01:01:04.695736+02:00
307440270,de:12065:900200004:1:51,0.0,2026-10-02T01:01:04.695736+02:00
307440270,de:12065:900200000:1:51,0.0,2026-10-02T01:01:04.695736+02:00
307440134,de:12065:900200000:1:51,0.0,2026-10-02T01:01:04.695736+02:00
307440134,de:12065:900200004:1:50,0.0,2026-10-02T01:01:04.695736+02:00
307440134,de:12065:900204003:1:50,0.0,2026-10-02T01:01:04.695736+02:00
307440134,de:12065:900203671:1:50,0.0,2026-10-02T01:01:04.695736+02:00
307440134,de:12065:900204001:1:50,0.0,2026-10-02T01:01:04.695736+02:00
307440134,de:12065:900203452:1:51,0.0,2026-10-02T01:01:04.695736+02:00
307440233,de:12065:900203452:1:51,0.0,2026-10-02T01:01:04.695736+02:00
307440233,de:12065:900204001:1:50,0.0,2026-10-02T01:01:04.695736+02:00
307440233,de:12065:900203671:1:50,0.0,2026-10-02T01:01:04.695736+02:00
307440233,de:12065:900204003:1:50,0.0,2026-10-02T01:01:04.695736+02:00
307440233,de:12065:900200004:1:51,0.0,2026-10-02T01:01:04.695736+02:00
307440233,de:12065:900200000:1:51,0.0,2026-10-02T01:01:04.695736+02:00
307440124,de:12065:900200000:1:51,0.0,2026-10-02T01:01:04.695736+02:00
307440124,de:12065:900200004:1:50,0.0,2026-10-02T01:01:04.695736+02:00
307430398,de:11000:900029101:2:53,0.0,2026-10-02T01:01:04.695736+02:00
307430398,de:11000:900037168:1:50,0.0,2026-10-02T01:01:04.695736+02:00
307430398,de:12063:900210180:1:50,0.0,2026-10-02T01:01:04.695736+02:00
307430398,de:12063:900210010:1:50,0.0,2026-10-02T01:01:04.695736+02:00
307430398,de:12063:900210011:1:50,0.0,2026-10-02T01:01:04.695736+02:00
307430398,de:12063:900210326:1:50,0.0,2026-10-02T01:01:04.695736+02:00
307430398,de:12063:900210005:2:53,0.0,2026-10-02T01:01:04.695736+02:00
295892970,de:12060:900350160:1:51,0.0,2026-10-02T01:01:04.695736+02:00
295892970,de:12060:900350161:1:50,-0.3,2026-10-02T01:01:04.695736+02:00
295892970,de:12060:900350163:1:50,-0.1,2026-10-02T01:01:04.695736+02:00
295892970,de:12060:900350162:1:50,-0.8,2026-10-02T01:01:04.695736+02:00
295892970,de:11000:900135001:1:50,-0.3,2026-10-02T01:01:04.695736+02:00
295892970,de:11000:900143001:1:51,-0.8,2026-10-02T01:01:04.695736+02:00
295892970,de:11000:900142001:1:51,-0.3,2026-10-02T01:01:04.695736+02:00
295892970,de:11000:900130001:1:51,-0.8,2026-10-02T01:01:04.695736+02:00
295892970,de:11000:900130002:1:51,-0.3,2026-10-02T01:01:04.695736+02:00
295892970,de:11000:900110011:1:51,-0.7,2026-10-02T01:01:04.695736+02:00
295892970,de:11000:900007102:1:50,-0.7,2026-10-02T01:01:04.695736+02:00
295892970,de:11000:900008101:1:50,-0.5,2026-10-02T01:01:04.695736+02:00
295892970,de:11000:900007104:1:51,-0.2,2026-10-02T01:01:04.695736+02:00
295892970,de:11000:900100007:1:50,-0.2,2026-10-02T01:01:04.695736+02:00
295892970,de:11000:900100001:4:56,0.0,2026-10-02T01:01:04.695736+02:00
295892970,de:11000:900100025:1:50,-0.9,2026-10-02T01:01:04.695736+02:00
295892970,de:11000:900100020:3:54,-0.9,2026-10-02T01:01:04.695736+02:00
295892970,de:11000:900012101:1:51,0.0,2026-10-02T01:01:04.695736+02:00
295892970,de:11000:900058103:1:50,-0.8,2026-10-02T01:01:04.695736+02:00
295892970,de:11000:900058101:1:50,-0.4,2026-10-02T01:01:04.695736+02:00
295892970,de:11000:900058102:1:50,-0.4,2026-10-02T01:01:04.695736+02:00
295892970,de:11000:900068301:1:50,-0.7,2026-10-02T01:01:04.695736+02:00
295892970,de:11000:900073101:1:50,-0.9,2026-10-02T01:01:04.695736+02:00
295892970,de:11000:900072101:1:50,-0.2,2026-10-02T01:01:04.695736+02:00
295892970,de:11000:900074202:1:50,-0.2,2026-10-02T01:01:04.695736+02:00
295892970,de:11000:900074201:1:50,-0.4,2026-10-02T01:01:04.695736+02:00
295892970,de:12072:900245028:1:51,-0.9,2026-10-02T01:01:04.695736+02:00
295892970,de:12072:900245027:2:52,-0.9,2026-10-02T01:01:04.695736+02:00
307430079,de:12061:900260009:2:54,0.0,2026-10-02T01:01:04.695736+02:00
307430079,de:11000:900058101:4:57,0.0,2026-10-02T01:01:04.695736+02:00
307430079,de:11000:900100020:2:53,0.0,2026-10-02T01:01:04.695736+02:00
307430079,de:11000:900003200:3:55,0.0,2026-10-02T01:01:04.695736+02:00
307430176,de:11000:900003200:1:50,0.0,2026-10-02T01:01:04.695736+02:00
307430176,de:11000:900100020:1:50,0.0,2026-10-02T01:01:04.695736+02:00
307430176,de:11000:900058101:2:52,0.0,2026-10-02T01:01:04.695736+02:00
307430176,de:12061:900260009:2:53,0.0,2026-10-02T01:01:04.695736+02:00
307430303,de:12061:900260009:2:53,0.0,2026-10-02T01:01:04.695736+02:00
307430303,de:11000:900058101:4:57,0.0,2026-10-02T01:01:04.695736+02:00
307430303,de:11000:900100020:2:53,0.0,2026-10-02T01:01:04.695736+02:00
307430303,de:11000:900003200:4:57,0.0,2026-10-02T01:01:04.695736+02:00
307430252,de:11000:900003200:1:50,0.0,2026-10-02T01:01:04.695736+02:00
307430252,de:11000:900100020:1:50,0.0,2026-10-02T01:01:04.695736+02:00
307430252,de:11000:900058101:2:52,0.0,2026-10-02T01:01:04.695736+02:00
307430252,de:12061:900260009:2:54,0.0,2026-10-02T01:01:04.695736+02:00
306895345,de:12067:900311065::1,0.0,2026-10-02T01:01:04.695736+02:00
306895345,de:12067:900311064::2,0.0,2026-10-02T01:01:04.695736+02:00
306895345,de:12067:900310760::1,0.0,2026-10-02T01:01:04.695736+02:00
306895345,de:12067:900310981::1,0.0,2026-10-02T01:01:04.695736+02:00
306895345,de:12067:900310701::2,0.0,2026-10-02T01:01:04.695736+02:00
306895345,de:12067:900310700::1,0.0,2026-10-02T01:01:04.695736+02:00
306895345,de:12067:900310925::1,0.0,2026-10-02T01:01:04.695736+02:00
295900278,de:12065:900200000:4:54,0.0,2026-10-02T01:01:04.695736+02:00
295900278,de:11000:900091203:1:50,0.0,2026-10-02T01:01:04.695736+02:00
295900278,de:11000:900091205:1:50,-0.2,2026-10-02T01:01:04.695736+02:00
295900278,de:11000:900089303:1:51,-0.5,2026-10-02T01:01:04.695736+02:00
295900278,de:11000:900096405:1:50,-0.8,2026-10-02T01:01:04.695736+02:00
295900278,de:11000:900096458:1:50,-0.5,2026-10-02T01:01:04.695736+02:00
295900278,de:11000:900085105:1:50,-0.8,2026-10-02T01:01:04.695736+02:00
295900278,de:11000:900085201:1:51,0.0,2026-10-02T01:01:04.695736+02:00
295900278,de:11000:900130003:1:51,-0.8,2026-10-02T01:01:04.695736+02:00
295900278,de:11000:900110011:1:50,-0.9,2026-10-02T01:01:04.695736+02:00
295900278,de:11000:900007102:1:50,-0.7,2026-10-02T01:01:04.695736+02:00
295900278,de:11000:900008101:1:50,-0.4,2026-10-02T01:01:04.695736+02:00
295900278,de:11000:900007104:1:51,-0.2,2026-10-02T01:01:04.695736+02:00
295900278,de:11000:900100007:1:50,-0.2,2026-10-02T01:01:04.695736+02:00
295900278,de:11000:900100001:4:56,0.0,2026-10-02T01:01:04.695736+02:00
295900278,de:11000:900100025:1:50,-0.9,2026-10-02T01:01:04.695736+02:00
295900278,de:11000:900100020:3:54,-0.9,2026-10-02T01:01:04.695736+02:00
295900278,de:11000:900012101:1:51,0.0,2026-10-02T01:01:04.695736+02:00
295900278,de:11000:900058103:1:50,-0.7,2026-10-02T01:01:04.695736+02:00
295900278,de:11000:900058101:1:50,-0.3,2026-10-02T01:01:04.695736+02:00
295900278,de:11000:900058102:1:52,0.0,2026-10-02T01:01:04.695736+02:00
295900278,de:11000:900063452:1:50,-0.1,2026-10-02T01:01:04.695736+02:00
295900278,de:11000:900067221:1:50,-0.2,2026-10-02T01:01:04.695736+02:00
295900278,de:11000:900064301:3:52,-0.2,2026-10-02T01:01:04.695736+02:00
295900278,de:11000:900064256:1:50,-0.7,2026-10-02T01:01:04.695736+02:00
295900278,de:11000:900064201:1:50,-0.6,2026-10-02T01:01:04.695736+02:00
295900278,de:12069:900220114:1:51,-0.9,2026-10-02T01:01:04.695736+02:00
295900340,de:12069:900220114:1:51,0.0,2026-10-02T01:01:04.695736+02:00
295900340,de:11000:900064201:1:51,-0.1,2026-10-02T01:01:04.695736+02:00
295900340,de:11000:900064256:1:51,0.0,2026-10-02T01:01:04.695736+02:00
295900340,de:11000:900064301:3:53,-0.3,2026-10-02T01:01:04.695736+02:00
295900340,de:11000:900067221:1:50,-0.3,2026-10-02T01:01:04.695736+02:00
295900340,de:11000:900063452:1:51,-0.4,2026-10-02T01:01:04.695736+02:00
295900340,de:11000:900058102:2:53,-0.5,2026-10-02T01:01:04.695736+02:00
295900340,de:11000:900058101:1:51,-0.3,2026-10-02T01:01:04.695736+02:00
295900340,de:11000:900058103:1:51,0.0,2026-10-02T01:01:04.695736+02:00
295900340,de:11000:900012101:2:53,-0.7,2026-10-02T01:01:04.695736+02:00
295900340,de:11000:900100020:4:57,-0.8,2026-10-02T01:01:04.695736+02:00
295900340,de:11000:900100025:1:51,-0.9,2026-10-02T01:01:04.695736+02:00
295900340,de:11000:900100001:4:57,-0.6,2026-10-02T01:01:04.695736+02:00
295900340,de:11000:900100007:1:51,-0.7,2026-10-02T01:01:04.695736+02:00
295900340,de:11000:900007104:2:52,-0.7,2026-10-02T01:01:04.695736+02:00
295900340,de:11000:900008101:1:51,-0.4,2026-10-02T01:01:04.695736+02:00
295900340,de:11000:900007102:2:53,-0.2,2026-10-02T01:01:04.695736+02:00
295900340,de:11000:900110011:2:53,-0.4,2026-10-02T01:01:04.695736+02:00
295900340,de:11000:900085201:1:50,-0.8,2026-10-02T01:01:04.695736+02:00
295900340,de:11000:900085105:1:50,-0.8,2026-10-02T01:01:04.695736+02:00
295900340,de:11000:900096458:1:50,-0.1,2026-10-02T01:01:04.695736+02:00
295900340,de:11000:900096405:1:50,-0.8,2026-10-02T01:01:04.695736+02:00
295900340,de:11000:900089303:1:50,-0.7,2026-10-02T01:01:04.695736+02:00
295900340,de:11000:900091205:1:50,-0.3,2026-10-02T01:01:04.695736+02:00
295900340,de:11000:900091203:1:50,-0.5,2026-10-02T01:01:04.695736+02:00
295900340,de:12065:900200000:1:55,-0.7,2026-10-02T01:01:04.695736+02:00
295900276,de:12065:900200000:4:54,0.0,2026-10-02T01:01:04.695736+02:00
295900276,de:11000:900091203:1:50,0.0,2026-10-02T01:01:04.695736+02:00
295900276,de:11000:900091205:1:50,-0.2,2026-10-02T01:01:04.695736+02:00
295900276,de:11000:900089303:1:51,-0.5,2026-10-02T01:01:04.695736+02:00
295900276,de:11000:900096405:1:50,-0.8,2026-10-02T01:01:04.695736+02:00
295900276,de:11000:900096458:1:50,-0.5,2026-10-02T01:01:04.695736+02:00
295900276,de:11000:900085105:1:50,-0.8,2026-10-02T01:01:04.695736+02:00
295900276,de:11000:900085201:1:51,0.0,2026-10-02T01:01:04.695736+02:00
295900276,de:11000:900130003:1:51,-0.8,2026-10-02T01:01:04.695736+02:00
295900276,de:11000:900110011:1:50,-0.9,2026-10-02T01:01:04.695736+02:00
295900276,de:11000:900007102:1:50,-0.7,2026-10-02T01:01:04.695736+02:00
295900276,de:11000:900008101:1:50,-0.4,2026-10-02T01:01:04.695736+02:00
295900276,de:11000:900007104:1:51,-0.2,2026-10-02T01:01:04.695736+02:00
295900276,de:11000:900100007:1:50,-0.2,2026-10-02T01:01:04.695736+02:00
295900276,de:11000:900100001:4:56,0.0,2026-10-02T01:01:04.695736+02:00
295900276,de:11000:900100025:1:50,-0.9,2026-10-02T01:01:04.695736+02:00
295900276,de:11000:900100020:3:54,-0.9,2026-10-02T01:01:04.695736+02:00
295900276,de:11000:900012101:1:51,0.0,2026-10-02T01:01:04.695736+02:00
295900276,de:11000:900058103:1:50,-0.7,2026-10-02T01:01:04.695736+02:00
295900276,de:11000:900058101:1:50,-0.3,2026-10-02T01:01:04.695736+02:00
295900276,de:11000:900058102:1:52,0.0,2026-10-02T01:01:04.695736+02:00
295900276,de:11000:900063452:1:50,-0.1,2026-10-02T01:01:04.695736+02:00
295900276,de:11000:900067221:1:50,-0.2,2026-10-02T01:01:04.695736+02:00
295900276,de:11000:900064301:3:52,-0.2,2026-10-02T01:01:04.695736+02:00
295900276,de:11000:900064256:1:50,-0.7,2026-10-02T01:01:04.695736+02:00
295900276,de:11000:900064201:1:50,-0.6,2026-10-02T01:01:04.695736+02:00
295900276,de:12069:900220114:1:51,-0.9,2026-10-02T01:01:04.695736+02:00
295900338,de:12069:900220114:1:51,0.0,2026-10-02T01:01:04.695736+02:00
295900338,de:11000:900064201:1:51,-0.1,2026-10-02T01:01:04.695736+02:00
295900338,de:11000:900064256:1:51,0.0,2026-10-02T01:01:04.695736+02:00
295900338,de:11000:900064301:3:53,-0.3,2026-10-02T01:01:04.695736+02:00
295900338,de:11000:900067221:1:50,-0.3,2026-10-02T01:01:04.695736+02:00
295900338,de:11000:900063452:1:51,-0.4,2026-10-02T01:01:04.695736+02:00
295900338,de:11000:900058102:2:53,-0.5,2026-10-02T01:01:04.695736+02:00
295900338,de:11000:900058101:1:51,-0.3,2026-10-02T01:01:04.695736+02:00
295900338,de:11000:900058103:1:51,0.0,2026-10-02T01:01:04.695736+02:00
295900338,de:11000:900012101:2:53,-0.7,2026-10-02T01:01:04.695736+02:00
295900338,de:11000:900100020:4:57,-0.8,2026-10-02T01:01:04.695736+02:00
295900338,de:11000:900100025:1:51,-0.9,2026-10-02T01:01:04.695736+02:00
295900338,de:11000:900100001:4:57,-0.6,2026-10-02T01:01:04.695736+02:00
295900338,de:11000:900100007:1:51,-0.7,2026-10-02T01:01:04.695736+02:00
295900338,de:11000:900007104:2:52,-0.7,2026-10-02T01:01:04.695736+02:00
295900338,de:11000:900008101:1:51,-0.4,2026-10-02T01:01:04.695736+02:00
295900338,de:11000:900007102:2:53,-0.2,2026-10-02T01:01:04.695736+02:00
295900338,de:11000:900110011:2:53,-0.4,2026-10-02T01:01:04.695736+02:00
295900338,de:11000:900085201:1:50,-0.8,2026-10-02T01:01:04.695736+02:00
295900338,de:11000:900085105:1:50,-0.8,2026-10-02T01:01:04.695736+02:00
295900338,de:11000:900096458:1:50,-0.1,2026-10-02T01:01:04.695736+02:00
295900338,de:11000:900096405:1:50,-0.8,2026-10-02T01:01:04.695736+02:00
295900338,de:11000:900089303:1:50,-0.7,2026-10-02T01:01:04.695736+02:00
295900338,de:11000:900091205:1:50,-0.3,2026-10-02T01:01:04.695736+02:00
295900338,de:11000:900091203:1:50,-0.5,2026-10-02T01:01:04.695736+02:00
295900338,de:12065:900200000:1:55,-0.7,2026-10-02T01:01:04.695736+02:00
295900241,de:12065:900200000:1:55,0.0,2026-10-02T01:01:04.695736+02:00
295900241,de:11000:900091203:1:50,0.0,2026-10-02T01:01:04.695736+02:00
295900241,de:11000:900091205:1:50,-0.2,2026-10-02T01:01:04.695736+02:00
295900241,de:11000:900089303:1:51,-0.5,2026-10-02T01:01:04.695736+02:00
295900241,de:11000:900096405:1:50,-0.8,2026-10-02T01:01:04.695736+02:00
295900241,de:11000:900096458:1:50,-0.5,2026-10-02T01:01:04.695736+02:00
295900241,de:11000:900085105:1:50,-0.8,2026-10-02T01:01:04.695736+02:00
295900241,de:11000:900085201:1:51,0.0,2026-10-02T01:01:04.695736+02:00
295900241,de:11000:900130003:1:51,-0.8,2026-10-02T01:01:04.695736+02:00
295900241,de:11000:900110011:1:50,-0.9,2026-10-02T01:01:04.695736+02:00
295900241,de:11000:900007102:1:50,-0.7,2026-10-02T01:01:04.695736+02:00
295900241,de:11000:900008101:1:50,-0.4,2026-10-02T01:01:04.695736+02:00
295900241,de:11000:900007104:1:51,-0.2,2026-10-02T01:01:04.695736+02:00
295900241,de:11000:900100007:1:50,-0.2,2026-10-02T01:01:04.695736+02:00
295900241,de:11000:900100001:4:56,0.0,2026-10-02T01:01:04.695736+02:00
295900241,de:11000:900100025:1:50,-0.9,2026-10-02T01:01:04.695736+02:00
295900241,de:11000:900100020:3:54,-0.9,2026-10-02T01:01:04.695736+02:00
295900241,de:11000:900012101:1:51,0.0,2026-10-02T01:01:04.695736+02:00
295900241,de:11000:900058103:1:50,-0.7,2026-10-02T01:01:04.695736+02:00
295900241,de:11000:900058101:1:50,-0.3,2026-10-02T01:01:04.695736+02:00
295900241,de:11000:900058102:1:52,0.0,2026-10-02T01:01:04.695736+02:00
295900241,de:11000:900063452:1:50,-0.1,2026-10-02T01:01:04.695736+02:00
295900241,de:11000:900067221:1:50,-0.2,2026-10-02T01:01:04.695736+02:00
295900241,de:11000:900064301:3:52,-0.2,2026-10-02T01:01:04.695736+02:00
295900241,de:11000:900064256:1:50,-0.7,2026-10-02T01:01:04.695736+02:00
295900241,de:11000:900064201:1:50,-0.6,2026-10-02T01:01:04.695736+02:00
295900241,de:12069:900220114:1:51,-0.9,2026-10-02T01:01:04.695736+02:00
295896166,de:11000:900074201:1:50,0.0,2026-10-02T01:01:04.695736+02:00
295896166,de:11000:900074202:2:51,-0.1,2026-10-02T01:01:04.695736+02:00
295896166,de:11000:900072101:2:51,-0.1,2026-10-02T01:01:04.695736+02:00
295896166,de:11000:900073101:1:51,-0.4,2026-10-02T01:01:04.695736+02:00
295896166,de:11000:900068301:1:51,-0.7,2026-10-02T01:01:04.695736+02:00
295896166,de:11000:900058102:2:51,-0.7,2026-10-02T01:01:04.695736+02:00
295896166,de:11000:900058101:1:51,-0.3,2026-10-02T01:01:04.695736+02:00
295896166,de:11000:900058103:1:51,-0.1,2026-10-02T01:01:04.695736+02:00
295896166,de:11000:900012101:2:53,-0.7,2026-10-02T01:01:04.695736+02:00
295896166,de:11000:900100020:4:57,-0.8,2026-10-02T01:01:04.695736+02:00
295896166,de:11000:900100025:1:51,-0.9,2026-10-02T01:01:04.695736+02:00
295896166,de:11000:900100001:4:57,-0.6,2026-10-02T01:01:04.695736+02:00
295896166,de:11000:900100007:1:51,-0.7,2026-10-02T01:01:04.695736+02:00
295896166,de:11000:900007104:2:52,-0.7,2026-10-02T01:01:04.695736+02:00
295896166,de:11000:900008101:1:51,-0.4,2026-10-02T01:01:04.695736+02:00
295896166,de:11000:900007102:2:53,-0.1,2026-10-02T01:01:04.695736+02:00
295896166,de:11000:900110011:2:52,-0.4,2026-10-02T01:01:04.695736+02:00
295896166,de:11000:900130002:1:50,-0.7,2026-10-02T01:01:04.695736+02:00
295896166,de:11000:900130001:1:50,-0.4,2026-10-02T01:01:04.695736+02:00
295896166,de:11000:900142001:1:50,-0.9,2026-10-02T01:01:04.695736+02:00
295896166,de:11000:900143001:1:51,-0.7,2026-10-02T01:01:04.695736+02:00
295896166,de:11000:900135001:1:50,-0.4,2026-10-02T01:01:04.695736+02:00
306895260,de:12067:900311129::4,0.0,2026-10-02T01:01:04.695736+02:00
306895260,de:12067:900310637::2,0.0,2026-10-02T01:01:04.695736+02:00
306895260,de:12067:900310722::2,-0.5,2026-10-02T01:01:04.695736+02:00
306895260,de:12067:900310834::1,-0.5,2026-10-02T01:01:04.695736+02:00
295903035,de:11000:900007104:1:51,0.0,2026-10-02T01:01:04.695736+02:00
295903035,de:11000:900100007:1:50,-0.2,2026-10-02T01:01:04.695736+02:00
295903035,de:11000:900100001:4:56,0.0,2026-10-02T01:01:04.695736+02:00
295903035,de:11000:900100025:1:50,-0.9,2026-10-02T01:01:04.695736+02:00
295903035,de:11000:900100020:3:54,-0.9,2026-10-02T01:01:04.695736+02:00
295903035,de:11000:900012101:1:51,0.0,2026-10-02T01:01:04.695736+02:00
295903035,de:11000:900058103:1:50,-0.7,2026-10-02T01:01:04.695736+02:00
295903035,de:11000:900058101:1:50,-0.3,2026-10-02T01:01:04.695736+02:00
295903035,de:11000:900058102:1:52,0.0,2026-10-02T01:01:04.695736+02:00
295903035,de:11000:900063452:1:50,-0.1,2026-10-02T01:01:04.695736+02:00
295903035,de:11000:900067221:1:50,-0.2,2026-10-02T01:01:04.695736+02:00
295903035,de:11000:900064301:3:52,-0.2,2026-10-02T01:01:04.695736+02:00
295903035,de:11000:900064256:1:50,-0.7,2026-10-02T01:01:04.695736+02:00
295903035,de:11000:900064201:1:50,-0.6,2026-10-02T01:01:04.695736+02:00
295903035,de:12069:900220114:1:50,-0.9,2026-10-02T01:01:04.695736+02:00
295903137,de:12069:900220114:1:50,0.0,2026-10-02T01:01:04.695736+02:00
295903137,de:11000:900064201:1:51,-0.1,2026-10-02T01:01:04.695736+02:00
295903137,de:11000:900064256:1:51,0.0,2026-10-02T01:01:04.695736+02:00
295903137,de:11000:900064301:3:53,-0.3,2026-10-02T01:01:04.695736+02:00
295903137,de:11000:900067221:1:50,-0.3,2026-10-02T01:01:04.695736+02:00
295903137,de:11000:900063452:1:51,-0.4,2026-10-02T01:01:04.695736+02:00
295903137,de:11000:900058102:2:53,-0.5,2026-10-02T01:01:04.695736+02:00
295903137,de:11000:900058101:1:51,-0.3,2026-10-02T01:01:04.695736+02:00
295903137,de:11000:900058103:1:51,0.0,2026-10-02T01:01:04.695736+02:00
295903137,de:11000:900012101:2:53,-0.7,2026-10-02T01:01:04.695736+02:00
295903137,de:11000:900100020:4:57,-0.8,2026-10-02T01:01:04.695736+02:00
295903137,de:11000:900100025:1:51,-0.9,2026-10-02T01:01:04.695736+02:00
295903137,de:11000:900100001:4:57,-0.6,2026-10-02T01:01:04.695736+02:00
295903137,de:11000:900100007:1:51,-0.7,2026-10-02T01:01:04.695736+02:00
295903137,de:11000:900007104:2:52,-0.7,2026-10-02T01:01:04.695736+02:00
295903137,de:11000:900008101:1:51,-0.4,2026-10-02T01:01:04.695736+02:00
295903137,de:11000:900007102:2:53,-0.2,2026-10-02T01:01:04.695736+02:00
295903137,de:11000:900110011:2:52,-0.4,2026-10-02T01:01:04.695736+02:00
295903137,de:11000:900130002:1:50,0.0,2026-10-02T01:01:04.695736+02:00
295903137,de:11000:900130001:1:50,-0.7,2026-10-02T01:01:04.695736+02:00
295903137,de:11000:900142001:1:50,-0.2,2026-10-02T01:01:04.695736+02:00
295903128,de:12069:900220114:1:50,0.0,2026-10-02T01:01:04.695736+02:00
295903128,de:11000:900064201:1:51,-0.1,2026-10-02T01:01:04.695736+02:00
295903128,de:11000:900064256:1:51,0.0,2026-10-02T01:01:04.695736+02:00
295903128,de:11000:900064301:3:53,-0.3,2026-10-02T01:01:04.695736+02:00
295903128,de:11000:900067221:1:50,-0.3,2026-10-02T01:01:04.695736+02:00
295903128,de:11000:900063452:1:51,-0.4,2026-10-02T01:01:04.695736+02:00
295903128,de:11000:900058102:2:53,-0.5,2026-10-02T01:01:04.695736+02:00
295903128,de:11000:900058101:1:51,-0.3,2026-10-02T01:01:04.695736+02:00
295903128,de:11000:900058103:1:51,0.0,2026-10-02T01:01:04.695736+02:00
295903128,de:11000:900012101:2:53,-0.7,2026-10-02T01:01:04.695736+02:00
295903128,de:11000:900100020:4:57,-0.8,2026-10-02T01:01:04.695736+02:00
295903128,de:11000:900100025:1:51,-0.9,2026-10-02T01:01:04.695736+02:00
295903128,de:11000:900100001:4:57,-0.6,2026-10-02T01:01:04.695736+02:00
295903128,de:11000:900100007:1:51,-0.7,2026-10-02T01:01:04.695736+02:00
295903128,de:11000:900007104:2:52,-0.7,2026-10-02T01:01:04.695736+02:00
295903128,de:11000:900008101:1:51,-0.4,2026-10-02T01:01:04.695736+02:00
295903128,de:11000:900007102:2:53,-0.2,2026-10-02T01:01:04.695736+02:00
295903128,de:11000:900110011:2:52,-0.4,2026-10-02T01:01:04.695736+02:00
295903128,de:11000:900130002:1:50,0.0,2026-10-02T01:01:04.695736+02:00
295903128,de:11000:900130001:1:50,-0.7,2026-10-02T01:01:04.695736+02:00
295903128,de:11000:900142001:1:50,-0.2,2026-10-02T01:01:04.695736+02:00
295903124,de:12069:900220114:1:50,0.0,2026-10-02T01:01:04.695736+02:00
295903124,de:11000:900064201:1:51,-0.1,2026-10-02T01:01:04.695736+02:00
295903124,de:11000:900064256:1:51,0.0,2026-10-02T01:01:04.695736+02:00
295903124,de:11000:900064301:3:53,-0.3,2026-10-02T01:01:04.695736+02:00
295903124,de:11000:900067221:1:50,-0.3,2026-10-02T01:01:04.695736+02:00
295903124,de:11000:900063452:1:51,-0.4,2026-10-02T01:01:04.695736+02:00
295903124,de:11000:900058102:2:53,-0.5,2026-10-02T01:01:04.695736+02:00
295903124,de:11000:900058101:1:51,-0.3,2026-10-02T01:01:04.695736+02:00
295903124,de:11000:900058103:1:51,0.0,2026-10-02T01:01:04.695736+02:00
295903124,de:11000:900012101:2:53,-0.7,2026-10-02T01:01:04.695736+02:00
295903124,de:11000:900100020:4:57,-0.8,2026-10-02T01:01:04.695736+02:00
295903124,de:11000:900100025:1:51,-0.9,2026-10-02T01:01:04.695736+02:00
295903124,de:11000:900100001:4:57,-0.6,2026-10-02T01:01:04.695736+02:00
295903124,de:11000:900100007:1:51,-0.7,2026-10-02T01:01:04.695736+02:00
295903124,de:11000:900007104:2:52,-0.7,2026-10-02T01:01:04.695736+02:00
295903124,de:11000:900008101:1:51,-0.4,2026-10-02T01:01:04.695736+02:00
295903124,de:11000:900007102:2:53,-0.2,2026-10-02T01:01:04.695736+02:00
295903124,de:11000:900110011:2:52,-0.4,2026-10-02T01:01:04.695736+02:00
295903124,de:11000:900130002:1:50,0.0,2026-10-02T01:01:04.695736+02:00
295903124,de:11000:900130001:1:50,-0.7,2026-10-02T01:01:04.695736+02:00
295903124,de:11000:900142001:1:50,-0.2,2026-10-02T01:01:04.695736+02:00
295902994,de:11000:900142001:1:51,0.0,2026-10-02T01:01:04.695736+02:00
295902994,de:11000:900130001:1:51,-0.2,2026-10-02T01:01:04.695736+02:00
295902994,de:11000:900130002:1:51,-0.7,2026-10-02T01:01:04.695736+02:00
295902994,de:11000:900110011:1:51,-0.2,2026-10-02T01:01:04.695736+02:00
295902994,de:11000:900007102:1:50,-0.7,2026-10-02T01:01:04.695736+02:00
295902994,de:11000:900008101:1:50,-0.4,2026-10-02T01:01:04.695736+02:00
295902994,de:11000:900007104:1:51,-0.2,2026-10-02T01:01:04.695736+02:00
295902994,de:11000:900100007:1:50,-0.2,2026-10-02T01:01:04.695736+02:00
295902994,de:11000:900100001:4:56,0.0,2026-10-02T01:01:04.695736+02:00
295902994,de:11000:900100025:1:50,-0.9,2026-10-02T01:01:04.695736+02:00
295902994,de:11000:900100020:3:54,-0.9,2026-10-02T01:01:04.695736+02:00
295902994,de:11000:900012101:1:51,0.0,2026-10-02T01:01:04.695736+02:00
295902994,de:11000:900058103:1:50,-0.7,2026-10-02T01:01:04.695736+02:00
295902994,de:11000:900058101:1:50,-0.3,2026-10-02T01:01:04.695736+02:00
295902994,de:11000:900058102:1:52,0.0,2026-10-02T01:01:04.695736+02:00
295902994,de:11000:900063452:1:50,-0.1,2026-10-02T01:01:04.695736+02:00
295902994,de:11000:900067221:1:50,-0.2,2026-10-02T01:01:04.695736+02:00
295902994,de:11000:900064301:3:52,-0.2,2026-10-02T01:01:04.695736+02:00
295902994,de:11000:900064256:1:50,-0.7,2026-10-02T01:01:04.695736+02:00
295902994,de:11000:900064201:1:50,-0.6,2026-10-02T01:01:04.695736+02:00
295902994,de:12069:900220114:1:50,-0.9,2026-10-02T01:01:04.695736+02:00
306897108,de:12067:900311238::1,0.0,2026-10-02T01:01:04.695736+02:00
306897108,de:12067:900311236::2,0.0,2026-10-02T01:01:04.695736+02:00
306897108,de:12067:900311232::1,0.0,2026-10-02T01:01:04.695736+02:00
306897108,de:12067:900311624::2,0.0,2026-10-02T01:01:04.695736+02:00
306897108,de:12067:900311622::2,0.0,2026-10-02T01:01:04.695736+02:00
306897108,de:12067:900311632::2,0.0,2026-10-02T01:01:04.695736+02:00
306897108,de:12067:900311634::1,0.0,2026-10-02T01:01:04.695736+02:00
306897108,de:12067:900311591::1,0.0,2026-10-02T01:01:04.695736+02:00
306897108,de:12067:900311590::2,0.0,2026-10-02T01:01:04.695736+02:00
306897108,de:12067:900311370::2,0.0,2026-10-02T01:01:04.695736+02:00
306897108,de:12067:900311373::2,0.0,2026-10-02T01:01:04.695736+02:00
306897108,de:12067:900311301::2,0.0,2026-10-02T01:01:04.695736+02:00
306897108,de:12067:900311339::2,0.0,2026-10-02T01:01:04.695736+02:00
306897108,de:12067:900311309::1,0.0,2026-10-02T01:01:04.695736+02:00
306897108,de:12067:900311310::1,0.0,2026-10-02T01:01:04.695736+02:00
306897108,de:12067:900311307::1,0.0,2026-10-02T01:01:04.695736+02:00
306897108,de:12067:900311308::4,0.0,2026-10-02T01:01:04.695736+02:00
295907163,de:12067:900310004:3:53,0.0,2026-10-02T01:01:04.695736+02:00
295907163,de:11000:900183002:1:50,-0.1,2026-10-02T01:01:04.695736+02:00
295907163,de:11000:900183001:1:50,-0.4,2026-10-02T01:01:04.695736+02:00
295907163,de:11000:900182002:1:50,0.0,2026-10-02T01:01:04.695736+02:00
295907163,de:11000:900182001:1:50,-0.2,2026-10-02T01:01:04.695736+02:00
295907163,de:11000:900180001:1:50,-0.7,2026-10-02T01:01:04.695736+02:00
295907163,de:11000:900180002:1:50,-0.7,2026-10-02T01:01:04.695736+02:00
295907163,de:11000:900162001:1:50,-0.9,2026-10-02T01:01:04.695736+02:00
295907163,de:11000:900160002:1:50,0.0,2026-10-02T01:01:04.695736+02:00
295907163,de:11000:900160001:1:50,-0.3,2026-10-02T01:01:04.695736+02:00
295907163,de:11000:900120003:3:55,-0.1,2026-10-02T01:01:04.695736+02:00
295907163,de:11000:900120004:2:53,-0.6,2026-10-02T01:01:04.695736+02:00
295907163,de:11000:900120005:5:58,-0.9,2026-10-02T01:01:04.695736+02:00
295907163,de:11000:900100004:1:51,-0.4,2026-10-02T01:01:04.695736+02:00
295907163,de:11000:900100003:2:53,-0.4,2026-10-02T01:01:04.695736+02:00
295907163,de:11000:900100002:1:51,-0.4,2026-10-02T01:01:04.695736+02:00
295907163,de:11000:900100001:3:55,-0.4,2026-10-02T01:01:04.695736+02:00
295907163,de:11000:900003201:3:55,-0.1,2026-10-02T01:01:04.695736+02:00
295907163,de:11000:900003102:1:51,-0.8,2026-10-02T01:01:04.695736+02:00
295907163,de:11000:900003103:1:51,-0.9,2026-10-02T01:01:04.695736+02:00
295907163,de:11000:900023201:3:55,-0.8,2026-10-02T01:01:04.695736+02:00
295907163,de:11000:900024203:1:51,-0.8,2026-10-02T01:01:04.695736+02:00
295907163,de:11000:900024101:4:57,-0.8,2026-10-02T01:01:04.695736+02:00
295907163,de:11000:900024102:1:50,-0.1,2026-10-02T01:01:04.695736+02:00
295907163,de:11000:900025423:1:50,-0.4,2026-10-02T01:01:04.695736+02:00
295907163,de:11000:900026105:1:50,-0.7,2026-10-02T01:01:04.695736+02:00
295907163,de:11000:900025321:1:50,-0.3,2026-10-02T01:01:04.695736+02:00
295907163,de:11000:900025424:1:50,-0.3,2026-10-02T01:01:04.695736+02:00
295907163,de:11000:900030202:1:50,-0.9,2026-10-02T01:01:04.695736+02:00
295907163,de:11000:900029101:1:50,-0.9,2026-10-02T01:01:04.695736+02:00
307434527,de:11000:900007102:4:56,0.0,2026-10-02T01:01:04.695736+02:00
307434527,de:11000:900020201:1:51,0.0,2026-10-02T01:01:04.695736+02:00
307434527,de:11000:900029101:2:52,0.0,2026-10-02T01:01:04.695736+02:00
307434527,de:11000:900037168:1:50,0.0,2026-10-02T01:01:04.695736+02:00
307434527,de:12063:900210180:1:50,0.0,2026-10-02T01:01:04.695736+02:00
307434527,de:12063:900210010:1:50,0.0,2026-10-02T01:01:04.695736+02:00
307434527,de:12063:900210011:1:50,0.0,2026-10-02T01:01:04.695736+02:00
307434527,de:12063:900210326:1:50,0.0,2026-10-02T01:01:04.695736+02:00
307434527,de:12063:900210005:1:50,0.0,2026-10-02T01:01:04.695736+02:00
307435118,de:12063:900210005:1:50,0.0,2026-10-02T01:01:04.695736+02:00
307435118,de:12063:900210326:2:51,0.0,2026-10-02T01:01:04.695736+02:00
307435118,de:12063:900210011:2:51,0.0,2026-10-02T01:01:04.695736+02:00
307435118,de:12063:900210010:2:51,0.0,2026-10-02T01:01:04.695736+02:00
307435118,de:12063:900210180:2:51,0.0,2026-10-02T01:01:04.695736+02:00
307435118,de:11000:900037168:2:51,0.0,2026-10-02T01:01:04.695736+02:00
307435118,de:11000:900029101:3:54,0.0,2026-10-02T01:01:04.695736+02:00
307435118,de:11000:900020201:1:50,0.0,2026-10-02T01:01:04.695736+02:00
307435118,de:11000:900007102:5:59,0.0,2026-10-02T01:01:04.695736+02:00
307435118,de:11000:900120003:4:56,0.0,2026-10-02T01:01:04.695736+02:00
307435118,de:11000:900192001:1:50,0.0,2026-10-02T01:01:04.695736+02:00
307435090,de:12063:900210005:1:50,0.0,2026-10-02T01:01:04.695736+02:00
307435090,de:12063:900210326:2:51,0.0,2026-10-02T01:01:04.695736+02:00
307435090,de:12063:900210011:2:51,0.0,2026-10-02T01:01:04.695736+02:00
307435090,de:12063:900210010:2:51,0.0,2026-10-02T01:01:04.695736+02:00
307435090,de:12063:900210180:2:51,0.0,2026-10-02T01:01:04.695736+02:00
307435090,de:11000:900037168:2:51,0.0,2026-10-02T01:01:04.695736+02:00
307435090,de:11000:900029101:3:54,0.0,2026-10-02T01:01:04.695736+02:00
307435090,de:11000:900007102:5:59,0.0,2026-10-02T01:01:04.695736+02:00
307435090,de:11000:900120003:4:56,0.0,2026-10-02T01:01:04.695736+02:00
307435090,de:11000:900192001:1:50,0.0,2026-10-02T01:01:04.695736+02:00
295906919,de:11000:900029101:1:50,0.0,2026-10-02T01:01:04.695736+02:00
295906919,de:11000:900030202:1:50,-0.3,2026-10-02T01:01:04.695736+02:00
295906919,de:11000:900025424:1:51,-0.2,2026-10-02T01:01:04.695736+02:00
295906919,de:11000:900025321:1:51,-0.2,2026-10-02T01:01:04.695736+02:00
295906919,de:11000:900026105:1:50,-0.4,2026-10-02T01:01:04.695736+02:00
295906919,de:11000:900025423:1:50,-0.7,2026-10-02T01:01:04.695736+02:00
295906919,de:11000:900024102:2:53,-0.7,2026-10-02T01:01:04.695736+02:00
295906919,de:11000:900024101:3:55,-0.3,2026-10-02T01:01:04.695736+02:00
295906919,de:11000:900024203:1:51,-0.8,2026-10-02T01:01:04.695736+02:00
295906919,de:11000:900023201:3:54,-0.7,2026-10-02T01:01:04.695736+02:00
295906919,de:11000:900003103:1:50,-0.8,2026-10-02T01:01:04.695736+02:00
295906919,de:11000:900003102:1:50,-0.9,2026-10-02T01:01:04.695736+02:00
295906919,de:11000:900003201:3:54,-0.5,2026-10-02T01:01:04.695736+02:00
295906919,de:11000:900100001:3:54,-0.1,2026-10-02T01:01:04.695736+02:00
295906919,de:11000:900100002:1:50,-0.4,2026-10-02T01:01:04.695736+02:00
295906919,de:11000:900100003:2:52,-0.1,2026-10-02T01:01:04.695736+02:00
295906919,de:11000:900100004:1:50,-0.4,2026-10-02T01:01:04.695736+02:00
295906919,de:11000:900120005:4:55,-0.6,2026-10-02T01:01:04.695736+02:00
295906919,de:11000:900120004:1:50,-0.1,2026-10-02T01:01:04.695736+02:00
295906919,de:11000:900120003:2:53,-0.4,2026-10-02T01:01:04.695736+02:00
295906919,de:11000:900160001:1:51,-0.4,2026-10-02T01:01:04.695736+02:00
295906919,de:11000:900160002:1:50,-0.7,2026-10-02T01:01:04.695736+02:00
295906919,de:11000:900162001:1:51,-0.3,2026-10-02T01:01:04.695736+02:00
295906919,de:11000:900180002:1:51,-0.3,2026-10-02T01:01:04.695736+02:00
295906919,de:11000:900180001:1:50,-0.7,2026-10-02T01:01:04.695736+02:00
295906919,de:11000:900182001:1:51,-0.2,2026-10-02T01:01:04.695736+02:00
295906919,de:11000:900182002:1:51,-0.4,2026-10-02T01:01:04.695736+02:00
295906919,de:11000:900183001:1:51,0.0,2026-10-02T01:01:04.695736+02:00
295906919,de:11000:900183002:1:51,-0.3,2026-10-02T01:01:04.695736+02:00
295906919,de:12067:900310004:3:53,-0.5,2026-10-02T01:01:04.695736+02:00
295906915,de:11000:900029101:1:50,0.0,2026-10-02T01:01:04.695736+02:00
295906915,de:11000:900030202:1:50,-0.3,2026-10-02T01:01:04.695736+02:00
295906915,de:11000:900025424:1:51,-0.2,2026-10-02T01:01:04.695736+02:00
295906915,de:11000:900025321:1:51,-0.2,2026-10-02T01:01:04.695736+02:00
295906915,de:11000:900026105:1:50,-0.4,2026-10-02T01:01:04.695736+02:00
295906915,de:11000:900025423:1:50,-0.7,2026-10-02T01:01:04.695736+02:00
295906915,de:11000:900024102:2:53,-0.7,2026-10-02T01:01:04.695736+02:00
295906915,de:11000:900024101:3:55,-0.3,2026-10-02T01:01:04.695736+02:00
295906915,de:11000:900024203:1:51,-0.8,2026-10-02T01:01:04.695736+02:00
295906915,de:11000:900023201:3:54,-0.7,2026-10-02T01:01:04.695736+02:00
295906915,de:11000:900003103:1:50,-0.8,2026-10-02T01:01:04.695736+02:00
295906915,de:11000:900003102:1:50,-0.9,2026-10-02T01:01:04.695736+02:00
295906915,de:11000:900003201:3:54,-0.5,2026-10-02T01:01:04.695736+02:00
295906915,de:11000:900100001:3:54,-0.1,2026-10-02T01:01:04.695736+02:00
295906915,de:11000:900100002:1:50,-0.4,2026-10-02T01:01:04.695736+02:00
295906915,de:11000:900100003:2:52,-0.1,2026-10-02T01:01:04.695736+02:00
295906915,de:11000:900100004:1:50,-0.4,2026-10-02T01:01:04.695736+02:00
295906915,de:11000:900120005:4:55,-0.6,2026-10-02T01:01:04.695736+02:00
295906915,de:11000:900120004:1:50,-0.1,2026-10-02T01:01:04.695736+02:00
295906915,de:11000:900120003:2:53,-0.4,2026-10-02T01:01:04.695736+02:00
295906915,de:11000:900160001:1:51,-0.4,2026-10-02T01:01:04.695736+02:00
295906915,de:11000:900160002:1:50,-0.7,2026-10-02T01:01:04.695736+02:00
295906915,de:11000:900162001:1:51,-0.3,2026-10-02T01:01:04.695736+02:00
295906915,de:11000:900180002:1:51,-0.3,2026-10-02T01:01:04.695736+02:00
295906915,de:11000:900180001:1:50,-0.7,2026-10-02T01:01:04.695736+02:00
295906915,de:11000:900182001:1:51,-0.2,2026-10-02T01:01:04.695736+02:00
295906915,de:11000:900182002:1:51,-0.4,2026-10-02T01:01:04.695736+02:00
295906915,de:11000:900183001:1:51,0.0,2026-10-02T01:01:04.695736+02:00
295906915,de:11000:900183002:1:51,-0.3,2026-10-02T01:01:04.695736+02:00
295906915,de:12067:900310004:3:53,-0.5,2026-10-02T01:01:04.695736+02:00
295906912,de:11000:900029101:1:50,0.0,2026-10-02T01:01:04.695736+02:00
295906912,de:11000:900030202:1:50,-0.3,2026-10-02T01:01:04.695736+02:00
295906912,de:11000:900025424:1:51,-0.2,2026-10-02T01:01:04.695736+02:00
295906912,de:11000:900025321:1:51,-0.2,2026-10-02T01:01:04.695736+02:00
295906912,de:11000:900026105:1:50,-0.4,2026-10-02T01:01:04.695736+02:00
295906912,de:11000:900025423:1:50,-0.7,2026-10-02T01:01:04.695736+02:00
295906912,de:11000:900024102:2:53,-0.7,2026-10-02T01:01:04.695736+02:00
295906912,de:11000:900024101:3:55,-0.3,2026-10-02T01:01:04.695736+02:00
295906912,de:11000:900024203:1:51,-0.8,2026-10-02T01:01:04.695736+02:00
295906912,de:11000:900023201:3:54,-0.7,2026-10-02T01:01:04.695736+02:00
295906912,de:11000:900003103:1:50,-0.8,2026-10-02T01:01:04.695736+02:00
295906912,de:11000:900003102:1:50,-0.9,2026-10-02T01:01:04.695736+02:00
295906912,de:11000:900003201:3:54,-0.5,2026-10-02T01:01:04.695736+02:00
295906912,de:11000:900100001:3:54,-0.1,2026-10-02T01:01:04.695736+02:00
295906912,de:11000:900100002:1:50,-0.4,2026-10-02T01:01:04.695736+02:00
295906912,de:11000:900100003:2:52,-0.1,2026-10-02T01:01:04.695736+02:00
295906912,de:11000:900100004:1:50,-0.4,2026-10-02T01:01:04.695736+02:00
295906912,de:11000:900120005:4:55,-0.6,2026-10-02T01:01:04.695736+02:00
295906912,de:11000:900120004:1:50,-0.1,2026-10-02T01:01:04.695736+02:00
295906912,de:11000:900120003:2:53,-0.4,2026-10-02T01:01:04.695736+02:00
295906912,de:11000:900160001:1:51,-0.4,2026-10-02T01:01:04.695736+02:00
295906912,de:11000:900160002:1:50,-0.7,2026-10-02T01:01:04.695736+02:00
295906912,de:11000:900162001:1:51,-0.3,2026-10-02T01:01:04.695736+02:00
295906912,de:11000:900180002:1:51,-0.3,2026-10-02T01:01:04.695736+02:00
295906912,de:11000:900180001:1:50,-0.7,2026-10-02T01:01:04.695736+02:00
295906912,de:11000:900182001:1:51,-0.2,2026-10-02T01:01:04.695736+02:00
295906912,de:11000:900182002:1:51,-0.4,2026-10-02T01:01:04.695736+02:00
295906912,de:11000:900183001:1:51,0.0,2026-10-02T01:01:04.695736+02:00
295906912,de:11000:900183002:1:51,-0.3,2026-10-02T01:01:04.695736+02:00
295906912,de:12067:900310004:3:53,-0.5,2026-10-02T01:01:04.695736+02:00
307444570,de:11000:900029101:3:55,0.0,2026-10-02T01:01:04.695736+02:00
307444570,de:11000:900020201:1:50,0.0,2026-10-02T01:01:04.695736+02:00
307444570,de:11000:900003200:1:51,0.0,2026-10-02T01:01:04.695736+02:00
307444570,de:11000:900100020:1:51,0.0,2026-10-02T01:01:04.695736+02:00
307444570,de:11000:900058101:2:53,0.0,2026-10-02T01:01:04.695736+02:00
307444570,de:11000:900064301:1:50,0.0,2026-10-02T01:01:04.695736+02:00
307444570,de:12072:900245029:1:50,0.0,2026-10-02T01:01:04.695736+02:00
307444570,de:12072:900245037:1:50,0.0,2026-10-02T01:01:04.695736+02:00
307444570,de:12072:900245010:1:50,0.0,2026-10-02T01:01:04.695736+02:00
307444570,de:12072:900245016:1:50,0.0,2026-10-02T01:01:04.695736+02:00
307444570,de:12072:900245002:2:52,0.0,2026-10-02T01:01:04.695736+02:00
307444570,de:12072:900245019:2:51,0.0,2026-10-02T01:01:04.695736+02:00
307444570,de:12072:900245303:1:50,0.0,2026-10-02T01:01:04.695736+02:00
307444570,000300838001,0.0,2026-10-02T01:01:04.695736+02:00
307444570,000300839001,0.0,2026-10-02T01:01:04.695736+02:00
307444570,de:12062:900415683:1:50,0.0,2026-10-02T01:01:04.695736+02:00
307444570,de:12062:900415345:1:50,0.0,2026-10-02T01:01:04.695736+02:00
306896133,de:12067:900310554::1,0.0,2026-10-02T01:01:04.695736+02:00
306896133,de:12067:900310013::3,0.0,2026-10-02T01:01:04.695736+02:00
306896133,de:12067:900310563::3,0.0,2026-10-02T01:01:04.695736+02:00
306896133,de:12067:900310559::1,0.0,2026-10-02T01:01:04.695736+02:00
306896133,de:12067:900310558::1,0.0,2026-10-02T01:01:04.695736+02:00
306896133,de:12067:900310556::1,0.0,2026-10-02T01:01:04.695736+02:00
306896133,de:12067:900310621::1,0.0,2026-10-02T01:01:04.695736+02:00
306896133,de:12067:900310568::1,0.0,2026-10-02T01:01:04.695736+02:00
306896133,de:12067:900310955::1,0.0,2026-10-02T01:01:04.695736+02:00
306896133,de:12067:900310949::2,0.0,2026-10-02T01:01:04.695736+02:00
306896133,de:12067:900310951::1,0.0,2026-10-02T01:01:04.695736+02:00
306896133,de:12067:900310956::1,0.0,2026-10-02T01:01:04.695736+02:00
306896133,de:12067:900310954::1,0.0,2026-10-02T01:01:04.695736+02:00
306896133,de:12067:900310953::1,0.0,2026-10-02T01:01:04.695736+02:00
306896133,de:12067:900311042::1,0.0,2026-10-02T01:01:04.695736+02:00
306896133,de:12067:900311043::1,0.0,2026-10-02T01:01:04.695736+02:00
295910972,de:11000:900120005:4:56,0.0,2026-10-02T01:01:04.695736+02:00
295910972,de:11000:900120004:1:50,-0.9,2026-10-02T01:01:04.695736+02:00
295910972,de:11000:900120003:2:53,-0.1,2026-10-02T01:01:04.695736+02:00
295910972,de:11000:900160001:1:51,-0.9,2026-10-02T01:01:04.695736+02:00
295910972,de:11000:900160002:1:50,-0.2,2026-10-02T01:01:04.695736+02:00
295910972,de:11000:900162001:1:51,-0.3,2026-10-02T01:01:04.695736+02:00
295910968,de:11000:900120005:4:56,0.0,2026-10-02T01:01:04.695736+02:00
295910968,de:11000:900120004:1:50,-0.9,2026-10-02T01:01:04.695736+02:00
295910968,de:11000:900120003:2:53,-0.1,2026-10-02T01:01:04.695736+02:00
295910968,de:11000:900160001:1:51,-0.9,2026-10-02T01:01:04.695736+02:00
295910968,de:11000:900160002:1:50,-0.2,2026-10-02T01:01:04.695736+02:00
295910968,de:11000:900162001:1:51,-0.3,2026-10-02T01:01:04.695736+02:00
307443288,de:12073:900341110:1:50,0.0,2026-10-02T01:01:04.695736+02:00
307443288,de:12073:900341111:1:50,0.0,2026-10-02T01:01:04.695736+02:00
307443288,de:12073:900340003:1:50,0.0,2026-10-02T01:01:04.695736+02:00
307443288,000300570037,0.0,2026-10-02T01:01:04.695736+02:00
307443288,de:12060:900350125:2:51,0.0,2026-10-02T01:01:04.695736+02:00
307443288,de:12060:900350124:2:51,0.0,2026-10-02T01:01:04.695736+02:00
307443288,de:12060:900350127:3:53,0.0,2026-10-02T01:01:04.695736+02:00
307443288,de:12060:900350160:2:52,0.0,2026-10-02T01:01:04.695736+02:00
307443288,de:11000:900007102:4:57,0.0,2026-10-02T01:01:04.695736+02:00
307443288,de:11000:900003200:1:51,0.0,2026-10-02T01:01:04.695736+02:00
307443288,de:11000:900100020:1:51,0.0,2026-10-02T01:01:04.695736+02:00
307443288,de:11000:900058101:2:53,0.0,2026-10-02T01:01:04.695736+02:00
307443288,de:11000:900064301:1:50,0.0,2026-10-02T01:01:04.695736+02:00
307443288,de:12069:900220001:1:50,0.0,2026-10-02T01:01:04.695736+02:00
307443288,de:12072:900245032:1:50,0.0,2026-10-02T01:01:04.695736+02:00
307443288,de:12072:900245030:1:50,0.0,2026-10-02T01:01:04.695736+02:00
307443288,de:12072:900245029:1:51,0.0,2026-10-02T01:01:04.695736+02:00
307443288,de:12072:900245014:1:50,0.0,2026-10-02T01:01:04.695736+02:00
307443288,de:12072:900245016:1:50,0.0,2026-10-02T01:01:04.695736+02:00
307443288,de:12072:900245002:2:51,0.0,2026-10-02T01:01:04.695736+02:00
307443288,de:15091:8013371,0.0,2026-10-02T01:01:04.695736+02:00
307443288,de:15091:8013418,0.0,2026-10-02T01:01:04.695736+02:00
307443288,de:15091:8010222,0.0,2026-10-02T01:01:04.695736+02:00
295910960,de:11000:900120005:4:56,0.0,2026-10-02T01:01:04.695736+02:00
295910960,de:11000:900120004:1:50,-0.9,2026-10-02T01:01:04.695736+02:00
295910960,de:11000:900120003:2:53,-0.1,2026-10-02T01:01:04.695736+02:00
295910960,de:11000:900160001:1:51,-0.9,2026-10-02T01:01:04.695736+02:00
295910960,de:11000:900160002:1:50,-0.2,2026-10-02T01:01:04.695736+02:00
295910960,de:11000:900162001:1:51,-0.3,2026-10-02T01:01:04.695736+02:00
295910956,de:11000:900120005:4:56,0.0,2026-10-02T01:01:04.695736+02:00
295910956,de:11000:900120004:1:50,-0.9,2026-10-02T01:01:04.695736+02:00
295910956,de:11000:900120003:2:53,-0.1,2026-10-02T01:01:04.695736+02:00
295910956,de:11000:900160001:1:51,-0.9,2026-10-02T01:01:04.695736+02:00
295910956,de:11000:900160002:1:50,-0.2,2026-10-02T01:01:04.695736+02:00
295910956,de:11000:900162001:1:51,-0.3,2026-10-02T01:01:04.695736+02:00
306895392,de:12067:900311065::1,0.0,2026-10-02T01:01:04.695736+02:00
306895392,de:12067:900311064::2,0.0,2026-10-02T01:01:04.695736+02:00
306895392,de:12067:900310902::2,0.0,2026-10-02T01:01:04.695736+02:00
306895392,de:12067:900310942::2,0.0,2026-10-02T01:01:04.695736+02:00
306895392,de:12067:900310721::1,0.0,2026-10-02T01:01:04.695736+02:00
306895392,de:12067:900310755::2,0.0,2026-10-02T01:01:04.695736+02:00
306895392,de:12067:900310728::2,0.0,2026-10-02T01:01:04.695736+02:00
306895392,de:12067:900311129::6,0.0,2026-10-02T01:01:04.695736+02:00
307275231,de:11000:900120005:4:56,0.0,2026-10-02T01:01:04.695736+02:00
307275231,de:11000:900120004:1:51,-0.1,2026-10-02T01:01:04.695736+02:00
307275231,de:11000:900120003:2:53,-0.4,2026-10-02T01:01:04.695736+02:00
307275231,de:11000:900160001:1:51,-0.4,2026-10-02T01:01:04.695736+02:00
307275231,de:11000:900160002:1:50,-0.7,2026-10-02T01:01:04.695736+02:00
307275231,de:11000:900162001:1:51,-0.3,2026-10-02T01:01:04.695736+02:00
307437135,de:12069:900220143:1:50,0.0,2026-10-02T01:01:04.695736+02:00
307437135,de:12069:900220142:2:51,0.0,2026-10-02T01:01:04.695736+02:00
307437135,de:12069:900220141:2:51,0.0,2026-10-02T01:01:04.695736+02:00
307437135,de:12069:900222030:2:51,0.0,2026-10-02T01:01:04.695736+02:00
307437135,de:12069:900220005:2:51,0.0,2026-10-02T01:01:04.695736+02:00
307437135,de:12069:900220004:2:51,0.0,2026-10-02T01:01:04.695736+02:00
307437135,de:12069:900220003:1:51,0.0,2026-10-02T01:01:04.695736+02:00
307437135,de:12069:900220006:2:51,0.0,2026-10-02T01:01:04.695736+02:00
307437135,de:12069:900220008:2:51,0.0,2026-10-02T01:01:04.695736+02:00
307437135,de:12054:900230001:2:51,0.0,2026-10-02T01:01:04.695736+02:00
307437135,de:11000:900053301:3:55,0.0,2026-10-02T01:01:04.695736+02:00
307437135,de:11000:900024101:2:53,0.0,2026-10-02T01:01:04.695736+02:00
307446017,de:12070:900216026:3:53,0.0,2026-10-02T01:01:04.695736+02:00
307446017,de:15090:8010121,0.0,2026-10-02T01:01:04.695736+02:00
307446017,de:15090:8012967,0.0,2026-10-02T01:01:04.695736+02:00
307446017,de:15090:8012568,0.0,2026-10-02T01:01:04.695736+02:00
307446017,de:15090:8011665,0.0,2026-10-02T01:01:04.695736+02:00
307446017,de:15090:8011460,0.0,2026-10-02T01:01:04.695736+02:00
307446017,000008013045,0.0,2026-10-02T01:01:04.695736+02:00
307446017,de:15090:8010335,0.0,2026-10-02T01:01:04.695736+02:00
307446017,de:15090:8010334,0.0,2026-10-02T01:01:04.695736+02:00
307446017,de:15090:8011355,0.0,2026-10-02T01:01:04.695736+02:00
307446017,de:15090:8013083,0.0,2026-10-02T01:01:04.695736+02:00
307446017,de:15083:8012295,0.0,2026-10-02T01:01:04.695736+02:00
307446017,de:15083:8011042,0.0,2026-10-02T01:01:04.695736+02:00
307446017,de:15083:8013402,0.0,2026-10-02T01:01:04.695736+02:00
307446017,de:15083:8073410,0.0,2026-10-02T01:01:04.695736+02:00
307446017,de:15083:8013344,0.0,2026-10-02T01:01:04.695736+02:00
307446017,de:15003:8010086,0.0,2026-10-02T01:01:04.695736+02:00
307446017,de:15003:8012289,0.0,2026-10-02T01:01:04.695736+02:00
307446017,de:15003:8010226,0.0,2026-10-02T01:01:04.695736+02:00
307446017,de:15003:8010224,0.0,2026-10-02T01:01:04.695736+02:00
307446017,de:15003:8013456,0.0,2026-10-02T01:01:04.695736+02:00
307446017,de:15003:8013485,0.0,2026-10-02T01:01:04.695736+02:00
307446017,de:15003:8012291,0.0,2026-10-02T01:01:04.695736+02:00
307446017,de:15003:8012287,0.0,2026-10-02T01:01:04.695736+02:00
307446017,de:15089:8081270,0.0,2026-10-02T01:01:04.695736+02:00
307446017,de:15089:8010318,0.0,2026-10-02T01:01:04.695736+02:00
307446017,de:15089:8081260,0.0,2026-10-02T01:01:04.695736+02:00
307446017,de:15089:8012907,0.0,2026-10-02T01:01:04.695736+02:00
307283071,de:11000:900009104:1:51,0.0,2026-10-02T01:01:04.695736+02:00
307283071,de:11000:900007102:2:52,-0.9,2026-10-02T01:01:04.695736+02:00
307283071,de:11000:900110001:1:50,-0.6,2026-10-02T01:01:04.695736+02:00
307283071,de:11000:900110002:1:50,-0.4,2026-10-02T01:01:04.695736+02:00
307283071,de:11000:900110003:1:50,-0.4,2026-10-02T01:01:04.695736+02:00
307283071,de:11000:900110004:1:50,-0.8,2026-10-02T01:01:04.695736+02:00
307283071,de:11000:900110012:1:50,-0.7,2026-10-02T01:01:04.695736+02:00
307283071,de:11000:900120001:1:50,-0.7,2026-10-02T01:01:04.695736+02:00
307283071,de:11000:900120003:5:58,-0.1,2026-10-02T01:01:04.695736+02:00
307283071,de:11000:900190001:1:50,-0.4,2026-10-02T01:01:04.695736+02:00
307283071,de:11000:900077106:1:50,-0.4,2026-10-02T01:01:04.695736+02:00
307283071,de:11000:900078201:1:50,-0.3,2026-10-02T01:01:04.695736+02:00
307283071,de:11000:900079221:1:50,-0.2,2026-10-02T01:01:04.695736+02:00
307283052,de:11000:900009104:1:51,0.0,2026-10-02T01:01:04.695736+02:00
307283052,de:11000:900007102:2:52,-0.9,2026-10-02T01:01:04.695736+02:00
307283052,de:11000:900110001:1:50,-0.6,2026-10-02T01:01:04.695736+02:00
307283052,de:11000:900110002:1:50,-0.4,2026-10-02T01:01:04.695736+02:00
307283052,de:11000:900110003:1:50,-0.4,2026-10-02T01:01:04.695736+02:00
307283052,de:11000:900110004:1:50,-0.8,2026-10-02T01:01:04.695736+02:00
307283052,de:11000:900110012:1:50,-0.7,2026-10-02T01:01:04.695736+02:00
307283052,de:11000:900120001:1:50,-0.7,2026-10-02T01:01:04.695736+02:00
307283052,de:11000:900120003:5:58,-0.1,2026-10-02T01:01:04.695736+02:00
307283052,de:11000:900190001:1:50,-0.4,2026-10-02T01:01:04.695736+02:00
307283052,de:11000:900077106:1:50,-0.4,2026-10-02T01:01:04.695736+02:00
307283052,de:11000:900078201:1:50,-0.3,2026-10-02T01:01:04.695736+02:00
307283052,de:11000:900079221:1:50,-0.2,2026-10-02T01:01:04.695736+02:00
307283039,de:11000:900009104:1:51,0.0,2026-10-02T01:01:04.695736+02:00
307283039,de:11000:900007102:2:52,-0.9,2026-10-02T01:01:04.695736+02:00
307283039,de:11000:900110001:1:50,-0.6,2026-10-02T01:01:04.695736+02:00
307283039,de:11000:900110002:1:50,-0.4,2026-10-02T01:01:04.695736+02:00
307283039,de:11000:900110003:1:50,-0.4,2026-10-02T01:01:04.695736+02:00
307283039,de:11000:900110004:1:50,-0.8,2026-10-02T01:01:04.695736+02:00
307283039,de:11000:900110012:1:50,-0.7,2026-10-02T01:01:04.695736+02:00
307283039,de:11000:900120001:1:50,-0.7,2026-10-02T01:01:04.695736+02:00
307283039,de:11000:900120003:5:58,-0.1,2026-10-02T01:01:04.695736+02:00
307283039,de:11000:900190001:1:50,-0.4,2026-10-02T01:01:04.695736+02:00
307283039,de:11000:900077106:1:50,-0.4,2026-10-02T01:01:04.695736+02:00
307283039,de:11000:900078201:1:50,-0.3,2026-10-02T01:01:04.695736+02:00
307283039,de:11000:900079221:1:50,-0.2,2026-10-02T01:01:04.695736+02:00
307286678,de:11000:900040101:1:50,0.0,2026-10-02T01:01:04.695736+02:00
307286678,de:11000:900044101:1:50,-0.8,2026-10-02T01:01:04.695736+02:00
307286678,de:11000:900045102:1:51,-0.9,2026-10-02T01:01:04.695736+02:00
307286678,de:11000:900044202:1:51,-0.9,2026-10-02T01:01:04.695736+02:00
307286678,de:11000:900054105:1:51,-0.7,2026-10-02T01:01:04.695736+02:00
307286678,de:11000:900054104:2:53,-0.3,2026-10-02T01:01:04.695736+02:00
307286678,de:11000:900058101:5:59,-0.2,2026-10-02T01:01:04.695736+02:00
307286678,de:11000:900068201:1:51,-0.8,2026-10-02T01:01:04.695736+02:00
307286678,de:11000:900079221:1:51,-0.4,2026-10-02T01:01:04.695736+02:00
307286678,de:11000:900078201:1:51,-0.1,2026-10-02T01:01:04.695736+02:00
307286678,de:11000:900077106:1:51,0.0,2026-10-02T01:01:04.695736+02:00
307286678,de:11000:900190001:2:52,-0.9,2026-10-02T01:01:04.695736+02:00
307286678,de:11000:900120003:5:59,-0.4,2026-10-02T01:01:04.695736+02:00
307286678,de:11000:900120001:1:51,0.0,2026-10-02T01:01:04.695736+02:00
307286678,de:11000:900110012:1:51,-0.2,2026-10-02T01:01:04.695736+02:00
307286678,de:11000:900110004:1:51,-0.1,2026-10-02T01:01:04.695736+02:00
307286678,de:11000:900110003:1:51,-0.4,2026-10-02T01:01:04.695736+02:00
307286678,de:11000:900110002:1:51,-0.4,2026-10-02T01:01:04.695736+02:00
307286678,de:11000:900110001:1:51,-0.1,2026-10-02T01:01:04.695736+02:00
307286678,de:11000:900007102:1:51,-0.6,2026-10-02T01:01:04.695736+02:00
307286678,de:11000:900009104:1:50,-0.8,2026-10-02T01:01:04.695736+02:00
307286678,de:11000:900001201:1:50,-0.3,2026-10-02T01:01:04.695736+02:00
307286678,de:11000:900020202:1:50,-0.1,2026-10-02T01:01:04.695736+02:00
307286671,de:11000:900040101:1:50,0.0,2026-10-02T01:01:04.695736+02:00
307286671,de:11000:900044101:1:50,-0.8,2026-10-02T01:01:04.695736+02:00
307286671,de:11000:900045102:1:51,-0.9,2026-10-02T01:01:04.695736+02:00
307286671,de:11000:900044202:1:51,-0.9,2026-10-02T01:01:04.695736+02:00
307286671,de:11000:900054105:1:51,-0.7,2026-10-02T01:01:04.695736+02:00
307286671,de:11000:900054104:2:53,-0.3,2026-10-02T01:01:04.695736+02:00
307286671,de:11000:900058101:5:59,-0.2,2026-10-02T01:01:04.695736+02:00
307286671,de:11000:900068201:1:51,-0.8,2026-10-02T01:01:04.695736+02:00
307286671,de:11000:900079221:1:51,-0.4,2026-10-02T01:01:04.695736+02:00
307286671,de:11000:900078201:1:51,-0.1,2026-10-02T01:01:04.695736+02:00
307286671,de:11000:900077106:1:51,0.0,2026-10-02T01:01:04.695736+02:00
307286671,de:11000:900190001:2:52,-0.9,2026-10-02T01:01:04.695736+02:00
307286671,de:11000:900120003:5:59,-0.4,2026-10-02T01:01:04.695736+02:00
307286671,de:11000:900120001:1:51,0.0,2026-10-02T01:01:04.695736+02:00
307286671,de:11000:900110012:1:51,-0.2,2026-10-02T01:01:04.695736+02:00
307286671,de:11000:900110004:1:51,-0.1,2026-10-02T01:01:04.695736+02:00
307286671,de:11000:900110003:1:51,-0.4,2026-10-02T01:01:04.695736+02:00
307286671,de:11000:900110002:1:51,-0.4,2026-10-02T01:01:04.695736+02:00
307286671,de:11000:900110001:1:51,-0.1,2026-10-02T01:01:04.695736+02:00
307286671,de:11000:900007102:1:51,-0.6,2026-10-02T01:01:04.695736+02:00
307286671,de:11000:900009104:1:50,-0.8,2026-10-02T01:01:04.695736+02:00
307286671,de:11000:900001201:1:50,-0.3,2026-10-02T01:01:04.695736+02:00
307286671,de:11000:900020202:1:50,-0.1,2026-10-02T01:01:04.695736+02:00
307289030,de:11000:900079221:1:51,0.0,2026-10-02T01:01:04.695736+02:00
307289030,de:11000:900078201:1:51,-0.1,2026-10-02T01:01:04.695736+02:00
307289030,de:11000:900077155:1:51,-0.7,2026-10-02T01:01:04.695736+02:00
307289030,de:11000:900191001:2:51,-0.2,2026-10-02T01:01:04.695736+02:00
307289030,de:11000:900192001:2:53,-0.2,2026-10-02T01:01:04.695736+02:00
307289030,de:11000:900193001:1:50,-0.7,2026-10-02T01:01:04.695736+02:00
307289030,de:11000:900193002:1:50,-0.3,2026-10-02T01:01:04.695736+02:00
307289030,de:11000:900186001:1:51,-0.3,2026-10-02T01:01:04.695736+02:00
306896808,de:12067:900310001::4,0.0,2026-10-02T01:01:04.695736+02:00
306896808,de:12067:900310816::1,0.0,2026-10-02T01:01:04.695736+02:00
306896808,de:12067:900310627::1,0.0,2026-10-02T01:01:04.695736+02:00
306896808,de:12067:900310781::1,0.0,2026-10-02T01:01:04.695736+02:00
306896808,de:12067:900310822::1,0.0,2026-10-02T01:01:04.695736+02:00
306896808,de:12067:900310808::1,0.0,2026-10-02T01:01:04.695736+02:00
306896808,de:12067:900310779::1,0.0,2026-10-02T01:01:04.695736+02:00
306896808,de:12067:900310995::2,0.0,2026-10-02T01:01:04.695736+02:00
306896808,de:12067:900310992::1,-0.5,2026-10-02T01:01:04.695736+02:00
306896808,de:12067:900310989::1,0.0,2026-10-02T01:01:04.695736+02:00
306896808,de:12067:900310990::1,0.0,2026-10-02T01:01:04.695736+02:00
306896808,de:12067:900310991::1,0.0,2026-10-02T01:01:04.695736+02:00
306896808,de:12067:900310904::1,0.0,2026-10-02T01:01:04.695736+02:00
306896808,de:12067:900311118::1,0.0,2026-10-02T01:01:04.695736+02:00
306896808,de:12067:900311059::1,0.0,2026-10-02T01:01:04.695736+02:00
306896808,de:12067:900311110::3,0.0,2026-10-02T01:01:04.695736+02:00
306896808,de:12067:900311055::1,0.0,2026-10-02T01:01:04.695736+02:00
306896808,de:12067:900311054::1,0.0,2026-10-02T01:01:04.695736+02:00
306896808,de:12067:900311110::1,0.0,2026-10-02T01:01:04.695736+02:00
306896808,de:12067:900311058::1,0.0,2026-10-02T01:01:04.695736+02:00
306896808,de:12067:900310611::2,0.0,2026-10-02T01:01:04.695736+02:00
307292669,de:12061:900260001:2:52,0.0,2026-10-02T01:01:04.695736+02:00
307292669,de:12061:900260002:1:51,-0.8,2026-10-02T01:01:04.695736+02:00
307292669,de:12061:900260003:1:51,-0.7,2026-10-02T01:01:04.695736+02:00
307292669,de:12061:900260004:1:51,-0.9,2026-10-02T01:01:04.695736+02:00
307292669,de:11000:900186001:2:53,-0.2,2026-10-02T01:01:04.695736+02:00
307292669,de:11000:900193002:1:51,-0.2,2026-10-02T01:01:04.695736+02:00
307292669,de:11000:900193001:2:51,-0.8,2026-10-02T01:01:04.695736+02:00
307292669,de:11000:900192001:3:55,-0.7,2026-10-02T01:01:04.695736+02:00
307292669,de:11000:900191001:1:50,-0.4,2026-10-02T01:01:04.695736+02:00
307292669,de:11000:900077155:1:50,-0.9,2026-10-02T01:01:04.695736+02:00
307292669,de:11000:900078201:1:50,-0.4,2026-10-02T01:01:04.695736+02:00
307292669,de:11000:900079221:1:50,-0.2,2026-10-02T01:01:04.695736+02:00
307292669,de:11000:900068201:1:50,-0.8,2026-10-02T01:01:04.695736+02:00
307292669,de:11000:900058101:5:58,-0.1,2026-10-02T01:01:04.695736+02:00
307292669,de:11000:900054104:2:52,-0.2,2026-10-02T01:01:04.695736+02:00
307292669,de:11000:900054105:1:50,-0.9,2026-10-02T01:01:04.695736+02:00
307292669,de:11000:900044202:1:50,-0.7,2026-10-02T01:01:04.695736+02:00
307292213,de:11000:900044202:1:51,0.0,2026-10-02T01:01:04.695736+02:00
307292213,de:11000:900054105:1:51,-0.2,2026-10-02T01:01:04.695736+02:00
307292213,de:11000:900054104:2:53,-0.8,2026-10-02T01:01:04.695736+02:00
307292213,de:11000:900058101:5:59,-0.7,2026-10-02T01:01:04.695736+02:00
307292213,de:11000:900068201:1:51,-0.3,2026-10-02T01:01:04.695736+02:00
307292213,de:11000:900079221:1:51,-0.9,2026-10-02T01:01:04.695736+02:00
307292213,de:11000:900078201:1:51,-0.6,2026-10-02T01:01:04.695736+02:00
307292213,de:11000:900077155:1:51,-0.2,2026-10-02T01:01:04.695736+02:00
307292213,de:11000:900191001:2:51,-0.7,2026-10-02T01:01:04.695736+02:00
307292213,de:11000:900192001:2:52,-0.7,2026-10-02T01:01:04.695736+02:00
307292213,de:11000:900193001:1:50,-0.2,2026-10-02T01:01:04.695736+02:00
307292213,de:11000:900193002:1:50,-0.8,2026-10-02T01:01:04.695736+02:00
307292213,de:11000:900186001:1:50,-0.8,2026-10-02T01:01:04.695736+02:00
307292213,de:12061:900260004:1:50,-0.2,2026-10-02T01:01:04.695736+02:00
307292213,de:12061:900260003:1:50,-0.4,2026-10-02T01:01:04.695736+02:00
307292213,de:12061:900260002:1:51,-0.2,2026-10-02T01:01:04.695736+02:00
307292213,de:12061:900260001:2:52,-0.2,2026-10-02T01:01:04.695736+02:00
295933002,de:11000:900058101:5:59,0.0,2026-10-02T01:01:04.695736+02:00
295933002,de:11000:900068201:1:51,-0.3,2026-10-02T01:01:04.695736+02:00
295933002,de:11000:900079221:1:51,-0.9,2026-10-02T01:01:04.695736+02:00
295933002,de:11000:900078201:1:51,-0.6,2026-10-02T01:01:04.695736+02:00
295933002,de:11000:900077155:1:51,-0.2,2026-10-02T01:01:04.695736+02:00
295933002,de:11000:900191001:2:51,-0.7,2026-10-02T01:01:04.695736+02:00
295933002,de:11000:900192001:2:53,-0.7,2026-10-02T01:01:04.695736+02:00
295933002,de:11000:900192002:1:50,-0.5,2026-10-02T01:01:04.695736+02:00
295933002,de:11000:900180003:1:50,-0.7,2026-10-02T01:01:04.695736+02:00
295933072,de:11000:900180003:1:50,0.0,2026-10-02T01:01:04.695736+02:00
295933072,de:11000:900192002:1:50,-0.4,2026-10-02T01:01:04.695736+02:00
295933072,de:11000:900192001:3:54,-0.2,2026-10-02T01:01:04.695736+02:00
295933072,de:11000:900191001:1:50,-0.9,2026-10-02T01:01:04.695736+02:00
295933072,de:11000:900077155:1:50,-0.4,2026-10-02T01:01:04.695736+02:00
295933072,de:11000:900078201:1:50,-0.9,2026-10-02T01:01:04.695736+02:00
295933072,de:11000:900079221:1:50,-0.7,2026-10-02T01:01:04.695736+02:00
295933072,de:11000:900068201:1:50,-0.3,2026-10-02T01:01:04.695736+02:00
295933072,de:11000:900058101:5:58,-0.6,2026-10-02T01:01:04.695736+02:00
295936922,de:12064:900320001:1:50,0.0,2026-10-02T01:01:04.695736+02:00
295936922,de:12064:900320002:1:50,-0.3,2026-10-02T01:01:04.695736+02:00
295936922,de:12064:900320003:1:50,-0.1,2026-10-02T01:01:04.695736+02:00
295936922,de:12064:900320004:2:51,-0.8,2026-10-02T01:01:04.695736+02:00
295936922,de:12064:900320005:1:50,0.0,2026-10-02T01:01:04.695736+02:00
295936922,de:12064:900320006:1:51,-0.8,2026-10-02T01:01:04.695736+02:00
295936922,de:12064:900320007:1:50,-0.8,2026-10-02T01:01:04.695736+02:00
295936922,de:12064:900320008:1:51,-0.5,2026-10-02T01:01:04.695736+02:00
295936922,de:12064:900320026:1:50,-0.3,2026-10-02T01:01:04.695736+02:00
295936922,de:11000:900176001:1:51,-0.7,2026-10-02T01:01:04.695736+02:00
295936922,de:11000:900175002:1:50,-0.7,2026-10-02T01:01:04.695736+02:00
295936922,de:11000:900175001:1:50,-0.6,2026-10-02T01:01:04.695736+02:00
295936922,de:11000:900171001:1:50,-0.3,2026-10-02T01:01:04.695736+02:00
295936922,de:11000:900171002:1:51,-0.4,2026-10-02T01:01:04.695736+02:00
295936922,de:11000:900160004:1:51,-0.8,2026-10-02T01:01:04.695736+02:00
295936922,de:11000:900160003:1:51,-0.9,2026-10-02T01:01:04.695736+02:00
295936922,de:11000:900120003:3:55,-0.1,2026-10-02T01:01:04.695736+02:00
295936922,de:11000:900120004:2:53,-0.6,2026-10-02T01:01:04.695736+02:00
295936922,de:11000:900120005:5:58,-0.9,2026-10-02T01:01:04.695736+02:00
295936922,de:11000:900100004:1:51,-0.4,2026-10-02T01:01:04.695736+02:00
295936922,de:11000:900100003:2:53,-0.4,2026-10-02T01:01:04.695736+02:00
295936922,de:11000:900100002:1:51,-0.4,2026-10-02T01:01:04.695736+02:00
295936922,de:11000:900100001:3:55,-0.4,2026-10-02T01:01:04.695736+02:00
295936922,de:11000:900003201:3:55,-0.1,2026-10-02T01:01:04.695736+02:00
295936922,de:11000:900003102:1:51,-0.8,2026-10-02T01:01:04.695736+02:00
295936922,de:11000:900003103:1:51,-0.9,2026-10-02T01:01:04.695736+02:00
295936922,de:11000:900023201:3:55,-0.8,2026-10-02T01:01:04.695736+02:00
295936922,de:11000:900024203:1:51,-0.8,2026-10-02T01:01:04.695736+02:00
295936922,de:11000:900024101:4:57,-0.8,2026-10-02T01:01:04.695736+02:00
295936922,de:11000:900024102:1:51,-0.1,2026-10-02T01:01:04.695736+02:00
295940775,de:11000:900176001:1:50,0.0,2026-10-02T01:01:04.695736+02:00
295940775,de:11000:900175002:1:50,-0.7,2026-10-02T01:01:04.695736+02:00
295940775,de:11000:900175001:1:50,-0.6,2026-10-02T01:01:04.695736+02:00
295940775,de:11000:900171001:1:50,-0.3,2026-10-02T01:01:04.695736+02:00
295940775,de:11000:900171002:1:51,-0.4,2026-10-02T01:01:04.695736+02:00
295940775,de:11000:900160004:1:51,-0.8,2026-10-02T01:01:04.695736+02:00
295940775,de:11000:900160003:1:51,-0.8,2026-10-02T01:01:04.695736+02:00
295940775,de:11000:900120003:3:54,-0.9,2026-10-02T01:01:04.695736+02:00
295940775,de:11000:900120004:2:52,-0.6,2026-10-02T01:01:04.695736+02:00
295940775,de:11000:900120005:5:57,-0.9,2026-10-02T01:01:04.695736+02:00
295940228,de:11000:900120004:1:51,0.0,2026-10-02T01:01:04.695736+02:00
295940228,de:11000:900120003:2:52,-0.4,2026-10-02T01:01:04.695736+02:00
295940228,de:11000:900160003:1:50,-0.7,2026-10-02T01:01:04.695736+02:00
295940228,de:11000:900160004:1:50,-0.7,2026-10-02T01:01:04.695736+02:00
295940228,de:11000:900171002:1:50,-0.2,2026-10-02T01:01:04.695736+02:00
295940228,de:11000:900171001:2:51,-0.3,2026-10-02T01:01:04.695736+02:00
295940228,de:11000:900175001:2:51,-0.5,2026-10-02T01:01:04.695736+02:00
295940228,de:11000:900175002:1:51,0.0,2026-10-02T01:01:04.695736+02:00
295940228,de:11000:900176001:2:52,-0.3,2026-10-02T01:01:04.695736+02:00
295940228,de:12064:900320026:1:51,-0.1,2026-10-02T01:01:04.695736+02:00
295940228,de:12064:900320008:1:50,-0.7,2026-10-02T01:01:04.695736+02:00
307433930,de:12052:900470000:2:51,0.0,2026-10-02T01:01:04.695736+02:00
307433930,de:12052:900470001:3:52,0.0,2026-10-02T01:01:04.695736+02:00
307433930,de:12071:900445122:1:50,0.0,2026-10-02T01:01:04.695736+02:00
307433930,de:12071:900445010:2:52,0.0,2026-10-02T01:01:04.695736+02:00
295941748,de:11000:900176001:2:53,0.0,2026-10-02T01:01:04.695736+02:00
295941748,de:12064:900320026:1:51,-0.1,2026-10-02T01:01:04.695736+02:00
295941748,de:12064:900320008:1:50,-0.7,2026-10-02T01:01:04.695736+02:00
295941748,de:12064:900320007:1:50,-0.4,2026-10-02T01:01:04.695736+02:00
295941748,de:12064:900320006:1:50,-0.8,2026-10-02T01:01:04.695736+02:00
295941748,de:12064:900320005:1:50,-0.2,2026-10-02T01:01:04.695736+02:00
295941748,de:12064:900320004:2:51,-0.9,2026-10-02T01:01:04.695736+02:00
295941748,de:12064:900320003:1:50,-0.8,2026-10-02T01:01:04.695736+02:00
295941748,de:12064:900320002:1:50,-0.5,2026-10-02T01:01:04.695736+02:00
295941748,de:12064:900320001:1:50,-0.2,2026-10-02T01:01:04.695736+02:00
306897229,de:12067:900311129::5,0.0,2026-10-02T01:01:04.695736+02:00
306897229,de:12067:900310755::1,0.0,2026-10-02T01:01:04.695736+02:00
306897229,de:12067:900310738::1,0.0,2026-10-02T01:01:04.695736+02:00
306897229,de:12067:900310725::1,0.0,2026-10-02T01:01:04.695736+02:00
306897229,de:12067:900310615::1,0.0,2026-10-02T01:01:04.695736+02:00
306897229,de:12067:900311540::1,0.0,2026-10-02T01:01:04.695736+02:00
306897229,de:12067:900310933::1,0.0,2026-10-02T01:01:04.695736+02:00
306897229,de:12067:900310935::1,0.0,2026-10-02T01:01:04.695736+02:00
306897229,de:12067:900311483::1,0.0,2026-10-02T01:01:04.695736+02:00
306897229,de:12067:900311480::1,0.0,2026-10-02T01:01:04.695736+02:00
306897229,de:12067:900311482::2,0.0,2026-10-02T01:01:04.695736+02:00
306897229,de:12067:900311485::2,0.0,2026-10-02T01:01:04.695736+02:00
306897229,de:12053:900360062::1,0.0,2026-10-02T01:01:04.695736+02:00
306897229,de:12053:900360213::3,0.0,2026-10-02T01:01:04.695736+02:00
306897229,de:12053:900360078::2,0.0,2026-10-02T01:01:04.695736+02:00
306897229,de:12053:900360096::3,0.0,2026-10-02T01:01:04.695736+02:00
306897229,de:12053:900360083::1,0.0,2026-10-02T01:01:04.695736+02:00
306897229,de:12053:900360135::1,0.0,2026-10-02T01:01:04.695736+02:00
306897229,de:12053:900360041::3,0.0,2026-10-02T01:01:04.695736+02:00
306897229,de:12053:900360059::3,0.0,2026-10-02T01:01:04.695736+02:00
306897229,de:12053:900360021::3,0.0,2026-10-02T01:01:04.695736+02:00
306897229,de:12053:900360000::9,0.0,2026-10-02T01:01:04.695736+02:00
307420240,de:11000:900120003:7:61,0.0,2026-10-02T01:01:04.695736+02:00
307420240,de:11000:900160004:2:52,0.0,2026-10-02T01:01:04.695736+02:00
307420240,de:11000:900152001:2:52,0.0,2026-10-02T01:01:04.695736+02:00
307420240,de:12065:900200005:1:1,0.0,2026-10-02T01:01:04.695736+02:00
307420240,de:12065:900200041:1:50,0.0,2026-10-02T01:01:04.695736+02:00
307420240,de:12065:900200043:1:50,0.0,2026-10-02T01:01:04.695736+02:00
307420240,de:12065:900203961:1:50,0.0,2026-10-02T01:01:04.695736+02:00
307420240,de:12065:900203780:1:50,0.0,2026-10-02T01:01:04.695736+02:00
307420240,de:12065:900203942:1:50,0.0,2026-10-02T01:01:04.695736+02:00
307420240,de:12065:900203853:1:50,0.0,2026-10-02T01:01:04.695736+02:00
307420240,de:12065:900203898:1:50,0.0,2026-10-02T01:01:04.695736+02:00
307420240,de:12065:900203956:1:50,0.0,2026-10-02T01:01:04.695736+02:00
307420240,de:12073:900340353:1:50,0.0,2026-10-02T01:01:04.695736+02:00
307420240,de:12073:900340026:1:50,0.0,2026-10-02T01:01:04.695736+02:00
307420240,de:12073:900340027:1:50,0.0,2026-10-02T01:01:04.695736+02:00
306895178,de:12067:900311129::1,0.0,2026-10-02T01:01:04.695736+02:00
306895178,de:12067:900310755::1,0.0,2026-10-02T01:01:04.695736+02:00
306895178,de:12067:900310738::1,0.0,2026-10-02T01:01:04.695736+02:00
306895178,de:12067:900310725::1,0.0,2026-10-02T01:01:04.695736+02:00
306895178,de:12067:900310909::1,0.0,2026-10-02T01:01:04.695736+02:00
306895178,de:12067:900310609::1,0.0,2026-10-02T01:01:04.695736+02:00
306895178,de:12067:900310060::2,0.0,2026-10-02T01:01:04.695736+02:00
306895178,de:12067:900310858::3,0.0,2026-10-02T01:01:04.695736+02:00
306895178,de:12067:900311269::2,0.0,2026-10-02T01:01:04.695736+02:00
306895178,de:12067:900311228::2,0.0,2026-10-02T01:01:04.695736+02:00
306895178,de:12067:900311239::2,0.0,2026-10-02T01:01:04.695736+02:00
306895178,de:12067:900311227::1,0.0,2026-10-02T01:01:04.695736+02:00
306895178,de:12067:900311402::1,0.0,2026-10-02T01:01:04.695736+02:00
306895178,de:12067:900311311::2,0.0,2026-10-02T01:01:04.695736+02:00
306895178,de:12067:900311312::2,0.0,2026-10-02T01:01:04.695736+02:00
306895178,de:12067:900311383::3,0.0,2026-10-02T01:01:04.695736+02:00
306895178,de:12067:900311315::2,0.0,2026-10-02T01:01:04.695736+02:00
306895178,de:12067:900311348::2,0.0,2026-10-02T01:01:04.695736+02:00
306895178,de:12067:900311308::4,0.0,2026-10-02T01:01:04.695736+02:00
295946306,de:11000:900170004:1:50,0.0,2026-10-02T01:01:04.695736+02:00
295946306,de:11000:900170003:1:51,-0.3,2026-10-02T01:01:04.695736+02:00
295946306,de:11000:900170002:1:51,-0.1,2026-10-02T01:01:04.695736+02:00
295946306,de:11000:900170001:1:51,-0.9,2026-10-02T01:01:04.695736+02:00
295946306,de:11000:900170005:1:51,-0.7,2026-10-02T01:01:04.695736+02:00
295946306,de:11000:900171003:1:51,-0.6,2026-10-02T01:01:04.695736+02:00
295946306,de:11000:900171002:1:51,-0.9,2026-10-02T01:01:04.695736+02:00
295946306,de:11000:900160004:1:51,-0.3,2026-10-02T01:01:04.695736+02:00
295946306,de:11000:900160003:1:51,-0.4,2026-10-02T01:01:04.695736+02:00
295946306,de:11000:900120003:3:55,-0.6,2026-10-02T01:01:04.695736+02:00
295946306,de:11000:900120004:2:53,-0.1,2026-10-02T01:01:04.695736+02:00
295946306,de:11000:900120005:5:58,-0.4,2026-10-02T01:01:04.695736+02:00
295946306,de:11000:900100004:1:51,-0.9,2026-10-02T01:01:04.695736+02:00
295946306,de:11000:900100003:2:53,-0.9,2026-10-02T01:01:04.695736+02:00
295946306,de:11000:900100002:1:51,-0.9,2026-10-02T01:01:04.695736+02:00
295946306,de:11000:900100001:3:55,-0.9,2026-10-02T01:01:04.695736+02:00
295946306,de:11000:900003201:3:55,-0.6,2026-10-02T01:01:04.695736+02:00
295946306,de:11000:900003102:1:51,-0.3,2026-10-02T01:01:04.695736+02:00
295946306,de:11000:900003103:1:51,-0.4,2026-10-02T01:01:04.695736+02:00
295946306,de:11000:900023201:3:55,-0.3,2026-10-02T01:01:04.695736+02:00
295946306,de:11000:900024203:1:51,-0.3,2026-10-02T01:01:04.695736+02:00
295946306,de:11000:900024101:4:57,-0.3,2026-10-02T01:01:04.695736+02:00
295946306,de:11000:900024102:1:50,-0.6,2026-10-02T01:01:04.695736+02:00
295946306,de:11000:900048101:1:50,-0.8,2026-10-02T01:01:04.695736+02:00
295946306,de:11000:900052201:2:52,0.0,2026-10-02T01:01:04.695736+02:00
295946306,de:11000:900053301:1:50,-0.4,2026-10-02T01:01:04.695736+02:00
295946306,de:12054:900230003:1:50,-0.4,2026-10-02T01:01:04.695736+02:00
295946306,de:12054:900230000:1:51,-0.4,2026-10-02T01:01:04.695736+02:00
295946306,de:12054:900230999:3:55,-0.9,2026-10-02T01:01:04.695736+02:00
295946299,de:11000:900170004:1:50,0.0,2026-10-02T01:01:04.695736+02:00
295946299,de:11000:900170003:1:51,-0.3,2026-10-02T01:01:04.695736+02:00
295946299,de:11000:900170002:1:51,-0.1,2026-10-02T01:01:04.695736+02:00
295946299,de:11000:900170001:1:51,-0.9,2026-10-02T01:01:04.695736+02:00
295946299,de:11000:900170005:1:51,-0.7,2026-10-02T01:01:04.695736+02:00
295946299,de:11000:900171003:1:51,-0.6,2026-10-02T01:01:04.695736+02:00
295946299,de:11000:900171002:1:51,-0.9,2026-10-02T01:01:04.695736+02:00
295946299,de:11000:900160004:1:51,-0.3,2026-10-02T01:01:04.695736+02:00
295946299,de:11000:900160003:1:51,-0.4,2026-10-02T01:01:04.695736+02:00
295946299,de:11000:900120003:3:55,-0.6,2026-10-02T01:01:04.695736+02:00
295946299,de:11000:900120004:2:53,-0.1,2026-10-02T01:01:04.695736+02:00
295946299,de:11000:900120005:5:58,-0.4,2026-10-02T01:01:04.695736+02:00
295946299,de:11000:900100004:1:51,-0.9,2026-10-02T01:01:04.695736+02:00
295946299,de:11000:900100003:2:53,-0.9,2026-10-02T01:01:04.695736+02:00
295946299,de:11000:900100002:1:51,-0.9,2026-10-02T01:01:04.695736+02:00
295946299,de:11000:900100001:3:55,-0.9,2026-10-02T01:01:04.695736+02:00
295946299,de:11000:900003201:3:55,-0.6,2026-10-02T01:01:04.695736+02:00
295946299,de:11000:900003102:1:51,-0.3,2026-10-02T01:01:04.695736+02:00
295946299,de:11000:900003103:1:51,-0.4,2026-10-02T01:01:04.695736+02:00
295946299,de:11000:900023201:3:55,-0.3,2026-10-02T01:01:04.695736+02:00
295946299,de:11000:900024203:1:51,-0.3,2026-10-02T01:01:04.695736+02:00
295946299,de:11000:900024101:4:57,-0.3,2026-10-02T01:01:04.695736+02:00
295946299,de:11000:900024102:1:50,-0.6,2026-10-02T01:01:04.695736+02:00
295946299,de:11000:900048101:1:50,-0.8,2026-10-02T01:01:04.695736+02:00
295946299,de:11000:900052201:2:52,0.0,2026-10-02T01:01:04.695736+02:00
295946299,de:11000:900053301:1:50,-0.4,2026-10-02T01:01:04.695736+02:00
295946299,de:12054:900230003:1:50,-0.4,2026-10-02T01:01:04.695736+02:00
295946299,de:12054:900230000:1:51,-0.4,2026-10-02T01:01:04.695736+02:00
295946299,de:12054:900230999:3:55,-0.9,2026-10-02T01:01:04.695736+02:00
295946295,de:11000:900170004:1:50,0.0,2026-10-02T01:01:04.695736+02:00
295946295,de:11000:900170003:1:51,-0.3,2026-10-02T01:01:04.695736+02:00
295946295,de:11000:900170002:1:51,-0.1,2026-10-02T01:01:04.695736+02:00
295946295,de:11000:900170001:1:51,-0.9,2026-10-02T01:01:04.695736+02:00
295946295,de:11000:900170005:1:51,-0.7,2026-10-02T01:01:04.695736+02:00
295946295,de:11000:900171003:1:51,-0.6,2026-10-02T01:01:04.695736+02:00
295946295,de:11000:900171002:1:51,-0.9,2026-10-02T01:01:04.695736+02:00
295946295,de:11000:900160004:1:51,-0.3,2026-10-02T01:01:04.695736+02:00
295946295,de:11000:900160003:1:51,-0.4,2026-10-02T01:01:04.695736+02:00
295946295,de:11000:900120003:3:55,-0.6,2026-10-02T01:01:04.695736+02:00
295946295,de:11000:900120004:2:53,-0.1,2026-10-02T01:01:04.695736+02:00
295946295,de:11000:900120005:5:58,-0.4,2026-10-02T01:01:04.695736+02:00
295946295,de:11000:900100004:1:51,-0.9,2026-10-02T01:01:04.695736+02:00
295946295,de:11000:900100003:2:53,-0.9,2026-10-02T01:01:04.695736+02:00
295946295,de:11000:900100002:1:51,-0.9,2026-10-02T01:01:04.695736+02:00
295946295,de:11000:900100001:3:55,-0.9,2026-10-02T01:01:04.695736+02:00
295946295,de:11000:900003201:3:55,-0.6,2026-10-02T01:01:04.695736+02:00
295946295,de:11000:900003102:1:51,-0.3,2026-10-02T01:01:04.695736+02:00
295946295,de:11000:900003103:1:51,-0.4,2026-10-02T01:01:04.695736+02:00
295946295,de:11000:900023201:3:55,-0.3,2026-10-02T01:01:04.695736+02:00
295946295,de:11000:900024203:1:51,-0.3,2026-10-02T01:01:04.695736+02:00
295946295,de:11000:900024101:4:57,-0.3,2026-10-02T01:01:04.695736+02:00
295946295,de:11000:900024102:1:50,-0.6,2026-10-02T01:01:04.695736+02:00
295946295,de:11000:900048101:1:50,-0.8,2026-10-02T01:01:04.695736+02:00
295946295,de:11000:900052201:2:52,0.0,2026-10-02T01:01:04.695736+02:00
295946295,de:11000:900053301:1:50,-0.4,2026-10-02T01:01:04.695736+02:00
295946295,de:12054:900230003:1:50,-0.4,2026-10-02T01:01:04.695736+02:00
295946295,de:12054:900230000:1:51,-0.4,2026-10-02T01:01:04.695736+02:00
295946295,de:12054:900230999:3:55,-0.9,2026-10-02T01:01:04.695736+02:00
306895457,de:12067:900311083::3,0.0,2026-10-02T01:01:04.695736+02:00
306895457,de:12067:900310775::1,0.0,2026-10-02T01:01:04.695736+02:00
306895457,de:12067:900311083::2,0.0,2026-10-02T01:01:04.695736+02:00
306895457,de:12067:900310814::2,0.0,2026-10-02T01:01:04.695736+02:00
306895457,de:12067:900310628::2,0.0,2026-10-02T01:01:04.695736+02:00
306895457,de:12067:900310793::2,0.0,2026-10-02T01:01:04.695736+02:00
306895457,de:12067:900310774::1,0.0,2026-10-02T01:01:04.695736+02:00
306895457,de:12067:900310792::1,0.0,2026-10-02T01:01:04.695736+02:00
306895457,de:12067:900310825::1,0.0,2026-10-02T01:01:04.695736+02:00
306895457,de:12067:900310809::2,0.0,2026-10-02T01:01:04.695736+02:00
306895457,de:12067:900310787::2,0.0,2026-10-02T01:01:04.695736+02:00
306895457,de:12067:900310790::2,0.0,2026-10-02T01:01:04.695736+02:00
306895457,de:12067:900310788::2,0.0,2026-10-02T01:01:04.695736+02:00
306895457,de:12067:900310696::2,0.0,2026-10-02T01:01:04.695736+02:00
306895457,de:12067:900310001::11,0.0,2026-10-02T01:01:04.695736+02:00
306895457,de:12067:900310001::2,0.0,2026-10-02T01:01:04.695736+02:00
306895457,de:12067:900310816::1,0.0,2026-10-02T01:01:04.695736+02:00
306895457,de:12067:900310627::1,0.0,2026-10-02T01:01:04.695736+02:00
306895457,de:12067:900310781::1,0.0,2026-10-02T01:01:04.695736+02:00
306895457,de:12067:900310822::1,0.0,2026-10-02T01:01:04.695736+02:00
306895457,de:12067:900310808::1,0.0,2026-10-02T01:01:04.695736+02:00
306895457,de:12067:900310794::1,0.0,2026-10-02T01:01:04.695736+02:00
306895457,de:12067:900310821::1,0.0,2026-10-02T01:01:04.695736+02:00
306895457,de:12067:900310806::1,0.0,2026-10-02T01:01:04.695736+02:00
306895457,de:12067:900310812::1,0.0,2026-10-02T01:01:04.695736+02:00
306895457,de:12067:900310770::1,0.0,2026-10-02T01:01:04.695736+02:00
306895457,de:12067:900310010::3,0.0,2026-10-02T01:01:04.695736+02:00
306895457,de:12067:900310880::1,0.0,2026-10-02T01:01:04.695736+02:00
306895457,de:12067:900310815::1,0.0,2026-10-02T01:01:04.695736+02:00
306895457,de:12067:900310807::1,0.0,2026-10-02T01:01:04.695736+02:00
295953424,de:11000:900120005:4:56,0.0,2026-10-02T01:01:04.695736+02:00
295953424,de:11000:900120004:1:50,-0.6,2026-10-02T01:01:04.695736+02:00
295953424,de:11000:900120003:2:53,-0.9,2026-10-02T01:01:04.695736+02:00
295953424,de:11000:900160003:1:50,-0.2,2026-10-02T01:01:04.695736+02:00
295953424,de:11000:900160004:1:50,-0.2,2026-10-02T01:01:04.695736+02:00
295953424,de:11000:900171002:1:50,-0.7,2026-10-02T01:01:04.695736+02:00
295953424,de:11000:900171003:1:50,-0.8,2026-10-02T01:01:04.695736+02:00
295953424,de:11000:900152002:1:50,-0.4,2026-10-02T01:01:04.695736+02:00
295953424,de:11000:900152001:1:50,-0.6,2026-10-02T01:01:04.695736+02:00
295953424,de:11000:900151001:1:51,-0.9,2026-10-02T01:01:04.695736+02:00
295949540,de:11000:900170004:2:52,0.0,2026-10-02T01:01:04.695736+02:00
295949540,de:11000:900170003:1:51,-0.3,2026-10-02T01:01:04.695736+02:00
295949540,de:11000:900170002:1:51,-0.1,2026-10-02T01:01:04.695736+02:00
295949540,de:11000:900170001:1:51,-0.9,2026-10-02T01:01:04.695736+02:00
295949540,de:11000:900170005:1:51,-0.7,2026-10-02T01:01:04.695736+02:00
295949540,de:11000:900171003:1:51,-0.6,2026-10-02T01:01:04.695736+02:00
295949540,de:11000:900171002:1:51,-0.9,2026-10-02T01:01:04.695736+02:00
295949540,de:11000:900160004:1:51,-0.3,2026-10-02T01:01:04.695736+02:00
295949540,de:11000:900160003:1:51,-0.4,2026-10-02T01:01:04.695736+02:00
295949540,de:11000:900120003:3:55,-0.6,2026-10-02T01:01:04.695736+02:00
295949540,de:11000:900120004:2:53,-0.1,2026-10-02T01:01:04.695736+02:00
295949540,de:11000:900120005:5:58,-0.4,2026-10-02T01:01:04.695736+02:00
295949540,de:11000:900100004:1:51,-0.9,2026-10-02T01:01:04.695736+02:00
295949540,de:11000:900100003:2:53,-0.9,2026-10-02T01:01:04.695736+02:00
295949540,de:11000:900100002:1:51,-0.9,2026-10-02T01:01:04.695736+02:00
295949540,de:11000:900100001:3:55,-0.9,2026-10-02T01:01:04.695736+02:00
295949540,de:11000:900003201:3:55,-0.6,2026-10-02T01:01:04.695736+02:00
295949540,de:11000:900003102:1:51,-0.3,2026-10-02T01:01:04.695736+02:00
295949540,de:11000:900003103:1:51,-0.4,2026-10-02T01:01:04.695736+02:00
295949540,de:11000:900023201:3:55,-0.3,2026-10-02T01:01:04.695736+02:00
295949540,de:11000:900024203:1:51,-0.3,2026-10-02T01:01:04.695736+02:00
295949540,de:11000:900024101:4:57,-0.3,2026-10-02T01:01:04.695736+02:00
295949540,de:11000:900024102:1:50,-0.6,2026-10-02T01:01:04.695736+02:00
295949540,de:11000:900048101:1:50,-0.8,2026-10-02T01:01:04.695736+02:00
295949540,de:11000:900052201:2:52,0.0,2026-10-02T01:01:04.695736+02:00
295949540,de:11000:900053301:1:50,-0.4,2026-10-02T01:01:04.695736+02:00
295949540,de:12054:900230003:1:50,-0.4,2026-10-02T01:01:04.695736+02:00
295949540,de:12054:900230000:1:51,-0.4,2026-10-02T01:01:04.695736+02:00
295949540,de:12054:900230999:3:54,-0.9,2026-10-02T01:01:04.695736+02:00
295956050,de:11000:900160004:1:50,0.0,2026-10-02T01:01:04.695736+02:00
295956050,de:11000:900171002:1:50,-0.7,2026-10-02T01:01:04.695736+02:00
295956050,de:11000:900171003:1:50,-0.8,2026-10-02T01:01:04.695736+02:00
295956050,de:11000:900152002:1:50,-0.4,2026-10-02T01:01:04.695736+02:00
295956050,de:11000:900152001:1:50,-0.6,2026-10-02T01:01:04.695736+02:00
295956050,de:11000:900151001:1:50,-0.9,2026-10-02T01:01:04.695736+02:00
295949536,de:11000:900170004:2:52,0.0,2026-10-02T01:01:04.695736+02:00
295949536,de:11000:900170003:1:51,-0.3,2026-10-02T01:01:04.695736+02:00
295949536,de:11000:900170002:1:51,-0.1,2026-10-02T01:01:04.695736+02:00
295949536,de:11000:900170001:1:51,-0.9,2026-10-02T01:01:04.695736+02:00
295949536,de:11000:900170005:1:51,-0.7,2026-10-02T01:01:04.695736+02:00
295949536,de:11000:900171003:1:51,-0.6,2026-10-02T01:01:04.695736+02:00
295949536,de:11000:900171002:1:51,-0.9,2026-10-02T01:01:04.695736+02:00
295949536,de:11000:900160004:1:51,-0.3,2026-10-02T01:01:04.695736+02:00
295949536,de:11000:900160003:1:51,-0.4,2026-10-02T01:01:04.695736+02:00
295949536,de:11000:900120003:3:55,-0.6,2026-10-02T01:01:04.695736+02:00
295949536,de:11000:900120004:2:53,-0.1,2026-10-02T01:01:04.695736+02:00
295949536,de:11000:900120005:5:58,-0.4,2026-10-02T01:01:04.695736+02:00
295949536,de:11000:900100004:1:51,-0.9,2026-10-02T01:01:04.695736+02:00
295949536,de:11000:900100003:2:53,-0.9,2026-10-02T01:01:04.695736+02:00
295949536,de:11000:900100002:1:51,-0.9,2026-10-02T01:01:04.695736+02:00
295949536,de:11000:900100001:3:55,-0.9,2026-10-02T01:01:04.695736+02:00
295949536,de:11000:900003201:3:55,-0.6,2026-10-02T01:01:04.695736+02:00
295949536,de:11000:900003102:1:51,-0.3,2026-10-02T01:01:04.695736+02:00
295949536,de:11000:900003103:1:51,-0.4,2026-10-02T01:01:04.695736+02:00
295949536,de:11000:900023201:3:55,-0.3,2026-10-02T01:01:04.695736+02:00
295949536,de:11000:900024203:1:51,-0.3,2026-10-02T01:01:04.695736+02:00
295949536,de:11000:900024101:4:57,-0.3,2026-10-02T01:01:04.695736+02:00
295949536,de:11000:900024102:1:50,-0.6,2026-10-02T01:01:04.695736+02:00
295949536,de:11000:900048101:1:50,-0.8,2026-10-02T01:01:04.695736+02:00
295949536,de:11000:900052201:2:52,0.0,2026-10-02T01:01:04.695736+02:00
295949536,de:11000:900053301:1:50,-0.4,2026-10-02T01:01:04.695736+02:00
295949536,de:12054:900230003:1:50,-0.4,2026-10-02T01:01:04.695736+02:00
295949536,de:12054:900230000:1:51,-0.4,2026-10-02T01:01:04.695736+02:00
295949536,de:12054:900230999:3:54,-0.9,2026-10-02T01:01:04.695736+02:00
295956069,de:11000:900151001:1:50,0.0,2026-10-02T01:01:04.695736+02:00
295956069,de:11000:900152001:1:51,-0.6,2026-10-02T01:01:04.695736+02:00
295956069,de:11000:900152002:1:51,-0.2,2026-10-02T01:01:04.695736+02:00
295956069,de:11000:900171003:1:51,-0.9,2026-10-02T01:01:04.695736+02:00
295956069,de:11000:900171002:1:51,-0.9,2026-10-02T01:01:04.695736+02:00
295956069,de:11000:900160004:1:51,-0.3,2026-10-02T01:01:04.695736+02:00
295956069,de:11000:900160003:1:51,-0.4,2026-10-02T01:01:04.695736+02:00
295956069,de:11000:900120003:3:54,-0.6,2026-10-02T01:01:04.695736+02:00
295956069,de:11000:900120004:2:52,-0.1,2026-10-02T01:01:04.695736+02:00
295956061,de:11000:900151001:1:50,0.0,2026-10-02T01:01:04.695736+02:00
295956061,de:11000:900152001:1:51,-0.6,2026-10-02T01:01:04.695736+02:00
295956061,de:11000:900152002:1:51,-0.2,2026-10-02T01:01:04.695736+02:00
295956061,de:11000:900171003:1:51,-0.9,2026-10-02T01:01:04.695736+02:00
295956061,de:11000:900171002:1:51,-0.9,2026-10-02T01:01:04.695736+02:00
295956061,de:11000:900160004:1:51,-0.3,2026-10-02T01:01:04.695736+02:00
295956061,de:11000:900160003:1:51,-0.4,2026-10-02T01:01:04.695736+02:00
295956061,de:11000:900120003:3:54,-0.6,2026-10-02T01:01:04.695736+02:00
295956061,de:11000:900120004:2:52,-0.1,2026-10-02T01:01:04.695736+02:00
295959980,de:12065:900200008:1:51,0.0,2026-10-02T01:01:04.695736+02:00
295959980,de:12065:900200009:1:51,-0.7,2026-10-02T01:01:04.695736+02:00
295959980,de:12065:900200011:1:51,-0.3,2026-10-02T01:01:04.695736+02:00
295959980,de:12065:900200012:1:51,-0.8,2026-10-02T01:01:04.695736+02:00
295959980,de:12065:900200013:1:50,-0.4,2026-10-02T01:01:04.695736+02:00
295959980,de:11000:900142001:1:51,-0.7,2026-10-02T01:01:04.695736+02:00
295959980,de:11000:900130001:1:51,-0.2,2026-10-02T01:01:04.695736+02:00
295959980,de:11000:900130002:1:51,-0.7,2026-10-02T01:01:04.695736+02:00
295959980,de:11000:900110011:1:51,-0.2,2026-10-02T01:01:04.695736+02:00
295959980,de:11000:900110001:1:50,-0.2,2026-10-02T01:01:04.695736+02:00
295959980,de:11000:900110002:1:50,-0.9,2026-10-02T01:01:04.695736+02:00
295959980,de:11000:900110003:1:50,-0.9,2026-10-02T01:01:04.695736+02:00
295959980,de:11000:900110004:1:50,-0.3,2026-10-02T01:01:04.695736+02:00
295959980,de:11000:900110012:1:50,-0.2,2026-10-02T01:01:04.695736+02:00
295959980,de:11000:900120001:1:50,-0.2,2026-10-02T01:01:04.695736+02:00
295959980,de:11000:900120003:5:58,-0.6,2026-10-02T01:01:04.695736+02:00
295959980,de:11000:900190001:1:50,-0.1,2026-10-02T01:01:04.695736+02:00
295959980,de:11000:900191002:1:50,0.0,2026-10-02T01:01:04.695736+02:00
295959980,de:11000:900191001:2:52,-0.4,2026-10-02T01:01:04.695736+02:00
295959980,de:11000:900192001:2:52,-0.2,2026-10-02T01:01:04.695736+02:00
295959980,de:11000:900193001:1:50,-0.7,2026-10-02T01:01:04.695736+02:00
295959980,de:11000:900193002:1:50,-0.3,2026-10-02T01:01:04.695736+02:00
295959980,de:11000:900186001:1:50,-0.3,2026-10-02T01:01:04.695736+02:00
295959980,de:12061:900260004:1:50,-0.7,2026-10-02T01:01:04.695736+02:00
295959980,de:12061:900260003:1:50,-0.9,2026-10-02T01:01:04.695736+02:00
295959980,de:12061:900260002:1:50,-0.9,2026-10-02T01:01:04.695736+02:00
295959976,de:12065:900200008:1:51,0.0,2026-10-02T01:01:04.695736+02:00
295959976,de:12065:900200009:1:51,-0.7,2026-10-02T01:01:04.695736+02:00
295959976,de:12065:900200011:1:51,-0.3,2026-10-02T01:01:04.695736+02:00
295959976,de:12065:900200012:1:51,-0.8,2026-10-02T01:01:04.695736+02:00
295959976,de:12065:900200013:1:50,-0.4,2026-10-02T01:01:04.695736+02:00
295959976,de:11000:900142001:1:51,-0.7,2026-10-02T01:01:04.695736+02:00
295959976,de:11000:900130001:1:51,-0.2,2026-10-02T01:01:04.695736+02:00
295959976,de:11000:900130002:1:51,-0.7,2026-10-02T01:01:04.695736+02:00
295959976,de:11000:900110011:1:51,-0.2,2026-10-02T01:01:04.695736+02:00
295959976,de:11000:900110001:1:50,-0.2,2026-10-02T01:01:04.695736+02:00
295959976,de:11000:900110002:1:50,-0.9,2026-10-02T01:01:04.695736+02:00
295959976,de:11000:900110003:1:50,-0.9,2026-10-02T01:01:04.695736+02:00
295959976,de:11000:900110004:1:50,-0.3,2026-10-02T01:01:04.695736+02:00
295959976,de:11000:900110012:1:50,-0.2,2026-10-02T01:01:04.695736+02:00
295959976,de:11000:900120001:1:50,-0.2,2026-10-02T01:01:04.695736+02:00
295959976,de:11000:900120003:5:58,-0.6,2026-10-02T01:01:04.695736+02:00
295959976,de:11000:900190001:1:50,-0.1,2026-10-02T01:01:04.695736+02:00
295959976,de:11000:900191002:1:50,0.0,2026-10-02T01:01:04.695736+02:00
295959976,de:11000:900191001:2:52,-0.4,2026-10-02T01:01:04.695736+02:00
295959976,de:11000:900192001:2:52,-0.2,2026-10-02T01:01:04.695736+02:00
295959976,de:11000:900193001:1:50,-0.7,2026-10-02T01:01:04.695736+02:00
295959976,de:11000:900193002:1:50,-0.3,2026-10-02T01:01:04.695736+02:00
295959976,de:11000:900186001:1:50,-0.3,2026-10-02T01:01:04.695736+02:00
295959976,de:12061:900260004:1:50,-0.7,2026-10-02T01:01:04.695736+02:00
295959976,de:12061:900260003:1:50,-0.9,2026-10-02T01:01:04.695736+02:00
295959976,de:12061:900260002:1:50,-0.9,2026-10-02T01:01:04.695736+02:00
295960107,de:11000:900186001:2:52,0.0,2026-10-02T01:01:04.695736+02:00
295960107,de:11000:900193002:1:51,-0.2,2026-10-02T01:01:04.695736+02:00
295960107,de:11000:900193001:2:51,-0.8,2026-10-02T01:01:04.695736+02:00
295960107,de:11000:900192001:3:55,-0.7,2026-10-02T01:01:04.695736+02:00
295960107,de:11000:900191001:1:50,-0.4,2026-10-02T01:01:04.695736+02:00
295960107,de:11000:900191002:1:51,-0.8,2026-10-02T01:01:04.695736+02:00
295960107,de:11000:900190001:2:53,-0.6,2026-10-02T01:01:04.695736+02:00
295960107,de:11000:900120003:5:59,0.0,2026-10-02T01:01:04.695736+02:00
295960107,de:11000:900120001:1:51,-0.6,2026-10-02T01:01:04.695736+02:00
295960107,de:11000:900110012:1:51,-0.8,2026-10-02T01:01:04.695736+02:00
295960107,de:11000:900110004:1:51,-0.7,2026-10-02T01:01:04.695736+02:00
295960107,de:11000:900110003:1:51,0.0,2026-10-02T01:01:04.695736+02:00
295960107,de:11000:900110002:1:51,0.0,2026-10-02T01:01:04.695736+02:00
295960107,de:11000:900110001:1:51,-0.7,2026-10-02T01:01:04.695736+02:00
295960107,de:11000:900110011:2:52,-0.4,2026-10-02T01:01:04.695736+02:00
295960107,de:11000:900130002:1:50,0.0,2026-10-02T01:01:04.695736+02:00
295960107,de:11000:900130001:1:50,-0.7,2026-10-02T01:01:04.695736+02:00
295960107,de:11000:900142001:1:50,-0.2,2026-10-02T01:01:04.695736+02:00
295960107,de:12065:900200013:1:50,-0.3,2026-10-02T01:01:04.695736+02:00
295960107,de:12065:900200012:1:50,-0.9,2026-10-02T01:01:04.695736+02:00
295960107,de:12065:900200011:1:50,-0.4,2026-10-02T01:01:04.695736+02:00
295960107,de:12065:900200009:1:50,-0.9,2026-10-02T01:01:04.695736+02:00
295960107,de:12065:900200008:1:50,-0.9,2026-10-02T01:01:04.695736+02:00
295963711,de:12061:900260009:3:56,0.0,2026-10-02T01:01:04.695736+02:00
295963711,de:12061:900260080:1:51,-0.7,2026-10-02T01:01:04.695736+02:00
295963711,de:12061:900260005:3:55,0.0,2026-10-02T01:01:04.695736+02:00
295963711,de:11000:900196001:1:51,0.0,2026-10-02T01:01:04.695736+02:00
295963711,de:11000:900195510:1:50,-0.4,2026-10-02T01:01:04.695736+02:00
295963711,de:11000:900193002:1:51,-0.6,2026-10-02T01:01:04.695736+02:00
295963711,de:11000:900193001:2:51,-0.3,2026-10-02T01:01:04.695736+02:00
295963711,de:11000:900192001:3:55,-0.2,2026-10-02T01:01:04.695736+02:00
295963711,de:11000:900191001:1:50,-0.9,2026-10-02T01:01:04.695736+02:00
295963711,de:11000:900191002:1:51,-0.3,2026-10-02T01:01:04.695736+02:00
295963711,de:11000:900190001:2:53,-0.1,2026-10-02T01:01:04.695736+02:00
295963711,de:11000:900120003:5:59,-0.3,2026-10-02T01:01:04.695736+02:00
295963711,de:11000:900120001:1:51,-0.6,2026-10-02T01:01:04.695736+02:00
295963711,de:11000:900110012:1:51,-0.8,2026-10-02T01:01:04.695736+02:00
295963711,de:11000:900110004:1:51,-0.7,2026-10-02T01:01:04.695736+02:00
295963711,de:11000:900110003:1:51,0.0,2026-10-02T01:01:04.695736+02:00
295963711,de:11000:900110002:1:51,0.0,2026-10-02T01:01:04.695736+02:00
295963711,de:11000:900110001:1:51,-0.7,2026-10-02T01:01:04.695736+02:00
295963711,de:11000:900110011:2:53,-0.4,2026-10-02T01:01:04.695736+02:00
295963711,de:11000:900085201:1:50,-0.8,2026-10-02T01:01:04.695736+02:00
295963711,de:11000:900084101:1:50,-0.7,2026-10-02T01:01:04.695736+02:00
295963711,de:11000:900096101:1:50,-0.8,2026-10-02T01:01:04.695736+02:00
295963711,de:11000:900094101:1:50,-0.3,2026-10-02T01:01:04.695736+02:00
295963710,de:12061:900260009:3:56,0.0,2026-10-02T01:01:04.695736+02:00
295963710,de:12061:900260080:1:51,-0.7,2026-10-02T01:01:04.695736+02:00
295963710,de:12061:900260005:3:55,0.0,2026-10-02T01:01:04.695736+02:00
295963710,de:11000:900196001:1:51,0.0,2026-10-02T01:01:04.695736+02:00
295963710,de:11000:900195510:1:50,-0.4,2026-10-02T01:01:04.695736+02:00
295963710,de:11000:900193002:1:51,-0.6,2026-10-02T01:01:04.695736+02:00
295963710,de:11000:900193001:2:51,-0.3,2026-10-02T01:01:04.695736+02:00
295963710,de:11000:900192001:3:55,-0.2,2026-10-02T01:01:04.695736+02:00
295963710,de:11000:900191001:1:50,-0.9,2026-10-02T01:01:04.695736+02:00
295963710,de:11000:900191002:1:51,-0.3,2026-10-02T01:01:04.695736+02:00
295963710,de:11000:900190001:2:53,-0.1,2026-10-02T01:01:04.695736+02:00
295963710,de:11000:900120003:5:59,-0.3,2026-10-02T01:01:04.695736+02:00
295963710,de:11000:900120001:1:51,-0.6,2026-10-02T01:01:04.695736+02:00
295963710,de:11000:900110012:1:51,-0.8,2026-10-02T01:01:04.695736+02:00
295963710,de:11000:900110004:1:51,-0.7,2026-10-02T01:01:04.695736+02:00
295963710,de:11000:900110003:1:51,0.0,2026-10-02T01:01:04.695736+02:00
295963710,de:11000:900110002:1:51,0.0,2026-10-02T01:01:04.695736+02:00
295963710,de:11000:900110001:1:51,-0.7,2026-10-02T01:01:04.695736+02:00
295963710,de:11000:900110011:2:53,-0.4,2026-10-02T01:01:04.695736+02:00
295963710,de:11000:900085201:1:50,-0.8,2026-10-02T01:01:04.695736+02:00
295963710,de:11000:900084101:1:50,-0.7,2026-10-02T01:01:04.695736+02:00
295963710,de:11000:900096101:1:50,-0.8,2026-10-02T01:01:04.695736+02:00
295963710,de:11000:900094101:1:50,-0.3,2026-10-02T01:01:04.695736+02:00
306895619,de:12067:900311083::3,0.0,2026-10-02T01:01:04.695736+02:00
306895619,de:12067:900310775::1,0.0,2026-10-02T01:01:04.695736+02:00
306895619,de:12067:900311083::2,0.0,2026-10-02T01:01:04.695736+02:00
306895619,de:12067:900310814::2,0.0,2026-10-02T01:01:04.695736+02:00
306895619,de:12067:900310804::2,0.0,2026-10-02T01:01:04.695736+02:00
306895619,de:12067:900311150::2,0.0,2026-10-02T01:01:04.695736+02:00
306895619,de:12067:900311135::2,0.0,2026-10-02T01:01:04.695736+02:00
306895619,de:12067:900311149::2,0.0,2026-10-02T01:01:04.695736+02:00
306895619,de:12067:900310001::11,0.0,2026-10-02T01:01:04.695736+02:00
306895619,de:12067:900310001::2,0.0,2026-10-02T01:01:04.695736+02:00
306895619,de:12067:900310816::1,0.0,2026-10-02T01:01:04.695736+02:00
306895619,de:12067:900310627::1,0.0,2026-10-02T01:01:04.695736+02:00
306895619,de:12067:900310781::1,0.0,2026-10-02T01:01:04.695736+02:00
306895619,de:12067:900310822::1,0.0,2026-10-02T01:01:04.695736+02:00
306895619,de:12067:900310771::1,0.0,2026-10-02T01:01:04.695736+02:00
306895619,de:12067:900310811::1,0.0,2026-10-02T01:01:04.695736+02:00
306895619,de:12067:900310630::1,0.0,2026-10-02T01:01:04.695736+02:00
306895619,de:12067:900310812::1,0.0,2026-10-02T01:01:04.695736+02:00
306895619,de:12067:900310770::1,0.0,2026-10-02T01:01:04.695736+02:00
306895619,de:12067:900310010::3,0.0,2026-10-02T01:01:04.695736+02:00
306895619,de:12067:900310880::1,0.0,2026-10-02T01:01:04.695736+02:00
306895619,de:12067:900310815::1,0.0,2026-10-02T01:01:04.695736+02:00
306895619,de:12067:900310807::1,0.0,2026-10-02T01:01:04.695736+02:00
295967952,de:12061:900260009:3:55,0.0,2026-10-02T01:01:04.695736+02:00
295967952,de:12061:900260080:1:51,-0.7,2026-10-02T01:01:04.695736+02:00
295967952,de:12061:900260005:3:55,0.0,2026-10-02T01:01:04.695736+02:00
295967952,de:11000:900196001:1:51,0.0,2026-10-02T01:01:04.695736+02:00
295967952,de:11000:900195510:1:50,-0.4,2026-10-02T01:01:04.695736+02:00
295967952,de:11000:900193002:1:51,-0.6,2026-10-02T01:01:04.695736+02:00
295967952,de:11000:900193001:2:51,-0.3,2026-10-02T01:01:04.695736+02:00
295967952,de:11000:900192001:3:55,-0.2,2026-10-02T01:01:04.695736+02:00
295967952,de:11000:900191001:1:50,0.0,2026-10-02T01:01:04.695736+02:00
295967952,de:11000:900191002:1:51,-0.7,2026-10-02T01:01:04.695736+02:00
295967952,de:11000:900190001:2:53,-0.4,2026-10-02T01:01:04.695736+02:00
295967952,de:11000:900120004:2:53,-0.9,2026-10-02T01:01:04.695736+02:00
295967952,de:11000:900120005:5:58,-0.1,2026-10-02T01:01:04.695736+02:00
295967952,de:11000:900100004:1:51,-0.4,2026-10-02T01:01:04.695736+02:00
295967952,de:11000:900100003:2:53,-0.4,2026-10-02T01:01:04.695736+02:00
295967952,de:11000:900100002:1:51,-0.4,2026-10-02T01:01:04.695736+02:00
295967952,de:11000:900100001:3:55,-0.4,2026-10-02T01:01:04.695736+02:00
295967952,de:11000:900003201:3:55,-0.1,2026-10-02T01:01:04.695736+02:00
295967952,de:11000:900003102:1:51,-0.8,2026-10-02T01:01:04.695736+02:00
295967952,de:11000:900003103:1:51,-0.9,2026-10-02T01:01:04.695736+02:00
295967952,de:11000:900023201:3:55,-0.8,2026-10-02T01:01:04.695736+02:00
295967952,de:11000:900024203:1:51,-0.8,2026-10-02T01:01:04.695736+02:00
295967952,de:11000:900024101:4:57,-0.8,2026-10-02T01:01:04.695736+02:00
295967952,de:11000:900024102:1:50,-0.1,2026-10-02T01:01:04.695736+02:00
295967952,de:11000:900025423:1:50,-0.4,2026-10-02T01:01:04.695736+02:00
295967952,de:11000:900026105:1:50,-0.7,2026-10-02T01:01:04.695736+02:00
295967952,de:11000:900025321:1:50,-0.3,2026-10-02T01:01:04.695736+02:00
295967952,de:11000:900025424:1:50,-0.3,2026-10-02T01:01:04.695736+02:00
295967952,de:11000:900030202:1:50,-0.9,2026-10-02T01:01:04.695736+02:00
295967952,de:11000:900029101:1:51,-0.9,2026-10-02T01:01:04.695736+02:00
307434563,de:12052:900470000:2:52,0.0,2026-10-02T01:01:04.695736+02:00
307434563,de:12071:900445884:1:50,0.0,2026-10-02T01:01:04.695736+02:00
307434563,de:12066:900435884:1:50,0.0,2026-10-02T01:01:04.695736+02:00
307434563,de:12066:900435697:1:50,0.0,2026-10-02T01:01:04.695736+02:00
307434563,de:12066:900435602:1:50,0.0,2026-10-02T01:01:04.695736+02:00
307434563,de:12061:900261512:1:50,0.0,2026-10-02T01:01:04.695736+02:00
307434563,de:12061:900260019:1:50,0.0,2026-10-02T01:01:04.695736+02:00
307434563,de:12061:900260611:2:51,0.0,2026-10-02T01:01:04.695736+02:00
307434549,de:12052:900470000:2:51,0.0,2026-10-02T01:01:04.695736+02:00
307434549,de:12071:900445884:1:50,0.0,2026-10-02T01:01:04.695736+02:00
307434549,de:12066:900435884:1:50,0.0,2026-10-02T01:01:04.695736+02:00
307434549,de:12066:900435697:1:50,0.0,2026-10-02T01:01:04.695736+02:00
307434549,de:12066:900435602:1:50,0.0,2026-10-02T01:01:04.695736+02:00
307434549,de:12061:900261512:1:50,0.0,2026-10-02T01:01:04.695736+02:00
307434549,de:12061:900260019:1:50,0.0,2026-10-02T01:01:04.695736+02:00
307434549,de:12061:900260611:2:51,0.0,2026-10-02T01:01:04.695736+02:00
307435158,de:12061:900260005:1:50,0.0,2026-10-02T01:01:04.695736+02:00
307435158,de:11000:900192001:1:51,0.0,2026-10-02T01:01:04.695736+02:00
295967881,de:12061:900260009:3:55,0.0,2026-10-02T01:01:04.695736+02:00
295967881,de:12061:900260080:1:51,-0.7,2026-10-02T01:01:04.695736+02:00
295967881,de:12061:900260005:3:55,0.0,2026-10-02T01:01:04.695736+02:00
295967881,de:11000:900196001:1:51,0.0,2026-10-02T01:01:04.695736+02:00
295967881,de:11000:900195510:1:50,-0.4,2026-10-02T01:01:04.695736+02:00
295967881,de:11000:900193002:1:51,-0.6,2026-10-02T01:01:04.695736+02:00
295967881,de:11000:900193001:2:51,-0.3,2026-10-02T01:01:04.695736+02:00
295967881,de:11000:900192001:3:55,-0.2,2026-10-02T01:01:04.695736+02:00
295967881,de:11000:900191001:1:50,0.0,2026-10-02T01:01:04.695736+02:00
295967881,de:11000:900191002:1:51,-0.7,2026-10-02T01:01:04.695736+02:00
295967881,de:11000:900190001:2:53,-0.4,2026-10-02T01:01:04.695736+02:00
295967881,de:11000:900120004:2:52,-0.9,2026-10-02T01:01:04.695736+02:00
295967881,de:11000:900120005:5:57,-0.1,2026-10-02T01:01:04.695736+02:00
295967881,de:11000:900100004:1:51,-0.4,2026-10-02T01:01:04.695736+02:00
295967881,de:11000:900100003:2:53,-0.4,2026-10-02T01:01:04.695736+02:00
295967881,de:11000:900100002:1:51,-0.4,2026-10-02T01:01:04.695736+02:00
295967881,de:11000:900100001:3:55,-0.4,2026-10-02T01:01:04.695736+02:00
295967881,de:11000:900003201:3:55,-0.1,2026-10-02T01:01:04.695736+02:00
295967881,de:11000:900003102:1:51,-0.8,2026-10-02T01:01:04.695736+02:00
295967881,de:11000:900003103:1:51,-0.9,2026-10-02T01:01:04.695736+02:00
295967881,de:11000:900023201:3:55,-0.8,2026-10-02T01:01:04.695736+02:00
295967881,de:11000:900024203:1:51,-0.8,2026-10-02T01:01:04.695736+02:00
295967881,de:11000:900024101:4:57,-0.8,2026-10-02T01:01:04.695736+02:00
295967881,de:11000:900024102:1:50,-0.1,2026-10-02T01:01:04.695736+02:00
295967881,de:11000:900025423:1:50,-0.4,2026-10-02T01:01:04.695736+02:00
295967881,de:11000:900026105:1:50,-0.7,2026-10-02T01:01:04.695736+02:00
295967881,de:11000:900025321:1:50,-0.3,2026-10-02T01:01:04.695736+02:00
295967881,de:11000:900025424:1:50,-0.3,2026-10-02T01:01:04.695736+02:00
295967881,de:11000:900030202:1:50,-0.9,2026-10-02T01:01:04.695736+02:00
295967881,de:11000:900029101:1:51,-0.9,2026-10-02T01:01:04.695736+02:00
306044444,de:12064:900320007::2,0.0,2026-10-02T01:01:04.695736+02:00
306044444,de:12064:900320007::2,-20.0,2026-10-02T01:01:04.695736+02:00
306044444,de:12064:900320130::1,0.0,2026-10-02T01:01:04.695736+02:00
306044444,820093201371,0.0,2026-10-02T01:01:04.695736+02:00
306044444,de:12064:900320121::1,0.0,2026-10-02T01:01:04.695736+02:00
306044444,de:12064:900320135::1,0.0,2026-10-02T01:01:04.695736+02:00
306044444,de:12064:900320136::1,0.0,2026-10-02T01:01:04.695736+02:00
306044444,de:12064:900320141::1,0.0,2026-10-02T01:01:04.695736+02:00
306044444,de:12064:900320122::2,0.0,2026-10-02T01:01:04.695736+02:00
306044444,de:12064:900320121::2,0.0,2026-10-02T01:01:04.695736+02:00
306044444,820093201372,0.0,2026-10-02T01:01:04.695736+02:00
306044444,de:12064:900320007::2,20.0,2026-10-02T01:01:04.695736+02:00
306044444,de:12064:900320007::2,0.0,2026-10-02T01:01:04.695736+02:00
306045652,de:12064:900320008::5,0.0,2026-10-02T01:01:04.695736+02:00
306045652,de:12064:900320100::1,0.0,2026-10-02T01:01:04.695736+02:00
306045652,de:12064:900320101::1,0.0,2026-10-02T01:01:04.695736+02:00
306045652,de:12064:900320102::1,0.0,2026-10-02T01:01:04.695736+02:00
306045652,de:12064:900320103::1,0.0,2026-10-02T01:01:04.695736+02:00
306045652,de:12064:900320104::1,0.0,2026-10-02T01:01:04.695736+02:00
306045652,de:12064:900320106::1,0.0,2026-10-02T01:01:04.695736+02:00
306045652,de:12064:900320107::1,0.0,2026-10-02T01:01:04.695736+02:00
306045652,de:12064:900320108::1,0.0,2026-10-02T01:01:04.695736+02:00
306045652,de:12064:900320109::1,0.0,2026-10-02T01:01:04.695736+02:00
306045652,de:12064:900320110::1,0.0,2026-10-02T01:01:04.695736+02:00
306045652,de:12064:900320111::1,0.0,2026-10-02T01:01:04.695736+02:00
306045652,de:12064:900320112::1,0.0,2026-10-02T01:01:04.695736+02:00
306045652,de:12064:900320124::1,0.0,2026-10-02T01:01:04.695736+02:00
306045652,de:12064:900320113::1,0.0,2026-10-02T01:01:04.695736+02:00
306045652,de:12064:900320130::1,0.0,2026-10-02T01:01:04.695736+02:00
306045652,de:12064:900320007::1,0.0,2026-10-02T01:01:04.695736+02:00
306045652,de:12064:900320115::1,0.0,2026-10-02T01:01:04.695736+02:00
306045652,de:12064:900320116::1,0.0,2026-10-02T01:01:04.695736+02:00
306045652,de:12064:900320114::1,0.0,2026-10-02T01:01:04.695736+02:00
306045652,de:12064:900320132::1,0.0,2026-10-02T01:01:04.695736+02:00
306045652,de:12064:900320118::2,0.0,2026-10-02T01:01:04.695736+02:00
306045652,de:12064:900320120::1,0.0,2026-10-02T01:01:04.695736+02:00
306045652,de:12064:900320119::2,0.0,2026-10-02T01:01:04.695736+02:00
306897247,de:12067:900311482::3,0.0,2026-10-02T01:01:04.695736+02:00
306897247,de:12067:900311490::2,0.0,2026-10-02T01:01:04.695736+02:00
306897247,de:12067:900311478::2,0.0,2026-10-02T01:01:04.695736+02:00
306897247,de:12067:900311477::2,0.0,2026-10-02T01:01:04.695736+02:00
306897247,de:12067:900311442::2,0.0,2026-10-02T01:01:04.695736+02:00
306897247,de:12067:900311560::1,0.0,2026-10-02T01:01:04.695736+02:00
306897247,de:12067:900311401::2,0.0,2026-10-02T01:01:04.695736+02:00
306897247,de:12067:900311543::2,0.0,2026-10-02T01:01:04.695736+02:00
306897247,de:12067:900311542::1,0.0,2026-10-02T01:01:04.695736+02:00
306897247,de:12067:900311530::2,0.0,2026-10-02T01:01:04.695736+02:00
306897247,de:12067:900311531::2,0.0,2026-10-02T01:01:04.695736+02:00
306897247,de:12067:900311306::2,0.0,2026-10-02T01:01:04.695736+02:00
306897247,de:12067:900311356::2,0.0,2026-10-02T01:01:04.695736+02:00
306897247,de:12067:900311311::2,0.0,2026-10-02T01:01:04.695736+02:00
306897247,de:12067:900311312::2,0.0,2026-10-02T01:01:04.695736+02:00
306897247,de:12067:900311383::5,0.0,2026-10-02T01:01:04.695736+02:00
306897247,de:12067:900311315::2,0.0,2026-10-02T01:01:04.695736+02:00
306897247,de:12067:900311348::2,0.0,2026-10-02T01:01:04.695736+02:00
306897247,de:12067:900311308::4,0.0,2026-10-02T01:01:04.695736+02:00
306895865,de:12067:900310001::5,0.0,2026-10-02T01:01:04.695736+02:00
306895865,de:12067:900311149::1,0.0,2026-10-02T01:01:04.695736+02:00
306895865,de:12067:900310781::1,0.0,2026-10-02T01:01:04.695736+02:00
306895865,de:12067:900310789::1,0.0,2026-10-02T01:01:04.695736+02:00
306895865,de:12067:900310797::1,0.0,2026-10-02T01:01:04.695736+02:00
306895865,de:12067:900310773::1,0.0,2026-10-02T01:01:04.695736+02:00
306895865,de:12067:900311115::1,0.0,2026-10-02T01:01:04.695736+02:00
306895867,de:12067:900310001::5,0.0,2026-10-02T01:01:04.695736+02:00
306895867,de:12067:900311149::1,0.0,2026-10-02T01:01:04.695736+02:00
306895867,de:12067:900310781::1,0.0,2026-10-02T01:01:04.695736+02:00
306895867,de:12067:900310789::1,0.0,2026-10-02T01:01:04.695736+02:00
306895867,de:12067:900310797::1,0.0,2026-10-02T01:01:04.695736+02:00
306895867,de:12067:900310773::1,0.0,2026-10-02T01:01:04.695736+02:00
306895867,de:12067:900311115::1,0.0,2026-10-02T01:01:04.695736+02:00
295879316,de:12065:900200005:3:1,0.0,2026-10-02T01:01:04.695736+02:00
295879316,de:12065:900200006:1:51,-0.3,2026-10-02T01:01:04.695736+02:00
295879316,de:12065:900200007:1:51,-0.7,2026-10-02T01:01:04.695736+02:00
295879316,de:12065:900200008:1:51,-0.2,2026-10-02T01:01:04.695736+02:00
295879316,de:12065:900200009:1:51,-0.1,2026-10-02T01:01:04.695736+02:00
295879316,de:11000:900092201:1:51,-0.7,2026-10-02T01:01:04.695736+02:00
295879316,de:11000:900093201:1:51,-0.4,2026-10-02T01:01:04.695736+02:00
295879316,de:11000:900094101:1:51,-0.8,2026-10-02T01:01:04.695736+02:00
295879316,de:11000:900096101:1:51,-0.1,2026-10-02T01:01:04.695736+02:00
295879316,de:11000:900084101:1:51,-0.2,2026-10-02T01:01:04.695736+02:00
295879316,de:11000:900085201:1:51,-0.8,2026-10-02T01:01:04.695736+02:00
295879316,de:11000:900130003:1:51,-0.8,2026-10-02T01:01:04.695736+02:00
295879316,de:11000:900110011:1:50,-0.9,2026-10-02T01:01:04.695736+02:00
295879316,de:11000:900007102:1:50,-0.9,2026-10-02T01:01:04.695736+02:00
295879316,de:11000:900008101:1:50,0.0,2026-10-02T01:01:04.695736+02:00
295879316,de:11000:900007104:1:51,-0.7,2026-10-02T01:01:04.695736+02:00
295879316,de:11000:900100007:1:50,-0.7,2026-10-02T01:01:04.695736+02:00
295879316,de:11000:900100001:4:56,-0.5,2026-10-02T01:01:04.695736+02:00
295879316,de:11000:900100025:1:50,-0.4,2026-10-02T01:01:04.695736+02:00
295879316,de:11000:900100020:3:54,-0.4,2026-10-02T01:01:04.695736+02:00
295879316,de:11000:900012101:1:51,-0.5,2026-10-02T01:01:04.695736+02:00
295879316,de:11000:900057102:1:50,-0.7,2026-10-02T01:01:04.695736+02:00
295879316,de:11000:900057104:2:51,-0.4,2026-10-02T01:01:04.695736+02:00
295879316,de:11000:900054104:1:50,-0.3,2026-10-02T01:01:04.695736+02:00
295879316,de:11000:900060101:1:50,-0.3,2026-10-02T01:01:04.695736+02:00
295879316,de:11000:900063101:1:50,-0.1,2026-10-02T01:01:04.695736+02:00
295879316,de:11000:900062202:1:50,-0.1,2026-10-02T01:01:04.695736+02:00
295879316,de:11000:900066102:1:50,-0.2,2026-10-02T01:01:04.695736+02:00
295879316,de:11000:900066101:1:50,-0.1,2026-10-02T01:01:04.695736+02:00
295879316,de:11000:900049202:1:50,-0.3,2026-10-02T01:01:04.695736+02:00
295879316,de:11000:900049201:1:50,-0.4,2026-10-02T01:01:04.695736+02:00
295879316,de:11000:900050301:1:50,0.0,2026-10-02T01:01:04.695736+02:00
295879316,de:11000:900050355:1:50,-0.1,2026-10-02T01:01:04.695736+02:00
295879316,de:11000:900052201:1:50,-0.5,2026-10-02T01:01:04.695736+02:00
295879316,de:11000:900053301:1:51,-0.9,2026-10-02T01:01:04.695736+02:00
295879409,de:11000:900053301:2:52,0.0,2026-10-02T01:01:04.695736+02:00
295879409,de:11000:900052201:1:51,0.0,2026-10-02T01:01:04.695736+02:00
295879409,de:11000:900050355:1:51,-0.3,2026-10-02T01:01:04.695736+02:00
295879409,de:11000:900050301:1:51,-0.4,2026-10-02T01:01:04.695736+02:00
295879409,de:11000:900049201:1:51,0.0,2026-10-02T01:01:04.695736+02:00
295879409,de:11000:900049202:1:51,0.0,2026-10-02T01:01:04.695736+02:00
295879409,de:11000:900066101:1:51,-0.3,2026-10-02T01:01:04.695736+02:00
295879409,de:11000:900066102:1:51,-0.2,2026-10-02T01:01:04.695736+02:00
295879409,de:11000:900062202:1:51,-0.2,2026-10-02T01:01:04.695736+02:00
295879409,de:11000:900063101:1:51,-0.2,2026-10-02T01:01:04.695736+02:00
295879409,de:11000:900060101:1:51,-0.9,2026-10-02T01:01:04.695736+02:00
295879409,de:11000:900054104:1:51,-0.9,2026-10-02T01:01:04.695736+02:00
295879409,de:11000:900057104:1:50,-0.4,2026-10-02T01:01:04.695736+02:00
295879409,de:11000:900057102:1:51,-0.1,2026-10-02T01:01:04.695736+02:00
295879409,de:11000:900012101:2:52,-0.9,2026-10-02T01:01:04.695736+02:00
295879409,de:11000:900100020:4:57,-0.3,2026-10-02T01:01:04.695736+02:00
295879409,de:11000:900100025:1:51,-0.4,2026-10-02T01:01:04.695736+02:00
295879409,de:11000:900100001:4:57,-0.1,2026-10-02T01:01:04.695736+02:00
295879409,de:11000:900100007:1:51,-0.2,2026-10-02T01:01:04.695736+02:00
295879409,de:11000:900007104:2:52,-0.2,2026-10-02T01:01:04.695736+02:00
295879409,de:11000:900008101:1:51,-0.9,2026-10-02T01:01:04.695736+02:00
295879409,de:11000:900007102:2:53,-0.6,2026-10-02T01:01:04.695736+02:00
295879409,de:11000:900110011:2:53,-0.9,2026-10-02T01:01:04.695736+02:00
295879409,de:11000:900085201:1:50,-0.9,2026-10-02T01:01:04.695736+02:00
295879409,de:11000:900084101:1:50,-0.7,2026-10-02T01:01:04.695736+02:00
295879409,de:11000:900096101:1:50,-0.8,2026-10-02T01:01:04.695736+02:00
295879409,de:11000:900094101:1:50,-0.1,2026-10-02T01:01:04.695736+02:00
295879409,de:11000:900093201:1:50,-0.4,2026-10-02T01:01:04.695736+02:00
295879409,de:11000:900092201:1:50,-0.2,2026-10-02T01:01:04.695736+02:00
295879409,de:12065:900200009:1:50,-0.7,2026-10-02T01:01:04.695736+02:00
295879409,de:12065:900200008:1:50,-0.7,2026-10-02T01:01:04.695736+02:00
295879409,de:12065:900200007:1:50,-0.2,2026-10-02T01:01:04.695736+02:00
295879409,de:12065:900200006:1:50,-0.5,2026-10-02T01:01:04.695736+02:00
295879409,de:12065:900200005:3:1,-0.9,2026-10-02T01:01:04.695736+02:00
306896010,de:12067:900310565::1,0.0,2026-10-02T01:01:04.695736+02:00
306896010,de:12067:900310561::2,0.0,2026-10-02T01:01:04.695736+02:00
306896010,de:12067:900310567::2,0.0,2026-10-02T01:01:04.695736+02:00
306896010,de:12067:900310581::2,0.0,2026-10-02T01:01:04.695736+02:00
306896010,de:12067:900310573::2,0.0,2026-10-02T01:01:04.695736+02:00
306896010,de:12067:900310560::2,0.0,2026-10-02T01:01:04.695736+02:00
306896010,de:12067:900310563::4,0.0,2026-10-02T01:01:04.695736+02:00
306896010,de:12067:900310013::2,0.0,2026-10-02T01:01:04.695736+02:00
306896010,de:12067:900310572::1,0.0,2026-10-02T01:01:04.695736+02:00
306896010,de:11000:900310550::1,0.0,2026-10-02T01:01:04.695736+02:00
306896010,de:12067:900310534::1,0.0,2026-10-02T01:01:04.695736+02:00
306896010,de:12067:900310580::1,0.0,2026-10-02T01:01:04.695736+02:00
306896010,de:12067:900311095::1,0.0,2026-10-02T01:01:04.695736+02:00
306896010,de:12067:900311097::1,0.0,2026-10-02T01:01:04.695736+02:00
306896010,de:12067:900311096::2,0.0,2026-10-02T01:01:04.695736+02:00
306896010,de:12067:900311096::1,0.0,2026-10-02T01:01:04.695736+02:00
306896010,de:12067:900311097::2,0.0,2026-10-02T01:01:04.695736+02:00
306896010,de:12067:900311095::2,0.0,2026-10-02T01:01:04.695736+02:00
306896010,de:12067:900310580::2,0.0,2026-10-02T01:01:04.695736+02:00
306896010,de:12067:900310578::4,0.0,2026-10-02T01:01:04.695736+02:00
306896010,de:12067:900310508::2,0.0,2026-10-02T01:01:04.695736+02:00
306896010,de:12067:900310509::2,0.0,2026-10-02T01:01:04.695736+02:00
306896010,de:12067:900310017::3,0.0,2026-10-02T01:01:04.695736+02:00
306896010,de:12064:900320267::1,0.0,2026-10-02T01:01:04.695736+02:00
306896010,de:12064:900320250::1,0.0,2026-10-02T01:01:04.695736+02:00
295883528,de:11000:900049201:1:51,0.0,2026-10-02T01:01:04.695736+02:00
295883528,de:11000:900049202:1:51,0.0,2026-10-02T01:01:04.695736+02:00
295883528,de:11000:900066101:1:51,-0.3,2026-10-02T01:01:04.695736+02:00
295883528,de:11000:900066102:1:51,-0.2,2026-10-02T01:01:04.695736+02:00
295883528,de:11000:900062202:1:51,-0.2,2026-10-02T01:01:04.695736+02:00
295883528,de:11000:900063101:1:51,-0.2,2026-10-02T01:01:04.695736+02:00
295883528,de:11000:900060101:1:51,-0.9,2026-10-02T01:01:04.695736+02:00
295883528,de:11000:900054104:1:51,-0.9,2026-10-02T01:01:04.695736+02:00
295883528,de:11000:900057104:1:50,-0.4,2026-10-02T01:01:04.695736+02:00
295883528,de:11000:900057102:1:51,-0.1,2026-10-02T01:01:04.695736+02:00
295883528,de:11000:900012101:2:52,-0.8,2026-10-02T01:01:04.695736+02:00
295883528,de:11000:900100020:4:57,-0.9,2026-10-02T01:01:04.695736+02:00
306896264,de:12061:900260001::6,0.0,2026-10-02T01:01:04.695736+02:00
306896264,de:12061:900260798::1,0.0,2026-10-02T01:01:04.695736+02:00
306896264,de:12061:900260890::1,0.0,2026-10-02T01:01:04.695736+02:00
306896264,de:12061:900260887::1,0.0,2026-10-02T01:01:04.695736+02:00
306896264,de:12061:900260886::1,0.0,2026-10-02T01:01:04.695736+02:00
306896264,de:12061:900260888::1,0.0,2026-10-02T01:01:04.695736+02:00
306896264,de:12061:900260889::1,0.0,2026-10-02T01:01:04.695736+02:00
306896264,de:12061:900261047::1,0.0,2026-10-02T01:01:04.695736+02:00
306896264,de:12061:900261048::1,0.0,2026-10-02T01:01:04.695736+02:00
306896264,de:12061:900261051::1,0.0,2026-10-02T01:01:04.695736+02:00
306896264,de:12061:900261050::2,0.0,2026-10-02T01:01:04.695736+02:00
306896264,de:12061:900260170::1,0.0,2026-10-02T01:01:04.695736+02:00
306896264,de:12061:900260167::1,0.0,2026-10-02T01:01:04.695736+02:00
306896264,de:12061:900260168::1,0.0,2026-10-02T01:01:04.695736+02:00
306896264,de:12061:900260171::1,0.0,2026-10-02T01:01:04.695736+02:00
306896264,de:12061:900260166::1,0.0,2026-10-02T01:01:04.695736+02:00
306896264,de:12061:900260169::4,0.0,2026-10-02T01:01:04.695736+02:00
306896264,de:12061:900260165::1,0.0,2026-10-02T01:01:04.695736+02:00
306896264,de:12067:900310950::2,0.0,2026-10-02T01:01:04.695736+02:00
306896264,de:12067:900310955::2,0.0,2026-10-02T01:01:04.695736+02:00
306896264,de:12067:900310568::2,0.0,2026-10-02T01:01:04.695736+02:00
306896264,de:12067:900310556::2,0.0,2026-10-02T01:01:04.695736+02:00
306896264,de:12067:900310558::4,0.0,2026-10-02T01:01:04.695736+02:00
306896264,de:12067:900310559::2,0.0,2026-10-02T01:01:04.695736+02:00
306896264,de:12067:900310563::4,0.0,2026-10-02T01:01:04.695736+02:00
306896264,de:12067:900310013::7,0.0,2026-10-02T01:01:04.695736+02:00
306896510,de:12067:900310001::3,0.0,2026-10-02T01:01:04.695736+02:00
306896510,de:12067:900311149::1,0.0,2026-10-02T01:01:04.695736+02:00
306896510,de:12067:900310835::1,0.0,2026-10-02T01:01:04.695736+02:00
306896510,de:12067:900310825::1,0.0,2026-10-02T01:01:04.695736+02:00
306896510,de:12067:900310813::1,0.0,2026-10-02T01:01:04.695736+02:00
306896510,de:12067:900310803::1,0.0,2026-10-02T01:01:04.695736+02:00
306896510,de:12067:900310802::1,0.0,2026-10-02T01:01:04.695736+02:00
306896510,de:12067:900310712::1,0.0,2026-10-02T01:01:04.695736+02:00
306896510,de:12067:900310711::1,0.0,2026-10-02T01:01:04.695736+02:00
306896510,de:12067:900311015::1,0.0,2026-10-02T01:01:04.695736+02:00
306896510,de:12064:900320277::1,0.0,2026-10-02T01:01:04.695736+02:00
306896510,de:12064:900320279::1,-0.5,2026-10-02T01:01:04.695736+02:00
306896510,de:12064:900320229::1,-0.5,2026-10-02T01:01:04.695736+02:00
306896510,de:12064:900320280::1,0.0,2026-10-02T01:01:04.695736+02:00
306896510,de:12064:900320228::1,0.0,2026-10-02T01:01:04.695736+02:00
307252198,de:11000:900007102:1:51,0.0,2026-10-02T01:01:04.695736+02:00
307252198,de:11000:900009104:1:51,-0.8,2026-10-02T01:01:04.695736+02:00
307252198,de:11000:900003200:5:58,-0.7,2026-10-02T01:01:04.695736+02:00
307252170,de:11000:900007102:1:51,0.0,2026-10-02T01:01:04.695736+02:00
307252170,de:11000:900009104:1:51,-0.8,2026-10-02T01:01:04.695736+02:00
307252170,de:11000:900003200:5:58,-0.7,2026-10-02T01:01:04.695736+02:00
306896759,de:12067:900310031::3,0.0,2026-10-02T01:01:04.695736+02:00
306896759,de:12067:900310002::7,0.0,2026-10-02T01:01:04.695736+02:00
306896759,de:12067:900310864::1,0.0,2026-10-02T01:01:04.695736+02:00
306896759,de:12067:900310861::1,0.0,2026-10-02T01:01:04.695736+02:00
306896759,de:12067:900311157::2,0.0,2026-10-02T01:01:04.695736+02:00
306896759,de:12067:900310860::2,0.0,2026-10-02T01:01:04.695736+02:00
306896759,de:12067:900311125::2,0.0,2026-10-02T01:01:04.695736+02:00
306896759,de:12067:900310936::2,0.0,2026-10-02T01:01:04.695736+02:00
306896759,de:12067:900310788::2,0.0,2026-10-02T01:01:04.695736+02:00
306896759,de:12067:900310696::2,0.0,2026-10-02T01:01:04.695736+02:00
306896759,de:12067:900310001::11,0.0,2026-10-02T01:01:04.695736+02:00
306896965,de:12067:900311308::6,0.0,2026-10-02T01:01:04.695736+02:00
306896965,de:12067:900311335::1,0.0,2026-10-02T01:01:04.695736+02:00
306896965,de:12067:900311339::1,0.0,2026-10-02T01:01:04.695736+02:00
306896965,de:12067:900311340::1,0.0,2026-10-02T01:01:04.695736+02:00
306896965,de:12067:900311313::1,0.0,2026-10-02T01:01:04.695736+02:00
306896965,de:12067:900311314::1,0.0,2026-10-02T01:01:04.695736+02:00
306896965,de:12067:900311313::2,0.0,2026-10-02T01:01:04.695736+02:00
306896965,de:12067:900311339::2,0.0,2026-10-02T01:01:04.695736+02:00
306896965,de:12067:900311341::1,0.0,2026-10-02T01:01:04.695736+02:00
306896965,de:12067:900311345::1,0.0,2026-10-02T01:01:04.695736+02:00
306896965,de:12067:900311359::1,0.0,2026-10-02T01:01:04.695736+02:00
306896965,de:12067:900310027::1,0.0,2026-10-02T01:01:04.695736+02:00
306896965,de:12067:900311317::1,0.0,2026-10-02T01:01:04.695736+02:00
306896965,de:12067:900311384::1,0.0,2026-10-02T01:01:04.695736+02:00
306896965,de:12067:900311316::1,0.0,2026-10-02T01:01:04.695736+02:00
306896965,de:12067:900311376::1,0.0,2026-10-02T01:01:04.695736+02:00
306896965,de:12067:900311377::1,0.0,2026-10-02T01:01:04.695736+02:00
306896965,de:12067:900311362::1,0.0,2026-10-02T01:01:04.695736+02:00
306896965,de:12067:900311363::1,0.0,2026-10-02T01:01:04.695736+02:00
306896965,de:12067:900311365::1,0.0,2026-10-02T01:01:04.695736+02:00
306896965,de:12067:900311374::1,0.0,2026-10-02T01:01:04.695736+02:00
306896965,de:12067:900311364::2,0.0,2026-10-02T01:01:04.695736+02:00
306896965,de:12067:900311371::2,0.0,2026-10-02T01:01:04.695736+02:00
306896965,de:12067:900311336::1,0.0,2026-10-02T01:01:04.695736+02:00
306896965,de:12067:900311352::1,0.0,2026-10-02T01:01:04.695736+02:00
306896965,de:12067:900311354::1,0.0,2026-10-02T01:01:04.695736+02:00
306896965,de:12067:900311357::1,0.0,2026-10-02T01:01:04.695736+02:00
306896965,de:12067:900311356::1,0.0,2026-10-02T01:01:04.695736+02:00
306896965,de:12067:900311325::2,0.0,2026-10-02T01:01:04.695736+02:00
306896965,de:12067:900311383::6,0.0,2026-10-02T01:01:04.695736+02:00
306896965,de:12067:900311353::1,0.0,2026-10-02T01:01:04.695736+02:00
306896965,de:12067:900311321::1,0.0,2026-10-02T01:01:04.695736+02:00
306896965,de:12067:900311350::2,0.0,2026-10-02T01:01:04.695736+02:00
306896965,de:12067:900311348::2,0.0,2026-10-02T01:01:04.695736+02:00
306896965,de:12067:900311308::4,0.0,2026-10-02T01:01:04.695736+02:00
306897128,de:12067:900311129::2,0.0,2026-10-02T01:01:04.695736+02:00
306897128,de:12067:900310755::2,0.0,2026-10-02T01:01:04.695736+02:00
306897128,de:12067:900310728::4,0.0,2026-10-02T01:01:04.695736+02:00
306897128,de:12067:900310727::4,0.0,2026-10-02T01:01:04.695736+02:00
306897128,de:12067:900310755::1,0.0,2026-10-02T01:01:04.695736+02:00
306897128,de:12067:900310738::1,0.0,2026-10-02T01:01:04.695736+02:00
306897128,de:12067:900310725::1,0.0,2026-10-02T01:01:04.695736+02:00
306897128,de:12067:900310909::1,0.0,2026-10-02T01:01:04.695736+02:00
306897128,de:12067:900310609::1,0.0,2026-10-02T01:01:04.695736+02:00
306897128,de:12067:900311000::1,0.0,2026-10-02T01:01:04.695736+02:00
306897128,de:12067:900310968::1,-0.5,2026-10-02T01:01:04.695736+02:00
306897128,de:12067:900310839::1,0.0,2026-10-02T01:01:04.695736+02:00
306897128,de:12067:900310898::1,-0.5,2026-10-02T01:01:04.695736+02:00
306897128,de:12067:900311073::1,0.0,2026-10-02T01:01:04.695736+02:00
306897128,de:12067:900310859::1,0.0,2026-10-02T01:01:04.695736+02:00
306897128,de:12067:900310927::1,0.0,2026-10-02T01:01:04.695736+02:00
306897128,de:12067:900310926::1,0.0,2026-10-02T01:01:04.695736+02:00
306897128,de:12067:900310765::1,0.0,2026-10-02T01:01:04.695736+02:00
306897202,de:12067:900311308::5,0.0,2026-10-02T01:01:04.695736+02:00
306897202,de:12067:900311380::1,0.0,2026-10-02T01:01:04.695736+02:00
306897202,de:12067:900311348::1,0.0,2026-10-02T01:01:04.695736+02:00
306897202,de:12067:900311315::1,0.0,2026-10-02T01:01:04.695736+02:00
306897202,de:12067:900311383::1,0.0,2026-10-02T01:01:04.695736+02:00
306897202,de:12067:900311305::1,0.0,2026-10-02T01:01:04.695736+02:00
306897202,de:12067:900311320::1,0.0,2026-10-02T01:01:04.695736+02:00
306897202,de:12067:900311354::2,0.0,2026-10-02T01:01:04.695736+02:00
306897202,de:12067:900311352::2,0.0,2026-10-02T01:01:04.695736+02:00
306897202,de:12067:900311336::2,0.0,2026-10-02T01:01:04.695736+02:00
306897202,de:12067:900311371::1,0.0,2026-10-02T01:01:04.695736+02:00
306897202,de:12067:900311364::1,0.0,2026-10-02T01:01:04.695736+02:00
306897202,de:12067:900311460::1,0.0,2026-10-02T01:01:04.695736+02:00
306897202,de:12067:900310601::1,0.0,2026-10-02T01:01:04.695736+02:00
306897202,de:12067:900311511::1,0.0,2026-10-02T01:01:04.695736+02:00
306897202,de:12067:900311513::2,0.0,2026-10-02T01:01:04.695736+02:00
306897202,de:12067:900311513::1,0.0,2026-10-02T01:01:04.695736+02:00
306897202,de:12067:900311568::1,0.0,2026-10-02T01:01:04.695736+02:00
306897202,de:12067:900311226::1,0.0,2026-10-02T01:01:04.695736+02:00
306897202,de:12067:900311224::2,0.0,2026-10-02T01:01:04.695736+02:00
306896222,de:12067:900311039::1,0.0,2026-10-02T01:01:04.695736+02:00
306896222,de:12067:900311034::2,0.0,2026-10-02T01:01:04.695736+02:00
306896222,de:12067:900311035::2,0.0,2026-10-02T01:01:04.695736+02:00
306896222,de:12067:900310964::2,0.0,2026-10-02T01:01:04.695736+02:00
306896222,de:12067:900311021::1,0.0,2026-10-02T01:01:04.695736+02:00
306896222,de:12067:900311028::2,0.0,2026-10-02T01:01:04.695736+02:00
306896222,de:12067:900311029::1,0.0,2026-10-02T01:01:04.695736+02:00
306896222,de:12067:900310965::2,0.0,2026-10-02T01:01:04.695736+02:00
306896222,de:12067:900311026::2,0.0,2026-10-02T01:01:04.695736+02:00
306896222,de:12067:900311027::2,0.0,2026-10-02T01:01:04.695736+02:00
306896222,de:12067:900310863::2,0.0,2026-10-02T01:01:04.695736+02:00
306896222,de:12067:900310862::2,0.0,2026-10-02T01:01:04.695736+02:00
306896222,de:12067:900310865::2,0.0,2026-10-02T01:01:04.695736+02:00
306896222,de:12067:900310002::7,0.0,2026-10-02T01:01:04.695736+02:00
306896222,de:12067:900310864::1,0.0,2026-10-02T01:01:04.695736+02:00
306896222,de:12067:900310861::1,0.0,2026-10-02T01:01:04.695736+02:00
306896222,de:12067:900310002::1,0.0,2026-10-02T01:01:04.695736+02:00
306896222,de:12067:900310031::3,0.0,2026-10-02T01:01:04.695736+02:00
306896222,de:12067:900310555::2,0.0,2026-10-02T01:01:04.695736+02:00
306896222,de:12067:900310557::2,0.0,2026-10-02T01:01:04.695736+02:00
306896222,de:12067:900310013::7,0.0,2026-10-02T01:01:04.695736+02:00
307438440,de:12062:900415502:1:50,0.0,2026-10-02T01:01:04.695736+02:00
307438440,de:12062:900415167:1:51,0.0,2026-10-02T01:01:04.695736+02:00
307438440,de:12062:900416008:2:51,0.0,2026-10-02T01:01:04.695736+02:00
307438440,de:12066:900435203:1:50,0.0,2026-10-02T01:01:04.695736+02:00
307438440,de:12066:900435061:3:54,0.0,2026-10-02T01:01:04.695736+02:00
307438440,de:12066:900435000:1:50,0.0,2026-10-02T01:01:04.695736+02:00
307438440,de:12066:900435001:1:50,0.0,2026-10-02T01:01:04.695736+02:00
307438440,de:12052:900470000:1:50,0.0,2026-10-02T01:01:04.695736+02:00
295882430,de:11000:900092201:1:50,0.0,2026-10-02T01:01:04.695736+02:00
295882430,de:11000:900093201:1:51,-0.4,2026-10-02T01:01:04.695736+02:00
295882430,de:11000:900094101:1:51,-0.3,2026-10-02T01:01:04.695736+02:00
295882430,de:11000:900096101:1:51,-0.1,2026-10-02T01:01:04.695736+02:00
295882430,de:11000:900084101:1:51,-0.2,2026-10-02T01:01:04.695736+02:00
295882430,de:11000:900085201:1:51,-0.8,2026-10-02T01:01:04.695736+02:00
295882430,de:11000:900130003:1:51,-0.8,2026-10-02T01:01:04.695736+02:00
295882430,de:11000:900110011:1:50,-0.9,2026-10-02T01:01:04.695736+02:00
295882430,de:11000:900007102:1:50,-0.9,2026-10-02T01:01:04.695736+02:00
295882430,de:11000:900008101:1:50,0.0,2026-10-02T01:01:04.695736+02:00
295882430,de:11000:900007104:1:51,-0.7,2026-10-02T01:01:04.695736+02:00
295882430,de:11000:900100007:1:50,-0.7,2026-10-02T01:01:04.695736+02:00
295882430,de:11000:900100001:4:56,-0.5,2026-10-02T01:01:04.695736+02:00
295882430,de:11000:900100025:1:50,-0.4,2026-10-02T01:01:04.695736+02:00
295882430,de:11000:900100020:3:54,-0.4,2026-10-02T01:01:04.695736+02:00
295882430,de:11000:900012101:1:51,-0.5,2026-10-02T01:01:04.695736+02:00
295882430,de:11000:900057102:1:50,-0.7,2026-10-02T01:01:04.695736+02:00
295882430,de:11000:900057104:2:51,-0.4,2026-10-02T01:01:04.695736+02:00
295882430,de:11000:900054104:1:50,-0.3,2026-10-02T01:01:04.695736+02:00
295882430,de:11000:900060101:1:50,-0.3,2026-10-02T01:01:04.695736+02:00
295882430,de:11000:900063101:1:50,-0.1,2026-10-02T01:01:04.695736+02:00
295882430,de:11000:900062202:1:50,-0.1,2026-10-02T01:01:04.695736+02:00
295882430,de:11000:900066102:1:50,-0.2,2026-10-02T01:01:04.695736+02:00
295882430,de:11000:900066101:1:50,-0.1,2026-10-02T01:01:04.695736+02:00
295882430,de:11000:900049202:1:50,-0.3,2026-10-02T01:01:04.695736+02:00
295882430,de:11000:900049201:1:50,-0.4,2026-10-02T01:01:04.695736+02:00
295882430,de:11000:900050301:1:50,0.0,2026-10-02T01:01:04.695736+02:00
295882430,de:11000:900050355:1:50,-0.1,2026-10-02T01:01:04.695736+02:00
295882430,de:11000:900052201:1:50,-0.5,2026-10-02T01:01:04.695736+02:00
295882430,de:11000:900053301:1:51,-0.9,2026-10-02T01:01:04.695736+02:00
307438004,de:12053:900360000:3:54,0.0,2026-10-02T01:01:04.695736+02:00
307438004,de:12067:900311307:1:50,0.0,2026-10-02T01:01:04.695736+02:00
307438004,de:12071:900445593:1:50,0.0,2026-10-02T01:01:04.695736+02:00
307438004,de:12052:900470000:3:53,0.0,2026-10-02T01:01:04.695736+02:00
307431822,de:12061:900260009:2:54,0.0,2026-10-02T01:01:04.695736+02:00
307431822,de:12072:900245836:2:51,0.0,2026-10-02T01:01:04.695736+02:00
307431822,de:12069:900220002:2:51,0.0,2026-10-02T01:01:04.695736+02:00
307431822,de:12054:900230002:1:50,0.0,2026-10-02T01:01:04.695736+02:00
307431822,de:12054:900220010:2:51,0.0,2026-10-02T01:01:04.695736+02:00
307431822,de:12054:900230007:2:52,0.0,2026-10-02T01:01:04.695736+02:00
307431822,de:12054:900230006:2:51,0.0,2026-10-02T01:01:04.695736+02:00
307431822,de:12054:900230999:2:53,0.0,2026-10-02T01:01:04.695736+02:00
307431822,de:12054:900230003:4:53,0.0,2026-10-02T01:01:04.695736+02:00
295882426,de:11000:900092201:1:50,0.0,2026-10-02T01:01:04.695736+02:00
295882426,de:11000:900093201:1:51,-0.4,2026-10-02T01:01:04.695736+02:00
295882426,de:11000:900094101:1:51,-0.3,2026-10-02T01:01:04.695736+02:00
295882426,de:11000:900096101:1:51,-0.1,2026-10-02T01:01:04.695736+02:00
295882426,de:11000:900084101:1:51,-0.2,2026-10-02T01:01:04.695736+02:00
295882426,de:11000:900085201:1:51,-0.8,2026-10-02T01:01:04.695736+02:00
295882426,de:11000:900130003:1:51,-0.8,2026-10-02T01:01:04.695736+02:00
295882426,de:11000:900110011:1:50,-0.9,2026-10-02T01:01:04.695736+02:00
295882426,de:11000:900007102:1:50,-0.9,2026-10-02T01:01:04.695736+02:00
295882426,de:11000:900008101:1:50,0.0,2026-10-02T01:01:04.695736+02:00
295882426,de:11000:900007104:1:51,-0.7,2026-10-02T01:01:04.695736+02:00
295882426,de:11000:900100007:1:50,-0.7,2026-10-02T01:01:04.695736+02:00
295882426,de:11000:900100001:4:56,-0.5,2026-10-02T01:01:04.695736+02:00
295882426,de:11000:900100025:1:50,-0.4,2026-10-02T01:01:04.695736+02:00
295882426,de:11000:900100020:3:54,-0.4,2026-10-02T01:01:04.695736+02:00
295882426,de:11000:900012101:1:51,-0.5,2026-10-02T01:01:04.695736+02:00
295882426,de:11000:900057102:1:50,-0.7,2026-10-02T01:01:04.695736+02:00
295882426,de:11000:900057104:2:51,-0.4,2026-10-02T01:01:04.695736+02:00
295882426,de:11000:900054104:1:50,-0.3,2026-10-02T01:01:04.695736+02:00
295882426,de:11000:900060101:1:50,-0.3,2026-10-02T01:01:04.695736+02:00
295882426,de:11000:900063101:1:50,-0.1,2026-10-02T01:01:04.695736+02:00
295882426,de:11000:900062202:1:50,-0.1,2026-10-02T01:01:04.695736+02:00
295882426,de:11000:900066102:1:50,-0.2,2026-10-02T01:01:04.695736+02:00
295882426,de:11000:900066101:1:50,-0.1,2026-10-02T01:01:04.695736+02:00
295882426,de:11000:900049202:1:50,-0.3,2026-10-02T01:01:04.695736+02:00
295882426,de:11000:900049201:1:50,-0.4,2026-10-02T01:01:04.695736+02:00
295882426,de:11000:900050301:1:50,0.0,2026-10-02T01:01:04.695736+02:00
295882426,de:11000:900050355:1:50,-0.1,2026-10-02T01:01:04.695736+02:00
295882426,de:11000:900052201:1:50,-0.5,2026-10-02T01:01:04.695736+02:00
295882426,de:11000:900053301:1:51,-0.9,2026-10-02T01:01:04.695736+02:00
306896533,de:12067:900310708::1,0.0,2026-10-02T01:01:04.695736+02:00
306896533,de:12067:900310710::2,0.0,2026-10-02T01:01:04.695736+02:00
306896533,de:12067:900310709::2,0.0,2026-10-02T01:01:04.695736+02:00
306896533,de:12067:900310869::1,0.0,2026-10-02T01:01:04.695736+02:00
306896533,de:12067:900310870::2,0.0,2026-10-02T01:01:04.695736+02:00
306896533,de:12067:900310872::2,0.0,2026-10-02T01:01:04.695736+02:00
306896533,de:12067:900310871::2,0.0,2026-10-02T01:01:04.695736+02:00
306896533,de:12067:900311046::2,0.0,2026-10-02T01:01:04.695736+02:00
306896533,de:12067:900311045::2,0.0,2026-10-02T01:01:04.695736+02:00
306896533,de:12067:900310962::2,0.0,2026-10-02T01:01:04.695736+02:00
306896533,de:12067:900310959::2,0.0,2026-10-02T01:01:04.695736+02:00
306896533,de:12067:900310963::2,0.0,2026-10-02T01:01:04.695736+02:00
306896533,de:12067:900311083::2,0.0,2026-10-02T01:01:04.695736+02:00
306896533,de:12067:900310814::2,0.0,2026-10-02T01:01:04.695736+02:00
306896533,de:12067:900310804::2,0.0,2026-10-02T01:01:04.695736+02:00
306896533,de:12067:900311150::2,0.0,2026-10-02T01:01:04.695736+02:00
306896533,de:12067:900311135::2,0.0,2026-10-02T01:01:04.695736+02:00
306896533,de:12067:900311149::2,0.0,2026-10-02T01:01:04.695736+02:00
306896533,de:12067:900310001::11,0.0,2026-10-02T01:01:04.695736+02:00
307432916,de:12072:900245027:2:53,0.0,2026-10-02T01:01:04.695736+02:00
307432916,de:12061:900260009:2:54,0.0,2026-10-02T01:01:04.695736+02:00
307432916,de:11000:900192001:1:51,0.0,2026-10-02T01:01:04.695736+02:00
307432916,de:11000:900120003:4:57,0.0,2026-10-02T01:01:04.695736+02:00
307432916,de:11000:900160004:2:52,0.0,2026-10-02T01:01:04.695736+02:00
307432916,de:11000:900152001:2:52,0.0,2026-10-02T01:01:04.695736+02:00
307432916,de:12060:900350160:2:53,0.0,2026-10-02T01:01:04.695736+02:00
307432916,de:12060:900350158:1:50,0.0,2026-10-02T01:01:04.695736+02:00
307432916,de:12060:900350137:1:50,0.0,2026-10-02T01:01:04.695736+02:00
307432916,de:12060:900350126:1:50,0.0,2026-10-02T01:01:04.695736+02:00
307432916,de:12060:900350127:2:51,0.0,2026-10-02T01:01:04.695736+02:00
307438025,de:12053:900360000:3:54,0.0,2026-10-02T01:01:04.695736+02:00
307438025,de:12067:900311233:1:50,0.0,2026-10-02T01:01:04.695736+02:00
307438025,de:12067:900311232:1:50,0.0,2026-10-02T01:01:04.695736+02:00
307438025,de:12067:900311620:1:50,0.0,2026-10-02T01:01:04.695736+02:00
307438025,de:12067:900311631:1:50,0.0,2026-10-02T01:01:04.695736+02:00
307438025,de:12067:900311307:1:50,0.0,2026-10-02T01:01:04.695736+02:00
307438025,de:12067:900310601:1:50,0.0,2026-10-02T01:01:04.695736+02:00
307438025,de:12067:900311612:1:51,0.0,2026-10-02T01:01:04.695736+02:00
307438025,de:12067:900311250:2:51,0.0,2026-10-02T01:01:04.695736+02:00
307438025,de:12071:900445593:1:50,0.0,2026-10-02T01:01:04.695736+02:00
307438025,de:12071:900445801:2:51,0.0,2026-10-02T01:01:04.695736+02:00
307438025,de:12071:900445751:2:51,0.0,2026-10-02T01:01:04.695736+02:00
307438025,de:12071:900445750:2:51,0.0,2026-10-02T01:01:04.695736+02:00
307438025,de:12071:900446103:1:50,0.0,2026-10-02T01:01:04.695736+02:00
307438025,de:12071:900446411:1:50,0.0,2026-10-02T01:01:04.695736+02:00
307438025,de:12052:900470307:1:50,0.0,2026-10-02T01:01:04.695736+02:00
307438025,de:12052:900470163:1:50,0.0,2026-10-02T01:01:04.695736+02:00
307438025,de:12052:900470001:1:50,0.0,2026-10-02T01:01:04.695736+02:00
307438025,de:12052:900470000:4:55,0.0,2026-10-02T01:01:04.695736+02:00
307438025,de:12066:900435459:2:51,0.0,2026-10-02T01:01:04.695736+02:00
307438025,de:12062:900415005:2:51,0.0,2026-10-02T01:01:04.695736+02:00
307438025,de:12062:900415112:3:52,0.0,2026-10-02T01:01:04.695736+02:00
307438025,de:12062:900415345:4:55,0.0,2026-10-02T01:01:04.695736+02:00
307438025,de:14730:8011131,0.0,2026-10-02T01:01:04.695736+02:00
307438025,de:14730:8010351,0.0,2026-10-02T01:01:04.695736+02:00
307438025,de:14730:8010095,0.0,2026-10-02T01:01:04.695736+02:00
307438025,de:14730:8013093,0.0,2026-10-02T01:01:04.695736+02:00
307438025,de:14713:8010205,0.0,2026-10-02T01:01:04.695736+02:00
307437961,de:12053:900360000:3:54,0.0,2026-10-02T01:01:04.695736+02:00
307437961,de:12067:900311233:1:50,0.0,2026-10-02T01:01:04.695736+02:00
307437961,de:12067:900311232:1:50,0.0,2026-10-02T01:01:04.695736+02:00
307437961,de:12067:900311620:1:50,0.0,2026-10-02T01:01:04.695736+02:00
307437961,de:12067:900311631:1:50,0.0,2026-10-02T01:01:04.695736+02:00
307437961,de:12067:900311307:1:50,0.0,2026-10-02T01:01:04.695736+02:00
307437961,de:12067:900310601:1:50,0.0,2026-10-02T01:01:04.695736+02:00
307437961,de:12067:900311612:1:51,0.0,2026-10-02T01:01:04.695736+02:00
307437961,de:12067:900311250:2:51,0.0,2026-10-02T01:01:04.695736+02:00
307437961,de:12071:900445593:1:50,0.0,2026-10-02T01:01:04.695736+02:00
307437961,de:12071:900445801:2:51,0.0,2026-10-02T01:01:04.695736+02:00
307437961,de:12071:900445751:2:51,0.0,2026-10-02T01:01:04.695736+02:00
307437961,de:12071:900445750:2:51,0.0,2026-10-02T01:01:04.695736+02:00
307437961,de:12071:900446103:1:50,0.0,2026-10-02T01:01:04.695736+02:00
307437961,de:12071:900446411:1:50,0.0,2026-10-02T01:01:04.695736+02:00
307437961,de:12052:900470307:1:50,0.0,2026-10-02T01:01:04.695736+02:00
307437961,de:12052:900470163:1:50,0.0,2026-10-02T01:01:04.695736+02:00
307437961,de:12052:900470001:1:50,0.0,2026-10-02T01:01:04.695736+02:00
307437961,de:12052:900470000:4:55,0.0,2026-10-02T01:01:04.695736+02:00
307437961,de:12066:900435459:2:51,0.0,2026-10-02T01:01:04.695736+02:00
307437961,de:12062:900415005:2:51,0.0,2026-10-02T01:01:04.695736+02:00
307437961,de:12062:900415112:3:52,0.0,2026-10-02T01:01:04.695736+02:00
307437961,de:12062:900415345:4:55,0.0,2026-10-02T01:01:04.695736+02:00
307437961,de:14730:8011131,0.0,2026-10-02T01:01:04.695736+02:00
307437961,de:14730:8010351,0.0,2026-10-02T01:01:04.695736+02:00
307437961,de:14730:8010095,0.0,2026-10-02T01:01:04.695736+02:00
307437961,de:14730:8013093,0.0,2026-10-02T01:01:04.695736+02:00
307437961,de:14713:8010205,0.0,2026-10-02T01:01:04.695736+02:00
307440061,de:12052:900470000:2:52,0.0,2026-10-02T01:01:04.695736+02:00
307440061,de:12071:900445360:1:50,0.0,2026-10-02T01:01:04.695736+02:00
307440061,de:12066:900435347:1:50,0.0,2026-10-02T01:01:04.695736+02:00
307440061,de:12066:900435001:2:52,0.0,2026-10-02T01:01:04.695736+02:00
307440061,de:12066:900435000:1:50,0.0,2026-10-02T01:01:04.695736+02:00
307440061,de:12066:900435061:2:51,0.0,2026-10-02T01:01:04.695736+02:00
307440061,de:12066:900435801:1:50,0.0,2026-10-02T01:01:04.695736+02:00
307440061,de:14627:5440,0.0,2026-10-02T01:01:04.695736+02:00
307440061,de:14627:5021,0.0,2026-10-02T01:01:04.695736+02:00
307440061,de:14627:5100,0.0,2026-10-02T01:01:04.695736+02:00
307440061,de:14627:4401,0.0,2026-10-02T01:01:04.695736+02:00
307440061,de:14627:4180,0.0,2026-10-02T01:01:04.695736+02:00
307440061,de:14612:16,0.0,2026-10-02T01:01:04.695736+02:00
307435953,de:11000:900053301:3:54,0.0,2026-10-02T01:01:04.695736+02:00
307435953,de:12054:900230001:1:50,0.0,2026-10-02T01:01:04.695736+02:00
307435953,de:12069:900220008:1:50,0.0,2026-10-02T01:01:04.695736+02:00
307435953,de:12069:900220006:1:50,0.0,2026-10-02T01:01:04.695736+02:00
307435953,de:12069:900220003:1:50,0.0,2026-10-02T01:01:04.695736+02:00
307435953,de:12069:900220004:1:50,0.0,2026-10-02T01:01:04.695736+02:00
307435953,de:12069:900220005:1:50,0.0,2026-10-02T01:01:04.695736+02:00
307435953,de:12069:900222030:1:50,0.0,2026-10-02T01:01:04.695736+02:00
295893074,de:12072:900245027:2:52,0.0,2026-10-02T01:01:04.695736+02:00
295893074,de:12072:900245028:1:50,-0.9,2026-10-02T01:01:04.695736+02:00
295893074,de:11000:900074201:1:50,-0.9,2026-10-02T01:01:04.695736+02:00
295893074,de:11000:900074202:2:51,-0.1,2026-10-02T01:01:04.695736+02:00
295893074,de:11000:900072101:2:51,-0.1,2026-10-02T01:01:04.695736+02:00
295893074,de:11000:900073101:1:51,-0.4,2026-10-02T01:01:04.695736+02:00
295893074,de:11000:900068301:1:51,-0.7,2026-10-02T01:01:04.695736+02:00
295893074,de:11000:900058102:2:51,-0.7,2026-10-02T01:01:04.695736+02:00
295893074,de:11000:900058101:1:51,-0.3,2026-10-02T01:01:04.695736+02:00
295893074,de:11000:900058103:1:51,-0.1,2026-10-02T01:01:04.695736+02:00
295893074,de:11000:900012101:2:53,-0.7,2026-10-02T01:01:04.695736+02:00
295893074,de:11000:900100020:4:57,-0.8,2026-10-02T01:01:04.695736+02:00
295893074,de:11000:900100025:1:51,-0.9,2026-10-02T01:01:04.695736+02:00
295893074,de:11000:900100001:4:57,-0.6,2026-10-02T01:01:04.695736+02:00
295893074,de:11000:900100007:1:51,-0.7,2026-10-02T01:01:04.695736+02:00
295893074,de:11000:900007104:2:52,-0.7,2026-10-02T01:01:04.695736+02:00
295893074,de:11000:900008101:1:51,-0.4,2026-10-02T01:01:04.695736+02:00
295893074,de:11000:900007102:2:53,-0.1,2026-10-02T01:01:04.695736+02:00
295893074,de:11000:900110011:2:52,-0.4,2026-10-02T01:01:04.695736+02:00
295893074,de:11000:900130002:1:50,-0.7,2026-10-02T01:01:04.695736+02:00
295893074,de:11000:900130001:1:50,-0.4,2026-10-02T01:01:04.695736+02:00
295893074,de:11000:900142001:1:50,-0.9,2026-10-02T01:01:04.695736+02:00
295893074,de:11000:900143001:1:51,-0.7,2026-10-02T01:01:04.695736+02:00
295893074,de:11000:900135001:1:50,-0.4,2026-10-02T01:01:04.695736+02:00
295893074,de:12060:900350162:1:50,0.0,2026-10-02T01:01:04.695736+02:00
295893074,de:12060:900350163:1:51,-0.4,2026-10-02T01:01:04.695736+02:00
295893074,de:12060:900350161:1:50,-0.7,2026-10-02T01:01:04.695736+02:00
295893074,de:12060:900350160:1:51,-0.4,2026-10-02T01:01:04.695736+02:00
295892954,de:12060:900350160:1:51,0.0,2026-10-02T01:01:04.695736+02:00
295892954,de:12060:900350161:1:50,-0.3,2026-10-02T01:01:04.695736+02:00
295892954,de:12060:900350163:1:50,-0.1,2026-10-02T01:01:04.695736+02:00
295892954,de:12060:900350162:1:50,-0.8,2026-10-02T01:01:04.695736+02:00
295892954,de:11000:900135001:1:50,-0.3,2026-10-02T01:01:04.695736+02:00
295892954,de:11000:900143001:1:51,-0.8,2026-10-02T01:01:04.695736+02:00
295892954,de:11000:900142001:1:51,-0.3,2026-10-02T01:01:04.695736+02:00
295892954,de:11000:900130001:1:51,-0.8,2026-10-02T01:01:04.695736+02:00
295892954,de:11000:900130002:1:51,-0.3,2026-10-02T01:01:04.695736+02:00
295892954,de:11000:900110011:1:51,-0.7,2026-10-02T01:01:04.695736+02:00
295892954,de:11000:900007102:1:50,-0.7,2026-10-02T01:01:04.695736+02:00
295892954,de:11000:900008101:1:50,-0.5,2026-10-02T01:01:04.695736+02:00
295892954,de:11000:900007104:1:51,-0.2,2026-10-02T01:01:04.695736+02:00
295892954,de:11000:900100007:1:50,-0.2,2026-10-02T01:01:04.695736+02:00
295892954,de:11000:900100001:4:56,0.0,2026-10-02T01:01:04.695736+02:00
295892954,de:11000:900100025:1:50,-0.9,2026-10-02T01:01:04.695736+02:00
295892954,de:11000:900100020:3:54,-0.9,2026-10-02T01:01:04.695736+02:00
295892954,de:11000:900012101:1:51,0.0,2026-10-02T01:01:04.695736+02:00
295892954,de:11000:900058103:1:50,-0.8,2026-10-02T01:01:04.695736+02:00
295892954,de:11000:900058101:1:50,-0.4,2026-10-02T01:01:04.695736+02:00
295892954,de:11000:900058102:1:50,-0.4,2026-10-02T01:01:04.695736+02:00
295892954,de:11000:900068301:1:50,-0.7,2026-10-02T01:01:04.695736+02:00
295892954,de:11000:900073101:1:50,-0.9,2026-10-02T01:01:04.695736+02:00
295892954,de:11000:900072101:1:50,-0.2,2026-10-02T01:01:04.695736+02:00
295892954,de:11000:900074202:1:50,-0.2,2026-10-02T01:01:04.695736+02:00
295892954,de:11000:900074201:1:50,-0.4,2026-10-02T01:01:04.695736+02:00
295892954,de:12072:900245028:1:50,-0.9,2026-10-02T01:01:04.695736+02:00
295892954,de:12072:900245027:2:52,-0.9,2026-10-02T01:01:04.695736+02:00
307430309,de:12061:900260009:2:54,0.0,2026-10-02T01:01:04.695736+02:00
307430309,de:11000:900058101:4:57,0.0,2026-10-02T01:01:04.695736+02:00
307430309,de:11000:900100020:2:53,0.0,2026-10-02T01:01:04.695736+02:00
307430309,de:11000:900003200:4:57,0.0,2026-10-02T01:01:04.695736+02:00
307430256,de:11000:900003200:1:50,0.0,2026-10-02T01:01:04.695736+02:00
307430256,de:11000:900100020:1:50,0.0,2026-10-02T01:01:04.695736+02:00
307430256,de:11000:900058101:2:52,0.0,2026-10-02T01:01:04.695736+02:00
307430256,de:12061:900260009:2:54,0.0,2026-10-02T01:01:04.695736+02:00
307430066,de:12061:900260009:2:54,0.0,2026-10-02T01:01:04.695736+02:00
307430066,de:11000:900058101:4:57,0.0,2026-10-02T01:01:04.695736+02:00
307430066,de:11000:900100020:2:53,0.0,2026-10-02T01:01:04.695736+02:00
307430066,de:11000:900003200:3:54,0.0,2026-10-02T01:01:04.695736+02:00
307430295,de:12061:900260009:2:53,0.0,2026-10-02T01:01:04.695736+02:00
307430295,de:11000:900058101:4:57,0.0,2026-10-02T01:01:04.695736+02:00
307430295,de:11000:900100020:2:53,0.0,2026-10-02T01:01:04.695736+02:00
307430295,de:11000:900003200:4:57,0.0,2026-10-02T01:01:04.695736+02:00
295900374,de:12069:900220114:1:51,0.0,2026-10-02T01:01:04.695736+02:00
295900374,de:11000:900064201:1:51,-0.1,2026-10-02T01:01:04.695736+02:00
295900374,de:11000:900064256:1:51,0.0,2026-10-02T01:01:04.695736+02:00
295900374,de:11000:900064301:3:53,-0.3,2026-10-02T01:01:04.695736+02:00
295900374,de:11000:900067221:1:50,-0.3,2026-10-02T01:01:04.695736+02:00
295900374,de:11000:900063452:1:51,-0.4,2026-10-02T01:01:04.695736+02:00
295900374,de:11000:900058102:2:53,-0.5,2026-10-02T01:01:04.695736+02:00
295900374,de:11000:900058101:1:51,-0.3,2026-10-02T01:01:04.695736+02:00
295900374,de:11000:900058103:1:51,0.0,2026-10-02T01:01:04.695736+02:00
295900374,de:11000:900012101:2:53,-0.7,2026-10-02T01:01:04.695736+02:00
295900374,de:11000:900100020:4:57,-0.8,2026-10-02T01:01:04.695736+02:00
295900374,de:11000:900100025:1:51,-0.9,2026-10-02T01:01:04.695736+02:00
295900374,de:11000:900100001:4:57,-0.6,2026-10-02T01:01:04.695736+02:00
295900374,de:11000:900100007:1:51,-0.7,2026-10-02T01:01:04.695736+02:00
295900374,de:11000:900007104:2:52,-0.7,2026-10-02T01:01:04.695736+02:00
295900374,de:11000:900008101:1:51,-0.4,2026-10-02T01:01:04.695736+02:00
295900374,de:11000:900007102:2:53,-0.2,2026-10-02T01:01:04.695736+02:00
295900374,de:11000:900110011:2:53,-0.4,2026-10-02T01:01:04.695736+02:00
295900374,de:11000:900085201:1:50,-0.8,2026-10-02T01:01:04.695736+02:00
295900374,de:11000:900085105:1:50,-0.8,2026-10-02T01:01:04.695736+02:00
295900374,de:11000:900096458:1:50,-0.1,2026-10-02T01:01:04.695736+02:00
295900374,de:11000:900096405:1:50,-0.8,2026-10-02T01:01:04.695736+02:00
295900374,de:11000:900089303:1:50,-0.7,2026-10-02T01:01:04.695736+02:00
295900374,de:11000:900091205:1:50,-0.3,2026-10-02T01:01:04.695736+02:00
295900374,de:11000:900091203:1:50,-0.5,2026-10-02T01:01:04.695736+02:00
295900374,de:12065:900200000:4:54,-0.7,2026-10-02T01:01:04.695736+02:00
295900334,de:12069:900220114:1:51,0.0,2026-10-02T01:01:04.695736+02:00
295900334,de:11000:900064201:1:51,-0.1,2026-10-02T01:01:04.695736+02:00
295900334,de:11000:900064256:1:51,0.0,2026-10-02T01:01:04.695736+02:00
295900334,de:11000:900064301:3:53,-0.3,2026-10-02T01:01:04.695736+02:00
295900334,de:11000:900067221:1:50,-0.3,2026-10-02T01:01:04.695736+02:00
295900334,de:11000:900063452:1:51,-0.4,2026-10-02T01:01:04.695736+02:00
295900334,de:11000:900058102:2:53,-0.5,2026-10-02T01:01:04.695736+02:00
295900334,de:11000:900058101:1:51,-0.3,2026-10-02T01:01:04.695736+02:00
295900334,de:11000:900058103:1:51,0.0,2026-10-02T01:01:04.695736+02:00
295900334,de:11000:900012101:2:53,-0.7,2026-10-02T01:01:04.695736+02:00
295900334,de:11000:900100020:4:57,-0.8,2026-10-02T01:01:04.695736+02:00
295900334,de:11000:900100025:1:51,-0.9,2026-10-02T01:01:04.695736+02:00
295900334,de:11000:900100001:4:57,-0.6,2026-10-02T01:01:04.695736+02:00
295900334,de:11000:900100007:1:51,-0.7,2026-10-02T01:01:04.695736+02:00
295900334,de:11000:900007104:2:52,-0.7,2026-10-02T01:01:04.695736+02:00
295900334,de:11000:900008101:1:51,-0.4,2026-10-02T01:01:04.695736+02:00
295900334,de:11000:900007102:2:53,-0.2,2026-10-02T01:01:04.695736+02:00
295900334,de:11000:900110011:2:53,-0.4,2026-10-02T01:01:04.695736+02:00
295900334,de:11000:900085201:1:50,-0.8,2026-10-02T01:01:04.695736+02:00
295900334,de:11000:900085105:1:50,-0.8,2026-10-02T01:01:04.695736+02:00
295900334,de:11000:900096458:1:50,-0.1,2026-10-02T01:01:04.695736+02:00
295900334,de:11000:900096405:1:50,-0.8,2026-10-02T01:01:04.695736+02:00
295900334,de:11000:900089303:1:50,-0.7,2026-10-02T01:01:04.695736+02:00
295900334,de:11000:900091205:1:50,-0.3,2026-10-02T01:01:04.695736+02:00
295900334,de:11000:900091203:1:50,-0.5,2026-10-02T01:01:04.695736+02:00
295900334,de:12065:900200000:1:55,-0.7,2026-10-02T01:01:04.695736+02:00
295900372,de:12069:900220114:1:51,0.0,2026-10-02T01:01:04.695736+02:00
295900372,de:11000:900064201:1:51,-0.1,2026-10-02T01:01:04.695736+02:00
295900372,de:11000:900064256:1:51,0.0,2026-10-02T01:01:04.695736+02:00
295900372,de:11000:900064301:3:53,-0.3,2026-10-02T01:01:04.695736+02:00
295900372,de:11000:900067221:1:50,-0.3,2026-10-02T01:01:04.695736+02:00
295900372,de:11000:900063452:1:51,-0.4,2026-10-02T01:01:04.695736+02:00
295900372,de:11000:900058102:2:53,-0.5,2026-10-02T01:01:04.695736+02:00
295900372,de:11000:900058101:1:51,-0.3,2026-10-02T01:01:04.695736+02:00
295900372,de:11000:900058103:1:51,0.0,2026-10-02T01:01:04.695736+02:00
295900372,de:11000:900012101:2:53,-0.7,2026-10-02T01:01:04.695736+02:00
295900372,de:11000:900100020:4:57,-0.8,2026-10-02T01:01:04.695736+02:00
295900372,de:11000:900100025:1:51,-0.9,2026-10-02T01:01:04.695736+02:00
295900372,de:11000:900100001:4:57,-0.6,2026-10-02T01:01:04.695736+02:00
295900372,de:11000:900100007:1:51,-0.7,2026-10-02T01:01:04.695736+02:00
295900372,de:11000:900007104:2:52,-0.7,2026-10-02T01:01:04.695736+02:00
295900372,de:11000:900008101:1:51,-0.4,2026-10-02T01:01:04.695736+02:00
295900372,de:11000:900007102:2:53,-0.2,2026-10-02T01:01:04.695736+02:00
295900372,de:11000:900110011:2:53,-0.4,2026-10-02T01:01:04.695736+02:00
295900372,de:11000:900085201:1:50,-0.8,2026-10-02T01:01:04.695736+02:00
295900372,de:11000:900085105:1:50,-0.8,2026-10-02T01:01:04.695736+02:00
295900372,de:11000:900096458:1:50,-0.1,2026-10-02T01:01:04.695736+02:00
295900372,de:11000:900096405:1:50,-0.8,2026-10-02T01:01:04.695736+02:00
295900372,de:11000:900089303:1:50,-0.7,2026-10-02T01:01:04.695736+02:00
295900372,de:11000:900091205:1:50,-0.3,2026-10-02T01:01:04.695736+02:00
295900372,de:11000:900091203:1:50,-0.5,2026-10-02T01:01:04.695736+02:00
295900372,de:12065:900200000:4:54,-0.7,2026-10-02T01:01:04.695736+02:00
295896135,de:11000:900135001:1:50,0.0,2026-10-02T01:01:04.695736+02:00
295896135,de:11000:900143001:1:51,-0.8,2026-10-02T01:01:04.695736+02:00
295896135,de:11000:900142001:1:51,-0.3,2026-10-02T01:01:04.695736+02:00
295896135,de:11000:900130001:1:51,-0.8,2026-10-02T01:01:04.695736+02:00
295896135,de:11000:900130002:1:51,-0.3,2026-10-02T01:01:04.695736+02:00
295896135,de:11000:900110011:1:51,-0.7,2026-10-02T01:01:04.695736+02:00
295896135,de:11000:900007102:1:50,-0.7,2026-10-02T01:01:04.695736+02:00
295896135,de:11000:900008101:1:50,-0.5,2026-10-02T01:01:04.695736+02:00
295896135,de:11000:900007104:1:51,-0.2,2026-10-02T01:01:04.695736+02:00
295896135,de:11000:900100007:1:50,-0.2,2026-10-02T01:01:04.695736+02:00
295896135,de:11000:900100001:4:56,0.0,2026-10-02T01:01:04.695736+02:00
295896135,de:11000:900100025:1:50,-0.9,2026-10-02T01:01:04.695736+02:00
295896135,de:11000:900100020:3:54,-0.9,2026-10-02T01:01:04.695736+02:00
295896135,de:11000:900012101:1:51,0.0,2026-10-02T01:01:04.695736+02:00
295896135,de:11000:900058103:1:50,-0.8,2026-10-02T01:01:04.695736+02:00
295896135,de:11000:900058101:1:50,-0.4,2026-10-02T01:01:04.695736+02:00
295896135,de:11000:900058102:1:50,-0.4,2026-10-02T01:01:04.695736+02:00
295896135,de:11000:900068301:1:50,-0.7,2026-10-02T01:01:04.695736+02:00
295896135,de:11000:900073101:1:50,-0.9,2026-10-02T01:01:04.695736+02:00
295896135,de:11000:900072101:1:50,-0.2,2026-10-02T01:01:04.695736+02:00
295896135,de:11000:900074202:1:50,-0.2,2026-10-02T01:01:04.695736+02:00
295896135,de:11000:900074201:1:50,-0.4,2026-10-02T01:01:04.695736+02:00
295896080,de:11000:900135001:1:50,0.0,2026-10-02T01:01:04.695736+02:00
295896080,de:11000:900143001:1:51,-0.8,2026-10-02T01:01:04.695736+02:00
295896080,de:11000:900142001:1:51,-0.3,2026-10-02T01:01:04.695736+02:00
295896080,de:11000:900130001:1:51,-0.8,2026-10-02T01:01:04.695736+02:00
295896080,de:11000:900130002:1:51,-0.3,2026-10-02T01:01:04.695736+02:00
295896080,de:11000:900110011:1:51,-0.7,2026-10-02T01:01:04.695736+02:00
295896080,de:11000:900007102:1:50,-0.7,2026-10-02T01:01:04.695736+02:00
295896080,de:11000:900008101:1:50,-0.5,2026-10-02T01:01:04.695736+02:00
295896080,de:11000:900007104:1:51,-0.2,2026-10-02T01:01:04.695736+02:00
295896080,de:11000:900100007:1:50,-0.2,2026-10-02T01:01:04.695736+02:00
295896080,de:11000:900100001:4:56,0.0,2026-10-02T01:01:04.695736+02:00
295896080,de:11000:900100025:1:50,-0.9,2026-10-02T01:01:04.695736+02:00
295896080,de:11000:900100020:3:54,-0.9,2026-10-02T01:01:04.695736+02:00
295896080,de:11000:900012101:1:51,0.0,2026-10-02T01:01:04.695736+02:00
295896080,de:11000:900058103:1:50,-0.8,2026-10-02T01:01:04.695736+02:00
295896080,de:11000:900058101:1:50,-0.4,2026-10-02T01:01:04.695736+02:00
295896080,de:11000:900058102:1:50,-0.4,2026-10-02T01:01:04.695736+02:00
295896080,de:11000:900068301:1:50,-0.7,2026-10-02T01:01:04.695736+02:00
295896080,de:11000:900073101:1:50,-0.9,2026-10-02T01:01:04.695736+02:00
295896080,de:11000:900072101:1:50,-0.2,2026-10-02T01:01:04.695736+02:00
295896080,de:11000:900074202:1:50,-0.2,2026-10-02T01:01:04.695736+02:00
295896080,de:11000:900074201:1:50,-0.4,2026-10-02T01:01:04.695736+02:00
307261754,de:11000:900074201:1:50,0.0,2026-10-02T01:01:04.695736+02:00
307261754,de:11000:900074202:2:51,-0.1,2026-10-02T01:01:04.695736+02:00
307261754,de:11000:900072101:2:51,-0.1,2026-10-02T01:01:04.695736+02:00
307261754,de:11000:900073101:1:51,-0.4,2026-10-02T01:01:04.695736+02:00
307261754,de:11000:900068301:1:51,-0.7,2026-10-02T01:01:04.695736+02:00
307261754,de:11000:900058102:2:51,-0.7,2026-10-02T01:01:04.695736+02:00
307261754,de:11000:900058101:1:51,-0.3,2026-10-02T01:01:04.695736+02:00
307261754,de:11000:900058103:1:51,-0.1,2026-10-02T01:01:04.695736+02:00
307261754,de:11000:900012101:2:53,-0.7,2026-10-02T01:01:04.695736+02:00
307261754,de:11000:900100020:4:57,-0.8,2026-10-02T01:01:04.695736+02:00
307261754,de:11000:900100025:1:51,-0.9,2026-10-02T01:01:04.695736+02:00
307261754,de:11000:900100001:4:57,-0.6,2026-10-02T01:01:04.695736+02:00
307261754,de:11000:900100007:1:51,-0.7,2026-10-02T01:01:04.695736+02:00
307261754,de:11000:900007104:2:52,-0.7,2026-10-02T01:01:04.695736+02:00
307261754,de:11000:900008101:1:51,-0.4,2026-10-02T01:01:04.695736+02:00
307261754,de:11000:900007102:2:53,-0.1,2026-10-02T01:01:04.695736+02:00
307261754,de:11000:900110011:2:52,-0.4,2026-10-02T01:01:04.695736+02:00
307261754,de:11000:900130002:1:50,-0.7,2026-10-02T01:01:04.695736+02:00
307261754,de:11000:900130001:1:50,-0.4,2026-10-02T01:01:04.695736+02:00
307261754,de:11000:900142001:1:50,-0.9,2026-10-02T01:01:04.695736+02:00
307261754,de:11000:900143001:1:51,-0.2,2026-10-02T01:01:04.695736+02:00
295903140,de:12069:900220114:1:50,0.0,2026-10-02T01:01:04.695736+02:00
295903140,de:11000:900064201:1:51,-0.1,2026-10-02T01:01:04.695736+02:00
295903140,de:11000:900064256:1:51,0.0,2026-10-02T01:01:04.695736+02:00
295903140,de:11000:900064301:3:53,-0.3,2026-10-02T01:01:04.695736+02:00
295903140,de:11000:900067221:1:50,-0.3,2026-10-02T01:01:04.695736+02:00
295903140,de:11000:900063452:1:51,-0.4,2026-10-02T01:01:04.695736+02:00
295903140,de:11000:900058102:2:53,-0.5,2026-10-02T01:01:04.695736+02:00
295903140,de:11000:900058101:1:51,-0.3,2026-10-02T01:01:04.695736+02:00
295903140,de:11000:900058103:1:51,0.0,2026-10-02T01:01:04.695736+02:00
295903140,de:11000:900012101:2:53,-0.7,2026-10-02T01:01:04.695736+02:00
295903140,de:11000:900100020:4:57,-0.8,2026-10-02T01:01:04.695736+02:00
295903140,de:11000:900100025:1:51,-0.9,2026-10-02T01:01:04.695736+02:00
295903140,de:11000:900100001:4:57,-0.6,2026-10-02T01:01:04.695736+02:00
295903140,de:11000:900100007:1:51,-0.7,2026-10-02T01:01:04.695736+02:00
295903140,de:11000:900007104:2:52,-0.7,2026-10-02T01:01:04.695736+02:00
295903140,de:11000:900008101:1:51,-0.4,2026-10-02T01:01:04.695736+02:00
295903140,de:11000:900007102:2:53,-0.2,2026-10-02T01:01:04.695736+02:00
295903140,de:11000:900110011:2:52,-0.4,2026-10-02T01:01:04.695736+02:00
295903140,de:11000:900130002:1:50,0.0,2026-10-02T01:01:04.695736+02:00
295903140,de:11000:900130001:1:50,-0.7,2026-10-02T01:01:04.695736+02:00
295903140,de:11000:900142001:1:50,-0.2,2026-10-02T01:01:04.695736+02:00
295903136,de:12069:900220114:1:50,0.0,2026-10-02T01:01:04.695736+02:00
295903136,de:11000:900064201:1:51,-0.1,2026-10-02T01:01:04.695736+02:00
295903136,de:11000:900064256:1:51,0.0,2026-10-02T01:01:04.695736+02:00
295903136,de:11000:900064301:3:53,-0.3,2026-10-02T01:01:04.695736+02:00
295903136,de:11000:900067221:1:50,-0.3,2026-10-02T01:01:04.695736+02:00
295903136,de:11000:900063452:1:51,-0.4,2026-10-02T01:01:04.695736+02:00
295903136,de:11000:900058102:2:53,-0.5,2026-10-02T01:01:04.695736+02:00
295903136,de:11000:900058101:1:51,-0.3,2026-10-02T01:01:04.695736+02:00
295903136,de:11000:900058103:1:51,0.0,2026-10-02T01:01:04.695736+02:00
295903136,de:11000:900012101:2:53,-0.7,2026-10-02T01:01:04.695736+02:00
295903136,de:11000:900100020:4:57,-0.8,2026-10-02T01:01:04.695736+02:00
295903136,de:11000:900100025:1:51,-0.9,2026-10-02T01:01:04.695736+02:00
295903136,de:11000:900100001:4:57,-0.6,2026-10-02T01:01:04.695736+02:00
295903136,de:11000:900100007:1:51,-0.7,2026-10-02T01:01:04.695736+02:00
295903136,de:11000:900007104:2:52,-0.7,2026-10-02T01:01:04.695736+02:00
295903136,de:11000:900008101:1:51,-0.4,2026-10-02T01:01:04.695736+02:00
295903136,de:11000:900007102:2:53,-0.2,2026-10-02T01:01:04.695736+02:00
295903136,de:11000:900110011:2:52,-0.4,2026-10-02T01:01:04.695736+02:00
295903136,de:11000:900130002:1:50,0.0,2026-10-02T01:01:04.695736+02:00
295903136,de:11000:900130001:1:50,-0.7,2026-10-02T01:01:04.695736+02:00
295903136,de:11000:900142001:1:50,-0.2,2026-10-02T01:01:04.695736+02:00
295902987,de:11000:900130002:1:51,0.0,2026-10-02T01:01:04.695736+02:00
295902987,de:11000:900110011:1:51,-0.7,2026-10-02T01:01:04.695736+02:00
295902987,de:11000:900007102:1:50,-0.7,2026-10-02T01:01:04.695736+02:00
295902987,de:11000:900008101:1:50,-0.4,2026-10-02T01:01:04.695736+02:00
295902987,de:11000:900007104:1:51,-0.2,2026-10-02T01:01:04.695736+02:00
295902987,de:11000:900100007:1:50,-0.2,2026-10-02T01:01:04.695736+02:00
295902987,de:11000:900100001:4:56,0.0,2026-10-02T01:01:04.695736+02:00
295902987,de:11000:900100025:1:50,-0.9,2026-10-02T01:01:04.695736+02:00
295902987,de:11000:900100020:3:54,-0.9,2026-10-02T01:01:04.695736+02:00
295902987,de:11000:900012101:1:51,0.0,2026-10-02T01:01:04.695736+02:00
295902987,de:11000:900058103:1:50,-0.7,2026-10-02T01:01:04.695736+02:00
295902987,de:11000:900058101:1:50,-0.3,2026-10-02T01:01:04.695736+02:00
295902987,de:11000:900058102:1:52,0.0,2026-10-02T01:01:04.695736+02:00
295902987,de:11000:900063452:1:50,-0.1,2026-10-02T01:01:04.695736+02:00
295902987,de:11000:900067221:1:50,-0.2,2026-10-02T01:01:04.695736+02:00
295902987,de:11000:900064301:3:52,-0.2,2026-10-02T01:01:04.695736+02:00
295902987,de:11000:900064256:1:50,-0.7,2026-10-02T01:01:04.695736+02:00
295902987,de:11000:900064201:1:50,-0.6,2026-10-02T01:01:04.695736+02:00
295902987,de:12069:900220114:1:50,-0.9,2026-10-02T01:01:04.695736+02:00
306897165,de:12067:900311308::5,0.0,2026-10-02T01:01:04.695736+02:00
306897165,de:12067:900311380::1,0.0,2026-10-02T01:01:04.695736+02:00
306897165,de:12067:900311348::1,0.0,2026-10-02T01:01:04.695736+02:00
306897165,de:12067:900311315::1,0.0,2026-10-02T01:01:04.695736+02:00
306897165,de:12067:900311383::1,0.0,2026-10-02T01:01:04.695736+02:00
306897165,de:12067:900311305::1,0.0,2026-10-02T01:01:04.695736+02:00
306897165,de:12067:900311320::1,0.0,2026-10-02T01:01:04.695736+02:00
306897165,de:12067:900311354::2,0.0,2026-10-02T01:01:04.695736+02:00
306897165,de:12067:900311352::2,0.0,2026-10-02T01:01:04.695736+02:00
306897165,de:12067:900311365::1,0.0,2026-10-02T01:01:04.695736+02:00
306897165,de:12067:900311374::1,0.0,2026-10-02T01:01:04.695736+02:00
306897165,de:12067:900311364::1,0.0,2026-10-02T01:01:04.695736+02:00
306897165,de:12067:900311460::1,0.0,2026-10-02T01:01:04.695736+02:00
306897165,de:12067:900310601::1,0.0,2026-10-02T01:01:04.695736+02:00
306897165,de:12067:900311511::1,0.0,2026-10-02T01:01:04.695736+02:00
306897165,de:12067:900311513::2,0.0,2026-10-02T01:01:04.695736+02:00
306897165,de:12067:900311513::1,0.0,2026-10-02T01:01:04.695736+02:00
306897165,de:12067:900311510::1,0.0,2026-10-02T01:01:04.695736+02:00
306897165,de:12067:900311512::1,0.0,2026-10-02T01:01:04.695736+02:00
306897165,de:12067:900311520::1,0.0,2026-10-02T01:01:04.695736+02:00
306897165,de:12067:900311221::3,0.0,2026-10-02T01:01:04.695736+02:00
306897165,de:12067:900311419::1,0.0,2026-10-02T01:01:04.695736+02:00
306897165,de:12067:900311225::1,0.0,2026-10-02T01:01:04.695736+02:00
306897165,de:12067:900311224::1,0.0,2026-10-02T01:01:04.695736+02:00
306897165,de:12067:900311565::1,0.0,2026-10-02T01:01:04.695736+02:00
307443281,de:12073:900341110:1:50,0.0,2026-10-02T01:01:04.695736+02:00
307443281,de:12073:900341111:1:50,0.0,2026-10-02T01:01:04.695736+02:00
307443281,de:12073:900340003:1:50,0.0,2026-10-02T01:01:04.695736+02:00
307443281,000300570037,0.0,2026-10-02T01:01:04.695736+02:00
307443281,de:12060:900350125:2:51,0.0,2026-10-02T01:01:04.695736+02:00
307443281,de:12060:900350124:2:51,0.0,2026-10-02T01:01:04.695736+02:00
307443281,de:12060:900350127:3:53,0.0,2026-10-02T01:01:04.695736+02:00
307443281,de:12060:900350160:2:52,0.0,2026-10-02T01:01:04.695736+02:00
307443281,de:11000:900007102:4:57,0.0,2026-10-02T01:01:04.695736+02:00
307443281,de:11000:900003200:1:51,0.0,2026-10-02T01:01:04.695736+02:00
307443281,de:11000:900100020:1:50,0.0,2026-10-02T01:01:04.695736+02:00
307443281,de:11000:900058101:2:53,0.0,2026-10-02T01:01:04.695736+02:00
307443281,de:11000:900064301:1:50,0.0,2026-10-02T01:01:04.695736+02:00
307443281,de:12069:900220001:1:50,0.0,2026-10-02T01:01:04.695736+02:00
307443281,de:12072:900245032:1:50,0.0,2026-10-02T01:01:04.695736+02:00
307443281,de:12072:900245030:1:50,0.0,2026-10-02T01:01:04.695736+02:00
307443281,de:12072:900245029:1:51,0.0,2026-10-02T01:01:04.695736+02:00
307443281,de:12072:900245014:1:50,0.0,2026-10-02T01:01:04.695736+02:00
307443281,de:12072:900245016:1:50,0.0,2026-10-02T01:01:04.695736+02:00
307443281,de:12072:900245002:2:51,0.0,2026-10-02T01:01:04.695736+02:00
307443281,de:12072:900245017:1:50,0.0,2026-10-02T01:01:04.695736+02:00
307443281,de:12072:900245018:2:51,0.0,2026-10-02T01:01:04.695736+02:00
307443281,de:15091:8013371,0.0,2026-10-02T01:01:04.695736+02:00
307443281,de:15091:8011290,0.0,2026-10-02T01:01:04.695736+02:00
307443281,de:15091:8013418,0.0,2026-10-02T01:01:04.695736+02:00
307443281,de:15091:8010222,0.0,2026-10-02T01:01:04.695736+02:00
295910961,de:11000:900120005:4:56,0.0,2026-10-02T01:01:04.695736+02:00
295910961,de:11000:900120004:1:50,-0.9,2026-10-02T01:01:04.695736+02:00
295910961,de:11000:900120003:2:53,-0.1,2026-10-02T01:01:04.695736+02:00
295910961,de:11000:900160001:1:51,-0.9,2026-10-02T01:01:04.695736+02:00
295910961,de:11000:900160002:1:50,-0.2,2026-10-02T01:01:04.695736+02:00
295910961,de:11000:900162001:1:51,-0.3,2026-10-02T01:01:04.695736+02:00
295911025,de:11000:900162001:1:50,0.0,2026-10-02T01:01:04.695736+02:00
295911025,de:11000:900160002:1:50,-0.7,2026-10-02T01:01:04.695736+02:00
295911025,de:11000:900160001:1:50,0.0,2026-10-02T01:01:04.695736+02:00
295911025,de:11000:900120003:3:55,-0.7,2026-10-02T01:01:04.695736+02:00
295911025,de:11000:900120004:2:53,0.0,2026-10-02T01:01:04.695736+02:00
295911025,de:11000:900120005:4:56,-0.2,2026-10-02T01:01:04.695736+02:00
306895783,de:12067:900310807::1,0.0,2026-10-02T01:01:04.695736+02:00
306895783,de:12067:900310815::2,0.0,2026-10-02T01:01:04.695736+02:00
306895783,de:12067:900310880::2,0.0,2026-10-02T01:01:04.695736+02:00
306895783,de:12067:900310010::1,0.0,2026-10-02T01:01:04.695736+02:00
306895783,de:12067:900310879::2,0.0,2026-10-02T01:01:04.695736+02:00
306895783,de:12067:900310800::2,0.0,2026-10-02T01:01:04.695736+02:00
306895783,de:12067:900310771::2,0.0,2026-10-02T01:01:04.695736+02:00
306895783,de:12067:900310822::2,0.0,2026-10-02T01:01:04.695736+02:00
306895783,de:12067:900310781::2,0.0,2026-10-02T01:01:04.695736+02:00
306895783,de:12067:900310627::2,-0.5,2026-10-02T01:01:04.695736+02:00
306895783,de:12067:900310816::2,0.0,2026-10-02T01:01:04.695736+02:00
306895783,de:12067:900310022::1,0.0,2026-10-02T01:01:04.695736+02:00
306895783,de:12067:900310001::11,0.0,2026-10-02T01:01:04.695736+02:00
306895783,de:12067:900310001::5,0.0,2026-10-02T01:01:04.695736+02:00
306895783,de:12067:900311149::1,0.0,2026-10-02T01:01:04.695736+02:00
306895783,de:12067:900310835::1,0.0,2026-10-02T01:01:04.695736+02:00
306895783,de:12067:900310825::1,0.0,2026-10-02T01:01:04.695736+02:00
306895783,de:12067:900310805::1,0.0,2026-10-02T01:01:04.695736+02:00
307275166,de:11000:900024101:3:55,0.0,2026-10-02T01:01:04.695736+02:00
307275166,de:11000:900024203:1:51,-0.3,2026-10-02T01:01:04.695736+02:00
307275166,de:11000:900023201:3:54,-0.2,2026-10-02T01:01:04.695736+02:00
307275166,de:11000:900003103:1:50,-0.3,2026-10-02T01:01:04.695736+02:00
307275166,de:11000:900003102:1:50,-0.4,2026-10-02T01:01:04.695736+02:00
307275166,de:11000:900003201:3:54,0.0,2026-10-02T01:01:04.695736+02:00
307275166,de:11000:900100001:3:54,-0.6,2026-10-02T01:01:04.695736+02:00
307275166,de:11000:900100002:1:50,-0.9,2026-10-02T01:01:04.695736+02:00
307275166,de:11000:900100003:2:52,-0.6,2026-10-02T01:01:04.695736+02:00
307275166,de:11000:900100004:1:50,-0.9,2026-10-02T01:01:04.695736+02:00
307275166,de:11000:900120005:4:56,-0.1,2026-10-02T01:01:04.695736+02:00
307275166,de:11000:900120004:1:51,-0.1,2026-10-02T01:01:04.695736+02:00
307275166,de:11000:900120003:2:53,-0.4,2026-10-02T01:01:04.695736+02:00
307275166,de:11000:900160001:1:51,-0.4,2026-10-02T01:01:04.695736+02:00
307275166,de:11000:900160002:1:50,-0.7,2026-10-02T01:01:04.695736+02:00
307275166,de:11000:900162001:1:51,-0.3,2026-10-02T01:01:04.695736+02:00
307275166,de:11000:900180002:1:51,-0.3,2026-10-02T01:01:04.695736+02:00
307275166,de:11000:900180001:1:50,-0.7,2026-10-02T01:01:04.695736+02:00
307275166,de:11000:900182001:1:51,-0.2,2026-10-02T01:01:04.695736+02:00
307275166,de:11000:900182002:1:51,-0.4,2026-10-02T01:01:04.695736+02:00
307440553,de:12065:900200000:1:50,0.0,2026-10-02T01:01:04.695736+02:00
307440553,de:12065:900200004:1:50,0.0,2026-10-02T01:01:04.695736+02:00
307440553,de:12065:900203452:1:50,0.0,2026-10-02T01:01:04.695736+02:00
307440553,de:12065:900203491:1:50,0.0,2026-10-02T01:01:04.695736+02:00
307440553,de:12068:900205005:2:51,0.0,2026-10-02T01:01:04.695736+02:00
307440553,de:12068:900205006:2:51,0.0,2026-10-02T01:01:04.695736+02:00
307440553,de:12068:900205023:1:50,0.0,2026-10-02T01:01:04.695736+02:00
307440553,de:12068:900205022:1:50,0.0,2026-10-02T01:01:04.695736+02:00
307440553,de:12068:900205092:1:50,0.0,2026-10-02T01:01:04.695736+02:00
307440553,de:12068:900205090:1:50,0.0,2026-10-02T01:01:04.695736+02:00
307440553,de:12068:900205617:1:50,0.0,2026-10-02T01:01:04.695736+02:00
307440553,de:12068:900205130:1:50,0.0,2026-10-02T01:01:04.695736+02:00
307440553,de:12068:900205322:1:50,0.0,2026-10-02T01:01:04.695736+02:00
307440553,de:12070:900215723:1:50,0.0,2026-10-02T01:01:04.695736+02:00
307440553,de:12070:900215350:2:51,0.0,2026-10-02T01:01:04.695736+02:00
307440553,de:12070:900215696:1:50,0.0,2026-10-02T01:01:04.695736+02:00
307440553,de:12070:900216013:1:50,0.0,2026-10-02T01:01:04.695736+02:00
307440553,de:12070:900216026:3:53,0.0,2026-10-02T01:01:04.695736+02:00
307440601,de:12065:900200000:1:50,0.0,2026-10-02T01:01:04.695736+02:00
307440601,de:12065:900200004:1:50,0.0,2026-10-02T01:01:04.695736+02:00
307440601,de:12065:900203452:1:50,0.0,2026-10-02T01:01:04.695736+02:00
307440601,de:12065:900203491:1:50,0.0,2026-10-02T01:01:04.695736+02:00
307440601,de:12068:900205512:1:50,0.0,2026-10-02T01:01:04.695736+02:00
307440601,de:12068:900205005:2:51,0.0,2026-10-02T01:01:04.695736+02:00
307440601,de:12068:900205006:2:51,0.0,2026-10-02T01:01:04.695736+02:00
307440601,de:12068:900205617:1:50,0.0,2026-10-02T01:01:04.695736+02:00
307440601,de:12068:900205130:1:50,0.0,2026-10-02T01:01:04.695736+02:00
307440601,de:12068:900205322:1:50,0.0,2026-10-02T01:01:04.695736+02:00
307440601,de:12070:900215723:1:50,0.0,2026-10-02T01:01:04.695736+02:00
307440601,de:12070:900215350:2:51,0.0,2026-10-02T01:01:04.695736+02:00
307440601,de:12070:900215696:1:50,0.0,2026-10-02T01:01:04.695736+02:00
307440601,de:12070:900216013:1:50,0.0,2026-10-02T01:01:04.695736+02:00
307440601,de:12070:900216026:3:53,0.0,2026-10-02T01:01:04.695736+02:00
295910135,de:11000:900024101:3:55,0.0,2026-10-02T01:01:04.695736+02:00
295910135,de:11000:900024203:1:51,-0.3,2026-10-02T01:01:04.695736+02:00
295910135,de:11000:900023201:3:54,-0.2,2026-10-02T01:01:04.695736+02:00
295910135,de:11000:900003103:1:50,-0.3,2026-10-02T01:01:04.695736+02:00
295910135,de:11000:900003102:1:50,-0.4,2026-10-02T01:01:04.695736+02:00
295910135,de:11000:900003201:3:54,0.0,2026-10-02T01:01:04.695736+02:00
295910135,de:11000:900100001:3:54,-0.6,2026-10-02T01:01:04.695736+02:00
295910135,de:11000:900100002:1:50,-0.9,2026-10-02T01:01:04.695736+02:00
295910135,de:11000:900100003:2:52,-0.6,2026-10-02T01:01:04.695736+02:00
295910135,de:11000:900100004:1:50,-0.9,2026-10-02T01:01:04.695736+02:00
295910135,de:11000:900120005:4:55,-0.1,2026-10-02T01:01:04.695736+02:00
295910135,de:11000:900120004:1:50,-0.1,2026-10-02T01:01:04.695736+02:00
295910135,de:11000:900120003:2:53,-0.4,2026-10-02T01:01:04.695736+02:00
295910135,de:11000:900160001:1:51,-0.4,2026-10-02T01:01:04.695736+02:00
295910135,de:11000:900160002:1:50,-0.7,2026-10-02T01:01:04.695736+02:00
295910135,de:11000:900162001:1:51,-0.3,2026-10-02T01:01:04.695736+02:00
295910135,de:11000:900180002:1:51,-0.3,2026-10-02T01:01:04.695736+02:00
295910135,de:11000:900180001:1:50,-0.7,2026-10-02T01:01:04.695736+02:00
295910135,de:11000:900182001:1:51,-0.2,2026-10-02T01:01:04.695736+02:00
295910135,de:11000:900182002:1:51,-0.4,2026-10-02T01:01:04.695736+02:00
295910135,de:11000:900183001:1:51,0.0,2026-10-02T01:01:04.695736+02:00
295910135,de:11000:900183002:1:51,-0.3,2026-10-02T01:01:04.695736+02:00
295910135,de:12067:900310004:3:53,-0.5,2026-10-02T01:01:04.695736+02:00
295910134,de:11000:900024101:3:55,0.0,2026-10-02T01:01:04.695736+02:00
295910134,de:11000:900024203:1:51,-0.3,2026-10-02T01:01:04.695736+02:00
295910134,de:11000:900023201:3:54,-0.2,2026-10-02T01:01:04.695736+02:00
295910134,de:11000:900003103:1:50,-0.3,2026-10-02T01:01:04.695736+02:00
295910134,de:11000:900003102:1:50,-0.4,2026-10-02T01:01:04.695736+02:00
295910134,de:11000:900003201:3:54,0.0,2026-10-02T01:01:04.695736+02:00
295910134,de:11000:900100001:3:54,-0.6,2026-10-02T01:01:04.695736+02:00
295910134,de:11000:900100002:1:50,-0.9,2026-10-02T01:01:04.695736+02:00
295910134,de:11000:900100003:2:52,-0.6,2026-10-02T01:01:04.695736+02:00
295910134,de:11000:900100004:1:50,-0.9,2026-10-02T01:01:04.695736+02:00
295910134,de:11000:900120005:4:55,-0.1,2026-10-02T01:01:04.695736+02:00
295910134,de:11000:900120004:1:50,-0.1,2026-10-02T01:01:04.695736+02:00
295910134,de:11000:900120003:2:53,-0.4,2026-10-02T01:01:04.695736+02:00
295910134,de:11000:900160001:1:51,-0.4,2026-10-02T01:01:04.695736+02:00
295910134,de:11000:900160002:1:50,-0.7,2026-10-02T01:01:04.695736+02:00
295910134,de:11000:900162001:1:51,-0.3,2026-10-02T01:01:04.695736+02:00
295910134,de:11000:900180002:1:51,-0.3,2026-10-02T01:01:04.695736+02:00
295910134,de:11000:900180001:1:50,-0.7,2026-10-02T01:01:04.695736+02:00
295910134,de:11000:900182001:1:51,-0.2,2026-10-02T01:01:04.695736+02:00
295910134,de:11000:900182002:1:51,-0.4,2026-10-02T01:01:04.695736+02:00
295910134,de:11000:900183001:1:51,0.0,2026-10-02T01:01:04.695736+02:00
295910134,de:11000:900183002:1:51,-0.3,2026-10-02T01:01:04.695736+02:00
295910134,de:12067:900310004:3:53,-0.5,2026-10-02T01:01:04.695736+02:00
295910131,de:11000:900024101:3:55,0.0,2026-10-02T01:01:04.695736+02:00
295910131,de:11000:900024203:1:51,-0.3,2026-10-02T01:01:04.695736+02:00
295910131,de:11000:900023201:3:54,-0.2,2026-10-02T01:01:04.695736+02:00
295910131,de:11000:900003103:1:50,-0.3,2026-10-02T01:01:04.695736+02:00
295910131,de:11000:900003102:1:50,-0.4,2026-10-02T01:01:04.695736+02:00
295910131,de:11000:900003201:3:54,0.0,2026-10-02T01:01:04.695736+02:00
295910131,de:11000:900100001:3:54,-0.6,2026-10-02T01:01:04.695736+02:00
295910131,de:11000:900100002:1:50,-0.9,2026-10-02T01:01:04.695736+02:00
295910131,de:11000:900100003:2:52,-0.6,2026-10-02T01:01:04.695736+02:00
295910131,de:11000:900100004:1:50,-0.9,2026-10-02T01:01:04.695736+02:00
295910131,de:11000:900120005:4:55,-0.1,2026-10-02T01:01:04.695736+02:00
295910131,de:11000:900120004:1:50,-0.1,2026-10-02T01:01:04.695736+02:00
295910131,de:11000:900120003:2:53,-0.4,2026-10-02T01:01:04.695736+02:00
295910131,de:11000:900160001:1:51,-0.4,2026-10-02T01:01:04.695736+02:00
295910131,de:11000:900160002:1:50,-0.7,2026-10-02T01:01:04.695736+02:00
295910131,de:11000:900162001:1:51,-0.3,2026-10-02T01:01:04.695736+02:00
295910131,de:11000:900180002:1:51,-0.3,2026-10-02T01:01:04.695736+02:00
295910131,de:11000:900180001:1:50,-0.7,2026-10-02T01:01:04.695736+02:00
295910131,de:11000:900182001:1:51,-0.2,2026-10-02T01:01:04.695736+02:00
295910131,de:11000:900182002:1:51,-0.4,2026-10-02T01:01:04.695736+02:00
295910131,de:11000:900183001:1:51,0.0,2026-10-02T01:01:04.695736+02:00
295910131,de:11000:900183002:1:51,-0.3,2026-10-02T01:01:04.695736+02:00
295910131,de:12067:900310004:3:53,-0.5,2026-10-02T01:01:04.695736+02:00
295910347,de:12067:900310004:3:53,0.0,2026-10-02T01:01:04.695736+02:00
295910347,de:11000:900183002:1:50,-0.1,2026-10-02T01:01:04.695736+02:00
295910347,de:11000:900183001:1:50,-0.4,2026-10-02T01:01:04.695736+02:00
295910347,de:11000:900182002:1:50,0.0,2026-10-02T01:01:04.695736+02:00
295910347,de:11000:900182001:1:50,-0.2,2026-10-02T01:01:04.695736+02:00
295910347,de:11000:900180001:1:50,-0.7,2026-10-02T01:01:04.695736+02:00
295910347,de:11000:900180002:1:50,-0.7,2026-10-02T01:01:04.695736+02:00
295910347,de:11000:900162001:1:50,-0.9,2026-10-02T01:01:04.695736+02:00
295910347,de:11000:900160002:1:50,0.0,2026-10-02T01:01:04.695736+02:00
295910347,de:11000:900160001:1:50,-0.3,2026-10-02T01:01:04.695736+02:00
295910347,de:11000:900120003:3:55,-0.1,2026-10-02T01:01:04.695736+02:00
295910347,de:11000:900120004:2:53,-0.6,2026-10-02T01:01:04.695736+02:00
295910347,de:11000:900120005:5:58,-0.9,2026-10-02T01:01:04.695736+02:00
295910347,de:11000:900100004:1:51,-0.9,2026-10-02T01:01:04.695736+02:00
295910347,de:11000:900100003:2:53,-0.9,2026-10-02T01:01:04.695736+02:00
295910347,de:11000:900100002:1:51,-0.9,2026-10-02T01:01:04.695736+02:00
295910347,de:11000:900100001:3:55,-0.9,2026-10-02T01:01:04.695736+02:00
295910347,de:11000:900003201:3:55,-0.6,2026-10-02T01:01:04.695736+02:00
295910347,de:11000:900003102:1:51,-0.3,2026-10-02T01:01:04.695736+02:00
295910347,de:11000:900003103:1:51,-0.4,2026-10-02T01:01:04.695736+02:00
295910347,de:11000:900023201:3:55,-0.3,2026-10-02T01:01:04.695736+02:00
295910347,de:11000:900024203:1:51,-0.3,2026-10-02T01:01:04.695736+02:00
295910347,de:11000:900024101:4:56,-0.3,2026-10-02T01:01:04.695736+02:00
307280409,de:11000:900007102:2:52,0.0,2026-10-02T01:01:04.695736+02:00
307280409,de:11000:900110001:1:50,-0.6,2026-10-02T01:01:04.695736+02:00
307280409,de:11000:900110002:1:50,-0.4,2026-10-02T01:01:04.695736+02:00
307280409,de:11000:900110003:1:50,-0.4,2026-10-02T01:01:04.695736+02:00
307280409,de:11000:900110004:1:50,-0.8,2026-10-02T01:01:04.695736+02:00
307280409,de:11000:900110012:1:50,-0.7,2026-10-02T01:01:04.695736+02:00
307280409,de:11000:900120001:1:50,-0.7,2026-10-02T01:01:04.695736+02:00
307280409,de:11000:900120003:5:58,-0.1,2026-10-02T01:01:04.695736+02:00
307280409,de:11000:900190001:1:50,-0.4,2026-10-02T01:01:04.695736+02:00
307280409,de:11000:900077106:1:50,-0.4,2026-10-02T01:01:04.695736+02:00
307280409,de:11000:900078201:1:50,-0.3,2026-10-02T01:01:04.695736+02:00
307280409,de:11000:900079221:1:50,-0.2,2026-10-02T01:01:04.695736+02:00
307280409,de:11000:900068201:1:50,-0.8,2026-10-02T01:01:04.695736+02:00
307280409,de:11000:900058101:5:58,-0.1,2026-10-02T01:01:04.695736+02:00
307280409,de:11000:900054104:2:52,-0.2,2026-10-02T01:01:04.695736+02:00
307280409,de:11000:900054105:1:50,-0.9,2026-10-02T01:01:04.695736+02:00
307280409,de:11000:900044202:1:50,-0.7,2026-10-02T01:01:04.695736+02:00
307280409,de:11000:900045102:1:50,-0.7,2026-10-02T01:01:04.695736+02:00
307280409,de:11000:900044101:1:50,-0.8,2026-10-02T01:01:04.695736+02:00
307280409,de:11000:900040101:1:50,-0.8,2026-10-02T01:01:04.695736+02:00
307280407,de:11000:900110003:1:50,0.0,2026-10-02T01:01:04.695736+02:00
307280407,de:11000:900110004:1:50,-0.8,2026-10-02T01:01:04.695736+02:00
307280407,de:11000:900110012:1:50,-0.7,2026-10-02T01:01:04.695736+02:00
307280407,de:11000:900120001:1:50,-0.7,2026-10-02T01:01:04.695736+02:00
307280407,de:11000:900120003:5:58,-0.1,2026-10-02T01:01:04.695736+02:00
307280407,de:11000:900190001:1:50,-0.4,2026-10-02T01:01:04.695736+02:00
307280407,de:11000:900077106:1:50,-0.4,2026-10-02T01:01:04.695736+02:00
307280407,de:11000:900078201:1:50,-0.3,2026-10-02T01:01:04.695736+02:00
307280407,de:11000:900079221:1:50,-0.2,2026-10-02T01:01:04.695736+02:00
307280407,de:11000:900068201:1:50,-0.8,2026-10-02T01:01:04.695736+02:00
307280407,de:11000:900058101:5:58,-0.1,2026-10-02T01:01:04.695736+02:00
307280407,de:11000:900054104:2:52,-0.7,2026-10-02T01:01:04.695736+02:00
307280407,de:11000:900054105:1:50,-0.9,2026-10-02T01:01:04.695736+02:00
307280407,de:11000:900044202:1:50,-0.7,2026-10-02T01:01:04.695736+02:00
307280407,de:11000:900045102:1:50,-0.7,2026-10-02T01:01:04.695736+02:00
307280407,de:11000:900044101:1:50,-0.8,2026-10-02T01:01:04.695736+02:00
307280407,de:11000:900040101:1:50,-0.3,2026-10-02T01:01:04.695736+02:00
307280407,de:11000:900024101:3:54,-0.8,2026-10-02T01:01:04.695736+02:00
307280565,de:11000:900020202:1:51,0.0,2026-10-02T01:01:04.695736+02:00
307280565,de:11000:900001201:1:51,-0.2,2026-10-02T01:01:04.695736+02:00
307280565,de:11000:900009104:1:51,-0.8,2026-10-02T01:01:04.695736+02:00
307280565,de:11000:900007102:2:52,-0.9,2026-10-02T01:01:04.695736+02:00
307280565,de:11000:900110001:1:50,-0.6,2026-10-02T01:01:04.695736+02:00
307280565,de:11000:900110002:1:50,-0.4,2026-10-02T01:01:04.695736+02:00
307280565,de:11000:900110003:1:50,-0.4,2026-10-02T01:01:04.695736+02:00
307280565,de:11000:900110004:1:50,-0.8,2026-10-02T01:01:04.695736+02:00
307280565,de:11000:900110012:1:50,-0.7,2026-10-02T01:01:04.695736+02:00
307280565,de:11000:900120001:1:50,-0.7,2026-10-02T01:01:04.695736+02:00
307280565,de:11000:900120003:5:58,-0.1,2026-10-02T01:01:04.695736+02:00
307280565,de:11000:900190001:1:50,-0.4,2026-10-02T01:01:04.695736+02:00
307280565,de:11000:900077106:1:50,-0.4,2026-10-02T01:01:04.695736+02:00
307280565,de:11000:900078201:1:50,-0.3,2026-10-02T01:01:04.695736+02:00
307280565,de:11000:900079221:1:50,-0.2,2026-10-02T01:01:04.695736+02:00
307280565,de:11000:900068201:1:50,-0.8,2026-10-02T01:01:04.695736+02:00
307280565,de:11000:900058101:5:58,-0.1,2026-10-02T01:01:04.695736+02:00
307280565,de:11000:900054104:2:52,-0.2,2026-10-02T01:01:04.695736+02:00
307280565,de:11000:900054105:1:50,-0.9,2026-10-02T01:01:04.695736+02:00
307280565,de:11000:900044202:1:50,-0.7,2026-10-02T01:01:04.695736+02:00
307280565,de:11000:900045102:1:50,-0.7,2026-10-02T01:01:04.695736+02:00
307280565,de:11000:900044101:1:50,-0.8,2026-10-02T01:01:04.695736+02:00
307280565,de:11000:900040101:1:50,-0.8,2026-10-02T01:01:04.695736+02:00
307280433,de:11000:900020202:1:50,0.0,2026-10-02T01:01:04.695736+02:00
307280433,de:11000:900001201:1:50,-0.2,2026-10-02T01:01:04.695736+02:00
307280433,de:11000:900009104:1:50,-0.8,2026-10-02T01:01:04.695736+02:00
307280433,de:11000:900007102:2:52,-0.4,2026-10-02T01:01:04.695736+02:00
307280433,de:11000:900110001:1:50,-0.6,2026-10-02T01:01:04.695736+02:00
307280433,de:11000:900110002:1:50,-0.4,2026-10-02T01:01:04.695736+02:00
307280433,de:11000:900110003:1:50,-0.4,2026-10-02T01:01:04.695736+02:00
307280433,de:11000:900110004:1:50,-0.8,2026-10-02T01:01:04.695736+02:00
307280433,de:11000:900110012:1:50,-0.7,2026-10-02T01:01:04.695736+02:00
307280433,de:11000:900120001:1:50,-0.7,2026-10-02T01:01:04.695736+02:00
307280433,de:11000:900120003:5:58,-0.1,2026-10-02T01:01:04.695736+02:00
307280433,de:11000:900190001:1:50,-0.4,2026-10-02T01:01:04.695736+02:00
307280433,de:11000:900077106:1:50,-0.4,2026-10-02T01:01:04.695736+02:00
307280433,de:11000:900078201:1:50,-0.3,2026-10-02T01:01:04.695736+02:00
307280433,de:11000:900079221:1:50,-0.2,2026-10-02T01:01:04.695736+02:00
307280433,de:11000:900068201:1:50,-0.8,2026-10-02T01:01:04.695736+02:00
307280433,de:11000:900058101:5:58,-0.1,2026-10-02T01:01:04.695736+02:00
307280433,de:11000:900054104:2:52,-0.7,2026-10-02T01:01:04.695736+02:00
307280433,de:11000:900054105:1:50,-0.9,2026-10-02T01:01:04.695736+02:00
307280433,de:11000:900044202:1:50,-0.7,2026-10-02T01:01:04.695736+02:00
307280433,de:11000:900045102:1:50,-0.7,2026-10-02T01:01:04.695736+02:00
307280433,de:11000:900044101:1:50,-0.8,2026-10-02T01:01:04.695736+02:00
307280433,de:11000:900040101:1:50,-0.3,2026-10-02T01:01:04.695736+02:00
307280433,de:11000:900024101:3:54,-0.8,2026-10-02T01:01:04.695736+02:00
307283065,de:11000:900009104:1:51,0.0,2026-10-02T01:01:04.695736+02:00
307283065,de:11000:900007102:2:52,-0.9,2026-10-02T01:01:04.695736+02:00
307283065,de:11000:900110001:1:50,-0.6,2026-10-02T01:01:04.695736+02:00
307283065,de:11000:900110002:1:50,-0.4,2026-10-02T01:01:04.695736+02:00
307283065,de:11000:900110003:1:50,-0.4,2026-10-02T01:01:04.695736+02:00
307283065,de:11000:900110004:1:50,-0.8,2026-10-02T01:01:04.695736+02:00
307283065,de:11000:900110012:1:50,-0.7,2026-10-02T01:01:04.695736+02:00
307283065,de:11000:900120001:1:50,-0.7,2026-10-02T01:01:04.695736+02:00
307283065,de:11000:900120003:5:58,-0.1,2026-10-02T01:01:04.695736+02:00
307283065,de:11000:900190001:1:50,-0.4,2026-10-02T01:01:04.695736+02:00
307283065,de:11000:900077106:1:50,-0.4,2026-10-02T01:01:04.695736+02:00
307283065,de:11000:900078201:1:50,-0.3,2026-10-02T01:01:04.695736+02:00
307283065,de:11000:900079221:1:50,-0.2,2026-10-02T01:01:04.695736+02:00
307283033,de:11000:900009104:1:51,0.0,2026-10-02T01:01:04.695736+02:00
307283033,de:11000:900007102:2:52,-0.9,2026-10-02T01:01:04.695736+02:00
307283033,de:11000:900110001:1:50,-0.6,2026-10-02T01:01:04.695736+02:00
307283033,de:11000:900110002:1:50,-0.4,2026-10-02T01:01:04.695736+02:00
307283033,de:11000:900110003:1:50,-0.4,2026-10-02T01:01:04.695736+02:00
307283033,de:11000:900110004:1:50,-0.8,2026-10-02T01:01:04.695736+02:00
307283033,de:11000:900110012:1:50,-0.7,2026-10-02T01:01:04.695736+02:00
307283033,de:11000:900120001:1:50,-0.7,2026-10-02T01:01:04.695736+02:00
307283033,de:11000:900120003:5:58,-0.1,2026-10-02T01:01:04.695736+02:00
307283033,de:11000:900190001:1:50,-0.4,2026-10-02T01:01:04.695736+02:00
307283033,de:11000:900077106:1:50,-0.4,2026-10-02T01:01:04.695736+02:00
307283033,de:11000:900078201:1:50,-0.3,2026-10-02T01:01:04.695736+02:00
307283033,de:11000:900079221:1:50,-0.2,2026-10-02T01:01:04.695736+02:00
307286649,de:11000:900024101:3:54,0.0,2026-10-02T01:01:04.695736+02:00
307286649,de:11000:900040101:1:50,-0.2,2026-10-02T01:01:04.695736+02:00
307286649,de:11000:900044101:1:50,-0.3,2026-10-02T01:01:04.695736+02:00
307286649,de:11000:900045102:1:51,-0.4,2026-10-02T01:01:04.695736+02:00
307286649,de:11000:900044202:1:51,-0.4,2026-10-02T01:01:04.695736+02:00
307286649,de:11000:900054105:1:51,-0.2,2026-10-02T01:01:04.695736+02:00
307286649,de:11000:900054104:2:53,-0.8,2026-10-02T01:01:04.695736+02:00
307286649,de:11000:900058101:5:59,-0.2,2026-10-02T01:01:04.695736+02:00
307286649,de:11000:900068201:1:51,-0.8,2026-10-02T01:01:04.695736+02:00
307286649,de:11000:900079221:1:51,-0.4,2026-10-02T01:01:04.695736+02:00
307286649,de:11000:900078201:1:51,-0.1,2026-10-02T01:01:04.695736+02:00
307286649,de:11000:900077106:1:51,0.0,2026-10-02T01:01:04.695736+02:00
307286649,de:11000:900190001:2:52,-0.9,2026-10-02T01:01:04.695736+02:00
307286649,de:11000:900120003:5:59,-0.4,2026-10-02T01:01:04.695736+02:00
307286649,de:11000:900120001:1:51,0.0,2026-10-02T01:01:04.695736+02:00
307286649,de:11000:900110012:1:51,-0.2,2026-10-02T01:01:04.695736+02:00
307286649,de:11000:900110004:1:51,-0.1,2026-10-02T01:01:04.695736+02:00
307286649,de:11000:900110003:1:51,-0.4,2026-10-02T01:01:04.695736+02:00
307286649,de:11000:900110002:1:51,-0.4,2026-10-02T01:01:04.695736+02:00
307286649,de:11000:900110001:1:51,-0.1,2026-10-02T01:01:04.695736+02:00
307286649,de:11000:900007102:1:51,-0.6,2026-10-02T01:01:04.695736+02:00
307286649,de:11000:900009104:1:51,-0.8,2026-10-02T01:01:04.695736+02:00
307286649,de:11000:900001201:1:51,-0.3,2026-10-02T01:01:04.695736+02:00
307286649,de:11000:900020202:1:51,-0.1,2026-10-02T01:01:04.695736+02:00
307286698,de:11000:900040101:1:50,0.0,2026-10-02T01:01:04.695736+02:00
307286698,de:11000:900044101:1:50,-0.8,2026-10-02T01:01:04.695736+02:00
307286698,de:11000:900045102:1:51,-0.9,2026-10-02T01:01:04.695736+02:00
307286698,de:11000:900044202:1:51,-0.9,2026-10-02T01:01:04.695736+02:00
307286698,de:11000:900054105:1:51,-0.7,2026-10-02T01:01:04.695736+02:00
307286698,de:11000:900054104:2:53,-0.3,2026-10-02T01:01:04.695736+02:00
307286698,de:11000:900058101:5:59,-0.2,2026-10-02T01:01:04.695736+02:00
307286698,de:11000:900068201:1:51,-0.8,2026-10-02T01:01:04.695736+02:00
307286698,de:11000:900079221:1:51,-0.4,2026-10-02T01:01:04.695736+02:00
307286698,de:11000:900078201:1:51,-0.1,2026-10-02T01:01:04.695736+02:00
307286698,de:11000:900077106:1:51,0.0,2026-10-02T01:01:04.695736+02:00
307286698,de:11000:900190001:2:52,-0.9,2026-10-02T01:01:04.695736+02:00
307286698,de:11000:900120003:5:59,-0.4,2026-10-02T01:01:04.695736+02:00
307286698,de:11000:900120001:1:51,0.0,2026-10-02T01:01:04.695736+02:00
307286698,de:11000:900110012:1:51,-0.2,2026-10-02T01:01:04.695736+02:00
307286698,de:11000:900110004:1:51,-0.1,2026-10-02T01:01:04.695736+02:00
307286698,de:11000:900110003:1:51,-0.4,2026-10-02T01:01:04.695736+02:00
307286698,de:11000:900110002:1:51,-0.4,2026-10-02T01:01:04.695736+02:00
307286698,de:11000:900110001:1:51,-0.1,2026-10-02T01:01:04.695736+02:00
307286698,de:11000:900007102:1:51,-0.6,2026-10-02T01:01:04.695736+02:00
307286698,de:11000:900009104:1:50,-0.8,2026-10-02T01:01:04.695736+02:00
307286698,de:11000:900001201:1:50,-0.3,2026-10-02T01:01:04.695736+02:00
307286698,de:11000:900020202:1:50,-0.1,2026-10-02T01:01:04.695736+02:00
307292684,de:12061:900260001:2:52,0.0,2026-10-02T01:01:04.695736+02:00
307292684,de:12061:900260002:1:51,-0.8,2026-10-02T01:01:04.695736+02:00
307292684,de:12061:900260003:1:51,-0.7,2026-10-02T01:01:04.695736+02:00
307292684,de:12061:900260004:1:51,-0.9,2026-10-02T01:01:04.695736+02:00
307292684,de:11000:900186001:2:53,-0.2,2026-10-02T01:01:04.695736+02:00
307292684,de:11000:900193002:1:51,-0.2,2026-10-02T01:01:04.695736+02:00
307292684,de:11000:900193001:2:51,-0.8,2026-10-02T01:01:04.695736+02:00
307292684,de:11000:900192001:3:55,-0.7,2026-10-02T01:01:04.695736+02:00
307292684,de:11000:900191001:1:50,-0.4,2026-10-02T01:01:04.695736+02:00
307292684,de:11000:900077155:1:50,-0.9,2026-10-02T01:01:04.695736+02:00
307292684,de:11000:900078201:1:50,-0.4,2026-10-02T01:01:04.695736+02:00
307292684,de:11000:900079221:1:50,-0.2,2026-10-02T01:01:04.695736+02:00
307292684,de:11000:900068201:1:50,-0.8,2026-10-02T01:01:04.695736+02:00
307292684,de:11000:900058101:5:58,-0.1,2026-10-02T01:01:04.695736+02:00
307292684,de:11000:900054104:2:52,-0.2,2026-10-02T01:01:04.695736+02:00
307292684,de:11000:900054105:1:50,-0.9,2026-10-02T01:01:04.695736+02:00
307292684,de:11000:900044202:1:50,-0.7,2026-10-02T01:01:04.695736+02:00
307292657,de:12061:900260001:2:52,0.0,2026-10-02T01:01:04.695736+02:00
307292657,de:12061:900260002:1:51,-0.8,2026-10-02T01:01:04.695736+02:00
307292657,de:12061:900260003:1:51,-0.7,2026-10-02T01:01:04.695736+02:00
307292657,de:12061:900260004:1:51,-0.9,2026-10-02T01:01:04.695736+02:00
307292657,de:11000:900186001:2:53,-0.2,2026-10-02T01:01:04.695736+02:00
307292657,de:11000:900193002:1:51,-0.2,2026-10-02T01:01:04.695736+02:00
307292657,de:11000:900193001:2:51,-0.8,2026-10-02T01:01:04.695736+02:00
307292657,de:11000:900192001:3:55,-0.7,2026-10-02T01:01:04.695736+02:00
307292657,de:11000:900191001:1:50,-0.4,2026-10-02T01:01:04.695736+02:00
307292657,de:11000:900077155:1:50,-0.9,2026-10-02T01:01:04.695736+02:00
307292657,de:11000:900078201:1:50,-0.4,2026-10-02T01:01:04.695736+02:00
307292657,de:11000:900079221:1:50,-0.2,2026-10-02T01:01:04.695736+02:00
307292657,de:11000:900068201:1:50,-0.8,2026-10-02T01:01:04.695736+02:00
307292657,de:11000:900058101:5:58,-0.1,2026-10-02T01:01:04.695736+02:00
307292657,de:11000:900054104:2:52,-0.2,2026-10-02T01:01:04.695736+02:00
307292657,de:11000:900054105:1:50,-0.9,2026-10-02T01:01:04.695736+02:00
307292657,de:11000:900044202:1:50,-0.7,2026-10-02T01:01:04.695736+02:00
307292656,de:12061:900260001:2:52,0.0,2026-10-02T01:01:04.695736+02:00
307292656,de:12061:900260002:1:51,-0.8,2026-10-02T01:01:04.695736+02:00
307292656,de:12061:900260003:1:51,-0.7,2026-10-02T01:01:04.695736+02:00
307292656,de:12061:900260004:1:51,-0.9,2026-10-02T01:01:04.695736+02:00
307292656,de:11000:900186001:2:53,-0.2,2026-10-02T01:01:04.695736+02:00
307292656,de:11000:900193002:1:51,-0.2,2026-10-02T01:01:04.695736+02:00
307292656,de:11000:900193001:2:51,-0.8,2026-10-02T01:01:04.695736+02:00
307292656,de:11000:900192001:3:55,-0.7,2026-10-02T01:01:04.695736+02:00
307292656,de:11000:900191001:1:50,-0.4,2026-10-02T01:01:04.695736+02:00
307292656,de:11000:900077155:1:50,-0.9,2026-10-02T01:01:04.695736+02:00
307292656,de:11000:900078201:1:50,-0.4,2026-10-02T01:01:04.695736+02:00
307292656,de:11000:900079221:1:50,-0.2,2026-10-02T01:01:04.695736+02:00
307292656,de:11000:900068201:1:50,-0.8,2026-10-02T01:01:04.695736+02:00
307292656,de:11000:900058101:5:58,-0.1,2026-10-02T01:01:04.695736+02:00
307292656,de:11000:900054104:2:52,-0.2,2026-10-02T01:01:04.695736+02:00
307292656,de:11000:900054105:1:50,-0.9,2026-10-02T01:01:04.695736+02:00
307292656,de:11000:900044202:1:50,-0.7,2026-10-02T01:01:04.695736+02:00
295933058,de:11000:900192001:2:53,0.0,2026-10-02T01:01:04.695736+02:00
295933058,de:11000:900192002:1:50,-0.5,2026-10-02T01:01:04.695736+02:00
295933058,de:11000:900180003:1:50,-0.7,2026-10-02T01:01:04.695736+02:00
295932969,de:11000:900058101:5:59,0.0,2026-10-02T01:01:04.695736+02:00
295932969,de:11000:900068201:1:51,-0.3,2026-10-02T01:01:04.695736+02:00
295932969,de:11000:900079221:1:51,-0.9,2026-10-02T01:01:04.695736+02:00
295932969,de:11000:900078201:1:51,-0.6,2026-10-02T01:01:04.695736+02:00
295932969,de:11000:900077155:1:51,-0.2,2026-10-02T01:01:04.695736+02:00
295932969,de:11000:900191001:2:51,-0.7,2026-10-02T01:01:04.695736+02:00
295932969,de:11000:900192001:2:53,-0.7,2026-10-02T01:01:04.695736+02:00
295932969,de:11000:900192002:1:50,-0.5,2026-10-02T01:01:04.695736+02:00
295932969,de:11000:900180003:1:50,-0.7,2026-10-02T01:01:04.695736+02:00
295932968,de:11000:900058101:5:59,0.0,2026-10-02T01:01:04.695736+02:00
295932968,de:11000:900068201:1:51,-0.3,2026-10-02T01:01:04.695736+02:00
295932968,de:11000:900079221:1:51,-0.9,2026-10-02T01:01:04.695736+02:00
295932968,de:11000:900078201:1:51,-0.6,2026-10-02T01:01:04.695736+02:00
295932968,de:11000:900077155:1:51,-0.2,2026-10-02T01:01:04.695736+02:00
295932968,de:11000:900191001:2:51,-0.7,2026-10-02T01:01:04.695736+02:00
295932968,de:11000:900192001:2:53,-0.7,2026-10-02T01:01:04.695736+02:00
295932968,de:11000:900192002:1:50,-0.5,2026-10-02T01:01:04.695736+02:00
295932968,de:11000:900180003:1:50,-0.7,2026-10-02T01:01:04.695736+02:00
295932964,de:11000:900058101:5:59,0.0,2026-10-02T01:01:04.695736+02:00
295932964,de:11000:900068201:1:51,-0.3,2026-10-02T01:01:04.695736+02:00
295932964,de:11000:900079221:1:51,-0.9,2026-10-02T01:01:04.695736+02:00
295932964,de:11000:900078201:1:51,-0.6,2026-10-02T01:01:04.695736+02:00
295932964,de:11000:900077155:1:51,-0.2,2026-10-02T01:01:04.695736+02:00
295932964,de:11000:900191001:2:51,-0.7,2026-10-02T01:01:04.695736+02:00
295932964,de:11000:900192001:2:53,-0.7,2026-10-02T01:01:04.695736+02:00
295932964,de:11000:900192002:1:50,-0.5,2026-10-02T01:01:04.695736+02:00
295932964,de:11000:900180003:1:50,-0.7,2026-10-02T01:01:04.695736+02:00
295932960,de:11000:900058101:5:59,0.0,2026-10-02T01:01:04.695736+02:00
295932960,de:11000:900068201:1:51,-0.3,2026-10-02T01:01:04.695736+02:00
295932960,de:11000:900079221:1:51,-0.9,2026-10-02T01:01:04.695736+02:00
295932960,de:11000:900078201:1:51,-0.6,2026-10-02T01:01:04.695736+02:00
295932960,de:11000:900077155:1:51,-0.2,2026-10-02T01:01:04.695736+02:00
295932960,de:11000:900191001:2:51,-0.7,2026-10-02T01:01:04.695736+02:00
295932960,de:11000:900192001:2:53,-0.7,2026-10-02T01:01:04.695736+02:00
295932960,de:11000:900192002:1:50,-0.5,2026-10-02T01:01:04.695736+02:00
295932960,de:11000:900180003:1:50,-0.7,2026-10-02T01:01:04.695736+02:00
306896473,de:12067:900310001::3,0.0,2026-10-02T01:01:04.695736+02:00
306896473,de:12067:900310816::1,0.0,2026-10-02T01:01:04.695736+02:00
306896473,de:12067:900310627::1,0.0,2026-10-02T01:01:04.695736+02:00
306896473,de:12067:900310781::1,0.0,2026-10-02T01:01:04.695736+02:00
306896473,de:12067:900310822::1,0.0,2026-10-02T01:01:04.695736+02:00
306896473,de:12067:900310771::1,0.0,2026-10-02T01:01:04.695736+02:00
306896473,de:12067:900310811::1,0.0,2026-10-02T01:01:04.695736+02:00
306896473,de:12067:900310630::1,0.0,2026-10-02T01:01:04.695736+02:00
306896473,de:12067:900310812::1,0.0,2026-10-02T01:01:04.695736+02:00
306896473,de:12067:900310695::2,0.0,2026-10-02T01:01:04.695736+02:00
306896473,de:12067:900310769::1,0.0,2026-10-02T01:01:04.695736+02:00
306896473,de:12067:900310810::2,0.0,2026-10-02T01:01:04.695736+02:00
306896473,de:12067:900310972::1,0.0,2026-10-02T01:01:04.695736+02:00
306896473,de:12067:900310970::1,0.0,2026-10-02T01:01:04.695736+02:00
306896473,de:12067:900310105::1,0.0,2026-10-02T01:01:04.695736+02:00
306896473,de:12067:900310040::1,0.0,2026-10-02T01:01:04.695736+02:00
306896473,de:12067:900310109::1,0.0,2026-10-02T01:01:04.695736+02:00
306896473,de:12067:900310631::1,0.0,2026-10-02T01:01:04.695736+02:00
306896473,de:12067:900310106::1,0.0,2026-10-02T01:01:04.695736+02:00
306896473,de:12067:900310115::1,0.0,2026-10-02T01:01:04.695736+02:00
306896473,de:12067:900310119::1,0.0,2026-10-02T01:01:04.695736+02:00
306896473,de:12067:900310114::1,0.0,2026-10-02T01:01:04.695736+02:00
306896473,de:12067:900310103::1,0.0,2026-10-02T01:01:04.695736+02:00
306896473,de:12067:900310102::1,0.0,2026-10-02T01:01:04.695736+02:00
306896473,de:12067:900310104::1,0.0,2026-10-02T01:01:04.695736+02:00
306896473,de:12067:900310116::1,0.0,2026-10-02T01:01:04.695736+02:00
306896473,de:12067:900310113::1,0.0,2026-10-02T01:01:04.695736+02:00
306896473,de:12067:900310107::1,0.0,2026-10-02T01:01:04.695736+02:00
306896473,de:12067:900311082::1,0.0,2026-10-02T01:01:04.695736+02:00
306896473,de:12067:900310751::1,0.0,2026-10-02T01:01:04.695736+02:00
306896473,de:12067:900311077::1,0.0,2026-10-02T01:01:04.695736+02:00
306896473,de:12067:900311078::1,0.0,2026-10-02T01:01:04.695736+02:00
306896473,de:12067:900310613::1,0.0,2026-10-02T01:01:04.695736+02:00
306896822,de:12064:900320274::1,0.0,2026-10-02T01:01:04.695736+02:00
306896822,de:12064:900320278::2,0.0,2026-10-02T01:01:04.695736+02:00
306896822,de:12064:900320284::2,0.0,2026-10-02T01:01:04.695736+02:00
306896822,de:12064:900320886::2,0.0,2026-10-02T01:01:04.695736+02:00
306896822,de:12064:900320888::3,0.0,2026-10-02T01:01:04.695736+02:00
306896822,de:12067:900310894::2,0.0,2026-10-02T01:01:04.695736+02:00
306896822,de:12067:900310897::2,0.0,2026-10-02T01:01:04.695736+02:00
306896822,de:12067:900310896::2,0.0,2026-10-02T01:01:04.695736+02:00
306896822,de:12067:900310895::1,0.0,2026-10-02T01:01:04.695736+02:00
306896822,de:12067:900310002::2,0.0,2026-10-02T01:01:04.695736+02:00
306896822,de:12067:900310864::1,0.0,2026-10-02T01:01:04.695736+02:00
306896822,de:12067:900310861::1,0.0,2026-10-02T01:01:04.695736+02:00
306896822,de:12067:900311157::2,0.0,2026-10-02T01:01:04.695736+02:00
306896822,de:12067:900310860::2,0.0,2026-10-02T01:01:04.695736+02:00
306896822,de:12067:900311125::2,0.0,2026-10-02T01:01:04.695736+02:00
306896822,de:12067:900310936::2,0.0,2026-10-02T01:01:04.695736+02:00
306896822,de:12067:900310788::2,0.0,2026-10-02T01:01:04.695736+02:00
306896822,de:12067:900310696::2,0.0,2026-10-02T01:01:04.695736+02:00
306896822,de:12067:900310001::11,0.0,2026-10-02T01:01:04.695736+02:00
295936921,de:12064:900320001:1:50,0.0,2026-10-02T01:01:04.695736+02:00
295936921,de:12064:900320002:1:50,-0.3,2026-10-02T01:01:04.695736+02:00
295936921,de:12064:900320003:1:50,-0.1,2026-10-02T01:01:04.695736+02:00
295936921,de:12064:900320004:2:51,-0.8,2026-10-02T01:01:04.695736+02:00
295936921,de:12064:900320005:1:50,0.0,2026-10-02T01:01:04.695736+02:00
295936921,de:12064:900320006:1:51,-0.8,2026-10-02T01:01:04.695736+02:00
295936921,de:12064:900320007:1:50,-0.8,2026-10-02T01:01:04.695736+02:00
295936921,de:12064:900320008:1:51,-0.5,2026-10-02T01:01:04.695736+02:00
295936921,de:12064:900320026:1:50,-0.3,2026-10-02T01:01:04.695736+02:00
295936921,de:11000:900176001:1:51,-0.7,2026-10-02T01:01:04.695736+02:00
295936921,de:11000:900175002:1:50,-0.7,2026-10-02T01:01:04.695736+02:00
295936921,de:11000:900175001:1:50,-0.6,2026-10-02T01:01:04.695736+02:00
295936921,de:11000:900171001:1:50,-0.3,2026-10-02T01:01:04.695736+02:00
295936921,de:11000:900171002:1:51,-0.4,2026-10-02T01:01:04.695736+02:00
295936921,de:11000:900160004:1:51,-0.8,2026-10-02T01:01:04.695736+02:00
295936921,de:11000:900160003:1:51,-0.9,2026-10-02T01:01:04.695736+02:00
295936921,de:11000:900120003:3:55,-0.1,2026-10-02T01:01:04.695736+02:00
295936921,de:11000:900120004:2:53,-0.6,2026-10-02T01:01:04.695736+02:00
295936921,de:11000:900120005:5:58,-0.9,2026-10-02T01:01:04.695736+02:00
295936921,de:11000:900100004:1:51,-0.4,2026-10-02T01:01:04.695736+02:00
295936921,de:11000:900100003:2:53,-0.4,2026-10-02T01:01:04.695736+02:00
295936921,de:11000:900100002:1:51,-0.4,2026-10-02T01:01:04.695736+02:00
295936921,de:11000:900100001:3:55,-0.4,2026-10-02T01:01:04.695736+02:00
295936921,de:11000:900003201:3:55,-0.1,2026-10-02T01:01:04.695736+02:00
295936921,de:11000:900003102:1:51,-0.8,2026-10-02T01:01:04.695736+02:00
295936921,de:11000:900003103:1:51,-0.9,2026-10-02T01:01:04.695736+02:00
295936921,de:11000:900023201:3:55,-0.8,2026-10-02T01:01:04.695736+02:00
295936921,de:11000:900024203:1:51,-0.8,2026-10-02T01:01:04.695736+02:00
295936921,de:11000:900024101:4:57,-0.8,2026-10-02T01:01:04.695736+02:00
295936921,de:11000:900024102:1:51,-0.1,2026-10-02T01:01:04.695736+02:00
295936917,de:12064:900320001:1:50,0.0,2026-10-02T01:01:04.695736+02:00
295936917,de:12064:900320002:1:50,-0.3,2026-10-02T01:01:04.695736+02:00
295936917,de:12064:900320003:1:50,-0.1,2026-10-02T01:01:04.695736+02:00
295936917,de:12064:900320004:2:51,-0.8,2026-10-02T01:01:04.695736+02:00
295936917,de:12064:900320005:1:50,0.0,2026-10-02T01:01:04.695736+02:00
295936917,de:12064:900320006:1:51,-0.8,2026-10-02T01:01:04.695736+02:00
295936917,de:12064:900320007:1:50,-0.8,2026-10-02T01:01:04.695736+02:00
295936917,de:12064:900320008:1:51,-0.5,2026-10-02T01:01:04.695736+02:00
295936917,de:12064:900320026:1:50,-0.3,2026-10-02T01:01:04.695736+02:00
295936917,de:11000:900176001:1:51,-0.7,2026-10-02T01:01:04.695736+02:00
295936917,de:11000:900175002:1:50,-0.7,2026-10-02T01:01:04.695736+02:00
295936917,de:11000:900175001:1:50,-0.6,2026-10-02T01:01:04.695736+02:00
295936917,de:11000:900171001:1:50,-0.3,2026-10-02T01:01:04.695736+02:00
295936917,de:11000:900171002:1:51,-0.4,2026-10-02T01:01:04.695736+02:00
295936917,de:11000:900160004:1:51,-0.8,2026-10-02T01:01:04.695736+02:00
295936917,de:11000:900160003:1:51,-0.9,2026-10-02T01:01:04.695736+02:00
295936917,de:11000:900120003:3:55,-0.1,2026-10-02T01:01:04.695736+02:00
295936917,de:11000:900120004:2:53,-0.6,2026-10-02T01:01:04.695736+02:00
295936917,de:11000:900120005:5:58,-0.9,2026-10-02T01:01:04.695736+02:00
295936917,de:11000:900100004:1:51,-0.4,2026-10-02T01:01:04.695736+02:00
295936917,de:11000:900100003:2:53,-0.4,2026-10-02T01:01:04.695736+02:00
295936917,de:11000:900100002:1:51,-0.4,2026-10-02T01:01:04.695736+02:00
295936917,de:11000:900100001:3:55,-0.4,2026-10-02T01:01:04.695736+02:00
295936917,de:11000:900003201:3:55,-0.1,2026-10-02T01:01:04.695736+02:00
295936917,de:11000:900003102:1:51,-0.8,2026-10-02T01:01:04.695736+02:00
295936917,de:11000:900003103:1:51,-0.9,2026-10-02T01:01:04.695736+02:00
295936917,de:11000:900023201:3:55,-0.8,2026-10-02T01:01:04.695736+02:00
295936917,de:11000:900024203:1:51,-0.8,2026-10-02T01:01:04.695736+02:00
295936917,de:11000:900024101:4:57,-0.8,2026-10-02T01:01:04.695736+02:00
295936917,de:11000:900024102:1:51,-0.1,2026-10-02T01:01:04.695736+02:00
295936978,de:12064:900320004:2:51,0.0,2026-10-02T01:01:04.695736+02:00
295936978,de:12064:900320005:1:50,0.0,2026-10-02T01:01:04.695736+02:00
295936978,de:12064:900320006:1:51,-0.8,2026-10-02T01:01:04.695736+02:00
295936978,de:12064:900320007:1:50,-0.8,2026-10-02T01:01:04.695736+02:00
295936978,de:12064:900320008:1:51,-0.5,2026-10-02T01:01:04.695736+02:00
295936978,de:12064:900320026:1:50,-0.3,2026-10-02T01:01:04.695736+02:00
295936978,de:11000:900176001:1:51,-0.7,2026-10-02T01:01:04.695736+02:00
295936978,de:11000:900175002:1:50,-0.7,2026-10-02T01:01:04.695736+02:00
295936978,de:11000:900175001:1:50,-0.6,2026-10-02T01:01:04.695736+02:00
295936978,de:11000:900171001:1:50,-0.3,2026-10-02T01:01:04.695736+02:00
295936978,de:11000:900171002:1:51,-0.4,2026-10-02T01:01:04.695736+02:00
295936978,de:11000:900160004:1:51,-0.8,2026-10-02T01:01:04.695736+02:00
295936978,de:11000:900160003:1:51,-0.9,2026-10-02T01:01:04.695736+02:00
295936978,de:11000:900120003:3:55,-0.1,2026-10-02T01:01:04.695736+02:00
295936978,de:11000:900120004:2:53,-0.6,2026-10-02T01:01:04.695736+02:00
295936978,de:11000:900120005:5:58,-0.9,2026-10-02T01:01:04.695736+02:00
295936978,de:11000:900100004:1:51,-0.4,2026-10-02T01:01:04.695736+02:00
295936978,de:11000:900100003:2:53,-0.4,2026-10-02T01:01:04.695736+02:00
295936978,de:11000:900100002:1:51,-0.4,2026-10-02T01:01:04.695736+02:00
295936978,de:11000:900100001:3:55,-0.4,2026-10-02T01:01:04.695736+02:00
295936978,de:11000:900003201:3:55,-0.1,2026-10-02T01:01:04.695736+02:00
295936978,de:11000:900003102:1:51,-0.8,2026-10-02T01:01:04.695736+02:00
295936978,de:11000:900003103:1:51,-0.9,2026-10-02T01:01:04.695736+02:00
295936978,de:11000:900023201:3:55,-0.8,2026-10-02T01:01:04.695736+02:00
295936978,de:11000:900024203:1:51,-0.8,2026-10-02T01:01:04.695736+02:00
295936978,de:11000:900024101:4:57,-0.8,2026-10-02T01:01:04.695736+02:00
295936978,de:11000:900024102:1:51,-0.1,2026-10-02T01:01:04.695736+02:00
307301746,de:11000:900024102:2:52,0.0,2026-10-02T01:01:04.695736+02:00
307301746,de:11000:900024101:3:55,-0.8,2026-10-02T01:01:04.695736+02:00
307301746,de:11000:900024203:1:51,-0.8,2026-10-02T01:01:04.695736+02:00
307301746,de:11000:900023201:3:54,-0.7,2026-10-02T01:01:04.695736+02:00
307301746,de:11000:900003103:1:50,-0.8,2026-10-02T01:01:04.695736+02:00
307301746,de:11000:900003102:1:50,-0.9,2026-10-02T01:01:04.695736+02:00
307301746,de:11000:900003201:3:54,-0.5,2026-10-02T01:01:04.695736+02:00
307301746,de:11000:900100001:3:54,-0.1,2026-10-02T01:01:04.695736+02:00
307301746,de:11000:900100002:1:50,-0.4,2026-10-02T01:01:04.695736+02:00
307301746,de:11000:900100003:2:52,-0.1,2026-10-02T01:01:04.695736+02:00
307301746,de:11000:900100004:1:50,-0.4,2026-10-02T01:01:04.695736+02:00
307301746,de:11000:900120005:4:55,-0.6,2026-10-02T01:01:04.695736+02:00
307301746,de:11000:900120004:1:50,-0.1,2026-10-02T01:01:04.695736+02:00
307301746,de:11000:900120003:2:53,-0.4,2026-10-02T01:01:04.695736+02:00
307301746,de:11000:900160003:1:50,-0.7,2026-10-02T01:01:04.695736+02:00
307301746,de:11000:900160004:1:50,-0.7,2026-10-02T01:01:04.695736+02:00
307301746,de:11000:900171002:1:50,-0.2,2026-10-02T01:01:04.695736+02:00
307301746,de:11000:900171001:2:51,-0.3,2026-10-02T01:01:04.695736+02:00
307301746,de:11000:900175001:2:51,-0.5,2026-10-02T01:01:04.695736+02:00
307301746,de:11000:900175002:1:51,0.0,2026-10-02T01:01:04.695736+02:00
307301746,de:11000:900176001:2:52,-0.3,2026-10-02T01:01:04.695736+02:00
295940219,de:11000:900024102:2:52,0.0,2026-10-02T01:01:04.695736+02:00
295940219,de:11000:900024101:3:54,-0.8,2026-10-02T01:01:04.695736+02:00
295940219,de:11000:900024203:1:51,-0.8,2026-10-02T01:01:04.695736+02:00
295940219,de:11000:900023201:3:54,-0.7,2026-10-02T01:01:04.695736+02:00
295940219,de:11000:900003103:1:50,-0.8,2026-10-02T01:01:04.695736+02:00
295940219,de:11000:900003102:1:50,-0.9,2026-10-02T01:01:04.695736+02:00
295940219,de:11000:900003201:3:54,-0.5,2026-10-02T01:01:04.695736+02:00
295940219,de:11000:900100001:3:54,-0.1,2026-10-02T01:01:04.695736+02:00
295940219,de:11000:900100002:1:50,-0.4,2026-10-02T01:01:04.695736+02:00
295940219,de:11000:900100003:2:52,-0.1,2026-10-02T01:01:04.695736+02:00
295940219,de:11000:900100004:1:50,-0.4,2026-10-02T01:01:04.695736+02:00
295940219,de:11000:900120005:4:55,-0.6,2026-10-02T01:01:04.695736+02:00
295940219,de:11000:900120004:1:50,-0.1,2026-10-02T01:01:04.695736+02:00
295940219,de:11000:900120003:2:53,-0.4,2026-10-02T01:01:04.695736+02:00
295940219,de:11000:900160003:1:50,-0.7,2026-10-02T01:01:04.695736+02:00
295940219,de:11000:900160004:1:50,-0.7,2026-10-02T01:01:04.695736+02:00
295940219,de:11000:900171002:1:50,-0.2,2026-10-02T01:01:04.695736+02:00
295940219,de:11000:900171001:2:51,-0.3,2026-10-02T01:01:04.695736+02:00
295940219,de:11000:900175001:2:51,-0.5,2026-10-02T01:01:04.695736+02:00
295940219,de:11000:900175002:1:51,0.0,2026-10-02T01:01:04.695736+02:00
295940219,de:11000:900176001:1:50,-0.7,2026-10-02T01:01:04.695736+02:00
306895273,de:12067:900311129::4,0.0,2026-10-02T01:01:04.695736+02:00
306895273,de:12067:900310637::2,0.0,2026-10-02T01:01:04.695736+02:00
306895273,de:12067:900310722::2,-0.5,2026-10-02T01:01:04.695736+02:00
306895273,de:12067:900310841::2,0.0,2026-10-02T01:01:04.695736+02:00
306895273,de:12067:900311002::3,0.0,2026-10-02T01:01:04.695736+02:00
306895273,de:12067:900311020::1,0.0,2026-10-02T01:01:04.695736+02:00
306895273,de:12067:900310834::1,0.0,2026-10-02T01:01:04.695736+02:00
295940147,de:11000:900120005:4:55,0.0,2026-10-02T01:01:04.695736+02:00
295940147,de:11000:900120004:1:51,-0.1,2026-10-02T01:01:04.695736+02:00
295940147,de:11000:900120003:2:52,-0.4,2026-10-02T01:01:04.695736+02:00
295940147,de:11000:900160003:1:50,-0.7,2026-10-02T01:01:04.695736+02:00
295940147,de:11000:900160004:1:50,-0.7,2026-10-02T01:01:04.695736+02:00
295940147,de:11000:900171002:1:50,-0.2,2026-10-02T01:01:04.695736+02:00
295940147,de:11000:900171001:2:51,-0.3,2026-10-02T01:01:04.695736+02:00
295940147,de:11000:900175001:2:51,-0.5,2026-10-02T01:01:04.695736+02:00
295940147,de:11000:900175002:1:51,0.0,2026-10-02T01:01:04.695736+02:00
295940147,de:11000:900176001:2:52,-0.7,2026-10-02T01:01:04.695736+02:00
306897052,de:12067:900311480::1,0.0,2026-10-02T01:01:04.695736+02:00
306897052,de:12067:900311482::1,0.0,2026-10-02T01:01:04.695736+02:00
306897052,de:12067:900311481::2,0.0,2026-10-02T01:01:04.695736+02:00
306897052,de:12067:900311440::1,0.0,2026-10-02T01:01:04.695736+02:00
306897052,de:12067:900311562::1,0.0,2026-10-02T01:01:04.695736+02:00
306897052,de:12067:900311610::1,0.0,2026-10-02T01:01:04.695736+02:00
306897052,de:12067:900311421::1,0.0,2026-10-02T01:01:04.695736+02:00
306897052,de:12067:900311420::1,0.0,2026-10-02T01:01:04.695736+02:00
306897052,de:12067:900311422::1,0.0,2026-10-02T01:01:04.695736+02:00
306897052,de:12067:900311423::1,0.0,2026-10-02T01:01:04.695736+02:00
306897052,de:12067:900311424::1,0.0,2026-10-02T01:01:04.695736+02:00
306897052,de:12067:900311237::2,0.0,2026-10-02T01:01:04.695736+02:00
306897052,de:12067:900311232::2,0.0,2026-10-02T01:01:04.695736+02:00
306897052,de:12067:900311236::1,0.0,2026-10-02T01:01:04.695736+02:00
306897052,de:12067:900311234::1,0.0,2026-10-02T01:01:04.695736+02:00
306897052,de:12067:900311238::1,0.0,2026-10-02T01:01:04.695736+02:00
306895217,de:12067:900311308::5,0.0,2026-10-02T01:01:04.695736+02:00
306895217,de:12067:900311380::1,0.0,2026-10-02T01:01:04.695736+02:00
306895217,de:12067:900311348::1,0.0,2026-10-02T01:01:04.695736+02:00
306895217,de:12067:900311315::1,0.0,2026-10-02T01:01:04.695736+02:00
306895217,de:12067:900311383::3,0.0,2026-10-02T01:01:04.695736+02:00
306895217,de:12067:900311312::1,0.0,2026-10-02T01:01:04.695736+02:00
306895217,de:12067:900311311::1,0.0,2026-10-02T01:01:04.695736+02:00
306895217,de:12067:900311402::2,0.0,2026-10-02T01:01:04.695736+02:00
306895217,de:12067:900311227::2,0.0,2026-10-02T01:01:04.695736+02:00
306895217,de:12067:900311239::1,0.0,2026-10-02T01:01:04.695736+02:00
306895217,de:12067:900311228::1,0.0,2026-10-02T01:01:04.695736+02:00
306895217,de:12067:900311269::1,0.0,2026-10-02T01:01:04.695736+02:00
306895217,de:12067:900310858::1,0.0,2026-10-02T01:01:04.695736+02:00
306895217,de:12067:900310060::1,0.0,2026-10-02T01:01:04.695736+02:00
306895217,de:12067:900310609::1,0.0,2026-10-02T01:01:04.695736+02:00
306895217,de:12067:900310909::1,0.0,2026-10-02T01:01:04.695736+02:00
306895217,de:12067:900310725::2,0.0,2026-10-02T01:01:04.695736+02:00
306895217,de:12067:900310738::2,0.0,2026-10-02T01:01:04.695736+02:00
306895217,de:12067:900310639::1,0.0,2026-10-02T01:01:04.695736+02:00
306895217,de:12067:900310626::1,0.0,2026-10-02T01:01:04.695736+02:00
306895217,de:12067:900311129::6,0.0,2026-10-02T01:01:04.695736+02:00
307311864,de:11000:900170004:1:50,0.0,2026-10-02T01:01:04.695736+02:00
307311864,de:11000:900170003:1:51,-0.3,2026-10-02T01:01:04.695736+02:00
307311864,de:11000:900170002:1:51,-0.1,2026-10-02T01:01:04.695736+02:00
307311864,de:11000:900170001:1:51,-0.9,2026-10-02T01:01:04.695736+02:00
307311864,de:11000:900170005:1:51,-0.7,2026-10-02T01:01:04.695736+02:00
307311864,de:11000:900171003:1:51,-0.6,2026-10-02T01:01:04.695736+02:00
307311864,de:11000:900171002:1:51,-0.9,2026-10-02T01:01:04.695736+02:00
307311864,de:11000:900160004:1:51,-0.3,2026-10-02T01:01:04.695736+02:00
307311864,de:11000:900160003:1:51,-0.4,2026-10-02T01:01:04.695736+02:00
307311864,de:11000:900120003:3:55,-0.6,2026-10-02T01:01:04.695736+02:00
307311864,de:11000:900120004:2:53,-0.1,2026-10-02T01:01:04.695736+02:00
307311864,de:11000:900120005:5:58,-0.4,2026-10-02T01:01:04.695736+02:00
307311864,de:11000:900100004:1:51,-0.9,2026-10-02T01:01:04.695736+02:00
307311864,de:11000:900100003:2:53,-0.9,2026-10-02T01:01:04.695736+02:00
307311864,de:11000:900100002:1:51,-0.9,2026-10-02T01:01:04.695736+02:00
307311864,de:11000:900100001:3:55,-0.9,2026-10-02T01:01:04.695736+02:00
307311864,de:11000:900003201:3:55,-0.6,2026-10-02T01:01:04.695736+02:00
307311864,de:11000:900003102:1:51,-0.3,2026-10-02T01:01:04.695736+02:00
307311864,de:11000:900003103:1:51,-0.4,2026-10-02T01:01:04.695736+02:00
307311864,de:11000:900023201:3:55,-0.3,2026-10-02T01:01:04.695736+02:00
307311864,de:11000:900024203:1:51,-0.3,2026-10-02T01:01:04.695736+02:00
307311864,de:11000:900024101:4:57,-0.3,2026-10-02T01:01:04.695736+02:00
307311864,de:11000:900024102:1:50,-0.6,2026-10-02T01:01:04.695736+02:00
307311864,de:11000:900048101:1:50,-0.8,2026-10-02T01:01:04.695736+02:00
307311864,de:11000:900052201:2:52,0.0,2026-10-02T01:01:04.695736+02:00
307311864,de:11000:900053301:1:50,-0.4,2026-10-02T01:01:04.695736+02:00
307311864,de:12054:900230003:1:50,-0.4,2026-10-02T01:01:04.695736+02:00
307311864,de:12054:900230000:1:51,-0.4,2026-10-02T01:01:04.695736+02:00
307311864,de:12054:900230999:3:55,-0.9,2026-10-02T01:01:04.695736+02:00
295946311,de:11000:900170004:1:50,0.0,2026-10-02T01:01:04.695736+02:00
295946311,de:11000:900170003:1:51,-0.3,2026-10-02T01:01:04.695736+02:00
295946311,de:11000:900170002:1:51,-0.1,2026-10-02T01:01:04.695736+02:00
295946311,de:11000:900170001:1:51,-0.9,2026-10-02T01:01:04.695736+02:00
295946311,de:11000:900170005:1:51,-0.7,2026-10-02T01:01:04.695736+02:00
295946311,de:11000:900171003:1:51,-0.6,2026-10-02T01:01:04.695736+02:00
295946311,de:11000:900171002:1:51,-0.9,2026-10-02T01:01:04.695736+02:00
295946311,de:11000:900160004:1:51,-0.3,2026-10-02T01:01:04.695736+02:00
295946311,de:11000:900160003:1:51,-0.4,2026-10-02T01:01:04.695736+02:00
295946311,de:11000:900120003:3:55,-0.6,2026-10-02T01:01:04.695736+02:00
295946311,de:11000:900120004:2:53,-0.1,2026-10-02T01:01:04.695736+02:00
295946311,de:11000:900120005:5:58,-0.4,2026-10-02T01:01:04.695736+02:00
295946311,de:11000:900100004:1:51,-0.9,2026-10-02T01:01:04.695736+02:00
295946311,de:11000:900100003:2:53,-0.9,2026-10-02T01:01:04.695736+02:00
295946311,de:11000:900100002:1:51,-0.9,2026-10-02T01:01:04.695736+02:00
295946311,de:11000:900100001:3:55,-0.9,2026-10-02T01:01:04.695736+02:00
295946311,de:11000:900003201:3:55,-0.6,2026-10-02T01:01:04.695736+02:00
295946311,de:11000:900003102:1:51,-0.3,2026-10-02T01:01:04.695736+02:00
295946311,de:11000:900003103:1:51,-0.4,2026-10-02T01:01:04.695736+02:00
295946311,de:11000:900023201:3:55,-0.3,2026-10-02T01:01:04.695736+02:00
295946311,de:11000:900024203:1:51,-0.3,2026-10-02T01:01:04.695736+02:00
295946311,de:11000:900024101:4:57,-0.3,2026-10-02T01:01:04.695736+02:00
295946311,de:11000:900024102:1:50,-0.6,2026-10-02T01:01:04.695736+02:00
295946311,de:11000:900048101:1:50,-0.8,2026-10-02T01:01:04.695736+02:00
295946311,de:11000:900052201:2:52,0.0,2026-10-02T01:01:04.695736+02:00
295946311,de:11000:900053301:1:50,-0.4,2026-10-02T01:01:04.695736+02:00
295946311,de:12054:900230003:1:50,-0.4,2026-10-02T01:01:04.695736+02:00
295946311,de:12054:900230000:1:51,-0.4,2026-10-02T01:01:04.695736+02:00
295946311,de:12054:900230999:3:55,-0.9,2026-10-02T01:01:04.695736+02:00
295946185,de:12054:900230999:3:54,0.0,2026-10-02T01:01:04.695736+02:00
295946185,de:12054:900230000:1:50,-0.3,2026-10-02T01:01:04.695736+02:00
295946185,de:12054:900230003:1:54,-0.3,2026-10-02T01:01:04.695736+02:00
295946185,de:11000:900053301:2:53,-0.4,2026-10-02T01:01:04.695736+02:00
295946185,de:11000:900052201:2:53,-0.7,2026-10-02T01:01:04.695736+02:00
295946185,de:11000:900048101:2:53,-0.9,2026-10-02T01:01:04.695736+02:00
295946185,de:11000:900024102:2:53,-0.9,2026-10-02T01:01:04.695736+02:00
295946185,de:11000:900024101:3:55,-0.3,2026-10-02T01:01:04.695736+02:00
295946185,de:11000:900024203:1:51,-0.3,2026-10-02T01:01:04.695736+02:00
295946185,de:11000:900023201:3:54,-0.2,2026-10-02T01:01:04.695736+02:00
295946185,de:11000:900003103:1:50,-0.3,2026-10-02T01:01:04.695736+02:00
295946185,de:11000:900003102:1:50,-0.4,2026-10-02T01:01:04.695736+02:00
295946185,de:11000:900003201:3:54,0.0,2026-10-02T01:01:04.695736+02:00
295946185,de:11000:900100001:3:54,-0.6,2026-10-02T01:01:04.695736+02:00
295946185,de:11000:900100002:1:50,-0.9,2026-10-02T01:01:04.695736+02:00
295946185,de:11000:900100003:2:52,-0.6,2026-10-02T01:01:04.695736+02:00
295946185,de:11000:900100004:1:50,-0.9,2026-10-02T01:01:04.695736+02:00
295946185,de:11000:900120005:4:55,-0.1,2026-10-02T01:01:04.695736+02:00
295946185,de:11000:900120004:1:50,-0.6,2026-10-02T01:01:04.695736+02:00
295946185,de:11000:900120003:2:53,-0.9,2026-10-02T01:01:04.695736+02:00
295946185,de:11000:900160003:1:50,-0.2,2026-10-02T01:01:04.695736+02:00
295946185,de:11000:900160004:1:50,-0.2,2026-10-02T01:01:04.695736+02:00
295946185,de:11000:900171002:1:50,-0.7,2026-10-02T01:01:04.695736+02:00
295946185,de:11000:900171003:1:50,-0.8,2026-10-02T01:01:04.695736+02:00
295946185,de:11000:900170005:1:50,-0.3,2026-10-02T01:01:04.695736+02:00
295946185,de:11000:900170001:1:50,-0.1,2026-10-02T01:01:04.695736+02:00
295946185,de:11000:900170002:1:50,-0.9,2026-10-02T01:01:04.695736+02:00
295946185,de:11000:900170003:1:50,-0.7,2026-10-02T01:01:04.695736+02:00
295946185,de:11000:900170004:1:50,-0.9,2026-10-02T01:01:04.695736+02:00
295946173,de:12054:900230999:3:54,0.0,2026-10-02T01:01:04.695736+02:00
295946173,de:12054:900230000:1:50,-0.3,2026-10-02T01:01:04.695736+02:00
295946173,de:12054:900230003:1:54,-0.3,2026-10-02T01:01:04.695736+02:00
295946173,de:11000:900053301:2:53,-0.4,2026-10-02T01:01:04.695736+02:00
295946173,de:11000:900052201:2:53,-0.7,2026-10-02T01:01:04.695736+02:00
295946173,de:11000:900048101:2:53,-0.9,2026-10-02T01:01:04.695736+02:00
295946173,de:11000:900024102:2:53,-0.9,2026-10-02T01:01:04.695736+02:00
295946173,de:11000:900024101:3:55,-0.3,2026-10-02T01:01:04.695736+02:00
295946173,de:11000:900024203:1:51,-0.3,2026-10-02T01:01:04.695736+02:00
295946173,de:11000:900023201:3:54,-0.2,2026-10-02T01:01:04.695736+02:00
295946173,de:11000:900003103:1:50,-0.3,2026-10-02T01:01:04.695736+02:00
295946173,de:11000:900003102:1:50,-0.4,2026-10-02T01:01:04.695736+02:00
295946173,de:11000:900003201:3:54,0.0,2026-10-02T01:01:04.695736+02:00
295946173,de:11000:900100001:3:54,-0.6,2026-10-02T01:01:04.695736+02:00
295946173,de:11000:900100002:1:50,-0.9,2026-10-02T01:01:04.695736+02:00
295946173,de:11000:900100003:2:52,-0.6,2026-10-02T01:01:04.695736+02:00
295946173,de:11000:900100004:1:50,-0.9,2026-10-02T01:01:04.695736+02:00
295946173,de:11000:900120005:4:55,-0.1,2026-10-02T01:01:04.695736+02:00
295946173,de:11000:900120004:1:50,-0.6,2026-10-02T01:01:04.695736+02:00
295946173,de:11000:900120003:2:53,-0.9,2026-10-02T01:01:04.695736+02:00
295946173,de:11000:900160003:1:50,-0.2,2026-10-02T01:01:04.695736+02:00
295946173,de:11000:900160004:1:50,-0.2,2026-10-02T01:01:04.695736+02:00
295946173,de:11000:900171002:1:50,-0.7,2026-10-02T01:01:04.695736+02:00
295946173,de:11000:900171003:1:50,-0.8,2026-10-02T01:01:04.695736+02:00
295946173,de:11000:900170005:1:50,-0.3,2026-10-02T01:01:04.695736+02:00
295946173,de:11000:900170001:1:50,-0.1,2026-10-02T01:01:04.695736+02:00
295946173,de:11000:900170002:1:50,-0.9,2026-10-02T01:01:04.695736+02:00
295946173,de:11000:900170003:1:50,-0.7,2026-10-02T01:01:04.695736+02:00
295946173,de:11000:900170004:1:50,-0.9,2026-10-02T01:01:04.695736+02:00
295953590,de:11000:900151001:1:51,0.0,2026-10-02T01:01:04.695736+02:00
295953590,de:11000:900152001:1:51,-0.6,2026-10-02T01:01:04.695736+02:00
295953590,de:11000:900152002:1:51,-0.2,2026-10-02T01:01:04.695736+02:00
295953590,de:11000:900171003:1:51,-0.9,2026-10-02T01:01:04.695736+02:00
295953590,de:11000:900171002:1:51,-0.9,2026-10-02T01:01:04.695736+02:00
295953590,de:11000:900160004:1:51,-0.3,2026-10-02T01:01:04.695736+02:00
295953590,de:11000:900160003:1:51,-0.4,2026-10-02T01:01:04.695736+02:00
295953590,de:11000:900120003:3:54,-0.6,2026-10-02T01:01:04.695736+02:00
295953590,de:11000:900120004:2:52,-0.1,2026-10-02T01:01:04.695736+02:00
295949555,de:11000:900170004:2:52,0.0,2026-10-02T01:01:04.695736+02:00
295949555,de:11000:900170003:1:51,-0.3,2026-10-02T01:01:04.695736+02:00
295949555,de:11000:900170002:1:51,-0.1,2026-10-02T01:01:04.695736+02:00
295949555,de:11000:900170001:1:51,-0.9,2026-10-02T01:01:04.695736+02:00
295949555,de:11000:900170005:1:51,-0.7,2026-10-02T01:01:04.695736+02:00
295949555,de:11000:900171003:1:51,-0.6,2026-10-02T01:01:04.695736+02:00
295949555,de:11000:900171002:1:51,-0.9,2026-10-02T01:01:04.695736+02:00
295949555,de:11000:900160004:1:51,-0.3,2026-10-02T01:01:04.695736+02:00
295949555,de:11000:900160003:1:51,-0.4,2026-10-02T01:01:04.695736+02:00
295949555,de:11000:900120003:3:55,-0.6,2026-10-02T01:01:04.695736+02:00
295949555,de:11000:900120004:2:53,-0.1,2026-10-02T01:01:04.695736+02:00
295949555,de:11000:900120005:5:58,-0.4,2026-10-02T01:01:04.695736+02:00
295949555,de:11000:900100004:1:51,-0.9,2026-10-02T01:01:04.695736+02:00
295949555,de:11000:900100003:2:53,-0.9,2026-10-02T01:01:04.695736+02:00
295949555,de:11000:900100002:1:51,-0.9,2026-10-02T01:01:04.695736+02:00
295949555,de:11000:900100001:3:55,-0.9,2026-10-02T01:01:04.695736+02:00
295949555,de:11000:900003201:3:55,-0.6,2026-10-02T01:01:04.695736+02:00
295949555,de:11000:900003102:1:51,-0.3,2026-10-02T01:01:04.695736+02:00
295949555,de:11000:900003103:1:51,-0.4,2026-10-02T01:01:04.695736+02:00
295949555,de:11000:900023201:3:55,-0.3,2026-10-02T01:01:04.695736+02:00
295949555,de:11000:900024203:1:51,-0.3,2026-10-02T01:01:04.695736+02:00
295949555,de:11000:900024101:4:57,-0.3,2026-10-02T01:01:04.695736+02:00
295949555,de:11000:900024102:1:50,-0.6,2026-10-02T01:01:04.695736+02:00
295949555,de:11000:900048101:1:50,-0.8,2026-10-02T01:01:04.695736+02:00
295949555,de:11000:900052201:2:52,0.0,2026-10-02T01:01:04.695736+02:00
295949555,de:11000:900053301:1:50,-0.4,2026-10-02T01:01:04.695736+02:00
295949555,de:12054:900230003:1:50,-0.4,2026-10-02T01:01:04.695736+02:00
295949555,de:12054:900230000:1:51,-0.4,2026-10-02T01:01:04.695736+02:00
295949555,de:12054:900230999:3:54,-0.9,2026-10-02T01:01:04.695736+02:00
295949551,de:11000:900170004:2:52,0.0,2026-10-02T01:01:04.695736+02:00
295949551,de:11000:900170003:1:51,-0.3,2026-10-02T01:01:04.695736+02:00
295949551,de:11000:900170002:1:51,-0.1,2026-10-02T01:01:04.695736+02:00
295949551,de:11000:900170001:1:51,-0.9,2026-10-02T01:01:04.695736+02:00
295949551,de:11000:900170005:1:51,-0.7,2026-10-02T01:01:04.695736+02:00
295949551,de:11000:900171003:1:51,-0.6,2026-10-02T01:01:04.695736+02:00
295949551,de:11000:900171002:1:51,-0.9,2026-10-02T01:01:04.695736+02:00
295949551,de:11000:900160004:1:51,-0.3,2026-10-02T01:01:04.695736+02:00
295949551,de:11000:900160003:1:51,-0.4,2026-10-02T01:01:04.695736+02:00
295949551,de:11000:900120003:3:55,-0.6,2026-10-02T01:01:04.695736+02:00
295949551,de:11000:900120004:2:53,-0.1,2026-10-02T01:01:04.695736+02:00
295949551,de:11000:900120005:5:58,-0.4,2026-10-02T01:01:04.695736+02:00
295949551,de:11000:900100004:1:51,-0.9,2026-10-02T01:01:04.695736+02:00
295949551,de:11000:900100003:2:53,-0.9,2026-10-02T01:01:04.695736+02:00
295949551,de:11000:900100002:1:51,-0.9,2026-10-02T01:01:04.695736+02:00
295949551,de:11000:900100001:3:55,-0.9,2026-10-02T01:01:04.695736+02:00
295949551,de:11000:900003201:3:55,-0.6,2026-10-02T01:01:04.695736+02:00
295949551,de:11000:900003102:1:51,-0.3,2026-10-02T01:01:04.695736+02:00
295949551,de:11000:900003103:1:51,-0.4,2026-10-02T01:01:04.695736+02:00
295949551,de:11000:900023201:3:55,-0.3,2026-10-02T01:01:04.695736+02:00
295949551,de:11000:900024203:1:51,-0.3,2026-10-02T01:01:04.695736+02:00
295949551,de:11000:900024101:4:57,-0.3,2026-10-02T01:01:04.695736+02:00
295949551,de:11000:900024102:1:50,-0.6,2026-10-02T01:01:04.695736+02:00
295949551,de:11000:900048101:1:50,-0.8,2026-10-02T01:01:04.695736+02:00
295949551,de:11000:900052201:2:52,0.0,2026-10-02T01:01:04.695736+02:00
295949551,de:11000:900053301:1:50,-0.4,2026-10-02T01:01:04.695736+02:00
295949551,de:12054:900230003:1:50,-0.4,2026-10-02T01:01:04.695736+02:00
295949551,de:12054:900230000:1:51,-0.4,2026-10-02T01:01:04.695736+02:00
295949551,de:12054:900230999:3:54,-0.9,2026-10-02T01:01:04.695736+02:00
295949548,de:11000:900170004:2:52,0.0,2026-10-02T01:01:04.695736+02:00
295949548,de:11000:900170003:1:51,-0.3,2026-10-02T01:01:04.695736+02:00
295949548,de:11000:900170002:1:51,-0.1,2026-10-02T01:01:04.695736+02:00
295949548,de:11000:900170001:1:51,-0.9,2026-10-02T01:01:04.695736+02:00
295949548,de:11000:900170005:1:51,-0.7,2026-10-02T01:01:04.695736+02:00
295949548,de:11000:900171003:1:51,-0.6,2026-10-02T01:01:04.695736+02:00
295949548,de:11000:900171002:1:51,-0.9,2026-10-02T01:01:04.695736+02:00
295949548,de:11000:900160004:1:51,-0.3,2026-10-02T01:01:04.695736+02:00
295949548,de:11000:900160003:1:51,-0.4,2026-10-02T01:01:04.695736+02:00
295949548,de:11000:900120003:3:55,-0.6,2026-10-02T01:01:04.695736+02:00
295949548,de:11000:900120004:2:53,-0.1,2026-10-02T01:01:04.695736+02:00
295949548,de:11000:900120005:5:58,-0.4,2026-10-02T01:01:04.695736+02:00
295949548,de:11000:900100004:1:51,-0.9,2026-10-02T01:01:04.695736+02:00
295949548,de:11000:900100003:2:53,-0.9,2026-10-02T01:01:04.695736+02:00
295949548,de:11000:900100002:1:51,-0.9,2026-10-02T01:01:04.695736+02:00
295949548,de:11000:900100001:3:55,-0.9,2026-10-02T01:01:04.695736+02:00
295949548,de:11000:900003201:3:55,-0.6,2026-10-02T01:01:04.695736+02:00
295949548,de:11000:900003102:1:51,-0.3,2026-10-02T01:01:04.695736+02:00
295949548,de:11000:900003103:1:51,-0.4,2026-10-02T01:01:04.695736+02:00
295949548,de:11000:900023201:3:55,-0.3,2026-10-02T01:01:04.695736+02:00
295949548,de:11000:900024203:1:51,-0.3,2026-10-02T01:01:04.695736+02:00
295949548,de:11000:900024101:4:57,-0.3,2026-10-02T01:01:04.695736+02:00
295949548,de:11000:900024102:1:50,-0.6,2026-10-02T01:01:04.695736+02:00
295949548,de:11000:900048101:1:50,-0.8,2026-10-02T01:01:04.695736+02:00
295949548,de:11000:900052201:2:52,0.0,2026-10-02T01:01:04.695736+02:00
295949548,de:11000:900053301:1:50,-0.4,2026-10-02T01:01:04.695736+02:00
295949548,de:12054:900230003:1:50,-0.4,2026-10-02T01:01:04.695736+02:00
295949548,de:12054:900230000:1:51,-0.4,2026-10-02T01:01:04.695736+02:00
295949548,de:12054:900230999:3:54,-0.9,2026-10-02T01:01:04.695736+02:00
295949544,de:11000:900170004:2:52,0.0,2026-10-02T01:01:04.695736+02:00
295949544,de:11000:900170003:1:51,-0.3,2026-10-02T01:01:04.695736+02:00
295949544,de:11000:900170002:1:51,-0.1,2026-10-02T01:01:04.695736+02:00
295949544,de:11000:900170001:1:51,-0.9,2026-10-02T01:01:04.695736+02:00
295949544,de:11000:900170005:1:51,-0.7,2026-10-02T01:01:04.695736+02:00
295949544,de:11000:900171003:1:51,-0.6,2026-10-02T01:01:04.695736+02:00
295949544,de:11000:900171002:1:51,-0.9,2026-10-02T01:01:04.695736+02:00
295949544,de:11000:900160004:1:51,-0.3,2026-10-02T01:01:04.695736+02:00
295949544,de:11000:900160003:1:51,-0.4,2026-10-02T01:01:04.695736+02:00
295949544,de:11000:900120003:3:55,-0.6,2026-10-02T01:01:04.695736+02:00
295949544,de:11000:900120004:2:53,-0.1,2026-10-02T01:01:04.695736+02:00
295949544,de:11000:900120005:5:58,-0.4,2026-10-02T01:01:04.695736+02:00
295949544,de:11000:900100004:1:51,-0.9,2026-10-02T01:01:04.695736+02:00
295949544,de:11000:900100003:2:53,-0.9,2026-10-02T01:01:04.695736+02:00
295949544,de:11000:900100002:1:51,-0.9,2026-10-02T01:01:04.695736+02:00
295949544,de:11000:900100001:3:55,-0.9,2026-10-02T01:01:04.695736+02:00
295949544,de:11000:900003201:3:55,-0.6,2026-10-02T01:01:04.695736+02:00
295949544,de:11000:900003102:1:51,-0.3,2026-10-02T01:01:04.695736+02:00
295949544,de:11000:900003103:1:51,-0.4,2026-10-02T01:01:04.695736+02:00
295949544,de:11000:900023201:3:55,-0.3,2026-10-02T01:01:04.695736+02:00
295949544,de:11000:900024203:1:51,-0.3,2026-10-02T01:01:04.695736+02:00
295949544,de:11000:900024101:4:57,-0.3,2026-10-02T01:01:04.695736+02:00
295949544,de:11000:900024102:1:50,-0.6,2026-10-02T01:01:04.695736+02:00
295949544,de:11000:900048101:1:50,-0.8,2026-10-02T01:01:04.695736+02:00
295949544,de:11000:900052201:2:52,0.0,2026-10-02T01:01:04.695736+02:00
295949544,de:11000:900053301:1:50,-0.4,2026-10-02T01:01:04.695736+02:00
295949544,de:12054:900230003:1:50,-0.4,2026-10-02T01:01:04.695736+02:00
295949544,de:12054:900230000:1:51,-0.4,2026-10-02T01:01:04.695736+02:00
295949544,de:12054:900230999:3:54,-0.9,2026-10-02T01:01:04.695736+02:00
295953423,de:11000:900120005:4:56,0.0,2026-10-02T01:01:04.695736+02:00
295953423,de:11000:900120004:1:50,-0.6,2026-10-02T01:01:04.695736+02:00
295953423,de:11000:900120003:2:53,-0.9,2026-10-02T01:01:04.695736+02:00
295953423,de:11000:900160003:1:50,-0.2,2026-10-02T01:01:04.695736+02:00
295953423,de:11000:900160004:1:50,-0.2,2026-10-02T01:01:04.695736+02:00
295953423,de:11000:900171002:1:50,-0.7,2026-10-02T01:01:04.695736+02:00
295953423,de:11000:900171003:1:50,-0.8,2026-10-02T01:01:04.695736+02:00
295953423,de:11000:900152002:1:50,-0.4,2026-10-02T01:01:04.695736+02:00
295953423,de:11000:900152001:1:50,-0.6,2026-10-02T01:01:04.695736+02:00
295953423,de:11000:900151001:1:51,-0.9,2026-10-02T01:01:04.695736+02:00
295949466,de:12054:900230999:3:55,0.0,2026-10-02T01:01:04.695736+02:00
295949466,de:12054:900230000:1:50,-0.3,2026-10-02T01:01:04.695736+02:00
295949466,de:12054:900230003:1:54,-0.3,2026-10-02T01:01:04.695736+02:00
295949466,de:11000:900053301:2:53,-0.4,2026-10-02T01:01:04.695736+02:00
295949466,de:11000:900052201:2:53,-0.7,2026-10-02T01:01:04.695736+02:00
295949466,de:11000:900048101:2:53,-0.9,2026-10-02T01:01:04.695736+02:00
295949466,de:11000:900024102:2:53,-0.9,2026-10-02T01:01:04.695736+02:00
295949466,de:11000:900024101:3:55,-0.3,2026-10-02T01:01:04.695736+02:00
295949466,de:11000:900024203:1:51,-0.3,2026-10-02T01:01:04.695736+02:00
295949466,de:11000:900023201:3:54,-0.2,2026-10-02T01:01:04.695736+02:00
295949466,de:11000:900003103:1:50,-0.3,2026-10-02T01:01:04.695736+02:00
295949466,de:11000:900003102:1:50,-0.4,2026-10-02T01:01:04.695736+02:00
295949466,de:11000:900003201:3:54,0.0,2026-10-02T01:01:04.695736+02:00
295949466,de:11000:900100001:3:54,-0.6,2026-10-02T01:01:04.695736+02:00
295949466,de:11000:900100002:1:50,-0.9,2026-10-02T01:01:04.695736+02:00
295949466,de:11000:900100003:2:52,-0.6,2026-10-02T01:01:04.695736+02:00
295949466,de:11000:900100004:1:50,-0.9,2026-10-02T01:01:04.695736+02:00
295949466,de:11000:900120005:4:55,-0.1,2026-10-02T01:01:04.695736+02:00
295949466,de:11000:900120004:1:50,-0.6,2026-10-02T01:01:04.695736+02:00
295949466,de:11000:900120003:2:53,-0.9,2026-10-02T01:01:04.695736+02:00
295949466,de:11000:900160003:1:50,-0.2,2026-10-02T01:01:04.695736+02:00
295949466,de:11000:900160004:1:50,-0.2,2026-10-02T01:01:04.695736+02:00
295949466,de:11000:900171002:1:50,-0.7,2026-10-02T01:01:04.695736+02:00
295949466,de:11000:900171003:1:50,-0.8,2026-10-02T01:01:04.695736+02:00
295949466,de:11000:900170005:1:50,-0.3,2026-10-02T01:01:04.695736+02:00
295949466,de:11000:900170001:1:50,-0.1,2026-10-02T01:01:04.695736+02:00
295949466,de:11000:900170002:1:50,-0.9,2026-10-02T01:01:04.695736+02:00
295949466,de:11000:900170003:1:50,-0.7,2026-10-02T01:01:04.695736+02:00
295949466,de:11000:900170004:2:52,-0.9,2026-10-02T01:01:04.695736+02:00
295949454,de:12054:900230999:3:55,0.0,2026-10-02T01:01:04.695736+02:00
295949454,de:12054:900230000:1:50,-0.3,2026-10-02T01:01:04.695736+02:00
295949454,de:12054:900230003:1:54,-0.3,2026-10-02T01:01:04.695736+02:00
295949454,de:11000:900053301:2:53,-0.4,2026-10-02T01:01:04.695736+02:00
295949454,de:11000:900052201:2:53,-0.7,2026-10-02T01:01:04.695736+02:00
295949454,de:11000:900048101:2:53,-0.9,2026-10-02T01:01:04.695736+02:00
295949454,de:11000:900024102:2:53,-0.9,2026-10-02T01:01:04.695736+02:00
295949454,de:11000:900024101:3:55,-0.3,2026-10-02T01:01:04.695736+02:00
295949454,de:11000:900024203:1:51,-0.3,2026-10-02T01:01:04.695736+02:00
295949454,de:11000:900023201:3:54,-0.2,2026-10-02T01:01:04.695736+02:00
295949454,de:11000:900003103:1:50,-0.3,2026-10-02T01:01:04.695736+02:00
295949454,de:11000:900003102:1:50,-0.4,2026-10-02T01:01:04.695736+02:00
295949454,de:11000:900003201:3:54,0.0,2026-10-02T01:01:04.695736+02:00
295949454,de:11000:900100001:3:54,-0.6,2026-10-02T01:01:04.695736+02:00
295949454,de:11000:900100002:1:50,-0.9,2026-10-02T01:01:04.695736+02:00
295949454,de:11000:900100003:2:52,-0.6,2026-10-02T01:01:04.695736+02:00
295949454,de:11000:900100004:1:50,-0.9,2026-10-02T01:01:04.695736+02:00
295949454,de:11000:900120005:4:55,-0.1,2026-10-02T01:01:04.695736+02:00
295949454,de:11000:900120004:1:50,-0.6,2026-10-02T01:01:04.695736+02:00
295949454,de:11000:900120003:2:53,-0.9,2026-10-02T01:01:04.695736+02:00
295949454,de:11000:900160003:1:50,-0.2,2026-10-02T01:01:04.695736+02:00
295949454,de:11000:900160004:1:50,-0.2,2026-10-02T01:01:04.695736+02:00
295949454,de:11000:900171002:1:50,-0.7,2026-10-02T01:01:04.695736+02:00
295949454,de:11000:900171003:1:50,-0.8,2026-10-02T01:01:04.695736+02:00
295949454,de:11000:900170005:1:50,-0.3,2026-10-02T01:01:04.695736+02:00
295949454,de:11000:900170001:1:50,-0.1,2026-10-02T01:01:04.695736+02:00
295949454,de:11000:900170002:1:50,-0.9,2026-10-02T01:01:04.695736+02:00
295949454,de:11000:900170003:1:50,-0.7,2026-10-02T01:01:04.695736+02:00
295949454,de:11000:900170004:2:52,-0.9,2026-10-02T01:01:04.695736+02:00
295949446,de:12054:900230999:3:55,0.0,2026-10-02T01:01:04.695736+02:00
295949446,de:12054:900230000:1:50,-0.3,2026-10-02T01:01:04.695736+02:00
295949446,de:12054:900230003:1:54,-0.3,2026-10-02T01:01:04.695736+02:00
295949446,de:11000:900053301:2:53,-0.4,2026-10-02T01:01:04.695736+02:00
295949446,de:11000:900052201:2:53,-0.7,2026-10-02T01:01:04.695736+02:00
295949446,de:11000:900048101:2:53,-0.9,2026-10-02T01:01:04.695736+02:00
295949446,de:11000:900024102:2:53,-0.9,2026-10-02T01:01:04.695736+02:00
295949446,de:11000:900024101:3:55,-0.3,2026-10-02T01:01:04.695736+02:00
295949446,de:11000:900024203:1:51,-0.3,2026-10-02T01:01:04.695736+02:00
295949446,de:11000:900023201:3:54,-0.2,2026-10-02T01:01:04.695736+02:00
295949446,de:11000:900003103:1:50,-0.3,2026-10-02T01:01:04.695736+02:00
295949446,de:11000:900003102:1:50,-0.4,2026-10-02T01:01:04.695736+02:00
295949446,de:11000:900003201:3:54,0.0,2026-10-02T01:01:04.695736+02:00
295949446,de:11000:900100001:3:54,-0.6,2026-10-02T01:01:04.695736+02:00
295949446,de:11000:900100002:1:50,-0.9,2026-10-02T01:01:04.695736+02:00
295949446,de:11000:900100003:2:52,-0.6,2026-10-02T01:01:04.695736+02:00
295949446,de:11000:900100004:1:50,-0.9,2026-10-02T01:01:04.695736+02:00
295949446,de:11000:900120005:4:55,-0.1,2026-10-02T01:01:04.695736+02:00
295949446,de:11000:900120004:1:50,-0.6,2026-10-02T01:01:04.695736+02:00
295949446,de:11000:900120003:2:53,-0.9,2026-10-02T01:01:04.695736+02:00
295949446,de:11000:900160003:1:50,-0.2,2026-10-02T01:01:04.695736+02:00
295949446,de:11000:900160004:1:50,-0.2,2026-10-02T01:01:04.695736+02:00
295949446,de:11000:900171002:1:50,-0.7,2026-10-02T01:01:04.695736+02:00
295949446,de:11000:900171003:1:50,-0.8,2026-10-02T01:01:04.695736+02:00
295949446,de:11000:900170005:1:50,-0.3,2026-10-02T01:01:04.695736+02:00
295949446,de:11000:900170001:1:50,-0.1,2026-10-02T01:01:04.695736+02:00
295949446,de:11000:900170002:1:50,-0.9,2026-10-02T01:01:04.695736+02:00
295949446,de:11000:900170003:1:50,-0.7,2026-10-02T01:01:04.695736+02:00
295949446,de:11000:900170004:2:52,-0.9,2026-10-02T01:01:04.695736+02:00
306896295,de:12067:900310888::2,0.0,2026-10-02T01:01:04.695736+02:00
306896295,de:12067:900310881::2,0.0,2026-10-02T01:01:04.695736+02:00
306896295,de:12067:900310885::1,0.0,2026-10-02T01:01:04.695736+02:00
306896295,de:12067:900310883::2,0.0,2026-10-02T01:01:04.695736+02:00
306896295,de:12067:900310920::2,0.0,2026-10-02T01:01:04.695736+02:00
306896295,de:12067:900310882::2,0.0,2026-10-02T01:01:04.695736+02:00
306896295,de:12067:900310889::2,0.0,2026-10-02T01:01:04.695736+02:00
306896295,de:12067:900310890::2,0.0,2026-10-02T01:01:04.695736+02:00
306896295,de:12067:900310847::2,0.0,2026-10-02T01:01:04.695736+02:00
306896295,de:12067:900310846::2,0.0,2026-10-02T01:01:04.695736+02:00
306896295,de:12067:900310854::2,0.0,2026-10-02T01:01:04.695736+02:00
306896295,de:12067:900310857::2,0.0,2026-10-02T01:01:04.695736+02:00
306896295,de:12067:900311970::1,0.0,2026-10-02T01:01:04.695736+02:00
306896295,de:12067:900310853::1,0.0,2026-10-02T01:01:04.695736+02:00
306896295,de:12067:900310845::1,0.0,2026-10-02T01:01:04.695736+02:00
306896295,de:12067:900310855::2,0.0,2026-10-02T01:01:04.695736+02:00
306896295,de:12067:900310844::2,0.0,2026-10-02T01:01:04.695736+02:00
306896295,de:12067:900310856::1,0.0,2026-10-02T01:01:04.695736+02:00
306896295,de:12067:900310849::2,0.0,2026-10-02T01:01:04.695736+02:00
306896295,de:12067:900310851::2,0.0,2026-10-02T01:01:04.695736+02:00
306896295,de:12067:900310850::2,0.0,2026-10-02T01:01:04.695736+02:00
306896295,de:12067:900310852::2,0.0,2026-10-02T01:01:04.695736+02:00
306896295,de:12067:900310555::2,0.0,2026-10-02T01:01:04.695736+02:00
306896295,de:12067:900310557::2,0.0,2026-10-02T01:01:04.695736+02:00
306896295,de:12067:900310563::3,0.0,2026-10-02T01:01:04.695736+02:00
306896295,de:12067:900310563::4,0.0,2026-10-02T01:01:04.695736+02:00
306896295,de:12067:900310013::7,0.0,2026-10-02T01:01:04.695736+02:00
295960126,de:11000:900186001:2:53,0.0,2026-10-02T01:01:04.695736+02:00
295960126,de:11000:900193002:1:51,-0.2,2026-10-02T01:01:04.695736+02:00
295960126,de:11000:900193001:2:51,-0.8,2026-10-02T01:01:04.695736+02:00
295960126,de:11000:900192001:3:55,-0.7,2026-10-02T01:01:04.695736+02:00
295960126,de:11000:900191001:1:50,-0.4,2026-10-02T01:01:04.695736+02:00
295960126,de:11000:900191002:1:51,-0.8,2026-10-02T01:01:04.695736+02:00
295960126,de:11000:900190001:2:53,-0.6,2026-10-02T01:01:04.695736+02:00
295960126,de:11000:900120003:5:59,0.0,2026-10-02T01:01:04.695736+02:00
295960126,de:11000:900120001:1:51,-0.6,2026-10-02T01:01:04.695736+02:00
295960126,de:11000:900110012:1:51,-0.8,2026-10-02T01:01:04.695736+02:00
295960126,de:11000:900110004:1:51,-0.7,2026-10-02T01:01:04.695736+02:00
295960126,de:11000:900110003:1:51,0.0,2026-10-02T01:01:04.695736+02:00
295960126,de:11000:900110002:1:51,0.0,2026-10-02T01:01:04.695736+02:00
295960126,de:11000:900110001:1:51,-0.7,2026-10-02T01:01:04.695736+02:00
295960126,de:11000:900110011:2:52,-0.4,2026-10-02T01:01:04.695736+02:00
295960126,de:11000:900130002:1:50,0.0,2026-10-02T01:01:04.695736+02:00
295960126,de:11000:900130001:1:50,-0.7,2026-10-02T01:01:04.695736+02:00
295960126,de:11000:900142001:1:50,-0.2,2026-10-02T01:01:04.695736+02:00
295960126,de:12065:900200013:1:50,-0.3,2026-10-02T01:01:04.695736+02:00
295960126,de:12065:900200012:1:50,-0.9,2026-10-02T01:01:04.695736+02:00
295960126,de:12065:900200011:1:50,-0.4,2026-10-02T01:01:04.695736+02:00
295960126,de:12065:900200009:1:50,-0.9,2026-10-02T01:01:04.695736+02:00
295960126,de:12065:900200008:1:50,-0.9,2026-10-02T01:01:04.695736+02:00
295960133,de:12061:900260002:1:50,0.0,2026-10-02T01:01:04.695736+02:00
295960133,de:12061:900260003:1:51,-0.7,2026-10-02T01:01:04.695736+02:00
295960133,de:12061:900260004:1:51,-0.9,2026-10-02T01:01:04.695736+02:00
295960133,de:11000:900186001:2:53,-0.2,2026-10-02T01:01:04.695736+02:00
295960133,de:11000:900193002:1:51,-0.2,2026-10-02T01:01:04.695736+02:00
295960133,de:11000:900193001:2:51,-0.8,2026-10-02T01:01:04.695736+02:00
295960133,de:11000:900192001:3:55,-0.7,2026-10-02T01:01:04.695736+02:00
295960133,de:11000:900191001:1:50,-0.4,2026-10-02T01:01:04.695736+02:00
295960133,de:11000:900191002:1:51,-0.8,2026-10-02T01:01:04.695736+02:00
295960133,de:11000:900190001:2:53,-0.6,2026-10-02T01:01:04.695736+02:00
295960133,de:11000:900120003:5:59,0.0,2026-10-02T01:01:04.695736+02:00
295960133,de:11000:900120001:1:51,-0.6,2026-10-02T01:01:04.695736+02:00
295960133,de:11000:900110012:1:51,-0.8,2026-10-02T01:01:04.695736+02:00
295960133,de:11000:900110004:1:51,-0.7,2026-10-02T01:01:04.695736+02:00
295960133,de:11000:900110003:1:51,0.0,2026-10-02T01:01:04.695736+02:00
295960133,de:11000:900110002:1:51,0.0,2026-10-02T01:01:04.695736+02:00
295960133,de:11000:900110001:1:51,-0.7,2026-10-02T01:01:04.695736+02:00
295960133,de:11000:900110011:2:52,-0.4,2026-10-02T01:01:04.695736+02:00
295960133,de:11000:900130002:1:50,0.0,2026-10-02T01:01:04.695736+02:00
295960133,de:11000:900130001:1:50,-0.7,2026-10-02T01:01:04.695736+02:00
295960133,de:11000:900142001:1:50,-0.2,2026-10-02T01:01:04.695736+02:00
295960133,de:12065:900200013:1:50,-0.3,2026-10-02T01:01:04.695736+02:00
295960133,de:12065:900200012:1:50,-0.9,2026-10-02T01:01:04.695736+02:00
295960133,de:12065:900200011:1:50,-0.4,2026-10-02T01:01:04.695736+02:00
295960133,de:12065:900200009:1:50,-0.9,2026-10-02T01:01:04.695736+02:00
295960133,de:12065:900200008:1:50,-0.9,2026-10-02T01:01:04.695736+02:00
295963601,de:11000:900092201:1:51,0.0,2026-10-02T01:01:04.695736+02:00
295963601,de:11000:900093201:1:51,-0.4,2026-10-02T01:01:04.695736+02:00
295963601,de:11000:900094101:1:51,-0.3,2026-10-02T01:01:04.695736+02:00
295963601,de:11000:900096101:1:51,-0.1,2026-10-02T01:01:04.695736+02:00
295963601,de:11000:900084101:1:51,-0.2,2026-10-02T01:01:04.695736+02:00
295963601,de:11000:900085201:1:51,-0.8,2026-10-02T01:01:04.695736+02:00
295963601,de:11000:900130003:1:51,-0.8,2026-10-02T01:01:04.695736+02:00
295963601,de:11000:900110011:1:50,-0.9,2026-10-02T01:01:04.695736+02:00
295963601,de:11000:900110001:1:50,-0.2,2026-10-02T01:01:04.695736+02:00
295963601,de:11000:900110002:1:50,-0.9,2026-10-02T01:01:04.695736+02:00
295963601,de:11000:900110003:1:50,-0.9,2026-10-02T01:01:04.695736+02:00
295963601,de:11000:900110004:1:50,-0.3,2026-10-02T01:01:04.695736+02:00
295963601,de:11000:900110012:1:50,-0.2,2026-10-02T01:01:04.695736+02:00
295963601,de:11000:900120001:1:50,-0.2,2026-10-02T01:01:04.695736+02:00
295963601,de:11000:900120003:5:58,-0.6,2026-10-02T01:01:04.695736+02:00
295963601,de:11000:900190001:1:51,-0.1,2026-10-02T01:01:04.695736+02:00
295963601,de:11000:900191002:1:50,0.0,2026-10-02T01:01:04.695736+02:00
295963601,de:11000:900191001:2:52,-0.4,2026-10-02T01:01:04.695736+02:00
295963601,de:11000:900192001:2:52,-0.2,2026-10-02T01:01:04.695736+02:00
295963601,de:11000:900193001:1:50,-0.7,2026-10-02T01:01:04.695736+02:00
295963601,de:11000:900193002:1:50,-0.3,2026-10-02T01:01:04.695736+02:00
295963601,de:11000:900195510:1:51,-0.7,2026-10-02T01:01:04.695736+02:00
295963601,de:11000:900196001:1:50,-0.9,2026-10-02T01:01:04.695736+02:00
295963601,de:12061:900260005:3:54,-0.7,2026-10-02T01:01:04.695736+02:00
295963601,de:12061:900260080:1:50,0.0,2026-10-02T01:01:04.695736+02:00
295963601,de:12061:900260009:3:56,-0.2,2026-10-02T01:01:04.695736+02:00
306895625,de:12067:900311083::3,0.0,2026-10-02T01:01:04.695736+02:00
306895625,de:12067:900310775::1,0.0,2026-10-02T01:01:04.695736+02:00
306895625,de:12067:900311083::2,0.0,2026-10-02T01:01:04.695736+02:00
306895625,de:12067:900310814::2,0.0,2026-10-02T01:01:04.695736+02:00
306895625,de:12067:900310804::2,0.0,2026-10-02T01:01:04.695736+02:00
306895625,de:12067:900311150::2,0.0,2026-10-02T01:01:04.695736+02:00
306895625,de:12067:900311135::2,0.0,2026-10-02T01:01:04.695736+02:00
306895625,de:12067:900311149::2,0.0,2026-10-02T01:01:04.695736+02:00
306895625,de:12067:900310001::11,0.0,2026-10-02T01:01:04.695736+02:00
306895625,de:12067:900310001::2,0.0,2026-10-02T01:01:04.695736+02:00
306895625,de:12067:900310816::1,0.0,2026-10-02T01:01:04.695736+02:00
306895625,de:12067:900310627::1,0.0,2026-10-02T01:01:04.695736+02:00
306895625,de:12067:900310781::1,0.0,2026-10-02T01:01:04.695736+02:00
306895625,de:12067:900310822::1,0.0,2026-10-02T01:01:04.695736+02:00
306895625,de:12067:900310771::1,0.0,2026-10-02T01:01:04.695736+02:00
306895625,de:12067:900310811::1,0.0,2026-10-02T01:01:04.695736+02:00
306895625,de:12067:900310630::1,0.0,2026-10-02T01:01:04.695736+02:00
306895625,de:12067:900310812::1,0.0,2026-10-02T01:01:04.695736+02:00
306895625,de:12067:900310770::1,0.0,2026-10-02T01:01:04.695736+02:00
306895625,de:12067:900310010::3,0.0,2026-10-02T01:01:04.695736+02:00
306895625,de:12067:900310880::1,0.0,2026-10-02T01:01:04.695736+02:00
306895625,de:12067:900310815::1,0.0,2026-10-02T01:01:04.695736+02:00
306895625,de:12067:900310807::1,0.0,2026-10-02T01:01:04.695736+02:00
307332664,de:11000:900029101:1:51,0.0,2026-10-02T01:01:04.695736+02:00
307332664,de:11000:900030202:1:50,-0.3,2026-10-02T01:01:04.695736+02:00
307332664,de:11000:900025424:1:51,-0.2,2026-10-02T01:01:04.695736+02:00
307332664,de:11000:900025321:1:51,-0.2,2026-10-02T01:01:04.695736+02:00
307332664,de:11000:900026105:1:50,-0.4,2026-10-02T01:01:04.695736+02:00
307332664,de:11000:900025423:1:50,-0.7,2026-10-02T01:01:04.695736+02:00
307332664,de:11000:900024102:2:53,-0.7,2026-10-02T01:01:04.695736+02:00
307332664,de:11000:900024101:3:55,-0.3,2026-10-02T01:01:04.695736+02:00
307332664,de:11000:900024203:1:51,-0.8,2026-10-02T01:01:04.695736+02:00
307332664,de:11000:900023201:3:54,-0.7,2026-10-02T01:01:04.695736+02:00
307332664,de:11000:900003103:1:50,-0.8,2026-10-02T01:01:04.695736+02:00
307332664,de:11000:900003102:1:50,-0.9,2026-10-02T01:01:04.695736+02:00
307332664,de:11000:900003201:3:54,-0.5,2026-10-02T01:01:04.695736+02:00
307332664,de:11000:900100001:3:54,-0.1,2026-10-02T01:01:04.695736+02:00
307332664,de:11000:900100002:1:50,-0.4,2026-10-02T01:01:04.695736+02:00
307332664,de:11000:900100003:2:52,-0.1,2026-10-02T01:01:04.695736+02:00
307332664,de:11000:900100004:1:50,-0.4,2026-10-02T01:01:04.695736+02:00
307332664,de:11000:900120005:4:56,-0.6,2026-10-02T01:01:04.695736+02:00
307332664,de:11000:900120004:1:51,-0.1,2026-10-02T01:01:04.695736+02:00
307332664,de:11000:900190001:1:51,-0.2,2026-10-02T01:01:04.695736+02:00
307332664,de:11000:900191002:1:50,0.0,2026-10-02T01:01:04.695736+02:00
307332664,de:11000:900191001:2:52,-0.4,2026-10-02T01:01:04.695736+02:00
307332664,de:11000:900192001:2:52,-0.7,2026-10-02T01:01:04.695736+02:00
307332664,de:11000:900193001:1:50,-0.2,2026-10-02T01:01:04.695736+02:00
307332664,de:11000:900193002:1:50,-0.8,2026-10-02T01:01:04.695736+02:00
307332664,de:11000:900195510:1:51,-0.2,2026-10-02T01:01:04.695736+02:00
307332664,de:11000:900196001:1:50,-0.4,2026-10-02T01:01:04.695736+02:00
307332664,de:12061:900260005:3:54,-0.2,2026-10-02T01:01:04.695736+02:00
307332664,de:12061:900260080:1:50,-0.7,2026-10-02T01:01:04.695736+02:00
307332664,de:12061:900260009:3:55,-0.9,2026-10-02T01:01:04.695736+02:00
306047345,de:12064:900320008::2,0.0,2026-10-02T01:01:04.695736+02:00
306047345,de:12064:900320050::2,0.0,2026-10-02T01:01:04.695736+02:00
306047345,de:12064:900320120::1,0.0,2026-10-02T01:01:04.695736+02:00
306047345,de:12064:900320119::1,0.0,2026-10-02T01:01:04.695736+02:00
306047345,de:12064:900320017::1,0.0,2026-10-02T01:01:04.695736+02:00
306047345,de:12064:900320523::1,0.0,2026-10-02T01:01:04.695736+02:00
306047345,de:12064:900320510::2,0.0,2026-10-02T01:01:04.695736+02:00
306047345,de:12064:900320511::2,0.0,2026-10-02T01:01:04.695736+02:00
306047345,de:12064:900320520::2,0.0,2026-10-02T01:01:04.695736+02:00
306047345,de:11000:900175010::5,-1.0,2026-10-02T01:01:04.695736+02:00
306047345,de:12064:900320022::2,0.0,2026-10-02T01:01:04.695736+02:00
306047345,de:12064:900320021::2,0.0,2026-10-02T01:01:04.695736+02:00
306047345,de:12064:900320505::2,0.0,2026-10-02T01:01:04.695736+02:00
306047345,de:12064:900320035::2,0.0,2026-10-02T01:01:04.695736+02:00
306047345,de:12064:900320506::2,0.0,2026-10-02T01:01:04.695736+02:00
306047345,de:12064:900320020::1,0.0,2026-10-02T01:01:04.695736+02:00
306895287,de:12067:900310001::3,0.0,2026-10-02T01:01:04.695736+02:00
306895287,de:12067:900310816::1,0.0,2026-10-02T01:01:04.695736+02:00
306895287,de:12067:900310627::1,0.0,2026-10-02T01:01:04.695736+02:00
306895287,de:12067:900310781::1,0.0,2026-10-02T01:01:04.695736+02:00
306895287,de:12067:900310822::1,0.0,2026-10-02T01:01:04.695736+02:00
306895287,de:12067:900310771::1,0.0,2026-10-02T01:01:04.695736+02:00
306895287,de:12067:900310800::1,0.0,2026-10-02T01:01:04.695736+02:00
306895287,de:12067:900310879::1,0.0,2026-10-02T01:01:04.695736+02:00
306895287,de:12067:900310010::4,0.0,2026-10-02T01:01:04.695736+02:00
306895287,de:12067:900310880::1,0.0,2026-10-02T01:01:04.695736+02:00
306895287,de:12067:900310900::1,0.0,2026-10-02T01:01:04.695736+02:00
306895287,de:12067:900310917::1,0.0,2026-10-02T01:01:04.695736+02:00
306895287,de:12067:900310916::1,-0.5,2026-10-02T01:01:04.695736+02:00
306895287,de:12067:900310915::1,-0.5,2026-10-02T01:01:04.695736+02:00
306895287,de:12067:900310703::4,0.0,2026-10-02T01:01:04.695736+02:00
306895287,de:12067:900310914::1,0.0,2026-10-02T01:01:04.695736+02:00
306895287,de:12067:900310974::1,0.0,2026-10-02T01:01:04.695736+02:00
306895287,de:12067:900311084::1,0.0,2026-10-02T01:01:04.695736+02:00
306895287,de:12067:900311092::1,0.0,2026-10-02T01:01:04.695736+02:00
306895287,de:12067:900310866::2,0.0,2026-10-02T01:01:04.695736+02:00
306895287,de:12067:900311160::1,0.0,2026-10-02T01:01:04.695736+02:00
306895287,de:12067:900310874::1,0.0,2026-10-02T01:01:04.695736+02:00
306895287,de:12067:900310925::1,0.0,2026-10-02T01:01:04.695736+02:00
306043420,de:12064:900320005::1,0.0,2026-10-02T01:01:04.695736+02:00
306043420,de:12064:900320628::1,0.0,2026-10-02T01:01:04.695736+02:00
306043420,de:12064:900320629::1,0.0,2026-10-02T01:01:04.695736+02:00
306043420,de:12064:900320627::1,0.0,2026-10-02T01:01:04.695736+02:00
306043420,de:12064:900320608::1,0.0,2026-10-02T01:01:04.695736+02:00
306043420,de:12064:900320601::2,0.0,2026-10-02T01:01:04.695736+02:00
306043420,de:12064:900320602::2,0.0,2026-10-02T01:01:04.695736+02:00
306043420,de:12064:900320615::1,0.0,2026-10-02T01:01:04.695736+02:00
306043420,de:12064:900320603::1,0.0,2026-10-02T01:01:04.695736+02:00
306043420,de:12064:900320604::1,0.0,2026-10-02T01:01:04.695736+02:00
306043420,de:12064:900320605::1,0.0,2026-10-02T01:01:04.695736+02:00
306043420,de:12064:900320613::2,0.0,2026-10-02T01:01:04.695736+02:00
306043420,de:12064:900320606::1,0.0,2026-10-02T01:01:04.695736+02:00
306043420,de:12064:900320614::1,0.0,2026-10-02T01:01:04.695736+02:00
306043420,de:12064:900320607::1,0.0,2026-10-02T01:01:04.695736+02:00
306043420,de:12064:900320602::1,0.0,2026-10-02T01:01:04.695736+02:00
306043420,de:12064:900320601::1,0.0,2026-10-02T01:01:04.695736+02:00
306043420,de:12064:900320608::2,0.0,2026-10-02T01:01:04.695736+02:00
306043420,de:12064:900320600::1,0.0,2026-10-02T01:01:04.695736+02:00
306043420,de:12064:900320616::2,0.0,2026-10-02T01:01:04.695736+02:00
306043420,de:12064:900320004::1,0.0,2026-10-02T01:01:04.695736+02:00
295879335,de:12065:900200005:3:1,0.0,2026-10-02T01:01:04.695736+02:00
295879335,de:12065:900200006:1:51,-0.3,2026-10-02T01:01:04.695736+02:00
295879335,de:12065:900200007:1:51,-0.7,2026-10-02T01:01:04.695736+02:00
295879335,de:12065:900200008:1:51,-0.2,2026-10-02T01:01:04.695736+02:00
295879335,de:12065:900200009:1:51,-0.1,2026-10-02T01:01:04.695736+02:00
295879335,de:11000:900092201:1:51,-0.7,2026-10-02T01:01:04.695736+02:00
295879335,de:11000:900093201:1:51,-0.4,2026-10-02T01:01:04.695736+02:00
295879335,de:11000:900094101:1:51,-0.8,2026-10-02T01:01:04.695736+02:00
295879335,de:11000:900096101:1:51,-0.1,2026-10-02T01:01:04.695736+02:00
295879335,de:11000:900084101:1:51,-0.2,2026-10-02T01:01:04.695736+02:00
295879335,de:11000:900085201:1:51,-0.8,2026-10-02T01:01:04.695736+02:00
295879335,de:11000:900130003:1:51,-0.8,2026-10-02T01:01:04.695736+02:00
295879335,de:11000:900110011:1:50,-0.9,2026-10-02T01:01:04.695736+02:00
295879335,de:11000:900007102:1:50,-0.9,2026-10-02T01:01:04.695736+02:00
295879335,de:11000:900008101:1:50,0.0,2026-10-02T01:01:04.695736+02:00
295879335,de:11000:900007104:1:51,-0.7,2026-10-02T01:01:04.695736+02:00
295879335,de:11000:900100007:1:50,-0.7,2026-10-02T01:01:04.695736+02:00
295879335,de:11000:900100001:4:56,-0.5,2026-10-02T01:01:04.695736+02:00
295879335,de:11000:900100025:1:50,-0.4,2026-10-02T01:01:04.695736+02:00
295879335,de:11000:900100020:3:54,-0.4,2026-10-02T01:01:04.695736+02:00
295879335,de:11000:900012101:1:51,-0.5,2026-10-02T01:01:04.695736+02:00
295879335,de:11000:900057102:1:50,-0.7,2026-10-02T01:01:04.695736+02:00
295879335,de:11000:900057104:2:51,-0.4,2026-10-02T01:01:04.695736+02:00
295879335,de:11000:900054104:1:50,-0.3,2026-10-02T01:01:04.695736+02:00
295879335,de:11000:900060101:1:50,-0.3,2026-10-02T01:01:04.695736+02:00
295879335,de:11000:900063101:1:50,-0.1,2026-10-02T01:01:04.695736+02:00
295879335,de:11000:900062202:1:50,-0.1,2026-10-02T01:01:04.695736+02:00
295879335,de:11000:900066102:1:50,-0.2,2026-10-02T01:01:04.695736+02:00
295879335,de:11000:900066101:1:50,-0.1,2026-10-02T01:01:04.695736+02:00
295879335,de:11000:900049202:1:50,-0.3,2026-10-02T01:01:04.695736+02:00
295879335,de:11000:900049201:1:50,-0.4,2026-10-02T01:01:04.695736+02:00
295879335,de:11000:900050301:1:50,0.0,2026-10-02T01:01:04.695736+02:00
295879335,de:11000:900050355:1:50,-0.1,2026-10-02T01:01:04.695736+02:00
295879335,de:11000:900052201:1:50,-0.5,2026-10-02T01:01:04.695736+02:00
295879335,de:11000:900053301:1:51,-0.9,2026-10-02T01:01:04.695736+02:00
295879327,de:12065:900200005:3:1,0.0,2026-10-02T01:01:04.695736+02:00
295879327,de:12065:900200006:1:51,-0.3,2026-10-02T01:01:04.695736+02:00
295879327,de:12065:900200007:1:51,-0.7,2026-10-02T01:01:04.695736+02:00
295879327,de:12065:900200008:1:51,-0.2,2026-10-02T01:01:04.695736+02:00
295879327,de:12065:900200009:1:51,-0.1,2026-10-02T01:01:04.695736+02:00
295879327,de:11000:900092201:1:51,-0.7,2026-10-02T01:01:04.695736+02:00
295879327,de:11000:900093201:1:51,-0.4,2026-10-02T01:01:04.695736+02:00
295879327,de:11000:900094101:1:51,-0.8,2026-10-02T01:01:04.695736+02:00
295879327,de:11000:900096101:1:51,-0.1,2026-10-02T01:01:04.695736+02:00
295879327,de:11000:900084101:1:51,-0.2,2026-10-02T01:01:04.695736+02:00
295879327,de:11000:900085201:1:51,-0.8,2026-10-02T01:01:04.695736+02:00
295879327,de:11000:900130003:1:51,-0.8,2026-10-02T01:01:04.695736+02:00
295879327,de:11000:900110011:1:50,-0.9,2026-10-02T01:01:04.695736+02:00
295879327,de:11000:900007102:1:50,-0.9,2026-10-02T01:01:04.695736+02:00
295879327,de:11000:900008101:1:50,0.0,2026-10-02T01:01:04.695736+02:00
295879327,de:11000:900007104:1:51,-0.7,2026-10-02T01:01:04.695736+02:00
295879327,de:11000:900100007:1:50,-0.7,2026-10-02T01:01:04.695736+02:00
295879327,de:11000:900100001:4:56,-0.5,2026-10-02T01:01:04.695736+02:00
295879327,de:11000:900100025:1:50,-0.4,2026-10-02T01:01:04.695736+02:00
295879327,de:11000:900100020:3:54,-0.4,2026-10-02T01:01:04.695736+02:00
295879327,de:11000:900012101:1:51,-0.5,2026-10-02T01:01:04.695736+02:00
295879327,de:11000:900057102:1:50,-0.7,2026-10-02T01:01:04.695736+02:00
295879327,de:11000:900057104:2:51,-0.4,2026-10-02T01:01:04.695736+02:00
295879327,de:11000:900054104:1:50,-0.3,2026-10-02T01:01:04.695736+02:00
295879327,de:11000:900060101:1:50,-0.3,2026-10-02T01:01:04.695736+02:00
295879327,de:11000:900063101:1:50,-0.1,2026-10-02T01:01:04.695736+02:00
295879327,de:11000:900062202:1:50,-0.1,2026-10-02T01:01:04.695736+02:00
295879327,de:11000:900066102:1:50,-0.2,2026-10-02T01:01:04.695736+02:00
295879327,de:11000:900066101:1:50,-0.1,2026-10-02T01:01:04.695736+02:00
295879327,de:11000:900049202:1:50,-0.3,2026-10-02T01:01:04.695736+02:00
295879327,de:11000:900049201:1:50,-0.4,2026-10-02T01:01:04.695736+02:00
295879327,de:11000:900050301:1:50,0.0,2026-10-02T01:01:04.695736+02:00
295879327,de:11000:900050355:1:50,-0.1,2026-10-02T01:01:04.695736+02:00
295879327,de:11000:900052201:1:50,-0.5,2026-10-02T01:01:04.695736+02:00
295879327,de:11000:900053301:1:51,-0.9,2026-10-02T01:01:04.695736+02:00
306895878,de:12067:900310001::5,0.0,2026-10-02T01:01:04.695736+02:00
306895878,de:12067:900311149::1,0.0,2026-10-02T01:01:04.695736+02:00
306895878,de:12067:900310781::1,0.0,2026-10-02T01:01:04.695736+02:00
306895878,de:12067:900310789::1,0.0,2026-10-02T01:01:04.695736+02:00
306895878,de:12067:900310797::1,0.0,2026-10-02T01:01:04.695736+02:00
306895878,de:12067:900310773::1,0.0,2026-10-02T01:01:04.695736+02:00
306895878,de:12067:900311115::1,0.0,2026-10-02T01:01:04.695736+02:00
295879432,de:11000:900053301:2:52,0.0,2026-10-02T01:01:04.695736+02:00
295879432,de:11000:900052201:1:51,0.0,2026-10-02T01:01:04.695736+02:00
295879432,de:11000:900050355:1:51,-0.3,2026-10-02T01:01:04.695736+02:00
295879432,de:11000:900050301:1:51,-0.4,2026-10-02T01:01:04.695736+02:00
295879432,de:11000:900049201:1:51,0.0,2026-10-02T01:01:04.695736+02:00
295879432,de:11000:900049202:1:51,0.0,2026-10-02T01:01:04.695736+02:00
295879432,de:11000:900066101:1:51,-0.3,2026-10-02T01:01:04.695736+02:00
295879432,de:11000:900066102:1:51,-0.2,2026-10-02T01:01:04.695736+02:00
295879432,de:11000:900062202:1:51,-0.2,2026-10-02T01:01:04.695736+02:00
295879432,de:11000:900063101:1:51,-0.2,2026-10-02T01:01:04.695736+02:00
295879432,de:11000:900060101:1:51,-0.9,2026-10-02T01:01:04.695736+02:00
295879432,de:11000:900054104:1:51,-0.9,2026-10-02T01:01:04.695736+02:00
295879432,de:11000:900057104:1:50,-0.4,2026-10-02T01:01:04.695736+02:00
295879432,de:11000:900057102:1:51,-0.1,2026-10-02T01:01:04.695736+02:00
295879432,de:11000:900012101:2:52,-0.9,2026-10-02T01:01:04.695736+02:00
295879432,de:11000:900100020:4:57,-0.3,2026-10-02T01:01:04.695736+02:00
295879432,de:11000:900100025:1:51,-0.4,2026-10-02T01:01:04.695736+02:00
295879432,de:11000:900100001:4:57,-0.1,2026-10-02T01:01:04.695736+02:00
295879432,de:11000:900100007:1:51,-0.2,2026-10-02T01:01:04.695736+02:00
295879432,de:11000:900007104:2:52,-0.2,2026-10-02T01:01:04.695736+02:00
295879432,de:11000:900008101:1:51,-0.9,2026-10-02T01:01:04.695736+02:00
295879432,de:11000:900007102:2:53,-0.6,2026-10-02T01:01:04.695736+02:00
295879432,de:11000:900110011:2:53,-0.9,2026-10-02T01:01:04.695736+02:00
295879432,de:11000:900085201:1:50,-0.9,2026-10-02T01:01:04.695736+02:00
295879432,de:11000:900084101:1:50,-0.7,2026-10-02T01:01:04.695736+02:00
295879432,de:11000:900096101:1:50,-0.8,2026-10-02T01:01:04.695736+02:00
295879432,de:11000:900094101:1:50,-0.1,2026-10-02T01:01:04.695736+02:00
295879432,de:11000:900093201:1:50,-0.4,2026-10-02T01:01:04.695736+02:00
295879432,de:11000:900092201:1:50,-0.2,2026-10-02T01:01:04.695736+02:00
295879432,de:12065:900200009:1:50,-0.7,2026-10-02T01:01:04.695736+02:00
295879432,de:12065:900200008:1:50,-0.7,2026-10-02T01:01:04.695736+02:00
295879432,de:12065:900200007:1:50,-0.2,2026-10-02T01:01:04.695736+02:00
295879432,de:12065:900200006:1:50,-0.5,2026-10-02T01:01:04.695736+02:00
295879432,de:12065:900200005:3:1,-0.9,2026-10-02T01:01:04.695736+02:00
306895914,de:12067:900310001::5,0.0,2026-10-02T01:01:04.695736+02:00
306895914,de:12067:900311149::1,0.0,2026-10-02T01:01:04.695736+02:00
306895914,de:12067:900310781::1,0.0,2026-10-02T01:01:04.695736+02:00
306895914,de:12067:900310822::1,0.0,2026-10-02T01:01:04.695736+02:00
306895914,de:12067:900310808::1,0.0,2026-10-02T01:01:04.695736+02:00
306895914,de:12067:900310777::1,0.0,2026-10-02T01:01:04.695736+02:00
306895914,de:12067:900310796::1,0.0,2026-10-02T01:01:04.695736+02:00
306895914,de:12067:900310780::1,0.0,2026-10-02T01:01:04.695736+02:00
306895914,de:12067:900310875::1,0.0,2026-10-02T01:01:04.695736+02:00
306895914,de:12067:900310837::1,0.0,2026-10-02T01:01:04.695736+02:00
306895914,de:12067:900310817::1,0.0,2026-10-02T01:01:04.695736+02:00
306895914,de:12067:900311145::1,0.0,2026-10-02T01:01:04.695736+02:00
295879313,de:12065:900200005:3:1,0.0,2026-10-02T01:01:04.695736+02:00
295879313,de:12065:900200006:1:51,-0.3,2026-10-02T01:01:04.695736+02:00
295879313,de:12065:900200007:1:51,-0.7,2026-10-02T01:01:04.695736+02:00
295879313,de:12065:900200008:1:51,-0.2,2026-10-02T01:01:04.695736+02:00
295879313,de:12065:900200009:1:51,-0.1,2026-10-02T01:01:04.695736+02:00
295879313,de:11000:900092201:1:51,-0.7,2026-10-02T01:01:04.695736+02:00
295879313,de:11000:900093201:1:51,-0.4,2026-10-02T01:01:04.695736+02:00
295879313,de:11000:900094101:1:51,-0.8,2026-10-02T01:01:04.695736+02:00
295879313,de:11000:900096101:1:51,-0.1,2026-10-02T01:01:04.695736+02:00
295879313,de:11000:900084101:1:51,-0.2,2026-10-02T01:01:04.695736+02:00
295879313,de:11000:900085201:1:51,-0.8,2026-10-02T01:01:04.695736+02:00
295879313,de:11000:900130003:1:51,-0.8,2026-10-02T01:01:04.695736+02:00
295879313,de:11000:900110011:1:50,-0.9,2026-10-02T01:01:04.695736+02:00
295879313,de:11000:900007102:1:50,-0.9,2026-10-02T01:01:04.695736+02:00
295879313,de:11000:900008101:1:50,0.0,2026-10-02T01:01:04.695736+02:00
295879313,de:11000:900007104:1:51,-0.7,2026-10-02T01:01:04.695736+02:00
295879313,de:11000:900100007:1:50,-0.7,2026-10-02T01:01:04.695736+02:00
295879313,de:11000:900100001:4:56,-0.5,2026-10-02T01:01:04.695736+02:00
295879313,de:11000:900100025:1:50,-0.4,2026-10-02T01:01:04.695736+02:00
295879313,de:11000:900100020:3:54,-0.4,2026-10-02T01:01:04.695736+02:00
295879313,de:11000:900012101:1:51,-0.5,2026-10-02T01:01:04.695736+02:00
295879313,de:11000:900057102:1:50,-0.7,2026-10-02T01:01:04.695736+02:00
295879313,de:11000:900057104:2:51,-0.4,2026-10-02T01:01:04.695736+02:00
295879313,de:11000:900054104:1:50,-0.3,2026-10-02T01:01:04.695736+02:00
295879313,de:11000:900060101:1:50,-0.3,2026-10-02T01:01:04.695736+02:00
295879313,de:11000:900063101:1:50,-0.1,2026-10-02T01:01:04.695736+02:00
295879313,de:11000:900062202:1:50,-0.1,2026-10-02T01:01:04.695736+02:00
295879313,de:11000:900066102:1:50,-0.2,2026-10-02T01:01:04.695736+02:00
295879313,de:11000:900066101:1:50,-0.1,2026-10-02T01:01:04.695736+02:00
295879313,de:11000:900049202:1:50,-0.3,2026-10-02T01:01:04.695736+02:00
295879313,de:11000:900049201:1:50,-0.4,2026-10-02T01:01:04.695736+02:00
295879313,de:11000:900050301:1:50,0.0,2026-10-02T01:01:04.695736+02:00
295879313,de:11000:900050355:1:50,-0.1,2026-10-02T01:01:04.695736+02:00
295879313,de:11000:900052201:1:50,-0.5,2026-10-02T01:01:04.695736+02:00
295879313,de:11000:900053301:1:51,-0.9,2026-10-02T01:01:04.695736+02:00
306896105,de:12067:900310031::2,0.0,2026-10-02T01:01:04.695736+02:00
306896105,de:12067:900310031::2,-19.0,2026-10-02T01:01:04.695736+02:00
306896105,de:12067:900311114::1,0.0,2026-10-02T01:01:04.695736+02:00
306896105,de:12067:900310031::2,19.0,2026-10-02T01:01:04.695736+02:00
306896105,de:12067:900310031::2,0.0,2026-10-02T01:01:04.695736+02:00
306896105,de:12067:900310555::2,0.0,2026-10-02T01:01:04.695736+02:00
306896105,de:12067:900310557::2,0.0,2026-10-02T01:01:04.695736+02:00
306896105,de:12067:900310013::7,0.0,2026-10-02T01:01:04.695736+02:00
306896114,de:12067:900310031::2,0.0,2026-10-02T01:01:04.695736+02:00
306896114,de:12067:900311114::1,0.0,2026-10-02T01:01:04.695736+02:00
306896114,de:12067:900311024::1,0.0,2026-10-02T01:01:04.695736+02:00
306896114,de:12067:900311025::2,0.0,2026-10-02T01:01:04.695736+02:00
306896214,de:12067:900310013::5,0.0,2026-10-02T01:01:04.695736+02:00
306896214,de:12067:900310557::3,0.0,2026-10-02T01:01:04.695736+02:00
306896214,de:12067:900310555::1,0.0,2026-10-02T01:01:04.695736+02:00
306896214,de:12067:900310852::1,0.0,2026-10-02T01:01:04.695736+02:00
306896214,de:12067:900310850::1,0.0,2026-10-02T01:01:04.695736+02:00
306896214,de:12067:900310851::1,0.0,2026-10-02T01:01:04.695736+02:00
306896214,de:12067:900310849::1,0.0,2026-10-02T01:01:04.695736+02:00
306896214,de:12067:900310856::1,0.0,2026-10-02T01:01:04.695736+02:00
306896214,de:12067:900310849::2,0.0,2026-10-02T01:01:04.695736+02:00
306896214,de:12067:900310851::2,0.0,2026-10-02T01:01:04.695736+02:00
306896214,de:12067:900310850::2,0.0,2026-10-02T01:01:04.695736+02:00
306896214,de:12067:900310852::2,0.0,2026-10-02T01:01:04.695736+02:00
306896214,de:12067:900311114::1,0.0,2026-10-02T01:01:04.695736+02:00
306896214,de:12067:900311023::1,0.0,2026-10-02T01:01:04.695736+02:00
306896214,de:12067:900311024::1,0.0,2026-10-02T01:01:04.695736+02:00
306896214,de:12067:900311025::2,0.0,2026-10-02T01:01:04.695736+02:00
306896255,de:12061:900260001::6,0.0,2026-10-02T01:01:04.695736+02:00
306896255,de:12061:900260798::1,0.0,2026-10-02T01:01:04.695736+02:00
306896255,de:12061:900260890::1,0.0,2026-10-02T01:01:04.695736+02:00
306896255,de:12061:900260887::1,0.0,2026-10-02T01:01:04.695736+02:00
306896255,de:12061:900260886::1,0.0,2026-10-02T01:01:04.695736+02:00
306896255,de:12061:900260888::1,0.0,2026-10-02T01:01:04.695736+02:00
306896255,de:12061:900260889::1,0.0,2026-10-02T01:01:04.695736+02:00
306896255,de:12061:900261047::1,0.0,2026-10-02T01:01:04.695736+02:00
306896255,de:12061:900261048::1,0.0,2026-10-02T01:01:04.695736+02:00
306896255,de:12061:900261051::1,0.0,2026-10-02T01:01:04.695736+02:00
306896255,de:12061:900261050::2,0.0,2026-10-02T01:01:04.695736+02:00
306896255,de:12061:900260170::1,0.0,2026-10-02T01:01:04.695736+02:00
306896255,de:12061:900260167::1,0.0,2026-10-02T01:01:04.695736+02:00
306896255,de:12061:900260168::1,0.0,2026-10-02T01:01:04.695736+02:00
306896255,de:12061:900260171::1,0.0,2026-10-02T01:01:04.695736+02:00
306896255,de:12061:900260166::1,0.0,2026-10-02T01:01:04.695736+02:00
306896255,de:12061:900260169::4,0.0,2026-10-02T01:01:04.695736+02:00
306896255,de:12061:900260165::1,0.0,2026-10-02T01:01:04.695736+02:00
306896255,de:12067:900310950::2,0.0,2026-10-02T01:01:04.695736+02:00
306896255,de:12067:900310955::2,0.0,2026-10-02T01:01:04.695736+02:00
306896255,de:12067:900310568::2,0.0,2026-10-02T01:01:04.695736+02:00
306896255,de:12067:900310556::2,0.0,2026-10-02T01:01:04.695736+02:00
306896255,de:12067:900310558::4,0.0,2026-10-02T01:01:04.695736+02:00
306896255,de:12067:900310559::2,0.0,2026-10-02T01:01:04.695736+02:00
306896255,de:12067:900310563::4,0.0,2026-10-02T01:01:04.695736+02:00
306896255,de:12067:900310013::7,0.0,2026-10-02T01:01:04.695736+02:00
306896332,de:12067:900310013::4,0.0,2026-10-02T01:01:04.695736+02:00
306896332,de:12067:900310557::3,0.0,2026-10-02T01:01:04.695736+02:00
306896332,de:12067:900310555::1,0.0,2026-10-02T01:01:04.695736+02:00
306896332,de:12067:900310852::1,0.0,2026-10-02T01:01:04.695736+02:00
306896332,de:12067:900310850::1,0.0,2026-10-02T01:01:04.695736+02:00
306896332,de:12067:900310851::1,0.0,2026-10-02T01:01:04.695736+02:00
306896332,de:12067:900310849::1,0.0,2026-10-02T01:01:04.695736+02:00
306896332,de:12067:900310856::1,0.0,2026-10-02T01:01:04.695736+02:00
306896332,de:12067:900310844::1,0.0,2026-10-02T01:01:04.695736+02:00
306896332,de:12067:900310855::1,0.0,2026-10-02T01:01:04.695736+02:00
306896332,de:12067:900311970::1,0.0,2026-10-02T01:01:04.695736+02:00
306896332,de:12067:900310853::1,0.0,2026-10-02T01:01:04.695736+02:00
306896332,de:12067:900310845::1,0.0,2026-10-02T01:01:04.695736+02:00
306896332,de:12067:900310857::1,0.0,2026-10-02T01:01:04.695736+02:00
306896332,de:12067:900310854::1,0.0,2026-10-02T01:01:04.695736+02:00
306896332,de:12067:900310846::1,0.0,2026-10-02T01:01:04.695736+02:00
306896332,de:12067:900310847::1,0.0,2026-10-02T01:01:04.695736+02:00
306896332,de:12067:900310890::1,0.0,2026-10-02T01:01:04.695736+02:00
306896332,de:12067:900310889::1,0.0,2026-10-02T01:01:04.695736+02:00
306896332,de:12067:900310882::1,0.0,2026-10-02T01:01:04.695736+02:00
306896332,de:12067:900310920::1,0.0,2026-10-02T01:01:04.695736+02:00
306896332,de:12067:900310883::1,0.0,2026-10-02T01:01:04.695736+02:00
306896332,de:12067:900310885::1,0.0,2026-10-02T01:01:04.695736+02:00
306896332,de:12067:900310881::1,0.0,2026-10-02T01:01:04.695736+02:00
306896332,de:12067:900310888::1,0.0,2026-10-02T01:01:04.695736+02:00
295883478,de:11000:900100020:3:55,0.0,2026-10-02T01:01:04.695736+02:00
295883478,de:11000:900012101:1:51,-0.5,2026-10-02T01:01:04.695736+02:00
295883478,de:11000:900057102:1:50,-0.7,2026-10-02T01:01:04.695736+02:00
295883478,de:11000:900057104:2:51,-0.4,2026-10-02T01:01:04.695736+02:00
295883478,de:11000:900054104:1:50,-0.3,2026-10-02T01:01:04.695736+02:00
295883478,de:11000:900060101:1:50,-0.3,2026-10-02T01:01:04.695736+02:00
295883478,de:11000:900063101:1:50,-0.1,2026-10-02T01:01:04.695736+02:00
295883478,de:11000:900062202:1:50,-0.1,2026-10-02T01:01:04.695736+02:00
295883478,de:11000:900066102:1:50,-0.2,2026-10-02T01:01:04.695736+02:00
295883478,de:11000:900066101:1:50,-0.1,2026-10-02T01:01:04.695736+02:00
295883478,de:11000:900049202:1:50,-0.3,2026-10-02T01:01:04.695736+02:00
295883478,de:11000:900049201:1:50,-0.4,2026-10-02T01:01:04.695736+02:00
295883513,de:11000:900049201:1:51,0.0,2026-10-02T01:01:04.695736+02:00
295883513,de:11000:900049202:1:51,0.0,2026-10-02T01:01:04.695736+02:00
295883513,de:11000:900066101:1:51,-0.3,2026-10-02T01:01:04.695736+02:00
295883513,de:11000:900066102:1:51,-0.2,2026-10-02T01:01:04.695736+02:00
295883513,de:11000:900062202:1:51,-0.2,2026-10-02T01:01:04.695736+02:00
295883513,de:11000:900063101:1:51,-0.2,2026-10-02T01:01:04.695736+02:00
295883513,de:11000:900060101:1:51,-0.9,2026-10-02T01:01:04.695736+02:00
295883513,de:11000:900054104:1:51,-0.9,2026-10-02T01:01:04.695736+02:00
295883513,de:11000:900057104:1:50,-0.4,2026-10-02T01:01:04.695736+02:00
295883513,de:11000:900057102:1:51,-0.1,2026-10-02T01:01:04.695736+02:00
295883513,de:11000:900012101:2:52,-0.8,2026-10-02T01:01:04.695736+02:00
295883513,de:11000:900100020:4:57,-0.9,2026-10-02T01:01:04.695736+02:00
295883470,de:11000:900100020:3:55,0.0,2026-10-02T01:01:04.695736+02:00
295883470,de:11000:900012101:1:51,-0.5,2026-10-02T01:01:04.695736+02:00
295883470,de:11000:900057102:1:50,-0.7,2026-10-02T01:01:04.695736+02:00
295883470,de:11000:900057104:2:51,-0.4,2026-10-02T01:01:04.695736+02:00
295883470,de:11000:900054104:1:50,-0.3,2026-10-02T01:01:04.695736+02:00
295883470,de:11000:900060101:1:50,-0.3,2026-10-02T01:01:04.695736+02:00
295883470,de:11000:900063101:1:50,-0.1,2026-10-02T01:01:04.695736+02:00
295883470,de:11000:900062202:1:50,-0.1,2026-10-02T01:01:04.695736+02:00
295883470,de:11000:900066102:1:50,-0.2,2026-10-02T01:01:04.695736+02:00
295883470,de:11000:900066101:1:50,-0.1,2026-10-02T01:01:04.695736+02:00
295883470,de:11000:900049202:1:50,-0.3,2026-10-02T01:01:04.695736+02:00
295883470,de:11000:900049201:1:50,-0.4,2026-10-02T01:01:04.695736+02:00
306896686,de:12067:900310001::4,0.0,2026-10-02T01:01:04.695736+02:00
306896686,de:12067:900310816::1,0.0,2026-10-02T01:01:04.695736+02:00
306896686,de:12067:900310627::1,0.0,2026-10-02T01:01:04.695736+02:00
306896686,de:12067:900310781::1,0.0,2026-10-02T01:01:04.695736+02:00
306896686,de:12067:900310822::1,0.0,2026-10-02T01:01:04.695736+02:00
306896686,de:12067:900310808::1,0.0,2026-10-02T01:01:04.695736+02:00
306896686,de:12067:900310779::1,0.0,2026-10-02T01:01:04.695736+02:00
306896686,de:12067:900310995::2,0.0,2026-10-02T01:01:04.695736+02:00
306896686,de:12067:900310992::1,-0.5,2026-10-02T01:01:04.695736+02:00
306896686,de:12067:900310989::1,0.0,2026-10-02T01:01:04.695736+02:00
306896686,de:12067:900310990::1,0.0,2026-10-02T01:01:04.695736+02:00
306896686,de:12067:900310991::1,0.0,2026-10-02T01:01:04.695736+02:00
306896686,de:12067:900310904::1,0.0,2026-10-02T01:01:04.695736+02:00
306896686,de:12067:900311118::1,0.0,2026-10-02T01:01:04.695736+02:00
306896686,de:12067:900310966::1,0.0,2026-10-02T01:01:04.695736+02:00
306896686,de:12067:900310997::1,0.0,2026-10-02T01:01:04.695736+02:00
306896686,de:12067:900310998::1,0.0,2026-10-02T01:01:04.695736+02:00
306896686,de:12067:900310997::2,0.0,2026-10-02T01:01:04.695736+02:00
306896686,de:12067:900310966::2,0.0,2026-10-02T01:01:04.695736+02:00
306896686,de:12067:900311118::2,0.0,2026-10-02T01:01:04.695736+02:00
306896686,de:12067:900311059::1,0.0,2026-10-02T01:01:04.695736+02:00
306896686,de:12067:900311110::3,0.0,2026-10-02T01:01:04.695736+02:00
306896686,de:12067:900311058::1,0.0,2026-10-02T01:01:04.695736+02:00
306896686,de:12067:900310611::2,0.0,2026-10-02T01:01:04.695736+02:00
306896082,de:12067:900310013::2,0.0,2026-10-02T01:01:04.695736+02:00
306896082,de:12067:900310572::1,0.0,2026-10-02T01:01:04.695736+02:00
306896082,de:11000:900310550::1,0.0,2026-10-02T01:01:04.695736+02:00
306896082,de:12067:900310534::1,0.0,2026-10-02T01:01:04.695736+02:00
306896082,de:12067:900310580::1,0.0,2026-10-02T01:01:04.695736+02:00
306896082,de:12067:900311095::1,0.0,2026-10-02T01:01:04.695736+02:00
306896082,de:12067:900311097::1,0.0,2026-10-02T01:01:04.695736+02:00
306896082,de:12067:900311096::2,0.0,2026-10-02T01:01:04.695736+02:00
306896082,de:12067:900310516::3,0.0,2026-10-02T01:01:04.695736+02:00
306896082,de:12067:900311014::1,0.0,2026-10-02T01:01:04.695736+02:00
306896082,de:12067:900311012::1,0.0,2026-10-02T01:01:04.695736+02:00
306896082,de:12067:900310529::1,0.0,2026-10-02T01:01:04.695736+02:00
306896082,de:12067:900310503::1,0.0,2026-10-02T01:01:04.695736+02:00
306896082,de:12067:900310502::1,0.0,2026-10-02T01:01:04.695736+02:00
306896082,de:12067:900310014::1,0.0,2026-10-02T01:01:04.695736+02:00
306896082,de:12067:900310511::1,0.0,2026-10-02T01:01:04.695736+02:00
307252175,de:11000:900007102:1:51,0.0,2026-10-02T01:01:04.695736+02:00
307252175,de:11000:900009104:1:51,-0.8,2026-10-02T01:01:04.695736+02:00
307252175,de:11000:900003200:5:58,-0.7,2026-10-02T01:01:04.695736+02:00
295882589,de:11000:900053301:2:52,0.0,2026-10-02T01:01:04.695736+02:00
295882589,de:11000:900052201:1:51,0.0,2026-10-02T01:01:04.695736+02:00
295882589,de:11000:900050355:1:51,-0.3,2026-10-02T01:01:04.695736+02:00
295882589,de:11000:900050301:1:51,-0.4,2026-10-02T01:01:04.695736+02:00
295882589,de:11000:900049201:1:51,0.0,2026-10-02T01:01:04.695736+02:00
295882589,de:11000:900049202:1:51,0.0,2026-10-02T01:01:04.695736+02:00
295882589,de:11000:900066101:1:51,-0.3,2026-10-02T01:01:04.695736+02:00
295882589,de:11000:900066102:1:51,-0.2,2026-10-02T01:01:04.695736+02:00
295882589,de:11000:900062202:1:51,-0.2,2026-10-02T01:01:04.695736+02:00
295882589,de:11000:900063101:1:51,-0.2,2026-10-02T01:01:04.695736+02:00
295882589,de:11000:900060101:1:51,-0.9,2026-10-02T01:01:04.695736+02:00
295882589,de:11000:900054104:1:51,-0.9,2026-10-02T01:01:04.695736+02:00
295882589,de:11000:900057104:1:50,-0.4,2026-10-02T01:01:04.695736+02:00
295882589,de:11000:900057102:1:51,-0.1,2026-10-02T01:01:04.695736+02:00
295882589,de:11000:900012101:2:52,-0.9,2026-10-02T01:01:04.695736+02:00
295882589,de:11000:900100020:4:57,-0.3,2026-10-02T01:01:04.695736+02:00
295882589,de:11000:900100025:1:51,-0.4,2026-10-02T01:01:04.695736+02:00
295882589,de:11000:900100001:4:57,-0.1,2026-10-02T01:01:04.695736+02:00
295882589,de:11000:900100007:1:51,-0.2,2026-10-02T01:01:04.695736+02:00
295882589,de:11000:900007104:2:52,-0.2,2026-10-02T01:01:04.695736+02:00
295882589,de:11000:900008101:1:51,-0.9,2026-10-02T01:01:04.695736+02:00
295882589,de:11000:900007102:2:53,-0.6,2026-10-02T01:01:04.695736+02:00
295882589,de:11000:900110011:2:53,-0.9,2026-10-02T01:01:04.695736+02:00
295882589,de:11000:900085201:1:50,-0.9,2026-10-02T01:01:04.695736+02:00
295882589,de:11000:900084101:1:50,-0.7,2026-10-02T01:01:04.695736+02:00
295882589,de:11000:900096101:1:50,-0.8,2026-10-02T01:01:04.695736+02:00
295882589,de:11000:900094101:1:50,-0.1,2026-10-02T01:01:04.695736+02:00
295882589,de:11000:900093201:1:50,-0.4,2026-10-02T01:01:04.695736+02:00
295882589,de:11000:900092201:1:50,-0.2,2026-10-02T01:01:04.695736+02:00
306896892,de:12067:900310001::4,0.0,2026-10-02T01:01:04.695736+02:00
306896892,de:12067:900310816::1,0.0,2026-10-02T01:01:04.695736+02:00
306896892,de:12067:900310627::1,0.0,2026-10-02T01:01:04.695736+02:00
306896892,de:12067:900310781::1,0.0,2026-10-02T01:01:04.695736+02:00
306896892,de:12067:900310822::1,0.0,2026-10-02T01:01:04.695736+02:00
306896892,de:12067:900310771::1,0.0,2026-10-02T01:01:04.695736+02:00
306896892,de:12067:900310800::1,0.0,2026-10-02T01:01:04.695736+02:00
306896892,de:12067:900310879::1,0.0,2026-10-02T01:01:04.695736+02:00
306896892,de:12067:900310010::4,0.0,2026-10-02T01:01:04.695736+02:00
306896892,de:12067:900310880::1,0.0,2026-10-02T01:01:04.695736+02:00
306896892,de:12067:900310900::1,0.0,2026-10-02T01:01:04.695736+02:00
306896892,de:12067:900310917::1,0.0,2026-10-02T01:01:04.695736+02:00
306896892,de:12067:900310916::1,-0.5,2026-10-02T01:01:04.695736+02:00
306896892,de:12067:900310915::1,-0.5,2026-10-02T01:01:04.695736+02:00
306896892,de:12067:900310703::4,0.0,2026-10-02T01:01:04.695736+02:00
306896892,de:12067:900310914::1,0.0,2026-10-02T01:01:04.695736+02:00
306896892,de:12067:900310974::1,0.0,2026-10-02T01:01:04.695736+02:00
306896892,de:12067:900310975::1,0.0,2026-10-02T01:01:04.695736+02:00
306896892,de:12067:900310908::1,0.0,2026-10-02T01:01:04.695736+02:00
306896892,de:12067:900311002::1,0.0,2026-10-02T01:01:04.695736+02:00
306896892,de:12067:900310841::1,0.0,2026-10-02T01:01:04.695736+02:00
306896892,de:12067:900310722::1,-0.5,2026-10-02T01:01:04.695736+02:00
306896892,de:12067:900310637::1,0.0,2026-10-02T01:01:04.695736+02:00
306896892,de:12067:900311129::7,0.0,2026-10-02T01:01:04.695736+02:00
306896892,de:12067:900311129::4,0.0,2026-10-02T01:01:04.695736+02:00
306896892,de:12067:900310727::3,0.0,2026-10-02T01:01:04.695736+02:00
306896892,de:12067:900310755::2,0.0,2026-10-02T01:01:04.695736+02:00
306896892,de:12067:900310728::3,0.0,2026-10-02T01:01:04.695736+02:00
306896892,de:12067:900311129::6,0.0,2026-10-02T01:01:04.695736+02:00
306896236,de:12067:900310013::5,0.0,2026-10-02T01:01:04.695736+02:00
306896236,de:12067:900310563::3,0.0,2026-10-02T01:01:04.695736+02:00
306896236,de:12067:900310563::4,0.0,2026-10-02T01:01:04.695736+02:00
306896236,de:12067:900310557::3,0.0,2026-10-02T01:01:04.695736+02:00
306896236,de:12067:900310555::1,0.0,2026-10-02T01:01:04.695736+02:00
306896236,de:12067:900310852::1,0.0,2026-10-02T01:01:04.695736+02:00
306896236,de:12067:900310850::1,0.0,2026-10-02T01:01:04.695736+02:00
306896236,de:12067:900310851::1,0.0,2026-10-02T01:01:04.695736+02:00
306896236,de:12067:900310849::1,0.0,2026-10-02T01:01:04.695736+02:00
306896236,de:12067:900310856::1,0.0,2026-10-02T01:01:04.695736+02:00
306896236,de:12067:900310849::2,0.0,2026-10-02T01:01:04.695736+02:00
306896236,de:12067:900310851::2,0.0,2026-10-02T01:01:04.695736+02:00
306896236,de:12067:900310850::2,0.0,2026-10-02T01:01:04.695736+02:00
306896236,de:12067:900310852::2,0.0,2026-10-02T01:01:04.695736+02:00
306896236,de:12067:900310002::7,0.0,2026-10-02T01:01:04.695736+02:00
306896236,de:12067:900310864::1,0.0,2026-10-02T01:01:04.695736+02:00
306896972,de:12067:900311308::6,0.0,2026-10-02T01:01:04.695736+02:00
306896972,de:12067:900311335::1,0.0,2026-10-02T01:01:04.695736+02:00
306896972,de:12067:900311341::1,0.0,2026-10-02T01:01:04.695736+02:00
306896972,de:12067:900311345::1,0.0,2026-10-02T01:01:04.695736+02:00
306896972,de:12067:900311359::1,0.0,2026-10-02T01:01:04.695736+02:00
306896972,de:12067:900310027::1,0.0,2026-10-02T01:01:04.695736+02:00
306896972,de:12067:900311317::1,0.0,2026-10-02T01:01:04.695736+02:00
306896972,de:12067:900311384::1,0.0,2026-10-02T01:01:04.695736+02:00
306896972,de:12067:900311316::1,0.0,2026-10-02T01:01:04.695736+02:00
306896972,de:12067:900311376::1,0.0,2026-10-02T01:01:04.695736+02:00
306896972,de:12067:900311377::1,0.0,2026-10-02T01:01:04.695736+02:00
306896972,de:12067:900311362::1,0.0,2026-10-02T01:01:04.695736+02:00
306896972,de:12067:900311363::1,0.0,2026-10-02T01:01:04.695736+02:00
306896972,de:12067:900311365::1,0.0,2026-10-02T01:01:04.695736+02:00
306896972,de:12067:900311374::1,0.0,2026-10-02T01:01:04.695736+02:00
306896972,de:12067:900311364::2,0.0,2026-10-02T01:01:04.695736+02:00
306896972,de:12067:900311371::2,0.0,2026-10-02T01:01:04.695736+02:00
306896972,de:12067:900311336::1,0.0,2026-10-02T01:01:04.695736+02:00
306896972,de:12067:900311352::1,0.0,2026-10-02T01:01:04.695736+02:00
306896972,de:12067:900311333::1,0.0,2026-10-02T01:01:04.695736+02:00
306896972,de:12067:900311334::1,0.0,2026-10-02T01:01:04.695736+02:00
306896972,de:12067:900311304::1,0.0,2026-10-02T01:01:04.695736+02:00
306896972,de:12067:900311305::2,0.0,2026-10-02T01:01:04.695736+02:00
306896972,de:12067:900311383::6,0.0,2026-10-02T01:01:04.695736+02:00
306896972,de:12067:900311353::1,0.0,2026-10-02T01:01:04.695736+02:00
306896972,de:12067:900311321::1,0.0,2026-10-02T01:01:04.695736+02:00
306896972,de:12067:900311350::2,0.0,2026-10-02T01:01:04.695736+02:00
306896972,de:12067:900311348::2,0.0,2026-10-02T01:01:04.695736+02:00
306896972,de:12067:900311308::4,0.0,2026-10-02T01:01:04.695736+02:00
306897207,de:12067:900311308::5,0.0,2026-10-02T01:01:04.695736+02:00
306897207,de:12067:900311380::1,0.0,2026-10-02T01:01:04.695736+02:00
306897207,de:12067:900311348::1,0.0,2026-10-02T01:01:04.695736+02:00
306897207,de:12067:900311315::1,0.0,2026-10-02T01:01:04.695736+02:00
306897207,de:12067:900311383::1,0.0,2026-10-02T01:01:04.695736+02:00
306897207,de:12067:900311305::1,0.0,2026-10-02T01:01:04.695736+02:00
306897207,de:12067:900311320::1,0.0,2026-10-02T01:01:04.695736+02:00
306897207,de:12067:900311354::2,0.0,2026-10-02T01:01:04.695736+02:00
306897207,de:12067:900311352::2,0.0,2026-10-02T01:01:04.695736+02:00
306897207,de:12067:900311336::2,0.0,2026-10-02T01:01:04.695736+02:00
306897207,de:12067:900311371::1,0.0,2026-10-02T01:01:04.695736+02:00
306897207,de:12067:900311364::1,0.0,2026-10-02T01:01:04.695736+02:00
306897207,de:12067:900311460::1,0.0,2026-10-02T01:01:04.695736+02:00
306897207,de:12067:900310601::1,0.0,2026-10-02T01:01:04.695736+02:00
306897207,de:12067:900311511::1,0.0,2026-10-02T01:01:04.695736+02:00
306897207,de:12067:900311513::2,0.0,2026-10-02T01:01:04.695736+02:00
306897207,de:12067:900311513::1,0.0,2026-10-02T01:01:04.695736+02:00
306897207,de:12067:900311613::1,0.0,2026-10-02T01:01:04.695736+02:00
306897207,de:12067:900311616::1,0.0,2026-10-02T01:01:04.695736+02:00
306897207,de:12067:900311614::1,0.0,2026-10-02T01:01:04.695736+02:00
306897207,de:12067:900311612::1,0.0,2026-10-02T01:01:04.695736+02:00
306897207,de:12067:900311617::1,0.0,2026-10-02T01:01:04.695736+02:00
306897207,de:12067:900311615::1,0.0,2026-10-02T01:01:04.695736+02:00
306897207,de:12067:900311541::1,0.0,2026-10-02T01:01:04.695736+02:00
306897207,de:12067:900311541::2,0.0,2026-10-02T01:01:04.695736+02:00
306897207,de:12067:900311615::2,0.0,2026-10-02T01:01:04.695736+02:00
306897207,de:12067:900311230::1,0.0,2026-10-02T01:01:04.695736+02:00
306897207,de:12067:900311251::1,0.0,2026-10-02T01:01:04.695736+02:00
306897207,de:12067:900311567::1,0.0,2026-10-02T01:01:04.695736+02:00
306897207,de:12067:900311565::2,0.0,2026-10-02T01:01:04.695736+02:00
306896826,de:12067:900310001::4,0.0,2026-10-02T01:01:04.695736+02:00
306896826,de:12067:900310696::1,0.0,2026-10-02T01:01:04.695736+02:00
306896826,de:12067:900310788::1,0.0,2026-10-02T01:01:04.695736+02:00
306896826,de:12067:900310936::1,0.0,2026-10-02T01:01:04.695736+02:00
306896826,de:12067:900311125::1,0.0,2026-10-02T01:01:04.695736+02:00
306896826,de:12067:900310860::1,0.0,2026-10-02T01:01:04.695736+02:00
306896826,de:12067:900311157::1,0.0,2026-10-02T01:01:04.695736+02:00
306896826,de:12067:900310864::1,0.0,2026-10-02T01:01:04.695736+02:00
306897212,de:12053:900360000::4,0.0,2026-10-02T01:01:04.695736+02:00
306897212,de:12053:900360021::4,0.0,2026-10-02T01:01:04.695736+02:00
306897212,de:12053:900360059::4,0.0,2026-10-02T01:01:04.695736+02:00
306897212,de:12053:900360041::4,0.0,2026-10-02T01:01:04.695736+02:00
306897212,de:12053:900360135::2,0.0,2026-10-02T01:01:04.695736+02:00
306897212,de:12053:900360083::2,0.0,2026-10-02T01:01:04.695736+02:00
306897212,de:12053:900360096::4,0.0,2026-10-02T01:01:04.695736+02:00
306897212,de:12053:900360213::4,0.0,2026-10-02T01:01:04.695736+02:00
306897212,de:12053:900360062::2,0.0,2026-10-02T01:01:04.695736+02:00
306897212,de:12067:900311485::1,0.0,2026-10-02T01:01:04.695736+02:00
306897212,de:12067:900311482::2,0.0,2026-10-02T01:01:04.695736+02:00
306897212,de:12067:900311489::1,0.0,2026-10-02T01:01:04.695736+02:00
306897212,de:12067:900311483::2,0.0,2026-10-02T01:01:04.695736+02:00
306897212,de:12067:900310935::1,0.0,2026-10-02T01:01:04.695736+02:00
306897212,de:12067:900310933::1,0.0,2026-10-02T01:01:04.695736+02:00
306897212,de:12067:900311540::2,0.0,2026-10-02T01:01:04.695736+02:00
306897212,de:12067:900310615::2,0.0,2026-10-02T01:01:04.695736+02:00
306897212,de:12067:900310725::2,0.0,2026-10-02T01:01:04.695736+02:00
306897212,de:12067:900310738::2,0.0,2026-10-02T01:01:04.695736+02:00
306897212,de:12067:900310639::1,0.0,2026-10-02T01:01:04.695736+02:00
306897212,de:12067:900310626::1,0.0,2026-10-02T01:01:04.695736+02:00
306897212,de:12067:900311129::6,0.0,2026-10-02T01:01:04.695736+02:00
306897262,de:12067:900311308::5,0.0,2026-10-02T01:01:04.695736+02:00
306897262,de:12067:900311380::1,0.0,2026-10-02T01:01:04.695736+02:00
306897262,de:12067:900311348::1,0.0,2026-10-02T01:01:04.695736+02:00
306897262,de:12067:900311315::1,0.0,2026-10-02T01:01:04.695736+02:00
306897262,de:12067:900311383::2,0.0,2026-10-02T01:01:04.695736+02:00
306897262,de:12067:900311312::1,0.0,2026-10-02T01:01:04.695736+02:00
306897262,de:12067:900311311::1,0.0,2026-10-02T01:01:04.695736+02:00
306897262,de:12067:900311402::2,0.0,2026-10-02T01:01:04.695736+02:00
306897262,de:12067:900311405::1,0.0,2026-10-02T01:01:04.695736+02:00
295882437,de:11000:900092201:1:50,0.0,2026-10-02T01:01:04.695736+02:00
295882437,de:11000:900093201:1:51,-0.4,2026-10-02T01:01:04.695736+02:00
295882437,de:11000:900094101:1:51,-0.3,2026-10-02T01:01:04.695736+02:00
295882437,de:11000:900096101:1:51,-0.1,2026-10-02T01:01:04.695736+02:00
295882437,de:11000:900084101:1:51,-0.2,2026-10-02T01:01:04.695736+02:00
295882437,de:11000:900085201:1:51,-0.8,2026-10-02T01:01:04.695736+02:00
295882437,de:11000:900130003:1:51,-0.8,2026-10-02T01:01:04.695736+02:00
295882437,de:11000:900110011:1:50,-0.9,2026-10-02T01:01:04.695736+02:00
295882437,de:11000:900007102:1:50,-0.9,2026-10-02T01:01:04.695736+02:00
295882437,de:11000:900008101:1:50,0.0,2026-10-02T01:01:04.695736+02:00
295882437,de:11000:900007104:1:51,-0.7,2026-10-02T01:01:04.695736+02:00
295882437,de:11000:900100007:1:50,-0.7,2026-10-02T01:01:04.695736+02:00
295882437,de:11000:900100001:4:56,-0.5,2026-10-02T01:01:04.695736+02:00
295882437,de:11000:900100025:1:50,-0.4,2026-10-02T01:01:04.695736+02:00
295882437,de:11000:900100020:3:54,-0.4,2026-10-02T01:01:04.695736+02:00
295882437,de:11000:900012101:1:51,-0.5,2026-10-02T01:01:04.695736+02:00
295882437,de:11000:900057102:1:50,-0.7,2026-10-02T01:01:04.695736+02:00
295882437,de:11000:900057104:2:51,-0.4,2026-10-02T01:01:04.695736+02:00
295882437,de:11000:900054104:1:50,-0.3,2026-10-02T01:01:04.695736+02:00
295882437,de:11000:900060101:1:50,-0.3,2026-10-02T01:01:04.695736+02:00
295882437,de:11000:900063101:1:50,-0.1,2026-10-02T01:01:04.695736+02:00
295882437,de:11000:900062202:1:50,-0.1,2026-10-02T01:01:04.695736+02:00
295882437,de:11000:900066102:1:50,-0.2,2026-10-02T01:01:04.695736+02:00
295882437,de:11000:900066101:1:50,-0.1,2026-10-02T01:01:04.695736+02:00
295882437,de:11000:900049202:1:50,-0.3,2026-10-02T01:01:04.695736+02:00
295882437,de:11000:900049201:1:50,-0.4,2026-10-02T01:01:04.695736+02:00
295882437,de:11000:900050301:1:50,0.0,2026-10-02T01:01:04.695736+02:00
295882437,de:11000:900050355:1:50,-0.1,2026-10-02T01:01:04.695736+02:00
295882437,de:11000:900052201:1:50,-0.5,2026-10-02T01:01:04.695736+02:00
295882437,de:11000:900053301:1:51,-0.9,2026-10-02T01:01:04.695736+02:00
306896494,de:12064:900320228::1,0.0,2026-10-02T01:01:04.695736+02:00
306896494,de:12064:900320280::2,0.0,2026-10-02T01:01:04.695736+02:00
306896494,de:12064:900320229::2,-0.5,2026-10-02T01:01:04.695736+02:00
306896494,de:12064:900320279::2,-0.5,2026-10-02T01:01:04.695736+02:00
306896494,de:12064:900320277::2,0.0,2026-10-02T01:01:04.695736+02:00
306896494,de:12067:900311015::2,0.0,2026-10-02T01:01:04.695736+02:00
306896494,de:12067:900310711::2,0.0,2026-10-02T01:01:04.695736+02:00
306896494,de:12067:900310712::2,0.0,2026-10-02T01:01:04.695736+02:00
306896494,de:12067:900310802::2,0.0,2026-10-02T01:01:04.695736+02:00
306896494,de:12067:900310803::2,0.0,2026-10-02T01:01:04.695736+02:00
306896494,de:12067:900310813::2,0.0,2026-10-02T01:01:04.695736+02:00
306896494,de:12067:900310825::1,0.0,2026-10-02T01:01:04.695736+02:00
306896494,de:12067:900310835::2,0.0,2026-10-02T01:01:04.695736+02:00
306896494,de:12067:900310001::9,0.0,2026-10-02T01:01:04.695736+02:00
306896494,de:12067:900311149::2,0.0,2026-10-02T01:01:04.695736+02:00
306896494,de:12067:900310001::11,0.0,2026-10-02T01:01:04.695736+02:00
307438369,de:12052:900470000:1:50,0.0,2026-10-02T01:01:04.695736+02:00
307438369,de:12066:900435001:2:52,0.0,2026-10-02T01:01:04.695736+02:00
307438369,de:12066:900435000:1:50,0.0,2026-10-02T01:01:04.695736+02:00
307438369,de:12066:900435061:2:51,0.0,2026-10-02T01:01:04.695736+02:00
307438369,de:12066:900435203:2:51,0.0,2026-10-02T01:01:04.695736+02:00
307438369,de:12062:900416008:1:50,0.0,2026-10-02T01:01:04.695736+02:00
307438369,de:12062:900415167:1:51,0.0,2026-10-02T01:01:04.695736+02:00
307438369,de:12062:900415502:1:50,0.0,2026-10-02T01:01:04.695736+02:00
307431506,de:12054:900230999:1:50,0.0,2026-10-02T01:01:04.695736+02:00
307431506,de:12054:900230006:1:50,0.0,2026-10-02T01:01:04.695736+02:00
307431506,de:12054:900230007:1:50,0.0,2026-10-02T01:01:04.695736+02:00
307431506,de:12069:900220009:1:51,0.0,2026-10-02T01:01:04.695736+02:00
307431506,de:12054:900220010:1:50:B,0.0,2026-10-02T01:01:04.695736+02:00
307431506,de:12054:900220012:2:51,0.0,2026-10-02T01:01:04.695736+02:00
307431506,de:12063:900210001:1:50,0.0,2026-10-02T01:01:04.695736+02:00
307433591,de:12072:900245029:2:52,0.0,2026-10-02T01:01:04.695736+02:00
307433591,de:12072:900245030:2:51,0.0,2026-10-02T01:01:04.695736+02:00
307433591,de:12061:900260009:2:54,0.0,2026-10-02T01:01:04.695736+02:00
307433591,de:11000:900192001:1:51,0.0,2026-10-02T01:01:04.695736+02:00
307433591,de:11000:900120003:4:57,0.0,2026-10-02T01:01:04.695736+02:00
307433591,de:11000:900160004:4:56,0.0,2026-10-02T01:01:04.695736+02:00
307433591,de:11000:900152001:2:52,0.0,2026-10-02T01:01:04.695736+02:00
307433591,de:12065:900200005:2:1,0.0,2026-10-02T01:01:04.695736+02:00
306896534,de:12067:900310708::1,0.0,2026-10-02T01:01:04.695736+02:00
306896534,de:12067:900310710::2,0.0,2026-10-02T01:01:04.695736+02:00
306896534,de:12067:900310709::2,0.0,2026-10-02T01:01:04.695736+02:00
306896534,de:12067:900310869::1,0.0,2026-10-02T01:01:04.695736+02:00
306896534,de:12067:900310870::2,0.0,2026-10-02T01:01:04.695736+02:00
306896534,de:12067:900310872::2,0.0,2026-10-02T01:01:04.695736+02:00
306896534,de:12067:900310871::2,0.0,2026-10-02T01:01:04.695736+02:00
306896534,de:12067:900311046::2,0.0,2026-10-02T01:01:04.695736+02:00
306896534,de:12067:900311045::2,0.0,2026-10-02T01:01:04.695736+02:00
306896534,de:12067:900310962::2,0.0,2026-10-02T01:01:04.695736+02:00
306896534,de:12067:900310959::2,0.0,2026-10-02T01:01:04.695736+02:00
306896534,de:12067:900310963::2,0.0,2026-10-02T01:01:04.695736+02:00
306896534,de:12067:900311083::2,0.0,2026-10-02T01:01:04.695736+02:00
306896534,de:12067:900310814::2,0.0,2026-10-02T01:01:04.695736+02:00
306896534,de:12067:900310804::2,0.0,2026-10-02T01:01:04.695736+02:00
306896534,de:12067:900311150::2,0.0,2026-10-02T01:01:04.695736+02:00
306896534,de:12067:900311135::2,0.0,2026-10-02T01:01:04.695736+02:00
306896534,de:12067:900311149::2,0.0,2026-10-02T01:01:04.695736+02:00
306896534,de:12067:900310001::11,0.0,2026-10-02T01:01:04.695736+02:00
307431422,de:12065:900200000:2:53,0.0,2026-10-02T01:01:04.695736+02:00
307431422,de:12063:900210011:2:51,0.0,2026-10-02T01:01:04.695736+02:00
307431422,de:12063:900210010:2:51,0.0,2026-10-02T01:01:04.695736+02:00
307431422,de:12063:900210180:2:51,0.0,2026-10-02T01:01:04.695736+02:00
307431422,de:11000:900037168:2:51,0.0,2026-10-02T01:01:04.695736+02:00
307431422,de:11000:900029101:3:54,0.0,2026-10-02T01:01:04.695736+02:00
307431422,de:11000:900024101:1:51,0.0,2026-10-02T01:01:04.695736+02:00
307431422,de:11000:900053301:3:54,0.0,2026-10-02T01:01:04.695736+02:00
307431422,de:12054:900230003:3:52,0.0,2026-10-02T01:01:04.695736+02:00
307431422,de:12054:900230999:1:51,0.0,2026-10-02T01:01:04.695736+02:00
307431422,de:12054:900230006:1:50,0.0,2026-10-02T01:01:04.695736+02:00
307431422,de:12054:900230007:1:50,0.0,2026-10-02T01:01:04.695736+02:00
307431422,de:12054:900220010:1:50,0.0,2026-10-02T01:01:04.695736+02:00
307431422,de:12054:900220012:2:51,0.0,2026-10-02T01:01:04.695736+02:00
307431422,de:12063:900210001:2:51,0.0,2026-10-02T01:01:04.695736+02:00
307431400,de:12065:900200000:1:51,0.0,2026-10-02T01:01:04.695736+02:00
307431400,de:12063:900210010:2:51,0.0,2026-10-02T01:01:04.695736+02:00
307431400,de:11000:900029101:3:55,0.0,2026-10-02T01:01:04.695736+02:00
307431400,de:11000:900024101:1:51,0.0,2026-10-02T01:01:04.695736+02:00
307431400,de:11000:900053301:3:54,0.0,2026-10-02T01:01:04.695736+02:00
307431400,de:12054:900230003:3:52,0.0,2026-10-02T01:01:04.695736+02:00
307431400,de:12054:900230999:1:51,0.0,2026-10-02T01:01:04.695736+02:00
307431400,de:12054:900230006:1:50,0.0,2026-10-02T01:01:04.695736+02:00
307431400,de:12054:900230007:1:50,0.0,2026-10-02T01:01:04.695736+02:00
307431400,de:12054:900220010:1:50,0.0,2026-10-02T01:01:04.695736+02:00
307431400,de:12054:900220012:2:51,0.0,2026-10-02T01:01:04.695736+02:00
307431400,de:12063:900210001:2:51,0.0,2026-10-02T01:01:04.695736+02:00
307432909,de:12072:900245027:2:53,0.0,2026-10-02T01:01:04.695736+02:00
307432909,de:12061:900260009:2:54,0.0,2026-10-02T01:01:04.695736+02:00
307432909,de:11000:900192001:1:51,0.0,2026-10-02T01:01:04.695736+02:00
307432909,de:11000:900120003:4:57,0.0,2026-10-02T01:01:04.695736+02:00
307432909,de:11000:900160004:2:53,0.0,2026-10-02T01:01:04.695736+02:00
307432909,de:11000:900152001:2:52,0.0,2026-10-02T01:01:04.695736+02:00
307432909,de:12060:900350160:2:53,0.0,2026-10-02T01:01:04.695736+02:00
307432909,de:12060:900350158:1:50,0.0,2026-10-02T01:01:04.695736+02:00
307432909,de:12060:900350137:1:50,0.0,2026-10-02T01:01:04.695736+02:00
307432909,de:12060:900350126:1:50,0.0,2026-10-02T01:01:04.695736+02:00
307432909,de:12060:900350127:2:51,0.0,2026-10-02T01:01:04.695736+02:00
306896654,de:12067:900310611::1,0.0,2026-10-02T01:01:04.695736+02:00
306896654,de:12067:900311058::2,0.0,2026-10-02T01:01:04.695736+02:00
306896654,de:12067:900311110::4,0.0,2026-10-02T01:01:04.695736+02:00
306896654,de:12067:900311059::2,0.0,2026-10-02T01:01:04.695736+02:00
306896654,de:12067:900311069::1,0.0,2026-10-02T01:01:04.695736+02:00
306896654,de:12067:900311118::1,0.0,2026-10-02T01:01:04.695736+02:00
306896654,de:12067:900310966::1,0.0,2026-10-02T01:01:04.695736+02:00
306896654,de:12067:900310997::1,0.0,2026-10-02T01:01:04.695736+02:00
306896654,de:12067:900310998::1,0.0,2026-10-02T01:01:04.695736+02:00
306896654,de:12067:900310997::2,0.0,2026-10-02T01:01:04.695736+02:00
306896654,de:12067:900310966::2,0.0,2026-10-02T01:01:04.695736+02:00
306896654,de:12067:900311118::2,0.0,2026-10-02T01:01:04.695736+02:00
306896654,de:12067:900310904::2,0.0,2026-10-02T01:01:04.695736+02:00
306896654,de:12067:900310991::2,0.0,2026-10-02T01:01:04.695736+02:00
306896654,de:12067:900310990::1,0.0,2026-10-02T01:01:04.695736+02:00
306896654,de:12067:900310989::2,0.0,2026-10-02T01:01:04.695736+02:00
306896654,de:12067:900310992::2,-0.5,2026-10-02T01:01:04.695736+02:00
306896654,de:12067:900310995::1,0.0,2026-10-02T01:01:04.695736+02:00
306896654,de:12067:900310779::2,0.0,2026-10-02T01:01:04.695736+02:00
306896654,de:12067:900310808::2,0.0,2026-10-02T01:01:04.695736+02:00
306896654,de:12067:900310822::2,0.0,2026-10-02T01:01:04.695736+02:00
306896654,de:12067:900310781::2,0.0,2026-10-02T01:01:04.695736+02:00
306896654,de:12067:900310627::2,0.0,2026-10-02T01:01:04.695736+02:00
306896654,de:12067:900310816::2,0.0,2026-10-02T01:01:04.695736+02:00
306896654,de:12067:900310022::1,0.0,2026-10-02T01:01:04.695736+02:00
306896654,de:12067:900310001::11,0.0,2026-10-02T01:01:04.695736+02:00
307437990,de:12053:900360000:2:52,0.0,2026-10-02T01:01:04.695736+02:00
307437990,de:12067:900311233:1:50,0.0,2026-10-02T01:01:04.695736+02:00
307437990,de:12067:900311232:1:50,0.0,2026-10-02T01:01:04.695736+02:00
307437990,de:12067:900311620:1:50,0.0,2026-10-02T01:01:04.695736+02:00
307437990,de:12067:900311631:1:50,0.0,2026-10-02T01:01:04.695736+02:00
307437990,de:12067:900311307:1:50,0.0,2026-10-02T01:01:04.695736+02:00
307437990,de:12067:900310601:1:50,0.0,2026-10-02T01:01:04.695736+02:00
307437990,de:12067:900311612:1:51,0.0,2026-10-02T01:01:04.695736+02:00
307437990,de:12067:900311250:2:51,0.0,2026-10-02T01:01:04.695736+02:00
307437990,de:12071:900445593:1:50,0.0,2026-10-02T01:01:04.695736+02:00
307437990,de:12071:900445801:2:51,0.0,2026-10-02T01:01:04.695736+02:00
307437990,de:12071:900445751:2:51,0.0,2026-10-02T01:01:04.695736+02:00
307437990,de:12071:900445750:2:51,0.0,2026-10-02T01:01:04.695736+02:00
307437990,de:12071:900446103:1:50,0.0,2026-10-02T01:01:04.695736+02:00
307437990,de:12071:900446411:1:50,0.0,2026-10-02T01:01:04.695736+02:00
307437990,de:12052:900470307:1:50,0.0,2026-10-02T01:01:04.695736+02:00
307437990,de:12052:900470163:1:50,0.0,2026-10-02T01:01:04.695736+02:00
307437990,de:12052:900470001:1:50,0.0,2026-10-02T01:01:04.695736+02:00
307437990,de:12052:900470000:5:57,0.0,2026-10-02T01:01:04.695736+02:00
307440025,de:12071:900445360:1:50,0.0,2026-10-02T01:01:04.695736+02:00
307440025,de:12066:900435347:1:50,0.0,2026-10-02T01:01:04.695736+02:00
307440025,de:12066:900435001:2:52,0.0,2026-10-02T01:01:04.695736+02:00
307440025,de:12066:900435000:2:52,0.0,2026-10-02T01:01:04.695736+02:00
307440025,de:12066:900435061:2:51,0.0,2026-10-02T01:01:04.695736+02:00
307440025,de:12066:900435801:1:50,0.0,2026-10-02T01:01:04.695736+02:00
307440025,de:14627:5440,0.0,2026-10-02T01:01:04.695736+02:00
307440025,de:14627:5021,0.0,2026-10-02T01:01:04.695736+02:00
307440025,de:14627:5100,0.0,2026-10-02T01:01:04.695736+02:00
307440025,de:14627:4401,0.0,2026-10-02T01:01:04.695736+02:00
307440025,de:14627:4180,0.0,2026-10-02T01:01:04.695736+02:00
307440025,de:14612:16,0.0,2026-10-02T01:01:04.695736+02:00
307430679,de:12065:900200005:1:2,0.0,2026-10-02T01:01:04.695736+02:00
307430679,de:12065:900200008:1:50,0.0,2026-10-02T01:01:04.695736+02:00
307430679,de:12065:900200010:1:50,0.0,2026-10-02T01:01:04.695736+02:00
307430679,de:12065:900200000:1:50,0.0,2026-10-02T01:01:04.695736+02:00
307430679,de:12063:900210001:1:50,0.0,2026-10-02T01:01:04.695736+02:00
307430679,de:12054:900220012:1:50,0.0,2026-10-02T01:01:04.695736+02:00
307430679,de:12054:900220010:2:51,0.0,2026-10-02T01:01:04.695736+02:00
307430679,de:12054:900230007:2:52,0.0,2026-10-02T01:01:04.695736+02:00
307430679,de:12054:900230006:2:51,0.0,2026-10-02T01:01:04.695736+02:00
307430679,de:12054:900230999:2:53,0.0,2026-10-02T01:01:04.695736+02:00
307430679,de:12054:900230003:4:53,0.0,2026-10-02T01:01:04.695736+02:00
307430565,de:12054:900230003:4:53,0.0,2026-10-02T01:01:04.695736+02:00
307430565,de:12054:900230999:1:51,0.0,2026-10-02T01:01:04.695736+02:00
307430565,de:12054:900230006:1:50,0.0,2026-10-02T01:01:04.695736+02:00
307430565,de:12054:900230007:1:50,0.0,2026-10-02T01:01:04.695736+02:00
307430565,de:12054:900220010:1:50,0.0,2026-10-02T01:01:04.695736+02:00
307430565,de:12054:900220012:2:51,0.0,2026-10-02T01:01:04.695736+02:00
307430565,de:12063:900210001:2:51,0.0,2026-10-02T01:01:04.695736+02:00
307430565,de:12065:900200000:1:51,0.0,2026-10-02T01:01:04.695736+02:00
307430565,de:12065:900200010:1:50,0.0,2026-10-02T01:01:04.695736+02:00
307430565,de:12065:900200008:1:50,0.0,2026-10-02T01:01:04.695736+02:00
307430565,de:12065:900200005:1:2,0.0,2026-10-02T01:01:04.695736+02:00
307440164,de:12065:900200000:1:51,0.0,2026-10-02T01:01:04.695736+02:00
307440164,de:12065:900200004:1:50,0.0,2026-10-02T01:01:04.695736+02:00
307440164,de:12065:900204003:1:50,0.0,2026-10-02T01:01:04.695736+02:00
307440164,de:12065:900203671:1:50,0.0,2026-10-02T01:01:04.695736+02:00
307440164,de:12065:900204001:1:50,0.0,2026-10-02T01:01:04.695736+02:00
307440164,de:12065:900203452:1:51,0.0,2026-10-02T01:01:04.695736+02:00
306897133,de:12067:900311565::2,0.0,2026-10-02T01:01:04.695736+02:00
306897133,de:12067:900311224::2,0.0,2026-10-02T01:01:04.695736+02:00
306897133,de:12067:900311225::2,0.0,2026-10-02T01:01:04.695736+02:00
306897133,de:12067:900311419::2,0.0,2026-10-02T01:01:04.695736+02:00
306897133,de:12067:900311221::4,0.0,2026-10-02T01:01:04.695736+02:00
306897133,de:12067:900311221::2,0.0,2026-10-02T01:01:04.695736+02:00
306897133,de:12067:900311430::1,0.0,2026-10-02T01:01:04.695736+02:00
306897133,de:12067:900311221::1,0.0,2026-10-02T01:01:04.695736+02:00
306897133,de:12067:900311520::2,0.0,2026-10-02T01:01:04.695736+02:00
306897133,de:12067:900311563::1,0.0,2026-10-02T01:01:04.695736+02:00
306897133,de:12067:900311512::2,0.0,2026-10-02T01:01:04.695736+02:00
306897133,de:12067:900311510::2,0.0,2026-10-02T01:01:04.695736+02:00
306897133,de:12067:900311511::2,0.0,2026-10-02T01:01:04.695736+02:00
306897133,de:12067:900310601::2,0.0,2026-10-02T01:01:04.695736+02:00
306897133,de:12067:900311364::2,0.0,2026-10-02T01:01:04.695736+02:00
306897133,de:12067:900311371::2,0.0,2026-10-02T01:01:04.695736+02:00
306897133,de:12067:900311349::2,0.0,2026-10-02T01:01:04.695736+02:00
306897133,de:12067:900311350::2,0.0,2026-10-02T01:01:04.695736+02:00
306897133,de:12067:900311348::2,0.0,2026-10-02T01:01:04.695736+02:00
306897133,de:12067:900311308::4,0.0,2026-10-02T01:01:04.695736+02:00
306896606,de:12067:900310001::3,0.0,2026-10-02T01:01:04.695736+02:00
306896606,de:12067:900310816::1,0.0,2026-10-02T01:01:04.695736+02:00
306896606,de:12067:900310627::1,0.0,2026-10-02T01:01:04.695736+02:00
306896606,de:12067:900310781::1,0.0,2026-10-02T01:01:04.695736+02:00
306896606,de:12067:900310789::1,0.0,2026-10-02T01:01:04.695736+02:00
306896606,de:12067:900310797::1,0.0,2026-10-02T01:01:04.695736+02:00
306896606,de:12067:900310773::1,0.0,2026-10-02T01:01:04.695736+02:00
306896606,de:12067:900311109::1,0.0,2026-10-02T01:01:04.695736+02:00
306896606,de:12067:900310782::1,0.0,2026-10-02T01:01:04.695736+02:00
306896606,de:12067:900310824::1,0.0,2026-10-02T01:01:04.695736+02:00
306896606,de:12067:900310734::1,0.0,2026-10-02T01:01:04.695736+02:00
306896606,de:12067:900310733::1,0.0,2026-10-02T01:01:04.695736+02:00
306896606,de:12067:900310005::1,0.0,2026-10-02T01:01:04.695736+02:00
306896606,de:12067:900310754::1,0.0,2026-10-02T01:01:04.695736+02:00
306896606,de:12067:900310761::1,-0.5,2026-10-02T01:01:04.695736+02:00
306896606,de:12067:900310763::1,0.0,2026-10-02T01:01:04.695736+02:00
306896606,de:12067:900310745::1,0.0,2026-10-02T01:01:04.695736+02:00
306896606,de:12067:900310973::2,0.0,2026-10-02T01:01:04.695736+02:00
306896606,de:12067:900310969::1,0.0,2026-10-02T01:01:04.695736+02:00
306896606,de:12067:900310876::1,0.0,2026-10-02T01:01:04.695736+02:00
306896606,de:12067:900310007::1,0.0,2026-10-02T01:01:04.695736+02:00
306896606,de:12067:900310735::1,0.0,2026-10-02T01:01:04.695736+02:00
306896606,de:12067:900310009::1,0.0,2026-10-02T01:01:04.695736+02:00
307430088,de:11000:900003200:1:50,0.0,2026-10-02T01:01:04.695736+02:00
307430088,de:11000:900100020:1:50,0.0,2026-10-02T01:01:04.695736+02:00
307430088,de:11000:900058101:2:52,0.0,2026-10-02T01:01:04.695736+02:00
307430088,de:12061:900260009:2:54,0.0,2026-10-02T01:01:04.695736+02:00
307430285,de:12061:900260009:2:54,0.0,2026-10-02T01:01:04.695736+02:00
307430285,de:11000:900058101:4:57,0.0,2026-10-02T01:01:04.695736+02:00
307430285,de:11000:900100020:2:53,0.0,2026-10-02T01:01:04.695736+02:00
307430285,de:11000:900003200:3:55,0.0,2026-10-02T01:01:04.695736+02:00
306896710,de:12067:900311039::1,0.0,2026-10-02T01:01:04.695736+02:00
306896710,de:12067:900311031::2,-0.5,2026-10-02T01:01:04.695736+02:00
306896710,de:12067:900311040::2,-0.5,2026-10-02T01:01:04.695736+02:00
306896710,de:12067:900311038::2,-0.5,2026-10-02T01:01:04.695736+02:00
306896710,de:12067:900311041::2,-0.5,2026-10-02T01:01:04.695736+02:00
306896710,de:12067:900311032::2,-0.5,2026-10-02T01:01:04.695736+02:00
306896710,de:12067:900311037::2,-0.5,2026-10-02T01:01:04.695736+02:00
306896710,de:12067:900310928::2,-0.5,2026-10-02T01:01:04.695736+02:00
306896710,de:12067:900310930::2,0.0,2026-10-02T01:01:04.695736+02:00
306896710,de:12067:900310929::2,-0.5,2026-10-02T01:01:04.695736+02:00
306896710,de:12067:900310742::2,0.0,2026-10-02T01:01:04.695736+02:00
306896710,de:12067:900310741::2,-0.5,2026-10-02T01:01:04.695736+02:00
306896710,de:12067:900310743::2,-0.5,2026-10-02T01:01:04.695736+02:00
306896710,de:12067:900310785::2,-0.5,2026-10-02T01:01:04.695736+02:00
306896710,de:12067:900310819::2,-0.5,2026-10-02T01:01:04.695736+02:00
306896710,de:12067:900310817::2,-0.5,2026-10-02T01:01:04.695736+02:00
306896710,de:12067:900310837::2,-0.5,2026-10-02T01:01:04.695736+02:00
306896710,de:12067:900310875::2,-0.5,2026-10-02T01:01:04.695736+02:00
306896710,de:12067:900310796::2,-0.5,2026-10-02T01:01:04.695736+02:00
306896710,de:12067:900310777::2,-0.5,2026-10-02T01:01:04.695736+02:00
306896710,de:12067:900310808::2,-0.5,2026-10-02T01:01:04.695736+02:00
306896710,de:12067:900310822::2,-0.5,2026-10-02T01:01:04.695736+02:00
306896710,de:12067:900310781::2,-0.5,2026-10-02T01:01:04.695736+02:00
306896710,de:12067:900310627::2,-0.5,2026-10-02T01:01:04.695736+02:00
306896710,de:12067:900310816::2,0.0,2026-10-02T01:01:04.695736+02:00
306896710,de:12067:900310022::1,0.0,2026-10-02T01:01:04.695736+02:00
306896710,de:12067:900310001::11,0.0,2026-10-02T01:01:04.695736+02:00
306896746,de:12067:900310001::4,0.0,2026-10-02T01:01:04.695736+02:00
306896746,de:12067:900310816::1,0.0,2026-10-02T01:01:04.695736+02:00
306896746,de:12067:900310627::1,0.0,2026-10-02T01:01:04.695736+02:00
306896746,de:12067:900310781::1,0.0,2026-10-02T01:01:04.695736+02:00
306896746,de:12067:900310822::1,0.0,2026-10-02T01:01:04.695736+02:00
306896746,de:12067:900310808::1,0.0,2026-10-02T01:01:04.695736+02:00
306896746,de:12067:900310777::1,0.0,2026-10-02T01:01:04.695736+02:00
306896746,de:12067:900310796::1,0.0,2026-10-02T01:01:04.695736+02:00
306896746,de:12067:900310875::1,0.0,2026-10-02T01:01:04.695736+02:00
306896746,de:12067:900310837::1,0.0,2026-10-02T01:01:04.695736+02:00
306896746,de:12067:900310817::1,0.0,2026-10-02T01:01:04.695736+02:00
306896746,de:12067:900310819::1,-0.5,2026-10-02T01:01:04.695736+02:00
306896746,de:12067:900310785::1,-0.5,2026-10-02T01:01:04.695736+02:00
306896746,de:12067:900310743::1,-0.5,2026-10-02T01:01:04.695736+02:00
306896746,de:12067:900310741::1,-0.5,2026-10-02T01:01:04.695736+02:00
306896746,de:12067:900310742::1,0.0,2026-10-02T01:01:04.695736+02:00
306896746,de:12067:900310929::1,-0.5,2026-10-02T01:01:04.695736+02:00
306896746,de:12067:900310930::1,0.0,2026-10-02T01:01:04.695736+02:00
306896746,de:12067:900310928::1,-0.5,2026-10-02T01:01:04.695736+02:00
306896746,de:12067:900311037::1,-0.5,2026-10-02T01:01:04.695736+02:00
306896746,de:12067:900311032::1,-0.5,2026-10-02T01:01:04.695736+02:00
306896746,de:12067:900311041::1,-0.5,2026-10-02T01:01:04.695736+02:00
306896746,de:12067:900311038::1,-0.5,2026-10-02T01:01:04.695736+02:00
306896746,de:12067:900311040::1,-0.5,2026-10-02T01:01:04.695736+02:00
306896746,de:12067:900311031::1,-0.5,2026-10-02T01:01:04.695736+02:00
306896746,de:12067:900311039::1,-0.5,2026-10-02T01:01:04.695736+02:00
295900383,de:12069:900220114:1:51,0.0,2026-10-02T01:01:04.695736+02:00
295900383,de:11000:900064201:1:51,-0.1,2026-10-02T01:01:04.695736+02:00
295900383,de:11000:900064256:1:51,0.0,2026-10-02T01:01:04.695736+02:00
295900383,de:11000:900064301:3:53,-0.3,2026-10-02T01:01:04.695736+02:00
295900383,de:11000:900067221:1:50,-0.3,2026-10-02T01:01:04.695736+02:00
295900383,de:11000:900063452:1:51,-0.4,2026-10-02T01:01:04.695736+02:00
295900383,de:11000:900058102:2:53,-0.5,2026-10-02T01:01:04.695736+02:00
295900383,de:11000:900058101:1:51,-0.3,2026-10-02T01:01:04.695736+02:00
295900383,de:11000:900058103:1:51,0.0,2026-10-02T01:01:04.695736+02:00
295900383,de:11000:900012101:2:53,-0.7,2026-10-02T01:01:04.695736+02:00
295900383,de:11000:900100020:4:57,-0.8,2026-10-02T01:01:04.695736+02:00
295900383,de:11000:900100025:1:51,-0.9,2026-10-02T01:01:04.695736+02:00
295900383,de:11000:900100001:4:57,-0.6,2026-10-02T01:01:04.695736+02:00
295900383,de:11000:900100007:1:51,-0.7,2026-10-02T01:01:04.695736+02:00
295900383,de:11000:900007104:2:52,-0.7,2026-10-02T01:01:04.695736+02:00
295900383,de:11000:900008101:1:51,-0.4,2026-10-02T01:01:04.695736+02:00
295900383,de:11000:900007102:2:53,-0.2,2026-10-02T01:01:04.695736+02:00
295900383,de:11000:900110011:2:53,-0.4,2026-10-02T01:01:04.695736+02:00
295900383,de:11000:900085201:1:50,-0.8,2026-10-02T01:01:04.695736+02:00
295900383,de:11000:900085105:1:50,-0.8,2026-10-02T01:01:04.695736+02:00
295900383,de:11000:900096458:1:50,-0.1,2026-10-02T01:01:04.695736+02:00
295900383,de:11000:900096405:1:50,-0.8,2026-10-02T01:01:04.695736+02:00
295900383,de:11000:900089303:1:50,-0.7,2026-10-02T01:01:04.695736+02:00
295900383,de:11000:900091205:1:50,-0.3,2026-10-02T01:01:04.695736+02:00
295900383,de:11000:900091203:1:50,-0.5,2026-10-02T01:01:04.695736+02:00
295900383,de:12065:900200000:4:54,-0.7,2026-10-02T01:01:04.695736+02:00
295900248,de:12065:900200000:1:55,0.0,2026-10-02T01:01:04.695736+02:00
295900248,de:11000:900091203:1:50,0.0,2026-10-02T01:01:04.695736+02:00
295900248,de:11000:900091205:1:50,-0.2,2026-10-02T01:01:04.695736+02:00
295900248,de:11000:900089303:1:51,-0.5,2026-10-02T01:01:04.695736+02:00
295900248,de:11000:900096405:1:50,-0.8,2026-10-02T01:01:04.695736+02:00
295900248,de:11000:900096458:1:50,-0.5,2026-10-02T01:01:04.695736+02:00
295900248,de:11000:900085105:1:50,-0.8,2026-10-02T01:01:04.695736+02:00
295900248,de:11000:900085201:1:51,0.0,2026-10-02T01:01:04.695736+02:00
295900248,de:11000:900130003:1:51,-0.8,2026-10-02T01:01:04.695736+02:00
295900248,de:11000:900110011:1:50,-0.9,2026-10-02T01:01:04.695736+02:00
295900248,de:11000:900007102:1:50,-0.7,2026-10-02T01:01:04.695736+02:00
295900248,de:11000:900008101:1:50,-0.4,2026-10-02T01:01:04.695736+02:00
295900248,de:11000:900007104:1:51,-0.2,2026-10-02T01:01:04.695736+02:00
295900248,de:11000:900100007:1:50,-0.2,2026-10-02T01:01:04.695736+02:00
295900248,de:11000:900100001:4:56,0.0,2026-10-02T01:01:04.695736+02:00
295900248,de:11000:900100025:1:50,-0.9,2026-10-02T01:01:04.695736+02:00
295900248,de:11000:900100020:3:54,-0.9,2026-10-02T01:01:04.695736+02:00
295900248,de:11000:900012101:1:51,0.0,2026-10-02T01:01:04.695736+02:00
295900248,de:11000:900058103:1:50,-0.7,2026-10-02T01:01:04.695736+02:00
295900248,de:11000:900058101:1:50,-0.3,2026-10-02T01:01:04.695736+02:00
295900248,de:11000:900058102:1:52,0.0,2026-10-02T01:01:04.695736+02:00
295900248,de:11000:900063452:1:50,-0.1,2026-10-02T01:01:04.695736+02:00
295900248,de:11000:900067221:1:50,-0.2,2026-10-02T01:01:04.695736+02:00
295900248,de:11000:900064301:3:52,-0.2,2026-10-02T01:01:04.695736+02:00
295900248,de:11000:900064256:1:50,-0.7,2026-10-02T01:01:04.695736+02:00
295900248,de:11000:900064201:1:50,-0.6,2026-10-02T01:01:04.695736+02:00
295900248,de:12069:900220114:1:51,-0.9,2026-10-02T01:01:04.695736+02:00
295900379,de:12069:900220114:1:51,0.0,2026-10-02T01:01:04.695736+02:00
295900379,de:11000:900064201:1:51,-0.1,2026-10-02T01:01:04.695736+02:00
295900379,de:11000:900064256:1:51,0.0,2026-10-02T01:01:04.695736+02:00
295900379,de:11000:900064301:3:53,-0.3,2026-10-02T01:01:04.695736+02:00
295900379,de:11000:900067221:1:50,-0.3,2026-10-02T01:01:04.695736+02:00
295900379,de:11000:900063452:1:51,-0.4,2026-10-02T01:01:04.695736+02:00
295900379,de:11000:900058102:2:53,-0.5,2026-10-02T01:01:04.695736+02:00
295900379,de:11000:900058101:1:51,-0.3,2026-10-02T01:01:04.695736+02:00
295900379,de:11000:900058103:1:51,0.0,2026-10-02T01:01:04.695736+02:00
295900379,de:11000:900012101:2:53,-0.7,2026-10-02T01:01:04.695736+02:00
295900379,de:11000:900100020:4:57,-0.8,2026-10-02T01:01:04.695736+02:00
295900379,de:11000:900100025:1:51,-0.9,2026-10-02T01:01:04.695736+02:00
295900379,de:11000:900100001:4:57,-0.6,2026-10-02T01:01:04.695736+02:00
295900379,de:11000:900100007:1:51,-0.7,2026-10-02T01:01:04.695736+02:00
295900379,de:11000:900007104:2:52,-0.7,2026-10-02T01:01:04.695736+02:00
295900379,de:11000:900008101:1:51,-0.4,2026-10-02T01:01:04.695736+02:00
295900379,de:11000:900007102:2:53,-0.2,2026-10-02T01:01:04.695736+02:00
295900379,de:11000:900110011:2:53,-0.4,2026-10-02T01:01:04.695736+02:00
295900379,de:11000:900085201:1:50,-0.8,2026-10-02T01:01:04.695736+02:00
295900379,de:11000:900085105:1:50,-0.8,2026-10-02T01:01:04.695736+02:00
295900379,de:11000:900096458:1:50,-0.1,2026-10-02T01:01:04.695736+02:00
295900379,de:11000:900096405:1:50,-0.8,2026-10-02T01:01:04.695736+02:00
295900379,de:11000:900089303:1:50,-0.7,2026-10-02T01:01:04.695736+02:00
295900379,de:11000:900091205:1:50,-0.3,2026-10-02T01:01:04.695736+02:00
295900379,de:11000:900091203:1:50,-0.5,2026-10-02T01:01:04.695736+02:00
295900379,de:12065:900200000:4:54,-0.7,2026-10-02T01:01:04.695736+02:00
295896169,de:11000:900074201:1:50,0.0,2026-10-02T01:01:04.695736+02:00
295896169,de:11000:900074202:2:51,-0.1,2026-10-02T01:01:04.695736+02:00
295896169,de:11000:900072101:2:51,-0.1,2026-10-02T01:01:04.695736+02:00
295896169,de:11000:900073101:1:51,-0.4,2026-10-02T01:01:04.695736+02:00
295896169,de:11000:900068301:1:51,-0.7,2026-10-02T01:01:04.695736+02:00
295896169,de:11000:900058102:2:51,-0.7,2026-10-02T01:01:04.695736+02:00
295896169,de:11000:900058101:1:51,-0.3,2026-10-02T01:01:04.695736+02:00
295896169,de:11000:900058103:1:51,-0.1,2026-10-02T01:01:04.695736+02:00
295896169,de:11000:900012101:2:53,-0.7,2026-10-02T01:01:04.695736+02:00
295896169,de:11000:900100020:4:57,-0.8,2026-10-02T01:01:04.695736+02:00
295896169,de:11000:900100025:1:51,-0.9,2026-10-02T01:01:04.695736+02:00
295896169,de:11000:900100001:4:57,-0.6,2026-10-02T01:01:04.695736+02:00
295896169,de:11000:900100007:1:51,-0.7,2026-10-02T01:01:04.695736+02:00
295896169,de:11000:900007104:2:52,-0.7,2026-10-02T01:01:04.695736+02:00
295896169,de:11000:900008101:1:51,-0.4,2026-10-02T01:01:04.695736+02:00
295896169,de:11000:900007102:2:53,-0.1,2026-10-02T01:01:04.695736+02:00
295896169,de:11000:900110011:2:52,-0.4,2026-10-02T01:01:04.695736+02:00
295896169,de:11000:900130002:1:50,-0.7,2026-10-02T01:01:04.695736+02:00
295896169,de:11000:900130001:1:50,-0.4,2026-10-02T01:01:04.695736+02:00
295896169,de:11000:900142001:1:50,-0.9,2026-10-02T01:01:04.695736+02:00
295896169,de:11000:900143001:1:51,-0.7,2026-10-02T01:01:04.695736+02:00
295896169,de:11000:900135001:1:50,-0.4,2026-10-02T01:01:04.695736+02:00
295903152,de:12069:900220114:1:50,0.0,2026-10-02T01:01:04.695736+02:00
295903152,de:11000:900064201:1:51,-0.1,2026-10-02T01:01:04.695736+02:00
295903152,de:11000:900064256:1:51,0.0,2026-10-02T01:01:04.695736+02:00
295903152,de:11000:900064301:3:53,-0.3,2026-10-02T01:01:04.695736+02:00
295903152,de:11000:900067221:1:50,-0.3,2026-10-02T01:01:04.695736+02:00
295903152,de:11000:900063452:1:51,-0.4,2026-10-02T01:01:04.695736+02:00
295903152,de:11000:900058102:2:53,-0.5,2026-10-02T01:01:04.695736+02:00
295903152,de:11000:900058101:1:51,-0.3,2026-10-02T01:01:04.695736+02:00
295903152,de:11000:900058103:1:51,0.0,2026-10-02T01:01:04.695736+02:00
295903152,de:11000:900012101:2:53,-0.7,2026-10-02T01:01:04.695736+02:00
295903152,de:11000:900100020:4:57,-0.8,2026-10-02T01:01:04.695736+02:00
295903152,de:11000:900100025:1:51,-0.9,2026-10-02T01:01:04.695736+02:00
295903152,de:11000:900100001:4:57,-0.6,2026-10-02T01:01:04.695736+02:00
295903152,de:11000:900100007:1:51,-0.7,2026-10-02T01:01:04.695736+02:00
295903152,de:11000:900007104:2:52,-0.7,2026-10-02T01:01:04.695736+02:00
295903152,de:11000:900008101:1:51,-0.4,2026-10-02T01:01:04.695736+02:00
295903152,de:11000:900007102:2:53,-0.2,2026-10-02T01:01:04.695736+02:00
295903152,de:11000:900110011:2:52,-0.4,2026-10-02T01:01:04.695736+02:00
295903152,de:11000:900130002:1:50,0.0,2026-10-02T01:01:04.695736+02:00
295903152,de:11000:900130001:1:50,-0.7,2026-10-02T01:01:04.695736+02:00
295903152,de:11000:900142001:1:50,-0.2,2026-10-02T01:01:04.695736+02:00
295903123,de:12069:900220114:1:50,0.0,2026-10-02T01:01:04.695736+02:00
295903123,de:11000:900064201:1:51,-0.1,2026-10-02T01:01:04.695736+02:00
295903123,de:11000:900064256:1:51,0.0,2026-10-02T01:01:04.695736+02:00
295903123,de:11000:900064301:3:53,-0.3,2026-10-02T01:01:04.695736+02:00
295903123,de:11000:900067221:1:50,-0.3,2026-10-02T01:01:04.695736+02:00
295903123,de:11000:900063452:1:51,-0.4,2026-10-02T01:01:04.695736+02:00
295903123,de:11000:900058102:2:53,-0.5,2026-10-02T01:01:04.695736+02:00
295903123,de:11000:900058101:1:51,-0.3,2026-10-02T01:01:04.695736+02:00
295903123,de:11000:900058103:1:51,0.0,2026-10-02T01:01:04.695736+02:00
295903123,de:11000:900012101:2:53,-0.7,2026-10-02T01:01:04.695736+02:00
295903123,de:11000:900100020:4:57,-0.8,2026-10-02T01:01:04.695736+02:00
295903123,de:11000:900100025:1:51,-0.9,2026-10-02T01:01:04.695736+02:00
295903123,de:11000:900100001:4:57,-0.6,2026-10-02T01:01:04.695736+02:00
295903123,de:11000:900100007:1:51,-0.7,2026-10-02T01:01:04.695736+02:00
295903123,de:11000:900007104:2:52,-0.7,2026-10-02T01:01:04.695736+02:00
295903123,de:11000:900008101:1:51,-0.4,2026-10-02T01:01:04.695736+02:00
295903123,de:11000:900007102:2:53,-0.2,2026-10-02T01:01:04.695736+02:00
295903123,de:11000:900110011:2:52,-0.4,2026-10-02T01:01:04.695736+02:00
295903123,de:11000:900130002:1:50,0.0,2026-10-02T01:01:04.695736+02:00
295903123,de:11000:900130001:1:50,-0.7,2026-10-02T01:01:04.695736+02:00
295903123,de:11000:900142001:1:50,-0.2,2026-10-02T01:01:04.695736+02:00
306864309,de:11000:900100038::6,0.0,2026-10-02T01:01:04.695736+02:00
306864309,de:11000:900100541::2,0.0,2026-10-02T01:01:04.695736+02:00
306864309,de:11000:900100001::4,0.0,2026-10-02T01:01:04.695736+02:00
306895357,de:12067:900311039::1,0.0,2026-10-02T01:01:04.695736+02:00
306895357,de:12067:900311031::2,0.0,2026-10-02T01:01:04.695736+02:00
306895357,de:12067:900311040::2,0.0,2026-10-02T01:01:04.695736+02:00
306895357,de:12067:900311038::2,0.0,2026-10-02T01:01:04.695736+02:00
306895357,de:12067:900311041::2,0.0,2026-10-02T01:01:04.695736+02:00
306895357,de:12067:900311032::2,0.0,2026-10-02T01:01:04.695736+02:00
306895357,de:12067:900310912::1,0.0,2026-10-02T01:01:04.695736+02:00
306895357,de:12067:900310912::1,-6.0,2026-10-02T01:01:04.695736+02:00
306895357,de:12061:900261019::1,0.0,2026-10-02T01:01:04.695736+02:00
306895357,de:12067:900310912::1,6.0,2026-10-02T01:01:04.695736+02:00
306895357,de:12067:900310912::1,0.0,2026-10-02T01:01:04.695736+02:00
306895357,de:12067:900310707::1,0.0,2026-10-02T01:01:04.695736+02:00
306895357,de:12067:900310948::1,0.0,2026-10-02T01:01:04.695736+02:00
306895357,de:12067:900311033::1,0.0,2026-10-02T01:01:04.695736+02:00
306895357,de:12067:900311011::1,0.0,2026-10-02T01:01:04.695736+02:00
306895357,de:12067:900311001::1,0.0,2026-10-02T01:01:04.695736+02:00
306895357,de:12067:900310945::2,0.0,2026-10-02T01:01:04.695736+02:00
306895357,de:12067:900311059::1,0.0,2026-10-02T01:01:04.695736+02:00
306895357,de:12067:900311110::3,0.0,2026-10-02T01:01:04.695736+02:00
306895357,de:12067:900311055::1,0.0,2026-10-02T01:01:04.695736+02:00
306895357,de:12067:900311054::1,0.0,2026-10-02T01:01:04.695736+02:00
306895357,de:12067:900311110::1,0.0,2026-10-02T01:01:04.695736+02:00
306895357,de:12067:900311058::1,0.0,2026-10-02T01:01:04.695736+02:00
306895357,de:12067:900310611::2,0.0,2026-10-02T01:01:04.695736+02:00
295907215,de:12067:900310004:3:52,0.0,2026-10-02T01:01:04.695736+02:00
295907215,de:11000:900183002:1:50,-0.1,2026-10-02T01:01:04.695736+02:00
295907215,de:11000:900183001:1:50,-0.4,2026-10-02T01:01:04.695736+02:00
295907215,de:11000:900182002:1:50,0.0,2026-10-02T01:01:04.695736+02:00
295907215,de:11000:900182001:1:50,-0.2,2026-10-02T01:01:04.695736+02:00
295907215,de:11000:900180001:1:50,-0.7,2026-10-02T01:01:04.695736+02:00
295907215,de:11000:900180002:1:50,-0.7,2026-10-02T01:01:04.695736+02:00
295907215,de:11000:900162001:1:50,-0.9,2026-10-02T01:01:04.695736+02:00
295907215,de:11000:900160002:1:50,0.0,2026-10-02T01:01:04.695736+02:00
295907215,de:11000:900160001:1:50,-0.3,2026-10-02T01:01:04.695736+02:00
295907215,de:11000:900120003:3:55,-0.1,2026-10-02T01:01:04.695736+02:00
295907215,de:11000:900120004:2:53,-0.6,2026-10-02T01:01:04.695736+02:00
295907215,de:11000:900120005:5:58,-0.9,2026-10-02T01:01:04.695736+02:00
295907215,de:11000:900100004:1:51,-0.4,2026-10-02T01:01:04.695736+02:00
295907215,de:11000:900100003:2:53,-0.4,2026-10-02T01:01:04.695736+02:00
295907215,de:11000:900100002:1:51,-0.4,2026-10-02T01:01:04.695736+02:00
295907215,de:11000:900100001:3:55,-0.4,2026-10-02T01:01:04.695736+02:00
295907215,de:11000:900003201:3:55,-0.1,2026-10-02T01:01:04.695736+02:00
295907215,de:11000:900003102:1:51,-0.8,2026-10-02T01:01:04.695736+02:00
295907215,de:11000:900003103:1:51,-0.9,2026-10-02T01:01:04.695736+02:00
295907215,de:11000:900023201:3:55,-0.8,2026-10-02T01:01:04.695736+02:00
295907215,de:11000:900024203:1:51,-0.8,2026-10-02T01:01:04.695736+02:00
295907215,de:11000:900024101:4:57,-0.8,2026-10-02T01:01:04.695736+02:00
295907215,de:11000:900024102:1:50,-0.1,2026-10-02T01:01:04.695736+02:00
295907215,de:11000:900025423:1:50,-0.4,2026-10-02T01:01:04.695736+02:00
295907215,de:11000:900026105:1:50,-0.7,2026-10-02T01:01:04.695736+02:00
295907215,de:11000:900025321:1:50,-0.3,2026-10-02T01:01:04.695736+02:00
295907215,de:11000:900025424:1:50,-0.3,2026-10-02T01:01:04.695736+02:00
295907215,de:11000:900030202:1:50,-0.9,2026-10-02T01:01:04.695736+02:00
295907215,de:11000:900029101:1:50,-0.9,2026-10-02T01:01:04.695736+02:00
307435056,de:12063:900210005:1:50,0.0,2026-10-02T01:01:04.695736+02:00
307435056,de:12063:900210326:2:51,0.0,2026-10-02T01:01:04.695736+02:00
307435056,de:12063:900210011:2:51,0.0,2026-10-02T01:01:04.695736+02:00
307435056,de:12063:900210010:2:51,0.0,2026-10-02T01:01:04.695736+02:00
307435056,de:12063:900210180:2:51,0.0,2026-10-02T01:01:04.695736+02:00
307435056,de:11000:900037168:2:51,0.0,2026-10-02T01:01:04.695736+02:00
307435056,de:11000:900029101:3:54,0.0,2026-10-02T01:01:04.695736+02:00
307435056,de:11000:900007102:5:59,0.0,2026-10-02T01:01:04.695736+02:00
307435056,de:11000:900120003:4:56,0.0,2026-10-02T01:01:04.695736+02:00
307435056,de:11000:900192001:1:50,0.0,2026-10-02T01:01:04.695736+02:00
307435056,de:12061:900260001:1:50,0.0,2026-10-02T01:01:04.695736+02:00
307435056,de:12061:900260019:1:50,0.0,2026-10-02T01:01:04.695736+02:00
307435056,de:12061:900261512:2:51,0.0,2026-10-02T01:01:04.695736+02:00
307435056,de:12066:900435602:2:51,0.0,2026-10-02T01:01:04.695736+02:00
307435056,de:12066:900435697:1:50,0.0,2026-10-02T01:01:04.695736+02:00
307435056,de:12066:900435884:1:50,0.0,2026-10-02T01:01:04.695736+02:00
307435056,de:12071:900445956:1:50,0.0,2026-10-02T01:01:04.695736+02:00
307435056,de:12052:900470000:2:51,0.0,2026-10-02T01:01:04.695736+02:00
295906913,de:11000:900029101:1:50,0.0,2026-10-02T01:01:04.695736+02:00
295906913,de:11000:900030202:1:50,-0.3,2026-10-02T01:01:04.695736+02:00
295906913,de:11000:900025424:1:51,-0.2,2026-10-02T01:01:04.695736+02:00
295906913,de:11000:900025321:1:51,-0.2,2026-10-02T01:01:04.695736+02:00
295906913,de:11000:900026105:1:50,-0.4,2026-10-02T01:01:04.695736+02:00
295906913,de:11000:900025423:1:50,-0.7,2026-10-02T01:01:04.695736+02:00
295906913,de:11000:900024102:2:53,-0.7,2026-10-02T01:01:04.695736+02:00
295906913,de:11000:900024101:3:55,-0.3,2026-10-02T01:01:04.695736+02:00
295906913,de:11000:900024203:1:51,-0.8,2026-10-02T01:01:04.695736+02:00
295906913,de:11000:900023201:3:54,-0.7,2026-10-02T01:01:04.695736+02:00
295906913,de:11000:900003103:1:50,-0.8,2026-10-02T01:01:04.695736+02:00
295906913,de:11000:900003102:1:50,-0.9,2026-10-02T01:01:04.695736+02:00
295906913,de:11000:900003201:3:54,-0.5,2026-10-02T01:01:04.695736+02:00
295906913,de:11000:900100001:3:54,-0.1,2026-10-02T01:01:04.695736+02:00
295906913,de:11000:900100002:1:50,-0.4,2026-10-02T01:01:04.695736+02:00
295906913,de:11000:900100003:2:52,-0.1,2026-10-02T01:01:04.695736+02:00
295906913,de:11000:900100004:1:50,-0.4,2026-10-02T01:01:04.695736+02:00
295906913,de:11000:900120005:4:55,-0.6,2026-10-02T01:01:04.695736+02:00
295906913,de:11000:900120004:1:50,-0.1,2026-10-02T01:01:04.695736+02:00
295906913,de:11000:900120003:2:53,-0.4,2026-10-02T01:01:04.695736+02:00
295906913,de:11000:900160001:1:51,-0.4,2026-10-02T01:01:04.695736+02:00
295906913,de:11000:900160002:1:50,-0.7,2026-10-02T01:01:04.695736+02:00
295906913,de:11000:900162001:1:51,-0.3,2026-10-02T01:01:04.695736+02:00
295906913,de:11000:900180002:1:51,-0.3,2026-10-02T01:01:04.695736+02:00
295906913,de:11000:900180001:1:50,-0.7,2026-10-02T01:01:04.695736+02:00
295906913,de:11000:900182001:1:51,-0.2,2026-10-02T01:01:04.695736+02:00
295906913,de:11000:900182002:1:51,-0.4,2026-10-02T01:01:04.695736+02:00
295906913,de:11000:900183001:1:51,0.0,2026-10-02T01:01:04.695736+02:00
295906913,de:11000:900183002:1:51,-0.3,2026-10-02T01:01:04.695736+02:00
295906913,de:12067:900310004:3:53,-0.5,2026-10-02T01:01:04.695736+02:00
307444211,de:12062:900415345:2:51,0.0,2026-10-02T01:01:04.695736+02:00
307444211,de:12062:900415683:1:50,0.0,2026-10-02T01:01:04.695736+02:00
307444211,000300839001,0.0,2026-10-02T01:01:04.695736+02:00
307444211,000300838001,0.0,2026-10-02T01:01:04.695736+02:00
307444211,de:12072:900245303:1:50,0.0,2026-10-02T01:01:04.695736+02:00
307444211,de:12072:900245019:2:51,0.0,2026-10-02T01:01:04.695736+02:00
307444211,de:12072:900245002:3:53,0.0,2026-10-02T01:01:04.695736+02:00
307444211,de:12072:900245016:2:51,0.0,2026-10-02T01:01:04.695736+02:00
307444211,de:12072:900245010:2:51,0.0,2026-10-02T01:01:04.695736+02:00
307444211,de:12072:900245037:2:51,0.0,2026-10-02T01:01:04.695736+02:00
307444211,de:12072:900245029:2:53,0.0,2026-10-02T01:01:04.695736+02:00
307444211,de:11000:900064301:2:51,0.0,2026-10-02T01:01:04.695736+02:00
307444211,de:11000:900058101:3:55,0.0,2026-10-02T01:01:04.695736+02:00
307444211,de:11000:900100020:2:52,0.0,2026-10-02T01:01:04.695736+02:00
307444211,de:11000:900003200:4:56,0.0,2026-10-02T01:01:04.695736+02:00
307444211,de:11000:900020201:1:51,0.0,2026-10-02T01:01:04.695736+02:00
307444211,de:11000:900029101:2:53,0.0,2026-10-02T01:01:04.695736+02:00
307444208,de:12062:900415345:2:51,0.0,2026-10-02T01:01:04.695736+02:00
307444208,de:12062:900415683:1:50,0.0,2026-10-02T01:01:04.695736+02:00
307444208,000300839001,0.0,2026-10-02T01:01:04.695736+02:00
307444208,000300838001,0.0,2026-10-02T01:01:04.695736+02:00
307444208,de:12072:900245303:1:50,0.0,2026-10-02T01:01:04.695736+02:00
307444208,de:12072:900245019:2:51,0.0,2026-10-02T01:01:04.695736+02:00
307444208,de:12072:900245002:3:53,0.0,2026-10-02T01:01:04.695736+02:00
307444208,de:12072:900245016:2:51,0.0,2026-10-02T01:01:04.695736+02:00
307444208,de:12072:900245010:2:51,0.0,2026-10-02T01:01:04.695736+02:00
307444208,de:12072:900245037:2:51,0.0,2026-10-02T01:01:04.695736+02:00
307444208,de:12072:900245029:2:53,0.0,2026-10-02T01:01:04.695736+02:00
307444208,de:11000:900064301:2:51,0.0,2026-10-02T01:01:04.695736+02:00
307444208,de:11000:900058101:3:55,0.0,2026-10-02T01:01:04.695736+02:00
307444208,de:11000:900100020:2:52,0.0,2026-10-02T01:01:04.695736+02:00
307444208,de:11000:900003200:4:56,0.0,2026-10-02T01:01:04.695736+02:00
307444208,de:11000:900020201:1:51,0.0,2026-10-02T01:01:04.695736+02:00
307444208,de:11000:900029101:2:53,0.0,2026-10-02T01:01:04.695736+02:00
306896485,de:12064:900320228::1,0.0,2026-10-02T01:01:04.695736+02:00
306896485,de:12064:900320280::2,0.0,2026-10-02T01:01:04.695736+02:00
306896485,de:12064:900320229::2,-0.5,2026-10-02T01:01:04.695736+02:00
306896485,de:12064:900320279::2,-0.5,2026-10-02T01:01:04.695736+02:00
306896485,de:12064:900320277::2,0.0,2026-10-02T01:01:04.695736+02:00
306896485,de:12067:900311015::2,0.0,2026-10-02T01:01:04.695736+02:00
306896485,de:12067:900310711::2,0.0,2026-10-02T01:01:04.695736+02:00
306896485,de:12067:900310713::1,0.0,2026-10-02T01:01:04.695736+02:00
306896485,de:12067:900310877::1,0.0,2026-10-02T01:01:04.695736+02:00
306896485,de:12067:900310713::2,0.0,2026-10-02T01:01:04.695736+02:00
306896485,de:12067:900310712::2,0.0,2026-10-02T01:01:04.695736+02:00
306896485,de:12067:900310802::2,0.0,2026-10-02T01:01:04.695736+02:00
306896485,de:12067:900310803::2,0.0,2026-10-02T01:01:04.695736+02:00
306896485,de:12067:900310813::2,0.0,2026-10-02T01:01:04.695736+02:00
306896485,de:12067:900310825::1,0.0,2026-10-02T01:01:04.695736+02:00
306896485,de:12067:900310835::2,0.0,2026-10-02T01:01:04.695736+02:00
306896485,de:12067:900310001::9,0.0,2026-10-02T01:01:04.695736+02:00
306896485,de:12067:900311149::2,0.0,2026-10-02T01:01:04.695736+02:00
306896485,de:12067:900310001::11,0.0,2026-10-02T01:01:04.695736+02:00
306896072,de:12067:900310021::2,0.0,2026-10-02T01:01:04.695736+02:00
306896072,de:12067:900310500::1,0.0,2026-10-02T01:01:04.695736+02:00
306896072,de:12067:900310501::2,0.0,2026-10-02T01:01:04.695736+02:00
306896072,de:12067:900310014::2,0.0,2026-10-02T01:01:04.695736+02:00
306896072,de:12067:900310502::2,0.0,2026-10-02T01:01:04.695736+02:00
306896072,de:12067:900310503::2,0.0,2026-10-02T01:01:04.695736+02:00
306896072,de:12067:900310529::2,0.0,2026-10-02T01:01:04.695736+02:00
306896072,de:12067:900311012::2,0.0,2026-10-02T01:01:04.695736+02:00
306896072,de:12067:900311014::2,0.0,2026-10-02T01:01:04.695736+02:00
306896072,de:12067:900310516::1,0.0,2026-10-02T01:01:04.695736+02:00
306896072,de:12067:900311096::1,0.0,2026-10-02T01:01:04.695736+02:00
306896072,de:12067:900311097::2,0.0,2026-10-02T01:01:04.695736+02:00
306896072,de:12067:900311095::2,0.0,2026-10-02T01:01:04.695736+02:00
306896072,de:12067:900310580::2,0.0,2026-10-02T01:01:04.695736+02:00
306896072,de:12067:900310578::4,0.0,2026-10-02T01:01:04.695736+02:00
306896072,de:12067:900310534::2,0.0,2026-10-02T01:01:04.695736+02:00
306896072,de:11000:900310550::2,0.0,2026-10-02T01:01:04.695736+02:00
306896072,de:12067:900310572::2,0.0,2026-10-02T01:01:04.695736+02:00
306896072,de:12067:900310013::7,0.0,2026-10-02T01:01:04.695736+02:00
307443098,de:15091:8010222,0.0,2026-10-02T01:01:04.695736+02:00
307443098,de:15091:8013418,0.0,2026-10-02T01:01:04.695736+02:00
307443098,de:15091:8011290,0.0,2026-10-02T01:01:04.695736+02:00
307443098,de:15091:8013371,0.0,2026-10-02T01:01:04.695736+02:00
307443098,de:12072:900245018:1:50,0.0,2026-10-02T01:01:04.695736+02:00
307443098,de:12072:900245017:2:51,0.0,2026-10-02T01:01:04.695736+02:00
307443098,de:12072:900245002:1:50,0.0,2026-10-02T01:01:04.695736+02:00
307443098,de:12072:900245016:2:51,0.0,2026-10-02T01:01:04.695736+02:00
307443098,de:12072:900245014:2:51,0.0,2026-10-02T01:01:04.695736+02:00
307443098,de:12072:900245029:2:52,0.0,2026-10-02T01:01:04.695736+02:00
307443098,de:12072:900245030:2:51,0.0,2026-10-02T01:01:04.695736+02:00
307443098,de:12072:900245032:2:51,0.0,2026-10-02T01:01:04.695736+02:00
307443098,de:12069:900220001:2:51,0.0,2026-10-02T01:01:04.695736+02:00
307443098,de:11000:900064301:2:51,0.0,2026-10-02T01:01:04.695736+02:00
307443098,de:11000:900058101:3:55,0.0,2026-10-02T01:01:04.695736+02:00
307443098,de:11000:900100020:2:52,0.0,2026-10-02T01:01:04.695736+02:00
307443098,de:11000:900003200:3:55,0.0,2026-10-02T01:01:04.695736+02:00
307443098,de:11000:900007102:5:58,0.0,2026-10-02T01:01:04.695736+02:00
307443098,de:12060:900350160:2:52,0.0,2026-10-02T01:01:04.695736+02:00
307443098,de:12060:900350158:1:50,0.0,2026-10-02T01:01:04.695736+02:00
307443098,de:12060:900350137:1:50,0.0,2026-10-02T01:01:04.695736+02:00
307443098,de:12060:900350126:1:50,0.0,2026-10-02T01:01:04.695736+02:00
307443098,de:12060:900350127:2:52,0.0,2026-10-02T01:01:04.695736+02:00
307443098,de:12060:900350124:1:50,0.0,2026-10-02T01:01:04.695736+02:00
307443098,de:12060:900350125:1:50,0.0,2026-10-02T01:01:04.695736+02:00
307443098,000300570037,0.0,2026-10-02T01:01:04.695736+02:00
307443098,de:12073:900340003:1:50,0.0,2026-10-02T01:01:04.695736+02:00
307443098,de:12073:900341111:1:50,0.0,2026-10-02T01:01:04.695736+02:00
307443098,de:12073:900341110:1:50,0.0,2026-10-02T01:01:04.695736+02:00
306896451,de:12067:900311009::1,0.0,2026-10-02T01:01:04.695736+02:00
306896451,de:12067:900311076::1,0.0,2026-10-02T01:01:04.695736+02:00
306896451,de:12067:900310613::1,0.0,2026-10-02T01:01:04.695736+02:00
306896451,de:12067:900311078::2,0.0,2026-10-02T01:01:04.695736+02:00
306896451,de:12067:900311077::2,0.0,2026-10-02T01:01:04.695736+02:00
306896451,de:12067:900311082::2,0.0,2026-10-02T01:01:04.695736+02:00
306896451,de:12067:900310107::2,0.0,2026-10-02T01:01:04.695736+02:00
306896451,de:12067:900310113::1,0.0,2026-10-02T01:01:04.695736+02:00
306896451,de:12067:900310102::2,0.0,2026-10-02T01:01:04.695736+02:00
306896451,de:12067:900310103::2,0.0,2026-10-02T01:01:04.695736+02:00
306896451,de:12067:900310114::2,0.0,2026-10-02T01:01:04.695736+02:00
306896451,de:12067:900310119::2,0.0,2026-10-02T01:01:04.695736+02:00
306896451,de:12067:900310115::2,0.0,2026-10-02T01:01:04.695736+02:00
306896451,de:12067:900310970::2,0.0,2026-10-02T01:01:04.695736+02:00
306896451,de:12067:900310972::2,0.0,2026-10-02T01:01:04.695736+02:00
306896451,de:12067:900310810::1,0.0,2026-10-02T01:01:04.695736+02:00
306896451,de:12067:900310769::2,0.0,2026-10-02T01:01:04.695736+02:00
306896451,de:12067:900310695::3,0.0,2026-10-02T01:01:04.695736+02:00
306896451,de:12067:900310812::2,0.0,2026-10-02T01:01:04.695736+02:00
306896451,de:12067:900310630::2,0.0,2026-10-02T01:01:04.695736+02:00
306896451,de:12067:900310811::2,0.0,2026-10-02T01:01:04.695736+02:00
306896451,de:12067:900310771::2,0.0,2026-10-02T01:01:04.695736+02:00
306896451,de:12067:900310822::2,0.0,2026-10-02T01:01:04.695736+02:00
306896451,de:12067:900310781::2,0.0,2026-10-02T01:01:04.695736+02:00
306896451,de:12067:900310627::2,-0.5,2026-10-02T01:01:04.695736+02:00
306896451,de:12067:900310816::2,0.0,2026-10-02T01:01:04.695736+02:00
306896451,de:12067:900310022::1,0.0,2026-10-02T01:01:04.695736+02:00
306896451,de:12067:900310001::11,0.0,2026-10-02T01:01:04.695736+02:00
307275134,de:11000:900024101:3:55,0.0,2026-10-02T01:01:04.695736+02:00
307275134,de:11000:900024203:1:51,-0.3,2026-10-02T01:01:04.695736+02:00
307275134,de:11000:900023201:3:54,-0.2,2026-10-02T01:01:04.695736+02:00
307275134,de:11000:900003103:1:50,-0.3,2026-10-02T01:01:04.695736+02:00
307275134,de:11000:900003102:1:50,-0.4,2026-10-02T01:01:04.695736+02:00
307275134,de:11000:900003201:3:54,0.0,2026-10-02T01:01:04.695736+02:00
307275134,de:11000:900100001:3:54,-0.6,2026-10-02T01:01:04.695736+02:00
307275134,de:11000:900100002:1:50,-0.9,2026-10-02T01:01:04.695736+02:00
307275134,de:11000:900100003:2:52,-0.6,2026-10-02T01:01:04.695736+02:00
307275134,de:11000:900100004:1:50,-0.9,2026-10-02T01:01:04.695736+02:00
307275134,de:11000:900120005:4:56,-0.1,2026-10-02T01:01:04.695736+02:00
307275134,de:11000:900120004:1:51,-0.1,2026-10-02T01:01:04.695736+02:00
307275134,de:11000:900120003:2:53,-0.4,2026-10-02T01:01:04.695736+02:00
307275134,de:11000:900160001:1:51,-0.4,2026-10-02T01:01:04.695736+02:00
307275134,de:11000:900160002:1:50,-0.7,2026-10-02T01:01:04.695736+02:00
307275134,de:11000:900162001:1:51,-0.3,2026-10-02T01:01:04.695736+02:00
307275134,de:11000:900180002:1:51,-0.3,2026-10-02T01:01:04.695736+02:00
307275134,de:11000:900180001:1:50,-0.7,2026-10-02T01:01:04.695736+02:00
307275134,de:11000:900182001:1:51,-0.2,2026-10-02T01:01:04.695736+02:00
307275134,de:11000:900182002:1:51,-0.4,2026-10-02T01:01:04.695736+02:00
307275134,de:11000:900183001:1:51,0.0,2026-10-02T01:01:04.695736+02:00
307275134,de:11000:900183002:1:51,-0.3,2026-10-02T01:01:04.695736+02:00
307275134,de:12067:900310004:3:52,-0.5,2026-10-02T01:01:04.695736+02:00
306896945,de:12067:900310613::1,0.0,2026-10-02T01:01:04.695736+02:00
306896945,de:12067:900311078::2,-0.5,2026-10-02T01:01:04.695736+02:00
306896945,de:12067:900311077::2,-0.5,2026-10-02T01:01:04.695736+02:00
306896945,de:12067:900310751::1,-0.5,2026-10-02T01:01:04.695736+02:00
306896945,de:12067:900311082::2,-0.5,2026-10-02T01:01:04.695736+02:00
306896945,de:12067:900310107::2,-0.5,2026-10-02T01:01:04.695736+02:00
306896945,de:12067:900310113::1,-0.5,2026-10-02T01:01:04.695736+02:00
306896945,de:12067:900310116::2,-0.5,2026-10-02T01:01:04.695736+02:00
306896945,de:12067:900310104::2,-0.5,2026-10-02T01:01:04.695736+02:00
306896945,de:12067:900310102::2,-0.5,2026-10-02T01:01:04.695736+02:00
306896945,de:12067:900310103::2,-0.5,2026-10-02T01:01:04.695736+02:00
306896945,de:12067:900310114::2,-0.5,2026-10-02T01:01:04.695736+02:00
306896945,de:12067:900310119::2,-0.5,2026-10-02T01:01:04.695736+02:00
306896945,de:12067:900310115::2,-0.5,2026-10-02T01:01:04.695736+02:00
306896945,de:12067:900310106::2,-0.5,2026-10-02T01:01:04.695736+02:00
306896945,de:12067:900310109::1,0.0,2026-10-02T01:01:04.695736+02:00
306896945,de:12067:900310631::1,-0.5,2026-10-02T01:01:04.695736+02:00
306896945,de:12067:900310040::2,0.0,2026-10-02T01:01:04.695736+02:00
306896945,de:12067:900310110::2,-0.5,2026-10-02T01:01:04.695736+02:00
306896945,de:12067:900310946::2,-0.5,2026-10-02T01:01:04.695736+02:00
306896945,de:12067:900310979::2,-0.5,2026-10-02T01:01:04.695736+02:00
306896945,de:12067:900310703::2,-0.5,2026-10-02T01:01:04.695736+02:00
306896945,de:12067:900310915::2,0.0,2026-10-02T01:01:04.695736+02:00
306896945,de:12067:900310916::2,0.0,2026-10-02T01:01:04.695736+02:00
306896945,de:12067:900310917::2,-0.5,2026-10-02T01:01:04.695736+02:00
306896945,de:12067:900310900::2,-0.5,2026-10-02T01:01:04.695736+02:00
306896945,de:12067:900310880::2,-0.5,2026-10-02T01:01:04.695736+02:00
306896945,de:12067:900310010::1,-0.5,2026-10-02T01:01:04.695736+02:00
306896945,de:12067:900310879::2,-0.5,2026-10-02T01:01:04.695736+02:00
306896945,de:12067:900310800::2,-0.5,2026-10-02T01:01:04.695736+02:00
306896945,de:12067:900310771::2,-0.5,2026-10-02T01:01:04.695736+02:00
306896945,de:12067:900310822::2,-0.5,2026-10-02T01:01:04.695736+02:00
306896945,de:12067:900310781::2,0.0,2026-10-02T01:01:04.695736+02:00
306896945,de:12067:900310627::2,-0.5,2026-10-02T01:01:04.695736+02:00
306896945,de:12067:900310816::2,0.0,2026-10-02T01:01:04.695736+02:00
306896945,de:12067:900310022::1,0.0,2026-10-02T01:01:04.695736+02:00
306896945,de:12067:900310001::11,0.0,2026-10-02T01:01:04.695736+02:00
295910400,de:12067:900310004:3:53,0.0,2026-10-02T01:01:04.695736+02:00
295910400,de:11000:900183002:1:50,-0.1,2026-10-02T01:01:04.695736+02:00
295910400,de:11000:900183001:1:50,-0.4,2026-10-02T01:01:04.695736+02:00
295910400,de:11000:900182002:1:50,0.0,2026-10-02T01:01:04.695736+02:00
295910400,de:11000:900182001:1:50,-0.2,2026-10-02T01:01:04.695736+02:00
295910400,de:11000:900180001:1:50,-0.7,2026-10-02T01:01:04.695736+02:00
295910400,de:11000:900180002:1:50,-0.7,2026-10-02T01:01:04.695736+02:00
295910400,de:11000:900162001:1:50,-0.9,2026-10-02T01:01:04.695736+02:00
295910400,de:11000:900160002:1:50,0.0,2026-10-02T01:01:04.695736+02:00
295910400,de:11000:900160001:1:50,-0.3,2026-10-02T01:01:04.695736+02:00
295910400,de:11000:900120003:3:54,-0.1,2026-10-02T01:01:04.695736+02:00
295910400,de:11000:900120004:2:52,-0.6,2026-10-02T01:01:04.695736+02:00
295910400,de:11000:900120005:4:56,-0.9,2026-10-02T01:01:04.695736+02:00
307440998,de:12070:900216026:3:53,0.0,2026-10-02T01:01:04.695736+02:00
307440998,de:12070:900216013:1:50,0.0,2026-10-02T01:01:04.695736+02:00
307440998,de:12070:900215696:1:50,0.0,2026-10-02T01:01:04.695736+02:00
307440998,de:12070:900215350:1:50,0.0,2026-10-02T01:01:04.695736+02:00
307440998,de:12070:900215723:1:50,0.0,2026-10-02T01:01:04.695736+02:00
307440998,de:12068:900205322:1:50,0.0,2026-10-02T01:01:04.695736+02:00
307440998,de:12068:900205130:1:50,0.0,2026-10-02T01:01:04.695736+02:00
307440998,de:12068:900205617:2:51,0.0,2026-10-02T01:01:04.695736+02:00
307440998,de:12068:900205090:1:50,0.0,2026-10-02T01:01:04.695736+02:00
307440998,de:12068:900205092:1:50,0.0,2026-10-02T01:01:04.695736+02:00
307440998,de:12068:900205022:1:50,0.0,2026-10-02T01:01:04.695736+02:00
307440998,de:12068:900205023:1:50,0.0,2026-10-02T01:01:04.695736+02:00
307440998,de:12068:900205006:1:50,0.0,2026-10-02T01:01:04.695736+02:00
307440998,de:12068:900205005:1:50,0.0,2026-10-02T01:01:04.695736+02:00
307440998,de:12065:900203491:1:50,0.0,2026-10-02T01:01:04.695736+02:00
307440998,de:12065:900203452:1:50,0.0,2026-10-02T01:01:04.695736+02:00
307440998,de:12065:900200004:1:51,0.0,2026-10-02T01:01:04.695736+02:00
307440998,de:12065:900200000:1:50,0.0,2026-10-02T01:01:04.695736+02:00
295910350,de:12067:900310004:3:53,0.0,2026-10-02T01:01:04.695736+02:00
295910350,de:11000:900183002:1:50,-0.1,2026-10-02T01:01:04.695736+02:00
295910350,de:11000:900183001:1:50,-0.4,2026-10-02T01:01:04.695736+02:00
295910350,de:11000:900182002:1:50,0.0,2026-10-02T01:01:04.695736+02:00
295910350,de:11000:900182001:1:50,-0.2,2026-10-02T01:01:04.695736+02:00
295910350,de:11000:900180001:1:50,-0.7,2026-10-02T01:01:04.695736+02:00
295910350,de:11000:900180002:1:50,-0.7,2026-10-02T01:01:04.695736+02:00
295910350,de:11000:900162001:1:50,-0.9,2026-10-02T01:01:04.695736+02:00
295910350,de:11000:900160002:1:50,0.0,2026-10-02T01:01:04.695736+02:00
295910350,de:11000:900160001:1:50,-0.3,2026-10-02T01:01:04.695736+02:00
295910350,de:11000:900120003:3:55,-0.1,2026-10-02T01:01:04.695736+02:00
295910350,de:11000:900120004:2:53,-0.6,2026-10-02T01:01:04.695736+02:00
295910350,de:11000:900120005:5:58,-0.9,2026-10-02T01:01:04.695736+02:00
295910350,de:11000:900100004:1:51,-0.9,2026-10-02T01:01:04.695736+02:00
295910350,de:11000:900100003:2:53,-0.9,2026-10-02T01:01:04.695736+02:00
295910350,de:11000:900100002:1:51,-0.9,2026-10-02T01:01:04.695736+02:00
295910350,de:11000:900100001:3:55,-0.9,2026-10-02T01:01:04.695736+02:00
295910350,de:11000:900003201:3:55,-0.6,2026-10-02T01:01:04.695736+02:00
295910350,de:11000:900003102:1:51,-0.3,2026-10-02T01:01:04.695736+02:00
295910350,de:11000:900003103:1:51,-0.4,2026-10-02T01:01:04.695736+02:00
295910350,de:11000:900023201:3:55,-0.3,2026-10-02T01:01:04.695736+02:00
295910350,de:11000:900024203:1:51,-0.3,2026-10-02T01:01:04.695736+02:00
295910350,de:11000:900024101:4:56,-0.3,2026-10-02T01:01:04.695736+02:00
295910343,de:12067:900310004:3:53,0.0,2026-10-02T01:01:04.695736+02:00
295910343,de:11000:900183002:1:50,-0.1,2026-10-02T01:01:04.695736+02:00
295910343,de:11000:900183001:1:50,-0.4,2026-10-02T01:01:04.695736+02:00
295910343,de:11000:900182002:1:50,0.0,2026-10-02T01:01:04.695736+02:00
295910343,de:11000:900182001:1:50,-0.2,2026-10-02T01:01:04.695736+02:00
295910343,de:11000:900180001:1:50,-0.7,2026-10-02T01:01:04.695736+02:00
295910343,de:11000:900180002:1:50,-0.7,2026-10-02T01:01:04.695736+02:00
295910343,de:11000:900162001:1:50,-0.9,2026-10-02T01:01:04.695736+02:00
295910343,de:11000:900160002:1:50,0.0,2026-10-02T01:01:04.695736+02:00
295910343,de:11000:900160001:1:50,-0.3,2026-10-02T01:01:04.695736+02:00
295910343,de:11000:900120003:3:55,-0.1,2026-10-02T01:01:04.695736+02:00
295910343,de:11000:900120004:2:53,-0.6,2026-10-02T01:01:04.695736+02:00
295910343,de:11000:900120005:5:58,-0.9,2026-10-02T01:01:04.695736+02:00
295910343,de:11000:900100004:1:51,-0.9,2026-10-02T01:01:04.695736+02:00
295910343,de:11000:900100003:2:53,-0.9,2026-10-02T01:01:04.695736+02:00
295910343,de:11000:900100002:1:51,-0.9,2026-10-02T01:01:04.695736+02:00
295910343,de:11000:900100001:3:55,-0.9,2026-10-02T01:01:04.695736+02:00
295910343,de:11000:900003201:3:55,-0.6,2026-10-02T01:01:04.695736+02:00
295910343,de:11000:900003102:1:51,-0.3,2026-10-02T01:01:04.695736+02:00
295910343,de:11000:900003103:1:51,-0.4,2026-10-02T01:01:04.695736+02:00
295910343,de:11000:900023201:3:55,-0.3,2026-10-02T01:01:04.695736+02:00
295910343,de:11000:900024203:1:51,-0.3,2026-10-02T01:01:04.695736+02:00
295910343,de:11000:900024101:4:56,-0.3,2026-10-02T01:01:04.695736+02:00
307280591,de:11000:900020202:1:51,0.0,2026-10-02T01:01:04.695736+02:00
307280591,de:11000:900001201:1:51,-0.2,2026-10-02T01:01:04.695736+02:00
307280591,de:11000:900009104:1:51,-0.8,2026-10-02T01:01:04.695736+02:00
307280591,de:11000:900007102:2:52,-0.9,2026-10-02T01:01:04.695736+02:00
307280591,de:11000:900110001:1:50,-0.6,2026-10-02T01:01:04.695736+02:00
307280591,de:11000:900110002:1:50,-0.4,2026-10-02T01:01:04.695736+02:00
307280591,de:11000:900110003:1:50,-0.4,2026-10-02T01:01:04.695736+02:00
307280591,de:11000:900110004:1:50,-0.8,2026-10-02T01:01:04.695736+02:00
307280591,de:11000:900110012:1:50,-0.7,2026-10-02T01:01:04.695736+02:00
307280591,de:11000:900120001:1:50,-0.7,2026-10-02T01:01:04.695736+02:00
307280591,de:11000:900120003:5:58,-0.1,2026-10-02T01:01:04.695736+02:00
307280591,de:11000:900190001:1:50,-0.4,2026-10-02T01:01:04.695736+02:00
307280591,de:11000:900077106:1:50,-0.4,2026-10-02T01:01:04.695736+02:00
307280591,de:11000:900078201:1:50,-0.3,2026-10-02T01:01:04.695736+02:00
307280591,de:11000:900079221:1:50,-0.2,2026-10-02T01:01:04.695736+02:00
307280591,de:11000:900068201:1:50,-0.8,2026-10-02T01:01:04.695736+02:00
307280591,de:11000:900058101:5:58,-0.1,2026-10-02T01:01:04.695736+02:00
307280591,de:11000:900054104:2:52,-0.2,2026-10-02T01:01:04.695736+02:00
307280591,de:11000:900054105:1:50,-0.9,2026-10-02T01:01:04.695736+02:00
307280591,de:11000:900044202:1:50,-0.7,2026-10-02T01:01:04.695736+02:00
307280591,de:11000:900045102:1:50,-0.7,2026-10-02T01:01:04.695736+02:00
307280591,de:11000:900044101:1:50,-0.8,2026-10-02T01:01:04.695736+02:00
307280591,de:11000:900040101:1:50,-0.8,2026-10-02T01:01:04.695736+02:00
307286588,de:11000:900190001:2:52,0.0,2026-10-02T01:01:04.695736+02:00
307286588,de:11000:900120003:5:59,-0.4,2026-10-02T01:01:04.695736+02:00
307286588,de:11000:900120001:1:51,0.0,2026-10-02T01:01:04.695736+02:00
307286588,de:11000:900110012:1:51,-0.2,2026-10-02T01:01:04.695736+02:00
307286588,de:11000:900110004:1:51,-0.1,2026-10-02T01:01:04.695736+02:00
307286588,de:11000:900110003:1:51,-0.4,2026-10-02T01:01:04.695736+02:00
307286588,de:11000:900110002:1:51,-0.4,2026-10-02T01:01:04.695736+02:00
307286588,de:11000:900110001:1:51,-0.1,2026-10-02T01:01:04.695736+02:00
307286588,de:11000:900007102:1:51,-0.6,2026-10-02T01:01:04.695736+02:00
307286588,de:11000:900009104:1:51,-0.8,2026-10-02T01:01:04.695736+02:00
307286588,de:11000:900001201:1:51,-0.3,2026-10-02T01:01:04.695736+02:00
307286588,de:11000:900020202:1:51,-0.1,2026-10-02T01:01:04.695736+02:00
307286586,de:11000:900079221:1:51,0.0,2026-10-02T01:01:04.695736+02:00
307286586,de:11000:900078201:1:51,-0.1,2026-10-02T01:01:04.695736+02:00
307286586,de:11000:900077106:1:51,0.0,2026-10-02T01:01:04.695736+02:00
307286586,de:11000:900190001:2:52,-0.9,2026-10-02T01:01:04.695736+02:00
307286586,de:11000:900120003:5:59,-0.4,2026-10-02T01:01:04.695736+02:00
307286586,de:11000:900120001:1:51,0.0,2026-10-02T01:01:04.695736+02:00
307286586,de:11000:900110012:1:51,-0.2,2026-10-02T01:01:04.695736+02:00
307286586,de:11000:900110004:1:51,-0.1,2026-10-02T01:01:04.695736+02:00
307286586,de:11000:900110003:1:51,-0.4,2026-10-02T01:01:04.695736+02:00
307286586,de:11000:900110002:1:51,-0.4,2026-10-02T01:01:04.695736+02:00
307286586,de:11000:900110001:1:51,-0.1,2026-10-02T01:01:04.695736+02:00
307286586,de:11000:900007102:1:51,-0.6,2026-10-02T01:01:04.695736+02:00
307286586,de:11000:900009104:1:51,-0.8,2026-10-02T01:01:04.695736+02:00
307286586,de:11000:900001201:1:51,-0.3,2026-10-02T01:01:04.695736+02:00
307286586,de:11000:900020202:1:51,-0.1,2026-10-02T01:01:04.695736+02:00
307286639,de:11000:900024101:3:54,0.0,2026-10-02T01:01:04.695736+02:00
307286639,de:11000:900040101:1:50,-0.2,2026-10-02T01:01:04.695736+02:00
307286639,de:11000:900044101:1:50,-0.3,2026-10-02T01:01:04.695736+02:00
307286639,de:11000:900045102:1:51,-0.4,2026-10-02T01:01:04.695736+02:00
307286639,de:11000:900044202:1:51,-0.4,2026-10-02T01:01:04.695736+02:00
307286639,de:11000:900054105:1:51,-0.2,2026-10-02T01:01:04.695736+02:00
307286639,de:11000:900054104:2:53,-0.8,2026-10-02T01:01:04.695736+02:00
307286639,de:11000:900058101:5:59,-0.2,2026-10-02T01:01:04.695736+02:00
307286639,de:11000:900068201:1:51,-0.8,2026-10-02T01:01:04.695736+02:00
307286639,de:11000:900079221:1:51,-0.4,2026-10-02T01:01:04.695736+02:00
307286639,de:11000:900078201:1:51,-0.1,2026-10-02T01:01:04.695736+02:00
307286639,de:11000:900077106:1:51,0.0,2026-10-02T01:01:04.695736+02:00
307286639,de:11000:900190001:2:52,-0.9,2026-10-02T01:01:04.695736+02:00
307286639,de:11000:900120003:5:59,-0.4,2026-10-02T01:01:04.695736+02:00
307286639,de:11000:900120001:1:51,0.0,2026-10-02T01:01:04.695736+02:00
307286639,de:11000:900110012:1:51,-0.2,2026-10-02T01:01:04.695736+02:00
307286639,de:11000:900110004:1:51,-0.1,2026-10-02T01:01:04.695736+02:00
307286639,de:11000:900110003:1:51,-0.4,2026-10-02T01:01:04.695736+02:00
307286639,de:11000:900110002:1:51,-0.4,2026-10-02T01:01:04.695736+02:00
307286639,de:11000:900110001:1:51,-0.1,2026-10-02T01:01:04.695736+02:00
307286639,de:11000:900007102:1:51,-0.6,2026-10-02T01:01:04.695736+02:00
307286639,de:11000:900009104:1:51,-0.8,2026-10-02T01:01:04.695736+02:00
307286639,de:11000:900001201:1:51,-0.3,2026-10-02T01:01:04.695736+02:00
307286639,de:11000:900020202:1:51,-0.1,2026-10-02T01:01:04.695736+02:00
307286629,de:11000:900024101:3:54,0.0,2026-10-02T01:01:04.695736+02:00
307286629,de:11000:900040101:1:50,-0.2,2026-10-02T01:01:04.695736+02:00
307286629,de:11000:900044101:1:50,-0.3,2026-10-02T01:01:04.695736+02:00
307286629,de:11000:900045102:1:51,-0.4,2026-10-02T01:01:04.695736+02:00
307286629,de:11000:900044202:1:51,-0.4,2026-10-02T01:01:04.695736+02:00
307286629,de:11000:900054105:1:51,-0.2,2026-10-02T01:01:04.695736+02:00
307286629,de:11000:900054104:2:53,-0.8,2026-10-02T01:01:04.695736+02:00
307286629,de:11000:900058101:5:59,-0.2,2026-10-02T01:01:04.695736+02:00
307286629,de:11000:900068201:1:51,-0.8,2026-10-02T01:01:04.695736+02:00
307286629,de:11000:900079221:1:51,-0.4,2026-10-02T01:01:04.695736+02:00
307286629,de:11000:900078201:1:51,-0.1,2026-10-02T01:01:04.695736+02:00
307286629,de:11000:900077106:1:51,0.0,2026-10-02T01:01:04.695736+02:00
307286629,de:11000:900190001:2:52,-0.9,2026-10-02T01:01:04.695736+02:00
307286629,de:11000:900120003:5:59,-0.4,2026-10-02T01:01:04.695736+02:00
307286629,de:11000:900120001:1:51,0.0,2026-10-02T01:01:04.695736+02:00
307286629,de:11000:900110012:1:51,-0.2,2026-10-02T01:01:04.695736+02:00
307286629,de:11000:900110004:1:51,-0.1,2026-10-02T01:01:04.695736+02:00
307286629,de:11000:900110003:1:51,-0.4,2026-10-02T01:01:04.695736+02:00
307286629,de:11000:900110002:1:51,-0.4,2026-10-02T01:01:04.695736+02:00
307286629,de:11000:900110001:1:51,-0.1,2026-10-02T01:01:04.695736+02:00
307286629,de:11000:900007102:1:51,-0.6,2026-10-02T01:01:04.695736+02:00
307286629,de:11000:900009104:1:51,-0.8,2026-10-02T01:01:04.695736+02:00
307286629,de:11000:900001201:1:51,-0.3,2026-10-02T01:01:04.695736+02:00
307286629,de:11000:900020202:1:51,-0.1,2026-10-02T01:01:04.695736+02:00
307286685,de:11000:900040101:1:50,0.0,2026-10-02T01:01:04.695736+02:00
307286685,de:11000:900044101:1:50,-0.8,2026-10-02T01:01:04.695736+02:00
307286685,de:11000:900045102:1:51,-0.9,2026-10-02T01:01:04.695736+02:00
307286685,de:11000:900044202:1:51,-0.9,2026-10-02T01:01:04.695736+02:00
307286685,de:11000:900054105:1:51,-0.7,2026-10-02T01:01:04.695736+02:00
307286685,de:11000:900054104:2:53,-0.3,2026-10-02T01:01:04.695736+02:00
307286685,de:11000:900058101:5:59,-0.2,2026-10-02T01:01:04.695736+02:00
307286685,de:11000:900068201:1:51,-0.8,2026-10-02T01:01:04.695736+02:00
307286685,de:11000:900079221:1:51,-0.4,2026-10-02T01:01:04.695736+02:00
307286685,de:11000:900078201:1:51,-0.1,2026-10-02T01:01:04.695736+02:00
307286685,de:11000:900077106:1:51,0.0,2026-10-02T01:01:04.695736+02:00
307286685,de:11000:900190001:2:52,-0.9,2026-10-02T01:01:04.695736+02:00
307286685,de:11000:900120003:5:59,-0.4,2026-10-02T01:01:04.695736+02:00
307286685,de:11000:900120001:1:51,0.0,2026-10-02T01:01:04.695736+02:00
307286685,de:11000:900110012:1:51,-0.2,2026-10-02T01:01:04.695736+02:00
307286685,de:11000:900110004:1:51,-0.1,2026-10-02T01:01:04.695736+02:00
307286685,de:11000:900110003:1:51,-0.4,2026-10-02T01:01:04.695736+02:00
307286685,de:11000:900110002:1:51,-0.4,2026-10-02T01:01:04.695736+02:00
307286685,de:11000:900110001:1:51,-0.1,2026-10-02T01:01:04.695736+02:00
307286685,de:11000:900007102:1:51,-0.6,2026-10-02T01:01:04.695736+02:00
307286685,de:11000:900009104:1:50,-0.8,2026-10-02T01:01:04.695736+02:00
307286685,de:11000:900001201:1:50,-0.3,2026-10-02T01:01:04.695736+02:00
307286685,de:11000:900020202:1:50,-0.1,2026-10-02T01:01:04.695736+02:00
307286613,de:11000:900024101:3:54,0.0,2026-10-02T01:01:04.695736+02:00
307286613,de:11000:900040101:1:50,-0.2,2026-10-02T01:01:04.695736+02:00
307286613,de:11000:900044101:1:50,-0.3,2026-10-02T01:01:04.695736+02:00
307286613,de:11000:900045102:1:51,-0.4,2026-10-02T01:01:04.695736+02:00
307286613,de:11000:900044202:1:51,-0.4,2026-10-02T01:01:04.695736+02:00
307286613,de:11000:900054105:1:51,-0.2,2026-10-02T01:01:04.695736+02:00
307286613,de:11000:900054104:2:53,-0.8,2026-10-02T01:01:04.695736+02:00
307286613,de:11000:900058101:5:59,-0.2,2026-10-02T01:01:04.695736+02:00
307286613,de:11000:900068201:1:51,-0.8,2026-10-02T01:01:04.695736+02:00
307286613,de:11000:900079221:1:51,-0.4,2026-10-02T01:01:04.695736+02:00
307286613,de:11000:900078201:1:51,-0.1,2026-10-02T01:01:04.695736+02:00
307286613,de:11000:900077106:1:51,0.0,2026-10-02T01:01:04.695736+02:00
307286613,de:11000:900190001:2:52,-0.9,2026-10-02T01:01:04.695736+02:00
307286613,de:11000:900120003:5:59,-0.4,2026-10-02T01:01:04.695736+02:00
307286613,de:11000:900120001:1:51,0.0,2026-10-02T01:01:04.695736+02:00
307286613,de:11000:900110012:1:51,-0.2,2026-10-02T01:01:04.695736+02:00
307286613,de:11000:900110004:1:51,-0.1,2026-10-02T01:01:04.695736+02:00
307286613,de:11000:900110003:1:51,-0.4,2026-10-02T01:01:04.695736+02:00
307286613,de:11000:900110002:1:51,-0.4,2026-10-02T01:01:04.695736+02:00
307286613,de:11000:900110001:1:51,-0.1,2026-10-02T01:01:04.695736+02:00
307286613,de:11000:900007102:1:51,-0.6,2026-10-02T01:01:04.695736+02:00
307286613,de:11000:900009104:1:51,-0.8,2026-10-02T01:01:04.695736+02:00
307286613,de:11000:900001201:1:51,-0.3,2026-10-02T01:01:04.695736+02:00
307286613,de:11000:900020202:1:51,-0.1,2026-10-02T01:01:04.695736+02:00
307286610,de:11000:900024101:3:54,0.0,2026-10-02T01:01:04.695736+02:00
307286610,de:11000:900040101:1:50,-0.2,2026-10-02T01:01:04.695736+02:00
307286610,de:11000:900044101:1:50,-0.3,2026-10-02T01:01:04.695736+02:00
307286610,de:11000:900045102:1:51,-0.4,2026-10-02T01:01:04.695736+02:00
307286610,de:11000:900044202:1:51,-0.4,2026-10-02T01:01:04.695736+02:00
307286610,de:11000:900054105:1:51,-0.2,2026-10-02T01:01:04.695736+02:00
307286610,de:11000:900054104:2:53,-0.8,2026-10-02T01:01:04.695736+02:00
307286610,de:11000:900058101:5:59,-0.2,2026-10-02T01:01:04.695736+02:00
307286610,de:11000:900068201:1:51,-0.8,2026-10-02T01:01:04.695736+02:00
307286610,de:11000:900079221:1:51,-0.4,2026-10-02T01:01:04.695736+02:00
307286610,de:11000:900078201:1:51,-0.1,2026-10-02T01:01:04.695736+02:00
307286610,de:11000:900077106:1:51,0.0,2026-10-02T01:01:04.695736+02:00
307286610,de:11000:900190001:2:52,-0.9,2026-10-02T01:01:04.695736+02:00
307286610,de:11000:900120003:5:59,-0.4,2026-10-02T01:01:04.695736+02:00
307286610,de:11000:900120001:1:51,0.0,2026-10-02T01:01:04.695736+02:00
307286610,de:11000:900110012:1:51,-0.2,2026-10-02T01:01:04.695736+02:00
307286610,de:11000:900110004:1:51,-0.1,2026-10-02T01:01:04.695736+02:00
307286610,de:11000:900110003:1:51,-0.4,2026-10-02T01:01:04.695736+02:00
307286610,de:11000:900110002:1:51,-0.4,2026-10-02T01:01:04.695736+02:00
307286610,de:11000:900110001:1:51,-0.1,2026-10-02T01:01:04.695736+02:00
307286610,de:11000:900007102:1:51,-0.6,2026-10-02T01:01:04.695736+02:00
307286610,de:11000:900009104:1:51,-0.8,2026-10-02T01:01:04.695736+02:00
307286610,de:11000:900001201:1:51,-0.3,2026-10-02T01:01:04.695736+02:00
307286610,de:11000:900020202:1:51,-0.1,2026-10-02T01:01:04.695736+02:00
307289062,de:11000:900079221:1:51,0.0,2026-10-02T01:01:04.695736+02:00
307289062,de:11000:900078201:1:51,-0.1,2026-10-02T01:01:04.695736+02:00
307289062,de:11000:900077106:1:51,0.0,2026-10-02T01:01:04.695736+02:00
307289062,de:11000:900190001:2:52,-0.9,2026-10-02T01:01:04.695736+02:00
307289062,de:11000:900120003:5:59,-0.4,2026-10-02T01:01:04.695736+02:00
307289062,de:11000:900120001:1:51,0.0,2026-10-02T01:01:04.695736+02:00
307289062,de:11000:900110012:1:51,-0.2,2026-10-02T01:01:04.695736+02:00
307289062,de:11000:900110004:1:51,-0.1,2026-10-02T01:01:04.695736+02:00
307289062,de:11000:900110003:1:51,-0.4,2026-10-02T01:01:04.695736+02:00
307289062,de:11000:900110002:1:51,-0.4,2026-10-02T01:01:04.695736+02:00
307289062,de:11000:900110001:1:51,-0.1,2026-10-02T01:01:04.695736+02:00
307289062,de:11000:900007102:1:51,-0.6,2026-10-02T01:01:04.695736+02:00
307289062,de:11000:900009104:1:51,-0.3,2026-10-02T01:01:04.695736+02:00
306895247,de:12061:900261462::1,0.0,2026-10-02T01:01:04.695736+02:00
306895247,de:12061:900261459::1,0.0,2026-10-02T01:01:04.695736+02:00
306895247,de:12061:900261610::1,-0.5,2026-10-02T01:01:04.695736+02:00
306895247,de:12061:900261192::2,0.0,2026-10-02T01:01:04.695736+02:00
306895247,de:12067:900311006::1,-0.5,2026-10-02T01:01:04.695736+02:00
306895247,de:12067:900310978::1,0.0,2026-10-02T01:01:04.695736+02:00
306895247,de:12067:900310978::2,0.0,2026-10-02T01:01:04.695736+02:00
306895247,de:12067:900310967::1,-0.5,2026-10-02T01:01:04.695736+02:00
306895247,de:12067:900310939::1,0.0,2026-10-02T01:01:04.695736+02:00
306895247,de:12067:900310765::1,0.0,2026-10-02T01:01:04.695736+02:00
306895247,de:12067:900310764::2,0.0,2026-10-02T01:01:04.695736+02:00
306895247,de:12067:900310910::1,0.0,2026-10-02T01:01:04.695736+02:00
306895247,de:12067:900311101::2,0.0,2026-10-02T01:01:04.695736+02:00
306895247,de:12067:900311099::2,0.0,2026-10-02T01:01:04.695736+02:00
306895247,de:12067:900310725::2,0.0,2026-10-02T01:01:04.695736+02:00
306895247,de:12067:900310738::2,0.0,2026-10-02T01:01:04.695736+02:00
306895247,de:12067:900310639::1,0.0,2026-10-02T01:01:04.695736+02:00
306895247,de:12067:900310626::1,0.0,2026-10-02T01:01:04.695736+02:00
306895247,de:12067:900311129::6,0.0,2026-10-02T01:01:04.695736+02:00
307292668,de:12061:900260001:2:52,0.0,2026-10-02T01:01:04.695736+02:00
307292668,de:12061:900260002:1:51,-0.8,2026-10-02T01:01:04.695736+02:00
307292668,de:12061:900260003:1:51,-0.7,2026-10-02T01:01:04.695736+02:00
307292668,de:12061:900260004:1:51,-0.9,2026-10-02T01:01:04.695736+02:00
307292668,de:11000:900186001:2:53,-0.2,2026-10-02T01:01:04.695736+02:00
307292668,de:11000:900193002:1:51,-0.2,2026-10-02T01:01:04.695736+02:00
307292668,de:11000:900193001:2:51,-0.8,2026-10-02T01:01:04.695736+02:00
307292668,de:11000:900192001:3:55,-0.7,2026-10-02T01:01:04.695736+02:00
307292668,de:11000:900191001:1:50,-0.4,2026-10-02T01:01:04.695736+02:00
307292668,de:11000:900077155:1:50,-0.9,2026-10-02T01:01:04.695736+02:00
307292668,de:11000:900078201:1:50,-0.4,2026-10-02T01:01:04.695736+02:00
307292668,de:11000:900079221:1:50,-0.2,2026-10-02T01:01:04.695736+02:00
307292668,de:11000:900068201:1:50,-0.8,2026-10-02T01:01:04.695736+02:00
307292668,de:11000:900058101:5:58,-0.1,2026-10-02T01:01:04.695736+02:00
307292668,de:11000:900054104:2:52,-0.2,2026-10-02T01:01:04.695736+02:00
307292668,de:11000:900054105:1:50,-0.9,2026-10-02T01:01:04.695736+02:00
307292668,de:11000:900044202:1:50,-0.7,2026-10-02T01:01:04.695736+02:00
307292652,de:12061:900260001:2:52,0.0,2026-10-02T01:01:04.695736+02:00
307292652,de:12061:900260002:1:51,-0.8,2026-10-02T01:01:04.695736+02:00
307292652,de:12061:900260003:1:51,-0.7,2026-10-02T01:01:04.695736+02:00
307292652,de:12061:900260004:1:51,-0.9,2026-10-02T01:01:04.695736+02:00
307292652,de:11000:900186001:2:53,-0.2,2026-10-02T01:01:04.695736+02:00
307292652,de:11000:900193002:1:51,-0.2,2026-10-02T01:01:04.695736+02:00
307292652,de:11000:900193001:2:51,-0.8,2026-10-02T01:01:04.695736+02:00
307292652,de:11000:900192001:3:55,-0.7,2026-10-02T01:01:04.695736+02:00
307292652,de:11000:900191001:1:50,-0.4,2026-10-02T01:01:04.695736+02:00
307292652,de:11000:900077155:1:50,-0.9,2026-10-02T01:01:04.695736+02:00
307292652,de:11000:900078201:1:50,-0.4,2026-10-02T01:01:04.695736+02:00
307292652,de:11000:900079221:1:50,-0.2,2026-10-02T01:01:04.695736+02:00
307292652,de:11000:900068201:1:50,-0.8,2026-10-02T01:01:04.695736+02:00
307292652,de:11000:900058101:5:58,-0.1,2026-10-02T01:01:04.695736+02:00
307292652,de:11000:900054104:2:52,-0.2,2026-10-02T01:01:04.695736+02:00
307292652,de:11000:900054105:1:50,-0.9,2026-10-02T01:01:04.695736+02:00
307292652,de:11000:900044202:1:50,-0.7,2026-10-02T01:01:04.695736+02:00
295928980,de:11000:900186001:2:52,0.0,2026-10-02T01:01:04.695736+02:00
295928980,de:11000:900193002:1:51,-0.2,2026-10-02T01:01:04.695736+02:00
295928980,de:11000:900193001:2:51,-0.8,2026-10-02T01:01:04.695736+02:00
295928980,de:11000:900192001:3:55,-0.7,2026-10-02T01:01:04.695736+02:00
295928980,de:11000:900191001:1:50,-0.4,2026-10-02T01:01:04.695736+02:00
295928980,de:11000:900077155:1:50,-0.9,2026-10-02T01:01:04.695736+02:00
295928980,de:11000:900078201:1:50,-0.9,2026-10-02T01:01:04.695736+02:00
295928980,de:11000:900079221:1:50,-0.7,2026-10-02T01:01:04.695736+02:00
295933075,de:11000:900180003:1:50,0.0,2026-10-02T01:01:04.695736+02:00
295933075,de:11000:900192002:1:50,-0.4,2026-10-02T01:01:04.695736+02:00
295933075,de:11000:900192001:3:54,-0.2,2026-10-02T01:01:04.695736+02:00
295933075,de:11000:900191001:1:50,-0.9,2026-10-02T01:01:04.695736+02:00
295933075,de:11000:900077155:1:50,-0.4,2026-10-02T01:01:04.695736+02:00
295933075,de:11000:900078201:1:50,-0.9,2026-10-02T01:01:04.695736+02:00
295933075,de:11000:900079221:1:50,-0.7,2026-10-02T01:01:04.695736+02:00
295933075,de:11000:900068201:1:50,-0.3,2026-10-02T01:01:04.695736+02:00
295933075,de:11000:900058101:5:58,-0.6,2026-10-02T01:01:04.695736+02:00
295940779,de:11000:900176001:1:50,0.0,2026-10-02T01:01:04.695736+02:00
295940779,de:11000:900175002:1:50,-0.7,2026-10-02T01:01:04.695736+02:00
295940779,de:11000:900175001:1:50,-0.6,2026-10-02T01:01:04.695736+02:00
295940779,de:11000:900171001:1:50,-0.3,2026-10-02T01:01:04.695736+02:00
295940779,de:11000:900171002:1:51,-0.4,2026-10-02T01:01:04.695736+02:00
295940779,de:11000:900160004:1:51,-0.8,2026-10-02T01:01:04.695736+02:00
295940779,de:11000:900160003:1:51,-0.8,2026-10-02T01:01:04.695736+02:00
295940779,de:11000:900120003:3:54,-0.9,2026-10-02T01:01:04.695736+02:00
295940779,de:11000:900120004:2:52,-0.6,2026-10-02T01:01:04.695736+02:00
295940779,de:11000:900120005:5:57,-0.9,2026-10-02T01:01:04.695736+02:00
295940246,de:12064:900320008:1:51,0.0,2026-10-02T01:01:04.695736+02:00
295940246,de:12064:900320026:1:50,-0.3,2026-10-02T01:01:04.695736+02:00
295940246,de:11000:900176001:1:51,-0.7,2026-10-02T01:01:04.695736+02:00
295940246,de:11000:900175002:1:50,-0.7,2026-10-02T01:01:04.695736+02:00
295940246,de:11000:900175001:1:50,-0.6,2026-10-02T01:01:04.695736+02:00
295940246,de:11000:900171001:1:50,-0.3,2026-10-02T01:01:04.695736+02:00
295940246,de:11000:900171002:1:51,-0.4,2026-10-02T01:01:04.695736+02:00
295940246,de:11000:900160004:1:51,-0.8,2026-10-02T01:01:04.695736+02:00
295940246,de:11000:900160003:1:51,-0.9,2026-10-02T01:01:04.695736+02:00
295940246,de:11000:900120003:3:55,-0.1,2026-10-02T01:01:04.695736+02:00
295940246,de:11000:900120004:2:53,-0.6,2026-10-02T01:01:04.695736+02:00
295940246,de:11000:900120005:5:58,-0.9,2026-10-02T01:01:04.695736+02:00
295940246,de:11000:900100004:1:51,-0.4,2026-10-02T01:01:04.695736+02:00
295940246,de:11000:900100003:2:53,-0.4,2026-10-02T01:01:04.695736+02:00
295940246,de:11000:900100002:1:51,-0.4,2026-10-02T01:01:04.695736+02:00
295940246,de:11000:900100001:3:55,-0.4,2026-10-02T01:01:04.695736+02:00
295940246,de:11000:900003201:3:55,-0.1,2026-10-02T01:01:04.695736+02:00
295940246,de:11000:900003102:1:51,-0.8,2026-10-02T01:01:04.695736+02:00
295940246,de:11000:900003103:1:51,-0.9,2026-10-02T01:01:04.695736+02:00
295940246,de:11000:900023201:3:55,-0.8,2026-10-02T01:01:04.695736+02:00
295940246,de:11000:900024203:1:51,-0.8,2026-10-02T01:01:04.695736+02:00
295940246,de:11000:900024101:4:57,-0.8,2026-10-02T01:01:04.695736+02:00
295940246,de:11000:900024102:1:51,-0.1,2026-10-02T01:01:04.695736+02:00
306896843,de:12067:900311129::4,0.0,2026-10-02T01:01:04.695736+02:00
306896843,de:12067:900311129::4,-12.0,2026-10-02T01:01:04.695736+02:00
306896843,de:12067:900310727::3,0.0,2026-10-02T01:01:04.695736+02:00
306896843,de:12067:900310755::2,0.0,2026-10-02T01:01:04.695736+02:00
306896843,de:12067:900310728::3,0.0,2026-10-02T01:01:04.695736+02:00
306896843,de:12067:900311129::7,0.0,2026-10-02T01:01:04.695736+02:00
306896843,de:12067:900311129::4,12.0,2026-10-02T01:01:04.695736+02:00
306896843,de:12067:900311129::4,0.0,2026-10-02T01:01:04.695736+02:00
306896843,de:12067:900310637::2,0.0,2026-10-02T01:01:04.695736+02:00
306896843,de:12067:900310722::2,-0.5,2026-10-02T01:01:04.695736+02:00
306896843,de:12067:900310841::2,0.0,2026-10-02T01:01:04.695736+02:00
306896843,de:12067:900311002::3,0.0,2026-10-02T01:01:04.695736+02:00
306896843,de:12067:900310908::2,0.0,2026-10-02T01:01:04.695736+02:00
306896843,de:12067:900310975::2,0.0,2026-10-02T01:01:04.695736+02:00
306896843,de:12067:900310974::2,0.0,2026-10-02T01:01:04.695736+02:00
306896843,de:12067:900310914::2,0.0,2026-10-02T01:01:04.695736+02:00
306896843,de:12067:900310703::3,0.0,2026-10-02T01:01:04.695736+02:00
306896843,de:12067:900310915::2,-0.5,2026-10-02T01:01:04.695736+02:00
306896843,de:12067:900310916::2,-0.5,2026-10-02T01:01:04.695736+02:00
306896843,de:12067:900310917::2,0.0,2026-10-02T01:01:04.695736+02:00
306896843,de:12067:900310900::2,0.0,2026-10-02T01:01:04.695736+02:00
306896843,de:12067:900310880::2,0.0,2026-10-02T01:01:04.695736+02:00
306896843,de:12067:900310010::1,0.0,2026-10-02T01:01:04.695736+02:00
306896843,de:12067:900310879::2,0.0,2026-10-02T01:01:04.695736+02:00
306896843,de:12067:900310800::2,0.0,2026-10-02T01:01:04.695736+02:00
306896843,de:12067:900310771::2,0.0,2026-10-02T01:01:04.695736+02:00
306896843,de:12067:900310822::2,0.0,2026-10-02T01:01:04.695736+02:00
306896843,de:12067:900310781::2,0.0,2026-10-02T01:01:04.695736+02:00
306896843,de:12067:900310627::2,-0.5,2026-10-02T01:01:04.695736+02:00
306896843,de:12067:900310816::2,0.0,2026-10-02T01:01:04.695736+02:00
306896843,de:12067:900310022::1,0.0,2026-10-02T01:01:04.695736+02:00
306896843,de:12067:900310001::11,0.0,2026-10-02T01:01:04.695736+02:00
306896307,de:12067:900310888::2,0.0,2026-10-02T01:01:04.695736+02:00
306896307,de:12067:900310881::2,0.0,2026-10-02T01:01:04.695736+02:00
306896307,de:12067:900310885::1,0.0,2026-10-02T01:01:04.695736+02:00
306896307,de:12067:900310883::2,0.0,2026-10-02T01:01:04.695736+02:00
306896307,de:12067:900310920::2,0.0,2026-10-02T01:01:04.695736+02:00
306896307,de:12067:900310882::2,0.0,2026-10-02T01:01:04.695736+02:00
306896307,de:12067:900310889::2,0.0,2026-10-02T01:01:04.695736+02:00
306896307,de:12067:900310890::2,0.0,2026-10-02T01:01:04.695736+02:00
306896307,de:12067:900310847::2,0.0,2026-10-02T01:01:04.695736+02:00
306896307,de:12067:900310846::2,0.0,2026-10-02T01:01:04.695736+02:00
306896307,de:12067:900310854::2,0.0,2026-10-02T01:01:04.695736+02:00
306896307,de:12067:900310857::2,0.0,2026-10-02T01:01:04.695736+02:00
306896307,de:12067:900311970::1,0.0,2026-10-02T01:01:04.695736+02:00
306896307,de:12067:900310853::1,0.0,2026-10-02T01:01:04.695736+02:00
306896307,de:12067:900310845::1,0.0,2026-10-02T01:01:04.695736+02:00
306896307,de:12067:900310555::2,0.0,2026-10-02T01:01:04.695736+02:00
306896307,de:12067:900310557::2,0.0,2026-10-02T01:01:04.695736+02:00
306896307,de:12067:900310013::7,0.0,2026-10-02T01:01:04.695736+02:00
306895207,de:12067:900311308::5,0.0,2026-10-02T01:01:04.695736+02:00
306895207,de:12067:900311380::1,0.0,2026-10-02T01:01:04.695736+02:00
306895207,de:12067:900311348::1,0.0,2026-10-02T01:01:04.695736+02:00
306895207,de:12067:900311315::1,0.0,2026-10-02T01:01:04.695736+02:00
306895207,de:12067:900311383::3,0.0,2026-10-02T01:01:04.695736+02:00
306895207,de:12067:900311312::1,0.0,2026-10-02T01:01:04.695736+02:00
306895207,de:12067:900311311::1,0.0,2026-10-02T01:01:04.695736+02:00
306895207,de:12067:900311402::2,0.0,2026-10-02T01:01:04.695736+02:00
306895207,de:12067:900311227::2,0.0,2026-10-02T01:01:04.695736+02:00
306895207,de:12067:900311239::1,0.0,2026-10-02T01:01:04.695736+02:00
306895207,de:12067:900311228::1,0.0,2026-10-02T01:01:04.695736+02:00
306895207,de:12067:900311269::1,0.0,2026-10-02T01:01:04.695736+02:00
306895207,de:12067:900310858::1,0.0,2026-10-02T01:01:04.695736+02:00
306895207,de:12067:900310060::1,0.0,2026-10-02T01:01:04.695736+02:00
306895207,de:12067:900310609::1,0.0,2026-10-02T01:01:04.695736+02:00
306895207,de:12067:900310909::1,0.0,2026-10-02T01:01:04.695736+02:00
306895207,de:12067:900310725::2,0.0,2026-10-02T01:01:04.695736+02:00
306895207,de:12067:900310738::2,0.0,2026-10-02T01:01:04.695736+02:00
306895207,de:12067:900310639::1,0.0,2026-10-02T01:01:04.695736+02:00
306895207,de:12067:900310626::1,0.0,2026-10-02T01:01:04.695736+02:00
306895207,de:12067:900311129::6,0.0,2026-10-02T01:01:04.695736+02:00
306895233,de:12067:900311129::2,0.0,2026-10-02T01:01:04.695736+02:00
306895233,de:12067:900310755::2,0.0,2026-10-02T01:01:04.695736+02:00
306895233,de:12067:900310728::1,0.0,2026-10-02T01:01:04.695736+02:00
306895233,de:12067:900310727::1,0.0,2026-10-02T01:01:04.695736+02:00
306895233,de:12067:900310755::1,0.0,2026-10-02T01:01:04.695736+02:00
306895233,de:12067:900310738::1,0.0,2026-10-02T01:01:04.695736+02:00
306895233,de:12067:900310725::1,0.0,2026-10-02T01:01:04.695736+02:00
306895233,de:12067:900310714::2,0.0,2026-10-02T01:01:04.695736+02:00
306895233,de:12067:900310911::1,0.0,2026-10-02T01:01:04.695736+02:00
306895233,de:12067:900310918::1,0.0,2026-10-02T01:01:04.695736+02:00
306895233,de:12067:900310765::1,0.0,2026-10-02T01:01:04.695736+02:00
306895233,de:12067:900310766::1,0.0,2026-10-02T01:01:04.695736+02:00
306895233,de:12067:900310926::2,0.0,2026-10-02T01:01:04.695736+02:00
306895233,de:12067:900310859::1,0.0,2026-10-02T01:01:04.695736+02:00
306895233,de:12067:900311073::1,0.0,2026-10-02T01:01:04.695736+02:00
306895233,de:12067:900311075::1,0.0,2026-10-02T01:01:04.695736+02:00
306895233,de:12067:900311074::2,0.0,2026-10-02T01:01:04.695736+02:00
306895233,de:12067:900310750::1,0.0,2026-10-02T01:01:04.695736+02:00
306895233,de:12067:900310840::1,0.0,2026-10-02T01:01:04.695736+02:00
306895233,de:12067:900310840::1,-8.0,2026-10-02T01:01:04.695736+02:00
306895233,de:12067:900310011::1,0.0,2026-10-02T01:01:04.695736+02:00
306895233,de:12067:900310899::1,0.0,2026-10-02T01:01:04.695736+02:00
306895233,de:12067:900310011::2,0.0,2026-10-02T01:01:04.695736+02:00
306895233,de:12067:900310840::1,8.0,2026-10-02T01:01:04.695736+02:00
306895233,de:12067:900310840::1,0.0,2026-10-02T01:01:04.695736+02:00
306895233,de:12067:900311094::2,0.0,2026-10-02T01:01:04.695736+02:00
306895233,de:12067:900311071::2,0.0,2026-10-02T01:01:04.695736+02:00
306895233,de:12067:900311070::2,0.0,2026-10-02T01:01:04.695736+02:00
306895233,de:12067:900310901::2,0.0,2026-10-02T01:01:04.695736+02:00
306895233,de:12067:900311471::2,0.0,2026-10-02T01:01:04.695736+02:00
306895233,de:12067:900311473::2,0.0,2026-10-02T01:01:04.695736+02:00
306895233,de:12067:900311318::2,0.0,2026-10-02T01:01:04.695736+02:00
306895233,de:12067:900311320::2,0.0,2026-10-02T01:01:04.695736+02:00
306895233,de:12067:900311305::2,0.0,2026-10-02T01:01:04.695736+02:00
306895233,de:12067:900311383::4,0.0,2026-10-02T01:01:04.695736+02:00
306895233,de:12067:900311315::2,0.0,2026-10-02T01:01:04.695736+02:00
306895233,de:12067:900311348::2,0.0,2026-10-02T01:01:04.695736+02:00
306895233,de:12067:900311308::4,0.0,2026-10-02T01:01:04.695736+02:00
295946292,de:11000:900170004:1:50,0.0,2026-10-02T01:01:04.695736+02:00
295946292,de:11000:900170003:1:51,-0.3,2026-10-02T01:01:04.695736+02:00
295946292,de:11000:900170002:1:51,-0.1,2026-10-02T01:01:04.695736+02:00
295946292,de:11000:900170001:1:51,-0.9,2026-10-02T01:01:04.695736+02:00
295946292,de:11000:900170005:1:51,-0.7,2026-10-02T01:01:04.695736+02:00
295946292,de:11000:900171003:1:51,-0.6,2026-10-02T01:01:04.695736+02:00
295946292,de:11000:900171002:1:51,-0.9,2026-10-02T01:01:04.695736+02:00
295946292,de:11000:900160004:1:51,-0.3,2026-10-02T01:01:04.695736+02:00
295946292,de:11000:900160003:1:51,-0.4,2026-10-02T01:01:04.695736+02:00
295946292,de:11000:900120003:3:55,-0.6,2026-10-02T01:01:04.695736+02:00
295946292,de:11000:900120004:2:53,-0.1,2026-10-02T01:01:04.695736+02:00
295946292,de:11000:900120005:5:58,-0.4,2026-10-02T01:01:04.695736+02:00
295946292,de:11000:900100004:1:51,-0.9,2026-10-02T01:01:04.695736+02:00
295946292,de:11000:900100003:2:53,-0.9,2026-10-02T01:01:04.695736+02:00
295946292,de:11000:900100002:1:51,-0.9,2026-10-02T01:01:04.695736+02:00
295946292,de:11000:900100001:3:55,-0.9,2026-10-02T01:01:04.695736+02:00
295946292,de:11000:900003201:3:55,-0.6,2026-10-02T01:01:04.695736+02:00
295946292,de:11000:900003102:1:51,-0.3,2026-10-02T01:01:04.695736+02:00
295946292,de:11000:900003103:1:51,-0.4,2026-10-02T01:01:04.695736+02:00
295946292,de:11000:900023201:3:55,-0.3,2026-10-02T01:01:04.695736+02:00
295946292,de:11000:900024203:1:51,-0.3,2026-10-02T01:01:04.695736+02:00
295946292,de:11000:900024101:4:57,-0.3,2026-10-02T01:01:04.695736+02:00
295946292,de:11000:900024102:1:50,-0.6,2026-10-02T01:01:04.695736+02:00
295946292,de:11000:900048101:1:50,-0.8,2026-10-02T01:01:04.695736+02:00
295946292,de:11000:900052201:2:52,0.0,2026-10-02T01:01:04.695736+02:00
295946292,de:11000:900053301:1:50,-0.4,2026-10-02T01:01:04.695736+02:00
295946292,de:12054:900230003:1:50,-0.4,2026-10-02T01:01:04.695736+02:00
295946292,de:12054:900230000:1:51,-0.4,2026-10-02T01:01:04.695736+02:00
295946292,de:12054:900230999:3:55,-0.9,2026-10-02T01:01:04.695736+02:00
295946169,de:12054:900230999:3:54,0.0,2026-10-02T01:01:04.695736+02:00
295946169,de:12054:900230000:1:50,-0.3,2026-10-02T01:01:04.695736+02:00
295946169,de:12054:900230003:1:54,-0.3,2026-10-02T01:01:04.695736+02:00
295946169,de:11000:900053301:2:53,-0.4,2026-10-02T01:01:04.695736+02:00
295946169,de:11000:900052201:2:53,-0.7,2026-10-02T01:01:04.695736+02:00
295946169,de:11000:900048101:2:53,-0.9,2026-10-02T01:01:04.695736+02:00
295946169,de:11000:900024102:2:53,-0.9,2026-10-02T01:01:04.695736+02:00
295946169,de:11000:900024101:3:55,-0.3,2026-10-02T01:01:04.695736+02:00
295946169,de:11000:900024203:1:51,-0.3,2026-10-02T01:01:04.695736+02:00
295946169,de:11000:900023201:3:54,-0.2,2026-10-02T01:01:04.695736+02:00
295946169,de:11000:900003103:1:50,-0.3,2026-10-02T01:01:04.695736+02:00
295946169,de:11000:900003102:1:50,-0.4,2026-10-02T01:01:04.695736+02:00
295946169,de:11000:900003201:3:54,0.0,2026-10-02T01:01:04.695736+02:00
295946169,de:11000:900100001:3:54,-0.6,2026-10-02T01:01:04.695736+02:00
295946169,de:11000:900100002:1:50,-0.9,2026-10-02T01:01:04.695736+02:00
295946169,de:11000:900100003:2:52,-0.6,2026-10-02T01:01:04.695736+02:00
295946169,de:11000:900100004:1:50,-0.9,2026-10-02T01:01:04.695736+02:00
295946169,de:11000:900120005:4:55,-0.1,2026-10-02T01:01:04.695736+02:00
295946169,de:11000:900120004:1:50,-0.6,2026-10-02T01:01:04.695736+02:00
295946169,de:11000:900120003:2:53,-0.9,2026-10-02T01:01:04.695736+02:00
295946169,de:11000:900160003:1:50,-0.2,2026-10-02T01:01:04.695736+02:00
295946169,de:11000:900160004:1:50,-0.2,2026-10-02T01:01:04.695736+02:00
295946169,de:11000:900171002:1:50,-0.7,2026-10-02T01:01:04.695736+02:00
295946169,de:11000:900171003:1:50,-0.8,2026-10-02T01:01:04.695736+02:00
295946169,de:11000:900170005:1:50,-0.3,2026-10-02T01:01:04.695736+02:00
295946169,de:11000:900170001:1:50,-0.1,2026-10-02T01:01:04.695736+02:00
295946169,de:11000:900170002:1:50,-0.9,2026-10-02T01:01:04.695736+02:00
295946169,de:11000:900170003:1:50,-0.7,2026-10-02T01:01:04.695736+02:00
295946169,de:11000:900170004:1:50,-0.9,2026-10-02T01:01:04.695736+02:00
295946168,de:12054:900230999:3:54,0.0,2026-10-02T01:01:04.695736+02:00
295946168,de:12054:900230000:1:50,-0.3,2026-10-02T01:01:04.695736+02:00
295946168,de:12054:900230003:1:54,-0.3,2026-10-02T01:01:04.695736+02:00
295946168,de:11000:900053301:2:53,-0.4,2026-10-02T01:01:04.695736+02:00
295946168,de:11000:900052201:2:53,-0.7,2026-10-02T01:01:04.695736+02:00
295946168,de:11000:900048101:2:53,-0.9,2026-10-02T01:01:04.695736+02:00
295946168,de:11000:900024102:2:53,-0.9,2026-10-02T01:01:04.695736+02:00
295946168,de:11000:900024101:3:55,-0.3,2026-10-02T01:01:04.695736+02:00
295946168,de:11000:900024203:1:51,-0.3,2026-10-02T01:01:04.695736+02:00
295946168,de:11000:900023201:3:54,-0.2,2026-10-02T01:01:04.695736+02:00
295946168,de:11000:900003103:1:50,-0.3,2026-10-02T01:01:04.695736+02:00
295946168,de:11000:900003102:1:50,-0.4,2026-10-02T01:01:04.695736+02:00
295946168,de:11000:900003201:3:54,0.0,2026-10-02T01:01:04.695736+02:00
295946168,de:11000:900100001:3:54,-0.6,2026-10-02T01:01:04.695736+02:00
295946168,de:11000:900100002:1:50,-0.9,2026-10-02T01:01:04.695736+02:00
295946168,de:11000:900100003:2:52,-0.6,2026-10-02T01:01:04.695736+02:00
295946168,de:11000:900100004:1:50,-0.9,2026-10-02T01:01:04.695736+02:00
295946168,de:11000:900120005:4:55,-0.1,2026-10-02T01:01:04.695736+02:00
295946168,de:11000:900120004:1:50,-0.6,2026-10-02T01:01:04.695736+02:00
295946168,de:11000:900120003:2:53,-0.9,2026-10-02T01:01:04.695736+02:00
295946168,de:11000:900160003:1:50,-0.2,2026-10-02T01:01:04.695736+02:00
295946168,de:11000:900160004:1:50,-0.2,2026-10-02T01:01:04.695736+02:00
295946168,de:11000:900171002:1:50,-0.7,2026-10-02T01:01:04.695736+02:00
295946168,de:11000:900171003:1:50,-0.8,2026-10-02T01:01:04.695736+02:00
295946168,de:11000:900170005:1:50,-0.3,2026-10-02T01:01:04.695736+02:00
295946168,de:11000:900170001:1:50,-0.1,2026-10-02T01:01:04.695736+02:00
295946168,de:11000:900170002:1:50,-0.9,2026-10-02T01:01:04.695736+02:00
295946168,de:11000:900170003:1:50,-0.7,2026-10-02T01:01:04.695736+02:00
295946168,de:11000:900170004:1:50,-0.9,2026-10-02T01:01:04.695736+02:00
295946161,de:12054:900230999:3:54,0.0,2026-10-02T01:01:04.695736+02:00
295946161,de:12054:900230000:1:50,-0.3,2026-10-02T01:01:04.695736+02:00
295946161,de:12054:900230003:1:54,-0.3,2026-10-02T01:01:04.695736+02:00
295946161,de:11000:900053301:2:53,-0.4,2026-10-02T01:01:04.695736+02:00
295946161,de:11000:900052201:2:53,-0.7,2026-10-02T01:01:04.695736+02:00
295946161,de:11000:900048101:2:53,-0.9,2026-10-02T01:01:04.695736+02:00
295946161,de:11000:900024102:2:53,-0.9,2026-10-02T01:01:04.695736+02:00
295946161,de:11000:900024101:3:55,-0.3,2026-10-02T01:01:04.695736+02:00
295946161,de:11000:900024203:1:51,-0.3,2026-10-02T01:01:04.695736+02:00
295946161,de:11000:900023201:3:54,-0.2,2026-10-02T01:01:04.695736+02:00
295946161,de:11000:900003103:1:50,-0.3,2026-10-02T01:01:04.695736+02:00
295946161,de:11000:900003102:1:50,-0.4,2026-10-02T01:01:04.695736+02:00
295946161,de:11000:900003201:3:54,0.0,2026-10-02T01:01:04.695736+02:00
295946161,de:11000:900100001:3:54,-0.6,2026-10-02T01:01:04.695736+02:00
295946161,de:11000:900100002:1:50,-0.9,2026-10-02T01:01:04.695736+02:00
295946161,de:11000:900100003:2:52,-0.6,2026-10-02T01:01:04.695736+02:00
295946161,de:11000:900100004:1:50,-0.9,2026-10-02T01:01:04.695736+02:00
295946161,de:11000:900120005:4:55,-0.1,2026-10-02T01:01:04.695736+02:00
295946161,de:11000:900120004:1:50,-0.6,2026-10-02T01:01:04.695736+02:00
295946161,de:11000:900120003:2:53,-0.9,2026-10-02T01:01:04.695736+02:00
295946161,de:11000:900160003:1:50,-0.2,2026-10-02T01:01:04.695736+02:00
295946161,de:11000:900160004:1:50,-0.2,2026-10-02T01:01:04.695736+02:00
295946161,de:11000:900171002:1:50,-0.7,2026-10-02T01:01:04.695736+02:00
295946161,de:11000:900171003:1:50,-0.8,2026-10-02T01:01:04.695736+02:00
295946161,de:11000:900170005:1:50,-0.3,2026-10-02T01:01:04.695736+02:00
295946161,de:11000:900170001:1:50,-0.1,2026-10-02T01:01:04.695736+02:00
295946161,de:11000:900170002:1:50,-0.9,2026-10-02T01:01:04.695736+02:00
295946161,de:11000:900170003:1:50,-0.7,2026-10-02T01:01:04.695736+02:00
295946161,de:11000:900170004:2:52,-0.9,2026-10-02T01:01:04.695736+02:00
295953600,de:11000:900151001:1:51,0.0,2026-10-02T01:01:04.695736+02:00
295953600,de:11000:900152001:1:51,-0.6,2026-10-02T01:01:04.695736+02:00
295953600,de:11000:900152002:1:51,-0.2,2026-10-02T01:01:04.695736+02:00
295953600,de:11000:900171003:1:51,-0.9,2026-10-02T01:01:04.695736+02:00
295953600,de:11000:900171002:1:51,-0.9,2026-10-02T01:01:04.695736+02:00
295953600,de:11000:900160004:1:51,-0.3,2026-10-02T01:01:04.695736+02:00
295953600,de:11000:900160003:1:51,-0.4,2026-10-02T01:01:04.695736+02:00
295953600,de:11000:900120003:3:54,-0.6,2026-10-02T01:01:04.695736+02:00
295953600,de:11000:900120004:2:52,-0.1,2026-10-02T01:01:04.695736+02:00
295953593,de:11000:900151001:1:51,0.0,2026-10-02T01:01:04.695736+02:00
295953593,de:11000:900152001:1:51,-0.6,2026-10-02T01:01:04.695736+02:00
295953593,de:11000:900152002:1:51,-0.2,2026-10-02T01:01:04.695736+02:00
295953593,de:11000:900171003:1:51,-0.9,2026-10-02T01:01:04.695736+02:00
295953593,de:11000:900171002:1:51,-0.9,2026-10-02T01:01:04.695736+02:00
295953593,de:11000:900160004:1:51,-0.3,2026-10-02T01:01:04.695736+02:00
295953593,de:11000:900160003:1:51,-0.4,2026-10-02T01:01:04.695736+02:00
295953593,de:11000:900120003:3:54,-0.6,2026-10-02T01:01:04.695736+02:00
295953593,de:11000:900120004:2:52,-0.1,2026-10-02T01:01:04.695736+02:00
295956072,de:11000:900151001:1:50,0.0,2026-10-02T01:01:04.695736+02:00
295956072,de:11000:900152001:1:51,-0.6,2026-10-02T01:01:04.695736+02:00
295956072,de:11000:900152002:1:51,-0.2,2026-10-02T01:01:04.695736+02:00
295956072,de:11000:900171003:1:51,-0.9,2026-10-02T01:01:04.695736+02:00
295956072,de:11000:900171002:1:51,-0.9,2026-10-02T01:01:04.695736+02:00
295956072,de:11000:900160004:1:51,-0.3,2026-10-02T01:01:04.695736+02:00
295956072,de:11000:900160003:1:51,-0.4,2026-10-02T01:01:04.695736+02:00
295956072,de:11000:900120003:3:54,-0.6,2026-10-02T01:01:04.695736+02:00
295956072,de:11000:900120004:2:52,-0.1,2026-10-02T01:01:04.695736+02:00
295956062,de:11000:900151001:1:50,0.0,2026-10-02T01:01:04.695736+02:00
295956062,de:11000:900152001:1:51,-0.6,2026-10-02T01:01:04.695736+02:00
295956062,de:11000:900152002:1:51,-0.2,2026-10-02T01:01:04.695736+02:00
295956062,de:11000:900171003:1:51,-0.9,2026-10-02T01:01:04.695736+02:00
295956062,de:11000:900171002:1:51,-0.9,2026-10-02T01:01:04.695736+02:00
295956062,de:11000:900160004:1:51,-0.3,2026-10-02T01:01:04.695736+02:00
295956062,de:11000:900160003:1:51,-0.4,2026-10-02T01:01:04.695736+02:00
295956062,de:11000:900120003:3:54,-0.6,2026-10-02T01:01:04.695736+02:00
295956062,de:11000:900120004:2:52,-0.1,2026-10-02T01:01:04.695736+02:00
295956058,de:11000:900151001:1:50,0.0,2026-10-02T01:01:04.695736+02:00
295956058,de:11000:900152001:1:51,-0.6,2026-10-02T01:01:04.695736+02:00
295956058,de:11000:900152002:1:51,-0.2,2026-10-02T01:01:04.695736+02:00
295956058,de:11000:900171003:1:51,-0.9,2026-10-02T01:01:04.695736+02:00
295956058,de:11000:900171002:1:51,-0.9,2026-10-02T01:01:04.695736+02:00
295956058,de:11000:900160004:1:51,-0.3,2026-10-02T01:01:04.695736+02:00
295956058,de:11000:900160003:1:51,-0.4,2026-10-02T01:01:04.695736+02:00
295956058,de:11000:900120003:3:54,-0.6,2026-10-02T01:01:04.695736+02:00
295956058,de:11000:900120004:2:52,-0.1,2026-10-02T01:01:04.695736+02:00
307436105,de:12066:900435602:1:50,0.0,2026-10-02T01:01:04.695736+02:00
307436105,de:12061:900261512:2:51,0.0,2026-10-02T01:01:04.695736+02:00
307436877,de:12061:900261512:2:52,0.0,2026-10-02T01:01:04.695736+02:00
307436877,de:12066:900435602:2:51,0.0,2026-10-02T01:01:04.695736+02:00
307436877,de:12066:900435459:2:52,0.0,2026-10-02T01:01:04.695736+02:00
307436877,de:12066:900435818:1:50,0.0,2026-10-02T01:01:04.695736+02:00
307436877,de:12066:900435209:1:50,0.0,2026-10-02T01:01:04.695736+02:00
307436877,de:12066:900435339:1:50,0.0,2026-10-02T01:01:04.695736+02:00
307436877,de:12066:900435001:3:53,0.0,2026-10-02T01:01:04.695736+02:00
307436877,de:12066:900435000:2:53,0.0,2026-10-02T01:01:04.695736+02:00
295949450,de:12054:900230999:3:55,0.0,2026-10-02T01:01:04.695736+02:00
295949450,de:12054:900230000:1:50,-0.3,2026-10-02T01:01:04.695736+02:00
295949450,de:12054:900230003:1:54,-0.3,2026-10-02T01:01:04.695736+02:00
295949450,de:11000:900053301:2:53,-0.4,2026-10-02T01:01:04.695736+02:00
295949450,de:11000:900052201:2:53,-0.7,2026-10-02T01:01:04.695736+02:00
295949450,de:11000:900048101:2:53,-0.9,2026-10-02T01:01:04.695736+02:00
295949450,de:11000:900024102:2:53,-0.9,2026-10-02T01:01:04.695736+02:00
295949450,de:11000:900024101:3:55,-0.3,2026-10-02T01:01:04.695736+02:00
295949450,de:11000:900024203:1:51,-0.3,2026-10-02T01:01:04.695736+02:00
295949450,de:11000:900023201:3:54,-0.2,2026-10-02T01:01:04.695736+02:00
295949450,de:11000:900003103:1:50,-0.3,2026-10-02T01:01:04.695736+02:00
295949450,de:11000:900003102:1:50,-0.4,2026-10-02T01:01:04.695736+02:00
295949450,de:11000:900003201:3:54,0.0,2026-10-02T01:01:04.695736+02:00
295949450,de:11000:900100001:3:54,-0.6,2026-10-02T01:01:04.695736+02:00
295949450,de:11000:900100002:1:50,-0.9,2026-10-02T01:01:04.695736+02:00
295949450,de:11000:900100003:2:52,-0.6,2026-10-02T01:01:04.695736+02:00
295949450,de:11000:900100004:1:50,-0.9,2026-10-02T01:01:04.695736+02:00
295949450,de:11000:900120005:4:55,-0.1,2026-10-02T01:01:04.695736+02:00
295949450,de:11000:900120004:1:50,-0.6,2026-10-02T01:01:04.695736+02:00
295949450,de:11000:900120003:2:53,-0.9,2026-10-02T01:01:04.695736+02:00
295949450,de:11000:900160003:1:50,-0.2,2026-10-02T01:01:04.695736+02:00
295949450,de:11000:900160004:1:50,-0.2,2026-10-02T01:01:04.695736+02:00
295949450,de:11000:900171002:1:50,-0.7,2026-10-02T01:01:04.695736+02:00
295949450,de:11000:900171003:1:50,-0.8,2026-10-02T01:01:04.695736+02:00
295949450,de:11000:900170005:1:50,-0.3,2026-10-02T01:01:04.695736+02:00
295949450,de:11000:900170001:1:50,-0.1,2026-10-02T01:01:04.695736+02:00
295949450,de:11000:900170002:1:50,-0.9,2026-10-02T01:01:04.695736+02:00
295949450,de:11000:900170003:1:50,-0.7,2026-10-02T01:01:04.695736+02:00
295949450,de:11000:900170004:2:52,-0.9,2026-10-02T01:01:04.695736+02:00
306895484,de:12067:900310807::1,0.0,2026-10-02T01:01:04.695736+02:00
306895484,de:12067:900310815::2,0.0,2026-10-02T01:01:04.695736+02:00
306895484,de:12067:900310880::2,0.0,2026-10-02T01:01:04.695736+02:00
306895484,de:12067:900310010::2,0.0,2026-10-02T01:01:04.695736+02:00
306895484,de:12067:900310770::2,0.0,2026-10-02T01:01:04.695736+02:00
306895484,de:12067:900310812::2,0.0,2026-10-02T01:01:04.695736+02:00
306895484,de:12067:900310806::2,0.0,2026-10-02T01:01:04.695736+02:00
306895484,de:12067:900310821::2,0.0,2026-10-02T01:01:04.695736+02:00
306895484,de:12067:900310794::2,0.0,2026-10-02T01:01:04.695736+02:00
306895484,de:12067:900310808::2,0.0,2026-10-02T01:01:04.695736+02:00
306895484,de:12067:900310822::2,0.0,2026-10-02T01:01:04.695736+02:00
306895484,de:12067:900310781::2,0.0,2026-10-02T01:01:04.695736+02:00
306895484,de:12067:900310627::2,0.0,2026-10-02T01:01:04.695736+02:00
306895484,de:12067:900310816::2,0.0,2026-10-02T01:01:04.695736+02:00
306895484,de:12067:900310022::1,0.0,2026-10-02T01:01:04.695736+02:00
306895484,de:12067:900310001::11,0.0,2026-10-02T01:01:04.695736+02:00
306895484,de:12067:900310001::1,0.0,2026-10-02T01:01:04.695736+02:00
306895484,de:12067:900310696::1,0.0,2026-10-02T01:01:04.695736+02:00
306895484,de:12067:900310788::1,0.0,2026-10-02T01:01:04.695736+02:00
306895484,de:12067:900310790::1,0.0,2026-10-02T01:01:04.695736+02:00
306895484,de:12067:900310787::1,0.0,2026-10-02T01:01:04.695736+02:00
306895484,de:12067:900310809::1,0.0,2026-10-02T01:01:04.695736+02:00
306895484,de:12067:900310825::1,0.0,2026-10-02T01:01:04.695736+02:00
306895484,de:12067:900310792::2,0.0,2026-10-02T01:01:04.695736+02:00
306895484,de:12067:900310774::2,0.0,2026-10-02T01:01:04.695736+02:00
306895484,de:12067:900310793::1,0.0,2026-10-02T01:01:04.695736+02:00
306895484,de:12067:900310628::1,0.0,2026-10-02T01:01:04.695736+02:00
306895484,de:12067:900310814::1,0.0,2026-10-02T01:01:04.695736+02:00
306895484,de:12067:900311083::3,0.0,2026-10-02T01:01:04.695736+02:00
295960009,de:11000:900142001:1:51,0.0,2026-10-02T01:01:04.695736+02:00
295960009,de:11000:900130001:1:51,-0.2,2026-10-02T01:01:04.695736+02:00
295960009,de:11000:900130002:1:51,-0.7,2026-10-02T01:01:04.695736+02:00
295960009,de:11000:900110011:1:51,-0.2,2026-10-02T01:01:04.695736+02:00
295960009,de:11000:900110001:1:50,-0.2,2026-10-02T01:01:04.695736+02:00
295960009,de:11000:900110002:1:50,-0.9,2026-10-02T01:01:04.695736+02:00
295960009,de:11000:900110003:1:50,-0.9,2026-10-02T01:01:04.695736+02:00
295960009,de:11000:900110004:1:50,-0.3,2026-10-02T01:01:04.695736+02:00
295960009,de:11000:900110012:1:50,-0.2,2026-10-02T01:01:04.695736+02:00
295960009,de:11000:900120001:1:50,-0.2,2026-10-02T01:01:04.695736+02:00
295960009,de:11000:900120003:5:58,-0.6,2026-10-02T01:01:04.695736+02:00
295960009,de:11000:900190001:1:50,-0.1,2026-10-02T01:01:04.695736+02:00
295960009,de:11000:900191002:1:50,0.0,2026-10-02T01:01:04.695736+02:00
295960009,de:11000:900191001:2:52,-0.4,2026-10-02T01:01:04.695736+02:00
295960009,de:11000:900192001:2:52,-0.2,2026-10-02T01:01:04.695736+02:00
295960009,de:11000:900193001:1:50,-0.7,2026-10-02T01:01:04.695736+02:00
295960009,de:11000:900193002:1:50,-0.3,2026-10-02T01:01:04.695736+02:00
295960009,de:11000:900186001:1:50,-0.3,2026-10-02T01:01:04.695736+02:00
295960009,de:12061:900260004:1:50,-0.7,2026-10-02T01:01:04.695736+02:00
295960009,de:12061:900260003:1:50,-0.9,2026-10-02T01:01:04.695736+02:00
295960009,de:12061:900260002:1:50,-0.9,2026-10-02T01:01:04.695736+02:00
295960060,de:12061:900260002:1:50,0.0,2026-10-02T01:01:04.695736+02:00
295960060,de:12061:900260003:1:51,-0.7,2026-10-02T01:01:04.695736+02:00
295960060,de:12061:900260004:1:51,-0.9,2026-10-02T01:01:04.695736+02:00
295960060,de:11000:900186001:2:53,-0.2,2026-10-02T01:01:04.695736+02:00
295960060,de:11000:900193002:1:51,-0.2,2026-10-02T01:01:04.695736+02:00
295960060,de:11000:900193001:2:51,-0.8,2026-10-02T01:01:04.695736+02:00
295960060,de:11000:900192001:3:55,-0.7,2026-10-02T01:01:04.695736+02:00
295960060,de:11000:900191001:1:50,-0.4,2026-10-02T01:01:04.695736+02:00
295960060,de:11000:900191002:1:51,-0.8,2026-10-02T01:01:04.695736+02:00
295960060,de:11000:900190001:2:53,-0.6,2026-10-02T01:01:04.695736+02:00
295960060,de:11000:900120003:5:59,0.0,2026-10-02T01:01:04.695736+02:00
295960060,de:11000:900120001:1:51,-0.6,2026-10-02T01:01:04.695736+02:00
295960060,de:11000:900110012:1:51,-0.8,2026-10-02T01:01:04.695736+02:00
295960060,de:11000:900110004:1:51,-0.7,2026-10-02T01:01:04.695736+02:00
295960060,de:11000:900110003:1:51,0.0,2026-10-02T01:01:04.695736+02:00
295960060,de:11000:900110002:1:51,0.0,2026-10-02T01:01:04.695736+02:00
295960060,de:11000:900110001:1:51,-0.7,2026-10-02T01:01:04.695736+02:00
295960060,de:11000:900110011:2:52,-0.4,2026-10-02T01:01:04.695736+02:00
295960060,de:11000:900130002:1:50,0.0,2026-10-02T01:01:04.695736+02:00
295960060,de:11000:900130001:1:50,-0.7,2026-10-02T01:01:04.695736+02:00
295960060,de:11000:900142001:1:50,-0.2,2026-10-02T01:01:04.695736+02:00
295960060,de:12065:900200013:1:50,-0.3,2026-10-02T01:01:04.695736+02:00
295960060,de:12065:900200012:1:50,-0.9,2026-10-02T01:01:04.695736+02:00
295960060,de:12065:900200011:1:50,-0.4,2026-10-02T01:01:04.695736+02:00
295960060,de:12065:900200009:1:50,-0.9,2026-10-02T01:01:04.695736+02:00
295960060,de:12065:900200008:1:50,-0.9,2026-10-02T01:01:04.695736+02:00
295960059,de:12061:900260002:1:50,0.0,2026-10-02T01:01:04.695736+02:00
295960059,de:12061:900260003:1:51,-0.7,2026-10-02T01:01:04.695736+02:00
295960059,de:12061:900260004:1:51,-0.9,2026-10-02T01:01:04.695736+02:00
295960059,de:11000:900186001:2:53,-0.2,2026-10-02T01:01:04.695736+02:00
295960059,de:11000:900193002:1:51,-0.2,2026-10-02T01:01:04.695736+02:00
295960059,de:11000:900193001:2:51,-0.8,2026-10-02T01:01:04.695736+02:00
295960059,de:11000:900192001:3:55,-0.7,2026-10-02T01:01:04.695736+02:00
295960059,de:11000:900191001:1:50,-0.4,2026-10-02T01:01:04.695736+02:00
295960059,de:11000:900191002:1:51,-0.8,2026-10-02T01:01:04.695736+02:00
295960059,de:11000:900190001:2:53,-0.6,2026-10-02T01:01:04.695736+02:00
295960059,de:11000:900120003:5:59,0.0,2026-10-02T01:01:04.695736+02:00
295960059,de:11000:900120001:1:51,-0.6,2026-10-02T01:01:04.695736+02:00
295960059,de:11000:900110012:1:51,-0.8,2026-10-02T01:01:04.695736+02:00
295960059,de:11000:900110004:1:51,-0.7,2026-10-02T01:01:04.695736+02:00
295960059,de:11000:900110003:1:51,0.0,2026-10-02T01:01:04.695736+02:00
295960059,de:11000:900110002:1:51,0.0,2026-10-02T01:01:04.695736+02:00
295960059,de:11000:900110001:1:51,-0.7,2026-10-02T01:01:04.695736+02:00
295960059,de:11000:900110011:2:52,-0.4,2026-10-02T01:01:04.695736+02:00
295960059,de:11000:900130002:1:50,0.0,2026-10-02T01:01:04.695736+02:00
295960059,de:11000:900130001:1:50,-0.7,2026-10-02T01:01:04.695736+02:00
295960059,de:11000:900142001:1:50,-0.2,2026-10-02T01:01:04.695736+02:00
295960059,de:12065:900200013:1:50,-0.3,2026-10-02T01:01:04.695736+02:00
295960059,de:12065:900200012:1:50,-0.9,2026-10-02T01:01:04.695736+02:00
295960059,de:12065:900200011:1:50,-0.4,2026-10-02T01:01:04.695736+02:00
295960059,de:12065:900200009:1:50,-0.9,2026-10-02T01:01:04.695736+02:00
295960059,de:12065:900200008:1:50,-0.9,2026-10-02T01:01:04.695736+02:00
295959987,de:12065:900200008:1:51,0.0,2026-10-02T01:01:04.695736+02:00
295959987,de:12065:900200009:1:51,-0.7,2026-10-02T01:01:04.695736+02:00
295959987,de:12065:900200011:1:51,-0.3,2026-10-02T01:01:04.695736+02:00
295959987,de:12065:900200012:1:51,-0.8,2026-10-02T01:01:04.695736+02:00
295959987,de:12065:900200013:1:50,-0.4,2026-10-02T01:01:04.695736+02:00
295959987,de:11000:900142001:1:51,-0.7,2026-10-02T01:01:04.695736+02:00
295959987,de:11000:900130001:1:51,-0.2,2026-10-02T01:01:04.695736+02:00
295959987,de:11000:900130002:1:51,-0.7,2026-10-02T01:01:04.695736+02:00
295959987,de:11000:900110011:1:51,-0.2,2026-10-02T01:01:04.695736+02:00
295959987,de:11000:900110001:1:50,-0.2,2026-10-02T01:01:04.695736+02:00
295959987,de:11000:900110002:1:50,-0.9,2026-10-02T01:01:04.695736+02:00
295959987,de:11000:900110003:1:50,-0.9,2026-10-02T01:01:04.695736+02:00
295959987,de:11000:900110004:1:50,-0.3,2026-10-02T01:01:04.695736+02:00
295959987,de:11000:900110012:1:50,-0.2,2026-10-02T01:01:04.695736+02:00
295959987,de:11000:900120001:1:50,-0.2,2026-10-02T01:01:04.695736+02:00
295959987,de:11000:900120003:5:58,-0.6,2026-10-02T01:01:04.695736+02:00
295959987,de:11000:900190001:1:50,-0.1,2026-10-02T01:01:04.695736+02:00
295959987,de:11000:900191002:1:50,0.0,2026-10-02T01:01:04.695736+02:00
295959987,de:11000:900191001:2:52,-0.4,2026-10-02T01:01:04.695736+02:00
295959987,de:11000:900192001:2:52,-0.2,2026-10-02T01:01:04.695736+02:00
295959987,de:11000:900193001:1:50,-0.7,2026-10-02T01:01:04.695736+02:00
295959987,de:11000:900193002:1:50,-0.3,2026-10-02T01:01:04.695736+02:00
295959987,de:11000:900186001:1:50,-0.3,2026-10-02T01:01:04.695736+02:00
295959987,de:12061:900260004:1:50,-0.7,2026-10-02T01:01:04.695736+02:00
295959987,de:12061:900260003:1:50,-0.9,2026-10-02T01:01:04.695736+02:00
295959987,de:12061:900260002:1:50,-0.9,2026-10-02T01:01:04.695736+02:00
295959919,de:12065:900200008:1:51,0.0,2026-10-02T01:01:04.695736+02:00
295959919,de:12065:900200009:1:51,-0.7,2026-10-02T01:01:04.695736+02:00
295959919,de:12065:900200011:1:51,-0.3,2026-10-02T01:01:04.695736+02:00
295959919,de:12065:900200012:1:51,-0.8,2026-10-02T01:01:04.695736+02:00
295959919,de:12065:900200013:1:50,-0.4,2026-10-02T01:01:04.695736+02:00
295959919,de:11000:900142001:1:51,-0.7,2026-10-02T01:01:04.695736+02:00
295959919,de:11000:900130001:1:51,-0.2,2026-10-02T01:01:04.695736+02:00
295959919,de:11000:900130002:1:51,-0.7,2026-10-02T01:01:04.695736+02:00
295959919,de:11000:900110011:1:51,-0.2,2026-10-02T01:01:04.695736+02:00
295959919,de:11000:900110001:1:50,-0.2,2026-10-02T01:01:04.695736+02:00
295959919,de:11000:900110002:1:50,-0.9,2026-10-02T01:01:04.695736+02:00
295959919,de:11000:900110003:1:50,-0.9,2026-10-02T01:01:04.695736+02:00
295959919,de:11000:900110004:1:50,-0.3,2026-10-02T01:01:04.695736+02:00
295959919,de:11000:900110012:1:50,-0.2,2026-10-02T01:01:04.695736+02:00
295959919,de:11000:900120001:1:50,-0.2,2026-10-02T01:01:04.695736+02:00
295959919,de:11000:900120003:5:58,-0.6,2026-10-02T01:01:04.695736+02:00
295959919,de:11000:900190001:1:50,-0.1,2026-10-02T01:01:04.695736+02:00
295959919,de:11000:900191002:1:50,0.0,2026-10-02T01:01:04.695736+02:00
295959919,de:11000:900191001:2:52,-0.4,2026-10-02T01:01:04.695736+02:00
295959919,de:11000:900192001:2:52,-0.2,2026-10-02T01:01:04.695736+02:00
295959919,de:11000:900193001:1:50,-0.7,2026-10-02T01:01:04.695736+02:00
295959919,de:11000:900193002:1:50,-0.3,2026-10-02T01:01:04.695736+02:00
295959919,de:11000:900186001:1:50,-0.3,2026-10-02T01:01:04.695736+02:00
295963585,de:11000:900092201:1:51,0.0,2026-10-02T01:01:04.695736+02:00
295963585,de:11000:900093201:1:51,-0.4,2026-10-02T01:01:04.695736+02:00
295963585,de:11000:900094101:1:51,-0.3,2026-10-02T01:01:04.695736+02:00
295963585,de:11000:900096101:1:51,-0.1,2026-10-02T01:01:04.695736+02:00
295963585,de:11000:900084101:1:51,-0.2,2026-10-02T01:01:04.695736+02:00
295963585,de:11000:900085201:1:51,-0.8,2026-10-02T01:01:04.695736+02:00
295963585,de:11000:900130003:1:51,-0.8,2026-10-02T01:01:04.695736+02:00
295963585,de:11000:900110011:1:50,-0.9,2026-10-02T01:01:04.695736+02:00
295963585,de:11000:900110001:1:50,-0.2,2026-10-02T01:01:04.695736+02:00
295963585,de:11000:900110002:1:50,-0.9,2026-10-02T01:01:04.695736+02:00
295963585,de:11000:900110003:1:50,-0.9,2026-10-02T01:01:04.695736+02:00
295963585,de:11000:900110004:1:50,-0.3,2026-10-02T01:01:04.695736+02:00
295963585,de:11000:900110012:1:50,-0.2,2026-10-02T01:01:04.695736+02:00
295963585,de:11000:900120001:1:50,-0.2,2026-10-02T01:01:04.695736+02:00
295963585,de:11000:900120003:5:58,-0.6,2026-10-02T01:01:04.695736+02:00
295963585,de:11000:900190001:1:51,-0.1,2026-10-02T01:01:04.695736+02:00
295963585,de:11000:900191002:1:50,0.0,2026-10-02T01:01:04.695736+02:00
295963585,de:11000:900191001:2:52,-0.4,2026-10-02T01:01:04.695736+02:00
295963585,de:11000:900192001:2:52,-0.2,2026-10-02T01:01:04.695736+02:00
295963585,de:11000:900193001:1:50,-0.7,2026-10-02T01:01:04.695736+02:00
295963585,de:11000:900193002:1:50,-0.3,2026-10-02T01:01:04.695736+02:00
295963585,de:11000:900195510:1:51,-0.7,2026-10-02T01:01:04.695736+02:00
295963585,de:11000:900196001:1:50,-0.9,2026-10-02T01:01:04.695736+02:00
295963585,de:12061:900260005:3:54,-0.7,2026-10-02T01:01:04.695736+02:00
295963585,de:12061:900260080:1:50,0.0,2026-10-02T01:01:04.695736+02:00
295963585,de:12061:900260009:3:56,-0.2,2026-10-02T01:01:04.695736+02:00
295963584,de:11000:900092201:1:51,0.0,2026-10-02T01:01:04.695736+02:00
295963584,de:11000:900093201:1:51,-0.4,2026-10-02T01:01:04.695736+02:00
295963584,de:11000:900094101:1:51,-0.3,2026-10-02T01:01:04.695736+02:00
295963584,de:11000:900096101:1:51,-0.1,2026-10-02T01:01:04.695736+02:00
295963584,de:11000:900084101:1:51,-0.2,2026-10-02T01:01:04.695736+02:00
295963584,de:11000:900085201:1:51,-0.8,2026-10-02T01:01:04.695736+02:00
295963584,de:11000:900130003:1:51,-0.8,2026-10-02T01:01:04.695736+02:00
295963584,de:11000:900110011:1:50,-0.9,2026-10-02T01:01:04.695736+02:00
295963584,de:11000:900110001:1:50,-0.2,2026-10-02T01:01:04.695736+02:00
295963584,de:11000:900110002:1:50,-0.9,2026-10-02T01:01:04.695736+02:00
295963584,de:11000:900110003:1:50,-0.9,2026-10-02T01:01:04.695736+02:00
295963584,de:11000:900110004:1:50,-0.3,2026-10-02T01:01:04.695736+02:00
295963584,de:11000:900110012:1:50,-0.2,2026-10-02T01:01:04.695736+02:00
295963584,de:11000:900120001:1:50,-0.2,2026-10-02T01:01:04.695736+02:00
295963584,de:11000:900120003:5:58,-0.6,2026-10-02T01:01:04.695736+02:00
295963584,de:11000:900190001:1:51,-0.1,2026-10-02T01:01:04.695736+02:00
295963584,de:11000:900191002:1:50,0.0,2026-10-02T01:01:04.695736+02:00
295963584,de:11000:900191001:2:52,-0.4,2026-10-02T01:01:04.695736+02:00
295963584,de:11000:900192001:2:52,-0.2,2026-10-02T01:01:04.695736+02:00
295963584,de:11000:900193001:1:50,-0.7,2026-10-02T01:01:04.695736+02:00
295963584,de:11000:900193002:1:50,-0.3,2026-10-02T01:01:04.695736+02:00
295963584,de:11000:900195510:1:51,-0.7,2026-10-02T01:01:04.695736+02:00
295963584,de:11000:900196001:1:50,-0.9,2026-10-02T01:01:04.695736+02:00
295963584,de:12061:900260005:3:54,-0.7,2026-10-02T01:01:04.695736+02:00
295963584,de:12061:900260080:1:50,0.0,2026-10-02T01:01:04.695736+02:00
295963584,de:12061:900260009:3:56,-0.2,2026-10-02T01:01:04.695736+02:00
295963705,de:12061:900260009:3:56,0.0,2026-10-02T01:01:04.695736+02:00
295963705,de:12061:900260080:1:51,-0.7,2026-10-02T01:01:04.695736+02:00
295963705,de:12061:900260005:3:55,0.0,2026-10-02T01:01:04.695736+02:00
295963705,de:11000:900196001:1:51,0.0,2026-10-02T01:01:04.695736+02:00
295963705,de:11000:900195510:1:50,-0.4,2026-10-02T01:01:04.695736+02:00
295963705,de:11000:900193002:1:51,-0.6,2026-10-02T01:01:04.695736+02:00
295963705,de:11000:900193001:2:51,-0.3,2026-10-02T01:01:04.695736+02:00
295963705,de:11000:900192001:3:55,-0.2,2026-10-02T01:01:04.695736+02:00
295963705,de:11000:900191001:1:50,-0.9,2026-10-02T01:01:04.695736+02:00
295963705,de:11000:900191002:1:51,-0.3,2026-10-02T01:01:04.695736+02:00
295963705,de:11000:900190001:2:53,-0.1,2026-10-02T01:01:04.695736+02:00
295963705,de:11000:900120003:5:59,-0.3,2026-10-02T01:01:04.695736+02:00
295963705,de:11000:900120001:1:51,-0.6,2026-10-02T01:01:04.695736+02:00
295963705,de:11000:900110012:1:51,-0.8,2026-10-02T01:01:04.695736+02:00
295963705,de:11000:900110004:1:51,-0.7,2026-10-02T01:01:04.695736+02:00
295963705,de:11000:900110003:1:51,0.0,2026-10-02T01:01:04.695736+02:00
295963705,de:11000:900110002:1:51,0.0,2026-10-02T01:01:04.695736+02:00
295963705,de:11000:900110001:1:51,-0.7,2026-10-02T01:01:04.695736+02:00
295963705,de:11000:900110011:2:53,-0.4,2026-10-02T01:01:04.695736+02:00
295963705,de:11000:900085201:1:50,-0.8,2026-10-02T01:01:04.695736+02:00
295963705,de:11000:900084101:1:50,-0.7,2026-10-02T01:01:04.695736+02:00
295963705,de:11000:900096101:1:50,-0.8,2026-10-02T01:01:04.695736+02:00
295963705,de:11000:900094101:1:51,-0.3,2026-10-02T01:01:04.695736+02:00
307435168,de:11000:900192001:1:50,0.0,2026-10-02T01:01:04.695736+02:00
307435168,de:12061:900260005:2:52,0.0,2026-10-02T01:01:04.695736+02:00
295967889,de:12061:900260009:3:55,0.0,2026-10-02T01:01:04.695736+02:00
295967889,de:12061:900260080:1:51,-0.7,2026-10-02T01:01:04.695736+02:00
295967889,de:12061:900260005:3:55,0.0,2026-10-02T01:01:04.695736+02:00
295967889,de:11000:900196001:1:51,0.0,2026-10-02T01:01:04.695736+02:00
295967889,de:11000:900195510:1:50,-0.4,2026-10-02T01:01:04.695736+02:00
295967889,de:11000:900193002:1:51,-0.6,2026-10-02T01:01:04.695736+02:00
295967889,de:11000:900193001:2:51,-0.3,2026-10-02T01:01:04.695736+02:00
295967889,de:11000:900192001:3:55,-0.2,2026-10-02T01:01:04.695736+02:00
295967889,de:11000:900191001:1:50,0.0,2026-10-02T01:01:04.695736+02:00
295967889,de:11000:900191002:1:51,-0.7,2026-10-02T01:01:04.695736+02:00
295967889,de:11000:900190001:2:53,-0.4,2026-10-02T01:01:04.695736+02:00
295967889,de:11000:900120004:2:52,-0.9,2026-10-02T01:01:04.695736+02:00
295967889,de:11000:900120005:5:57,-0.1,2026-10-02T01:01:04.695736+02:00
295967889,de:11000:900100004:1:51,-0.4,2026-10-02T01:01:04.695736+02:00
295967889,de:11000:900100003:2:53,-0.4,2026-10-02T01:01:04.695736+02:00
295967889,de:11000:900100002:1:51,-0.4,2026-10-02T01:01:04.695736+02:00
295967889,de:11000:900100001:3:55,-0.4,2026-10-02T01:01:04.695736+02:00
295967889,de:11000:900003201:3:55,-0.1,2026-10-02T01:01:04.695736+02:00
295967889,de:11000:900003102:1:51,-0.8,2026-10-02T01:01:04.695736+02:00
295967889,de:11000:900003103:1:51,-0.9,2026-10-02T01:01:04.695736+02:00
295967889,de:11000:900023201:3:55,-0.8,2026-10-02T01:01:04.695736+02:00
295967889,de:11000:900024203:1:51,-0.8,2026-10-02T01:01:04.695736+02:00
295967889,de:11000:900024101:4:57,-0.8,2026-10-02T01:01:04.695736+02:00
295967889,de:11000:900024102:1:50,-0.1,2026-10-02T01:01:04.695736+02:00
295967889,de:11000:900025423:1:50,-0.4,2026-10-02T01:01:04.695736+02:00
295967889,de:11000:900026105:1:50,-0.7,2026-10-02T01:01:04.695736+02:00
295967889,de:11000:900025321:1:50,-0.3,2026-10-02T01:01:04.695736+02:00
295967889,de:11000:900025424:1:50,-0.3,2026-10-02T01:01:04.695736+02:00
295967889,de:11000:900030202:1:50,-0.9,2026-10-02T01:01:04.695736+02:00
295967889,de:11000:900029101:1:51,-0.9,2026-10-02T01:01:04.695736+02:00
307332659,de:11000:900029101:1:51,0.0,2026-10-02T01:01:04.695736+02:00
307332659,de:11000:900030202:1:50,-0.3,2026-10-02T01:01:04.695736+02:00
307332659,de:11000:900025424:1:51,-0.2,2026-10-02T01:01:04.695736+02:00
307332659,de:11000:900025321:1:51,-0.2,2026-10-02T01:01:04.695736+02:00
307332659,de:11000:900026105:1:50,-0.4,2026-10-02T01:01:04.695736+02:00
307332659,de:11000:900025423:1:50,-0.7,2026-10-02T01:01:04.695736+02:00
307332659,de:11000:900024102:2:53,-0.7,2026-10-02T01:01:04.695736+02:00
307332659,de:11000:900024101:3:55,-0.3,2026-10-02T01:01:04.695736+02:00
307332659,de:11000:900024203:1:51,-0.8,2026-10-02T01:01:04.695736+02:00
307332659,de:11000:900023201:3:54,-0.7,2026-10-02T01:01:04.695736+02:00
307332659,de:11000:900003103:1:50,-0.8,2026-10-02T01:01:04.695736+02:00
307332659,de:11000:900003102:1:50,-0.9,2026-10-02T01:01:04.695736+02:00
307332659,de:11000:900003201:3:54,-0.5,2026-10-02T01:01:04.695736+02:00
307332659,de:11000:900100001:3:54,-0.1,2026-10-02T01:01:04.695736+02:00
307332659,de:11000:900100002:1:50,-0.4,2026-10-02T01:01:04.695736+02:00
307332659,de:11000:900100003:2:52,-0.1,2026-10-02T01:01:04.695736+02:00
307332659,de:11000:900100004:1:50,-0.4,2026-10-02T01:01:04.695736+02:00
307332659,de:11000:900120005:4:56,-0.6,2026-10-02T01:01:04.695736+02:00
307332659,de:11000:900120004:1:51,-0.1,2026-10-02T01:01:04.695736+02:00
307332659,de:11000:900190001:1:51,-0.2,2026-10-02T01:01:04.695736+02:00
307332659,de:11000:900191002:1:50,0.0,2026-10-02T01:01:04.695736+02:00
307332659,de:11000:900191001:2:52,-0.4,2026-10-02T01:01:04.695736+02:00
307332659,de:11000:900192001:2:52,-0.7,2026-10-02T01:01:04.695736+02:00
307332659,de:11000:900193001:1:50,-0.2,2026-10-02T01:01:04.695736+02:00
307332659,de:11000:900193002:1:50,-0.8,2026-10-02T01:01:04.695736+02:00
307332659,de:11000:900195510:1:51,-0.2,2026-10-02T01:01:04.695736+02:00
307332659,de:11000:900196001:1:50,-0.4,2026-10-02T01:01:04.695736+02:00
307332659,de:12061:900260005:3:54,-0.2,2026-10-02T01:01:04.695736+02:00
307332659,de:12061:900260080:1:50,-0.7,2026-10-02T01:01:04.695736+02:00
307332659,de:12061:900260009:3:55,-0.9,2026-10-02T01:01:04.695736+02:00
306051564,de:12064:900320283::2,0.0,2026-10-02T01:01:04.695736+02:00
306051564,de:12064:900320246::3,0.0,2026-10-02T01:01:04.695736+02:00
306051564,de:12064:900320260::2,0.0,2026-10-02T01:01:04.695736+02:00
306051564,de:12064:900320265::2,0.0,2026-10-02T01:01:04.695736+02:00
306051564,de:12064:900320256::1,0.0,2026-10-02T01:01:04.695736+02:00
306051564,de:12064:900320272::1,0.0,2026-10-02T01:01:04.695736+02:00
306051564,de:12064:900320256::2,0.0,2026-10-02T01:01:04.695736+02:00
306051564,de:12064:900320261::2,0.0,2026-10-02T01:01:04.695736+02:00
306051564,de:12064:900320257::2,0.0,2026-10-02T01:01:04.695736+02:00
306051564,de:12064:900320268::2,0.0,2026-10-02T01:01:04.695736+02:00
306051564,de:12064:900320654::2,0.0,2026-10-02T01:01:04.695736+02:00
306051564,de:12064:900320653::2,0.0,2026-10-02T01:01:04.695736+02:00
306051564,de:12064:900320658::2,0.0,2026-10-02T01:01:04.695736+02:00
306051564,de:12064:900320657::2,0.0,2026-10-02T01:01:04.695736+02:00
306051564,de:12064:900320652::2,0.0,2026-10-02T01:01:04.695736+02:00
306051564,de:12064:900320650::2,0.0,2026-10-02T01:01:04.695736+02:00
306051564,de:12064:900320639::1,0.0,2026-10-02T01:01:04.695736+02:00
306051564,de:12064:900320006::1,0.0,2026-10-02T01:01:04.695736+02:00
295879338,de:12065:900200005:3:1,0.0,2026-10-02T01:01:04.695736+02:00
295879338,de:12065:900200006:1:51,-0.3,2026-10-02T01:01:04.695736+02:00
295879338,de:12065:900200007:1:51,-0.7,2026-10-02T01:01:04.695736+02:00
295879338,de:12065:900200008:1:51,-0.2,2026-10-02T01:01:04.695736+02:00
295879338,de:12065:900200009:1:51,-0.1,2026-10-02T01:01:04.695736+02:00
295879338,de:11000:900092201:1:51,-0.7,2026-10-02T01:01:04.695736+02:00
295879338,de:11000:900093201:1:51,-0.4,2026-10-02T01:01:04.695736+02:00
295879338,de:11000:900094101:1:51,-0.8,2026-10-02T01:01:04.695736+02:00
295879338,de:11000:900096101:1:51,-0.1,2026-10-02T01:01:04.695736+02:00
295879338,de:11000:900084101:1:51,-0.2,2026-10-02T01:01:04.695736+02:00
295879338,de:11000:900085201:1:51,-0.8,2026-10-02T01:01:04.695736+02:00
295879338,de:11000:900130003:1:51,-0.8,2026-10-02T01:01:04.695736+02:00
295879338,de:11000:900110011:1:50,-0.9,2026-10-02T01:01:04.695736+02:00
295879338,de:11000:900007102:1:50,-0.9,2026-10-02T01:01:04.695736+02:00
295879338,de:11000:900008101:1:50,0.0,2026-10-02T01:01:04.695736+02:00
295879338,de:11000:900007104:1:51,-0.7,2026-10-02T01:01:04.695736+02:00
295879338,de:11000:900100007:1:50,-0.7,2026-10-02T01:01:04.695736+02:00
295879338,de:11000:900100001:4:56,-0.5,2026-10-02T01:01:04.695736+02:00
295879338,de:11000:900100025:1:50,-0.4,2026-10-02T01:01:04.695736+02:00
295879338,de:11000:900100020:3:54,-0.4,2026-10-02T01:01:04.695736+02:00
295879338,de:11000:900012101:1:51,-0.5,2026-10-02T01:01:04.695736+02:00
295879338,de:11000:900057102:1:50,-0.7,2026-10-02T01:01:04.695736+02:00
295879338,de:11000:900057104:2:51,-0.4,2026-10-02T01:01:04.695736+02:00
295879338,de:11000:900054104:1:50,-0.3,2026-10-02T01:01:04.695736+02:00
295879338,de:11000:900060101:1:50,-0.3,2026-10-02T01:01:04.695736+02:00
295879338,de:11000:900063101:1:50,-0.1,2026-10-02T01:01:04.695736+02:00
295879338,de:11000:900062202:1:50,-0.1,2026-10-02T01:01:04.695736+02:00
295879338,de:11000:900066102:1:50,-0.2,2026-10-02T01:01:04.695736+02:00
295879338,de:11000:900066101:1:50,-0.1,2026-10-02T01:01:04.695736+02:00
295879338,de:11000:900049202:1:50,-0.3,2026-10-02T01:01:04.695736+02:00
295879338,de:11000:900049201:1:50,-0.4,2026-10-02T01:01:04.695736+02:00
295879338,de:11000:900050301:1:50,0.0,2026-10-02T01:01:04.695736+02:00
295879338,de:11000:900050355:1:50,-0.1,2026-10-02T01:01:04.695736+02:00
295879338,de:11000:900052201:1:50,-0.5,2026-10-02T01:01:04.695736+02:00
295879338,de:11000:900053301:1:51,-0.9,2026-10-02T01:01:04.695736+02:00
295879422,de:11000:900053301:2:52,0.0,2026-10-02T01:01:04.695736+02:00
295879422,de:11000:900052201:1:51,0.0,2026-10-02T01:01:04.695736+02:00
295879422,de:11000:900050355:1:51,-0.3,2026-10-02T01:01:04.695736+02:00
295879422,de:11000:900050301:1:51,-0.4,2026-10-02T01:01:04.695736+02:00
295879422,de:11000:900049201:1:51,0.0,2026-10-02T01:01:04.695736+02:00
295879422,de:11000:900049202:1:51,0.0,2026-10-02T01:01:04.695736+02:00
295879422,de:11000:900066101:1:51,-0.3,2026-10-02T01:01:04.695736+02:00
295879422,de:11000:900066102:1:51,-0.2,2026-10-02T01:01:04.695736+02:00
295879422,de:11000:900062202:1:51,-0.2,2026-10-02T01:01:04.695736+02:00
295879422,de:11000:900063101:1:51,-0.2,2026-10-02T01:01:04.695736+02:00
295879422,de:11000:900060101:1:51,-0.9,2026-10-02T01:01:04.695736+02:00
295879422,de:11000:900054104:1:51,-0.9,2026-10-02T01:01:04.695736+02:00
295879422,de:11000:900057104:1:50,-0.4,2026-10-02T01:01:04.695736+02:00
295879422,de:11000:900057102:1:51,-0.1,2026-10-02T01:01:04.695736+02:00
295879422,de:11000:900012101:2:52,-0.9,2026-10-02T01:01:04.695736+02:00
295879422,de:11000:900100020:4:57,-0.3,2026-10-02T01:01:04.695736+02:00
295879422,de:11000:900100025:1:51,-0.4,2026-10-02T01:01:04.695736+02:00
295879422,de:11000:900100001:4:57,-0.1,2026-10-02T01:01:04.695736+02:00
295879422,de:11000:900100007:1:51,-0.2,2026-10-02T01:01:04.695736+02:00
295879422,de:11000:900007104:2:52,-0.2,2026-10-02T01:01:04.695736+02:00
295879422,de:11000:900008101:1:51,-0.9,2026-10-02T01:01:04.695736+02:00
295879422,de:11000:900007102:2:53,-0.6,2026-10-02T01:01:04.695736+02:00
295879422,de:11000:900110011:2:53,-0.9,2026-10-02T01:01:04.695736+02:00
295879422,de:11000:900085201:1:50,-0.9,2026-10-02T01:01:04.695736+02:00
295879422,de:11000:900084101:1:50,-0.7,2026-10-02T01:01:04.695736+02:00
295879422,de:11000:900096101:1:50,-0.8,2026-10-02T01:01:04.695736+02:00
295879422,de:11000:900094101:1:50,-0.1,2026-10-02T01:01:04.695736+02:00
295879422,de:11000:900093201:1:50,-0.4,2026-10-02T01:01:04.695736+02:00
295879422,de:11000:900092201:1:50,-0.2,2026-10-02T01:01:04.695736+02:00
295879422,de:12065:900200009:1:50,-0.7,2026-10-02T01:01:04.695736+02:00
295879422,de:12065:900200008:1:50,-0.7,2026-10-02T01:01:04.695736+02:00
295879422,de:12065:900200007:1:50,-0.2,2026-10-02T01:01:04.695736+02:00
295879422,de:12065:900200006:1:50,-0.5,2026-10-02T01:01:04.695736+02:00
295879422,de:12065:900200005:3:1,-0.9,2026-10-02T01:01:04.695736+02:00
295879410,de:11000:900053301:2:52,0.0,2026-10-02T01:01:04.695736+02:00
295879410,de:11000:900052201:1:51,0.0,2026-10-02T01:01:04.695736+02:00
295879410,de:11000:900050355:1:51,-0.3,2026-10-02T01:01:04.695736+02:00
295879410,de:11000:900050301:1:51,-0.4,2026-10-02T01:01:04.695736+02:00
295879410,de:11000:900049201:1:51,0.0,2026-10-02T01:01:04.695736+02:00
295879410,de:11000:900049202:1:51,0.0,2026-10-02T01:01:04.695736+02:00
295879410,de:11000:900066101:1:51,-0.3,2026-10-02T01:01:04.695736+02:00
295879410,de:11000:900066102:1:51,-0.2,2026-10-02T01:01:04.695736+02:00
295879410,de:11000:900062202:1:51,-0.2,2026-10-02T01:01:04.695736+02:00
295879410,de:11000:900063101:1:51,-0.2,2026-10-02T01:01:04.695736+02:00
295879410,de:11000:900060101:1:51,-0.9,2026-10-02T01:01:04.695736+02:00
295879410,de:11000:900054104:1:51,-0.9,2026-10-02T01:01:04.695736+02:00
295879410,de:11000:900057104:1:50,-0.4,2026-10-02T01:01:04.695736+02:00
295879410,de:11000:900057102:1:51,-0.1,2026-10-02T01:01:04.695736+02:00
295879410,de:11000:900012101:2:52,-0.9,2026-10-02T01:01:04.695736+02:00
295879410,de:11000:900100020:4:57,-0.3,2026-10-02T01:01:04.695736+02:00
295879410,de:11000:900100025:1:51,-0.4,2026-10-02T01:01:04.695736+02:00
295879410,de:11000:900100001:4:57,-0.1,2026-10-02T01:01:04.695736+02:00
295879410,de:11000:900100007:1:51,-0.2,2026-10-02T01:01:04.695736+02:00
295879410,de:11000:900007104:2:52,-0.2,2026-10-02T01:01:04.695736+02:00
295879410,de:11000:900008101:1:51,-0.9,2026-10-02T01:01:04.695736+02:00
295879410,de:11000:900007102:2:53,-0.6,2026-10-02T01:01:04.695736+02:00
295879410,de:11000:900110011:2:53,-0.9,2026-10-02T01:01:04.695736+02:00
295879410,de:11000:900085201:1:50,-0.9,2026-10-02T01:01:04.695736+02:00
295879410,de:11000:900084101:1:50,-0.7,2026-10-02T01:01:04.695736+02:00
295879410,de:11000:900096101:1:50,-0.8,2026-10-02T01:01:04.695736+02:00
295879410,de:11000:900094101:1:50,-0.1,2026-10-02T01:01:04.695736+02:00
295879410,de:11000:900093201:1:50,-0.4,2026-10-02T01:01:04.695736+02:00
295879410,de:11000:900092201:1:50,-0.2,2026-10-02T01:01:04.695736+02:00
295879410,de:12065:900200009:1:50,-0.7,2026-10-02T01:01:04.695736+02:00
295879410,de:12065:900200008:1:50,-0.7,2026-10-02T01:01:04.695736+02:00
295879410,de:12065:900200007:1:50,-0.2,2026-10-02T01:01:04.695736+02:00
295879410,de:12065:900200006:1:50,-0.5,2026-10-02T01:01:04.695736+02:00
295879410,de:12065:900200005:3:1,-0.9,2026-10-02T01:01:04.695736+02:00
295879301,de:12065:900200005:3:1,0.0,2026-10-02T01:01:04.695736+02:00
295879301,de:12065:900200006:1:51,-0.3,2026-10-02T01:01:04.695736+02:00
295879301,de:12065:900200007:1:51,-0.7,2026-10-02T01:01:04.695736+02:00
295879301,de:12065:900200008:1:51,-0.2,2026-10-02T01:01:04.695736+02:00
295879301,de:12065:900200009:1:51,-0.1,2026-10-02T01:01:04.695736+02:00
295879301,de:11000:900092201:1:51,-0.7,2026-10-02T01:01:04.695736+02:00
295879301,de:11000:900093201:1:51,-0.4,2026-10-02T01:01:04.695736+02:00
295879301,de:11000:900094101:1:51,-0.8,2026-10-02T01:01:04.695736+02:00
295879301,de:11000:900096101:1:51,-0.1,2026-10-02T01:01:04.695736+02:00
295879301,de:11000:900084101:1:51,-0.2,2026-10-02T01:01:04.695736+02:00
295879301,de:11000:900085201:1:51,-0.8,2026-10-02T01:01:04.695736+02:00
295879301,de:11000:900130003:1:51,-0.8,2026-10-02T01:01:04.695736+02:00
295879301,de:11000:900110011:1:50,-0.9,2026-10-02T01:01:04.695736+02:00
295879301,de:11000:900007102:1:50,-0.9,2026-10-02T01:01:04.695736+02:00
295879301,de:11000:900008101:1:50,0.0,2026-10-02T01:01:04.695736+02:00
295879301,de:11000:900007104:1:51,-0.7,2026-10-02T01:01:04.695736+02:00
295879301,de:11000:900100007:1:50,-0.7,2026-10-02T01:01:04.695736+02:00
295879301,de:11000:900100001:4:56,-0.5,2026-10-02T01:01:04.695736+02:00
295879301,de:11000:900100025:1:50,-0.4,2026-10-02T01:01:04.695736+02:00
295879301,de:11000:900100020:3:54,-0.4,2026-10-02T01:01:04.695736+02:00
295879301,de:11000:900012101:1:51,-0.5,2026-10-02T01:01:04.695736+02:00
295879301,de:11000:900057102:1:50,-0.7,2026-10-02T01:01:04.695736+02:00
295879301,de:11000:900057104:2:51,-0.4,2026-10-02T01:01:04.695736+02:00
295879301,de:11000:900054104:1:50,-0.3,2026-10-02T01:01:04.695736+02:00
295879301,de:11000:900060101:1:50,-0.3,2026-10-02T01:01:04.695736+02:00
295879301,de:11000:900063101:1:50,-0.1,2026-10-02T01:01:04.695736+02:00
295879301,de:11000:900062202:1:50,-0.1,2026-10-02T01:01:04.695736+02:00
295879301,de:11000:900066102:1:50,-0.2,2026-10-02T01:01:04.695736+02:00
295879301,de:11000:900066101:1:50,-0.1,2026-10-02T01:01:04.695736+02:00
295879301,de:11000:900049202:1:50,-0.3,2026-10-02T01:01:04.695736+02:00
295879301,de:11000:900049201:1:50,-0.4,2026-10-02T01:01:04.695736+02:00
295879301,de:11000:900050301:1:50,0.0,2026-10-02T01:01:04.695736+02:00
295879301,de:11000:900050355:1:50,-0.1,2026-10-02T01:01:04.695736+02:00
295879301,de:11000:900052201:1:50,-0.5,2026-10-02T01:01:04.695736+02:00
295879301,de:11000:900053301:1:51,-0.9,2026-10-02T01:01:04.695736+02:00
306895964,de:12064:900320250::1,0.0,2026-10-02T01:01:04.695736+02:00
306895964,de:12064:900320267::2,0.0,2026-10-02T01:01:04.695736+02:00
306895964,de:12067:900310017::2,0.0,2026-10-02T01:01:04.695736+02:00
306895964,de:12067:900310509::1,0.0,2026-10-02T01:01:04.695736+02:00
306895964,de:12067:900310508::1,0.0,2026-10-02T01:01:04.695736+02:00
306895964,de:12067:900310580::2,0.0,2026-10-02T01:01:04.695736+02:00
306895964,de:12067:900310578::4,0.0,2026-10-02T01:01:04.695736+02:00
306895964,de:12067:900310534::2,0.0,2026-10-02T01:01:04.695736+02:00
306895964,de:11000:900310550::2,0.0,2026-10-02T01:01:04.695736+02:00
306895964,de:12067:900310572::2,0.0,2026-10-02T01:01:04.695736+02:00
306895964,de:12067:900310013::2,0.0,2026-10-02T01:01:04.695736+02:00
306895964,de:12067:900310563::3,0.0,2026-10-02T01:01:04.695736+02:00
306895964,de:12067:900310560::1,0.0,2026-10-02T01:01:04.695736+02:00
306895964,de:12067:900310573::1,0.0,2026-10-02T01:01:04.695736+02:00
306895964,de:12067:900310581::1,0.0,2026-10-02T01:01:04.695736+02:00
306895964,de:12067:900310567::1,0.0,2026-10-02T01:01:04.695736+02:00
306895964,de:12067:900310561::1,0.0,2026-10-02T01:01:04.695736+02:00
306895964,de:12067:900310565::1,0.0,2026-10-02T01:01:04.695736+02:00
295883497,de:11000:900100020:3:55,0.0,2026-10-02T01:01:04.695736+02:00
295883497,de:11000:900012101:1:51,-0.5,2026-10-02T01:01:04.695736+02:00
295883497,de:11000:900057102:1:50,-0.7,2026-10-02T01:01:04.695736+02:00
295883497,de:11000:900057104:2:51,-0.4,2026-10-02T01:01:04.695736+02:00
295883497,de:11000:900054104:1:50,-0.3,2026-10-02T01:01:04.695736+02:00
295883497,de:11000:900060101:1:50,-0.3,2026-10-02T01:01:04.695736+02:00
295883497,de:11000:900063101:1:50,-0.1,2026-10-02T01:01:04.695736+02:00
295883497,de:11000:900062202:1:50,-0.1,2026-10-02T01:01:04.695736+02:00
295883497,de:11000:900066102:1:50,-0.2,2026-10-02T01:01:04.695736+02:00
295883497,de:11000:900066101:1:50,-0.1,2026-10-02T01:01:04.695736+02:00
295883497,de:11000:900049202:1:50,-0.3,2026-10-02T01:01:04.695736+02:00
295883497,de:11000:900049201:1:50,-0.4,2026-10-02T01:01:04.695736+02:00
295883496,de:11000:900100020:3:55,0.0,2026-10-02T01:01:04.695736+02:00
295883496,de:11000:900012101:1:51,-0.5,2026-10-02T01:01:04.695736+02:00
295883496,de:11000:900057102:1:50,-0.7,2026-10-02T01:01:04.695736+02:00
295883496,de:11000:900057104:2:51,-0.4,2026-10-02T01:01:04.695736+02:00
295883496,de:11000:900054104:1:50,-0.3,2026-10-02T01:01:04.695736+02:00
295883496,de:11000:900060101:1:50,-0.3,2026-10-02T01:01:04.695736+02:00
295883496,de:11000:900063101:1:50,-0.1,2026-10-02T01:01:04.695736+02:00
295883496,de:11000:900062202:1:50,-0.1,2026-10-02T01:01:04.695736+02:00
295883496,de:11000:900066102:1:50,-0.2,2026-10-02T01:01:04.695736+02:00
295883496,de:11000:900066101:1:50,-0.1,2026-10-02T01:01:04.695736+02:00
295883496,de:11000:900049202:1:50,-0.3,2026-10-02T01:01:04.695736+02:00
295883496,de:11000:900049201:1:50,-0.4,2026-10-02T01:01:04.695736+02:00
306896247,de:12061:900260001::6,0.0,2026-10-02T01:01:04.695736+02:00
306896247,de:12061:900260798::1,0.0,2026-10-02T01:01:04.695736+02:00
306896247,de:12061:900260890::1,0.0,2026-10-02T01:01:04.695736+02:00
306896247,de:12061:900260887::1,0.0,2026-10-02T01:01:04.695736+02:00
306896247,de:12061:900260886::1,0.0,2026-10-02T01:01:04.695736+02:00
306896247,de:12061:900260888::1,0.0,2026-10-02T01:01:04.695736+02:00
306896247,de:12061:900260889::1,0.0,2026-10-02T01:01:04.695736+02:00
306896247,de:12061:900261047::1,0.0,2026-10-02T01:01:04.695736+02:00
306896247,de:12061:900261048::1,0.0,2026-10-02T01:01:04.695736+02:00
306896247,de:12061:900261051::1,0.0,2026-10-02T01:01:04.695736+02:00
306896247,de:12061:900261050::2,0.0,2026-10-02T01:01:04.695736+02:00
306896247,de:12061:900260170::1,0.0,2026-10-02T01:01:04.695736+02:00
306896247,de:12061:900260167::1,0.0,2026-10-02T01:01:04.695736+02:00
306896247,de:12061:900260168::1,0.0,2026-10-02T01:01:04.695736+02:00
306896247,de:12061:900260171::1,0.0,2026-10-02T01:01:04.695736+02:00
306896247,de:12061:900260166::1,0.0,2026-10-02T01:01:04.695736+02:00
306896247,de:12061:900260169::4,0.0,2026-10-02T01:01:04.695736+02:00
306896247,de:12061:900260165::1,0.0,2026-10-02T01:01:04.695736+02:00
306896247,de:12067:900310950::2,0.0,2026-10-02T01:01:04.695736+02:00
306896247,de:12067:900310955::2,0.0,2026-10-02T01:01:04.695736+02:00
306896247,de:12067:900310568::2,0.0,2026-10-02T01:01:04.695736+02:00
306896247,de:12067:900310556::2,0.0,2026-10-02T01:01:04.695736+02:00
306896247,de:12067:900310558::4,0.0,2026-10-02T01:01:04.695736+02:00
306896247,de:12067:900310559::2,0.0,2026-10-02T01:01:04.695736+02:00
306896247,de:12067:900310563::4,0.0,2026-10-02T01:01:04.695736+02:00
306896247,de:12067:900310013::7,0.0,2026-10-02T01:01:04.695736+02:00
295883489,de:11000:900100020:3:55,0.0,2026-10-02T01:01:04.695736+02:00
295883489,de:11000:900012101:1:51,-0.5,2026-10-02T01:01:04.695736+02:00
295883489,de:11000:900057102:1:50,-0.7,2026-10-02T01:01:04.695736+02:00
295883489,de:11000:900057104:2:51,-0.4,2026-10-02T01:01:04.695736+02:00
295883489,de:11000:900054104:1:50,-0.3,2026-10-02T01:01:04.695736+02:00
295883489,de:11000:900060101:1:50,-0.3,2026-10-02T01:01:04.695736+02:00
295883489,de:11000:900063101:1:50,-0.1,2026-10-02T01:01:04.695736+02:00
295883489,de:11000:900062202:1:50,-0.1,2026-10-02T01:01:04.695736+02:00
295883489,de:11000:900066102:1:50,-0.2,2026-10-02T01:01:04.695736+02:00
295883489,de:11000:900066101:1:50,-0.1,2026-10-02T01:01:04.695736+02:00
295883489,de:11000:900049202:1:50,-0.3,2026-10-02T01:01:04.695736+02:00
295883489,de:11000:900049201:1:50,-0.4,2026-10-02T01:01:04.695736+02:00
306896359,de:12067:900311129::4,0.0,2026-10-02T01:01:04.695736+02:00
306896359,de:12067:900310755::2,0.0,2026-10-02T01:01:04.695736+02:00
306896359,de:12067:900310728::3,0.0,2026-10-02T01:01:04.695736+02:00
306896359,de:12067:900310727::3,0.0,2026-10-02T01:01:04.695736+02:00
306896359,de:12067:900310942::1,0.0,2026-10-02T01:01:04.695736+02:00
306896359,de:12067:900310716::1,0.0,2026-10-02T01:01:04.695736+02:00
306896359,de:12067:900310740::1,0.0,2026-10-02T01:01:04.695736+02:00
306896359,de:12067:900310739::2,0.0,2026-10-02T01:01:04.695736+02:00
306896359,de:12067:900310747::2,0.0,2026-10-02T01:01:04.695736+02:00
306896359,de:12067:900310924::2,0.0,2026-10-02T01:01:04.695736+02:00
306896359,de:12067:900310925::1,0.0,2026-10-02T01:01:04.695736+02:00
306896359,de:12067:900310600::2,0.0,2026-10-02T01:01:04.695736+02:00
306896359,de:12067:900310829::1,0.0,2026-10-02T01:01:04.695736+02:00
306896359,de:12067:900310827::2,0.0,2026-10-02T01:01:04.695736+02:00
306896359,de:12067:900310982::1,0.0,2026-10-02T01:01:04.695736+02:00
306896359,de:12067:900310757::2,0.0,2026-10-02T01:01:04.695736+02:00
306896359,de:12067:900310756::2,0.0,2026-10-02T01:01:04.695736+02:00
306896359,de:12067:900310118::2,0.0,2026-10-02T01:01:04.695736+02:00
306896359,de:12067:900310100::2,0.0,2026-10-02T01:01:04.695736+02:00
306896359,de:12067:900310108::2,0.0,2026-10-02T01:01:04.695736+02:00
306896359,de:12067:900310111::2,0.0,2026-10-02T01:01:04.695736+02:00
306896359,de:12067:900310101::2,0.0,2026-10-02T01:01:04.695736+02:00
306896359,de:12067:900310112::2,0.0,2026-10-02T01:01:04.695736+02:00
306896359,de:12067:900310109::1,0.0,2026-10-02T01:01:04.695736+02:00
306896359,de:12067:900310040::2,0.0,2026-10-02T01:01:04.695736+02:00
306896359,de:12067:900310105::2,0.0,2026-10-02T01:01:04.695736+02:00
306896359,de:12067:900310970::2,0.0,2026-10-02T01:01:04.695736+02:00
306896359,de:12067:900310972::2,0.0,2026-10-02T01:01:04.695736+02:00
306896359,de:12067:900310810::1,0.0,2026-10-02T01:01:04.695736+02:00
306896359,de:12067:900310769::2,0.0,2026-10-02T01:01:04.695736+02:00
306896359,de:12067:900310695::3,0.0,2026-10-02T01:01:04.695736+02:00
306896359,de:12067:900310812::2,0.0,2026-10-02T01:01:04.695736+02:00
306896359,de:12067:900310630::2,0.0,2026-10-02T01:01:04.695736+02:00
306896359,de:12067:900310811::2,0.0,2026-10-02T01:01:04.695736+02:00
306896359,de:12067:900310771::2,0.0,2026-10-02T01:01:04.695736+02:00
306896359,de:12067:900310822::2,0.0,2026-10-02T01:01:04.695736+02:00
306896359,de:12067:900310781::2,0.0,2026-10-02T01:01:04.695736+02:00
306896359,de:12067:900310627::2,-0.5,2026-10-02T01:01:04.695736+02:00
306896359,de:12067:900310816::2,0.0,2026-10-02T01:01:04.695736+02:00
306896359,de:12067:900310022::1,0.0,2026-10-02T01:01:04.695736+02:00
306896359,de:12067:900310001::11,0.0,2026-10-02T01:01:04.695736+02:00
306896685,de:12067:900310001::4,0.0,2026-10-02T01:01:04.695736+02:00
306896685,de:12067:900310816::1,0.0,2026-10-02T01:01:04.695736+02:00
306896685,de:12067:900310627::1,0.0,2026-10-02T01:01:04.695736+02:00
306896685,de:12067:900310781::1,0.0,2026-10-02T01:01:04.695736+02:00
306896685,de:12067:900310822::1,0.0,2026-10-02T01:01:04.695736+02:00
306896685,de:12067:900310808::1,0.0,2026-10-02T01:01:04.695736+02:00
306896685,de:12067:900310779::1,0.0,2026-10-02T01:01:04.695736+02:00
306896685,de:12067:900310995::2,0.0,2026-10-02T01:01:04.695736+02:00
306896685,de:12067:900310992::1,-0.5,2026-10-02T01:01:04.695736+02:00
306896685,de:12067:900310989::1,0.0,2026-10-02T01:01:04.695736+02:00
306896685,de:12067:900310990::1,0.0,2026-10-02T01:01:04.695736+02:00
306896685,de:12067:900310991::1,0.0,2026-10-02T01:01:04.695736+02:00
306896685,de:12067:900310904::1,0.0,2026-10-02T01:01:04.695736+02:00
306896685,de:12067:900311118::1,0.0,2026-10-02T01:01:04.695736+02:00
306896685,de:12067:900310966::1,0.0,2026-10-02T01:01:04.695736+02:00
306896685,de:12067:900310997::1,0.0,2026-10-02T01:01:04.695736+02:00
306896685,de:12067:900310998::1,0.0,2026-10-02T01:01:04.695736+02:00
306896685,de:12067:900310997::2,0.0,2026-10-02T01:01:04.695736+02:00
306896685,de:12067:900310966::2,0.0,2026-10-02T01:01:04.695736+02:00
306896685,de:12067:900311118::2,0.0,2026-10-02T01:01:04.695736+02:00
306896685,de:12067:900311059::1,0.0,2026-10-02T01:01:04.695736+02:00
306896685,de:12067:900311110::3,0.0,2026-10-02T01:01:04.695736+02:00
306896685,de:12067:900311058::1,0.0,2026-10-02T01:01:04.695736+02:00
306896685,de:12067:900310611::2,0.0,2026-10-02T01:01:04.695736+02:00
295883477,de:11000:900100020:3:55,0.0,2026-10-02T01:01:04.695736+02:00
295883477,de:11000:900012101:1:51,-0.5,2026-10-02T01:01:04.695736+02:00
295883477,de:11000:900057102:1:50,-0.7,2026-10-02T01:01:04.695736+02:00
295883477,de:11000:900057104:2:51,-0.4,2026-10-02T01:01:04.695736+02:00
295883477,de:11000:900054104:1:50,-0.3,2026-10-02T01:01:04.695736+02:00
295883477,de:11000:900060101:1:50,-0.3,2026-10-02T01:01:04.695736+02:00
295883477,de:11000:900063101:1:50,-0.1,2026-10-02T01:01:04.695736+02:00
295883477,de:11000:900062202:1:50,-0.1,2026-10-02T01:01:04.695736+02:00
295883477,de:11000:900066102:1:50,-0.2,2026-10-02T01:01:04.695736+02:00
295883477,de:11000:900066101:1:50,-0.1,2026-10-02T01:01:04.695736+02:00
295883477,de:11000:900049202:1:50,-0.3,2026-10-02T01:01:04.695736+02:00
295883477,de:11000:900049201:1:50,-0.4,2026-10-02T01:01:04.695736+02:00
306896514,de:12067:900310001::3,0.0,2026-10-02T01:01:04.695736+02:00
306896514,de:12067:900311149::1,0.0,2026-10-02T01:01:04.695736+02:00
306896514,de:12067:900310835::1,0.0,2026-10-02T01:01:04.695736+02:00
306896514,de:12067:900310825::1,0.0,2026-10-02T01:01:04.695736+02:00
306896514,de:12067:900310813::1,0.0,2026-10-02T01:01:04.695736+02:00
306896514,de:12067:900310803::1,0.0,2026-10-02T01:01:04.695736+02:00
306896514,de:12067:900310802::1,0.0,2026-10-02T01:01:04.695736+02:00
306896514,de:12067:900310712::1,0.0,2026-10-02T01:01:04.695736+02:00
306896514,de:12067:900310711::1,0.0,2026-10-02T01:01:04.695736+02:00
306896514,de:12067:900311015::1,0.0,2026-10-02T01:01:04.695736+02:00
306896514,de:12064:900320277::1,0.0,2026-10-02T01:01:04.695736+02:00
306896514,de:12064:900320279::1,-0.5,2026-10-02T01:01:04.695736+02:00
306896514,de:12064:900320229::1,-0.5,2026-10-02T01:01:04.695736+02:00
306896514,de:12064:900320280::1,0.0,2026-10-02T01:01:04.695736+02:00
306896514,de:12064:900320228::1,0.0,2026-10-02T01:01:04.695736+02:00
306896582,de:12067:900310001::3,0.0,2026-10-02T01:01:04.695736+02:00
306896582,de:12067:900311149::1,0.0,2026-10-02T01:01:04.695736+02:00
306896582,de:12067:900311135::1,0.0,2026-10-02T01:01:04.695736+02:00
306896582,de:12067:900311150::1,0.0,2026-10-02T01:01:04.695736+02:00
306896582,de:12067:900310804::1,0.0,2026-10-02T01:01:04.695736+02:00
306896582,de:12067:900310814::1,0.0,2026-10-02T01:01:04.695736+02:00
306896582,de:12067:900310775::1,0.0,2026-10-02T01:01:04.695736+02:00
306896582,de:12067:900310818::1,0.0,2026-10-02T01:01:04.695736+02:00
306896582,de:12067:900310963::1,0.0,2026-10-02T01:01:04.695736+02:00
306896582,de:12067:900310959::1,0.0,2026-10-02T01:01:04.695736+02:00
306896582,de:12067:900310962::1,0.0,2026-10-02T01:01:04.695736+02:00
306896582,de:12067:900311045::1,0.0,2026-10-02T01:01:04.695736+02:00
306896582,de:12067:900311046::2,0.0,2026-10-02T01:01:04.695736+02:00
306896582,de:12067:900310632::1,0.0,2026-10-02T01:01:04.695736+02:00
306896582,de:12067:900310753::1,0.0,2026-10-02T01:01:04.695736+02:00
306896582,de:12067:900310752::1,0.0,2026-10-02T01:01:04.695736+02:00
306896582,de:12067:900310752::2,0.0,2026-10-02T01:01:04.695736+02:00
306896582,de:12067:900310753::2,0.0,2026-10-02T01:01:04.695736+02:00
306896582,de:12067:900310632::2,0.0,2026-10-02T01:01:04.695736+02:00
306896582,de:12067:900311046::1,0.0,2026-10-02T01:01:04.695736+02:00
306896582,de:12067:900310871::1,0.0,2026-10-02T01:01:04.695736+02:00
306896582,de:12067:900310872::1,0.0,2026-10-02T01:01:04.695736+02:00
306896582,de:12067:900310870::1,0.0,2026-10-02T01:01:04.695736+02:00
306896582,de:12067:900310869::1,0.0,2026-10-02T01:01:04.695736+02:00
306896582,de:12067:900310709::1,0.0,2026-10-02T01:01:04.695736+02:00
306896582,de:12067:900310710::1,0.0,2026-10-02T01:01:04.695736+02:00
306896582,de:12067:900310708::1,0.0,2026-10-02T01:01:04.695736+02:00
306896582,de:12067:900310710::2,0.0,2026-10-02T01:01:04.695736+02:00
306896582,de:12067:900310081::1,0.0,2026-10-02T01:01:04.695736+02:00
307252201,de:11000:900007102:1:51,0.0,2026-10-02T01:01:04.695736+02:00
307252201,de:11000:900009104:1:51,-0.8,2026-10-02T01:01:04.695736+02:00
307252201,de:11000:900003200:5:58,-0.7,2026-10-02T01:01:04.695736+02:00
307252190,de:11000:900007102:1:51,0.0,2026-10-02T01:01:04.695736+02:00
307252190,de:11000:900009104:1:51,-0.8,2026-10-02T01:01:04.695736+02:00
307252190,de:11000:900003200:5:58,-0.7,2026-10-02T01:01:04.695736+02:00
307252326,de:11000:900003200:5:58,0.0,2026-10-02T01:01:04.695736+02:00
307252326,de:11000:900009104:1:50,-0.8,2026-10-02T01:01:04.695736+02:00
307252326,de:11000:900007102:2:52,-0.4,2026-10-02T01:01:04.695736+02:00
307252318,de:11000:900003200:5:58,0.0,2026-10-02T01:01:04.695736+02:00
307252318,de:11000:900009104:1:50,-0.8,2026-10-02T01:01:04.695736+02:00
307252318,de:11000:900007102:2:52,-0.4,2026-10-02T01:01:04.695736+02:00
306896770,de:12067:900310001::4,0.0,2026-10-02T01:01:04.695736+02:00
306896770,de:12067:900310696::1,0.0,2026-10-02T01:01:04.695736+02:00
306896770,de:12067:900310788::1,0.0,2026-10-02T01:01:04.695736+02:00
306896770,de:12067:900310936::1,0.0,2026-10-02T01:01:04.695736+02:00
306896770,de:12067:900311125::1,0.0,2026-10-02T01:01:04.695736+02:00
306896770,de:12067:900310860::1,0.0,2026-10-02T01:01:04.695736+02:00
306896770,de:12067:900311157::1,0.0,2026-10-02T01:01:04.695736+02:00
306896770,de:12067:900310864::1,0.0,2026-10-02T01:01:04.695736+02:00
306896770,de:12067:900310861::1,0.0,2026-10-02T01:01:04.695736+02:00
306896770,de:12067:900310002::1,0.0,2026-10-02T01:01:04.695736+02:00
306896770,de:12067:900311114::1,0.0,2026-10-02T01:01:04.695736+02:00
306896770,de:12067:900310031::3,0.0,2026-10-02T01:01:04.695736+02:00
306896770,de:12067:900310555::2,0.0,2026-10-02T01:01:04.695736+02:00
306896770,de:12067:900310557::2,0.0,2026-10-02T01:01:04.695736+02:00
306896770,de:12067:900310013::7,0.0,2026-10-02T01:01:04.695736+02:00
295882585,de:11000:900053301:2:52,0.0,2026-10-02T01:01:04.695736+02:00
295882585,de:11000:900052201:1:51,0.0,2026-10-02T01:01:04.695736+02:00
295882585,de:11000:900050355:1:51,-0.3,2026-10-02T01:01:04.695736+02:00
295882585,de:11000:900050301:1:51,-0.4,2026-10-02T01:01:04.695736+02:00
295882585,de:11000:900049201:1:51,0.0,2026-10-02T01:01:04.695736+02:00
295882585,de:11000:900049202:1:51,0.0,2026-10-02T01:01:04.695736+02:00
295882585,de:11000:900066101:1:51,-0.3,2026-10-02T01:01:04.695736+02:00
295882585,de:11000:900066102:1:51,-0.2,2026-10-02T01:01:04.695736+02:00
295882585,de:11000:900062202:1:51,-0.2,2026-10-02T01:01:04.695736+02:00
295882585,de:11000:900063101:1:51,-0.2,2026-10-02T01:01:04.695736+02:00
295882585,de:11000:900060101:1:51,-0.9,2026-10-02T01:01:04.695736+02:00
295882585,de:11000:900054104:1:51,-0.9,2026-10-02T01:01:04.695736+02:00
295882585,de:11000:900057104:1:50,-0.4,2026-10-02T01:01:04.695736+02:00
295882585,de:11000:900057102:1:51,-0.1,2026-10-02T01:01:04.695736+02:00
295882585,de:11000:900012101:2:52,-0.9,2026-10-02T01:01:04.695736+02:00
295882585,de:11000:900100020:4:57,-0.3,2026-10-02T01:01:04.695736+02:00
295882585,de:11000:900100025:1:51,-0.4,2026-10-02T01:01:04.695736+02:00
295882585,de:11000:900100001:4:57,-0.1,2026-10-02T01:01:04.695736+02:00
295882585,de:11000:900100007:1:51,-0.2,2026-10-02T01:01:04.695736+02:00
295882585,de:11000:900007104:2:52,-0.2,2026-10-02T01:01:04.695736+02:00
295882585,de:11000:900008101:1:51,-0.9,2026-10-02T01:01:04.695736+02:00
295882585,de:11000:900007102:2:53,-0.6,2026-10-02T01:01:04.695736+02:00
295882585,de:11000:900110011:2:53,-0.9,2026-10-02T01:01:04.695736+02:00
295882585,de:11000:900085201:1:50,-0.9,2026-10-02T01:01:04.695736+02:00
295882585,de:11000:900084101:1:50,-0.7,2026-10-02T01:01:04.695736+02:00
295882585,de:11000:900096101:1:50,-0.8,2026-10-02T01:01:04.695736+02:00
295882585,de:11000:900094101:1:50,-0.1,2026-10-02T01:01:04.695736+02:00
295882585,de:11000:900093201:1:50,-0.4,2026-10-02T01:01:04.695736+02:00
295882585,de:11000:900092201:1:50,-0.2,2026-10-02T01:01:04.695736+02:00
306896865,de:12067:900311129::4,0.0,2026-10-02T01:01:04.695736+02:00
306896865,de:12067:900311129::4,-12.0,2026-10-02T01:01:04.695736+02:00
306896865,de:12067:900310727::3,0.0,2026-10-02T01:01:04.695736+02:00
306896865,de:12067:900310755::2,0.0,2026-10-02T01:01:04.695736+02:00
306896865,de:12067:900310728::3,0.0,2026-10-02T01:01:04.695736+02:00
306896865,de:12067:900311129::7,0.0,2026-10-02T01:01:04.695736+02:00
306896865,de:12067:900311129::4,12.0,2026-10-02T01:01:04.695736+02:00
306896865,de:12067:900311129::4,0.0,2026-10-02T01:01:04.695736+02:00
306896865,de:12067:900310637::2,0.0,2026-10-02T01:01:04.695736+02:00
306896865,de:12067:900310722::2,-0.5,2026-10-02T01:01:04.695736+02:00
306896865,de:12067:900310841::2,0.0,2026-10-02T01:01:04.695736+02:00
306896865,de:12067:900311002::3,0.0,2026-10-02T01:01:04.695736+02:00
306896865,de:12067:900310908::2,0.0,2026-10-02T01:01:04.695736+02:00
306896865,de:12067:900310975::2,0.0,2026-10-02T01:01:04.695736+02:00
306896865,de:12067:900310974::2,0.0,2026-10-02T01:01:04.695736+02:00
306896865,de:12067:900310914::2,0.0,2026-10-02T01:01:04.695736+02:00
306896865,de:12067:900310703::3,0.0,2026-10-02T01:01:04.695736+02:00
306896865,de:12067:900310915::2,-0.5,2026-10-02T01:01:04.695736+02:00
306896865,de:12067:900310916::2,-0.5,2026-10-02T01:01:04.695736+02:00
306896865,de:12067:900310917::2,0.0,2026-10-02T01:01:04.695736+02:00
306896865,de:12067:900310900::2,0.0,2026-10-02T01:01:04.695736+02:00
306896865,de:12067:900310880::2,0.0,2026-10-02T01:01:04.695736+02:00
306896865,de:12067:900310010::1,0.0,2026-10-02T01:01:04.695736+02:00
306896865,de:12067:900310879::2,0.0,2026-10-02T01:01:04.695736+02:00
306896865,de:12067:900310800::2,0.0,2026-10-02T01:01:04.695736+02:00
306896865,de:12067:900310771::2,0.0,2026-10-02T01:01:04.695736+02:00
306896865,de:12067:900310822::2,0.0,2026-10-02T01:01:04.695736+02:00
306896865,de:12067:900310781::2,0.0,2026-10-02T01:01:04.695736+02:00
306896865,de:12067:900310627::2,-0.5,2026-10-02T01:01:04.695736+02:00
306896865,de:12067:900310816::2,0.0,2026-10-02T01:01:04.695736+02:00
306896865,de:12067:900310022::1,0.0,2026-10-02T01:01:04.695736+02:00
306896865,de:12067:900310001::11,0.0,2026-10-02T01:01:04.695736+02:00
306896896,de:12067:900310001::4,0.0,2026-10-02T01:01:04.695736+02:00
306896896,de:12067:900310816::1,0.0,2026-10-02T01:01:04.695736+02:00
306896896,de:12067:900310627::1,0.0,2026-10-02T01:01:04.695736+02:00
306896896,de:12067:900310781::1,0.0,2026-10-02T01:01:04.695736+02:00
306896896,de:12067:900310822::1,0.0,2026-10-02T01:01:04.695736+02:00
306896896,de:12067:900310771::1,0.0,2026-10-02T01:01:04.695736+02:00
306896896,de:12067:900310800::1,0.0,2026-10-02T01:01:04.695736+02:00
306896896,de:12067:900310879::1,0.0,2026-10-02T01:01:04.695736+02:00
306896896,de:12067:900310010::4,0.0,2026-10-02T01:01:04.695736+02:00
306896896,de:12067:900310880::1,0.0,2026-10-02T01:01:04.695736+02:00
306896896,de:12067:900310900::1,0.0,2026-10-02T01:01:04.695736+02:00
306896896,de:12067:900310917::1,0.0,2026-10-02T01:01:04.695736+02:00
306896896,de:12067:900310916::1,-0.5,2026-10-02T01:01:04.695736+02:00
306896896,de:12067:900310915::1,-0.5,2026-10-02T01:01:04.695736+02:00
306896896,de:12067:900310703::4,0.0,2026-10-02T01:01:04.695736+02:00
306896896,de:12067:900310914::1,0.0,2026-10-02T01:01:04.695736+02:00
306896896,de:12067:900310974::1,0.0,2026-10-02T01:01:04.695736+02:00
306896896,de:12067:900310975::1,0.0,2026-10-02T01:01:04.695736+02:00
306896896,de:12067:900310908::1,0.0,2026-10-02T01:01:04.695736+02:00
306896896,de:12067:900311002::1,0.0,2026-10-02T01:01:04.695736+02:00
306896896,de:12067:900310841::1,0.0,2026-10-02T01:01:04.695736+02:00
306896896,de:12067:900310722::1,-0.5,2026-10-02T01:01:04.695736+02:00
306896896,de:12067:900310637::1,0.0,2026-10-02T01:01:04.695736+02:00
306896896,de:12067:900311129::7,0.0,2026-10-02T01:01:04.695736+02:00
306896896,de:12067:900311129::4,0.0,2026-10-02T01:01:04.695736+02:00
306896896,de:12067:900310727::3,0.0,2026-10-02T01:01:04.695736+02:00
306896896,de:12067:900310755::2,0.0,2026-10-02T01:01:04.695736+02:00
306896896,de:12067:900310728::3,0.0,2026-10-02T01:01:04.695736+02:00
306896896,de:12067:900311129::6,0.0,2026-10-02T01:01:04.695736+02:00
306896765,de:12067:900310013::5,0.0,2026-10-02T01:01:04.695736+02:00
306896765,de:12067:900310557::3,0.0,2026-10-02T01:01:04.695736+02:00
306896765,de:12067:900310555::1,0.0,2026-10-02T01:01:04.695736+02:00
306896765,de:12067:900311114::1,0.0,2026-10-02T01:01:04.695736+02:00
306896765,de:12067:900310002::7,0.0,2026-10-02T01:01:04.695736+02:00
306896765,de:12067:900310864::1,0.0,2026-10-02T01:01:04.695736+02:00
306896765,de:12067:900310861::1,0.0,2026-10-02T01:01:04.695736+02:00
306896765,de:12067:900311157::2,0.0,2026-10-02T01:01:04.695736+02:00
306896765,de:12067:900310860::2,0.0,2026-10-02T01:01:04.695736+02:00
306896765,de:12067:900311125::2,0.0,2026-10-02T01:01:04.695736+02:00
306896765,de:12067:900310936::2,0.0,2026-10-02T01:01:04.695736+02:00
306896765,de:12067:900310788::2,0.0,2026-10-02T01:01:04.695736+02:00
306896765,de:12067:900310696::2,0.0,2026-10-02T01:01:04.695736+02:00
306896765,de:12067:900310001::11,0.0,2026-10-02T01:01:04.695736+02:00
306895375,de:12067:900310040::1,0.0,2026-10-02T01:01:04.695736+02:00
306895375,de:12067:900310109::1,0.0,2026-10-02T01:01:04.695736+02:00
306895375,de:12067:900310631::1,0.0,2026-10-02T01:01:04.695736+02:00
306895375,de:12067:900310106::1,0.0,2026-10-02T01:01:04.695736+02:00
306895375,de:12067:900310115::1,0.0,2026-10-02T01:01:04.695736+02:00
306895375,de:12067:900310119::1,0.0,2026-10-02T01:01:04.695736+02:00
306895375,de:12067:900310114::1,0.0,2026-10-02T01:01:04.695736+02:00
306895375,de:12067:900310103::1,0.0,2026-10-02T01:01:04.695736+02:00
306895375,de:12067:900310996::1,0.0,2026-10-02T01:01:04.695736+02:00
306895375,de:12067:900310998::1,0.0,2026-10-02T01:01:04.695736+02:00
306895375,de:12067:900310997::2,0.0,2026-10-02T01:01:04.695736+02:00
306895375,de:12067:900310966::2,0.0,2026-10-02T01:01:04.695736+02:00
306895375,de:12067:900311118::2,0.0,2026-10-02T01:01:04.695736+02:00
306895375,de:12067:900311059::1,0.0,2026-10-02T01:01:04.695736+02:00
306895375,de:12067:900311110::3,0.0,2026-10-02T01:01:04.695736+02:00
306895375,de:12067:900311055::1,0.0,2026-10-02T01:01:04.695736+02:00
306895375,de:12067:900311054::1,0.0,2026-10-02T01:01:04.695736+02:00
306895375,de:12067:900311110::1,0.0,2026-10-02T01:01:04.695736+02:00
306895375,de:12067:900311058::1,0.0,2026-10-02T01:01:04.695736+02:00
306895375,de:12067:900310611::2,0.0,2026-10-02T01:01:04.695736+02:00
306895903,de:12067:900311145::2,0.0,2026-10-02T01:01:04.695736+02:00
306895903,de:12067:900310817::2,0.0,2026-10-02T01:01:04.695736+02:00
306895903,de:12067:900310837::2,0.0,2026-10-02T01:01:04.695736+02:00
306895903,de:12067:900310875::2,0.0,2026-10-02T01:01:04.695736+02:00
306895903,de:12067:900310796::2,0.0,2026-10-02T01:01:04.695736+02:00
306895903,de:12067:900310777::2,0.0,2026-10-02T01:01:04.695736+02:00
306895903,de:12067:900310808::2,0.0,2026-10-02T01:01:04.695736+02:00
306895903,de:12067:900310822::2,0.0,2026-10-02T01:01:04.695736+02:00
306895903,de:12067:900310781::2,0.0,2026-10-02T01:01:04.695736+02:00
306895903,de:12067:900311155::1,0.0,2026-10-02T01:01:04.695736+02:00
306895903,de:12067:900311149::2,0.0,2026-10-02T01:01:04.695736+02:00
306895903,de:12067:900310001::11,0.0,2026-10-02T01:01:04.695736+02:00
306896127,de:12067:900311043::1,0.0,2026-10-02T01:01:04.695736+02:00
306896127,de:12067:900311042::2,0.0,2026-10-02T01:01:04.695736+02:00
306896127,de:12067:900310953::2,0.0,2026-10-02T01:01:04.695736+02:00
306896127,de:12067:900310954::2,0.0,2026-10-02T01:01:04.695736+02:00
306896127,de:12067:900310956::2,0.0,2026-10-02T01:01:04.695736+02:00
306896127,de:12067:900310951::2,0.0,2026-10-02T01:01:04.695736+02:00
306896127,de:12067:900310955::2,0.0,2026-10-02T01:01:04.695736+02:00
306896127,de:12067:900310568::2,0.0,2026-10-02T01:01:04.695736+02:00
306896127,de:12067:900310556::2,0.0,2026-10-02T01:01:04.695736+02:00
306896127,de:12067:900310558::4,0.0,2026-10-02T01:01:04.695736+02:00
306896127,de:12067:900310559::2,0.0,2026-10-02T01:01:04.695736+02:00
306896127,de:12067:900310563::4,0.0,2026-10-02T01:01:04.695736+02:00
306896127,de:12067:900310013::7,0.0,2026-10-02T01:01:04.695736+02:00
306896159,de:12067:900310838::1,0.0,2026-10-02T01:01:04.695736+02:00
306896159,de:12067:900310836::2,0.0,2026-10-02T01:01:04.695736+02:00
306896159,de:12067:900310015::1,0.0,2026-10-02T01:01:04.695736+02:00
306896159,de:12067:900310025::2,0.0,2026-10-02T01:01:04.695736+02:00
306896159,de:12067:900310952::2,0.0,2026-10-02T01:01:04.695736+02:00
306896159,de:12067:900310949::2,0.0,2026-10-02T01:01:04.695736+02:00
306896159,de:12067:900310955::2,0.0,2026-10-02T01:01:04.695736+02:00
306896159,de:12067:900310568::2,0.0,2026-10-02T01:01:04.695736+02:00
306896159,de:12067:900310556::2,0.0,2026-10-02T01:01:04.695736+02:00
306896159,de:12067:900310558::4,0.0,2026-10-02T01:01:04.695736+02:00
306896159,de:12067:900310559::2,0.0,2026-10-02T01:01:04.695736+02:00
306896159,de:12067:900310563::4,0.0,2026-10-02T01:01:04.695736+02:00
306896159,de:12067:900310013::7,0.0,2026-10-02T01:01:04.695736+02:00
306896152,de:12067:900310015::1,0.0,2026-10-02T01:01:04.695736+02:00
306896152,de:12067:900310025::2,0.0,2026-10-02T01:01:04.695736+02:00
306896152,de:12067:900310952::2,0.0,2026-10-02T01:01:04.695736+02:00
306896152,de:12067:900310949::2,0.0,2026-10-02T01:01:04.695736+02:00
306896152,de:12067:900310955::2,0.0,2026-10-02T01:01:04.695736+02:00
306896152,de:12067:900310568::2,0.0,2026-10-02T01:01:04.695736+02:00
306896152,de:12067:900310556::2,0.0,2026-10-02T01:01:04.695736+02:00
306896152,de:12067:900310558::4,0.0,2026-10-02T01:01:04.695736+02:00
306896152,de:12067:900310559::2,0.0,2026-10-02T01:01:04.695736+02:00
306896152,de:12067:900310563::4,0.0,2026-10-02T01:01:04.695736+02:00
306896152,de:12067:900310013::7,0.0,2026-10-02T01:01:04.695736+02:00
306896303,de:12067:900310888::2,0.0,2026-10-02T01:01:04.695736+02:00
306896303,de:12067:900310881::2,0.0,2026-10-02T01:01:04.695736+02:00
306896303,de:12067:900310885::1,0.0,2026-10-02T01:01:04.695736+02:00
306896303,de:12067:900310883::2,0.0,2026-10-02T01:01:04.695736+02:00
306896303,de:12067:900310920::2,0.0,2026-10-02T01:01:04.695736+02:00
306896303,de:12067:900310882::2,0.0,2026-10-02T01:01:04.695736+02:00
306896303,de:12067:900310889::2,0.0,2026-10-02T01:01:04.695736+02:00
306896303,de:12067:900310890::2,0.0,2026-10-02T01:01:04.695736+02:00
306896303,de:12067:900310847::2,0.0,2026-10-02T01:01:04.695736+02:00
306896303,de:12067:900310846::2,0.0,2026-10-02T01:01:04.695736+02:00
306896303,de:12067:900310854::2,0.0,2026-10-02T01:01:04.695736+02:00
306896303,de:12067:900310857::2,0.0,2026-10-02T01:01:04.695736+02:00
306896303,de:12067:900311970::1,0.0,2026-10-02T01:01:04.695736+02:00
306896303,de:12067:900310853::1,0.0,2026-10-02T01:01:04.695736+02:00
306896303,de:12067:900310845::1,0.0,2026-10-02T01:01:04.695736+02:00
306896303,de:12067:900310555::2,0.0,2026-10-02T01:01:04.695736+02:00
306896303,de:12067:900310557::2,0.0,2026-10-02T01:01:04.695736+02:00
306896303,de:12067:900310013::7,0.0,2026-10-02T01:01:04.695736+02:00
306896529,de:12067:900310708::1,0.0,2026-10-02T01:01:04.695736+02:00
306896529,de:12067:900310710::2,0.0,2026-10-02T01:01:04.695736+02:00
306896529,de:12067:900310709::2,0.0,2026-10-02T01:01:04.695736+02:00
306896529,de:12067:900310869::1,0.0,2026-10-02T01:01:04.695736+02:00
306896529,de:12067:900310870::2,0.0,2026-10-02T01:01:04.695736+02:00
306896529,de:12067:900310872::2,0.0,2026-10-02T01:01:04.695736+02:00
306896529,de:12067:900310871::2,0.0,2026-10-02T01:01:04.695736+02:00
306896529,de:12067:900311046::2,0.0,2026-10-02T01:01:04.695736+02:00
306896529,de:12067:900310633::2,0.0,2026-10-02T01:01:04.695736+02:00
306896529,de:12067:900311108::2,0.0,2026-10-02T01:01:04.695736+02:00
306896529,de:12067:900310746::1,0.0,2026-10-02T01:01:04.695736+02:00
306896529,de:12067:900310960::2,0.0,2026-10-02T01:01:04.695736+02:00
306896529,de:12067:900310961::2,0.0,2026-10-02T01:01:04.695736+02:00
306896529,de:12067:900311083::2,0.0,2026-10-02T01:01:04.695736+02:00
306896529,de:12067:900310814::2,0.0,2026-10-02T01:01:04.695736+02:00
306896529,de:12067:900310804::2,0.0,2026-10-02T01:01:04.695736+02:00
306896529,de:12067:900311150::2,0.0,2026-10-02T01:01:04.695736+02:00
306896529,de:12067:900311135::2,0.0,2026-10-02T01:01:04.695736+02:00
306896529,de:12067:900311149::2,0.0,2026-10-02T01:01:04.695736+02:00
306896529,de:12067:900310001::11,0.0,2026-10-02T01:01:04.695736+02:00
306896554,de:12067:900310708::1,0.0,2026-10-02T01:01:04.695736+02:00
306896554,de:12067:900310710::2,0.0,2026-10-02T01:01:04.695736+02:00
306896554,de:12067:900310709::2,0.0,2026-10-02T01:01:04.695736+02:00
306896554,de:12067:900310869::1,0.0,2026-10-02T01:01:04.695736+02:00
306896554,de:12067:900310870::2,0.0,2026-10-02T01:01:04.695736+02:00
306896554,de:12067:900310872::2,0.0,2026-10-02T01:01:04.695736+02:00
306896554,de:12067:900310871::2,0.0,2026-10-02T01:01:04.695736+02:00
306896554,de:12067:900311046::2,0.0,2026-10-02T01:01:04.695736+02:00
306896554,de:12067:900310632::1,0.0,2026-10-02T01:01:04.695736+02:00
306896554,de:12067:900310753::1,0.0,2026-10-02T01:01:04.695736+02:00
306896554,de:12067:900310752::1,0.0,2026-10-02T01:01:04.695736+02:00
306896554,de:12067:900310752::2,0.0,2026-10-02T01:01:04.695736+02:00
306896554,de:12067:900310753::2,0.0,2026-10-02T01:01:04.695736+02:00
306896554,de:12067:900310632::2,0.0,2026-10-02T01:01:04.695736+02:00
306896554,de:12067:900310633::2,0.0,2026-10-02T01:01:04.695736+02:00
306896554,de:12067:900311108::2,0.0,2026-10-02T01:01:04.695736+02:00
306896554,de:12067:900310746::1,0.0,2026-10-02T01:01:04.695736+02:00
306896554,de:12067:900310960::2,0.0,2026-10-02T01:01:04.695736+02:00
306896554,de:12067:900310961::2,0.0,2026-10-02T01:01:04.695736+02:00
306896554,de:12067:900311083::2,0.0,2026-10-02T01:01:04.695736+02:00
306896554,de:12067:900310814::2,0.0,2026-10-02T01:01:04.695736+02:00
306896554,de:12067:900310804::2,0.0,2026-10-02T01:01:04.695736+02:00
306896554,de:12067:900311150::2,0.0,2026-10-02T01:01:04.695736+02:00
306896554,de:12067:900311135::2,0.0,2026-10-02T01:01:04.695736+02:00
306896554,de:12067:900311149::2,0.0,2026-10-02T01:01:04.695736+02:00
306896554,de:12067:900310001::11,0.0,2026-10-02T01:01:04.695736+02:00
307431386,de:12065:900200000:1:51,0.0,2026-10-02T01:01:04.695736+02:00
307431386,de:12063:900210010:2:51,0.0,2026-10-02T01:01:04.695736+02:00
307431386,de:11000:900029101:3:55,0.0,2026-10-02T01:01:04.695736+02:00
307431386,de:11000:900024101:1:51,0.0,2026-10-02T01:01:04.695736+02:00
307431386,de:11000:900053301:3:54,0.0,2026-10-02T01:01:04.695736+02:00
307431386,de:12054:900230003:3:52,0.0,2026-10-02T01:01:04.695736+02:00
307431386,de:12054:900230999:1:51,0.0,2026-10-02T01:01:04.695736+02:00
307431386,de:12054:900230006:1:50,0.0,2026-10-02T01:01:04.695736+02:00
307431386,de:12054:900230007:1:50,0.0,2026-10-02T01:01:04.695736+02:00
307431386,de:12054:900220010:1:50,0.0,2026-10-02T01:01:04.695736+02:00
307431386,de:12054:900220012:2:51,0.0,2026-10-02T01:01:04.695736+02:00
307431386,de:12063:900210001:2:51,0.0,2026-10-02T01:01:04.695736+02:00
307431395,de:12065:900200000:1:51,0.0,2026-10-02T01:01:04.695736+02:00
307431395,de:12063:900210010:2:51,0.0,2026-10-02T01:01:04.695736+02:00
307431395,de:11000:900029101:3:55,0.0,2026-10-02T01:01:04.695736+02:00
307431395,de:11000:900024101:1:51,0.0,2026-10-02T01:01:04.695736+02:00
307431395,de:11000:900053301:3:54,0.0,2026-10-02T01:01:04.695736+02:00
307431395,de:12054:900230003:3:52,0.0,2026-10-02T01:01:04.695736+02:00
307431395,de:12054:900230999:1:51,0.0,2026-10-02T01:01:04.695736+02:00
307431395,de:12054:900230006:1:50,0.0,2026-10-02T01:01:04.695736+02:00
307431395,de:12054:900230007:1:50,0.0,2026-10-02T01:01:04.695736+02:00
307431395,de:12054:900220010:1:50,0.0,2026-10-02T01:01:04.695736+02:00
307431395,de:12054:900220012:2:51,0.0,2026-10-02T01:01:04.695736+02:00
307431395,de:12063:900210001:2:51,0.0,2026-10-02T01:01:04.695736+02:00
307437559,de:12062:900415345:2:52,0.0,2026-10-02T01:01:04.695736+02:00
307437559,de:12062:900415467:2:51,0.0,2026-10-02T01:01:04.695736+02:00
307437559,de:12062:900415357:1:50,0.0,2026-10-02T01:01:04.695736+02:00
307437559,de:12062:900415466:1:50,0.0,2026-10-02T01:01:04.695736+02:00
307437559,de:12062:900415112:1:50,0.0,2026-10-02T01:01:04.695736+02:00
307437559,de:12062:900415005:1:50,0.0,2026-10-02T01:01:04.695736+02:00
307437559,de:12066:900435527:2:51,0.0,2026-10-02T01:01:04.695736+02:00
307437559,de:12066:900435459:2:52,0.0,2026-10-02T01:01:04.695736+02:00
307437559,de:12071:900445885:2:51,0.0,2026-10-02T01:01:04.695736+02:00
307437559,de:12052:900470000:3:54,0.0,2026-10-02T01:01:04.695736+02:00
307437884,de:12066:900435000:1:50,0.0,2026-10-02T01:01:04.695736+02:00
307437884,de:12066:900435001:1:50,0.0,2026-10-02T01:01:04.695736+02:00
307437884,de:12066:900435800:2:51,0.0,2026-10-02T01:01:04.695736+02:00
307437884,de:12066:900435347:2:51,0.0,2026-10-02T01:01:04.695736+02:00
307437884,de:12071:900445360:1:51,0.0,2026-10-02T01:01:04.695736+02:00
307437884,de:12071:900445986:1:50,0.0,2026-10-02T01:01:04.695736+02:00
307437884,de:12052:900470000:1:50,0.0,2026-10-02T01:01:04.695736+02:00
307437790,de:12071:900445360:1:50,0.0,2026-10-02T01:01:04.695736+02:00
307437790,de:12066:900435347:1:50,0.0,2026-10-02T01:01:04.695736+02:00
307437790,de:12066:900435800:1:50,0.0,2026-10-02T01:01:04.695736+02:00
307437790,de:12066:900435001:2:52,0.0,2026-10-02T01:01:04.695736+02:00
307437790,de:12066:900435000:2:52,0.0,2026-10-02T01:01:04.695736+02:00
307437790,de:12066:900435802:2:51,0.0,2026-10-02T01:01:04.695736+02:00
307437790,de:12066:900435061:2:51,0.0,2026-10-02T01:01:04.695736+02:00
307437790,de:12066:900435203:2:51,0.0,2026-10-02T01:01:04.695736+02:00
307437790,de:12062:900416008:1:50,0.0,2026-10-02T01:01:04.695736+02:00
307437790,de:12062:900415167:1:50,0.0,2026-10-02T01:01:04.695736+02:00
307437790,de:12062:900415240:1:50,0.0,2026-10-02T01:01:04.695736+02:00
307437790,de:12062:900415345:2:52,0.0,2026-10-02T01:01:04.695736+02:00
307430657,de:12065:900200005:1:2,0.0,2026-10-02T01:01:04.695736+02:00
307430657,de:12065:900200008:1:50,0.0,2026-10-02T01:01:04.695736+02:00
307430657,de:12065:900200010:1:50,0.0,2026-10-02T01:01:04.695736+02:00
307430657,de:12065:900200000:1:50,0.0,2026-10-02T01:01:04.695736+02:00
307430657,de:12063:900210001:1:50,0.0,2026-10-02T01:01:04.695736+02:00
307430657,de:12054:900220012:1:50,0.0,2026-10-02T01:01:04.695736+02:00
307430657,de:12054:900220010:2:51,0.0,2026-10-02T01:01:04.695736+02:00
307430657,de:12054:900230007:2:52,0.0,2026-10-02T01:01:04.695736+02:00
307430657,de:12054:900230006:2:51,0.0,2026-10-02T01:01:04.695736+02:00
307430657,de:12054:900230999:2:53,0.0,2026-10-02T01:01:04.695736+02:00
307430657,de:12054:900230003:4:53,0.0,2026-10-02T01:01:04.695736+02:00
307440159,de:12065:900200000:1:51,0.0,2026-10-02T01:01:04.695736+02:00
307440159,de:12065:900200004:1:50,0.0,2026-10-02T01:01:04.695736+02:00
307440159,de:12065:900204003:1:50,0.0,2026-10-02T01:01:04.695736+02:00
307440159,de:12065:900203671:1:50,0.0,2026-10-02T01:01:04.695736+02:00
307440159,de:12065:900204001:1:50,0.0,2026-10-02T01:01:04.695736+02:00
307440159,de:12065:900203452:1:51,0.0,2026-10-02T01:01:04.695736+02:00
307440137,de:12065:900200000:1:51,0.0,2026-10-02T01:01:04.695736+02:00
307440137,de:12065:900200004:1:50,0.0,2026-10-02T01:01:04.695736+02:00
307440137,de:12065:900204003:1:50,0.0,2026-10-02T01:01:04.695736+02:00
307440137,de:12065:900203671:1:50,0.0,2026-10-02T01:01:04.695736+02:00
307440137,de:12065:900204001:1:50,0.0,2026-10-02T01:01:04.695736+02:00
307440137,de:12065:900203452:1:51,0.0,2026-10-02T01:01:04.695736+02:00
307440264,de:12065:900203452:1:51,0.0,2026-10-02T01:01:04.695736+02:00
307440264,de:12065:900204001:1:50,0.0,2026-10-02T01:01:04.695736+02:00
307440264,de:12065:900203671:1:50,0.0,2026-10-02T01:01:04.695736+02:00
307440264,de:12065:900204003:1:50,0.0,2026-10-02T01:01:04.695736+02:00
307440264,de:12065:900200004:1:51,0.0,2026-10-02T01:01:04.695736+02:00
307440264,de:12065:900200000:1:51,0.0,2026-10-02T01:01:04.695736+02:00
307440118,de:12065:900200000:1:51,0.0,2026-10-02T01:01:04.695736+02:00
307440118,de:12065:900200004:1:50,0.0,2026-10-02T01:01:04.695736+02:00
307430434,de:12063:900210005:2:53,0.0,2026-10-02T01:01:04.695736+02:00
307430434,de:12063:900210326:2:51,0.0,2026-10-02T01:01:04.695736+02:00
307430434,de:12063:900210011:2:51,0.0,2026-10-02T01:01:04.695736+02:00
307430434,de:12063:900210010:2:51,0.0,2026-10-02T01:01:04.695736+02:00
307430434,de:12063:900210180:2:51,0.0,2026-10-02T01:01:04.695736+02:00
307430434,de:11000:900037168:2:51,0.0,2026-10-02T01:01:04.695736+02:00
307430434,de:11000:900029101:3:54,0.0,2026-10-02T01:01:04.695736+02:00
307436756,de:12069:900222030:2:51,0.0,2026-10-02T01:01:04.695736+02:00
307436756,de:12069:900220005:2:51,0.0,2026-10-02T01:01:04.695736+02:00
307436756,de:12069:900220004:2:51,0.0,2026-10-02T01:01:04.695736+02:00
307436756,de:12069:900220003:1:51,0.0,2026-10-02T01:01:04.695736+02:00
307436756,de:12069:900220006:2:51,0.0,2026-10-02T01:01:04.695736+02:00
307436756,de:12069:900220008:2:51,0.0,2026-10-02T01:01:04.695736+02:00
307436756,de:12054:900230001:2:51,0.0,2026-10-02T01:01:04.695736+02:00
307436756,de:11000:900053301:3:55,0.0,2026-10-02T01:01:04.695736+02:00
306895823,de:12067:900311115::2,0.0,2026-10-02T01:01:04.695736+02:00
306895823,de:12067:900310773::2,0.0,2026-10-02T01:01:04.695736+02:00
306895823,de:12067:900310797::2,0.0,2026-10-02T01:01:04.695736+02:00
306895823,de:12067:900310789::2,0.0,2026-10-02T01:01:04.695736+02:00
306895823,de:12067:900310781::2,0.0,2026-10-02T01:01:04.695736+02:00
306895823,de:12067:900311155::1,0.0,2026-10-02T01:01:04.695736+02:00
306895823,de:12067:900311149::2,0.0,2026-10-02T01:01:04.695736+02:00
306895823,de:12067:900310001::11,0.0,2026-10-02T01:01:04.695736+02:00
295893073,de:12072:900245027:2:52,0.0,2026-10-02T01:01:04.695736+02:00
295893073,de:12072:900245028:1:50,-0.9,2026-10-02T01:01:04.695736+02:00
295893073,de:11000:900074201:1:50,-0.9,2026-10-02T01:01:04.695736+02:00
295893073,de:11000:900074202:2:51,-0.1,2026-10-02T01:01:04.695736+02:00
295893073,de:11000:900072101:2:51,-0.1,2026-10-02T01:01:04.695736+02:00
295893073,de:11000:900073101:1:51,-0.4,2026-10-02T01:01:04.695736+02:00
295893073,de:11000:900068301:1:51,-0.7,2026-10-02T01:01:04.695736+02:00
295893073,de:11000:900058102:2:51,-0.7,2026-10-02T01:01:04.695736+02:00
295893073,de:11000:900058101:1:51,-0.3,2026-10-02T01:01:04.695736+02:00
295893073,de:11000:900058103:1:51,-0.1,2026-10-02T01:01:04.695736+02:00
295893073,de:11000:900012101:2:53,-0.7,2026-10-02T01:01:04.695736+02:00
295893073,de:11000:900100020:4:57,-0.8,2026-10-02T01:01:04.695736+02:00
295893073,de:11000:900100025:1:51,-0.9,2026-10-02T01:01:04.695736+02:00
295893073,de:11000:900100001:4:57,-0.6,2026-10-02T01:01:04.695736+02:00
295893073,de:11000:900100007:1:51,-0.7,2026-10-02T01:01:04.695736+02:00
295893073,de:11000:900007104:2:52,-0.7,2026-10-02T01:01:04.695736+02:00
295893073,de:11000:900008101:1:51,-0.4,2026-10-02T01:01:04.695736+02:00
295893073,de:11000:900007102:2:53,-0.1,2026-10-02T01:01:04.695736+02:00
295893073,de:11000:900110011:2:52,-0.4,2026-10-02T01:01:04.695736+02:00
295893073,de:11000:900130002:1:50,-0.7,2026-10-02T01:01:04.695736+02:00
295893073,de:11000:900130001:1:50,-0.4,2026-10-02T01:01:04.695736+02:00
295893073,de:11000:900142001:1:50,-0.9,2026-10-02T01:01:04.695736+02:00
295893073,de:11000:900143001:1:51,-0.7,2026-10-02T01:01:04.695736+02:00
295893073,de:11000:900135001:1:50,-0.4,2026-10-02T01:01:04.695736+02:00
295893073,de:12060:900350162:1:50,0.0,2026-10-02T01:01:04.695736+02:00
295893073,de:12060:900350163:1:51,-0.4,2026-10-02T01:01:04.695736+02:00
295893073,de:12060:900350161:1:50,-0.7,2026-10-02T01:01:04.695736+02:00
295893073,de:12060:900350160:1:51,-0.4,2026-10-02T01:01:04.695736+02:00
295892968,de:12060:900350160:1:51,0.0,2026-10-02T01:01:04.695736+02:00
295892968,de:12060:900350161:1:50,-0.3,2026-10-02T01:01:04.695736+02:00
295892968,de:12060:900350163:1:50,-0.1,2026-10-02T01:01:04.695736+02:00
295892968,de:12060:900350162:1:50,-0.8,2026-10-02T01:01:04.695736+02:00
295892968,de:11000:900135001:1:50,-0.3,2026-10-02T01:01:04.695736+02:00
295892968,de:11000:900143001:1:51,-0.8,2026-10-02T01:01:04.695736+02:00
295892968,de:11000:900142001:1:51,-0.3,2026-10-02T01:01:04.695736+02:00
295892968,de:11000:900130001:1:51,-0.8,2026-10-02T01:01:04.695736+02:00
295892968,de:11000:900130002:1:51,-0.3,2026-10-02T01:01:04.695736+02:00
295892968,de:11000:900110011:1:51,-0.7,2026-10-02T01:01:04.695736+02:00
295892968,de:11000:900007102:1:50,-0.7,2026-10-02T01:01:04.695736+02:00
295892968,de:11000:900008101:1:50,-0.5,2026-10-02T01:01:04.695736+02:00
295892968,de:11000:900007104:1:51,-0.2,2026-10-02T01:01:04.695736+02:00
295892968,de:11000:900100007:1:50,-0.2,2026-10-02T01:01:04.695736+02:00
295892968,de:11000:900100001:4:56,0.0,2026-10-02T01:01:04.695736+02:00
295892968,de:11000:900100025:1:50,-0.9,2026-10-02T01:01:04.695736+02:00
295892968,de:11000:900100020:3:54,-0.9,2026-10-02T01:01:04.695736+02:00
295892968,de:11000:900012101:1:51,0.0,2026-10-02T01:01:04.695736+02:00
295892968,de:11000:900058103:1:50,-0.8,2026-10-02T01:01:04.695736+02:00
295892968,de:11000:900058101:1:50,-0.4,2026-10-02T01:01:04.695736+02:00
295892968,de:11000:900058102:1:50,-0.4,2026-10-02T01:01:04.695736+02:00
295892968,de:11000:900068301:1:50,-0.7,2026-10-02T01:01:04.695736+02:00
295892968,de:11000:900073101:1:50,-0.9,2026-10-02T01:01:04.695736+02:00
295892968,de:11000:900072101:1:50,-0.2,2026-10-02T01:01:04.695736+02:00
295892968,de:11000:900074202:1:50,-0.2,2026-10-02T01:01:04.695736+02:00
295892968,de:11000:900074201:1:50,-0.4,2026-10-02T01:01:04.695736+02:00
295892968,de:12072:900245028:1:51,-0.9,2026-10-02T01:01:04.695736+02:00
295892968,de:12072:900245027:2:52,-0.9,2026-10-02T01:01:04.695736+02:00
295892952,de:12060:900350160:1:51,0.0,2026-10-02T01:01:04.695736+02:00
295892952,de:12060:900350161:1:50,-0.3,2026-10-02T01:01:04.695736+02:00
295892952,de:12060:900350163:1:50,-0.1,2026-10-02T01:01:04.695736+02:00
295892952,de:12060:900350162:1:50,-0.8,2026-10-02T01:01:04.695736+02:00
295892952,de:11000:900135001:1:50,-0.3,2026-10-02T01:01:04.695736+02:00
295892952,de:11000:900143001:1:51,-0.8,2026-10-02T01:01:04.695736+02:00
295892952,de:11000:900142001:1:51,-0.3,2026-10-02T01:01:04.695736+02:00
295892952,de:11000:900130001:1:51,-0.8,2026-10-02T01:01:04.695736+02:00
295892952,de:11000:900130002:1:51,-0.3,2026-10-02T01:01:04.695736+02:00
295892952,de:11000:900110011:1:51,-0.7,2026-10-02T01:01:04.695736+02:00
295892952,de:11000:900007102:1:50,-0.7,2026-10-02T01:01:04.695736+02:00
295892952,de:11000:900008101:1:50,-0.5,2026-10-02T01:01:04.695736+02:00
295892952,de:11000:900007104:1:51,-0.2,2026-10-02T01:01:04.695736+02:00
295892952,de:11000:900100007:1:50,-0.2,2026-10-02T01:01:04.695736+02:00
295892952,de:11000:900100001:4:56,0.0,2026-10-02T01:01:04.695736+02:00
295892952,de:11000:900100025:1:50,-0.9,2026-10-02T01:01:04.695736+02:00
295892952,de:11000:900100020:3:54,-0.9,2026-10-02T01:01:04.695736+02:00
295892952,de:11000:900012101:1:51,0.0,2026-10-02T01:01:04.695736+02:00
295892952,de:11000:900058103:1:50,-0.8,2026-10-02T01:01:04.695736+02:00
295892952,de:11000:900058101:1:50,-0.4,2026-10-02T01:01:04.695736+02:00
295892952,de:11000:900058102:1:50,-0.4,2026-10-02T01:01:04.695736+02:00
295892952,de:11000:900068301:1:50,-0.7,2026-10-02T01:01:04.695736+02:00
295892952,de:11000:900073101:1:50,-0.9,2026-10-02T01:01:04.695736+02:00
295892952,de:11000:900072101:1:50,-0.2,2026-10-02T01:01:04.695736+02:00
295892952,de:11000:900074202:1:50,-0.2,2026-10-02T01:01:04.695736+02:00
295892952,de:11000:900074201:1:50,-0.4,2026-10-02T01:01:04.695736+02:00
295892952,de:12072:900245028:1:50,-0.9,2026-10-02T01:01:04.695736+02:00
295892952,de:12072:900245027:2:52,-0.9,2026-10-02T01:01:04.695736+02:00
307430037,de:11000:900003200:1:50,0.0,2026-10-02T01:01:04.695736+02:00
307430037,de:11000:900100020:1:50,0.0,2026-10-02T01:01:04.695736+02:00
307430037,de:11000:900058101:2:52,0.0,2026-10-02T01:01:04.695736+02:00
307430037,de:12061:900260009:2:54,0.0,2026-10-02T01:01:04.695736+02:00
307430072,de:12061:900260009:2:54,0.0,2026-10-02T01:01:04.695736+02:00
307430072,de:11000:900058101:4:57,0.0,2026-10-02T01:01:04.695736+02:00
307430072,de:11000:900100020:2:53,0.0,2026-10-02T01:01:04.695736+02:00
307430072,de:11000:900003200:3:55,0.0,2026-10-02T01:01:04.695736+02:00
307430070,de:12061:900260009:2:54,0.0,2026-10-02T01:01:04.695736+02:00
307430070,de:11000:900058101:4:57,0.0,2026-10-02T01:01:04.695736+02:00
307430070,de:11000:900100020:2:53,0.0,2026-10-02T01:01:04.695736+02:00
307430070,de:11000:900003200:4:57,0.0,2026-10-02T01:01:04.695736+02:00
307430157,de:11000:900003200:1:50,0.0,2026-10-02T01:01:04.695736+02:00
307430157,de:11000:900100020:1:50,0.0,2026-10-02T01:01:04.695736+02:00
307430157,de:11000:900058101:2:52,0.0,2026-10-02T01:01:04.695736+02:00
307430157,de:12061:900260009:2:54,0.0,2026-10-02T01:01:04.695736+02:00
306896198,de:12067:900311039::1,0.0,2026-10-02T01:01:04.695736+02:00
306896198,de:12067:900311034::2,0.0,2026-10-02T01:01:04.695736+02:00
306896198,de:12067:900311052::2,0.0,2026-10-02T01:01:04.695736+02:00
306896198,de:12067:900311036::1,0.0,2026-10-02T01:01:04.695736+02:00
306896198,de:12067:900310867::1,0.0,2026-10-02T01:01:04.695736+02:00
306896198,de:12067:900310868::2,0.0,2026-10-02T01:01:04.695736+02:00
306896198,de:12067:900310964::2,0.0,2026-10-02T01:01:04.695736+02:00
306896198,de:12067:900311021::1,0.0,2026-10-02T01:01:04.695736+02:00
306896198,de:12067:900311022::2,0.0,2026-10-02T01:01:04.695736+02:00
306896198,de:12067:900310635::2,0.0,2026-10-02T01:01:04.695736+02:00
306896198,de:12067:900310636::2,0.0,2026-10-02T01:01:04.695736+02:00
306896198,de:12067:900311025::2,0.0,2026-10-02T01:01:04.695736+02:00
306896198,de:12067:900311024::2,0.0,2026-10-02T01:01:04.695736+02:00
306896198,de:12067:900311023::1,-0.5,2026-10-02T01:01:04.695736+02:00
306896198,de:12067:900311114::1,0.0,2026-10-02T01:01:04.695736+02:00
306896198,de:12067:900310031::1,0.0,2026-10-02T01:01:04.695736+02:00
306896198,de:12067:900310555::2,0.0,2026-10-02T01:01:04.695736+02:00
306896198,de:12067:900310557::2,0.0,2026-10-02T01:01:04.695736+02:00
306896198,de:12067:900310013::7,0.0,2026-10-02T01:01:04.695736+02:00
306896238,de:12067:900310864::1,0.0,2026-10-02T01:01:04.695736+02:00
306896238,de:12067:900310861::1,0.0,2026-10-02T01:01:04.695736+02:00
306896238,de:12067:900310002::1,0.0,2026-10-02T01:01:04.695736+02:00
306896238,de:12067:900310865::1,0.0,2026-10-02T01:01:04.695736+02:00
306896238,de:12067:900310862::1,0.0,2026-10-02T01:01:04.695736+02:00
306896238,de:12067:900310863::1,0.0,2026-10-02T01:01:04.695736+02:00
306896238,de:12067:900311027::1,0.0,2026-10-02T01:01:04.695736+02:00
306896238,de:12067:900311026::1,0.0,2026-10-02T01:01:04.695736+02:00
306896238,de:12067:900310965::1,0.0,2026-10-02T01:01:04.695736+02:00
306896238,de:12067:900311029::2,0.0,2026-10-02T01:01:04.695736+02:00
306896238,de:12067:900311028::1,0.0,2026-10-02T01:01:04.695736+02:00
306896238,de:12067:900311021::1,0.0,2026-10-02T01:01:04.695736+02:00
306896238,de:12067:900310964::1,0.0,2026-10-02T01:01:04.695736+02:00
306896238,de:12067:900311035::1,0.0,2026-10-02T01:01:04.695736+02:00
306896238,de:12067:900311034::1,0.0,2026-10-02T01:01:04.695736+02:00
306896238,de:12067:900311039::1,0.0,2026-10-02T01:01:04.695736+02:00
306896735,de:12067:900310001::4,0.0,2026-10-02T01:01:04.695736+02:00
306896735,de:12067:900310816::1,0.0,2026-10-02T01:01:04.695736+02:00
306896735,de:12067:900310627::1,0.0,2026-10-02T01:01:04.695736+02:00
306896735,de:12067:900310781::1,0.0,2026-10-02T01:01:04.695736+02:00
306896735,de:12067:900310822::1,0.0,2026-10-02T01:01:04.695736+02:00
306896735,de:12067:900310808::1,0.0,2026-10-02T01:01:04.695736+02:00
306896735,de:12067:900310777::1,0.0,2026-10-02T01:01:04.695736+02:00
306896735,de:12067:900310796::1,0.0,2026-10-02T01:01:04.695736+02:00
306896735,de:12067:900310875::1,0.0,2026-10-02T01:01:04.695736+02:00
306896735,de:12067:900310837::1,0.0,2026-10-02T01:01:04.695736+02:00
306896735,de:12067:900310817::1,0.0,2026-10-02T01:01:04.695736+02:00
306896735,de:12067:900310819::1,-0.5,2026-10-02T01:01:04.695736+02:00
306896735,de:12067:900310785::1,-0.5,2026-10-02T01:01:04.695736+02:00
306896735,de:12067:900310743::1,-0.5,2026-10-02T01:01:04.695736+02:00
306896735,de:12067:900310741::1,-0.5,2026-10-02T01:01:04.695736+02:00
306896735,de:12067:900310742::1,0.0,2026-10-02T01:01:04.695736+02:00
306896735,de:12067:900310929::1,-0.5,2026-10-02T01:01:04.695736+02:00
306896735,de:12067:900310930::1,0.0,2026-10-02T01:01:04.695736+02:00
306896735,de:12067:900310928::1,-0.5,2026-10-02T01:01:04.695736+02:00
306896735,de:12067:900311037::1,-0.5,2026-10-02T01:01:04.695736+02:00
306896735,de:12067:900311032::1,-0.5,2026-10-02T01:01:04.695736+02:00
306896735,de:12067:900311041::1,-0.5,2026-10-02T01:01:04.695736+02:00
306896735,de:12067:900311038::1,-0.5,2026-10-02T01:01:04.695736+02:00
306896735,de:12067:900311040::1,-0.5,2026-10-02T01:01:04.695736+02:00
306896735,de:12067:900311031::1,-0.5,2026-10-02T01:01:04.695736+02:00
306896735,de:12067:900311039::1,-0.5,2026-10-02T01:01:04.695736+02:00
295900399,de:11000:900064301:3:52,0.0,2026-10-02T01:01:04.695736+02:00
295900399,de:11000:900067221:1:50,-0.3,2026-10-02T01:01:04.695736+02:00
295900399,de:11000:900063452:1:51,-0.4,2026-10-02T01:01:04.695736+02:00
295900399,de:11000:900058102:2:53,-0.5,2026-10-02T01:01:04.695736+02:00
295900399,de:11000:900058101:1:51,-0.3,2026-10-02T01:01:04.695736+02:00
295900399,de:11000:900058103:1:51,0.0,2026-10-02T01:01:04.695736+02:00
295900399,de:11000:900012101:2:53,-0.7,2026-10-02T01:01:04.695736+02:00
295900399,de:11000:900100020:4:57,-0.8,2026-10-02T01:01:04.695736+02:00
295900399,de:11000:900100025:1:51,-0.9,2026-10-02T01:01:04.695736+02:00
295900399,de:11000:900100001:4:57,-0.6,2026-10-02T01:01:04.695736+02:00
295900399,de:11000:900100007:1:51,-0.7,2026-10-02T01:01:04.695736+02:00
295900399,de:11000:900007104:2:52,-0.7,2026-10-02T01:01:04.695736+02:00
295900399,de:11000:900008101:1:51,-0.4,2026-10-02T01:01:04.695736+02:00
295900399,de:11000:900007102:2:53,-0.2,2026-10-02T01:01:04.695736+02:00
295900399,de:11000:900110011:2:53,-0.4,2026-10-02T01:01:04.695736+02:00
295900399,de:11000:900085201:1:50,-0.8,2026-10-02T01:01:04.695736+02:00
295900399,de:11000:900085105:1:50,-0.8,2026-10-02T01:01:04.695736+02:00
295900399,de:11000:900096458:1:50,-0.1,2026-10-02T01:01:04.695736+02:00
295900399,de:11000:900096405:1:50,-0.8,2026-10-02T01:01:04.695736+02:00
295900399,de:11000:900089303:1:50,-0.7,2026-10-02T01:01:04.695736+02:00
295900399,de:11000:900091205:1:50,-0.3,2026-10-02T01:01:04.695736+02:00
295900399,de:11000:900091203:1:50,-0.5,2026-10-02T01:01:04.695736+02:00
295900399,de:12065:900200000:1:55,-0.7,2026-10-02T01:01:04.695736+02:00
295896079,de:11000:900135001:1:50,0.0,2026-10-02T01:01:04.695736+02:00
295896079,de:11000:900143001:1:51,-0.8,2026-10-02T01:01:04.695736+02:00
295896079,de:11000:900142001:1:51,-0.3,2026-10-02T01:01:04.695736+02:00
295896079,de:11000:900130001:1:51,-0.8,2026-10-02T01:01:04.695736+02:00
295896079,de:11000:900130002:1:51,-0.3,2026-10-02T01:01:04.695736+02:00
295896079,de:11000:900110011:1:51,-0.7,2026-10-02T01:01:04.695736+02:00
295896079,de:11000:900007102:1:50,-0.7,2026-10-02T01:01:04.695736+02:00
295896079,de:11000:900008101:1:50,-0.5,2026-10-02T01:01:04.695736+02:00
295896079,de:11000:900007104:1:51,-0.2,2026-10-02T01:01:04.695736+02:00
295896079,de:11000:900100007:1:50,-0.2,2026-10-02T01:01:04.695736+02:00
295896079,de:11000:900100001:4:56,0.0,2026-10-02T01:01:04.695736+02:00
295896079,de:11000:900100025:1:50,-0.9,2026-10-02T01:01:04.695736+02:00
295896079,de:11000:900100020:3:54,-0.9,2026-10-02T01:01:04.695736+02:00
295896079,de:11000:900012101:1:51,0.0,2026-10-02T01:01:04.695736+02:00
295896079,de:11000:900058103:1:50,-0.8,2026-10-02T01:01:04.695736+02:00
295896079,de:11000:900058101:1:50,-0.4,2026-10-02T01:01:04.695736+02:00
295896079,de:11000:900058102:1:50,-0.4,2026-10-02T01:01:04.695736+02:00
295896079,de:11000:900068301:1:50,-0.7,2026-10-02T01:01:04.695736+02:00
295896079,de:11000:900073101:1:50,-0.9,2026-10-02T01:01:04.695736+02:00
295896079,de:11000:900072101:1:50,-0.2,2026-10-02T01:01:04.695736+02:00
295896079,de:11000:900074202:1:50,-0.2,2026-10-02T01:01:04.695736+02:00
295896079,de:11000:900074201:1:50,-0.4,2026-10-02T01:01:04.695736+02:00
295896071,de:11000:900135001:1:50,0.0,2026-10-02T01:01:04.695736+02:00
295896071,de:11000:900143001:1:51,-0.8,2026-10-02T01:01:04.695736+02:00
295896071,de:11000:900142001:1:51,-0.3,2026-10-02T01:01:04.695736+02:00
295896071,de:11000:900130001:1:51,-0.8,2026-10-02T01:01:04.695736+02:00
295896071,de:11000:900130002:1:51,-0.3,2026-10-02T01:01:04.695736+02:00
295896071,de:11000:900110011:1:51,-0.7,2026-10-02T01:01:04.695736+02:00
295896071,de:11000:900007102:1:50,-0.7,2026-10-02T01:01:04.695736+02:00
295896071,de:11000:900008101:1:50,-0.5,2026-10-02T01:01:04.695736+02:00
295896071,de:11000:900007104:1:51,-0.2,2026-10-02T01:01:04.695736+02:00
295896071,de:11000:900100007:1:50,-0.2,2026-10-02T01:01:04.695736+02:00
295896071,de:11000:900100001:4:56,0.0,2026-10-02T01:01:04.695736+02:00
295896071,de:11000:900100025:1:50,-0.9,2026-10-02T01:01:04.695736+02:00
295896071,de:11000:900100020:3:54,-0.9,2026-10-02T01:01:04.695736+02:00
295896071,de:11000:900012101:1:51,0.0,2026-10-02T01:01:04.695736+02:00
295896071,de:11000:900058103:1:50,-0.8,2026-10-02T01:01:04.695736+02:00
295896071,de:11000:900058101:1:50,-0.4,2026-10-02T01:01:04.695736+02:00
295896071,de:11000:900058102:1:50,-0.4,2026-10-02T01:01:04.695736+02:00
295896071,de:11000:900068301:1:50,-0.7,2026-10-02T01:01:04.695736+02:00
295896071,de:11000:900073101:1:50,-0.9,2026-10-02T01:01:04.695736+02:00
295896071,de:11000:900072101:1:50,-0.2,2026-10-02T01:01:04.695736+02:00
295896071,de:11000:900074202:1:50,-0.2,2026-10-02T01:01:04.695736+02:00
295896071,de:11000:900074201:1:50,-0.4,2026-10-02T01:01:04.695736+02:00
295896069,de:11000:900135001:1:50,0.0,2026-10-02T01:01:04.695736+02:00
295896069,de:11000:900143001:1:51,-0.8,2026-10-02T01:01:04.695736+02:00
295896069,de:11000:900142001:1:51,-0.3,2026-10-02T01:01:04.695736+02:00
295896069,de:11000:900130001:1:51,-0.8,2026-10-02T01:01:04.695736+02:00
295896069,de:11000:900130002:1:51,-0.3,2026-10-02T01:01:04.695736+02:00
295896069,de:11000:900110011:1:51,-0.7,2026-10-02T01:01:04.695736+02:00
295896069,de:11000:900007102:1:50,-0.7,2026-10-02T01:01:04.695736+02:00
295896069,de:11000:900008101:1:50,-0.5,2026-10-02T01:01:04.695736+02:00
295896069,de:11000:900007104:1:51,-0.2,2026-10-02T01:01:04.695736+02:00
295896069,de:11000:900100007:1:50,-0.2,2026-10-02T01:01:04.695736+02:00
295896069,de:11000:900100001:4:56,0.0,2026-10-02T01:01:04.695736+02:00
295896069,de:11000:900100025:1:50,-0.9,2026-10-02T01:01:04.695736+02:00
295896069,de:11000:900100020:3:54,-0.9,2026-10-02T01:01:04.695736+02:00
295896069,de:11000:900012101:1:51,0.0,2026-10-02T01:01:04.695736+02:00
295896069,de:11000:900058103:1:50,-0.8,2026-10-02T01:01:04.695736+02:00
295896069,de:11000:900058101:1:50,-0.4,2026-10-02T01:01:04.695736+02:00
295896069,de:11000:900058102:1:50,-0.4,2026-10-02T01:01:04.695736+02:00
295896069,de:11000:900068301:1:50,-0.7,2026-10-02T01:01:04.695736+02:00
295896069,de:11000:900073101:1:50,-0.9,2026-10-02T01:01:04.695736+02:00
295896069,de:11000:900072101:1:50,-0.2,2026-10-02T01:01:04.695736+02:00
295896069,de:11000:900074202:1:50,-0.2,2026-10-02T01:01:04.695736+02:00
295896069,de:11000:900074201:1:50,-0.4,2026-10-02T01:01:04.695736+02:00
295896153,de:11000:900074201:1:50,0.0,2026-10-02T01:01:04.695736+02:00
295896153,de:11000:900074202:2:51,-0.1,2026-10-02T01:01:04.695736+02:00
295896153,de:11000:900072101:2:51,-0.1,2026-10-02T01:01:04.695736+02:00
295896153,de:11000:900073101:1:51,-0.4,2026-10-02T01:01:04.695736+02:00
295896153,de:11000:900068301:1:51,-0.7,2026-10-02T01:01:04.695736+02:00
295896153,de:11000:900058102:2:51,-0.7,2026-10-02T01:01:04.695736+02:00
295896153,de:11000:900058101:1:51,-0.3,2026-10-02T01:01:04.695736+02:00
295896153,de:11000:900058103:1:51,-0.1,2026-10-02T01:01:04.695736+02:00
295896153,de:11000:900012101:2:53,-0.7,2026-10-02T01:01:04.695736+02:00
295896153,de:11000:900100020:4:57,-0.8,2026-10-02T01:01:04.695736+02:00
295896153,de:11000:900100025:1:51,-0.9,2026-10-02T01:01:04.695736+02:00
295896153,de:11000:900100001:4:57,-0.6,2026-10-02T01:01:04.695736+02:00
295896153,de:11000:900100007:1:51,-0.7,2026-10-02T01:01:04.695736+02:00
295896153,de:11000:900007104:2:52,-0.7,2026-10-02T01:01:04.695736+02:00
295896153,de:11000:900008101:1:51,-0.4,2026-10-02T01:01:04.695736+02:00
295896153,de:11000:900007102:2:53,-0.1,2026-10-02T01:01:04.695736+02:00
295896153,de:11000:900110011:2:52,-0.4,2026-10-02T01:01:04.695736+02:00
295896153,de:11000:900130002:1:50,-0.7,2026-10-02T01:01:04.695736+02:00
295896153,de:11000:900130001:1:50,-0.4,2026-10-02T01:01:04.695736+02:00
295896153,de:11000:900142001:1:50,-0.9,2026-10-02T01:01:04.695736+02:00
295896153,de:11000:900143001:1:51,-0.7,2026-10-02T01:01:04.695736+02:00
295896153,de:11000:900135001:1:50,-0.4,2026-10-02T01:01:04.695736+02:00
295903135,de:12069:900220114:1:50,0.0,2026-10-02T01:01:04.695736+02:00
295903135,de:11000:900064201:1:51,-0.1,2026-10-02T01:01:04.695736+02:00
295903135,de:11000:900064256:1:51,0.0,2026-10-02T01:01:04.695736+02:00
295903135,de:11000:900064301:3:53,-0.3,2026-10-02T01:01:04.695736+02:00
295903135,de:11000:900067221:1:50,-0.3,2026-10-02T01:01:04.695736+02:00
295903135,de:11000:900063452:1:51,-0.4,2026-10-02T01:01:04.695736+02:00
295903135,de:11000:900058102:2:53,-0.5,2026-10-02T01:01:04.695736+02:00
295903135,de:11000:900058101:1:51,-0.3,2026-10-02T01:01:04.695736+02:00
295903135,de:11000:900058103:1:51,0.0,2026-10-02T01:01:04.695736+02:00
295903135,de:11000:900012101:2:53,-0.7,2026-10-02T01:01:04.695736+02:00
295903135,de:11000:900100020:4:57,-0.8,2026-10-02T01:01:04.695736+02:00
295903135,de:11000:900100025:1:51,-0.9,2026-10-02T01:01:04.695736+02:00
295903135,de:11000:900100001:4:57,-0.6,2026-10-02T01:01:04.695736+02:00
295903135,de:11000:900100007:1:51,-0.7,2026-10-02T01:01:04.695736+02:00
295903135,de:11000:900007104:2:52,-0.7,2026-10-02T01:01:04.695736+02:00
295903135,de:11000:900008101:1:51,-0.4,2026-10-02T01:01:04.695736+02:00
295903135,de:11000:900007102:2:53,-0.2,2026-10-02T01:01:04.695736+02:00
295903135,de:11000:900110011:2:52,-0.4,2026-10-02T01:01:04.695736+02:00
295903135,de:11000:900130002:1:50,0.0,2026-10-02T01:01:04.695736+02:00
295903135,de:11000:900130001:1:50,-0.7,2026-10-02T01:01:04.695736+02:00
295903135,de:11000:900142001:1:50,-0.2,2026-10-02T01:01:04.695736+02:00
295902993,de:11000:900142001:1:51,0.0,2026-10-02T01:01:04.695736+02:00
295902993,de:11000:900130001:1:51,-0.2,2026-10-02T01:01:04.695736+02:00
295902993,de:11000:900130002:1:51,-0.7,2026-10-02T01:01:04.695736+02:00
295902993,de:11000:900110011:1:51,-0.2,2026-10-02T01:01:04.695736+02:00
295902993,de:11000:900007102:1:50,-0.7,2026-10-02T01:01:04.695736+02:00
295902993,de:11000:900008101:1:50,-0.4,2026-10-02T01:01:04.695736+02:00
295902993,de:11000:900007104:1:51,-0.2,2026-10-02T01:01:04.695736+02:00
295902993,de:11000:900100007:1:50,-0.2,2026-10-02T01:01:04.695736+02:00
295902993,de:11000:900100001:4:56,0.0,2026-10-02T01:01:04.695736+02:00
295902993,de:11000:900100025:1:50,-0.9,2026-10-02T01:01:04.695736+02:00
295902993,de:11000:900100020:3:54,-0.9,2026-10-02T01:01:04.695736+02:00
295902993,de:11000:900012101:1:51,0.0,2026-10-02T01:01:04.695736+02:00
295902993,de:11000:900058103:1:50,-0.7,2026-10-02T01:01:04.695736+02:00
295902993,de:11000:900058101:1:50,-0.3,2026-10-02T01:01:04.695736+02:00
295902993,de:11000:900058102:1:52,0.0,2026-10-02T01:01:04.695736+02:00
295902993,de:11000:900063452:1:50,-0.1,2026-10-02T01:01:04.695736+02:00
295902993,de:11000:900067221:1:50,-0.2,2026-10-02T01:01:04.695736+02:00
295902993,de:11000:900064301:3:52,-0.2,2026-10-02T01:01:04.695736+02:00
295902993,de:11000:900064256:1:50,-0.7,2026-10-02T01:01:04.695736+02:00
295902993,de:11000:900064201:1:50,-0.6,2026-10-02T01:01:04.695736+02:00
295902993,de:12069:900220114:1:50,-0.9,2026-10-02T01:01:04.695736+02:00
295902988,de:11000:900130002:1:51,0.0,2026-10-02T01:01:04.695736+02:00
295902988,de:11000:900110011:1:51,-0.7,2026-10-02T01:01:04.695736+02:00
295902988,de:11000:900007102:1:50,-0.7,2026-10-02T01:01:04.695736+02:00
295902988,de:11000:900008101:1:50,-0.4,2026-10-02T01:01:04.695736+02:00
295902988,de:11000:900007104:1:51,-0.2,2026-10-02T01:01:04.695736+02:00
295902988,de:11000:900100007:1:50,-0.2,2026-10-02T01:01:04.695736+02:00
295902988,de:11000:900100001:4:56,0.0,2026-10-02T01:01:04.695736+02:00
295902988,de:11000:900100025:1:50,-0.9,2026-10-02T01:01:04.695736+02:00
295902988,de:11000:900100020:3:54,-0.9,2026-10-02T01:01:04.695736+02:00
295902988,de:11000:900012101:1:51,0.0,2026-10-02T01:01:04.695736+02:00
295902988,de:11000:900058103:1:50,-0.7,2026-10-02T01:01:04.695736+02:00
295902988,de:11000:900058101:1:50,-0.3,2026-10-02T01:01:04.695736+02:00
295902988,de:11000:900058102:1:52,0.0,2026-10-02T01:01:04.695736+02:00
295902988,de:11000:900063452:1:50,-0.1,2026-10-02T01:01:04.695736+02:00
295902988,de:11000:900067221:1:50,-0.2,2026-10-02T01:01:04.695736+02:00
295902988,de:11000:900064301:3:52,-0.2,2026-10-02T01:01:04.695736+02:00
295902988,de:11000:900064256:1:50,-0.7,2026-10-02T01:01:04.695736+02:00
295902988,de:11000:900064201:1:50,-0.6,2026-10-02T01:01:04.695736+02:00
295902988,de:12069:900220114:1:50,-0.9,2026-10-02T01:01:04.695736+02:00
295906981,de:11000:900048101:1:51,0.0,2026-10-02T01:01:04.695736+02:00
295906981,de:11000:900024102:2:52,-0.7,2026-10-02T01:01:04.695736+02:00
295906981,de:11000:900024101:3:55,-0.3,2026-10-02T01:01:04.695736+02:00
295906981,de:11000:900024203:1:51,-0.8,2026-10-02T01:01:04.695736+02:00
295906981,de:11000:900023201:3:54,-0.7,2026-10-02T01:01:04.695736+02:00
295906981,de:11000:900003103:1:50,-0.8,2026-10-02T01:01:04.695736+02:00
295906981,de:11000:900003102:1:50,-0.9,2026-10-02T01:01:04.695736+02:00
295906981,de:11000:900003201:3:54,-0.5,2026-10-02T01:01:04.695736+02:00
295906981,de:11000:900100001:3:54,-0.1,2026-10-02T01:01:04.695736+02:00
295906981,de:11000:900100002:1:50,-0.4,2026-10-02T01:01:04.695736+02:00
295906981,de:11000:900100003:2:52,-0.1,2026-10-02T01:01:04.695736+02:00
295906981,de:11000:900100004:1:50,-0.4,2026-10-02T01:01:04.695736+02:00
295906981,de:11000:900120005:4:55,-0.6,2026-10-02T01:01:04.695736+02:00
295906981,de:11000:900120004:1:50,-0.1,2026-10-02T01:01:04.695736+02:00
295906981,de:11000:900120003:2:53,-0.4,2026-10-02T01:01:04.695736+02:00
295906981,de:11000:900160001:1:51,-0.4,2026-10-02T01:01:04.695736+02:00
295906981,de:11000:900160002:1:50,-0.7,2026-10-02T01:01:04.695736+02:00
295906981,de:11000:900162001:1:51,-0.3,2026-10-02T01:01:04.695736+02:00
295906981,de:11000:900180002:1:51,-0.3,2026-10-02T01:01:04.695736+02:00
295906981,de:11000:900180001:1:50,-0.7,2026-10-02T01:01:04.695736+02:00
295906981,de:11000:900182001:1:51,-0.2,2026-10-02T01:01:04.695736+02:00
295906981,de:11000:900182002:1:51,-0.4,2026-10-02T01:01:04.695736+02:00
295906981,de:11000:900183001:1:51,0.0,2026-10-02T01:01:04.695736+02:00
295906981,de:11000:900183002:1:51,-0.3,2026-10-02T01:01:04.695736+02:00
295906981,de:12067:900310004:3:52,-0.5,2026-10-02T01:01:04.695736+02:00
295907164,de:12067:900310004:3:53,0.0,2026-10-02T01:01:04.695736+02:00
295907164,de:11000:900183002:1:50,-0.1,2026-10-02T01:01:04.695736+02:00
295907164,de:11000:900183001:1:50,-0.4,2026-10-02T01:01:04.695736+02:00
295907164,de:11000:900182002:1:50,0.0,2026-10-02T01:01:04.695736+02:00
295907164,de:11000:900182001:1:50,-0.2,2026-10-02T01:01:04.695736+02:00
295907164,de:11000:900180001:1:50,-0.7,2026-10-02T01:01:04.695736+02:00
295907164,de:11000:900180002:1:50,-0.7,2026-10-02T01:01:04.695736+02:00
295907164,de:11000:900162001:1:50,-0.9,2026-10-02T01:01:04.695736+02:00
295907164,de:11000:900160002:1:50,0.0,2026-10-02T01:01:04.695736+02:00
295907164,de:11000:900160001:1:50,-0.3,2026-10-02T01:01:04.695736+02:00
295907164,de:11000:900120003:3:55,-0.1,2026-10-02T01:01:04.695736+02:00
295907164,de:11000:900120004:2:53,-0.6,2026-10-02T01:01:04.695736+02:00
295907164,de:11000:900120005:5:58,-0.9,2026-10-02T01:01:04.695736+02:00
295907164,de:11000:900100004:1:51,-0.4,2026-10-02T01:01:04.695736+02:00
295907164,de:11000:900100003:2:53,-0.4,2026-10-02T01:01:04.695736+02:00
295907164,de:11000:900100002:1:51,-0.4,2026-10-02T01:01:04.695736+02:00
295907164,de:11000:900100001:3:55,-0.4,2026-10-02T01:01:04.695736+02:00
295907164,de:11000:900003201:3:55,-0.1,2026-10-02T01:01:04.695736+02:00
295907164,de:11000:900003102:1:51,-0.8,2026-10-02T01:01:04.695736+02:00
295907164,de:11000:900003103:1:51,-0.9,2026-10-02T01:01:04.695736+02:00
295907164,de:11000:900023201:3:55,-0.8,2026-10-02T01:01:04.695736+02:00
295907164,de:11000:900024203:1:51,-0.8,2026-10-02T01:01:04.695736+02:00
295907164,de:11000:900024101:4:57,-0.8,2026-10-02T01:01:04.695736+02:00
295907164,de:11000:900024102:1:50,-0.1,2026-10-02T01:01:04.695736+02:00
295907164,de:11000:900025423:1:50,-0.4,2026-10-02T01:01:04.695736+02:00
295907164,de:11000:900026105:1:50,-0.7,2026-10-02T01:01:04.695736+02:00
295907164,de:11000:900025321:1:50,-0.3,2026-10-02T01:01:04.695736+02:00
295907164,de:11000:900025424:1:50,-0.3,2026-10-02T01:01:04.695736+02:00
295907164,de:11000:900030202:1:50,-0.9,2026-10-02T01:01:04.695736+02:00
295907164,de:11000:900029101:1:50,-0.9,2026-10-02T01:01:04.695736+02:00
306896781,de:12067:900310611::1,0.0,2026-10-02T01:01:04.695736+02:00
306896781,de:12067:900311058::2,0.0,2026-10-02T01:01:04.695736+02:00
306896781,de:12067:900311110::4,0.0,2026-10-02T01:01:04.695736+02:00
306896781,de:12067:900311054::1,0.0,2026-10-02T01:01:04.695736+02:00
295906926,de:11000:900029101:1:50,0.0,2026-10-02T01:01:04.695736+02:00
295906926,de:11000:900030202:1:50,-0.3,2026-10-02T01:01:04.695736+02:00
295906926,de:11000:900025424:1:51,-0.2,2026-10-02T01:01:04.695736+02:00
295906926,de:11000:900025321:1:51,-0.2,2026-10-02T01:01:04.695736+02:00
295906926,de:11000:900026105:1:50,-0.4,2026-10-02T01:01:04.695736+02:00
295906926,de:11000:900025423:1:50,-0.7,2026-10-02T01:01:04.695736+02:00
295906926,de:11000:900024102:2:53,-0.7,2026-10-02T01:01:04.695736+02:00
295906926,de:11000:900024101:3:55,-0.3,2026-10-02T01:01:04.695736+02:00
295906926,de:11000:900024203:1:51,-0.8,2026-10-02T01:01:04.695736+02:00
295906926,de:11000:900023201:3:54,-0.7,2026-10-02T01:01:04.695736+02:00
295906926,de:11000:900003103:1:50,-0.8,2026-10-02T01:01:04.695736+02:00
295906926,de:11000:900003102:1:50,-0.9,2026-10-02T01:01:04.695736+02:00
295906926,de:11000:900003201:3:54,-0.5,2026-10-02T01:01:04.695736+02:00
295906926,de:11000:900100001:3:54,-0.1,2026-10-02T01:01:04.695736+02:00
295906926,de:11000:900100002:1:50,-0.4,2026-10-02T01:01:04.695736+02:00
295906926,de:11000:900100003:2:52,-0.1,2026-10-02T01:01:04.695736+02:00
295906926,de:11000:900100004:1:50,-0.4,2026-10-02T01:01:04.695736+02:00
295906926,de:11000:900120005:4:55,-0.6,2026-10-02T01:01:04.695736+02:00
295906926,de:11000:900120004:1:50,-0.1,2026-10-02T01:01:04.695736+02:00
295906926,de:11000:900120003:2:53,-0.4,2026-10-02T01:01:04.695736+02:00
295906926,de:11000:900160001:1:51,-0.4,2026-10-02T01:01:04.695736+02:00
295906926,de:11000:900160002:1:50,-0.7,2026-10-02T01:01:04.695736+02:00
295906926,de:11000:900162001:1:51,-0.3,2026-10-02T01:01:04.695736+02:00
295906926,de:11000:900180002:1:51,-0.3,2026-10-02T01:01:04.695736+02:00
295906926,de:11000:900180001:1:50,-0.7,2026-10-02T01:01:04.695736+02:00
295906926,de:11000:900182001:1:51,-0.2,2026-10-02T01:01:04.695736+02:00
295906926,de:11000:900182002:1:51,-0.4,2026-10-02T01:01:04.695736+02:00
295906926,de:11000:900183001:1:51,0.0,2026-10-02T01:01:04.695736+02:00
295906926,de:11000:900183002:1:51,-0.3,2026-10-02T01:01:04.695736+02:00
295906926,de:12067:900310004:3:53,-0.5,2026-10-02T01:01:04.695736+02:00
295906918,de:11000:900029101:1:50,0.0,2026-10-02T01:01:04.695736+02:00
295906918,de:11000:900030202:1:50,-0.3,2026-10-02T01:01:04.695736+02:00
295906918,de:11000:900025424:1:51,-0.2,2026-10-02T01:01:04.695736+02:00
295906918,de:11000:900025321:1:51,-0.2,2026-10-02T01:01:04.695736+02:00
295906918,de:11000:900026105:1:50,-0.4,2026-10-02T01:01:04.695736+02:00
295906918,de:11000:900025423:1:50,-0.7,2026-10-02T01:01:04.695736+02:00
295906918,de:11000:900024102:2:53,-0.7,2026-10-02T01:01:04.695736+02:00
295906918,de:11000:900024101:3:55,-0.3,2026-10-02T01:01:04.695736+02:00
295906918,de:11000:900024203:1:51,-0.8,2026-10-02T01:01:04.695736+02:00
295906918,de:11000:900023201:3:54,-0.7,2026-10-02T01:01:04.695736+02:00
295906918,de:11000:900003103:1:50,-0.8,2026-10-02T01:01:04.695736+02:00
295906918,de:11000:900003102:1:50,-0.9,2026-10-02T01:01:04.695736+02:00
295906918,de:11000:900003201:3:54,-0.5,2026-10-02T01:01:04.695736+02:00
295906918,de:11000:900100001:3:54,-0.1,2026-10-02T01:01:04.695736+02:00
295906918,de:11000:900100002:1:50,-0.4,2026-10-02T01:01:04.695736+02:00
295906918,de:11000:900100003:2:52,-0.1,2026-10-02T01:01:04.695736+02:00
295906918,de:11000:900100004:1:50,-0.4,2026-10-02T01:01:04.695736+02:00
295906918,de:11000:900120005:4:55,-0.6,2026-10-02T01:01:04.695736+02:00
295906918,de:11000:900120004:1:50,-0.1,2026-10-02T01:01:04.695736+02:00
295906918,de:11000:900120003:2:53,-0.4,2026-10-02T01:01:04.695736+02:00
295906918,de:11000:900160001:1:51,-0.4,2026-10-02T01:01:04.695736+02:00
295906918,de:11000:900160002:1:50,-0.7,2026-10-02T01:01:04.695736+02:00
295906918,de:11000:900162001:1:51,-0.3,2026-10-02T01:01:04.695736+02:00
295906918,de:11000:900180002:1:51,-0.3,2026-10-02T01:01:04.695736+02:00
295906918,de:11000:900180001:1:50,-0.7,2026-10-02T01:01:04.695736+02:00
295906918,de:11000:900182001:1:51,-0.2,2026-10-02T01:01:04.695736+02:00
295906918,de:11000:900182002:1:51,-0.4,2026-10-02T01:01:04.695736+02:00
295906918,de:11000:900183001:1:51,0.0,2026-10-02T01:01:04.695736+02:00
295906918,de:11000:900183002:1:51,-0.3,2026-10-02T01:01:04.695736+02:00
295906918,de:12067:900310004:3:53,-0.5,2026-10-02T01:01:04.695736+02:00
295906916,de:11000:900029101:1:50,0.0,2026-10-02T01:01:04.695736+02:00
295906916,de:11000:900030202:1:50,-0.3,2026-10-02T01:01:04.695736+02:00
295906916,de:11000:900025424:1:51,-0.2,2026-10-02T01:01:04.695736+02:00
295906916,de:11000:900025321:1:51,-0.2,2026-10-02T01:01:04.695736+02:00
295906916,de:11000:900026105:1:50,-0.4,2026-10-02T01:01:04.695736+02:00
295906916,de:11000:900025423:1:50,-0.7,2026-10-02T01:01:04.695736+02:00
295906916,de:11000:900024102:2:53,-0.7,2026-10-02T01:01:04.695736+02:00
295906916,de:11000:900024101:3:55,-0.3,2026-10-02T01:01:04.695736+02:00
295906916,de:11000:900024203:1:51,-0.8,2026-10-02T01:01:04.695736+02:00
295906916,de:11000:900023201:3:54,-0.7,2026-10-02T01:01:04.695736+02:00
295906916,de:11000:900003103:1:50,-0.8,2026-10-02T01:01:04.695736+02:00
295906916,de:11000:900003102:1:50,-0.9,2026-10-02T01:01:04.695736+02:00
295906916,de:11000:900003201:3:54,-0.5,2026-10-02T01:01:04.695736+02:00
295906916,de:11000:900100001:3:54,-0.1,2026-10-02T01:01:04.695736+02:00
295906916,de:11000:900100002:1:50,-0.4,2026-10-02T01:01:04.695736+02:00
295906916,de:11000:900100003:2:52,-0.1,2026-10-02T01:01:04.695736+02:00
295906916,de:11000:900100004:1:50,-0.4,2026-10-02T01:01:04.695736+02:00
295906916,de:11000:900120005:4:55,-0.6,2026-10-02T01:01:04.695736+02:00
295906916,de:11000:900120004:1:50,-0.1,2026-10-02T01:01:04.695736+02:00
295906916,de:11000:900120003:2:53,-0.4,2026-10-02T01:01:04.695736+02:00
295906916,de:11000:900160001:1:51,-0.4,2026-10-02T01:01:04.695736+02:00
295906916,de:11000:900160002:1:50,-0.7,2026-10-02T01:01:04.695736+02:00
295906916,de:11000:900162001:1:51,-0.3,2026-10-02T01:01:04.695736+02:00
295906916,de:11000:900180002:1:51,-0.3,2026-10-02T01:01:04.695736+02:00
295906916,de:11000:900180001:1:50,-0.7,2026-10-02T01:01:04.695736+02:00
295906916,de:11000:900182001:1:51,-0.2,2026-10-02T01:01:04.695736+02:00
295906916,de:11000:900182002:1:51,-0.4,2026-10-02T01:01:04.695736+02:00
295906916,de:11000:900183001:1:51,0.0,2026-10-02T01:01:04.695736+02:00
295906916,de:11000:900183002:1:51,-0.3,2026-10-02T01:01:04.695736+02:00
295906916,de:12067:900310004:3:53,-0.5,2026-10-02T01:01:04.695736+02:00
307444142,de:12072:900245002:2:52,0.0,2026-10-02T01:01:04.695736+02:00
307444142,de:12072:900245016:2:51,0.0,2026-10-02T01:01:04.695736+02:00
307444142,de:12072:900245010:2:51,0.0,2026-10-02T01:01:04.695736+02:00
307444142,de:12072:900245037:2:51,0.0,2026-10-02T01:01:04.695736+02:00
307444142,de:12072:900245029:2:53,0.0,2026-10-02T01:01:04.695736+02:00
307444142,de:11000:900064301:2:51,0.0,2026-10-02T01:01:04.695736+02:00
307444142,de:11000:900058101:3:55,0.0,2026-10-02T01:01:04.695736+02:00
307444142,de:11000:900100020:2:52,0.0,2026-10-02T01:01:04.695736+02:00
307444142,de:11000:900003200:4:56,0.0,2026-10-02T01:01:04.695736+02:00
307444142,de:11000:900020201:1:51,0.0,2026-10-02T01:01:04.695736+02:00
307444142,de:11000:900029101:2:53,0.0,2026-10-02T01:01:04.695736+02:00
295911031,de:11000:900162001:1:50,0.0,2026-10-02T01:01:04.695736+02:00
295911031,de:11000:900160002:1:50,-0.7,2026-10-02T01:01:04.695736+02:00
295911031,de:11000:900160001:1:50,0.0,2026-10-02T01:01:04.695736+02:00
295911031,de:11000:900120003:3:55,-0.7,2026-10-02T01:01:04.695736+02:00
295911031,de:11000:900120004:2:53,0.0,2026-10-02T01:01:04.695736+02:00
295911031,de:11000:900120005:4:56,-0.2,2026-10-02T01:01:04.695736+02:00
307275165,de:11000:900024101:3:55,0.0,2026-10-02T01:01:04.695736+02:00
307275165,de:11000:900024203:1:51,-0.3,2026-10-02T01:01:04.695736+02:00
307275165,de:11000:900023201:3:54,-0.2,2026-10-02T01:01:04.695736+02:00
307275165,de:11000:900003103:1:50,-0.3,2026-10-02T01:01:04.695736+02:00
307275165,de:11000:900003102:1:50,-0.4,2026-10-02T01:01:04.695736+02:00
307275165,de:11000:900003201:3:54,0.0,2026-10-02T01:01:04.695736+02:00
307275165,de:11000:900100001:3:54,-0.6,2026-10-02T01:01:04.695736+02:00
307275165,de:11000:900100002:1:50,-0.9,2026-10-02T01:01:04.695736+02:00
307275165,de:11000:900100003:2:52,-0.6,2026-10-02T01:01:04.695736+02:00
307275165,de:11000:900100004:1:50,-0.9,2026-10-02T01:01:04.695736+02:00
307275165,de:11000:900120005:4:56,-0.1,2026-10-02T01:01:04.695736+02:00
307275165,de:11000:900120004:1:51,-0.1,2026-10-02T01:01:04.695736+02:00
307275165,de:11000:900120003:2:53,-0.4,2026-10-02T01:01:04.695736+02:00
307275165,de:11000:900160001:1:51,-0.4,2026-10-02T01:01:04.695736+02:00
307275165,de:11000:900160002:1:50,-0.7,2026-10-02T01:01:04.695736+02:00
307275165,de:11000:900162001:1:51,-0.3,2026-10-02T01:01:04.695736+02:00
307275165,de:11000:900180002:1:51,-0.3,2026-10-02T01:01:04.695736+02:00
307275165,de:11000:900180001:1:50,-0.7,2026-10-02T01:01:04.695736+02:00
307275165,de:11000:900182001:1:51,-0.2,2026-10-02T01:01:04.695736+02:00
307275165,de:11000:900182002:1:51,-0.4,2026-10-02T01:01:04.695736+02:00
307440657,de:12068:900205617:2:51,0.0,2026-10-02T01:01:04.695736+02:00
307440657,de:12068:900205130:1:50,0.0,2026-10-02T01:01:04.695736+02:00
307440657,de:12068:900205322:1:50,0.0,2026-10-02T01:01:04.695736+02:00
307440657,de:12070:900215723:1:50,0.0,2026-10-02T01:01:04.695736+02:00
307440657,de:12070:900215350:2:51,0.0,2026-10-02T01:01:04.695736+02:00
307440657,de:12070:900215696:1:50,0.0,2026-10-02T01:01:04.695736+02:00
307440657,de:12070:900216013:1:50,0.0,2026-10-02T01:01:04.695736+02:00
307440657,de:12070:900216026:3:53,0.0,2026-10-02T01:01:04.695736+02:00
307440901,de:12070:900216026:3:53,0.0,2026-10-02T01:01:04.695736+02:00
307440901,de:12070:900216013:1:50,0.0,2026-10-02T01:01:04.695736+02:00
307440901,de:12070:900215696:1:50,0.0,2026-10-02T01:01:04.695736+02:00
307440901,de:12070:900215350:1:50,0.0,2026-10-02T01:01:04.695736+02:00
307440901,de:12070:900215723:1:50,0.0,2026-10-02T01:01:04.695736+02:00
307440901,de:12068:900205322:1:50,0.0,2026-10-02T01:01:04.695736+02:00
307440901,de:12068:900205130:1:50,0.0,2026-10-02T01:01:04.695736+02:00
307440901,de:12068:900205617:2:51,0.0,2026-10-02T01:01:04.695736+02:00
307440901,de:12068:900205006:1:50,0.0,2026-10-02T01:01:04.695736+02:00
307440901,de:12068:900205005:1:50,0.0,2026-10-02T01:01:04.695736+02:00
307440901,de:12068:900205512:1:50,0.0,2026-10-02T01:01:04.695736+02:00
307440901,de:12065:900203491:1:50,0.0,2026-10-02T01:01:04.695736+02:00
307440901,de:12065:900203452:1:50,0.0,2026-10-02T01:01:04.695736+02:00
307440901,de:12065:900200004:1:51,0.0,2026-10-02T01:01:04.695736+02:00
307440901,de:12065:900200000:1:50,0.0,2026-10-02T01:01:04.695736+02:00
307436290,de:11000:900024101:1:51,0.0,2026-10-02T01:01:04.695736+02:00
307436290,de:11000:900053301:3:54,0.0,2026-10-02T01:01:04.695736+02:00
307436290,de:12054:900230001:1:50,0.0,2026-10-02T01:01:04.695736+02:00
307436290,de:12069:900220008:1:50,0.0,2026-10-02T01:01:04.695736+02:00
307436290,de:12069:900220006:1:50,0.0,2026-10-02T01:01:04.695736+02:00
307436290,de:12069:900220003:1:50,0.0,2026-10-02T01:01:04.695736+02:00
307436290,de:12069:900220004:1:50,0.0,2026-10-02T01:01:04.695736+02:00
307436290,de:12069:900220005:1:50,0.0,2026-10-02T01:01:04.695736+02:00
307436290,de:12069:900222030:1:50,0.0,2026-10-02T01:01:04.695736+02:00
307436290,de:12069:900220141:1:50,0.0,2026-10-02T01:01:04.695736+02:00
307436290,de:12069:900220142:1:50,0.0,2026-10-02T01:01:04.695736+02:00
307436290,de:12069:900220143:1:50,0.0,2026-10-02T01:01:04.695736+02:00
307436189,de:11000:900024101:1:51,0.0,2026-10-02T01:01:04.695736+02:00
307436189,de:11000:900053301:3:54,0.0,2026-10-02T01:01:04.695736+02:00
307436189,de:12054:900230001:1:50,0.0,2026-10-02T01:01:04.695736+02:00
307436189,de:12069:900220008:1:50,0.0,2026-10-02T01:01:04.695736+02:00
307436189,de:12069:900220006:1:50,0.0,2026-10-02T01:01:04.695736+02:00
307436189,de:12069:900220003:1:50,0.0,2026-10-02T01:01:04.695736+02:00
307436189,de:12069:900220004:1:50,0.0,2026-10-02T01:01:04.695736+02:00
307436189,de:12069:900220005:1:50,0.0,2026-10-02T01:01:04.695736+02:00
307436189,de:12069:900222030:1:50,0.0,2026-10-02T01:01:04.695736+02:00
307436189,de:12069:900220141:1:50,0.0,2026-10-02T01:01:04.695736+02:00
307436189,de:12069:900220142:1:50,0.0,2026-10-02T01:01:04.695736+02:00
307436189,de:12069:900220143:1:50,0.0,2026-10-02T01:01:04.695736+02:00
295910127,de:11000:900024101:3:55,0.0,2026-10-02T01:01:04.695736+02:00
295910127,de:11000:900024203:1:51,-0.3,2026-10-02T01:01:04.695736+02:00
295910127,de:11000:900023201:3:54,-0.2,2026-10-02T01:01:04.695736+02:00
295910127,de:11000:900003103:1:50,-0.3,2026-10-02T01:01:04.695736+02:00
295910127,de:11000:900003102:1:50,-0.4,2026-10-02T01:01:04.695736+02:00
295910127,de:11000:900003201:3:54,0.0,2026-10-02T01:01:04.695736+02:00
295910127,de:11000:900100001:3:54,-0.6,2026-10-02T01:01:04.695736+02:00
295910127,de:11000:900100002:1:50,-0.9,2026-10-02T01:01:04.695736+02:00
295910127,de:11000:900100003:2:52,-0.6,2026-10-02T01:01:04.695736+02:00
295910127,de:11000:900100004:1:50,-0.9,2026-10-02T01:01:04.695736+02:00
295910127,de:11000:900120005:4:55,-0.1,2026-10-02T01:01:04.695736+02:00
295910127,de:11000:900120004:1:50,-0.1,2026-10-02T01:01:04.695736+02:00
295910127,de:11000:900120003:2:53,-0.4,2026-10-02T01:01:04.695736+02:00
295910127,de:11000:900160001:1:51,-0.4,2026-10-02T01:01:04.695736+02:00
295910127,de:11000:900160002:1:50,-0.7,2026-10-02T01:01:04.695736+02:00
295910127,de:11000:900162001:1:51,-0.3,2026-10-02T01:01:04.695736+02:00
295910127,de:11000:900180002:1:51,-0.3,2026-10-02T01:01:04.695736+02:00
295910127,de:11000:900180001:1:50,-0.7,2026-10-02T01:01:04.695736+02:00
295910127,de:11000:900182001:1:51,-0.2,2026-10-02T01:01:04.695736+02:00
295910127,de:11000:900182002:1:51,-0.4,2026-10-02T01:01:04.695736+02:00
295910117,de:11000:900024101:3:55,0.0,2026-10-02T01:01:04.695736+02:00
295910117,de:11000:900024203:1:51,-0.3,2026-10-02T01:01:04.695736+02:00
295910117,de:11000:900023201:3:54,-0.2,2026-10-02T01:01:04.695736+02:00
295910117,de:11000:900003103:1:50,-0.3,2026-10-02T01:01:04.695736+02:00
295910117,de:11000:900003102:1:50,-0.4,2026-10-02T01:01:04.695736+02:00
295910117,de:11000:900003201:3:54,0.0,2026-10-02T01:01:04.695736+02:00
295910117,de:11000:900100001:3:54,-0.6,2026-10-02T01:01:04.695736+02:00
295910117,de:11000:900100002:1:50,-0.9,2026-10-02T01:01:04.695736+02:00
295910117,de:11000:900100003:2:52,-0.6,2026-10-02T01:01:04.695736+02:00
295910117,de:11000:900100004:1:50,-0.9,2026-10-02T01:01:04.695736+02:00
295910117,de:11000:900120005:4:55,-0.1,2026-10-02T01:01:04.695736+02:00
295910117,de:11000:900120004:1:50,-0.1,2026-10-02T01:01:04.695736+02:00
295910117,de:11000:900120003:2:53,-0.4,2026-10-02T01:01:04.695736+02:00
295910117,de:11000:900160001:1:51,-0.4,2026-10-02T01:01:04.695736+02:00
295910117,de:11000:900160002:1:50,-0.7,2026-10-02T01:01:04.695736+02:00
295910117,de:11000:900162001:1:51,-0.3,2026-10-02T01:01:04.695736+02:00
295910117,de:11000:900180002:1:51,-0.3,2026-10-02T01:01:04.695736+02:00
295910117,de:11000:900180001:1:50,-0.7,2026-10-02T01:01:04.695736+02:00
295910117,de:11000:900182001:1:51,-0.2,2026-10-02T01:01:04.695736+02:00
295910117,de:11000:900182002:1:51,-0.4,2026-10-02T01:01:04.695736+02:00
295910117,de:11000:900183001:1:51,0.0,2026-10-02T01:01:04.695736+02:00
295910117,de:11000:900183002:1:51,-0.3,2026-10-02T01:01:04.695736+02:00
295910117,de:12067:900310004:3:52,-0.5,2026-10-02T01:01:04.695736+02:00
306895335,de:12067:900310874::1,0.0,2026-10-02T01:01:04.695736+02:00
306895335,de:12067:900310925::1,0.0,2026-10-02T01:01:04.695736+02:00
306895335,de:12067:900310700::1,0.0,2026-10-02T01:01:04.695736+02:00
306895335,de:12067:900310700::1,-26.0,2026-10-02T01:01:04.695736+02:00
306895335,de:12067:900310941::1,0.0,2026-10-02T01:01:04.695736+02:00
306895335,de:12067:900310921::1,0.0,2026-10-02T01:01:04.695736+02:00
306895335,de:12067:900310940::1,0.0,2026-10-02T01:01:04.695736+02:00
306895335,de:12067:900310921::2,0.0,2026-10-02T01:01:04.695736+02:00
306895335,de:12067:900311016::1,0.0,2026-10-02T01:01:04.695736+02:00
306895335,de:12067:900310941::2,0.0,2026-10-02T01:01:04.695736+02:00
306895335,de:12067:900310700::1,26.0,2026-10-02T01:01:04.695736+02:00
306895335,de:12067:900310700::1,0.0,2026-10-02T01:01:04.695736+02:00
306895335,de:12067:900310731::2,0.0,2026-10-02T01:01:04.695736+02:00
306895335,de:12067:900311079::2,0.0,2026-10-02T01:01:04.695736+02:00
306895335,de:12067:900311009::1,0.0,2026-10-02T01:01:04.695736+02:00
306895335,de:12067:900311076::1,0.0,2026-10-02T01:01:04.695736+02:00
306895335,de:12067:900310612::1,0.0,2026-10-02T01:01:04.695736+02:00
306895335,de:12067:900311050::2,0.0,2026-10-02T01:01:04.695736+02:00
306895335,de:12067:900310748::2,0.0,2026-10-02T01:01:04.695736+02:00
306895335,de:12067:900310749::1,0.0,2026-10-02T01:01:04.695736+02:00
306895335,de:12067:900310893::1,0.0,2026-10-02T01:01:04.695736+02:00
306895335,de:12067:900310893::1,-10.0,2026-10-02T01:01:04.695736+02:00
306895335,de:12067:900311418::1,0.0,2026-10-02T01:01:04.695736+02:00
306895335,de:12067:900311418::1,-2.0,2026-10-02T01:01:04.695736+02:00
306895335,de:12061:900260869::1,0.0,2026-10-02T01:01:04.695736+02:00
306895335,de:12067:900311418::1,2.0,2026-10-02T01:01:04.695736+02:00
306895335,de:12067:900311418::1,0.0,2026-10-02T01:01:04.695736+02:00
306895335,de:12067:900310893::1,10.0,2026-10-02T01:01:04.695736+02:00
306895335,de:12067:900310893::1,0.0,2026-10-02T01:01:04.695736+02:00
306895335,de:12067:900310749::2,0.0,2026-10-02T01:01:04.695736+02:00
306895335,de:12067:900310748::1,0.0,2026-10-02T01:01:04.695736+02:00
306895335,de:12067:900311050::1,0.0,2026-10-02T01:01:04.695736+02:00
306895335,de:12067:900311056::1,0.0,2026-10-02T01:01:04.695736+02:00
306895335,de:12067:900311058::1,0.0,2026-10-02T01:01:04.695736+02:00
306895335,de:12067:900310611::2,0.0,2026-10-02T01:01:04.695736+02:00
307280569,de:11000:900020202:1:51,0.0,2026-10-02T01:01:04.695736+02:00
307280569,de:11000:900001201:1:51,-0.2,2026-10-02T01:01:04.695736+02:00
307280569,de:11000:900009104:1:51,-0.8,2026-10-02T01:01:04.695736+02:00
307280569,de:11000:900007102:2:52,-0.9,2026-10-02T01:01:04.695736+02:00
307280569,de:11000:900110001:1:50,-0.6,2026-10-02T01:01:04.695736+02:00
307280569,de:11000:900110002:1:50,-0.4,2026-10-02T01:01:04.695736+02:00
307280569,de:11000:900110003:1:50,-0.4,2026-10-02T01:01:04.695736+02:00
307280569,de:11000:900110004:1:50,-0.8,2026-10-02T01:01:04.695736+02:00
307280569,de:11000:900110012:1:50,-0.7,2026-10-02T01:01:04.695736+02:00
307280569,de:11000:900120001:1:50,-0.7,2026-10-02T01:01:04.695736+02:00
307280569,de:11000:900120003:5:58,-0.1,2026-10-02T01:01:04.695736+02:00
307280569,de:11000:900190001:1:50,-0.4,2026-10-02T01:01:04.695736+02:00
307280569,de:11000:900077106:1:50,-0.4,2026-10-02T01:01:04.695736+02:00
307280569,de:11000:900078201:1:50,-0.3,2026-10-02T01:01:04.695736+02:00
307280569,de:11000:900079221:1:50,-0.2,2026-10-02T01:01:04.695736+02:00
307280569,de:11000:900068201:1:50,-0.8,2026-10-02T01:01:04.695736+02:00
307280569,de:11000:900058101:5:58,-0.1,2026-10-02T01:01:04.695736+02:00
307280569,de:11000:900054104:2:52,-0.2,2026-10-02T01:01:04.695736+02:00
307280569,de:11000:900054105:1:50,-0.9,2026-10-02T01:01:04.695736+02:00
307280569,de:11000:900044202:1:50,-0.7,2026-10-02T01:01:04.695736+02:00
307280569,de:11000:900045102:1:50,-0.7,2026-10-02T01:01:04.695736+02:00
307280569,de:11000:900044101:1:50,-0.8,2026-10-02T01:01:04.695736+02:00
307280569,de:11000:900040101:1:50,-0.8,2026-10-02T01:01:04.695736+02:00
307280443,de:11000:900020202:1:50,0.0,2026-10-02T01:01:04.695736+02:00
307280443,de:11000:900001201:1:50,-0.2,2026-10-02T01:01:04.695736+02:00
307280443,de:11000:900009104:1:50,-0.8,2026-10-02T01:01:04.695736+02:00
307280443,de:11000:900007102:2:52,-0.4,2026-10-02T01:01:04.695736+02:00
307280443,de:11000:900110001:1:50,-0.6,2026-10-02T01:01:04.695736+02:00
307280443,de:11000:900110002:1:50,-0.4,2026-10-02T01:01:04.695736+02:00
307280443,de:11000:900110003:1:50,-0.4,2026-10-02T01:01:04.695736+02:00
307280443,de:11000:900110004:1:50,-0.8,2026-10-02T01:01:04.695736+02:00
307280443,de:11000:900110012:1:50,-0.7,2026-10-02T01:01:04.695736+02:00
307280443,de:11000:900120001:1:50,-0.7,2026-10-02T01:01:04.695736+02:00
307280443,de:11000:900120003:5:58,-0.1,2026-10-02T01:01:04.695736+02:00
307280443,de:11000:900190001:1:50,-0.4,2026-10-02T01:01:04.695736+02:00
307280443,de:11000:900077106:1:50,-0.4,2026-10-02T01:01:04.695736+02:00
307280443,de:11000:900078201:1:50,-0.3,2026-10-02T01:01:04.695736+02:00
307280443,de:11000:900079221:1:50,-0.2,2026-10-02T01:01:04.695736+02:00
307280443,de:11000:900068201:1:50,-0.8,2026-10-02T01:01:04.695736+02:00
307280443,de:11000:900058101:5:58,-0.1,2026-10-02T01:01:04.695736+02:00
307280443,de:11000:900054104:2:52,-0.7,2026-10-02T01:01:04.695736+02:00
307280443,de:11000:900054105:1:50,-0.9,2026-10-02T01:01:04.695736+02:00
307280443,de:11000:900044202:1:50,-0.7,2026-10-02T01:01:04.695736+02:00
307280443,de:11000:900045102:1:50,-0.7,2026-10-02T01:01:04.695736+02:00
307280443,de:11000:900044101:1:50,-0.8,2026-10-02T01:01:04.695736+02:00
307280443,de:11000:900040101:1:50,-0.3,2026-10-02T01:01:04.695736+02:00
307280443,de:11000:900024101:3:54,-0.8,2026-10-02T01:01:04.695736+02:00
307280549,de:11000:900020202:1:51,0.0,2026-10-02T01:01:04.695736+02:00
307280549,de:11000:900001201:1:51,-0.2,2026-10-02T01:01:04.695736+02:00
307280549,de:11000:900009104:1:51,-0.8,2026-10-02T01:01:04.695736+02:00
307280549,de:11000:900007102:2:52,-0.9,2026-10-02T01:01:04.695736+02:00
307280549,de:11000:900110001:1:50,-0.6,2026-10-02T01:01:04.695736+02:00
307280549,de:11000:900110002:1:50,-0.4,2026-10-02T01:01:04.695736+02:00
307280549,de:11000:900110003:1:50,-0.4,2026-10-02T01:01:04.695736+02:00
307280549,de:11000:900110004:1:50,-0.8,2026-10-02T01:01:04.695736+02:00
307280549,de:11000:900110012:1:50,-0.7,2026-10-02T01:01:04.695736+02:00
307280549,de:11000:900120001:1:50,-0.7,2026-10-02T01:01:04.695736+02:00
307280549,de:11000:900120003:5:58,-0.1,2026-10-02T01:01:04.695736+02:00
307280549,de:11000:900190001:1:50,-0.4,2026-10-02T01:01:04.695736+02:00
307280549,de:11000:900077106:1:50,-0.4,2026-10-02T01:01:04.695736+02:00
307280549,de:11000:900078201:1:50,-0.3,2026-10-02T01:01:04.695736+02:00
307280549,de:11000:900079221:1:50,-0.2,2026-10-02T01:01:04.695736+02:00
307280549,de:11000:900068201:1:50,-0.8,2026-10-02T01:01:04.695736+02:00
307280549,de:11000:900058101:5:58,-0.1,2026-10-02T01:01:04.695736+02:00
307280549,de:11000:900054104:2:52,-0.2,2026-10-02T01:01:04.695736+02:00
307280549,de:11000:900054105:1:50,-0.9,2026-10-02T01:01:04.695736+02:00
307280549,de:11000:900044202:1:50,-0.7,2026-10-02T01:01:04.695736+02:00
307280549,de:11000:900045102:1:50,-0.7,2026-10-02T01:01:04.695736+02:00
307280549,de:11000:900044101:1:50,-0.8,2026-10-02T01:01:04.695736+02:00
307280549,de:11000:900040101:1:50,-0.8,2026-10-02T01:01:04.695736+02:00
307280426,de:11000:900020202:1:50,0.0,2026-10-02T01:01:04.695736+02:00
307280426,de:11000:900001201:1:50,-0.2,2026-10-02T01:01:04.695736+02:00
307280426,de:11000:900009104:1:50,-0.8,2026-10-02T01:01:04.695736+02:00
307280426,de:11000:900007102:2:52,-0.4,2026-10-02T01:01:04.695736+02:00
307280426,de:11000:900110001:1:50,-0.6,2026-10-02T01:01:04.695736+02:00
307280426,de:11000:900110002:1:50,-0.4,2026-10-02T01:01:04.695736+02:00
307280426,de:11000:900110003:1:50,-0.4,2026-10-02T01:01:04.695736+02:00
307280426,de:11000:900110004:1:50,-0.8,2026-10-02T01:01:04.695736+02:00
307280426,de:11000:900110012:1:50,-0.7,2026-10-02T01:01:04.695736+02:00
307280426,de:11000:900120001:1:50,-0.7,2026-10-02T01:01:04.695736+02:00
307280426,de:11000:900120003:5:58,-0.1,2026-10-02T01:01:04.695736+02:00
307280426,de:11000:900190001:1:50,-0.4,2026-10-02T01:01:04.695736+02:00
307280426,de:11000:900077106:1:50,-0.4,2026-10-02T01:01:04.695736+02:00
307280426,de:11000:900078201:1:50,-0.3,2026-10-02T01:01:04.695736+02:00
307280426,de:11000:900079221:1:50,-0.2,2026-10-02T01:01:04.695736+02:00
307280426,de:11000:900068201:1:50,-0.8,2026-10-02T01:01:04.695736+02:00
307280426,de:11000:900058101:5:58,-0.1,2026-10-02T01:01:04.695736+02:00
307280426,de:11000:900054104:2:52,-0.7,2026-10-02T01:01:04.695736+02:00
307280426,de:11000:900054105:1:50,-0.9,2026-10-02T01:01:04.695736+02:00
307280426,de:11000:900044202:1:50,-0.7,2026-10-02T01:01:04.695736+02:00
307280426,de:11000:900045102:1:50,-0.7,2026-10-02T01:01:04.695736+02:00
307280426,de:11000:900044101:1:50,-0.8,2026-10-02T01:01:04.695736+02:00
307280426,de:11000:900040101:1:50,-0.3,2026-10-02T01:01:04.695736+02:00
307280426,de:11000:900024101:3:54,-0.8,2026-10-02T01:01:04.695736+02:00
307286643,de:11000:900024101:3:54,0.0,2026-10-02T01:01:04.695736+02:00
307286643,de:11000:900040101:1:50,-0.2,2026-10-02T01:01:04.695736+02:00
307286643,de:11000:900044101:1:50,-0.3,2026-10-02T01:01:04.695736+02:00
307286643,de:11000:900045102:1:51,-0.4,2026-10-02T01:01:04.695736+02:00
307286643,de:11000:900044202:1:51,-0.4,2026-10-02T01:01:04.695736+02:00
307286643,de:11000:900054105:1:51,-0.2,2026-10-02T01:01:04.695736+02:00
307286643,de:11000:900054104:2:53,-0.8,2026-10-02T01:01:04.695736+02:00
307286643,de:11000:900058101:5:59,-0.2,2026-10-02T01:01:04.695736+02:00
307286643,de:11000:900068201:1:51,-0.8,2026-10-02T01:01:04.695736+02:00
307286643,de:11000:900079221:1:51,-0.4,2026-10-02T01:01:04.695736+02:00
307286643,de:11000:900078201:1:51,-0.1,2026-10-02T01:01:04.695736+02:00
307286643,de:11000:900077106:1:51,0.0,2026-10-02T01:01:04.695736+02:00
307286643,de:11000:900190001:2:52,-0.9,2026-10-02T01:01:04.695736+02:00
307286643,de:11000:900120003:5:59,-0.4,2026-10-02T01:01:04.695736+02:00
307286643,de:11000:900120001:1:51,0.0,2026-10-02T01:01:04.695736+02:00
307286643,de:11000:900110012:1:51,-0.2,2026-10-02T01:01:04.695736+02:00
307286643,de:11000:900110004:1:51,-0.1,2026-10-02T01:01:04.695736+02:00
307286643,de:11000:900110003:1:51,-0.4,2026-10-02T01:01:04.695736+02:00
307286643,de:11000:900110002:1:51,-0.4,2026-10-02T01:01:04.695736+02:00
307286643,de:11000:900110001:1:51,-0.1,2026-10-02T01:01:04.695736+02:00
307286643,de:11000:900007102:1:51,-0.6,2026-10-02T01:01:04.695736+02:00
307286643,de:11000:900009104:1:51,-0.8,2026-10-02T01:01:04.695736+02:00
307286643,de:11000:900001201:1:51,-0.3,2026-10-02T01:01:04.695736+02:00
307286643,de:11000:900020202:1:51,-0.1,2026-10-02T01:01:04.695736+02:00
307289069,de:11000:900079221:1:51,0.0,2026-10-02T01:01:04.695736+02:00
307289069,de:11000:900078201:1:51,-0.1,2026-10-02T01:01:04.695736+02:00
307289069,de:11000:900077106:1:51,0.0,2026-10-02T01:01:04.695736+02:00
307289069,de:11000:900190001:2:52,-0.9,2026-10-02T01:01:04.695736+02:00
307289069,de:11000:900120003:5:59,-0.4,2026-10-02T01:01:04.695736+02:00
307289069,de:11000:900120001:1:51,0.0,2026-10-02T01:01:04.695736+02:00
307289069,de:11000:900110012:1:51,-0.2,2026-10-02T01:01:04.695736+02:00
307289069,de:11000:900110004:1:51,-0.1,2026-10-02T01:01:04.695736+02:00
307289069,de:11000:900110003:1:51,-0.4,2026-10-02T01:01:04.695736+02:00
307289069,de:11000:900110002:1:51,-0.4,2026-10-02T01:01:04.695736+02:00
307289069,de:11000:900110001:1:51,-0.1,2026-10-02T01:01:04.695736+02:00
307289069,de:11000:900007102:1:51,-0.6,2026-10-02T01:01:04.695736+02:00
307289069,de:11000:900009104:1:51,-0.3,2026-10-02T01:01:04.695736+02:00
307444812,de:11000:900058101:2:53,0.0,2026-10-02T01:01:04.695736+02:00
307444812,de:11000:900100020:2:52,0.0,2026-10-02T01:01:04.695736+02:00
307444812,de:11000:900003200:3:54,0.0,2026-10-02T01:01:04.695736+02:00
307444812,de:11000:900007102:5:59,0.0,2026-10-02T01:01:04.695736+02:00
307444812,de:12065:900200005:1:2,0.0,2026-10-02T01:01:04.695736+02:00
307444812,de:12065:900203709:2:51,0.0,2026-10-02T01:01:04.695736+02:00
307444812,de:12065:900203749:1:50,0.0,2026-10-02T01:01:04.695736+02:00
307444812,de:12065:900203772:1:50,0.0,2026-10-02T01:01:04.695736+02:00
307444812,de:13071:80001,0.0,2026-10-02T01:01:04.695736+02:00
307444812,de:13071:5787,0.0,2026-10-02T01:01:04.695736+02:00
307444812,de:13071:17001,0.0,2026-10-02T01:01:04.695736+02:00
307444812,000008010201,0.0,2026-10-02T01:01:04.695736+02:00
307444812,000008010153,0.0,2026-10-02T01:01:04.695736+02:00
307444812,de:13003:1489,0.0,2026-10-02T01:01:04.695736+02:00
306896320,de:12064:900320274::1,0.0,2026-10-02T01:01:04.695736+02:00
306896320,de:12064:900320278::2,0.0,2026-10-02T01:01:04.695736+02:00
306896320,de:12064:900320284::2,0.0,2026-10-02T01:01:04.695736+02:00
306896320,de:12064:900320886::2,0.0,2026-10-02T01:01:04.695736+02:00
306896320,de:12064:900320888::3,0.0,2026-10-02T01:01:04.695736+02:00
306896320,de:12064:900320891::2,0.0,2026-10-02T01:01:04.695736+02:00
306896320,de:12067:900310919::2,0.0,2026-10-02T01:01:04.695736+02:00
306896320,de:12067:900310888::2,0.0,2026-10-02T01:01:04.695736+02:00
306896320,de:12067:900310881::2,0.0,2026-10-02T01:01:04.695736+02:00
306896320,de:12067:900310885::1,0.0,2026-10-02T01:01:04.695736+02:00
306896320,de:12067:900310883::2,0.0,2026-10-02T01:01:04.695736+02:00
306896320,de:12067:900310920::2,0.0,2026-10-02T01:01:04.695736+02:00
306896320,de:12067:900310882::2,0.0,2026-10-02T01:01:04.695736+02:00
306896320,de:12067:900310889::2,0.0,2026-10-02T01:01:04.695736+02:00
306896320,de:12067:900310890::2,0.0,2026-10-02T01:01:04.695736+02:00
306896320,de:12067:900310847::2,0.0,2026-10-02T01:01:04.695736+02:00
306896320,de:12067:900310846::2,0.0,2026-10-02T01:01:04.695736+02:00
306896320,de:12067:900310854::2,0.0,2026-10-02T01:01:04.695736+02:00
306896320,de:12067:900310857::2,0.0,2026-10-02T01:01:04.695736+02:00
306896320,de:12067:900311970::1,0.0,2026-10-02T01:01:04.695736+02:00
306896320,de:12067:900310853::1,0.0,2026-10-02T01:01:04.695736+02:00
306896320,de:12067:900310845::1,0.0,2026-10-02T01:01:04.695736+02:00
306896320,de:12067:900310855::2,0.0,2026-10-02T01:01:04.695736+02:00
306896320,de:12067:900310844::2,0.0,2026-10-02T01:01:04.695736+02:00
306896320,de:12067:900310856::1,0.0,2026-10-02T01:01:04.695736+02:00
306896320,de:12067:900310849::2,0.0,2026-10-02T01:01:04.695736+02:00
306896320,de:12067:900310851::2,0.0,2026-10-02T01:01:04.695736+02:00
306896320,de:12067:900310850::2,0.0,2026-10-02T01:01:04.695736+02:00
306896320,de:12067:900310852::2,0.0,2026-10-02T01:01:04.695736+02:00
306896320,de:12067:900310555::2,0.0,2026-10-02T01:01:04.695736+02:00
306896320,de:12067:900310557::2,0.0,2026-10-02T01:01:04.695736+02:00
306896320,de:12067:900310013::7,0.0,2026-10-02T01:01:04.695736+02:00
307292675,de:12061:900260001:2:52,0.0,2026-10-02T01:01:04.695736+02:00
307292675,de:12061:900260002:1:51,-0.8,2026-10-02T01:01:04.695736+02:00
307292675,de:12061:900260003:1:51,-0.7,2026-10-02T01:01:04.695736+02:00
307292675,de:12061:900260004:1:51,-0.9,2026-10-02T01:01:04.695736+02:00
307292675,de:11000:900186001:2:53,-0.2,2026-10-02T01:01:04.695736+02:00
307292675,de:11000:900193002:1:51,-0.2,2026-10-02T01:01:04.695736+02:00
307292675,de:11000:900193001:2:51,-0.8,2026-10-02T01:01:04.695736+02:00
307292675,de:11000:900192001:3:55,-0.7,2026-10-02T01:01:04.695736+02:00
307292675,de:11000:900191001:1:50,-0.4,2026-10-02T01:01:04.695736+02:00
307292675,de:11000:900077155:1:50,-0.9,2026-10-02T01:01:04.695736+02:00
307292675,de:11000:900078201:1:50,-0.4,2026-10-02T01:01:04.695736+02:00
307292675,de:11000:900079221:1:50,-0.2,2026-10-02T01:01:04.695736+02:00
307292675,de:11000:900068201:1:50,-0.8,2026-10-02T01:01:04.695736+02:00
307292675,de:11000:900058101:5:58,-0.1,2026-10-02T01:01:04.695736+02:00
307292675,de:11000:900054104:2:52,-0.2,2026-10-02T01:01:04.695736+02:00
307292675,de:11000:900054105:1:50,-0.9,2026-10-02T01:01:04.695736+02:00
307292675,de:11000:900044202:1:50,-0.7,2026-10-02T01:01:04.695736+02:00
307292660,de:12061:900260001:2:52,0.0,2026-10-02T01:01:04.695736+02:00
307292660,de:12061:900260002:1:51,-0.8,2026-10-02T01:01:04.695736+02:00
307292660,de:12061:900260003:1:51,-0.7,2026-10-02T01:01:04.695736+02:00
307292660,de:12061:900260004:1:51,-0.9,2026-10-02T01:01:04.695736+02:00
307292660,de:11000:900186001:2:53,-0.2,2026-10-02T01:01:04.695736+02:00
307292660,de:11000:900193002:1:51,-0.2,2026-10-02T01:01:04.695736+02:00
307292660,de:11000:900193001:2:51,-0.8,2026-10-02T01:01:04.695736+02:00
307292660,de:11000:900192001:3:55,-0.7,2026-10-02T01:01:04.695736+02:00
307292660,de:11000:900191001:1:50,-0.4,2026-10-02T01:01:04.695736+02:00
307292660,de:11000:900077155:1:50,-0.9,2026-10-02T01:01:04.695736+02:00
307292660,de:11000:900078201:1:50,-0.4,2026-10-02T01:01:04.695736+02:00
307292660,de:11000:900079221:1:50,-0.2,2026-10-02T01:01:04.695736+02:00
307292660,de:11000:900068201:1:50,-0.8,2026-10-02T01:01:04.695736+02:00
307292660,de:11000:900058101:5:58,-0.1,2026-10-02T01:01:04.695736+02:00
307292660,de:11000:900054104:2:52,-0.2,2026-10-02T01:01:04.695736+02:00
307292660,de:11000:900054105:1:50,-0.9,2026-10-02T01:01:04.695736+02:00
307292660,de:11000:900044202:1:50,-0.7,2026-10-02T01:01:04.695736+02:00
307292655,de:12061:900260001:2:52,0.0,2026-10-02T01:01:04.695736+02:00
307292655,de:12061:900260002:1:51,-0.8,2026-10-02T01:01:04.695736+02:00
307292655,de:12061:900260003:1:51,-0.7,2026-10-02T01:01:04.695736+02:00
307292655,de:12061:900260004:1:51,-0.9,2026-10-02T01:01:04.695736+02:00
307292655,de:11000:900186001:2:53,-0.2,2026-10-02T01:01:04.695736+02:00
307292655,de:11000:900193002:1:51,-0.2,2026-10-02T01:01:04.695736+02:00
307292655,de:11000:900193001:2:51,-0.8,2026-10-02T01:01:04.695736+02:00
307292655,de:11000:900192001:3:55,-0.7,2026-10-02T01:01:04.695736+02:00
307292655,de:11000:900191001:1:50,-0.4,2026-10-02T01:01:04.695736+02:00
307292655,de:11000:900077155:1:50,-0.9,2026-10-02T01:01:04.695736+02:00
307292655,de:11000:900078201:1:50,-0.4,2026-10-02T01:01:04.695736+02:00
307292655,de:11000:900079221:1:50,-0.2,2026-10-02T01:01:04.695736+02:00
307292655,de:11000:900068201:1:50,-0.8,2026-10-02T01:01:04.695736+02:00
307292655,de:11000:900058101:5:58,-0.1,2026-10-02T01:01:04.695736+02:00
307292655,de:11000:900054104:2:52,-0.2,2026-10-02T01:01:04.695736+02:00
307292655,de:11000:900054105:1:50,-0.9,2026-10-02T01:01:04.695736+02:00
307292655,de:11000:900044202:1:50,-0.7,2026-10-02T01:01:04.695736+02:00
307292212,de:11000:900044202:1:51,0.0,2026-10-02T01:01:04.695736+02:00
307292212,de:11000:900054105:1:51,-0.2,2026-10-02T01:01:04.695736+02:00
307292212,de:11000:900054104:2:53,-0.8,2026-10-02T01:01:04.695736+02:00
307292212,de:11000:900058101:5:59,-0.7,2026-10-02T01:01:04.695736+02:00
307292212,de:11000:900068201:1:51,-0.3,2026-10-02T01:01:04.695736+02:00
307292212,de:11000:900079221:1:51,-0.9,2026-10-02T01:01:04.695736+02:00
307292212,de:11000:900078201:1:51,-0.6,2026-10-02T01:01:04.695736+02:00
307292212,de:11000:900077155:1:51,-0.2,2026-10-02T01:01:04.695736+02:00
307292212,de:11000:900191001:2:51,-0.7,2026-10-02T01:01:04.695736+02:00
307292212,de:11000:900192001:2:52,-0.7,2026-10-02T01:01:04.695736+02:00
307292212,de:11000:900193001:1:50,-0.2,2026-10-02T01:01:04.695736+02:00
307292212,de:11000:900193002:1:50,-0.8,2026-10-02T01:01:04.695736+02:00
307292212,de:11000:900186001:1:50,-0.8,2026-10-02T01:01:04.695736+02:00
307292212,de:12061:900260004:1:50,-0.2,2026-10-02T01:01:04.695736+02:00
307292212,de:12061:900260003:1:50,-0.4,2026-10-02T01:01:04.695736+02:00
307292212,de:12061:900260002:1:51,-0.2,2026-10-02T01:01:04.695736+02:00
307292212,de:12061:900260001:2:52,-0.2,2026-10-02T01:01:04.695736+02:00
307292646,de:12061:900260001:2:52,0.0,2026-10-02T01:01:04.695736+02:00
307292646,de:12061:900260002:1:51,-0.8,2026-10-02T01:01:04.695736+02:00
307292646,de:12061:900260003:1:51,-0.7,2026-10-02T01:01:04.695736+02:00
307292646,de:12061:900260004:1:51,-0.9,2026-10-02T01:01:04.695736+02:00
307292646,de:11000:900186001:2:53,-0.2,2026-10-02T01:01:04.695736+02:00
307292646,de:11000:900193002:1:51,-0.2,2026-10-02T01:01:04.695736+02:00
307292646,de:11000:900193001:2:51,-0.8,2026-10-02T01:01:04.695736+02:00
307292646,de:11000:900192001:3:55,-0.7,2026-10-02T01:01:04.695736+02:00
307292646,de:11000:900191001:1:50,-0.4,2026-10-02T01:01:04.695736+02:00
307292646,de:11000:900077155:1:50,-0.9,2026-10-02T01:01:04.695736+02:00
307292646,de:11000:900078201:1:50,-0.4,2026-10-02T01:01:04.695736+02:00
307292646,de:11000:900079221:1:50,-0.2,2026-10-02T01:01:04.695736+02:00
307292646,de:11000:900068201:1:50,-0.8,2026-10-02T01:01:04.695736+02:00
307292646,de:11000:900058101:5:58,-0.1,2026-10-02T01:01:04.695736+02:00
307292646,de:11000:900054104:2:52,-0.2,2026-10-02T01:01:04.695736+02:00
307292646,de:11000:900054105:1:50,-0.9,2026-10-02T01:01:04.695736+02:00
307292646,de:11000:900044202:1:50,-0.7,2026-10-02T01:01:04.695736+02:00
295933057,de:11000:900192001:2:53,0.0,2026-10-02T01:01:04.695736+02:00
295933057,de:11000:900192002:1:50,-0.5,2026-10-02T01:01:04.695736+02:00
295933057,de:11000:900180003:1:50,-0.7,2026-10-02T01:01:04.695736+02:00
295932999,de:11000:900058101:5:59,0.0,2026-10-02T01:01:04.695736+02:00
295932999,de:11000:900068201:1:51,-0.3,2026-10-02T01:01:04.695736+02:00
295932999,de:11000:900079221:1:51,-0.9,2026-10-02T01:01:04.695736+02:00
295932999,de:11000:900078201:1:51,-0.6,2026-10-02T01:01:04.695736+02:00
295932999,de:11000:900077155:1:51,-0.2,2026-10-02T01:01:04.695736+02:00
295932999,de:11000:900191001:2:51,-0.7,2026-10-02T01:01:04.695736+02:00
295932999,de:11000:900192001:2:53,-0.7,2026-10-02T01:01:04.695736+02:00
295932999,de:11000:900192002:1:50,-0.5,2026-10-02T01:01:04.695736+02:00
295932999,de:11000:900180003:1:50,-0.7,2026-10-02T01:01:04.695736+02:00
306896944,de:12067:900310040::2,0.0,2026-10-02T01:01:04.695736+02:00
306896944,de:12067:900310110::2,0.0,2026-10-02T01:01:04.695736+02:00
306896944,de:12067:900310946::2,0.0,2026-10-02T01:01:04.695736+02:00
306896944,de:12067:900310979::2,0.0,2026-10-02T01:01:04.695736+02:00
306896944,de:12067:900310703::2,0.0,2026-10-02T01:01:04.695736+02:00
306896944,de:12067:900310915::2,-0.5,2026-10-02T01:01:04.695736+02:00
306896944,de:12067:900310916::2,-0.5,2026-10-02T01:01:04.695736+02:00
306896944,de:12067:900310917::2,0.0,2026-10-02T01:01:04.695736+02:00
306896944,de:12067:900310900::2,0.0,2026-10-02T01:01:04.695736+02:00
306896944,de:12067:900310880::2,0.0,2026-10-02T01:01:04.695736+02:00
306896944,de:12067:900310010::2,0.0,2026-10-02T01:01:04.695736+02:00
306896944,de:12067:900310770::2,0.0,2026-10-02T01:01:04.695736+02:00
306896944,de:12067:900310812::2,0.0,2026-10-02T01:01:04.695736+02:00
306896944,de:12067:900310630::2,0.0,2026-10-02T01:01:04.695736+02:00
306896944,de:12067:900310811::2,0.0,2026-10-02T01:01:04.695736+02:00
306896944,de:12067:900310771::2,0.0,2026-10-02T01:01:04.695736+02:00
306896944,de:12067:900310822::2,0.0,2026-10-02T01:01:04.695736+02:00
306896944,de:12067:900310781::2,-0.5,2026-10-02T01:01:04.695736+02:00
306896944,de:12067:900310627::2,0.0,2026-10-02T01:01:04.695736+02:00
306896944,de:12067:900310816::2,-0.5,2026-10-02T01:01:04.695736+02:00
306896944,de:12067:900310022::1,-0.5,2026-10-02T01:01:04.695736+02:00
306896944,de:12067:900310001::11,-0.5,2026-10-02T01:01:04.695736+02:00
295942238,de:11000:900176001:2:52,0.0,2026-10-02T01:01:04.695736+02:00
295942238,de:11000:900175002:1:50,-0.7,2026-10-02T01:01:04.695736+02:00
295942238,de:11000:900175001:1:50,-0.6,2026-10-02T01:01:04.695736+02:00
295942238,de:11000:900171001:1:50,-0.3,2026-10-02T01:01:04.695736+02:00
295942238,de:11000:900171002:1:51,-0.4,2026-10-02T01:01:04.695736+02:00
295942238,de:11000:900160004:1:51,-0.8,2026-10-02T01:01:04.695736+02:00
295942238,de:11000:900160003:1:51,-0.8,2026-10-02T01:01:04.695736+02:00
295942238,de:11000:900120003:3:54,-0.9,2026-10-02T01:01:04.695736+02:00
295942238,de:11000:900120004:2:52,-0.1,2026-10-02T01:01:04.695736+02:00
295940307,de:11000:900176001:1:50,0.0,2026-10-02T01:01:04.695736+02:00
295940307,de:11000:900175002:1:50,-0.7,2026-10-02T01:01:04.695736+02:00
295940307,de:11000:900175001:1:50,-0.6,2026-10-02T01:01:04.695736+02:00
295940307,de:11000:900171001:1:50,-0.3,2026-10-02T01:01:04.695736+02:00
295940307,de:11000:900171002:1:51,-0.4,2026-10-02T01:01:04.695736+02:00
295940307,de:11000:900160004:1:51,-0.8,2026-10-02T01:01:04.695736+02:00
295940307,de:11000:900160003:1:51,-0.9,2026-10-02T01:01:04.695736+02:00
295940307,de:11000:900120003:3:55,-0.1,2026-10-02T01:01:04.695736+02:00
295940307,de:11000:900120004:2:53,-0.6,2026-10-02T01:01:04.695736+02:00
295940307,de:11000:900120005:5:58,-0.9,2026-10-02T01:01:04.695736+02:00
295940307,de:11000:900100004:1:51,-0.4,2026-10-02T01:01:04.695736+02:00
295940307,de:11000:900100003:2:53,-0.4,2026-10-02T01:01:04.695736+02:00
295940307,de:11000:900100002:1:51,-0.4,2026-10-02T01:01:04.695736+02:00
295940307,de:11000:900100001:3:55,-0.4,2026-10-02T01:01:04.695736+02:00
295940307,de:11000:900003201:3:55,-0.1,2026-10-02T01:01:04.695736+02:00
295940307,de:11000:900003102:1:51,-0.8,2026-10-02T01:01:04.695736+02:00
295940307,de:11000:900003103:1:51,-0.9,2026-10-02T01:01:04.695736+02:00
295940307,de:11000:900023201:3:55,-0.8,2026-10-02T01:01:04.695736+02:00
295940307,de:11000:900024203:1:51,-0.8,2026-10-02T01:01:04.695736+02:00
295940307,de:11000:900024101:4:57,-0.8,2026-10-02T01:01:04.695736+02:00
295940307,de:11000:900024102:1:51,-0.1,2026-10-02T01:01:04.695736+02:00
307305265,de:11000:900176001:1:51,0.0,2026-10-02T01:01:04.695736+02:00
307305265,de:11000:900175002:1:50,-0.7,2026-10-02T01:01:04.695736+02:00
307305265,de:11000:900175001:1:50,-0.6,2026-10-02T01:01:04.695736+02:00
307305265,de:11000:900171001:1:50,-0.3,2026-10-02T01:01:04.695736+02:00
307305265,de:11000:900171002:1:51,-0.4,2026-10-02T01:01:04.695736+02:00
307305265,de:11000:900160004:1:51,-0.8,2026-10-02T01:01:04.695736+02:00
307305265,de:11000:900160003:1:51,-0.9,2026-10-02T01:01:04.695736+02:00
307305265,de:11000:900120003:3:55,-0.1,2026-10-02T01:01:04.695736+02:00
307305265,de:11000:900120004:2:53,-0.6,2026-10-02T01:01:04.695736+02:00
307305265,de:11000:900120005:5:58,-0.9,2026-10-02T01:01:04.695736+02:00
307305265,de:11000:900100004:1:51,-0.4,2026-10-02T01:01:04.695736+02:00
307305265,de:11000:900100003:2:53,-0.4,2026-10-02T01:01:04.695736+02:00
307305265,de:11000:900100002:1:51,-0.4,2026-10-02T01:01:04.695736+02:00
307305265,de:11000:900100001:3:55,-0.4,2026-10-02T01:01:04.695736+02:00
307305265,de:11000:900003201:3:55,-0.1,2026-10-02T01:01:04.695736+02:00
307305265,de:11000:900003102:1:51,-0.8,2026-10-02T01:01:04.695736+02:00
307305265,de:11000:900003103:1:51,-0.9,2026-10-02T01:01:04.695736+02:00
307305265,de:11000:900023201:3:55,-0.8,2026-10-02T01:01:04.695736+02:00
307305265,de:11000:900024203:1:51,-0.8,2026-10-02T01:01:04.695736+02:00
307305265,de:11000:900024101:4:57,-0.8,2026-10-02T01:01:04.695736+02:00
307305265,de:11000:900024102:1:50,-0.1,2026-10-02T01:01:04.695736+02:00
307305265,de:11000:900048101:1:51,-0.3,2026-10-02T01:01:04.695736+02:00
307420534,de:12064:900320014:1:51,0.0,2026-10-02T01:01:04.695736+02:00
307420534,de:12064:900320012:1:50,0.0,2026-10-02T01:01:04.695736+02:00
307420534,de:12064:900320011:1:50,0.0,2026-10-02T01:01:04.695736+02:00
307420534,de:12064:900320004:1:50,0.0,2026-10-02T01:01:04.695736+02:00
307420534,de:11000:900160004:2:53,0.0,2026-10-02T01:01:04.695736+02:00
307420534,de:11000:900120003:6:60,0.0,2026-10-02T01:01:04.695736+02:00
306895315,de:12067:900311129::3,0.0,2026-10-02T01:01:04.695736+02:00
306895315,de:12067:900310755::2,0.0,2026-10-02T01:01:04.695736+02:00
306895315,de:12067:900310728::2,0.0,2026-10-02T01:01:04.695736+02:00
306895315,de:12067:900310727::2,0.0,2026-10-02T01:01:04.695736+02:00
306895315,de:12067:900310942::1,0.0,2026-10-02T01:01:04.695736+02:00
306895315,de:12067:900310716::1,0.0,2026-10-02T01:01:04.695736+02:00
306895315,de:12067:900310984::2,0.0,2026-10-02T01:01:04.695736+02:00
306895315,de:12067:900310987::1,0.0,2026-10-02T01:01:04.695736+02:00
306895315,de:12067:900311062::1,0.0,2026-10-02T01:01:04.695736+02:00
306895315,de:12067:900311063::2,0.0,2026-10-02T01:01:04.695736+02:00
306895315,de:12067:900311065::1,0.0,2026-10-02T01:01:04.695736+02:00
306895315,de:12067:900310826::1,0.0,2026-10-02T01:01:04.695736+02:00
306895315,de:12067:900311098::1,0.0,2026-10-02T01:01:04.695736+02:00
306895315,de:12067:900310906::1,0.0,2026-10-02T01:01:04.695736+02:00
306895315,de:12067:900310905::1,0.0,2026-10-02T01:01:04.695736+02:00
306895315,de:12067:900310907::1,0.0,2026-10-02T01:01:04.695736+02:00
306895315,de:12061:900261694::1,0.0,2026-10-02T01:01:04.695736+02:00
306895315,de:12067:900311081::1,0.0,2026-10-02T01:01:04.695736+02:00
306895315,de:12067:900310907::2,0.0,2026-10-02T01:01:04.695736+02:00
306895315,de:12067:900310744::1,0.0,2026-10-02T01:01:04.695736+02:00
306895315,de:12067:900311003::2,0.0,2026-10-02T01:01:04.695736+02:00
306895315,de:12067:900311068::1,0.0,2026-10-02T01:01:04.695736+02:00
306895315,de:12067:900310934::1,0.0,2026-10-02T01:01:04.695736+02:00
306895315,de:12061:900261734::2,0.0,2026-10-02T01:01:04.695736+02:00
306895315,de:12061:900261208::1,0.0,2026-10-02T01:01:04.695736+02:00
306895315,de:12061:900261207::1,0.0,2026-10-02T01:01:04.695736+02:00
306895315,de:12061:900261207::1,-3.0,2026-10-02T01:01:04.695736+02:00
306895315,de:12061:900261210::1,0.0,2026-10-02T01:01:04.695736+02:00
306895315,de:12061:900261207::1,3.0,2026-10-02T01:01:04.695736+02:00
306895315,de:12061:900261207::1,0.0,2026-10-02T01:01:04.695736+02:00
306895315,de:12061:900261420::1,0.0,2026-10-02T01:01:04.695736+02:00
306895315,de:12061:900261465::1,0.0,2026-10-02T01:01:04.695736+02:00
306895315,de:12061:900261462::1,0.0,2026-10-02T01:01:04.695736+02:00
295946308,de:11000:900170004:1:50,0.0,2026-10-02T01:01:04.695736+02:00
295946308,de:11000:900170003:1:51,-0.3,2026-10-02T01:01:04.695736+02:00
295946308,de:11000:900170002:1:51,-0.1,2026-10-02T01:01:04.695736+02:00
295946308,de:11000:900170001:1:51,-0.9,2026-10-02T01:01:04.695736+02:00
295946308,de:11000:900170005:1:51,-0.7,2026-10-02T01:01:04.695736+02:00
295946308,de:11000:900171003:1:51,-0.6,2026-10-02T01:01:04.695736+02:00
295946308,de:11000:900171002:1:51,-0.9,2026-10-02T01:01:04.695736+02:00
295946308,de:11000:900160004:1:51,-0.3,2026-10-02T01:01:04.695736+02:00
295946308,de:11000:900160003:1:51,-0.4,2026-10-02T01:01:04.695736+02:00
295946308,de:11000:900120003:3:55,-0.6,2026-10-02T01:01:04.695736+02:00
295946308,de:11000:900120004:2:53,-0.1,2026-10-02T01:01:04.695736+02:00
295946308,de:11000:900120005:5:58,-0.4,2026-10-02T01:01:04.695736+02:00
295946308,de:11000:900100004:1:51,-0.9,2026-10-02T01:01:04.695736+02:00
295946308,de:11000:900100003:2:53,-0.9,2026-10-02T01:01:04.695736+02:00
295946308,de:11000:900100002:1:51,-0.9,2026-10-02T01:01:04.695736+02:00
295946308,de:11000:900100001:3:55,-0.9,2026-10-02T01:01:04.695736+02:00
295946308,de:11000:900003201:3:55,-0.6,2026-10-02T01:01:04.695736+02:00
295946308,de:11000:900003102:1:51,-0.3,2026-10-02T01:01:04.695736+02:00
295946308,de:11000:900003103:1:51,-0.4,2026-10-02T01:01:04.695736+02:00
295946308,de:11000:900023201:3:55,-0.3,2026-10-02T01:01:04.695736+02:00
295946308,de:11000:900024203:1:51,-0.3,2026-10-02T01:01:04.695736+02:00
295946308,de:11000:900024101:4:57,-0.3,2026-10-02T01:01:04.695736+02:00
295946308,de:11000:900024102:1:50,-0.6,2026-10-02T01:01:04.695736+02:00
295946308,de:11000:900048101:1:50,-0.8,2026-10-02T01:01:04.695736+02:00
295946308,de:11000:900052201:2:52,0.0,2026-10-02T01:01:04.695736+02:00
295946308,de:11000:900053301:1:50,-0.4,2026-10-02T01:01:04.695736+02:00
295946308,de:12054:900230003:1:50,-0.4,2026-10-02T01:01:04.695736+02:00
295946308,de:12054:900230000:1:51,-0.4,2026-10-02T01:01:04.695736+02:00
295946308,de:12054:900230999:3:55,-0.9,2026-10-02T01:01:04.695736+02:00
295946294,de:11000:900170004:1:50,0.0,2026-10-02T01:01:04.695736+02:00
295946294,de:11000:900170003:1:51,-0.3,2026-10-02T01:01:04.695736+02:00
295946294,de:11000:900170002:1:51,-0.1,2026-10-02T01:01:04.695736+02:00
295946294,de:11000:900170001:1:51,-0.9,2026-10-02T01:01:04.695736+02:00
295946294,de:11000:900170005:1:51,-0.7,2026-10-02T01:01:04.695736+02:00
295946294,de:11000:900171003:1:51,-0.6,2026-10-02T01:01:04.695736+02:00
295946294,de:11000:900171002:1:51,-0.9,2026-10-02T01:01:04.695736+02:00
295946294,de:11000:900160004:1:51,-0.3,2026-10-02T01:01:04.695736+02:00
295946294,de:11000:900160003:1:51,-0.4,2026-10-02T01:01:04.695736+02:00
295946294,de:11000:900120003:3:55,-0.6,2026-10-02T01:01:04.695736+02:00
295946294,de:11000:900120004:2:53,-0.1,2026-10-02T01:01:04.695736+02:00
295946294,de:11000:900120005:5:58,-0.4,2026-10-02T01:01:04.695736+02:00
295946294,de:11000:900100004:1:51,-0.9,2026-10-02T01:01:04.695736+02:00
295946294,de:11000:900100003:2:53,-0.9,2026-10-02T01:01:04.695736+02:00
295946294,de:11000:900100002:1:51,-0.9,2026-10-02T01:01:04.695736+02:00
295946294,de:11000:900100001:3:55,-0.9,2026-10-02T01:01:04.695736+02:00
295946294,de:11000:900003201:3:55,-0.6,2026-10-02T01:01:04.695736+02:00
295946294,de:11000:900003102:1:51,-0.3,2026-10-02T01:01:04.695736+02:00
295946294,de:11000:900003103:1:51,-0.4,2026-10-02T01:01:04.695736+02:00
295946294,de:11000:900023201:3:55,-0.3,2026-10-02T01:01:04.695736+02:00
295946294,de:11000:900024203:1:51,-0.3,2026-10-02T01:01:04.695736+02:00
295946294,de:11000:900024101:4:57,-0.3,2026-10-02T01:01:04.695736+02:00
295946294,de:11000:900024102:1:50,-0.6,2026-10-02T01:01:04.695736+02:00
295946294,de:11000:900048101:1:50,-0.8,2026-10-02T01:01:04.695736+02:00
295946294,de:11000:900052201:2:52,0.0,2026-10-02T01:01:04.695736+02:00
295946294,de:11000:900053301:1:50,-0.4,2026-10-02T01:01:04.695736+02:00
295946294,de:12054:900230003:1:50,-0.4,2026-10-02T01:01:04.695736+02:00
295946294,de:12054:900230000:1:51,-0.4,2026-10-02T01:01:04.695736+02:00
295946294,de:12054:900230999:3:55,-0.9,2026-10-02T01:01:04.695736+02:00
295953503,de:11000:900120004:1:51,0.0,2026-10-02T01:01:04.695736+02:00
295953503,de:11000:900120003:2:52,-0.9,2026-10-02T01:01:04.695736+02:00
295953503,de:11000:900160003:1:50,-0.2,2026-10-02T01:01:04.695736+02:00
295953503,de:11000:900160004:1:50,-0.2,2026-10-02T01:01:04.695736+02:00
295953503,de:11000:900171002:1:50,-0.7,2026-10-02T01:01:04.695736+02:00
295953503,de:11000:900171003:1:50,-0.8,2026-10-02T01:01:04.695736+02:00
295953503,de:11000:900152002:1:50,-0.4,2026-10-02T01:01:04.695736+02:00
295953503,de:11000:900152001:1:50,-0.6,2026-10-02T01:01:04.695736+02:00
295953503,de:11000:900151001:1:51,-0.9,2026-10-02T01:01:04.695736+02:00
295953489,de:11000:900120004:1:51,0.0,2026-10-02T01:01:04.695736+02:00
295953489,de:11000:900120003:2:52,-0.9,2026-10-02T01:01:04.695736+02:00
295953489,de:11000:900160003:1:50,-0.2,2026-10-02T01:01:04.695736+02:00
295953489,de:11000:900160004:1:50,-0.2,2026-10-02T01:01:04.695736+02:00
295953489,de:11000:900171002:1:50,-0.7,2026-10-02T01:01:04.695736+02:00
295953489,de:11000:900171003:1:50,-0.8,2026-10-02T01:01:04.695736+02:00
295953489,de:11000:900152002:1:50,-0.4,2026-10-02T01:01:04.695736+02:00
295953489,de:11000:900152001:1:50,-0.6,2026-10-02T01:01:04.695736+02:00
295953489,de:11000:900151001:1:51,-0.9,2026-10-02T01:01:04.695736+02:00
295949559,de:11000:900160004:1:51,0.0,2026-10-02T01:01:04.695736+02:00
295949559,de:11000:900160003:1:51,-0.4,2026-10-02T01:01:04.695736+02:00
295949559,de:11000:900120003:3:55,-0.6,2026-10-02T01:01:04.695736+02:00
295949559,de:11000:900120004:2:53,-0.1,2026-10-02T01:01:04.695736+02:00
295949559,de:11000:900120005:5:58,-0.4,2026-10-02T01:01:04.695736+02:00
295949559,de:11000:900100004:1:51,-0.9,2026-10-02T01:01:04.695736+02:00
295949559,de:11000:900100003:2:53,-0.9,2026-10-02T01:01:04.695736+02:00
295949559,de:11000:900100002:1:51,-0.9,2026-10-02T01:01:04.695736+02:00
295949559,de:11000:900100001:3:55,-0.9,2026-10-02T01:01:04.695736+02:00
295949559,de:11000:900003201:3:55,-0.6,2026-10-02T01:01:04.695736+02:00
295949559,de:11000:900003102:1:51,-0.3,2026-10-02T01:01:04.695736+02:00
295949559,de:11000:900003103:1:51,-0.4,2026-10-02T01:01:04.695736+02:00
295949559,de:11000:900023201:3:55,-0.3,2026-10-02T01:01:04.695736+02:00
295949559,de:11000:900024203:1:51,-0.3,2026-10-02T01:01:04.695736+02:00
295949559,de:11000:900024101:4:57,-0.3,2026-10-02T01:01:04.695736+02:00
295949559,de:11000:900024102:1:50,-0.6,2026-10-02T01:01:04.695736+02:00
295949559,de:11000:900048101:1:50,-0.8,2026-10-02T01:01:04.695736+02:00
295949559,de:11000:900052201:2:52,0.0,2026-10-02T01:01:04.695736+02:00
295949559,de:11000:900053301:1:50,-0.4,2026-10-02T01:01:04.695736+02:00
295949559,de:12054:900230003:1:50,-0.4,2026-10-02T01:01:04.695736+02:00
295949559,de:12054:900230000:1:51,-0.4,2026-10-02T01:01:04.695736+02:00
295949559,de:12054:900230999:3:54,-0.9,2026-10-02T01:01:04.695736+02:00
295949553,de:11000:900170004:2:52,0.0,2026-10-02T01:01:04.695736+02:00
295949553,de:11000:900170003:1:51,-0.3,2026-10-02T01:01:04.695736+02:00
295949553,de:11000:900170002:1:51,-0.1,2026-10-02T01:01:04.695736+02:00
295949553,de:11000:900170001:1:51,-0.9,2026-10-02T01:01:04.695736+02:00
295949553,de:11000:900170005:1:51,-0.7,2026-10-02T01:01:04.695736+02:00
295949553,de:11000:900171003:1:51,-0.6,2026-10-02T01:01:04.695736+02:00
295949553,de:11000:900171002:1:51,-0.9,2026-10-02T01:01:04.695736+02:00
295949553,de:11000:900160004:1:51,-0.3,2026-10-02T01:01:04.695736+02:00
295949553,de:11000:900160003:1:51,-0.4,2026-10-02T01:01:04.695736+02:00
295949553,de:11000:900120003:3:55,-0.6,2026-10-02T01:01:04.695736+02:00
295949553,de:11000:900120004:2:53,-0.1,2026-10-02T01:01:04.695736+02:00
295949553,de:11000:900120005:5:58,-0.4,2026-10-02T01:01:04.695736+02:00
295949553,de:11000:900100004:1:51,-0.9,2026-10-02T01:01:04.695736+02:00
295949553,de:11000:900100003:2:53,-0.9,2026-10-02T01:01:04.695736+02:00
295949553,de:11000:900100002:1:51,-0.9,2026-10-02T01:01:04.695736+02:00
295949553,de:11000:900100001:3:55,-0.9,2026-10-02T01:01:04.695736+02:00
295949553,de:11000:900003201:3:55,-0.6,2026-10-02T01:01:04.695736+02:00
295949553,de:11000:900003102:1:51,-0.3,2026-10-02T01:01:04.695736+02:00
295949553,de:11000:900003103:1:51,-0.4,2026-10-02T01:01:04.695736+02:00
295949553,de:11000:900023201:3:55,-0.3,2026-10-02T01:01:04.695736+02:00
295949553,de:11000:900024203:1:51,-0.3,2026-10-02T01:01:04.695736+02:00
295949553,de:11000:900024101:4:57,-0.3,2026-10-02T01:01:04.695736+02:00
295949553,de:11000:900024102:1:50,-0.6,2026-10-02T01:01:04.695736+02:00
295949553,de:11000:900048101:1:50,-0.8,2026-10-02T01:01:04.695736+02:00
295949553,de:11000:900052201:2:52,0.0,2026-10-02T01:01:04.695736+02:00
295949553,de:11000:900053301:1:50,-0.4,2026-10-02T01:01:04.695736+02:00
295949553,de:12054:900230003:1:50,-0.4,2026-10-02T01:01:04.695736+02:00
295949553,de:12054:900230000:1:51,-0.4,2026-10-02T01:01:04.695736+02:00
295949553,de:12054:900230999:3:54,-0.9,2026-10-02T01:01:04.695736+02:00
295949481,de:12054:900230999:3:55,0.0,2026-10-02T01:01:04.695736+02:00
295949481,de:12054:900230000:1:50,-0.3,2026-10-02T01:01:04.695736+02:00
295949481,de:12054:900230003:1:54,-0.3,2026-10-02T01:01:04.695736+02:00
295949481,de:11000:900053301:2:53,-0.4,2026-10-02T01:01:04.695736+02:00
295949481,de:11000:900052201:2:53,-0.7,2026-10-02T01:01:04.695736+02:00
295949481,de:11000:900048101:2:53,-0.9,2026-10-02T01:01:04.695736+02:00
295949481,de:11000:900024102:2:53,-0.9,2026-10-02T01:01:04.695736+02:00
295949481,de:11000:900024101:3:55,-0.3,2026-10-02T01:01:04.695736+02:00
295949481,de:11000:900024203:1:51,-0.3,2026-10-02T01:01:04.695736+02:00
295949481,de:11000:900023201:3:54,-0.2,2026-10-02T01:01:04.695736+02:00
295949481,de:11000:900003103:1:50,-0.3,2026-10-02T01:01:04.695736+02:00
295949481,de:11000:900003102:1:50,-0.4,2026-10-02T01:01:04.695736+02:00
295949481,de:11000:900003201:3:54,0.0,2026-10-02T01:01:04.695736+02:00
295949481,de:11000:900100001:3:54,-0.6,2026-10-02T01:01:04.695736+02:00
295949481,de:11000:900100002:1:50,-0.9,2026-10-02T01:01:04.695736+02:00
295949481,de:11000:900100003:2:52,-0.6,2026-10-02T01:01:04.695736+02:00
295949481,de:11000:900100004:1:50,-0.9,2026-10-02T01:01:04.695736+02:00
295949481,de:11000:900120005:4:55,-0.1,2026-10-02T01:01:04.695736+02:00
295949481,de:11000:900120004:1:50,-0.6,2026-10-02T01:01:04.695736+02:00
295949481,de:11000:900120003:2:53,-0.9,2026-10-02T01:01:04.695736+02:00
295949481,de:11000:900160003:1:50,-0.2,2026-10-02T01:01:04.695736+02:00
295949481,de:11000:900160004:1:50,-0.2,2026-10-02T01:01:04.695736+02:00
295949481,de:11000:900171002:1:50,-0.7,2026-10-02T01:01:04.695736+02:00
295949481,de:11000:900171003:1:50,-0.8,2026-10-02T01:01:04.695736+02:00
295949481,de:11000:900170005:1:50,-0.3,2026-10-02T01:01:04.695736+02:00
295949481,de:11000:900170001:1:50,-0.1,2026-10-02T01:01:04.695736+02:00
295949481,de:11000:900170002:1:50,-0.9,2026-10-02T01:01:04.695736+02:00
295949481,de:11000:900170003:1:50,-0.7,2026-10-02T01:01:04.695736+02:00
295949481,de:11000:900170004:2:52,-0.9,2026-10-02T01:01:04.695736+02:00
295953422,de:11000:900120005:4:56,0.0,2026-10-02T01:01:04.695736+02:00
295953422,de:11000:900120004:1:50,-0.6,2026-10-02T01:01:04.695736+02:00
295953422,de:11000:900120003:2:53,-0.9,2026-10-02T01:01:04.695736+02:00
295953422,de:11000:900160003:1:50,-0.2,2026-10-02T01:01:04.695736+02:00
295953422,de:11000:900160004:1:50,-0.2,2026-10-02T01:01:04.695736+02:00
295953422,de:11000:900171002:1:50,-0.7,2026-10-02T01:01:04.695736+02:00
295953422,de:11000:900171003:1:50,-0.8,2026-10-02T01:01:04.695736+02:00
295953422,de:11000:900152002:1:50,-0.4,2026-10-02T01:01:04.695736+02:00
295953422,de:11000:900152001:1:50,-0.6,2026-10-02T01:01:04.695736+02:00
295953422,de:11000:900151001:1:51,-0.9,2026-10-02T01:01:04.695736+02:00
295949539,de:11000:900170004:2:52,0.0,2026-10-02T01:01:04.695736+02:00
295949539,de:11000:900170003:1:51,-0.3,2026-10-02T01:01:04.695736+02:00
295949539,de:11000:900170002:1:51,-0.1,2026-10-02T01:01:04.695736+02:00
295949539,de:11000:900170001:1:51,-0.9,2026-10-02T01:01:04.695736+02:00
295949539,de:11000:900170005:1:51,-0.7,2026-10-02T01:01:04.695736+02:00
295949539,de:11000:900171003:1:51,-0.6,2026-10-02T01:01:04.695736+02:00
295949539,de:11000:900171002:1:51,-0.9,2026-10-02T01:01:04.695736+02:00
295949539,de:11000:900160004:1:51,-0.3,2026-10-02T01:01:04.695736+02:00
295949539,de:11000:900160003:1:51,-0.4,2026-10-02T01:01:04.695736+02:00
295949539,de:11000:900120003:3:55,-0.6,2026-10-02T01:01:04.695736+02:00
295949539,de:11000:900120004:2:53,-0.1,2026-10-02T01:01:04.695736+02:00
295949539,de:11000:900120005:5:58,-0.4,2026-10-02T01:01:04.695736+02:00
295949539,de:11000:900100004:1:51,-0.9,2026-10-02T01:01:04.695736+02:00
295949539,de:11000:900100003:2:53,-0.9,2026-10-02T01:01:04.695736+02:00
295949539,de:11000:900100002:1:51,-0.9,2026-10-02T01:01:04.695736+02:00
295949539,de:11000:900100001:3:55,-0.9,2026-10-02T01:01:04.695736+02:00
295949539,de:11000:900003201:3:55,-0.6,2026-10-02T01:01:04.695736+02:00
295949539,de:11000:900003102:1:51,-0.3,2026-10-02T01:01:04.695736+02:00
295949539,de:11000:900003103:1:51,-0.4,2026-10-02T01:01:04.695736+02:00
295949539,de:11000:900023201:3:55,-0.3,2026-10-02T01:01:04.695736+02:00
295949539,de:11000:900024203:1:51,-0.3,2026-10-02T01:01:04.695736+02:00
295949539,de:11000:900024101:4:57,-0.3,2026-10-02T01:01:04.695736+02:00
295949539,de:11000:900024102:1:50,-0.6,2026-10-02T01:01:04.695736+02:00
295949539,de:11000:900048101:1:50,-0.8,2026-10-02T01:01:04.695736+02:00
295949539,de:11000:900052201:2:52,0.0,2026-10-02T01:01:04.695736+02:00
295949539,de:11000:900053301:1:50,-0.4,2026-10-02T01:01:04.695736+02:00
295949539,de:12054:900230003:1:50,-0.4,2026-10-02T01:01:04.695736+02:00
295949539,de:12054:900230000:1:51,-0.4,2026-10-02T01:01:04.695736+02:00
295949539,de:12054:900230999:3:54,-0.9,2026-10-02T01:01:04.695736+02:00
295949537,de:11000:900170004:2:52,0.0,2026-10-02T01:01:04.695736+02:00
295949537,de:11000:900170003:1:51,-0.3,2026-10-02T01:01:04.695736+02:00
295949537,de:11000:900170002:1:51,-0.1,2026-10-02T01:01:04.695736+02:00
295949537,de:11000:900170001:1:51,-0.9,2026-10-02T01:01:04.695736+02:00
295949537,de:11000:900170005:1:51,-0.7,2026-10-02T01:01:04.695736+02:00
295949537,de:11000:900171003:1:51,-0.6,2026-10-02T01:01:04.695736+02:00
295949537,de:11000:900171002:1:51,-0.9,2026-10-02T01:01:04.695736+02:00
295949537,de:11000:900160004:1:51,-0.3,2026-10-02T01:01:04.695736+02:00
295949537,de:11000:900160003:1:51,-0.4,2026-10-02T01:01:04.695736+02:00
295949537,de:11000:900120003:3:55,-0.6,2026-10-02T01:01:04.695736+02:00
295949537,de:11000:900120004:2:53,-0.1,2026-10-02T01:01:04.695736+02:00
295949537,de:11000:900120005:5:58,-0.4,2026-10-02T01:01:04.695736+02:00
295949537,de:11000:900100004:1:51,-0.9,2026-10-02T01:01:04.695736+02:00
295949537,de:11000:900100003:2:53,-0.9,2026-10-02T01:01:04.695736+02:00
295949537,de:11000:900100002:1:51,-0.9,2026-10-02T01:01:04.695736+02:00
295949537,de:11000:900100001:3:55,-0.9,2026-10-02T01:01:04.695736+02:00
295949537,de:11000:900003201:3:55,-0.6,2026-10-02T01:01:04.695736+02:00
295949537,de:11000:900003102:1:51,-0.3,2026-10-02T01:01:04.695736+02:00
295949537,de:11000:900003103:1:51,-0.4,2026-10-02T01:01:04.695736+02:00
295949537,de:11000:900023201:3:55,-0.3,2026-10-02T01:01:04.695736+02:00
295949537,de:11000:900024203:1:51,-0.3,2026-10-02T01:01:04.695736+02:00
295949537,de:11000:900024101:4:57,-0.3,2026-10-02T01:01:04.695736+02:00
295949537,de:11000:900024102:1:50,-0.6,2026-10-02T01:01:04.695736+02:00
295949537,de:11000:900048101:1:50,-0.8,2026-10-02T01:01:04.695736+02:00
295949537,de:11000:900052201:2:52,0.0,2026-10-02T01:01:04.695736+02:00
295949537,de:11000:900053301:1:50,-0.4,2026-10-02T01:01:04.695736+02:00
295949537,de:12054:900230003:1:50,-0.4,2026-10-02T01:01:04.695736+02:00
295949537,de:12054:900230000:1:51,-0.4,2026-10-02T01:01:04.695736+02:00
295949537,de:12054:900230999:3:54,-0.9,2026-10-02T01:01:04.695736+02:00
295956040,de:11000:900120004:1:51,0.0,2026-10-02T01:01:04.695736+02:00
295956040,de:11000:900120003:2:52,-0.9,2026-10-02T01:01:04.695736+02:00
295956040,de:11000:900160003:1:50,-0.2,2026-10-02T01:01:04.695736+02:00
295956040,de:11000:900160004:1:50,-0.2,2026-10-02T01:01:04.695736+02:00
295956040,de:11000:900171002:1:50,-0.7,2026-10-02T01:01:04.695736+02:00
295956040,de:11000:900171003:1:50,-0.8,2026-10-02T01:01:04.695736+02:00
295956040,de:11000:900152002:1:50,-0.4,2026-10-02T01:01:04.695736+02:00
295956040,de:11000:900152001:1:50,-0.6,2026-10-02T01:01:04.695736+02:00
295956040,de:11000:900151001:1:50,-0.9,2026-10-02T01:01:04.695736+02:00
295956087,de:11000:900151001:1:50,0.0,2026-10-02T01:01:04.695736+02:00
295956087,de:11000:900152001:1:51,-0.6,2026-10-02T01:01:04.695736+02:00
295956087,de:11000:900152002:1:51,-0.2,2026-10-02T01:01:04.695736+02:00
295956087,de:11000:900171003:1:51,-0.9,2026-10-02T01:01:04.695736+02:00
295956087,de:11000:900171002:1:51,-0.9,2026-10-02T01:01:04.695736+02:00
295956087,de:11000:900160004:1:51,-0.3,2026-10-02T01:01:04.695736+02:00
295956087,de:11000:900160003:1:51,-0.4,2026-10-02T01:01:04.695736+02:00
295956087,de:11000:900120003:3:54,-0.6,2026-10-02T01:01:04.695736+02:00
295956087,de:11000:900120004:2:52,-0.1,2026-10-02T01:01:04.695736+02:00
295956084,de:11000:900151001:1:50,0.0,2026-10-02T01:01:04.695736+02:00
295956084,de:11000:900152001:1:51,-0.6,2026-10-02T01:01:04.695736+02:00
295956084,de:11000:900152002:1:51,-0.2,2026-10-02T01:01:04.695736+02:00
295956084,de:11000:900171003:1:51,-0.9,2026-10-02T01:01:04.695736+02:00
295956084,de:11000:900171002:1:51,-0.9,2026-10-02T01:01:04.695736+02:00
295956084,de:11000:900160004:1:51,-0.3,2026-10-02T01:01:04.695736+02:00
295956084,de:11000:900160003:1:51,-0.4,2026-10-02T01:01:04.695736+02:00
295956084,de:11000:900120003:3:54,-0.6,2026-10-02T01:01:04.695736+02:00
295956084,de:11000:900120004:2:52,-0.1,2026-10-02T01:01:04.695736+02:00
295949529,de:11000:900170004:2:52,0.0,2026-10-02T01:01:04.695736+02:00
295949529,de:11000:900170003:1:51,-0.3,2026-10-02T01:01:04.695736+02:00
295949529,de:11000:900170002:1:51,-0.1,2026-10-02T01:01:04.695736+02:00
295949529,de:11000:900170001:1:51,-0.9,2026-10-02T01:01:04.695736+02:00
295949529,de:11000:900170005:1:51,-0.7,2026-10-02T01:01:04.695736+02:00
295949529,de:11000:900171003:1:51,-0.6,2026-10-02T01:01:04.695736+02:00
295949529,de:11000:900171002:1:51,-0.9,2026-10-02T01:01:04.695736+02:00
295949529,de:11000:900160004:1:51,-0.3,2026-10-02T01:01:04.695736+02:00
295949529,de:11000:900160003:1:51,-0.4,2026-10-02T01:01:04.695736+02:00
295949529,de:11000:900120003:3:55,-0.6,2026-10-02T01:01:04.695736+02:00
295949529,de:11000:900120004:2:53,-0.1,2026-10-02T01:01:04.695736+02:00
295949529,de:11000:900120005:5:58,-0.4,2026-10-02T01:01:04.695736+02:00
295949529,de:11000:900100004:1:51,-0.9,2026-10-02T01:01:04.695736+02:00
295949529,de:11000:900100003:2:53,-0.9,2026-10-02T01:01:04.695736+02:00
295949529,de:11000:900100002:1:51,-0.9,2026-10-02T01:01:04.695736+02:00
295949529,de:11000:900100001:3:55,-0.9,2026-10-02T01:01:04.695736+02:00
295949529,de:11000:900003201:3:55,-0.6,2026-10-02T01:01:04.695736+02:00
295949529,de:11000:900003102:1:51,-0.3,2026-10-02T01:01:04.695736+02:00
295949529,de:11000:900003103:1:51,-0.4,2026-10-02T01:01:04.695736+02:00
295949529,de:11000:900023201:3:55,-0.3,2026-10-02T01:01:04.695736+02:00
295949529,de:11000:900024203:1:51,-0.3,2026-10-02T01:01:04.695736+02:00
295949529,de:11000:900024101:4:57,-0.3,2026-10-02T01:01:04.695736+02:00
295949529,de:11000:900024102:1:50,-0.6,2026-10-02T01:01:04.695736+02:00
295949529,de:11000:900048101:1:50,-0.8,2026-10-02T01:01:04.695736+02:00
295949529,de:11000:900052201:2:52,0.0,2026-10-02T01:01:04.695736+02:00
295949529,de:11000:900053301:1:50,-0.4,2026-10-02T01:01:04.695736+02:00
295949529,de:12054:900230003:1:50,-0.4,2026-10-02T01:01:04.695736+02:00
295949529,de:12054:900230000:1:51,-0.4,2026-10-02T01:01:04.695736+02:00
295949529,de:12054:900230999:3:54,-0.9,2026-10-02T01:01:04.695736+02:00
295949453,de:12054:900230999:3:55,0.0,2026-10-02T01:01:04.695736+02:00
295949453,de:12054:900230000:1:50,-0.3,2026-10-02T01:01:04.695736+02:00
295949453,de:12054:900230003:1:54,-0.3,2026-10-02T01:01:04.695736+02:00
295949453,de:11000:900053301:2:53,-0.4,2026-10-02T01:01:04.695736+02:00
295949453,de:11000:900052201:2:53,-0.7,2026-10-02T01:01:04.695736+02:00
295949453,de:11000:900048101:2:53,-0.9,2026-10-02T01:01:04.695736+02:00
295949453,de:11000:900024102:2:53,-0.9,2026-10-02T01:01:04.695736+02:00
295949453,de:11000:900024101:3:55,-0.3,2026-10-02T01:01:04.695736+02:00
295949453,de:11000:900024203:1:51,-0.3,2026-10-02T01:01:04.695736+02:00
295949453,de:11000:900023201:3:54,-0.2,2026-10-02T01:01:04.695736+02:00
295949453,de:11000:900003103:1:50,-0.3,2026-10-02T01:01:04.695736+02:00
295949453,de:11000:900003102:1:50,-0.4,2026-10-02T01:01:04.695736+02:00
295949453,de:11000:900003201:3:54,0.0,2026-10-02T01:01:04.695736+02:00
295949453,de:11000:900100001:3:54,-0.6,2026-10-02T01:01:04.695736+02:00
295949453,de:11000:900100002:1:50,-0.9,2026-10-02T01:01:04.695736+02:00
295949453,de:11000:900100003:2:52,-0.6,2026-10-02T01:01:04.695736+02:00
295949453,de:11000:900100004:1:50,-0.9,2026-10-02T01:01:04.695736+02:00
295949453,de:11000:900120005:4:55,-0.1,2026-10-02T01:01:04.695736+02:00
295949453,de:11000:900120004:1:50,-0.6,2026-10-02T01:01:04.695736+02:00
295949453,de:11000:900120003:2:53,-0.9,2026-10-02T01:01:04.695736+02:00
295949453,de:11000:900160003:1:50,-0.2,2026-10-02T01:01:04.695736+02:00
295949453,de:11000:900160004:1:50,-0.2,2026-10-02T01:01:04.695736+02:00
295949453,de:11000:900171002:1:50,-0.7,2026-10-02T01:01:04.695736+02:00
295949453,de:11000:900171003:1:50,-0.8,2026-10-02T01:01:04.695736+02:00
295949453,de:11000:900170005:1:50,-0.3,2026-10-02T01:01:04.695736+02:00
295949453,de:11000:900170001:1:50,-0.1,2026-10-02T01:01:04.695736+02:00
295949453,de:11000:900170002:1:50,-0.9,2026-10-02T01:01:04.695736+02:00
295949453,de:11000:900170003:1:50,-0.7,2026-10-02T01:01:04.695736+02:00
295949453,de:11000:900170004:2:52,-0.9,2026-10-02T01:01:04.695736+02:00
307436883,de:12061:900261512:2:52,0.0,2026-10-02T01:01:04.695736+02:00
307436883,de:12066:900435602:2:51,0.0,2026-10-02T01:01:04.695736+02:00
307436883,de:12066:900435459:2:52,0.0,2026-10-02T01:01:04.695736+02:00
307436883,de:12066:900435818:1:50,0.0,2026-10-02T01:01:04.695736+02:00
307436883,de:12066:900435209:1:50,0.0,2026-10-02T01:01:04.695736+02:00
307436883,de:12066:900435339:1:50,0.0,2026-10-02T01:01:04.695736+02:00
307436883,de:12066:900435001:3:53,0.0,2026-10-02T01:01:04.695736+02:00
307436883,de:12066:900435000:2:53,0.0,2026-10-02T01:01:04.695736+02:00
306895488,de:12067:900310807::1,0.0,2026-10-02T01:01:04.695736+02:00
306895488,de:12067:900310815::2,0.0,2026-10-02T01:01:04.695736+02:00
306895488,de:12067:900310880::2,0.0,2026-10-02T01:01:04.695736+02:00
306895488,de:12067:900310010::2,0.0,2026-10-02T01:01:04.695736+02:00
306895488,de:12067:900310770::2,0.0,2026-10-02T01:01:04.695736+02:00
306895488,de:12067:900310812::2,0.0,2026-10-02T01:01:04.695736+02:00
306895488,de:12067:900310806::2,0.0,2026-10-02T01:01:04.695736+02:00
306895488,de:12067:900310821::2,0.0,2026-10-02T01:01:04.695736+02:00
306895488,de:12067:900310794::2,0.0,2026-10-02T01:01:04.695736+02:00
306895488,de:12067:900310808::2,0.0,2026-10-02T01:01:04.695736+02:00
306895488,de:12067:900310822::2,0.0,2026-10-02T01:01:04.695736+02:00
306895488,de:12067:900310781::2,0.0,2026-10-02T01:01:04.695736+02:00
306895488,de:12067:900310627::2,0.0,2026-10-02T01:01:04.695736+02:00
306895488,de:12067:900310816::2,0.0,2026-10-02T01:01:04.695736+02:00
306895488,de:12067:900310022::1,0.0,2026-10-02T01:01:04.695736+02:00
306895488,de:12067:900310001::11,0.0,2026-10-02T01:01:04.695736+02:00
306895488,de:12067:900310001::1,0.0,2026-10-02T01:01:04.695736+02:00
306895488,de:12067:900310696::1,0.0,2026-10-02T01:01:04.695736+02:00
306895488,de:12067:900310788::1,0.0,2026-10-02T01:01:04.695736+02:00
306895488,de:12067:900310790::1,0.0,2026-10-02T01:01:04.695736+02:00
306895488,de:12067:900310787::1,0.0,2026-10-02T01:01:04.695736+02:00
306895488,de:12067:900310809::1,0.0,2026-10-02T01:01:04.695736+02:00
306895488,de:12067:900310825::1,0.0,2026-10-02T01:01:04.695736+02:00
306895488,de:12067:900310792::2,0.0,2026-10-02T01:01:04.695736+02:00
306895488,de:12067:900310774::2,0.0,2026-10-02T01:01:04.695736+02:00
306895488,de:12067:900310793::1,0.0,2026-10-02T01:01:04.695736+02:00
306895488,de:12067:900310628::1,0.0,2026-10-02T01:01:04.695736+02:00
306895488,de:12067:900310814::1,0.0,2026-10-02T01:01:04.695736+02:00
306895488,de:12067:900311083::3,0.0,2026-10-02T01:01:04.695736+02:00
295959979,de:12065:900200008:1:51,0.0,2026-10-02T01:01:04.695736+02:00
295959979,de:12065:900200009:1:51,-0.7,2026-10-02T01:01:04.695736+02:00
295959979,de:12065:900200011:1:51,-0.3,2026-10-02T01:01:04.695736+02:00
295959979,de:12065:900200012:1:51,-0.8,2026-10-02T01:01:04.695736+02:00
295959979,de:12065:900200013:1:50,-0.4,2026-10-02T01:01:04.695736+02:00
295959979,de:11000:900142001:1:51,-0.7,2026-10-02T01:01:04.695736+02:00
295959979,de:11000:900130001:1:51,-0.2,2026-10-02T01:01:04.695736+02:00
295959979,de:11000:900130002:1:51,-0.7,2026-10-02T01:01:04.695736+02:00
295959979,de:11000:900110011:1:51,-0.2,2026-10-02T01:01:04.695736+02:00
295959979,de:11000:900110001:1:50,-0.2,2026-10-02T01:01:04.695736+02:00
295959979,de:11000:900110002:1:50,-0.9,2026-10-02T01:01:04.695736+02:00
295959979,de:11000:900110003:1:50,-0.9,2026-10-02T01:01:04.695736+02:00
295959979,de:11000:900110004:1:50,-0.3,2026-10-02T01:01:04.695736+02:00
295959979,de:11000:900110012:1:50,-0.2,2026-10-02T01:01:04.695736+02:00
295959979,de:11000:900120001:1:50,-0.2,2026-10-02T01:01:04.695736+02:00
295959979,de:11000:900120003:5:58,-0.6,2026-10-02T01:01:04.695736+02:00
295959979,de:11000:900190001:1:50,-0.1,2026-10-02T01:01:04.695736+02:00
295959979,de:11000:900191002:1:50,0.0,2026-10-02T01:01:04.695736+02:00
295959979,de:11000:900191001:2:52,-0.4,2026-10-02T01:01:04.695736+02:00
295959979,de:11000:900192001:2:52,-0.2,2026-10-02T01:01:04.695736+02:00
295959979,de:11000:900193001:1:50,-0.7,2026-10-02T01:01:04.695736+02:00
295959979,de:11000:900193002:1:50,-0.3,2026-10-02T01:01:04.695736+02:00
295959979,de:11000:900186001:1:50,-0.3,2026-10-02T01:01:04.695736+02:00
295959979,de:12061:900260004:1:50,-0.7,2026-10-02T01:01:04.695736+02:00
295959979,de:12061:900260003:1:50,-0.9,2026-10-02T01:01:04.695736+02:00
295959979,de:12061:900260002:1:50,-0.9,2026-10-02T01:01:04.695736+02:00
295959963,de:12065:900200008:1:51,0.0,2026-10-02T01:01:04.695736+02:00
295959963,de:12065:900200009:1:51,-0.7,2026-10-02T01:01:04.695736+02:00
295959963,de:12065:900200011:1:51,-0.3,2026-10-02T01:01:04.695736+02:00
295959963,de:12065:900200012:1:51,-0.8,2026-10-02T01:01:04.695736+02:00
295959963,de:12065:900200013:1:50,-0.4,2026-10-02T01:01:04.695736+02:00
295959963,de:11000:900142001:1:51,-0.7,2026-10-02T01:01:04.695736+02:00
295959963,de:11000:900130001:1:51,-0.2,2026-10-02T01:01:04.695736+02:00
295959963,de:11000:900130002:1:51,-0.7,2026-10-02T01:01:04.695736+02:00
295959963,de:11000:900110011:1:51,-0.2,2026-10-02T01:01:04.695736+02:00
295959963,de:11000:900110001:1:50,-0.2,2026-10-02T01:01:04.695736+02:00
295959963,de:11000:900110002:1:50,-0.9,2026-10-02T01:01:04.695736+02:00
295959963,de:11000:900110003:1:50,-0.9,2026-10-02T01:01:04.695736+02:00
295959963,de:11000:900110004:1:50,-0.3,2026-10-02T01:01:04.695736+02:00
295959963,de:11000:900110012:1:50,-0.2,2026-10-02T01:01:04.695736+02:00
295959963,de:11000:900120001:1:50,-0.2,2026-10-02T01:01:04.695736+02:00
295959963,de:11000:900120003:5:58,-0.6,2026-10-02T01:01:04.695736+02:00
295959963,de:11000:900190001:1:50,-0.1,2026-10-02T01:01:04.695736+02:00
295959963,de:11000:900191002:1:50,0.0,2026-10-02T01:01:04.695736+02:00
295959963,de:11000:900191001:2:52,-0.4,2026-10-02T01:01:04.695736+02:00
295959963,de:11000:900192001:2:52,-0.2,2026-10-02T01:01:04.695736+02:00
295959963,de:11000:900193001:1:50,-0.7,2026-10-02T01:01:04.695736+02:00
295959963,de:11000:900193002:1:50,-0.3,2026-10-02T01:01:04.695736+02:00
295959963,de:11000:900186001:1:51,-0.3,2026-10-02T01:01:04.695736+02:00
295959955,de:12065:900200008:1:51,0.0,2026-10-02T01:01:04.695736+02:00
295959955,de:12065:900200009:1:51,-0.7,2026-10-02T01:01:04.695736+02:00
295959955,de:12065:900200011:1:51,-0.3,2026-10-02T01:01:04.695736+02:00
295959955,de:12065:900200012:1:51,-0.8,2026-10-02T01:01:04.695736+02:00
295959955,de:12065:900200013:1:50,-0.4,2026-10-02T01:01:04.695736+02:00
295959955,de:11000:900142001:1:51,-0.7,2026-10-02T01:01:04.695736+02:00
295959955,de:11000:900130001:1:51,-0.2,2026-10-02T01:01:04.695736+02:00
295959955,de:11000:900130002:1:51,-0.7,2026-10-02T01:01:04.695736+02:00
295959955,de:11000:900110011:1:51,-0.2,2026-10-02T01:01:04.695736+02:00
295959955,de:11000:900110001:1:50,-0.2,2026-10-02T01:01:04.695736+02:00
295959955,de:11000:900110002:1:50,-0.9,2026-10-02T01:01:04.695736+02:00
295959955,de:11000:900110003:1:50,-0.9,2026-10-02T01:01:04.695736+02:00
295959955,de:11000:900110004:1:50,-0.3,2026-10-02T01:01:04.695736+02:00
295959955,de:11000:900110012:1:50,-0.2,2026-10-02T01:01:04.695736+02:00
295959955,de:11000:900120001:1:50,-0.2,2026-10-02T01:01:04.695736+02:00
295959955,de:11000:900120003:5:58,-0.6,2026-10-02T01:01:04.695736+02:00
295959955,de:11000:900190001:1:50,-0.1,2026-10-02T01:01:04.695736+02:00
295959955,de:11000:900191002:1:50,0.0,2026-10-02T01:01:04.695736+02:00
295959955,de:11000:900191001:2:52,-0.4,2026-10-02T01:01:04.695736+02:00
295959955,de:11000:900192001:2:52,-0.2,2026-10-02T01:01:04.695736+02:00
295959955,de:11000:900193001:1:50,-0.7,2026-10-02T01:01:04.695736+02:00
295959955,de:11000:900193002:1:50,-0.3,2026-10-02T01:01:04.695736+02:00
295959955,de:11000:900186001:1:51,-0.3,2026-10-02T01:01:04.695736+02:00
307332429,de:11000:900029101:1:51,0.0,2026-10-02T01:01:04.695736+02:00
307332429,de:11000:900030202:1:50,-0.3,2026-10-02T01:01:04.695736+02:00
307332429,de:11000:900025424:1:51,-0.2,2026-10-02T01:01:04.695736+02:00
307332429,de:11000:900025321:1:51,-0.2,2026-10-02T01:01:04.695736+02:00
307332429,de:11000:900026105:1:50,-0.4,2026-10-02T01:01:04.695736+02:00
307332429,de:11000:900025423:1:50,-0.7,2026-10-02T01:01:04.695736+02:00
307332429,de:11000:900024102:2:53,-0.7,2026-10-02T01:01:04.695736+02:00
307332429,de:11000:900024101:3:55,-0.3,2026-10-02T01:01:04.695736+02:00
307332429,de:11000:900024203:1:51,-0.8,2026-10-02T01:01:04.695736+02:00
307332429,de:11000:900023201:3:54,-0.7,2026-10-02T01:01:04.695736+02:00
307332429,de:11000:900003103:1:50,-0.8,2026-10-02T01:01:04.695736+02:00
307332429,de:11000:900003102:1:50,-0.9,2026-10-02T01:01:04.695736+02:00
307332429,de:11000:900003201:3:54,-0.5,2026-10-02T01:01:04.695736+02:00
307332429,de:11000:900100001:3:54,-0.1,2026-10-02T01:01:04.695736+02:00
307332429,de:11000:900100002:1:50,-0.4,2026-10-02T01:01:04.695736+02:00
307332429,de:11000:900100003:2:52,-0.1,2026-10-02T01:01:04.695736+02:00
307332429,de:11000:900100004:1:50,-0.4,2026-10-02T01:01:04.695736+02:00
307332429,de:11000:900120005:4:55,-0.6,2026-10-02T01:01:04.695736+02:00
307332429,de:11000:900120004:1:50,-0.1,2026-10-02T01:01:04.695736+02:00
307332429,de:11000:900190001:1:51,-0.2,2026-10-02T01:01:04.695736+02:00
307332429,de:11000:900191002:1:50,0.0,2026-10-02T01:01:04.695736+02:00
307332429,de:11000:900191001:2:52,-0.4,2026-10-02T01:01:04.695736+02:00
307332429,de:11000:900192001:2:52,-0.7,2026-10-02T01:01:04.695736+02:00
307332429,de:11000:900193001:1:50,-0.2,2026-10-02T01:01:04.695736+02:00
307332429,de:11000:900193002:1:50,-0.8,2026-10-02T01:01:04.695736+02:00
307332429,de:11000:900195510:1:51,-0.2,2026-10-02T01:01:04.695736+02:00
307332429,de:11000:900196001:1:50,-0.4,2026-10-02T01:01:04.695736+02:00
307332429,de:12061:900260005:3:54,-0.2,2026-10-02T01:01:04.695736+02:00
307332429,de:12061:900260080:1:50,-0.7,2026-10-02T01:01:04.695736+02:00
307332429,de:12061:900260009:3:55,-0.9,2026-10-02T01:01:04.695736+02:00
295967892,de:12061:900260009:3:55,0.0,2026-10-02T01:01:04.695736+02:00
295967892,de:12061:900260080:1:51,-0.7,2026-10-02T01:01:04.695736+02:00
295967892,de:12061:900260005:3:55,0.0,2026-10-02T01:01:04.695736+02:00
295967892,de:11000:900196001:1:51,0.0,2026-10-02T01:01:04.695736+02:00
295967892,de:11000:900195510:1:50,-0.4,2026-10-02T01:01:04.695736+02:00
295967892,de:11000:900193002:1:51,-0.6,2026-10-02T01:01:04.695736+02:00
295967892,de:11000:900193001:2:51,-0.3,2026-10-02T01:01:04.695736+02:00
295967892,de:11000:900192001:3:55,-0.2,2026-10-02T01:01:04.695736+02:00
295967892,de:11000:900191001:1:50,0.0,2026-10-02T01:01:04.695736+02:00
295967892,de:11000:900191002:1:51,-0.7,2026-10-02T01:01:04.695736+02:00
295967892,de:11000:900190001:2:53,-0.4,2026-10-02T01:01:04.695736+02:00
295967892,de:11000:900120004:2:52,-0.9,2026-10-02T01:01:04.695736+02:00
295967892,de:11000:900120005:5:57,-0.1,2026-10-02T01:01:04.695736+02:00
295967892,de:11000:900100004:1:51,-0.4,2026-10-02T01:01:04.695736+02:00
295967892,de:11000:900100003:2:53,-0.4,2026-10-02T01:01:04.695736+02:00
295967892,de:11000:900100002:1:51,-0.4,2026-10-02T01:01:04.695736+02:00
295967892,de:11000:900100001:3:55,-0.4,2026-10-02T01:01:04.695736+02:00
295967892,de:11000:900003201:3:55,-0.1,2026-10-02T01:01:04.695736+02:00
295967892,de:11000:900003102:1:51,-0.8,2026-10-02T01:01:04.695736+02:00
295967892,de:11000:900003103:1:51,-0.9,2026-10-02T01:01:04.695736+02:00
295967892,de:11000:900023201:3:55,-0.8,2026-10-02T01:01:04.695736+02:00
295967892,de:11000:900024203:1:51,-0.8,2026-10-02T01:01:04.695736+02:00
295967892,de:11000:900024101:4:57,-0.8,2026-10-02T01:01:04.695736+02:00
295967892,de:11000:900024102:1:50,-0.1,2026-10-02T01:01:04.695736+02:00
295967892,de:11000:900025423:1:50,-0.4,2026-10-02T01:01:04.695736+02:00
295967892,de:11000:900026105:1:50,-0.7,2026-10-02T01:01:04.695736+02:00
295967892,de:11000:900025321:1:50,-0.3,2026-10-02T01:01:04.695736+02:00
295967892,de:11000:900025424:1:50,-0.3,2026-10-02T01:01:04.695736+02:00
295967892,de:11000:900030202:1:50,-0.9,2026-10-02T01:01:04.695736+02:00
295967892,de:11000:900029101:1:51,-0.9,2026-10-02T01:01:04.695736+02:00
295967882,de:12061:900260009:3:55,0.0,2026-10-02T01:01:04.695736+02:00
295967882,de:12061:900260080:1:51,-0.7,2026-10-02T01:01:04.695736+02:00
295967882,de:12061:900260005:3:55,0.0,2026-10-02T01:01:04.695736+02:00
295967882,de:11000:900196001:1:51,0.0,2026-10-02T01:01:04.695736+02:00
295967882,de:11000:900195510:1:50,-0.4,2026-10-02T01:01:04.695736+02:00
295967882,de:11000:900193002:1:51,-0.6,2026-10-02T01:01:04.695736+02:00
295967882,de:11000:900193001:2:51,-0.3,2026-10-02T01:01:04.695736+02:00
295967882,de:11000:900192001:3:55,-0.2,2026-10-02T01:01:04.695736+02:00
295967882,de:11000:900191001:1:50,0.0,2026-10-02T01:01:04.695736+02:00
295967882,de:11000:900191002:1:51,-0.7,2026-10-02T01:01:04.695736+02:00
295967882,de:11000:900190001:2:53,-0.4,2026-10-02T01:01:04.695736+02:00
295967882,de:11000:900120004:2:52,-0.9,2026-10-02T01:01:04.695736+02:00
295967882,de:11000:900120005:5:57,-0.1,2026-10-02T01:01:04.695736+02:00
295967882,de:11000:900100004:1:51,-0.4,2026-10-02T01:01:04.695736+02:00
295967882,de:11000:900100003:2:53,-0.4,2026-10-02T01:01:04.695736+02:00
295967882,de:11000:900100002:1:51,-0.4,2026-10-02T01:01:04.695736+02:00
295967882,de:11000:900100001:3:55,-0.4,2026-10-02T01:01:04.695736+02:00
295967882,de:11000:900003201:3:55,-0.1,2026-10-02T01:01:04.695736+02:00
295967882,de:11000:900003102:1:51,-0.8,2026-10-02T01:01:04.695736+02:00
295967882,de:11000:900003103:1:51,-0.9,2026-10-02T01:01:04.695736+02:00
295967882,de:11000:900023201:3:55,-0.8,2026-10-02T01:01:04.695736+02:00
295967882,de:11000:900024203:1:51,-0.8,2026-10-02T01:01:04.695736+02:00
295967882,de:11000:900024101:4:57,-0.8,2026-10-02T01:01:04.695736+02:00
295967882,de:11000:900024102:1:50,-0.1,2026-10-02T01:01:04.695736+02:00
295967882,de:11000:900025423:1:50,-0.4,2026-10-02T01:01:04.695736+02:00
295967882,de:11000:900026105:1:50,-0.7,2026-10-02T01:01:04.695736+02:00
295967882,de:11000:900025321:1:50,-0.3,2026-10-02T01:01:04.695736+02:00
295967882,de:11000:900025424:1:50,-0.3,2026-10-02T01:01:04.695736+02:00
295967882,de:11000:900030202:1:50,-0.9,2026-10-02T01:01:04.695736+02:00
295967882,de:11000:900029101:1:51,-0.9,2026-10-02T01:01:04.695736+02:00
307332662,de:11000:900029101:1:51,0.0,2026-10-02T01:01:04.695736+02:00
307332662,de:11000:900030202:1:50,-0.3,2026-10-02T01:01:04.695736+02:00
307332662,de:11000:900025424:1:51,-0.2,2026-10-02T01:01:04.695736+02:00
307332662,de:11000:900025321:1:51,-0.2,2026-10-02T01:01:04.695736+02:00
307332662,de:11000:900026105:1:50,-0.4,2026-10-02T01:01:04.695736+02:00
307332662,de:11000:900025423:1:50,-0.7,2026-10-02T01:01:04.695736+02:00
307332662,de:11000:900024102:2:53,-0.7,2026-10-02T01:01:04.695736+02:00
307332662,de:11000:900024101:3:55,-0.3,2026-10-02T01:01:04.695736+02:00
307332662,de:11000:900024203:1:51,-0.8,2026-10-02T01:01:04.695736+02:00
307332662,de:11000:900023201:3:54,-0.7,2026-10-02T01:01:04.695736+02:00
307332662,de:11000:900003103:1:50,-0.8,2026-10-02T01:01:04.695736+02:00
307332662,de:11000:900003102:1:50,-0.9,2026-10-02T01:01:04.695736+02:00
307332662,de:11000:900003201:3:54,-0.5,2026-10-02T01:01:04.695736+02:00
307332662,de:11000:900100001:3:54,-0.1,2026-10-02T01:01:04.695736+02:00
307332662,de:11000:900100002:1:50,-0.4,2026-10-02T01:01:04.695736+02:00
307332662,de:11000:900100003:2:52,-0.1,2026-10-02T01:01:04.695736+02:00
307332662,de:11000:900100004:1:50,-0.4,2026-10-02T01:01:04.695736+02:00
307332662,de:11000:900120005:4:56,-0.6,2026-10-02T01:01:04.695736+02:00
307332662,de:11000:900120004:1:51,-0.1,2026-10-02T01:01:04.695736+02:00
307332662,de:11000:900190001:1:51,-0.2,2026-10-02T01:01:04.695736+02:00
307332662,de:11000:900191002:1:50,0.0,2026-10-02T01:01:04.695736+02:00
307332662,de:11000:900191001:2:52,-0.4,2026-10-02T01:01:04.695736+02:00
307332662,de:11000:900192001:2:52,-0.7,2026-10-02T01:01:04.695736+02:00
307332662,de:11000:900193001:1:50,-0.2,2026-10-02T01:01:04.695736+02:00
307332662,de:11000:900193002:1:50,-0.8,2026-10-02T01:01:04.695736+02:00
307332662,de:11000:900195510:1:51,-0.2,2026-10-02T01:01:04.695736+02:00
307332662,de:11000:900196001:1:50,-0.4,2026-10-02T01:01:04.695736+02:00
307332662,de:12061:900260005:3:54,-0.2,2026-10-02T01:01:04.695736+02:00
307332662,de:12061:900260080:1:50,-0.7,2026-10-02T01:01:04.695736+02:00
307332662,de:12061:900260009:3:55,-0.9,2026-10-02T01:01:04.695736+02:00
295967878,de:12061:900260009:3:55,0.0,2026-10-02T01:01:04.695736+02:00
295967878,de:12061:900260080:1:51,-0.7,2026-10-02T01:01:04.695736+02:00
295967878,de:12061:900260005:3:55,0.0,2026-10-02T01:01:04.695736+02:00
295967878,de:11000:900196001:1:51,0.0,2026-10-02T01:01:04.695736+02:00
295967878,de:11000:900195510:1:50,-0.4,2026-10-02T01:01:04.695736+02:00
295967878,de:11000:900193002:1:51,-0.6,2026-10-02T01:01:04.695736+02:00
295967878,de:11000:900193001:2:51,-0.3,2026-10-02T01:01:04.695736+02:00
295967878,de:11000:900192001:3:55,-0.2,2026-10-02T01:01:04.695736+02:00
295967878,de:11000:900191001:1:50,0.0,2026-10-02T01:01:04.695736+02:00
295967878,de:11000:900191002:1:51,-0.7,2026-10-02T01:01:04.695736+02:00
295967878,de:11000:900190001:2:53,-0.4,2026-10-02T01:01:04.695736+02:00
295967878,de:11000:900120004:2:52,-0.9,2026-10-02T01:01:04.695736+02:00
295967878,de:11000:900120005:5:57,-0.1,2026-10-02T01:01:04.695736+02:00
295967878,de:11000:900100004:1:51,-0.4,2026-10-02T01:01:04.695736+02:00
295967878,de:11000:900100003:2:53,-0.4,2026-10-02T01:01:04.695736+02:00
295967878,de:11000:900100002:1:51,-0.4,2026-10-02T01:01:04.695736+02:00
295967878,de:11000:900100001:3:55,-0.4,2026-10-02T01:01:04.695736+02:00
295967878,de:11000:900003201:3:55,-0.1,2026-10-02T01:01:04.695736+02:00
295967878,de:11000:900003102:1:51,-0.8,2026-10-02T01:01:04.695736+02:00
295967878,de:11000:900003103:1:51,-0.9,2026-10-02T01:01:04.695736+02:00
295967878,de:11000:900023201:3:55,-0.8,2026-10-02T01:01:04.695736+02:00
295967878,de:11000:900024203:1:51,-0.8,2026-10-02T01:01:04.695736+02:00
295967878,de:11000:900024101:4:57,-0.8,2026-10-02T01:01:04.695736+02:00
295967878,de:11000:900024102:1:50,-0.1,2026-10-02T01:01:04.695736+02:00
295967878,de:11000:900025423:1:50,-0.4,2026-10-02T01:01:04.695736+02:00
295967878,de:11000:900026105:1:50,-0.7,2026-10-02T01:01:04.695736+02:00
295967878,de:11000:900025321:1:50,-0.3,2026-10-02T01:01:04.695736+02:00
295967878,de:11000:900025424:1:50,-0.3,2026-10-02T01:01:04.695736+02:00
295967878,de:11000:900030202:1:50,-0.9,2026-10-02T01:01:04.695736+02:00
295967878,de:11000:900029101:1:51,-0.9,2026-10-02T01:01:04.695736+02:00
306052820,de:12064:900321442::1,0.0,2026-10-02T01:01:04.695736+02:00
306052820,de:12064:900321744::2,0.0,2026-10-02T01:01:04.695736+02:00
306052820,de:12064:900321742::5,0.0,2026-10-02T01:01:04.695736+02:00
306050019,de:12064:900320007::3,0.0,2026-10-02T01:01:04.695736+02:00
306050019,de:12064:900320134::2,0.0,2026-10-02T01:01:04.695736+02:00
306050019,de:12064:900320133::2,0.0,2026-10-02T01:01:04.695736+02:00
306050019,de:12064:900320679::2,0.0,2026-10-02T01:01:04.695736+02:00
306050019,de:12064:900320673::2,0.0,2026-10-02T01:01:04.695736+02:00
306050019,de:12064:900320672::2,0.0,2026-10-02T01:01:04.695736+02:00
306050019,de:12064:900320674::2,0.0,2026-10-02T01:01:04.695736+02:00
306050019,de:12064:900320675::2,0.0,2026-10-02T01:01:04.695736+02:00
306050019,de:12064:900320006::1,0.0,2026-10-02T01:01:04.695736+02:00
306050019,de:12064:900320639::2,0.0,2026-10-02T01:01:04.695736+02:00
306050019,de:12064:900320638::2,0.0,2026-10-02T01:01:04.695736+02:00
306050019,de:12064:900320685::2,0.0,2026-10-02T01:01:04.695736+02:00
306050019,de:12064:900320642::2,0.0,2026-10-02T01:01:04.695736+02:00
306050019,de:12064:900320647::2,0.0,2026-10-02T01:01:04.695736+02:00
306050019,de:12064:900320645::2,0.0,2026-10-02T01:01:04.695736+02:00
306050019,de:12064:900320643::2,0.0,2026-10-02T01:01:04.695736+02:00
306050019,de:12064:900320610::2,0.0,2026-10-02T01:01:04.695736+02:00
306050019,de:12064:900320005::2,0.0,2026-10-02T01:01:04.695736+02:00
306050020,de:12064:900320007::3,0.0,2026-10-02T01:01:04.695736+02:00
306050020,de:12064:900320134::2,0.0,2026-10-02T01:01:04.695736+02:00
306050020,de:12064:900320133::2,0.0,2026-10-02T01:01:04.695736+02:00
306050020,de:12064:900320679::2,0.0,2026-10-02T01:01:04.695736+02:00
306050020,de:12064:900320673::2,0.0,2026-10-02T01:01:04.695736+02:00
306050020,de:12064:900320672::2,0.0,2026-10-02T01:01:04.695736+02:00
306050020,de:12064:900320674::2,0.0,2026-10-02T01:01:04.695736+02:00
306050020,de:12064:900320675::2,0.0,2026-10-02T01:01:04.695736+02:00
306050020,de:12064:900320006::1,0.0,2026-10-02T01:01:04.695736+02:00
306050020,de:12064:900320639::2,0.0,2026-10-02T01:01:04.695736+02:00
306050020,de:12064:900320638::2,0.0,2026-10-02T01:01:04.695736+02:00
306050020,de:12064:900320685::2,0.0,2026-10-02T01:01:04.695736+02:00
306050020,de:12064:900320642::2,0.0,2026-10-02T01:01:04.695736+02:00
306050020,de:12064:900320647::2,0.0,2026-10-02T01:01:04.695736+02:00
306050020,de:12064:900320645::2,0.0,2026-10-02T01:01:04.695736+02:00
306050020,de:12064:900320643::2,0.0,2026-10-02T01:01:04.695736+02:00
306050020,de:12064:900320610::2,0.0,2026-10-02T01:01:04.695736+02:00
306050020,de:12064:900320005::2,0.0,2026-10-02T01:01:04.695736+02:00
295879447,de:11000:900053301:2:52,0.0,2026-10-02T01:01:04.695736+02:00
295879447,de:11000:900052201:1:51,0.0,2026-10-02T01:01:04.695736+02:00
295879447,de:11000:900050355:1:51,-0.3,2026-10-02T01:01:04.695736+02:00
295879447,de:11000:900050301:1:51,-0.4,2026-10-02T01:01:04.695736+02:00
295879447,de:11000:900049201:1:51,0.0,2026-10-02T01:01:04.695736+02:00
295879447,de:11000:900049202:1:51,0.0,2026-10-02T01:01:04.695736+02:00
295879447,de:11000:900066101:1:51,-0.3,2026-10-02T01:01:04.695736+02:00
295879447,de:11000:900066102:1:51,-0.2,2026-10-02T01:01:04.695736+02:00
295879447,de:11000:900062202:1:51,-0.2,2026-10-02T01:01:04.695736+02:00
295879447,de:11000:900063101:1:51,-0.2,2026-10-02T01:01:04.695736+02:00
295879447,de:11000:900060101:1:51,-0.9,2026-10-02T01:01:04.695736+02:00
295879447,de:11000:900054104:1:51,-0.9,2026-10-02T01:01:04.695736+02:00
295879447,de:11000:900057104:1:50,-0.4,2026-10-02T01:01:04.695736+02:00
295879447,de:11000:900057102:1:51,-0.1,2026-10-02T01:01:04.695736+02:00
295879447,de:11000:900012101:2:52,-0.9,2026-10-02T01:01:04.695736+02:00
295879447,de:11000:900100020:4:57,-0.3,2026-10-02T01:01:04.695736+02:00
295879447,de:11000:900100025:1:51,-0.4,2026-10-02T01:01:04.695736+02:00
295879447,de:11000:900100001:4:57,-0.1,2026-10-02T01:01:04.695736+02:00
295879447,de:11000:900100007:1:51,-0.2,2026-10-02T01:01:04.695736+02:00
295879447,de:11000:900007104:2:52,-0.2,2026-10-02T01:01:04.695736+02:00
295879447,de:11000:900008101:1:51,-0.9,2026-10-02T01:01:04.695736+02:00
295879447,de:11000:900007102:2:53,-0.6,2026-10-02T01:01:04.695736+02:00
295879447,de:11000:900110011:2:53,-0.9,2026-10-02T01:01:04.695736+02:00
295879447,de:11000:900085201:1:50,-0.9,2026-10-02T01:01:04.695736+02:00
295879447,de:11000:900084101:1:50,-0.7,2026-10-02T01:01:04.695736+02:00
295879447,de:11000:900096101:1:50,-0.8,2026-10-02T01:01:04.695736+02:00
295879447,de:11000:900094101:1:50,-0.1,2026-10-02T01:01:04.695736+02:00
295879447,de:11000:900093201:1:50,-0.4,2026-10-02T01:01:04.695736+02:00
295879447,de:11000:900092201:1:50,-0.2,2026-10-02T01:01:04.695736+02:00
295879447,de:12065:900200009:1:50,-0.7,2026-10-02T01:01:04.695736+02:00
295879447,de:12065:900200008:1:50,-0.7,2026-10-02T01:01:04.695736+02:00
295879447,de:12065:900200007:1:50,-0.2,2026-10-02T01:01:04.695736+02:00
295879447,de:12065:900200006:1:50,-0.5,2026-10-02T01:01:04.695736+02:00
295879447,de:12065:900200005:3:1,-0.9,2026-10-02T01:01:04.695736+02:00
295879322,de:12065:900200005:3:1,0.0,2026-10-02T01:01:04.695736+02:00
295879322,de:12065:900200006:1:51,-0.3,2026-10-02T01:01:04.695736+02:00
295879322,de:12065:900200007:1:51,-0.7,2026-10-02T01:01:04.695736+02:00
295879322,de:12065:900200008:1:51,-0.2,2026-10-02T01:01:04.695736+02:00
295879322,de:12065:900200009:1:51,-0.1,2026-10-02T01:01:04.695736+02:00
295879322,de:11000:900092201:1:51,-0.7,2026-10-02T01:01:04.695736+02:00
295879322,de:11000:900093201:1:51,-0.4,2026-10-02T01:01:04.695736+02:00
295879322,de:11000:900094101:1:51,-0.8,2026-10-02T01:01:04.695736+02:00
295879322,de:11000:900096101:1:51,-0.1,2026-10-02T01:01:04.695736+02:00
295879322,de:11000:900084101:1:51,-0.2,2026-10-02T01:01:04.695736+02:00
295879322,de:11000:900085201:1:51,-0.8,2026-10-02T01:01:04.695736+02:00
295879322,de:11000:900130003:1:51,-0.8,2026-10-02T01:01:04.695736+02:00
295879322,de:11000:900110011:1:50,-0.9,2026-10-02T01:01:04.695736+02:00
295879322,de:11000:900007102:1:50,-0.9,2026-10-02T01:01:04.695736+02:00
295879322,de:11000:900008101:1:50,0.0,2026-10-02T01:01:04.695736+02:00
295879322,de:11000:900007104:1:51,-0.7,2026-10-02T01:01:04.695736+02:00
295879322,de:11000:900100007:1:50,-0.7,2026-10-02T01:01:04.695736+02:00
295879322,de:11000:900100001:4:56,-0.5,2026-10-02T01:01:04.695736+02:00
295879322,de:11000:900100025:1:50,-0.4,2026-10-02T01:01:04.695736+02:00
295879322,de:11000:900100020:3:54,-0.4,2026-10-02T01:01:04.695736+02:00
295879322,de:11000:900012101:1:51,-0.5,2026-10-02T01:01:04.695736+02:00
295879322,de:11000:900057102:1:50,-0.7,2026-10-02T01:01:04.695736+02:00
295879322,de:11000:900057104:2:51,-0.4,2026-10-02T01:01:04.695736+02:00
295879322,de:11000:900054104:1:50,-0.3,2026-10-02T01:01:04.695736+02:00
295879322,de:11000:900060101:1:50,-0.3,2026-10-02T01:01:04.695736+02:00
295879322,de:11000:900063101:1:50,-0.1,2026-10-02T01:01:04.695736+02:00
295879322,de:11000:900062202:1:50,-0.1,2026-10-02T01:01:04.695736+02:00
295879322,de:11000:900066102:1:50,-0.2,2026-10-02T01:01:04.695736+02:00
295879322,de:11000:900066101:1:50,-0.1,2026-10-02T01:01:04.695736+02:00
295879322,de:11000:900049202:1:50,-0.3,2026-10-02T01:01:04.695736+02:00
295879322,de:11000:900049201:1:50,-0.4,2026-10-02T01:01:04.695736+02:00
295879322,de:11000:900050301:1:50,0.0,2026-10-02T01:01:04.695736+02:00
295879322,de:11000:900050355:1:50,-0.1,2026-10-02T01:01:04.695736+02:00
295879322,de:11000:900052201:1:50,-0.5,2026-10-02T01:01:04.695736+02:00
295879322,de:11000:900053301:1:51,-0.9,2026-10-02T01:01:04.695736+02:00
295879424,de:11000:900053301:2:52,0.0,2026-10-02T01:01:04.695736+02:00
295879424,de:11000:900052201:1:51,0.0,2026-10-02T01:01:04.695736+02:00
295879424,de:11000:900050355:1:51,-0.3,2026-10-02T01:01:04.695736+02:00
295879424,de:11000:900050301:1:51,-0.4,2026-10-02T01:01:04.695736+02:00
295879424,de:11000:900049201:1:51,0.0,2026-10-02T01:01:04.695736+02:00
295879424,de:11000:900049202:1:51,0.0,2026-10-02T01:01:04.695736+02:00
295879424,de:11000:900066101:1:51,-0.3,2026-10-02T01:01:04.695736+02:00
295879424,de:11000:900066102:1:51,-0.2,2026-10-02T01:01:04.695736+02:00
295879424,de:11000:900062202:1:51,-0.2,2026-10-02T01:01:04.695736+02:00
295879424,de:11000:900063101:1:51,-0.2,2026-10-02T01:01:04.695736+02:00
295879424,de:11000:900060101:1:51,-0.9,2026-10-02T01:01:04.695736+02:00
295879424,de:11000:900054104:1:51,-0.9,2026-10-02T01:01:04.695736+02:00
295879424,de:11000:900057104:1:50,-0.4,2026-10-02T01:01:04.695736+02:00
295879424,de:11000:900057102:1:51,-0.1,2026-10-02T01:01:04.695736+02:00
295879424,de:11000:900012101:2:52,-0.9,2026-10-02T01:01:04.695736+02:00
295879424,de:11000:900100020:4:57,-0.3,2026-10-02T01:01:04.695736+02:00
295879424,de:11000:900100025:1:51,-0.4,2026-10-02T01:01:04.695736+02:00
295879424,de:11000:900100001:4:57,-0.1,2026-10-02T01:01:04.695736+02:00
295879424,de:11000:900100007:1:51,-0.2,2026-10-02T01:01:04.695736+02:00
295879424,de:11000:900007104:2:52,-0.2,2026-10-02T01:01:04.695736+02:00
295879424,de:11000:900008101:1:51,-0.9,2026-10-02T01:01:04.695736+02:00
295879424,de:11000:900007102:2:53,-0.6,2026-10-02T01:01:04.695736+02:00
295879424,de:11000:900110011:2:53,-0.9,2026-10-02T01:01:04.695736+02:00
295879424,de:11000:900085201:1:50,-0.9,2026-10-02T01:01:04.695736+02:00
295879424,de:11000:900084101:1:50,-0.7,2026-10-02T01:01:04.695736+02:00
295879424,de:11000:900096101:1:50,-0.8,2026-10-02T01:01:04.695736+02:00
295879424,de:11000:900094101:1:50,-0.1,2026-10-02T01:01:04.695736+02:00
295879424,de:11000:900093201:1:50,-0.4,2026-10-02T01:01:04.695736+02:00
295879424,de:11000:900092201:1:50,-0.2,2026-10-02T01:01:04.695736+02:00
295879424,de:12065:900200009:1:50,-0.7,2026-10-02T01:01:04.695736+02:00
295879424,de:12065:900200008:1:50,-0.7,2026-10-02T01:01:04.695736+02:00
295879424,de:12065:900200007:1:50,-0.2,2026-10-02T01:01:04.695736+02:00
295879424,de:12065:900200006:1:50,-0.5,2026-10-02T01:01:04.695736+02:00
295879424,de:12065:900200005:3:1,-0.9,2026-10-02T01:01:04.695736+02:00
306895969,de:12064:900320250::1,0.0,2026-10-02T01:01:04.695736+02:00
306895969,de:12064:900320267::2,0.0,2026-10-02T01:01:04.695736+02:00
306895969,de:12067:900310017::2,0.0,2026-10-02T01:01:04.695736+02:00
306895969,de:12067:900310509::1,0.0,2026-10-02T01:01:04.695736+02:00
306895969,de:12067:900310508::1,0.0,2026-10-02T01:01:04.695736+02:00
306895969,de:12067:900310580::1,0.0,2026-10-02T01:01:04.695736+02:00
306895969,de:12067:900311095::1,0.0,2026-10-02T01:01:04.695736+02:00
306895969,de:12067:900311097::1,0.0,2026-10-02T01:01:04.695736+02:00
306895969,de:12067:900311096::2,0.0,2026-10-02T01:01:04.695736+02:00
306895969,de:12067:900311096::1,0.0,2026-10-02T01:01:04.695736+02:00
306895969,de:12067:900311097::2,0.0,2026-10-02T01:01:04.695736+02:00
306895969,de:12067:900311095::2,0.0,2026-10-02T01:01:04.695736+02:00
306895969,de:12067:900310580::2,0.0,2026-10-02T01:01:04.695736+02:00
306895969,de:12067:900310578::4,0.0,2026-10-02T01:01:04.695736+02:00
306895969,de:12067:900310534::2,0.0,2026-10-02T01:01:04.695736+02:00
306895969,de:11000:900310550::2,0.0,2026-10-02T01:01:04.695736+02:00
306895969,de:12067:900310572::2,0.0,2026-10-02T01:01:04.695736+02:00
306895969,de:12067:900310013::2,0.0,2026-10-02T01:01:04.695736+02:00
306895969,de:12067:900310563::3,0.0,2026-10-02T01:01:04.695736+02:00
306895969,de:12067:900310563::2,0.0,2026-10-02T01:01:04.695736+02:00
306895969,de:12067:900310569::1,0.0,2026-10-02T01:01:04.695736+02:00
306895969,de:12067:900310571::1,0.0,2026-10-02T01:01:04.695736+02:00
306895969,de:12067:900310579::1,0.0,2026-10-02T01:01:04.695736+02:00
306895969,de:12067:900310553::1,0.0,2026-10-02T01:01:04.695736+02:00
306895969,de:12067:900310558::2,0.0,2026-10-02T01:01:04.695736+02:00
306895969,de:12067:900310559::2,0.0,2026-10-02T01:01:04.695736+02:00
306895969,de:12067:900310560::1,0.0,2026-10-02T01:01:04.695736+02:00
306895969,de:12067:900310573::1,0.0,2026-10-02T01:01:04.695736+02:00
306895969,de:12067:900310581::1,0.0,2026-10-02T01:01:04.695736+02:00
306895306,de:12067:900311129::3,0.0,2026-10-02T01:01:04.695736+02:00
306895306,de:12067:900310755::2,0.0,2026-10-02T01:01:04.695736+02:00
306895306,de:12067:900310728::2,0.0,2026-10-02T01:01:04.695736+02:00
306895306,de:12067:900310727::2,0.0,2026-10-02T01:01:04.695736+02:00
306895306,de:12067:900310942::1,0.0,2026-10-02T01:01:04.695736+02:00
306895306,de:12067:900310716::1,0.0,2026-10-02T01:01:04.695736+02:00
306895306,de:12067:900310984::2,0.0,2026-10-02T01:01:04.695736+02:00
306895306,de:12067:900310987::1,0.0,2026-10-02T01:01:04.695736+02:00
306895306,de:12067:900311062::1,0.0,2026-10-02T01:01:04.695736+02:00
306895306,de:12067:900311063::2,0.0,2026-10-02T01:01:04.695736+02:00
306895306,de:12067:900311065::1,0.0,2026-10-02T01:01:04.695736+02:00
306895306,de:12067:900310826::1,0.0,2026-10-02T01:01:04.695736+02:00
306895306,de:12067:900310906::1,0.0,2026-10-02T01:01:04.695736+02:00
306895306,de:12067:900310905::1,0.0,2026-10-02T01:01:04.695736+02:00
306895306,de:12067:900310907::1,0.0,2026-10-02T01:01:04.695736+02:00
306895306,de:12067:900310907::2,0.0,2026-10-02T01:01:04.695736+02:00
306895306,de:12067:900310744::1,0.0,2026-10-02T01:01:04.695736+02:00
306895306,de:12067:900311003::2,0.0,2026-10-02T01:01:04.695736+02:00
306895306,de:12067:900310625::1,0.0,2026-10-02T01:01:04.695736+02:00
306895306,de:12067:900311068::1,0.0,2026-10-02T01:01:04.695736+02:00
306895306,de:12067:900310934::1,0.0,2026-10-02T01:01:04.695736+02:00
306895306,de:12061:900261734::2,0.0,2026-10-02T01:01:04.695736+02:00
306895306,de:12061:900261208::1,0.0,2026-10-02T01:01:04.695736+02:00
306895306,de:12061:900261207::1,0.0,2026-10-02T01:01:04.695736+02:00
306895306,de:12061:900261210::1,0.0,2026-10-02T01:01:04.695736+02:00
306896131,de:12067:900311043::1,0.0,2026-10-02T01:01:04.695736+02:00
306896131,de:12067:900311042::2,0.0,2026-10-02T01:01:04.695736+02:00
306896131,de:12067:900310953::2,0.0,2026-10-02T01:01:04.695736+02:00
306896131,de:12067:900310954::2,0.0,2026-10-02T01:01:04.695736+02:00
306896131,de:12067:900310956::2,0.0,2026-10-02T01:01:04.695736+02:00
306896131,de:12067:900310951::2,0.0,2026-10-02T01:01:04.695736+02:00
306896131,de:12067:900310949::1,0.0,2026-10-02T01:01:04.695736+02:00
306896131,de:12067:900310952::1,0.0,2026-10-02T01:01:04.695736+02:00
306896131,de:12067:900310015::1,0.0,2026-10-02T01:01:04.695736+02:00
306896131,de:12067:900310015::1,-6.0,2026-10-02T01:01:04.695736+02:00
306896131,de:12067:900310836::1,0.0,2026-10-02T01:01:04.695736+02:00
306896131,de:12067:900310838::1,0.0,2026-10-02T01:01:04.695736+02:00
306896131,de:12067:900310836::2,0.0,2026-10-02T01:01:04.695736+02:00
306896131,de:12067:900310015::1,6.0,2026-10-02T01:01:04.695736+02:00
306896131,de:12067:900310015::1,0.0,2026-10-02T01:01:04.695736+02:00
306896131,de:12067:900310025::2,0.0,2026-10-02T01:01:04.695736+02:00
306896131,de:12067:900310952::2,0.0,2026-10-02T01:01:04.695736+02:00
306896131,de:12067:900310949::2,0.0,2026-10-02T01:01:04.695736+02:00
306896131,de:12067:900310955::2,0.0,2026-10-02T01:01:04.695736+02:00
306896131,de:12067:900310568::2,0.0,2026-10-02T01:01:04.695736+02:00
306896131,de:12067:900310556::2,0.0,2026-10-02T01:01:04.695736+02:00
306896131,de:12067:900310558::4,0.0,2026-10-02T01:01:04.695736+02:00
306896131,de:12067:900310559::2,0.0,2026-10-02T01:01:04.695736+02:00
306896131,de:12067:900310563::4,0.0,2026-10-02T01:01:04.695736+02:00
306896131,de:12067:900310013::3,0.0,2026-10-02T01:01:04.695736+02:00
306896131,de:12067:900310554::1,0.0,2026-10-02T01:01:04.695736+02:00
295883490,de:11000:900100020:3:55,0.0,2026-10-02T01:01:04.695736+02:00
295883490,de:11000:900012101:1:51,-0.5,2026-10-02T01:01:04.695736+02:00
295883490,de:11000:900057102:1:50,-0.7,2026-10-02T01:01:04.695736+02:00
295883490,de:11000:900057104:2:51,-0.4,2026-10-02T01:01:04.695736+02:00
295883490,de:11000:900054104:1:50,-0.3,2026-10-02T01:01:04.695736+02:00
295883490,de:11000:900060101:1:50,-0.3,2026-10-02T01:01:04.695736+02:00
295883490,de:11000:900063101:1:50,-0.1,2026-10-02T01:01:04.695736+02:00
295883490,de:11000:900062202:1:50,-0.1,2026-10-02T01:01:04.695736+02:00
295883490,de:11000:900066102:1:50,-0.2,2026-10-02T01:01:04.695736+02:00
295883490,de:11000:900066101:1:50,-0.1,2026-10-02T01:01:04.695736+02:00
295883490,de:11000:900049202:1:50,-0.3,2026-10-02T01:01:04.695736+02:00
295883490,de:11000:900049201:1:50,-0.4,2026-10-02T01:01:04.695736+02:00
306896271,de:12067:900310013::3,0.0,2026-10-02T01:01:04.695736+02:00
306896271,de:12067:900310563::3,0.0,2026-10-02T01:01:04.695736+02:00
306896271,de:12067:900310559::1,0.0,2026-10-02T01:01:04.695736+02:00
306896271,de:12067:900310558::1,0.0,2026-10-02T01:01:04.695736+02:00
306896271,de:12067:900310556::1,0.0,2026-10-02T01:01:04.695736+02:00
306896271,de:12067:900310621::1,0.0,2026-10-02T01:01:04.695736+02:00
306896271,de:12067:900310568::1,0.0,2026-10-02T01:01:04.695736+02:00
306896271,de:12067:900310955::1,0.0,2026-10-02T01:01:04.695736+02:00
306896271,de:12067:900310950::1,0.0,2026-10-02T01:01:04.695736+02:00
306896271,de:12061:900260165::2,0.0,2026-10-02T01:01:04.695736+02:00
306896271,de:12061:900260169::3,0.0,2026-10-02T01:01:04.695736+02:00
306896271,de:12061:900260166::2,0.0,2026-10-02T01:01:04.695736+02:00
306896271,de:12061:900260171::2,0.0,2026-10-02T01:01:04.695736+02:00
306896271,de:12061:900260168::2,0.0,2026-10-02T01:01:04.695736+02:00
306896271,de:12061:900260167::2,0.0,2026-10-02T01:01:04.695736+02:00
306896271,de:12061:900260170::2,0.0,2026-10-02T01:01:04.695736+02:00
306896271,de:12061:900261050::1,0.0,2026-10-02T01:01:04.695736+02:00
306896271,de:12061:900261051::2,0.0,2026-10-02T01:01:04.695736+02:00
306896271,de:12061:900261048::2,0.0,2026-10-02T01:01:04.695736+02:00
306896271,de:12061:900261047::2,0.0,2026-10-02T01:01:04.695736+02:00
306896271,de:12061:900260889::2,0.0,2026-10-02T01:01:04.695736+02:00
306896271,de:12061:900260888::2,0.0,2026-10-02T01:01:04.695736+02:00
306896271,de:12061:900260886::2,0.0,2026-10-02T01:01:04.695736+02:00
306896271,de:12061:900260887::2,0.0,2026-10-02T01:01:04.695736+02:00
306896271,de:12061:900260890::2,0.0,2026-10-02T01:01:04.695736+02:00
306896271,de:12061:900260798::2,0.0,2026-10-02T01:01:04.695736+02:00
306896271,de:12061:900260001::8,0.0,2026-10-02T01:01:04.695736+02:00
295883515,de:11000:900049201:1:51,0.0,2026-10-02T01:01:04.695736+02:00
295883515,de:11000:900049202:1:51,0.0,2026-10-02T01:01:04.695736+02:00
295883515,de:11000:900066101:1:51,-0.3,2026-10-02T01:01:04.695736+02:00
295883515,de:11000:900066102:1:51,-0.2,2026-10-02T01:01:04.695736+02:00
295883515,de:11000:900062202:1:51,-0.2,2026-10-02T01:01:04.695736+02:00
295883515,de:11000:900063101:1:51,-0.2,2026-10-02T01:01:04.695736+02:00
295883515,de:11000:900060101:1:51,-0.9,2026-10-02T01:01:04.695736+02:00
295883515,de:11000:900054104:1:51,-0.9,2026-10-02T01:01:04.695736+02:00
295883515,de:11000:900057104:1:50,-0.4,2026-10-02T01:01:04.695736+02:00
295883515,de:11000:900057102:1:51,-0.1,2026-10-02T01:01:04.695736+02:00
295883515,de:11000:900012101:2:52,-0.8,2026-10-02T01:01:04.695736+02:00
295883515,de:11000:900100020:4:57,-0.9,2026-10-02T01:01:04.695736+02:00
306896556,de:12067:900310001::3,0.0,2026-10-02T01:01:04.695736+02:00
306896556,de:12067:900311149::1,0.0,2026-10-02T01:01:04.695736+02:00
306896556,de:12067:900311135::1,0.0,2026-10-02T01:01:04.695736+02:00
306896556,de:12067:900311150::1,0.0,2026-10-02T01:01:04.695736+02:00
306896556,de:12067:900310804::1,0.0,2026-10-02T01:01:04.695736+02:00
306896556,de:12067:900310814::1,0.0,2026-10-02T01:01:04.695736+02:00
306896556,de:12067:900310775::1,0.0,2026-10-02T01:01:04.695736+02:00
306896556,de:12067:900310818::1,0.0,2026-10-02T01:01:04.695736+02:00
306896556,de:12067:900310963::1,0.0,2026-10-02T01:01:04.695736+02:00
306896556,de:12067:900310959::1,0.0,2026-10-02T01:01:04.695736+02:00
306896556,de:12067:900310962::1,0.0,2026-10-02T01:01:04.695736+02:00
306896556,de:12067:900311045::1,0.0,2026-10-02T01:01:04.695736+02:00
306896556,de:12067:900311046::1,0.0,2026-10-02T01:01:04.695736+02:00
306896556,de:12067:900310871::1,0.0,2026-10-02T01:01:04.695736+02:00
306896556,de:12067:900310080::1,0.0,2026-10-02T01:01:04.695736+02:00
306896556,de:12067:900310710::1,0.0,2026-10-02T01:01:04.695736+02:00
306896556,de:12067:900310708::1,0.0,2026-10-02T01:01:04.695736+02:00
307252185,de:11000:900007102:1:51,0.0,2026-10-02T01:01:04.695736+02:00
307252185,de:11000:900009104:1:51,-0.8,2026-10-02T01:01:04.695736+02:00
307252185,de:11000:900003200:5:58,-0.7,2026-10-02T01:01:04.695736+02:00
295882574,de:11000:900053301:2:52,0.0,2026-10-02T01:01:04.695736+02:00
295882574,de:11000:900052201:1:51,0.0,2026-10-02T01:01:04.695736+02:00
295882574,de:11000:900050355:1:51,-0.3,2026-10-02T01:01:04.695736+02:00
295882574,de:11000:900050301:1:51,-0.4,2026-10-02T01:01:04.695736+02:00
295882574,de:11000:900049201:1:51,0.0,2026-10-02T01:01:04.695736+02:00
295882574,de:11000:900049202:1:51,0.0,2026-10-02T01:01:04.695736+02:00
295882574,de:11000:900066101:1:51,-0.3,2026-10-02T01:01:04.695736+02:00
295882574,de:11000:900066102:1:51,-0.2,2026-10-02T01:01:04.695736+02:00
295882574,de:11000:900062202:1:51,-0.2,2026-10-02T01:01:04.695736+02:00
295882574,de:11000:900063101:1:51,-0.2,2026-10-02T01:01:04.695736+02:00
295882574,de:11000:900060101:1:51,-0.9,2026-10-02T01:01:04.695736+02:00
295882574,de:11000:900054104:1:51,-0.9,2026-10-02T01:01:04.695736+02:00
295882574,de:11000:900057104:1:50,-0.4,2026-10-02T01:01:04.695736+02:00
295882574,de:11000:900057102:1:51,-0.1,2026-10-02T01:01:04.695736+02:00
295882574,de:11000:900012101:2:52,-0.9,2026-10-02T01:01:04.695736+02:00
295882574,de:11000:900100020:4:57,-0.3,2026-10-02T01:01:04.695736+02:00
295882574,de:11000:900100025:1:51,-0.4,2026-10-02T01:01:04.695736+02:00
295882574,de:11000:900100001:4:57,-0.1,2026-10-02T01:01:04.695736+02:00
295882574,de:11000:900100007:1:51,-0.2,2026-10-02T01:01:04.695736+02:00
295882574,de:11000:900007104:2:52,-0.2,2026-10-02T01:01:04.695736+02:00
295882574,de:11000:900008101:1:51,-0.9,2026-10-02T01:01:04.695736+02:00
295882574,de:11000:900007102:2:53,-0.6,2026-10-02T01:01:04.695736+02:00
295882574,de:11000:900110011:2:53,-0.9,2026-10-02T01:01:04.695736+02:00
295882574,de:11000:900085201:1:50,-0.9,2026-10-02T01:01:04.695736+02:00
295882574,de:11000:900084101:1:50,-0.7,2026-10-02T01:01:04.695736+02:00
295882574,de:11000:900096101:1:50,-0.8,2026-10-02T01:01:04.695736+02:00
295882574,de:11000:900094101:1:50,-0.1,2026-10-02T01:01:04.695736+02:00
295882574,de:11000:900093201:1:50,-0.4,2026-10-02T01:01:04.695736+02:00
295882574,de:11000:900092201:1:50,-0.2,2026-10-02T01:01:04.695736+02:00
295882569,de:11000:900053301:2:52,0.0,2026-10-02T01:01:04.695736+02:00
295882569,de:11000:900052201:1:51,0.0,2026-10-02T01:01:04.695736+02:00
295882569,de:11000:900050355:1:51,-0.3,2026-10-02T01:01:04.695736+02:00
295882569,de:11000:900050301:1:51,-0.4,2026-10-02T01:01:04.695736+02:00
295882569,de:11000:900049201:1:51,0.0,2026-10-02T01:01:04.695736+02:00
295882569,de:11000:900049202:1:51,0.0,2026-10-02T01:01:04.695736+02:00
295882569,de:11000:900066101:1:51,-0.3,2026-10-02T01:01:04.695736+02:00
295882569,de:11000:900066102:1:51,-0.2,2026-10-02T01:01:04.695736+02:00
295882569,de:11000:900062202:1:51,-0.2,2026-10-02T01:01:04.695736+02:00
295882569,de:11000:900063101:1:51,-0.2,2026-10-02T01:01:04.695736+02:00
295882569,de:11000:900060101:1:51,-0.9,2026-10-02T01:01:04.695736+02:00
295882569,de:11000:900054104:1:51,-0.9,2026-10-02T01:01:04.695736+02:00
295882569,de:11000:900057104:1:50,-0.4,2026-10-02T01:01:04.695736+02:00
295882569,de:11000:900057102:1:51,-0.1,2026-10-02T01:01:04.695736+02:00
295882569,de:11000:900012101:2:52,-0.9,2026-10-02T01:01:04.695736+02:00
295882569,de:11000:900100020:4:57,-0.3,2026-10-02T01:01:04.695736+02:00
295882569,de:11000:900100025:1:51,-0.4,2026-10-02T01:01:04.695736+02:00
295882569,de:11000:900100001:4:57,-0.1,2026-10-02T01:01:04.695736+02:00
295882569,de:11000:900100007:1:51,-0.2,2026-10-02T01:01:04.695736+02:00
295882569,de:11000:900007104:2:52,-0.2,2026-10-02T01:01:04.695736+02:00
295882569,de:11000:900008101:1:51,-0.9,2026-10-02T01:01:04.695736+02:00
295882569,de:11000:900007102:2:53,-0.6,2026-10-02T01:01:04.695736+02:00
295882569,de:11000:900110011:2:53,-0.9,2026-10-02T01:01:04.695736+02:00
295882569,de:11000:900085201:1:50,-0.9,2026-10-02T01:01:04.695736+02:00
295882569,de:11000:900084101:1:50,-0.7,2026-10-02T01:01:04.695736+02:00
295882569,de:11000:900096101:1:50,-0.8,2026-10-02T01:01:04.695736+02:00
295882569,de:11000:900094101:1:50,-0.1,2026-10-02T01:01:04.695736+02:00
295882569,de:11000:900093201:1:50,-0.4,2026-10-02T01:01:04.695736+02:00
295882569,de:11000:900092201:1:50,-0.2,2026-10-02T01:01:04.695736+02:00
306896027,de:12064:900320007::4,0.0,2026-10-02T01:01:04.695736+02:00
306896027,de:12064:900320113::2,0.0,2026-10-02T01:01:04.695736+02:00
306896027,de:12067:900310523::2,0.0,2026-10-02T01:01:04.695736+02:00
306896027,de:12067:900310535::2,0.0,2026-10-02T01:01:04.695736+02:00
306896027,de:12067:900310522::2,0.0,2026-10-02T01:01:04.695736+02:00
306896027,de:12067:900310021::2,0.0,2026-10-02T01:01:04.695736+02:00
306896027,de:12067:900310500::1,0.0,2026-10-02T01:01:04.695736+02:00
306896027,de:12067:900310501::2,0.0,2026-10-02T01:01:04.695736+02:00
306896027,de:12067:900310020::2,0.0,2026-10-02T01:01:04.695736+02:00
306896027,de:12067:900310528::2,0.0,2026-10-02T01:01:04.695736+02:00
306896027,de:12067:900310529::2,0.0,2026-10-02T01:01:04.695736+02:00
306896027,de:12067:900311012::2,0.0,2026-10-02T01:01:04.695736+02:00
306896027,de:12067:900311014::2,0.0,2026-10-02T01:01:04.695736+02:00
306896027,de:12067:900310536::2,0.0,2026-10-02T01:01:04.695736+02:00
306896027,de:12067:900310543::2,0.0,2026-10-02T01:01:04.695736+02:00
306896027,de:12067:900310578::4,0.0,2026-10-02T01:01:04.695736+02:00
306896027,de:12067:900310534::2,0.0,2026-10-02T01:01:04.695736+02:00
306896027,de:11000:900310550::2,0.0,2026-10-02T01:01:04.695736+02:00
306896027,de:12067:900310572::2,0.0,2026-10-02T01:01:04.695736+02:00
306896027,de:12067:900310013::7,0.0,2026-10-02T01:01:04.695736+02:00
295882436,de:11000:900092201:1:50,0.0,2026-10-02T01:01:04.695736+02:00
295882436,de:11000:900093201:1:51,-0.4,2026-10-02T01:01:04.695736+02:00
295882436,de:11000:900094101:1:51,-0.3,2026-10-02T01:01:04.695736+02:00
295882436,de:11000:900096101:1:51,-0.1,2026-10-02T01:01:04.695736+02:00
295882436,de:11000:900084101:1:51,-0.2,2026-10-02T01:01:04.695736+02:00
295882436,de:11000:900085201:1:51,-0.8,2026-10-02T01:01:04.695736+02:00
295882436,de:11000:900130003:1:51,-0.8,2026-10-02T01:01:04.695736+02:00
295882436,de:11000:900110011:1:50,-0.9,2026-10-02T01:01:04.695736+02:00
295882436,de:11000:900007102:1:50,-0.9,2026-10-02T01:01:04.695736+02:00
295882436,de:11000:900008101:1:50,0.0,2026-10-02T01:01:04.695736+02:00
295882436,de:11000:900007104:1:51,-0.7,2026-10-02T01:01:04.695736+02:00
295882436,de:11000:900100007:1:50,-0.7,2026-10-02T01:01:04.695736+02:00
295882436,de:11000:900100001:4:56,-0.5,2026-10-02T01:01:04.695736+02:00
295882436,de:11000:900100025:1:50,-0.4,2026-10-02T01:01:04.695736+02:00
295882436,de:11000:900100020:3:54,-0.4,2026-10-02T01:01:04.695736+02:00
295882436,de:11000:900012101:1:51,-0.5,2026-10-02T01:01:04.695736+02:00
295882436,de:11000:900057102:1:50,-0.7,2026-10-02T01:01:04.695736+02:00
295882436,de:11000:900057104:2:51,-0.4,2026-10-02T01:01:04.695736+02:00
295882436,de:11000:900054104:1:50,-0.3,2026-10-02T01:01:04.695736+02:00
295882436,de:11000:900060101:1:50,-0.3,2026-10-02T01:01:04.695736+02:00
295882436,de:11000:900063101:1:50,-0.1,2026-10-02T01:01:04.695736+02:00
295882436,de:11000:900062202:1:50,-0.1,2026-10-02T01:01:04.695736+02:00
295882436,de:11000:900066102:1:50,-0.2,2026-10-02T01:01:04.695736+02:00
295882436,de:11000:900066101:1:50,-0.1,2026-10-02T01:01:04.695736+02:00
295882436,de:11000:900049202:1:50,-0.3,2026-10-02T01:01:04.695736+02:00
295882436,de:11000:900049201:1:50,-0.4,2026-10-02T01:01:04.695736+02:00
295882436,de:11000:900050301:1:50,0.0,2026-10-02T01:01:04.695736+02:00
295882436,de:11000:900050355:1:50,-0.1,2026-10-02T01:01:04.695736+02:00
295882436,de:11000:900052201:1:50,-0.5,2026-10-02T01:01:04.695736+02:00
295882436,de:11000:900053301:1:51,-0.9,2026-10-02T01:01:04.695736+02:00
307439440,de:12062:900415502:2:51,0.0,2026-10-02T01:01:04.695736+02:00
307439440,de:12062:900415167:1:51,0.0,2026-10-02T01:01:04.695736+02:00
295882429,de:11000:900092201:1:50,0.0,2026-10-02T01:01:04.695736+02:00
295882429,de:11000:900093201:1:51,-0.4,2026-10-02T01:01:04.695736+02:00
295882429,de:11000:900094101:1:51,-0.3,2026-10-02T01:01:04.695736+02:00
295882429,de:11000:900096101:1:51,-0.1,2026-10-02T01:01:04.695736+02:00
295882429,de:11000:900084101:1:51,-0.2,2026-10-02T01:01:04.695736+02:00
295882429,de:11000:900085201:1:51,-0.8,2026-10-02T01:01:04.695736+02:00
295882429,de:11000:900130003:1:51,-0.8,2026-10-02T01:01:04.695736+02:00
295882429,de:11000:900110011:1:50,-0.9,2026-10-02T01:01:04.695736+02:00
295882429,de:11000:900007102:1:50,-0.9,2026-10-02T01:01:04.695736+02:00
295882429,de:11000:900008101:1:50,0.0,2026-10-02T01:01:04.695736+02:00
295882429,de:11000:900007104:1:51,-0.7,2026-10-02T01:01:04.695736+02:00
295882429,de:11000:900100007:1:50,-0.7,2026-10-02T01:01:04.695736+02:00
295882429,de:11000:900100001:4:56,-0.5,2026-10-02T01:01:04.695736+02:00
295882429,de:11000:900100025:1:50,-0.4,2026-10-02T01:01:04.695736+02:00
295882429,de:11000:900100020:3:54,-0.4,2026-10-02T01:01:04.695736+02:00
295882429,de:11000:900012101:1:51,-0.5,2026-10-02T01:01:04.695736+02:00
295882429,de:11000:900057102:1:50,-0.7,2026-10-02T01:01:04.695736+02:00
295882429,de:11000:900057104:2:51,-0.4,2026-10-02T01:01:04.695736+02:00
295882429,de:11000:900054104:1:50,-0.3,2026-10-02T01:01:04.695736+02:00
295882429,de:11000:900060101:1:50,-0.3,2026-10-02T01:01:04.695736+02:00
295882429,de:11000:900063101:1:50,-0.1,2026-10-02T01:01:04.695736+02:00
295882429,de:11000:900062202:1:50,-0.1,2026-10-02T01:01:04.695736+02:00
295882429,de:11000:900066102:1:50,-0.2,2026-10-02T01:01:04.695736+02:00
295882429,de:11000:900066101:1:50,-0.1,2026-10-02T01:01:04.695736+02:00
295882429,de:11000:900049202:1:50,-0.3,2026-10-02T01:01:04.695736+02:00
295882429,de:11000:900049201:1:50,-0.4,2026-10-02T01:01:04.695736+02:00
295882429,de:11000:900050301:1:50,0.0,2026-10-02T01:01:04.695736+02:00
295882429,de:11000:900050355:1:50,-0.1,2026-10-02T01:01:04.695736+02:00
295882429,de:11000:900052201:1:50,-0.5,2026-10-02T01:01:04.695736+02:00
295882429,de:11000:900053301:1:51,-0.9,2026-10-02T01:01:04.695736+02:00
307431828,de:12061:900260009:2:54,0.0,2026-10-02T01:01:04.695736+02:00
307431828,de:12072:900245836:2:51,0.0,2026-10-02T01:01:04.695736+02:00
307431828,de:12069:900220002:2:51,0.0,2026-10-02T01:01:04.695736+02:00
307431828,de:12054:900230002:1:50,0.0,2026-10-02T01:01:04.695736+02:00
307431828,de:12054:900220010:2:51,0.0,2026-10-02T01:01:04.695736+02:00
307431828,de:12054:900230007:2:52,0.0,2026-10-02T01:01:04.695736+02:00
307431828,de:12054:900230006:2:51,0.0,2026-10-02T01:01:04.695736+02:00
307431828,de:12054:900230999:2:53,0.0,2026-10-02T01:01:04.695736+02:00
307431828,de:12054:900230003:4:53,0.0,2026-10-02T01:01:04.695736+02:00
295882427,de:11000:900092201:1:50,0.0,2026-10-02T01:01:04.695736+02:00
295882427,de:11000:900093201:1:51,-0.4,2026-10-02T01:01:04.695736+02:00
295882427,de:11000:900094101:1:51,-0.3,2026-10-02T01:01:04.695736+02:00
295882427,de:11000:900096101:1:51,-0.1,2026-10-02T01:01:04.695736+02:00
295882427,de:11000:900084101:1:51,-0.2,2026-10-02T01:01:04.695736+02:00
295882427,de:11000:900085201:1:51,-0.8,2026-10-02T01:01:04.695736+02:00
295882427,de:11000:900130003:1:51,-0.8,2026-10-02T01:01:04.695736+02:00
295882427,de:11000:900110011:1:50,-0.9,2026-10-02T01:01:04.695736+02:00
295882427,de:11000:900007102:1:50,-0.9,2026-10-02T01:01:04.695736+02:00
295882427,de:11000:900008101:1:50,0.0,2026-10-02T01:01:04.695736+02:00
295882427,de:11000:900007104:1:51,-0.7,2026-10-02T01:01:04.695736+02:00
295882427,de:11000:900100007:1:50,-0.7,2026-10-02T01:01:04.695736+02:00
295882427,de:11000:900100001:4:56,-0.5,2026-10-02T01:01:04.695736+02:00
295882427,de:11000:900100025:1:50,-0.4,2026-10-02T01:01:04.695736+02:00
295882427,de:11000:900100020:3:54,-0.4,2026-10-02T01:01:04.695736+02:00
295882427,de:11000:900012101:1:51,-0.5,2026-10-02T01:01:04.695736+02:00
295882427,de:11000:900057102:1:50,-0.7,2026-10-02T01:01:04.695736+02:00
295882427,de:11000:900057104:2:51,-0.4,2026-10-02T01:01:04.695736+02:00
295882427,de:11000:900054104:1:50,-0.3,2026-10-02T01:01:04.695736+02:00
295882427,de:11000:900060101:1:50,-0.3,2026-10-02T01:01:04.695736+02:00
295882427,de:11000:900063101:1:50,-0.1,2026-10-02T01:01:04.695736+02:00
295882427,de:11000:900062202:1:50,-0.1,2026-10-02T01:01:04.695736+02:00
295882427,de:11000:900066102:1:50,-0.2,2026-10-02T01:01:04.695736+02:00
295882427,de:11000:900066101:1:50,-0.1,2026-10-02T01:01:04.695736+02:00
295882427,de:11000:900049202:1:50,-0.3,2026-10-02T01:01:04.695736+02:00
295882427,de:11000:900049201:1:50,-0.4,2026-10-02T01:01:04.695736+02:00
295882427,de:11000:900050301:1:50,0.0,2026-10-02T01:01:04.695736+02:00
295882427,de:11000:900050355:1:50,-0.1,2026-10-02T01:01:04.695736+02:00
295882427,de:11000:900052201:1:50,-0.5,2026-10-02T01:01:04.695736+02:00
295882427,de:11000:900053301:1:51,-0.9,2026-10-02T01:01:04.695736+02:00
307438296,de:12062:900415345:2:52,0.0,2026-10-02T01:01:04.695736+02:00
307438296,de:12062:900415240:1:50,0.0,2026-10-02T01:01:04.695736+02:00
307438296,de:12062:900415167:1:50,0.0,2026-10-02T01:01:04.695736+02:00
307438296,de:12062:900416008:2:51,0.0,2026-10-02T01:01:04.695736+02:00
307438296,de:12066:900435203:1:50,0.0,2026-10-02T01:01:04.695736+02:00
307438296,de:12066:900435061:3:54,0.0,2026-10-02T01:01:04.695736+02:00
307438296,de:12066:900435314:1:51,0.0,2026-10-02T01:01:04.695736+02:00
307438296,de:14625:6810,0.0,2026-10-02T01:01:04.695736+02:00
307438296,de:14625:8144:1:Gleis1,0.0,2026-10-02T01:01:04.695736+02:00
307438296,de:14625:8000,0.0,2026-10-02T01:01:04.695736+02:00
307433838,de:12065:900200005:2:1,0.0,2026-10-02T01:01:04.695736+02:00
307433838,de:11000:900152001:3:53,0.0,2026-10-02T01:01:04.695736+02:00
307433838,de:11000:900160004:4:56,0.0,2026-10-02T01:01:04.695736+02:00
307433838,de:11000:900120003:4:56,0.0,2026-10-02T01:01:04.695736+02:00
307433838,de:11000:900192001:1:50,0.0,2026-10-02T01:01:04.695736+02:00
307433838,de:12061:900260009:2:54,0.0,2026-10-02T01:01:04.695736+02:00
307433838,de:12072:900245030:2:51,0.0,2026-10-02T01:01:04.695736+02:00
307433838,de:12072:900245029:2:52,0.0,2026-10-02T01:01:04.695736+02:00
307431408,de:12065:900200000:1:51,0.0,2026-10-02T01:01:04.695736+02:00
307431408,de:12063:900210010:2:51,0.0,2026-10-02T01:01:04.695736+02:00
307431408,de:11000:900029101:3:55,0.0,2026-10-02T01:01:04.695736+02:00
307431408,de:11000:900024101:1:51,0.0,2026-10-02T01:01:04.695736+02:00
307431408,de:11000:900053301:3:54,0.0,2026-10-02T01:01:04.695736+02:00
307431408,de:12054:900230003:3:52,0.0,2026-10-02T01:01:04.695736+02:00
307431408,de:12054:900230999:1:51,0.0,2026-10-02T01:01:04.695736+02:00
307431408,de:12054:900230006:1:50,0.0,2026-10-02T01:01:04.695736+02:00
307431408,de:12054:900230007:1:50,0.0,2026-10-02T01:01:04.695736+02:00
307431408,de:12054:900220010:1:50,0.0,2026-10-02T01:01:04.695736+02:00
307431408,de:12054:900220012:2:51,0.0,2026-10-02T01:01:04.695736+02:00
307431408,de:12063:900210001:2:51,0.0,2026-10-02T01:01:04.695736+02:00
306896538,de:12067:900310708::1,0.0,2026-10-02T01:01:04.695736+02:00
306896538,de:12067:900310710::2,0.0,2026-10-02T01:01:04.695736+02:00
306896538,de:12067:900310081::1,0.0,2026-10-02T01:01:04.695736+02:00
306896538,de:12067:900310080::2,0.0,2026-10-02T01:01:04.695736+02:00
306896538,de:12067:900310050::1,0.0,2026-10-02T01:01:04.695736+02:00
306896538,de:12067:900311066::1,0.0,2026-10-02T01:01:04.695736+02:00
306896538,de:12067:900311067::1,0.0,2026-10-02T01:01:04.695736+02:00
306896538,de:12067:900310871::2,0.0,2026-10-02T01:01:04.695736+02:00
306896538,de:12067:900311046::2,0.0,2026-10-02T01:01:04.695736+02:00
306896538,de:12067:900311045::2,0.0,2026-10-02T01:01:04.695736+02:00
306896538,de:12067:900310962::2,0.0,2026-10-02T01:01:04.695736+02:00
306896538,de:12067:900310959::2,0.0,2026-10-02T01:01:04.695736+02:00
306896538,de:12067:900310963::2,0.0,2026-10-02T01:01:04.695736+02:00
306896538,de:12067:900311083::2,0.0,2026-10-02T01:01:04.695736+02:00
306896538,de:12067:900310814::2,0.0,2026-10-02T01:01:04.695736+02:00
306896538,de:12067:900310804::2,0.0,2026-10-02T01:01:04.695736+02:00
306896538,de:12067:900311150::2,0.0,2026-10-02T01:01:04.695736+02:00
306896538,de:12067:900311135::2,0.0,2026-10-02T01:01:04.695736+02:00
306896538,de:12067:900311149::2,0.0,2026-10-02T01:01:04.695736+02:00
306896538,de:12067:900310001::11,0.0,2026-10-02T01:01:04.695736+02:00
307433245,de:12060:900350127:2:51,0.0,2026-10-02T01:01:04.695736+02:00
307433245,de:12060:900350126:2:51,0.0,2026-10-02T01:01:04.695736+02:00
307433245,de:12060:900350137:2:51,0.0,2026-10-02T01:01:04.695736+02:00
307433245,de:12060:900350158:1:50,0.0,2026-10-02T01:01:04.695736+02:00
307433245,de:12060:900350160:2:52,0.0,2026-10-02T01:01:04.695736+02:00
307433245,de:11000:900152001:3:53,0.0,2026-10-02T01:01:04.695736+02:00
307433245,de:11000:900160004:4:56,0.0,2026-10-02T01:01:04.695736+02:00
307433245,de:11000:900120003:4:56,0.0,2026-10-02T01:01:04.695736+02:00
307433245,de:11000:900192001:1:50,0.0,2026-10-02T01:01:04.695736+02:00
307433245,de:12061:900260009:2:53,0.0,2026-10-02T01:01:04.695736+02:00
307433245,de:12072:900245027:2:53,0.0,2026-10-02T01:01:04.695736+02:00
307430391,de:11000:900029101:2:53,0.0,2026-10-02T01:01:04.695736+02:00
307430391,de:11000:900037168:1:50,0.0,2026-10-02T01:01:04.695736+02:00
307430391,de:12063:900210180:1:50,0.0,2026-10-02T01:01:04.695736+02:00
307430391,de:12063:900210010:1:50,0.0,2026-10-02T01:01:04.695736+02:00
307430391,de:12063:900210011:1:50,0.0,2026-10-02T01:01:04.695736+02:00
307430391,de:12063:900210326:1:50,0.0,2026-10-02T01:01:04.695736+02:00
307430391,de:12063:900210005:2:53,0.0,2026-10-02T01:01:04.695736+02:00
306896209,de:12067:900310013::5,0.0,2026-10-02T01:01:04.695736+02:00
306896209,de:12067:900310557::3,0.0,2026-10-02T01:01:04.695736+02:00
306896209,de:12067:900310555::1,0.0,2026-10-02T01:01:04.695736+02:00
306896209,de:12067:900311114::1,0.0,2026-10-02T01:01:04.695736+02:00
306896209,de:12067:900311023::1,0.0,2026-10-02T01:01:04.695736+02:00
306896209,de:12067:900311024::1,-0.5,2026-10-02T01:01:04.695736+02:00
306896209,de:12067:900311025::1,0.0,2026-10-02T01:01:04.695736+02:00
306896209,de:12067:900310636::1,0.0,2026-10-02T01:01:04.695736+02:00
306896209,de:12067:900310635::1,0.0,2026-10-02T01:01:04.695736+02:00
306896209,de:12067:900311022::1,0.0,2026-10-02T01:01:04.695736+02:00
306896209,de:12067:900311021::1,0.0,2026-10-02T01:01:04.695736+02:00
306896209,de:12067:900310964::1,0.0,2026-10-02T01:01:04.695736+02:00
306896209,de:12067:900311035::1,0.0,2026-10-02T01:01:04.695736+02:00
306896209,de:12067:900311034::1,0.0,2026-10-02T01:01:04.695736+02:00
306896209,de:12067:900311039::1,0.0,2026-10-02T01:01:04.695736+02:00
295893039,de:12072:900245028:1:51,0.0,2026-10-02T01:01:04.695736+02:00
295893039,de:12072:900245027:2:52,-0.9,2026-10-02T01:01:04.695736+02:00
307430298,de:12061:900260009:2:54,0.0,2026-10-02T01:01:04.695736+02:00
307430298,de:11000:900058101:3:55,0.0,2026-10-02T01:01:04.695736+02:00
307430298,de:11000:900100020:2:53,0.0,2026-10-02T01:01:04.695736+02:00
307430298,de:11000:900003200:4:57,0.0,2026-10-02T01:01:04.695736+02:00
295900272,de:12065:900200000:4:54,0.0,2026-10-02T01:01:04.695736+02:00
295900272,de:11000:900091203:1:50,0.0,2026-10-02T01:01:04.695736+02:00
295900272,de:11000:900091205:1:50,-0.2,2026-10-02T01:01:04.695736+02:00
295900272,de:11000:900089303:1:51,-0.5,2026-10-02T01:01:04.695736+02:00
295900272,de:11000:900096405:1:50,-0.8,2026-10-02T01:01:04.695736+02:00
295900272,de:11000:900096458:1:50,-0.5,2026-10-02T01:01:04.695736+02:00
295900272,de:11000:900085105:1:50,-0.8,2026-10-02T01:01:04.695736+02:00
295900272,de:11000:900085201:1:51,0.0,2026-10-02T01:01:04.695736+02:00
295900272,de:11000:900130003:1:51,-0.8,2026-10-02T01:01:04.695736+02:00
295900272,de:11000:900110011:1:50,-0.9,2026-10-02T01:01:04.695736+02:00
295900272,de:11000:900007102:1:50,-0.7,2026-10-02T01:01:04.695736+02:00
295900272,de:11000:900008101:1:50,-0.4,2026-10-02T01:01:04.695736+02:00
295900272,de:11000:900007104:1:51,-0.2,2026-10-02T01:01:04.695736+02:00
295900272,de:11000:900100007:1:50,-0.2,2026-10-02T01:01:04.695736+02:00
295900272,de:11000:900100001:4:56,0.0,2026-10-02T01:01:04.695736+02:00
295900272,de:11000:900100025:1:50,-0.9,2026-10-02T01:01:04.695736+02:00
295900272,de:11000:900100020:3:54,-0.9,2026-10-02T01:01:04.695736+02:00
295900272,de:11000:900012101:1:51,0.0,2026-10-02T01:01:04.695736+02:00
295900272,de:11000:900058103:1:50,-0.7,2026-10-02T01:01:04.695736+02:00
295900272,de:11000:900058101:1:50,-0.3,2026-10-02T01:01:04.695736+02:00
295900272,de:11000:900058102:1:52,0.0,2026-10-02T01:01:04.695736+02:00
295900272,de:11000:900063452:1:50,-0.1,2026-10-02T01:01:04.695736+02:00
295900272,de:11000:900067221:1:50,-0.2,2026-10-02T01:01:04.695736+02:00
295900272,de:11000:900064301:3:52,-0.2,2026-10-02T01:01:04.695736+02:00
295900272,de:11000:900064256:1:50,-0.7,2026-10-02T01:01:04.695736+02:00
295900272,de:11000:900064201:1:50,-0.6,2026-10-02T01:01:04.695736+02:00
295900272,de:12069:900220114:1:51,-0.9,2026-10-02T01:01:04.695736+02:00
295900332,de:12069:900220114:1:51,0.0,2026-10-02T01:01:04.695736+02:00
295900332,de:11000:900064201:1:51,-0.1,2026-10-02T01:01:04.695736+02:00
295900332,de:11000:900064256:1:51,0.0,2026-10-02T01:01:04.695736+02:00
295900332,de:11000:900064301:3:53,-0.3,2026-10-02T01:01:04.695736+02:00
295900332,de:11000:900067221:1:50,-0.3,2026-10-02T01:01:04.695736+02:00
295900332,de:11000:900063452:1:51,-0.4,2026-10-02T01:01:04.695736+02:00
295900332,de:11000:900058102:2:53,-0.5,2026-10-02T01:01:04.695736+02:00
295900332,de:11000:900058101:1:51,-0.3,2026-10-02T01:01:04.695736+02:00
295900332,de:11000:900058103:1:51,0.0,2026-10-02T01:01:04.695736+02:00
295900332,de:11000:900012101:2:53,-0.7,2026-10-02T01:01:04.695736+02:00
295900332,de:11000:900100020:4:57,-0.8,2026-10-02T01:01:04.695736+02:00
295900332,de:11000:900100025:1:51,-0.9,2026-10-02T01:01:04.695736+02:00
295900332,de:11000:900100001:4:57,-0.6,2026-10-02T01:01:04.695736+02:00
295900332,de:11000:900100007:1:51,-0.7,2026-10-02T01:01:04.695736+02:00
295900332,de:11000:900007104:2:52,-0.7,2026-10-02T01:01:04.695736+02:00
295900332,de:11000:900008101:1:51,-0.4,2026-10-02T01:01:04.695736+02:00
295900332,de:11000:900007102:2:53,-0.2,2026-10-02T01:01:04.695736+02:00
295900332,de:11000:900110011:2:53,-0.4,2026-10-02T01:01:04.695736+02:00
295900332,de:11000:900085201:1:50,-0.8,2026-10-02T01:01:04.695736+02:00
295900332,de:11000:900085105:1:50,-0.8,2026-10-02T01:01:04.695736+02:00
295900332,de:11000:900096458:1:50,-0.1,2026-10-02T01:01:04.695736+02:00
295900332,de:11000:900096405:1:50,-0.8,2026-10-02T01:01:04.695736+02:00
295900332,de:11000:900089303:1:50,-0.7,2026-10-02T01:01:04.695736+02:00
295900332,de:11000:900091205:1:50,-0.3,2026-10-02T01:01:04.695736+02:00
295900332,de:11000:900091203:1:50,-0.5,2026-10-02T01:01:04.695736+02:00
295900332,de:12065:900200000:1:55,-0.7,2026-10-02T01:01:04.695736+02:00
295896134,de:11000:900135001:1:50,0.0,2026-10-02T01:01:04.695736+02:00
295896134,de:11000:900143001:1:51,-0.8,2026-10-02T01:01:04.695736+02:00
295896134,de:11000:900142001:1:51,-0.3,2026-10-02T01:01:04.695736+02:00
295896134,de:11000:900130001:1:51,-0.8,2026-10-02T01:01:04.695736+02:00
295896134,de:11000:900130002:1:51,-0.3,2026-10-02T01:01:04.695736+02:00
295896134,de:11000:900110011:1:51,-0.7,2026-10-02T01:01:04.695736+02:00
295896134,de:11000:900007102:1:50,-0.7,2026-10-02T01:01:04.695736+02:00
295896134,de:11000:900008101:1:50,-0.5,2026-10-02T01:01:04.695736+02:00
295896134,de:11000:900007104:1:51,-0.2,2026-10-02T01:01:04.695736+02:00
295896134,de:11000:900100007:1:50,-0.2,2026-10-02T01:01:04.695736+02:00
295896134,de:11000:900100001:4:56,0.0,2026-10-02T01:01:04.695736+02:00
295896134,de:11000:900100025:1:50,-0.9,2026-10-02T01:01:04.695736+02:00
295896134,de:11000:900100020:3:54,-0.9,2026-10-02T01:01:04.695736+02:00
295896134,de:11000:900012101:1:51,0.0,2026-10-02T01:01:04.695736+02:00
295896134,de:11000:900058103:1:50,-0.8,2026-10-02T01:01:04.695736+02:00
295896134,de:11000:900058101:1:50,-0.4,2026-10-02T01:01:04.695736+02:00
295896134,de:11000:900058102:1:50,-0.4,2026-10-02T01:01:04.695736+02:00
295896134,de:11000:900068301:1:50,-0.7,2026-10-02T01:01:04.695736+02:00
295896134,de:11000:900073101:1:50,-0.9,2026-10-02T01:01:04.695736+02:00
295896134,de:11000:900072101:1:50,-0.2,2026-10-02T01:01:04.695736+02:00
295896134,de:11000:900074202:1:50,-0.2,2026-10-02T01:01:04.695736+02:00
295896134,de:11000:900074201:1:50,-0.4,2026-10-02T01:01:04.695736+02:00
306896315,de:12064:900320274::1,0.0,2026-10-02T01:01:04.695736+02:00
306896315,de:12064:900320278::2,0.0,2026-10-02T01:01:04.695736+02:00
306896315,de:12064:900320284::2,0.0,2026-10-02T01:01:04.695736+02:00
306896315,de:12064:900320886::2,0.0,2026-10-02T01:01:04.695736+02:00
306896315,de:12064:900320888::3,0.0,2026-10-02T01:01:04.695736+02:00
306896315,de:12064:900320891::2,0.0,2026-10-02T01:01:04.695736+02:00
306896315,de:12067:900310919::2,0.0,2026-10-02T01:01:04.695736+02:00
306896315,de:12067:900310888::2,0.0,2026-10-02T01:01:04.695736+02:00
306896315,de:12067:900310881::2,0.0,2026-10-02T01:01:04.695736+02:00
306896315,de:12067:900310885::1,0.0,2026-10-02T01:01:04.695736+02:00
306896315,de:12067:900310883::2,0.0,2026-10-02T01:01:04.695736+02:00
306896315,de:12067:900310920::2,0.0,2026-10-02T01:01:04.695736+02:00
306896315,de:12067:900310882::2,0.0,2026-10-02T01:01:04.695736+02:00
306896315,de:12067:900310889::2,0.0,2026-10-02T01:01:04.695736+02:00
306896315,de:12067:900310890::2,0.0,2026-10-02T01:01:04.695736+02:00
306896315,de:12067:900310847::2,0.0,2026-10-02T01:01:04.695736+02:00
306896315,de:12067:900310846::2,0.0,2026-10-02T01:01:04.695736+02:00
306896315,de:12067:900310854::2,0.0,2026-10-02T01:01:04.695736+02:00
306896315,de:12067:900310857::2,0.0,2026-10-02T01:01:04.695736+02:00
306896315,de:12067:900311970::1,0.0,2026-10-02T01:01:04.695736+02:00
306896315,de:12067:900310853::1,0.0,2026-10-02T01:01:04.695736+02:00
306896315,de:12067:900310845::1,0.0,2026-10-02T01:01:04.695736+02:00
306896315,de:12067:900310855::2,0.0,2026-10-02T01:01:04.695736+02:00
306896315,de:12067:900310844::2,0.0,2026-10-02T01:01:04.695736+02:00
306896315,de:12067:900310856::1,0.0,2026-10-02T01:01:04.695736+02:00
306896315,de:12067:900310849::2,0.0,2026-10-02T01:01:04.695736+02:00
306896315,de:12067:900310851::2,0.0,2026-10-02T01:01:04.695736+02:00
306896315,de:12067:900310850::2,0.0,2026-10-02T01:01:04.695736+02:00
306896315,de:12067:900310852::2,0.0,2026-10-02T01:01:04.695736+02:00
306896315,de:12067:900310555::2,0.0,2026-10-02T01:01:04.695736+02:00
306896315,de:12067:900310557::2,0.0,2026-10-02T01:01:04.695736+02:00
306896315,de:12067:900310013::7,0.0,2026-10-02T01:01:04.695736+02:00
295896161,de:11000:900074201:1:50,0.0,2026-10-02T01:01:04.695736+02:00
295896161,de:11000:900074202:2:51,-0.1,2026-10-02T01:01:04.695736+02:00
295896161,de:11000:900072101:2:51,-0.1,2026-10-02T01:01:04.695736+02:00
295896161,de:11000:900073101:1:51,-0.4,2026-10-02T01:01:04.695736+02:00
295896161,de:11000:900068301:1:51,-0.7,2026-10-02T01:01:04.695736+02:00
295896161,de:11000:900058102:2:51,-0.7,2026-10-02T01:01:04.695736+02:00
295896161,de:11000:900058101:1:51,-0.3,2026-10-02T01:01:04.695736+02:00
295896161,de:11000:900058103:1:51,-0.1,2026-10-02T01:01:04.695736+02:00
295896161,de:11000:900012101:2:53,-0.7,2026-10-02T01:01:04.695736+02:00
295896161,de:11000:900100020:4:57,-0.8,2026-10-02T01:01:04.695736+02:00
295896161,de:11000:900100025:1:51,-0.9,2026-10-02T01:01:04.695736+02:00
295896161,de:11000:900100001:4:57,-0.6,2026-10-02T01:01:04.695736+02:00
295896161,de:11000:900100007:1:51,-0.7,2026-10-02T01:01:04.695736+02:00
295896161,de:11000:900007104:2:52,-0.7,2026-10-02T01:01:04.695736+02:00
295896161,de:11000:900008101:1:51,-0.4,2026-10-02T01:01:04.695736+02:00
295896161,de:11000:900007102:2:53,-0.1,2026-10-02T01:01:04.695736+02:00
295896161,de:11000:900110011:2:52,-0.4,2026-10-02T01:01:04.695736+02:00
295896161,de:11000:900130002:1:50,-0.7,2026-10-02T01:01:04.695736+02:00
295896161,de:11000:900130001:1:50,-0.4,2026-10-02T01:01:04.695736+02:00
295896161,de:11000:900142001:1:50,-0.9,2026-10-02T01:01:04.695736+02:00
295896161,de:11000:900143001:1:51,-0.7,2026-10-02T01:01:04.695736+02:00
295896161,de:11000:900135001:1:50,-0.4,2026-10-02T01:01:04.695736+02:00
295896057,de:11000:900135001:1:50,0.0,2026-10-02T01:01:04.695736+02:00
295896057,de:11000:900143001:1:51,-0.8,2026-10-02T01:01:04.695736+02:00
295896057,de:11000:900142001:1:51,-0.3,2026-10-02T01:01:04.695736+02:00
295896057,de:11000:900130001:1:51,-0.8,2026-10-02T01:01:04.695736+02:00
295896057,de:11000:900130002:1:51,-0.3,2026-10-02T01:01:04.695736+02:00
295896057,de:11000:900110011:1:51,-0.7,2026-10-02T01:01:04.695736+02:00
295896057,de:11000:900007102:1:50,-0.7,2026-10-02T01:01:04.695736+02:00
295896057,de:11000:900008101:1:50,-0.5,2026-10-02T01:01:04.695736+02:00
295896057,de:11000:900007104:1:51,-0.2,2026-10-02T01:01:04.695736+02:00
295896057,de:11000:900100007:1:50,-0.2,2026-10-02T01:01:04.695736+02:00
295896057,de:11000:900100001:4:56,0.0,2026-10-02T01:01:04.695736+02:00
295896057,de:11000:900100025:1:50,-0.9,2026-10-02T01:01:04.695736+02:00
295896057,de:11000:900100020:3:54,-0.9,2026-10-02T01:01:04.695736+02:00
295896057,de:11000:900012101:1:51,0.0,2026-10-02T01:01:04.695736+02:00
295896057,de:11000:900058103:1:50,-0.8,2026-10-02T01:01:04.695736+02:00
295896057,de:11000:900058101:1:50,-0.4,2026-10-02T01:01:04.695736+02:00
295896057,de:11000:900058102:1:50,-0.4,2026-10-02T01:01:04.695736+02:00
295896057,de:11000:900068301:1:50,-0.7,2026-10-02T01:01:04.695736+02:00
295896057,de:11000:900073101:1:50,-0.9,2026-10-02T01:01:04.695736+02:00
295896057,de:11000:900072101:1:50,-0.2,2026-10-02T01:01:04.695736+02:00
295896057,de:11000:900074202:1:50,-0.2,2026-10-02T01:01:04.695736+02:00
295896057,de:11000:900074201:1:50,-0.4,2026-10-02T01:01:04.695736+02:00
307261755,de:11000:900074201:1:50,0.0,2026-10-02T01:01:04.695736+02:00
307261755,de:11000:900074202:2:51,-0.1,2026-10-02T01:01:04.695736+02:00
307261755,de:11000:900072101:2:51,-0.1,2026-10-02T01:01:04.695736+02:00
307261755,de:11000:900073101:1:51,-0.4,2026-10-02T01:01:04.695736+02:00
307261755,de:11000:900068301:1:51,-0.7,2026-10-02T01:01:04.695736+02:00
307261755,de:11000:900058102:2:51,-0.7,2026-10-02T01:01:04.695736+02:00
307261755,de:11000:900058101:1:51,-0.3,2026-10-02T01:01:04.695736+02:00
307261755,de:11000:900058103:1:51,-0.1,2026-10-02T01:01:04.695736+02:00
307261755,de:11000:900012101:2:53,-0.7,2026-10-02T01:01:04.695736+02:00
307261755,de:11000:900100020:4:57,-0.8,2026-10-02T01:01:04.695736+02:00
307261755,de:11000:900100025:1:51,-0.9,2026-10-02T01:01:04.695736+02:00
307261755,de:11000:900100001:4:57,-0.6,2026-10-02T01:01:04.695736+02:00
307261755,de:11000:900100007:1:51,-0.7,2026-10-02T01:01:04.695736+02:00
307261755,de:11000:900007104:2:52,-0.7,2026-10-02T01:01:04.695736+02:00
307261755,de:11000:900008101:1:51,-0.4,2026-10-02T01:01:04.695736+02:00
307261755,de:11000:900007102:2:53,-0.1,2026-10-02T01:01:04.695736+02:00
307261755,de:11000:900110011:2:52,-0.4,2026-10-02T01:01:04.695736+02:00
307261755,de:11000:900130002:1:50,-0.7,2026-10-02T01:01:04.695736+02:00
307261755,de:11000:900130001:1:50,-0.4,2026-10-02T01:01:04.695736+02:00
307261755,de:11000:900142001:1:50,-0.9,2026-10-02T01:01:04.695736+02:00
307261755,de:11000:900143001:1:51,-0.2,2026-10-02T01:01:04.695736+02:00
295903158,de:12069:900220114:1:50,0.0,2026-10-02T01:01:04.695736+02:00
295903158,de:11000:900064201:1:51,-0.1,2026-10-02T01:01:04.695736+02:00
295903158,de:11000:900064256:1:51,0.0,2026-10-02T01:01:04.695736+02:00
295903158,de:11000:900064301:3:53,-0.3,2026-10-02T01:01:04.695736+02:00
295903158,de:11000:900067221:1:50,-0.3,2026-10-02T01:01:04.695736+02:00
295903158,de:11000:900063452:1:51,-0.4,2026-10-02T01:01:04.695736+02:00
295903158,de:11000:900058102:2:53,-0.5,2026-10-02T01:01:04.695736+02:00
295903158,de:11000:900058101:1:51,-0.3,2026-10-02T01:01:04.695736+02:00
295903158,de:11000:900058103:1:51,0.0,2026-10-02T01:01:04.695736+02:00
295903158,de:11000:900012101:2:53,-0.7,2026-10-02T01:01:04.695736+02:00
295903158,de:11000:900100020:4:57,-0.8,2026-10-02T01:01:04.695736+02:00
295903158,de:11000:900100025:1:51,-0.9,2026-10-02T01:01:04.695736+02:00
295903158,de:11000:900100001:4:57,-0.6,2026-10-02T01:01:04.695736+02:00
295903158,de:11000:900100007:1:51,-0.7,2026-10-02T01:01:04.695736+02:00
295903158,de:11000:900007104:2:52,-0.7,2026-10-02T01:01:04.695736+02:00
295903158,de:11000:900008101:1:51,-0.4,2026-10-02T01:01:04.695736+02:00
295903158,de:11000:900007102:2:53,-0.2,2026-10-02T01:01:04.695736+02:00
295903158,de:11000:900110011:2:52,-0.4,2026-10-02T01:01:04.695736+02:00
295903158,de:11000:900130002:1:50,0.0,2026-10-02T01:01:04.695736+02:00
295903158,de:11000:900130001:1:50,-0.7,2026-10-02T01:01:04.695736+02:00
295903158,de:11000:900142001:1:50,-0.2,2026-10-02T01:01:04.695736+02:00
306896780,de:12067:900310611::1,0.0,2026-10-02T01:01:04.695736+02:00
306896780,de:12067:900311058::2,0.0,2026-10-02T01:01:04.695736+02:00
306896780,de:12067:900311110::4,0.0,2026-10-02T01:01:04.695736+02:00
306896780,de:12067:900311055::1,0.0,2026-10-02T01:01:04.695736+02:00
306896780,de:12067:900311054::1,0.0,2026-10-02T01:01:04.695736+02:00
306896780,de:12067:900311110::1,0.0,2026-10-02T01:01:04.695736+02:00
306896780,de:12067:900311059::2,0.0,2026-10-02T01:01:04.695736+02:00
306896780,de:12067:900311113::2,0.0,2026-10-02T01:01:04.695736+02:00
306896780,de:12067:900311057::2,0.0,2026-10-02T01:01:04.695736+02:00
306896780,de:12067:900311118::2,0.0,2026-10-02T01:01:04.695736+02:00
306896780,de:12067:900310904::2,0.0,2026-10-02T01:01:04.695736+02:00
306896780,de:12067:900310991::2,0.0,2026-10-02T01:01:04.695736+02:00
306896780,de:12067:900310993::2,0.0,2026-10-02T01:01:04.695736+02:00
306896780,de:12067:900310994::2,0.0,2026-10-02T01:01:04.695736+02:00
306896780,de:12067:900310786::2,0.0,2026-10-02T01:01:04.695736+02:00
306896780,de:12067:900310784::2,0.0,2026-10-02T01:01:04.695736+02:00
306896780,de:12067:900311104::2,0.0,2026-10-02T01:01:04.695736+02:00
306896780,de:12067:900310995::1,0.0,2026-10-02T01:01:04.695736+02:00
306896780,de:12067:900310779::2,0.0,2026-10-02T01:01:04.695736+02:00
306896780,de:12067:900310808::2,0.0,2026-10-02T01:01:04.695736+02:00
306896780,de:12067:900310822::2,0.0,2026-10-02T01:01:04.695736+02:00
306896780,de:12067:900310781::2,0.0,2026-10-02T01:01:04.695736+02:00
306896780,de:12067:900310627::2,0.0,2026-10-02T01:01:04.695736+02:00
306896780,de:12067:900310816::2,0.0,2026-10-02T01:01:04.695736+02:00
306896780,de:12067:900310022::1,0.0,2026-10-02T01:01:04.695736+02:00
306896780,de:12067:900310001::11,0.0,2026-10-02T01:01:04.695736+02:00
295906931,de:11000:900029101:1:50,0.0,2026-10-02T01:01:04.695736+02:00
295906931,de:11000:900030202:1:50,-0.3,2026-10-02T01:01:04.695736+02:00
295906931,de:11000:900025424:1:51,-0.2,2026-10-02T01:01:04.695736+02:00
295906931,de:11000:900025321:1:51,-0.2,2026-10-02T01:01:04.695736+02:00
295906931,de:11000:900026105:1:50,-0.4,2026-10-02T01:01:04.695736+02:00
295906931,de:11000:900025423:1:50,-0.7,2026-10-02T01:01:04.695736+02:00
295906931,de:11000:900024102:2:53,-0.7,2026-10-02T01:01:04.695736+02:00
295906931,de:11000:900024101:3:55,-0.3,2026-10-02T01:01:04.695736+02:00
295906931,de:11000:900024203:1:51,-0.8,2026-10-02T01:01:04.695736+02:00
295906931,de:11000:900023201:3:54,-0.7,2026-10-02T01:01:04.695736+02:00
295906931,de:11000:900003103:1:50,-0.8,2026-10-02T01:01:04.695736+02:00
295906931,de:11000:900003102:1:50,-0.9,2026-10-02T01:01:04.695736+02:00
295906931,de:11000:900003201:3:54,-0.5,2026-10-02T01:01:04.695736+02:00
295906931,de:11000:900100001:3:54,-0.1,2026-10-02T01:01:04.695736+02:00
295906931,de:11000:900100002:1:50,-0.4,2026-10-02T01:01:04.695736+02:00
295906931,de:11000:900100003:2:52,-0.1,2026-10-02T01:01:04.695736+02:00
295906931,de:11000:900100004:1:50,-0.4,2026-10-02T01:01:04.695736+02:00
295906931,de:11000:900120005:4:55,-0.6,2026-10-02T01:01:04.695736+02:00
295906931,de:11000:900120004:1:50,-0.1,2026-10-02T01:01:04.695736+02:00
295906931,de:11000:900120003:2:53,-0.4,2026-10-02T01:01:04.695736+02:00
295906931,de:11000:900160001:1:51,-0.4,2026-10-02T01:01:04.695736+02:00
295906931,de:11000:900160002:1:50,-0.7,2026-10-02T01:01:04.695736+02:00
295906931,de:11000:900162001:1:51,-0.3,2026-10-02T01:01:04.695736+02:00
295906931,de:11000:900180002:1:51,-0.3,2026-10-02T01:01:04.695736+02:00
295906931,de:11000:900180001:1:50,-0.7,2026-10-02T01:01:04.695736+02:00
295906931,de:11000:900182001:1:51,-0.2,2026-10-02T01:01:04.695736+02:00
295906931,de:11000:900182002:1:51,-0.4,2026-10-02T01:01:04.695736+02:00
295906931,de:11000:900183001:1:51,0.0,2026-10-02T01:01:04.695736+02:00
295906931,de:11000:900183002:1:51,-0.3,2026-10-02T01:01:04.695736+02:00
295906931,de:12067:900310004:3:53,-0.5,2026-10-02T01:01:04.695736+02:00
295910967,de:11000:900120005:4:56,0.0,2026-10-02T01:01:04.695736+02:00
295910967,de:11000:900120004:1:50,-0.9,2026-10-02T01:01:04.695736+02:00
295910967,de:11000:900120003:2:53,-0.1,2026-10-02T01:01:04.695736+02:00
295910967,de:11000:900160001:1:51,-0.9,2026-10-02T01:01:04.695736+02:00
295910967,de:11000:900160002:1:50,-0.2,2026-10-02T01:01:04.695736+02:00
295910967,de:11000:900162001:1:51,-0.3,2026-10-02T01:01:04.695736+02:00
295911024,de:11000:900162001:1:50,0.0,2026-10-02T01:01:04.695736+02:00
295911024,de:11000:900160002:1:50,-0.7,2026-10-02T01:01:04.695736+02:00
295911024,de:11000:900160001:1:50,0.0,2026-10-02T01:01:04.695736+02:00
295911024,de:11000:900120003:3:55,-0.7,2026-10-02T01:01:04.695736+02:00
295911024,de:11000:900120004:2:53,0.0,2026-10-02T01:01:04.695736+02:00
295911024,de:11000:900120005:4:56,-0.2,2026-10-02T01:01:04.695736+02:00
295910337,de:12067:900310004:3:52,0.0,2026-10-02T01:01:04.695736+02:00
295910337,de:11000:900183002:1:50,-0.1,2026-10-02T01:01:04.695736+02:00
295910337,de:11000:900183001:1:50,-0.4,2026-10-02T01:01:04.695736+02:00
295910337,de:11000:900182002:1:50,0.0,2026-10-02T01:01:04.695736+02:00
295910337,de:11000:900182001:1:50,-0.2,2026-10-02T01:01:04.695736+02:00
295910337,de:11000:900180001:1:50,-0.7,2026-10-02T01:01:04.695736+02:00
295910337,de:11000:900180002:1:50,-0.7,2026-10-02T01:01:04.695736+02:00
295910337,de:11000:900162001:1:50,-0.9,2026-10-02T01:01:04.695736+02:00
295910337,de:11000:900160002:1:50,0.0,2026-10-02T01:01:04.695736+02:00
295910337,de:11000:900160001:1:50,-0.3,2026-10-02T01:01:04.695736+02:00
295910337,de:11000:900120003:3:55,-0.1,2026-10-02T01:01:04.695736+02:00
295910337,de:11000:900120004:2:53,-0.6,2026-10-02T01:01:04.695736+02:00
295910337,de:11000:900120005:5:58,-0.9,2026-10-02T01:01:04.695736+02:00
295910337,de:11000:900100004:1:51,-0.9,2026-10-02T01:01:04.695736+02:00
295910337,de:11000:900100003:2:53,-0.9,2026-10-02T01:01:04.695736+02:00
295910337,de:11000:900100002:1:51,-0.9,2026-10-02T01:01:04.695736+02:00
295910337,de:11000:900100001:3:55,-0.9,2026-10-02T01:01:04.695736+02:00
295910337,de:11000:900003201:3:55,-0.6,2026-10-02T01:01:04.695736+02:00
295910337,de:11000:900003102:1:51,-0.3,2026-10-02T01:01:04.695736+02:00
295910337,de:11000:900003103:1:51,-0.4,2026-10-02T01:01:04.695736+02:00
295910337,de:11000:900023201:3:55,-0.3,2026-10-02T01:01:04.695736+02:00
295910337,de:11000:900024203:1:51,-0.3,2026-10-02T01:01:04.695736+02:00
295910337,de:11000:900024101:4:56,-0.3,2026-10-02T01:01:04.695736+02:00
307446368,de:14729:8013361,0.0,2026-10-02T01:01:04.695736+02:00
307446368,de:14729:8013362,0.0,2026-10-02T01:01:04.695736+02:00
307446368,de:14729:8011018,0.0,2026-10-02T01:01:04.695736+02:00
307446368,de:14729:8012284,0.0,2026-10-02T01:01:04.695736+02:00
307446368,de:14729:8011626,0.0,2026-10-02T01:01:04.695736+02:00
307446368,de:14729:8010059,0.0,2026-10-02T01:01:04.695736+02:00
307446368,de:14713:8011491,0.0,2026-10-02T01:01:04.695736+02:00
307446368,de:14713:8010008,0.0,2026-10-02T01:01:04.695736+02:00
307446368,de:14713:8012194,0.0,2026-10-02T01:01:04.695736+02:00
307446368,de:14713:8012343,0.0,2026-10-02T01:01:04.695736+02:00
307446368,de:14713:8012187,0.0,2026-10-02T01:01:04.695736+02:00
307446368,de:14713:8012184,0.0,2026-10-02T01:01:04.695736+02:00
307446368,de:14713:8012202,0.0,2026-10-02T01:01:04.695736+02:00
307446368,de:14713:8012186,0.0,2026-10-02T01:01:04.695736+02:00
307446368,de:14713:8098205,0.0,2026-10-02T01:01:04.695736+02:00
307446368,de:14713:8012196,0.0,2026-10-02T01:01:04.695736+02:00
307446368,000008012273,0.0,2026-10-02T01:01:04.695736+02:00
307446368,de:14713:8012195,0.0,2026-10-02T01:01:04.695736+02:00
307446368,de:14713:8012190,0.0,2026-10-02T01:01:04.695736+02:00
307446368,de:14730:8013093,0.0,2026-10-02T01:01:04.695736+02:00
307446368,de:14730:8012656,0.0,2026-10-02T01:01:04.695736+02:00
307446368,de:14730:8011959,0.0,2026-10-02T01:01:04.695736+02:00
307446368,de:14730:8010095,0.0,2026-10-02T01:01:04.695736+02:00
307446368,de:14730:8010161,0.0,2026-10-02T01:01:04.695736+02:00
307446368,de:14730:8011387,0.0,2026-10-02T01:01:04.695736+02:00
307446368,de:14730:8012371,0.0,2026-10-02T01:01:04.695736+02:00
307446368,de:14730:8010351,0.0,2026-10-02T01:01:04.695736+02:00
307446368,de:14730:8011131,0.0,2026-10-02T01:01:04.695736+02:00
307446368,de:12062:900416072:1:50,0.0,2026-10-02T01:01:04.695736+02:00
307446368,de:12062:900415345:5:56,0.0,2026-10-02T01:01:04.695736+02:00
295910342,de:12067:900310004:3:53,0.0,2026-10-02T01:01:04.695736+02:00
295910342,de:11000:900183002:1:50,-0.1,2026-10-02T01:01:04.695736+02:00
295910342,de:11000:900183001:1:50,-0.4,2026-10-02T01:01:04.695736+02:00
295910342,de:11000:900182002:1:50,0.0,2026-10-02T01:01:04.695736+02:00
295910342,de:11000:900182001:1:50,-0.2,2026-10-02T01:01:04.695736+02:00
295910342,de:11000:900180001:1:50,-0.7,2026-10-02T01:01:04.695736+02:00
295910342,de:11000:900180002:1:50,-0.7,2026-10-02T01:01:04.695736+02:00
295910342,de:11000:900162001:1:50,-0.9,2026-10-02T01:01:04.695736+02:00
295910342,de:11000:900160002:1:50,0.0,2026-10-02T01:01:04.695736+02:00
295910342,de:11000:900160001:1:50,-0.3,2026-10-02T01:01:04.695736+02:00
295910342,de:11000:900120003:3:55,-0.1,2026-10-02T01:01:04.695736+02:00
295910342,de:11000:900120004:2:53,-0.6,2026-10-02T01:01:04.695736+02:00
295910342,de:11000:900120005:5:58,-0.9,2026-10-02T01:01:04.695736+02:00
295910342,de:11000:900100004:1:51,-0.9,2026-10-02T01:01:04.695736+02:00
295910342,de:11000:900100003:2:53,-0.9,2026-10-02T01:01:04.695736+02:00
295910342,de:11000:900100002:1:51,-0.9,2026-10-02T01:01:04.695736+02:00
295910342,de:11000:900100001:3:55,-0.9,2026-10-02T01:01:04.695736+02:00
295910342,de:11000:900003201:3:55,-0.6,2026-10-02T01:01:04.695736+02:00
295910342,de:11000:900003102:1:51,-0.3,2026-10-02T01:01:04.695736+02:00
295910342,de:11000:900003103:1:51,-0.4,2026-10-02T01:01:04.695736+02:00
295910342,de:11000:900023201:3:55,-0.3,2026-10-02T01:01:04.695736+02:00
295910342,de:11000:900024203:1:51,-0.3,2026-10-02T01:01:04.695736+02:00
295910342,de:11000:900024101:4:56,-0.3,2026-10-02T01:01:04.695736+02:00
306895316,de:12067:900310611::1,0.0,2026-10-02T01:01:04.695736+02:00
306895316,de:12067:900311058::2,0.0,2026-10-02T01:01:04.695736+02:00
306895316,de:12067:900311056::2,0.0,2026-10-02T01:01:04.695736+02:00
306895316,de:12067:900310612::2,0.0,2026-10-02T01:01:04.695736+02:00
306895316,de:12067:900311076::2,0.0,2026-10-02T01:01:04.695736+02:00
306895316,de:12067:900311009::1,0.0,2026-10-02T01:01:04.695736+02:00
306895316,de:12067:900311079::1,0.0,2026-10-02T01:01:04.695736+02:00
306895316,de:12067:900310731::1,0.0,2026-10-02T01:01:04.695736+02:00
306895316,de:12067:900310700::1,0.0,2026-10-02T01:01:04.695736+02:00
306895316,de:12067:900310925::1,0.0,2026-10-02T01:01:04.695736+02:00
306895316,de:12067:900310760::2,0.0,2026-10-02T01:01:04.695736+02:00
306895316,de:12067:900311064::1,0.0,2026-10-02T01:01:04.695736+02:00
306895316,de:12067:900311065::1,0.0,2026-10-02T01:01:04.695736+02:00
307280463,de:11000:900020202:1:50,0.0,2026-10-02T01:01:04.695736+02:00
307280463,de:11000:900001201:1:50,-0.2,2026-10-02T01:01:04.695736+02:00
307280463,de:11000:900009104:1:50,-0.8,2026-10-02T01:01:04.695736+02:00
307280463,de:11000:900007102:2:52,-0.4,2026-10-02T01:01:04.695736+02:00
307280463,de:11000:900110001:1:50,-0.6,2026-10-02T01:01:04.695736+02:00
307280463,de:11000:900110002:1:50,-0.4,2026-10-02T01:01:04.695736+02:00
307280463,de:11000:900110003:1:50,-0.4,2026-10-02T01:01:04.695736+02:00
307280463,de:11000:900110004:1:50,-0.8,2026-10-02T01:01:04.695736+02:00
307280463,de:11000:900110012:1:50,-0.7,2026-10-02T01:01:04.695736+02:00
307280463,de:11000:900120001:1:50,-0.7,2026-10-02T01:01:04.695736+02:00
307280463,de:11000:900120003:5:58,-0.1,2026-10-02T01:01:04.695736+02:00
307280463,de:11000:900190001:1:50,-0.4,2026-10-02T01:01:04.695736+02:00
307280463,de:11000:900077106:1:50,-0.4,2026-10-02T01:01:04.695736+02:00
307280463,de:11000:900078201:1:50,-0.3,2026-10-02T01:01:04.695736+02:00
307280463,de:11000:900079221:1:50,-0.2,2026-10-02T01:01:04.695736+02:00
307280463,de:11000:900068201:1:50,-0.8,2026-10-02T01:01:04.695736+02:00
307280463,de:11000:900058101:5:58,-0.1,2026-10-02T01:01:04.695736+02:00
307280463,de:11000:900054104:2:52,-0.7,2026-10-02T01:01:04.695736+02:00
307280463,de:11000:900054105:1:50,-0.9,2026-10-02T01:01:04.695736+02:00
307280463,de:11000:900044202:1:50,-0.7,2026-10-02T01:01:04.695736+02:00
307280463,de:11000:900045102:1:50,-0.7,2026-10-02T01:01:04.695736+02:00
307280463,de:11000:900044101:1:50,-0.8,2026-10-02T01:01:04.695736+02:00
307280463,de:11000:900040101:1:50,-0.3,2026-10-02T01:01:04.695736+02:00
307280463,de:11000:900024101:3:54,-0.8,2026-10-02T01:01:04.695736+02:00
307283049,de:11000:900009104:1:51,0.0,2026-10-02T01:01:04.695736+02:00
307283049,de:11000:900007102:2:52,-0.9,2026-10-02T01:01:04.695736+02:00
307283049,de:11000:900110001:1:50,-0.6,2026-10-02T01:01:04.695736+02:00
307283049,de:11000:900110002:1:50,-0.4,2026-10-02T01:01:04.695736+02:00
307283049,de:11000:900110003:1:50,-0.4,2026-10-02T01:01:04.695736+02:00
307283049,de:11000:900110004:1:50,-0.8,2026-10-02T01:01:04.695736+02:00
307283049,de:11000:900110012:1:50,-0.7,2026-10-02T01:01:04.695736+02:00
307283049,de:11000:900120001:1:50,-0.7,2026-10-02T01:01:04.695736+02:00
307283049,de:11000:900120003:5:58,-0.1,2026-10-02T01:01:04.695736+02:00
307283049,de:11000:900190001:1:50,-0.4,2026-10-02T01:01:04.695736+02:00
307283049,de:11000:900077106:1:50,-0.4,2026-10-02T01:01:04.695736+02:00
307283049,de:11000:900078201:1:50,-0.3,2026-10-02T01:01:04.695736+02:00
307283049,de:11000:900079221:1:50,-0.2,2026-10-02T01:01:04.695736+02:00
307283019,de:11000:900009104:1:51,0.0,2026-10-02T01:01:04.695736+02:00
307283019,de:11000:900007102:2:52,-0.9,2026-10-02T01:01:04.695736+02:00
307283019,de:11000:900110001:1:50,-0.6,2026-10-02T01:01:04.695736+02:00
307283019,de:11000:900110002:1:50,-0.4,2026-10-02T01:01:04.695736+02:00
307283019,de:11000:900110003:1:50,-0.4,2026-10-02T01:01:04.695736+02:00
307286585,de:11000:900058101:5:59,0.0,2026-10-02T01:01:04.695736+02:00
307286585,de:11000:900068201:1:51,-0.8,2026-10-02T01:01:04.695736+02:00
307286585,de:11000:900079221:1:51,-0.4,2026-10-02T01:01:04.695736+02:00
307286585,de:11000:900078201:1:51,-0.1,2026-10-02T01:01:04.695736+02:00
307286585,de:11000:900077106:1:51,0.0,2026-10-02T01:01:04.695736+02:00
307286585,de:11000:900190001:2:52,-0.9,2026-10-02T01:01:04.695736+02:00
307286585,de:11000:900120003:5:59,-0.4,2026-10-02T01:01:04.695736+02:00
307286585,de:11000:900120001:1:51,0.0,2026-10-02T01:01:04.695736+02:00
307286585,de:11000:900110012:1:51,-0.2,2026-10-02T01:01:04.695736+02:00
307286585,de:11000:900110004:1:51,-0.1,2026-10-02T01:01:04.695736+02:00
307286585,de:11000:900110003:1:51,-0.4,2026-10-02T01:01:04.695736+02:00
307286585,de:11000:900110002:1:51,-0.4,2026-10-02T01:01:04.695736+02:00
307286585,de:11000:900110001:1:51,-0.1,2026-10-02T01:01:04.695736+02:00
307286585,de:11000:900007102:1:51,-0.6,2026-10-02T01:01:04.695736+02:00
307286585,de:11000:900009104:1:50,-0.8,2026-10-02T01:01:04.695736+02:00
307286585,de:11000:900001201:1:50,-0.3,2026-10-02T01:01:04.695736+02:00
307286585,de:11000:900020202:1:50,-0.1,2026-10-02T01:01:04.695736+02:00
307286623,de:11000:900024101:3:54,0.0,2026-10-02T01:01:04.695736+02:00
307286623,de:11000:900040101:1:50,-0.2,2026-10-02T01:01:04.695736+02:00
307286623,de:11000:900044101:1:50,-0.3,2026-10-02T01:01:04.695736+02:00
307286623,de:11000:900045102:1:51,-0.4,2026-10-02T01:01:04.695736+02:00
307286623,de:11000:900044202:1:51,-0.4,2026-10-02T01:01:04.695736+02:00
307286623,de:11000:900054105:1:51,-0.2,2026-10-02T01:01:04.695736+02:00
307286623,de:11000:900054104:2:53,-0.8,2026-10-02T01:01:04.695736+02:00
307286623,de:11000:900058101:5:59,-0.2,2026-10-02T01:01:04.695736+02:00
307286623,de:11000:900068201:1:51,-0.8,2026-10-02T01:01:04.695736+02:00
307286623,de:11000:900079221:1:51,-0.4,2026-10-02T01:01:04.695736+02:00
307286623,de:11000:900078201:1:51,-0.1,2026-10-02T01:01:04.695736+02:00
307286623,de:11000:900077106:1:51,0.0,2026-10-02T01:01:04.695736+02:00
307286623,de:11000:900190001:2:52,-0.9,2026-10-02T01:01:04.695736+02:00
307286623,de:11000:900120003:5:59,-0.4,2026-10-02T01:01:04.695736+02:00
307286623,de:11000:900120001:1:51,0.0,2026-10-02T01:01:04.695736+02:00
307286623,de:11000:900110012:1:51,-0.2,2026-10-02T01:01:04.695736+02:00
307286623,de:11000:900110004:1:51,-0.1,2026-10-02T01:01:04.695736+02:00
307286623,de:11000:900110003:1:51,-0.4,2026-10-02T01:01:04.695736+02:00
307286623,de:11000:900110002:1:51,-0.4,2026-10-02T01:01:04.695736+02:00
307286623,de:11000:900110001:1:51,-0.1,2026-10-02T01:01:04.695736+02:00
307286623,de:11000:900007102:1:51,-0.6,2026-10-02T01:01:04.695736+02:00
307286623,de:11000:900009104:1:51,-0.8,2026-10-02T01:01:04.695736+02:00
307286623,de:11000:900001201:1:51,-0.3,2026-10-02T01:01:04.695736+02:00
307286623,de:11000:900020202:1:51,-0.1,2026-10-02T01:01:04.695736+02:00
307286679,de:11000:900040101:1:50,0.0,2026-10-02T01:01:04.695736+02:00
307286679,de:11000:900044101:1:50,-0.8,2026-10-02T01:01:04.695736+02:00
307286679,de:11000:900045102:1:51,-0.9,2026-10-02T01:01:04.695736+02:00
307286679,de:11000:900044202:1:51,-0.9,2026-10-02T01:01:04.695736+02:00
307286679,de:11000:900054105:1:51,-0.7,2026-10-02T01:01:04.695736+02:00
307286679,de:11000:900054104:2:53,-0.3,2026-10-02T01:01:04.695736+02:00
307286679,de:11000:900058101:5:59,-0.2,2026-10-02T01:01:04.695736+02:00
307286679,de:11000:900068201:1:51,-0.8,2026-10-02T01:01:04.695736+02:00
307286679,de:11000:900079221:1:51,-0.4,2026-10-02T01:01:04.695736+02:00
307286679,de:11000:900078201:1:51,-0.1,2026-10-02T01:01:04.695736+02:00
307286679,de:11000:900077106:1:51,0.0,2026-10-02T01:01:04.695736+02:00
307286679,de:11000:900190001:2:52,-0.9,2026-10-02T01:01:04.695736+02:00
307286679,de:11000:900120003:5:59,-0.4,2026-10-02T01:01:04.695736+02:00
307286679,de:11000:900120001:1:51,0.0,2026-10-02T01:01:04.695736+02:00
307286679,de:11000:900110012:1:51,-0.2,2026-10-02T01:01:04.695736+02:00
307286679,de:11000:900110004:1:51,-0.1,2026-10-02T01:01:04.695736+02:00
307286679,de:11000:900110003:1:51,-0.4,2026-10-02T01:01:04.695736+02:00
307286679,de:11000:900110002:1:51,-0.4,2026-10-02T01:01:04.695736+02:00
307286679,de:11000:900110001:1:51,-0.1,2026-10-02T01:01:04.695736+02:00
307286679,de:11000:900007102:1:51,-0.6,2026-10-02T01:01:04.695736+02:00
307286679,de:11000:900009104:1:50,-0.8,2026-10-02T01:01:04.695736+02:00
307286679,de:11000:900001201:1:50,-0.3,2026-10-02T01:01:04.695736+02:00
307286679,de:11000:900020202:1:50,-0.1,2026-10-02T01:01:04.695736+02:00
307289075,de:11000:900079221:1:51,0.0,2026-10-02T01:01:04.695736+02:00
307289075,de:11000:900078201:1:51,-0.1,2026-10-02T01:01:04.695736+02:00
307289075,de:11000:900077106:1:51,0.0,2026-10-02T01:01:04.695736+02:00
307289075,de:11000:900190001:2:52,-0.9,2026-10-02T01:01:04.695736+02:00
307289075,de:11000:900120003:5:59,-0.4,2026-10-02T01:01:04.695736+02:00
307289075,de:11000:900120001:1:51,0.0,2026-10-02T01:01:04.695736+02:00
307289075,de:11000:900110012:1:51,-0.2,2026-10-02T01:01:04.695736+02:00
307289075,de:11000:900110004:1:51,-0.1,2026-10-02T01:01:04.695736+02:00
307289075,de:11000:900110003:1:51,-0.4,2026-10-02T01:01:04.695736+02:00
307289075,de:11000:900110002:1:51,-0.4,2026-10-02T01:01:04.695736+02:00
307289075,de:11000:900110001:1:51,-0.1,2026-10-02T01:01:04.695736+02:00
307289075,de:11000:900007102:1:51,-0.6,2026-10-02T01:01:04.695736+02:00
307289075,de:11000:900009104:1:51,-0.3,2026-10-02T01:01:04.695736+02:00
307289058,de:11000:900079221:1:51,0.0,2026-10-02T01:01:04.695736+02:00
307289058,de:11000:900078201:1:51,-0.1,2026-10-02T01:01:04.695736+02:00
307289058,de:11000:900077106:1:51,0.0,2026-10-02T01:01:04.695736+02:00
307289058,de:11000:900190001:2:52,-0.9,2026-10-02T01:01:04.695736+02:00
307289058,de:11000:900120003:5:59,-0.4,2026-10-02T01:01:04.695736+02:00
307289058,de:11000:900120001:1:51,0.0,2026-10-02T01:01:04.695736+02:00
307289058,de:11000:900110012:1:51,-0.2,2026-10-02T01:01:04.695736+02:00
307289058,de:11000:900110004:1:51,-0.1,2026-10-02T01:01:04.695736+02:00
307289058,de:11000:900110003:1:51,-0.4,2026-10-02T01:01:04.695736+02:00
307289058,de:11000:900110002:1:51,-0.4,2026-10-02T01:01:04.695736+02:00
307289058,de:11000:900110001:1:51,-0.1,2026-10-02T01:01:04.695736+02:00
307289058,de:11000:900007102:1:51,-0.6,2026-10-02T01:01:04.695736+02:00
307289058,de:11000:900009104:1:51,-0.3,2026-10-02T01:01:04.695736+02:00
307289031,de:11000:900079221:1:51,0.0,2026-10-02T01:01:04.695736+02:00
307289031,de:11000:900078201:1:51,-0.1,2026-10-02T01:01:04.695736+02:00
307289031,de:11000:900077155:1:51,-0.7,2026-10-02T01:01:04.695736+02:00
307289031,de:11000:900191001:2:51,-0.2,2026-10-02T01:01:04.695736+02:00
307289031,de:11000:900192001:2:53,-0.2,2026-10-02T01:01:04.695736+02:00
307289031,de:11000:900193001:1:50,-0.7,2026-10-02T01:01:04.695736+02:00
307289031,de:11000:900193002:1:50,-0.3,2026-10-02T01:01:04.695736+02:00
307289031,de:11000:900186001:1:51,-0.3,2026-10-02T01:01:04.695736+02:00
306896793,de:12067:900310611::1,0.0,2026-10-02T01:01:04.695736+02:00
306896793,de:12067:900311058::2,0.0,2026-10-02T01:01:04.695736+02:00
306896793,de:12067:900311110::4,0.0,2026-10-02T01:01:04.695736+02:00
306896793,de:12067:900311055::1,0.0,2026-10-02T01:01:04.695736+02:00
306896793,de:12067:900311054::1,0.0,2026-10-02T01:01:04.695736+02:00
306896793,de:12067:900311110::1,0.0,2026-10-02T01:01:04.695736+02:00
306896793,de:12067:900311059::2,0.0,2026-10-02T01:01:04.695736+02:00
306896793,de:12067:900311069::1,0.0,2026-10-02T01:01:04.695736+02:00
306896793,de:12067:900311118::1,0.0,2026-10-02T01:01:04.695736+02:00
306896793,de:12067:900310966::1,0.0,2026-10-02T01:01:04.695736+02:00
306896793,de:12067:900310997::1,0.0,2026-10-02T01:01:04.695736+02:00
306896793,de:12067:900310998::1,0.0,2026-10-02T01:01:04.695736+02:00
306896793,de:12067:900310998::1,-10.0,2026-10-02T01:01:04.695736+02:00
306896793,de:12067:900310751::1,0.0,2026-10-02T01:01:04.695736+02:00
306896793,de:12067:900310998::1,10.0,2026-10-02T01:01:04.695736+02:00
306896793,de:12067:900310998::1,0.0,2026-10-02T01:01:04.695736+02:00
306896793,de:12067:900310997::2,0.0,2026-10-02T01:01:04.695736+02:00
306896793,de:12067:900310966::2,0.0,2026-10-02T01:01:04.695736+02:00
306896793,de:12067:900311118::2,0.0,2026-10-02T01:01:04.695736+02:00
306896793,de:12067:900310904::2,0.0,2026-10-02T01:01:04.695736+02:00
306896793,de:12067:900310991::2,0.0,2026-10-02T01:01:04.695736+02:00
306896793,de:12067:900310993::2,0.0,2026-10-02T01:01:04.695736+02:00
306896793,de:12067:900310994::2,0.0,2026-10-02T01:01:04.695736+02:00
306896793,de:12067:900310786::2,0.0,2026-10-02T01:01:04.695736+02:00
306896793,de:12067:900310784::2,0.0,2026-10-02T01:01:04.695736+02:00
306896793,de:12067:900311104::2,0.0,2026-10-02T01:01:04.695736+02:00
306896793,de:12067:900310995::1,0.0,2026-10-02T01:01:04.695736+02:00
306896793,de:12067:900310779::2,0.0,2026-10-02T01:01:04.695736+02:00
306896793,de:12067:900310808::2,0.0,2026-10-02T01:01:04.695736+02:00
306896793,de:12067:900310822::2,0.0,2026-10-02T01:01:04.695736+02:00
306896793,de:12067:900310781::2,0.0,2026-10-02T01:01:04.695736+02:00
306896793,de:12067:900310627::2,0.0,2026-10-02T01:01:04.695736+02:00
306896793,de:12067:900310816::2,0.0,2026-10-02T01:01:04.695736+02:00
306896793,de:12067:900310022::1,0.0,2026-10-02T01:01:04.695736+02:00
306896793,de:12067:900310001::11,0.0,2026-10-02T01:01:04.695736+02:00
307292683,de:12061:900260001:2:52,0.0,2026-10-02T01:01:04.695736+02:00
307292683,de:12061:900260002:1:51,-0.8,2026-10-02T01:01:04.695736+02:00
307292683,de:12061:900260003:1:51,-0.7,2026-10-02T01:01:04.695736+02:00
307292683,de:12061:900260004:1:51,-0.9,2026-10-02T01:01:04.695736+02:00
307292683,de:11000:900186001:2:53,-0.2,2026-10-02T01:01:04.695736+02:00
307292683,de:11000:900193002:1:51,-0.2,2026-10-02T01:01:04.695736+02:00
307292683,de:11000:900193001:2:51,-0.8,2026-10-02T01:01:04.695736+02:00
307292683,de:11000:900192001:3:55,-0.7,2026-10-02T01:01:04.695736+02:00
307292683,de:11000:900191001:1:50,-0.4,2026-10-02T01:01:04.695736+02:00
307292683,de:11000:900077155:1:50,-0.9,2026-10-02T01:01:04.695736+02:00
307292683,de:11000:900078201:1:50,-0.4,2026-10-02T01:01:04.695736+02:00
307292683,de:11000:900079221:1:50,-0.2,2026-10-02T01:01:04.695736+02:00
307292683,de:11000:900068201:1:50,-0.8,2026-10-02T01:01:04.695736+02:00
307292683,de:11000:900058101:5:58,-0.1,2026-10-02T01:01:04.695736+02:00
307292683,de:11000:900054104:2:52,-0.2,2026-10-02T01:01:04.695736+02:00
307292683,de:11000:900054105:1:50,-0.9,2026-10-02T01:01:04.695736+02:00
307292683,de:11000:900044202:1:50,-0.7,2026-10-02T01:01:04.695736+02:00
307292667,de:12061:900260001:2:52,0.0,2026-10-02T01:01:04.695736+02:00
307292667,de:12061:900260002:1:51,-0.8,2026-10-02T01:01:04.695736+02:00
307292667,de:12061:900260003:1:51,-0.7,2026-10-02T01:01:04.695736+02:00
307292667,de:12061:900260004:1:51,-0.9,2026-10-02T01:01:04.695736+02:00
307292667,de:11000:900186001:2:53,-0.2,2026-10-02T01:01:04.695736+02:00
307292667,de:11000:900193002:1:51,-0.2,2026-10-02T01:01:04.695736+02:00
307292667,de:11000:900193001:2:51,-0.8,2026-10-02T01:01:04.695736+02:00
307292667,de:11000:900192001:3:55,-0.7,2026-10-02T01:01:04.695736+02:00
307292667,de:11000:900191001:1:50,-0.4,2026-10-02T01:01:04.695736+02:00
307292667,de:11000:900077155:1:50,-0.9,2026-10-02T01:01:04.695736+02:00
307292667,de:11000:900078201:1:50,-0.4,2026-10-02T01:01:04.695736+02:00
307292667,de:11000:900079221:1:50,-0.2,2026-10-02T01:01:04.695736+02:00
307292667,de:11000:900068201:1:50,-0.8,2026-10-02T01:01:04.695736+02:00
307292667,de:11000:900058101:5:58,-0.1,2026-10-02T01:01:04.695736+02:00
307292667,de:11000:900054104:2:52,-0.2,2026-10-02T01:01:04.695736+02:00
307292667,de:11000:900054105:1:50,-0.9,2026-10-02T01:01:04.695736+02:00
307292667,de:11000:900044202:1:50,-0.7,2026-10-02T01:01:04.695736+02:00
295932983,de:11000:900058101:5:59,0.0,2026-10-02T01:01:04.695736+02:00
295932983,de:11000:900068201:1:51,-0.3,2026-10-02T01:01:04.695736+02:00
295932983,de:11000:900079221:1:51,-0.9,2026-10-02T01:01:04.695736+02:00
295932983,de:11000:900078201:1:51,-0.6,2026-10-02T01:01:04.695736+02:00
295932983,de:11000:900077155:1:51,-0.2,2026-10-02T01:01:04.695736+02:00
295932983,de:11000:900191001:2:51,-0.7,2026-10-02T01:01:04.695736+02:00
295932983,de:11000:900192001:2:53,-0.7,2026-10-02T01:01:04.695736+02:00
295932983,de:11000:900192002:1:50,-0.5,2026-10-02T01:01:04.695736+02:00
295932983,de:11000:900180003:1:50,-0.7,2026-10-02T01:01:04.695736+02:00
306896848,de:12067:900311129::4,0.0,2026-10-02T01:01:04.695736+02:00
306896848,de:12067:900311129::4,-12.0,2026-10-02T01:01:04.695736+02:00
306896848,de:12067:900310727::3,0.0,2026-10-02T01:01:04.695736+02:00
306896848,de:12067:900310755::2,0.0,2026-10-02T01:01:04.695736+02:00
306896848,de:12067:900310728::3,0.0,2026-10-02T01:01:04.695736+02:00
306896848,de:12067:900311129::7,0.0,2026-10-02T01:01:04.695736+02:00
306896848,de:12067:900311129::4,12.0,2026-10-02T01:01:04.695736+02:00
306896848,de:12067:900311129::4,0.0,2026-10-02T01:01:04.695736+02:00
306896848,de:12067:900310637::2,0.0,2026-10-02T01:01:04.695736+02:00
306896848,de:12067:900310722::2,-0.5,2026-10-02T01:01:04.695736+02:00
306896848,de:12067:900310841::2,0.0,2026-10-02T01:01:04.695736+02:00
306896848,de:12067:900311002::3,0.0,2026-10-02T01:01:04.695736+02:00
306896848,de:12067:900310908::2,0.0,2026-10-02T01:01:04.695736+02:00
306896848,de:12067:900310975::2,0.0,2026-10-02T01:01:04.695736+02:00
306896848,de:12067:900310974::2,0.0,2026-10-02T01:01:04.695736+02:00
306896848,de:12067:900310914::2,0.0,2026-10-02T01:01:04.695736+02:00
306896848,de:12067:900310703::3,0.0,2026-10-02T01:01:04.695736+02:00
306896848,de:12067:900310915::2,-0.5,2026-10-02T01:01:04.695736+02:00
306896848,de:12067:900310916::2,-0.5,2026-10-02T01:01:04.695736+02:00
306896848,de:12067:900310917::2,0.0,2026-10-02T01:01:04.695736+02:00
306896848,de:12067:900310900::2,0.0,2026-10-02T01:01:04.695736+02:00
306896848,de:12067:900310880::2,0.0,2026-10-02T01:01:04.695736+02:00
306896848,de:12067:900310010::1,0.0,2026-10-02T01:01:04.695736+02:00
306896848,de:12067:900310879::2,0.0,2026-10-02T01:01:04.695736+02:00
306896848,de:12067:900310800::2,0.0,2026-10-02T01:01:04.695736+02:00
306896848,de:12067:900310771::2,0.0,2026-10-02T01:01:04.695736+02:00
306896848,de:12067:900310822::2,0.0,2026-10-02T01:01:04.695736+02:00
306896848,de:12067:900310781::2,0.0,2026-10-02T01:01:04.695736+02:00
306896848,de:12067:900310627::2,-0.5,2026-10-02T01:01:04.695736+02:00
306896848,de:12067:900310816::2,0.0,2026-10-02T01:01:04.695736+02:00
306896848,de:12067:900310022::1,0.0,2026-10-02T01:01:04.695736+02:00
306896848,de:12067:900310001::11,0.0,2026-10-02T01:01:04.695736+02:00
306895374,de:12067:900310040::1,0.0,2026-10-02T01:01:04.695736+02:00
306895374,de:12067:900310109::1,0.0,2026-10-02T01:01:04.695736+02:00
306895374,de:12067:900310631::1,0.0,2026-10-02T01:01:04.695736+02:00
306895374,de:12067:900310106::1,0.0,2026-10-02T01:01:04.695736+02:00
306895374,de:12067:900310115::1,0.0,2026-10-02T01:01:04.695736+02:00
306895374,de:12067:900310119::1,0.0,2026-10-02T01:01:04.695736+02:00
306895374,de:12067:900310114::1,0.0,2026-10-02T01:01:04.695736+02:00
306895374,de:12067:900310103::1,0.0,2026-10-02T01:01:04.695736+02:00
306895374,de:12067:900310996::1,0.0,2026-10-02T01:01:04.695736+02:00
306895374,de:12067:900310998::1,0.0,2026-10-02T01:01:04.695736+02:00
306895374,de:12067:900310997::2,0.0,2026-10-02T01:01:04.695736+02:00
306895374,de:12067:900310966::2,0.0,2026-10-02T01:01:04.695736+02:00
306895374,de:12067:900311118::2,0.0,2026-10-02T01:01:04.695736+02:00
306895374,de:12067:900311059::1,0.0,2026-10-02T01:01:04.695736+02:00
306895374,de:12067:900311110::3,0.0,2026-10-02T01:01:04.695736+02:00
306895374,de:12067:900311055::1,0.0,2026-10-02T01:01:04.695736+02:00
306895374,de:12067:900311054::1,0.0,2026-10-02T01:01:04.695736+02:00
306895374,de:12067:900311110::1,0.0,2026-10-02T01:01:04.695736+02:00
306895374,de:12067:900311058::1,0.0,2026-10-02T01:01:04.695736+02:00
306895374,de:12067:900310611::1,0.0,2026-10-02T01:01:04.695736+02:00
306895374,de:12067:900310842::1,0.0,2026-10-02T01:01:04.695736+02:00
306895374,de:12067:900310843::1,0.0,2026-10-02T01:01:04.695736+02:00
306895374,de:12067:900311018::1,0.0,2026-10-02T01:01:04.695736+02:00
306895374,de:12067:900311017::1,0.0,2026-10-02T01:01:04.695736+02:00
307302004,de:11000:900024102:2:52,0.0,2026-10-02T01:01:04.695736+02:00
307302004,de:11000:900024101:3:55,-0.8,2026-10-02T01:01:04.695736+02:00
307302004,de:11000:900024203:1:51,-0.8,2026-10-02T01:01:04.695736+02:00
307302004,de:11000:900023201:3:54,-0.7,2026-10-02T01:01:04.695736+02:00
307302004,de:11000:900003103:1:50,-0.8,2026-10-02T01:01:04.695736+02:00
307302004,de:11000:900003102:1:50,-0.9,2026-10-02T01:01:04.695736+02:00
307302004,de:11000:900003201:3:54,-0.5,2026-10-02T01:01:04.695736+02:00
307302004,de:11000:900100001:3:54,-0.1,2026-10-02T01:01:04.695736+02:00
307302004,de:11000:900100002:1:50,-0.4,2026-10-02T01:01:04.695736+02:00
307302004,de:11000:900100003:2:52,-0.1,2026-10-02T01:01:04.695736+02:00
307302004,de:11000:900100004:1:50,-0.4,2026-10-02T01:01:04.695736+02:00
307302004,de:11000:900120005:4:55,-0.6,2026-10-02T01:01:04.695736+02:00
307302004,de:11000:900120004:1:50,-0.1,2026-10-02T01:01:04.695736+02:00
307302004,de:11000:900120003:2:53,-0.4,2026-10-02T01:01:04.695736+02:00
307302004,de:11000:900160003:1:50,-0.7,2026-10-02T01:01:04.695736+02:00
307302004,de:11000:900160004:1:50,-0.7,2026-10-02T01:01:04.695736+02:00
307302004,de:11000:900171002:1:50,-0.2,2026-10-02T01:01:04.695736+02:00
307302004,de:11000:900171001:2:51,-0.3,2026-10-02T01:01:04.695736+02:00
307302004,de:11000:900175001:2:51,-0.5,2026-10-02T01:01:04.695736+02:00
307302004,de:11000:900175002:1:51,0.0,2026-10-02T01:01:04.695736+02:00
307302004,de:11000:900176001:2:52,-0.3,2026-10-02T01:01:04.695736+02:00
307302004,de:12064:900320026:1:51,-0.1,2026-10-02T01:01:04.695736+02:00
307302004,de:12064:900320008:1:50,-0.7,2026-10-02T01:01:04.695736+02:00
307302004,de:12064:900320007:1:50,-0.4,2026-10-02T01:01:04.695736+02:00
307302004,de:12064:900320006:1:50,-0.8,2026-10-02T01:01:04.695736+02:00
307302004,de:12064:900320005:1:50,-0.2,2026-10-02T01:01:04.695736+02:00
307302004,de:12064:900320004:2:51,-0.9,2026-10-02T01:01:04.695736+02:00
307302004,de:12064:900320003:1:50,-0.8,2026-10-02T01:01:04.695736+02:00
307302004,de:12064:900320002:1:50,-0.5,2026-10-02T01:01:04.695736+02:00
307302004,de:12064:900320001:1:50,-0.2,2026-10-02T01:01:04.695736+02:00
295936925,de:12064:900320001:1:50,0.0,2026-10-02T01:01:04.695736+02:00
295936925,de:12064:900320002:1:50,-0.3,2026-10-02T01:01:04.695736+02:00
295936925,de:12064:900320003:1:50,-0.1,2026-10-02T01:01:04.695736+02:00
295936925,de:12064:900320004:2:51,-0.8,2026-10-02T01:01:04.695736+02:00
295936925,de:12064:900320005:1:50,0.0,2026-10-02T01:01:04.695736+02:00
295936925,de:12064:900320006:1:51,-0.8,2026-10-02T01:01:04.695736+02:00
295936925,de:12064:900320007:1:50,-0.8,2026-10-02T01:01:04.695736+02:00
295936925,de:12064:900320008:1:51,-0.5,2026-10-02T01:01:04.695736+02:00
295936925,de:12064:900320026:1:50,-0.3,2026-10-02T01:01:04.695736+02:00
295936925,de:11000:900176001:1:51,-0.7,2026-10-02T01:01:04.695736+02:00
295936925,de:11000:900175002:1:50,-0.7,2026-10-02T01:01:04.695736+02:00
295936925,de:11000:900175001:1:50,-0.6,2026-10-02T01:01:04.695736+02:00
295936925,de:11000:900171001:1:50,-0.3,2026-10-02T01:01:04.695736+02:00
295936925,de:11000:900171002:1:51,-0.4,2026-10-02T01:01:04.695736+02:00
295936925,de:11000:900160004:1:51,-0.8,2026-10-02T01:01:04.695736+02:00
295936925,de:11000:900160003:1:51,-0.9,2026-10-02T01:01:04.695736+02:00
295936925,de:11000:900120003:3:55,-0.1,2026-10-02T01:01:04.695736+02:00
295936925,de:11000:900120004:2:53,-0.6,2026-10-02T01:01:04.695736+02:00
295936925,de:11000:900120005:5:58,-0.9,2026-10-02T01:01:04.695736+02:00
295936925,de:11000:900100004:1:51,-0.4,2026-10-02T01:01:04.695736+02:00
295936925,de:11000:900100003:2:53,-0.4,2026-10-02T01:01:04.695736+02:00
295936925,de:11000:900100002:1:51,-0.4,2026-10-02T01:01:04.695736+02:00
295936925,de:11000:900100001:3:55,-0.4,2026-10-02T01:01:04.695736+02:00
295936925,de:11000:900003201:3:55,-0.1,2026-10-02T01:01:04.695736+02:00
295936925,de:11000:900003102:1:51,-0.8,2026-10-02T01:01:04.695736+02:00
295936925,de:11000:900003103:1:51,-0.9,2026-10-02T01:01:04.695736+02:00
295936925,de:11000:900023201:3:55,-0.8,2026-10-02T01:01:04.695736+02:00
295936925,de:11000:900024203:1:51,-0.8,2026-10-02T01:01:04.695736+02:00
295936925,de:11000:900024101:4:57,-0.8,2026-10-02T01:01:04.695736+02:00
295936925,de:11000:900024102:1:51,-0.1,2026-10-02T01:01:04.695736+02:00
295936920,de:12064:900320001:1:50,0.0,2026-10-02T01:01:04.695736+02:00
295936920,de:12064:900320002:1:50,-0.3,2026-10-02T01:01:04.695736+02:00
295936920,de:12064:900320003:1:50,-0.1,2026-10-02T01:01:04.695736+02:00
295936920,de:12064:900320004:2:51,-0.8,2026-10-02T01:01:04.695736+02:00
295936920,de:12064:900320005:1:50,0.0,2026-10-02T01:01:04.695736+02:00
295936920,de:12064:900320006:1:51,-0.8,2026-10-02T01:01:04.695736+02:00
295936920,de:12064:900320007:1:50,-0.8,2026-10-02T01:01:04.695736+02:00
295936920,de:12064:900320008:1:51,-0.5,2026-10-02T01:01:04.695736+02:00
295936920,de:12064:900320026:1:50,-0.3,2026-10-02T01:01:04.695736+02:00
295936920,de:11000:900176001:1:51,-0.7,2026-10-02T01:01:04.695736+02:00
295936920,de:11000:900175002:1:50,-0.7,2026-10-02T01:01:04.695736+02:00
295936920,de:11000:900175001:1:50,-0.6,2026-10-02T01:01:04.695736+02:00
295936920,de:11000:900171001:1:50,-0.3,2026-10-02T01:01:04.695736+02:00
295936920,de:11000:900171002:1:51,-0.4,2026-10-02T01:01:04.695736+02:00
295936920,de:11000:900160004:1:51,-0.8,2026-10-02T01:01:04.695736+02:00
295936920,de:11000:900160003:1:51,-0.9,2026-10-02T01:01:04.695736+02:00
295936920,de:11000:900120003:3:55,-0.1,2026-10-02T01:01:04.695736+02:00
295936920,de:11000:900120004:2:53,-0.6,2026-10-02T01:01:04.695736+02:00
295936920,de:11000:900120005:5:58,-0.9,2026-10-02T01:01:04.695736+02:00
295936920,de:11000:900100004:1:51,-0.4,2026-10-02T01:01:04.695736+02:00
295936920,de:11000:900100003:2:53,-0.4,2026-10-02T01:01:04.695736+02:00
295936920,de:11000:900100002:1:51,-0.4,2026-10-02T01:01:04.695736+02:00
295936920,de:11000:900100001:3:55,-0.4,2026-10-02T01:01:04.695736+02:00
295936920,de:11000:900003201:3:55,-0.1,2026-10-02T01:01:04.695736+02:00
295936920,de:11000:900003102:1:51,-0.8,2026-10-02T01:01:04.695736+02:00
295936920,de:11000:900003103:1:51,-0.9,2026-10-02T01:01:04.695736+02:00
295936920,de:11000:900023201:3:55,-0.8,2026-10-02T01:01:04.695736+02:00
295936920,de:11000:900024203:1:51,-0.8,2026-10-02T01:01:04.695736+02:00
295936920,de:11000:900024101:4:57,-0.8,2026-10-02T01:01:04.695736+02:00
295936920,de:11000:900024102:1:51,-0.1,2026-10-02T01:01:04.695736+02:00
295936918,de:12064:900320001:1:50,0.0,2026-10-02T01:01:04.695736+02:00
295936918,de:12064:900320002:1:50,-0.3,2026-10-02T01:01:04.695736+02:00
295936918,de:12064:900320003:1:50,-0.1,2026-10-02T01:01:04.695736+02:00
295936918,de:12064:900320004:2:51,-0.8,2026-10-02T01:01:04.695736+02:00
295936918,de:12064:900320005:1:50,0.0,2026-10-02T01:01:04.695736+02:00
295936918,de:12064:900320006:1:51,-0.8,2026-10-02T01:01:04.695736+02:00
295936918,de:12064:900320007:1:50,-0.8,2026-10-02T01:01:04.695736+02:00
295936918,de:12064:900320008:1:51,-0.5,2026-10-02T01:01:04.695736+02:00
295936918,de:12064:900320026:1:50,-0.3,2026-10-02T01:01:04.695736+02:00
295936918,de:11000:900176001:1:51,-0.7,2026-10-02T01:01:04.695736+02:00
295936918,de:11000:900175002:1:50,-0.7,2026-10-02T01:01:04.695736+02:00
295936918,de:11000:900175001:1:50,-0.6,2026-10-02T01:01:04.695736+02:00
295936918,de:11000:900171001:1:50,-0.3,2026-10-02T01:01:04.695736+02:00
295936918,de:11000:900171002:1:51,-0.4,2026-10-02T01:01:04.695736+02:00
295936918,de:11000:900160004:1:51,-0.8,2026-10-02T01:01:04.695736+02:00
295936918,de:11000:900160003:1:51,-0.9,2026-10-02T01:01:04.695736+02:00
295936918,de:11000:900120003:3:55,-0.1,2026-10-02T01:01:04.695736+02:00
295936918,de:11000:900120004:2:53,-0.6,2026-10-02T01:01:04.695736+02:00
295936918,de:11000:900120005:5:58,-0.9,2026-10-02T01:01:04.695736+02:00
295936918,de:11000:900100004:1:51,-0.4,2026-10-02T01:01:04.695736+02:00
295936918,de:11000:900100003:2:53,-0.4,2026-10-02T01:01:04.695736+02:00
295936918,de:11000:900100002:1:51,-0.4,2026-10-02T01:01:04.695736+02:00
295936918,de:11000:900100001:3:55,-0.4,2026-10-02T01:01:04.695736+02:00
295936918,de:11000:900003201:3:55,-0.1,2026-10-02T01:01:04.695736+02:00
295936918,de:11000:900003102:1:51,-0.8,2026-10-02T01:01:04.695736+02:00
295936918,de:11000:900003103:1:51,-0.9,2026-10-02T01:01:04.695736+02:00
295936918,de:11000:900023201:3:55,-0.8,2026-10-02T01:01:04.695736+02:00
295936918,de:11000:900024203:1:51,-0.8,2026-10-02T01:01:04.695736+02:00
295936918,de:11000:900024101:4:57,-0.8,2026-10-02T01:01:04.695736+02:00
295936918,de:11000:900024102:1:51,-0.1,2026-10-02T01:01:04.695736+02:00
295940220,de:11000:900024102:2:52,0.0,2026-10-02T01:01:04.695736+02:00
295940220,de:11000:900024101:3:54,-0.8,2026-10-02T01:01:04.695736+02:00
295940220,de:11000:900024203:1:51,-0.8,2026-10-02T01:01:04.695736+02:00
295940220,de:11000:900023201:3:54,-0.7,2026-10-02T01:01:04.695736+02:00
295940220,de:11000:900003103:1:50,-0.8,2026-10-02T01:01:04.695736+02:00
295940220,de:11000:900003102:1:50,-0.9,2026-10-02T01:01:04.695736+02:00
295940220,de:11000:900003201:3:54,-0.5,2026-10-02T01:01:04.695736+02:00
295940220,de:11000:900100001:3:54,-0.1,2026-10-02T01:01:04.695736+02:00
295940220,de:11000:900100002:1:50,-0.4,2026-10-02T01:01:04.695736+02:00
295940220,de:11000:900100003:2:52,-0.1,2026-10-02T01:01:04.695736+02:00
295940220,de:11000:900100004:1:50,-0.4,2026-10-02T01:01:04.695736+02:00
295940220,de:11000:900120005:4:55,-0.6,2026-10-02T01:01:04.695736+02:00
295940220,de:11000:900120004:1:50,-0.1,2026-10-02T01:01:04.695736+02:00
295940220,de:11000:900120003:2:53,-0.4,2026-10-02T01:01:04.695736+02:00
295940220,de:11000:900160003:1:50,-0.7,2026-10-02T01:01:04.695736+02:00
295940220,de:11000:900160004:1:50,-0.7,2026-10-02T01:01:04.695736+02:00
295940220,de:11000:900171002:1:50,-0.2,2026-10-02T01:01:04.695736+02:00
295940220,de:11000:900171001:2:51,-0.3,2026-10-02T01:01:04.695736+02:00
295940220,de:11000:900175001:2:51,-0.5,2026-10-02T01:01:04.695736+02:00
295940220,de:11000:900175002:1:51,0.0,2026-10-02T01:01:04.695736+02:00
295940220,de:11000:900176001:1:50,-0.7,2026-10-02T01:01:04.695736+02:00
295940148,de:11000:900120005:4:55,0.0,2026-10-02T01:01:04.695736+02:00
295940148,de:11000:900120004:1:51,-0.1,2026-10-02T01:01:04.695736+02:00
295940148,de:11000:900120003:2:52,-0.4,2026-10-02T01:01:04.695736+02:00
295940148,de:11000:900160003:1:50,-0.7,2026-10-02T01:01:04.695736+02:00
295940148,de:11000:900160004:1:50,-0.7,2026-10-02T01:01:04.695736+02:00
295940148,de:11000:900171002:1:50,-0.2,2026-10-02T01:01:04.695736+02:00
295940148,de:11000:900171001:2:51,-0.3,2026-10-02T01:01:04.695736+02:00
295940148,de:11000:900175001:2:51,-0.5,2026-10-02T01:01:04.695736+02:00
295940148,de:11000:900175002:1:51,0.0,2026-10-02T01:01:04.695736+02:00
295940148,de:11000:900176001:2:52,-0.3,2026-10-02T01:01:04.695736+02:00
306895366,de:12067:900311017::1,0.0,2026-10-02T01:01:04.695736+02:00
306895366,de:12067:900311018::2,0.0,2026-10-02T01:01:04.695736+02:00
306895366,de:12067:900310843::2,0.0,2026-10-02T01:01:04.695736+02:00
306895366,de:12067:900310842::2,0.0,2026-10-02T01:01:04.695736+02:00
306895366,de:12067:900310611::2,0.0,2026-10-02T01:01:04.695736+02:00
306895420,de:12067:900311083::3,0.0,2026-10-02T01:01:04.695736+02:00
306895420,de:12067:900310775::1,0.0,2026-10-02T01:01:04.695736+02:00
306895420,de:12067:900311083::2,0.0,2026-10-02T01:01:04.695736+02:00
306895420,de:12067:900310814::2,0.0,2026-10-02T01:01:04.695736+02:00
306895420,de:12067:900310628::2,0.0,2026-10-02T01:01:04.695736+02:00
306895420,de:12067:900310793::2,0.0,2026-10-02T01:01:04.695736+02:00
306895420,de:12067:900310774::1,0.0,2026-10-02T01:01:04.695736+02:00
306895420,de:12067:900310792::1,0.0,2026-10-02T01:01:04.695736+02:00
306895420,de:12067:900310825::1,0.0,2026-10-02T01:01:04.695736+02:00
306895420,de:12067:900310809::2,0.0,2026-10-02T01:01:04.695736+02:00
306895420,de:12067:900310787::2,0.0,2026-10-02T01:01:04.695736+02:00
306895420,de:12067:900310790::2,0.0,2026-10-02T01:01:04.695736+02:00
306895420,de:12067:900310788::2,0.0,2026-10-02T01:01:04.695736+02:00
306895420,de:12067:900310696::2,0.0,2026-10-02T01:01:04.695736+02:00
306895420,de:12067:900310001::11,0.0,2026-10-02T01:01:04.695736+02:00
306895420,de:12067:900310001::2,0.0,2026-10-02T01:01:04.695736+02:00
306895420,de:12067:900310816::1,0.0,2026-10-02T01:01:04.695736+02:00
306895420,de:12067:900310627::1,0.0,2026-10-02T01:01:04.695736+02:00
306895420,de:12067:900310781::1,0.0,2026-10-02T01:01:04.695736+02:00
306895420,de:12067:900310822::1,0.0,2026-10-02T01:01:04.695736+02:00
306895420,de:12067:900310808::1,0.0,2026-10-02T01:01:04.695736+02:00
306895420,de:12067:900310779::1,0.0,2026-10-02T01:01:04.695736+02:00
306895420,de:12067:900310995::1,0.0,2026-10-02T01:01:04.695736+02:00
306895420,de:12067:900311104::1,0.0,2026-10-02T01:01:04.695736+02:00
306895420,de:12067:900310784::1,0.0,2026-10-02T01:01:04.695736+02:00
306895420,de:12067:900310786::1,0.0,2026-10-02T01:01:04.695736+02:00
306895420,de:12067:900310768::1,0.0,2026-10-02T01:01:04.695736+02:00
306895420,de:12067:900310023::1,0.0,2026-10-02T01:01:04.695736+02:00
306895420,de:12067:900310778::1,0.0,2026-10-02T01:01:04.695736+02:00
306895420,de:12067:900310806::1,0.0,2026-10-02T01:01:04.695736+02:00
306895420,de:12067:900310812::1,0.0,2026-10-02T01:01:04.695736+02:00
306895420,de:12067:900310770::1,0.0,2026-10-02T01:01:04.695736+02:00
306895420,de:12067:900310010::3,0.0,2026-10-02T01:01:04.695736+02:00
306895420,de:12067:900310880::1,0.0,2026-10-02T01:01:04.695736+02:00
306895420,de:12067:900310815::1,0.0,2026-10-02T01:01:04.695736+02:00
306895420,de:12067:900310807::1,0.0,2026-10-02T01:01:04.695736+02:00
295946310,de:11000:900170004:1:50,0.0,2026-10-02T01:01:04.695736+02:00
295946310,de:11000:900170003:1:51,-0.3,2026-10-02T01:01:04.695736+02:00
295946310,de:11000:900170002:1:51,-0.1,2026-10-02T01:01:04.695736+02:00
295946310,de:11000:900170001:1:51,-0.9,2026-10-02T01:01:04.695736+02:00
295946310,de:11000:900170005:1:51,-0.7,2026-10-02T01:01:04.695736+02:00
295946310,de:11000:900171003:1:51,-0.6,2026-10-02T01:01:04.695736+02:00
295946310,de:11000:900171002:1:51,-0.9,2026-10-02T01:01:04.695736+02:00
295946310,de:11000:900160004:1:51,-0.3,2026-10-02T01:01:04.695736+02:00
295946310,de:11000:900160003:1:51,-0.4,2026-10-02T01:01:04.695736+02:00
295946310,de:11000:900120003:3:55,-0.6,2026-10-02T01:01:04.695736+02:00
295946310,de:11000:900120004:2:53,-0.1,2026-10-02T01:01:04.695736+02:00
295946310,de:11000:900120005:5:58,-0.4,2026-10-02T01:01:04.695736+02:00
295946310,de:11000:900100004:1:51,-0.9,2026-10-02T01:01:04.695736+02:00
295946310,de:11000:900100003:2:53,-0.9,2026-10-02T01:01:04.695736+02:00
295946310,de:11000:900100002:1:51,-0.9,2026-10-02T01:01:04.695736+02:00
295946310,de:11000:900100001:3:55,-0.9,2026-10-02T01:01:04.695736+02:00
295946310,de:11000:900003201:3:55,-0.6,2026-10-02T01:01:04.695736+02:00
295946310,de:11000:900003102:1:51,-0.3,2026-10-02T01:01:04.695736+02:00
295946310,de:11000:900003103:1:51,-0.4,2026-10-02T01:01:04.695736+02:00
295946310,de:11000:900023201:3:55,-0.3,2026-10-02T01:01:04.695736+02:00
295946310,de:11000:900024203:1:51,-0.3,2026-10-02T01:01:04.695736+02:00
295946310,de:11000:900024101:4:57,-0.3,2026-10-02T01:01:04.695736+02:00
295946310,de:11000:900024102:1:50,-0.6,2026-10-02T01:01:04.695736+02:00
295946310,de:11000:900048101:1:50,-0.8,2026-10-02T01:01:04.695736+02:00
295946310,de:11000:900052201:2:52,0.0,2026-10-02T01:01:04.695736+02:00
295946310,de:11000:900053301:1:50,-0.4,2026-10-02T01:01:04.695736+02:00
295946310,de:12054:900230003:1:50,-0.4,2026-10-02T01:01:04.695736+02:00
295946310,de:12054:900230000:1:51,-0.4,2026-10-02T01:01:04.695736+02:00
295946310,de:12054:900230999:3:55,-0.9,2026-10-02T01:01:04.695736+02:00
306895423,de:12067:900311083::3,0.0,2026-10-02T01:01:04.695736+02:00
306895423,de:12067:900310775::1,0.0,2026-10-02T01:01:04.695736+02:00
306895423,de:12067:900311083::2,0.0,2026-10-02T01:01:04.695736+02:00
306895423,de:12067:900310814::2,0.0,2026-10-02T01:01:04.695736+02:00
306895423,de:12067:900310628::2,0.0,2026-10-02T01:01:04.695736+02:00
306895423,de:12067:900310793::2,0.0,2026-10-02T01:01:04.695736+02:00
306895423,de:12067:900310774::1,0.0,2026-10-02T01:01:04.695736+02:00
306895423,de:12067:900310792::1,0.0,2026-10-02T01:01:04.695736+02:00
306895423,de:12067:900310825::1,0.0,2026-10-02T01:01:04.695736+02:00
306895423,de:12067:900310809::2,0.0,2026-10-02T01:01:04.695736+02:00
306895423,de:12067:900310787::2,0.0,2026-10-02T01:01:04.695736+02:00
306895423,de:12067:900310790::2,0.0,2026-10-02T01:01:04.695736+02:00
306895423,de:12067:900310788::2,0.0,2026-10-02T01:01:04.695736+02:00
306895423,de:12067:900310696::2,0.0,2026-10-02T01:01:04.695736+02:00
306895423,de:12067:900310001::11,0.0,2026-10-02T01:01:04.695736+02:00
306895423,de:12067:900310001::2,0.0,2026-10-02T01:01:04.695736+02:00
306895423,de:12067:900310816::1,0.0,2026-10-02T01:01:04.695736+02:00
306895423,de:12067:900310627::1,0.0,2026-10-02T01:01:04.695736+02:00
306895423,de:12067:900310781::1,0.0,2026-10-02T01:01:04.695736+02:00
306895423,de:12067:900310822::1,0.0,2026-10-02T01:01:04.695736+02:00
306895423,de:12067:900310808::1,0.0,2026-10-02T01:01:04.695736+02:00
306895423,de:12067:900310779::1,0.0,2026-10-02T01:01:04.695736+02:00
306895423,de:12067:900310995::1,0.0,2026-10-02T01:01:04.695736+02:00
306895423,de:12067:900311104::1,0.0,2026-10-02T01:01:04.695736+02:00
306895423,de:12067:900310784::1,0.0,2026-10-02T01:01:04.695736+02:00
306895423,de:12067:900310786::1,0.0,2026-10-02T01:01:04.695736+02:00
306895423,de:12067:900310768::1,0.0,2026-10-02T01:01:04.695736+02:00
306895423,de:12067:900310023::1,0.0,2026-10-02T01:01:04.695736+02:00
306895423,de:12067:900310778::1,0.0,2026-10-02T01:01:04.695736+02:00
306895423,de:12067:900310806::1,0.0,2026-10-02T01:01:04.695736+02:00
306895423,de:12067:900310812::1,0.0,2026-10-02T01:01:04.695736+02:00
306895423,de:12067:900310770::1,0.0,2026-10-02T01:01:04.695736+02:00
306895423,de:12067:900310010::3,0.0,2026-10-02T01:01:04.695736+02:00
306895423,de:12067:900310880::1,0.0,2026-10-02T01:01:04.695736+02:00
306895423,de:12067:900310815::1,0.0,2026-10-02T01:01:04.695736+02:00
306895423,de:12067:900310807::1,0.0,2026-10-02T01:01:04.695736+02:00
295946181,de:12054:900230999:3:54,0.0,2026-10-02T01:01:04.695736+02:00
295946181,de:12054:900230000:1:50,-0.3,2026-10-02T01:01:04.695736+02:00
295946181,de:12054:900230003:1:54,-0.3,2026-10-02T01:01:04.695736+02:00
295946181,de:11000:900053301:2:53,-0.4,2026-10-02T01:01:04.695736+02:00
295946181,de:11000:900052201:2:53,-0.7,2026-10-02T01:01:04.695736+02:00
295946181,de:11000:900048101:2:53,-0.9,2026-10-02T01:01:04.695736+02:00
295946181,de:11000:900024102:2:53,-0.9,2026-10-02T01:01:04.695736+02:00
295946181,de:11000:900024101:3:55,-0.3,2026-10-02T01:01:04.695736+02:00
295946181,de:11000:900024203:1:51,-0.3,2026-10-02T01:01:04.695736+02:00
295946181,de:11000:900023201:3:54,-0.2,2026-10-02T01:01:04.695736+02:00
295946181,de:11000:900003103:1:50,-0.3,2026-10-02T01:01:04.695736+02:00
295946181,de:11000:900003102:1:50,-0.4,2026-10-02T01:01:04.695736+02:00
295946181,de:11000:900003201:3:54,0.0,2026-10-02T01:01:04.695736+02:00
295946181,de:11000:900100001:3:54,-0.6,2026-10-02T01:01:04.695736+02:00
295946181,de:11000:900100002:1:50,-0.9,2026-10-02T01:01:04.695736+02:00
295946181,de:11000:900100003:2:52,-0.6,2026-10-02T01:01:04.695736+02:00
295946181,de:11000:900100004:1:50,-0.9,2026-10-02T01:01:04.695736+02:00
295946181,de:11000:900120005:4:55,-0.1,2026-10-02T01:01:04.695736+02:00
295946181,de:11000:900120004:1:50,-0.6,2026-10-02T01:01:04.695736+02:00
295946181,de:11000:900120003:2:53,-0.9,2026-10-02T01:01:04.695736+02:00
295946181,de:11000:900160003:1:50,-0.2,2026-10-02T01:01:04.695736+02:00
295946181,de:11000:900160004:1:50,-0.2,2026-10-02T01:01:04.695736+02:00
295946181,de:11000:900171002:1:50,-0.7,2026-10-02T01:01:04.695736+02:00
295946181,de:11000:900171003:1:50,-0.8,2026-10-02T01:01:04.695736+02:00
295946181,de:11000:900170005:1:50,-0.3,2026-10-02T01:01:04.695736+02:00
295946181,de:11000:900170001:1:50,-0.1,2026-10-02T01:01:04.695736+02:00
295946181,de:11000:900170002:1:50,-0.9,2026-10-02T01:01:04.695736+02:00
295946181,de:11000:900170003:1:50,-0.7,2026-10-02T01:01:04.695736+02:00
295946181,de:11000:900170004:1:50,-0.9,2026-10-02T01:01:04.695736+02:00
306895427,de:12067:900311083::3,0.0,2026-10-02T01:01:04.695736+02:00
306895427,de:12067:900310775::1,0.0,2026-10-02T01:01:04.695736+02:00
306895427,de:12067:900311083::2,0.0,2026-10-02T01:01:04.695736+02:00
306895427,de:12067:900310814::2,0.0,2026-10-02T01:01:04.695736+02:00
306895427,de:12067:900310628::2,0.0,2026-10-02T01:01:04.695736+02:00
306895427,de:12067:900310793::2,0.0,2026-10-02T01:01:04.695736+02:00
306895427,de:12067:900310774::1,0.0,2026-10-02T01:01:04.695736+02:00
306895427,de:12067:900310792::1,0.0,2026-10-02T01:01:04.695736+02:00
306895427,de:12067:900310825::1,0.0,2026-10-02T01:01:04.695736+02:00
306895427,de:12067:900310809::2,0.0,2026-10-02T01:01:04.695736+02:00
306895427,de:12067:900310787::2,0.0,2026-10-02T01:01:04.695736+02:00
306895427,de:12067:900310790::2,0.0,2026-10-02T01:01:04.695736+02:00
306895427,de:12067:900310788::2,0.0,2026-10-02T01:01:04.695736+02:00
306895427,de:12067:900310696::2,0.0,2026-10-02T01:01:04.695736+02:00
306895427,de:12067:900310001::11,0.0,2026-10-02T01:01:04.695736+02:00
306895427,de:12067:900310001::2,0.0,2026-10-02T01:01:04.695736+02:00
306895427,de:12067:900310816::1,0.0,2026-10-02T01:01:04.695736+02:00
306895427,de:12067:900310627::1,0.0,2026-10-02T01:01:04.695736+02:00
306895427,de:12067:900310781::1,0.0,2026-10-02T01:01:04.695736+02:00
306895427,de:12067:900310822::1,0.0,2026-10-02T01:01:04.695736+02:00
306895427,de:12067:900310808::1,0.0,2026-10-02T01:01:04.695736+02:00
306895427,de:12067:900310779::1,0.0,2026-10-02T01:01:04.695736+02:00
306895427,de:12067:900310995::1,0.0,2026-10-02T01:01:04.695736+02:00
306895427,de:12067:900311104::1,0.0,2026-10-02T01:01:04.695736+02:00
306895427,de:12067:900310784::1,0.0,2026-10-02T01:01:04.695736+02:00
306895427,de:12067:900310786::1,0.0,2026-10-02T01:01:04.695736+02:00
306895427,de:12067:900310768::1,0.0,2026-10-02T01:01:04.695736+02:00
306895427,de:12067:900310023::1,0.0,2026-10-02T01:01:04.695736+02:00
306895427,de:12067:900310778::1,0.0,2026-10-02T01:01:04.695736+02:00
306895427,de:12067:900310806::1,0.0,2026-10-02T01:01:04.695736+02:00
306895427,de:12067:900310812::1,0.0,2026-10-02T01:01:04.695736+02:00
306895427,de:12067:900310770::1,0.0,2026-10-02T01:01:04.695736+02:00
306895427,de:12067:900310010::3,0.0,2026-10-02T01:01:04.695736+02:00
306895427,de:12067:900310880::1,0.0,2026-10-02T01:01:04.695736+02:00
306895427,de:12067:900310815::1,0.0,2026-10-02T01:01:04.695736+02:00
306895427,de:12067:900310807::1,0.0,2026-10-02T01:01:04.695736+02:00
295953596,de:11000:900151001:1:51,0.0,2026-10-02T01:01:04.695736+02:00
295953596,de:11000:900152001:1:51,-0.6,2026-10-02T01:01:04.695736+02:00
295953596,de:11000:900152002:1:51,-0.2,2026-10-02T01:01:04.695736+02:00
295953596,de:11000:900171003:1:51,-0.9,2026-10-02T01:01:04.695736+02:00
295953596,de:11000:900171002:1:51,-0.9,2026-10-02T01:01:04.695736+02:00
295953596,de:11000:900160004:1:51,-0.3,2026-10-02T01:01:04.695736+02:00
295953596,de:11000:900160003:1:51,-0.4,2026-10-02T01:01:04.695736+02:00
295953596,de:11000:900120003:3:54,-0.6,2026-10-02T01:01:04.695736+02:00
295953596,de:11000:900120004:2:52,-0.1,2026-10-02T01:01:04.695736+02:00
295953589,de:11000:900151001:1:51,0.0,2026-10-02T01:01:04.695736+02:00
295953589,de:11000:900152001:1:51,-0.6,2026-10-02T01:01:04.695736+02:00
295953589,de:11000:900152002:1:51,-0.2,2026-10-02T01:01:04.695736+02:00
295953589,de:11000:900171003:1:51,-0.9,2026-10-02T01:01:04.695736+02:00
295953589,de:11000:900171002:1:51,-0.9,2026-10-02T01:01:04.695736+02:00
295953589,de:11000:900160004:1:51,-0.3,2026-10-02T01:01:04.695736+02:00
295953589,de:11000:900160003:1:51,-0.4,2026-10-02T01:01:04.695736+02:00
295953589,de:11000:900120003:3:54,-0.6,2026-10-02T01:01:04.695736+02:00
295953589,de:11000:900120004:2:52,-0.1,2026-10-02T01:01:04.695736+02:00
295949554,de:11000:900170004:2:52,0.0,2026-10-02T01:01:04.695736+02:00
295949554,de:11000:900170003:1:51,-0.3,2026-10-02T01:01:04.695736+02:00
295949554,de:11000:900170002:1:51,-0.1,2026-10-02T01:01:04.695736+02:00
295949554,de:11000:900170001:1:51,-0.9,2026-10-02T01:01:04.695736+02:00
295949554,de:11000:900170005:1:51,-0.7,2026-10-02T01:01:04.695736+02:00
295949554,de:11000:900171003:1:51,-0.6,2026-10-02T01:01:04.695736+02:00
295949554,de:11000:900171002:1:51,-0.9,2026-10-02T01:01:04.695736+02:00
295949554,de:11000:900160004:1:51,-0.3,2026-10-02T01:01:04.695736+02:00
295949554,de:11000:900160003:1:51,-0.4,2026-10-02T01:01:04.695736+02:00
295949554,de:11000:900120003:3:55,-0.6,2026-10-02T01:01:04.695736+02:00
295949554,de:11000:900120004:2:53,-0.1,2026-10-02T01:01:04.695736+02:00
295949554,de:11000:900120005:5:58,-0.4,2026-10-02T01:01:04.695736+02:00
295949554,de:11000:900100004:1:51,-0.9,2026-10-02T01:01:04.695736+02:00
295949554,de:11000:900100003:2:53,-0.9,2026-10-02T01:01:04.695736+02:00
295949554,de:11000:900100002:1:51,-0.9,2026-10-02T01:01:04.695736+02:00
295949554,de:11000:900100001:3:55,-0.9,2026-10-02T01:01:04.695736+02:00
295949554,de:11000:900003201:3:55,-0.6,2026-10-02T01:01:04.695736+02:00
295949554,de:11000:900003102:1:51,-0.3,2026-10-02T01:01:04.695736+02:00
295949554,de:11000:900003103:1:51,-0.4,2026-10-02T01:01:04.695736+02:00
295949554,de:11000:900023201:3:55,-0.3,2026-10-02T01:01:04.695736+02:00
295949554,de:11000:900024203:1:51,-0.3,2026-10-02T01:01:04.695736+02:00
295949554,de:11000:900024101:4:57,-0.3,2026-10-02T01:01:04.695736+02:00
295949554,de:11000:900024102:1:50,-0.6,2026-10-02T01:01:04.695736+02:00
295949554,de:11000:900048101:1:50,-0.8,2026-10-02T01:01:04.695736+02:00
295949554,de:11000:900052201:2:52,0.0,2026-10-02T01:01:04.695736+02:00
295949554,de:11000:900053301:1:50,-0.4,2026-10-02T01:01:04.695736+02:00
295949554,de:12054:900230003:1:50,-0.4,2026-10-02T01:01:04.695736+02:00
295949554,de:12054:900230000:1:51,-0.4,2026-10-02T01:01:04.695736+02:00
295949554,de:12054:900230999:3:54,-0.9,2026-10-02T01:01:04.695736+02:00
295949552,de:11000:900170004:2:52,0.0,2026-10-02T01:01:04.695736+02:00
295949552,de:11000:900170003:1:51,-0.3,2026-10-02T01:01:04.695736+02:00
295949552,de:11000:900170002:1:51,-0.1,2026-10-02T01:01:04.695736+02:00
295949552,de:11000:900170001:1:51,-0.9,2026-10-02T01:01:04.695736+02:00
295949552,de:11000:900170005:1:51,-0.7,2026-10-02T01:01:04.695736+02:00
295949552,de:11000:900171003:1:51,-0.6,2026-10-02T01:01:04.695736+02:00
295949552,de:11000:900171002:1:51,-0.9,2026-10-02T01:01:04.695736+02:00
295949552,de:11000:900160004:1:51,-0.3,2026-10-02T01:01:04.695736+02:00
295949552,de:11000:900160003:1:51,-0.4,2026-10-02T01:01:04.695736+02:00
295949552,de:11000:900120003:3:55,-0.6,2026-10-02T01:01:04.695736+02:00
295949552,de:11000:900120004:2:53,-0.1,2026-10-02T01:01:04.695736+02:00
295949552,de:11000:900120005:5:58,-0.4,2026-10-02T01:01:04.695736+02:00
295949552,de:11000:900100004:1:51,-0.9,2026-10-02T01:01:04.695736+02:00
295949552,de:11000:900100003:2:53,-0.9,2026-10-02T01:01:04.695736+02:00
295949552,de:11000:900100002:1:51,-0.9,2026-10-02T01:01:04.695736+02:00
295949552,de:11000:900100001:3:55,-0.9,2026-10-02T01:01:04.695736+02:00
295949552,de:11000:900003201:3:55,-0.6,2026-10-02T01:01:04.695736+02:00
295949552,de:11000:900003102:1:51,-0.3,2026-10-02T01:01:04.695736+02:00
295949552,de:11000:900003103:1:51,-0.4,2026-10-02T01:01:04.695736+02:00
295949552,de:11000:900023201:3:55,-0.3,2026-10-02T01:01:04.695736+02:00
295949552,de:11000:900024203:1:51,-0.3,2026-10-02T01:01:04.695736+02:00
295949552,de:11000:900024101:4:57,-0.3,2026-10-02T01:01:04.695736+02:00
295949552,de:11000:900024102:1:50,-0.6,2026-10-02T01:01:04.695736+02:00
295949552,de:11000:900048101:1:50,-0.8,2026-10-02T01:01:04.695736+02:00
295949552,de:11000:900052201:2:52,0.0,2026-10-02T01:01:04.695736+02:00
295949552,de:11000:900053301:1:50,-0.4,2026-10-02T01:01:04.695736+02:00
295949552,de:12054:900230003:1:50,-0.4,2026-10-02T01:01:04.695736+02:00
295949552,de:12054:900230000:1:51,-0.4,2026-10-02T01:01:04.695736+02:00
295949552,de:12054:900230999:3:54,-0.9,2026-10-02T01:01:04.695736+02:00
295949465,de:12054:900230999:3:55,0.0,2026-10-02T01:01:04.695736+02:00
295949465,de:12054:900230000:1:50,-0.3,2026-10-02T01:01:04.695736+02:00
295949465,de:12054:900230003:1:54,-0.3,2026-10-02T01:01:04.695736+02:00
295949465,de:11000:900053301:2:53,-0.4,2026-10-02T01:01:04.695736+02:00
295949465,de:11000:900052201:2:53,-0.7,2026-10-02T01:01:04.695736+02:00
295949465,de:11000:900048101:2:53,-0.9,2026-10-02T01:01:04.695736+02:00
295949465,de:11000:900024102:2:53,-0.9,2026-10-02T01:01:04.695736+02:00
295949465,de:11000:900024101:3:55,-0.3,2026-10-02T01:01:04.695736+02:00
295949465,de:11000:900024203:1:51,-0.3,2026-10-02T01:01:04.695736+02:00
295949465,de:11000:900023201:3:54,-0.2,2026-10-02T01:01:04.695736+02:00
295949465,de:11000:900003103:1:50,-0.3,2026-10-02T01:01:04.695736+02:00
295949465,de:11000:900003102:1:50,-0.4,2026-10-02T01:01:04.695736+02:00
295949465,de:11000:900003201:3:54,0.0,2026-10-02T01:01:04.695736+02:00
295949465,de:11000:900100001:3:54,-0.6,2026-10-02T01:01:04.695736+02:00
295949465,de:11000:900100002:1:50,-0.9,2026-10-02T01:01:04.695736+02:00
295949465,de:11000:900100003:2:52,-0.6,2026-10-02T01:01:04.695736+02:00
295949465,de:11000:900100004:1:50,-0.9,2026-10-02T01:01:04.695736+02:00
295949465,de:11000:900120005:4:55,-0.1,2026-10-02T01:01:04.695736+02:00
295949465,de:11000:900120004:1:50,-0.6,2026-10-02T01:01:04.695736+02:00
295949465,de:11000:900120003:2:53,-0.9,2026-10-02T01:01:04.695736+02:00
295949465,de:11000:900160003:1:50,-0.2,2026-10-02T01:01:04.695736+02:00
295949465,de:11000:900160004:1:50,-0.2,2026-10-02T01:01:04.695736+02:00
295949465,de:11000:900171002:1:50,-0.7,2026-10-02T01:01:04.695736+02:00
295949465,de:11000:900171003:1:50,-0.8,2026-10-02T01:01:04.695736+02:00
295949465,de:11000:900170005:1:50,-0.3,2026-10-02T01:01:04.695736+02:00
295949465,de:11000:900170001:1:50,-0.1,2026-10-02T01:01:04.695736+02:00
295949465,de:11000:900170002:1:50,-0.9,2026-10-02T01:01:04.695736+02:00
295949465,de:11000:900170003:1:50,-0.7,2026-10-02T01:01:04.695736+02:00
295949465,de:11000:900170004:2:52,-0.9,2026-10-02T01:01:04.695736+02:00
306895472,de:12067:900310807::1,0.0,2026-10-02T01:01:04.695736+02:00
306895472,de:12067:900310815::2,0.0,2026-10-02T01:01:04.695736+02:00
306895472,de:12067:900310880::2,0.0,2026-10-02T01:01:04.695736+02:00
306895472,de:12067:900310010::2,0.0,2026-10-02T01:01:04.695736+02:00
306895472,de:12067:900310770::2,0.0,2026-10-02T01:01:04.695736+02:00
306895472,de:12067:900310812::2,0.0,2026-10-02T01:01:04.695736+02:00
306895472,de:12067:900310806::2,0.0,2026-10-02T01:01:04.695736+02:00
306895472,de:12067:900310821::2,0.0,2026-10-02T01:01:04.695736+02:00
306895472,de:12067:900310794::2,0.0,2026-10-02T01:01:04.695736+02:00
306895472,de:12067:900310808::2,0.0,2026-10-02T01:01:04.695736+02:00
306895472,de:12067:900310822::2,0.0,2026-10-02T01:01:04.695736+02:00
306895472,de:12067:900310781::2,0.0,2026-10-02T01:01:04.695736+02:00
306895472,de:12067:900310627::2,0.0,2026-10-02T01:01:04.695736+02:00
306895472,de:12067:900310816::2,0.0,2026-10-02T01:01:04.695736+02:00
306895472,de:12067:900310022::1,0.0,2026-10-02T01:01:04.695736+02:00
306895472,de:12067:900310001::11,0.0,2026-10-02T01:01:04.695736+02:00
306895472,de:12067:900310001::1,0.0,2026-10-02T01:01:04.695736+02:00
306895472,de:12067:900310696::1,0.0,2026-10-02T01:01:04.695736+02:00
306895472,de:12067:900310788::1,0.0,2026-10-02T01:01:04.695736+02:00
306895472,de:12067:900310790::1,0.0,2026-10-02T01:01:04.695736+02:00
306895472,de:12067:900310787::1,0.0,2026-10-02T01:01:04.695736+02:00
306895472,de:12067:900310809::1,0.0,2026-10-02T01:01:04.695736+02:00
306895472,de:12067:900310825::1,0.0,2026-10-02T01:01:04.695736+02:00
306895472,de:12067:900310792::2,0.0,2026-10-02T01:01:04.695736+02:00
306895472,de:12067:900310774::2,0.0,2026-10-02T01:01:04.695736+02:00
306895472,de:12067:900310793::1,0.0,2026-10-02T01:01:04.695736+02:00
306895472,de:12067:900310628::1,0.0,2026-10-02T01:01:04.695736+02:00
306895472,de:12067:900310814::1,0.0,2026-10-02T01:01:04.695736+02:00
306895472,de:12067:900311083::3,0.0,2026-10-02T01:01:04.695736+02:00
295956063,de:11000:900151001:1:50,0.0,2026-10-02T01:01:04.695736+02:00
295956063,de:11000:900152001:1:51,-0.6,2026-10-02T01:01:04.695736+02:00
295956063,de:11000:900152002:1:51,-0.2,2026-10-02T01:01:04.695736+02:00
295956063,de:11000:900171003:1:51,-0.9,2026-10-02T01:01:04.695736+02:00
295956063,de:11000:900171002:1:51,-0.9,2026-10-02T01:01:04.695736+02:00
295956063,de:11000:900160004:1:51,-0.3,2026-10-02T01:01:04.695736+02:00
295956063,de:11000:900160003:1:51,-0.4,2026-10-02T01:01:04.695736+02:00
295956063,de:11000:900120003:3:54,-0.6,2026-10-02T01:01:04.695736+02:00
295956063,de:11000:900120004:2:52,-0.1,2026-10-02T01:01:04.695736+02:00
295949524,de:11000:900170004:2:52,0.0,2026-10-02T01:01:04.695736+02:00
295949524,de:11000:900170003:1:51,-0.3,2026-10-02T01:01:04.695736+02:00
295949524,de:11000:900170002:1:51,-0.1,2026-10-02T01:01:04.695736+02:00
295949524,de:11000:900170001:1:51,-0.9,2026-10-02T01:01:04.695736+02:00
295949524,de:11000:900170005:1:51,-0.7,2026-10-02T01:01:04.695736+02:00
295949524,de:11000:900171003:1:51,-0.6,2026-10-02T01:01:04.695736+02:00
295949524,de:11000:900171002:1:51,-0.9,2026-10-02T01:01:04.695736+02:00
295949524,de:11000:900160004:1:51,-0.3,2026-10-02T01:01:04.695736+02:00
295949524,de:11000:900160003:1:51,-0.4,2026-10-02T01:01:04.695736+02:00
295949524,de:11000:900120003:3:55,-0.6,2026-10-02T01:01:04.695736+02:00
295949524,de:11000:900120004:2:53,-0.1,2026-10-02T01:01:04.695736+02:00
295949524,de:11000:900120005:5:58,-0.4,2026-10-02T01:01:04.695736+02:00
295949524,de:11000:900100004:1:51,-0.9,2026-10-02T01:01:04.695736+02:00
295949524,de:11000:900100003:2:53,-0.9,2026-10-02T01:01:04.695736+02:00
295949524,de:11000:900100002:1:51,-0.9,2026-10-02T01:01:04.695736+02:00
295949524,de:11000:900100001:3:55,-0.9,2026-10-02T01:01:04.695736+02:00
295949524,de:11000:900003201:3:55,-0.6,2026-10-02T01:01:04.695736+02:00
295949524,de:11000:900003102:1:51,-0.3,2026-10-02T01:01:04.695736+02:00
295949524,de:11000:900003103:1:51,-0.4,2026-10-02T01:01:04.695736+02:00
295949524,de:11000:900023201:3:55,-0.3,2026-10-02T01:01:04.695736+02:00
295949524,de:11000:900024203:1:51,-0.3,2026-10-02T01:01:04.695736+02:00
295949524,de:11000:900024101:4:57,-0.3,2026-10-02T01:01:04.695736+02:00
295949524,de:11000:900024102:1:50,-0.6,2026-10-02T01:01:04.695736+02:00
295949524,de:11000:900048101:1:50,-0.8,2026-10-02T01:01:04.695736+02:00
295949524,de:11000:900052201:2:52,0.0,2026-10-02T01:01:04.695736+02:00
295949524,de:11000:900053301:1:50,-0.4,2026-10-02T01:01:04.695736+02:00
295949524,de:12054:900230003:1:50,-0.4,2026-10-02T01:01:04.695736+02:00
295949524,de:12054:900230000:1:51,-0.4,2026-10-02T01:01:04.695736+02:00
295949524,de:12054:900230999:3:54,-0.9,2026-10-02T01:01:04.695736+02:00
307436886,de:12061:900261512:2:52,0.0,2026-10-02T01:01:04.695736+02:00
307436886,de:12066:900435602:2:51,0.0,2026-10-02T01:01:04.695736+02:00
307436886,de:12066:900435459:2:52,0.0,2026-10-02T01:01:04.695736+02:00
307436886,de:12066:900435818:1:50,0.0,2026-10-02T01:01:04.695736+02:00
307436886,de:12066:900435209:1:50,0.0,2026-10-02T01:01:04.695736+02:00
307436886,de:12066:900435339:1:50,0.0,2026-10-02T01:01:04.695736+02:00
307436886,de:12066:900435001:3:53,0.0,2026-10-02T01:01:04.695736+02:00
307436886,de:12066:900435000:2:53,0.0,2026-10-02T01:01:04.695736+02:00
295959978,de:12065:900200008:1:51,0.0,2026-10-02T01:01:04.695736+02:00
295959978,de:12065:900200009:1:51,-0.7,2026-10-02T01:01:04.695736+02:00
295959978,de:12065:900200011:1:51,-0.3,2026-10-02T01:01:04.695736+02:00
295959978,de:12065:900200012:1:51,-0.8,2026-10-02T01:01:04.695736+02:00
295959978,de:12065:900200013:1:50,-0.4,2026-10-02T01:01:04.695736+02:00
295959978,de:11000:900142001:1:51,-0.7,2026-10-02T01:01:04.695736+02:00
295959978,de:11000:900130001:1:51,-0.2,2026-10-02T01:01:04.695736+02:00
295959978,de:11000:900130002:1:51,-0.7,2026-10-02T01:01:04.695736+02:00
295959978,de:11000:900110011:1:51,-0.2,2026-10-02T01:01:04.695736+02:00
295959978,de:11000:900110001:1:50,-0.2,2026-10-02T01:01:04.695736+02:00
295959978,de:11000:900110002:1:50,-0.9,2026-10-02T01:01:04.695736+02:00
295959978,de:11000:900110003:1:50,-0.9,2026-10-02T01:01:04.695736+02:00
295959978,de:11000:900110004:1:50,-0.3,2026-10-02T01:01:04.695736+02:00
295959978,de:11000:900110012:1:50,-0.2,2026-10-02T01:01:04.695736+02:00
295959978,de:11000:900120001:1:50,-0.2,2026-10-02T01:01:04.695736+02:00
295959978,de:11000:900120003:5:58,-0.6,2026-10-02T01:01:04.695736+02:00
295959978,de:11000:900190001:1:50,-0.1,2026-10-02T01:01:04.695736+02:00
295959978,de:11000:900191002:1:50,0.0,2026-10-02T01:01:04.695736+02:00
295959978,de:11000:900191001:2:52,-0.4,2026-10-02T01:01:04.695736+02:00
295959978,de:11000:900192001:2:52,-0.2,2026-10-02T01:01:04.695736+02:00
295959978,de:11000:900193001:1:50,-0.7,2026-10-02T01:01:04.695736+02:00
295959978,de:11000:900193002:1:50,-0.3,2026-10-02T01:01:04.695736+02:00
295959978,de:11000:900186001:1:50,-0.3,2026-10-02T01:01:04.695736+02:00
295959978,de:12061:900260004:1:50,-0.7,2026-10-02T01:01:04.695736+02:00
295959978,de:12061:900260003:1:50,-0.9,2026-10-02T01:01:04.695736+02:00
295959978,de:12061:900260002:1:50,-0.9,2026-10-02T01:01:04.695736+02:00
295959956,de:12065:900200008:1:51,0.0,2026-10-02T01:01:04.695736+02:00
295959956,de:12065:900200009:1:51,-0.7,2026-10-02T01:01:04.695736+02:00
295959956,de:12065:900200011:1:51,-0.3,2026-10-02T01:01:04.695736+02:00
295959956,de:12065:900200012:1:51,-0.8,2026-10-02T01:01:04.695736+02:00
295959956,de:12065:900200013:1:50,-0.4,2026-10-02T01:01:04.695736+02:00
295959956,de:11000:900142001:1:51,-0.7,2026-10-02T01:01:04.695736+02:00
295959956,de:11000:900130001:1:51,-0.2,2026-10-02T01:01:04.695736+02:00
295959956,de:11000:900130002:1:51,-0.7,2026-10-02T01:01:04.695736+02:00
295959956,de:11000:900110011:1:51,-0.2,2026-10-02T01:01:04.695736+02:00
295959956,de:11000:900110001:1:50,-0.2,2026-10-02T01:01:04.695736+02:00
295959956,de:11000:900110002:1:50,-0.9,2026-10-02T01:01:04.695736+02:00
295959956,de:11000:900110003:1:50,-0.9,2026-10-02T01:01:04.695736+02:00
295959956,de:11000:900110004:1:50,-0.3,2026-10-02T01:01:04.695736+02:00
295959956,de:11000:900110012:1:50,-0.2,2026-10-02T01:01:04.695736+02:00
295959956,de:11000:900120001:1:50,-0.2,2026-10-02T01:01:04.695736+02:00
295959956,de:11000:900120003:5:58,-0.6,2026-10-02T01:01:04.695736+02:00
295959956,de:11000:900190001:1:50,-0.1,2026-10-02T01:01:04.695736+02:00
295959956,de:11000:900191002:1:50,0.0,2026-10-02T01:01:04.695736+02:00
295959956,de:11000:900191001:2:52,-0.4,2026-10-02T01:01:04.695736+02:00
295959956,de:11000:900192001:2:52,-0.2,2026-10-02T01:01:04.695736+02:00
295959956,de:11000:900193001:1:50,-0.7,2026-10-02T01:01:04.695736+02:00
295959956,de:11000:900193002:1:50,-0.3,2026-10-02T01:01:04.695736+02:00
295959956,de:11000:900186001:1:51,-0.3,2026-10-02T01:01:04.695736+02:00
295960127,de:11000:900186001:2:53,0.0,2026-10-02T01:01:04.695736+02:00
295960127,de:11000:900193002:1:51,-0.2,2026-10-02T01:01:04.695736+02:00
295960127,de:11000:900193001:2:51,-0.8,2026-10-02T01:01:04.695736+02:00
295960127,de:11000:900192001:3:55,-0.7,2026-10-02T01:01:04.695736+02:00
295960127,de:11000:900191001:1:50,-0.4,2026-10-02T01:01:04.695736+02:00
295960127,de:11000:900191002:1:51,-0.8,2026-10-02T01:01:04.695736+02:00
295960127,de:11000:900190001:2:53,-0.6,2026-10-02T01:01:04.695736+02:00
295960127,de:11000:900120003:5:59,0.0,2026-10-02T01:01:04.695736+02:00
295960127,de:11000:900120001:1:51,-0.6,2026-10-02T01:01:04.695736+02:00
295960127,de:11000:900110012:1:51,-0.8,2026-10-02T01:01:04.695736+02:00
295960127,de:11000:900110004:1:51,-0.7,2026-10-02T01:01:04.695736+02:00
295960127,de:11000:900110003:1:51,0.0,2026-10-02T01:01:04.695736+02:00
295960127,de:11000:900110002:1:51,0.0,2026-10-02T01:01:04.695736+02:00
295960127,de:11000:900110001:1:51,-0.7,2026-10-02T01:01:04.695736+02:00
295960127,de:11000:900110011:2:52,-0.4,2026-10-02T01:01:04.695736+02:00
295960127,de:11000:900130002:1:50,0.0,2026-10-02T01:01:04.695736+02:00
295960127,de:11000:900130001:1:50,-0.7,2026-10-02T01:01:04.695736+02:00
295960127,de:11000:900142001:1:50,-0.2,2026-10-02T01:01:04.695736+02:00
295960127,de:12065:900200013:1:50,-0.3,2026-10-02T01:01:04.695736+02:00
295960127,de:12065:900200012:1:50,-0.9,2026-10-02T01:01:04.695736+02:00
295960127,de:12065:900200011:1:50,-0.4,2026-10-02T01:01:04.695736+02:00
295960127,de:12065:900200009:1:50,-0.9,2026-10-02T01:01:04.695736+02:00
295960127,de:12065:900200008:1:50,-0.9,2026-10-02T01:01:04.695736+02:00
295960134,de:12061:900260002:1:50,0.0,2026-10-02T01:01:04.695736+02:00
295960134,de:12061:900260003:1:51,-0.7,2026-10-02T01:01:04.695736+02:00
295960134,de:12061:900260004:1:51,-0.9,2026-10-02T01:01:04.695736+02:00
295960134,de:11000:900186001:2:53,-0.2,2026-10-02T01:01:04.695736+02:00
295960134,de:11000:900193002:1:51,-0.2,2026-10-02T01:01:04.695736+02:00
295960134,de:11000:900193001:2:51,-0.8,2026-10-02T01:01:04.695736+02:00
295960134,de:11000:900192001:3:55,-0.7,2026-10-02T01:01:04.695736+02:00
295960134,de:11000:900191001:1:50,-0.4,2026-10-02T01:01:04.695736+02:00
295960134,de:11000:900191002:1:51,-0.8,2026-10-02T01:01:04.695736+02:00
295960134,de:11000:900190001:2:53,-0.6,2026-10-02T01:01:04.695736+02:00
295960134,de:11000:900120003:5:59,0.0,2026-10-02T01:01:04.695736+02:00
295960134,de:11000:900120001:1:51,-0.6,2026-10-02T01:01:04.695736+02:00
295960134,de:11000:900110012:1:51,-0.8,2026-10-02T01:01:04.695736+02:00
295960134,de:11000:900110004:1:51,-0.7,2026-10-02T01:01:04.695736+02:00
295960134,de:11000:900110003:1:51,0.0,2026-10-02T01:01:04.695736+02:00
295960134,de:11000:900110002:1:51,0.0,2026-10-02T01:01:04.695736+02:00
295960134,de:11000:900110001:1:51,-0.7,2026-10-02T01:01:04.695736+02:00
295960134,de:11000:900110011:2:52,-0.4,2026-10-02T01:01:04.695736+02:00
295960134,de:11000:900130002:1:50,0.0,2026-10-02T01:01:04.695736+02:00
295960134,de:11000:900130001:1:50,-0.7,2026-10-02T01:01:04.695736+02:00
295960134,de:11000:900142001:1:50,-0.2,2026-10-02T01:01:04.695736+02:00
295960134,de:12065:900200013:1:50,-0.3,2026-10-02T01:01:04.695736+02:00
295960134,de:12065:900200012:1:50,-0.9,2026-10-02T01:01:04.695736+02:00
295960134,de:12065:900200011:1:50,-0.4,2026-10-02T01:01:04.695736+02:00
295960134,de:12065:900200009:1:50,-0.9,2026-10-02T01:01:04.695736+02:00
295960134,de:12065:900200008:1:50,-0.9,2026-10-02T01:01:04.695736+02:00
295963626,de:11000:900094101:1:51,0.0,2026-10-02T01:01:04.695736+02:00
295963626,de:11000:900096101:1:51,-0.1,2026-10-02T01:01:04.695736+02:00
295963626,de:11000:900084101:1:51,-0.2,2026-10-02T01:01:04.695736+02:00
295963626,de:11000:900085201:1:51,-0.8,2026-10-02T01:01:04.695736+02:00
295963626,de:11000:900130003:1:51,-0.8,2026-10-02T01:01:04.695736+02:00
295963626,de:11000:900110011:1:50,-0.9,2026-10-02T01:01:04.695736+02:00
295963626,de:11000:900110001:1:50,-0.2,2026-10-02T01:01:04.695736+02:00
295963626,de:11000:900110002:1:50,-0.9,2026-10-02T01:01:04.695736+02:00
295963626,de:11000:900110003:1:50,-0.9,2026-10-02T01:01:04.695736+02:00
295963626,de:11000:900110004:1:50,-0.3,2026-10-02T01:01:04.695736+02:00
295963626,de:11000:900110012:1:50,-0.2,2026-10-02T01:01:04.695736+02:00
295963626,de:11000:900120001:1:50,-0.2,2026-10-02T01:01:04.695736+02:00
295963626,de:11000:900120003:5:58,-0.6,2026-10-02T01:01:04.695736+02:00
295963626,de:11000:900190001:1:51,-0.1,2026-10-02T01:01:04.695736+02:00
295963626,de:11000:900191002:1:50,0.0,2026-10-02T01:01:04.695736+02:00
295963626,de:11000:900191001:2:52,-0.4,2026-10-02T01:01:04.695736+02:00
295963626,de:11000:900192001:2:52,-0.2,2026-10-02T01:01:04.695736+02:00
295963626,de:11000:900193001:1:50,-0.7,2026-10-02T01:01:04.695736+02:00
295963626,de:11000:900193002:1:50,-0.3,2026-10-02T01:01:04.695736+02:00
295963626,de:11000:900195510:1:51,-0.7,2026-10-02T01:01:04.695736+02:00
295963626,de:11000:900196001:1:50,-0.9,2026-10-02T01:01:04.695736+02:00
295963626,de:12061:900260005:3:54,-0.7,2026-10-02T01:01:04.695736+02:00
295963626,de:12061:900260080:1:50,0.0,2026-10-02T01:01:04.695736+02:00
295963626,de:12061:900260009:3:56,-0.2,2026-10-02T01:01:04.695736+02:00
295963596,de:11000:900092201:1:51,0.0,2026-10-02T01:01:04.695736+02:00
295963596,de:11000:900093201:1:51,-0.4,2026-10-02T01:01:04.695736+02:00
295963596,de:11000:900094101:1:51,-0.3,2026-10-02T01:01:04.695736+02:00
295963596,de:11000:900096101:1:51,-0.1,2026-10-02T01:01:04.695736+02:00
295963596,de:11000:900084101:1:51,-0.2,2026-10-02T01:01:04.695736+02:00
295963596,de:11000:900085201:1:51,-0.8,2026-10-02T01:01:04.695736+02:00
295963596,de:11000:900130003:1:51,-0.8,2026-10-02T01:01:04.695736+02:00
295963596,de:11000:900110011:1:50,-0.9,2026-10-02T01:01:04.695736+02:00
295963596,de:11000:900110001:1:50,-0.2,2026-10-02T01:01:04.695736+02:00
295963596,de:11000:900110002:1:50,-0.9,2026-10-02T01:01:04.695736+02:00
295963596,de:11000:900110003:1:50,-0.9,2026-10-02T01:01:04.695736+02:00
295963596,de:11000:900110004:1:50,-0.3,2026-10-02T01:01:04.695736+02:00
295963596,de:11000:900110012:1:50,-0.2,2026-10-02T01:01:04.695736+02:00
295963596,de:11000:900120001:1:50,-0.2,2026-10-02T01:01:04.695736+02:00
295963596,de:11000:900120003:5:58,-0.6,2026-10-02T01:01:04.695736+02:00
295963596,de:11000:900190001:1:51,-0.1,2026-10-02T01:01:04.695736+02:00
295963596,de:11000:900191002:1:50,0.0,2026-10-02T01:01:04.695736+02:00
295963596,de:11000:900191001:2:52,-0.4,2026-10-02T01:01:04.695736+02:00
295963596,de:11000:900192001:2:52,-0.2,2026-10-02T01:01:04.695736+02:00
295963596,de:11000:900193001:1:50,-0.7,2026-10-02T01:01:04.695736+02:00
295963596,de:11000:900193002:1:50,-0.3,2026-10-02T01:01:04.695736+02:00
295963596,de:11000:900195510:1:51,-0.7,2026-10-02T01:01:04.695736+02:00
295963596,de:11000:900196001:1:50,-0.9,2026-10-02T01:01:04.695736+02:00
295963596,de:12061:900260005:3:54,-0.7,2026-10-02T01:01:04.695736+02:00
295963596,de:12061:900260080:1:50,0.0,2026-10-02T01:01:04.695736+02:00
295963596,de:12061:900260009:3:56,-0.2,2026-10-02T01:01:04.695736+02:00
295963589,de:11000:900092201:1:51,0.0,2026-10-02T01:01:04.695736+02:00
295963589,de:11000:900093201:1:51,-0.4,2026-10-02T01:01:04.695736+02:00
295963589,de:11000:900094101:1:51,-0.3,2026-10-02T01:01:04.695736+02:00
295963589,de:11000:900096101:1:51,-0.1,2026-10-02T01:01:04.695736+02:00
295963589,de:11000:900084101:1:51,-0.2,2026-10-02T01:01:04.695736+02:00
295963589,de:11000:900085201:1:51,-0.8,2026-10-02T01:01:04.695736+02:00
295963589,de:11000:900130003:1:51,-0.8,2026-10-02T01:01:04.695736+02:00
295963589,de:11000:900110011:1:50,-0.9,2026-10-02T01:01:04.695736+02:00
295963589,de:11000:900110001:1:50,-0.2,2026-10-02T01:01:04.695736+02:00
295963589,de:11000:900110002:1:50,-0.9,2026-10-02T01:01:04.695736+02:00
295963589,de:11000:900110003:1:50,-0.9,2026-10-02T01:01:04.695736+02:00
295963589,de:11000:900110004:1:50,-0.3,2026-10-02T01:01:04.695736+02:00
295963589,de:11000:900110012:1:50,-0.2,2026-10-02T01:01:04.695736+02:00
295963589,de:11000:900120001:1:50,-0.2,2026-10-02T01:01:04.695736+02:00
295963589,de:11000:900120003:5:58,-0.6,2026-10-02T01:01:04.695736+02:00
295963589,de:11000:900190001:1:51,-0.1,2026-10-02T01:01:04.695736+02:00
295963589,de:11000:900191002:1:50,0.0,2026-10-02T01:01:04.695736+02:00
295963589,de:11000:900191001:2:52,-0.4,2026-10-02T01:01:04.695736+02:00
295963589,de:11000:900192001:2:52,-0.2,2026-10-02T01:01:04.695736+02:00
295963589,de:11000:900193001:1:50,-0.7,2026-10-02T01:01:04.695736+02:00
295963589,de:11000:900193002:1:50,-0.3,2026-10-02T01:01:04.695736+02:00
295963589,de:11000:900195510:1:51,-0.7,2026-10-02T01:01:04.695736+02:00
295963589,de:11000:900196001:1:50,-0.9,2026-10-02T01:01:04.695736+02:00
295963589,de:12061:900260005:3:54,-0.7,2026-10-02T01:01:04.695736+02:00
295963589,de:12061:900260080:1:50,0.0,2026-10-02T01:01:04.695736+02:00
295963589,de:12061:900260009:3:56,-0.2,2026-10-02T01:01:04.695736+02:00
295963713,de:12061:900260009:3:56,0.0,2026-10-02T01:01:04.695736+02:00
295963713,de:12061:900260080:1:51,-0.7,2026-10-02T01:01:04.695736+02:00
295963713,de:12061:900260005:3:55,0.0,2026-10-02T01:01:04.695736+02:00
295963713,de:11000:900196001:1:51,0.0,2026-10-02T01:01:04.695736+02:00
295963713,de:11000:900195510:1:50,-0.4,2026-10-02T01:01:04.695736+02:00
295963713,de:11000:900193002:1:51,-0.6,2026-10-02T01:01:04.695736+02:00
295963713,de:11000:900193001:2:51,-0.3,2026-10-02T01:01:04.695736+02:00
295963713,de:11000:900192001:3:55,-0.2,2026-10-02T01:01:04.695736+02:00
295963713,de:11000:900191001:1:50,-0.9,2026-10-02T01:01:04.695736+02:00
295963713,de:11000:900191002:1:51,-0.3,2026-10-02T01:01:04.695736+02:00
295963713,de:11000:900190001:2:53,-0.1,2026-10-02T01:01:04.695736+02:00
295963713,de:11000:900120003:5:59,-0.3,2026-10-02T01:01:04.695736+02:00
295963713,de:11000:900120001:1:51,-0.6,2026-10-02T01:01:04.695736+02:00
295963713,de:11000:900110012:1:51,-0.8,2026-10-02T01:01:04.695736+02:00
295963713,de:11000:900110004:1:51,-0.7,2026-10-02T01:01:04.695736+02:00
295963713,de:11000:900110003:1:51,0.0,2026-10-02T01:01:04.695736+02:00
295963713,de:11000:900110002:1:51,0.0,2026-10-02T01:01:04.695736+02:00
295963713,de:11000:900110001:1:51,-0.7,2026-10-02T01:01:04.695736+02:00
295963713,de:11000:900110011:2:53,-0.4,2026-10-02T01:01:04.695736+02:00
295963713,de:11000:900085201:1:50,-0.8,2026-10-02T01:01:04.695736+02:00
295963713,de:11000:900084101:1:50,-0.7,2026-10-02T01:01:04.695736+02:00
295963713,de:11000:900096101:1:50,-0.8,2026-10-02T01:01:04.695736+02:00
295963713,de:11000:900094101:1:50,-0.3,2026-10-02T01:01:04.695736+02:00
295963713,de:11000:900093201:1:50,-0.4,2026-10-02T01:01:04.695736+02:00
295963713,de:11000:900092201:1:51,-0.2,2026-10-02T01:01:04.695736+02:00
306895597,de:12067:900310980::1,0.0,2026-10-02T01:01:04.695736+02:00
306895597,de:12067:900310810::1,0.0,2026-10-02T01:01:04.695736+02:00
306895597,de:12067:900310769::2,0.0,2026-10-02T01:01:04.695736+02:00
306895597,de:12067:900310695::3,0.0,2026-10-02T01:01:04.695736+02:00
306895597,de:12067:900310770::1,0.0,2026-10-02T01:01:04.695736+02:00
306895597,de:12067:900310010::3,0.0,2026-10-02T01:01:04.695736+02:00
306895597,de:12067:900310782::2,0.0,2026-10-02T01:01:04.695736+02:00
306895597,de:12067:900311109::2,0.0,2026-10-02T01:01:04.695736+02:00
306895597,de:12067:900310773::2,0.0,2026-10-02T01:01:04.695736+02:00
306895597,de:12067:900310823::2,0.0,2026-10-02T01:01:04.695736+02:00
306895597,de:12067:900311152::2,0.0,2026-10-02T01:01:04.695736+02:00
306895597,de:12067:900311151::2,0.0,2026-10-02T01:01:04.695736+02:00
306895597,de:12067:900310627::2,0.0,2026-10-02T01:01:04.695736+02:00
306895597,de:12067:900310816::2,0.0,2026-10-02T01:01:04.695736+02:00
306895597,de:12067:900310022::1,0.0,2026-10-02T01:01:04.695736+02:00
306895597,de:12067:900310001::11,0.0,2026-10-02T01:01:04.695736+02:00
306895597,de:12067:900310001::1,0.0,2026-10-02T01:01:04.695736+02:00
306895597,de:12067:900311149::1,0.0,2026-10-02T01:01:04.695736+02:00
306895597,de:12067:900311135::1,0.0,2026-10-02T01:01:04.695736+02:00
306895597,de:12067:900311150::1,0.0,2026-10-02T01:01:04.695736+02:00
306895597,de:12067:900310804::1,0.0,2026-10-02T01:01:04.695736+02:00
306895597,de:12067:900310814::1,0.0,2026-10-02T01:01:04.695736+02:00
306895597,de:12067:900311083::3,0.0,2026-10-02T01:01:04.695736+02:00
295967870,de:11000:900100003:2:52,0.0,2026-10-02T01:01:04.695736+02:00
295967870,de:11000:900100004:1:50,-0.9,2026-10-02T01:01:04.695736+02:00
295967870,de:11000:900120005:4:55,-0.1,2026-10-02T01:01:04.695736+02:00
295967870,de:11000:900120004:1:50,-0.3,2026-10-02T01:01:04.695736+02:00
295967870,de:11000:900190001:1:51,-0.3,2026-10-02T01:01:04.695736+02:00
295967870,de:11000:900191002:1:50,0.0,2026-10-02T01:01:04.695736+02:00
295967870,de:11000:900191001:2:52,-0.4,2026-10-02T01:01:04.695736+02:00
295967870,de:11000:900192001:2:52,-0.4,2026-10-02T01:01:04.695736+02:00
295967870,de:11000:900193001:1:50,-0.9,2026-10-02T01:01:04.695736+02:00
295967870,de:11000:900193002:1:50,-0.4,2026-10-02T01:01:04.695736+02:00
295967870,de:11000:900195510:1:51,-0.8,2026-10-02T01:01:04.695736+02:00
295967870,de:11000:900196001:1:50,0.0,2026-10-02T01:01:04.695736+02:00
295967870,de:12061:900260005:3:54,-0.8,2026-10-02T01:01:04.695736+02:00
295967870,de:12061:900260080:1:50,-0.1,2026-10-02T01:01:04.695736+02:00
295967870,de:12061:900260009:3:55,-0.3,2026-10-02T01:01:04.695736+02:00
307435174,de:11000:900192001:1:50,0.0,2026-10-02T01:01:04.695736+02:00
307435174,de:12061:900260005:2:52,0.0,2026-10-02T01:01:04.695736+02:00
295967883,de:12061:900260009:3:55,0.0,2026-10-02T01:01:04.695736+02:00
295967883,de:12061:900260080:1:51,-0.7,2026-10-02T01:01:04.695736+02:00
295967883,de:12061:900260005:3:55,0.0,2026-10-02T01:01:04.695736+02:00
295967883,de:11000:900196001:1:51,0.0,2026-10-02T01:01:04.695736+02:00
295967883,de:11000:900195510:1:50,-0.4,2026-10-02T01:01:04.695736+02:00
295967883,de:11000:900193002:1:51,-0.6,2026-10-02T01:01:04.695736+02:00
295967883,de:11000:900193001:2:51,-0.3,2026-10-02T01:01:04.695736+02:00
295967883,de:11000:900192001:3:55,-0.2,2026-10-02T01:01:04.695736+02:00
295967883,de:11000:900191001:1:50,0.0,2026-10-02T01:01:04.695736+02:00
295967883,de:11000:900191002:1:51,-0.7,2026-10-02T01:01:04.695736+02:00
295967883,de:11000:900190001:2:53,-0.4,2026-10-02T01:01:04.695736+02:00
295967883,de:11000:900120004:2:52,-0.9,2026-10-02T01:01:04.695736+02:00
295967883,de:11000:900120005:5:57,-0.1,2026-10-02T01:01:04.695736+02:00
295967883,de:11000:900100004:1:51,-0.4,2026-10-02T01:01:04.695736+02:00
295967883,de:11000:900100003:2:53,-0.4,2026-10-02T01:01:04.695736+02:00
295967883,de:11000:900100002:1:51,-0.4,2026-10-02T01:01:04.695736+02:00
295967883,de:11000:900100001:3:55,-0.4,2026-10-02T01:01:04.695736+02:00
295967883,de:11000:900003201:3:55,-0.1,2026-10-02T01:01:04.695736+02:00
295967883,de:11000:900003102:1:51,-0.8,2026-10-02T01:01:04.695736+02:00
295967883,de:11000:900003103:1:51,-0.9,2026-10-02T01:01:04.695736+02:00
295967883,de:11000:900023201:3:55,-0.8,2026-10-02T01:01:04.695736+02:00
295967883,de:11000:900024203:1:51,-0.8,2026-10-02T01:01:04.695736+02:00
295967883,de:11000:900024101:4:57,-0.8,2026-10-02T01:01:04.695736+02:00
295967883,de:11000:900024102:1:50,-0.1,2026-10-02T01:01:04.695736+02:00
295967883,de:11000:900025423:1:50,-0.4,2026-10-02T01:01:04.695736+02:00
295967883,de:11000:900026105:1:50,-0.7,2026-10-02T01:01:04.695736+02:00
295967883,de:11000:900025321:1:50,-0.3,2026-10-02T01:01:04.695736+02:00
295967883,de:11000:900025424:1:50,-0.3,2026-10-02T01:01:04.695736+02:00
295967883,de:11000:900030202:1:50,-0.9,2026-10-02T01:01:04.695736+02:00
295967883,de:11000:900029101:1:51,-0.9,2026-10-02T01:01:04.695736+02:00
306047876,de:12064:900320900::2,0.0,2026-10-02T01:01:04.695736+02:00
306047876,de:12064:900320902::2,0.0,2026-10-02T01:01:04.695736+02:00
306047876,de:12064:900320903::2,0.0,2026-10-02T01:01:04.695736+02:00
306047876,de:12064:900320906::2,0.0,2026-10-02T01:01:04.695736+02:00
306047876,de:12064:900320905::2,0.0,2026-10-02T01:01:04.695736+02:00
306047876,de:12064:900320123::2,0.0,2026-10-02T01:01:04.695736+02:00
306047876,de:12064:900320122::2,0.0,2026-10-02T01:01:04.695736+02:00
306047876,de:12064:900320121::2,0.0,2026-10-02T01:01:04.695736+02:00
306047876,de:12064:900320117::2,0.0,2026-10-02T01:01:04.695736+02:00
306047876,de:12064:900320118::2,0.0,2026-10-02T01:01:04.695736+02:00
306047876,de:12064:900320050::1,0.0,2026-10-02T01:01:04.695736+02:00
306047876,de:12064:900320008::1,0.0,2026-10-02T01:01:04.695736+02:00
306049395,de:12064:900320009::1,0.0,2026-10-02T01:01:04.695736+02:00
306049395,de:12064:900320676::1,0.0,2026-10-02T01:01:04.695736+02:00
306049395,de:12064:900320681::1,0.0,2026-10-02T01:01:04.695736+02:00
306049395,de:12064:900320687::1,0.0,2026-10-02T01:01:04.695736+02:00
306049395,de:12064:900320677::1,0.0,2026-10-02T01:01:04.695736+02:00
306049395,de:12064:900320688::1,0.0,2026-10-02T01:01:04.695736+02:00
306049395,de:12064:900320683::1,0.0,2026-10-02T01:01:04.695736+02:00
306049395,de:12064:900320703::1,0.0,2026-10-02T01:01:04.695736+02:00
306049395,de:12064:900320684::1,0.0,2026-10-02T01:01:04.695736+02:00
306049395,de:12064:900320700::1,0.0,2026-10-02T01:01:04.695736+02:00
306049395,de:12064:900320701::1,0.0,2026-10-02T01:01:04.695736+02:00
306049395,de:12064:900320631::1,0.0,2026-10-02T01:01:04.695736+02:00
306049395,de:12064:900320611::1,0.0,2026-10-02T01:01:04.695736+02:00
306049395,de:12064:900320635::1,0.0,2026-10-02T01:01:04.695736+02:00
306049395,de:12064:900320005::1,0.0,2026-10-02T01:01:04.695736+02:00
306047294,de:12064:900320020::1,0.0,2026-10-02T01:01:04.695736+02:00
306047294,de:12064:900320506::1,0.0,2026-10-02T01:01:04.695736+02:00
306047294,de:12064:900320035::1,0.0,2026-10-02T01:01:04.695736+02:00
306047294,de:12064:900320505::1,0.0,2026-10-02T01:01:04.695736+02:00
306047294,de:12064:900320021::1,0.0,2026-10-02T01:01:04.695736+02:00
306047294,de:12064:900320022::1,0.0,2026-10-02T01:01:04.695736+02:00
306047294,de:11000:900175010::4,0.0,2026-10-02T01:01:04.695736+02:00
306047294,de:12064:900320520::1,0.0,2026-10-02T01:01:04.695736+02:00
306047294,de:12064:900320511::1,0.0,2026-10-02T01:01:04.695736+02:00
306047294,de:12064:900320510::1,0.0,2026-10-02T01:01:04.695736+02:00
306047294,de:12064:900320523::2,0.0,2026-10-02T01:01:04.695736+02:00
306047294,de:12064:900320017::2,0.0,2026-10-02T01:01:04.695736+02:00
306047294,de:12064:900320119::2,0.0,2026-10-02T01:01:04.695736+02:00
306047294,de:12064:900320120::4,0.0,2026-10-02T01:01:04.695736+02:00
306047294,de:12064:900320118::2,0.0,2026-10-02T01:01:04.695736+02:00
306047294,de:12064:900320050::1,0.0,2026-10-02T01:01:04.695736+02:00
306047294,de:12064:900320008::1,0.0,2026-10-02T01:01:04.695736+02:00
306054074,de:12064:900321742::3,0.0,2026-10-02T01:01:04.695736+02:00
306054074,de:12064:900321747::1,0.0,2026-10-02T01:01:04.695736+02:00
306054074,de:12064:900321750::1,0.0,2026-10-02T01:01:04.695736+02:00
306054074,de:12064:900321471::1,0.0,2026-10-02T01:01:04.695736+02:00
306054074,de:12064:900321603::1,0.0,2026-10-02T01:01:04.695736+02:00
306054074,de:12064:900321604::1,0.0,2026-10-02T01:01:04.695736+02:00
306054074,de:12064:900321433::1,0.0,2026-10-02T01:01:04.695736+02:00
306054074,de:12064:900321582::1,0.0,2026-10-02T01:01:04.695736+02:00
306054074,de:12064:900321581::2,0.0,2026-10-02T01:01:04.695736+02:00
306054074,de:12064:900321474::1,0.0,2026-10-02T01:01:04.695736+02:00
306054074,de:12064:900321707::1,0.0,2026-10-02T01:01:04.695736+02:00
306054074,de:12064:900321705::3,0.0,2026-10-02T01:01:04.695736+02:00
306054074,de:12064:900321712::1,0.0,2026-10-02T01:01:04.695736+02:00
306054074,de:12064:900321713::1,0.0,2026-10-02T01:01:04.695736+02:00
306054074,de:12064:900321712::2,0.0,2026-10-02T01:01:04.695736+02:00
306054074,de:12064:900321704::1,0.0,2026-10-02T01:01:04.695736+02:00
306054074,de:12064:900321705::1,0.0,2026-10-02T01:01:04.695736+02:00
306054074,de:12064:900321472::1,0.0,2026-10-02T01:01:04.695736+02:00
306054074,de:12064:900321688::1,0.0,2026-10-02T01:01:04.695736+02:00
306054074,de:12064:900321689::1,0.0,2026-10-02T01:01:04.695736+02:00
306054074,de:12064:900321686::1,0.0,2026-10-02T01:01:04.695736+02:00
306054074,de:12064:900321685::1,0.0,2026-10-02T01:01:04.695736+02:00
306054074,de:12064:900321687::1,0.0,2026-10-02T01:01:04.695736+02:00
306054074,de:12064:900321530::1,0.0,2026-10-02T01:01:04.695736+02:00
306054074,de:12064:900321536::1,0.0,2026-10-02T01:01:04.695736+02:00
306054074,de:12064:900321532::2,0.0,2026-10-02T01:01:04.695736+02:00
306054074,de:12064:900321534::2,0.0,2026-10-02T01:01:04.695736+02:00
306054074,de:12064:900321535::2,0.0,2026-10-02T01:01:04.695736+02:00
306054074,de:12053:900360209::2,0.0,2026-10-02T01:01:04.695736+02:00
306054074,de:12053:900360024::2,0.0,2026-10-02T01:01:04.695736+02:00
306054074,de:12053:900360214::2,0.0,2026-10-02T01:01:04.695736+02:00
306054074,de:12053:900360141::3,0.0,2026-10-02T01:01:04.695736+02:00
306054074,de:12053:900360123::2,0.0,2026-10-02T01:01:04.695736+02:00
306054074,de:12053:900360000::3,0.0,2026-10-02T01:01:04.695736+02:00
306897062,de:12067:900310834::1,0.0,2026-10-02T01:01:04.695736+02:00
306897062,de:12067:900311020::2,0.0,2026-10-02T01:01:04.695736+02:00
306897062,de:12067:900310908::2,0.0,2026-10-02T01:01:04.695736+02:00
306897062,de:12067:900311085::1,0.0,2026-10-02T01:01:04.695736+02:00
306897062,de:12067:900310866::3,0.0,2026-10-02T01:01:04.695736+02:00
306897062,de:12067:900311160::1,0.0,2026-10-02T01:01:04.695736+02:00
306897062,de:12067:900310874::1,0.0,2026-10-02T01:01:04.695736+02:00
306897062,de:12067:900310925::1,0.0,2026-10-02T01:01:04.695736+02:00
295879442,de:11000:900053301:2:52,0.0,2026-10-02T01:01:04.695736+02:00
295879442,de:11000:900052201:1:51,0.0,2026-10-02T01:01:04.695736+02:00
295879442,de:11000:900050355:1:51,-0.3,2026-10-02T01:01:04.695736+02:00
295879442,de:11000:900050301:1:51,-0.4,2026-10-02T01:01:04.695736+02:00
295879442,de:11000:900049201:1:51,0.0,2026-10-02T01:01:04.695736+02:00
295879442,de:11000:900049202:1:51,0.0,2026-10-02T01:01:04.695736+02:00
295879442,de:11000:900066101:1:51,-0.3,2026-10-02T01:01:04.695736+02:00
295879442,de:11000:900066102:1:51,-0.2,2026-10-02T01:01:04.695736+02:00
295879442,de:11000:900062202:1:51,-0.2,2026-10-02T01:01:04.695736+02:00
295879442,de:11000:900063101:1:51,-0.2,2026-10-02T01:01:04.695736+02:00
295879442,de:11000:900060101:1:51,-0.9,2026-10-02T01:01:04.695736+02:00
295879442,de:11000:900054104:1:51,-0.9,2026-10-02T01:01:04.695736+02:00
295879442,de:11000:900057104:1:50,-0.4,2026-10-02T01:01:04.695736+02:00
295879442,de:11000:900057102:1:51,-0.1,2026-10-02T01:01:04.695736+02:00
295879442,de:11000:900012101:2:52,-0.9,2026-10-02T01:01:04.695736+02:00
295879442,de:11000:900100020:4:57,-0.3,2026-10-02T01:01:04.695736+02:00
295879442,de:11000:900100025:1:51,-0.4,2026-10-02T01:01:04.695736+02:00
295879442,de:11000:900100001:4:57,-0.1,2026-10-02T01:01:04.695736+02:00
295879442,de:11000:900100007:1:51,-0.2,2026-10-02T01:01:04.695736+02:00
295879442,de:11000:900007104:2:52,-0.2,2026-10-02T01:01:04.695736+02:00
295879442,de:11000:900008101:1:51,-0.9,2026-10-02T01:01:04.695736+02:00
295879442,de:11000:900007102:2:53,-0.6,2026-10-02T01:01:04.695736+02:00
295879442,de:11000:900110011:2:53,-0.9,2026-10-02T01:01:04.695736+02:00
295879442,de:11000:900085201:1:50,-0.9,2026-10-02T01:01:04.695736+02:00
295879442,de:11000:900084101:1:50,-0.7,2026-10-02T01:01:04.695736+02:00
295879442,de:11000:900096101:1:50,-0.8,2026-10-02T01:01:04.695736+02:00
295879442,de:11000:900094101:1:50,-0.1,2026-10-02T01:01:04.695736+02:00
295879442,de:11000:900093201:1:50,-0.4,2026-10-02T01:01:04.695736+02:00
295879442,de:11000:900092201:1:50,-0.2,2026-10-02T01:01:04.695736+02:00
295879442,de:12065:900200009:1:50,-0.7,2026-10-02T01:01:04.695736+02:00
295879442,de:12065:900200008:1:50,-0.7,2026-10-02T01:01:04.695736+02:00
295879442,de:12065:900200007:1:50,-0.2,2026-10-02T01:01:04.695736+02:00
295879442,de:12065:900200006:1:50,-0.5,2026-10-02T01:01:04.695736+02:00
295879442,de:12065:900200005:3:1,-0.9,2026-10-02T01:01:04.695736+02:00
306895868,de:12067:900310001::5,0.0,2026-10-02T01:01:04.695736+02:00
306895868,de:12067:900311149::1,0.0,2026-10-02T01:01:04.695736+02:00
306895868,de:12067:900310781::1,0.0,2026-10-02T01:01:04.695736+02:00
306895868,de:12067:900310789::1,0.0,2026-10-02T01:01:04.695736+02:00
306895868,de:12067:900310797::1,0.0,2026-10-02T01:01:04.695736+02:00
306895868,de:12067:900310773::1,0.0,2026-10-02T01:01:04.695736+02:00
306895868,de:12067:900311115::1,0.0,2026-10-02T01:01:04.695736+02:00
306895869,de:12067:900310001::5,0.0,2026-10-02T01:01:04.695736+02:00
306895869,de:12067:900311149::1,0.0,2026-10-02T01:01:04.695736+02:00
306895869,de:12067:900310781::1,0.0,2026-10-02T01:01:04.695736+02:00
306895869,de:12067:900310789::1,0.0,2026-10-02T01:01:04.695736+02:00
306895869,de:12067:900310797::1,0.0,2026-10-02T01:01:04.695736+02:00
306895869,de:12067:900310773::1,0.0,2026-10-02T01:01:04.695736+02:00
306895869,de:12067:900311115::1,0.0,2026-10-02T01:01:04.695736+02:00
295879435,de:11000:900053301:2:52,0.0,2026-10-02T01:01:04.695736+02:00
295879435,de:11000:900052201:1:51,0.0,2026-10-02T01:01:04.695736+02:00
295879435,de:11000:900050355:1:51,-0.3,2026-10-02T01:01:04.695736+02:00
295879435,de:11000:900050301:1:51,-0.4,2026-10-02T01:01:04.695736+02:00
295879435,de:11000:900049201:1:51,0.0,2026-10-02T01:01:04.695736+02:00
295879435,de:11000:900049202:1:51,0.0,2026-10-02T01:01:04.695736+02:00
295879435,de:11000:900066101:1:51,-0.3,2026-10-02T01:01:04.695736+02:00
295879435,de:11000:900066102:1:51,-0.2,2026-10-02T01:01:04.695736+02:00
295879435,de:11000:900062202:1:51,-0.2,2026-10-02T01:01:04.695736+02:00
295879435,de:11000:900063101:1:51,-0.2,2026-10-02T01:01:04.695736+02:00
295879435,de:11000:900060101:1:51,-0.9,2026-10-02T01:01:04.695736+02:00
295879435,de:11000:900054104:1:51,-0.9,2026-10-02T01:01:04.695736+02:00
295879435,de:11000:900057104:1:50,-0.4,2026-10-02T01:01:04.695736+02:00
295879435,de:11000:900057102:1:51,-0.1,2026-10-02T01:01:04.695736+02:00
295879435,de:11000:900012101:2:52,-0.9,2026-10-02T01:01:04.695736+02:00
295879435,de:11000:900100020:4:57,-0.3,2026-10-02T01:01:04.695736+02:00
295879435,de:11000:900100025:1:51,-0.4,2026-10-02T01:01:04.695736+02:00
295879435,de:11000:900100001:4:57,-0.1,2026-10-02T01:01:04.695736+02:00
295879435,de:11000:900100007:1:51,-0.2,2026-10-02T01:01:04.695736+02:00
295879435,de:11000:900007104:2:52,-0.2,2026-10-02T01:01:04.695736+02:00
295879435,de:11000:900008101:1:51,-0.9,2026-10-02T01:01:04.695736+02:00
295879435,de:11000:900007102:2:53,-0.6,2026-10-02T01:01:04.695736+02:00
295879435,de:11000:900110011:2:53,-0.9,2026-10-02T01:01:04.695736+02:00
295879435,de:11000:900085201:1:50,-0.9,2026-10-02T01:01:04.695736+02:00
295879435,de:11000:900084101:1:50,-0.7,2026-10-02T01:01:04.695736+02:00
295879435,de:11000:900096101:1:50,-0.8,2026-10-02T01:01:04.695736+02:00
295879435,de:11000:900094101:1:50,-0.1,2026-10-02T01:01:04.695736+02:00
295879435,de:11000:900093201:1:50,-0.4,2026-10-02T01:01:04.695736+02:00
295879435,de:11000:900092201:1:50,-0.2,2026-10-02T01:01:04.695736+02:00
295879435,de:12065:900200009:1:50,-0.7,2026-10-02T01:01:04.695736+02:00
295879435,de:12065:900200008:1:50,-0.7,2026-10-02T01:01:04.695736+02:00
295879435,de:12065:900200007:1:50,-0.2,2026-10-02T01:01:04.695736+02:00
295879435,de:12065:900200006:1:50,-0.5,2026-10-02T01:01:04.695736+02:00
295879435,de:12065:900200005:3:1,-0.9,2026-10-02T01:01:04.695736+02:00
306895876,de:12067:900310001::5,0.0,2026-10-02T01:01:04.695736+02:00
306895876,de:12067:900311149::1,0.0,2026-10-02T01:01:04.695736+02:00
306895876,de:12067:900310781::1,0.0,2026-10-02T01:01:04.695736+02:00
306895876,de:12067:900310789::1,0.0,2026-10-02T01:01:04.695736+02:00
306895876,de:12067:900310797::1,0.0,2026-10-02T01:01:04.695736+02:00
306895876,de:12067:900310773::1,0.0,2026-10-02T01:01:04.695736+02:00
306895876,de:12067:900311115::1,0.0,2026-10-02T01:01:04.695736+02:00
295879431,de:11000:900053301:2:52,0.0,2026-10-02T01:01:04.695736+02:00
295879431,de:11000:900052201:1:51,0.0,2026-10-02T01:01:04.695736+02:00
295879431,de:11000:900050355:1:51,-0.3,2026-10-02T01:01:04.695736+02:00
295879431,de:11000:900050301:1:51,-0.4,2026-10-02T01:01:04.695736+02:00
295879431,de:11000:900049201:1:51,0.0,2026-10-02T01:01:04.695736+02:00
295879431,de:11000:900049202:1:51,0.0,2026-10-02T01:01:04.695736+02:00
295879431,de:11000:900066101:1:51,-0.3,2026-10-02T01:01:04.695736+02:00
295879431,de:11000:900066102:1:51,-0.2,2026-10-02T01:01:04.695736+02:00
295879431,de:11000:900062202:1:51,-0.2,2026-10-02T01:01:04.695736+02:00
295879431,de:11000:900063101:1:51,-0.2,2026-10-02T01:01:04.695736+02:00
295879431,de:11000:900060101:1:51,-0.9,2026-10-02T01:01:04.695736+02:00
295879431,de:11000:900054104:1:51,-0.9,2026-10-02T01:01:04.695736+02:00
295879431,de:11000:900057104:1:50,-0.4,2026-10-02T01:01:04.695736+02:00
295879431,de:11000:900057102:1:51,-0.1,2026-10-02T01:01:04.695736+02:00
295879431,de:11000:900012101:2:52,-0.9,2026-10-02T01:01:04.695736+02:00
295879431,de:11000:900100020:4:57,-0.3,2026-10-02T01:01:04.695736+02:00
295879431,de:11000:900100025:1:51,-0.4,2026-10-02T01:01:04.695736+02:00
295879431,de:11000:900100001:4:57,-0.1,2026-10-02T01:01:04.695736+02:00
295879431,de:11000:900100007:1:51,-0.2,2026-10-02T01:01:04.695736+02:00
295879431,de:11000:900007104:2:52,-0.2,2026-10-02T01:01:04.695736+02:00
295879431,de:11000:900008101:1:51,-0.9,2026-10-02T01:01:04.695736+02:00
295879431,de:11000:900007102:2:53,-0.6,2026-10-02T01:01:04.695736+02:00
295879431,de:11000:900110011:2:53,-0.9,2026-10-02T01:01:04.695736+02:00
295879431,de:11000:900085201:1:50,-0.9,2026-10-02T01:01:04.695736+02:00
295879431,de:11000:900084101:1:50,-0.7,2026-10-02T01:01:04.695736+02:00
295879431,de:11000:900096101:1:50,-0.8,2026-10-02T01:01:04.695736+02:00
295879431,de:11000:900094101:1:50,-0.1,2026-10-02T01:01:04.695736+02:00
295879431,de:11000:900093201:1:50,-0.4,2026-10-02T01:01:04.695736+02:00
295879431,de:11000:900092201:1:50,-0.2,2026-10-02T01:01:04.695736+02:00
295879431,de:12065:900200009:1:50,-0.7,2026-10-02T01:01:04.695736+02:00
295879431,de:12065:900200008:1:50,-0.7,2026-10-02T01:01:04.695736+02:00
295879431,de:12065:900200007:1:50,-0.2,2026-10-02T01:01:04.695736+02:00
295879431,de:12065:900200006:1:50,-0.5,2026-10-02T01:01:04.695736+02:00
295879431,de:12065:900200005:3:1,-0.9,2026-10-02T01:01:04.695736+02:00
295879310,de:12065:900200005:3:1,0.0,2026-10-02T01:01:04.695736+02:00
295879310,de:12065:900200006:1:51,-0.3,2026-10-02T01:01:04.695736+02:00
295879310,de:12065:900200007:1:51,-0.7,2026-10-02T01:01:04.695736+02:00
295879310,de:12065:900200008:1:51,-0.2,2026-10-02T01:01:04.695736+02:00
295879310,de:12065:900200009:1:51,-0.1,2026-10-02T01:01:04.695736+02:00
295879310,de:11000:900092201:1:51,-0.7,2026-10-02T01:01:04.695736+02:00
295879310,de:11000:900093201:1:51,-0.4,2026-10-02T01:01:04.695736+02:00
295879310,de:11000:900094101:1:51,-0.8,2026-10-02T01:01:04.695736+02:00
295879310,de:11000:900096101:1:51,-0.1,2026-10-02T01:01:04.695736+02:00
295879310,de:11000:900084101:1:51,-0.2,2026-10-02T01:01:04.695736+02:00
295879310,de:11000:900085201:1:51,-0.8,2026-10-02T01:01:04.695736+02:00
295879310,de:11000:900130003:1:51,-0.8,2026-10-02T01:01:04.695736+02:00
295879310,de:11000:900110011:1:50,-0.9,2026-10-02T01:01:04.695736+02:00
295879310,de:11000:900007102:1:50,-0.9,2026-10-02T01:01:04.695736+02:00
295879310,de:11000:900008101:1:50,0.0,2026-10-02T01:01:04.695736+02:00
295879310,de:11000:900007104:1:51,-0.7,2026-10-02T01:01:04.695736+02:00
295879310,de:11000:900100007:1:50,-0.7,2026-10-02T01:01:04.695736+02:00
295879310,de:11000:900100001:4:56,-0.5,2026-10-02T01:01:04.695736+02:00
295879310,de:11000:900100025:1:50,-0.4,2026-10-02T01:01:04.695736+02:00
295879310,de:11000:900100020:3:54,-0.4,2026-10-02T01:01:04.695736+02:00
295879310,de:11000:900012101:1:51,-0.5,2026-10-02T01:01:04.695736+02:00
295879310,de:11000:900057102:1:50,-0.7,2026-10-02T01:01:04.695736+02:00
295879310,de:11000:900057104:2:51,-0.4,2026-10-02T01:01:04.695736+02:00
295879310,de:11000:900054104:1:50,-0.3,2026-10-02T01:01:04.695736+02:00
295879310,de:11000:900060101:1:50,-0.3,2026-10-02T01:01:04.695736+02:00
295879310,de:11000:900063101:1:50,-0.1,2026-10-02T01:01:04.695736+02:00
295879310,de:11000:900062202:1:50,-0.1,2026-10-02T01:01:04.695736+02:00
295879310,de:11000:900066102:1:50,-0.2,2026-10-02T01:01:04.695736+02:00
295879310,de:11000:900066101:1:50,-0.1,2026-10-02T01:01:04.695736+02:00
295879310,de:11000:900049202:1:50,-0.3,2026-10-02T01:01:04.695736+02:00
295879310,de:11000:900049201:1:50,-0.4,2026-10-02T01:01:04.695736+02:00
295879310,de:11000:900050301:1:50,0.0,2026-10-02T01:01:04.695736+02:00
295879310,de:11000:900050355:1:50,-0.1,2026-10-02T01:01:04.695736+02:00
295879310,de:11000:900052201:1:50,-0.5,2026-10-02T01:01:04.695736+02:00
295879310,de:11000:900053301:1:51,-0.9,2026-10-02T01:01:04.695736+02:00
306895935,de:12064:900320250::1,0.0,2026-10-02T01:01:04.695736+02:00
306895935,de:12064:900320267::2,0.0,2026-10-02T01:01:04.695736+02:00
306895935,de:12067:900310017::2,0.0,2026-10-02T01:01:04.695736+02:00
306895935,de:12067:900310509::1,0.0,2026-10-02T01:01:04.695736+02:00
306895935,de:12067:900310508::1,0.0,2026-10-02T01:01:04.695736+02:00
306895935,de:12067:900310580::2,0.0,2026-10-02T01:01:04.695736+02:00
306895935,de:12067:900310578::4,0.0,2026-10-02T01:01:04.695736+02:00
306895935,de:12067:900310534::2,0.0,2026-10-02T01:01:04.695736+02:00
306895935,de:11000:900310550::2,0.0,2026-10-02T01:01:04.695736+02:00
306895935,de:12067:900310572::2,0.0,2026-10-02T01:01:04.695736+02:00
306895935,de:12067:900310013::2,0.0,2026-10-02T01:01:04.695736+02:00
306895935,de:12067:900310563::3,0.0,2026-10-02T01:01:04.695736+02:00
306895935,de:12067:900310563::2,0.0,2026-10-02T01:01:04.695736+02:00
306895935,de:12067:900310569::1,0.0,2026-10-02T01:01:04.695736+02:00
306895935,de:12067:900310571::1,0.0,2026-10-02T01:01:04.695736+02:00
306895935,de:12067:900310579::1,0.0,2026-10-02T01:01:04.695736+02:00
306895935,de:12067:900310553::1,0.0,2026-10-02T01:01:04.695736+02:00
306895935,de:12067:900310558::2,0.0,2026-10-02T01:01:04.695736+02:00
306895935,de:12067:900310559::2,0.0,2026-10-02T01:01:04.695736+02:00
306895935,de:12067:900310560::1,0.0,2026-10-02T01:01:04.695736+02:00
306895935,de:12067:900310573::1,0.0,2026-10-02T01:01:04.695736+02:00
306895935,de:12067:900310581::1,0.0,2026-10-02T01:01:04.695736+02:00
306895935,de:12067:900310567::1,0.0,2026-10-02T01:01:04.695736+02:00
306895935,de:12067:900310561::1,0.0,2026-10-02T01:01:04.695736+02:00
306895935,de:12067:900310565::1,0.0,2026-10-02T01:01:04.695736+02:00
306895304,de:12067:900311129::3,0.0,2026-10-02T01:01:04.695736+02:00
306895304,de:12067:900310755::2,0.0,2026-10-02T01:01:04.695736+02:00
306895304,de:12067:900310728::2,0.0,2026-10-02T01:01:04.695736+02:00
306895304,de:12067:900310727::2,0.0,2026-10-02T01:01:04.695736+02:00
306895304,de:12067:900310942::1,0.0,2026-10-02T01:01:04.695736+02:00
306895304,de:12067:900310716::1,0.0,2026-10-02T01:01:04.695736+02:00
306895304,de:12067:900310984::2,0.0,2026-10-02T01:01:04.695736+02:00
306895304,de:12067:900310987::1,0.0,2026-10-02T01:01:04.695736+02:00
306895304,de:12067:900311062::1,0.0,2026-10-02T01:01:04.695736+02:00
306895304,de:12067:900311063::2,0.0,2026-10-02T01:01:04.695736+02:00
306895304,de:12067:900311065::1,0.0,2026-10-02T01:01:04.695736+02:00
306895304,de:12067:900310826::1,0.0,2026-10-02T01:01:04.695736+02:00
306895304,de:12067:900310906::1,0.0,2026-10-02T01:01:04.695736+02:00
306895304,de:12067:900310905::1,0.0,2026-10-02T01:01:04.695736+02:00
306895304,de:12067:900310907::1,0.0,2026-10-02T01:01:04.695736+02:00
306895304,de:12067:900310907::2,0.0,2026-10-02T01:01:04.695736+02:00
306895304,de:12067:900310744::1,0.0,2026-10-02T01:01:04.695736+02:00
306895304,de:12067:900311003::2,0.0,2026-10-02T01:01:04.695736+02:00
306895304,de:12067:900310625::1,0.0,2026-10-02T01:01:04.695736+02:00
306895304,de:12067:900311068::1,0.0,2026-10-02T01:01:04.695736+02:00
306895304,de:12067:900310934::1,0.0,2026-10-02T01:01:04.695736+02:00
306895304,de:12061:900261734::2,0.0,2026-10-02T01:01:04.695736+02:00
306895304,de:12061:900261208::1,0.0,2026-10-02T01:01:04.695736+02:00
306895304,de:12061:900261207::1,0.0,2026-10-02T01:01:04.695736+02:00
306895304,de:12061:900261207::1,-3.0,2026-10-02T01:01:04.695736+02:00
306895304,de:12061:900261210::1,0.0,2026-10-02T01:01:04.695736+02:00
306895304,de:12061:900261207::1,3.0,2026-10-02T01:01:04.695736+02:00
306895304,de:12061:900261207::1,0.0,2026-10-02T01:01:04.695736+02:00
306895304,de:12061:900261420::1,0.0,2026-10-02T01:01:04.695736+02:00
306895304,de:12061:900261465::1,0.0,2026-10-02T01:01:04.695736+02:00
306895304,de:12061:900261462::1,0.0,2026-10-02T01:01:04.695736+02:00
306896021,de:12067:900310565::1,0.0,2026-10-02T01:01:04.695736+02:00
306896021,de:12067:900310561::2,0.0,2026-10-02T01:01:04.695736+02:00
306896021,de:12067:900310567::2,0.0,2026-10-02T01:01:04.695736+02:00
306896021,de:12067:900310581::2,0.0,2026-10-02T01:01:04.695736+02:00
306896021,de:12067:900310573::2,0.0,2026-10-02T01:01:04.695736+02:00
306896021,de:12067:900310560::2,0.0,2026-10-02T01:01:04.695736+02:00
306896021,de:12067:900310559::1,0.0,2026-10-02T01:01:04.695736+02:00
306896021,de:12067:900310558::3,0.0,2026-10-02T01:01:04.695736+02:00
306896021,de:12067:900310553::2,0.0,2026-10-02T01:01:04.695736+02:00
306896021,de:12067:900310579::2,0.0,2026-10-02T01:01:04.695736+02:00
306896021,de:12067:900310571::2,0.0,2026-10-02T01:01:04.695736+02:00
306896021,de:12067:900310569::2,0.0,2026-10-02T01:01:04.695736+02:00
306896021,de:12067:900310563::1,0.0,2026-10-02T01:01:04.695736+02:00
306896021,de:12067:900310563::4,0.0,2026-10-02T01:01:04.695736+02:00
306896021,de:12067:900310013::2,0.0,2026-10-02T01:01:04.695736+02:00
306896021,de:12067:900310572::1,0.0,2026-10-02T01:01:04.695736+02:00
306896021,de:11000:900310550::1,0.0,2026-10-02T01:01:04.695736+02:00
306896021,de:12067:900310534::1,0.0,2026-10-02T01:01:04.695736+02:00
306896021,de:12067:900310580::2,0.0,2026-10-02T01:01:04.695736+02:00
306896021,de:12067:900310578::4,0.0,2026-10-02T01:01:04.695736+02:00
306896021,de:12067:900310508::2,0.0,2026-10-02T01:01:04.695736+02:00
306896021,de:12067:900310509::2,0.0,2026-10-02T01:01:04.695736+02:00
306896021,de:12067:900310017::3,0.0,2026-10-02T01:01:04.695736+02:00
306896021,de:12064:900320267::1,0.0,2026-10-02T01:01:04.695736+02:00
306896021,de:12064:900320250::1,0.0,2026-10-02T01:01:04.695736+02:00
306896076,de:12067:900310558::2,0.0,2026-10-02T01:01:04.695736+02:00
306896076,de:12067:900310559::2,0.0,2026-10-02T01:01:04.695736+02:00
306896076,de:12067:900310563::4,0.0,2026-10-02T01:01:04.695736+02:00
306896076,de:12067:900310013::2,0.0,2026-10-02T01:01:04.695736+02:00
306896076,de:12067:900310572::1,0.0,2026-10-02T01:01:04.695736+02:00
306896076,de:11000:900310550::1,0.0,2026-10-02T01:01:04.695736+02:00
306896076,de:12067:900310534::1,0.0,2026-10-02T01:01:04.695736+02:00
306896076,de:12067:900310580::1,0.0,2026-10-02T01:01:04.695736+02:00
306896076,de:12067:900311095::1,0.0,2026-10-02T01:01:04.695736+02:00
306896076,de:12067:900311097::1,0.0,2026-10-02T01:01:04.695736+02:00
306896076,de:12067:900311096::2,0.0,2026-10-02T01:01:04.695736+02:00
306896076,de:12067:900310516::3,0.0,2026-10-02T01:01:04.695736+02:00
306896076,de:12067:900311014::1,0.0,2026-10-02T01:01:04.695736+02:00
306896076,de:12067:900311012::1,0.0,2026-10-02T01:01:04.695736+02:00
306896076,de:12067:900310574::1,0.0,2026-10-02T01:01:04.695736+02:00
306896076,de:12067:900310529::1,0.0,2026-10-02T01:01:04.695736+02:00
306896076,de:12067:900310503::1,0.0,2026-10-02T01:01:04.695736+02:00
306896076,de:12067:900310502::1,0.0,2026-10-02T01:01:04.695736+02:00
306896076,de:12067:900310014::1,0.0,2026-10-02T01:01:04.695736+02:00
306896076,de:12067:900310511::1,0.0,2026-10-02T01:01:04.695736+02:00
306896076,de:12067:900310501::1,0.0,2026-10-02T01:01:04.695736+02:00
306896076,de:12067:900310500::2,0.0,2026-10-02T01:01:04.695736+02:00
306896076,de:12067:900310021::2,0.0,2026-10-02T01:01:04.695736+02:00
306896110,de:12067:900310013::4,0.0,2026-10-02T01:01:04.695736+02:00
306896110,de:12067:900310557::3,0.0,2026-10-02T01:01:04.695736+02:00
306896110,de:12067:900310555::1,0.0,2026-10-02T01:01:04.695736+02:00
306896110,de:12067:900311114::1,0.0,2026-10-02T01:01:04.695736+02:00
306896110,de:12067:900310031::2,0.0,2026-10-02T01:01:04.695736+02:00
306896171,de:12067:900310013::3,0.0,2026-10-02T01:01:04.695736+02:00
306896171,de:12067:900310563::3,0.0,2026-10-02T01:01:04.695736+02:00
306896171,de:12067:900310559::1,0.0,2026-10-02T01:01:04.695736+02:00
306896171,de:12067:900310558::1,0.0,2026-10-02T01:01:04.695736+02:00
306896171,de:12067:900310556::1,0.0,2026-10-02T01:01:04.695736+02:00
306896171,de:12067:900310621::1,0.0,2026-10-02T01:01:04.695736+02:00
306896171,de:12067:900310568::1,0.0,2026-10-02T01:01:04.695736+02:00
306896171,de:12067:900310955::1,0.0,2026-10-02T01:01:04.695736+02:00
306896171,de:12067:900310949::1,0.0,2026-10-02T01:01:04.695736+02:00
306896171,de:12067:900310952::1,0.0,2026-10-02T01:01:04.695736+02:00
306896171,de:12067:900310025::1,0.0,2026-10-02T01:01:04.695736+02:00
306896171,de:12067:900310015::1,0.0,2026-10-02T01:01:04.695736+02:00
306896239,de:12061:900260001::6,0.0,2026-10-02T01:01:04.695736+02:00
306896239,de:12061:900260798::1,0.0,2026-10-02T01:01:04.695736+02:00
306896239,de:12061:900260890::1,0.0,2026-10-02T01:01:04.695736+02:00
306896239,de:12061:900260887::1,0.0,2026-10-02T01:01:04.695736+02:00
306896239,de:12061:900260886::1,0.0,2026-10-02T01:01:04.695736+02:00
306896239,de:12061:900260888::1,0.0,2026-10-02T01:01:04.695736+02:00
306896239,de:12061:900260889::1,0.0,2026-10-02T01:01:04.695736+02:00
306896239,de:12061:900261047::1,0.0,2026-10-02T01:01:04.695736+02:00
306896239,de:12061:900261048::1,0.0,2026-10-02T01:01:04.695736+02:00
306896239,de:12061:900261049::1,0.0,2026-10-02T01:01:04.695736+02:00
306896239,de:12061:900261051::1,0.0,2026-10-02T01:01:04.695736+02:00
306896239,de:12061:900261050::2,0.0,2026-10-02T01:01:04.695736+02:00
306896239,de:12061:900260170::1,0.0,2026-10-02T01:01:04.695736+02:00
306896239,de:12061:900260167::1,0.0,2026-10-02T01:01:04.695736+02:00
306896239,de:12061:900260168::1,0.0,2026-10-02T01:01:04.695736+02:00
306896239,de:12061:900260171::1,0.0,2026-10-02T01:01:04.695736+02:00
306896239,de:12061:900260166::1,0.0,2026-10-02T01:01:04.695736+02:00
306896239,de:12061:900260169::4,0.0,2026-10-02T01:01:04.695736+02:00
306896239,de:12061:900260165::1,0.0,2026-10-02T01:01:04.695736+02:00
306896239,de:12067:900310950::2,0.0,2026-10-02T01:01:04.695736+02:00
306896239,de:12067:900310955::2,0.0,2026-10-02T01:01:04.695736+02:00
306896239,de:12067:900310568::2,0.0,2026-10-02T01:01:04.695736+02:00
306896239,de:12067:900310556::2,0.0,2026-10-02T01:01:04.695736+02:00
306896239,de:12067:900310558::4,0.0,2026-10-02T01:01:04.695736+02:00
306896239,de:12067:900310559::2,0.0,2026-10-02T01:01:04.695736+02:00
306896239,de:12067:900310563::4,0.0,2026-10-02T01:01:04.695736+02:00
306896239,de:12067:900310013::7,0.0,2026-10-02T01:01:04.695736+02:00
295883516,de:11000:900049201:1:51,0.0,2026-10-02T01:01:04.695736+02:00
295883516,de:11000:900049202:1:51,0.0,2026-10-02T01:01:04.695736+02:00
295883516,de:11000:900066101:1:51,-0.3,2026-10-02T01:01:04.695736+02:00
295883516,de:11000:900066102:1:51,-0.2,2026-10-02T01:01:04.695736+02:00
295883516,de:11000:900062202:1:51,-0.2,2026-10-02T01:01:04.695736+02:00
295883516,de:11000:900063101:1:51,-0.2,2026-10-02T01:01:04.695736+02:00
295883516,de:11000:900060101:1:51,-0.9,2026-10-02T01:01:04.695736+02:00
295883516,de:11000:900054104:1:51,-0.9,2026-10-02T01:01:04.695736+02:00
295883516,de:11000:900057104:1:50,-0.4,2026-10-02T01:01:04.695736+02:00
295883516,de:11000:900057102:1:51,-0.1,2026-10-02T01:01:04.695736+02:00
295883516,de:11000:900012101:2:52,-0.8,2026-10-02T01:01:04.695736+02:00
295883516,de:11000:900100020:4:57,-0.9,2026-10-02T01:01:04.695736+02:00
307252362,de:11000:900003200:5:58,0.0,2026-10-02T01:01:04.695736+02:00
307252362,de:11000:900009104:1:50,-0.8,2026-10-02T01:01:04.695736+02:00
307252362,de:11000:900007102:2:52,-0.4,2026-10-02T01:01:04.695736+02:00
307252165,de:11000:900007102:1:51,0.0,2026-10-02T01:01:04.695736+02:00
307252165,de:11000:900009104:1:51,-0.8,2026-10-02T01:01:04.695736+02:00
307252165,de:11000:900003200:5:58,-0.7,2026-10-02T01:01:04.695736+02:00
306896862,de:12067:900311129::4,0.0,2026-10-02T01:01:04.695736+02:00
306896862,de:12067:900311129::4,-12.0,2026-10-02T01:01:04.695736+02:00
306896862,de:12067:900310727::3,0.0,2026-10-02T01:01:04.695736+02:00
306896862,de:12067:900310755::2,0.0,2026-10-02T01:01:04.695736+02:00
306896862,de:12067:900310728::3,0.0,2026-10-02T01:01:04.695736+02:00
306896862,de:12067:900311129::7,0.0,2026-10-02T01:01:04.695736+02:00
306896862,de:12067:900311129::4,12.0,2026-10-02T01:01:04.695736+02:00
306896862,de:12067:900311129::4,0.0,2026-10-02T01:01:04.695736+02:00
306896862,de:12067:900310637::2,0.0,2026-10-02T01:01:04.695736+02:00
306896862,de:12067:900310722::2,-0.5,2026-10-02T01:01:04.695736+02:00
306896862,de:12067:900310841::2,0.0,2026-10-02T01:01:04.695736+02:00
306896862,de:12067:900311002::3,0.0,2026-10-02T01:01:04.695736+02:00
306896862,de:12067:900310908::2,0.0,2026-10-02T01:01:04.695736+02:00
306896862,de:12067:900310975::2,0.0,2026-10-02T01:01:04.695736+02:00
306896862,de:12067:900310974::2,0.0,2026-10-02T01:01:04.695736+02:00
306896862,de:12067:900310914::2,0.0,2026-10-02T01:01:04.695736+02:00
306896862,de:12067:900310703::3,0.0,2026-10-02T01:01:04.695736+02:00
306896862,de:12067:900310915::2,-0.5,2026-10-02T01:01:04.695736+02:00
306896862,de:12067:900310916::2,-0.5,2026-10-02T01:01:04.695736+02:00
306896862,de:12067:900310917::2,0.0,2026-10-02T01:01:04.695736+02:00
306896862,de:12067:900310900::2,0.0,2026-10-02T01:01:04.695736+02:00
306896862,de:12067:900310880::2,0.0,2026-10-02T01:01:04.695736+02:00
306896862,de:12067:900310010::1,0.0,2026-10-02T01:01:04.695736+02:00
306896862,de:12067:900310879::2,0.0,2026-10-02T01:01:04.695736+02:00
306896862,de:12067:900310800::2,0.0,2026-10-02T01:01:04.695736+02:00
306896862,de:12067:900310771::2,0.0,2026-10-02T01:01:04.695736+02:00
306896862,de:12067:900310822::2,0.0,2026-10-02T01:01:04.695736+02:00
306896862,de:12067:900310781::2,0.0,2026-10-02T01:01:04.695736+02:00
306896862,de:12067:900310627::2,-0.5,2026-10-02T01:01:04.695736+02:00
306896862,de:12067:900310816::2,0.0,2026-10-02T01:01:04.695736+02:00
306896862,de:12067:900310022::1,0.0,2026-10-02T01:01:04.695736+02:00
306896862,de:12067:900310001::11,0.0,2026-10-02T01:01:04.695736+02:00
306896894,de:12067:900310001::4,0.0,2026-10-02T01:01:04.695736+02:00
306896894,de:12067:900310816::1,0.0,2026-10-02T01:01:04.695736+02:00
306896894,de:12067:900310627::1,0.0,2026-10-02T01:01:04.695736+02:00
306896894,de:12067:900310781::1,0.0,2026-10-02T01:01:04.695736+02:00
306896894,de:12067:900310822::1,0.0,2026-10-02T01:01:04.695736+02:00
306896894,de:12067:900310771::1,0.0,2026-10-02T01:01:04.695736+02:00
306896894,de:12067:900310800::1,0.0,2026-10-02T01:01:04.695736+02:00
306896894,de:12067:900310879::1,0.0,2026-10-02T01:01:04.695736+02:00
306896894,de:12067:900310010::4,0.0,2026-10-02T01:01:04.695736+02:00
306896894,de:12067:900310880::1,0.0,2026-10-02T01:01:04.695736+02:00
306896894,de:12067:900310900::1,0.0,2026-10-02T01:01:04.695736+02:00
306896894,de:12067:900310917::1,0.0,2026-10-02T01:01:04.695736+02:00
306896894,de:12067:900310916::1,-0.5,2026-10-02T01:01:04.695736+02:00
306896894,de:12067:900310915::1,-0.5,2026-10-02T01:01:04.695736+02:00
306896894,de:12067:900310703::4,0.0,2026-10-02T01:01:04.695736+02:00
306896894,de:12067:900310914::1,0.0,2026-10-02T01:01:04.695736+02:00
306896894,de:12067:900310974::1,0.0,2026-10-02T01:01:04.695736+02:00
306896894,de:12067:900310975::1,0.0,2026-10-02T01:01:04.695736+02:00
306896894,de:12067:900310908::1,0.0,2026-10-02T01:01:04.695736+02:00
306896894,de:12067:900311002::1,0.0,2026-10-02T01:01:04.695736+02:00
306896894,de:12067:900310841::1,0.0,2026-10-02T01:01:04.695736+02:00
306896894,de:12067:900310722::1,-0.5,2026-10-02T01:01:04.695736+02:00
306896894,de:12067:900310637::1,0.0,2026-10-02T01:01:04.695736+02:00
306896894,de:12067:900311129::7,0.0,2026-10-02T01:01:04.695736+02:00
306896894,de:12067:900311129::4,0.0,2026-10-02T01:01:04.695736+02:00
306896894,de:12067:900310727::3,0.0,2026-10-02T01:01:04.695736+02:00
306896894,de:12067:900310755::2,0.0,2026-10-02T01:01:04.695736+02:00
306896894,de:12067:900310728::3,0.0,2026-10-02T01:01:04.695736+02:00
306896894,de:12067:900311129::6,0.0,2026-10-02T01:01:04.695736+02:00
295882553,de:11000:900053301:2:52,0.0,2026-10-02T01:01:04.695736+02:00
295882553,de:11000:900052201:1:51,0.0,2026-10-02T01:01:04.695736+02:00
295882553,de:11000:900050355:1:51,-0.3,2026-10-02T01:01:04.695736+02:00
295882553,de:11000:900050301:1:51,-0.4,2026-10-02T01:01:04.695736+02:00
295882553,de:11000:900049201:1:51,0.0,2026-10-02T01:01:04.695736+02:00
295882553,de:11000:900049202:1:51,0.0,2026-10-02T01:01:04.695736+02:00
295882553,de:11000:900066101:1:51,-0.3,2026-10-02T01:01:04.695736+02:00
295882553,de:11000:900066102:1:51,-0.2,2026-10-02T01:01:04.695736+02:00
295882553,de:11000:900062202:1:51,-0.2,2026-10-02T01:01:04.695736+02:00
295882553,de:11000:900063101:1:51,-0.2,2026-10-02T01:01:04.695736+02:00
295882553,de:11000:900060101:1:51,-0.9,2026-10-02T01:01:04.695736+02:00
295882553,de:11000:900054104:1:51,-0.9,2026-10-02T01:01:04.695736+02:00
295882553,de:11000:900057104:1:50,-0.4,2026-10-02T01:01:04.695736+02:00
295882553,de:11000:900057102:1:51,-0.1,2026-10-02T01:01:04.695736+02:00
295882553,de:11000:900012101:2:52,-0.9,2026-10-02T01:01:04.695736+02:00
295882553,de:11000:900100020:4:57,-0.3,2026-10-02T01:01:04.695736+02:00
295882553,de:11000:900100025:1:51,-0.4,2026-10-02T01:01:04.695736+02:00
295882553,de:11000:900100001:4:57,-0.1,2026-10-02T01:01:04.695736+02:00
295882553,de:11000:900100007:1:51,-0.2,2026-10-02T01:01:04.695736+02:00
295882553,de:11000:900007104:2:52,-0.2,2026-10-02T01:01:04.695736+02:00
295882553,de:11000:900008101:1:51,-0.9,2026-10-02T01:01:04.695736+02:00
295882553,de:11000:900007102:2:53,-0.6,2026-10-02T01:01:04.695736+02:00
295882553,de:11000:900110011:2:53,-0.9,2026-10-02T01:01:04.695736+02:00
295882553,de:11000:900085201:1:50,-0.9,2026-10-02T01:01:04.695736+02:00
295882553,de:11000:900084101:1:50,-0.7,2026-10-02T01:01:04.695736+02:00
295882553,de:11000:900096101:1:50,-0.8,2026-10-02T01:01:04.695736+02:00
295882553,de:11000:900094101:1:50,-0.1,2026-10-02T01:01:04.695736+02:00
295882553,de:11000:900093201:1:50,-0.4,2026-10-02T01:01:04.695736+02:00
295882553,de:11000:900092201:1:50,-0.2,2026-10-02T01:01:04.695736+02:00
306897012,de:12067:900311308::5,0.0,2026-10-02T01:01:04.695736+02:00
306897012,de:12067:900311380::1,0.0,2026-10-02T01:01:04.695736+02:00
306897012,de:12067:900311348::1,0.0,2026-10-02T01:01:04.695736+02:00
306897012,de:12067:900311315::1,0.0,2026-10-02T01:01:04.695736+02:00
306897012,de:12067:900311383::6,0.0,2026-10-02T01:01:04.695736+02:00
306897012,de:12067:900311305::1,0.0,2026-10-02T01:01:04.695736+02:00
306897012,de:12067:900311304::2,0.0,2026-10-02T01:01:04.695736+02:00
306897012,de:12067:900311334::2,0.0,2026-10-02T01:01:04.695736+02:00
306897012,de:12067:900311333::2,0.0,2026-10-02T01:01:04.695736+02:00
306897012,de:12067:900311352::2,0.0,2026-10-02T01:01:04.695736+02:00
306897012,de:12067:900311363::2,0.0,2026-10-02T01:01:04.695736+02:00
306897012,de:12067:900311362::2,0.0,2026-10-02T01:01:04.695736+02:00
306897012,de:12067:900311377::2,0.0,2026-10-02T01:01:04.695736+02:00
306897012,de:12067:900311376::2,0.0,2026-10-02T01:01:04.695736+02:00
306897012,de:12067:900311316::2,0.0,2026-10-02T01:01:04.695736+02:00
306897012,de:12067:900311384::2,0.0,2026-10-02T01:01:04.695736+02:00
306897012,de:12067:900311317::2,0.0,2026-10-02T01:01:04.695736+02:00
306897012,de:12067:900310027::2,0.0,2026-10-02T01:01:04.695736+02:00
306897012,de:12067:900311359::2,0.0,2026-10-02T01:01:04.695736+02:00
306897012,de:12067:900311345::2,0.0,2026-10-02T01:01:04.695736+02:00
306897012,de:12067:900311341::2,0.0,2026-10-02T01:01:04.695736+02:00
306897012,de:12067:900311339::1,0.0,2026-10-02T01:01:04.695736+02:00
306897012,de:12067:900311340::1,0.0,2026-10-02T01:01:04.695736+02:00
306897012,de:12067:900311339::2,0.0,2026-10-02T01:01:04.695736+02:00
306897012,de:12067:900311309::1,0.0,2026-10-02T01:01:04.695736+02:00
306897012,de:12067:900311310::1,0.0,2026-10-02T01:01:04.695736+02:00
306897012,de:12067:900311307::1,0.0,2026-10-02T01:01:04.695736+02:00
306897012,de:12067:900311308::4,0.0,2026-10-02T01:01:04.695736+02:00
306897235,de:12067:900311405::1,0.0,2026-10-02T01:01:04.695736+02:00
306897235,de:12067:900311403::1,0.0,2026-10-02T01:01:04.695736+02:00
306897235,de:12067:900311401::1,0.0,2026-10-02T01:01:04.695736+02:00
306897235,de:12067:900311560::1,0.0,2026-10-02T01:01:04.695736+02:00
306897235,de:12067:900311401::2,0.0,2026-10-02T01:01:04.695736+02:00
306897235,de:12067:900311543::2,0.0,2026-10-02T01:01:04.695736+02:00
306897235,de:12067:900311542::1,0.0,2026-10-02T01:01:04.695736+02:00
306897235,de:12067:900311530::2,0.0,2026-10-02T01:01:04.695736+02:00
306897235,de:12067:900311531::2,0.0,2026-10-02T01:01:04.695736+02:00
306897235,de:12067:900311306::2,0.0,2026-10-02T01:01:04.695736+02:00
306897235,de:12067:900311356::2,0.0,2026-10-02T01:01:04.695736+02:00
306897235,de:12067:900311311::2,0.0,2026-10-02T01:01:04.695736+02:00
306897235,de:12067:900311312::2,0.0,2026-10-02T01:01:04.695736+02:00
306897235,de:12067:900311383::5,0.0,2026-10-02T01:01:04.695736+02:00
306897235,de:12067:900311315::2,0.0,2026-10-02T01:01:04.695736+02:00
306897235,de:12067:900311348::2,0.0,2026-10-02T01:01:04.695736+02:00
306897235,de:12067:900311308::4,0.0,2026-10-02T01:01:04.695736+02:00
306895901,de:12067:900311145::2,0.0,2026-10-02T01:01:04.695736+02:00
306895901,de:12067:900310817::2,0.0,2026-10-02T01:01:04.695736+02:00
306895901,de:12067:900310837::2,0.0,2026-10-02T01:01:04.695736+02:00
306895901,de:12067:900310875::2,0.0,2026-10-02T01:01:04.695736+02:00
306895901,de:12067:900310780::1,0.0,2026-10-02T01:01:04.695736+02:00
306895901,de:12067:900310796::2,0.0,2026-10-02T01:01:04.695736+02:00
306895901,de:12067:900310777::2,0.0,2026-10-02T01:01:04.695736+02:00
306895901,de:12067:900310808::2,0.0,2026-10-02T01:01:04.695736+02:00
306895901,de:12067:900310822::2,0.0,2026-10-02T01:01:04.695736+02:00
306895901,de:12067:900310781::2,0.0,2026-10-02T01:01:04.695736+02:00
306895901,de:12067:900311155::1,0.0,2026-10-02T01:01:04.695736+02:00
306895901,de:12067:900311149::2,0.0,2026-10-02T01:01:04.695736+02:00
306895901,de:12067:900310001::11,0.0,2026-10-02T01:01:04.695736+02:00
306895898,de:12067:900311145::2,0.0,2026-10-02T01:01:04.695736+02:00
306895898,de:12067:900310817::2,0.0,2026-10-02T01:01:04.695736+02:00
306895898,de:12067:900310837::2,0.0,2026-10-02T01:01:04.695736+02:00
306895898,de:12067:900310875::2,0.0,2026-10-02T01:01:04.695736+02:00
306895898,de:12067:900310780::1,0.0,2026-10-02T01:01:04.695736+02:00
306895898,de:12067:900310796::2,0.0,2026-10-02T01:01:04.695736+02:00
306895898,de:12067:900310777::2,0.0,2026-10-02T01:01:04.695736+02:00
306895898,de:12067:900310808::2,0.0,2026-10-02T01:01:04.695736+02:00
306895898,de:12067:900310822::2,0.0,2026-10-02T01:01:04.695736+02:00
306895898,de:12067:900310781::2,0.0,2026-10-02T01:01:04.695736+02:00
306895898,de:12067:900311155::1,0.0,2026-10-02T01:01:04.695736+02:00
306895898,de:12067:900311149::2,0.0,2026-10-02T01:01:04.695736+02:00
306895898,de:12067:900310001::11,0.0,2026-10-02T01:01:04.695736+02:00
307438373,de:12052:900470000:1:50,0.0,2026-10-02T01:01:04.695736+02:00
307438373,de:12066:900435001:2:52,0.0,2026-10-02T01:01:04.695736+02:00
307438373,de:12066:900435000:1:50,0.0,2026-10-02T01:01:04.695736+02:00
307438373,de:12066:900435061:2:51,0.0,2026-10-02T01:01:04.695736+02:00
307438373,de:12066:900435203:2:51,0.0,2026-10-02T01:01:04.695736+02:00
307438373,de:12062:900416008:1:50,0.0,2026-10-02T01:01:04.695736+02:00
307438373,de:12062:900415167:1:51,0.0,2026-10-02T01:01:04.695736+02:00
307438373,de:12062:900415502:1:50,0.0,2026-10-02T01:01:04.695736+02:00
295882428,de:11000:900092201:1:50,0.0,2026-10-02T01:01:04.695736+02:00
295882428,de:11000:900093201:1:51,-0.4,2026-10-02T01:01:04.695736+02:00
295882428,de:11000:900094101:1:51,-0.3,2026-10-02T01:01:04.695736+02:00
295882428,de:11000:900096101:1:51,-0.1,2026-10-02T01:01:04.695736+02:00
295882428,de:11000:900084101:1:51,-0.2,2026-10-02T01:01:04.695736+02:00
295882428,de:11000:900085201:1:51,-0.8,2026-10-02T01:01:04.695736+02:00
295882428,de:11000:900130003:1:51,-0.8,2026-10-02T01:01:04.695736+02:00
295882428,de:11000:900110011:1:50,-0.9,2026-10-02T01:01:04.695736+02:00
295882428,de:11000:900007102:1:50,-0.9,2026-10-02T01:01:04.695736+02:00
295882428,de:11000:900008101:1:50,0.0,2026-10-02T01:01:04.695736+02:00
295882428,de:11000:900007104:1:51,-0.7,2026-10-02T01:01:04.695736+02:00
295882428,de:11000:900100007:1:50,-0.7,2026-10-02T01:01:04.695736+02:00
295882428,de:11000:900100001:4:56,-0.5,2026-10-02T01:01:04.695736+02:00
295882428,de:11000:900100025:1:50,-0.4,2026-10-02T01:01:04.695736+02:00
295882428,de:11000:900100020:3:54,-0.4,2026-10-02T01:01:04.695736+02:00
295882428,de:11000:900012101:1:51,-0.5,2026-10-02T01:01:04.695736+02:00
295882428,de:11000:900057102:1:50,-0.7,2026-10-02T01:01:04.695736+02:00
295882428,de:11000:900057104:2:51,-0.4,2026-10-02T01:01:04.695736+02:00
295882428,de:11000:900054104:1:50,-0.3,2026-10-02T01:01:04.695736+02:00
295882428,de:11000:900060101:1:50,-0.3,2026-10-02T01:01:04.695736+02:00
295882428,de:11000:900063101:1:50,-0.1,2026-10-02T01:01:04.695736+02:00
295882428,de:11000:900062202:1:50,-0.1,2026-10-02T01:01:04.695736+02:00
295882428,de:11000:900066102:1:50,-0.2,2026-10-02T01:01:04.695736+02:00
295882428,de:11000:900066101:1:50,-0.1,2026-10-02T01:01:04.695736+02:00
295882428,de:11000:900049202:1:50,-0.3,2026-10-02T01:01:04.695736+02:00
295882428,de:11000:900049201:1:50,-0.4,2026-10-02T01:01:04.695736+02:00
295882428,de:11000:900050301:1:50,0.0,2026-10-02T01:01:04.695736+02:00
295882428,de:11000:900050355:1:50,-0.1,2026-10-02T01:01:04.695736+02:00
295882428,de:11000:900052201:1:50,-0.5,2026-10-02T01:01:04.695736+02:00
295882428,de:11000:900053301:1:51,-0.9,2026-10-02T01:01:04.695736+02:00
307438297,de:12062:900415345:2:52,0.0,2026-10-02T01:01:04.695736+02:00
307438297,de:12062:900415240:1:50,0.0,2026-10-02T01:01:04.695736+02:00
307438297,de:12062:900415167:1:50,0.0,2026-10-02T01:01:04.695736+02:00
307438297,de:12062:900416008:2:51,0.0,2026-10-02T01:01:04.695736+02:00
307438297,de:12066:900435203:1:50,0.0,2026-10-02T01:01:04.695736+02:00
307438297,de:12066:900435061:3:54,0.0,2026-10-02T01:01:04.695736+02:00
307438297,de:12066:900435314:1:51,0.0,2026-10-02T01:01:04.695736+02:00
307438297,de:14625:6810,0.0,2026-10-02T01:01:04.695736+02:00
307438297,de:14625:8144:1:Gleis1,0.0,2026-10-02T01:01:04.695736+02:00
307438297,de:14625:8000,0.0,2026-10-02T01:01:04.695736+02:00
307435352,de:12061:900260009:2:54,0.0,2026-10-02T01:01:04.695736+02:00
307435352,de:11000:900058101:4:57,0.0,2026-10-02T01:01:04.695736+02:00
307435352,de:11000:900100020:2:53,0.0,2026-10-02T01:01:04.695736+02:00
307435352,de:11000:900003200:4:57,0.0,2026-10-02T01:01:04.695736+02:00
307440268,de:12065:900203452:1:51,0.0,2026-10-02T01:01:04.695736+02:00
307440268,de:12065:900204001:1:50,0.0,2026-10-02T01:01:04.695736+02:00
307440268,de:12065:900203671:1:50,0.0,2026-10-02T01:01:04.695736+02:00
307440268,de:12065:900204003:1:50,0.0,2026-10-02T01:01:04.695736+02:00
307440268,de:12065:900200004:1:51,0.0,2026-10-02T01:01:04.695736+02:00
307440268,de:12065:900200000:1:51,0.0,2026-10-02T01:01:04.695736+02:00
307430416,de:12063:900210005:2:53,0.0,2026-10-02T01:01:04.695736+02:00
307430416,de:12063:900210326:2:51,0.0,2026-10-02T01:01:04.695736+02:00
307430416,de:12063:900210011:2:51,0.0,2026-10-02T01:01:04.695736+02:00
307430416,de:12063:900210010:2:51,0.0,2026-10-02T01:01:04.695736+02:00
307430416,de:12063:900210180:2:51,0.0,2026-10-02T01:01:04.695736+02:00
307430416,de:11000:900037168:2:51,0.0,2026-10-02T01:01:04.695736+02:00
307430416,de:11000:900029101:3:54,0.0,2026-10-02T01:01:04.695736+02:00
307435919,de:11000:900053301:3:54,0.0,2026-10-02T01:01:04.695736+02:00
307435919,de:12054:900230001:1:50,0.0,2026-10-02T01:01:04.695736+02:00
307435919,de:12069:900220008:1:50,0.0,2026-10-02T01:01:04.695736+02:00
307435919,de:12069:900220006:1:50,0.0,2026-10-02T01:01:04.695736+02:00
307435919,de:12069:900220003:1:50,0.0,2026-10-02T01:01:04.695736+02:00
307435919,de:12069:900220004:1:50,0.0,2026-10-02T01:01:04.695736+02:00
307435919,de:12069:900220005:1:50,0.0,2026-10-02T01:01:04.695736+02:00
307435919,de:12069:900222030:1:50,0.0,2026-10-02T01:01:04.695736+02:00
307435941,de:11000:900053301:3:54,0.0,2026-10-02T01:01:04.695736+02:00
307435941,de:12054:900230001:1:50,0.0,2026-10-02T01:01:04.695736+02:00
307435941,de:12069:900220008:1:50,0.0,2026-10-02T01:01:04.695736+02:00
307435941,de:12069:900220006:1:50,0.0,2026-10-02T01:01:04.695736+02:00
307435941,de:12069:900220003:1:50,0.0,2026-10-02T01:01:04.695736+02:00
307435941,de:12069:900220004:1:50,0.0,2026-10-02T01:01:04.695736+02:00
307435941,de:12069:900220005:1:50,0.0,2026-10-02T01:01:04.695736+02:00
307435941,de:12069:900222030:1:50,0.0,2026-10-02T01:01:04.695736+02:00
307435941,de:12069:900220141:1:50,0.0,2026-10-02T01:01:04.695736+02:00
307435941,de:12069:900220142:1:50,0.0,2026-10-02T01:01:04.695736+02:00
307435941,de:12069:900220143:1:50,0.0,2026-10-02T01:01:04.695736+02:00
306895839,de:12067:900311115::2,0.0,2026-10-02T01:01:04.695736+02:00
306895839,de:12067:900310773::2,0.0,2026-10-02T01:01:04.695736+02:00
306895839,de:12067:900310797::2,0.0,2026-10-02T01:01:04.695736+02:00
306895839,de:12067:900310789::2,0.0,2026-10-02T01:01:04.695736+02:00
306895839,de:12067:900310781::2,0.0,2026-10-02T01:01:04.695736+02:00
306895839,de:12067:900311155::1,0.0,2026-10-02T01:01:04.695736+02:00
306895839,de:12067:900311149::2,0.0,2026-10-02T01:01:04.695736+02:00
306895839,de:12067:900310001::11,0.0,2026-10-02T01:01:04.695736+02:00
307430076,de:12061:900260009:2:54,0.0,2026-10-02T01:01:04.695736+02:00
307430076,de:11000:900058101:4:57,0.0,2026-10-02T01:01:04.695736+02:00
307430076,de:11000:900100020:2:53,0.0,2026-10-02T01:01:04.695736+02:00
307430076,de:11000:900003200:1:50,0.0,2026-10-02T01:01:04.695736+02:00
307430301,de:12061:900260009:2:53,0.0,2026-10-02T01:01:04.695736+02:00
307430301,de:11000:900058101:4:57,0.0,2026-10-02T01:01:04.695736+02:00
307430301,de:11000:900100020:2:53,0.0,2026-10-02T01:01:04.695736+02:00
307430301,de:11000:900003200:4:56,0.0,2026-10-02T01:01:04.695736+02:00
307430251,de:11000:900003200:1:50,0.0,2026-10-02T01:01:04.695736+02:00
307430251,de:11000:900100020:1:50,0.0,2026-10-02T01:01:04.695736+02:00
307430251,de:11000:900058101:2:52,0.0,2026-10-02T01:01:04.695736+02:00
307430251,de:12061:900260009:2:54,0.0,2026-10-02T01:01:04.695736+02:00
295900392,de:12069:900220114:1:51,0.0,2026-10-02T01:01:04.695736+02:00
295900392,de:11000:900064201:1:51,-0.1,2026-10-02T01:01:04.695736+02:00
295900392,de:11000:900064256:1:51,0.0,2026-10-02T01:01:04.695736+02:00
295900392,de:11000:900064301:3:53,-0.3,2026-10-02T01:01:04.695736+02:00
295900392,de:11000:900067221:1:50,-0.3,2026-10-02T01:01:04.695736+02:00
295900392,de:11000:900063452:1:51,-0.4,2026-10-02T01:01:04.695736+02:00
295900392,de:11000:900058102:2:53,-0.5,2026-10-02T01:01:04.695736+02:00
295900392,de:11000:900058101:1:51,-0.3,2026-10-02T01:01:04.695736+02:00
295900392,de:11000:900058103:1:51,0.0,2026-10-02T01:01:04.695736+02:00
295900392,de:11000:900012101:2:53,-0.7,2026-10-02T01:01:04.695736+02:00
295900392,de:11000:900100020:4:57,-0.8,2026-10-02T01:01:04.695736+02:00
295900392,de:11000:900100025:1:51,-0.9,2026-10-02T01:01:04.695736+02:00
295900392,de:11000:900100001:4:57,-0.6,2026-10-02T01:01:04.695736+02:00
295900392,de:11000:900100007:1:51,-0.7,2026-10-02T01:01:04.695736+02:00
295900392,de:11000:900007104:2:52,-0.7,2026-10-02T01:01:04.695736+02:00
295900392,de:11000:900008101:1:51,-0.4,2026-10-02T01:01:04.695736+02:00
295900392,de:11000:900007102:2:53,-0.2,2026-10-02T01:01:04.695736+02:00
295900392,de:11000:900110011:2:53,-0.4,2026-10-02T01:01:04.695736+02:00
295900392,de:11000:900085201:1:50,-0.8,2026-10-02T01:01:04.695736+02:00
295900392,de:11000:900085105:1:50,-0.8,2026-10-02T01:01:04.695736+02:00
295900392,de:11000:900096458:1:50,-0.1,2026-10-02T01:01:04.695736+02:00
295900392,de:11000:900096405:1:50,-0.8,2026-10-02T01:01:04.695736+02:00
295900392,de:11000:900089303:1:50,-0.7,2026-10-02T01:01:04.695736+02:00
295900392,de:11000:900091205:1:50,-0.3,2026-10-02T01:01:04.695736+02:00
295900392,de:11000:900091203:1:50,-0.5,2026-10-02T01:01:04.695736+02:00
295900392,de:12065:900200000:4:54,-0.7,2026-10-02T01:01:04.695736+02:00
295900277,de:12065:900200000:4:54,0.0,2026-10-02T01:01:04.695736+02:00
295900277,de:11000:900091203:1:50,0.0,2026-10-02T01:01:04.695736+02:00
295900277,de:11000:900091205:1:50,-0.2,2026-10-02T01:01:04.695736+02:00
295900277,de:11000:900089303:1:51,-0.5,2026-10-02T01:01:04.695736+02:00
295900277,de:11000:900096405:1:50,-0.8,2026-10-02T01:01:04.695736+02:00
295900277,de:11000:900096458:1:50,-0.5,2026-10-02T01:01:04.695736+02:00
295900277,de:11000:900085105:1:50,-0.8,2026-10-02T01:01:04.695736+02:00
295900277,de:11000:900085201:1:51,0.0,2026-10-02T01:01:04.695736+02:00
295900277,de:11000:900130003:1:51,-0.8,2026-10-02T01:01:04.695736+02:00
295900277,de:11000:900110011:1:50,-0.9,2026-10-02T01:01:04.695736+02:00
295900277,de:11000:900007102:1:50,-0.7,2026-10-02T01:01:04.695736+02:00
295900277,de:11000:900008101:1:50,-0.4,2026-10-02T01:01:04.695736+02:00
295900277,de:11000:900007104:1:51,-0.2,2026-10-02T01:01:04.695736+02:00
295900277,de:11000:900100007:1:50,-0.2,2026-10-02T01:01:04.695736+02:00
295900277,de:11000:900100001:4:56,0.0,2026-10-02T01:01:04.695736+02:00
295900277,de:11000:900100025:1:50,-0.9,2026-10-02T01:01:04.695736+02:00
295900277,de:11000:900100020:3:54,-0.9,2026-10-02T01:01:04.695736+02:00
295900277,de:11000:900012101:1:51,0.0,2026-10-02T01:01:04.695736+02:00
295900277,de:11000:900058103:1:50,-0.7,2026-10-02T01:01:04.695736+02:00
295900277,de:11000:900058101:1:50,-0.3,2026-10-02T01:01:04.695736+02:00
295900277,de:11000:900058102:1:52,0.0,2026-10-02T01:01:04.695736+02:00
295900277,de:11000:900063452:1:50,-0.1,2026-10-02T01:01:04.695736+02:00
295900277,de:11000:900067221:1:50,-0.2,2026-10-02T01:01:04.695736+02:00
295900277,de:11000:900064301:3:52,-0.2,2026-10-02T01:01:04.695736+02:00
295900277,de:11000:900064256:1:50,-0.7,2026-10-02T01:01:04.695736+02:00
295900277,de:11000:900064201:1:50,-0.6,2026-10-02T01:01:04.695736+02:00
295900277,de:12069:900220114:1:51,-0.9,2026-10-02T01:01:04.695736+02:00
295896244,de:11000:900012101:2:52,0.0,2026-10-02T01:01:04.695736+02:00
295896244,de:11000:900100020:4:57,-0.8,2026-10-02T01:01:04.695736+02:00
295896244,de:11000:900100025:1:51,-0.9,2026-10-02T01:01:04.695736+02:00
295896244,de:11000:900100001:4:57,-0.6,2026-10-02T01:01:04.695736+02:00
295896244,de:11000:900100007:1:51,-0.7,2026-10-02T01:01:04.695736+02:00
295896244,de:11000:900007104:2:52,-0.7,2026-10-02T01:01:04.695736+02:00
295896244,de:11000:900008101:1:51,-0.4,2026-10-02T01:01:04.695736+02:00
295896244,de:11000:900007102:2:53,-0.1,2026-10-02T01:01:04.695736+02:00
295896244,de:11000:900110011:2:52,-0.4,2026-10-02T01:01:04.695736+02:00
295896244,de:11000:900130002:1:50,-0.7,2026-10-02T01:01:04.695736+02:00
295896244,de:11000:900130001:1:50,-0.4,2026-10-02T01:01:04.695736+02:00
295896244,de:11000:900142001:1:50,-0.9,2026-10-02T01:01:04.695736+02:00
295896244,de:11000:900143001:1:51,-0.7,2026-10-02T01:01:04.695736+02:00
295896244,de:11000:900135001:1:50,-0.4,2026-10-02T01:01:04.695736+02:00
295896168,de:11000:900074201:1:50,0.0,2026-10-02T01:01:04.695736+02:00
295896168,de:11000:900074202:2:51,-0.1,2026-10-02T01:01:04.695736+02:00
295896168,de:11000:900072101:2:51,-0.1,2026-10-02T01:01:04.695736+02:00
295896168,de:11000:900073101:1:51,-0.4,2026-10-02T01:01:04.695736+02:00
295896168,de:11000:900068301:1:51,-0.7,2026-10-02T01:01:04.695736+02:00
295896168,de:11000:900058102:2:51,-0.7,2026-10-02T01:01:04.695736+02:00
295896168,de:11000:900058101:1:51,-0.3,2026-10-02T01:01:04.695736+02:00
295896168,de:11000:900058103:1:51,-0.1,2026-10-02T01:01:04.695736+02:00
295896168,de:11000:900012101:2:53,-0.7,2026-10-02T01:01:04.695736+02:00
295896168,de:11000:900100020:4:57,-0.8,2026-10-02T01:01:04.695736+02:00
295896168,de:11000:900100025:1:51,-0.9,2026-10-02T01:01:04.695736+02:00
295896168,de:11000:900100001:4:57,-0.6,2026-10-02T01:01:04.695736+02:00
295896168,de:11000:900100007:1:51,-0.7,2026-10-02T01:01:04.695736+02:00
295896168,de:11000:900007104:2:52,-0.7,2026-10-02T01:01:04.695736+02:00
295896168,de:11000:900008101:1:51,-0.4,2026-10-02T01:01:04.695736+02:00
295896168,de:11000:900007102:2:53,-0.1,2026-10-02T01:01:04.695736+02:00
295896168,de:11000:900110011:2:52,-0.4,2026-10-02T01:01:04.695736+02:00
295896168,de:11000:900130002:1:50,-0.7,2026-10-02T01:01:04.695736+02:00
295896168,de:11000:900130001:1:50,-0.4,2026-10-02T01:01:04.695736+02:00
295896168,de:11000:900142001:1:50,-0.9,2026-10-02T01:01:04.695736+02:00
295896168,de:11000:900143001:1:51,-0.7,2026-10-02T01:01:04.695736+02:00
295896168,de:11000:900135001:1:50,-0.4,2026-10-02T01:01:04.695736+02:00
295903162,de:11000:900064301:3:53,0.0,2026-10-02T01:01:04.695736+02:00
295903162,de:11000:900067221:1:50,-0.3,2026-10-02T01:01:04.695736+02:00
295903162,de:11000:900063452:1:51,-0.4,2026-10-02T01:01:04.695736+02:00
295903162,de:11000:900058102:2:53,-0.5,2026-10-02T01:01:04.695736+02:00
295903162,de:11000:900058101:1:51,-0.3,2026-10-02T01:01:04.695736+02:00
295903162,de:11000:900058103:1:51,0.0,2026-10-02T01:01:04.695736+02:00
295903162,de:11000:900012101:2:53,-0.7,2026-10-02T01:01:04.695736+02:00
295903162,de:11000:900100020:4:57,-0.8,2026-10-02T01:01:04.695736+02:00
295903162,de:11000:900100025:1:51,-0.9,2026-10-02T01:01:04.695736+02:00
295903162,de:11000:900100001:4:57,-0.6,2026-10-02T01:01:04.695736+02:00
295903162,de:11000:900100007:1:51,-0.7,2026-10-02T01:01:04.695736+02:00
295903162,de:11000:900007104:2:52,-0.7,2026-10-02T01:01:04.695736+02:00
295903162,de:11000:900008101:1:51,-0.4,2026-10-02T01:01:04.695736+02:00
295903162,de:11000:900007102:2:53,-0.2,2026-10-02T01:01:04.695736+02:00
295903162,de:11000:900110011:2:52,-0.4,2026-10-02T01:01:04.695736+02:00
295903162,de:11000:900130002:1:50,0.0,2026-10-02T01:01:04.695736+02:00
295903162,de:11000:900130001:1:50,-0.7,2026-10-02T01:01:04.695736+02:00
295903162,de:11000:900142001:1:50,-0.2,2026-10-02T01:01:04.695736+02:00
295903151,de:12069:900220114:1:50,0.0,2026-10-02T01:01:04.695736+02:00
295903151,de:11000:900064201:1:51,-0.1,2026-10-02T01:01:04.695736+02:00
295903151,de:11000:900064256:1:51,0.0,2026-10-02T01:01:04.695736+02:00
295903151,de:11000:900064301:3:53,-0.3,2026-10-02T01:01:04.695736+02:00
295903151,de:11000:900067221:1:50,-0.3,2026-10-02T01:01:04.695736+02:00
295903151,de:11000:900063452:1:51,-0.4,2026-10-02T01:01:04.695736+02:00
295903151,de:11000:900058102:2:53,-0.5,2026-10-02T01:01:04.695736+02:00
295903151,de:11000:900058101:1:51,-0.3,2026-10-02T01:01:04.695736+02:00
295903151,de:11000:900058103:1:51,0.0,2026-10-02T01:01:04.695736+02:00
295903151,de:11000:900012101:2:53,-0.7,2026-10-02T01:01:04.695736+02:00
295903151,de:11000:900100020:4:57,-0.8,2026-10-02T01:01:04.695736+02:00
295903151,de:11000:900100025:1:51,-0.9,2026-10-02T01:01:04.695736+02:00
295903151,de:11000:900100001:4:57,-0.6,2026-10-02T01:01:04.695736+02:00
295903151,de:11000:900100007:1:51,-0.7,2026-10-02T01:01:04.695736+02:00
295903151,de:11000:900007104:2:52,-0.7,2026-10-02T01:01:04.695736+02:00
295903151,de:11000:900008101:1:51,-0.4,2026-10-02T01:01:04.695736+02:00
295903151,de:11000:900007102:2:53,-0.2,2026-10-02T01:01:04.695736+02:00
295903151,de:11000:900110011:2:52,-0.4,2026-10-02T01:01:04.695736+02:00
295903151,de:11000:900130002:1:50,0.0,2026-10-02T01:01:04.695736+02:00
295903151,de:11000:900130001:1:50,-0.7,2026-10-02T01:01:04.695736+02:00
295903151,de:11000:900142001:1:50,-0.2,2026-10-02T01:01:04.695736+02:00
295902989,de:11000:900130002:1:51,0.0,2026-10-02T01:01:04.695736+02:00
295902989,de:11000:900110011:1:51,-0.7,2026-10-02T01:01:04.695736+02:00
295902989,de:11000:900007102:1:50,-0.7,2026-10-02T01:01:04.695736+02:00
295902989,de:11000:900008101:1:50,-0.4,2026-10-02T01:01:04.695736+02:00
295902989,de:11000:900007104:1:51,-0.2,2026-10-02T01:01:04.695736+02:00
295902989,de:11000:900100007:1:50,-0.2,2026-10-02T01:01:04.695736+02:00
295902989,de:11000:900100001:4:56,0.0,2026-10-02T01:01:04.695736+02:00
295902989,de:11000:900100025:1:50,-0.9,2026-10-02T01:01:04.695736+02:00
295902989,de:11000:900100020:3:54,-0.9,2026-10-02T01:01:04.695736+02:00
295902989,de:11000:900012101:1:51,0.0,2026-10-02T01:01:04.695736+02:00
295902989,de:11000:900058103:1:50,-0.7,2026-10-02T01:01:04.695736+02:00
295902989,de:11000:900058101:1:50,-0.3,2026-10-02T01:01:04.695736+02:00
295902989,de:11000:900058102:1:52,0.0,2026-10-02T01:01:04.695736+02:00
295902989,de:11000:900063452:1:50,-0.1,2026-10-02T01:01:04.695736+02:00
295902989,de:11000:900067221:1:50,-0.2,2026-10-02T01:01:04.695736+02:00
295902989,de:11000:900064301:3:52,-0.2,2026-10-02T01:01:04.695736+02:00
295902989,de:11000:900064256:1:50,-0.7,2026-10-02T01:01:04.695736+02:00
295902989,de:11000:900064201:1:50,-0.6,2026-10-02T01:01:04.695736+02:00
295902989,de:12069:900220114:1:50,-0.9,2026-10-02T01:01:04.695736+02:00
306897045,de:12053:900360093::1,0.0,2026-10-02T01:01:04.695736+02:00
306897045,de:12053:900360092::1,0.0,2026-10-02T01:01:04.695736+02:00
306897045,de:12067:900311235::1,0.0,2026-10-02T01:01:04.695736+02:00
306897045,de:12067:900311234::1,0.0,2026-10-02T01:01:04.695736+02:00
306897045,de:12067:900311238::1,0.0,2026-10-02T01:01:04.695736+02:00
306897045,de:12067:900311236::2,0.0,2026-10-02T01:01:04.695736+02:00
306897045,de:12067:900311232::1,0.0,2026-10-02T01:01:04.695736+02:00
306897045,de:12067:900311237::1,0.0,2026-10-02T01:01:04.695736+02:00
306897045,de:12067:900311424::2,0.0,2026-10-02T01:01:04.695736+02:00
306897045,de:12067:900311423::2,0.0,2026-10-02T01:01:04.695736+02:00
306897045,de:12067:900311422::1,0.0,2026-10-02T01:01:04.695736+02:00
306897045,de:12067:900311420::2,0.0,2026-10-02T01:01:04.695736+02:00
306897045,de:12067:900311421::2,0.0,2026-10-02T01:01:04.695736+02:00
306897045,de:12067:900311610::2,0.0,2026-10-02T01:01:04.695736+02:00
306897045,de:12067:900311562::2,0.0,2026-10-02T01:01:04.695736+02:00
306897045,de:12067:900311440::2,0.0,2026-10-02T01:01:04.695736+02:00
306897045,de:12067:900311481::1,0.0,2026-10-02T01:01:04.695736+02:00
306897045,de:12067:900311485::1,0.0,2026-10-02T01:01:04.695736+02:00
306897045,de:12067:900311482::1,0.0,2026-10-02T01:01:04.695736+02:00
295907157,de:12067:900310004:3:53,0.0,2026-10-02T01:01:04.695736+02:00
295907157,de:11000:900183002:1:50,-0.1,2026-10-02T01:01:04.695736+02:00
295907157,de:11000:900183001:1:50,-0.4,2026-10-02T01:01:04.695736+02:00
295907157,de:11000:900182002:1:50,0.0,2026-10-02T01:01:04.695736+02:00
295907157,de:11000:900182001:1:50,-0.2,2026-10-02T01:01:04.695736+02:00
295907157,de:11000:900180001:1:50,-0.7,2026-10-02T01:01:04.695736+02:00
295907157,de:11000:900180002:1:50,-0.7,2026-10-02T01:01:04.695736+02:00
295907157,de:11000:900162001:1:50,-0.9,2026-10-02T01:01:04.695736+02:00
295907157,de:11000:900160002:1:50,0.0,2026-10-02T01:01:04.695736+02:00
295907157,de:11000:900160001:1:50,-0.3,2026-10-02T01:01:04.695736+02:00
295907157,de:11000:900120003:3:55,-0.1,2026-10-02T01:01:04.695736+02:00
295907157,de:11000:900120004:2:53,-0.6,2026-10-02T01:01:04.695736+02:00
295907157,de:11000:900120005:5:58,-0.9,2026-10-02T01:01:04.695736+02:00
295907157,de:11000:900100004:1:51,-0.4,2026-10-02T01:01:04.695736+02:00
295907157,de:11000:900100003:2:53,-0.4,2026-10-02T01:01:04.695736+02:00
295907157,de:11000:900100002:1:51,-0.4,2026-10-02T01:01:04.695736+02:00
295907157,de:11000:900100001:3:55,-0.4,2026-10-02T01:01:04.695736+02:00
295907157,de:11000:900003201:3:55,-0.1,2026-10-02T01:01:04.695736+02:00
295907157,de:11000:900003102:1:51,-0.8,2026-10-02T01:01:04.695736+02:00
295907157,de:11000:900003103:1:51,-0.9,2026-10-02T01:01:04.695736+02:00
295907157,de:11000:900023201:3:55,-0.8,2026-10-02T01:01:04.695736+02:00
295907157,de:11000:900024203:1:51,-0.8,2026-10-02T01:01:04.695736+02:00
295907157,de:11000:900024101:4:57,-0.8,2026-10-02T01:01:04.695736+02:00
295907157,de:11000:900024102:1:50,-0.1,2026-10-02T01:01:04.695736+02:00
295907157,de:11000:900025423:1:50,-0.4,2026-10-02T01:01:04.695736+02:00
295907157,de:11000:900026105:1:50,-0.7,2026-10-02T01:01:04.695736+02:00
295907157,de:11000:900025321:1:50,-0.3,2026-10-02T01:01:04.695736+02:00
295907157,de:11000:900025424:1:50,-0.3,2026-10-02T01:01:04.695736+02:00
295907157,de:11000:900030202:1:50,-0.9,2026-10-02T01:01:04.695736+02:00
295907157,de:11000:900029101:1:50,-0.9,2026-10-02T01:01:04.695736+02:00
295907210,de:12067:900310004:3:52,0.0,2026-10-02T01:01:04.695736+02:00
295907210,de:11000:900183002:1:50,-0.1,2026-10-02T01:01:04.695736+02:00
295907210,de:11000:900183001:1:50,-0.4,2026-10-02T01:01:04.695736+02:00
295907210,de:11000:900182002:1:50,0.0,2026-10-02T01:01:04.695736+02:00
295907210,de:11000:900182001:1:50,-0.2,2026-10-02T01:01:04.695736+02:00
295907210,de:11000:900180001:1:50,-0.7,2026-10-02T01:01:04.695736+02:00
295907210,de:11000:900180002:1:50,-0.7,2026-10-02T01:01:04.695736+02:00
295907210,de:11000:900162001:1:50,-0.9,2026-10-02T01:01:04.695736+02:00
295907210,de:11000:900160002:1:50,0.0,2026-10-02T01:01:04.695736+02:00
295907210,de:11000:900160001:1:50,-0.3,2026-10-02T01:01:04.695736+02:00
295907210,de:11000:900120003:3:55,-0.1,2026-10-02T01:01:04.695736+02:00
295907210,de:11000:900120004:2:53,-0.6,2026-10-02T01:01:04.695736+02:00
295907210,de:11000:900120005:5:58,-0.9,2026-10-02T01:01:04.695736+02:00
295907210,de:11000:900100004:1:51,-0.4,2026-10-02T01:01:04.695736+02:00
295907210,de:11000:900100003:2:53,-0.4,2026-10-02T01:01:04.695736+02:00
295907210,de:11000:900100002:1:51,-0.4,2026-10-02T01:01:04.695736+02:00
295907210,de:11000:900100001:3:55,-0.4,2026-10-02T01:01:04.695736+02:00
295907210,de:11000:900003201:3:55,-0.1,2026-10-02T01:01:04.695736+02:00
295907210,de:11000:900003102:1:51,-0.8,2026-10-02T01:01:04.695736+02:00
295907210,de:11000:900003103:1:51,-0.9,2026-10-02T01:01:04.695736+02:00
295907210,de:11000:900023201:3:55,-0.8,2026-10-02T01:01:04.695736+02:00
295907210,de:11000:900024203:1:51,-0.8,2026-10-02T01:01:04.695736+02:00
295907210,de:11000:900024101:4:57,-0.8,2026-10-02T01:01:04.695736+02:00
295907210,de:11000:900024102:1:50,-0.1,2026-10-02T01:01:04.695736+02:00
295907210,de:11000:900025423:1:50,-0.4,2026-10-02T01:01:04.695736+02:00
295907210,de:11000:900026105:1:50,-0.7,2026-10-02T01:01:04.695736+02:00
295907210,de:11000:900025321:1:50,-0.3,2026-10-02T01:01:04.695736+02:00
295907210,de:11000:900025424:1:50,-0.3,2026-10-02T01:01:04.695736+02:00
295907210,de:11000:900030202:1:50,-0.9,2026-10-02T01:01:04.695736+02:00
295907210,de:11000:900029101:1:50,-0.9,2026-10-02T01:01:04.695736+02:00
295907209,de:12067:900310004:3:52,0.0,2026-10-02T01:01:04.695736+02:00
295907209,de:11000:900183002:1:50,-0.1,2026-10-02T01:01:04.695736+02:00
295907209,de:11000:900183001:1:50,-0.4,2026-10-02T01:01:04.695736+02:00
295907209,de:11000:900182002:1:50,0.0,2026-10-02T01:01:04.695736+02:00
295907209,de:11000:900182001:1:50,-0.2,2026-10-02T01:01:04.695736+02:00
295907209,de:11000:900180001:1:50,-0.7,2026-10-02T01:01:04.695736+02:00
295907209,de:11000:900180002:1:50,-0.7,2026-10-02T01:01:04.695736+02:00
295907209,de:11000:900162001:1:50,-0.9,2026-10-02T01:01:04.695736+02:00
295907209,de:11000:900160002:1:50,0.0,2026-10-02T01:01:04.695736+02:00
295907209,de:11000:900160001:1:50,-0.3,2026-10-02T01:01:04.695736+02:00
295907209,de:11000:900120003:3:55,-0.1,2026-10-02T01:01:04.695736+02:00
295907209,de:11000:900120004:2:53,-0.6,2026-10-02T01:01:04.695736+02:00
295907209,de:11000:900120005:5:58,-0.9,2026-10-02T01:01:04.695736+02:00
295907209,de:11000:900100004:1:51,-0.4,2026-10-02T01:01:04.695736+02:00
295907209,de:11000:900100003:2:53,-0.4,2026-10-02T01:01:04.695736+02:00
295907209,de:11000:900100002:1:51,-0.4,2026-10-02T01:01:04.695736+02:00
295907209,de:11000:900100001:3:55,-0.4,2026-10-02T01:01:04.695736+02:00
295907209,de:11000:900003201:3:55,-0.1,2026-10-02T01:01:04.695736+02:00
295907209,de:11000:900003102:1:51,-0.8,2026-10-02T01:01:04.695736+02:00
295907209,de:11000:900003103:1:51,-0.9,2026-10-02T01:01:04.695736+02:00
295907209,de:11000:900023201:3:55,-0.8,2026-10-02T01:01:04.695736+02:00
295907209,de:11000:900024203:1:51,-0.8,2026-10-02T01:01:04.695736+02:00
295907209,de:11000:900024101:4:57,-0.8,2026-10-02T01:01:04.695736+02:00
295907209,de:11000:900024102:1:50,-0.1,2026-10-02T01:01:04.695736+02:00
295907209,de:11000:900025423:1:50,-0.4,2026-10-02T01:01:04.695736+02:00
295907209,de:11000:900026105:1:50,-0.7,2026-10-02T01:01:04.695736+02:00
295907209,de:11000:900025321:1:50,-0.3,2026-10-02T01:01:04.695736+02:00
295907209,de:11000:900025424:1:50,-0.3,2026-10-02T01:01:04.695736+02:00
295907209,de:11000:900030202:1:50,-0.9,2026-10-02T01:01:04.695736+02:00
295907209,de:11000:900029101:1:50,-0.9,2026-10-02T01:01:04.695736+02:00
295907208,de:12067:900310004:3:52,0.0,2026-10-02T01:01:04.695736+02:00
295907208,de:11000:900183002:1:50,-0.1,2026-10-02T01:01:04.695736+02:00
295907208,de:11000:900183001:1:50,-0.4,2026-10-02T01:01:04.695736+02:00
295907208,de:11000:900182002:1:50,0.0,2026-10-02T01:01:04.695736+02:00
295907208,de:11000:900182001:1:50,-0.2,2026-10-02T01:01:04.695736+02:00
295907208,de:11000:900180001:1:50,-0.7,2026-10-02T01:01:04.695736+02:00
295907208,de:11000:900180002:1:50,-0.7,2026-10-02T01:01:04.695736+02:00
295907208,de:11000:900162001:1:50,-0.9,2026-10-02T01:01:04.695736+02:00
295907208,de:11000:900160002:1:50,0.0,2026-10-02T01:01:04.695736+02:00
295907208,de:11000:900160001:1:50,-0.3,2026-10-02T01:01:04.695736+02:00
295907208,de:11000:900120003:3:55,-0.1,2026-10-02T01:01:04.695736+02:00
295907208,de:11000:900120004:2:53,-0.6,2026-10-02T01:01:04.695736+02:00
295907208,de:11000:900120005:5:58,-0.9,2026-10-02T01:01:04.695736+02:00
295907208,de:11000:900100004:1:51,-0.4,2026-10-02T01:01:04.695736+02:00
295907208,de:11000:900100003:2:53,-0.4,2026-10-02T01:01:04.695736+02:00
295907208,de:11000:900100002:1:51,-0.4,2026-10-02T01:01:04.695736+02:00
295907208,de:11000:900100001:3:55,-0.4,2026-10-02T01:01:04.695736+02:00
295907208,de:11000:900003201:3:55,-0.1,2026-10-02T01:01:04.695736+02:00
295907208,de:11000:900003102:1:51,-0.8,2026-10-02T01:01:04.695736+02:00
295907208,de:11000:900003103:1:51,-0.9,2026-10-02T01:01:04.695736+02:00
295907208,de:11000:900023201:3:55,-0.8,2026-10-02T01:01:04.695736+02:00
295907208,de:11000:900024203:1:51,-0.8,2026-10-02T01:01:04.695736+02:00
295907208,de:11000:900024101:4:57,-0.8,2026-10-02T01:01:04.695736+02:00
295907208,de:11000:900024102:1:50,-0.1,2026-10-02T01:01:04.695736+02:00
295907208,de:11000:900025423:1:50,-0.4,2026-10-02T01:01:04.695736+02:00
295907208,de:11000:900026105:1:50,-0.7,2026-10-02T01:01:04.695736+02:00
295907208,de:11000:900025321:1:50,-0.3,2026-10-02T01:01:04.695736+02:00
295907208,de:11000:900025424:1:50,-0.3,2026-10-02T01:01:04.695736+02:00
295907208,de:11000:900030202:1:50,-0.9,2026-10-02T01:01:04.695736+02:00
295907208,de:11000:900029101:1:50,-0.9,2026-10-02T01:01:04.695736+02:00
307444136,de:12072:900245002:2:52,0.0,2026-10-02T01:01:04.695736+02:00
307444136,de:12072:900245016:2:51,0.0,2026-10-02T01:01:04.695736+02:00
307444136,de:12072:900245010:2:51,0.0,2026-10-02T01:01:04.695736+02:00
307444136,de:12072:900245037:2:51,0.0,2026-10-02T01:01:04.695736+02:00
307444136,de:12072:900245029:2:53,0.0,2026-10-02T01:01:04.695736+02:00
307444136,de:11000:900064301:2:51,0.0,2026-10-02T01:01:04.695736+02:00
307444136,de:11000:900058101:3:55,0.0,2026-10-02T01:01:04.695736+02:00
307444136,de:11000:900100020:2:52,0.0,2026-10-02T01:01:04.695736+02:00
307444136,de:11000:900003200:4:56,0.0,2026-10-02T01:01:04.695736+02:00
307444136,de:11000:900020201:1:51,0.0,2026-10-02T01:01:04.695736+02:00
307444136,de:11000:900029101:2:53,0.0,2026-10-02T01:01:04.695736+02:00
307444094,de:12062:900415345:3:53,0.0,2026-10-02T01:01:04.695736+02:00
307444094,de:12062:900415683:1:50,0.0,2026-10-02T01:01:04.695736+02:00
307442861,de:15091:8010222,0.0,2026-10-02T01:01:04.695736+02:00
307442861,de:15091:8013418,0.0,2026-10-02T01:01:04.695736+02:00
307442861,de:15091:8011290,0.0,2026-10-02T01:01:04.695736+02:00
307442861,de:15091:8013371,0.0,2026-10-02T01:01:04.695736+02:00
307442861,de:12072:900245018:1:50,0.0,2026-10-02T01:01:04.695736+02:00
307442861,de:12072:900245017:2:51,0.0,2026-10-02T01:01:04.695736+02:00
307442861,de:12072:900245002:1:50,0.0,2026-10-02T01:01:04.695736+02:00
307442861,de:12072:900245016:2:51,0.0,2026-10-02T01:01:04.695736+02:00
307442861,de:12072:900245014:2:51,0.0,2026-10-02T01:01:04.695736+02:00
307442861,de:12072:900245029:2:53,0.0,2026-10-02T01:01:04.695736+02:00
307442861,de:12072:900245030:2:51,0.0,2026-10-02T01:01:04.695736+02:00
307442861,de:12072:900245032:2:51,0.0,2026-10-02T01:01:04.695736+02:00
307442861,de:12069:900220001:2:51,0.0,2026-10-02T01:01:04.695736+02:00
307442861,de:11000:900064301:2:51,0.0,2026-10-02T01:01:04.695736+02:00
307442861,de:11000:900058101:4:56,0.0,2026-10-02T01:01:04.695736+02:00
307442861,de:11000:900100020:2:52,0.0,2026-10-02T01:01:04.695736+02:00
307442861,de:11000:900003200:3:55,0.0,2026-10-02T01:01:04.695736+02:00
307442861,de:11000:900007102:5:58,0.0,2026-10-02T01:01:04.695736+02:00
307442861,de:12060:900350160:2:53,0.0,2026-10-02T01:01:04.695736+02:00
307442861,de:12060:900350127:2:52,0.0,2026-10-02T01:01:04.695736+02:00
307442861,de:12060:900350124:1:50,0.0,2026-10-02T01:01:04.695736+02:00
307442861,de:12060:900350125:1:50,0.0,2026-10-02T01:01:04.695736+02:00
307442861,de:12073:900340004:3:52,0.0,2026-10-02T01:01:04.695736+02:00
307275168,de:11000:900024101:3:55,0.0,2026-10-02T01:01:04.695736+02:00
307275168,de:11000:900024203:1:51,-0.3,2026-10-02T01:01:04.695736+02:00
307275168,de:11000:900023201:3:54,-0.2,2026-10-02T01:01:04.695736+02:00
307275168,de:11000:900003103:1:50,-0.3,2026-10-02T01:01:04.695736+02:00
307275168,de:11000:900003102:1:50,-0.4,2026-10-02T01:01:04.695736+02:00
307275168,de:11000:900003201:3:54,0.0,2026-10-02T01:01:04.695736+02:00
307275168,de:11000:900100001:3:54,-0.6,2026-10-02T01:01:04.695736+02:00
307275168,de:11000:900100002:1:50,-0.9,2026-10-02T01:01:04.695736+02:00
307275168,de:11000:900100003:2:52,-0.6,2026-10-02T01:01:04.695736+02:00
307275168,de:11000:900100004:1:50,-0.9,2026-10-02T01:01:04.695736+02:00
307275168,de:11000:900120005:4:56,-0.1,2026-10-02T01:01:04.695736+02:00
307275168,de:11000:900120004:1:51,-0.1,2026-10-02T01:01:04.695736+02:00
307275168,de:11000:900120003:2:53,-0.4,2026-10-02T01:01:04.695736+02:00
307275168,de:11000:900160001:1:51,-0.4,2026-10-02T01:01:04.695736+02:00
307275168,de:11000:900160002:1:50,-0.7,2026-10-02T01:01:04.695736+02:00
307275168,de:11000:900162001:1:51,-0.3,2026-10-02T01:01:04.695736+02:00
307275168,de:11000:900180002:1:51,-0.3,2026-10-02T01:01:04.695736+02:00
307275168,de:11000:900180001:1:50,-0.7,2026-10-02T01:01:04.695736+02:00
307275168,de:11000:900182001:1:51,-0.2,2026-10-02T01:01:04.695736+02:00
307275168,de:11000:900182002:1:51,-0.4,2026-10-02T01:01:04.695736+02:00
307275164,de:11000:900024101:3:55,0.0,2026-10-02T01:01:04.695736+02:00
307275164,de:11000:900024203:1:51,-0.3,2026-10-02T01:01:04.695736+02:00
307275164,de:11000:900023201:3:54,-0.2,2026-10-02T01:01:04.695736+02:00
307275164,de:11000:900003103:1:50,-0.3,2026-10-02T01:01:04.695736+02:00
307275164,de:11000:900003102:1:50,-0.4,2026-10-02T01:01:04.695736+02:00
307275164,de:11000:900003201:3:54,0.0,2026-10-02T01:01:04.695736+02:00
307275164,de:11000:900100001:3:54,-0.6,2026-10-02T01:01:04.695736+02:00
307275164,de:11000:900100002:1:50,-0.9,2026-10-02T01:01:04.695736+02:00
307275164,de:11000:900100003:2:52,-0.6,2026-10-02T01:01:04.695736+02:00
307275164,de:11000:900100004:1:50,-0.9,2026-10-02T01:01:04.695736+02:00
307275164,de:11000:900120005:4:56,-0.1,2026-10-02T01:01:04.695736+02:00
307275164,de:11000:900120004:1:51,-0.1,2026-10-02T01:01:04.695736+02:00
307275164,de:11000:900120003:2:53,-0.4,2026-10-02T01:01:04.695736+02:00
307275164,de:11000:900160001:1:51,-0.4,2026-10-02T01:01:04.695736+02:00
307275164,de:11000:900160002:1:50,-0.7,2026-10-02T01:01:04.695736+02:00
307275164,de:11000:900162001:1:51,-0.3,2026-10-02T01:01:04.695736+02:00
307275164,de:11000:900180002:1:51,-0.3,2026-10-02T01:01:04.695736+02:00
307275164,de:11000:900180001:1:50,-0.7,2026-10-02T01:01:04.695736+02:00
307275164,de:11000:900182001:1:51,-0.2,2026-10-02T01:01:04.695736+02:00
307275164,de:11000:900182002:1:51,-0.4,2026-10-02T01:01:04.695736+02:00
307437141,de:12069:900220143:1:50,0.0,2026-10-02T01:01:04.695736+02:00
307437141,de:12069:900220142:2:51,0.0,2026-10-02T01:01:04.695736+02:00
307437141,de:12069:900220141:2:51,0.0,2026-10-02T01:01:04.695736+02:00
307437141,de:12069:900222030:2:51,0.0,2026-10-02T01:01:04.695736+02:00
307437141,de:12069:900220005:2:51,0.0,2026-10-02T01:01:04.695736+02:00
307437141,de:12069:900220004:2:51,0.0,2026-10-02T01:01:04.695736+02:00
307437141,de:12069:900220003:1:51,0.0,2026-10-02T01:01:04.695736+02:00
307437141,de:12069:900220006:2:51,0.0,2026-10-02T01:01:04.695736+02:00
307437141,de:12069:900220008:2:51,0.0,2026-10-02T01:01:04.695736+02:00
307437141,de:12054:900230001:2:51,0.0,2026-10-02T01:01:04.695736+02:00
307437141,de:11000:900053301:3:55,0.0,2026-10-02T01:01:04.695736+02:00
307437141,de:11000:900024101:1:50,0.0,2026-10-02T01:01:04.695736+02:00
306897167,de:12067:900311513::1,0.0,2026-10-02T01:01:04.695736+02:00
306897167,de:12067:900311510::1,0.0,2026-10-02T01:01:04.695736+02:00
306897167,de:12067:900311512::1,0.0,2026-10-02T01:01:04.695736+02:00
306897167,de:12067:900311563::1,0.0,2026-10-02T01:01:04.695736+02:00
306897167,de:12067:900311520::1,0.0,2026-10-02T01:01:04.695736+02:00
306897167,de:12067:900311221::2,0.0,2026-10-02T01:01:04.695736+02:00
306897167,de:12067:900311430::1,0.0,2026-10-02T01:01:04.695736+02:00
306897167,de:12067:900311221::1,0.0,2026-10-02T01:01:04.695736+02:00
306897167,de:12067:900311221::3,0.0,2026-10-02T01:01:04.695736+02:00
306897167,de:12067:900311419::1,0.0,2026-10-02T01:01:04.695736+02:00
306897167,de:12067:900311225::1,0.0,2026-10-02T01:01:04.695736+02:00
306897167,de:12067:900311224::1,0.0,2026-10-02T01:01:04.695736+02:00
295910132,de:11000:900024101:3:55,0.0,2026-10-02T01:01:04.695736+02:00
295910132,de:11000:900024203:1:51,-0.3,2026-10-02T01:01:04.695736+02:00
295910132,de:11000:900023201:3:54,-0.2,2026-10-02T01:01:04.695736+02:00
295910132,de:11000:900003103:1:50,-0.3,2026-10-02T01:01:04.695736+02:00
295910132,de:11000:900003102:1:50,-0.4,2026-10-02T01:01:04.695736+02:00
295910132,de:11000:900003201:3:54,0.0,2026-10-02T01:01:04.695736+02:00
295910132,de:11000:900100001:3:54,-0.6,2026-10-02T01:01:04.695736+02:00
295910132,de:11000:900100002:1:50,-0.9,2026-10-02T01:01:04.695736+02:00
295910132,de:11000:900100003:2:52,-0.6,2026-10-02T01:01:04.695736+02:00
295910132,de:11000:900100004:1:50,-0.9,2026-10-02T01:01:04.695736+02:00
295910132,de:11000:900120005:4:55,-0.1,2026-10-02T01:01:04.695736+02:00
295910132,de:11000:900120004:1:50,-0.1,2026-10-02T01:01:04.695736+02:00
295910132,de:11000:900120003:2:53,-0.4,2026-10-02T01:01:04.695736+02:00
295910132,de:11000:900160001:1:51,-0.4,2026-10-02T01:01:04.695736+02:00
295910132,de:11000:900160002:1:50,-0.7,2026-10-02T01:01:04.695736+02:00
295910132,de:11000:900162001:1:51,-0.3,2026-10-02T01:01:04.695736+02:00
295910132,de:11000:900180002:1:51,-0.3,2026-10-02T01:01:04.695736+02:00
295910132,de:11000:900180001:1:50,-0.7,2026-10-02T01:01:04.695736+02:00
295910132,de:11000:900182001:1:51,-0.2,2026-10-02T01:01:04.695736+02:00
295910132,de:11000:900182002:1:51,-0.4,2026-10-02T01:01:04.695736+02:00
295910132,de:11000:900183001:1:51,0.0,2026-10-02T01:01:04.695736+02:00
295910132,de:11000:900183002:1:51,-0.3,2026-10-02T01:01:04.695736+02:00
295910132,de:12067:900310004:3:53,-0.5,2026-10-02T01:01:04.695736+02:00
307437031,de:12069:900220143:1:50,0.0,2026-10-02T01:01:04.695736+02:00
307437031,de:12069:900220142:2:51,0.0,2026-10-02T01:01:04.695736+02:00
307437031,de:12069:900220141:2:51,0.0,2026-10-02T01:01:04.695736+02:00
307437031,de:12069:900222030:2:51,0.0,2026-10-02T01:01:04.695736+02:00
307437031,de:12069:900220005:2:51,0.0,2026-10-02T01:01:04.695736+02:00
307437031,de:12069:900220004:2:51,0.0,2026-10-02T01:01:04.695736+02:00
307437031,de:12069:900220003:1:51,0.0,2026-10-02T01:01:04.695736+02:00
307437031,de:12069:900220006:2:51,0.0,2026-10-02T01:01:04.695736+02:00
307437031,de:12069:900220008:2:51,0.0,2026-10-02T01:01:04.695736+02:00
307437031,de:12054:900230001:2:51,0.0,2026-10-02T01:01:04.695736+02:00
307437031,de:11000:900053301:3:55,0.0,2026-10-02T01:01:04.695736+02:00
307437031,de:11000:900024101:1:51,0.0,2026-10-02T01:01:04.695736+02:00
307446358,de:14729:8013361,0.0,2026-10-02T01:01:04.695736+02:00
307446358,de:14729:8013362,0.0,2026-10-02T01:01:04.695736+02:00
307446358,de:14729:8011018,0.0,2026-10-02T01:01:04.695736+02:00
307446358,de:14729:8012284,0.0,2026-10-02T01:01:04.695736+02:00
307446358,de:14729:8011626,0.0,2026-10-02T01:01:04.695736+02:00
307446358,de:14729:8010059,0.0,2026-10-02T01:01:04.695736+02:00
307446358,de:14713:8011491,0.0,2026-10-02T01:01:04.695736+02:00
307446358,de:14713:8010008,0.0,2026-10-02T01:01:04.695736+02:00
307446358,de:14713:8012194,0.0,2026-10-02T01:01:04.695736+02:00
307446358,de:14713:8012343,0.0,2026-10-02T01:01:04.695736+02:00
307446358,de:14713:8012187,0.0,2026-10-02T01:01:04.695736+02:00
307446358,de:14713:8012184,0.0,2026-10-02T01:01:04.695736+02:00
307446358,de:14713:8012202,0.0,2026-10-02T01:01:04.695736+02:00
307446358,de:14713:8012186,0.0,2026-10-02T01:01:04.695736+02:00
307446358,de:14713:8098205,0.0,2026-10-02T01:01:04.695736+02:00
307446358,de:14713:8012196,0.0,2026-10-02T01:01:04.695736+02:00
307446358,000008012273,0.0,2026-10-02T01:01:04.695736+02:00
307446358,de:14713:8012195,0.0,2026-10-02T01:01:04.695736+02:00
307446358,de:14713:8012190,0.0,2026-10-02T01:01:04.695736+02:00
307446358,de:14730:8013093,0.0,2026-10-02T01:01:04.695736+02:00
307446358,de:14730:8012656,0.0,2026-10-02T01:01:04.695736+02:00
307446358,de:14730:8011959,0.0,2026-10-02T01:01:04.695736+02:00
307446358,de:14730:8010095,0.0,2026-10-02T01:01:04.695736+02:00
307446358,de:14730:8010161,0.0,2026-10-02T01:01:04.695736+02:00
307446358,de:14730:8011387,0.0,2026-10-02T01:01:04.695736+02:00
307446358,de:14730:8012371,0.0,2026-10-02T01:01:04.695736+02:00
307446358,de:14730:8010351,0.0,2026-10-02T01:01:04.695736+02:00
307446358,de:14730:8011131,0.0,2026-10-02T01:01:04.695736+02:00
307446358,de:12062:900416072:1:50,0.0,2026-10-02T01:01:04.695736+02:00
307446358,de:12062:900415345:5:56,0.0,2026-10-02T01:01:04.695736+02:00
295910118,de:11000:900024101:3:55,0.0,2026-10-02T01:01:04.695736+02:00
295910118,de:11000:900024203:1:51,-0.3,2026-10-02T01:01:04.695736+02:00
295910118,de:11000:900023201:3:54,-0.2,2026-10-02T01:01:04.695736+02:00
295910118,de:11000:900003103:1:50,-0.3,2026-10-02T01:01:04.695736+02:00
295910118,de:11000:900003102:1:50,-0.4,2026-10-02T01:01:04.695736+02:00
295910118,de:11000:900003201:3:54,0.0,2026-10-02T01:01:04.695736+02:00
295910118,de:11000:900100001:3:54,-0.6,2026-10-02T01:01:04.695736+02:00
295910118,de:11000:900100002:1:50,-0.9,2026-10-02T01:01:04.695736+02:00
295910118,de:11000:900100003:2:52,-0.6,2026-10-02T01:01:04.695736+02:00
295910118,de:11000:900100004:1:50,-0.9,2026-10-02T01:01:04.695736+02:00
295910118,de:11000:900120005:4:55,-0.1,2026-10-02T01:01:04.695736+02:00
295910118,de:11000:900120004:1:50,-0.1,2026-10-02T01:01:04.695736+02:00
295910118,de:11000:900120003:2:53,-0.4,2026-10-02T01:01:04.695736+02:00
295910118,de:11000:900160001:1:51,-0.4,2026-10-02T01:01:04.695736+02:00
295910118,de:11000:900160002:1:50,-0.7,2026-10-02T01:01:04.695736+02:00
295910118,de:11000:900162001:1:51,-0.3,2026-10-02T01:01:04.695736+02:00
295910118,de:11000:900180002:1:51,-0.3,2026-10-02T01:01:04.695736+02:00
295910118,de:11000:900180001:1:50,-0.7,2026-10-02T01:01:04.695736+02:00
295910118,de:11000:900182001:1:51,-0.2,2026-10-02T01:01:04.695736+02:00
295910118,de:11000:900182002:1:51,-0.4,2026-10-02T01:01:04.695736+02:00
295910118,de:11000:900183001:1:51,0.0,2026-10-02T01:01:04.695736+02:00
295910118,de:11000:900183002:1:51,-0.3,2026-10-02T01:01:04.695736+02:00
295910118,de:12067:900310004:3:52,-0.5,2026-10-02T01:01:04.695736+02:00
295910114,de:11000:900024101:3:55,0.0,2026-10-02T01:01:04.695736+02:00
295910114,de:11000:900024203:1:51,-0.3,2026-10-02T01:01:04.695736+02:00
295910114,de:11000:900023201:3:54,-0.2,2026-10-02T01:01:04.695736+02:00
295910114,de:11000:900003103:1:50,-0.3,2026-10-02T01:01:04.695736+02:00
295910114,de:11000:900003102:1:50,-0.4,2026-10-02T01:01:04.695736+02:00
295910114,de:11000:900003201:3:54,0.0,2026-10-02T01:01:04.695736+02:00
295910114,de:11000:900100001:3:54,-0.6,2026-10-02T01:01:04.695736+02:00
295910114,de:11000:900100002:1:50,-0.9,2026-10-02T01:01:04.695736+02:00
295910114,de:11000:900100003:2:52,-0.6,2026-10-02T01:01:04.695736+02:00
295910114,de:11000:900100004:1:50,-0.9,2026-10-02T01:01:04.695736+02:00
295910114,de:11000:900120005:4:55,-0.1,2026-10-02T01:01:04.695736+02:00
295910114,de:11000:900120004:1:50,-0.1,2026-10-02T01:01:04.695736+02:00
295910114,de:11000:900120003:2:53,-0.4,2026-10-02T01:01:04.695736+02:00
295910114,de:11000:900160001:1:51,-0.4,2026-10-02T01:01:04.695736+02:00
295910114,de:11000:900160002:1:50,-0.7,2026-10-02T01:01:04.695736+02:00
295910114,de:11000:900162001:1:51,-0.3,2026-10-02T01:01:04.695736+02:00
295910114,de:11000:900180002:1:51,-0.3,2026-10-02T01:01:04.695736+02:00
295910114,de:11000:900180001:1:50,-0.7,2026-10-02T01:01:04.695736+02:00
295910114,de:11000:900182001:1:51,-0.2,2026-10-02T01:01:04.695736+02:00
295910114,de:11000:900182002:1:51,-0.4,2026-10-02T01:01:04.695736+02:00
295910114,de:11000:900183001:1:51,0.0,2026-10-02T01:01:04.695736+02:00
295910114,de:11000:900183002:1:51,-0.3,2026-10-02T01:01:04.695736+02:00
295910114,de:12067:900310004:3:52,-0.5,2026-10-02T01:01:04.695736+02:00
307280595,de:11000:900020202:1:51,0.0,2026-10-02T01:01:04.695736+02:00
307280595,de:11000:900001201:1:51,-0.2,2026-10-02T01:01:04.695736+02:00
307280595,de:11000:900009104:1:51,-0.8,2026-10-02T01:01:04.695736+02:00
307280595,de:11000:900007102:2:52,-0.9,2026-10-02T01:01:04.695736+02:00
307280595,de:11000:900110001:1:50,-0.6,2026-10-02T01:01:04.695736+02:00
307280595,de:11000:900110002:1:50,-0.4,2026-10-02T01:01:04.695736+02:00
307280595,de:11000:900110003:1:50,-0.4,2026-10-02T01:01:04.695736+02:00
307280595,de:11000:900110004:1:50,-0.8,2026-10-02T01:01:04.695736+02:00
307280595,de:11000:900110012:1:50,-0.7,2026-10-02T01:01:04.695736+02:00
307280595,de:11000:900120001:1:50,-0.7,2026-10-02T01:01:04.695736+02:00
307280595,de:11000:900120003:5:58,-0.1,2026-10-02T01:01:04.695736+02:00
307280595,de:11000:900190001:1:50,-0.4,2026-10-02T01:01:04.695736+02:00
307280595,de:11000:900077106:1:50,-0.4,2026-10-02T01:01:04.695736+02:00
307280595,de:11000:900078201:1:50,-0.3,2026-10-02T01:01:04.695736+02:00
307280595,de:11000:900079221:1:50,-0.2,2026-10-02T01:01:04.695736+02:00
307280595,de:11000:900068201:1:50,-0.8,2026-10-02T01:01:04.695736+02:00
307280595,de:11000:900058101:5:58,-0.1,2026-10-02T01:01:04.695736+02:00
307280595,de:11000:900054104:2:52,-0.2,2026-10-02T01:01:04.695736+02:00
307280595,de:11000:900054105:1:50,-0.9,2026-10-02T01:01:04.695736+02:00
307280595,de:11000:900044202:1:50,-0.7,2026-10-02T01:01:04.695736+02:00
307280595,de:11000:900045102:1:50,-0.7,2026-10-02T01:01:04.695736+02:00
307280595,de:11000:900044101:1:50,-0.8,2026-10-02T01:01:04.695736+02:00
307280595,de:11000:900040101:1:50,-0.8,2026-10-02T01:01:04.695736+02:00
307280585,de:11000:900020202:1:51,0.0,2026-10-02T01:01:04.695736+02:00
307280585,de:11000:900001201:1:51,-0.2,2026-10-02T01:01:04.695736+02:00
307280585,de:11000:900009104:1:51,-0.8,2026-10-02T01:01:04.695736+02:00
307280585,de:11000:900007102:2:52,-0.9,2026-10-02T01:01:04.695736+02:00
307280585,de:11000:900110001:1:50,-0.6,2026-10-02T01:01:04.695736+02:00
307280585,de:11000:900110002:1:50,-0.4,2026-10-02T01:01:04.695736+02:00
307280585,de:11000:900110003:1:50,-0.4,2026-10-02T01:01:04.695736+02:00
307280585,de:11000:900110004:1:50,-0.8,2026-10-02T01:01:04.695736+02:00
307280585,de:11000:900110012:1:50,-0.7,2026-10-02T01:01:04.695736+02:00
307280585,de:11000:900120001:1:50,-0.7,2026-10-02T01:01:04.695736+02:00
307280585,de:11000:900120003:5:58,-0.1,2026-10-02T01:01:04.695736+02:00
307280585,de:11000:900190001:1:50,-0.4,2026-10-02T01:01:04.695736+02:00
307280585,de:11000:900077106:1:50,-0.4,2026-10-02T01:01:04.695736+02:00
307280585,de:11000:900078201:1:50,-0.3,2026-10-02T01:01:04.695736+02:00
307280585,de:11000:900079221:1:50,-0.2,2026-10-02T01:01:04.695736+02:00
307280585,de:11000:900068201:1:50,-0.8,2026-10-02T01:01:04.695736+02:00
307280585,de:11000:900058101:5:58,-0.1,2026-10-02T01:01:04.695736+02:00
307280585,de:11000:900054104:2:52,-0.2,2026-10-02T01:01:04.695736+02:00
307280585,de:11000:900054105:1:50,-0.9,2026-10-02T01:01:04.695736+02:00
307280585,de:11000:900044202:1:50,-0.7,2026-10-02T01:01:04.695736+02:00
307280585,de:11000:900045102:1:50,-0.7,2026-10-02T01:01:04.695736+02:00
307280585,de:11000:900044101:1:50,-0.8,2026-10-02T01:01:04.695736+02:00
307280585,de:11000:900040101:1:50,-0.8,2026-10-02T01:01:04.695736+02:00
307283061,de:11000:900009104:1:51,0.0,2026-10-02T01:01:04.695736+02:00
307283061,de:11000:900007102:2:52,-0.9,2026-10-02T01:01:04.695736+02:00
307283061,de:11000:900110001:1:50,-0.6,2026-10-02T01:01:04.695736+02:00
307283061,de:11000:900110002:1:50,-0.4,2026-10-02T01:01:04.695736+02:00
307283061,de:11000:900110003:1:50,-0.4,2026-10-02T01:01:04.695736+02:00
307283061,de:11000:900110004:1:50,-0.8,2026-10-02T01:01:04.695736+02:00
307283061,de:11000:900110012:1:50,-0.7,2026-10-02T01:01:04.695736+02:00
307283061,de:11000:900120001:1:50,-0.7,2026-10-02T01:01:04.695736+02:00
307283061,de:11000:900120003:5:58,-0.1,2026-10-02T01:01:04.695736+02:00
307283061,de:11000:900190001:1:50,-0.4,2026-10-02T01:01:04.695736+02:00
307283061,de:11000:900077106:1:50,-0.4,2026-10-02T01:01:04.695736+02:00
307283061,de:11000:900078201:1:50,-0.3,2026-10-02T01:01:04.695736+02:00
307283061,de:11000:900079221:1:50,-0.2,2026-10-02T01:01:04.695736+02:00
307283041,de:11000:900009104:1:51,0.0,2026-10-02T01:01:04.695736+02:00
307283041,de:11000:900007102:2:52,-0.9,2026-10-02T01:01:04.695736+02:00
307283041,de:11000:900110001:1:50,-0.6,2026-10-02T01:01:04.695736+02:00
307283041,de:11000:900110002:1:50,-0.4,2026-10-02T01:01:04.695736+02:00
307283041,de:11000:900110003:1:50,-0.4,2026-10-02T01:01:04.695736+02:00
307283041,de:11000:900110004:1:50,-0.8,2026-10-02T01:01:04.695736+02:00
307283041,de:11000:900110012:1:50,-0.7,2026-10-02T01:01:04.695736+02:00
307283041,de:11000:900120001:1:50,-0.7,2026-10-02T01:01:04.695736+02:00
307283041,de:11000:900120003:5:58,-0.1,2026-10-02T01:01:04.695736+02:00
307283041,de:11000:900190001:1:50,-0.4,2026-10-02T01:01:04.695736+02:00
307283041,de:11000:900077106:1:50,-0.4,2026-10-02T01:01:04.695736+02:00
307283041,de:11000:900078201:1:50,-0.3,2026-10-02T01:01:04.695736+02:00
307283041,de:11000:900079221:1:50,-0.2,2026-10-02T01:01:04.695736+02:00
307286689,de:11000:900040101:1:50,0.0,2026-10-02T01:01:04.695736+02:00
307286689,de:11000:900044101:1:50,-0.8,2026-10-02T01:01:04.695736+02:00
307286689,de:11000:900045102:1:51,-0.9,2026-10-02T01:01:04.695736+02:00
307286689,de:11000:900044202:1:51,-0.9,2026-10-02T01:01:04.695736+02:00
307286689,de:11000:900054105:1:51,-0.7,2026-10-02T01:01:04.695736+02:00
307286689,de:11000:900054104:2:53,-0.3,2026-10-02T01:01:04.695736+02:00
307286689,de:11000:900058101:5:59,-0.2,2026-10-02T01:01:04.695736+02:00
307286689,de:11000:900068201:1:51,-0.8,2026-10-02T01:01:04.695736+02:00
307286689,de:11000:900079221:1:51,-0.4,2026-10-02T01:01:04.695736+02:00
307286689,de:11000:900078201:1:51,-0.1,2026-10-02T01:01:04.695736+02:00
307286689,de:11000:900077106:1:51,0.0,2026-10-02T01:01:04.695736+02:00
307286689,de:11000:900190001:2:52,-0.9,2026-10-02T01:01:04.695736+02:00
307286689,de:11000:900120003:5:59,-0.4,2026-10-02T01:01:04.695736+02:00
307286689,de:11000:900120001:1:51,0.0,2026-10-02T01:01:04.695736+02:00
307286689,de:11000:900110012:1:51,-0.2,2026-10-02T01:01:04.695736+02:00
307286689,de:11000:900110004:1:51,-0.1,2026-10-02T01:01:04.695736+02:00
307286689,de:11000:900110003:1:51,-0.4,2026-10-02T01:01:04.695736+02:00
307286689,de:11000:900110002:1:51,-0.4,2026-10-02T01:01:04.695736+02:00
307286689,de:11000:900110001:1:51,-0.1,2026-10-02T01:01:04.695736+02:00
307286689,de:11000:900007102:1:51,-0.6,2026-10-02T01:01:04.695736+02:00
307286689,de:11000:900009104:1:50,-0.8,2026-10-02T01:01:04.695736+02:00
307286689,de:11000:900001201:1:50,-0.3,2026-10-02T01:01:04.695736+02:00
307286689,de:11000:900020202:1:50,-0.1,2026-10-02T01:01:04.695736+02:00
307289039,de:11000:900079221:1:51,0.0,2026-10-02T01:01:04.695736+02:00
307289039,de:11000:900078201:1:51,-0.1,2026-10-02T01:01:04.695736+02:00
307289039,de:11000:900077106:1:51,0.0,2026-10-02T01:01:04.695736+02:00
307289039,de:11000:900190001:2:52,-0.9,2026-10-02T01:01:04.695736+02:00
307289039,de:11000:900120003:5:59,-0.4,2026-10-02T01:01:04.695736+02:00
307289039,de:11000:900120001:1:51,0.0,2026-10-02T01:01:04.695736+02:00
307289039,de:11000:900110012:1:51,-0.2,2026-10-02T01:01:04.695736+02:00
307289039,de:11000:900110004:1:51,-0.1,2026-10-02T01:01:04.695736+02:00
307289039,de:11000:900110003:1:51,-0.4,2026-10-02T01:01:04.695736+02:00
307289039,de:11000:900110002:1:51,-0.4,2026-10-02T01:01:04.695736+02:00
307289039,de:11000:900110001:1:51,-0.1,2026-10-02T01:01:04.695736+02:00
307289039,de:11000:900007102:1:51,-0.6,2026-10-02T01:01:04.695736+02:00
307289039,de:11000:900009104:1:51,-0.3,2026-10-02T01:01:04.695736+02:00
307292244,de:11000:900044202:1:51,0.0,2026-10-02T01:01:04.695736+02:00
307292244,de:11000:900054105:1:51,-0.2,2026-10-02T01:01:04.695736+02:00
307292244,de:11000:900054104:2:53,-0.8,2026-10-02T01:01:04.695736+02:00
307292244,de:11000:900058101:5:59,-0.7,2026-10-02T01:01:04.695736+02:00
307292244,de:11000:900068201:1:51,-0.3,2026-10-02T01:01:04.695736+02:00
307292244,de:11000:900079221:1:51,-0.9,2026-10-02T01:01:04.695736+02:00
307292244,de:11000:900078201:1:51,-0.6,2026-10-02T01:01:04.695736+02:00
307292244,de:11000:900077155:1:51,-0.2,2026-10-02T01:01:04.695736+02:00
307292244,de:11000:900191001:2:51,-0.7,2026-10-02T01:01:04.695736+02:00
307292244,de:11000:900192001:2:52,-0.7,2026-10-02T01:01:04.695736+02:00
307292244,de:11000:900193001:1:50,-0.2,2026-10-02T01:01:04.695736+02:00
307292244,de:11000:900193002:1:50,-0.8,2026-10-02T01:01:04.695736+02:00
307292244,de:11000:900186001:1:50,-0.8,2026-10-02T01:01:04.695736+02:00
307292244,de:12061:900260004:1:50,-0.2,2026-10-02T01:01:04.695736+02:00
307292244,de:12061:900260003:1:50,-0.4,2026-10-02T01:01:04.695736+02:00
307292244,de:12061:900260002:1:51,-0.2,2026-10-02T01:01:04.695736+02:00
307292244,de:12061:900260001:2:52,-0.2,2026-10-02T01:01:04.695736+02:00
307292653,de:12061:900260001:2:52,0.0,2026-10-02T01:01:04.695736+02:00
307292653,de:12061:900260002:1:51,-0.8,2026-10-02T01:01:04.695736+02:00
307292653,de:12061:900260003:1:51,-0.7,2026-10-02T01:01:04.695736+02:00
307292653,de:12061:900260004:1:51,-0.9,2026-10-02T01:01:04.695736+02:00
307292653,de:11000:900186001:2:53,-0.2,2026-10-02T01:01:04.695736+02:00
307292653,de:11000:900193002:1:51,-0.2,2026-10-02T01:01:04.695736+02:00
307292653,de:11000:900193001:2:51,-0.8,2026-10-02T01:01:04.695736+02:00
307292653,de:11000:900192001:3:55,-0.7,2026-10-02T01:01:04.695736+02:00
307292653,de:11000:900191001:1:50,-0.4,2026-10-02T01:01:04.695736+02:00
307292653,de:11000:900077155:1:50,-0.9,2026-10-02T01:01:04.695736+02:00
307292653,de:11000:900078201:1:50,-0.4,2026-10-02T01:01:04.695736+02:00
307292653,de:11000:900079221:1:50,-0.2,2026-10-02T01:01:04.695736+02:00
307292653,de:11000:900068201:1:50,-0.8,2026-10-02T01:01:04.695736+02:00
307292653,de:11000:900058101:5:58,-0.1,2026-10-02T01:01:04.695736+02:00
307292653,de:11000:900054104:2:52,-0.2,2026-10-02T01:01:04.695736+02:00
307292653,de:11000:900054105:1:50,-0.9,2026-10-02T01:01:04.695736+02:00
307292653,de:11000:900044202:1:50,-0.7,2026-10-02T01:01:04.695736+02:00
295933071,de:11000:900180003:1:50,0.0,2026-10-02T01:01:04.695736+02:00
295933071,de:11000:900192002:1:50,-0.4,2026-10-02T01:01:04.695736+02:00
295933071,de:11000:900192001:3:55,-0.2,2026-10-02T01:01:04.695736+02:00
295933071,de:11000:900191001:1:50,-0.9,2026-10-02T01:01:04.695736+02:00
295933071,de:11000:900077155:1:50,-0.4,2026-10-02T01:01:04.695736+02:00
295933071,de:11000:900078201:1:50,-0.9,2026-10-02T01:01:04.695736+02:00
295933071,de:11000:900079221:1:50,-0.7,2026-10-02T01:01:04.695736+02:00
295933071,de:11000:900068201:1:50,-0.3,2026-10-02T01:01:04.695736+02:00
295933071,de:11000:900058101:5:58,-0.6,2026-10-02T01:01:04.695736+02:00
295933074,de:11000:900180003:1:50,0.0,2026-10-02T01:01:04.695736+02:00
295933074,de:11000:900192002:1:50,-0.4,2026-10-02T01:01:04.695736+02:00
295933074,de:11000:900192001:3:54,-0.2,2026-10-02T01:01:04.695736+02:00
295933074,de:11000:900191001:1:50,-0.9,2026-10-02T01:01:04.695736+02:00
295933074,de:11000:900077155:1:50,-0.4,2026-10-02T01:01:04.695736+02:00
295933074,de:11000:900078201:1:50,-0.9,2026-10-02T01:01:04.695736+02:00
295933074,de:11000:900079221:1:50,-0.7,2026-10-02T01:01:04.695736+02:00
295933074,de:11000:900068201:1:50,-0.3,2026-10-02T01:01:04.695736+02:00
295933074,de:11000:900058101:5:58,-0.6,2026-10-02T01:01:04.695736+02:00
306896135,de:12067:900310554::1,0.0,2026-10-02T01:01:04.695736+02:00
306896135,de:12067:900310013::3,0.0,2026-10-02T01:01:04.695736+02:00
306896135,de:12067:900310563::3,0.0,2026-10-02T01:01:04.695736+02:00
306896135,de:12067:900310559::1,0.0,2026-10-02T01:01:04.695736+02:00
306896135,de:12067:900310558::1,0.0,2026-10-02T01:01:04.695736+02:00
306896135,de:12067:900310556::1,0.0,2026-10-02T01:01:04.695736+02:00
306896135,de:12067:900310621::1,0.0,2026-10-02T01:01:04.695736+02:00
306896135,de:12067:900310568::1,0.0,2026-10-02T01:01:04.695736+02:00
306896135,de:12067:900310955::1,0.0,2026-10-02T01:01:04.695736+02:00
306896135,de:12067:900310949::2,0.0,2026-10-02T01:01:04.695736+02:00
306896135,de:12067:900310951::1,0.0,2026-10-02T01:01:04.695736+02:00
306896135,de:12067:900310956::1,0.0,2026-10-02T01:01:04.695736+02:00
306896135,de:12067:900310954::1,0.0,2026-10-02T01:01:04.695736+02:00
306896135,de:12067:900310953::1,0.0,2026-10-02T01:01:04.695736+02:00
306896135,de:12067:900311042::1,0.0,2026-10-02T01:01:04.695736+02:00
306896135,de:12067:900311043::1,0.0,2026-10-02T01:01:04.695736+02:00
307301974,de:11000:900024102:2:52,0.0,2026-10-02T01:01:04.695736+02:00
307301974,de:11000:900024101:3:55,-0.8,2026-10-02T01:01:04.695736+02:00
307301974,de:11000:900024203:1:51,-0.8,2026-10-02T01:01:04.695736+02:00
307301974,de:11000:900023201:3:54,-0.7,2026-10-02T01:01:04.695736+02:00
307301974,de:11000:900003103:1:50,-0.8,2026-10-02T01:01:04.695736+02:00
307301974,de:11000:900003102:1:50,-0.9,2026-10-02T01:01:04.695736+02:00
307301974,de:11000:900003201:3:54,-0.5,2026-10-02T01:01:04.695736+02:00
307301974,de:11000:900100001:3:54,-0.1,2026-10-02T01:01:04.695736+02:00
307301974,de:11000:900100002:1:50,-0.4,2026-10-02T01:01:04.695736+02:00
307301974,de:11000:900100003:2:52,-0.1,2026-10-02T01:01:04.695736+02:00
307301974,de:11000:900100004:1:50,-0.4,2026-10-02T01:01:04.695736+02:00
307301974,de:11000:900120005:4:55,-0.6,2026-10-02T01:01:04.695736+02:00
307301974,de:11000:900120004:1:50,-0.1,2026-10-02T01:01:04.695736+02:00
307301974,de:11000:900120003:2:53,-0.4,2026-10-02T01:01:04.695736+02:00
307301974,de:11000:900160003:1:50,-0.7,2026-10-02T01:01:04.695736+02:00
307301974,de:11000:900160004:1:50,-0.7,2026-10-02T01:01:04.695736+02:00
307301974,de:11000:900171002:1:50,-0.2,2026-10-02T01:01:04.695736+02:00
307301974,de:11000:900171001:2:51,-0.3,2026-10-02T01:01:04.695736+02:00
307301974,de:11000:900175001:2:51,-0.5,2026-10-02T01:01:04.695736+02:00
307301974,de:11000:900175002:1:51,0.0,2026-10-02T01:01:04.695736+02:00
307301974,de:11000:900176001:2:53,-0.3,2026-10-02T01:01:04.695736+02:00
307301974,de:12064:900320026:1:51,-0.1,2026-10-02T01:01:04.695736+02:00
307301974,de:12064:900320008:1:50,-0.7,2026-10-02T01:01:04.695736+02:00
307301974,de:12064:900320007:1:50,-0.4,2026-10-02T01:01:04.695736+02:00
307301974,de:12064:900320006:1:50,-0.8,2026-10-02T01:01:04.695736+02:00
307301974,de:12064:900320005:1:50,-0.2,2026-10-02T01:01:04.695736+02:00
307301974,de:12064:900320004:2:51,-0.9,2026-10-02T01:01:04.695736+02:00
307301974,de:12064:900320003:1:50,-0.8,2026-10-02T01:01:04.695736+02:00
307301974,de:12064:900320002:1:50,-0.5,2026-10-02T01:01:04.695736+02:00
307301974,de:12064:900320001:1:50,-0.2,2026-10-02T01:01:04.695736+02:00
307302005,de:11000:900024102:2:52,0.0,2026-10-02T01:01:04.695736+02:00
307302005,de:11000:900024101:3:55,-0.8,2026-10-02T01:01:04.695736+02:00
307302005,de:11000:900024203:1:51,-0.8,2026-10-02T01:01:04.695736+02:00
307302005,de:11000:900023201:3:54,-0.7,2026-10-02T01:01:04.695736+02:00
307302005,de:11000:900003103:1:50,-0.8,2026-10-02T01:01:04.695736+02:00
307302005,de:11000:900003102:1:50,-0.9,2026-10-02T01:01:04.695736+02:00
307302005,de:11000:900003201:3:54,-0.5,2026-10-02T01:01:04.695736+02:00
307302005,de:11000:900100001:3:54,-0.1,2026-10-02T01:01:04.695736+02:00
307302005,de:11000:900100002:1:50,-0.4,2026-10-02T01:01:04.695736+02:00
307302005,de:11000:900100003:2:52,-0.1,2026-10-02T01:01:04.695736+02:00
307302005,de:11000:900100004:1:50,-0.4,2026-10-02T01:01:04.695736+02:00
307302005,de:11000:900120005:4:55,-0.6,2026-10-02T01:01:04.695736+02:00
307302005,de:11000:900120004:1:50,-0.1,2026-10-02T01:01:04.695736+02:00
307302005,de:11000:900120003:2:53,-0.4,2026-10-02T01:01:04.695736+02:00
307302005,de:11000:900160003:1:50,-0.7,2026-10-02T01:01:04.695736+02:00
307302005,de:11000:900160004:1:50,-0.7,2026-10-02T01:01:04.695736+02:00
307302005,de:11000:900171002:1:50,-0.2,2026-10-02T01:01:04.695736+02:00
307302005,de:11000:900171001:2:51,-0.3,2026-10-02T01:01:04.695736+02:00
307302005,de:11000:900175001:2:51,-0.5,2026-10-02T01:01:04.695736+02:00
307302005,de:11000:900175002:1:51,0.0,2026-10-02T01:01:04.695736+02:00
307302005,de:11000:900176001:2:52,-0.3,2026-10-02T01:01:04.695736+02:00
307302005,de:12064:900320026:1:51,-0.1,2026-10-02T01:01:04.695736+02:00
307302005,de:12064:900320008:1:50,-0.7,2026-10-02T01:01:04.695736+02:00
307302005,de:12064:900320007:1:50,-0.4,2026-10-02T01:01:04.695736+02:00
307302005,de:12064:900320006:1:50,-0.8,2026-10-02T01:01:04.695736+02:00
307302005,de:12064:900320005:1:50,-0.2,2026-10-02T01:01:04.695736+02:00
307302005,de:12064:900320004:2:51,-0.9,2026-10-02T01:01:04.695736+02:00
307302005,de:12064:900320003:1:50,-0.8,2026-10-02T01:01:04.695736+02:00
307302005,de:12064:900320002:1:50,-0.5,2026-10-02T01:01:04.695736+02:00
307302005,de:12064:900320001:1:50,-0.2,2026-10-02T01:01:04.695736+02:00
295940789,de:11000:900176001:1:50,0.0,2026-10-02T01:01:04.695736+02:00
295940789,de:11000:900175002:1:50,-0.7,2026-10-02T01:01:04.695736+02:00
295940789,de:11000:900175001:1:50,-0.6,2026-10-02T01:01:04.695736+02:00
295940789,de:11000:900171001:1:50,-0.3,2026-10-02T01:01:04.695736+02:00
295940789,de:11000:900171002:1:51,-0.4,2026-10-02T01:01:04.695736+02:00
295940789,de:11000:900160004:1:51,-0.8,2026-10-02T01:01:04.695736+02:00
295940789,de:11000:900160003:1:51,-0.8,2026-10-02T01:01:04.695736+02:00
295940789,de:11000:900120003:3:54,-0.9,2026-10-02T01:01:04.695736+02:00
295940789,de:11000:900120004:2:52,-0.6,2026-10-02T01:01:04.695736+02:00
295940789,de:11000:900120005:5:57,-0.9,2026-10-02T01:01:04.695736+02:00
295940769,de:11000:900120005:4:56,0.0,2026-10-02T01:01:04.695736+02:00
295940769,de:11000:900120004:1:51,-0.1,2026-10-02T01:01:04.695736+02:00
295940769,de:11000:900120003:2:52,-0.4,2026-10-02T01:01:04.695736+02:00
295940769,de:11000:900160003:1:50,-0.7,2026-10-02T01:01:04.695736+02:00
295940769,de:11000:900160004:1:50,-0.7,2026-10-02T01:01:04.695736+02:00
295940769,de:11000:900171002:1:50,-0.2,2026-10-02T01:01:04.695736+02:00
295940769,de:11000:900171001:2:51,-0.3,2026-10-02T01:01:04.695736+02:00
295940769,de:11000:900175001:2:51,-0.5,2026-10-02T01:01:04.695736+02:00
295940769,de:11000:900175002:1:51,0.0,2026-10-02T01:01:04.695736+02:00
295940769,de:11000:900176001:1:50,-0.7,2026-10-02T01:01:04.695736+02:00
295940780,de:11000:900176001:1:50,0.0,2026-10-02T01:01:04.695736+02:00
295940780,de:11000:900175002:1:50,-0.7,2026-10-02T01:01:04.695736+02:00
295940780,de:11000:900175001:1:50,-0.6,2026-10-02T01:01:04.695736+02:00
295940780,de:11000:900171001:1:50,-0.3,2026-10-02T01:01:04.695736+02:00
295940780,de:11000:900171002:1:51,-0.4,2026-10-02T01:01:04.695736+02:00
295940780,de:11000:900160004:1:51,-0.8,2026-10-02T01:01:04.695736+02:00
295940780,de:11000:900160003:1:51,-0.8,2026-10-02T01:01:04.695736+02:00
295940780,de:11000:900120003:3:54,-0.9,2026-10-02T01:01:04.695736+02:00
295940780,de:11000:900120004:2:52,-0.6,2026-10-02T01:01:04.695736+02:00
295940780,de:11000:900120005:5:57,-0.9,2026-10-02T01:01:04.695736+02:00
295942239,de:11000:900176001:2:52,0.0,2026-10-02T01:01:04.695736+02:00
295942239,de:11000:900175002:1:50,-0.7,2026-10-02T01:01:04.695736+02:00
295942239,de:11000:900175001:1:50,-0.6,2026-10-02T01:01:04.695736+02:00
295942239,de:11000:900171001:1:50,-0.3,2026-10-02T01:01:04.695736+02:00
295942239,de:11000:900171002:1:51,-0.4,2026-10-02T01:01:04.695736+02:00
295942239,de:11000:900160004:1:51,-0.8,2026-10-02T01:01:04.695736+02:00
295942239,de:11000:900160003:1:51,-0.8,2026-10-02T01:01:04.695736+02:00
295942239,de:11000:900120003:3:54,-0.9,2026-10-02T01:01:04.695736+02:00
295942239,de:11000:900120004:2:52,-0.1,2026-10-02T01:01:04.695736+02:00
295942235,de:11000:900176001:1:50,0.0,2026-10-02T01:01:04.695736+02:00
295942235,de:11000:900175002:1:50,-0.7,2026-10-02T01:01:04.695736+02:00
295942235,de:11000:900175001:1:50,-0.6,2026-10-02T01:01:04.695736+02:00
295942235,de:11000:900171001:1:50,-0.3,2026-10-02T01:01:04.695736+02:00
295942235,de:11000:900171002:1:51,-0.4,2026-10-02T01:01:04.695736+02:00
295942235,de:11000:900160004:1:51,-0.8,2026-10-02T01:01:04.695736+02:00
295942235,de:11000:900160003:1:51,-0.8,2026-10-02T01:01:04.695736+02:00
295942235,de:11000:900120003:3:54,-0.9,2026-10-02T01:01:04.695736+02:00
295942235,de:11000:900120004:2:52,-0.1,2026-10-02T01:01:04.695736+02:00
295940223,de:11000:900024102:2:52,0.0,2026-10-02T01:01:04.695736+02:00
295940223,de:11000:900024101:3:54,-0.8,2026-10-02T01:01:04.695736+02:00
295940223,de:11000:900024203:1:51,-0.8,2026-10-02T01:01:04.695736+02:00
295940223,de:11000:900023201:3:54,-0.7,2026-10-02T01:01:04.695736+02:00
295940223,de:11000:900003103:1:50,-0.8,2026-10-02T01:01:04.695736+02:00
295940223,de:11000:900003102:1:50,-0.9,2026-10-02T01:01:04.695736+02:00
295940223,de:11000:900003201:3:54,-0.5,2026-10-02T01:01:04.695736+02:00
295940223,de:11000:900100001:3:54,-0.1,2026-10-02T01:01:04.695736+02:00
295940223,de:11000:900100002:1:50,-0.4,2026-10-02T01:01:04.695736+02:00
295940223,de:11000:900100003:2:52,-0.1,2026-10-02T01:01:04.695736+02:00
295940223,de:11000:900100004:1:50,-0.4,2026-10-02T01:01:04.695736+02:00
295940223,de:11000:900120005:4:55,-0.6,2026-10-02T01:01:04.695736+02:00
295940223,de:11000:900120004:1:50,-0.1,2026-10-02T01:01:04.695736+02:00
295940223,de:11000:900120003:2:53,-0.4,2026-10-02T01:01:04.695736+02:00
295940223,de:11000:900160003:1:50,-0.7,2026-10-02T01:01:04.695736+02:00
295940223,de:11000:900160004:1:50,-0.7,2026-10-02T01:01:04.695736+02:00
295940223,de:11000:900171002:1:50,-0.2,2026-10-02T01:01:04.695736+02:00
295940223,de:11000:900171001:2:51,-0.3,2026-10-02T01:01:04.695736+02:00
295940223,de:11000:900175001:2:51,-0.5,2026-10-02T01:01:04.695736+02:00
295940223,de:11000:900175002:1:51,0.0,2026-10-02T01:01:04.695736+02:00
295940223,de:11000:900176001:1:50,-0.7,2026-10-02T01:01:04.695736+02:00
295940310,de:11000:900176001:1:50,0.0,2026-10-02T01:01:04.695736+02:00
295940310,de:11000:900175002:1:50,-0.7,2026-10-02T01:01:04.695736+02:00
295940310,de:11000:900175001:1:50,-0.6,2026-10-02T01:01:04.695736+02:00
295940310,de:11000:900171001:1:50,-0.3,2026-10-02T01:01:04.695736+02:00
295940310,de:11000:900171002:1:51,-0.4,2026-10-02T01:01:04.695736+02:00
295940310,de:11000:900160004:1:51,-0.8,2026-10-02T01:01:04.695736+02:00
295940310,de:11000:900160003:1:51,-0.9,2026-10-02T01:01:04.695736+02:00
295940310,de:11000:900120003:3:55,-0.1,2026-10-02T01:01:04.695736+02:00
295940310,de:11000:900120004:2:53,-0.6,2026-10-02T01:01:04.695736+02:00
295940310,de:11000:900120005:5:58,-0.9,2026-10-02T01:01:04.695736+02:00
295940310,de:11000:900100004:1:51,-0.4,2026-10-02T01:01:04.695736+02:00
295940310,de:11000:900100003:2:53,-0.4,2026-10-02T01:01:04.695736+02:00
295940310,de:11000:900100002:1:51,-0.4,2026-10-02T01:01:04.695736+02:00
295940310,de:11000:900100001:3:55,-0.4,2026-10-02T01:01:04.695736+02:00
295940310,de:11000:900003201:3:55,-0.1,2026-10-02T01:01:04.695736+02:00
295940310,de:11000:900003102:1:51,-0.8,2026-10-02T01:01:04.695736+02:00
295940310,de:11000:900003103:1:51,-0.9,2026-10-02T01:01:04.695736+02:00
295940310,de:11000:900023201:3:55,-0.8,2026-10-02T01:01:04.695736+02:00
295940310,de:11000:900024203:1:51,-0.8,2026-10-02T01:01:04.695736+02:00
295940310,de:11000:900024101:4:57,-0.8,2026-10-02T01:01:04.695736+02:00
295940310,de:11000:900024102:1:51,-0.1,2026-10-02T01:01:04.695736+02:00
295940306,de:11000:900176001:1:50,0.0,2026-10-02T01:01:04.695736+02:00
295940306,de:11000:900175002:1:50,-0.7,2026-10-02T01:01:04.695736+02:00
295940306,de:11000:900175001:1:50,-0.6,2026-10-02T01:01:04.695736+02:00
295940306,de:11000:900171001:1:50,-0.3,2026-10-02T01:01:04.695736+02:00
295940306,de:11000:900171002:1:51,-0.4,2026-10-02T01:01:04.695736+02:00
295940306,de:11000:900160004:1:51,-0.8,2026-10-02T01:01:04.695736+02:00
295940306,de:11000:900160003:1:51,-0.9,2026-10-02T01:01:04.695736+02:00
295940306,de:11000:900120003:3:55,-0.1,2026-10-02T01:01:04.695736+02:00
295940306,de:11000:900120004:2:53,-0.6,2026-10-02T01:01:04.695736+02:00
295940306,de:11000:900120005:5:58,-0.9,2026-10-02T01:01:04.695736+02:00
295940306,de:11000:900100004:1:51,-0.4,2026-10-02T01:01:04.695736+02:00
295940306,de:11000:900100003:2:53,-0.4,2026-10-02T01:01:04.695736+02:00
295940306,de:11000:900100002:1:51,-0.4,2026-10-02T01:01:04.695736+02:00
295940306,de:11000:900100001:3:55,-0.4,2026-10-02T01:01:04.695736+02:00
295940306,de:11000:900003201:3:55,-0.1,2026-10-02T01:01:04.695736+02:00
295940306,de:11000:900003102:1:51,-0.8,2026-10-02T01:01:04.695736+02:00
295940306,de:11000:900003103:1:51,-0.9,2026-10-02T01:01:04.695736+02:00
295940306,de:11000:900023201:3:55,-0.8,2026-10-02T01:01:04.695736+02:00
295940306,de:11000:900024203:1:51,-0.8,2026-10-02T01:01:04.695736+02:00
295940306,de:11000:900024101:4:57,-0.8,2026-10-02T01:01:04.695736+02:00
295940306,de:11000:900024102:1:51,-0.1,2026-10-02T01:01:04.695736+02:00
295940247,de:12064:900320008:1:51,0.0,2026-10-02T01:01:04.695736+02:00
295940247,de:12064:900320026:1:50,-0.3,2026-10-02T01:01:04.695736+02:00
295940247,de:11000:900176001:1:51,-0.7,2026-10-02T01:01:04.695736+02:00
295940247,de:11000:900175002:1:50,-0.7,2026-10-02T01:01:04.695736+02:00
295940247,de:11000:900175001:1:50,-0.6,2026-10-02T01:01:04.695736+02:00
295940247,de:11000:900171001:1:50,-0.3,2026-10-02T01:01:04.695736+02:00
295940247,de:11000:900171002:1:51,-0.4,2026-10-02T01:01:04.695736+02:00
295940247,de:11000:900160004:1:51,-0.8,2026-10-02T01:01:04.695736+02:00
295940247,de:11000:900160003:1:51,-0.9,2026-10-02T01:01:04.695736+02:00
295940247,de:11000:900120003:3:55,-0.1,2026-10-02T01:01:04.695736+02:00
295940247,de:11000:900120004:2:53,-0.6,2026-10-02T01:01:04.695736+02:00
295940247,de:11000:900120005:5:58,-0.9,2026-10-02T01:01:04.695736+02:00
295940247,de:11000:900100004:1:51,-0.4,2026-10-02T01:01:04.695736+02:00
295940247,de:11000:900100003:2:53,-0.4,2026-10-02T01:01:04.695736+02:00
295940247,de:11000:900100002:1:51,-0.4,2026-10-02T01:01:04.695736+02:00
295940247,de:11000:900100001:3:55,-0.4,2026-10-02T01:01:04.695736+02:00
295940247,de:11000:900003201:3:55,-0.1,2026-10-02T01:01:04.695736+02:00
295940247,de:11000:900003102:1:51,-0.8,2026-10-02T01:01:04.695736+02:00
295940247,de:11000:900003103:1:51,-0.9,2026-10-02T01:01:04.695736+02:00
295940247,de:11000:900023201:3:55,-0.8,2026-10-02T01:01:04.695736+02:00
295940247,de:11000:900024203:1:51,-0.8,2026-10-02T01:01:04.695736+02:00
295940247,de:11000:900024101:4:57,-0.8,2026-10-02T01:01:04.695736+02:00
295940247,de:11000:900024102:1:51,-0.1,2026-10-02T01:01:04.695736+02:00
306897031,de:12067:900311308::6,0.0,2026-10-02T01:01:04.695736+02:00
306897031,de:12067:900311376::1,0.0,2026-10-02T01:01:04.695736+02:00
306897031,de:12067:900311377::1,0.0,2026-10-02T01:01:04.695736+02:00
306897031,de:12067:900311349::1,0.0,2026-10-02T01:01:04.695736+02:00
306897031,de:12067:900311336::1,0.0,2026-10-02T01:01:04.695736+02:00
306897031,de:12067:900311352::1,0.0,2026-10-02T01:01:04.695736+02:00
306897031,de:12067:900311354::1,0.0,2026-10-02T01:01:04.695736+02:00
306897031,de:12067:900311320::2,0.0,2026-10-02T01:01:04.695736+02:00
306897031,de:12067:900311305::2,0.0,2026-10-02T01:01:04.695736+02:00
306897031,de:12067:900311383::6,0.0,2026-10-02T01:01:04.695736+02:00
306897031,de:12067:900311300::1,0.0,2026-10-02T01:01:04.695736+02:00
306897031,de:12067:900311328::1,0.0,2026-10-02T01:01:04.695736+02:00
306897031,de:12067:900311330::1,0.0,2026-10-02T01:01:04.695736+02:00
307420179,de:12073:900340027:1:50,0.0,2026-10-02T01:01:04.695736+02:00
307420179,de:12073:900340026:1:50,0.0,2026-10-02T01:01:04.695736+02:00
307420179,de:12073:900340353:1:50,0.0,2026-10-02T01:01:04.695736+02:00
307420179,de:12065:900203956:1:50,0.0,2026-10-02T01:01:04.695736+02:00
307420179,de:12065:900203898:1:50,0.0,2026-10-02T01:01:04.695736+02:00
307420179,de:12065:900203853:2:51,0.0,2026-10-02T01:01:04.695736+02:00
307420179,de:12065:900203942:1:50,0.0,2026-10-02T01:01:04.695736+02:00
307420179,de:12065:900203780:2:52,0.0,2026-10-02T01:01:04.695736+02:00
307420179,de:12065:900203961:1:51,0.0,2026-10-02T01:01:04.695736+02:00
307420179,de:12065:900200043:2:51,0.0,2026-10-02T01:01:04.695736+02:00
307420179,de:12065:900200041:2:51,0.0,2026-10-02T01:01:04.695736+02:00
307420179,de:12065:900200005:2:2,0.0,2026-10-02T01:01:04.695736+02:00
307420179,de:11000:900152001:3:53,0.0,2026-10-02T01:01:04.695736+02:00
307420179,de:11000:900160004:3:55,0.0,2026-10-02T01:01:04.695736+02:00
307420179,de:11000:900120003:6:60,0.0,2026-10-02T01:01:04.695736+02:00
307420467,de:11000:900120003:7:61,0.0,2026-10-02T01:01:04.695736+02:00
307420467,de:11000:900160004:2:52,0.0,2026-10-02T01:01:04.695736+02:00
307420467,de:12064:900320004:1:50,0.0,2026-10-02T01:01:04.695736+02:00
307420467,de:12064:900320011:2:51,0.0,2026-10-02T01:01:04.695736+02:00
307420467,de:12064:900320012:1:50,0.0,2026-10-02T01:01:04.695736+02:00
307420467,de:12064:900320014:1:51,0.0,2026-10-02T01:01:04.695736+02:00
306895201,de:12067:900311308::5,0.0,2026-10-02T01:01:04.695736+02:00
306895201,de:12067:900311380::1,0.0,2026-10-02T01:01:04.695736+02:00
306895201,de:12067:900311348::1,0.0,2026-10-02T01:01:04.695736+02:00
306895201,de:12067:900311315::1,0.0,2026-10-02T01:01:04.695736+02:00
306895201,de:12067:900311383::3,0.0,2026-10-02T01:01:04.695736+02:00
306895201,de:12067:900311312::1,0.0,2026-10-02T01:01:04.695736+02:00
306895201,de:12067:900311311::1,0.0,2026-10-02T01:01:04.695736+02:00
306895201,de:12067:900311402::2,0.0,2026-10-02T01:01:04.695736+02:00
306895201,de:12067:900311227::2,0.0,2026-10-02T01:01:04.695736+02:00
306895201,de:12067:900311239::1,0.0,2026-10-02T01:01:04.695736+02:00
306895201,de:12067:900311228::1,0.0,2026-10-02T01:01:04.695736+02:00
306895201,de:12067:900311269::1,0.0,2026-10-02T01:01:04.695736+02:00
306895201,de:12067:900310858::1,0.0,2026-10-02T01:01:04.695736+02:00
306895201,de:12067:900310060::1,0.0,2026-10-02T01:01:04.695736+02:00
306895201,de:12067:900310609::1,0.0,2026-10-02T01:01:04.695736+02:00
306895201,de:12067:900310909::1,0.0,2026-10-02T01:01:04.695736+02:00
306895201,de:12067:900310725::2,0.0,2026-10-02T01:01:04.695736+02:00
306895201,de:12067:900310738::2,0.0,2026-10-02T01:01:04.695736+02:00
306895201,de:12067:900310639::1,0.0,2026-10-02T01:01:04.695736+02:00
306895201,de:12067:900310626::1,0.0,2026-10-02T01:01:04.695736+02:00
306895201,de:12067:900311129::6,0.0,2026-10-02T01:01:04.695736+02:00
295946303,de:11000:900170004:1:50,0.0,2026-10-02T01:01:04.695736+02:00
295946303,de:11000:900170003:1:51,-0.3,2026-10-02T01:01:04.695736+02:00
295946303,de:11000:900170002:1:51,-0.1,2026-10-02T01:01:04.695736+02:00
295946303,de:11000:900170001:1:51,-0.9,2026-10-02T01:01:04.695736+02:00
295946303,de:11000:900170005:1:51,-0.7,2026-10-02T01:01:04.695736+02:00
295946303,de:11000:900171003:1:51,-0.6,2026-10-02T01:01:04.695736+02:00
295946303,de:11000:900171002:1:51,-0.9,2026-10-02T01:01:04.695736+02:00
295946303,de:11000:900160004:1:51,-0.3,2026-10-02T01:01:04.695736+02:00
295946303,de:11000:900160003:1:51,-0.4,2026-10-02T01:01:04.695736+02:00
295946303,de:11000:900120003:3:55,-0.6,2026-10-02T01:01:04.695736+02:00
295946303,de:11000:900120004:2:53,-0.1,2026-10-02T01:01:04.695736+02:00
295946303,de:11000:900120005:5:58,-0.4,2026-10-02T01:01:04.695736+02:00
295946303,de:11000:900100004:1:51,-0.9,2026-10-02T01:01:04.695736+02:00
295946303,de:11000:900100003:2:53,-0.9,2026-10-02T01:01:04.695736+02:00
295946303,de:11000:900100002:1:51,-0.9,2026-10-02T01:01:04.695736+02:00
295946303,de:11000:900100001:3:55,-0.9,2026-10-02T01:01:04.695736+02:00
295946303,de:11000:900003201:3:55,-0.6,2026-10-02T01:01:04.695736+02:00
295946303,de:11000:900003102:1:51,-0.3,2026-10-02T01:01:04.695736+02:00
295946303,de:11000:900003103:1:51,-0.4,2026-10-02T01:01:04.695736+02:00
295946303,de:11000:900023201:3:55,-0.3,2026-10-02T01:01:04.695736+02:00
295946303,de:11000:900024203:1:51,-0.3,2026-10-02T01:01:04.695736+02:00
295946303,de:11000:900024101:4:57,-0.3,2026-10-02T01:01:04.695736+02:00
295946303,de:11000:900024102:1:50,-0.6,2026-10-02T01:01:04.695736+02:00
295946303,de:11000:900048101:1:50,-0.8,2026-10-02T01:01:04.695736+02:00
295946303,de:11000:900052201:2:52,0.0,2026-10-02T01:01:04.695736+02:00
295946303,de:11000:900053301:1:50,-0.4,2026-10-02T01:01:04.695736+02:00
295946303,de:12054:900230003:1:50,-0.4,2026-10-02T01:01:04.695736+02:00
295946303,de:12054:900230000:1:51,-0.4,2026-10-02T01:01:04.695736+02:00
295946303,de:12054:900230999:3:55,-0.9,2026-10-02T01:01:04.695736+02:00
306895424,de:12067:900311083::3,0.0,2026-10-02T01:01:04.695736+02:00
306895424,de:12067:900310775::1,0.0,2026-10-02T01:01:04.695736+02:00
306895424,de:12067:900311083::2,0.0,2026-10-02T01:01:04.695736+02:00
306895424,de:12067:900310814::2,0.0,2026-10-02T01:01:04.695736+02:00
306895424,de:12067:900310628::2,0.0,2026-10-02T01:01:04.695736+02:00
306895424,de:12067:900310793::2,0.0,2026-10-02T01:01:04.695736+02:00
306895424,de:12067:900310774::1,0.0,2026-10-02T01:01:04.695736+02:00
306895424,de:12067:900310792::1,0.0,2026-10-02T01:01:04.695736+02:00
306895424,de:12067:900310825::1,0.0,2026-10-02T01:01:04.695736+02:00
306895424,de:12067:900310809::2,0.0,2026-10-02T01:01:04.695736+02:00
306895424,de:12067:900310787::2,0.0,2026-10-02T01:01:04.695736+02:00
306895424,de:12067:900310790::2,0.0,2026-10-02T01:01:04.695736+02:00
306895424,de:12067:900310788::2,0.0,2026-10-02T01:01:04.695736+02:00
306895424,de:12067:900310696::2,0.0,2026-10-02T01:01:04.695736+02:00
306895424,de:12067:900310001::11,0.0,2026-10-02T01:01:04.695736+02:00
306895424,de:12067:900310001::2,0.0,2026-10-02T01:01:04.695736+02:00
306895424,de:12067:900310816::1,0.0,2026-10-02T01:01:04.695736+02:00
306895424,de:12067:900310627::1,0.0,2026-10-02T01:01:04.695736+02:00
306895424,de:12067:900310781::1,0.0,2026-10-02T01:01:04.695736+02:00
306895424,de:12067:900310822::1,0.0,2026-10-02T01:01:04.695736+02:00
306895424,de:12067:900310808::1,0.0,2026-10-02T01:01:04.695736+02:00
306895424,de:12067:900310779::1,0.0,2026-10-02T01:01:04.695736+02:00
306895424,de:12067:900310995::1,0.0,2026-10-02T01:01:04.695736+02:00
306895424,de:12067:900311104::1,0.0,2026-10-02T01:01:04.695736+02:00
306895424,de:12067:900310784::1,0.0,2026-10-02T01:01:04.695736+02:00
306895424,de:12067:900310786::1,0.0,2026-10-02T01:01:04.695736+02:00
306895424,de:12067:900310768::1,0.0,2026-10-02T01:01:04.695736+02:00
306895424,de:12067:900310023::1,0.0,2026-10-02T01:01:04.695736+02:00
306895424,de:12067:900310778::1,0.0,2026-10-02T01:01:04.695736+02:00
306895424,de:12067:900310806::1,0.0,2026-10-02T01:01:04.695736+02:00
306895424,de:12067:900310812::1,0.0,2026-10-02T01:01:04.695736+02:00
306895424,de:12067:900310770::1,0.0,2026-10-02T01:01:04.695736+02:00
306895424,de:12067:900310010::3,0.0,2026-10-02T01:01:04.695736+02:00
306895424,de:12067:900310880::1,0.0,2026-10-02T01:01:04.695736+02:00
306895424,de:12067:900310815::1,0.0,2026-10-02T01:01:04.695736+02:00
306895424,de:12067:900310807::1,0.0,2026-10-02T01:01:04.695736+02:00
295946293,de:11000:900170004:1:50,0.0,2026-10-02T01:01:04.695736+02:00
295946293,de:11000:900170003:1:51,-0.3,2026-10-02T01:01:04.695736+02:00
295946293,de:11000:900170002:1:51,-0.1,2026-10-02T01:01:04.695736+02:00
295946293,de:11000:900170001:1:51,-0.9,2026-10-02T01:01:04.695736+02:00
295946293,de:11000:900170005:1:51,-0.7,2026-10-02T01:01:04.695736+02:00
295946293,de:11000:900171003:1:51,-0.6,2026-10-02T01:01:04.695736+02:00
295946293,de:11000:900171002:1:51,-0.9,2026-10-02T01:01:04.695736+02:00
295946293,de:11000:900160004:1:51,-0.3,2026-10-02T01:01:04.695736+02:00
295946293,de:11000:900160003:1:51,-0.4,2026-10-02T01:01:04.695736+02:00
295946293,de:11000:900120003:3:55,-0.6,2026-10-02T01:01:04.695736+02:00
295946293,de:11000:900120004:2:53,-0.1,2026-10-02T01:01:04.695736+02:00
295946293,de:11000:900120005:5:58,-0.4,2026-10-02T01:01:04.695736+02:00
295946293,de:11000:900100004:1:51,-0.9,2026-10-02T01:01:04.695736+02:00
295946293,de:11000:900100003:2:53,-0.9,2026-10-02T01:01:04.695736+02:00
295946293,de:11000:900100002:1:51,-0.9,2026-10-02T01:01:04.695736+02:00
295946293,de:11000:900100001:3:55,-0.9,2026-10-02T01:01:04.695736+02:00
295946293,de:11000:900003201:3:55,-0.6,2026-10-02T01:01:04.695736+02:00
295946293,de:11000:900003102:1:51,-0.3,2026-10-02T01:01:04.695736+02:00
295946293,de:11000:900003103:1:51,-0.4,2026-10-02T01:01:04.695736+02:00
295946293,de:11000:900023201:3:55,-0.3,2026-10-02T01:01:04.695736+02:00
295946293,de:11000:900024203:1:51,-0.3,2026-10-02T01:01:04.695736+02:00
295946293,de:11000:900024101:4:57,-0.3,2026-10-02T01:01:04.695736+02:00
295946293,de:11000:900024102:1:50,-0.6,2026-10-02T01:01:04.695736+02:00
295946293,de:11000:900048101:1:50,-0.8,2026-10-02T01:01:04.695736+02:00
295946293,de:11000:900052201:2:52,0.0,2026-10-02T01:01:04.695736+02:00
295946293,de:11000:900053301:1:50,-0.4,2026-10-02T01:01:04.695736+02:00
295946293,de:12054:900230003:1:50,-0.4,2026-10-02T01:01:04.695736+02:00
295946293,de:12054:900230000:1:51,-0.4,2026-10-02T01:01:04.695736+02:00
295946293,de:12054:900230999:3:55,-0.9,2026-10-02T01:01:04.695736+02:00
295946160,de:12054:900230999:3:54,0.0,2026-10-02T01:01:04.695736+02:00
295946160,de:12054:900230000:1:50,-0.3,2026-10-02T01:01:04.695736+02:00
295946160,de:12054:900230003:1:54,-0.3,2026-10-02T01:01:04.695736+02:00
295946160,de:11000:900053301:2:53,-0.4,2026-10-02T01:01:04.695736+02:00
295946160,de:11000:900052201:2:53,-0.7,2026-10-02T01:01:04.695736+02:00
295946160,de:11000:900048101:2:53,-0.9,2026-10-02T01:01:04.695736+02:00
295946160,de:11000:900024102:2:53,-0.9,2026-10-02T01:01:04.695736+02:00
295946160,de:11000:900024101:3:55,-0.3,2026-10-02T01:01:04.695736+02:00
295946160,de:11000:900024203:1:51,-0.3,2026-10-02T01:01:04.695736+02:00
295946160,de:11000:900023201:3:54,-0.2,2026-10-02T01:01:04.695736+02:00
295946160,de:11000:900003103:1:50,-0.3,2026-10-02T01:01:04.695736+02:00
295946160,de:11000:900003102:1:50,-0.4,2026-10-02T01:01:04.695736+02:00
295946160,de:11000:900003201:3:54,0.0,2026-10-02T01:01:04.695736+02:00
295946160,de:11000:900100001:3:54,-0.6,2026-10-02T01:01:04.695736+02:00
295946160,de:11000:900100002:1:50,-0.9,2026-10-02T01:01:04.695736+02:00
295946160,de:11000:900100003:2:52,-0.6,2026-10-02T01:01:04.695736+02:00
295946160,de:11000:900100004:1:50,-0.9,2026-10-02T01:01:04.695736+02:00
295946160,de:11000:900120005:4:55,-0.1,2026-10-02T01:01:04.695736+02:00
295946160,de:11000:900120004:1:50,-0.6,2026-10-02T01:01:04.695736+02:00
295946160,de:11000:900120003:2:53,-0.9,2026-10-02T01:01:04.695736+02:00
295946160,de:11000:900160003:1:50,-0.2,2026-10-02T01:01:04.695736+02:00
295946160,de:11000:900160004:1:50,-0.2,2026-10-02T01:01:04.695736+02:00
295946160,de:11000:900171002:1:50,-0.7,2026-10-02T01:01:04.695736+02:00
295946160,de:11000:900171003:1:50,-0.8,2026-10-02T01:01:04.695736+02:00
295946160,de:11000:900170005:1:50,-0.3,2026-10-02T01:01:04.695736+02:00
295946160,de:11000:900170001:1:50,-0.1,2026-10-02T01:01:04.695736+02:00
295946160,de:11000:900170002:1:50,-0.9,2026-10-02T01:01:04.695736+02:00
295946160,de:11000:900170003:1:50,-0.7,2026-10-02T01:01:04.695736+02:00
295946160,de:11000:900170004:2:52,-0.9,2026-10-02T01:01:04.695736+02:00
295949476,de:12054:900230999:3:55,0.0,2026-10-02T01:01:04.695736+02:00
295949476,de:12054:900230000:1:50,-0.3,2026-10-02T01:01:04.695736+02:00
295949476,de:12054:900230003:1:54,-0.3,2026-10-02T01:01:04.695736+02:00
295949476,de:11000:900053301:2:53,-0.4,2026-10-02T01:01:04.695736+02:00
295949476,de:11000:900052201:2:53,-0.7,2026-10-02T01:01:04.695736+02:00
295949476,de:11000:900048101:2:53,-0.9,2026-10-02T01:01:04.695736+02:00
295949476,de:11000:900024102:2:53,-0.9,2026-10-02T01:01:04.695736+02:00
295949476,de:11000:900024101:3:55,-0.3,2026-10-02T01:01:04.695736+02:00
295949476,de:11000:900024203:1:51,-0.3,2026-10-02T01:01:04.695736+02:00
295949476,de:11000:900023201:3:54,-0.2,2026-10-02T01:01:04.695736+02:00
295949476,de:11000:900003103:1:50,-0.3,2026-10-02T01:01:04.695736+02:00
295949476,de:11000:900003102:1:50,-0.4,2026-10-02T01:01:04.695736+02:00
295949476,de:11000:900003201:3:54,0.0,2026-10-02T01:01:04.695736+02:00
295949476,de:11000:900100001:3:54,-0.6,2026-10-02T01:01:04.695736+02:00
295949476,de:11000:900100002:1:50,-0.9,2026-10-02T01:01:04.695736+02:00
295949476,de:11000:900100003:2:52,-0.6,2026-10-02T01:01:04.695736+02:00
295949476,de:11000:900100004:1:50,-0.9,2026-10-02T01:01:04.695736+02:00
295949476,de:11000:900120005:4:55,-0.1,2026-10-02T01:01:04.695736+02:00
295949476,de:11000:900120004:1:50,-0.6,2026-10-02T01:01:04.695736+02:00
295949476,de:11000:900120003:2:53,-0.9,2026-10-02T01:01:04.695736+02:00
295949476,de:11000:900160003:1:50,-0.2,2026-10-02T01:01:04.695736+02:00
295949476,de:11000:900160004:1:50,-0.2,2026-10-02T01:01:04.695736+02:00
295949476,de:11000:900171002:1:50,-0.7,2026-10-02T01:01:04.695736+02:00
295949476,de:11000:900171003:1:50,-0.8,2026-10-02T01:01:04.695736+02:00
295949476,de:11000:900170005:1:50,-0.3,2026-10-02T01:01:04.695736+02:00
295949476,de:11000:900170001:1:50,-0.1,2026-10-02T01:01:04.695736+02:00
295949476,de:11000:900170002:1:50,-0.9,2026-10-02T01:01:04.695736+02:00
295949476,de:11000:900170003:1:50,-0.7,2026-10-02T01:01:04.695736+02:00
295949476,de:11000:900170004:2:52,-0.9,2026-10-02T01:01:04.695736+02:00
295949468,de:12054:900230999:3:55,0.0,2026-10-02T01:01:04.695736+02:00
295949468,de:12054:900230000:1:50,-0.3,2026-10-02T01:01:04.695736+02:00
295949468,de:12054:900230003:1:54,-0.3,2026-10-02T01:01:04.695736+02:00
295949468,de:11000:900053301:2:53,-0.4,2026-10-02T01:01:04.695736+02:00
295949468,de:11000:900052201:2:53,-0.7,2026-10-02T01:01:04.695736+02:00
295949468,de:11000:900048101:2:53,-0.9,2026-10-02T01:01:04.695736+02:00
295949468,de:11000:900024102:2:53,-0.9,2026-10-02T01:01:04.695736+02:00
295949468,de:11000:900024101:3:55,-0.3,2026-10-02T01:01:04.695736+02:00
295949468,de:11000:900024203:1:51,-0.3,2026-10-02T01:01:04.695736+02:00
295949468,de:11000:900023201:3:54,-0.2,2026-10-02T01:01:04.695736+02:00
295949468,de:11000:900003103:1:50,-0.3,2026-10-02T01:01:04.695736+02:00
295949468,de:11000:900003102:1:50,-0.4,2026-10-02T01:01:04.695736+02:00
295949468,de:11000:900003201:3:54,0.0,2026-10-02T01:01:04.695736+02:00
295949468,de:11000:900100001:3:54,-0.6,2026-10-02T01:01:04.695736+02:00
295949468,de:11000:900100002:1:50,-0.9,2026-10-02T01:01:04.695736+02:00
295949468,de:11000:900100003:2:52,-0.6,2026-10-02T01:01:04.695736+02:00
295949468,de:11000:900100004:1:50,-0.9,2026-10-02T01:01:04.695736+02:00
295949468,de:11000:900120005:4:55,-0.1,2026-10-02T01:01:04.695736+02:00
295949468,de:11000:900120004:1:50,-0.6,2026-10-02T01:01:04.695736+02:00
295949468,de:11000:900120003:2:53,-0.9,2026-10-02T01:01:04.695736+02:00
295949468,de:11000:900160003:1:50,-0.2,2026-10-02T01:01:04.695736+02:00
295949468,de:11000:900160004:1:50,-0.2,2026-10-02T01:01:04.695736+02:00
295949468,de:11000:900171002:1:50,-0.7,2026-10-02T01:01:04.695736+02:00
295949468,de:11000:900171003:1:50,-0.8,2026-10-02T01:01:04.695736+02:00
295949468,de:11000:900170005:1:50,-0.3,2026-10-02T01:01:04.695736+02:00
295949468,de:11000:900170001:1:50,-0.1,2026-10-02T01:01:04.695736+02:00
295949468,de:11000:900170002:1:50,-0.9,2026-10-02T01:01:04.695736+02:00
295949468,de:11000:900170003:1:50,-0.7,2026-10-02T01:01:04.695736+02:00
295949468,de:11000:900170004:2:52,-0.9,2026-10-02T01:01:04.695736+02:00
295956055,de:11000:900151001:1:50,0.0,2026-10-02T01:01:04.695736+02:00
295956055,de:11000:900152001:1:51,-0.6,2026-10-02T01:01:04.695736+02:00
295956055,de:11000:900152002:1:51,-0.2,2026-10-02T01:01:04.695736+02:00
295956055,de:11000:900171003:1:51,-0.9,2026-10-02T01:01:04.695736+02:00
295956055,de:11000:900171002:1:51,-0.9,2026-10-02T01:01:04.695736+02:00
295956055,de:11000:900160004:1:51,-0.3,2026-10-02T01:01:04.695736+02:00
295956055,de:11000:900160003:1:51,-0.4,2026-10-02T01:01:04.695736+02:00
295956055,de:11000:900120003:3:54,-0.6,2026-10-02T01:01:04.695736+02:00
295956055,de:11000:900120004:2:52,-0.1,2026-10-02T01:01:04.695736+02:00
295955997,de:11000:900120004:1:51,0.0,2026-10-02T01:01:04.695736+02:00
295955997,de:11000:900120003:2:52,-0.9,2026-10-02T01:01:04.695736+02:00
295955997,de:11000:900160003:1:50,-0.2,2026-10-02T01:01:04.695736+02:00
295955997,de:11000:900160004:1:50,-0.2,2026-10-02T01:01:04.695736+02:00
295955997,de:11000:900171002:1:50,-0.7,2026-10-02T01:01:04.695736+02:00
295955997,de:11000:900171003:1:50,-0.8,2026-10-02T01:01:04.695736+02:00
295955997,de:11000:900152002:1:50,-0.4,2026-10-02T01:01:04.695736+02:00
295955997,de:11000:900152001:1:50,-0.6,2026-10-02T01:01:04.695736+02:00
295955997,de:11000:900151001:1:50,-0.9,2026-10-02T01:01:04.695736+02:00
295949451,de:12054:900230999:3:55,0.0,2026-10-02T01:01:04.695736+02:00
295949451,de:12054:900230000:1:50,-0.3,2026-10-02T01:01:04.695736+02:00
295949451,de:12054:900230003:1:54,-0.3,2026-10-02T01:01:04.695736+02:00
295949451,de:11000:900053301:2:53,-0.4,2026-10-02T01:01:04.695736+02:00
295949451,de:11000:900052201:2:53,-0.7,2026-10-02T01:01:04.695736+02:00
295949451,de:11000:900048101:2:53,-0.9,2026-10-02T01:01:04.695736+02:00
295949451,de:11000:900024102:2:53,-0.9,2026-10-02T01:01:04.695736+02:00
295949451,de:11000:900024101:3:55,-0.3,2026-10-02T01:01:04.695736+02:00
295949451,de:11000:900024203:1:51,-0.3,2026-10-02T01:01:04.695736+02:00
295949451,de:11000:900023201:3:54,-0.2,2026-10-02T01:01:04.695736+02:00
295949451,de:11000:900003103:1:50,-0.3,2026-10-02T01:01:04.695736+02:00
295949451,de:11000:900003102:1:50,-0.4,2026-10-02T01:01:04.695736+02:00
295949451,de:11000:900003201:3:54,0.0,2026-10-02T01:01:04.695736+02:00
295949451,de:11000:900100001:3:54,-0.6,2026-10-02T01:01:04.695736+02:00
295949451,de:11000:900100002:1:50,-0.9,2026-10-02T01:01:04.695736+02:00
295949451,de:11000:900100003:2:52,-0.6,2026-10-02T01:01:04.695736+02:00
295949451,de:11000:900100004:1:50,-0.9,2026-10-02T01:01:04.695736+02:00
295949451,de:11000:900120005:4:55,-0.1,2026-10-02T01:01:04.695736+02:00
295949451,de:11000:900120004:1:50,-0.6,2026-10-02T01:01:04.695736+02:00
295949451,de:11000:900120003:2:53,-0.9,2026-10-02T01:01:04.695736+02:00
295949451,de:11000:900160003:1:50,-0.2,2026-10-02T01:01:04.695736+02:00
295949451,de:11000:900160004:1:50,-0.2,2026-10-02T01:01:04.695736+02:00
295949451,de:11000:900171002:1:50,-0.7,2026-10-02T01:01:04.695736+02:00
295949451,de:11000:900171003:1:50,-0.8,2026-10-02T01:01:04.695736+02:00
295949451,de:11000:900170005:1:50,-0.3,2026-10-02T01:01:04.695736+02:00
295949451,de:11000:900170001:1:50,-0.1,2026-10-02T01:01:04.695736+02:00
295949451,de:11000:900170002:1:50,-0.9,2026-10-02T01:01:04.695736+02:00
295949451,de:11000:900170003:1:50,-0.7,2026-10-02T01:01:04.695736+02:00
295949451,de:11000:900170004:2:52,-0.9,2026-10-02T01:01:04.695736+02:00
295960055,de:12061:900260002:1:50,0.0,2026-10-02T01:01:04.695736+02:00
295960055,de:12061:900260003:1:51,-0.7,2026-10-02T01:01:04.695736+02:00
295960055,de:12061:900260004:1:51,-0.9,2026-10-02T01:01:04.695736+02:00
295960055,de:11000:900186001:2:53,-0.2,2026-10-02T01:01:04.695736+02:00
295960055,de:11000:900193002:1:51,-0.2,2026-10-02T01:01:04.695736+02:00
295960055,de:11000:900193001:2:51,-0.8,2026-10-02T01:01:04.695736+02:00
295960055,de:11000:900192001:3:55,-0.7,2026-10-02T01:01:04.695736+02:00
295960055,de:11000:900191001:1:50,-0.4,2026-10-02T01:01:04.695736+02:00
295960055,de:11000:900191002:1:51,-0.8,2026-10-02T01:01:04.695736+02:00
295960055,de:11000:900190001:2:53,-0.6,2026-10-02T01:01:04.695736+02:00
295960055,de:11000:900120003:5:59,0.0,2026-10-02T01:01:04.695736+02:00
295960055,de:11000:900120001:1:51,-0.6,2026-10-02T01:01:04.695736+02:00
295960055,de:11000:900110012:1:51,-0.8,2026-10-02T01:01:04.695736+02:00
295960055,de:11000:900110004:1:51,-0.7,2026-10-02T01:01:04.695736+02:00
295960055,de:11000:900110003:1:51,0.0,2026-10-02T01:01:04.695736+02:00
295960055,de:11000:900110002:1:51,0.0,2026-10-02T01:01:04.695736+02:00
295960055,de:11000:900110001:1:51,-0.7,2026-10-02T01:01:04.695736+02:00
295960055,de:11000:900110011:2:52,-0.4,2026-10-02T01:01:04.695736+02:00
295960055,de:11000:900130002:1:50,0.0,2026-10-02T01:01:04.695736+02:00
295960055,de:11000:900130001:1:50,-0.7,2026-10-02T01:01:04.695736+02:00
295960055,de:11000:900142001:1:50,-0.2,2026-10-02T01:01:04.695736+02:00
295960055,de:12065:900200013:1:50,-0.3,2026-10-02T01:01:04.695736+02:00
295960055,de:12065:900200012:1:50,-0.9,2026-10-02T01:01:04.695736+02:00
295960055,de:12065:900200011:1:50,-0.4,2026-10-02T01:01:04.695736+02:00
295960055,de:12065:900200009:1:50,-0.9,2026-10-02T01:01:04.695736+02:00
295960055,de:12065:900200008:1:50,-0.9,2026-10-02T01:01:04.695736+02:00
295959990,de:12065:900200008:1:51,0.0,2026-10-02T01:01:04.695736+02:00
295959990,de:12065:900200009:1:51,-0.7,2026-10-02T01:01:04.695736+02:00
295959990,de:12065:900200011:1:51,-0.3,2026-10-02T01:01:04.695736+02:00
295959990,de:12065:900200012:1:51,-0.8,2026-10-02T01:01:04.695736+02:00
295959990,de:12065:900200013:1:50,-0.4,2026-10-02T01:01:04.695736+02:00
295959990,de:11000:900142001:1:51,-0.7,2026-10-02T01:01:04.695736+02:00
295959990,de:11000:900130001:1:51,-0.2,2026-10-02T01:01:04.695736+02:00
295959990,de:11000:900130002:1:51,-0.7,2026-10-02T01:01:04.695736+02:00
295959990,de:11000:900110011:1:51,-0.2,2026-10-02T01:01:04.695736+02:00
295959990,de:11000:900110001:1:50,-0.2,2026-10-02T01:01:04.695736+02:00
295959990,de:11000:900110002:1:50,-0.9,2026-10-02T01:01:04.695736+02:00
295959990,de:11000:900110003:1:50,-0.9,2026-10-02T01:01:04.695736+02:00
295959990,de:11000:900110004:1:50,-0.3,2026-10-02T01:01:04.695736+02:00
295959990,de:11000:900110012:1:50,-0.2,2026-10-02T01:01:04.695736+02:00
295959990,de:11000:900120001:1:50,-0.2,2026-10-02T01:01:04.695736+02:00
295959990,de:11000:900120003:5:58,-0.6,2026-10-02T01:01:04.695736+02:00
295959990,de:11000:900190001:1:50,-0.1,2026-10-02T01:01:04.695736+02:00
295959990,de:11000:900191002:1:50,0.0,2026-10-02T01:01:04.695736+02:00
295959990,de:11000:900191001:2:52,-0.4,2026-10-02T01:01:04.695736+02:00
295959990,de:11000:900192001:2:52,-0.2,2026-10-02T01:01:04.695736+02:00
295959990,de:11000:900193001:1:50,-0.7,2026-10-02T01:01:04.695736+02:00
295959990,de:11000:900193002:1:50,-0.3,2026-10-02T01:01:04.695736+02:00
295959990,de:11000:900186001:1:50,-0.3,2026-10-02T01:01:04.695736+02:00
295959990,de:12061:900260004:1:50,-0.7,2026-10-02T01:01:04.695736+02:00
295959990,de:12061:900260003:1:50,-0.9,2026-10-02T01:01:04.695736+02:00
295959990,de:12061:900260002:1:50,-0.9,2026-10-02T01:01:04.695736+02:00
295959986,de:12065:900200008:1:51,0.0,2026-10-02T01:01:04.695736+02:00
295959986,de:12065:900200009:1:51,-0.7,2026-10-02T01:01:04.695736+02:00
295959986,de:12065:900200011:1:51,-0.3,2026-10-02T01:01:04.695736+02:00
295959986,de:12065:900200012:1:51,-0.8,2026-10-02T01:01:04.695736+02:00
295959986,de:12065:900200013:1:50,-0.4,2026-10-02T01:01:04.695736+02:00
295959986,de:11000:900142001:1:51,-0.7,2026-10-02T01:01:04.695736+02:00
295959986,de:11000:900130001:1:51,-0.2,2026-10-02T01:01:04.695736+02:00
295959986,de:11000:900130002:1:51,-0.7,2026-10-02T01:01:04.695736+02:00
295959986,de:11000:900110011:1:51,-0.2,2026-10-02T01:01:04.695736+02:00
295959986,de:11000:900110001:1:50,-0.2,2026-10-02T01:01:04.695736+02:00
295959986,de:11000:900110002:1:50,-0.9,2026-10-02T01:01:04.695736+02:00
295959986,de:11000:900110003:1:50,-0.9,2026-10-02T01:01:04.695736+02:00
295959986,de:11000:900110004:1:50,-0.3,2026-10-02T01:01:04.695736+02:00
295959986,de:11000:900110012:1:50,-0.2,2026-10-02T01:01:04.695736+02:00
295959986,de:11000:900120001:1:50,-0.2,2026-10-02T01:01:04.695736+02:00
295959986,de:11000:900120003:5:58,-0.6,2026-10-02T01:01:04.695736+02:00
295959986,de:11000:900190001:1:50,-0.1,2026-10-02T01:01:04.695736+02:00
295959986,de:11000:900191002:1:50,0.0,2026-10-02T01:01:04.695736+02:00
295959986,de:11000:900191001:2:52,-0.4,2026-10-02T01:01:04.695736+02:00
295959986,de:11000:900192001:2:52,-0.2,2026-10-02T01:01:04.695736+02:00
295959986,de:11000:900193001:1:50,-0.7,2026-10-02T01:01:04.695736+02:00
295959986,de:11000:900193002:1:50,-0.3,2026-10-02T01:01:04.695736+02:00
295959986,de:11000:900186001:1:50,-0.3,2026-10-02T01:01:04.695736+02:00
295959986,de:12061:900260004:1:50,-0.7,2026-10-02T01:01:04.695736+02:00
295959986,de:12061:900260003:1:50,-0.9,2026-10-02T01:01:04.695736+02:00
295959986,de:12061:900260002:1:50,-0.9,2026-10-02T01:01:04.695736+02:00
295963619,de:11000:900092201:1:51,0.0,2026-10-02T01:01:04.695736+02:00
295963619,de:11000:900093201:1:51,-0.4,2026-10-02T01:01:04.695736+02:00
295963619,de:11000:900094101:1:51,-0.3,2026-10-02T01:01:04.695736+02:00
295963619,de:11000:900096101:1:51,-0.1,2026-10-02T01:01:04.695736+02:00
295963619,de:11000:900084101:1:51,-0.2,2026-10-02T01:01:04.695736+02:00
295963619,de:11000:900085201:1:51,-0.8,2026-10-02T01:01:04.695736+02:00
295963619,de:11000:900130003:1:51,-0.8,2026-10-02T01:01:04.695736+02:00
295963619,de:11000:900110011:1:50,-0.9,2026-10-02T01:01:04.695736+02:00
295963619,de:11000:900110001:1:50,-0.2,2026-10-02T01:01:04.695736+02:00
295963619,de:11000:900110002:1:50,-0.9,2026-10-02T01:01:04.695736+02:00
295963619,de:11000:900110003:1:50,-0.9,2026-10-02T01:01:04.695736+02:00
295963619,de:11000:900110004:1:50,-0.3,2026-10-02T01:01:04.695736+02:00
295963619,de:11000:900110012:1:50,-0.2,2026-10-02T01:01:04.695736+02:00
295963619,de:11000:900120001:1:50,-0.2,2026-10-02T01:01:04.695736+02:00
295963619,de:11000:900120003:5:58,-0.6,2026-10-02T01:01:04.695736+02:00
295963619,de:11000:900190001:1:51,-0.1,2026-10-02T01:01:04.695736+02:00
295963619,de:11000:900191002:1:50,0.0,2026-10-02T01:01:04.695736+02:00
295963619,de:11000:900191001:2:52,-0.4,2026-10-02T01:01:04.695736+02:00
295963619,de:11000:900192001:2:52,-0.2,2026-10-02T01:01:04.695736+02:00
295963619,de:11000:900193001:1:50,-0.7,2026-10-02T01:01:04.695736+02:00
295963619,de:11000:900193002:1:50,-0.3,2026-10-02T01:01:04.695736+02:00
295963619,de:11000:900195510:1:51,-0.7,2026-10-02T01:01:04.695736+02:00
295963619,de:11000:900196001:1:50,-0.9,2026-10-02T01:01:04.695736+02:00
295963619,de:12061:900260005:3:54,-0.7,2026-10-02T01:01:04.695736+02:00
295963619,de:12061:900260080:1:50,0.0,2026-10-02T01:01:04.695736+02:00
295963619,de:12061:900260009:3:56,-0.2,2026-10-02T01:01:04.695736+02:00
295967953,de:12061:900260009:3:55,0.0,2026-10-02T01:01:04.695736+02:00
295967953,de:12061:900260080:1:51,-0.7,2026-10-02T01:01:04.695736+02:00
295967953,de:12061:900260005:3:55,0.0,2026-10-02T01:01:04.695736+02:00
295967953,de:11000:900196001:1:51,0.0,2026-10-02T01:01:04.695736+02:00
295967953,de:11000:900195510:1:50,-0.4,2026-10-02T01:01:04.695736+02:00
295967953,de:11000:900193002:1:51,-0.6,2026-10-02T01:01:04.695736+02:00
295967953,de:11000:900193001:2:51,-0.3,2026-10-02T01:01:04.695736+02:00
295967953,de:11000:900192001:3:55,-0.2,2026-10-02T01:01:04.695736+02:00
295967953,de:11000:900191001:1:50,0.0,2026-10-02T01:01:04.695736+02:00
295967953,de:11000:900191002:1:51,-0.7,2026-10-02T01:01:04.695736+02:00
295967953,de:11000:900190001:2:53,-0.4,2026-10-02T01:01:04.695736+02:00
295967953,de:11000:900120004:2:53,-0.9,2026-10-02T01:01:04.695736+02:00
295967953,de:11000:900120005:5:58,-0.1,2026-10-02T01:01:04.695736+02:00
295967953,de:11000:900100004:1:51,-0.4,2026-10-02T01:01:04.695736+02:00
295967953,de:11000:900100003:2:53,-0.4,2026-10-02T01:01:04.695736+02:00
295967953,de:11000:900100002:1:51,-0.4,2026-10-02T01:01:04.695736+02:00
295967953,de:11000:900100001:3:55,-0.4,2026-10-02T01:01:04.695736+02:00
295967953,de:11000:900003201:3:55,-0.1,2026-10-02T01:01:04.695736+02:00
295967953,de:11000:900003102:1:51,-0.8,2026-10-02T01:01:04.695736+02:00
295967953,de:11000:900003103:1:51,-0.9,2026-10-02T01:01:04.695736+02:00
295967953,de:11000:900023201:3:55,-0.8,2026-10-02T01:01:04.695736+02:00
295967953,de:11000:900024203:1:51,-0.8,2026-10-02T01:01:04.695736+02:00
295967953,de:11000:900024101:4:57,-0.8,2026-10-02T01:01:04.695736+02:00
295967953,de:11000:900024102:1:50,-0.1,2026-10-02T01:01:04.695736+02:00
295967953,de:11000:900025423:1:50,-0.4,2026-10-02T01:01:04.695736+02:00
295967953,de:11000:900026105:1:50,-0.7,2026-10-02T01:01:04.695736+02:00
295967953,de:11000:900025321:1:50,-0.3,2026-10-02T01:01:04.695736+02:00
295967953,de:11000:900025424:1:50,-0.3,2026-10-02T01:01:04.695736+02:00
295967953,de:11000:900030202:1:50,-0.9,2026-10-02T01:01:04.695736+02:00
295967953,de:11000:900029101:1:51,-0.9,2026-10-02T01:01:04.695736+02:00
306895632,de:12067:900311083::3,0.0,2026-10-02T01:01:04.695736+02:00
306895632,de:12067:900310775::1,0.0,2026-10-02T01:01:04.695736+02:00
306895632,de:12067:900311083::2,0.0,2026-10-02T01:01:04.695736+02:00
306895632,de:12067:900310814::2,0.0,2026-10-02T01:01:04.695736+02:00
306895632,de:12067:900310804::2,0.0,2026-10-02T01:01:04.695736+02:00
306895632,de:12067:900311150::2,0.0,2026-10-02T01:01:04.695736+02:00
306895632,de:12067:900311135::2,0.0,2026-10-02T01:01:04.695736+02:00
306895632,de:12067:900311149::2,0.0,2026-10-02T01:01:04.695736+02:00
306895632,de:12067:900310001::11,0.0,2026-10-02T01:01:04.695736+02:00
306895632,de:12067:900310001::2,0.0,2026-10-02T01:01:04.695736+02:00
306895632,de:12067:900310816::1,0.0,2026-10-02T01:01:04.695736+02:00
306895632,de:12067:900310627::1,0.0,2026-10-02T01:01:04.695736+02:00
306895632,de:12067:900310781::1,0.0,2026-10-02T01:01:04.695736+02:00
306895632,de:12067:900310822::1,0.0,2026-10-02T01:01:04.695736+02:00
306895632,de:12067:900310771::1,0.0,2026-10-02T01:01:04.695736+02:00
306895632,de:12067:900310811::1,0.0,2026-10-02T01:01:04.695736+02:00
306895632,de:12067:900310630::1,0.0,2026-10-02T01:01:04.695736+02:00
306895632,de:12067:900310812::1,0.0,2026-10-02T01:01:04.695736+02:00
306895632,de:12067:900310770::1,0.0,2026-10-02T01:01:04.695736+02:00
306895632,de:12067:900310010::3,0.0,2026-10-02T01:01:04.695736+02:00
306895632,de:12067:900310880::1,0.0,2026-10-02T01:01:04.695736+02:00
306895632,de:12067:900310815::1,0.0,2026-10-02T01:01:04.695736+02:00
306895632,de:12067:900310807::1,0.0,2026-10-02T01:01:04.695736+02:00
307332674,de:11000:900029101:1:51,0.0,2026-10-02T01:01:04.695736+02:00
307332674,de:11000:900030202:1:50,-0.3,2026-10-02T01:01:04.695736+02:00
307332674,de:11000:900025424:1:51,-0.2,2026-10-02T01:01:04.695736+02:00
307332674,de:11000:900025321:1:51,-0.2,2026-10-02T01:01:04.695736+02:00
307332674,de:11000:900026105:1:50,-0.4,2026-10-02T01:01:04.695736+02:00
307332674,de:11000:900025423:1:50,-0.7,2026-10-02T01:01:04.695736+02:00
307332674,de:11000:900024102:2:53,-0.7,2026-10-02T01:01:04.695736+02:00
307332674,de:11000:900024101:3:55,-0.3,2026-10-02T01:01:04.695736+02:00
307332674,de:11000:900024203:1:51,-0.8,2026-10-02T01:01:04.695736+02:00
307332674,de:11000:900023201:3:54,-0.7,2026-10-02T01:01:04.695736+02:00
307332674,de:11000:900003103:1:50,-0.8,2026-10-02T01:01:04.695736+02:00
307332674,de:11000:900003102:1:50,-0.9,2026-10-02T01:01:04.695736+02:00
307332674,de:11000:900003201:3:54,-0.5,2026-10-02T01:01:04.695736+02:00
307332674,de:11000:900100001:3:54,-0.1,2026-10-02T01:01:04.695736+02:00
307332674,de:11000:900100002:1:50,-0.4,2026-10-02T01:01:04.695736+02:00
307332674,de:11000:900100003:2:52,-0.1,2026-10-02T01:01:04.695736+02:00
307332674,de:11000:900100004:1:50,-0.4,2026-10-02T01:01:04.695736+02:00
307332674,de:11000:900120005:4:56,-0.6,2026-10-02T01:01:04.695736+02:00
307332674,de:11000:900120004:1:51,-0.1,2026-10-02T01:01:04.695736+02:00
307332674,de:11000:900190001:1:51,-0.2,2026-10-02T01:01:04.695736+02:00
307332674,de:11000:900191002:1:50,0.0,2026-10-02T01:01:04.695736+02:00
307332674,de:11000:900191001:2:52,-0.4,2026-10-02T01:01:04.695736+02:00
307332674,de:11000:900192001:2:52,-0.7,2026-10-02T01:01:04.695736+02:00
307332674,de:11000:900193001:1:50,-0.2,2026-10-02T01:01:04.695736+02:00
307332674,de:11000:900193002:1:50,-0.8,2026-10-02T01:01:04.695736+02:00
307332674,de:11000:900195510:1:51,-0.2,2026-10-02T01:01:04.695736+02:00
307332674,de:11000:900196001:1:50,-0.4,2026-10-02T01:01:04.695736+02:00
307332674,de:12061:900260005:3:54,-0.2,2026-10-02T01:01:04.695736+02:00
307332674,de:12061:900260080:1:50,-0.7,2026-10-02T01:01:04.695736+02:00
307332674,de:12061:900260009:3:55,-0.9,2026-10-02T01:01:04.695736+02:00
307435165,de:12061:900260005:1:50,0.0,2026-10-02T01:01:04.695736+02:00
307435165,de:11000:900192001:1:51,0.0,2026-10-02T01:01:04.695736+02:00
295967891,de:12061:900260009:3:55,0.0,2026-10-02T01:01:04.695736+02:00
295967891,de:12061:900260080:1:51,-0.7,2026-10-02T01:01:04.695736+02:00
295967891,de:12061:900260005:3:55,0.0,2026-10-02T01:01:04.695736+02:00
295967891,de:11000:900196001:1:51,0.0,2026-10-02T01:01:04.695736+02:00
295967891,de:11000:900195510:1:50,-0.4,2026-10-02T01:01:04.695736+02:00
295967891,de:11000:900193002:1:51,-0.6,2026-10-02T01:01:04.695736+02:00
295967891,de:11000:900193001:2:51,-0.3,2026-10-02T01:01:04.695736+02:00
295967891,de:11000:900192001:3:55,-0.2,2026-10-02T01:01:04.695736+02:00
295967891,de:11000:900191001:1:50,0.0,2026-10-02T01:01:04.695736+02:00
295967891,de:11000:900191002:1:51,-0.7,2026-10-02T01:01:04.695736+02:00
295967891,de:11000:900190001:2:53,-0.4,2026-10-02T01:01:04.695736+02:00
295967891,de:11000:900120004:2:52,-0.9,2026-10-02T01:01:04.695736+02:00
295967891,de:11000:900120005:5:57,-0.1,2026-10-02T01:01:04.695736+02:00
295967891,de:11000:900100004:1:51,-0.4,2026-10-02T01:01:04.695736+02:00
295967891,de:11000:900100003:2:53,-0.4,2026-10-02T01:01:04.695736+02:00
295967891,de:11000:900100002:1:51,-0.4,2026-10-02T01:01:04.695736+02:00
295967891,de:11000:900100001:3:55,-0.4,2026-10-02T01:01:04.695736+02:00
295967891,de:11000:900003201:3:55,-0.1,2026-10-02T01:01:04.695736+02:00
295967891,de:11000:900003102:1:51,-0.8,2026-10-02T01:01:04.695736+02:00
295967891,de:11000:900003103:1:51,-0.9,2026-10-02T01:01:04.695736+02:00
295967891,de:11000:900023201:3:55,-0.8,2026-10-02T01:01:04.695736+02:00
295967891,de:11000:900024203:1:51,-0.8,2026-10-02T01:01:04.695736+02:00
295967891,de:11000:900024101:4:57,-0.8,2026-10-02T01:01:04.695736+02:00
295967891,de:11000:900024102:1:50,-0.1,2026-10-02T01:01:04.695736+02:00
295967891,de:11000:900025423:1:50,-0.4,2026-10-02T01:01:04.695736+02:00
295967891,de:11000:900026105:1:50,-0.7,2026-10-02T01:01:04.695736+02:00
295967891,de:11000:900025321:1:50,-0.3,2026-10-02T01:01:04.695736+02:00
295967891,de:11000:900025424:1:50,-0.3,2026-10-02T01:01:04.695736+02:00
295967891,de:11000:900030202:1:50,-0.9,2026-10-02T01:01:04.695736+02:00
295967891,de:11000:900029101:1:51,-0.9,2026-10-02T01:01:04.695736+02:00
307332660,de:11000:900029101:1:51,0.0,2026-10-02T01:01:04.695736+02:00
307332660,de:11000:900030202:1:50,-0.3,2026-10-02T01:01:04.695736+02:00
307332660,de:11000:900025424:1:51,-0.2,2026-10-02T01:01:04.695736+02:00
307332660,de:11000:900025321:1:51,-0.2,2026-10-02T01:01:04.695736+02:00
307332660,de:11000:900026105:1:50,-0.4,2026-10-02T01:01:04.695736+02:00
307332660,de:11000:900025423:1:50,-0.7,2026-10-02T01:01:04.695736+02:00
307332660,de:11000:900024102:2:53,-0.7,2026-10-02T01:01:04.695736+02:00
307332660,de:11000:900024101:3:55,-0.3,2026-10-02T01:01:04.695736+02:00
307332660,de:11000:900024203:1:51,-0.8,2026-10-02T01:01:04.695736+02:00
307332660,de:11000:900023201:3:54,-0.7,2026-10-02T01:01:04.695736+02:00
307332660,de:11000:900003103:1:50,-0.8,2026-10-02T01:01:04.695736+02:00
307332660,de:11000:900003102:1:50,-0.9,2026-10-02T01:01:04.695736+02:00
307332660,de:11000:900003201:3:54,-0.5,2026-10-02T01:01:04.695736+02:00
307332660,de:11000:900100001:3:54,-0.1,2026-10-02T01:01:04.695736+02:00
307332660,de:11000:900100002:1:50,-0.4,2026-10-02T01:01:04.695736+02:00
307332660,de:11000:900100003:2:52,-0.1,2026-10-02T01:01:04.695736+02:00
307332660,de:11000:900100004:1:50,-0.4,2026-10-02T01:01:04.695736+02:00
307332660,de:11000:900120005:4:56,-0.6,2026-10-02T01:01:04.695736+02:00
307332660,de:11000:900120004:1:51,-0.1,2026-10-02T01:01:04.695736+02:00
307332660,de:11000:900190001:1:51,-0.2,2026-10-02T01:01:04.695736+02:00
307332660,de:11000:900191002:1:50,0.0,2026-10-02T01:01:04.695736+02:00
307332660,de:11000:900191001:2:52,-0.4,2026-10-02T01:01:04.695736+02:00
307332660,de:11000:900192001:2:52,-0.7,2026-10-02T01:01:04.695736+02:00
307332660,de:11000:900193001:1:50,-0.2,2026-10-02T01:01:04.695736+02:00
307332660,de:11000:900193002:1:50,-0.8,2026-10-02T01:01:04.695736+02:00
307332660,de:11000:900195510:1:51,-0.2,2026-10-02T01:01:04.695736+02:00
307332660,de:11000:900196001:1:50,-0.4,2026-10-02T01:01:04.695736+02:00
307332660,de:12061:900260005:3:54,-0.2,2026-10-02T01:01:04.695736+02:00
307332660,de:12061:900260080:1:50,-0.7,2026-10-02T01:01:04.695736+02:00
307332660,de:12061:900260009:3:55,-0.9,2026-10-02T01:01:04.695736+02:00
306895249,de:12067:900310766::1,0.0,2026-10-02T01:01:04.695736+02:00
306895249,de:12067:900310939::1,0.0,2026-10-02T01:01:04.695736+02:00
306895249,de:12067:900310967::1,-0.5,2026-10-02T01:01:04.695736+02:00
306895249,de:12067:900310978::1,0.0,2026-10-02T01:01:04.695736+02:00
306895249,de:12061:900261908::1,0.0,2026-10-02T01:01:04.695736+02:00
306895249,de:12061:900261654::1,0.0,2026-10-02T01:01:04.695736+02:00
306895249,de:12061:900261209::2,0.0,2026-10-02T01:01:04.695736+02:00
306895249,de:12061:900261210::1,0.0,2026-10-02T01:01:04.695736+02:00
306895249,de:12061:900261207::1,0.0,2026-10-02T01:01:04.695736+02:00
306895249,de:12061:900261420::1,0.0,2026-10-02T01:01:04.695736+02:00
306895249,de:12061:900261465::1,0.0,2026-10-02T01:01:04.695736+02:00
306895249,de:12061:900261462::1,0.0,2026-10-02T01:01:04.695736+02:00
306895689,de:12067:900310807::1,0.0,2026-10-02T01:01:04.695736+02:00
306895689,de:12067:900310815::2,0.0,2026-10-02T01:01:04.695736+02:00
306895689,de:12067:900310880::2,0.0,2026-10-02T01:01:04.695736+02:00
306895689,de:12067:900310010::2,0.0,2026-10-02T01:01:04.695736+02:00
306895689,de:12067:900310770::2,0.0,2026-10-02T01:01:04.695736+02:00
306895689,de:12067:900310812::2,0.0,2026-10-02T01:01:04.695736+02:00
306895689,de:12067:900310630::2,0.0,2026-10-02T01:01:04.695736+02:00
306895689,de:12067:900310811::2,0.0,2026-10-02T01:01:04.695736+02:00
306895689,de:12067:900310771::2,0.0,2026-10-02T01:01:04.695736+02:00
306895689,de:12067:900310822::2,0.0,2026-10-02T01:01:04.695736+02:00
306895689,de:12067:900310781::2,0.0,2026-10-02T01:01:04.695736+02:00
306895689,de:12067:900310627::2,-0.5,2026-10-02T01:01:04.695736+02:00
306895689,de:12067:900310816::2,0.0,2026-10-02T01:01:04.695736+02:00
306895689,de:12067:900310022::1,0.0,2026-10-02T01:01:04.695736+02:00
306895689,de:12067:900310001::11,0.0,2026-10-02T01:01:04.695736+02:00
306895689,de:12067:900310001::1,0.0,2026-10-02T01:01:04.695736+02:00
306895689,de:12067:900311149::1,0.0,2026-10-02T01:01:04.695736+02:00
306895689,de:12067:900311135::1,0.0,2026-10-02T01:01:04.695736+02:00
306895689,de:12067:900311150::1,0.0,2026-10-02T01:01:04.695736+02:00
306895689,de:12067:900310804::1,0.0,2026-10-02T01:01:04.695736+02:00
306895689,de:12067:900310814::1,0.0,2026-10-02T01:01:04.695736+02:00
306895689,de:12067:900311083::3,0.0,2026-10-02T01:01:04.695736+02:00
306051717,de:12064:900320268::1,0.0,2026-10-02T01:01:04.695736+02:00
306051717,de:12064:900320257::1,0.0,2026-10-02T01:01:04.695736+02:00
306051717,de:12064:900320261::1,0.0,2026-10-02T01:01:04.695736+02:00
306051717,de:12064:900320265::1,0.0,2026-10-02T01:01:04.695736+02:00
306051717,de:12064:900320260::1,0.0,2026-10-02T01:01:04.695736+02:00
306051717,de:12064:900320246::4,0.0,2026-10-02T01:01:04.695736+02:00
306049396,de:12064:900320009::1,0.0,2026-10-02T01:01:04.695736+02:00
306049396,de:12064:900320676::1,0.0,2026-10-02T01:01:04.695736+02:00
306049396,de:12064:900320681::1,0.0,2026-10-02T01:01:04.695736+02:00
306049396,de:12064:900320687::1,0.0,2026-10-02T01:01:04.695736+02:00
306049396,de:12064:900320677::1,0.0,2026-10-02T01:01:04.695736+02:00
306049396,de:12064:900320688::1,0.0,2026-10-02T01:01:04.695736+02:00
306049396,de:12064:900320683::1,0.0,2026-10-02T01:01:04.695736+02:00
306049396,de:12064:900320703::1,0.0,2026-10-02T01:01:04.695736+02:00
306049396,de:12064:900320684::1,0.0,2026-10-02T01:01:04.695736+02:00
306049396,de:12064:900320700::1,0.0,2026-10-02T01:01:04.695736+02:00
306049396,de:12064:900320701::1,0.0,2026-10-02T01:01:04.695736+02:00
306049396,de:12064:900320631::1,0.0,2026-10-02T01:01:04.695736+02:00
306049396,de:12064:900320611::1,0.0,2026-10-02T01:01:04.695736+02:00
306049396,de:12064:900320635::1,0.0,2026-10-02T01:01:04.695736+02:00
306049396,de:12064:900320005::1,0.0,2026-10-02T01:01:04.695736+02:00
306896594,de:12067:900310009::1,0.0,2026-10-02T01:01:04.695736+02:00
306896594,de:12067:900310007::2,0.0,2026-10-02T01:01:04.695736+02:00
306896594,de:12067:900310876::2,0.0,2026-10-02T01:01:04.695736+02:00
306896594,de:12067:900310969::2,0.0,2026-10-02T01:01:04.695736+02:00
306896594,de:12067:900310973::1,0.0,2026-10-02T01:01:04.695736+02:00
306896594,de:12067:900310745::1,0.0,2026-10-02T01:01:04.695736+02:00
306896594,de:12067:900310763::2,0.0,2026-10-02T01:01:04.695736+02:00
306896594,de:12067:900310761::2,-0.5,2026-10-02T01:01:04.695736+02:00
306896594,de:12067:900310754::2,0.0,2026-10-02T01:01:04.695736+02:00
306896594,de:12067:900310005::2,0.0,2026-10-02T01:01:04.695736+02:00
306896594,de:12067:900310733::2,0.0,2026-10-02T01:01:04.695736+02:00
306896594,de:12067:900310734::2,0.0,2026-10-02T01:01:04.695736+02:00
306896594,de:12067:900310824::2,0.0,2026-10-02T01:01:04.695736+02:00
306896594,de:12067:900310782::2,0.0,2026-10-02T01:01:04.695736+02:00
306043905,de:12064:900320900::2,0.0,2026-10-02T01:01:04.695736+02:00
306043905,de:12064:900320902::2,0.0,2026-10-02T01:01:04.695736+02:00
306043905,de:12064:900320903::2,0.0,2026-10-02T01:01:04.695736+02:00
306043905,de:12064:900320915::2,0.0,2026-10-02T01:01:04.695736+02:00
306043905,de:12064:900320917::1,0.0,2026-10-02T01:01:04.695736+02:00
306043905,de:12064:900320017::1,0.0,2026-10-02T01:01:04.695736+02:00
306043905,de:12064:900320525::1,0.0,2026-10-02T01:01:04.695736+02:00
306043905,de:12064:900320524::1,0.0,2026-10-02T01:01:04.695736+02:00
306043905,de:11000:900175010::6,0.0,2026-10-02T01:01:04.695736+02:00
306897246,de:12067:900311482::3,0.0,2026-10-02T01:01:04.695736+02:00
306897246,de:12067:900311490::2,0.0,2026-10-02T01:01:04.695736+02:00
306897246,de:12067:900311478::2,0.0,2026-10-02T01:01:04.695736+02:00
306897246,de:12067:900311477::2,0.0,2026-10-02T01:01:04.695736+02:00
306897246,de:12067:900311442::2,0.0,2026-10-02T01:01:04.695736+02:00
306897246,de:12067:900311560::1,0.0,2026-10-02T01:01:04.695736+02:00
306897246,de:12067:900311401::2,0.0,2026-10-02T01:01:04.695736+02:00
306897246,de:12067:900311543::2,0.0,2026-10-02T01:01:04.695736+02:00
306897246,de:12067:900311542::1,0.0,2026-10-02T01:01:04.695736+02:00
306897246,de:12067:900311530::2,0.0,2026-10-02T01:01:04.695736+02:00
306897246,de:12067:900311531::2,0.0,2026-10-02T01:01:04.695736+02:00
306897246,de:12067:900311306::2,0.0,2026-10-02T01:01:04.695736+02:00
306897246,de:12067:900311356::2,0.0,2026-10-02T01:01:04.695736+02:00
306897246,de:12067:900311311::2,0.0,2026-10-02T01:01:04.695736+02:00
306897246,de:12067:900311312::2,0.0,2026-10-02T01:01:04.695736+02:00
306897246,de:12067:900311383::5,0.0,2026-10-02T01:01:04.695736+02:00
306897246,de:12067:900311315::2,0.0,2026-10-02T01:01:04.695736+02:00
306897246,de:12067:900311348::2,0.0,2026-10-02T01:01:04.695736+02:00
306897246,de:12067:900311308::4,0.0,2026-10-02T01:01:04.695736+02:00
295879326,de:12065:900200005:3:1,0.0,2026-10-02T01:01:04.695736+02:00
295879326,de:12065:900200006:1:51,-0.3,2026-10-02T01:01:04.695736+02:00
295879326,de:12065:900200007:1:51,-0.7,2026-10-02T01:01:04.695736+02:00
295879326,de:12065:900200008:1:51,-0.2,2026-10-02T01:01:04.695736+02:00
295879326,de:12065:900200009:1:51,-0.1,2026-10-02T01:01:04.695736+02:00
295879326,de:11000:900092201:1:51,-0.7,2026-10-02T01:01:04.695736+02:00
295879326,de:11000:900093201:1:51,-0.4,2026-10-02T01:01:04.695736+02:00
295879326,de:11000:900094101:1:51,-0.8,2026-10-02T01:01:04.695736+02:00
295879326,de:11000:900096101:1:51,-0.1,2026-10-02T01:01:04.695736+02:00
295879326,de:11000:900084101:1:51,-0.2,2026-10-02T01:01:04.695736+02:00
295879326,de:11000:900085201:1:51,-0.8,2026-10-02T01:01:04.695736+02:00
295879326,de:11000:900130003:1:51,-0.8,2026-10-02T01:01:04.695736+02:00
295879326,de:11000:900110011:1:50,-0.9,2026-10-02T01:01:04.695736+02:00
295879326,de:11000:900007102:1:50,-0.9,2026-10-02T01:01:04.695736+02:00
295879326,de:11000:900008101:1:50,0.0,2026-10-02T01:01:04.695736+02:00
295879326,de:11000:900007104:1:51,-0.7,2026-10-02T01:01:04.695736+02:00
295879326,de:11000:900100007:1:50,-0.7,2026-10-02T01:01:04.695736+02:00
295879326,de:11000:900100001:4:56,-0.5,2026-10-02T01:01:04.695736+02:00
295879326,de:11000:900100025:1:50,-0.4,2026-10-02T01:01:04.695736+02:00
295879326,de:11000:900100020:3:54,-0.4,2026-10-02T01:01:04.695736+02:00
295879326,de:11000:900012101:1:51,-0.5,2026-10-02T01:01:04.695736+02:00
295879326,de:11000:900057102:1:50,-0.7,2026-10-02T01:01:04.695736+02:00
295879326,de:11000:900057104:2:51,-0.4,2026-10-02T01:01:04.695736+02:00
295879326,de:11000:900054104:1:50,-0.3,2026-10-02T01:01:04.695736+02:00
295879326,de:11000:900060101:1:50,-0.3,2026-10-02T01:01:04.695736+02:00
295879326,de:11000:900063101:1:50,-0.1,2026-10-02T01:01:04.695736+02:00
295879326,de:11000:900062202:1:50,-0.1,2026-10-02T01:01:04.695736+02:00
295879326,de:11000:900066102:1:50,-0.2,2026-10-02T01:01:04.695736+02:00
295879326,de:11000:900066101:1:50,-0.1,2026-10-02T01:01:04.695736+02:00
295879326,de:11000:900049202:1:50,-0.3,2026-10-02T01:01:04.695736+02:00
295879326,de:11000:900049201:1:50,-0.4,2026-10-02T01:01:04.695736+02:00
295879326,de:11000:900050301:1:50,0.0,2026-10-02T01:01:04.695736+02:00
295879326,de:11000:900050355:1:50,-0.1,2026-10-02T01:01:04.695736+02:00
295879326,de:11000:900052201:1:50,-0.5,2026-10-02T01:01:04.695736+02:00
295879326,de:11000:900053301:1:51,-0.9,2026-10-02T01:01:04.695736+02:00
306895936,de:12064:900320250::1,0.0,2026-10-02T01:01:04.695736+02:00
306895936,de:12064:900320267::2,0.0,2026-10-02T01:01:04.695736+02:00
306895936,de:12067:900310017::2,0.0,2026-10-02T01:01:04.695736+02:00
306895936,de:12067:900310509::1,0.0,2026-10-02T01:01:04.695736+02:00
306895936,de:12067:900310508::1,0.0,2026-10-02T01:01:04.695736+02:00
306895936,de:12067:900310580::2,0.0,2026-10-02T01:01:04.695736+02:00
306895936,de:12067:900310578::4,0.0,2026-10-02T01:01:04.695736+02:00
306895936,de:12067:900310534::2,0.0,2026-10-02T01:01:04.695736+02:00
306895936,de:11000:900310550::2,0.0,2026-10-02T01:01:04.695736+02:00
306895936,de:12067:900310572::2,0.0,2026-10-02T01:01:04.695736+02:00
306895936,de:12067:900310013::2,0.0,2026-10-02T01:01:04.695736+02:00
306895936,de:12067:900310563::3,0.0,2026-10-02T01:01:04.695736+02:00
306895936,de:12067:900310563::2,0.0,2026-10-02T01:01:04.695736+02:00
306895936,de:12067:900310569::1,0.0,2026-10-02T01:01:04.695736+02:00
306895936,de:12067:900310571::1,0.0,2026-10-02T01:01:04.695736+02:00
306895936,de:12067:900310579::1,0.0,2026-10-02T01:01:04.695736+02:00
306895936,de:12067:900310553::1,0.0,2026-10-02T01:01:04.695736+02:00
306895936,de:12067:900310558::2,0.0,2026-10-02T01:01:04.695736+02:00
306895936,de:12067:900310559::2,0.0,2026-10-02T01:01:04.695736+02:00
306895936,de:12067:900310560::1,0.0,2026-10-02T01:01:04.695736+02:00
306895936,de:12067:900310573::1,0.0,2026-10-02T01:01:04.695736+02:00
306895936,de:12067:900310581::1,0.0,2026-10-02T01:01:04.695736+02:00
306895936,de:12067:900310567::1,0.0,2026-10-02T01:01:04.695736+02:00
306895936,de:12067:900310561::1,0.0,2026-10-02T01:01:04.695736+02:00
306895936,de:12067:900310565::1,0.0,2026-10-02T01:01:04.695736+02:00
306896022,de:12067:900310565::1,0.0,2026-10-02T01:01:04.695736+02:00
306896022,de:12067:900310561::2,0.0,2026-10-02T01:01:04.695736+02:00
306896022,de:12067:900310567::2,0.0,2026-10-02T01:01:04.695736+02:00
306896022,de:12067:900310581::2,0.0,2026-10-02T01:01:04.695736+02:00
306896022,de:12067:900310573::2,0.0,2026-10-02T01:01:04.695736+02:00
306896022,de:12067:900310560::2,0.0,2026-10-02T01:01:04.695736+02:00
306896022,de:12067:900310559::1,0.0,2026-10-02T01:01:04.695736+02:00
306896022,de:12067:900310558::3,0.0,2026-10-02T01:01:04.695736+02:00
306896022,de:12067:900310553::2,0.0,2026-10-02T01:01:04.695736+02:00
306896022,de:12067:900310579::2,0.0,2026-10-02T01:01:04.695736+02:00
306896022,de:12067:900310571::2,0.0,2026-10-02T01:01:04.695736+02:00
306896022,de:12067:900310569::2,0.0,2026-10-02T01:01:04.695736+02:00
306896022,de:12067:900310563::1,0.0,2026-10-02T01:01:04.695736+02:00
306896022,de:12067:900310563::4,0.0,2026-10-02T01:01:04.695736+02:00
306896022,de:12067:900310013::2,0.0,2026-10-02T01:01:04.695736+02:00
306896022,de:12067:900310572::1,0.0,2026-10-02T01:01:04.695736+02:00
306896022,de:11000:900310550::1,0.0,2026-10-02T01:01:04.695736+02:00
306896022,de:12067:900310534::1,0.0,2026-10-02T01:01:04.695736+02:00
306896022,de:12067:900310580::2,0.0,2026-10-02T01:01:04.695736+02:00
306896022,de:12067:900310578::4,0.0,2026-10-02T01:01:04.695736+02:00
306896022,de:12067:900310508::2,0.0,2026-10-02T01:01:04.695736+02:00
306896022,de:12067:900310509::2,0.0,2026-10-02T01:01:04.695736+02:00
306896022,de:12067:900310017::3,0.0,2026-10-02T01:01:04.695736+02:00
306896022,de:12064:900320267::1,0.0,2026-10-02T01:01:04.695736+02:00
306896022,de:12064:900320250::1,0.0,2026-10-02T01:01:04.695736+02:00
306896046,de:12067:900310013::2,0.0,2026-10-02T01:01:04.695736+02:00
306896046,de:12067:900310572::1,0.0,2026-10-02T01:01:04.695736+02:00
306896046,de:11000:900310550::1,0.0,2026-10-02T01:01:04.695736+02:00
306896046,de:12067:900310534::1,0.0,2026-10-02T01:01:04.695736+02:00
306896046,de:12067:900310580::2,0.0,2026-10-02T01:01:04.695736+02:00
306896046,de:12067:900310543::3,0.0,2026-10-02T01:01:04.695736+02:00
306896046,de:12067:900310536::1,0.0,2026-10-02T01:01:04.695736+02:00
306896046,de:12067:900311014::1,0.0,2026-10-02T01:01:04.695736+02:00
306896046,de:12067:900311012::1,0.0,2026-10-02T01:01:04.695736+02:00
306896046,de:12067:900310529::1,0.0,2026-10-02T01:01:04.695736+02:00
306896046,de:12067:900310528::1,0.0,2026-10-02T01:01:04.695736+02:00
306896046,de:12067:900310020::1,0.0,2026-10-02T01:01:04.695736+02:00
306896046,de:12067:900310501::1,0.0,2026-10-02T01:01:04.695736+02:00
306896046,de:12067:900310500::2,0.0,2026-10-02T01:01:04.695736+02:00
306896046,de:12067:900310021::3,0.0,2026-10-02T01:01:04.695736+02:00
306896046,de:12067:900310522::1,0.0,2026-10-02T01:01:04.695736+02:00
306896046,de:12067:900310535::1,0.0,2026-10-02T01:01:04.695736+02:00
306896046,de:12067:900310523::1,0.0,2026-10-02T01:01:04.695736+02:00
306896046,de:12064:900320113::1,0.0,2026-10-02T01:01:04.695736+02:00
306896046,de:12064:900320007::4,0.0,2026-10-02T01:01:04.695736+02:00
306896115,de:12067:900310031::2,0.0,2026-10-02T01:01:04.695736+02:00
306896115,de:12067:900311114::1,0.0,2026-10-02T01:01:04.695736+02:00
306896115,de:12067:900311024::1,0.0,2026-10-02T01:01:04.695736+02:00
306896115,de:12067:900311025::2,0.0,2026-10-02T01:01:04.695736+02:00
306896557,de:12067:900310001::3,0.0,2026-10-02T01:01:04.695736+02:00
306896557,de:12067:900311149::1,0.0,2026-10-02T01:01:04.695736+02:00
306896557,de:12067:900311135::1,0.0,2026-10-02T01:01:04.695736+02:00
306896557,de:12067:900311150::1,0.0,2026-10-02T01:01:04.695736+02:00
306896557,de:12067:900310804::1,0.0,2026-10-02T01:01:04.695736+02:00
306896557,de:12067:900310814::1,0.0,2026-10-02T01:01:04.695736+02:00
306896557,de:12067:900310775::1,0.0,2026-10-02T01:01:04.695736+02:00
306896557,de:12067:900310818::1,0.0,2026-10-02T01:01:04.695736+02:00
306896557,de:12067:900310963::1,0.0,2026-10-02T01:01:04.695736+02:00
306896557,de:12067:900310959::1,0.0,2026-10-02T01:01:04.695736+02:00
306896557,de:12067:900310962::1,0.0,2026-10-02T01:01:04.695736+02:00
306896557,de:12067:900311045::1,0.0,2026-10-02T01:01:04.695736+02:00
306896557,de:12067:900311046::1,0.0,2026-10-02T01:01:04.695736+02:00
306896557,de:12067:900310871::1,0.0,2026-10-02T01:01:04.695736+02:00
306896557,de:12067:900310080::1,0.0,2026-10-02T01:01:04.695736+02:00
306896557,de:12067:900310710::1,0.0,2026-10-02T01:01:04.695736+02:00
306896557,de:12067:900310708::1,0.0,2026-10-02T01:01:04.695736+02:00
307252200,de:11000:900007102:1:51,0.0,2026-10-02T01:01:04.695736+02:00
307252200,de:11000:900009104:1:51,-0.8,2026-10-02T01:01:04.695736+02:00
307252200,de:11000:900003200:5:58,-0.7,2026-10-02T01:01:04.695736+02:00
307252158,de:11000:900007102:1:51,0.0,2026-10-02T01:01:04.695736+02:00
307252158,de:11000:900009104:1:51,-0.8,2026-10-02T01:01:04.695736+02:00
307252158,de:11000:900003200:5:58,-0.7,2026-10-02T01:01:04.695736+02:00
306896688,de:12067:900310001::4,0.0,2026-10-02T01:01:04.695736+02:00
306896688,de:12067:900310816::1,0.0,2026-10-02T01:01:04.695736+02:00
306896688,de:12067:900310627::1,0.0,2026-10-02T01:01:04.695736+02:00
306896688,de:12067:900310781::1,0.0,2026-10-02T01:01:04.695736+02:00
306896688,de:12067:900310822::1,0.0,2026-10-02T01:01:04.695736+02:00
306896688,de:12067:900310808::1,0.0,2026-10-02T01:01:04.695736+02:00
306896688,de:12067:900310779::1,0.0,2026-10-02T01:01:04.695736+02:00
306896688,de:12067:900310995::2,0.0,2026-10-02T01:01:04.695736+02:00
306896688,de:12067:900310992::1,-0.5,2026-10-02T01:01:04.695736+02:00
306896688,de:12067:900310989::1,0.0,2026-10-02T01:01:04.695736+02:00
306896688,de:12067:900310990::1,0.0,2026-10-02T01:01:04.695736+02:00
306896688,de:12067:900310991::1,0.0,2026-10-02T01:01:04.695736+02:00
306896688,de:12067:900310904::1,0.0,2026-10-02T01:01:04.695736+02:00
306896688,de:12067:900311118::1,0.0,2026-10-02T01:01:04.695736+02:00
306896688,de:12067:900310966::1,0.0,2026-10-02T01:01:04.695736+02:00
306896688,de:12067:900310997::1,0.0,2026-10-02T01:01:04.695736+02:00
306896688,de:12067:900310998::1,0.0,2026-10-02T01:01:04.695736+02:00
306896688,de:12067:900310997::2,0.0,2026-10-02T01:01:04.695736+02:00
306896688,de:12067:900310966::2,0.0,2026-10-02T01:01:04.695736+02:00
306896688,de:12067:900311118::2,0.0,2026-10-02T01:01:04.695736+02:00
306896688,de:12067:900311059::1,0.0,2026-10-02T01:01:04.695736+02:00
306896688,de:12067:900311110::3,0.0,2026-10-02T01:01:04.695736+02:00
306896688,de:12067:900311058::1,0.0,2026-10-02T01:01:04.695736+02:00
306896688,de:12067:900310611::2,0.0,2026-10-02T01:01:04.695736+02:00
306896689,de:12067:900310001::4,0.0,2026-10-02T01:01:04.695736+02:00
306896689,de:12067:900310816::1,0.0,2026-10-02T01:01:04.695736+02:00
306896689,de:12067:900310627::1,0.0,2026-10-02T01:01:04.695736+02:00
306896689,de:12067:900310781::1,0.0,2026-10-02T01:01:04.695736+02:00
306896689,de:12067:900310822::1,0.0,2026-10-02T01:01:04.695736+02:00
306896689,de:12067:900310808::1,0.0,2026-10-02T01:01:04.695736+02:00
306896689,de:12067:900310779::1,0.0,2026-10-02T01:01:04.695736+02:00
306896689,de:12067:900310995::2,0.0,2026-10-02T01:01:04.695736+02:00
306896689,de:12067:900310992::1,-0.5,2026-10-02T01:01:04.695736+02:00
306896689,de:12067:900310989::1,0.0,2026-10-02T01:01:04.695736+02:00
306896689,de:12067:900310990::1,0.0,2026-10-02T01:01:04.695736+02:00
306896689,de:12067:900310991::1,0.0,2026-10-02T01:01:04.695736+02:00
306896689,de:12067:900310904::1,0.0,2026-10-02T01:01:04.695736+02:00
306896689,de:12067:900311118::1,0.0,2026-10-02T01:01:04.695736+02:00
306896689,de:12067:900310966::1,0.0,2026-10-02T01:01:04.695736+02:00
306896689,de:12067:900310997::1,0.0,2026-10-02T01:01:04.695736+02:00
306896689,de:12067:900310998::1,0.0,2026-10-02T01:01:04.695736+02:00
306896689,de:12067:900310997::2,0.0,2026-10-02T01:01:04.695736+02:00
306896689,de:12067:900310966::2,0.0,2026-10-02T01:01:04.695736+02:00
306896689,de:12067:900311118::2,0.0,2026-10-02T01:01:04.695736+02:00
306896689,de:12067:900311059::1,0.0,2026-10-02T01:01:04.695736+02:00
306896689,de:12067:900311110::3,0.0,2026-10-02T01:01:04.695736+02:00
306896689,de:12067:900311058::1,0.0,2026-10-02T01:01:04.695736+02:00
306896689,de:12067:900310611::2,0.0,2026-10-02T01:01:04.695736+02:00
295882563,de:11000:900053301:2:52,0.0,2026-10-02T01:01:04.695736+02:00
295882563,de:11000:900052201:1:51,0.0,2026-10-02T01:01:04.695736+02:00
295882563,de:11000:900050355:1:51,-0.3,2026-10-02T01:01:04.695736+02:00
295882563,de:11000:900050301:1:51,-0.4,2026-10-02T01:01:04.695736+02:00
295882563,de:11000:900049201:1:51,0.0,2026-10-02T01:01:04.695736+02:00
295882563,de:11000:900049202:1:51,0.0,2026-10-02T01:01:04.695736+02:00
295882563,de:11000:900066101:1:51,-0.3,2026-10-02T01:01:04.695736+02:00
295882563,de:11000:900066102:1:51,-0.2,2026-10-02T01:01:04.695736+02:00
295882563,de:11000:900062202:1:51,-0.2,2026-10-02T01:01:04.695736+02:00
295882563,de:11000:900063101:1:51,-0.2,2026-10-02T01:01:04.695736+02:00
295882563,de:11000:900060101:1:51,-0.9,2026-10-02T01:01:04.695736+02:00
295882563,de:11000:900054104:1:51,-0.9,2026-10-02T01:01:04.695736+02:00
295882563,de:11000:900057104:1:50,-0.4,2026-10-02T01:01:04.695736+02:00
295882563,de:11000:900057102:1:51,-0.1,2026-10-02T01:01:04.695736+02:00
295882563,de:11000:900012101:2:52,-0.9,2026-10-02T01:01:04.695736+02:00
295882563,de:11000:900100020:4:57,-0.3,2026-10-02T01:01:04.695736+02:00
295882563,de:11000:900100025:1:51,-0.4,2026-10-02T01:01:04.695736+02:00
295882563,de:11000:900100001:4:57,-0.1,2026-10-02T01:01:04.695736+02:00
295882563,de:11000:900100007:1:51,-0.2,2026-10-02T01:01:04.695736+02:00
295882563,de:11000:900007104:2:52,-0.2,2026-10-02T01:01:04.695736+02:00
295882563,de:11000:900008101:1:51,-0.9,2026-10-02T01:01:04.695736+02:00
295882563,de:11000:900007102:2:53,-0.6,2026-10-02T01:01:04.695736+02:00
295882563,de:11000:900110011:2:53,-0.9,2026-10-02T01:01:04.695736+02:00
295882563,de:11000:900085201:1:50,-0.9,2026-10-02T01:01:04.695736+02:00
295882563,de:11000:900084101:1:50,-0.7,2026-10-02T01:01:04.695736+02:00
295882563,de:11000:900096101:1:50,-0.8,2026-10-02T01:01:04.695736+02:00
295882563,de:11000:900094101:1:50,-0.1,2026-10-02T01:01:04.695736+02:00
295882563,de:11000:900093201:1:50,-0.4,2026-10-02T01:01:04.695736+02:00
295882563,de:11000:900092201:1:50,-0.2,2026-10-02T01:01:04.695736+02:00
306896973,de:12067:900311308::6,0.0,2026-10-02T01:01:04.695736+02:00
306896973,de:12067:900311335::1,0.0,2026-10-02T01:01:04.695736+02:00
306896973,de:12067:900311341::1,0.0,2026-10-02T01:01:04.695736+02:00
306896973,de:12067:900311345::1,0.0,2026-10-02T01:01:04.695736+02:00
306896973,de:12067:900311359::1,0.0,2026-10-02T01:01:04.695736+02:00
306896973,de:12067:900310027::1,0.0,2026-10-02T01:01:04.695736+02:00
306896973,de:12067:900311317::1,0.0,2026-10-02T01:01:04.695736+02:00
306896973,de:12067:900311384::1,0.0,2026-10-02T01:01:04.695736+02:00
306896973,de:12067:900311316::1,0.0,2026-10-02T01:01:04.695736+02:00
306896973,de:12067:900311376::1,0.0,2026-10-02T01:01:04.695736+02:00
306896973,de:12067:900311377::1,0.0,2026-10-02T01:01:04.695736+02:00
306896973,de:12067:900311362::1,0.0,2026-10-02T01:01:04.695736+02:00
306896973,de:12067:900311363::1,0.0,2026-10-02T01:01:04.695736+02:00
306896973,de:12067:900311365::1,0.0,2026-10-02T01:01:04.695736+02:00
306896973,de:12067:900311374::1,0.0,2026-10-02T01:01:04.695736+02:00
306896973,de:12067:900311364::2,0.0,2026-10-02T01:01:04.695736+02:00
306896973,de:12067:900311371::2,0.0,2026-10-02T01:01:04.695736+02:00
306896973,de:12067:900311336::1,0.0,2026-10-02T01:01:04.695736+02:00
306896973,de:12067:900311352::1,0.0,2026-10-02T01:01:04.695736+02:00
306896973,de:12067:900311333::1,0.0,2026-10-02T01:01:04.695736+02:00
306896973,de:12067:900311334::1,0.0,2026-10-02T01:01:04.695736+02:00
306896973,de:12067:900311304::1,0.0,2026-10-02T01:01:04.695736+02:00
306896973,de:12067:900311305::2,0.0,2026-10-02T01:01:04.695736+02:00
306896973,de:12067:900311383::6,0.0,2026-10-02T01:01:04.695736+02:00
306896973,de:12067:900311353::1,0.0,2026-10-02T01:01:04.695736+02:00
306896973,de:12067:900311321::1,0.0,2026-10-02T01:01:04.695736+02:00
306896973,de:12067:900311350::2,0.0,2026-10-02T01:01:04.695736+02:00
306896973,de:12067:900311348::2,0.0,2026-10-02T01:01:04.695736+02:00
306896973,de:12067:900311308::4,0.0,2026-10-02T01:01:04.695736+02:00
306896988,de:12067:900311308::6,0.0,2026-10-02T01:01:04.695736+02:00
306896988,de:12067:900311335::1,0.0,2026-10-02T01:01:04.695736+02:00
306896988,de:12067:900311341::1,0.0,2026-10-02T01:01:04.695736+02:00
306896988,de:12067:900311345::1,0.0,2026-10-02T01:01:04.695736+02:00
306896988,de:12067:900311378::1,0.0,2026-10-02T01:01:04.695736+02:00
306896988,de:12067:900311376::1,0.0,2026-10-02T01:01:04.695736+02:00
306896988,de:12067:900311377::1,0.0,2026-10-02T01:01:04.695736+02:00
306896988,de:12067:900311362::1,0.0,2026-10-02T01:01:04.695736+02:00
306896988,de:12067:900311363::1,0.0,2026-10-02T01:01:04.695736+02:00
306896988,de:12067:900311365::1,0.0,2026-10-02T01:01:04.695736+02:00
306896988,de:12067:900311374::1,0.0,2026-10-02T01:01:04.695736+02:00
306896988,de:12067:900311364::2,0.0,2026-10-02T01:01:04.695736+02:00
306896988,de:12067:900311371::2,0.0,2026-10-02T01:01:04.695736+02:00
306896988,de:12067:900311336::1,0.0,2026-10-02T01:01:04.695736+02:00
306896988,de:12067:900311352::1,0.0,2026-10-02T01:01:04.695736+02:00
306896988,de:12067:900311333::1,0.0,2026-10-02T01:01:04.695736+02:00
306896988,de:12067:900311334::1,0.0,2026-10-02T01:01:04.695736+02:00
306896988,de:12067:900311304::1,0.0,2026-10-02T01:01:04.695736+02:00
306896988,de:12067:900311305::2,0.0,2026-10-02T01:01:04.695736+02:00
306896988,de:12067:900311383::6,0.0,2026-10-02T01:01:04.695736+02:00
306896988,de:12067:900311353::1,0.0,2026-10-02T01:01:04.695736+02:00
306896988,de:12067:900311321::1,0.0,2026-10-02T01:01:04.695736+02:00
306896988,de:12067:900311350::2,0.0,2026-10-02T01:01:04.695736+02:00
306896988,de:12067:900311348::2,0.0,2026-10-02T01:01:04.695736+02:00
306896988,de:12067:900311308::4,0.0,2026-10-02T01:01:04.695736+02:00
306897007,de:12067:900311308::5,0.0,2026-10-02T01:01:04.695736+02:00
306897007,de:12067:900311380::1,0.0,2026-10-02T01:01:04.695736+02:00
306897007,de:12067:900311348::1,0.0,2026-10-02T01:01:04.695736+02:00
306897007,de:12067:900311350::1,0.0,2026-10-02T01:01:04.695736+02:00
306897007,de:12067:900311321::2,0.0,2026-10-02T01:01:04.695736+02:00
306897007,de:12067:900311353::2,0.0,2026-10-02T01:01:04.695736+02:00
306897007,de:12067:900311383::6,0.0,2026-10-02T01:01:04.695736+02:00
306897007,de:12067:900311305::1,0.0,2026-10-02T01:01:04.695736+02:00
306897007,de:12067:900311304::2,0.0,2026-10-02T01:01:04.695736+02:00
306897007,de:12067:900311334::2,0.0,2026-10-02T01:01:04.695736+02:00
306897007,de:12067:900311333::2,0.0,2026-10-02T01:01:04.695736+02:00
306897007,de:12067:900311352::2,0.0,2026-10-02T01:01:04.695736+02:00
306897007,de:12067:900311336::2,0.0,2026-10-02T01:01:04.695736+02:00
306897007,de:12067:900311371::1,0.0,2026-10-02T01:01:04.695736+02:00
306897007,de:12067:900311364::1,0.0,2026-10-02T01:01:04.695736+02:00
306897007,de:12067:900311374::2,0.0,2026-10-02T01:01:04.695736+02:00
306897007,de:12067:900311365::2,0.0,2026-10-02T01:01:04.695736+02:00
306897007,de:12067:900311363::2,0.0,2026-10-02T01:01:04.695736+02:00
306897007,de:12067:900311362::2,0.0,2026-10-02T01:01:04.695736+02:00
306897007,de:12067:900311377::2,0.0,2026-10-02T01:01:04.695736+02:00
306897007,de:12067:900311376::2,0.0,2026-10-02T01:01:04.695736+02:00
306897007,de:12067:900311316::2,0.0,2026-10-02T01:01:04.695736+02:00
306897007,de:12067:900311384::2,0.0,2026-10-02T01:01:04.695736+02:00
306897007,de:12067:900311317::2,0.0,2026-10-02T01:01:04.695736+02:00
306897007,de:12067:900310027::2,0.0,2026-10-02T01:01:04.695736+02:00
306897007,de:12067:900311359::2,0.0,2026-10-02T01:01:04.695736+02:00
306897007,de:12067:900311345::2,0.0,2026-10-02T01:01:04.695736+02:00
306897007,de:12067:900311341::2,0.0,2026-10-02T01:01:04.695736+02:00
306897007,de:12067:900311339::1,0.0,2026-10-02T01:01:04.695736+02:00
306897007,de:12067:900311340::1,0.0,2026-10-02T01:01:04.695736+02:00
306897007,de:12067:900311339::2,0.0,2026-10-02T01:01:04.695736+02:00
306897007,de:12067:900311309::1,0.0,2026-10-02T01:01:04.695736+02:00
306897007,de:12067:900311310::1,0.0,2026-10-02T01:01:04.695736+02:00
306897007,de:12067:900311307::1,0.0,2026-10-02T01:01:04.695736+02:00
306897007,de:12067:900311308::4,0.0,2026-10-02T01:01:04.695736+02:00
306896832,de:12067:900310001::4,0.0,2026-10-02T01:01:04.695736+02:00
306896832,de:12067:900310696::1,0.0,2026-10-02T01:01:04.695736+02:00
306896832,de:12067:900310788::1,0.0,2026-10-02T01:01:04.695736+02:00
306896832,de:12067:900310936::1,0.0,2026-10-02T01:01:04.695736+02:00
306896832,de:12067:900311125::1,0.0,2026-10-02T01:01:04.695736+02:00
306896832,de:12067:900310860::1,0.0,2026-10-02T01:01:04.695736+02:00
306896832,de:12067:900311157::1,0.0,2026-10-02T01:01:04.695736+02:00
306896832,de:12067:900310864::1,0.0,2026-10-02T01:01:04.695736+02:00
306896832,de:12067:900310861::1,0.0,2026-10-02T01:01:04.695736+02:00
306896832,de:12067:900310002::3,0.0,2026-10-02T01:01:04.695736+02:00
306896832,de:12067:900310895::1,0.0,2026-10-02T01:01:04.695736+02:00
306896832,de:12067:900310896::1,0.0,2026-10-02T01:01:04.695736+02:00
306896832,de:12067:900310897::1,0.0,2026-10-02T01:01:04.695736+02:00
306896832,de:12067:900310894::1,0.0,2026-10-02T01:01:04.695736+02:00
306896832,de:12064:900320888::4,0.0,2026-10-02T01:01:04.695736+02:00
306896832,de:12064:900320886::1,0.0,2026-10-02T01:01:04.695736+02:00
306896832,de:12064:900320284::1,0.0,2026-10-02T01:01:04.695736+02:00
306896832,de:12064:900320278::1,0.0,2026-10-02T01:01:04.695736+02:00
306896832,de:12064:900320274::1,0.0,2026-10-02T01:01:04.695736+02:00
295882463,de:11000:900092201:1:50,0.0,2026-10-02T01:01:04.695736+02:00
295882463,de:11000:900093201:1:51,-0.4,2026-10-02T01:01:04.695736+02:00
295882463,de:11000:900094101:1:51,-0.3,2026-10-02T01:01:04.695736+02:00
295882463,de:11000:900096101:1:51,-0.1,2026-10-02T01:01:04.695736+02:00
295882463,de:11000:900084101:1:51,-0.2,2026-10-02T01:01:04.695736+02:00
295882463,de:11000:900085201:1:51,-0.8,2026-10-02T01:01:04.695736+02:00
295882463,de:11000:900130003:1:51,-0.8,2026-10-02T01:01:04.695736+02:00
295882463,de:11000:900110011:1:50,-0.9,2026-10-02T01:01:04.695736+02:00
295882463,de:11000:900007102:1:50,-0.9,2026-10-02T01:01:04.695736+02:00
295882463,de:11000:900008101:1:50,0.0,2026-10-02T01:01:04.695736+02:00
295882463,de:11000:900007104:1:51,-0.7,2026-10-02T01:01:04.695736+02:00
295882463,de:11000:900100007:1:50,-0.7,2026-10-02T01:01:04.695736+02:00
295882463,de:11000:900100001:4:56,-0.5,2026-10-02T01:01:04.695736+02:00
295882463,de:11000:900100025:1:50,-0.4,2026-10-02T01:01:04.695736+02:00
295882463,de:11000:900100020:3:54,-0.4,2026-10-02T01:01:04.695736+02:00
295882463,de:11000:900012101:1:51,-0.5,2026-10-02T01:01:04.695736+02:00
295882463,de:11000:900057102:1:50,-0.7,2026-10-02T01:01:04.695736+02:00
295882463,de:11000:900057104:2:51,-0.4,2026-10-02T01:01:04.695736+02:00
295882463,de:11000:900054104:1:50,-0.3,2026-10-02T01:01:04.695736+02:00
295882463,de:11000:900060101:1:50,-0.3,2026-10-02T01:01:04.695736+02:00
295882463,de:11000:900063101:1:50,-0.1,2026-10-02T01:01:04.695736+02:00
295882463,de:11000:900062202:1:50,-0.1,2026-10-02T01:01:04.695736+02:00
295882463,de:11000:900066102:1:50,-0.2,2026-10-02T01:01:04.695736+02:00
295882463,de:11000:900066101:1:50,-0.1,2026-10-02T01:01:04.695736+02:00
295882463,de:11000:900049202:1:50,-0.3,2026-10-02T01:01:04.695736+02:00
295882463,de:11000:900049201:1:50,-0.4,2026-10-02T01:01:04.695736+02:00
295882463,de:11000:900050301:1:50,0.0,2026-10-02T01:01:04.695736+02:00
295882463,de:11000:900050355:1:50,-0.1,2026-10-02T01:01:04.695736+02:00
295882463,de:11000:900052201:1:50,-0.5,2026-10-02T01:01:04.695736+02:00
295882463,de:11000:900053301:1:51,-0.9,2026-10-02T01:01:04.695736+02:00
306895333,de:12067:900310874::1,0.0,2026-10-02T01:01:04.695736+02:00
306895333,de:12067:900310925::1,0.0,2026-10-02T01:01:04.695736+02:00
306895333,de:12067:900310760::2,0.0,2026-10-02T01:01:04.695736+02:00
306895333,de:12067:900311064::1,0.0,2026-10-02T01:01:04.695736+02:00
306895333,de:12067:900311065::1,0.0,2026-10-02T01:01:04.695736+02:00
306895242,de:12061:900261462::1,0.0,2026-10-02T01:01:04.695736+02:00
306895242,de:12061:900261459::1,0.0,2026-10-02T01:01:04.695736+02:00
306895242,de:12061:900261610::1,-0.5,2026-10-02T01:01:04.695736+02:00
306895242,de:12061:900261192::2,0.0,2026-10-02T01:01:04.695736+02:00
306895242,de:12067:900310767::2,0.0,2026-10-02T01:01:04.695736+02:00
306895242,de:12067:900310765::1,0.0,2026-10-02T01:01:04.695736+02:00
306895242,de:12067:900310764::2,0.0,2026-10-02T01:01:04.695736+02:00
306895242,de:12067:900310910::1,0.0,2026-10-02T01:01:04.695736+02:00
306895242,de:12067:900311101::2,0.0,2026-10-02T01:01:04.695736+02:00
306895242,de:12067:900311099::2,0.0,2026-10-02T01:01:04.695736+02:00
306895242,de:12067:900310725::2,0.0,2026-10-02T01:01:04.695736+02:00
306895242,de:12067:900310738::2,0.0,2026-10-02T01:01:04.695736+02:00
306895242,de:12067:900310639::1,0.0,2026-10-02T01:01:04.695736+02:00
306895242,de:12067:900310626::1,0.0,2026-10-02T01:01:04.695736+02:00
306895242,de:12067:900311129::6,0.0,2026-10-02T01:01:04.695736+02:00
306897191,de:12067:900311617::1,0.0,2026-10-02T01:01:04.695736+02:00
306897191,de:12067:900311615::1,0.0,2026-10-02T01:01:04.695736+02:00
306897191,de:12067:900311541::1,0.0,2026-10-02T01:01:04.695736+02:00
306897191,de:12067:900311541::2,0.0,2026-10-02T01:01:04.695736+02:00
306897191,de:12067:900311615::2,0.0,2026-10-02T01:01:04.695736+02:00
306897191,de:12067:900311612::2,0.0,2026-10-02T01:01:04.695736+02:00
306897191,de:12067:900311614::2,0.0,2026-10-02T01:01:04.695736+02:00
306897191,de:12067:900311616::2,0.0,2026-10-02T01:01:04.695736+02:00
306897191,de:12067:900311613::2,0.0,2026-10-02T01:01:04.695736+02:00
306897191,de:12067:900311513::2,0.0,2026-10-02T01:01:04.695736+02:00
306897191,de:12067:900311513::1,0.0,2026-10-02T01:01:04.695736+02:00
306897191,de:12067:900311511::2,0.0,2026-10-02T01:01:04.695736+02:00
306897191,de:12067:900310601::2,0.0,2026-10-02T01:01:04.695736+02:00
306897191,de:12067:900311460::1,0.0,2026-10-02T01:01:04.695736+02:00
306897191,de:12067:900311364::2,0.0,2026-10-02T01:01:04.695736+02:00
306897191,de:12067:900311371::2,0.0,2026-10-02T01:01:04.695736+02:00
306897191,de:12067:900311336::1,0.0,2026-10-02T01:01:04.695736+02:00
306897191,de:12067:900311352::1,0.0,2026-10-02T01:01:04.695736+02:00
306897191,de:12067:900311354::1,0.0,2026-10-02T01:01:04.695736+02:00
306897191,de:12067:900311320::2,0.0,2026-10-02T01:01:04.695736+02:00
306897191,de:12067:900311305::2,0.0,2026-10-02T01:01:04.695736+02:00
306897191,de:12067:900311383::1,0.0,2026-10-02T01:01:04.695736+02:00
306897191,de:12067:900311315::2,0.0,2026-10-02T01:01:04.695736+02:00
306897191,de:12067:900311348::2,0.0,2026-10-02T01:01:04.695736+02:00
306897191,de:12067:900311308::4,0.0,2026-10-02T01:01:04.695736+02:00
295882439,de:11000:900092201:1:50,0.0,2026-10-02T01:01:04.695736+02:00
295882439,de:11000:900093201:1:51,-0.4,2026-10-02T01:01:04.695736+02:00
295882439,de:11000:900094101:1:51,-0.3,2026-10-02T01:01:04.695736+02:00
295882439,de:11000:900096101:1:51,-0.1,2026-10-02T01:01:04.695736+02:00
295882439,de:11000:900084101:1:51,-0.2,2026-10-02T01:01:04.695736+02:00
295882439,de:11000:900085201:1:51,-0.8,2026-10-02T01:01:04.695736+02:00
295882439,de:11000:900130003:1:51,-0.8,2026-10-02T01:01:04.695736+02:00
295882439,de:11000:900110011:1:50,-0.9,2026-10-02T01:01:04.695736+02:00
295882439,de:11000:900007102:1:50,-0.9,2026-10-02T01:01:04.695736+02:00
295882439,de:11000:900008101:1:50,0.0,2026-10-02T01:01:04.695736+02:00
295882439,de:11000:900007104:1:51,-0.7,2026-10-02T01:01:04.695736+02:00
295882439,de:11000:900100007:1:50,-0.7,2026-10-02T01:01:04.695736+02:00
295882439,de:11000:900100001:4:56,-0.5,2026-10-02T01:01:04.695736+02:00
295882439,de:11000:900100025:1:50,-0.4,2026-10-02T01:01:04.695736+02:00
295882439,de:11000:900100020:3:54,-0.4,2026-10-02T01:01:04.695736+02:00
295882439,de:11000:900012101:1:51,-0.5,2026-10-02T01:01:04.695736+02:00
295882439,de:11000:900057102:1:50,-0.7,2026-10-02T01:01:04.695736+02:00
295882439,de:11000:900057104:2:51,-0.4,2026-10-02T01:01:04.695736+02:00
295882439,de:11000:900054104:1:50,-0.3,2026-10-02T01:01:04.695736+02:00
295882439,de:11000:900060101:1:50,-0.3,2026-10-02T01:01:04.695736+02:00
295882439,de:11000:900063101:1:50,-0.1,2026-10-02T01:01:04.695736+02:00
295882439,de:11000:900062202:1:50,-0.1,2026-10-02T01:01:04.695736+02:00
295882439,de:11000:900066102:1:50,-0.2,2026-10-02T01:01:04.695736+02:00
295882439,de:11000:900066101:1:50,-0.1,2026-10-02T01:01:04.695736+02:00
295882439,de:11000:900049202:1:50,-0.3,2026-10-02T01:01:04.695736+02:00
295882439,de:11000:900049201:1:50,-0.4,2026-10-02T01:01:04.695736+02:00
295882439,de:11000:900050301:1:50,0.0,2026-10-02T01:01:04.695736+02:00
295882439,de:11000:900050355:1:50,-0.1,2026-10-02T01:01:04.695736+02:00
295882439,de:11000:900052201:1:50,-0.5,2026-10-02T01:01:04.695736+02:00
295882439,de:11000:900053301:1:51,-0.9,2026-10-02T01:01:04.695736+02:00
295882435,de:11000:900092201:1:50,0.0,2026-10-02T01:01:04.695736+02:00
295882435,de:11000:900093201:1:51,-0.4,2026-10-02T01:01:04.695736+02:00
295882435,de:11000:900094101:1:51,-0.3,2026-10-02T01:01:04.695736+02:00
295882435,de:11000:900096101:1:51,-0.1,2026-10-02T01:01:04.695736+02:00
295882435,de:11000:900084101:1:51,-0.2,2026-10-02T01:01:04.695736+02:00
295882435,de:11000:900085201:1:51,-0.8,2026-10-02T01:01:04.695736+02:00
295882435,de:11000:900130003:1:51,-0.8,2026-10-02T01:01:04.695736+02:00
295882435,de:11000:900110011:1:50,-0.9,2026-10-02T01:01:04.695736+02:00
295882435,de:11000:900007102:1:50,-0.9,2026-10-02T01:01:04.695736+02:00
295882435,de:11000:900008101:1:50,0.0,2026-10-02T01:01:04.695736+02:00
295882435,de:11000:900007104:1:51,-0.7,2026-10-02T01:01:04.695736+02:00
295882435,de:11000:900100007:1:50,-0.7,2026-10-02T01:01:04.695736+02:00
295882435,de:11000:900100001:4:56,-0.5,2026-10-02T01:01:04.695736+02:00
295882435,de:11000:900100025:1:50,-0.4,2026-10-02T01:01:04.695736+02:00
295882435,de:11000:900100020:3:54,-0.4,2026-10-02T01:01:04.695736+02:00
295882435,de:11000:900012101:1:51,-0.5,2026-10-02T01:01:04.695736+02:00
295882435,de:11000:900057102:1:50,-0.7,2026-10-02T01:01:04.695736+02:00
295882435,de:11000:900057104:2:51,-0.4,2026-10-02T01:01:04.695736+02:00
295882435,de:11000:900054104:1:50,-0.3,2026-10-02T01:01:04.695736+02:00
295882435,de:11000:900060101:1:50,-0.3,2026-10-02T01:01:04.695736+02:00
295882435,de:11000:900063101:1:50,-0.1,2026-10-02T01:01:04.695736+02:00
295882435,de:11000:900062202:1:50,-0.1,2026-10-02T01:01:04.695736+02:00
295882435,de:11000:900066102:1:50,-0.2,2026-10-02T01:01:04.695736+02:00
295882435,de:11000:900066101:1:50,-0.1,2026-10-02T01:01:04.695736+02:00
295882435,de:11000:900049202:1:50,-0.3,2026-10-02T01:01:04.695736+02:00
295882435,de:11000:900049201:1:50,-0.4,2026-10-02T01:01:04.695736+02:00
295882435,de:11000:900050301:1:50,0.0,2026-10-02T01:01:04.695736+02:00
295882435,de:11000:900050355:1:50,-0.1,2026-10-02T01:01:04.695736+02:00
295882435,de:11000:900052201:1:50,-0.5,2026-10-02T01:01:04.695736+02:00
295882435,de:11000:900053301:1:51,-0.9,2026-10-02T01:01:04.695736+02:00
307432321,de:12054:900230003:4:53,0.0,2026-10-02T01:01:04.695736+02:00
307432321,de:12054:900230999:1:51,0.0,2026-10-02T01:01:04.695736+02:00
307432321,de:12054:900230006:1:50,0.0,2026-10-02T01:01:04.695736+02:00
307432321,de:12054:900230007:1:50,0.0,2026-10-02T01:01:04.695736+02:00
307432321,de:12054:900220010:1:50,0.0,2026-10-02T01:01:04.695736+02:00
307432321,de:12054:900230002:1:52,0.0,2026-10-02T01:01:04.695736+02:00
307432321,de:12069:900220002:1:50,0.0,2026-10-02T01:01:04.695736+02:00
307432321,de:12072:900245836:1:50,0.0,2026-10-02T01:01:04.695736+02:00
307432321,de:12061:900260009:2:54,0.0,2026-10-02T01:01:04.695736+02:00
307439739,de:14625:8000,0.0,2026-10-02T01:01:04.695736+02:00
307439739,de:14625:8144:1:Gleis1,0.0,2026-10-02T01:01:04.695736+02:00
307439739,de:14625:6810,0.0,2026-10-02T01:01:04.695736+02:00
307439739,de:12066:900435314:2:52,0.0,2026-10-02T01:01:04.695736+02:00
307439739,de:12066:900435061:2:52,0.0,2026-10-02T01:01:04.695736+02:00
307439739,de:12066:900435801:1:50,0.0,2026-10-02T01:01:04.695736+02:00
307439739,de:14627:5440,0.0,2026-10-02T01:01:04.695736+02:00
307439739,de:14627:5021,0.0,2026-10-02T01:01:04.695736+02:00
307439739,de:14627:5100,0.0,2026-10-02T01:01:04.695736+02:00
307439739,de:14627:4401,0.0,2026-10-02T01:01:04.695736+02:00
307439739,de:14627:4180,0.0,2026-10-02T01:01:04.695736+02:00
307439739,de:14612:16,0.0,2026-10-02T01:01:04.695736+02:00
306896644,de:12067:900310611::1,0.0,2026-10-02T01:01:04.695736+02:00
306896644,de:12067:900311058::2,0.0,2026-10-02T01:01:04.695736+02:00
306896644,de:12067:900311110::4,0.0,2026-10-02T01:01:04.695736+02:00
306896644,de:12067:900311059::2,0.0,2026-10-02T01:01:04.695736+02:00
306896644,de:12067:900311069::1,0.0,2026-10-02T01:01:04.695736+02:00
306896644,de:12067:900311118::1,0.0,2026-10-02T01:01:04.695736+02:00
306896644,de:12067:900310966::1,0.0,2026-10-02T01:01:04.695736+02:00
306896644,de:12067:900310997::1,0.0,2026-10-02T01:01:04.695736+02:00
306896644,de:12067:900310998::1,0.0,2026-10-02T01:01:04.695736+02:00
306896644,de:12067:900310997::2,0.0,2026-10-02T01:01:04.695736+02:00
306896644,de:12067:900310966::2,0.0,2026-10-02T01:01:04.695736+02:00
306896644,de:12067:900311118::2,0.0,2026-10-02T01:01:04.695736+02:00
306896644,de:12067:900310904::2,0.0,2026-10-02T01:01:04.695736+02:00
306896644,de:12067:900310991::2,0.0,2026-10-02T01:01:04.695736+02:00
306896644,de:12067:900310990::1,0.0,2026-10-02T01:01:04.695736+02:00
306896644,de:12067:900310989::2,0.0,2026-10-02T01:01:04.695736+02:00
306896644,de:12067:900310992::2,-0.5,2026-10-02T01:01:04.695736+02:00
306896644,de:12067:900310995::1,0.0,2026-10-02T01:01:04.695736+02:00
306896644,de:12067:900310779::2,0.0,2026-10-02T01:01:04.695736+02:00
306896644,de:12067:900310808::2,0.0,2026-10-02T01:01:04.695736+02:00
306896644,de:12067:900310822::2,0.0,2026-10-02T01:01:04.695736+02:00
306896644,de:12067:900310781::2,0.0,2026-10-02T01:01:04.695736+02:00
306896644,de:12067:900310627::2,0.0,2026-10-02T01:01:04.695736+02:00
306896644,de:12067:900310816::2,0.0,2026-10-02T01:01:04.695736+02:00
306896644,de:12067:900310022::1,0.0,2026-10-02T01:01:04.695736+02:00
306896644,de:12067:900310001::11,0.0,2026-10-02T01:01:04.695736+02:00
307437584,de:12052:900470000:4:55,0.0,2026-10-02T01:01:04.695736+02:00
307437584,de:12052:900470001:2:51,0.0,2026-10-02T01:01:04.695736+02:00
307437584,de:12052:900470163:2:51,0.0,2026-10-02T01:01:04.695736+02:00
307437584,de:12052:900470307:2:51,0.0,2026-10-02T01:01:04.695736+02:00
307437584,de:12071:900446411:2:51,0.0,2026-10-02T01:01:04.695736+02:00
307437584,de:12071:900446103:2:51,0.0,2026-10-02T01:01:04.695736+02:00
307437584,de:12071:900445750:1:50,0.0,2026-10-02T01:01:04.695736+02:00
307437584,de:12071:900445751:1:50,0.0,2026-10-02T01:01:04.695736+02:00
307437584,de:12071:900445801:1:50,0.0,2026-10-02T01:01:04.695736+02:00
307437584,de:12071:900445593:2:52,0.0,2026-10-02T01:01:04.695736+02:00
307437584,de:12067:900311250:1:50,0.0,2026-10-02T01:01:04.695736+02:00
307437584,de:12067:900311612:1:50,0.0,2026-10-02T01:01:04.695736+02:00
307437584,de:12067:900310601:1:51,0.0,2026-10-02T01:01:04.695736+02:00
307437584,de:12067:900311307:1:51,0.0,2026-10-02T01:01:04.695736+02:00
307437584,de:12067:900311631:1:51,0.0,2026-10-02T01:01:04.695736+02:00
307437584,de:12067:900311620:2:51,0.0,2026-10-02T01:01:04.695736+02:00
307437584,de:12067:900311232:2:51,0.0,2026-10-02T01:01:04.695736+02:00
307437584,de:12067:900311233:2:51,0.0,2026-10-02T01:01:04.695736+02:00
307437584,de:12053:900360000:2:52,0.0,2026-10-02T01:01:04.695736+02:00
307437881,de:12062:900415345:2:52,0.0,2026-10-02T01:01:04.695736+02:00
307437881,de:12062:900415240:1:50,0.0,2026-10-02T01:01:04.695736+02:00
307437881,de:12062:900415167:1:50,0.0,2026-10-02T01:01:04.695736+02:00
307437881,de:12062:900416008:2:51,0.0,2026-10-02T01:01:04.695736+02:00
307437881,de:12066:900435203:1:50,0.0,2026-10-02T01:01:04.695736+02:00
307437881,de:12066:900435061:3:54,0.0,2026-10-02T01:01:04.695736+02:00
307437881,de:12066:900435802:1:50,0.0,2026-10-02T01:01:04.695736+02:00
307437881,de:12066:900435000:1:50,0.0,2026-10-02T01:01:04.695736+02:00
307437881,de:12066:900435001:1:50,0.0,2026-10-02T01:01:04.695736+02:00
307437881,de:12066:900435800:2:51,0.0,2026-10-02T01:01:04.695736+02:00
307437881,de:12066:900435347:2:51,0.0,2026-10-02T01:01:04.695736+02:00
307437881,de:12071:900445360:1:51,0.0,2026-10-02T01:01:04.695736+02:00
307437881,de:12071:900445986:1:50,0.0,2026-10-02T01:01:04.695736+02:00
307437881,de:12052:900470000:1:50,0.0,2026-10-02T01:01:04.695736+02:00
307437780,de:12052:900470000:1:50,0.0,2026-10-02T01:01:04.695736+02:00
307437780,de:12071:900445986:2:51,0.0,2026-10-02T01:01:04.695736+02:00
307437780,de:12071:900445360:1:50,0.0,2026-10-02T01:01:04.695736+02:00
307437780,de:12066:900435347:1:50,0.0,2026-10-02T01:01:04.695736+02:00
307437780,de:12066:900435800:1:50,0.0,2026-10-02T01:01:04.695736+02:00
307437780,de:12066:900435001:2:52,0.0,2026-10-02T01:01:04.695736+02:00
307437780,de:12066:900435000:1:50,0.0,2026-10-02T01:01:04.695736+02:00
307437780,de:12066:900435802:2:51,0.0,2026-10-02T01:01:04.695736+02:00
307437780,de:12066:900435061:2:51,0.0,2026-10-02T01:01:04.695736+02:00
307437780,de:12066:900435203:2:51,0.0,2026-10-02T01:01:04.695736+02:00
307437780,de:12062:900416008:1:50,0.0,2026-10-02T01:01:04.695736+02:00
307437780,de:12062:900415167:1:50,0.0,2026-10-02T01:01:04.695736+02:00
307437780,de:12062:900415240:1:50,0.0,2026-10-02T01:01:04.695736+02:00
307437780,de:12062:900415345:2:52,0.0,2026-10-02T01:01:04.695736+02:00
307430671,de:12065:900200005:1:2,0.0,2026-10-02T01:01:04.695736+02:00
307430671,de:12065:900200008:1:50,0.0,2026-10-02T01:01:04.695736+02:00
307430671,de:12065:900200010:1:50,0.0,2026-10-02T01:01:04.695736+02:00
307430671,de:12065:900200000:1:50,0.0,2026-10-02T01:01:04.695736+02:00
307430671,de:12063:900210001:1:50,0.0,2026-10-02T01:01:04.695736+02:00
307430671,de:12054:900220012:1:50,0.0,2026-10-02T01:01:04.695736+02:00
307430671,de:12054:900220010:2:51,0.0,2026-10-02T01:01:04.695736+02:00
307430671,de:12054:900230007:2:52,0.0,2026-10-02T01:01:04.695736+02:00
307430671,de:12054:900230006:2:51,0.0,2026-10-02T01:01:04.695736+02:00
307430671,de:12054:900230999:2:53,0.0,2026-10-02T01:01:04.695736+02:00
307430671,de:12054:900230003:4:53,0.0,2026-10-02T01:01:04.695736+02:00
307430559,de:12054:900230003:4:53,0.0,2026-10-02T01:01:04.695736+02:00
307430559,de:12054:900230999:1:51,0.0,2026-10-02T01:01:04.695736+02:00
307430559,de:12054:900230006:1:50,0.0,2026-10-02T01:01:04.695736+02:00
307430559,de:12054:900230007:1:50,0.0,2026-10-02T01:01:04.695736+02:00
307430559,de:12054:900220010:1:50,0.0,2026-10-02T01:01:04.695736+02:00
307430559,de:12054:900220012:2:51,0.0,2026-10-02T01:01:04.695736+02:00
307430559,de:12063:900210001:2:51,0.0,2026-10-02T01:01:04.695736+02:00
307430559,de:12065:900200000:1:51,0.0,2026-10-02T01:01:04.695736+02:00
307430559,de:12065:900200010:1:50,0.0,2026-10-02T01:01:04.695736+02:00
307430559,de:12065:900200008:1:50,0.0,2026-10-02T01:01:04.695736+02:00
307430559,de:12065:900200005:1:2,0.0,2026-10-02T01:01:04.695736+02:00
307430549,de:12054:900230003:4:53,0.0,2026-10-02T01:01:04.695736+02:00
307430549,de:12054:900230999:1:51,0.0,2026-10-02T01:01:04.695736+02:00
307430549,de:12054:900230006:1:50,0.0,2026-10-02T01:01:04.695736+02:00
307430549,de:12054:900230007:1:50,0.0,2026-10-02T01:01:04.695736+02:00
307430549,de:12054:900220010:1:50,0.0,2026-10-02T01:01:04.695736+02:00
307430549,de:12054:900220012:2:51,0.0,2026-10-02T01:01:04.695736+02:00
307430549,de:12063:900210001:2:51,0.0,2026-10-02T01:01:04.695736+02:00
307430549,de:12065:900200000:1:51,0.0,2026-10-02T01:01:04.695736+02:00
307430549,de:12065:900200010:1:50,0.0,2026-10-02T01:01:04.695736+02:00
307430549,de:12065:900200008:1:50,0.0,2026-10-02T01:01:04.695736+02:00
307430549,de:12065:900200005:1:2,0.0,2026-10-02T01:01:04.695736+02:00
307435336,de:12061:900260009:2:54,0.0,2026-10-02T01:01:04.695736+02:00
307435336,de:11000:900058101:4:57,0.0,2026-10-02T01:01:04.695736+02:00
307435336,de:11000:900100020:2:53,0.0,2026-10-02T01:01:04.695736+02:00
307435336,de:11000:900003200:4:57,0.0,2026-10-02T01:01:04.695736+02:00
306897168,de:12067:900311513::1,0.0,2026-10-02T01:01:04.695736+02:00
306897168,de:12067:900311510::1,0.0,2026-10-02T01:01:04.695736+02:00
306897168,de:12067:900311512::1,0.0,2026-10-02T01:01:04.695736+02:00
306897168,de:12067:900311563::1,0.0,2026-10-02T01:01:04.695736+02:00
306897168,de:12067:900311520::1,0.0,2026-10-02T01:01:04.695736+02:00
306897168,de:12067:900311221::2,0.0,2026-10-02T01:01:04.695736+02:00
306897168,de:12067:900310070::2,0.0,2026-10-02T01:01:04.695736+02:00
306897168,de:12067:900310901::2,0.0,2026-10-02T01:01:04.695736+02:00
306897168,de:12067:900311471::2,0.0,2026-10-02T01:01:04.695736+02:00
306897168,de:12067:900311473::2,0.0,2026-10-02T01:01:04.695736+02:00
306897168,de:12067:900311319::1,0.0,2026-10-02T01:01:04.695736+02:00
306897168,de:12067:900311473::1,0.0,2026-10-02T01:01:04.695736+02:00
306897168,de:12067:900311472::1,0.0,2026-10-02T01:01:04.695736+02:00
306897168,de:12067:900311513::2,0.0,2026-10-02T01:01:04.695736+02:00
307430395,de:11000:900029101:2:53,0.0,2026-10-02T01:01:04.695736+02:00
307430395,de:11000:900037168:1:50,0.0,2026-10-02T01:01:04.695736+02:00
307430395,de:12063:900210180:1:50,0.0,2026-10-02T01:01:04.695736+02:00
307430395,de:12063:900210010:1:50,0.0,2026-10-02T01:01:04.695736+02:00
307430395,de:12063:900210011:1:50,0.0,2026-10-02T01:01:04.695736+02:00
307430395,de:12063:900210326:1:50,0.0,2026-10-02T01:01:04.695736+02:00
307430395,de:12063:900210005:2:53,0.0,2026-10-02T01:01:04.695736+02:00
307435916,de:11000:900053301:3:54,0.0,2026-10-02T01:01:04.695736+02:00
307435916,de:12054:900230001:1:50,0.0,2026-10-02T01:01:04.695736+02:00
307435916,de:12069:900220008:1:50,0.0,2026-10-02T01:01:04.695736+02:00
307435916,de:12069:900220006:1:50,0.0,2026-10-02T01:01:04.695736+02:00
307435916,de:12069:900220003:1:50,0.0,2026-10-02T01:01:04.695736+02:00
307435916,de:12069:900220004:1:50,0.0,2026-10-02T01:01:04.695736+02:00
307435916,de:12069:900220005:1:50,0.0,2026-10-02T01:01:04.695736+02:00
307435916,de:12069:900222030:1:50,0.0,2026-10-02T01:01:04.695736+02:00
307435916,de:12069:900220141:1:50,0.0,2026-10-02T01:01:04.695736+02:00
307435916,de:12069:900220142:1:50,0.0,2026-10-02T01:01:04.695736+02:00
307435916,de:12069:900220143:1:50,0.0,2026-10-02T01:01:04.695736+02:00
306895820,de:12067:900311115::2,0.0,2026-10-02T01:01:04.695736+02:00
306895820,de:12067:900310773::2,0.0,2026-10-02T01:01:04.695736+02:00
306895820,de:12067:900310797::2,0.0,2026-10-02T01:01:04.695736+02:00
306895820,de:12067:900310789::2,0.0,2026-10-02T01:01:04.695736+02:00
306895820,de:12067:900310781::2,0.0,2026-10-02T01:01:04.695736+02:00
306895820,de:12067:900311155::1,0.0,2026-10-02T01:01:04.695736+02:00
306895820,de:12067:900311149::2,0.0,2026-10-02T01:01:04.695736+02:00
306895820,de:12067:900310001::11,0.0,2026-10-02T01:01:04.695736+02:00
295893110,de:12072:900245027:2:52,0.0,2026-10-02T01:01:04.695736+02:00
295893110,de:12072:900245028:1:50,-0.9,2026-10-02T01:01:04.695736+02:00
295893110,de:11000:900074201:1:50,-0.9,2026-10-02T01:01:04.695736+02:00
295893110,de:11000:900074202:2:51,-0.1,2026-10-02T01:01:04.695736+02:00
295893110,de:11000:900072101:2:51,-0.1,2026-10-02T01:01:04.695736+02:00
295893110,de:11000:900073101:1:51,-0.4,2026-10-02T01:01:04.695736+02:00
295893110,de:11000:900068301:1:51,-0.7,2026-10-02T01:01:04.695736+02:00
295893110,de:11000:900058102:2:51,-0.7,2026-10-02T01:01:04.695736+02:00
295893110,de:11000:900058101:1:51,-0.3,2026-10-02T01:01:04.695736+02:00
295893110,de:11000:900058103:1:51,-0.1,2026-10-02T01:01:04.695736+02:00
295893110,de:11000:900012101:2:53,-0.7,2026-10-02T01:01:04.695736+02:00
295893110,de:11000:900100020:4:57,-0.8,2026-10-02T01:01:04.695736+02:00
295893110,de:11000:900100025:1:51,-0.9,2026-10-02T01:01:04.695736+02:00
295893110,de:11000:900100001:4:57,-0.6,2026-10-02T01:01:04.695736+02:00
295893110,de:11000:900100007:1:51,-0.7,2026-10-02T01:01:04.695736+02:00
295893110,de:11000:900007104:2:52,-0.7,2026-10-02T01:01:04.695736+02:00
295893110,de:11000:900008101:1:51,-0.4,2026-10-02T01:01:04.695736+02:00
295893110,de:11000:900007102:2:53,-0.1,2026-10-02T01:01:04.695736+02:00
295893110,de:11000:900110011:2:52,-0.4,2026-10-02T01:01:04.695736+02:00
295893110,de:11000:900130002:1:50,-0.7,2026-10-02T01:01:04.695736+02:00
295893110,de:11000:900130001:1:50,-0.4,2026-10-02T01:01:04.695736+02:00
295893110,de:11000:900142001:1:50,-0.9,2026-10-02T01:01:04.695736+02:00
295893110,de:11000:900143001:1:51,-0.7,2026-10-02T01:01:04.695736+02:00
295893110,de:11000:900135001:1:50,-0.4,2026-10-02T01:01:04.695736+02:00
295893110,de:12060:900350162:1:50,0.0,2026-10-02T01:01:04.695736+02:00
295893110,de:12060:900350163:1:51,-0.4,2026-10-02T01:01:04.695736+02:00
295893110,de:12060:900350161:1:50,-0.7,2026-10-02T01:01:04.695736+02:00
295893110,de:12060:900350160:1:51,-0.4,2026-10-02T01:01:04.695736+02:00
295893084,de:12072:900245027:2:52,0.0,2026-10-02T01:01:04.695736+02:00
295893084,de:12072:900245028:1:50,-0.9,2026-10-02T01:01:04.695736+02:00
295893084,de:11000:900074201:1:50,-0.9,2026-10-02T01:01:04.695736+02:00
295893084,de:11000:900074202:2:51,-0.1,2026-10-02T01:01:04.695736+02:00
295893084,de:11000:900072101:2:51,-0.1,2026-10-02T01:01:04.695736+02:00
295893084,de:11000:900073101:1:51,-0.4,2026-10-02T01:01:04.695736+02:00
295893084,de:11000:900068301:1:51,-0.7,2026-10-02T01:01:04.695736+02:00
295893084,de:11000:900058102:2:51,-0.7,2026-10-02T01:01:04.695736+02:00
295893084,de:11000:900058101:1:51,-0.3,2026-10-02T01:01:04.695736+02:00
295893084,de:11000:900058103:1:51,-0.1,2026-10-02T01:01:04.695736+02:00
295893084,de:11000:900012101:2:53,-0.7,2026-10-02T01:01:04.695736+02:00
295893084,de:11000:900100020:4:57,-0.8,2026-10-02T01:01:04.695736+02:00
295893084,de:11000:900100025:1:51,-0.9,2026-10-02T01:01:04.695736+02:00
295893084,de:11000:900100001:4:57,-0.6,2026-10-02T01:01:04.695736+02:00
295893084,de:11000:900100007:1:51,-0.7,2026-10-02T01:01:04.695736+02:00
295893084,de:11000:900007104:2:52,-0.7,2026-10-02T01:01:04.695736+02:00
295893084,de:11000:900008101:1:51,-0.4,2026-10-02T01:01:04.695736+02:00
295893084,de:11000:900007102:2:53,-0.1,2026-10-02T01:01:04.695736+02:00
295893084,de:11000:900110011:2:52,-0.4,2026-10-02T01:01:04.695736+02:00
295893084,de:11000:900130002:1:50,-0.7,2026-10-02T01:01:04.695736+02:00
295893084,de:11000:900130001:1:50,-0.4,2026-10-02T01:01:04.695736+02:00
295893084,de:11000:900142001:1:50,-0.9,2026-10-02T01:01:04.695736+02:00
295893084,de:11000:900143001:1:51,-0.7,2026-10-02T01:01:04.695736+02:00
295893084,de:11000:900135001:1:50,-0.4,2026-10-02T01:01:04.695736+02:00
295893084,de:12060:900350162:1:50,0.0,2026-10-02T01:01:04.695736+02:00
295893084,de:12060:900350163:1:51,-0.4,2026-10-02T01:01:04.695736+02:00
295893084,de:12060:900350161:1:50,-0.7,2026-10-02T01:01:04.695736+02:00
295893084,de:12060:900350160:1:51,-0.4,2026-10-02T01:01:04.695736+02:00
295892979,de:12060:900350160:1:51,0.0,2026-10-02T01:01:04.695736+02:00
295892979,de:12060:900350161:1:50,-0.3,2026-10-02T01:01:04.695736+02:00
295892979,de:12060:900350163:1:50,-0.1,2026-10-02T01:01:04.695736+02:00
295892979,de:12060:900350162:1:50,-0.8,2026-10-02T01:01:04.695736+02:00
295892979,de:11000:900135001:1:50,-0.3,2026-10-02T01:01:04.695736+02:00
295892979,de:11000:900143001:1:51,-0.8,2026-10-02T01:01:04.695736+02:00
295892979,de:11000:900142001:1:51,-0.3,2026-10-02T01:01:04.695736+02:00
295892979,de:11000:900130001:1:51,-0.8,2026-10-02T01:01:04.695736+02:00
295892979,de:11000:900130002:1:51,-0.3,2026-10-02T01:01:04.695736+02:00
295892979,de:11000:900110011:1:51,-0.7,2026-10-02T01:01:04.695736+02:00
295892979,de:11000:900007102:1:50,-0.7,2026-10-02T01:01:04.695736+02:00
295892979,de:11000:900008101:1:50,-0.5,2026-10-02T01:01:04.695736+02:00
295892979,de:11000:900007104:1:51,-0.2,2026-10-02T01:01:04.695736+02:00
295892979,de:11000:900100007:1:50,-0.2,2026-10-02T01:01:04.695736+02:00
295892979,de:11000:900100001:4:56,0.0,2026-10-02T01:01:04.695736+02:00
295892979,de:11000:900100025:1:50,-0.9,2026-10-02T01:01:04.695736+02:00
295892979,de:11000:900100020:3:54,-0.9,2026-10-02T01:01:04.695736+02:00
295892979,de:11000:900012101:1:51,0.0,2026-10-02T01:01:04.695736+02:00
295892979,de:11000:900058103:1:50,-0.8,2026-10-02T01:01:04.695736+02:00
295892979,de:11000:900058101:1:50,-0.4,2026-10-02T01:01:04.695736+02:00
295892979,de:11000:900058102:1:50,-0.4,2026-10-02T01:01:04.695736+02:00
295892979,de:11000:900068301:1:50,-0.7,2026-10-02T01:01:04.695736+02:00
295892979,de:11000:900073101:1:50,-0.9,2026-10-02T01:01:04.695736+02:00
295892979,de:11000:900072101:1:50,-0.2,2026-10-02T01:01:04.695736+02:00
295892979,de:11000:900074202:1:50,-0.2,2026-10-02T01:01:04.695736+02:00
295892979,de:11000:900074201:1:50,-0.4,2026-10-02T01:01:04.695736+02:00
295892979,de:12072:900245028:1:51,-0.9,2026-10-02T01:01:04.695736+02:00
295892979,de:12072:900245027:2:52,-0.9,2026-10-02T01:01:04.695736+02:00
307430080,de:12061:900260009:2:54,0.0,2026-10-02T01:01:04.695736+02:00
307430080,de:11000:900058101:4:57,0.0,2026-10-02T01:01:04.695736+02:00
307430080,de:11000:900100020:2:53,0.0,2026-10-02T01:01:04.695736+02:00
307430080,de:11000:900003200:3:54,0.0,2026-10-02T01:01:04.695736+02:00
307430262,de:11000:900003200:1:50,0.0,2026-10-02T01:01:04.695736+02:00
307430262,de:11000:900100020:1:50,0.0,2026-10-02T01:01:04.695736+02:00
307430262,de:11000:900058101:2:52,0.0,2026-10-02T01:01:04.695736+02:00
307430262,de:12061:900260009:2:54,0.0,2026-10-02T01:01:04.695736+02:00
307430310,de:12061:900260009:2:53,0.0,2026-10-02T01:01:04.695736+02:00
307430310,de:11000:900058101:4:56,0.0,2026-10-02T01:01:04.695736+02:00
307430310,de:11000:900100020:2:53,0.0,2026-10-02T01:01:04.695736+02:00
307430310,de:11000:900003200:4:57,0.0,2026-10-02T01:01:04.695736+02:00
307430260,de:11000:900003200:1:50,0.0,2026-10-02T01:01:04.695736+02:00
307430260,de:11000:900100020:1:50,0.0,2026-10-02T01:01:04.695736+02:00
307430260,de:11000:900058101:2:52,0.0,2026-10-02T01:01:04.695736+02:00
307430260,de:12061:900260009:2:54,0.0,2026-10-02T01:01:04.695736+02:00
295896182,de:11000:900074201:1:50,0.0,2026-10-02T01:01:04.695736+02:00
295896182,de:11000:900074202:2:51,-0.1,2026-10-02T01:01:04.695736+02:00
295896182,de:11000:900072101:2:51,-0.1,2026-10-02T01:01:04.695736+02:00
295896182,de:11000:900073101:1:51,-0.4,2026-10-02T01:01:04.695736+02:00
295896182,de:11000:900068301:1:51,-0.7,2026-10-02T01:01:04.695736+02:00
295896182,de:11000:900058102:2:51,-0.7,2026-10-02T01:01:04.695736+02:00
295896182,de:11000:900058101:1:51,-0.3,2026-10-02T01:01:04.695736+02:00
295896182,de:11000:900058103:1:51,-0.1,2026-10-02T01:01:04.695736+02:00
295896182,de:11000:900012101:2:53,-0.7,2026-10-02T01:01:04.695736+02:00
295896182,de:11000:900100020:4:57,-0.8,2026-10-02T01:01:04.695736+02:00
295896182,de:11000:900100025:1:51,-0.9,2026-10-02T01:01:04.695736+02:00
295896182,de:11000:900100001:4:57,-0.6,2026-10-02T01:01:04.695736+02:00
295896182,de:11000:900100007:1:51,-0.7,2026-10-02T01:01:04.695736+02:00
295896182,de:11000:900007104:2:52,-0.7,2026-10-02T01:01:04.695736+02:00
295896182,de:11000:900008101:1:51,-0.4,2026-10-02T01:01:04.695736+02:00
295896182,de:11000:900007102:2:53,-0.1,2026-10-02T01:01:04.695736+02:00
295896182,de:11000:900110011:2:52,-0.4,2026-10-02T01:01:04.695736+02:00
295896182,de:11000:900130002:1:50,-0.7,2026-10-02T01:01:04.695736+02:00
295896182,de:11000:900130001:1:50,-0.4,2026-10-02T01:01:04.695736+02:00
295896182,de:11000:900142001:1:50,-0.9,2026-10-02T01:01:04.695736+02:00
295896182,de:11000:900143001:1:51,-0.7,2026-10-02T01:01:04.695736+02:00
295896182,de:11000:900135001:1:50,-0.4,2026-10-02T01:01:04.695736+02:00
295896167,de:11000:900074201:1:50,0.0,2026-10-02T01:01:04.695736+02:00
295896167,de:11000:900074202:2:51,-0.1,2026-10-02T01:01:04.695736+02:00
295896167,de:11000:900072101:2:51,-0.1,2026-10-02T01:01:04.695736+02:00
295896167,de:11000:900073101:1:51,-0.4,2026-10-02T01:01:04.695736+02:00
295896167,de:11000:900068301:1:51,-0.7,2026-10-02T01:01:04.695736+02:00
295896167,de:11000:900058102:2:51,-0.7,2026-10-02T01:01:04.695736+02:00
295896167,de:11000:900058101:1:51,-0.3,2026-10-02T01:01:04.695736+02:00
295896167,de:11000:900058103:1:51,-0.1,2026-10-02T01:01:04.695736+02:00
295896167,de:11000:900012101:2:53,-0.7,2026-10-02T01:01:04.695736+02:00
295896167,de:11000:900100020:4:57,-0.8,2026-10-02T01:01:04.695736+02:00
295896167,de:11000:900100025:1:51,-0.9,2026-10-02T01:01:04.695736+02:00
295896167,de:11000:900100001:4:57,-0.6,2026-10-02T01:01:04.695736+02:00
295896167,de:11000:900100007:1:51,-0.7,2026-10-02T01:01:04.695736+02:00
295896167,de:11000:900007104:2:52,-0.7,2026-10-02T01:01:04.695736+02:00
295896167,de:11000:900008101:1:51,-0.4,2026-10-02T01:01:04.695736+02:00
295896167,de:11000:900007102:2:53,-0.1,2026-10-02T01:01:04.695736+02:00
295896167,de:11000:900110011:2:52,-0.4,2026-10-02T01:01:04.695736+02:00
295896167,de:11000:900130002:1:50,-0.7,2026-10-02T01:01:04.695736+02:00
295896167,de:11000:900130001:1:50,-0.4,2026-10-02T01:01:04.695736+02:00
295896167,de:11000:900142001:1:50,-0.9,2026-10-02T01:01:04.695736+02:00
295896167,de:11000:900143001:1:51,-0.7,2026-10-02T01:01:04.695736+02:00
295896167,de:11000:900135001:1:50,-0.4,2026-10-02T01:01:04.695736+02:00
295896054,de:11000:900135001:1:50,0.0,2026-10-02T01:01:04.695736+02:00
295896054,de:11000:900143001:1:51,-0.8,2026-10-02T01:01:04.695736+02:00
295896054,de:11000:900142001:1:51,-0.3,2026-10-02T01:01:04.695736+02:00
295896054,de:11000:900130001:1:51,-0.8,2026-10-02T01:01:04.695736+02:00
295896054,de:11000:900130002:1:51,-0.3,2026-10-02T01:01:04.695736+02:00
295896054,de:11000:900110011:1:51,-0.7,2026-10-02T01:01:04.695736+02:00
295896054,de:11000:900007102:1:50,-0.7,2026-10-02T01:01:04.695736+02:00
295896054,de:11000:900008101:1:50,-0.5,2026-10-02T01:01:04.695736+02:00
295896054,de:11000:900007104:1:51,-0.2,2026-10-02T01:01:04.695736+02:00
295896054,de:11000:900100007:1:50,-0.2,2026-10-02T01:01:04.695736+02:00
295896054,de:11000:900100001:4:56,0.0,2026-10-02T01:01:04.695736+02:00
295896054,de:11000:900100025:1:50,-0.9,2026-10-02T01:01:04.695736+02:00
295896054,de:11000:900100020:3:54,-0.9,2026-10-02T01:01:04.695736+02:00
295896054,de:11000:900012101:1:51,0.0,2026-10-02T01:01:04.695736+02:00
295896054,de:11000:900058103:1:50,-0.8,2026-10-02T01:01:04.695736+02:00
295896054,de:11000:900058101:1:50,-0.4,2026-10-02T01:01:04.695736+02:00
295896054,de:11000:900058102:1:50,-0.4,2026-10-02T01:01:04.695736+02:00
295896054,de:11000:900068301:1:50,-0.7,2026-10-02T01:01:04.695736+02:00
295896054,de:11000:900073101:1:50,-0.9,2026-10-02T01:01:04.695736+02:00
295896054,de:11000:900072101:1:50,-0.2,2026-10-02T01:01:04.695736+02:00
295896054,de:11000:900074202:1:50,-0.2,2026-10-02T01:01:04.695736+02:00
295896054,de:11000:900074201:1:50,-0.4,2026-10-02T01:01:04.695736+02:00
295903154,de:12069:900220114:1:50,0.0,2026-10-02T01:01:04.695736+02:00
295903154,de:11000:900064201:1:51,-0.1,2026-10-02T01:01:04.695736+02:00
295903154,de:11000:900064256:1:51,0.0,2026-10-02T01:01:04.695736+02:00
295903154,de:11000:900064301:3:53,-0.3,2026-10-02T01:01:04.695736+02:00
295903154,de:11000:900067221:1:50,-0.3,2026-10-02T01:01:04.695736+02:00
295903154,de:11000:900063452:1:51,-0.4,2026-10-02T01:01:04.695736+02:00
295903154,de:11000:900058102:2:53,-0.5,2026-10-02T01:01:04.695736+02:00
295903154,de:11000:900058101:1:51,-0.3,2026-10-02T01:01:04.695736+02:00
295903154,de:11000:900058103:1:51,0.0,2026-10-02T01:01:04.695736+02:00
295903154,de:11000:900012101:2:53,-0.7,2026-10-02T01:01:04.695736+02:00
295903154,de:11000:900100020:4:57,-0.8,2026-10-02T01:01:04.695736+02:00
295903154,de:11000:900100025:1:51,-0.9,2026-10-02T01:01:04.695736+02:00
295903154,de:11000:900100001:4:57,-0.6,2026-10-02T01:01:04.695736+02:00
295903154,de:11000:900100007:1:51,-0.7,2026-10-02T01:01:04.695736+02:00
295903154,de:11000:900007104:2:52,-0.7,2026-10-02T01:01:04.695736+02:00
295903154,de:11000:900008101:1:51,-0.4,2026-10-02T01:01:04.695736+02:00
295903154,de:11000:900007102:2:53,-0.2,2026-10-02T01:01:04.695736+02:00
295903154,de:11000:900110011:2:52,-0.4,2026-10-02T01:01:04.695736+02:00
295903154,de:11000:900130002:1:50,0.0,2026-10-02T01:01:04.695736+02:00
295903154,de:11000:900130001:1:50,-0.7,2026-10-02T01:01:04.695736+02:00
295903154,de:11000:900142001:1:50,-0.2,2026-10-02T01:01:04.695736+02:00
307435093,de:12063:900210005:1:50,0.0,2026-10-02T01:01:04.695736+02:00
307435093,de:12063:900210326:2:51,0.0,2026-10-02T01:01:04.695736+02:00
307435093,de:12063:900210011:2:51,0.0,2026-10-02T01:01:04.695736+02:00
307435093,de:12063:900210010:2:51,0.0,2026-10-02T01:01:04.695736+02:00
307435093,de:12063:900210180:2:51,0.0,2026-10-02T01:01:04.695736+02:00
307435093,de:11000:900037168:2:51,0.0,2026-10-02T01:01:04.695736+02:00
307435093,de:11000:900029101:3:54,0.0,2026-10-02T01:01:04.695736+02:00
307435093,de:11000:900007102:5:59,0.0,2026-10-02T01:01:04.695736+02:00
307435093,de:11000:900120003:4:56,0.0,2026-10-02T01:01:04.695736+02:00
307435093,de:11000:900192001:1:50,0.0,2026-10-02T01:01:04.695736+02:00
307435071,de:12063:900210005:1:50,0.0,2026-10-02T01:01:04.695736+02:00
307435071,de:12063:900210326:2:51,0.0,2026-10-02T01:01:04.695736+02:00
307435071,de:12063:900210011:2:51,0.0,2026-10-02T01:01:04.695736+02:00
307435071,de:12063:900210010:2:51,0.0,2026-10-02T01:01:04.695736+02:00
307435071,de:12063:900210180:2:51,0.0,2026-10-02T01:01:04.695736+02:00
307435071,de:11000:900037168:2:51,0.0,2026-10-02T01:01:04.695736+02:00
307435071,de:11000:900029101:3:54,0.0,2026-10-02T01:01:04.695736+02:00
307435071,de:11000:900007102:4:57,0.0,2026-10-02T01:01:04.695736+02:00
307435071,de:11000:900120003:4:56,0.0,2026-10-02T01:01:04.695736+02:00
307435071,de:11000:900192001:1:50,0.0,2026-10-02T01:01:04.695736+02:00
295907183,de:12067:900310004:3:52,0.0,2026-10-02T01:01:04.695736+02:00
295907183,de:11000:900183002:1:50,-0.1,2026-10-02T01:01:04.695736+02:00
295907183,de:11000:900183001:1:50,-0.4,2026-10-02T01:01:04.695736+02:00
295907183,de:11000:900182002:1:50,0.0,2026-10-02T01:01:04.695736+02:00
295907183,de:11000:900182001:1:50,-0.2,2026-10-02T01:01:04.695736+02:00
295907183,de:11000:900180001:1:50,-0.7,2026-10-02T01:01:04.695736+02:00
295907183,de:11000:900180002:1:50,-0.7,2026-10-02T01:01:04.695736+02:00
295907183,de:11000:900162001:1:50,-0.9,2026-10-02T01:01:04.695736+02:00
295907183,de:11000:900160002:1:50,0.0,2026-10-02T01:01:04.695736+02:00
295907183,de:11000:900160001:1:50,-0.3,2026-10-02T01:01:04.695736+02:00
295907183,de:11000:900120003:3:55,-0.1,2026-10-02T01:01:04.695736+02:00
295907183,de:11000:900120004:2:53,-0.6,2026-10-02T01:01:04.695736+02:00
295907183,de:11000:900120005:5:58,-0.9,2026-10-02T01:01:04.695736+02:00
295907183,de:11000:900100004:1:51,-0.4,2026-10-02T01:01:04.695736+02:00
295907183,de:11000:900100003:2:53,-0.4,2026-10-02T01:01:04.695736+02:00
295907183,de:11000:900100002:1:51,-0.4,2026-10-02T01:01:04.695736+02:00
295907183,de:11000:900100001:3:55,-0.4,2026-10-02T01:01:04.695736+02:00
295907183,de:11000:900003201:3:55,-0.1,2026-10-02T01:01:04.695736+02:00
295907183,de:11000:900003102:1:51,-0.8,2026-10-02T01:01:04.695736+02:00
295907183,de:11000:900003103:1:51,-0.9,2026-10-02T01:01:04.695736+02:00
295907183,de:11000:900023201:3:55,-0.8,2026-10-02T01:01:04.695736+02:00
295907183,de:11000:900024203:1:51,-0.8,2026-10-02T01:01:04.695736+02:00
295907183,de:11000:900024101:4:57,-0.8,2026-10-02T01:01:04.695736+02:00
295907183,de:11000:900024102:1:50,-0.1,2026-10-02T01:01:04.695736+02:00
295907183,de:11000:900025423:1:50,-0.4,2026-10-02T01:01:04.695736+02:00
295907183,de:11000:900026105:1:50,-0.7,2026-10-02T01:01:04.695736+02:00
295907183,de:11000:900025321:1:50,-0.3,2026-10-02T01:01:04.695736+02:00
295907183,de:11000:900025424:1:50,-0.3,2026-10-02T01:01:04.695736+02:00
295907183,de:11000:900030202:1:50,-0.9,2026-10-02T01:01:04.695736+02:00
295907183,de:11000:900029101:1:50,-0.9,2026-10-02T01:01:04.695736+02:00
295907145,de:12067:900310004:3:53,0.0,2026-10-02T01:01:04.695736+02:00
295907145,de:11000:900183002:1:50,-0.1,2026-10-02T01:01:04.695736+02:00
295907145,de:11000:900183001:1:50,-0.4,2026-10-02T01:01:04.695736+02:00
295907145,de:11000:900182002:1:50,0.0,2026-10-02T01:01:04.695736+02:00
295907145,de:11000:900182001:1:50,-0.2,2026-10-02T01:01:04.695736+02:00
295907145,de:11000:900180001:1:50,-0.7,2026-10-02T01:01:04.695736+02:00
295907145,de:11000:900180002:1:50,-0.7,2026-10-02T01:01:04.695736+02:00
295907145,de:11000:900162001:1:50,-0.9,2026-10-02T01:01:04.695736+02:00
295907145,de:11000:900160002:1:50,0.0,2026-10-02T01:01:04.695736+02:00
295907145,de:11000:900160001:1:50,-0.3,2026-10-02T01:01:04.695736+02:00
295907145,de:11000:900120003:3:55,-0.1,2026-10-02T01:01:04.695736+02:00
295907145,de:11000:900120004:2:53,-0.6,2026-10-02T01:01:04.695736+02:00
295907145,de:11000:900120005:5:58,-0.9,2026-10-02T01:01:04.695736+02:00
295907145,de:11000:900100004:1:51,-0.4,2026-10-02T01:01:04.695736+02:00
295907145,de:11000:900100003:2:53,-0.4,2026-10-02T01:01:04.695736+02:00
295907145,de:11000:900100002:1:51,-0.4,2026-10-02T01:01:04.695736+02:00
295907145,de:11000:900100001:3:55,-0.4,2026-10-02T01:01:04.695736+02:00
295907145,de:11000:900003201:3:55,-0.1,2026-10-02T01:01:04.695736+02:00
295907145,de:11000:900003102:1:51,-0.8,2026-10-02T01:01:04.695736+02:00
295907145,de:11000:900003103:1:51,-0.9,2026-10-02T01:01:04.695736+02:00
295907145,de:11000:900023201:3:55,-0.8,2026-10-02T01:01:04.695736+02:00
295907145,de:11000:900024203:1:51,-0.8,2026-10-02T01:01:04.695736+02:00
295907145,de:11000:900024101:4:57,-0.8,2026-10-02T01:01:04.695736+02:00
295907145,de:11000:900024102:1:50,-0.1,2026-10-02T01:01:04.695736+02:00
295907145,de:11000:900025423:1:50,-0.4,2026-10-02T01:01:04.695736+02:00
295907145,de:11000:900026105:1:50,-0.7,2026-10-02T01:01:04.695736+02:00
295907145,de:11000:900025321:1:50,-0.3,2026-10-02T01:01:04.695736+02:00
295907145,de:11000:900025424:1:50,-0.3,2026-10-02T01:01:04.695736+02:00
295907145,de:11000:900030202:1:50,-0.9,2026-10-02T01:01:04.695736+02:00
295907145,de:11000:900029101:1:50,-0.9,2026-10-02T01:01:04.695736+02:00
306896795,de:12067:900311054::1,0.0,2026-10-02T01:01:04.695736+02:00
306896795,de:12067:900311110::1,0.0,2026-10-02T01:01:04.695736+02:00
306896795,de:12067:900311059::2,0.0,2026-10-02T01:01:04.695736+02:00
306896795,de:12067:900311069::1,0.0,2026-10-02T01:01:04.695736+02:00
306896795,de:12067:900311118::1,0.0,2026-10-02T01:01:04.695736+02:00
306896795,de:12067:900310966::1,0.0,2026-10-02T01:01:04.695736+02:00
306896795,de:12067:900310997::1,0.0,2026-10-02T01:01:04.695736+02:00
306896795,de:12067:900310998::1,0.0,2026-10-02T01:01:04.695736+02:00
306896795,de:12067:900310997::2,0.0,2026-10-02T01:01:04.695736+02:00
306896795,de:12067:900310966::2,0.0,2026-10-02T01:01:04.695736+02:00
306896795,de:12067:900311118::2,0.0,2026-10-02T01:01:04.695736+02:00
306896795,de:12067:900310904::2,0.0,2026-10-02T01:01:04.695736+02:00
306896795,de:12067:900310991::2,0.0,2026-10-02T01:01:04.695736+02:00
306896795,de:12067:900310990::1,0.0,2026-10-02T01:01:04.695736+02:00
306896795,de:12067:900310989::2,0.0,2026-10-02T01:01:04.695736+02:00
306896795,de:12067:900310992::2,-0.5,2026-10-02T01:01:04.695736+02:00
306896795,de:12067:900310995::1,0.0,2026-10-02T01:01:04.695736+02:00
306896795,de:12067:900310779::2,0.0,2026-10-02T01:01:04.695736+02:00
306896795,de:12067:900310808::2,0.0,2026-10-02T01:01:04.695736+02:00
306896795,de:12067:900310822::2,0.0,2026-10-02T01:01:04.695736+02:00
306896795,de:12067:900310781::2,0.0,2026-10-02T01:01:04.695736+02:00
306896795,de:12067:900311155::1,0.0,2026-10-02T01:01:04.695736+02:00
306896795,de:12067:900311149::2,0.0,2026-10-02T01:01:04.695736+02:00
306896795,de:12067:900310001::11,0.0,2026-10-02T01:01:04.695736+02:00
307444524,de:11000:900029101:3:54,0.0,2026-10-02T01:01:04.695736+02:00
307444524,de:11000:900020201:1:50,0.0,2026-10-02T01:01:04.695736+02:00
307444524,de:11000:900003200:1:51,0.0,2026-10-02T01:01:04.695736+02:00
307444524,de:11000:900100020:1:51,0.0,2026-10-02T01:01:04.695736+02:00
307444524,de:11000:900058101:3:54,0.0,2026-10-02T01:01:04.695736+02:00
307444524,de:11000:900064301:1:50,0.0,2026-10-02T01:01:04.695736+02:00
307444524,de:12072:900245029:1:51,0.0,2026-10-02T01:01:04.695736+02:00
307444524,de:12072:900245037:1:50,0.0,2026-10-02T01:01:04.695736+02:00
307444524,de:12072:900245010:1:50,0.0,2026-10-02T01:01:04.695736+02:00
307444524,de:12072:900245016:1:50,0.0,2026-10-02T01:01:04.695736+02:00
307444524,de:12072:900245002:2:52,0.0,2026-10-02T01:01:04.695736+02:00
307444095,de:12062:900415345:2:51,0.0,2026-10-02T01:01:04.695736+02:00
307444095,de:12062:900415683:1:50,0.0,2026-10-02T01:01:04.695736+02:00
307444095,000300839001,0.0,2026-10-02T01:01:04.695736+02:00
307444095,000300838001,0.0,2026-10-02T01:01:04.695736+02:00
307444095,de:12072:900245303:1:50,0.0,2026-10-02T01:01:04.695736+02:00
307444095,de:12072:900245019:2:51,0.0,2026-10-02T01:01:04.695736+02:00
307444095,de:12072:900245002:1:50,0.0,2026-10-02T01:01:04.695736+02:00
307444466,de:12072:900245002:3:53,0.0,2026-10-02T01:01:04.695736+02:00
307444466,de:12072:900245019:2:51,0.0,2026-10-02T01:01:04.695736+02:00
307444466,de:12072:900245303:1:50,0.0,2026-10-02T01:01:04.695736+02:00
307444466,000300838001,0.0,2026-10-02T01:01:04.695736+02:00
307444466,000300839001,0.0,2026-10-02T01:01:04.695736+02:00
307444466,de:12062:900415683:1:50,0.0,2026-10-02T01:01:04.695736+02:00
307444466,de:12062:900415345:2:52,0.0,2026-10-02T01:01:04.695736+02:00
295910970,de:11000:900120005:4:56,0.0,2026-10-02T01:01:04.695736+02:00
295910970,de:11000:900120004:1:50,-0.9,2026-10-02T01:01:04.695736+02:00
295910970,de:11000:900120003:2:53,-0.1,2026-10-02T01:01:04.695736+02:00
295910970,de:11000:900160001:1:51,-0.9,2026-10-02T01:01:04.695736+02:00
295910970,de:11000:900160002:1:50,-0.2,2026-10-02T01:01:04.695736+02:00
295910970,de:11000:900162001:1:51,-0.3,2026-10-02T01:01:04.695736+02:00
307443339,de:12073:900340004:3:52,0.0,2026-10-02T01:01:04.695736+02:00
307443339,de:12060:900350127:3:53,0.0,2026-10-02T01:01:04.695736+02:00
307443339,de:12060:900350160:2:52,0.0,2026-10-02T01:01:04.695736+02:00
307443339,de:11000:900007102:5:58,0.0,2026-10-02T01:01:04.695736+02:00
307443336,de:12073:900341110:1:50,0.0,2026-10-02T01:01:04.695736+02:00
307443336,de:12073:900341111:1:50,0.0,2026-10-02T01:01:04.695736+02:00
307443336,de:12073:900340003:1:50,0.0,2026-10-02T01:01:04.695736+02:00
307443336,de:12073:900340004:1:50,0.0,2026-10-02T01:01:04.695736+02:00
307443336,de:12060:900350125:2:51,0.0,2026-10-02T01:01:04.695736+02:00
307443336,de:12060:900350124:2:51,0.0,2026-10-02T01:01:04.695736+02:00
307443336,de:12060:900350127:3:53,0.0,2026-10-02T01:01:04.695736+02:00
307443336,de:12060:900350126:2:51,0.0,2026-10-02T01:01:04.695736+02:00
307443336,de:12060:900350137:2:51,0.0,2026-10-02T01:01:04.695736+02:00
307443336,de:12060:900350158:2:51,0.0,2026-10-02T01:01:04.695736+02:00
307443336,de:12060:900350160:2:52,0.0,2026-10-02T01:01:04.695736+02:00
307443336,de:11000:900007102:4:57,0.0,2026-10-02T01:01:04.695736+02:00
307443336,de:11000:900003200:1:51,0.0,2026-10-02T01:01:04.695736+02:00
307443336,de:11000:900100020:1:50,0.0,2026-10-02T01:01:04.695736+02:00
307443336,de:11000:900058101:2:53,0.0,2026-10-02T01:01:04.695736+02:00
307443336,de:11000:900064301:1:50,0.0,2026-10-02T01:01:04.695736+02:00
307443336,de:12069:900220001:1:50,0.0,2026-10-02T01:01:04.695736+02:00
307443336,de:12072:900245032:1:50,0.0,2026-10-02T01:01:04.695736+02:00
307443336,de:12072:900245030:1:50,0.0,2026-10-02T01:01:04.695736+02:00
307443336,de:12072:900245029:1:51,0.0,2026-10-02T01:01:04.695736+02:00
307443336,de:12072:900245014:1:50,0.0,2026-10-02T01:01:04.695736+02:00
307443336,de:12072:900245016:1:50,0.0,2026-10-02T01:01:04.695736+02:00
307443336,de:12072:900245002:2:51,0.0,2026-10-02T01:01:04.695736+02:00
307443336,de:12072:900245017:1:50,0.0,2026-10-02T01:01:04.695736+02:00
307443336,de:12072:900245018:2:51,0.0,2026-10-02T01:01:04.695736+02:00
307443336,de:15091:8013371,0.0,2026-10-02T01:01:04.695736+02:00
307443336,de:15091:8011290,0.0,2026-10-02T01:01:04.695736+02:00
307443336,de:15091:8013418,0.0,2026-10-02T01:01:04.695736+02:00
307443336,de:15091:8010222,0.0,2026-10-02T01:01:04.695736+02:00
306895404,de:12067:900311129::3,0.0,2026-10-02T01:01:04.695736+02:00
306895404,de:12067:900310755::2,0.0,2026-10-02T01:01:04.695736+02:00
306895404,de:12067:900310728::2,0.0,2026-10-02T01:01:04.695736+02:00
306895404,de:12067:900310727::2,0.0,2026-10-02T01:01:04.695736+02:00
306895404,de:12067:900310942::1,0.0,2026-10-02T01:01:04.695736+02:00
306895404,de:12067:900310902::1,0.0,2026-10-02T01:01:04.695736+02:00
306895404,de:12067:900311064::1,0.0,2026-10-02T01:01:04.695736+02:00
306895404,de:12067:900311065::1,0.0,2026-10-02T01:01:04.695736+02:00
306895404,de:12067:900310826::1,0.0,2026-10-02T01:01:04.695736+02:00
306895404,de:12067:900311098::1,0.0,2026-10-02T01:01:04.695736+02:00
306895404,de:12067:900310832::1,0.0,2026-10-02T01:01:04.695736+02:00
306895404,de:12067:900310701::2,0.0,2026-10-02T01:01:04.695736+02:00
306895404,de:12067:900310700::1,0.0,2026-10-02T01:01:04.695736+02:00
306895404,de:12067:900310731::2,0.0,2026-10-02T01:01:04.695736+02:00
306895404,de:12067:900311079::2,0.0,2026-10-02T01:01:04.695736+02:00
306895404,de:12067:900311009::1,0.0,2026-10-02T01:01:04.695736+02:00
306895404,de:12067:900311076::1,0.0,2026-10-02T01:01:04.695736+02:00
306895404,de:12067:900310613::1,0.0,2026-10-02T01:01:04.695736+02:00
295910336,de:12067:900310004:3:52,0.0,2026-10-02T01:01:04.695736+02:00
295910336,de:11000:900183002:1:50,-0.1,2026-10-02T01:01:04.695736+02:00
295910336,de:11000:900183001:1:50,-0.4,2026-10-02T01:01:04.695736+02:00
295910336,de:11000:900182002:1:50,0.0,2026-10-02T01:01:04.695736+02:00
295910336,de:11000:900182001:1:50,-0.2,2026-10-02T01:01:04.695736+02:00
295910336,de:11000:900180001:1:50,-0.7,2026-10-02T01:01:04.695736+02:00
295910336,de:11000:900180002:1:50,-0.7,2026-10-02T01:01:04.695736+02:00
295910336,de:11000:900162001:1:50,-0.9,2026-10-02T01:01:04.695736+02:00
295910336,de:11000:900160002:1:50,0.0,2026-10-02T01:01:04.695736+02:00
295910336,de:11000:900160001:1:50,-0.3,2026-10-02T01:01:04.695736+02:00
295910336,de:11000:900120003:3:55,-0.1,2026-10-02T01:01:04.695736+02:00
295910336,de:11000:900120004:2:53,-0.6,2026-10-02T01:01:04.695736+02:00
295910336,de:11000:900120005:5:58,-0.9,2026-10-02T01:01:04.695736+02:00
295910336,de:11000:900100004:1:51,-0.9,2026-10-02T01:01:04.695736+02:00
295910336,de:11000:900100003:2:53,-0.9,2026-10-02T01:01:04.695736+02:00
295910336,de:11000:900100002:1:51,-0.9,2026-10-02T01:01:04.695736+02:00
295910336,de:11000:900100001:3:55,-0.9,2026-10-02T01:01:04.695736+02:00
295910336,de:11000:900003201:3:55,-0.6,2026-10-02T01:01:04.695736+02:00
295910336,de:11000:900003102:1:51,-0.3,2026-10-02T01:01:04.695736+02:00
295910336,de:11000:900003103:1:51,-0.4,2026-10-02T01:01:04.695736+02:00
295910336,de:11000:900023201:3:55,-0.3,2026-10-02T01:01:04.695736+02:00
295910336,de:11000:900024203:1:51,-0.3,2026-10-02T01:01:04.695736+02:00
295910336,de:11000:900024101:4:56,-0.3,2026-10-02T01:01:04.695736+02:00
307446360,de:14729:8013361,0.0,2026-10-02T01:01:04.695736+02:00
307446360,de:14729:8013362,0.0,2026-10-02T01:01:04.695736+02:00
307446360,de:14729:8011018,0.0,2026-10-02T01:01:04.695736+02:00
307446360,de:14729:8012284,0.0,2026-10-02T01:01:04.695736+02:00
307446360,de:14729:8011626,0.0,2026-10-02T01:01:04.695736+02:00
307446360,de:14729:8010059,0.0,2026-10-02T01:01:04.695736+02:00
307446360,de:14713:8011491,0.0,2026-10-02T01:01:04.695736+02:00
307446360,de:14713:8010008,0.0,2026-10-02T01:01:04.695736+02:00
307446360,de:14713:8012194,0.0,2026-10-02T01:01:04.695736+02:00
307446360,de:14713:8012343,0.0,2026-10-02T01:01:04.695736+02:00
307446360,de:14713:8012187,0.0,2026-10-02T01:01:04.695736+02:00
307446360,de:14713:8012184,0.0,2026-10-02T01:01:04.695736+02:00
307446360,de:14713:8012202,0.0,2026-10-02T01:01:04.695736+02:00
307446360,de:14713:8012186,0.0,2026-10-02T01:01:04.695736+02:00
307446360,de:14713:8098205,0.0,2026-10-02T01:01:04.695736+02:00
307446360,de:14713:8012196,0.0,2026-10-02T01:01:04.695736+02:00
307446360,000008012273,0.0,2026-10-02T01:01:04.695736+02:00
307446360,de:14713:8012195,0.0,2026-10-02T01:01:04.695736+02:00
307446360,de:14713:8012190,0.0,2026-10-02T01:01:04.695736+02:00
307446360,de:14730:8013093,0.0,2026-10-02T01:01:04.695736+02:00
307446360,de:14730:8012656,0.0,2026-10-02T01:01:04.695736+02:00
307446360,de:14730:8011959,0.0,2026-10-02T01:01:04.695736+02:00
307446360,de:14730:8010095,0.0,2026-10-02T01:01:04.695736+02:00
307446360,de:14730:8010161,0.0,2026-10-02T01:01:04.695736+02:00
307446360,de:14730:8011387,0.0,2026-10-02T01:01:04.695736+02:00
307446360,de:14730:8012371,0.0,2026-10-02T01:01:04.695736+02:00
307446360,de:14730:8010351,0.0,2026-10-02T01:01:04.695736+02:00
307446360,de:14730:8011131,0.0,2026-10-02T01:01:04.695736+02:00
307446360,de:12062:900416072:1:50,0.0,2026-10-02T01:01:04.695736+02:00
307446360,de:12062:900415345:5:56,0.0,2026-10-02T01:01:04.695736+02:00
295910322,de:12067:900310004:3:53,0.0,2026-10-02T01:01:04.695736+02:00
295910322,de:11000:900183002:1:50,-0.1,2026-10-02T01:01:04.695736+02:00
295910322,de:11000:900183001:1:50,-0.4,2026-10-02T01:01:04.695736+02:00
295910322,de:11000:900182002:1:50,0.0,2026-10-02T01:01:04.695736+02:00
295910322,de:11000:900182001:1:50,-0.2,2026-10-02T01:01:04.695736+02:00
295910322,de:11000:900180001:1:50,-0.7,2026-10-02T01:01:04.695736+02:00
295910322,de:11000:900180002:1:50,-0.7,2026-10-02T01:01:04.695736+02:00
295910322,de:11000:900162001:1:50,-0.9,2026-10-02T01:01:04.695736+02:00
295910322,de:11000:900160002:1:50,0.0,2026-10-02T01:01:04.695736+02:00
295910322,de:11000:900160001:1:50,-0.3,2026-10-02T01:01:04.695736+02:00
295910322,de:11000:900120003:3:55,-0.1,2026-10-02T01:01:04.695736+02:00
295910322,de:11000:900120004:2:53,-0.6,2026-10-02T01:01:04.695736+02:00
295910322,de:11000:900120005:5:58,-0.9,2026-10-02T01:01:04.695736+02:00
295910322,de:11000:900100004:1:51,-0.9,2026-10-02T01:01:04.695736+02:00
295910322,de:11000:900100003:2:53,-0.9,2026-10-02T01:01:04.695736+02:00
295910322,de:11000:900100002:1:51,-0.9,2026-10-02T01:01:04.695736+02:00
295910322,de:11000:900100001:3:55,-0.9,2026-10-02T01:01:04.695736+02:00
295910322,de:11000:900003201:3:55,-0.6,2026-10-02T01:01:04.695736+02:00
295910322,de:11000:900003102:1:51,-0.3,2026-10-02T01:01:04.695736+02:00
295910322,de:11000:900003103:1:51,-0.4,2026-10-02T01:01:04.695736+02:00
295910322,de:11000:900023201:3:55,-0.3,2026-10-02T01:01:04.695736+02:00
295910322,de:11000:900024203:1:51,-0.3,2026-10-02T01:01:04.695736+02:00
295910322,de:11000:900024101:4:56,-0.3,2026-10-02T01:01:04.695736+02:00
295910322,de:11000:900024102:1:51,-0.6,2026-10-02T01:01:04.695736+02:00
295910322,de:11000:900048101:1:51,-0.8,2026-10-02T01:01:04.695736+02:00
295910321,de:12067:900310004:3:53,0.0,2026-10-02T01:01:04.695736+02:00
295910321,de:11000:900183002:1:50,-0.1,2026-10-02T01:01:04.695736+02:00
295910321,de:11000:900183001:1:50,-0.4,2026-10-02T01:01:04.695736+02:00
295910321,de:11000:900182002:1:50,0.0,2026-10-02T01:01:04.695736+02:00
295910321,de:11000:900182001:1:50,-0.2,2026-10-02T01:01:04.695736+02:00
295910321,de:11000:900180001:1:50,-0.7,2026-10-02T01:01:04.695736+02:00
295910321,de:11000:900180002:1:50,-0.7,2026-10-02T01:01:04.695736+02:00
295910321,de:11000:900162001:1:50,-0.9,2026-10-02T01:01:04.695736+02:00
295910321,de:11000:900160002:1:50,0.0,2026-10-02T01:01:04.695736+02:00
295910321,de:11000:900160001:1:50,-0.3,2026-10-02T01:01:04.695736+02:00
295910321,de:11000:900120003:3:55,-0.1,2026-10-02T01:01:04.695736+02:00
295910321,de:11000:900120004:2:53,-0.6,2026-10-02T01:01:04.695736+02:00
295910321,de:11000:900120005:5:58,-0.9,2026-10-02T01:01:04.695736+02:00
295910321,de:11000:900100004:1:51,-0.9,2026-10-02T01:01:04.695736+02:00
295910321,de:11000:900100003:2:53,-0.9,2026-10-02T01:01:04.695736+02:00
295910321,de:11000:900100002:1:51,-0.9,2026-10-02T01:01:04.695736+02:00
295910321,de:11000:900100001:3:55,-0.9,2026-10-02T01:01:04.695736+02:00
295910321,de:11000:900003201:3:55,-0.6,2026-10-02T01:01:04.695736+02:00
295910321,de:11000:900003102:1:51,-0.3,2026-10-02T01:01:04.695736+02:00
295910321,de:11000:900003103:1:51,-0.4,2026-10-02T01:01:04.695736+02:00
295910321,de:11000:900023201:3:55,-0.3,2026-10-02T01:01:04.695736+02:00
295910321,de:11000:900024203:1:51,-0.3,2026-10-02T01:01:04.695736+02:00
295910321,de:11000:900024101:4:56,-0.3,2026-10-02T01:01:04.695736+02:00
295910321,de:11000:900024102:1:51,-0.6,2026-10-02T01:01:04.695736+02:00
295910321,de:11000:900048101:1:51,-0.8,2026-10-02T01:01:04.695736+02:00
306896476,de:12067:900310001::3,0.0,2026-10-02T01:01:04.695736+02:00
306896476,de:12067:900310816::1,0.0,2026-10-02T01:01:04.695736+02:00
306896476,de:12067:900310627::1,0.0,2026-10-02T01:01:04.695736+02:00
306896476,de:12067:900310781::1,0.0,2026-10-02T01:01:04.695736+02:00
306896476,de:12067:900310822::1,0.0,2026-10-02T01:01:04.695736+02:00
306896476,de:12067:900310771::1,0.0,2026-10-02T01:01:04.695736+02:00
306896476,de:12067:900310811::1,0.0,2026-10-02T01:01:04.695736+02:00
306896476,de:12067:900310630::1,0.0,2026-10-02T01:01:04.695736+02:00
306896476,de:12067:900310812::1,0.0,2026-10-02T01:01:04.695736+02:00
306896476,de:12067:900310695::2,0.0,2026-10-02T01:01:04.695736+02:00
306896476,de:12067:900310769::1,0.0,2026-10-02T01:01:04.695736+02:00
306896476,de:12067:900310810::2,0.0,2026-10-02T01:01:04.695736+02:00
306896476,de:12067:900310972::1,0.0,2026-10-02T01:01:04.695736+02:00
306896476,de:12067:900310970::1,0.0,2026-10-02T01:01:04.695736+02:00
306896476,de:12067:900310105::1,0.0,2026-10-02T01:01:04.695736+02:00
306896476,de:12067:900310040::1,0.0,2026-10-02T01:01:04.695736+02:00
306896476,de:12067:900310109::1,0.0,2026-10-02T01:01:04.695736+02:00
306896476,de:12067:900310631::1,0.0,2026-10-02T01:01:04.695736+02:00
306896476,de:12067:900310106::1,0.0,2026-10-02T01:01:04.695736+02:00
306896476,de:12067:900310115::1,0.0,2026-10-02T01:01:04.695736+02:00
306896476,de:12067:900310119::1,0.0,2026-10-02T01:01:04.695736+02:00
306896476,de:12067:900310114::1,0.0,2026-10-02T01:01:04.695736+02:00
306896476,de:12067:900310103::1,0.0,2026-10-02T01:01:04.695736+02:00
306896476,de:12067:900310102::1,0.0,2026-10-02T01:01:04.695736+02:00
306896476,de:12067:900310104::1,0.0,2026-10-02T01:01:04.695736+02:00
306896476,de:12067:900310116::1,0.0,2026-10-02T01:01:04.695736+02:00
306896476,de:12067:900310113::1,0.0,2026-10-02T01:01:04.695736+02:00
306896476,de:12067:900310107::1,0.0,2026-10-02T01:01:04.695736+02:00
306896476,de:12067:900311082::1,0.0,2026-10-02T01:01:04.695736+02:00
306896476,de:12067:900310751::1,0.0,2026-10-02T01:01:04.695736+02:00
306896476,de:12067:900311077::1,0.0,2026-10-02T01:01:04.695736+02:00
306896476,de:12067:900311078::1,0.0,2026-10-02T01:01:04.695736+02:00
306896476,de:12067:900310613::1,0.0,2026-10-02T01:01:04.695736+02:00
307280563,de:11000:900020202:1:51,0.0,2026-10-02T01:01:04.695736+02:00
307280563,de:11000:900001201:1:51,-0.2,2026-10-02T01:01:04.695736+02:00
307280563,de:11000:900009104:1:51,-0.8,2026-10-02T01:01:04.695736+02:00
307280563,de:11000:900007102:2:52,-0.9,2026-10-02T01:01:04.695736+02:00
307280563,de:11000:900110001:1:50,-0.6,2026-10-02T01:01:04.695736+02:00
307280563,de:11000:900110002:1:50,-0.4,2026-10-02T01:01:04.695736+02:00
307280563,de:11000:900110003:1:50,-0.4,2026-10-02T01:01:04.695736+02:00
307280563,de:11000:900110004:1:50,-0.8,2026-10-02T01:01:04.695736+02:00
307280563,de:11000:900110012:1:50,-0.7,2026-10-02T01:01:04.695736+02:00
307280563,de:11000:900120001:1:50,-0.7,2026-10-02T01:01:04.695736+02:00
307280563,de:11000:900120003:5:58,-0.1,2026-10-02T01:01:04.695736+02:00
307280563,de:11000:900190001:1:50,-0.4,2026-10-02T01:01:04.695736+02:00
307280563,de:11000:900077106:1:50,-0.4,2026-10-02T01:01:04.695736+02:00
307280563,de:11000:900078201:1:50,-0.3,2026-10-02T01:01:04.695736+02:00
307280563,de:11000:900079221:1:50,-0.2,2026-10-02T01:01:04.695736+02:00
307280563,de:11000:900068201:1:50,-0.8,2026-10-02T01:01:04.695736+02:00
307280563,de:11000:900058101:5:58,-0.1,2026-10-02T01:01:04.695736+02:00
307280563,de:11000:900054104:2:52,-0.2,2026-10-02T01:01:04.695736+02:00
307280563,de:11000:900054105:1:50,-0.9,2026-10-02T01:01:04.695736+02:00
307280563,de:11000:900044202:1:50,-0.7,2026-10-02T01:01:04.695736+02:00
307280563,de:11000:900045102:1:50,-0.7,2026-10-02T01:01:04.695736+02:00
307280563,de:11000:900044101:1:50,-0.8,2026-10-02T01:01:04.695736+02:00
307280563,de:11000:900040101:1:50,-0.8,2026-10-02T01:01:04.695736+02:00
307283048,de:11000:900009104:1:51,0.0,2026-10-02T01:01:04.695736+02:00
307283048,de:11000:900007102:2:52,-0.9,2026-10-02T01:01:04.695736+02:00
307283048,de:11000:900110001:1:50,-0.6,2026-10-02T01:01:04.695736+02:00
307283048,de:11000:900110002:1:50,-0.4,2026-10-02T01:01:04.695736+02:00
307283048,de:11000:900110003:1:50,-0.4,2026-10-02T01:01:04.695736+02:00
307283048,de:11000:900110004:1:50,-0.8,2026-10-02T01:01:04.695736+02:00
307283048,de:11000:900110012:1:50,-0.7,2026-10-02T01:01:04.695736+02:00
307283048,de:11000:900120001:1:50,-0.7,2026-10-02T01:01:04.695736+02:00
307283048,de:11000:900120003:5:58,-0.1,2026-10-02T01:01:04.695736+02:00
307283048,de:11000:900190001:1:50,-0.4,2026-10-02T01:01:04.695736+02:00
307283048,de:11000:900077106:1:50,-0.4,2026-10-02T01:01:04.695736+02:00
307283048,de:11000:900078201:1:50,-0.3,2026-10-02T01:01:04.695736+02:00
307283048,de:11000:900079221:1:50,-0.2,2026-10-02T01:01:04.695736+02:00
306896551,de:12067:900310081::1,0.0,2026-10-02T01:01:04.695736+02:00
306896551,de:12067:900310710::1,0.0,2026-10-02T01:01:04.695736+02:00
306896551,de:12067:900310708::1,0.0,2026-10-02T01:01:04.695736+02:00
306896551,de:12067:900310710::2,0.0,2026-10-02T01:01:04.695736+02:00
306896551,de:12067:900310709::2,0.0,2026-10-02T01:01:04.695736+02:00
306896551,de:12067:900310869::1,0.0,2026-10-02T01:01:04.695736+02:00
306896551,de:12067:900310870::2,0.0,2026-10-02T01:01:04.695736+02:00
306896551,de:12067:900310872::2,0.0,2026-10-02T01:01:04.695736+02:00
306896551,de:12067:900310871::2,0.0,2026-10-02T01:01:04.695736+02:00
306896551,de:12067:900311046::2,0.0,2026-10-02T01:01:04.695736+02:00
306896551,de:12067:900310633::2,0.0,2026-10-02T01:01:04.695736+02:00
306896551,de:12067:900311047::2,0.0,2026-10-02T01:01:04.695736+02:00
306896551,de:12067:900311044::2,0.0,2026-10-02T01:01:04.695736+02:00
306896551,de:12067:900311108::2,0.0,2026-10-02T01:01:04.695736+02:00
306896551,de:12067:900310746::1,0.0,2026-10-02T01:01:04.695736+02:00
306896551,de:12067:900310960::2,0.0,2026-10-02T01:01:04.695736+02:00
306896551,de:12067:900310961::2,0.0,2026-10-02T01:01:04.695736+02:00
306896551,de:12067:900310818::2,0.0,2026-10-02T01:01:04.695736+02:00
306896551,de:12067:900310825::1,0.0,2026-10-02T01:01:04.695736+02:00
306896551,de:12067:900310835::2,0.0,2026-10-02T01:01:04.695736+02:00
306896551,de:12067:900310001::9,0.0,2026-10-02T01:01:04.695736+02:00
306896551,de:12067:900311149::2,0.0,2026-10-02T01:01:04.695736+02:00
306896551,de:12067:900310001::11,0.0,2026-10-02T01:01:04.695736+02:00
307286653,de:11000:900024101:3:54,0.0,2026-10-02T01:01:04.695736+02:00
307286653,de:11000:900040101:1:50,-0.2,2026-10-02T01:01:04.695736+02:00
307286653,de:11000:900044101:1:50,-0.3,2026-10-02T01:01:04.695736+02:00
307286653,de:11000:900045102:1:51,-0.4,2026-10-02T01:01:04.695736+02:00
307286653,de:11000:900044202:1:51,-0.4,2026-10-02T01:01:04.695736+02:00
307286653,de:11000:900054105:1:51,-0.2,2026-10-02T01:01:04.695736+02:00
307286653,de:11000:900054104:2:53,-0.8,2026-10-02T01:01:04.695736+02:00
307286653,de:11000:900058101:5:59,-0.2,2026-10-02T01:01:04.695736+02:00
307286653,de:11000:900068201:1:51,-0.8,2026-10-02T01:01:04.695736+02:00
307286653,de:11000:900079221:1:51,-0.4,2026-10-02T01:01:04.695736+02:00
307286653,de:11000:900078201:1:51,-0.1,2026-10-02T01:01:04.695736+02:00
307286653,de:11000:900077106:1:51,0.0,2026-10-02T01:01:04.695736+02:00
307286653,de:11000:900190001:2:52,-0.9,2026-10-02T01:01:04.695736+02:00
307286653,de:11000:900120003:5:59,-0.4,2026-10-02T01:01:04.695736+02:00
307286653,de:11000:900120001:1:51,0.0,2026-10-02T01:01:04.695736+02:00
307286653,de:11000:900110012:1:51,-0.2,2026-10-02T01:01:04.695736+02:00
307286653,de:11000:900110004:1:51,-0.1,2026-10-02T01:01:04.695736+02:00
307286653,de:11000:900110003:1:51,-0.4,2026-10-02T01:01:04.695736+02:00
307286653,de:11000:900110002:1:51,-0.4,2026-10-02T01:01:04.695736+02:00
307286653,de:11000:900110001:1:51,-0.1,2026-10-02T01:01:04.695736+02:00
307286653,de:11000:900007102:1:51,-0.6,2026-10-02T01:01:04.695736+02:00
307286653,de:11000:900009104:1:51,-0.8,2026-10-02T01:01:04.695736+02:00
307286653,de:11000:900001201:1:51,-0.3,2026-10-02T01:01:04.695736+02:00
307286653,de:11000:900020202:1:51,-0.1,2026-10-02T01:01:04.695736+02:00
307286709,de:11000:900040101:1:50,0.0,2026-10-02T01:01:04.695736+02:00
307286709,de:11000:900044101:1:50,-0.8,2026-10-02T01:01:04.695736+02:00
307286709,de:11000:900045102:1:51,-0.9,2026-10-02T01:01:04.695736+02:00
307286709,de:11000:900044202:1:51,-0.9,2026-10-02T01:01:04.695736+02:00
307286709,de:11000:900054105:1:51,-0.7,2026-10-02T01:01:04.695736+02:00
307286709,de:11000:900054104:2:53,-0.3,2026-10-02T01:01:04.695736+02:00
307286709,de:11000:900058101:5:59,-0.2,2026-10-02T01:01:04.695736+02:00
307286709,de:11000:900068201:1:51,-0.8,2026-10-02T01:01:04.695736+02:00
307286709,de:11000:900079221:1:51,-0.4,2026-10-02T01:01:04.695736+02:00
307286709,de:11000:900078201:1:51,-0.1,2026-10-02T01:01:04.695736+02:00
307286709,de:11000:900077106:1:51,0.0,2026-10-02T01:01:04.695736+02:00
307286709,de:11000:900190001:2:52,-0.9,2026-10-02T01:01:04.695736+02:00
307286709,de:11000:900120003:5:59,-0.4,2026-10-02T01:01:04.695736+02:00
307286709,de:11000:900120001:1:51,0.0,2026-10-02T01:01:04.695736+02:00
307286709,de:11000:900110012:1:51,-0.2,2026-10-02T01:01:04.695736+02:00
307286709,de:11000:900110004:1:51,-0.1,2026-10-02T01:01:04.695736+02:00
307286709,de:11000:900110003:1:51,-0.4,2026-10-02T01:01:04.695736+02:00
307286709,de:11000:900110002:1:51,-0.4,2026-10-02T01:01:04.695736+02:00
307286709,de:11000:900110001:1:51,-0.1,2026-10-02T01:01:04.695736+02:00
307286709,de:11000:900007102:1:51,-0.6,2026-10-02T01:01:04.695736+02:00
307286709,de:11000:900009104:1:50,-0.8,2026-10-02T01:01:04.695736+02:00
307286709,de:11000:900001201:1:50,-0.3,2026-10-02T01:01:04.695736+02:00
307286709,de:11000:900020202:1:50,-0.1,2026-10-02T01:01:04.695736+02:00
307292211,de:11000:900044202:1:51,0.0,2026-10-02T01:01:04.695736+02:00
307292211,de:11000:900054105:1:51,-0.2,2026-10-02T01:01:04.695736+02:00
307292211,de:11000:900054104:2:53,-0.8,2026-10-02T01:01:04.695736+02:00
307292211,de:11000:900058101:5:59,-0.7,2026-10-02T01:01:04.695736+02:00
307292211,de:11000:900068201:1:51,-0.3,2026-10-02T01:01:04.695736+02:00
307292211,de:11000:900079221:1:51,-0.9,2026-10-02T01:01:04.695736+02:00
307292211,de:11000:900078201:1:51,-0.6,2026-10-02T01:01:04.695736+02:00
307292211,de:11000:900077155:1:51,-0.2,2026-10-02T01:01:04.695736+02:00
307292211,de:11000:900191001:2:51,-0.7,2026-10-02T01:01:04.695736+02:00
307292211,de:11000:900192001:2:52,-0.7,2026-10-02T01:01:04.695736+02:00
307292211,de:11000:900193001:1:50,-0.2,2026-10-02T01:01:04.695736+02:00
307292211,de:11000:900193002:1:50,-0.8,2026-10-02T01:01:04.695736+02:00
307292211,de:11000:900186001:1:50,-0.8,2026-10-02T01:01:04.695736+02:00
307292211,de:12061:900260004:1:50,-0.2,2026-10-02T01:01:04.695736+02:00
307292211,de:12061:900260003:1:50,-0.4,2026-10-02T01:01:04.695736+02:00
307292211,de:12061:900260002:1:51,-0.2,2026-10-02T01:01:04.695736+02:00
307292211,de:12061:900260001:2:52,-0.2,2026-10-02T01:01:04.695736+02:00
295928977,de:11000:900186001:2:52,0.0,2026-10-02T01:01:04.695736+02:00
295928977,de:11000:900193002:1:51,-0.2,2026-10-02T01:01:04.695736+02:00
295928977,de:11000:900193001:2:51,-0.8,2026-10-02T01:01:04.695736+02:00
295928977,de:11000:900192001:3:55,-0.7,2026-10-02T01:01:04.695736+02:00
295928977,de:11000:900191001:1:50,-0.4,2026-10-02T01:01:04.695736+02:00
295928977,de:11000:900077155:1:50,-0.9,2026-10-02T01:01:04.695736+02:00
295928977,de:11000:900078201:1:50,-0.9,2026-10-02T01:01:04.695736+02:00
295928977,de:11000:900079221:1:50,-0.7,2026-10-02T01:01:04.695736+02:00
295932990,de:11000:900058101:5:59,0.0,2026-10-02T01:01:04.695736+02:00
295932990,de:11000:900068201:1:51,-0.3,2026-10-02T01:01:04.695736+02:00
295932990,de:11000:900079221:1:51,-0.9,2026-10-02T01:01:04.695736+02:00
295932990,de:11000:900078201:1:51,-0.6,2026-10-02T01:01:04.695736+02:00
295932990,de:11000:900077155:1:51,-0.2,2026-10-02T01:01:04.695736+02:00
295932990,de:11000:900191001:2:51,-0.7,2026-10-02T01:01:04.695736+02:00
295932990,de:11000:900192001:2:53,-0.7,2026-10-02T01:01:04.695736+02:00
295932990,de:11000:900192002:1:50,-0.5,2026-10-02T01:01:04.695736+02:00
295932990,de:11000:900180003:1:50,-0.7,2026-10-02T01:01:04.695736+02:00
295932987,de:11000:900058101:5:59,0.0,2026-10-02T01:01:04.695736+02:00
295932987,de:11000:900068201:1:51,-0.3,2026-10-02T01:01:04.695736+02:00
295932987,de:11000:900079221:1:51,-0.9,2026-10-02T01:01:04.695736+02:00
295932987,de:11000:900078201:1:51,-0.6,2026-10-02T01:01:04.695736+02:00
295932987,de:11000:900077155:1:51,-0.2,2026-10-02T01:01:04.695736+02:00
295932987,de:11000:900191001:2:51,-0.7,2026-10-02T01:01:04.695736+02:00
295932987,de:11000:900192001:2:53,-0.7,2026-10-02T01:01:04.695736+02:00
295932987,de:11000:900192002:1:50,-0.5,2026-10-02T01:01:04.695736+02:00
295932987,de:11000:900180003:1:50,-0.7,2026-10-02T01:01:04.695736+02:00
295932982,de:11000:900058101:5:59,0.0,2026-10-02T01:01:04.695736+02:00
295932982,de:11000:900068201:1:51,-0.3,2026-10-02T01:01:04.695736+02:00
295932982,de:11000:900079221:1:51,-0.9,2026-10-02T01:01:04.695736+02:00
295932982,de:11000:900078201:1:51,-0.6,2026-10-02T01:01:04.695736+02:00
295932982,de:11000:900077155:1:51,-0.2,2026-10-02T01:01:04.695736+02:00
295932982,de:11000:900191001:2:51,-0.7,2026-10-02T01:01:04.695736+02:00
295932982,de:11000:900192001:2:53,-0.7,2026-10-02T01:01:04.695736+02:00
295932982,de:11000:900192002:1:50,-0.5,2026-10-02T01:01:04.695736+02:00
295932982,de:11000:900180003:1:50,-0.7,2026-10-02T01:01:04.695736+02:00
306896983,de:12067:900311354::1,0.0,2026-10-02T01:01:04.695736+02:00
306896983,de:12067:900311320::2,0.0,2026-10-02T01:01:04.695736+02:00
306896983,de:12067:900311305::2,0.0,2026-10-02T01:01:04.695736+02:00
306896983,de:12067:900311383::6,0.0,2026-10-02T01:01:04.695736+02:00
306896983,de:12067:900311315::2,0.0,2026-10-02T01:01:04.695736+02:00
306896983,de:12067:900311348::2,0.0,2026-10-02T01:01:04.695736+02:00
306896983,de:12067:900311308::4,0.0,2026-10-02T01:01:04.695736+02:00
306897119,de:12067:900311308::5,0.0,2026-10-02T01:01:04.695736+02:00
306897119,de:12067:900311335::1,0.0,2026-10-02T01:01:04.695736+02:00
306897119,de:12067:900311339::1,0.0,2026-10-02T01:01:04.695736+02:00
306897119,de:12067:900311301::1,0.0,2026-10-02T01:01:04.695736+02:00
306897119,de:12067:900311373::1,0.0,2026-10-02T01:01:04.695736+02:00
306897119,de:12067:900311370::1,0.0,2026-10-02T01:01:04.695736+02:00
306897119,de:12067:900311590::1,0.0,2026-10-02T01:01:04.695736+02:00
306897119,de:12067:900311592::1,0.0,2026-10-02T01:01:04.695736+02:00
306897119,de:12067:900311634::1,0.0,2026-10-02T01:01:04.695736+02:00
306897119,de:12067:900311632::1,0.0,2026-10-02T01:01:04.695736+02:00
306897119,de:12067:900311622::1,0.0,2026-10-02T01:01:04.695736+02:00
306897119,de:12067:900311624::1,0.0,2026-10-02T01:01:04.695736+02:00
306897119,de:12067:900311232::2,0.0,2026-10-02T01:01:04.695736+02:00
306897119,de:12067:900311236::1,0.0,2026-10-02T01:01:04.695736+02:00
306897119,de:12067:900311234::1,0.0,2026-10-02T01:01:04.695736+02:00
306897119,de:12067:900311238::1,0.0,2026-10-02T01:01:04.695736+02:00
307301979,de:11000:900024102:2:52,0.0,2026-10-02T01:01:04.695736+02:00
307301979,de:11000:900024101:3:55,-0.8,2026-10-02T01:01:04.695736+02:00
307301979,de:11000:900024203:1:51,-0.8,2026-10-02T01:01:04.695736+02:00
307301979,de:11000:900023201:3:54,-0.7,2026-10-02T01:01:04.695736+02:00
307301979,de:11000:900003103:1:50,-0.8,2026-10-02T01:01:04.695736+02:00
307301979,de:11000:900003102:1:50,-0.9,2026-10-02T01:01:04.695736+02:00
307301979,de:11000:900003201:3:54,-0.5,2026-10-02T01:01:04.695736+02:00
307301979,de:11000:900100001:3:54,-0.1,2026-10-02T01:01:04.695736+02:00
307301979,de:11000:900100002:1:50,-0.4,2026-10-02T01:01:04.695736+02:00
307301979,de:11000:900100003:2:52,-0.1,2026-10-02T01:01:04.695736+02:00
307301979,de:11000:900100004:1:50,-0.4,2026-10-02T01:01:04.695736+02:00
307301979,de:11000:900120005:4:55,-0.6,2026-10-02T01:01:04.695736+02:00
307301979,de:11000:900120004:1:50,-0.1,2026-10-02T01:01:04.695736+02:00
307301979,de:11000:900120003:2:53,-0.4,2026-10-02T01:01:04.695736+02:00
307301979,de:11000:900160003:1:50,-0.7,2026-10-02T01:01:04.695736+02:00
307301979,de:11000:900160004:1:50,-0.7,2026-10-02T01:01:04.695736+02:00
307301979,de:11000:900171002:1:50,-0.2,2026-10-02T01:01:04.695736+02:00
307301979,de:11000:900171001:2:51,-0.3,2026-10-02T01:01:04.695736+02:00
307301979,de:11000:900175001:2:51,-0.5,2026-10-02T01:01:04.695736+02:00
307301979,de:11000:900175002:1:51,0.0,2026-10-02T01:01:04.695736+02:00
307301979,de:11000:900176001:2:52,-0.3,2026-10-02T01:01:04.695736+02:00
307301979,de:12064:900320026:1:51,-0.1,2026-10-02T01:01:04.695736+02:00
307301979,de:12064:900320008:1:50,-0.7,2026-10-02T01:01:04.695736+02:00
307301979,de:12064:900320007:1:50,-0.4,2026-10-02T01:01:04.695736+02:00
307301979,de:12064:900320006:1:50,-0.8,2026-10-02T01:01:04.695736+02:00
307301979,de:12064:900320005:1:50,-0.2,2026-10-02T01:01:04.695736+02:00
307301979,de:12064:900320004:2:51,-0.9,2026-10-02T01:01:04.695736+02:00
307301979,de:12064:900320003:1:50,-0.8,2026-10-02T01:01:04.695736+02:00
307301979,de:12064:900320002:1:50,-0.5,2026-10-02T01:01:04.695736+02:00
307301979,de:12064:900320001:1:50,-0.2,2026-10-02T01:01:04.695736+02:00
307301749,de:11000:900024102:2:52,0.0,2026-10-02T01:01:04.695736+02:00
307301749,de:11000:900024101:3:55,-0.8,2026-10-02T01:01:04.695736+02:00
307301749,de:11000:900024203:1:51,-0.8,2026-10-02T01:01:04.695736+02:00
307301749,de:11000:900023201:3:54,-0.7,2026-10-02T01:01:04.695736+02:00
307301749,de:11000:900003103:1:50,-0.8,2026-10-02T01:01:04.695736+02:00
307301749,de:11000:900003102:1:50,-0.9,2026-10-02T01:01:04.695736+02:00
307301749,de:11000:900003201:3:54,-0.5,2026-10-02T01:01:04.695736+02:00
307301749,de:11000:900100001:3:54,-0.1,2026-10-02T01:01:04.695736+02:00
307301749,de:11000:900100002:1:50,-0.4,2026-10-02T01:01:04.695736+02:00
307301749,de:11000:900100003:2:52,-0.1,2026-10-02T01:01:04.695736+02:00
307301749,de:11000:900100004:1:50,-0.4,2026-10-02T01:01:04.695736+02:00
307301749,de:11000:900120005:4:55,-0.6,2026-10-02T01:01:04.695736+02:00
307301749,de:11000:900120004:1:50,-0.1,2026-10-02T01:01:04.695736+02:00
307301749,de:11000:900120003:2:53,-0.4,2026-10-02T01:01:04.695736+02:00
307301749,de:11000:900160003:1:50,-0.7,2026-10-02T01:01:04.695736+02:00
307301749,de:11000:900160004:1:50,-0.7,2026-10-02T01:01:04.695736+02:00
307301749,de:11000:900171002:1:50,-0.2,2026-10-02T01:01:04.695736+02:00
307301749,de:11000:900171001:2:51,-0.3,2026-10-02T01:01:04.695736+02:00
307301749,de:11000:900175001:2:51,-0.5,2026-10-02T01:01:04.695736+02:00
307301749,de:11000:900175002:1:51,0.0,2026-10-02T01:01:04.695736+02:00
307301749,de:11000:900176001:2:52,-0.3,2026-10-02T01:01:04.695736+02:00
306896438,de:12067:900310613::1,0.0,2026-10-02T01:01:04.695736+02:00
306896438,de:12067:900311078::2,0.0,2026-10-02T01:01:04.695736+02:00
306896438,de:12067:900311077::2,0.0,2026-10-02T01:01:04.695736+02:00
306896438,de:12067:900310751::1,0.0,2026-10-02T01:01:04.695736+02:00
306896438,de:12067:900311082::2,0.0,2026-10-02T01:01:04.695736+02:00
306896438,de:12067:900310107::2,0.0,2026-10-02T01:01:04.695736+02:00
306896438,de:12067:900310113::1,0.0,2026-10-02T01:01:04.695736+02:00
306896438,de:12067:900310102::2,0.0,2026-10-02T01:01:04.695736+02:00
306896438,de:12067:900310103::2,0.0,2026-10-02T01:01:04.695736+02:00
306896438,de:12067:900310114::2,0.0,2026-10-02T01:01:04.695736+02:00
306896438,de:12067:900310119::2,0.0,2026-10-02T01:01:04.695736+02:00
306896438,de:12067:900310115::2,0.0,2026-10-02T01:01:04.695736+02:00
306896438,de:12067:900310106::2,0.0,2026-10-02T01:01:04.695736+02:00
306896438,de:12067:900310109::1,0.0,2026-10-02T01:01:04.695736+02:00
306896438,de:12067:900310631::1,0.0,2026-10-02T01:01:04.695736+02:00
306896438,de:12067:900310040::2,0.0,2026-10-02T01:01:04.695736+02:00
306896438,de:12067:900310105::2,0.0,2026-10-02T01:01:04.695736+02:00
306896438,de:12067:900310970::2,0.0,2026-10-02T01:01:04.695736+02:00
306896438,de:12067:900310972::2,0.0,2026-10-02T01:01:04.695736+02:00
306896438,de:12067:900310810::1,0.0,2026-10-02T01:01:04.695736+02:00
306896438,de:12067:900310769::2,0.0,2026-10-02T01:01:04.695736+02:00
306896438,de:12067:900310695::3,0.0,2026-10-02T01:01:04.695736+02:00
306896438,de:12067:900310812::2,0.0,2026-10-02T01:01:04.695736+02:00
306896438,de:12067:900310630::2,0.0,2026-10-02T01:01:04.695736+02:00
306896438,de:12067:900310811::2,0.0,2026-10-02T01:01:04.695736+02:00
306896438,de:12067:900310771::2,0.0,2026-10-02T01:01:04.695736+02:00
306896438,de:12067:900310822::2,0.0,2026-10-02T01:01:04.695736+02:00
306896438,de:12067:900310781::2,0.0,2026-10-02T01:01:04.695736+02:00
306896438,de:12067:900310627::2,-0.5,2026-10-02T01:01:04.695736+02:00
306896438,de:12067:900310816::2,0.0,2026-10-02T01:01:04.695736+02:00
306896438,de:12067:900310022::1,0.0,2026-10-02T01:01:04.695736+02:00
306896438,de:12067:900310001::11,0.0,2026-10-02T01:01:04.695736+02:00
295940785,de:11000:900176001:1:50,0.0,2026-10-02T01:01:04.695736+02:00
295940785,de:11000:900175002:1:50,-0.7,2026-10-02T01:01:04.695736+02:00
295940785,de:11000:900175001:1:50,-0.6,2026-10-02T01:01:04.695736+02:00
295940785,de:11000:900171001:1:50,-0.3,2026-10-02T01:01:04.695736+02:00
295940785,de:11000:900171002:1:51,-0.4,2026-10-02T01:01:04.695736+02:00
295940785,de:11000:900160004:1:51,-0.8,2026-10-02T01:01:04.695736+02:00
295940785,de:11000:900160003:1:51,-0.8,2026-10-02T01:01:04.695736+02:00
295940785,de:11000:900120003:3:54,-0.9,2026-10-02T01:01:04.695736+02:00
295940785,de:11000:900120004:2:52,-0.6,2026-10-02T01:01:04.695736+02:00
295940785,de:11000:900120005:5:57,-0.9,2026-10-02T01:01:04.695736+02:00
295940765,de:11000:900120005:4:56,0.0,2026-10-02T01:01:04.695736+02:00
295940765,de:11000:900120004:1:51,-0.1,2026-10-02T01:01:04.695736+02:00
295940765,de:11000:900120003:2:52,-0.4,2026-10-02T01:01:04.695736+02:00
295940765,de:11000:900160003:1:50,-0.7,2026-10-02T01:01:04.695736+02:00
295940765,de:11000:900160004:1:50,-0.7,2026-10-02T01:01:04.695736+02:00
295940765,de:11000:900171002:1:50,-0.2,2026-10-02T01:01:04.695736+02:00
295940765,de:11000:900171001:2:51,-0.3,2026-10-02T01:01:04.695736+02:00
295940765,de:11000:900175001:2:51,-0.5,2026-10-02T01:01:04.695736+02:00
295940765,de:11000:900175002:1:51,0.0,2026-10-02T01:01:04.695736+02:00
295940765,de:11000:900176001:1:50,-0.7,2026-10-02T01:01:04.695736+02:00
295942218,de:11000:900120004:1:51,0.0,2026-10-02T01:01:04.695736+02:00
295942218,de:11000:900120003:2:52,-0.9,2026-10-02T01:01:04.695736+02:00
295942218,de:11000:900160003:1:50,-0.7,2026-10-02T01:01:04.695736+02:00
295942218,de:11000:900160004:1:50,-0.7,2026-10-02T01:01:04.695736+02:00
295942218,de:11000:900171002:1:50,-0.2,2026-10-02T01:01:04.695736+02:00
295942218,de:11000:900171001:2:51,-0.3,2026-10-02T01:01:04.695736+02:00
295942218,de:11000:900175001:2:51,-0.5,2026-10-02T01:01:04.695736+02:00
295942218,de:11000:900175002:1:51,0.0,2026-10-02T01:01:04.695736+02:00
295942218,de:11000:900176001:1:50,-0.7,2026-10-02T01:01:04.695736+02:00
295942223,de:11000:900176001:1:50,0.0,2026-10-02T01:01:04.695736+02:00
295942223,de:11000:900175002:1:50,-0.7,2026-10-02T01:01:04.695736+02:00
295942223,de:11000:900175001:1:50,-0.6,2026-10-02T01:01:04.695736+02:00
295942223,de:11000:900171001:1:50,-0.3,2026-10-02T01:01:04.695736+02:00
295942223,de:11000:900171002:1:51,-0.4,2026-10-02T01:01:04.695736+02:00
295942223,de:11000:900160004:1:51,-0.8,2026-10-02T01:01:04.695736+02:00
295942223,de:11000:900160003:1:51,-0.8,2026-10-02T01:01:04.695736+02:00
295942223,de:11000:900120003:3:54,-0.9,2026-10-02T01:01:04.695736+02:00
295942223,de:11000:900120004:2:52,-0.1,2026-10-02T01:01:04.695736+02:00
295940260,de:12064:900320008:1:51,0.0,2026-10-02T01:01:04.695736+02:00
295940260,de:12064:900320026:1:50,-0.3,2026-10-02T01:01:04.695736+02:00
295940260,de:11000:900176001:1:51,-0.7,2026-10-02T01:01:04.695736+02:00
295940260,de:11000:900175002:1:50,-0.7,2026-10-02T01:01:04.695736+02:00
295940260,de:11000:900175001:1:50,-0.6,2026-10-02T01:01:04.695736+02:00
295940260,de:11000:900171001:1:50,-0.3,2026-10-02T01:01:04.695736+02:00
295940260,de:11000:900171002:1:51,-0.4,2026-10-02T01:01:04.695736+02:00
295940260,de:11000:900160004:1:51,-0.8,2026-10-02T01:01:04.695736+02:00
295940260,de:11000:900160003:1:51,-0.9,2026-10-02T01:01:04.695736+02:00
295940260,de:11000:900120003:3:55,-0.1,2026-10-02T01:01:04.695736+02:00
295940260,de:11000:900120004:2:53,-0.6,2026-10-02T01:01:04.695736+02:00
295940260,de:11000:900120005:5:58,-0.9,2026-10-02T01:01:04.695736+02:00
295940260,de:11000:900100004:1:51,-0.4,2026-10-02T01:01:04.695736+02:00
295940260,de:11000:900100003:2:53,-0.4,2026-10-02T01:01:04.695736+02:00
295940260,de:11000:900100002:1:51,-0.4,2026-10-02T01:01:04.695736+02:00
295940260,de:11000:900100001:3:55,-0.4,2026-10-02T01:01:04.695736+02:00
295940260,de:11000:900003201:3:55,-0.1,2026-10-02T01:01:04.695736+02:00
295940260,de:11000:900003102:1:51,-0.8,2026-10-02T01:01:04.695736+02:00
295940260,de:11000:900003103:1:51,-0.9,2026-10-02T01:01:04.695736+02:00
295940260,de:11000:900023201:3:55,-0.8,2026-10-02T01:01:04.695736+02:00
295940260,de:11000:900024203:1:51,-0.8,2026-10-02T01:01:04.695736+02:00
295940260,de:11000:900024101:4:57,-0.8,2026-10-02T01:01:04.695736+02:00
295940260,de:11000:900024102:1:51,-0.1,2026-10-02T01:01:04.695736+02:00
295940153,de:11000:900024102:2:52,0.0,2026-10-02T01:01:04.695736+02:00
295940153,de:11000:900024101:3:54,-0.8,2026-10-02T01:01:04.695736+02:00
295940153,de:11000:900024203:1:51,-0.8,2026-10-02T01:01:04.695736+02:00
295940153,de:11000:900023201:3:54,-0.7,2026-10-02T01:01:04.695736+02:00
295940153,de:11000:900003103:1:50,-0.8,2026-10-02T01:01:04.695736+02:00
295940153,de:11000:900003102:1:50,-0.9,2026-10-02T01:01:04.695736+02:00
295940153,de:11000:900003201:3:54,-0.5,2026-10-02T01:01:04.695736+02:00
295940153,de:11000:900100001:3:54,-0.1,2026-10-02T01:01:04.695736+02:00
295940153,de:11000:900100002:1:50,-0.4,2026-10-02T01:01:04.695736+02:00
295940153,de:11000:900100003:2:52,-0.1,2026-10-02T01:01:04.695736+02:00
295940153,de:11000:900100004:1:50,-0.4,2026-10-02T01:01:04.695736+02:00
295940153,de:11000:900120005:4:55,-0.6,2026-10-02T01:01:04.695736+02:00
295940153,de:11000:900120004:1:50,-0.1,2026-10-02T01:01:04.695736+02:00
295940153,de:11000:900120003:2:53,-0.4,2026-10-02T01:01:04.695736+02:00
295940153,de:11000:900160003:1:50,-0.7,2026-10-02T01:01:04.695736+02:00
295940153,de:11000:900160004:1:50,-0.7,2026-10-02T01:01:04.695736+02:00
295940153,de:11000:900171002:1:50,-0.2,2026-10-02T01:01:04.695736+02:00
295940153,de:11000:900171001:2:51,-0.3,2026-10-02T01:01:04.695736+02:00
295940153,de:11000:900175001:2:51,-0.5,2026-10-02T01:01:04.695736+02:00
295940153,de:11000:900175002:1:51,0.0,2026-10-02T01:01:04.695736+02:00
295940153,de:11000:900176001:2:52,-0.3,2026-10-02T01:01:04.695736+02:00
306897215,de:12053:900360000::4,0.0,2026-10-02T01:01:04.695736+02:00
306897215,de:12053:900360021::4,0.0,2026-10-02T01:01:04.695736+02:00
306897215,de:12053:900360059::4,0.0,2026-10-02T01:01:04.695736+02:00
306897215,de:12053:900360041::4,0.0,2026-10-02T01:01:04.695736+02:00
306897215,de:12053:900360135::2,0.0,2026-10-02T01:01:04.695736+02:00
306897215,de:12053:900360083::2,0.0,2026-10-02T01:01:04.695736+02:00
306897215,de:12053:900360096::4,0.0,2026-10-02T01:01:04.695736+02:00
306897215,de:12053:900360213::4,0.0,2026-10-02T01:01:04.695736+02:00
306897215,de:12053:900360062::2,0.0,2026-10-02T01:01:04.695736+02:00
306897215,de:12067:900311485::1,0.0,2026-10-02T01:01:04.695736+02:00
306897215,de:12067:900311482::2,0.0,2026-10-02T01:01:04.695736+02:00
306897215,de:12067:900311489::1,0.0,2026-10-02T01:01:04.695736+02:00
306897215,de:12067:900311483::2,0.0,2026-10-02T01:01:04.695736+02:00
306897215,de:12067:900310935::1,0.0,2026-10-02T01:01:04.695736+02:00
306897215,de:12067:900310933::1,0.0,2026-10-02T01:01:04.695736+02:00
306897215,de:12067:900311540::2,0.0,2026-10-02T01:01:04.695736+02:00
306897215,de:12067:900310615::2,0.0,2026-10-02T01:01:04.695736+02:00
306897215,de:12067:900310725::2,0.0,2026-10-02T01:01:04.695736+02:00
306897215,de:12067:900310738::2,0.0,2026-10-02T01:01:04.695736+02:00
306897215,de:12067:900310639::1,0.0,2026-10-02T01:01:04.695736+02:00
306897215,de:12067:900310626::1,0.0,2026-10-02T01:01:04.695736+02:00
306897215,de:12067:900311129::6,0.0,2026-10-02T01:01:04.695736+02:00
306895291,de:12067:900311092::1,0.0,2026-10-02T01:01:04.695736+02:00
306895291,de:12067:900310975::1,0.0,2026-10-02T01:01:04.695736+02:00
306895291,de:12067:900310908::1,0.0,2026-10-02T01:01:04.695736+02:00
306895291,de:12067:900311020::1,0.0,2026-10-02T01:01:04.695736+02:00
306895291,de:12067:900310834::1,0.0,2026-10-02T01:01:04.695736+02:00
306895291,de:12067:900311020::2,0.0,2026-10-02T01:01:04.695736+02:00
306895291,de:12067:900311002::1,0.0,2026-10-02T01:01:04.695736+02:00
306895291,de:12067:900310841::1,0.0,2026-10-02T01:01:04.695736+02:00
306895291,de:12067:900310722::1,-0.5,2026-10-02T01:01:04.695736+02:00
306895291,de:12067:900310637::1,0.0,2026-10-02T01:01:04.695736+02:00
306895291,de:12067:900311129::4,0.0,2026-10-02T01:01:04.695736+02:00
306895291,de:12067:900310727::3,0.0,2026-10-02T01:01:04.695736+02:00
306895291,de:12067:900310755::2,0.0,2026-10-02T01:01:04.695736+02:00
306895291,de:12067:900310728::3,0.0,2026-10-02T01:01:04.695736+02:00
306895291,de:12067:900311129::6,0.0,2026-10-02T01:01:04.695736+02:00
306895261,de:12067:900311129::4,0.0,2026-10-02T01:01:04.695736+02:00
306895261,de:12067:900310637::2,0.0,2026-10-02T01:01:04.695736+02:00
306895261,de:12067:900310722::2,-0.5,2026-10-02T01:01:04.695736+02:00
306895261,de:12067:900310841::2,0.0,2026-10-02T01:01:04.695736+02:00
306895261,de:12067:900311002::3,0.0,2026-10-02T01:01:04.695736+02:00
306895261,de:12067:900310908::2,0.0,2026-10-02T01:01:04.695736+02:00
306895261,de:12067:900310975::2,0.0,2026-10-02T01:01:04.695736+02:00
306895261,de:12067:900310974::2,0.0,2026-10-02T01:01:04.695736+02:00
306895261,de:12067:900310914::2,0.0,2026-10-02T01:01:04.695736+02:00
306895261,de:12067:900310703::3,0.0,2026-10-02T01:01:04.695736+02:00
306895261,de:12067:900310915::2,-0.5,2026-10-02T01:01:04.695736+02:00
306895261,de:12067:900310916::2,-0.5,2026-10-02T01:01:04.695736+02:00
306895261,de:12067:900310917::2,0.0,2026-10-02T01:01:04.695736+02:00
306895261,de:12067:900310900::2,0.0,2026-10-02T01:01:04.695736+02:00
306895261,de:12067:900310880::2,0.0,2026-10-02T01:01:04.695736+02:00
306895261,de:12067:900310010::1,0.0,2026-10-02T01:01:04.695736+02:00
306895261,de:12067:900310879::2,0.0,2026-10-02T01:01:04.695736+02:00
306895261,de:12067:900310800::2,0.0,2026-10-02T01:01:04.695736+02:00
306895261,de:12067:900310771::2,0.0,2026-10-02T01:01:04.695736+02:00
306895261,de:12067:900310822::2,0.0,2026-10-02T01:01:04.695736+02:00
306895261,de:12067:900310781::2,0.0,2026-10-02T01:01:04.695736+02:00
306895261,de:12067:900310627::2,-0.5,2026-10-02T01:01:04.695736+02:00
306895261,de:12067:900310816::2,0.0,2026-10-02T01:01:04.695736+02:00
306895261,de:12067:900310022::1,0.0,2026-10-02T01:01:04.695736+02:00
306895261,de:12067:900310001::11,0.0,2026-10-02T01:01:04.695736+02:00
306895281,de:12067:900310001::3,0.0,2026-10-02T01:01:04.695736+02:00
306895281,de:12067:900310816::1,0.0,2026-10-02T01:01:04.695736+02:00
306895281,de:12067:900310627::1,0.0,2026-10-02T01:01:04.695736+02:00
306895281,de:12067:900310781::1,0.0,2026-10-02T01:01:04.695736+02:00
306895281,de:12067:900310822::1,0.0,2026-10-02T01:01:04.695736+02:00
306895281,de:12067:900310771::1,0.0,2026-10-02T01:01:04.695736+02:00
306895281,de:12067:900310800::1,0.0,2026-10-02T01:01:04.695736+02:00
306895281,de:12067:900310879::1,0.0,2026-10-02T01:01:04.695736+02:00
306895281,de:12067:900310010::4,0.0,2026-10-02T01:01:04.695736+02:00
306895281,de:12067:900310880::1,0.0,2026-10-02T01:01:04.695736+02:00
306895281,de:12067:900310900::1,0.0,2026-10-02T01:01:04.695736+02:00
306895281,de:12067:900310917::1,0.0,2026-10-02T01:01:04.695736+02:00
306895281,de:12067:900310916::1,-0.5,2026-10-02T01:01:04.695736+02:00
306895281,de:12067:900310915::1,-0.5,2026-10-02T01:01:04.695736+02:00
306895281,de:12067:900310703::4,0.0,2026-10-02T01:01:04.695736+02:00
306895281,de:12067:900310914::1,0.0,2026-10-02T01:01:04.695736+02:00
306895281,de:12067:900310974::1,0.0,2026-10-02T01:01:04.695736+02:00
306895281,de:12067:900310975::1,0.0,2026-10-02T01:01:04.695736+02:00
306895281,de:12067:900310908::1,0.0,2026-10-02T01:01:04.695736+02:00
306895281,de:12067:900311002::1,0.0,2026-10-02T01:01:04.695736+02:00
306895281,de:12067:900310841::1,0.0,2026-10-02T01:01:04.695736+02:00
306895281,de:12067:900310722::1,-0.5,2026-10-02T01:01:04.695736+02:00
306895281,de:12067:900310637::1,0.0,2026-10-02T01:01:04.695736+02:00
306895281,de:12067:900311129::6,0.0,2026-10-02T01:01:04.695736+02:00
295953501,de:11000:900120004:1:51,0.0,2026-10-02T01:01:04.695736+02:00
295953501,de:11000:900120003:2:52,-0.9,2026-10-02T01:01:04.695736+02:00
295953501,de:11000:900160003:1:50,-0.2,2026-10-02T01:01:04.695736+02:00
295953501,de:11000:900160004:1:50,-0.2,2026-10-02T01:01:04.695736+02:00
295953501,de:11000:900171002:1:50,-0.7,2026-10-02T01:01:04.695736+02:00
295953501,de:11000:900171003:1:50,-0.8,2026-10-02T01:01:04.695736+02:00
295953501,de:11000:900152002:1:50,-0.4,2026-10-02T01:01:04.695736+02:00
295953501,de:11000:900152001:1:50,-0.6,2026-10-02T01:01:04.695736+02:00
295953501,de:11000:900151001:1:51,-0.9,2026-10-02T01:01:04.695736+02:00
295953443,de:11000:900120004:1:51,0.0,2026-10-02T01:01:04.695736+02:00
295953443,de:11000:900120003:2:53,-0.9,2026-10-02T01:01:04.695736+02:00
295953443,de:11000:900160003:1:50,-0.2,2026-10-02T01:01:04.695736+02:00
295953443,de:11000:900160004:1:50,-0.2,2026-10-02T01:01:04.695736+02:00
295953443,de:11000:900171002:1:50,-0.7,2026-10-02T01:01:04.695736+02:00
295953443,de:11000:900171003:1:50,-0.8,2026-10-02T01:01:04.695736+02:00
295953443,de:11000:900152002:1:50,-0.4,2026-10-02T01:01:04.695736+02:00
295953443,de:11000:900152001:1:50,-0.6,2026-10-02T01:01:04.695736+02:00
295953443,de:11000:900151001:1:51,-0.9,2026-10-02T01:01:04.695736+02:00
295949538,de:11000:900170004:2:52,0.0,2026-10-02T01:01:04.695736+02:00
295949538,de:11000:900170003:1:51,-0.3,2026-10-02T01:01:04.695736+02:00
295949538,de:11000:900170002:1:51,-0.1,2026-10-02T01:01:04.695736+02:00
295949538,de:11000:900170001:1:51,-0.9,2026-10-02T01:01:04.695736+02:00
295949538,de:11000:900170005:1:51,-0.7,2026-10-02T01:01:04.695736+02:00
295949538,de:11000:900171003:1:51,-0.6,2026-10-02T01:01:04.695736+02:00
295949538,de:11000:900171002:1:51,-0.9,2026-10-02T01:01:04.695736+02:00
295949538,de:11000:900160004:1:51,-0.3,2026-10-02T01:01:04.695736+02:00
295949538,de:11000:900160003:1:51,-0.4,2026-10-02T01:01:04.695736+02:00
295949538,de:11000:900120003:3:55,-0.6,2026-10-02T01:01:04.695736+02:00
295949538,de:11000:900120004:2:53,-0.1,2026-10-02T01:01:04.695736+02:00
295949538,de:11000:900120005:5:58,-0.4,2026-10-02T01:01:04.695736+02:00
295949538,de:11000:900100004:1:51,-0.9,2026-10-02T01:01:04.695736+02:00
295949538,de:11000:900100003:2:53,-0.9,2026-10-02T01:01:04.695736+02:00
295949538,de:11000:900100002:1:51,-0.9,2026-10-02T01:01:04.695736+02:00
295949538,de:11000:900100001:3:55,-0.9,2026-10-02T01:01:04.695736+02:00
295949538,de:11000:900003201:3:55,-0.6,2026-10-02T01:01:04.695736+02:00
295949538,de:11000:900003102:1:51,-0.3,2026-10-02T01:01:04.695736+02:00
295949538,de:11000:900003103:1:51,-0.4,2026-10-02T01:01:04.695736+02:00
295949538,de:11000:900023201:3:55,-0.3,2026-10-02T01:01:04.695736+02:00
295949538,de:11000:900024203:1:51,-0.3,2026-10-02T01:01:04.695736+02:00
295949538,de:11000:900024101:4:57,-0.3,2026-10-02T01:01:04.695736+02:00
295949538,de:11000:900024102:1:50,-0.6,2026-10-02T01:01:04.695736+02:00
295949538,de:11000:900048101:1:50,-0.8,2026-10-02T01:01:04.695736+02:00
295949538,de:11000:900052201:2:52,0.0,2026-10-02T01:01:04.695736+02:00
295949538,de:11000:900053301:1:50,-0.4,2026-10-02T01:01:04.695736+02:00
295949538,de:12054:900230003:1:50,-0.4,2026-10-02T01:01:04.695736+02:00
295949538,de:12054:900230000:1:51,-0.4,2026-10-02T01:01:04.695736+02:00
295949538,de:12054:900230999:3:54,-0.9,2026-10-02T01:01:04.695736+02:00
295956094,de:11000:900151001:1:50,0.0,2026-10-02T01:01:04.695736+02:00
295956094,de:11000:900152001:1:51,-0.6,2026-10-02T01:01:04.695736+02:00
295956094,de:11000:900152002:1:51,-0.2,2026-10-02T01:01:04.695736+02:00
295956094,de:11000:900171003:1:51,-0.9,2026-10-02T01:01:04.695736+02:00
295956094,de:11000:900171002:1:51,-0.9,2026-10-02T01:01:04.695736+02:00
295956094,de:11000:900160004:1:51,-0.3,2026-10-02T01:01:04.695736+02:00
295956094,de:11000:900160003:1:51,-0.4,2026-10-02T01:01:04.695736+02:00
295956094,de:11000:900120003:3:54,-0.6,2026-10-02T01:01:04.695736+02:00
295956094,de:11000:900120004:2:52,-0.1,2026-10-02T01:01:04.695736+02:00
295956059,de:11000:900151001:1:50,0.0,2026-10-02T01:01:04.695736+02:00
295956059,de:11000:900152001:1:51,-0.6,2026-10-02T01:01:04.695736+02:00
295956059,de:11000:900152002:1:51,-0.2,2026-10-02T01:01:04.695736+02:00
295956059,de:11000:900171003:1:51,-0.9,2026-10-02T01:01:04.695736+02:00
295956059,de:11000:900171002:1:51,-0.9,2026-10-02T01:01:04.695736+02:00
295956059,de:11000:900160004:1:51,-0.3,2026-10-02T01:01:04.695736+02:00
295956059,de:11000:900160003:1:51,-0.4,2026-10-02T01:01:04.695736+02:00
295956059,de:11000:900120003:3:54,-0.6,2026-10-02T01:01:04.695736+02:00
295956059,de:11000:900120004:2:52,-0.1,2026-10-02T01:01:04.695736+02:00
295949514,de:11000:900170004:2:52,0.0,2026-10-02T01:01:04.695736+02:00
295949514,de:11000:900170003:1:51,-0.3,2026-10-02T01:01:04.695736+02:00
295949514,de:11000:900170002:1:51,-0.1,2026-10-02T01:01:04.695736+02:00
295949514,de:11000:900170001:1:51,-0.9,2026-10-02T01:01:04.695736+02:00
295949514,de:11000:900170005:1:51,-0.7,2026-10-02T01:01:04.695736+02:00
295949514,de:11000:900171003:1:51,-0.6,2026-10-02T01:01:04.695736+02:00
295949514,de:11000:900171002:1:51,-0.9,2026-10-02T01:01:04.695736+02:00
295949514,de:11000:900160004:1:51,-0.3,2026-10-02T01:01:04.695736+02:00
295949514,de:11000:900160003:1:51,-0.4,2026-10-02T01:01:04.695736+02:00
295949514,de:11000:900120003:3:55,-0.6,2026-10-02T01:01:04.695736+02:00
295949514,de:11000:900120004:2:53,-0.1,2026-10-02T01:01:04.695736+02:00
295949514,de:11000:900120005:5:58,-0.4,2026-10-02T01:01:04.695736+02:00
295949514,de:11000:900100004:1:51,-0.9,2026-10-02T01:01:04.695736+02:00
295949514,de:11000:900100003:2:53,-0.9,2026-10-02T01:01:04.695736+02:00
295949514,de:11000:900100002:1:51,-0.9,2026-10-02T01:01:04.695736+02:00
295949514,de:11000:900100001:3:55,-0.9,2026-10-02T01:01:04.695736+02:00
295949514,de:11000:900003201:3:55,-0.6,2026-10-02T01:01:04.695736+02:00
295949514,de:11000:900003102:1:51,-0.3,2026-10-02T01:01:04.695736+02:00
295949514,de:11000:900003103:1:51,-0.4,2026-10-02T01:01:04.695736+02:00
295949514,de:11000:900023201:3:55,-0.3,2026-10-02T01:01:04.695736+02:00
295949514,de:11000:900024203:1:51,-0.3,2026-10-02T01:01:04.695736+02:00
295949514,de:11000:900024101:4:57,-0.3,2026-10-02T01:01:04.695736+02:00
295949514,de:11000:900024102:1:50,-0.6,2026-10-02T01:01:04.695736+02:00
295949514,de:11000:900048101:1:50,-0.8,2026-10-02T01:01:04.695736+02:00
295949514,de:11000:900052201:2:52,0.0,2026-10-02T01:01:04.695736+02:00
295949514,de:11000:900053301:1:50,-0.4,2026-10-02T01:01:04.695736+02:00
295949514,de:12054:900230003:1:50,-0.4,2026-10-02T01:01:04.695736+02:00
295949514,de:12054:900230000:1:51,-0.4,2026-10-02T01:01:04.695736+02:00
295949514,de:12054:900230999:3:54,-0.9,2026-10-02T01:01:04.695736+02:00
295959924,de:12065:900200008:1:51,0.0,2026-10-02T01:01:04.695736+02:00
295959924,de:12065:900200009:1:51,-0.7,2026-10-02T01:01:04.695736+02:00
295959924,de:12065:900200011:1:51,-0.3,2026-10-02T01:01:04.695736+02:00
295959924,de:12065:900200012:1:51,-0.8,2026-10-02T01:01:04.695736+02:00
295959924,de:12065:900200013:1:50,-0.4,2026-10-02T01:01:04.695736+02:00
295959924,de:11000:900142001:1:51,-0.7,2026-10-02T01:01:04.695736+02:00
295959924,de:11000:900130001:1:51,-0.2,2026-10-02T01:01:04.695736+02:00
295959924,de:11000:900130002:1:51,-0.7,2026-10-02T01:01:04.695736+02:00
295959924,de:11000:900110011:1:51,-0.2,2026-10-02T01:01:04.695736+02:00
295959924,de:11000:900110001:1:50,-0.2,2026-10-02T01:01:04.695736+02:00
295959924,de:11000:900110002:1:50,-0.9,2026-10-02T01:01:04.695736+02:00
295959924,de:11000:900110003:1:50,-0.9,2026-10-02T01:01:04.695736+02:00
295959924,de:11000:900110004:1:50,-0.3,2026-10-02T01:01:04.695736+02:00
295959924,de:11000:900110012:1:50,-0.2,2026-10-02T01:01:04.695736+02:00
295959924,de:11000:900120001:1:50,-0.2,2026-10-02T01:01:04.695736+02:00
295959924,de:11000:900120003:5:58,-0.6,2026-10-02T01:01:04.695736+02:00
295959924,de:11000:900190001:1:50,-0.1,2026-10-02T01:01:04.695736+02:00
295959924,de:11000:900191002:1:50,0.0,2026-10-02T01:01:04.695736+02:00
295959924,de:11000:900191001:2:52,-0.4,2026-10-02T01:01:04.695736+02:00
295959924,de:11000:900192001:2:52,-0.2,2026-10-02T01:01:04.695736+02:00
295959924,de:11000:900193001:1:50,-0.7,2026-10-02T01:01:04.695736+02:00
295959924,de:11000:900193002:1:50,-0.3,2026-10-02T01:01:04.695736+02:00
295959924,de:11000:900186001:1:50,-0.3,2026-10-02T01:01:04.695736+02:00
295963604,de:11000:900092201:1:51,0.0,2026-10-02T01:01:04.695736+02:00
295963604,de:11000:900093201:1:51,-0.4,2026-10-02T01:01:04.695736+02:00
295963604,de:11000:900094101:1:51,-0.3,2026-10-02T01:01:04.695736+02:00
295963604,de:11000:900096101:1:51,-0.1,2026-10-02T01:01:04.695736+02:00
295963604,de:11000:900084101:1:51,-0.2,2026-10-02T01:01:04.695736+02:00
295963604,de:11000:900085201:1:51,-0.8,2026-10-02T01:01:04.695736+02:00
295963604,de:11000:900130003:1:51,-0.8,2026-10-02T01:01:04.695736+02:00
295963604,de:11000:900110011:1:50,-0.9,2026-10-02T01:01:04.695736+02:00
295963604,de:11000:900110001:1:50,-0.2,2026-10-02T01:01:04.695736+02:00
295963604,de:11000:900110002:1:50,-0.9,2026-10-02T01:01:04.695736+02:00
295963604,de:11000:900110003:1:50,-0.9,2026-10-02T01:01:04.695736+02:00
295963604,de:11000:900110004:1:50,-0.3,2026-10-02T01:01:04.695736+02:00
295963604,de:11000:900110012:1:50,-0.2,2026-10-02T01:01:04.695736+02:00
295963604,de:11000:900120001:1:50,-0.2,2026-10-02T01:01:04.695736+02:00
295963604,de:11000:900120003:5:58,-0.6,2026-10-02T01:01:04.695736+02:00
295963604,de:11000:900190001:1:51,-0.1,2026-10-02T01:01:04.695736+02:00
295963604,de:11000:900191002:1:50,0.0,2026-10-02T01:01:04.695736+02:00
295963604,de:11000:900191001:2:52,-0.4,2026-10-02T01:01:04.695736+02:00
295963604,de:11000:900192001:2:52,-0.2,2026-10-02T01:01:04.695736+02:00
295963604,de:11000:900193001:1:50,-0.7,2026-10-02T01:01:04.695736+02:00
295963604,de:11000:900193002:1:50,-0.3,2026-10-02T01:01:04.695736+02:00
295963604,de:11000:900195510:1:51,-0.7,2026-10-02T01:01:04.695736+02:00
295963604,de:11000:900196001:1:50,-0.9,2026-10-02T01:01:04.695736+02:00
295963604,de:12061:900260005:3:54,-0.7,2026-10-02T01:01:04.695736+02:00
295963604,de:12061:900260080:1:50,0.0,2026-10-02T01:01:04.695736+02:00
295963604,de:12061:900260009:3:56,-0.2,2026-10-02T01:01:04.695736+02:00
295963723,de:12061:900260009:3:56,0.0,2026-10-02T01:01:04.695736+02:00
295963723,de:12061:900260080:1:51,-0.7,2026-10-02T01:01:04.695736+02:00
295963723,de:12061:900260005:3:55,0.0,2026-10-02T01:01:04.695736+02:00
295963723,de:11000:900196001:1:51,0.0,2026-10-02T01:01:04.695736+02:00
295963723,de:11000:900195510:1:50,-0.4,2026-10-02T01:01:04.695736+02:00
295963723,de:11000:900193002:1:51,-0.6,2026-10-02T01:01:04.695736+02:00
295963723,de:11000:900193001:2:51,-0.3,2026-10-02T01:01:04.695736+02:00
295963723,de:11000:900192001:3:55,-0.2,2026-10-02T01:01:04.695736+02:00
295963723,de:11000:900191001:1:50,-0.9,2026-10-02T01:01:04.695736+02:00
295963723,de:11000:900191002:1:51,-0.3,2026-10-02T01:01:04.695736+02:00
295963723,de:11000:900190001:2:53,-0.1,2026-10-02T01:01:04.695736+02:00
295963723,de:11000:900120003:5:59,-0.3,2026-10-02T01:01:04.695736+02:00
295963723,de:11000:900120001:1:51,-0.6,2026-10-02T01:01:04.695736+02:00
295963723,de:11000:900110012:1:51,-0.8,2026-10-02T01:01:04.695736+02:00
295963723,de:11000:900110004:1:51,-0.7,2026-10-02T01:01:04.695736+02:00
295963723,de:11000:900110003:1:51,0.0,2026-10-02T01:01:04.695736+02:00
295963723,de:11000:900110002:1:51,0.0,2026-10-02T01:01:04.695736+02:00
295963723,de:11000:900110001:1:51,-0.7,2026-10-02T01:01:04.695736+02:00
295963723,de:11000:900110011:2:53,-0.4,2026-10-02T01:01:04.695736+02:00
295963723,de:11000:900085201:1:50,-0.8,2026-10-02T01:01:04.695736+02:00
295963723,de:11000:900084101:1:50,-0.7,2026-10-02T01:01:04.695736+02:00
295963723,de:11000:900096101:1:50,-0.8,2026-10-02T01:01:04.695736+02:00
295963723,de:11000:900094101:1:50,-0.3,2026-10-02T01:01:04.695736+02:00
295963723,de:11000:900093201:1:50,-0.4,2026-10-02T01:01:04.695736+02:00
295963723,de:11000:900092201:1:51,-0.2,2026-10-02T01:01:04.695736+02:00
307332422,de:11000:900029101:1:51,0.0,2026-10-02T01:01:04.695736+02:00
307332422,de:11000:900030202:1:50,-0.3,2026-10-02T01:01:04.695736+02:00
307332422,de:11000:900025424:1:51,-0.2,2026-10-02T01:01:04.695736+02:00
307332422,de:11000:900025321:1:51,-0.2,2026-10-02T01:01:04.695736+02:00
307332422,de:11000:900026105:1:50,-0.4,2026-10-02T01:01:04.695736+02:00
307332422,de:11000:900025423:1:50,-0.7,2026-10-02T01:01:04.695736+02:00
307332422,de:11000:900024102:2:53,-0.7,2026-10-02T01:01:04.695736+02:00
307332422,de:11000:900024101:3:55,-0.3,2026-10-02T01:01:04.695736+02:00
307332422,de:11000:900024203:1:51,-0.8,2026-10-02T01:01:04.695736+02:00
307332422,de:11000:900023201:3:54,-0.7,2026-10-02T01:01:04.695736+02:00
307332422,de:11000:900003103:1:50,-0.8,2026-10-02T01:01:04.695736+02:00
307332422,de:11000:900003102:1:50,-0.9,2026-10-02T01:01:04.695736+02:00
307332422,de:11000:900003201:3:54,-0.5,2026-10-02T01:01:04.695736+02:00
307332422,de:11000:900100001:3:54,-0.1,2026-10-02T01:01:04.695736+02:00
307332422,de:11000:900100002:1:50,-0.4,2026-10-02T01:01:04.695736+02:00
307332422,de:11000:900100003:2:52,-0.1,2026-10-02T01:01:04.695736+02:00
307332422,de:11000:900100004:1:50,-0.4,2026-10-02T01:01:04.695736+02:00
307332422,de:11000:900120005:4:55,-0.6,2026-10-02T01:01:04.695736+02:00
307332422,de:11000:900120004:1:50,-0.1,2026-10-02T01:01:04.695736+02:00
307332422,de:11000:900190001:1:51,-0.2,2026-10-02T01:01:04.695736+02:00
307332422,de:11000:900191002:1:50,0.0,2026-10-02T01:01:04.695736+02:00
307332422,de:11000:900191001:2:52,-0.4,2026-10-02T01:01:04.695736+02:00
307332422,de:11000:900192001:2:52,-0.7,2026-10-02T01:01:04.695736+02:00
307332422,de:11000:900193001:1:50,-0.2,2026-10-02T01:01:04.695736+02:00
307332422,de:11000:900193002:1:50,-0.8,2026-10-02T01:01:04.695736+02:00
307332422,de:11000:900195510:1:51,-0.2,2026-10-02T01:01:04.695736+02:00
307332422,de:11000:900196001:1:50,-0.4,2026-10-02T01:01:04.695736+02:00
307332422,de:12061:900260005:3:54,-0.2,2026-10-02T01:01:04.695736+02:00
307332422,de:12061:900260080:1:50,-0.7,2026-10-02T01:01:04.695736+02:00
307332422,de:12061:900260009:3:55,-0.9,2026-10-02T01:01:04.695736+02:00
307435212,de:12061:900260611:1:50,0.0,2026-10-02T01:01:04.695736+02:00
307435212,de:12061:900260019:1:50,0.0,2026-10-02T01:01:04.695736+02:00
307435212,de:12061:900261512:2:51,0.0,2026-10-02T01:01:04.695736+02:00
307435212,de:12066:900435602:2:51,0.0,2026-10-02T01:01:04.695736+02:00
307435212,de:12066:900435697:1:50,0.0,2026-10-02T01:01:04.695736+02:00
307435212,de:12066:900435884:1:50,0.0,2026-10-02T01:01:04.695736+02:00
307435212,de:12071:900445956:1:50,0.0,2026-10-02T01:01:04.695736+02:00
307435212,de:12071:900445884:1:50,0.0,2026-10-02T01:01:04.695736+02:00
307435212,de:12052:900470000:2:51,0.0,2026-10-02T01:01:04.695736+02:00
307434545,de:12052:900470000:2:51,0.0,2026-10-02T01:01:04.695736+02:00
307434545,de:12071:900445884:1:50,0.0,2026-10-02T01:01:04.695736+02:00
307434545,de:12066:900435884:1:50,0.0,2026-10-02T01:01:04.695736+02:00
307434545,de:12066:900435697:1:50,0.0,2026-10-02T01:01:04.695736+02:00
307434545,de:12066:900435602:1:50,0.0,2026-10-02T01:01:04.695736+02:00
307434545,de:12061:900261512:1:50,0.0,2026-10-02T01:01:04.695736+02:00
307434545,de:12061:900260019:1:50,0.0,2026-10-02T01:01:04.695736+02:00
307434545,de:12061:900260611:2:51,0.0,2026-10-02T01:01:04.695736+02:00
307435167,de:12061:900260005:1:50,0.0,2026-10-02T01:01:04.695736+02:00
307435167,de:11000:900192001:1:51,0.0,2026-10-02T01:01:04.695736+02:00
295967880,de:12061:900260009:3:55,0.0,2026-10-02T01:01:04.695736+02:00
295967880,de:12061:900260080:1:51,-0.7,2026-10-02T01:01:04.695736+02:00
295967880,de:12061:900260005:3:55,0.0,2026-10-02T01:01:04.695736+02:00
295967880,de:11000:900196001:1:51,0.0,2026-10-02T01:01:04.695736+02:00
295967880,de:11000:900195510:1:50,-0.4,2026-10-02T01:01:04.695736+02:00
295967880,de:11000:900193002:1:51,-0.6,2026-10-02T01:01:04.695736+02:00
295967880,de:11000:900193001:2:51,-0.3,2026-10-02T01:01:04.695736+02:00
295967880,de:11000:900192001:3:55,-0.2,2026-10-02T01:01:04.695736+02:00
295967880,de:11000:900191001:1:50,0.0,2026-10-02T01:01:04.695736+02:00
295967880,de:11000:900191002:1:51,-0.7,2026-10-02T01:01:04.695736+02:00
295967880,de:11000:900190001:2:53,-0.4,2026-10-02T01:01:04.695736+02:00
295967880,de:11000:900120004:2:52,-0.9,2026-10-02T01:01:04.695736+02:00
295967880,de:11000:900120005:5:57,-0.1,2026-10-02T01:01:04.695736+02:00
295967880,de:11000:900100004:1:51,-0.4,2026-10-02T01:01:04.695736+02:00
295967880,de:11000:900100003:2:53,-0.4,2026-10-02T01:01:04.695736+02:00
295967880,de:11000:900100002:1:51,-0.4,2026-10-02T01:01:04.695736+02:00
295967880,de:11000:900100001:3:55,-0.4,2026-10-02T01:01:04.695736+02:00
295967880,de:11000:900003201:3:55,-0.1,2026-10-02T01:01:04.695736+02:00
295967880,de:11000:900003102:1:51,-0.8,2026-10-02T01:01:04.695736+02:00
295967880,de:11000:900003103:1:51,-0.9,2026-10-02T01:01:04.695736+02:00
295967880,de:11000:900023201:3:55,-0.8,2026-10-02T01:01:04.695736+02:00
295967880,de:11000:900024203:1:51,-0.8,2026-10-02T01:01:04.695736+02:00
295967880,de:11000:900024101:4:57,-0.8,2026-10-02T01:01:04.695736+02:00
295967880,de:11000:900024102:1:50,-0.1,2026-10-02T01:01:04.695736+02:00
295967880,de:11000:900025423:1:50,-0.4,2026-10-02T01:01:04.695736+02:00
295967880,de:11000:900026105:1:50,-0.7,2026-10-02T01:01:04.695736+02:00
295967880,de:11000:900025321:1:50,-0.3,2026-10-02T01:01:04.695736+02:00
295967880,de:11000:900025424:1:50,-0.3,2026-10-02T01:01:04.695736+02:00
295967880,de:11000:900030202:1:50,-0.9,2026-10-02T01:01:04.695736+02:00
295967880,de:11000:900029101:1:51,-0.9,2026-10-02T01:01:04.695736+02:00
295967875,de:12061:900260009:3:55,0.0,2026-10-02T01:01:04.695736+02:00
295967875,de:12061:900260080:1:51,-0.7,2026-10-02T01:01:04.695736+02:00
295967875,de:12061:900260005:3:55,0.0,2026-10-02T01:01:04.695736+02:00
295967875,de:11000:900196001:1:51,0.0,2026-10-02T01:01:04.695736+02:00
295967875,de:11000:900195510:1:50,-0.4,2026-10-02T01:01:04.695736+02:00
295967875,de:11000:900193002:1:51,-0.6,2026-10-02T01:01:04.695736+02:00
295967875,de:11000:900193001:2:51,-0.3,2026-10-02T01:01:04.695736+02:00
295967875,de:11000:900192001:3:55,-0.2,2026-10-02T01:01:04.695736+02:00
295967875,de:11000:900191001:1:50,0.0,2026-10-02T01:01:04.695736+02:00
295967875,de:11000:900191002:1:51,-0.7,2026-10-02T01:01:04.695736+02:00
295967875,de:11000:900190001:2:53,-0.4,2026-10-02T01:01:04.695736+02:00
295967875,de:11000:900120004:2:52,-0.9,2026-10-02T01:01:04.695736+02:00
295967875,de:11000:900120005:5:57,-0.1,2026-10-02T01:01:04.695736+02:00
295967875,de:11000:900100004:1:51,-0.4,2026-10-02T01:01:04.695736+02:00
295967875,de:11000:900100003:2:53,-0.4,2026-10-02T01:01:04.695736+02:00
295967875,de:11000:900100002:1:51,-0.4,2026-10-02T01:01:04.695736+02:00
295967875,de:11000:900100001:3:55,-0.4,2026-10-02T01:01:04.695736+02:00
295967875,de:11000:900003201:3:55,-0.1,2026-10-02T01:01:04.695736+02:00
295967875,de:11000:900003102:1:51,-0.8,2026-10-02T01:01:04.695736+02:00
295967875,de:11000:900003103:1:51,-0.9,2026-10-02T01:01:04.695736+02:00
295967875,de:11000:900023201:3:55,-0.8,2026-10-02T01:01:04.695736+02:00
295967875,de:11000:900024203:1:51,-0.8,2026-10-02T01:01:04.695736+02:00
295967875,de:11000:900024101:4:57,-0.8,2026-10-02T01:01:04.695736+02:00
295967875,de:11000:900024102:1:50,-0.1,2026-10-02T01:01:04.695736+02:00
295967875,de:11000:900025423:1:50,-0.4,2026-10-02T01:01:04.695736+02:00
295967875,de:11000:900026105:1:50,-0.7,2026-10-02T01:01:04.695736+02:00
295967875,de:11000:900025321:1:50,-0.3,2026-10-02T01:01:04.695736+02:00
295967875,de:11000:900025424:1:50,-0.3,2026-10-02T01:01:04.695736+02:00
295967875,de:11000:900030202:1:50,-0.9,2026-10-02T01:01:04.695736+02:00
295967875,de:11000:900029101:1:51,-0.9,2026-10-02T01:01:04.695736+02:00
306044960,de:12064:900320014::1,0.0,2026-10-02T01:01:04.695736+02:00
306044960,de:12064:900320227::1,0.0,2026-10-02T01:01:04.695736+02:00
306044960,de:12064:900320214::1,0.0,2026-10-02T01:01:04.695736+02:00
306044960,de:12064:900320211::1,0.0,2026-10-02T01:01:04.695736+02:00
306044960,de:12064:900320228::1,0.0,2026-10-02T01:01:04.695736+02:00
306047295,de:12064:900320020::1,0.0,2026-10-02T01:01:04.695736+02:00
306047295,de:12064:900320506::1,0.0,2026-10-02T01:01:04.695736+02:00
306047295,de:12064:900320035::1,0.0,2026-10-02T01:01:04.695736+02:00
306047295,de:12064:900320505::1,0.0,2026-10-02T01:01:04.695736+02:00
306047295,de:12064:900320021::1,0.0,2026-10-02T01:01:04.695736+02:00
306047295,de:12064:900320022::1,0.0,2026-10-02T01:01:04.695736+02:00
306047295,de:11000:900175010::4,0.0,2026-10-02T01:01:04.695736+02:00
306047295,de:12064:900320520::1,0.0,2026-10-02T01:01:04.695736+02:00
306047295,de:12064:900320511::1,0.0,2026-10-02T01:01:04.695736+02:00
306047295,de:12064:900320510::1,0.0,2026-10-02T01:01:04.695736+02:00
306047295,de:12064:900320523::2,0.0,2026-10-02T01:01:04.695736+02:00
306047295,de:12064:900320017::2,0.0,2026-10-02T01:01:04.695736+02:00
306047295,de:12064:900320119::2,0.0,2026-10-02T01:01:04.695736+02:00
306047295,de:12064:900320120::4,0.0,2026-10-02T01:01:04.695736+02:00
306047295,de:12064:900320118::2,0.0,2026-10-02T01:01:04.695736+02:00
306047295,de:12064:900320050::1,0.0,2026-10-02T01:01:04.695736+02:00
306047295,de:12064:900320008::1,0.0,2026-10-02T01:01:04.695736+02:00
306052832,de:12064:900321742::3,0.0,2026-10-02T01:01:04.695736+02:00
306052832,de:12064:900321744::1,0.0,2026-10-02T01:01:04.695736+02:00
306052832,de:12064:900321444::1,0.0,2026-10-02T01:01:04.695736+02:00
306052832,de:12064:900321443::1,0.0,2026-10-02T01:01:04.695736+02:00
306052832,de:12064:900321445::1,0.0,2026-10-02T01:01:04.695736+02:00
306052832,de:12064:900321677::1,0.0,2026-10-02T01:01:04.695736+02:00
306052832,de:12064:900321679::1,0.0,2026-10-02T01:01:04.695736+02:00
306052832,de:12064:900321626::1,0.0,2026-10-02T01:01:04.695736+02:00
306052832,de:12064:900321625::1,0.0,2026-10-02T01:01:04.695736+02:00
306052832,de:12064:900321629::1,0.0,2026-10-02T01:01:04.695736+02:00
306052832,de:12064:900321627::1,0.0,2026-10-02T01:01:04.695736+02:00
306052832,de:12064:900320834::1,0.0,2026-10-02T01:01:04.695736+02:00
306052832,de:12064:900321440::1,0.0,2026-10-02T01:01:04.695736+02:00
306052832,de:12064:900321116::1,0.0,2026-10-02T01:01:04.695736+02:00
306052832,de:12064:900321191::1,0.0,2026-10-02T01:01:04.695736+02:00
306052832,de:12064:900321162::2,0.0,2026-10-02T01:01:04.695736+02:00
306052832,de:12064:900321176::1,0.0,2026-10-02T01:01:04.695736+02:00
306052832,de:12064:900321174::1,0.0,2026-10-02T01:01:04.695736+02:00
306052832,de:12064:900321171::1,0.0,2026-10-02T01:01:04.695736+02:00
306052832,de:12064:900321168::1,0.0,2026-10-02T01:01:04.695736+02:00
295879430,de:11000:900053301:2:52,0.0,2026-10-02T01:01:04.695736+02:00
295879430,de:11000:900052201:1:51,0.0,2026-10-02T01:01:04.695736+02:00
295879430,de:11000:900050355:1:51,-0.3,2026-10-02T01:01:04.695736+02:00
295879430,de:11000:900050301:1:51,-0.4,2026-10-02T01:01:04.695736+02:00
295879430,de:11000:900049201:1:51,0.0,2026-10-02T01:01:04.695736+02:00
295879430,de:11000:900049202:1:51,0.0,2026-10-02T01:01:04.695736+02:00
295879430,de:11000:900066101:1:51,-0.3,2026-10-02T01:01:04.695736+02:00
295879430,de:11000:900066102:1:51,-0.2,2026-10-02T01:01:04.695736+02:00
295879430,de:11000:900062202:1:51,-0.2,2026-10-02T01:01:04.695736+02:00
295879430,de:11000:900063101:1:51,-0.2,2026-10-02T01:01:04.695736+02:00
295879430,de:11000:900060101:1:51,-0.9,2026-10-02T01:01:04.695736+02:00
295879430,de:11000:900054104:1:51,-0.9,2026-10-02T01:01:04.695736+02:00
295879430,de:11000:900057104:1:50,-0.4,2026-10-02T01:01:04.695736+02:00
295879430,de:11000:900057102:1:51,-0.1,2026-10-02T01:01:04.695736+02:00
295879430,de:11000:900012101:2:52,-0.9,2026-10-02T01:01:04.695736+02:00
295879430,de:11000:900100020:4:57,-0.3,2026-10-02T01:01:04.695736+02:00
295879430,de:11000:900100025:1:51,-0.4,2026-10-02T01:01:04.695736+02:00
295879430,de:11000:900100001:4:57,-0.1,2026-10-02T01:01:04.695736+02:00
295879430,de:11000:900100007:1:51,-0.2,2026-10-02T01:01:04.695736+02:00
295879430,de:11000:900007104:2:52,-0.2,2026-10-02T01:01:04.695736+02:00
295879430,de:11000:900008101:1:51,-0.9,2026-10-02T01:01:04.695736+02:00
295879430,de:11000:900007102:2:53,-0.6,2026-10-02T01:01:04.695736+02:00
295879430,de:11000:900110011:2:53,-0.9,2026-10-02T01:01:04.695736+02:00
295879430,de:11000:900085201:1:50,-0.9,2026-10-02T01:01:04.695736+02:00
295879430,de:11000:900084101:1:50,-0.7,2026-10-02T01:01:04.695736+02:00
295879430,de:11000:900096101:1:50,-0.8,2026-10-02T01:01:04.695736+02:00
295879430,de:11000:900094101:1:50,-0.1,2026-10-02T01:01:04.695736+02:00
295879430,de:11000:900093201:1:50,-0.4,2026-10-02T01:01:04.695736+02:00
295879430,de:11000:900092201:1:50,-0.2,2026-10-02T01:01:04.695736+02:00
295879430,de:12065:900200009:1:50,-0.7,2026-10-02T01:01:04.695736+02:00
295879430,de:12065:900200008:1:50,-0.7,2026-10-02T01:01:04.695736+02:00
295879430,de:12065:900200007:1:50,-0.2,2026-10-02T01:01:04.695736+02:00
295879430,de:12065:900200006:1:50,-0.5,2026-10-02T01:01:04.695736+02:00
295879430,de:12065:900200005:3:1,-0.9,2026-10-02T01:01:04.695736+02:00
295879423,de:11000:900053301:2:52,0.0,2026-10-02T01:01:04.695736+02:00
295879423,de:11000:900052201:1:51,0.0,2026-10-02T01:01:04.695736+02:00
295879423,de:11000:900050355:1:51,-0.3,2026-10-02T01:01:04.695736+02:00
295879423,de:11000:900050301:1:51,-0.4,2026-10-02T01:01:04.695736+02:00
295879423,de:11000:900049201:1:51,0.0,2026-10-02T01:01:04.695736+02:00
295879423,de:11000:900049202:1:51,0.0,2026-10-02T01:01:04.695736+02:00
295879423,de:11000:900066101:1:51,-0.3,2026-10-02T01:01:04.695736+02:00
295879423,de:11000:900066102:1:51,-0.2,2026-10-02T01:01:04.695736+02:00
295879423,de:11000:900062202:1:51,-0.2,2026-10-02T01:01:04.695736+02:00
295879423,de:11000:900063101:1:51,-0.2,2026-10-02T01:01:04.695736+02:00
295879423,de:11000:900060101:1:51,-0.9,2026-10-02T01:01:04.695736+02:00
295879423,de:11000:900054104:1:51,-0.9,2026-10-02T01:01:04.695736+02:00
295879423,de:11000:900057104:1:50,-0.4,2026-10-02T01:01:04.695736+02:00
295879423,de:11000:900057102:1:51,-0.1,2026-10-02T01:01:04.695736+02:00
295879423,de:11000:900012101:2:52,-0.9,2026-10-02T01:01:04.695736+02:00
295879423,de:11000:900100020:4:57,-0.3,2026-10-02T01:01:04.695736+02:00
295879423,de:11000:900100025:1:51,-0.4,2026-10-02T01:01:04.695736+02:00
295879423,de:11000:900100001:4:57,-0.1,2026-10-02T01:01:04.695736+02:00
295879423,de:11000:900100007:1:51,-0.2,2026-10-02T01:01:04.695736+02:00
295879423,de:11000:900007104:2:52,-0.2,2026-10-02T01:01:04.695736+02:00
295879423,de:11000:900008101:1:51,-0.9,2026-10-02T01:01:04.695736+02:00
295879423,de:11000:900007102:2:53,-0.6,2026-10-02T01:01:04.695736+02:00
295879423,de:11000:900110011:2:53,-0.9,2026-10-02T01:01:04.695736+02:00
295879423,de:11000:900085201:1:50,-0.9,2026-10-02T01:01:04.695736+02:00
295879423,de:11000:900084101:1:50,-0.7,2026-10-02T01:01:04.695736+02:00
295879423,de:11000:900096101:1:50,-0.8,2026-10-02T01:01:04.695736+02:00
295879423,de:11000:900094101:1:50,-0.1,2026-10-02T01:01:04.695736+02:00
295879423,de:11000:900093201:1:50,-0.4,2026-10-02T01:01:04.695736+02:00
295879423,de:11000:900092201:1:50,-0.2,2026-10-02T01:01:04.695736+02:00
295879423,de:12065:900200009:1:50,-0.7,2026-10-02T01:01:04.695736+02:00
295879423,de:12065:900200008:1:50,-0.7,2026-10-02T01:01:04.695736+02:00
295879423,de:12065:900200007:1:50,-0.2,2026-10-02T01:01:04.695736+02:00
295879423,de:12065:900200006:1:50,-0.5,2026-10-02T01:01:04.695736+02:00
295879423,de:12065:900200005:3:1,-0.9,2026-10-02T01:01:04.695736+02:00
295879314,de:12065:900200005:3:1,0.0,2026-10-02T01:01:04.695736+02:00
295879314,de:12065:900200006:1:51,-0.3,2026-10-02T01:01:04.695736+02:00
295879314,de:12065:900200007:1:51,-0.7,2026-10-02T01:01:04.695736+02:00
295879314,de:12065:900200008:1:51,-0.2,2026-10-02T01:01:04.695736+02:00
295879314,de:12065:900200009:1:51,-0.1,2026-10-02T01:01:04.695736+02:00
295879314,de:11000:900092201:1:51,-0.7,2026-10-02T01:01:04.695736+02:00
295879314,de:11000:900093201:1:51,-0.4,2026-10-02T01:01:04.695736+02:00
295879314,de:11000:900094101:1:51,-0.8,2026-10-02T01:01:04.695736+02:00
295879314,de:11000:900096101:1:51,-0.1,2026-10-02T01:01:04.695736+02:00
295879314,de:11000:900084101:1:51,-0.2,2026-10-02T01:01:04.695736+02:00
295879314,de:11000:900085201:1:51,-0.8,2026-10-02T01:01:04.695736+02:00
295879314,de:11000:900130003:1:51,-0.8,2026-10-02T01:01:04.695736+02:00
295879314,de:11000:900110011:1:50,-0.9,2026-10-02T01:01:04.695736+02:00
295879314,de:11000:900007102:1:50,-0.9,2026-10-02T01:01:04.695736+02:00
295879314,de:11000:900008101:1:50,0.0,2026-10-02T01:01:04.695736+02:00
295879314,de:11000:900007104:1:51,-0.7,2026-10-02T01:01:04.695736+02:00
295879314,de:11000:900100007:1:50,-0.7,2026-10-02T01:01:04.695736+02:00
295879314,de:11000:900100001:4:56,-0.5,2026-10-02T01:01:04.695736+02:00
295879314,de:11000:900100025:1:50,-0.4,2026-10-02T01:01:04.695736+02:00
295879314,de:11000:900100020:3:54,-0.4,2026-10-02T01:01:04.695736+02:00
295879314,de:11000:900012101:1:51,-0.5,2026-10-02T01:01:04.695736+02:00
295879314,de:11000:900057102:1:50,-0.7,2026-10-02T01:01:04.695736+02:00
295879314,de:11000:900057104:2:51,-0.4,2026-10-02T01:01:04.695736+02:00
295879314,de:11000:900054104:1:50,-0.3,2026-10-02T01:01:04.695736+02:00
295879314,de:11000:900060101:1:50,-0.3,2026-10-02T01:01:04.695736+02:00
295879314,de:11000:900063101:1:50,-0.1,2026-10-02T01:01:04.695736+02:00
295879314,de:11000:900062202:1:50,-0.1,2026-10-02T01:01:04.695736+02:00
295879314,de:11000:900066102:1:50,-0.2,2026-10-02T01:01:04.695736+02:00
295879314,de:11000:900066101:1:50,-0.1,2026-10-02T01:01:04.695736+02:00
295879314,de:11000:900049202:1:50,-0.3,2026-10-02T01:01:04.695736+02:00
295879314,de:11000:900049201:1:50,-0.4,2026-10-02T01:01:04.695736+02:00
295879314,de:11000:900050301:1:50,0.0,2026-10-02T01:01:04.695736+02:00
295879314,de:11000:900050355:1:50,-0.1,2026-10-02T01:01:04.695736+02:00
295879314,de:11000:900052201:1:50,-0.5,2026-10-02T01:01:04.695736+02:00
295879314,de:11000:900053301:1:51,-0.9,2026-10-02T01:01:04.695736+02:00
295879414,de:11000:900053301:2:52,0.0,2026-10-02T01:01:04.695736+02:00
295879414,de:11000:900052201:1:51,0.0,2026-10-02T01:01:04.695736+02:00
295879414,de:11000:900050355:1:51,-0.3,2026-10-02T01:01:04.695736+02:00
295879414,de:11000:900050301:1:51,-0.4,2026-10-02T01:01:04.695736+02:00
295879414,de:11000:900049201:1:51,0.0,2026-10-02T01:01:04.695736+02:00
295879414,de:11000:900049202:1:51,0.0,2026-10-02T01:01:04.695736+02:00
295879414,de:11000:900066101:1:51,-0.3,2026-10-02T01:01:04.695736+02:00
295879414,de:11000:900066102:1:51,-0.2,2026-10-02T01:01:04.695736+02:00
295879414,de:11000:900062202:1:51,-0.2,2026-10-02T01:01:04.695736+02:00
295879414,de:11000:900063101:1:51,-0.2,2026-10-02T01:01:04.695736+02:00
295879414,de:11000:900060101:1:51,-0.9,2026-10-02T01:01:04.695736+02:00
295879414,de:11000:900054104:1:51,-0.9,2026-10-02T01:01:04.695736+02:00
295879414,de:11000:900057104:1:50,-0.4,2026-10-02T01:01:04.695736+02:00
295879414,de:11000:900057102:1:51,-0.1,2026-10-02T01:01:04.695736+02:00
295879414,de:11000:900012101:2:52,-0.9,2026-10-02T01:01:04.695736+02:00
295879414,de:11000:900100020:4:57,-0.3,2026-10-02T01:01:04.695736+02:00
295879414,de:11000:900100025:1:51,-0.4,2026-10-02T01:01:04.695736+02:00
295879414,de:11000:900100001:4:57,-0.1,2026-10-02T01:01:04.695736+02:00
295879414,de:11000:900100007:1:51,-0.2,2026-10-02T01:01:04.695736+02:00
295879414,de:11000:900007104:2:52,-0.2,2026-10-02T01:01:04.695736+02:00
295879414,de:11000:900008101:1:51,-0.9,2026-10-02T01:01:04.695736+02:00
295879414,de:11000:900007102:2:53,-0.6,2026-10-02T01:01:04.695736+02:00
295879414,de:11000:900110011:2:53,-0.9,2026-10-02T01:01:04.695736+02:00
295879414,de:11000:900085201:1:50,-0.9,2026-10-02T01:01:04.695736+02:00
295879414,de:11000:900084101:1:50,-0.7,2026-10-02T01:01:04.695736+02:00
295879414,de:11000:900096101:1:50,-0.8,2026-10-02T01:01:04.695736+02:00
295879414,de:11000:900094101:1:50,-0.1,2026-10-02T01:01:04.695736+02:00
295879414,de:11000:900093201:1:50,-0.4,2026-10-02T01:01:04.695736+02:00
295879414,de:11000:900092201:1:50,-0.2,2026-10-02T01:01:04.695736+02:00
295879414,de:12065:900200009:1:50,-0.7,2026-10-02T01:01:04.695736+02:00
295879414,de:12065:900200008:1:50,-0.7,2026-10-02T01:01:04.695736+02:00
295879414,de:12065:900200007:1:50,-0.2,2026-10-02T01:01:04.695736+02:00
295879414,de:12065:900200006:1:50,-0.5,2026-10-02T01:01:04.695736+02:00
295879414,de:12065:900200005:3:1,-0.9,2026-10-02T01:01:04.695736+02:00
306895393,de:12067:900310613::1,0.0,2026-10-02T01:01:04.695736+02:00
306895393,de:12067:900311076::2,0.0,2026-10-02T01:01:04.695736+02:00
306895393,de:12067:900311009::1,0.0,2026-10-02T01:01:04.695736+02:00
306895393,de:12067:900311079::1,0.0,2026-10-02T01:01:04.695736+02:00
306895393,de:12067:900310731::1,0.0,2026-10-02T01:01:04.695736+02:00
306895393,de:12067:900310700::1,0.0,2026-10-02T01:01:04.695736+02:00
306895393,de:12067:900310701::1,0.0,2026-10-02T01:01:04.695736+02:00
306895393,de:12067:900310981::1,0.0,2026-10-02T01:01:04.695736+02:00
306895393,de:12067:900310832::1,0.0,2026-10-02T01:01:04.695736+02:00
306895393,de:12067:900311098::1,0.0,2026-10-02T01:01:04.695736+02:00
306895393,de:12067:900310826::2,0.0,2026-10-02T01:01:04.695736+02:00
306895393,de:12067:900311065::1,0.0,2026-10-02T01:01:04.695736+02:00
306895393,de:12067:900311064::2,0.0,2026-10-02T01:01:04.695736+02:00
306895393,de:12067:900310902::2,0.0,2026-10-02T01:01:04.695736+02:00
306895393,de:12067:900310942::2,0.0,2026-10-02T01:01:04.695736+02:00
306895393,de:12067:900310721::1,0.0,2026-10-02T01:01:04.695736+02:00
306895393,de:12067:900310755::2,0.0,2026-10-02T01:01:04.695736+02:00
306895393,de:12067:900310728::2,0.0,2026-10-02T01:01:04.695736+02:00
306895393,de:12067:900311129::6,0.0,2026-10-02T01:01:04.695736+02:00
306895940,de:12064:900320250::1,0.0,2026-10-02T01:01:04.695736+02:00
306895940,de:12064:900320267::2,0.0,2026-10-02T01:01:04.695736+02:00
306895940,de:12067:900310017::2,0.0,2026-10-02T01:01:04.695736+02:00
306895940,de:12067:900310509::1,0.0,2026-10-02T01:01:04.695736+02:00
306895940,de:12067:900310508::1,0.0,2026-10-02T01:01:04.695736+02:00
306895940,de:12067:900310580::2,0.0,2026-10-02T01:01:04.695736+02:00
306895940,de:12067:900310578::4,0.0,2026-10-02T01:01:04.695736+02:00
306895940,de:12067:900310534::2,0.0,2026-10-02T01:01:04.695736+02:00
306895940,de:11000:900310550::2,0.0,2026-10-02T01:01:04.695736+02:00
306895940,de:12067:900310572::2,0.0,2026-10-02T01:01:04.695736+02:00
306895940,de:12067:900310013::2,0.0,2026-10-02T01:01:04.695736+02:00
306895940,de:12067:900310563::3,0.0,2026-10-02T01:01:04.695736+02:00
306895940,de:12067:900310563::2,0.0,2026-10-02T01:01:04.695736+02:00
306895940,de:12067:900310569::1,0.0,2026-10-02T01:01:04.695736+02:00
306895940,de:12067:900310571::1,0.0,2026-10-02T01:01:04.695736+02:00
306895940,de:12067:900310579::1,0.0,2026-10-02T01:01:04.695736+02:00
306895940,de:12067:900310553::1,0.0,2026-10-02T01:01:04.695736+02:00
306895940,de:12067:900310558::2,0.0,2026-10-02T01:01:04.695736+02:00
306895940,de:12067:900310559::2,0.0,2026-10-02T01:01:04.695736+02:00
306895940,de:12067:900310560::1,0.0,2026-10-02T01:01:04.695736+02:00
306895940,de:12067:900310573::1,0.0,2026-10-02T01:01:04.695736+02:00
306895940,de:12067:900310581::1,0.0,2026-10-02T01:01:04.695736+02:00
306895940,de:12067:900310567::1,0.0,2026-10-02T01:01:04.695736+02:00
306895940,de:12067:900310561::1,0.0,2026-10-02T01:01:04.695736+02:00
306895940,de:12067:900310565::1,0.0,2026-10-02T01:01:04.695736+02:00
306895978,de:12067:900310565::1,0.0,2026-10-02T01:01:04.695736+02:00
306895978,de:12067:900310561::2,0.0,2026-10-02T01:01:04.695736+02:00
306895978,de:12067:900310567::2,0.0,2026-10-02T01:01:04.695736+02:00
306895978,de:12067:900310581::2,0.0,2026-10-02T01:01:04.695736+02:00
306895978,de:12067:900310573::2,0.0,2026-10-02T01:01:04.695736+02:00
306895978,de:12067:900310560::2,0.0,2026-10-02T01:01:04.695736+02:00
306895978,de:12067:900310559::1,0.0,2026-10-02T01:01:04.695736+02:00
306895978,de:12067:900310558::3,0.0,2026-10-02T01:01:04.695736+02:00
306895978,de:12067:900310553::2,0.0,2026-10-02T01:01:04.695736+02:00
306895978,de:12067:900310579::2,0.0,2026-10-02T01:01:04.695736+02:00
306895978,de:12067:900310571::2,0.0,2026-10-02T01:01:04.695736+02:00
306895978,de:12067:900310569::2,0.0,2026-10-02T01:01:04.695736+02:00
306895978,de:12067:900310563::1,0.0,2026-10-02T01:01:04.695736+02:00
306895978,de:12067:900310563::4,0.0,2026-10-02T01:01:04.695736+02:00
306895978,de:12067:900310013::2,0.0,2026-10-02T01:01:04.695736+02:00
306895978,de:12067:900310572::1,0.0,2026-10-02T01:01:04.695736+02:00
306895978,de:11000:900310550::1,0.0,2026-10-02T01:01:04.695736+02:00
306895978,de:12067:900310534::1,0.0,2026-10-02T01:01:04.695736+02:00
306895978,de:12067:900310580::1,0.0,2026-10-02T01:01:04.695736+02:00
306895978,de:12067:900311095::1,0.0,2026-10-02T01:01:04.695736+02:00
306895978,de:12067:900311097::1,0.0,2026-10-02T01:01:04.695736+02:00
306895978,de:12067:900311096::2,0.0,2026-10-02T01:01:04.695736+02:00
306895978,de:12067:900311096::1,0.0,2026-10-02T01:01:04.695736+02:00
306895978,de:12067:900311097::2,0.0,2026-10-02T01:01:04.695736+02:00
306895978,de:12067:900311095::2,0.0,2026-10-02T01:01:04.695736+02:00
306895978,de:12067:900310580::2,0.0,2026-10-02T01:01:04.695736+02:00
306895978,de:12067:900310578::4,0.0,2026-10-02T01:01:04.695736+02:00
306895978,de:12067:900310508::2,0.0,2026-10-02T01:01:04.695736+02:00
306895978,de:12067:900310509::2,0.0,2026-10-02T01:01:04.695736+02:00
306895978,de:12067:900310017::3,0.0,2026-10-02T01:01:04.695736+02:00
306895978,de:12064:900320267::1,0.0,2026-10-02T01:01:04.695736+02:00
306895978,de:12064:900320250::1,0.0,2026-10-02T01:01:04.695736+02:00
306896008,de:12067:900310565::1,0.0,2026-10-02T01:01:04.695736+02:00
306896008,de:12067:900310561::2,0.0,2026-10-02T01:01:04.695736+02:00
306896008,de:12067:900310567::2,0.0,2026-10-02T01:01:04.695736+02:00
306896008,de:12067:900310581::2,0.0,2026-10-02T01:01:04.695736+02:00
306896008,de:12067:900310573::2,0.0,2026-10-02T01:01:04.695736+02:00
306896008,de:12067:900310560::2,0.0,2026-10-02T01:01:04.695736+02:00
306896008,de:12067:900310563::4,0.0,2026-10-02T01:01:04.695736+02:00
306896008,de:12067:900310013::2,0.0,2026-10-02T01:01:04.695736+02:00
306896008,de:12067:900310572::1,0.0,2026-10-02T01:01:04.695736+02:00
306896008,de:11000:900310550::1,0.0,2026-10-02T01:01:04.695736+02:00
306896008,de:12067:900310534::1,0.0,2026-10-02T01:01:04.695736+02:00
306896008,de:12067:900310580::1,0.0,2026-10-02T01:01:04.695736+02:00
306896008,de:12067:900311095::1,0.0,2026-10-02T01:01:04.695736+02:00
306896008,de:12067:900311097::1,0.0,2026-10-02T01:01:04.695736+02:00
306896008,de:12067:900311096::2,0.0,2026-10-02T01:01:04.695736+02:00
306896008,de:12067:900311096::1,0.0,2026-10-02T01:01:04.695736+02:00
306896008,de:12067:900311097::2,0.0,2026-10-02T01:01:04.695736+02:00
306896008,de:12067:900311095::2,0.0,2026-10-02T01:01:04.695736+02:00
306896008,de:12067:900310580::2,0.0,2026-10-02T01:01:04.695736+02:00
306896008,de:12067:900310578::4,0.0,2026-10-02T01:01:04.695736+02:00
306896008,de:12067:900310508::2,0.0,2026-10-02T01:01:04.695736+02:00
306896008,de:12067:900310509::2,0.0,2026-10-02T01:01:04.695736+02:00
306896008,de:12067:900310017::3,0.0,2026-10-02T01:01:04.695736+02:00
306896008,de:12064:900320267::1,0.0,2026-10-02T01:01:04.695736+02:00
306896008,de:12064:900320250::1,0.0,2026-10-02T01:01:04.695736+02:00
306896138,de:12067:900310013::3,0.0,2026-10-02T01:01:04.695736+02:00
306896138,de:12067:900310563::3,0.0,2026-10-02T01:01:04.695736+02:00
306896138,de:12067:900310559::1,0.0,2026-10-02T01:01:04.695736+02:00
306896138,de:12067:900310558::1,0.0,2026-10-02T01:01:04.695736+02:00
306896138,de:12067:900310556::1,0.0,2026-10-02T01:01:04.695736+02:00
306896138,de:12067:900310621::1,0.0,2026-10-02T01:01:04.695736+02:00
306896138,de:12067:900310568::1,0.0,2026-10-02T01:01:04.695736+02:00
306896138,de:12067:900310955::1,0.0,2026-10-02T01:01:04.695736+02:00
306896138,de:12067:900310951::1,0.0,2026-10-02T01:01:04.695736+02:00
306896138,de:12067:900310956::1,0.0,2026-10-02T01:01:04.695736+02:00
306896138,de:12067:900310954::1,0.0,2026-10-02T01:01:04.695736+02:00
306896138,de:12067:900310953::1,0.0,2026-10-02T01:01:04.695736+02:00
306896138,de:12067:900311042::1,0.0,2026-10-02T01:01:04.695736+02:00
306896138,de:12067:900311043::1,0.0,2026-10-02T01:01:04.695736+02:00
295883482,de:11000:900100020:3:55,0.0,2026-10-02T01:01:04.695736+02:00
295883482,de:11000:900012101:1:51,-0.5,2026-10-02T01:01:04.695736+02:00
295883482,de:11000:900057102:1:50,-0.7,2026-10-02T01:01:04.695736+02:00
295883482,de:11000:900057104:2:51,-0.4,2026-10-02T01:01:04.695736+02:00
295883482,de:11000:900054104:1:50,-0.3,2026-10-02T01:01:04.695736+02:00
295883482,de:11000:900060101:1:50,-0.3,2026-10-02T01:01:04.695736+02:00
295883482,de:11000:900063101:1:50,-0.1,2026-10-02T01:01:04.695736+02:00
295883482,de:11000:900062202:1:50,-0.1,2026-10-02T01:01:04.695736+02:00
295883482,de:11000:900066102:1:50,-0.2,2026-10-02T01:01:04.695736+02:00
295883482,de:11000:900066101:1:50,-0.1,2026-10-02T01:01:04.695736+02:00
295883482,de:11000:900049202:1:50,-0.3,2026-10-02T01:01:04.695736+02:00
295883482,de:11000:900049201:1:50,-0.4,2026-10-02T01:01:04.695736+02:00
295883504,de:11000:900049201:1:51,0.0,2026-10-02T01:01:04.695736+02:00
295883504,de:11000:900049202:1:51,0.0,2026-10-02T01:01:04.695736+02:00
295883504,de:11000:900066101:1:51,-0.3,2026-10-02T01:01:04.695736+02:00
295883504,de:11000:900066102:1:51,-0.2,2026-10-02T01:01:04.695736+02:00
295883504,de:11000:900062202:1:51,-0.2,2026-10-02T01:01:04.695736+02:00
295883504,de:11000:900063101:1:51,-0.2,2026-10-02T01:01:04.695736+02:00
295883504,de:11000:900060101:1:51,-0.9,2026-10-02T01:01:04.695736+02:00
295883504,de:11000:900054104:1:51,-0.9,2026-10-02T01:01:04.695736+02:00
295883504,de:11000:900057104:1:50,-0.4,2026-10-02T01:01:04.695736+02:00
295883504,de:11000:900057102:1:51,-0.1,2026-10-02T01:01:04.695736+02:00
295883504,de:11000:900012101:2:52,-0.8,2026-10-02T01:01:04.695736+02:00
295883504,de:11000:900100020:4:57,-0.9,2026-10-02T01:01:04.695736+02:00
295883463,de:11000:900100020:3:55,0.0,2026-10-02T01:01:04.695736+02:00
295883463,de:11000:900012101:1:51,-0.5,2026-10-02T01:01:04.695736+02:00
295883463,de:11000:900057102:1:50,-0.7,2026-10-02T01:01:04.695736+02:00
295883463,de:11000:900057104:2:51,-0.4,2026-10-02T01:01:04.695736+02:00
295883463,de:11000:900054104:1:50,-0.3,2026-10-02T01:01:04.695736+02:00
295883463,de:11000:900060101:1:50,-0.3,2026-10-02T01:01:04.695736+02:00
295883463,de:11000:900063101:1:50,-0.1,2026-10-02T01:01:04.695736+02:00
295883463,de:11000:900062202:1:50,-0.1,2026-10-02T01:01:04.695736+02:00
295883463,de:11000:900066102:1:50,-0.2,2026-10-02T01:01:04.695736+02:00
295883463,de:11000:900066101:1:50,-0.1,2026-10-02T01:01:04.695736+02:00
295883463,de:11000:900049202:1:50,-0.3,2026-10-02T01:01:04.695736+02:00
295883463,de:11000:900049201:1:50,-0.4,2026-10-02T01:01:04.695736+02:00
307252205,de:11000:900007102:1:51,0.0,2026-10-02T01:01:04.695736+02:00
307252205,de:11000:900009104:1:51,-0.8,2026-10-02T01:01:04.695736+02:00
307252205,de:11000:900003200:5:58,-0.7,2026-10-02T01:01:04.695736+02:00
307252164,de:11000:900007102:1:51,0.0,2026-10-02T01:01:04.695736+02:00
307252164,de:11000:900009104:1:51,-0.8,2026-10-02T01:01:04.695736+02:00
307252164,de:11000:900003200:5:58,-0.7,2026-10-02T01:01:04.695736+02:00
307252161,de:11000:900007102:1:51,0.0,2026-10-02T01:01:04.695736+02:00
307252161,de:11000:900009104:1:51,-0.8,2026-10-02T01:01:04.695736+02:00
307252161,de:11000:900003200:5:58,-0.7,2026-10-02T01:01:04.695736+02:00
295882582,de:11000:900053301:2:52,0.0,2026-10-02T01:01:04.695736+02:00
295882582,de:11000:900052201:1:51,0.0,2026-10-02T01:01:04.695736+02:00
295882582,de:11000:900050355:1:51,-0.3,2026-10-02T01:01:04.695736+02:00
295882582,de:11000:900050301:1:51,-0.4,2026-10-02T01:01:04.695736+02:00
295882582,de:11000:900049201:1:51,0.0,2026-10-02T01:01:04.695736+02:00
295882582,de:11000:900049202:1:51,0.0,2026-10-02T01:01:04.695736+02:00
295882582,de:11000:900066101:1:51,-0.3,2026-10-02T01:01:04.695736+02:00
295882582,de:11000:900066102:1:51,-0.2,2026-10-02T01:01:04.695736+02:00
295882582,de:11000:900062202:1:51,-0.2,2026-10-02T01:01:04.695736+02:00
295882582,de:11000:900063101:1:51,-0.2,2026-10-02T01:01:04.695736+02:00
295882582,de:11000:900060101:1:51,-0.9,2026-10-02T01:01:04.695736+02:00
295882582,de:11000:900054104:1:51,-0.9,2026-10-02T01:01:04.695736+02:00
295882582,de:11000:900057104:1:50,-0.4,2026-10-02T01:01:04.695736+02:00
295882582,de:11000:900057102:1:51,-0.1,2026-10-02T01:01:04.695736+02:00
295882582,de:11000:900012101:2:52,-0.9,2026-10-02T01:01:04.695736+02:00
295882582,de:11000:900100020:4:57,-0.3,2026-10-02T01:01:04.695736+02:00
295882582,de:11000:900100025:1:51,-0.4,2026-10-02T01:01:04.695736+02:00
295882582,de:11000:900100001:4:57,-0.1,2026-10-02T01:01:04.695736+02:00
295882582,de:11000:900100007:1:51,-0.2,2026-10-02T01:01:04.695736+02:00
295882582,de:11000:900007104:2:52,-0.2,2026-10-02T01:01:04.695736+02:00
295882582,de:11000:900008101:1:51,-0.9,2026-10-02T01:01:04.695736+02:00
295882582,de:11000:900007102:2:53,-0.6,2026-10-02T01:01:04.695736+02:00
295882582,de:11000:900110011:2:53,-0.9,2026-10-02T01:01:04.695736+02:00
295882582,de:11000:900085201:1:50,-0.9,2026-10-02T01:01:04.695736+02:00
295882582,de:11000:900084101:1:50,-0.7,2026-10-02T01:01:04.695736+02:00
295882582,de:11000:900096101:1:50,-0.8,2026-10-02T01:01:04.695736+02:00
295882582,de:11000:900094101:1:50,-0.1,2026-10-02T01:01:04.695736+02:00
295882582,de:11000:900093201:1:50,-0.4,2026-10-02T01:01:04.695736+02:00
295882582,de:11000:900092201:1:50,-0.2,2026-10-02T01:01:04.695736+02:00
295882568,de:11000:900053301:2:52,0.0,2026-10-02T01:01:04.695736+02:00
295882568,de:11000:900052201:1:51,0.0,2026-10-02T01:01:04.695736+02:00
295882568,de:11000:900050355:1:51,-0.3,2026-10-02T01:01:04.695736+02:00
295882568,de:11000:900050301:1:51,-0.4,2026-10-02T01:01:04.695736+02:00
295882568,de:11000:900049201:1:51,0.0,2026-10-02T01:01:04.695736+02:00
295882568,de:11000:900049202:1:51,0.0,2026-10-02T01:01:04.695736+02:00
295882568,de:11000:900066101:1:51,-0.3,2026-10-02T01:01:04.695736+02:00
295882568,de:11000:900066102:1:51,-0.2,2026-10-02T01:01:04.695736+02:00
295882568,de:11000:900062202:1:51,-0.2,2026-10-02T01:01:04.695736+02:00
295882568,de:11000:900063101:1:51,-0.2,2026-10-02T01:01:04.695736+02:00
295882568,de:11000:900060101:1:51,-0.9,2026-10-02T01:01:04.695736+02:00
295882568,de:11000:900054104:1:51,-0.9,2026-10-02T01:01:04.695736+02:00
295882568,de:11000:900057104:1:50,-0.4,2026-10-02T01:01:04.695736+02:00
295882568,de:11000:900057102:1:51,-0.1,2026-10-02T01:01:04.695736+02:00
295882568,de:11000:900012101:2:52,-0.9,2026-10-02T01:01:04.695736+02:00
295882568,de:11000:900100020:4:57,-0.3,2026-10-02T01:01:04.695736+02:00
295882568,de:11000:900100025:1:51,-0.4,2026-10-02T01:01:04.695736+02:00
295882568,de:11000:900100001:4:57,-0.1,2026-10-02T01:01:04.695736+02:00
295882568,de:11000:900100007:1:51,-0.2,2026-10-02T01:01:04.695736+02:00
295882568,de:11000:900007104:2:52,-0.2,2026-10-02T01:01:04.695736+02:00
295882568,de:11000:900008101:1:51,-0.9,2026-10-02T01:01:04.695736+02:00
295882568,de:11000:900007102:2:53,-0.6,2026-10-02T01:01:04.695736+02:00
295882568,de:11000:900110011:2:53,-0.9,2026-10-02T01:01:04.695736+02:00
295882568,de:11000:900085201:1:50,-0.9,2026-10-02T01:01:04.695736+02:00
295882568,de:11000:900084101:1:50,-0.7,2026-10-02T01:01:04.695736+02:00
295882568,de:11000:900096101:1:50,-0.8,2026-10-02T01:01:04.695736+02:00
295882568,de:11000:900094101:1:50,-0.1,2026-10-02T01:01:04.695736+02:00
295882568,de:11000:900093201:1:50,-0.4,2026-10-02T01:01:04.695736+02:00
295882568,de:11000:900092201:1:50,-0.2,2026-10-02T01:01:04.695736+02:00
295882559,de:11000:900053301:2:52,0.0,2026-10-02T01:01:04.695736+02:00
295882559,de:11000:900052201:1:51,0.0,2026-10-02T01:01:04.695736+02:00
295882559,de:11000:900050355:1:51,-0.3,2026-10-02T01:01:04.695736+02:00
295882559,de:11000:900050301:1:51,-0.4,2026-10-02T01:01:04.695736+02:00
295882559,de:11000:900049201:1:51,0.0,2026-10-02T01:01:04.695736+02:00
295882559,de:11000:900049202:1:51,0.0,2026-10-02T01:01:04.695736+02:00
295882559,de:11000:900066101:1:51,-0.3,2026-10-02T01:01:04.695736+02:00
295882559,de:11000:900066102:1:51,-0.2,2026-10-02T01:01:04.695736+02:00
295882559,de:11000:900062202:1:51,-0.2,2026-10-02T01:01:04.695736+02:00
295882559,de:11000:900063101:1:51,-0.2,2026-10-02T01:01:04.695736+02:00
295882559,de:11000:900060101:1:51,-0.9,2026-10-02T01:01:04.695736+02:00
295882559,de:11000:900054104:1:51,-0.9,2026-10-02T01:01:04.695736+02:00
295882559,de:11000:900057104:1:50,-0.4,2026-10-02T01:01:04.695736+02:00
295882559,de:11000:900057102:1:51,-0.1,2026-10-02T01:01:04.695736+02:00
295882559,de:11000:900012101:2:52,-0.9,2026-10-02T01:01:04.695736+02:00
295882559,de:11000:900100020:4:57,-0.3,2026-10-02T01:01:04.695736+02:00
295882559,de:11000:900100025:1:51,-0.4,2026-10-02T01:01:04.695736+02:00
295882559,de:11000:900100001:4:57,-0.1,2026-10-02T01:01:04.695736+02:00
295882559,de:11000:900100007:1:51,-0.2,2026-10-02T01:01:04.695736+02:00
295882559,de:11000:900007104:2:52,-0.2,2026-10-02T01:01:04.695736+02:00
295882559,de:11000:900008101:1:51,-0.9,2026-10-02T01:01:04.695736+02:00
295882559,de:11000:900007102:2:53,-0.6,2026-10-02T01:01:04.695736+02:00
295882559,de:11000:900110011:2:53,-0.9,2026-10-02T01:01:04.695736+02:00
295882559,de:11000:900085201:1:50,-0.9,2026-10-02T01:01:04.695736+02:00
295882559,de:11000:900084101:1:50,-0.7,2026-10-02T01:01:04.695736+02:00
295882559,de:11000:900096101:1:50,-0.8,2026-10-02T01:01:04.695736+02:00
295882559,de:11000:900094101:1:50,-0.1,2026-10-02T01:01:04.695736+02:00
295882559,de:11000:900093201:1:50,-0.4,2026-10-02T01:01:04.695736+02:00
295882559,de:11000:900092201:1:50,-0.2,2026-10-02T01:01:04.695736+02:00
306896990,de:12067:900311308::5,0.0,2026-10-02T01:01:04.695736+02:00
306896990,de:12067:900311380::1,0.0,2026-10-02T01:01:04.695736+02:00
306896990,de:12067:900311348::1,0.0,2026-10-02T01:01:04.695736+02:00
306896990,de:12067:900311315::1,0.0,2026-10-02T01:01:04.695736+02:00
306896990,de:12067:900311383::6,0.0,2026-10-02T01:01:04.695736+02:00
306896990,de:12067:900311356::2,0.0,2026-10-02T01:01:04.695736+02:00
306896990,de:12067:900310029::1,0.0,2026-10-02T01:01:04.695736+02:00
306896990,de:12067:900311357::2,0.0,2026-10-02T01:01:04.695736+02:00
306896990,de:12067:900311354::2,0.0,2026-10-02T01:01:04.695736+02:00
306896990,de:12067:900311352::2,0.0,2026-10-02T01:01:04.695736+02:00
306896990,de:12067:900311336::2,0.0,2026-10-02T01:01:04.695736+02:00
306896990,de:12067:900311371::1,0.0,2026-10-02T01:01:04.695736+02:00
306896990,de:12067:900311364::1,0.0,2026-10-02T01:01:04.695736+02:00
306896990,de:12067:900311374::2,0.0,2026-10-02T01:01:04.695736+02:00
306896990,de:12067:900311365::2,0.0,2026-10-02T01:01:04.695736+02:00
306896990,de:12067:900311363::2,0.0,2026-10-02T01:01:04.695736+02:00
306896990,de:12067:900311362::2,0.0,2026-10-02T01:01:04.695736+02:00
306896990,de:12067:900311377::2,0.0,2026-10-02T01:01:04.695736+02:00
306896990,de:12067:900311376::2,0.0,2026-10-02T01:01:04.695736+02:00
306896990,de:12067:900311316::2,0.0,2026-10-02T01:01:04.695736+02:00
306896990,de:12067:900311384::2,0.0,2026-10-02T01:01:04.695736+02:00
306896990,de:12067:900311317::2,0.0,2026-10-02T01:01:04.695736+02:00
306896990,de:12067:900310027::2,0.0,2026-10-02T01:01:04.695736+02:00
306896990,de:12067:900311359::2,0.0,2026-10-02T01:01:04.695736+02:00
306896990,de:12067:900311345::2,0.0,2026-10-02T01:01:04.695736+02:00
306896990,de:12067:900311341::2,0.0,2026-10-02T01:01:04.695736+02:00
306896990,de:12067:900311339::1,0.0,2026-10-02T01:01:04.695736+02:00
306896990,de:12067:900311340::1,0.0,2026-10-02T01:01:04.695736+02:00
306896990,de:12067:900311313::1,0.0,2026-10-02T01:01:04.695736+02:00
306896990,de:12067:900311314::1,0.0,2026-10-02T01:01:04.695736+02:00
306896990,de:12067:900311313::2,0.0,2026-10-02T01:01:04.695736+02:00
306896990,de:12067:900311339::2,0.0,2026-10-02T01:01:04.695736+02:00
306896990,de:12067:900311309::1,0.0,2026-10-02T01:01:04.695736+02:00
306896990,de:12067:900311310::1,0.0,2026-10-02T01:01:04.695736+02:00
306896990,de:12067:900311307::1,0.0,2026-10-02T01:01:04.695736+02:00
306896990,de:12067:900311308::4,0.0,2026-10-02T01:01:04.695736+02:00
306897003,de:12067:900311308::5,0.0,2026-10-02T01:01:04.695736+02:00
306897003,de:12067:900311380::1,0.0,2026-10-02T01:01:04.695736+02:00
306897003,de:12067:900311348::1,0.0,2026-10-02T01:01:04.695736+02:00
306897003,de:12067:900311350::1,0.0,2026-10-02T01:01:04.695736+02:00
306897003,de:12067:900311321::2,0.0,2026-10-02T01:01:04.695736+02:00
306897003,de:12067:900311353::2,0.0,2026-10-02T01:01:04.695736+02:00
306897003,de:12067:900311383::6,0.0,2026-10-02T01:01:04.695736+02:00
306897003,de:12067:900311305::1,0.0,2026-10-02T01:01:04.695736+02:00
306897003,de:12067:900311304::2,0.0,2026-10-02T01:01:04.695736+02:00
306897003,de:12067:900311334::2,0.0,2026-10-02T01:01:04.695736+02:00
306897003,de:12067:900311333::2,0.0,2026-10-02T01:01:04.695736+02:00
306897003,de:12067:900311352::2,0.0,2026-10-02T01:01:04.695736+02:00
306897003,de:12067:900311336::2,0.0,2026-10-02T01:01:04.695736+02:00
306897003,de:12067:900311371::1,0.0,2026-10-02T01:01:04.695736+02:00
306897003,de:12067:900311364::1,0.0,2026-10-02T01:01:04.695736+02:00
306897003,de:12067:900311374::2,0.0,2026-10-02T01:01:04.695736+02:00
306897003,de:12067:900311365::2,0.0,2026-10-02T01:01:04.695736+02:00
306897003,de:12067:900311363::2,0.0,2026-10-02T01:01:04.695736+02:00
306897003,de:12067:900311362::2,0.0,2026-10-02T01:01:04.695736+02:00
306897003,de:12067:900311377::2,0.0,2026-10-02T01:01:04.695736+02:00
306897003,de:12067:900311376::2,0.0,2026-10-02T01:01:04.695736+02:00
306897003,de:12067:900311316::2,0.0,2026-10-02T01:01:04.695736+02:00
306897003,de:12067:900311384::2,0.0,2026-10-02T01:01:04.695736+02:00
306897003,de:12067:900311317::2,0.0,2026-10-02T01:01:04.695736+02:00
306897003,de:12067:900310027::2,0.0,2026-10-02T01:01:04.695736+02:00
306897003,de:12067:900311359::2,0.0,2026-10-02T01:01:04.695736+02:00
306897003,de:12067:900311345::2,0.0,2026-10-02T01:01:04.695736+02:00
306897003,de:12067:900311341::2,0.0,2026-10-02T01:01:04.695736+02:00
306897003,de:12067:900311339::1,0.0,2026-10-02T01:01:04.695736+02:00
306897003,de:12067:900311340::1,0.0,2026-10-02T01:01:04.695736+02:00
306897003,de:12067:900311339::2,0.0,2026-10-02T01:01:04.695736+02:00
306897003,de:12067:900311309::1,0.0,2026-10-02T01:01:04.695736+02:00
306897003,de:12067:900311310::1,0.0,2026-10-02T01:01:04.695736+02:00
306897003,de:12067:900311307::1,0.0,2026-10-02T01:01:04.695736+02:00
306897003,de:12067:900311308::4,0.0,2026-10-02T01:01:04.695736+02:00
306897161,de:12067:900311308::5,0.0,2026-10-02T01:01:04.695736+02:00
306897161,de:12067:900311380::1,0.0,2026-10-02T01:01:04.695736+02:00
306897161,de:12067:900311348::1,0.0,2026-10-02T01:01:04.695736+02:00
306897161,de:12067:900311350::1,0.0,2026-10-02T01:01:04.695736+02:00
306897161,de:12067:900311349::1,0.0,2026-10-02T01:01:04.695736+02:00
306897161,de:12067:900311371::1,0.0,2026-10-02T01:01:04.695736+02:00
306897161,de:12067:900311364::1,0.0,2026-10-02T01:01:04.695736+02:00
306897161,de:12067:900310601::1,0.0,2026-10-02T01:01:04.695736+02:00
306897161,de:12067:900310601::1,-19.0,2026-10-02T01:01:04.695736+02:00
306897161,de:12067:900311511::1,0.0,2026-10-02T01:01:04.695736+02:00
306897161,de:12067:900311513::2,0.0,2026-10-02T01:01:04.695736+02:00
306897161,de:12067:900311513::1,0.0,2026-10-02T01:01:04.695736+02:00
306897161,de:12067:900311511::2,0.0,2026-10-02T01:01:04.695736+02:00
306897161,de:12067:900310601::2,0.0,2026-10-02T01:01:04.695736+02:00
306897161,de:12067:900311460::1,0.0,2026-10-02T01:01:04.695736+02:00
306897161,de:12067:900310601::1,19.0,2026-10-02T01:01:04.695736+02:00
306897161,de:12067:900310601::1,0.0,2026-10-02T01:01:04.695736+02:00
306897161,de:12067:900311510::1,0.0,2026-10-02T01:01:04.695736+02:00
306897161,de:12067:900311512::1,0.0,2026-10-02T01:01:04.695736+02:00
306897161,de:12067:900311563::1,0.0,2026-10-02T01:01:04.695736+02:00
306897161,de:12067:900311520::1,0.0,2026-10-02T01:01:04.695736+02:00
306897161,de:12067:900311221::2,0.0,2026-10-02T01:01:04.695736+02:00
306897161,de:12067:900311430::1,0.0,2026-10-02T01:01:04.695736+02:00
306897161,de:12067:900310070::2,0.0,2026-10-02T01:01:04.695736+02:00
306897161,de:12067:900310901::2,0.0,2026-10-02T01:01:04.695736+02:00
306897161,de:12067:900311471::2,0.0,2026-10-02T01:01:04.695736+02:00
306897161,de:12067:900311472::1,0.0,2026-10-02T01:01:04.695736+02:00
306897241,de:12067:900311482::3,0.0,2026-10-02T01:01:04.695736+02:00
306897241,de:12067:900311490::2,0.0,2026-10-02T01:01:04.695736+02:00
306897241,de:12067:900311478::2,0.0,2026-10-02T01:01:04.695736+02:00
306897241,de:12067:900311477::2,0.0,2026-10-02T01:01:04.695736+02:00
306897241,de:12067:900311442::2,0.0,2026-10-02T01:01:04.695736+02:00
306897241,de:12067:900311560::1,0.0,2026-10-02T01:01:04.695736+02:00
306897241,de:12067:900311401::2,0.0,2026-10-02T01:01:04.695736+02:00
306897241,de:12067:900311543::2,0.0,2026-10-02T01:01:04.695736+02:00
306897241,de:12067:900311542::1,0.0,2026-10-02T01:01:04.695736+02:00
306897241,de:12067:900311530::2,0.0,2026-10-02T01:01:04.695736+02:00
306897241,de:12067:900311531::2,0.0,2026-10-02T01:01:04.695736+02:00
306897241,de:12067:900311306::2,0.0,2026-10-02T01:01:04.695736+02:00
306897241,de:12067:900311356::2,0.0,2026-10-02T01:01:04.695736+02:00
306897241,de:12067:900311311::2,0.0,2026-10-02T01:01:04.695736+02:00
306897241,de:12067:900311312::2,0.0,2026-10-02T01:01:04.695736+02:00
306897241,de:12067:900311383::5,0.0,2026-10-02T01:01:04.695736+02:00
306897241,de:12067:900311315::2,0.0,2026-10-02T01:01:04.695736+02:00
306897241,de:12067:900311348::2,0.0,2026-10-02T01:01:04.695736+02:00
306897241,de:12067:900311308::4,0.0,2026-10-02T01:01:04.695736+02:00
306896319,de:12067:900310846::2,0.0,2026-10-02T01:01:04.695736+02:00
306896319,de:12067:900310854::2,0.0,2026-10-02T01:01:04.695736+02:00
306896319,de:12067:900310857::2,0.0,2026-10-02T01:01:04.695736+02:00
306896319,de:12067:900311970::1,0.0,2026-10-02T01:01:04.695736+02:00
306896319,de:12067:900310853::1,0.0,2026-10-02T01:01:04.695736+02:00
306896319,de:12067:900310845::1,0.0,2026-10-02T01:01:04.695736+02:00
306896319,de:12067:900310555::2,0.0,2026-10-02T01:01:04.695736+02:00
306896319,de:12067:900310557::2,0.0,2026-10-02T01:01:04.695736+02:00
306896319,de:12067:900310013::7,0.0,2026-10-02T01:01:04.695736+02:00
306896489,de:12064:900320228::1,0.0,2026-10-02T01:01:04.695736+02:00
306896489,de:12064:900320280::2,0.0,2026-10-02T01:01:04.695736+02:00
306896489,de:12064:900320229::2,-0.5,2026-10-02T01:01:04.695736+02:00
306896489,de:12064:900320279::2,-0.5,2026-10-02T01:01:04.695736+02:00
306896489,de:12064:900320277::2,0.0,2026-10-02T01:01:04.695736+02:00
306896489,de:12067:900311015::2,0.0,2026-10-02T01:01:04.695736+02:00
306896489,de:12067:900310711::2,0.0,2026-10-02T01:01:04.695736+02:00
306896489,de:12067:900310712::2,0.0,2026-10-02T01:01:04.695736+02:00
306896489,de:12067:900310802::2,0.0,2026-10-02T01:01:04.695736+02:00
306896489,de:12067:900310803::2,0.0,2026-10-02T01:01:04.695736+02:00
306896489,de:12067:900310813::2,0.0,2026-10-02T01:01:04.695736+02:00
306896489,de:12067:900310825::1,0.0,2026-10-02T01:01:04.695736+02:00
306896489,de:12067:900310835::2,0.0,2026-10-02T01:01:04.695736+02:00
306896489,de:12067:900310001::9,0.0,2026-10-02T01:01:04.695736+02:00
306896489,de:12067:900311149::2,0.0,2026-10-02T01:01:04.695736+02:00
306896489,de:12067:900310001::11,0.0,2026-10-02T01:01:04.695736+02:00
306897275,de:12067:900311405::1,0.0,2026-10-02T01:01:04.695736+02:00
306897275,de:12067:900311405::1,-8.0,2026-10-02T01:01:04.695736+02:00
306897275,de:12067:900311443::1,0.0,2026-10-02T01:01:04.695736+02:00
306897275,de:12067:900311405::1,8.0,2026-10-02T01:01:04.695736+02:00
306897275,de:12067:900311405::1,0.0,2026-10-02T01:01:04.695736+02:00
306897275,de:12067:900311402::1,0.0,2026-10-02T01:01:04.695736+02:00
306897275,de:12067:900311311::2,0.0,2026-10-02T01:01:04.695736+02:00
306897275,de:12067:900311312::2,0.0,2026-10-02T01:01:04.695736+02:00
306897275,de:12067:900311383::2,0.0,2026-10-02T01:01:04.695736+02:00
306897275,de:12067:900311305::1,0.0,2026-10-02T01:01:04.695736+02:00
306897275,de:12067:900311320::1,0.0,2026-10-02T01:01:04.695736+02:00
306897275,de:12067:900311354::2,0.0,2026-10-02T01:01:04.695736+02:00
306897275,de:12067:900311352::2,0.0,2026-10-02T01:01:04.695736+02:00
306897275,de:12067:900311336::2,0.0,2026-10-02T01:01:04.695736+02:00
306897275,de:12067:900311349::2,0.0,2026-10-02T01:01:04.695736+02:00
306897275,de:12067:900311377::2,0.0,2026-10-02T01:01:04.695736+02:00
306897275,de:12067:900311376::2,0.0,2026-10-02T01:01:04.695736+02:00
306897275,de:12067:900311316::2,0.0,2026-10-02T01:01:04.695736+02:00
306897275,de:12067:900311384::2,0.0,2026-10-02T01:01:04.695736+02:00
306897275,de:12067:900311317::2,0.0,2026-10-02T01:01:04.695736+02:00
306897275,de:12067:900310027::2,0.0,2026-10-02T01:01:04.695736+02:00
306897275,de:12067:900311359::2,0.0,2026-10-02T01:01:04.695736+02:00
306897275,de:12067:900311345::2,0.0,2026-10-02T01:01:04.695736+02:00
306897275,de:12067:900311341::2,0.0,2026-10-02T01:01:04.695736+02:00
306897275,de:12067:900311309::1,0.0,2026-10-02T01:01:04.695736+02:00
306897275,de:12067:900311310::1,0.0,2026-10-02T01:01:04.695736+02:00
306897275,de:12067:900311307::1,0.0,2026-10-02T01:01:04.695736+02:00
306897275,de:12067:900311308::4,0.0,2026-10-02T01:01:04.695736+02:00
307433842,de:12065:900200005:2:1,0.0,2026-10-02T01:01:04.695736+02:00
307433842,de:11000:900152001:3:53,0.0,2026-10-02T01:01:04.695736+02:00
307433842,de:11000:900160004:4:56,0.0,2026-10-02T01:01:04.695736+02:00
307433842,de:11000:900120003:4:56,0.0,2026-10-02T01:01:04.695736+02:00
307433842,de:11000:900192001:1:50,0.0,2026-10-02T01:01:04.695736+02:00
307433842,de:12061:900260009:2:54,0.0,2026-10-02T01:01:04.695736+02:00
307433842,de:12072:900245030:2:51,0.0,2026-10-02T01:01:04.695736+02:00
307433842,de:12072:900245029:2:52,0.0,2026-10-02T01:01:04.695736+02:00
307439818,de:12066:900435061:3:53,0.0,2026-10-02T01:01:04.695736+02:00
307439818,de:12066:900435314:1:51,0.0,2026-10-02T01:01:04.695736+02:00
307439818,de:14625:6810,0.0,2026-10-02T01:01:04.695736+02:00
307439818,de:14625:8144:1:Gleis1,0.0,2026-10-02T01:01:04.695736+02:00
307439818,de:14625:8000,0.0,2026-10-02T01:01:04.695736+02:00
306896646,de:12067:900310611::1,0.0,2026-10-02T01:01:04.695736+02:00
306896646,de:12067:900311058::2,0.0,2026-10-02T01:01:04.695736+02:00
306896646,de:12067:900311110::4,0.0,2026-10-02T01:01:04.695736+02:00
306896646,de:12067:900311059::2,0.0,2026-10-02T01:01:04.695736+02:00
306896646,de:12067:900311069::1,0.0,2026-10-02T01:01:04.695736+02:00
306896646,de:12067:900311118::1,0.0,2026-10-02T01:01:04.695736+02:00
306896646,de:12067:900310966::1,0.0,2026-10-02T01:01:04.695736+02:00
306896646,de:12067:900310997::1,0.0,2026-10-02T01:01:04.695736+02:00
306896646,de:12067:900310998::1,0.0,2026-10-02T01:01:04.695736+02:00
306896646,de:12067:900310997::2,0.0,2026-10-02T01:01:04.695736+02:00
306896646,de:12067:900310966::2,0.0,2026-10-02T01:01:04.695736+02:00
306896646,de:12067:900311118::2,0.0,2026-10-02T01:01:04.695736+02:00
306896646,de:12067:900310904::2,0.0,2026-10-02T01:01:04.695736+02:00
306896646,de:12067:900310991::2,0.0,2026-10-02T01:01:04.695736+02:00
306896646,de:12067:900310990::1,0.0,2026-10-02T01:01:04.695736+02:00
306896646,de:12067:900310989::2,0.0,2026-10-02T01:01:04.695736+02:00
306896646,de:12067:900310992::2,-0.5,2026-10-02T01:01:04.695736+02:00
306896646,de:12067:900310995::1,0.0,2026-10-02T01:01:04.695736+02:00
306896646,de:12067:900310779::2,0.0,2026-10-02T01:01:04.695736+02:00
306896646,de:12067:900310808::2,0.0,2026-10-02T01:01:04.695736+02:00
306896646,de:12067:900310822::2,0.0,2026-10-02T01:01:04.695736+02:00
306896646,de:12067:900310781::2,0.0,2026-10-02T01:01:04.695736+02:00
306896646,de:12067:900310627::2,0.0,2026-10-02T01:01:04.695736+02:00
306896646,de:12067:900310816::2,0.0,2026-10-02T01:01:04.695736+02:00
306896646,de:12067:900310022::1,0.0,2026-10-02T01:01:04.695736+02:00
306896646,de:12067:900310001::11,0.0,2026-10-02T01:01:04.695736+02:00
307437550,de:12062:900415345:4:55,0.0,2026-10-02T01:01:04.695736+02:00
307437550,de:12062:900415467:2:51,0.0,2026-10-02T01:01:04.695736+02:00
307437550,de:12062:900415357:1:50,0.0,2026-10-02T01:01:04.695736+02:00
307437550,de:12062:900415466:1:50,0.0,2026-10-02T01:01:04.695736+02:00
307437550,de:12062:900415112:4:53,0.0,2026-10-02T01:01:04.695736+02:00
307437550,de:12062:900415005:1:50,0.0,2026-10-02T01:01:04.695736+02:00
307437550,de:12066:900435527:2:51,0.0,2026-10-02T01:01:04.695736+02:00
307437550,de:12066:900435459:2:51,0.0,2026-10-02T01:01:04.695736+02:00
307437550,de:12071:900445885:2:51,0.0,2026-10-02T01:01:04.695736+02:00
307437550,de:12052:900470000:3:54,0.0,2026-10-02T01:01:04.695736+02:00
307437550,de:12052:900470001:2:51,0.0,2026-10-02T01:01:04.695736+02:00
307437550,de:12052:900470163:2:51,0.0,2026-10-02T01:01:04.695736+02:00
307437550,de:12052:900470307:2:51,0.0,2026-10-02T01:01:04.695736+02:00
307437550,de:12071:900446411:2:51,0.0,2026-10-02T01:01:04.695736+02:00
307437550,de:12071:900446103:2:51,0.0,2026-10-02T01:01:04.695736+02:00
307437550,de:12071:900445750:1:50,0.0,2026-10-02T01:01:04.695736+02:00
307437550,de:12071:900445751:1:50,0.0,2026-10-02T01:01:04.695736+02:00
307437550,de:12071:900445801:1:50,0.0,2026-10-02T01:01:04.695736+02:00
307437550,de:12071:900445593:2:52,0.0,2026-10-02T01:01:04.695736+02:00
307437550,de:12067:900311250:1:50,0.0,2026-10-02T01:01:04.695736+02:00
307437550,de:12067:900311612:1:50,0.0,2026-10-02T01:01:04.695736+02:00
307437550,de:12067:900310601:1:51,0.0,2026-10-02T01:01:04.695736+02:00
307437550,de:12067:900311307:1:51,0.0,2026-10-02T01:01:04.695736+02:00
307437550,de:12067:900311631:1:51,0.0,2026-10-02T01:01:04.695736+02:00
307437550,de:12067:900311620:2:51,0.0,2026-10-02T01:01:04.695736+02:00
307437550,de:12067:900311232:2:51,0.0,2026-10-02T01:01:04.695736+02:00
307437550,de:12067:900311233:2:51,0.0,2026-10-02T01:01:04.695736+02:00
307437550,de:12053:900360000:3:54,0.0,2026-10-02T01:01:04.695736+02:00
307430561,de:12054:900230003:4:53,0.0,2026-10-02T01:01:04.695736+02:00
307430561,de:12054:900230999:1:51,0.0,2026-10-02T01:01:04.695736+02:00
307430561,de:12054:900230006:1:50,0.0,2026-10-02T01:01:04.695736+02:00
307430561,de:12054:900230007:1:50,0.0,2026-10-02T01:01:04.695736+02:00
307430561,de:12054:900220010:1:50,0.0,2026-10-02T01:01:04.695736+02:00
307430561,de:12054:900220012:2:51,0.0,2026-10-02T01:01:04.695736+02:00
307430561,de:12063:900210001:2:51,0.0,2026-10-02T01:01:04.695736+02:00
307430561,de:12065:900200000:1:51,0.0,2026-10-02T01:01:04.695736+02:00
307430561,de:12065:900200010:1:50,0.0,2026-10-02T01:01:04.695736+02:00
307430561,de:12065:900200008:1:50,0.0,2026-10-02T01:01:04.695736+02:00
307430561,de:12065:900200005:1:2,0.0,2026-10-02T01:01:04.695736+02:00
307435349,de:12061:900260009:2:54,0.0,2026-10-02T01:01:04.695736+02:00
307435349,de:11000:900058101:4:57,0.0,2026-10-02T01:01:04.695736+02:00
307435349,de:11000:900100020:2:53,0.0,2026-10-02T01:01:04.695736+02:00
307435349,de:11000:900003200:4:57,0.0,2026-10-02T01:01:04.695736+02:00
307440227,de:12065:900203452:1:51,0.0,2026-10-02T01:01:04.695736+02:00
307440227,de:12065:900204001:1:50,0.0,2026-10-02T01:01:04.695736+02:00
307440227,de:12065:900203671:1:50,0.0,2026-10-02T01:01:04.695736+02:00
307440227,de:12065:900204003:1:50,0.0,2026-10-02T01:01:04.695736+02:00
307440227,de:12065:900200004:1:51,0.0,2026-10-02T01:01:04.695736+02:00
307440227,de:12065:900200000:1:51,0.0,2026-10-02T01:01:04.695736+02:00
307430394,de:11000:900029101:2:53,0.0,2026-10-02T01:01:04.695736+02:00
307430394,de:11000:900037168:1:50,0.0,2026-10-02T01:01:04.695736+02:00
307430394,de:12063:900210180:1:50,0.0,2026-10-02T01:01:04.695736+02:00
307430394,de:12063:900210010:1:50,0.0,2026-10-02T01:01:04.695736+02:00
307430394,de:12063:900210011:1:50,0.0,2026-10-02T01:01:04.695736+02:00
307430394,de:12063:900210326:1:50,0.0,2026-10-02T01:01:04.695736+02:00
307430394,de:12063:900210005:2:53,0.0,2026-10-02T01:01:04.695736+02:00
307430387,de:11000:900029101:2:53,0.0,2026-10-02T01:01:04.695736+02:00
307430387,de:11000:900037168:1:50,0.0,2026-10-02T01:01:04.695736+02:00
307430387,de:12063:900210180:1:50,0.0,2026-10-02T01:01:04.695736+02:00
307430387,de:12063:900210010:1:50,0.0,2026-10-02T01:01:04.695736+02:00
307430387,de:12063:900210011:1:50,0.0,2026-10-02T01:01:04.695736+02:00
307430387,de:12063:900210326:1:50,0.0,2026-10-02T01:01:04.695736+02:00
307430387,de:12063:900210005:2:53,0.0,2026-10-02T01:01:04.695736+02:00
307436754,de:12069:900222030:2:51,0.0,2026-10-02T01:01:04.695736+02:00
307436754,de:12069:900220005:2:51,0.0,2026-10-02T01:01:04.695736+02:00
307436754,de:12069:900220004:2:51,0.0,2026-10-02T01:01:04.695736+02:00
307436754,de:12069:900220003:1:51,0.0,2026-10-02T01:01:04.695736+02:00
307436754,de:12069:900220006:2:51,0.0,2026-10-02T01:01:04.695736+02:00
307436754,de:12069:900220008:2:51,0.0,2026-10-02T01:01:04.695736+02:00
307436754,de:12054:900230001:2:51,0.0,2026-10-02T01:01:04.695736+02:00
307436754,de:11000:900053301:3:55,0.0,2026-10-02T01:01:04.695736+02:00
307435946,de:11000:900053301:3:54,0.0,2026-10-02T01:01:04.695736+02:00
307435946,de:12054:900230001:1:50,0.0,2026-10-02T01:01:04.695736+02:00
307435946,de:12069:900220008:1:50,0.0,2026-10-02T01:01:04.695736+02:00
307435946,de:12069:900220006:1:50,0.0,2026-10-02T01:01:04.695736+02:00
307435946,de:12069:900220003:1:50,0.0,2026-10-02T01:01:04.695736+02:00
307435946,de:12069:900220004:1:50,0.0,2026-10-02T01:01:04.695736+02:00
307435946,de:12069:900220005:1:50,0.0,2026-10-02T01:01:04.695736+02:00
307435946,de:12069:900222030:1:50,0.0,2026-10-02T01:01:04.695736+02:00
307436752,de:12069:900222030:2:51,0.0,2026-10-02T01:01:04.695736+02:00
307436752,de:12069:900220005:2:51,0.0,2026-10-02T01:01:04.695736+02:00
307436752,de:12069:900220004:2:51,0.0,2026-10-02T01:01:04.695736+02:00
307436752,de:12069:900220003:1:51,0.0,2026-10-02T01:01:04.695736+02:00
307436752,de:12069:900220006:2:51,0.0,2026-10-02T01:01:04.695736+02:00
307436752,de:12069:900220008:2:51,0.0,2026-10-02T01:01:04.695736+02:00
307436752,de:12054:900230001:2:51,0.0,2026-10-02T01:01:04.695736+02:00
307436752,de:11000:900053301:3:55,0.0,2026-10-02T01:01:04.695736+02:00
307435937,de:11000:900053301:3:54,0.0,2026-10-02T01:01:04.695736+02:00
307435937,de:12054:900230001:1:50,0.0,2026-10-02T01:01:04.695736+02:00
307435937,de:12069:900220008:1:50,0.0,2026-10-02T01:01:04.695736+02:00
307435937,de:12069:900220006:1:50,0.0,2026-10-02T01:01:04.695736+02:00
307435937,de:12069:900220003:1:50,0.0,2026-10-02T01:01:04.695736+02:00
307435937,de:12069:900220004:1:50,0.0,2026-10-02T01:01:04.695736+02:00
307435937,de:12069:900220005:1:50,0.0,2026-10-02T01:01:04.695736+02:00
307435937,de:12069:900222030:1:50,0.0,2026-10-02T01:01:04.695736+02:00
307435937,de:12069:900220141:1:50,0.0,2026-10-02T01:01:04.695736+02:00
307435937,de:12069:900220142:1:50,0.0,2026-10-02T01:01:04.695736+02:00
307435937,de:12069:900220143:1:50,0.0,2026-10-02T01:01:04.695736+02:00
295893118,de:11000:900007104:2:53,0.0,2026-10-02T01:01:04.695736+02:00
295893118,de:11000:900008101:1:51,-0.4,2026-10-02T01:01:04.695736+02:00
295893118,de:11000:900007102:2:53,-0.1,2026-10-02T01:01:04.695736+02:00
295893118,de:11000:900110011:2:52,-0.4,2026-10-02T01:01:04.695736+02:00
295893118,de:11000:900130002:1:50,-0.7,2026-10-02T01:01:04.695736+02:00
295893118,de:11000:900130001:1:50,-0.4,2026-10-02T01:01:04.695736+02:00
295893118,de:11000:900142001:1:50,-0.9,2026-10-02T01:01:04.695736+02:00
295893118,de:11000:900143001:1:51,-0.7,2026-10-02T01:01:04.695736+02:00
295893118,de:11000:900135001:1:50,-0.4,2026-10-02T01:01:04.695736+02:00
295893118,de:12060:900350162:1:50,0.0,2026-10-02T01:01:04.695736+02:00
295893118,de:12060:900350163:1:51,-0.4,2026-10-02T01:01:04.695736+02:00
295893118,de:12060:900350161:1:50,-0.7,2026-10-02T01:01:04.695736+02:00
295893118,de:12060:900350160:1:50,-0.4,2026-10-02T01:01:04.695736+02:00
295893060,de:12072:900245027:2:52,0.0,2026-10-02T01:01:04.695736+02:00
295893060,de:12072:900245028:1:50,-0.9,2026-10-02T01:01:04.695736+02:00
295893060,de:11000:900074201:1:50,-0.9,2026-10-02T01:01:04.695736+02:00
295893060,de:11000:900074202:2:51,-0.1,2026-10-02T01:01:04.695736+02:00
295893060,de:11000:900072101:2:51,-0.1,2026-10-02T01:01:04.695736+02:00
295893060,de:11000:900073101:1:51,-0.4,2026-10-02T01:01:04.695736+02:00
295893060,de:11000:900068301:1:51,-0.7,2026-10-02T01:01:04.695736+02:00
295893060,de:11000:900058102:2:51,-0.7,2026-10-02T01:01:04.695736+02:00
295893060,de:11000:900058101:1:51,-0.3,2026-10-02T01:01:04.695736+02:00
295893060,de:11000:900058103:1:51,-0.1,2026-10-02T01:01:04.695736+02:00
295893060,de:11000:900012101:2:53,-0.7,2026-10-02T01:01:04.695736+02:00
295893060,de:11000:900100020:4:57,-0.8,2026-10-02T01:01:04.695736+02:00
295893060,de:11000:900100025:1:51,-0.9,2026-10-02T01:01:04.695736+02:00
295893060,de:11000:900100001:4:57,-0.6,2026-10-02T01:01:04.695736+02:00
295893060,de:11000:900100007:1:51,-0.7,2026-10-02T01:01:04.695736+02:00
295893060,de:11000:900007104:2:52,-0.7,2026-10-02T01:01:04.695736+02:00
295893060,de:11000:900008101:1:51,-0.4,2026-10-02T01:01:04.695736+02:00
295893060,de:11000:900007102:2:53,-0.1,2026-10-02T01:01:04.695736+02:00
295893060,de:11000:900110011:2:52,-0.4,2026-10-02T01:01:04.695736+02:00
295893060,de:11000:900130002:1:50,-0.7,2026-10-02T01:01:04.695736+02:00
295893060,de:11000:900130001:1:50,-0.4,2026-10-02T01:01:04.695736+02:00
295893060,de:11000:900142001:1:50,-0.9,2026-10-02T01:01:04.695736+02:00
295893060,de:11000:900143001:1:51,-0.7,2026-10-02T01:01:04.695736+02:00
295893060,de:11000:900135001:1:50,-0.4,2026-10-02T01:01:04.695736+02:00
295893060,de:12060:900350162:1:50,0.0,2026-10-02T01:01:04.695736+02:00
295893060,de:12060:900350163:1:51,-0.4,2026-10-02T01:01:04.695736+02:00
295893060,de:12060:900350161:1:50,-0.7,2026-10-02T01:01:04.695736+02:00
295893060,de:12060:900350160:1:51,-0.4,2026-10-02T01:01:04.695736+02:00
307430315,de:12061:900260009:2:54,0.0,2026-10-02T01:01:04.695736+02:00
307430315,de:11000:900058101:4:57,0.0,2026-10-02T01:01:04.695736+02:00
307430315,de:11000:900100020:2:53,0.0,2026-10-02T01:01:04.695736+02:00
307430315,de:11000:900003200:4:57,0.0,2026-10-02T01:01:04.695736+02:00
307430177,de:11000:900003200:1:50,0.0,2026-10-02T01:01:04.695736+02:00
307430177,de:11000:900100020:1:50,0.0,2026-10-02T01:01:04.695736+02:00
307430177,de:11000:900058101:2:52,0.0,2026-10-02T01:01:04.695736+02:00
307430177,de:12061:900260009:2:54,0.0,2026-10-02T01:01:04.695736+02:00
307430302,de:12061:900260009:2:54,0.0,2026-10-02T01:01:04.695736+02:00
307430302,de:11000:900058101:3:55,0.0,2026-10-02T01:01:04.695736+02:00
307430302,de:11000:900100020:2:53,0.0,2026-10-02T01:01:04.695736+02:00
307430302,de:11000:900003200:4:57,0.0,2026-10-02T01:01:04.695736+02:00
307430065,de:12061:900260009:2:54,0.0,2026-10-02T01:01:04.695736+02:00
307430065,de:11000:900058101:4:57,0.0,2026-10-02T01:01:04.695736+02:00
307430065,de:11000:900100020:2:53,0.0,2026-10-02T01:01:04.695736+02:00
307430065,de:11000:900003200:3:55,0.0,2026-10-02T01:01:04.695736+02:00
307430293,de:12061:900260009:2:53,0.0,2026-10-02T01:01:04.695736+02:00
307430293,de:11000:900058101:4:57,0.0,2026-10-02T01:01:04.695736+02:00
307430293,de:11000:900100020:2:53,0.0,2026-10-02T01:01:04.695736+02:00
307430293,de:11000:900003200:4:56,0.0,2026-10-02T01:01:04.695736+02:00
306896550,de:12067:900310081::1,0.0,2026-10-02T01:01:04.695736+02:00
306896550,de:12067:900310080::2,0.0,2026-10-02T01:01:04.695736+02:00
306896550,de:12067:900311066::1,0.0,2026-10-02T01:01:04.695736+02:00
306896550,de:12067:900311067::1,0.0,2026-10-02T01:01:04.695736+02:00
306896550,de:12067:900310871::2,0.0,2026-10-02T01:01:04.695736+02:00
306896550,de:12067:900311046::2,0.0,2026-10-02T01:01:04.695736+02:00
306896550,de:12067:900310632::1,0.0,2026-10-02T01:01:04.695736+02:00
306896550,de:12067:900310753::1,0.0,2026-10-02T01:01:04.695736+02:00
306896550,de:12067:900310752::1,0.0,2026-10-02T01:01:04.695736+02:00
306896550,de:12067:900310752::2,0.0,2026-10-02T01:01:04.695736+02:00
306896550,de:12067:900310753::2,0.0,2026-10-02T01:01:04.695736+02:00
306896550,de:12067:900310632::2,0.0,2026-10-02T01:01:04.695736+02:00
306896550,de:12067:900311045::2,0.0,2026-10-02T01:01:04.695736+02:00
306896550,de:12067:900310962::2,0.0,2026-10-02T01:01:04.695736+02:00
306896550,de:12067:900310959::2,0.0,2026-10-02T01:01:04.695736+02:00
306896550,de:12067:900310963::2,0.0,2026-10-02T01:01:04.695736+02:00
306896550,de:12067:900310818::2,0.0,2026-10-02T01:01:04.695736+02:00
306896550,de:12067:900310825::1,0.0,2026-10-02T01:01:04.695736+02:00
306896550,de:12067:900310792::2,0.0,2026-10-02T01:01:04.695736+02:00
306896550,de:12067:900310774::2,0.0,2026-10-02T01:01:04.695736+02:00
306896550,de:12067:900310793::1,0.0,2026-10-02T01:01:04.695736+02:00
306896550,de:12067:900310628::1,0.0,2026-10-02T01:01:04.695736+02:00
306896550,de:12067:900310804::2,0.0,2026-10-02T01:01:04.695736+02:00
306896550,de:12067:900311150::2,0.0,2026-10-02T01:01:04.695736+02:00
306896550,de:12067:900311135::2,0.0,2026-10-02T01:01:04.695736+02:00
306896550,de:12067:900311149::2,0.0,2026-10-02T01:01:04.695736+02:00
306896550,de:12067:900310001::11,0.0,2026-10-02T01:01:04.695736+02:00
295900294,de:12065:900200000:4:54,0.0,2026-10-02T01:01:04.695736+02:00
295900294,de:11000:900091203:1:50,0.0,2026-10-02T01:01:04.695736+02:00
295900294,de:11000:900091205:1:50,-0.2,2026-10-02T01:01:04.695736+02:00
295900294,de:11000:900089303:1:51,-0.5,2026-10-02T01:01:04.695736+02:00
295900294,de:11000:900096405:1:50,-0.8,2026-10-02T01:01:04.695736+02:00
295900294,de:11000:900096458:1:50,-0.5,2026-10-02T01:01:04.695736+02:00
295900294,de:11000:900085105:1:50,-0.8,2026-10-02T01:01:04.695736+02:00
295900294,de:11000:900085201:1:51,0.0,2026-10-02T01:01:04.695736+02:00
295900294,de:11000:900130003:1:51,-0.8,2026-10-02T01:01:04.695736+02:00
295900294,de:11000:900110011:1:50,-0.9,2026-10-02T01:01:04.695736+02:00
295900294,de:11000:900007102:1:50,-0.7,2026-10-02T01:01:04.695736+02:00
295900294,de:11000:900008101:1:50,-0.4,2026-10-02T01:01:04.695736+02:00
295900294,de:11000:900007104:1:51,-0.2,2026-10-02T01:01:04.695736+02:00
295900294,de:11000:900100007:1:50,-0.2,2026-10-02T01:01:04.695736+02:00
295900294,de:11000:900100001:4:56,0.0,2026-10-02T01:01:04.695736+02:00
295900294,de:11000:900100025:1:50,-0.9,2026-10-02T01:01:04.695736+02:00
295900294,de:11000:900100020:3:54,-0.9,2026-10-02T01:01:04.695736+02:00
295900294,de:11000:900012101:1:51,0.0,2026-10-02T01:01:04.695736+02:00
295900294,de:11000:900058103:1:50,-0.7,2026-10-02T01:01:04.695736+02:00
295900294,de:11000:900058101:1:50,-0.3,2026-10-02T01:01:04.695736+02:00
295900294,de:11000:900058102:1:52,0.0,2026-10-02T01:01:04.695736+02:00
295900294,de:11000:900063452:1:50,-0.1,2026-10-02T01:01:04.695736+02:00
295900294,de:11000:900067221:1:50,-0.2,2026-10-02T01:01:04.695736+02:00
295900294,de:11000:900064301:3:52,-0.2,2026-10-02T01:01:04.695736+02:00
295900294,de:11000:900064256:1:50,-0.7,2026-10-02T01:01:04.695736+02:00
295900294,de:11000:900064201:1:50,-0.6,2026-10-02T01:01:04.695736+02:00
295900294,de:12069:900220114:1:51,-0.9,2026-10-02T01:01:04.695736+02:00
295900351,de:12069:900220114:1:51,0.0,2026-10-02T01:01:04.695736+02:00
295900351,de:11000:900064201:1:51,-0.1,2026-10-02T01:01:04.695736+02:00
295900351,de:11000:900064256:1:51,0.0,2026-10-02T01:01:04.695736+02:00
295900351,de:11000:900064301:3:53,-0.3,2026-10-02T01:01:04.695736+02:00
295900351,de:11000:900067221:1:50,-0.3,2026-10-02T01:01:04.695736+02:00
295900351,de:11000:900063452:1:51,-0.4,2026-10-02T01:01:04.695736+02:00
295900351,de:11000:900058102:2:53,-0.5,2026-10-02T01:01:04.695736+02:00
295900351,de:11000:900058101:1:51,-0.3,2026-10-02T01:01:04.695736+02:00
295900351,de:11000:900058103:1:51,0.0,2026-10-02T01:01:04.695736+02:00
295900351,de:11000:900012101:2:53,-0.7,2026-10-02T01:01:04.695736+02:00
295900351,de:11000:900100020:4:57,-0.8,2026-10-02T01:01:04.695736+02:00
295900351,de:11000:900100025:1:51,-0.9,2026-10-02T01:01:04.695736+02:00
295900351,de:11000:900100001:4:57,-0.6,2026-10-02T01:01:04.695736+02:00
295900351,de:11000:900100007:1:51,-0.7,2026-10-02T01:01:04.695736+02:00
295900351,de:11000:900007104:2:52,-0.7,2026-10-02T01:01:04.695736+02:00
295900351,de:11000:900008101:1:51,-0.4,2026-10-02T01:01:04.695736+02:00
295900351,de:11000:900007102:2:53,-0.2,2026-10-02T01:01:04.695736+02:00
295900351,de:11000:900110011:2:53,-0.4,2026-10-02T01:01:04.695736+02:00
295900351,de:11000:900085201:1:50,-0.8,2026-10-02T01:01:04.695736+02:00
295900351,de:11000:900085105:1:50,-0.8,2026-10-02T01:01:04.695736+02:00
295900351,de:11000:900096458:1:50,-0.1,2026-10-02T01:01:04.695736+02:00
295900351,de:11000:900096405:1:50,-0.8,2026-10-02T01:01:04.695736+02:00
295900351,de:11000:900089303:1:50,-0.7,2026-10-02T01:01:04.695736+02:00
295900351,de:11000:900091205:1:50,-0.3,2026-10-02T01:01:04.695736+02:00
295900351,de:11000:900091203:1:50,-0.5,2026-10-02T01:01:04.695736+02:00
295900351,de:12065:900200000:1:55,-0.7,2026-10-02T01:01:04.695736+02:00
295896137,de:11000:900135001:1:50,0.0,2026-10-02T01:01:04.695736+02:00
295896137,de:11000:900143001:1:51,-0.8,2026-10-02T01:01:04.695736+02:00
295896137,de:11000:900142001:1:51,-0.3,2026-10-02T01:01:04.695736+02:00
295896137,de:11000:900130001:1:51,-0.8,2026-10-02T01:01:04.695736+02:00
295896137,de:11000:900130002:1:51,-0.3,2026-10-02T01:01:04.695736+02:00
295896137,de:11000:900110011:1:51,-0.7,2026-10-02T01:01:04.695736+02:00
295896137,de:11000:900007102:1:50,-0.7,2026-10-02T01:01:04.695736+02:00
295896137,de:11000:900008101:1:50,-0.5,2026-10-02T01:01:04.695736+02:00
295896137,de:11000:900007104:1:51,-0.2,2026-10-02T01:01:04.695736+02:00
295896137,de:11000:900100007:1:50,-0.2,2026-10-02T01:01:04.695736+02:00
295896137,de:11000:900100001:4:56,0.0,2026-10-02T01:01:04.695736+02:00
295896137,de:11000:900100025:1:50,-0.9,2026-10-02T01:01:04.695736+02:00
295896137,de:11000:900100020:3:54,-0.9,2026-10-02T01:01:04.695736+02:00
295896137,de:11000:900012101:1:51,0.0,2026-10-02T01:01:04.695736+02:00
295896137,de:11000:900058103:1:50,-0.8,2026-10-02T01:01:04.695736+02:00
295896137,de:11000:900058101:1:50,-0.4,2026-10-02T01:01:04.695736+02:00
295896137,de:11000:900058102:1:50,-0.4,2026-10-02T01:01:04.695736+02:00
295896137,de:11000:900068301:1:50,-0.7,2026-10-02T01:01:04.695736+02:00
295896137,de:11000:900073101:1:50,-0.9,2026-10-02T01:01:04.695736+02:00
295896137,de:11000:900072101:1:50,-0.2,2026-10-02T01:01:04.695736+02:00
295896137,de:11000:900074202:1:50,-0.2,2026-10-02T01:01:04.695736+02:00
295896137,de:11000:900074201:1:50,-0.4,2026-10-02T01:01:04.695736+02:00
295896133,de:11000:900135001:1:50,0.0,2026-10-02T01:01:04.695736+02:00
295896133,de:11000:900143001:1:51,-0.8,2026-10-02T01:01:04.695736+02:00
295896133,de:11000:900142001:1:51,-0.3,2026-10-02T01:01:04.695736+02:00
295896133,de:11000:900130001:1:51,-0.8,2026-10-02T01:01:04.695736+02:00
295896133,de:11000:900130002:1:51,-0.3,2026-10-02T01:01:04.695736+02:00
295896133,de:11000:900110011:1:51,-0.7,2026-10-02T01:01:04.695736+02:00
295896133,de:11000:900007102:1:50,-0.7,2026-10-02T01:01:04.695736+02:00
295896133,de:11000:900008101:1:50,-0.5,2026-10-02T01:01:04.695736+02:00
295896133,de:11000:900007104:1:51,-0.2,2026-10-02T01:01:04.695736+02:00
295896133,de:11000:900100007:1:50,-0.2,2026-10-02T01:01:04.695736+02:00
295896133,de:11000:900100001:4:56,0.0,2026-10-02T01:01:04.695736+02:00
295896133,de:11000:900100025:1:50,-0.9,2026-10-02T01:01:04.695736+02:00
295896133,de:11000:900100020:3:54,-0.9,2026-10-02T01:01:04.695736+02:00
295896133,de:11000:900012101:1:51,0.0,2026-10-02T01:01:04.695736+02:00
295896133,de:11000:900058103:1:50,-0.8,2026-10-02T01:01:04.695736+02:00
295896133,de:11000:900058101:1:50,-0.4,2026-10-02T01:01:04.695736+02:00
295896133,de:11000:900058102:1:50,-0.4,2026-10-02T01:01:04.695736+02:00
295896133,de:11000:900068301:1:50,-0.7,2026-10-02T01:01:04.695736+02:00
295896133,de:11000:900073101:1:50,-0.9,2026-10-02T01:01:04.695736+02:00
295896133,de:11000:900072101:1:50,-0.2,2026-10-02T01:01:04.695736+02:00
295896133,de:11000:900074202:1:50,-0.2,2026-10-02T01:01:04.695736+02:00
295896133,de:11000:900074201:1:50,-0.4,2026-10-02T01:01:04.695736+02:00
295903150,de:12069:900220114:1:50,0.0,2026-10-02T01:01:04.695736+02:00
295903150,de:11000:900064201:1:51,-0.1,2026-10-02T01:01:04.695736+02:00
295903150,de:11000:900064256:1:51,0.0,2026-10-02T01:01:04.695736+02:00
295903150,de:11000:900064301:3:53,-0.3,2026-10-02T01:01:04.695736+02:00
295903150,de:11000:900067221:1:50,-0.3,2026-10-02T01:01:04.695736+02:00
295903150,de:11000:900063452:1:51,-0.4,2026-10-02T01:01:04.695736+02:00
295903150,de:11000:900058102:2:53,-0.5,2026-10-02T01:01:04.695736+02:00
295903150,de:11000:900058101:1:51,-0.3,2026-10-02T01:01:04.695736+02:00
295903150,de:11000:900058103:1:51,0.0,2026-10-02T01:01:04.695736+02:00
295903150,de:11000:900012101:2:53,-0.7,2026-10-02T01:01:04.695736+02:00
295903150,de:11000:900100020:4:57,-0.8,2026-10-02T01:01:04.695736+02:00
295903150,de:11000:900100025:1:51,-0.9,2026-10-02T01:01:04.695736+02:00
295903150,de:11000:900100001:4:57,-0.6,2026-10-02T01:01:04.695736+02:00
295903150,de:11000:900100007:1:51,-0.7,2026-10-02T01:01:04.695736+02:00
295903150,de:11000:900007104:2:52,-0.7,2026-10-02T01:01:04.695736+02:00
295903150,de:11000:900008101:1:51,-0.4,2026-10-02T01:01:04.695736+02:00
295903150,de:11000:900007102:2:53,-0.2,2026-10-02T01:01:04.695736+02:00
295903150,de:11000:900110011:2:52,-0.4,2026-10-02T01:01:04.695736+02:00
295903150,de:11000:900130002:1:50,0.0,2026-10-02T01:01:04.695736+02:00
295903150,de:11000:900130001:1:50,-0.7,2026-10-02T01:01:04.695736+02:00
295903150,de:11000:900142001:1:50,-0.2,2026-10-02T01:01:04.695736+02:00
295903118,de:12069:900220114:1:50,0.0,2026-10-02T01:01:04.695736+02:00
295903118,de:11000:900064201:1:51,-0.1,2026-10-02T01:01:04.695736+02:00
306897135,de:12067:900310070::2,0.0,2026-10-02T01:01:04.695736+02:00
306897135,de:12067:900310901::2,0.0,2026-10-02T01:01:04.695736+02:00
306897135,de:12067:900311471::2,0.0,2026-10-02T01:01:04.695736+02:00
306897135,de:12067:900311473::2,0.0,2026-10-02T01:01:04.695736+02:00
306897135,de:12067:900311319::1,0.0,2026-10-02T01:01:04.695736+02:00
306897135,de:12067:900311473::1,0.0,2026-10-02T01:01:04.695736+02:00
306897135,de:12067:900311472::1,0.0,2026-10-02T01:01:04.695736+02:00
306897135,de:12067:900311513::2,0.0,2026-10-02T01:01:04.695736+02:00
306897135,de:12067:900311513::1,0.0,2026-10-02T01:01:04.695736+02:00
306897135,de:12067:900311511::2,0.0,2026-10-02T01:01:04.695736+02:00
306897135,de:12067:900310601::2,0.0,2026-10-02T01:01:04.695736+02:00
306897135,de:12067:900311364::2,0.0,2026-10-02T01:01:04.695736+02:00
306897135,de:12067:900311371::2,0.0,2026-10-02T01:01:04.695736+02:00
306897135,de:12067:900311336::1,0.0,2026-10-02T01:01:04.695736+02:00
306897135,de:12067:900311352::1,0.0,2026-10-02T01:01:04.695736+02:00
306897135,de:12067:900311354::1,0.0,2026-10-02T01:01:04.695736+02:00
306897135,de:12067:900311320::2,0.0,2026-10-02T01:01:04.695736+02:00
306897135,de:12067:900311305::2,0.0,2026-10-02T01:01:04.695736+02:00
306897135,de:12067:900311383::1,0.0,2026-10-02T01:01:04.695736+02:00
306897135,de:12067:900311315::2,0.0,2026-10-02T01:01:04.695736+02:00
306897135,de:12067:900311348::2,0.0,2026-10-02T01:01:04.695736+02:00
306897135,de:12067:900311308::4,0.0,2026-10-02T01:01:04.695736+02:00
295907151,de:12067:900310004:3:53,0.0,2026-10-02T01:01:04.695736+02:00
295907151,de:11000:900183002:1:50,-0.1,2026-10-02T01:01:04.695736+02:00
295907151,de:11000:900183001:1:50,-0.4,2026-10-02T01:01:04.695736+02:00
295907151,de:11000:900182002:1:50,0.0,2026-10-02T01:01:04.695736+02:00
295907151,de:11000:900182001:1:50,-0.2,2026-10-02T01:01:04.695736+02:00
295907151,de:11000:900180001:1:50,-0.7,2026-10-02T01:01:04.695736+02:00
295907151,de:11000:900180002:1:50,-0.7,2026-10-02T01:01:04.695736+02:00
295907151,de:11000:900162001:1:50,-0.9,2026-10-02T01:01:04.695736+02:00
295907151,de:11000:900160002:1:50,0.0,2026-10-02T01:01:04.695736+02:00
295907151,de:11000:900160001:1:50,-0.3,2026-10-02T01:01:04.695736+02:00
295907151,de:11000:900120003:3:55,-0.1,2026-10-02T01:01:04.695736+02:00
295907151,de:11000:900120004:2:53,-0.6,2026-10-02T01:01:04.695736+02:00
295907151,de:11000:900120005:5:58,-0.9,2026-10-02T01:01:04.695736+02:00
295907151,de:11000:900100004:1:51,-0.4,2026-10-02T01:01:04.695736+02:00
295907151,de:11000:900100003:2:53,-0.4,2026-10-02T01:01:04.695736+02:00
295907151,de:11000:900100002:1:51,-0.4,2026-10-02T01:01:04.695736+02:00
295907151,de:11000:900100001:3:55,-0.4,2026-10-02T01:01:04.695736+02:00
295907151,de:11000:900003201:3:55,-0.1,2026-10-02T01:01:04.695736+02:00
295907151,de:11000:900003102:1:51,-0.8,2026-10-02T01:01:04.695736+02:00
295907151,de:11000:900003103:1:51,-0.9,2026-10-02T01:01:04.695736+02:00
295907151,de:11000:900023201:3:55,-0.8,2026-10-02T01:01:04.695736+02:00
295907151,de:11000:900024203:1:51,-0.8,2026-10-02T01:01:04.695736+02:00
295907151,de:11000:900024101:4:57,-0.8,2026-10-02T01:01:04.695736+02:00
295907151,de:11000:900024102:1:50,-0.1,2026-10-02T01:01:04.695736+02:00
295907151,de:11000:900025423:1:50,-0.4,2026-10-02T01:01:04.695736+02:00
295907151,de:11000:900026105:1:50,-0.7,2026-10-02T01:01:04.695736+02:00
295907151,de:11000:900025321:1:50,-0.3,2026-10-02T01:01:04.695736+02:00
295907151,de:11000:900025424:1:50,-0.3,2026-10-02T01:01:04.695736+02:00
295907151,de:11000:900030202:1:50,-0.9,2026-10-02T01:01:04.695736+02:00
295907151,de:11000:900029101:1:50,-0.9,2026-10-02T01:01:04.695736+02:00
306897126,de:12067:900310765::1,0.0,2026-10-02T01:01:04.695736+02:00
306897126,de:12067:900310766::1,0.0,2026-10-02T01:01:04.695736+02:00
306897126,de:12067:900310926::2,0.0,2026-10-02T01:01:04.695736+02:00
306897126,de:12067:900310859::1,0.0,2026-10-02T01:01:04.695736+02:00
306897126,de:12067:900311073::1,0.0,2026-10-02T01:01:04.695736+02:00
306897126,de:12067:900310898::2,-0.5,2026-10-02T01:01:04.695736+02:00
306897126,de:12067:900310839::2,0.0,2026-10-02T01:01:04.695736+02:00
306897126,de:12067:900310968::1,-0.5,2026-10-02T01:01:04.695736+02:00
306897126,de:12067:900311000::2,0.0,2026-10-02T01:01:04.695736+02:00
306897126,de:12067:900310909::1,0.0,2026-10-02T01:01:04.695736+02:00
306897126,de:12067:900310725::2,0.0,2026-10-02T01:01:04.695736+02:00
306897126,de:12067:900310738::2,0.0,2026-10-02T01:01:04.695736+02:00
306897126,de:12067:900310639::1,0.0,2026-10-02T01:01:04.695736+02:00
306897126,de:12067:900310626::1,0.0,2026-10-02T01:01:04.695736+02:00
306897126,de:12067:900310727::4,0.0,2026-10-02T01:01:04.695736+02:00
306897126,de:12067:900310755::2,0.0,2026-10-02T01:01:04.695736+02:00
306897126,de:12067:900310728::4,0.0,2026-10-02T01:01:04.695736+02:00
306897126,de:12067:900311129::6,0.0,2026-10-02T01:01:04.695736+02:00
307435095,de:12063:900210005:1:50,0.0,2026-10-02T01:01:04.695736+02:00
307435095,de:12063:900210326:2:51,0.0,2026-10-02T01:01:04.695736+02:00
307435095,de:12063:900210011:2:51,0.0,2026-10-02T01:01:04.695736+02:00
307435095,de:12063:900210010:2:51,0.0,2026-10-02T01:01:04.695736+02:00
307435095,de:12063:900210180:2:51,0.0,2026-10-02T01:01:04.695736+02:00
307435095,de:11000:900037168:2:51,0.0,2026-10-02T01:01:04.695736+02:00
307435095,de:11000:900029101:3:54,0.0,2026-10-02T01:01:04.695736+02:00
307435095,de:11000:900007102:5:59,0.0,2026-10-02T01:01:04.695736+02:00
307435095,de:11000:900120003:4:56,0.0,2026-10-02T01:01:04.695736+02:00
307435095,de:11000:900192001:1:50,0.0,2026-10-02T01:01:04.695736+02:00
307434443,de:11000:900192001:1:50,0.0,2026-10-02T01:01:04.695736+02:00
307434443,de:11000:900120003:4:57,0.0,2026-10-02T01:01:04.695736+02:00
307434443,de:11000:900007102:4:56,0.0,2026-10-02T01:01:04.695736+02:00
307434443,de:11000:900029101:2:52,0.0,2026-10-02T01:01:04.695736+02:00
307434443,de:11000:900037168:1:50,0.0,2026-10-02T01:01:04.695736+02:00
307434443,de:12063:900210180:1:50,0.0,2026-10-02T01:01:04.695736+02:00
307434443,de:12063:900210010:1:50,0.0,2026-10-02T01:01:04.695736+02:00
307434443,de:12063:900210011:1:50,0.0,2026-10-02T01:01:04.695736+02:00
307434443,de:12063:900210326:1:50,0.0,2026-10-02T01:01:04.695736+02:00
307434443,de:12063:900210005:1:50,0.0,2026-10-02T01:01:04.695736+02:00
307434476,de:11000:900192001:1:50,0.0,2026-10-02T01:01:04.695736+02:00
307434476,de:11000:900120003:4:57,0.0,2026-10-02T01:01:04.695736+02:00
307434476,de:11000:900007102:4:56,0.0,2026-10-02T01:01:04.695736+02:00
307434476,de:11000:900029101:2:52,0.0,2026-10-02T01:01:04.695736+02:00
307434476,de:11000:900037168:1:50,0.0,2026-10-02T01:01:04.695736+02:00
307434476,de:12063:900210180:1:50,0.0,2026-10-02T01:01:04.695736+02:00
307434476,de:12063:900210010:1:50,0.0,2026-10-02T01:01:04.695736+02:00
307434476,de:12063:900210011:1:50,0.0,2026-10-02T01:01:04.695736+02:00
307434476,de:12063:900210326:1:50,0.0,2026-10-02T01:01:04.695736+02:00
307434476,de:12063:900210005:1:50,0.0,2026-10-02T01:01:04.695736+02:00
307434418,de:11000:900192001:1:51,0.0,2026-10-02T01:01:04.695736+02:00
307434418,de:11000:900120003:4:57,0.0,2026-10-02T01:01:04.695736+02:00
307434418,de:11000:900007102:4:56,0.0,2026-10-02T01:01:04.695736+02:00
307434418,de:11000:900029101:2:52,0.0,2026-10-02T01:01:04.695736+02:00
307434418,de:11000:900037168:1:50,0.0,2026-10-02T01:01:04.695736+02:00
307434418,de:12063:900210180:1:50,0.0,2026-10-02T01:01:04.695736+02:00
307434418,de:12063:900210010:1:50,0.0,2026-10-02T01:01:04.695736+02:00
307434418,de:12063:900210011:1:50,0.0,2026-10-02T01:01:04.695736+02:00
307434418,de:12063:900210326:1:50,0.0,2026-10-02T01:01:04.695736+02:00
307434418,de:12063:900210005:1:50,0.0,2026-10-02T01:01:04.695736+02:00
295907189,de:12067:900310004:3:52,0.0,2026-10-02T01:01:04.695736+02:00
295907189,de:11000:900183002:1:50,-0.1,2026-10-02T01:01:04.695736+02:00
295907189,de:11000:900183001:1:50,-0.4,2026-10-02T01:01:04.695736+02:00
295907189,de:11000:900182002:1:50,0.0,2026-10-02T01:01:04.695736+02:00
295907189,de:11000:900182001:1:50,-0.2,2026-10-02T01:01:04.695736+02:00
295907189,de:11000:900180001:1:50,-0.7,2026-10-02T01:01:04.695736+02:00
295907189,de:11000:900180002:1:50,-0.7,2026-10-02T01:01:04.695736+02:00
295907189,de:11000:900162001:1:50,-0.9,2026-10-02T01:01:04.695736+02:00
295907189,de:11000:900160002:1:50,0.0,2026-10-02T01:01:04.695736+02:00
295907189,de:11000:900160001:1:50,-0.3,2026-10-02T01:01:04.695736+02:00
295907189,de:11000:900120003:3:55,-0.1,2026-10-02T01:01:04.695736+02:00
295907189,de:11000:900120004:2:53,-0.6,2026-10-02T01:01:04.695736+02:00
295907189,de:11000:900120005:5:58,-0.9,2026-10-02T01:01:04.695736+02:00
295907189,de:11000:900100004:1:51,-0.4,2026-10-02T01:01:04.695736+02:00
295907189,de:11000:900100003:2:53,-0.4,2026-10-02T01:01:04.695736+02:00
295907189,de:11000:900100002:1:51,-0.4,2026-10-02T01:01:04.695736+02:00
295907189,de:11000:900100001:3:55,-0.4,2026-10-02T01:01:04.695736+02:00
295907189,de:11000:900003201:3:55,-0.1,2026-10-02T01:01:04.695736+02:00
295907189,de:11000:900003102:1:51,-0.8,2026-10-02T01:01:04.695736+02:00
295907189,de:11000:900003103:1:51,-0.9,2026-10-02T01:01:04.695736+02:00
295907189,de:11000:900023201:3:55,-0.8,2026-10-02T01:01:04.695736+02:00
295907189,de:11000:900024203:1:51,-0.8,2026-10-02T01:01:04.695736+02:00
295907189,de:11000:900024101:4:57,-0.8,2026-10-02T01:01:04.695736+02:00
295907189,de:11000:900024102:1:50,-0.1,2026-10-02T01:01:04.695736+02:00
295907189,de:11000:900025423:1:50,-0.4,2026-10-02T01:01:04.695736+02:00
295907189,de:11000:900026105:1:50,-0.7,2026-10-02T01:01:04.695736+02:00
295907189,de:11000:900025321:1:50,-0.3,2026-10-02T01:01:04.695736+02:00
295907189,de:11000:900025424:1:50,-0.3,2026-10-02T01:01:04.695736+02:00
295907189,de:11000:900030202:1:50,-0.9,2026-10-02T01:01:04.695736+02:00
295907189,de:11000:900029101:1:50,-0.9,2026-10-02T01:01:04.695736+02:00
295907186,de:12067:900310004:3:52,0.0,2026-10-02T01:01:04.695736+02:00
295907186,de:11000:900183002:1:50,-0.1,2026-10-02T01:01:04.695736+02:00
295907186,de:11000:900183001:1:50,-0.4,2026-10-02T01:01:04.695736+02:00
295907186,de:11000:900182002:1:50,0.0,2026-10-02T01:01:04.695736+02:00
295907186,de:11000:900182001:1:50,-0.2,2026-10-02T01:01:04.695736+02:00
295907186,de:11000:900180001:1:50,-0.7,2026-10-02T01:01:04.695736+02:00
295907186,de:11000:900180002:1:50,-0.7,2026-10-02T01:01:04.695736+02:00
295907186,de:11000:900162001:1:50,-0.9,2026-10-02T01:01:04.695736+02:00
295907186,de:11000:900160002:1:50,0.0,2026-10-02T01:01:04.695736+02:00
295907186,de:11000:900160001:1:50,-0.3,2026-10-02T01:01:04.695736+02:00
295907186,de:11000:900120003:3:55,-0.1,2026-10-02T01:01:04.695736+02:00
295907186,de:11000:900120004:2:53,-0.6,2026-10-02T01:01:04.695736+02:00
295907186,de:11000:900120005:5:58,-0.9,2026-10-02T01:01:04.695736+02:00
295907186,de:11000:900100004:1:51,-0.4,2026-10-02T01:01:04.695736+02:00
295907186,de:11000:900100003:2:53,-0.4,2026-10-02T01:01:04.695736+02:00
295907186,de:11000:900100002:1:51,-0.4,2026-10-02T01:01:04.695736+02:00
295907186,de:11000:900100001:3:55,-0.4,2026-10-02T01:01:04.695736+02:00
295907186,de:11000:900003201:3:55,-0.1,2026-10-02T01:01:04.695736+02:00
295907186,de:11000:900003102:1:51,-0.8,2026-10-02T01:01:04.695736+02:00
295907186,de:11000:900003103:1:51,-0.9,2026-10-02T01:01:04.695736+02:00
295907186,de:11000:900023201:3:55,-0.8,2026-10-02T01:01:04.695736+02:00
295907186,de:11000:900024203:1:51,-0.8,2026-10-02T01:01:04.695736+02:00
295907186,de:11000:900024101:4:57,-0.8,2026-10-02T01:01:04.695736+02:00
295907186,de:11000:900024102:1:50,-0.1,2026-10-02T01:01:04.695736+02:00
295907186,de:11000:900025423:1:50,-0.4,2026-10-02T01:01:04.695736+02:00
295907186,de:11000:900026105:1:50,-0.7,2026-10-02T01:01:04.695736+02:00
295907186,de:11000:900025321:1:50,-0.3,2026-10-02T01:01:04.695736+02:00
295907186,de:11000:900025424:1:50,-0.3,2026-10-02T01:01:04.695736+02:00
295907186,de:11000:900030202:1:50,-0.9,2026-10-02T01:01:04.695736+02:00
295907186,de:11000:900029101:1:50,-0.9,2026-10-02T01:01:04.695736+02:00
307444569,de:11000:900029101:3:54,0.0,2026-10-02T01:01:04.695736+02:00
307444569,de:11000:900020201:1:50,0.0,2026-10-02T01:01:04.695736+02:00
307444569,de:11000:900003200:1:51,0.0,2026-10-02T01:01:04.695736+02:00
307444569,de:11000:900100020:1:51,0.0,2026-10-02T01:01:04.695736+02:00
307444569,de:11000:900058101:2:53,0.0,2026-10-02T01:01:04.695736+02:00
307444569,de:11000:900064301:1:50,0.0,2026-10-02T01:01:04.695736+02:00
307444569,de:12072:900245029:1:50,0.0,2026-10-02T01:01:04.695736+02:00
307444569,de:12072:900245037:1:50,0.0,2026-10-02T01:01:04.695736+02:00
307444569,de:12072:900245010:1:50,0.0,2026-10-02T01:01:04.695736+02:00
307444569,de:12072:900245016:1:50,0.0,2026-10-02T01:01:04.695736+02:00
307444569,de:12072:900245002:2:52,0.0,2026-10-02T01:01:04.695736+02:00
307444569,de:12072:900245019:2:51,0.0,2026-10-02T01:01:04.695736+02:00
307444569,de:12072:900245303:1:50,0.0,2026-10-02T01:01:04.695736+02:00
307444569,000300838001,0.0,2026-10-02T01:01:04.695736+02:00
307444569,000300839001,0.0,2026-10-02T01:01:04.695736+02:00
307444569,de:12062:900415683:1:50,0.0,2026-10-02T01:01:04.695736+02:00
307444569,de:12062:900415345:1:50,0.0,2026-10-02T01:01:04.695736+02:00
306896966,de:12067:900311308::6,0.0,2026-10-02T01:01:04.695736+02:00
306896966,de:12067:900311335::1,0.0,2026-10-02T01:01:04.695736+02:00
306896966,de:12067:900311341::1,0.0,2026-10-02T01:01:04.695736+02:00
306896966,de:12067:900311345::1,0.0,2026-10-02T01:01:04.695736+02:00
306896966,de:12067:900311359::1,0.0,2026-10-02T01:01:04.695736+02:00
306896966,de:12067:900310027::1,0.0,2026-10-02T01:01:04.695736+02:00
306896966,de:12067:900311317::1,0.0,2026-10-02T01:01:04.695736+02:00
306896966,de:12067:900311384::1,0.0,2026-10-02T01:01:04.695736+02:00
306896966,de:12067:900311316::1,0.0,2026-10-02T01:01:04.695736+02:00
306896966,de:12067:900311376::1,0.0,2026-10-02T01:01:04.695736+02:00
306896966,de:12067:900311377::1,0.0,2026-10-02T01:01:04.695736+02:00
306896966,de:12067:900311362::1,0.0,2026-10-02T01:01:04.695736+02:00
306896966,de:12067:900311363::1,0.0,2026-10-02T01:01:04.695736+02:00
306896966,de:12067:900311365::1,0.0,2026-10-02T01:01:04.695736+02:00
306896966,de:12067:900311374::1,0.0,2026-10-02T01:01:04.695736+02:00
306896966,de:12067:900311364::2,0.0,2026-10-02T01:01:04.695736+02:00
306896966,de:12067:900311371::2,0.0,2026-10-02T01:01:04.695736+02:00
306896966,de:12067:900311336::1,0.0,2026-10-02T01:01:04.695736+02:00
306896966,de:12067:900311352::1,0.0,2026-10-02T01:01:04.695736+02:00
306896966,de:12067:900311333::1,0.0,2026-10-02T01:01:04.695736+02:00
306896966,de:12067:900311334::1,0.0,2026-10-02T01:01:04.695736+02:00
306896966,de:12067:900311304::1,0.0,2026-10-02T01:01:04.695736+02:00
306896966,de:12067:900311305::2,0.0,2026-10-02T01:01:04.695736+02:00
306896966,de:12067:900311383::6,0.0,2026-10-02T01:01:04.695736+02:00
306896966,de:12067:900311353::1,0.0,2026-10-02T01:01:04.695736+02:00
306896966,de:12067:900311321::1,0.0,2026-10-02T01:01:04.695736+02:00
306896966,de:12067:900311350::2,0.0,2026-10-02T01:01:04.695736+02:00
306896966,de:12067:900311348::2,0.0,2026-10-02T01:01:04.695736+02:00
306896966,de:12067:900311308::4,0.0,2026-10-02T01:01:04.695736+02:00
307444093,de:12062:900415345:3:53,0.0,2026-10-02T01:01:04.695736+02:00
307444093,de:12062:900415683:1:50,0.0,2026-10-02T01:01:04.695736+02:00
307444093,000300839001,0.0,2026-10-02T01:01:04.695736+02:00
307444093,000300838001,0.0,2026-10-02T01:01:04.695736+02:00
307444093,de:12072:900245303:1:50,0.0,2026-10-02T01:01:04.695736+02:00
307444093,de:12072:900245019:2:51,0.0,2026-10-02T01:01:04.695736+02:00
307444093,de:12072:900245002:3:53,0.0,2026-10-02T01:01:04.695736+02:00
306896071,de:12067:900310021::2,0.0,2026-10-02T01:01:04.695736+02:00
306896071,de:12067:900310500::1,0.0,2026-10-02T01:01:04.695736+02:00
306896071,de:12067:900310501::2,0.0,2026-10-02T01:01:04.695736+02:00
306896071,de:12067:900310511::1,0.0,2026-10-02T01:01:04.695736+02:00
306896071,de:12067:900310014::2,0.0,2026-10-02T01:01:04.695736+02:00
306896071,de:12067:900310502::2,0.0,2026-10-02T01:01:04.695736+02:00
306896071,de:12067:900310503::2,0.0,2026-10-02T01:01:04.695736+02:00
306896071,de:12067:900310529::2,0.0,2026-10-02T01:01:04.695736+02:00
306896071,de:12067:900311012::2,0.0,2026-10-02T01:01:04.695736+02:00
306896071,de:12067:900311014::2,0.0,2026-10-02T01:01:04.695736+02:00
306896071,de:12067:900310516::1,0.0,2026-10-02T01:01:04.695736+02:00
306896071,de:12067:900311096::1,0.0,2026-10-02T01:01:04.695736+02:00
306896071,de:12067:900311097::2,0.0,2026-10-02T01:01:04.695736+02:00
306896071,de:12067:900311095::2,0.0,2026-10-02T01:01:04.695736+02:00
306896071,de:12067:900310580::2,0.0,2026-10-02T01:01:04.695736+02:00
306896071,de:12067:900310578::4,0.0,2026-10-02T01:01:04.695736+02:00
306896071,de:12067:900310534::2,0.0,2026-10-02T01:01:04.695736+02:00
306896071,de:11000:900310550::2,0.0,2026-10-02T01:01:04.695736+02:00
306896071,de:12067:900310572::2,0.0,2026-10-02T01:01:04.695736+02:00
306896071,de:12067:900310013::7,0.0,2026-10-02T01:01:04.695736+02:00
307443287,de:12073:900341110:1:50,0.0,2026-10-02T01:01:04.695736+02:00
307443287,de:12073:900341111:1:50,0.0,2026-10-02T01:01:04.695736+02:00
307443287,de:12073:900340003:1:50,0.0,2026-10-02T01:01:04.695736+02:00
307443287,000300570037,0.0,2026-10-02T01:01:04.695736+02:00
307443287,de:12060:900350125:2:51,0.0,2026-10-02T01:01:04.695736+02:00
307443287,de:12060:900350124:2:51,0.0,2026-10-02T01:01:04.695736+02:00
307443287,de:12060:900350127:3:53,0.0,2026-10-02T01:01:04.695736+02:00
307443287,de:12060:900350160:2:52,0.0,2026-10-02T01:01:04.695736+02:00
307443287,de:11000:900007102:4:57,0.0,2026-10-02T01:01:04.695736+02:00
307443287,de:11000:900003200:1:51,0.0,2026-10-02T01:01:04.695736+02:00
307443287,de:11000:900100020:1:50,0.0,2026-10-02T01:01:04.695736+02:00
307443287,de:11000:900058101:2:53,0.0,2026-10-02T01:01:04.695736+02:00
307443287,de:11000:900064301:1:50,0.0,2026-10-02T01:01:04.695736+02:00
307443287,de:12069:900220001:1:50,0.0,2026-10-02T01:01:04.695736+02:00
307443287,de:12072:900245032:1:50,0.0,2026-10-02T01:01:04.695736+02:00
307443287,de:12072:900245030:1:50,0.0,2026-10-02T01:01:04.695736+02:00
307443287,de:12072:900245029:1:51,0.0,2026-10-02T01:01:04.695736+02:00
307443287,de:12072:900245014:1:50,0.0,2026-10-02T01:01:04.695736+02:00
307443287,de:12072:900245016:1:50,0.0,2026-10-02T01:01:04.695736+02:00
307443287,de:12072:900245002:2:51,0.0,2026-10-02T01:01:04.695736+02:00
307443287,de:12072:900245017:1:50,0.0,2026-10-02T01:01:04.695736+02:00
307443287,de:12072:900245018:2:51,0.0,2026-10-02T01:01:04.695736+02:00
307443287,de:15091:8013371,0.0,2026-10-02T01:01:04.695736+02:00
307443287,de:15091:8011290,0.0,2026-10-02T01:01:04.695736+02:00
307443287,de:15091:8013418,0.0,2026-10-02T01:01:04.695736+02:00
307443287,de:15091:8010222,0.0,2026-10-02T01:01:04.695736+02:00
307443282,de:12073:900341110:1:50,0.0,2026-10-02T01:01:04.695736+02:00
307443282,de:12073:900341111:1:50,0.0,2026-10-02T01:01:04.695736+02:00
307443282,de:12073:900340003:1:50,0.0,2026-10-02T01:01:04.695736+02:00
307443282,000300570037,0.0,2026-10-02T01:01:04.695736+02:00
307443282,de:12060:900350125:2:51,0.0,2026-10-02T01:01:04.695736+02:00
307443282,de:12060:900350124:2:51,0.0,2026-10-02T01:01:04.695736+02:00
307443282,de:12060:900350127:3:53,0.0,2026-10-02T01:01:04.695736+02:00
307443282,de:12060:900350160:2:52,0.0,2026-10-02T01:01:04.695736+02:00
307443282,de:11000:900007102:4:57,0.0,2026-10-02T01:01:04.695736+02:00
307443282,de:11000:900003200:1:51,0.0,2026-10-02T01:01:04.695736+02:00
307443282,de:11000:900100020:1:50,0.0,2026-10-02T01:01:04.695736+02:00
307443282,de:11000:900058101:2:53,0.0,2026-10-02T01:01:04.695736+02:00
307443282,de:11000:900064301:1:50,0.0,2026-10-02T01:01:04.695736+02:00
307443282,de:12069:900220001:1:50,0.0,2026-10-02T01:01:04.695736+02:00
307443282,de:12072:900245032:1:50,0.0,2026-10-02T01:01:04.695736+02:00
307443282,de:12072:900245030:1:50,0.0,2026-10-02T01:01:04.695736+02:00
307443282,de:12072:900245029:1:51,0.0,2026-10-02T01:01:04.695736+02:00
307443282,de:12072:900245014:1:50,0.0,2026-10-02T01:01:04.695736+02:00
307443282,de:12072:900245016:1:50,0.0,2026-10-02T01:01:04.695736+02:00
307443282,de:12072:900245002:2:51,0.0,2026-10-02T01:01:04.695736+02:00
307443282,de:12072:900245017:1:50,0.0,2026-10-02T01:01:04.695736+02:00
307443282,de:12072:900245018:2:51,0.0,2026-10-02T01:01:04.695736+02:00
307443282,de:15091:8013371,0.0,2026-10-02T01:01:04.695736+02:00
307443282,de:15091:8011290,0.0,2026-10-02T01:01:04.695736+02:00
307443282,de:15091:8013418,0.0,2026-10-02T01:01:04.695736+02:00
307443282,de:15091:8010222,0.0,2026-10-02T01:01:04.695736+02:00
307275169,de:11000:900024101:3:55,0.0,2026-10-02T01:01:04.695736+02:00
307275169,de:11000:900024203:1:51,-0.3,2026-10-02T01:01:04.695736+02:00
307275169,de:11000:900023201:3:54,-0.2,2026-10-02T01:01:04.695736+02:00
307275169,de:11000:900003103:1:50,-0.3,2026-10-02T01:01:04.695736+02:00
307275169,de:11000:900003102:1:50,-0.4,2026-10-02T01:01:04.695736+02:00
307275169,de:11000:900003201:3:54,0.0,2026-10-02T01:01:04.695736+02:00
307275169,de:11000:900100001:3:54,-0.6,2026-10-02T01:01:04.695736+02:00
307275169,de:11000:900100002:1:50,-0.9,2026-10-02T01:01:04.695736+02:00
307275169,de:11000:900100003:2:52,-0.6,2026-10-02T01:01:04.695736+02:00
307275169,de:11000:900100004:1:50,-0.9,2026-10-02T01:01:04.695736+02:00
307275169,de:11000:900120005:4:56,-0.1,2026-10-02T01:01:04.695736+02:00
307275169,de:11000:900120004:1:51,-0.1,2026-10-02T01:01:04.695736+02:00
307275169,de:11000:900120003:2:53,-0.4,2026-10-02T01:01:04.695736+02:00
307275169,de:11000:900160001:1:51,-0.4,2026-10-02T01:01:04.695736+02:00
307275169,de:11000:900160002:1:50,-0.7,2026-10-02T01:01:04.695736+02:00
307275169,de:11000:900162001:1:51,-0.3,2026-10-02T01:01:04.695736+02:00
307275169,de:11000:900180002:1:51,-0.3,2026-10-02T01:01:04.695736+02:00
307275169,de:11000:900180001:1:50,-0.7,2026-10-02T01:01:04.695736+02:00
307275169,de:11000:900182001:1:51,-0.2,2026-10-02T01:01:04.695736+02:00
307275169,de:11000:900182002:1:51,-0.4,2026-10-02T01:01:04.695736+02:00
307275444,de:11000:900182002:1:50,0.0,2026-10-02T01:01:04.695736+02:00
307275444,de:11000:900182001:1:50,-0.2,2026-10-02T01:01:04.695736+02:00
307275444,de:11000:900180001:1:50,-0.7,2026-10-02T01:01:04.695736+02:00
307275444,de:11000:900180002:1:50,-0.7,2026-10-02T01:01:04.695736+02:00
307275444,de:11000:900162001:1:50,-0.9,2026-10-02T01:01:04.695736+02:00
307275444,de:11000:900160002:1:50,0.0,2026-10-02T01:01:04.695736+02:00
307275444,de:11000:900160001:1:50,-0.3,2026-10-02T01:01:04.695736+02:00
307275444,de:11000:900120003:3:54,-0.1,2026-10-02T01:01:04.695736+02:00
307275444,de:11000:900120004:2:52,-0.6,2026-10-02T01:01:04.695736+02:00
307275444,de:11000:900120005:5:57,-0.9,2026-10-02T01:01:04.695736+02:00
307275444,de:11000:900100004:1:51,-0.9,2026-10-02T01:01:04.695736+02:00
307275444,de:11000:900100003:2:53,-0.9,2026-10-02T01:01:04.695736+02:00
307275444,de:11000:900100002:1:51,-0.9,2026-10-02T01:01:04.695736+02:00
307275444,de:11000:900100001:3:55,-0.9,2026-10-02T01:01:04.695736+02:00
307275444,de:11000:900003201:3:55,-0.6,2026-10-02T01:01:04.695736+02:00
307275444,de:11000:900003102:1:51,-0.3,2026-10-02T01:01:04.695736+02:00
307275444,de:11000:900003103:1:51,-0.4,2026-10-02T01:01:04.695736+02:00
307275444,de:11000:900023201:3:55,-0.3,2026-10-02T01:01:04.695736+02:00
307275444,de:11000:900024203:1:51,-0.3,2026-10-02T01:01:04.695736+02:00
307275444,de:11000:900024101:4:56,-0.3,2026-10-02T01:01:04.695736+02:00
295910354,de:12067:900310004:3:53,0.0,2026-10-02T01:01:04.695736+02:00
295910354,de:11000:900183002:1:50,-0.1,2026-10-02T01:01:04.695736+02:00
295910354,de:11000:900183001:1:50,-0.4,2026-10-02T01:01:04.695736+02:00
295910354,de:11000:900182002:1:50,0.0,2026-10-02T01:01:04.695736+02:00
295910354,de:11000:900182001:1:50,-0.2,2026-10-02T01:01:04.695736+02:00
295910354,de:11000:900180001:1:50,-0.7,2026-10-02T01:01:04.695736+02:00
295910354,de:11000:900180002:1:50,-0.7,2026-10-02T01:01:04.695736+02:00
295910354,de:11000:900162001:1:50,-0.9,2026-10-02T01:01:04.695736+02:00
295910354,de:11000:900160002:1:50,0.0,2026-10-02T01:01:04.695736+02:00
295910354,de:11000:900160001:1:50,-0.3,2026-10-02T01:01:04.695736+02:00
295910354,de:11000:900120003:3:55,-0.1,2026-10-02T01:01:04.695736+02:00
295910354,de:11000:900120004:2:53,-0.6,2026-10-02T01:01:04.695736+02:00
295910354,de:11000:900120005:5:58,-0.9,2026-10-02T01:01:04.695736+02:00
295910354,de:11000:900100004:1:51,-0.9,2026-10-02T01:01:04.695736+02:00
295910354,de:11000:900100003:2:53,-0.9,2026-10-02T01:01:04.695736+02:00
295910354,de:11000:900100002:1:51,-0.9,2026-10-02T01:01:04.695736+02:00
295910354,de:11000:900100001:3:55,-0.9,2026-10-02T01:01:04.695736+02:00
295910354,de:11000:900003201:3:55,-0.6,2026-10-02T01:01:04.695736+02:00
295910354,de:11000:900003102:1:51,-0.3,2026-10-02T01:01:04.695736+02:00
295910354,de:11000:900003103:1:51,-0.4,2026-10-02T01:01:04.695736+02:00
295910354,de:11000:900023201:3:55,-0.3,2026-10-02T01:01:04.695736+02:00
295910354,de:11000:900024203:1:51,-0.3,2026-10-02T01:01:04.695736+02:00
295910354,de:11000:900024101:4:56,-0.3,2026-10-02T01:01:04.695736+02:00
295910138,de:11000:900048101:2:52,0.0,2026-10-02T01:01:04.695736+02:00
295910138,de:11000:900024102:2:52,-0.7,2026-10-02T01:01:04.695736+02:00
295910138,de:11000:900024101:3:55,-0.3,2026-10-02T01:01:04.695736+02:00
295910138,de:11000:900024203:1:51,-0.3,2026-10-02T01:01:04.695736+02:00
295910138,de:11000:900023201:3:54,-0.2,2026-10-02T01:01:04.695736+02:00
295910138,de:11000:900003103:1:50,-0.3,2026-10-02T01:01:04.695736+02:00
295910138,de:11000:900003102:1:50,-0.4,2026-10-02T01:01:04.695736+02:00
295910138,de:11000:900003201:3:54,0.0,2026-10-02T01:01:04.695736+02:00
295910138,de:11000:900100001:3:54,-0.6,2026-10-02T01:01:04.695736+02:00
295910138,de:11000:900100002:1:50,-0.9,2026-10-02T01:01:04.695736+02:00
295910138,de:11000:900100003:2:52,-0.6,2026-10-02T01:01:04.695736+02:00
295910138,de:11000:900100004:1:50,-0.9,2026-10-02T01:01:04.695736+02:00
295910138,de:11000:900120005:4:55,-0.1,2026-10-02T01:01:04.695736+02:00
295910138,de:11000:900120004:1:50,-0.1,2026-10-02T01:01:04.695736+02:00
295910138,de:11000:900120003:2:53,-0.4,2026-10-02T01:01:04.695736+02:00
295910138,de:11000:900160001:1:51,-0.4,2026-10-02T01:01:04.695736+02:00
295910138,de:11000:900160002:1:50,-0.7,2026-10-02T01:01:04.695736+02:00
295910138,de:11000:900162001:1:51,-0.3,2026-10-02T01:01:04.695736+02:00
295910138,de:11000:900180002:1:51,-0.3,2026-10-02T01:01:04.695736+02:00
295910138,de:11000:900180001:1:50,-0.7,2026-10-02T01:01:04.695736+02:00
295910138,de:11000:900182001:1:51,-0.2,2026-10-02T01:01:04.695736+02:00
295910138,de:11000:900182002:1:51,-0.4,2026-10-02T01:01:04.695736+02:00
295910138,de:11000:900183001:1:51,0.0,2026-10-02T01:01:04.695736+02:00
295910138,de:11000:900183002:1:51,-0.3,2026-10-02T01:01:04.695736+02:00
295910138,de:12067:900310004:3:53,-0.5,2026-10-02T01:01:04.695736+02:00
295910324,de:11000:900182002:1:50,0.0,2026-10-02T01:01:04.695736+02:00
295910324,de:11000:900182001:1:50,-0.2,2026-10-02T01:01:04.695736+02:00
295910324,de:11000:900180001:1:50,-0.7,2026-10-02T01:01:04.695736+02:00
295910324,de:11000:900180002:1:50,-0.7,2026-10-02T01:01:04.695736+02:00
295910324,de:11000:900162001:1:50,-0.9,2026-10-02T01:01:04.695736+02:00
295910324,de:11000:900160002:1:50,0.0,2026-10-02T01:01:04.695736+02:00
295910324,de:11000:900160001:1:50,-0.3,2026-10-02T01:01:04.695736+02:00
295910324,de:11000:900120003:3:55,-0.1,2026-10-02T01:01:04.695736+02:00
295910324,de:11000:900120004:2:53,-0.6,2026-10-02T01:01:04.695736+02:00
295910324,de:11000:900120005:5:58,-0.9,2026-10-02T01:01:04.695736+02:00
295910324,de:11000:900100004:1:51,-0.9,2026-10-02T01:01:04.695736+02:00
295910324,de:11000:900100003:2:53,-0.9,2026-10-02T01:01:04.695736+02:00
295910324,de:11000:900100002:1:51,-0.9,2026-10-02T01:01:04.695736+02:00
295910324,de:11000:900100001:3:55,-0.9,2026-10-02T01:01:04.695736+02:00
295910324,de:11000:900003201:3:55,-0.6,2026-10-02T01:01:04.695736+02:00
295910324,de:11000:900003102:1:51,-0.3,2026-10-02T01:01:04.695736+02:00
295910324,de:11000:900003103:1:51,-0.4,2026-10-02T01:01:04.695736+02:00
295910324,de:11000:900023201:3:55,-0.3,2026-10-02T01:01:04.695736+02:00
295910324,de:11000:900024203:1:51,-0.3,2026-10-02T01:01:04.695736+02:00
295910324,de:11000:900024101:4:56,-0.3,2026-10-02T01:01:04.695736+02:00
307446021,de:12070:900216026:3:53,0.0,2026-10-02T01:01:04.695736+02:00
307446021,de:15090:8010121,0.0,2026-10-02T01:01:04.695736+02:00
307446021,de:15090:8012967,0.0,2026-10-02T01:01:04.695736+02:00
307446021,de:15090:8012568,0.0,2026-10-02T01:01:04.695736+02:00
307446021,de:15090:8011665,0.0,2026-10-02T01:01:04.695736+02:00
307446021,de:15090:8011460,0.0,2026-10-02T01:01:04.695736+02:00
307446021,000008013045,0.0,2026-10-02T01:01:04.695736+02:00
307446021,de:15090:8010335,0.0,2026-10-02T01:01:04.695736+02:00
307446021,de:15090:8010334,0.0,2026-10-02T01:01:04.695736+02:00
307446021,de:15090:8011355,0.0,2026-10-02T01:01:04.695736+02:00
307446021,de:15090:8013083,0.0,2026-10-02T01:01:04.695736+02:00
307446021,de:15083:8012295,0.0,2026-10-02T01:01:04.695736+02:00
307446021,de:15083:8011042,0.0,2026-10-02T01:01:04.695736+02:00
307446021,de:15083:8013402,0.0,2026-10-02T01:01:04.695736+02:00
307446021,de:15083:8073410,0.0,2026-10-02T01:01:04.695736+02:00
307446021,de:15083:8013344,0.0,2026-10-02T01:01:04.695736+02:00
307446021,de:15003:8010086,0.0,2026-10-02T01:01:04.695736+02:00
307446021,de:15003:8012289,0.0,2026-10-02T01:01:04.695736+02:00
307446021,de:15003:8010226,0.0,2026-10-02T01:01:04.695736+02:00
307446021,de:15003:8010224,0.0,2026-10-02T01:01:04.695736+02:00
307446021,de:15003:8013456,0.0,2026-10-02T01:01:04.695736+02:00
307446021,de:15003:8013485,0.0,2026-10-02T01:01:04.695736+02:00
307446021,de:15003:8012291,0.0,2026-10-02T01:01:04.695736+02:00
307446021,de:15003:8012287,0.0,2026-10-02T01:01:04.695736+02:00
307446021,de:15089:8081270,0.0,2026-10-02T01:01:04.695736+02:00
307446021,de:15089:8010318,0.0,2026-10-02T01:01:04.695736+02:00
307446021,de:15089:8081260,0.0,2026-10-02T01:01:04.695736+02:00
307446021,de:15089:8012907,0.0,2026-10-02T01:01:04.695736+02:00
307280450,de:11000:900020202:1:50,0.0,2026-10-02T01:01:04.695736+02:00
307280450,de:11000:900001201:1:50,-0.2,2026-10-02T01:01:04.695736+02:00
307280450,de:11000:900009104:1:50,-0.8,2026-10-02T01:01:04.695736+02:00
307280450,de:11000:900007102:2:52,-0.4,2026-10-02T01:01:04.695736+02:00
307280450,de:11000:900110001:1:50,-0.6,2026-10-02T01:01:04.695736+02:00
307280450,de:11000:900110002:1:50,-0.4,2026-10-02T01:01:04.695736+02:00
307280450,de:11000:900110003:1:50,-0.4,2026-10-02T01:01:04.695736+02:00
307280450,de:11000:900110004:1:50,-0.8,2026-10-02T01:01:04.695736+02:00
307280450,de:11000:900110012:1:50,-0.7,2026-10-02T01:01:04.695736+02:00
307280450,de:11000:900120001:1:50,-0.7,2026-10-02T01:01:04.695736+02:00
307280450,de:11000:900120003:5:58,-0.1,2026-10-02T01:01:04.695736+02:00
307280450,de:11000:900190001:1:50,-0.4,2026-10-02T01:01:04.695736+02:00
307280450,de:11000:900077106:1:50,-0.4,2026-10-02T01:01:04.695736+02:00
307280450,de:11000:900078201:1:50,-0.3,2026-10-02T01:01:04.695736+02:00
307280450,de:11000:900079221:1:50,-0.2,2026-10-02T01:01:04.695736+02:00
307280450,de:11000:900068201:1:50,-0.8,2026-10-02T01:01:04.695736+02:00
307280450,de:11000:900058101:5:58,-0.1,2026-10-02T01:01:04.695736+02:00
307280450,de:11000:900054104:2:52,-0.7,2026-10-02T01:01:04.695736+02:00
307280450,de:11000:900054105:1:50,-0.9,2026-10-02T01:01:04.695736+02:00
307280450,de:11000:900044202:1:50,-0.7,2026-10-02T01:01:04.695736+02:00
307280450,de:11000:900045102:1:50,-0.7,2026-10-02T01:01:04.695736+02:00
307280450,de:11000:900044101:1:50,-0.8,2026-10-02T01:01:04.695736+02:00
307280450,de:11000:900040101:1:50,-0.3,2026-10-02T01:01:04.695736+02:00
307280450,de:11000:900024101:3:54,-0.8,2026-10-02T01:01:04.695736+02:00
307283035,de:11000:900009104:1:51,0.0,2026-10-02T01:01:04.695736+02:00
307283035,de:11000:900007102:2:52,-0.9,2026-10-02T01:01:04.695736+02:00
307283035,de:11000:900110001:1:50,-0.6,2026-10-02T01:01:04.695736+02:00
307283035,de:11000:900110002:1:50,-0.4,2026-10-02T01:01:04.695736+02:00
307283035,de:11000:900110003:1:50,-0.4,2026-10-02T01:01:04.695736+02:00
307283035,de:11000:900110004:1:50,-0.8,2026-10-02T01:01:04.695736+02:00
307283035,de:11000:900110012:1:50,-0.7,2026-10-02T01:01:04.695736+02:00
307283035,de:11000:900120001:1:50,-0.7,2026-10-02T01:01:04.695736+02:00
307283035,de:11000:900120003:5:58,-0.1,2026-10-02T01:01:04.695736+02:00
307283035,de:11000:900190001:1:50,-0.4,2026-10-02T01:01:04.695736+02:00
307283035,de:11000:900077106:1:50,-0.4,2026-10-02T01:01:04.695736+02:00
307283035,de:11000:900078201:1:50,-0.3,2026-10-02T01:01:04.695736+02:00
307283035,de:11000:900079221:1:50,-0.2,2026-10-02T01:01:04.695736+02:00
307286587,de:11000:900190001:2:52,0.0,2026-10-02T01:01:04.695736+02:00
307286587,de:11000:900120003:5:59,-0.4,2026-10-02T01:01:04.695736+02:00
307286587,de:11000:900120001:1:51,0.0,2026-10-02T01:01:04.695736+02:00
307286587,de:11000:900110012:1:51,-0.2,2026-10-02T01:01:04.695736+02:00
307286587,de:11000:900110004:1:51,-0.1,2026-10-02T01:01:04.695736+02:00
307286587,de:11000:900110003:1:51,-0.4,2026-10-02T01:01:04.695736+02:00
307286587,de:11000:900110002:1:51,-0.4,2026-10-02T01:01:04.695736+02:00
307286587,de:11000:900110001:1:51,-0.1,2026-10-02T01:01:04.695736+02:00
307286587,de:11000:900007102:1:51,-0.6,2026-10-02T01:01:04.695736+02:00
307286587,de:11000:900009104:1:50,-0.8,2026-10-02T01:01:04.695736+02:00
307286587,de:11000:900001201:1:50,-0.3,2026-10-02T01:01:04.695736+02:00
307286587,de:11000:900020202:1:50,-0.1,2026-10-02T01:01:04.695736+02:00
307286627,de:11000:900024101:3:54,0.0,2026-10-02T01:01:04.695736+02:00
307286627,de:11000:900040101:1:50,-0.2,2026-10-02T01:01:04.695736+02:00
307286627,de:11000:900044101:1:50,-0.3,2026-10-02T01:01:04.695736+02:00
307286627,de:11000:900045102:1:51,-0.4,2026-10-02T01:01:04.695736+02:00
307286627,de:11000:900044202:1:51,-0.4,2026-10-02T01:01:04.695736+02:00
307286627,de:11000:900054105:1:51,-0.2,2026-10-02T01:01:04.695736+02:00
307286627,de:11000:900054104:2:53,-0.8,2026-10-02T01:01:04.695736+02:00
307286627,de:11000:900058101:5:59,-0.2,2026-10-02T01:01:04.695736+02:00
307286627,de:11000:900068201:1:51,-0.8,2026-10-02T01:01:04.695736+02:00
307286627,de:11000:900079221:1:51,-0.4,2026-10-02T01:01:04.695736+02:00
307286627,de:11000:900078201:1:51,-0.1,2026-10-02T01:01:04.695736+02:00
307286627,de:11000:900077106:1:51,0.0,2026-10-02T01:01:04.695736+02:00
307286627,de:11000:900190001:2:52,-0.9,2026-10-02T01:01:04.695736+02:00
307286627,de:11000:900120003:5:59,-0.4,2026-10-02T01:01:04.695736+02:00
307286627,de:11000:900120001:1:51,0.0,2026-10-02T01:01:04.695736+02:00
307286627,de:11000:900110012:1:51,-0.2,2026-10-02T01:01:04.695736+02:00
307286627,de:11000:900110004:1:51,-0.1,2026-10-02T01:01:04.695736+02:00
307286627,de:11000:900110003:1:51,-0.4,2026-10-02T01:01:04.695736+02:00
307286627,de:11000:900110002:1:51,-0.4,2026-10-02T01:01:04.695736+02:00
307286627,de:11000:900110001:1:51,-0.1,2026-10-02T01:01:04.695736+02:00
307286627,de:11000:900007102:1:51,-0.6,2026-10-02T01:01:04.695736+02:00
307286627,de:11000:900009104:1:51,-0.8,2026-10-02T01:01:04.695736+02:00
307286627,de:11000:900001201:1:51,-0.3,2026-10-02T01:01:04.695736+02:00
307286627,de:11000:900020202:1:51,-0.1,2026-10-02T01:01:04.695736+02:00
307286601,de:11000:900024101:3:54,0.0,2026-10-02T01:01:04.695736+02:00
307286601,de:11000:900040101:1:50,-0.2,2026-10-02T01:01:04.695736+02:00
307286601,de:11000:900044101:1:50,-0.3,2026-10-02T01:01:04.695736+02:00
307286601,de:11000:900045102:1:51,-0.4,2026-10-02T01:01:04.695736+02:00
307286601,de:11000:900044202:1:51,-0.4,2026-10-02T01:01:04.695736+02:00
307286601,de:11000:900054105:1:51,-0.2,2026-10-02T01:01:04.695736+02:00
307286601,de:11000:900054104:2:53,-0.8,2026-10-02T01:01:04.695736+02:00
307286601,de:11000:900058101:5:59,-0.2,2026-10-02T01:01:04.695736+02:00
307286601,de:11000:900068201:1:51,-0.8,2026-10-02T01:01:04.695736+02:00
307286601,de:11000:900079221:1:51,-0.4,2026-10-02T01:01:04.695736+02:00
307286601,de:11000:900078201:1:51,-0.1,2026-10-02T01:01:04.695736+02:00
307286601,de:11000:900077106:1:51,0.0,2026-10-02T01:01:04.695736+02:00
307286601,de:11000:900190001:2:52,-0.9,2026-10-02T01:01:04.695736+02:00
307286601,de:11000:900120003:5:59,-0.4,2026-10-02T01:01:04.695736+02:00
307286601,de:11000:900120001:1:51,0.0,2026-10-02T01:01:04.695736+02:00
307286601,de:11000:900110012:1:51,-0.2,2026-10-02T01:01:04.695736+02:00
307286601,de:11000:900110004:1:51,-0.1,2026-10-02T01:01:04.695736+02:00
307286601,de:11000:900110003:1:51,-0.4,2026-10-02T01:01:04.695736+02:00
307286601,de:11000:900110002:1:51,-0.4,2026-10-02T01:01:04.695736+02:00
307286601,de:11000:900110001:1:51,-0.1,2026-10-02T01:01:04.695736+02:00
307286601,de:11000:900007102:1:51,-0.6,2026-10-02T01:01:04.695736+02:00
307286601,de:11000:900009104:1:51,-0.8,2026-10-02T01:01:04.695736+02:00
307286601,de:11000:900001201:1:51,-0.3,2026-10-02T01:01:04.695736+02:00
307286601,de:11000:900020202:1:51,-0.1,2026-10-02T01:01:04.695736+02:00
307289065,de:11000:900079221:1:51,0.0,2026-10-02T01:01:04.695736+02:00
307289065,de:11000:900078201:1:51,-0.1,2026-10-02T01:01:04.695736+02:00
307289065,de:11000:900077106:1:51,0.0,2026-10-02T01:01:04.695736+02:00
307289065,de:11000:900190001:2:52,-0.9,2026-10-02T01:01:04.695736+02:00
307289065,de:11000:900120003:5:59,-0.4,2026-10-02T01:01:04.695736+02:00
307289065,de:11000:900120001:1:51,0.0,2026-10-02T01:01:04.695736+02:00
307289065,de:11000:900110012:1:51,-0.2,2026-10-02T01:01:04.695736+02:00
307289065,de:11000:900110004:1:51,-0.1,2026-10-02T01:01:04.695736+02:00
307289065,de:11000:900110003:1:51,-0.4,2026-10-02T01:01:04.695736+02:00
307289065,de:11000:900110002:1:51,-0.4,2026-10-02T01:01:04.695736+02:00
307289065,de:11000:900110001:1:51,-0.1,2026-10-02T01:01:04.695736+02:00
307289065,de:11000:900007102:1:51,-0.6,2026-10-02T01:01:04.695736+02:00
307289065,de:11000:900009104:1:51,-0.3,2026-10-02T01:01:04.695736+02:00
307289045,de:11000:900079221:1:51,0.0,2026-10-02T01:01:04.695736+02:00
307289045,de:11000:900078201:1:51,-0.1,2026-10-02T01:01:04.695736+02:00
307289045,de:11000:900077106:1:51,0.0,2026-10-02T01:01:04.695736+02:00
307289045,de:11000:900190001:2:52,-0.9,2026-10-02T01:01:04.695736+02:00
307289045,de:11000:900120003:5:59,-0.4,2026-10-02T01:01:04.695736+02:00
307289045,de:11000:900120001:1:51,0.0,2026-10-02T01:01:04.695736+02:00
307289045,de:11000:900110012:1:51,-0.2,2026-10-02T01:01:04.695736+02:00
307289045,de:11000:900110004:1:51,-0.1,2026-10-02T01:01:04.695736+02:00
307289045,de:11000:900110003:1:51,-0.4,2026-10-02T01:01:04.695736+02:00
307289045,de:11000:900110002:1:51,-0.4,2026-10-02T01:01:04.695736+02:00
307289045,de:11000:900110001:1:51,-0.1,2026-10-02T01:01:04.695736+02:00
307289045,de:11000:900007102:1:51,-0.6,2026-10-02T01:01:04.695736+02:00
307289045,de:11000:900009104:1:51,-0.3,2026-10-02T01:01:04.695736+02:00
306897156,de:12067:900311224::2,0.0,2026-10-02T01:01:04.695736+02:00
306897156,de:12067:900311225::2,0.0,2026-10-02T01:01:04.695736+02:00
306897156,de:12067:900311419::2,0.0,2026-10-02T01:01:04.695736+02:00
306897156,de:12067:900311221::4,0.0,2026-10-02T01:01:04.695736+02:00
306897156,de:12067:900311221::2,0.0,2026-10-02T01:01:04.695736+02:00
306897156,de:12067:900311430::1,0.0,2026-10-02T01:01:04.695736+02:00
306897156,de:12067:900311221::1,0.0,2026-10-02T01:01:04.695736+02:00
306897156,de:12067:900311520::2,0.0,2026-10-02T01:01:04.695736+02:00
306897156,de:12067:900311512::2,0.0,2026-10-02T01:01:04.695736+02:00
306897156,de:12067:900311510::2,0.0,2026-10-02T01:01:04.695736+02:00
306897156,de:12067:900311513::2,0.0,2026-10-02T01:01:04.695736+02:00
306897156,de:12067:900311513::1,0.0,2026-10-02T01:01:04.695736+02:00
306897156,de:12067:900311472::2,0.0,2026-10-02T01:01:04.695736+02:00
306897156,de:12067:900311473::2,0.0,2026-10-02T01:01:04.695736+02:00
306897156,de:12067:900311318::2,0.0,2026-10-02T01:01:04.695736+02:00
306897156,de:12067:900311320::2,0.0,2026-10-02T01:01:04.695736+02:00
306897156,de:12067:900311305::2,0.0,2026-10-02T01:01:04.695736+02:00
306897156,de:12067:900311383::1,0.0,2026-10-02T01:01:04.695736+02:00
306897156,de:12067:900311315::2,0.0,2026-10-02T01:01:04.695736+02:00
306897156,de:12067:900311348::2,0.0,2026-10-02T01:01:04.695736+02:00
306897156,de:12067:900311308::4,0.0,2026-10-02T01:01:04.695736+02:00
306896347,de:12067:900310013::4,0.0,2026-10-02T01:01:04.695736+02:00
306896347,de:12067:900310563::3,0.0,2026-10-02T01:01:04.695736+02:00
306896347,de:12067:900310563::4,0.0,2026-10-02T01:01:04.695736+02:00
306896347,de:12067:900310557::3,0.0,2026-10-02T01:01:04.695736+02:00
306896347,de:12067:900310555::1,0.0,2026-10-02T01:01:04.695736+02:00
306896347,de:12067:900310852::1,0.0,2026-10-02T01:01:04.695736+02:00
306896347,de:12067:900310850::1,0.0,2026-10-02T01:01:04.695736+02:00
306896347,de:12067:900310851::1,0.0,2026-10-02T01:01:04.695736+02:00
306896347,de:12067:900310849::1,0.0,2026-10-02T01:01:04.695736+02:00
306896347,de:12067:900310856::1,0.0,2026-10-02T01:01:04.695736+02:00
306896347,de:12067:900310844::1,0.0,2026-10-02T01:01:04.695736+02:00
306896347,de:12067:900310855::1,0.0,2026-10-02T01:01:04.695736+02:00
306896347,de:12067:900311970::1,0.0,2026-10-02T01:01:04.695736+02:00
306896347,de:12067:900310853::1,0.0,2026-10-02T01:01:04.695736+02:00
306896347,de:12067:900310845::1,0.0,2026-10-02T01:01:04.695736+02:00
306896347,de:12067:900310857::1,0.0,2026-10-02T01:01:04.695736+02:00
306896347,de:12067:900310854::1,0.0,2026-10-02T01:01:04.695736+02:00
306896347,de:12067:900310846::1,0.0,2026-10-02T01:01:04.695736+02:00
306896347,de:12067:900310847::1,0.0,2026-10-02T01:01:04.695736+02:00
306896347,de:12067:900310890::1,0.0,2026-10-02T01:01:04.695736+02:00
306896347,de:12067:900310889::1,0.0,2026-10-02T01:01:04.695736+02:00
306896347,de:12067:900310882::1,0.0,2026-10-02T01:01:04.695736+02:00
306896347,de:12067:900310920::1,0.0,2026-10-02T01:01:04.695736+02:00
306896347,de:12067:900310883::1,0.0,2026-10-02T01:01:04.695736+02:00
306896347,de:12067:900310885::1,0.0,2026-10-02T01:01:04.695736+02:00
306896347,de:12067:900310881::1,0.0,2026-10-02T01:01:04.695736+02:00
306896347,de:12067:900310888::1,0.0,2026-10-02T01:01:04.695736+02:00
306896347,de:12067:900310919::1,0.0,2026-10-02T01:01:04.695736+02:00
306896347,de:12064:900320891::1,0.0,2026-10-02T01:01:04.695736+02:00
306896347,de:12064:900320888::4,0.0,2026-10-02T01:01:04.695736+02:00
306896347,de:12064:900320886::1,0.0,2026-10-02T01:01:04.695736+02:00
306896347,de:12064:900320284::1,0.0,2026-10-02T01:01:04.695736+02:00
306896347,de:12064:900320278::1,0.0,2026-10-02T01:01:04.695736+02:00
306896347,de:12064:900320274::1,0.0,2026-10-02T01:01:04.695736+02:00
306895224,de:12067:900311308::5,0.0,2026-10-02T01:01:04.695736+02:00
306895224,de:12067:900311380::1,0.0,2026-10-02T01:01:04.695736+02:00
306895224,de:12067:900311348::1,0.0,2026-10-02T01:01:04.695736+02:00
306895224,de:12067:900311315::1,0.0,2026-10-02T01:01:04.695736+02:00
306895224,de:12067:900311383::4,0.0,2026-10-02T01:01:04.695736+02:00
306895224,de:12067:900311305::1,0.0,2026-10-02T01:01:04.695736+02:00
306895224,de:12067:900311320::1,0.0,2026-10-02T01:01:04.695736+02:00
306895224,de:12067:900311318::1,0.0,2026-10-02T01:01:04.695736+02:00
306895224,de:12067:900311473::1,0.0,2026-10-02T01:01:04.695736+02:00
306895224,de:12067:900311471::1,0.0,2026-10-02T01:01:04.695736+02:00
306895224,de:12067:900310901::1,0.0,2026-10-02T01:01:04.695736+02:00
306895224,de:12067:900311070::1,0.0,2026-10-02T01:01:04.695736+02:00
306895224,de:12067:900311071::1,0.0,2026-10-02T01:01:04.695736+02:00
306895224,de:12067:900311094::1,0.0,2026-10-02T01:01:04.695736+02:00
306895224,de:12067:900310840::1,0.0,2026-10-02T01:01:04.695736+02:00
306895224,de:12067:900311074::1,0.0,2026-10-02T01:01:04.695736+02:00
306895224,de:12067:900311075::1,0.0,2026-10-02T01:01:04.695736+02:00
306895224,de:12067:900311073::1,0.0,2026-10-02T01:01:04.695736+02:00
306895224,de:12067:900310859::1,0.0,2026-10-02T01:01:04.695736+02:00
306895224,de:12067:900310926::1,0.0,2026-10-02T01:01:04.695736+02:00
306895224,de:12067:900310766::1,0.0,2026-10-02T01:01:04.695736+02:00
306895224,de:12067:900310765::1,0.0,2026-10-02T01:01:04.695736+02:00
306895224,de:12067:900310918::1,0.0,2026-10-02T01:01:04.695736+02:00
306895224,de:12067:900310764::2,0.0,2026-10-02T01:01:04.695736+02:00
306895224,de:12067:900310910::1,0.0,2026-10-02T01:01:04.695736+02:00
306895224,de:12067:900311101::2,0.0,2026-10-02T01:01:04.695736+02:00
306895224,de:12067:900311100::1,0.0,2026-10-02T01:01:04.695736+02:00
306895224,de:12067:900310911::2,0.0,2026-10-02T01:01:04.695736+02:00
306895224,de:12067:900310714::1,0.0,2026-10-02T01:01:04.695736+02:00
306895224,de:12067:900310725::2,0.0,2026-10-02T01:01:04.695736+02:00
306895224,de:12067:900310738::2,0.0,2026-10-02T01:01:04.695736+02:00
306895224,de:12067:900310639::1,0.0,2026-10-02T01:01:04.695736+02:00
306895224,de:12067:900310626::1,0.0,2026-10-02T01:01:04.695736+02:00
306895224,de:12067:900311129::6,0.0,2026-10-02T01:01:04.695736+02:00
307292670,de:12061:900260001:2:52,0.0,2026-10-02T01:01:04.695736+02:00
307292670,de:12061:900260002:1:51,-0.8,2026-10-02T01:01:04.695736+02:00
307292670,de:12061:900260003:1:51,-0.7,2026-10-02T01:01:04.695736+02:00
307292670,de:12061:900260004:1:51,-0.9,2026-10-02T01:01:04.695736+02:00
307292670,de:11000:900186001:2:53,-0.2,2026-10-02T01:01:04.695736+02:00
307292670,de:11000:900193002:1:51,-0.2,2026-10-02T01:01:04.695736+02:00
307292670,de:11000:900193001:2:51,-0.8,2026-10-02T01:01:04.695736+02:00
307292670,de:11000:900192001:3:55,-0.7,2026-10-02T01:01:04.695736+02:00
307292670,de:11000:900191001:1:50,-0.4,2026-10-02T01:01:04.695736+02:00
307292670,de:11000:900077155:1:50,-0.9,2026-10-02T01:01:04.695736+02:00
307292670,de:11000:900078201:1:50,-0.4,2026-10-02T01:01:04.695736+02:00
307292670,de:11000:900079221:1:50,-0.2,2026-10-02T01:01:04.695736+02:00
307292670,de:11000:900068201:1:50,-0.8,2026-10-02T01:01:04.695736+02:00
307292670,de:11000:900058101:5:58,-0.1,2026-10-02T01:01:04.695736+02:00
307292670,de:11000:900054104:2:52,-0.2,2026-10-02T01:01:04.695736+02:00
307292670,de:11000:900054105:1:50,-0.9,2026-10-02T01:01:04.695736+02:00
307292670,de:11000:900044202:1:50,-0.7,2026-10-02T01:01:04.695736+02:00
307292218,de:11000:900044202:1:51,0.0,2026-10-02T01:01:04.695736+02:00
307292218,de:11000:900054105:1:51,-0.2,2026-10-02T01:01:04.695736+02:00
307292218,de:11000:900054104:2:53,-0.8,2026-10-02T01:01:04.695736+02:00
307292218,de:11000:900058101:5:59,-0.7,2026-10-02T01:01:04.695736+02:00
307292218,de:11000:900068201:1:51,-0.3,2026-10-02T01:01:04.695736+02:00
307292218,de:11000:900079221:1:51,-0.9,2026-10-02T01:01:04.695736+02:00
307292218,de:11000:900078201:1:51,-0.6,2026-10-02T01:01:04.695736+02:00
307292218,de:11000:900077155:1:51,-0.2,2026-10-02T01:01:04.695736+02:00
307292218,de:11000:900191001:2:51,-0.7,2026-10-02T01:01:04.695736+02:00
307292218,de:11000:900192001:2:52,-0.7,2026-10-02T01:01:04.695736+02:00
307292218,de:11000:900193001:1:50,-0.2,2026-10-02T01:01:04.695736+02:00
307292218,de:11000:900193002:1:50,-0.8,2026-10-02T01:01:04.695736+02:00
307292218,de:11000:900186001:1:50,-0.8,2026-10-02T01:01:04.695736+02:00
307292218,de:12061:900260004:1:50,-0.2,2026-10-02T01:01:04.695736+02:00
307292218,de:12061:900260003:1:50,-0.4,2026-10-02T01:01:04.695736+02:00
307292218,de:12061:900260002:1:51,-0.2,2026-10-02T01:01:04.695736+02:00
307292218,de:12061:900260001:2:52,-0.2,2026-10-02T01:01:04.695736+02:00
295928989,de:11000:900186001:2:52,0.0,2026-10-02T01:01:04.695736+02:00
295928989,de:11000:900193002:1:51,-0.2,2026-10-02T01:01:04.695736+02:00
295928989,de:11000:900193001:2:51,-0.8,2026-10-02T01:01:04.695736+02:00
295928989,de:11000:900192001:3:55,-0.7,2026-10-02T01:01:04.695736+02:00
295928989,de:11000:900191001:1:50,-0.4,2026-10-02T01:01:04.695736+02:00
295928989,de:11000:900077155:1:50,-0.9,2026-10-02T01:01:04.695736+02:00
295928989,de:11000:900078201:1:50,-0.9,2026-10-02T01:01:04.695736+02:00
295928989,de:11000:900079221:1:50,-0.7,2026-10-02T01:01:04.695736+02:00
295928985,de:11000:900186001:2:52,0.0,2026-10-02T01:01:04.695736+02:00
295928985,de:11000:900193002:1:51,-0.2,2026-10-02T01:01:04.695736+02:00
295928985,de:11000:900193001:2:51,-0.8,2026-10-02T01:01:04.695736+02:00
295928985,de:11000:900192001:3:55,-0.7,2026-10-02T01:01:04.695736+02:00
295928985,de:11000:900191001:1:50,-0.4,2026-10-02T01:01:04.695736+02:00
295928985,de:11000:900077155:1:50,-0.9,2026-10-02T01:01:04.695736+02:00
295928985,de:11000:900078201:1:50,-0.9,2026-10-02T01:01:04.695736+02:00
295928985,de:11000:900079221:1:50,-0.7,2026-10-02T01:01:04.695736+02:00
295928982,de:11000:900186001:2:52,0.0,2026-10-02T01:01:04.695736+02:00
295928982,de:11000:900193002:1:51,-0.2,2026-10-02T01:01:04.695736+02:00
295928982,de:11000:900193001:2:51,-0.8,2026-10-02T01:01:04.695736+02:00
295928982,de:11000:900192001:3:55,-0.7,2026-10-02T01:01:04.695736+02:00
295928982,de:11000:900191001:1:50,-0.4,2026-10-02T01:01:04.695736+02:00
295928982,de:11000:900077155:1:50,-0.9,2026-10-02T01:01:04.695736+02:00
295928982,de:11000:900078201:1:50,-0.9,2026-10-02T01:01:04.695736+02:00
295928982,de:11000:900079221:1:50,-0.7,2026-10-02T01:01:04.695736+02:00
295933188,de:11000:900180003:1:50,0.0,2026-10-02T01:01:04.695736+02:00
295933188,de:11000:900192002:1:50,-0.4,2026-10-02T01:01:04.695736+02:00
295933188,de:11000:900192001:3:54,-0.2,2026-10-02T01:01:04.695736+02:00
295932994,de:11000:900058101:5:59,0.0,2026-10-02T01:01:04.695736+02:00
295932994,de:11000:900068201:1:51,-0.3,2026-10-02T01:01:04.695736+02:00
295932994,de:11000:900079221:1:51,-0.9,2026-10-02T01:01:04.695736+02:00
295932994,de:11000:900078201:1:51,-0.6,2026-10-02T01:01:04.695736+02:00
295932994,de:11000:900077155:1:51,-0.2,2026-10-02T01:01:04.695736+02:00
295932994,de:11000:900191001:2:51,-0.7,2026-10-02T01:01:04.695736+02:00
295932994,de:11000:900192001:2:53,-0.7,2026-10-02T01:01:04.695736+02:00
295932994,de:11000:900192002:1:50,-0.5,2026-10-02T01:01:04.695736+02:00
295932994,de:11000:900180003:1:50,-0.7,2026-10-02T01:01:04.695736+02:00
295932971,de:11000:900058101:5:59,0.0,2026-10-02T01:01:04.695736+02:00
295932971,de:11000:900068201:1:51,-0.3,2026-10-02T01:01:04.695736+02:00
295932971,de:11000:900079221:1:51,-0.9,2026-10-02T01:01:04.695736+02:00
295932971,de:11000:900078201:1:51,-0.6,2026-10-02T01:01:04.695736+02:00
295932971,de:11000:900077155:1:51,-0.2,2026-10-02T01:01:04.695736+02:00
295932971,de:11000:900191001:2:51,-0.7,2026-10-02T01:01:04.695736+02:00
295932971,de:11000:900192001:2:53,-0.7,2026-10-02T01:01:04.695736+02:00
295932971,de:11000:900192002:1:50,-0.5,2026-10-02T01:01:04.695736+02:00
295932971,de:11000:900180003:1:50,-0.7,2026-10-02T01:01:04.695736+02:00
295933080,de:11000:900180003:1:50,0.0,2026-10-02T01:01:04.695736+02:00
295933080,de:11000:900192002:1:50,-0.4,2026-10-02T01:01:04.695736+02:00
295933080,de:11000:900192001:3:54,-0.2,2026-10-02T01:01:04.695736+02:00
295933080,de:11000:900191001:1:50,-0.9,2026-10-02T01:01:04.695736+02:00
295933080,de:11000:900077155:1:50,-0.4,2026-10-02T01:01:04.695736+02:00
295933080,de:11000:900078201:1:50,-0.9,2026-10-02T01:01:04.695736+02:00
295933080,de:11000:900079221:1:50,-0.7,2026-10-02T01:01:04.695736+02:00
295933080,de:11000:900068201:1:50,-0.3,2026-10-02T01:01:04.695736+02:00
295933080,de:11000:900058101:5:58,-0.6,2026-10-02T01:01:04.695736+02:00
306897219,de:12053:900360000::4,0.0,2026-10-02T01:01:04.695736+02:00
306897219,de:12053:900360021::4,0.0,2026-10-02T01:01:04.695736+02:00
306897219,de:12053:900360059::4,0.0,2026-10-02T01:01:04.695736+02:00
306897219,de:12053:900360041::4,0.0,2026-10-02T01:01:04.695736+02:00
306897219,de:12053:900360135::2,0.0,2026-10-02T01:01:04.695736+02:00
306897219,de:12053:900360083::2,0.0,2026-10-02T01:01:04.695736+02:00
306897219,de:12053:900360096::4,0.0,2026-10-02T01:01:04.695736+02:00
306897219,de:12053:900360213::4,0.0,2026-10-02T01:01:04.695736+02:00
306897219,de:12053:900360062::2,0.0,2026-10-02T01:01:04.695736+02:00
306897219,de:12067:900311485::1,0.0,2026-10-02T01:01:04.695736+02:00
306897219,de:12067:900311482::2,0.0,2026-10-02T01:01:04.695736+02:00
306897219,de:12067:900311489::1,0.0,2026-10-02T01:01:04.695736+02:00
306897219,de:12067:900311483::2,0.0,2026-10-02T01:01:04.695736+02:00
306897219,de:12067:900310935::1,0.0,2026-10-02T01:01:04.695736+02:00
306897219,de:12067:900310933::1,0.0,2026-10-02T01:01:04.695736+02:00
306897219,de:12067:900311540::2,0.0,2026-10-02T01:01:04.695736+02:00
306897219,de:12067:900310615::2,0.0,2026-10-02T01:01:04.695736+02:00
306897219,de:12067:900310725::2,0.0,2026-10-02T01:01:04.695736+02:00
306897219,de:12067:900310738::2,0.0,2026-10-02T01:01:04.695736+02:00
306897219,de:12067:900310639::1,0.0,2026-10-02T01:01:04.695736+02:00
306897219,de:12067:900310626::1,0.0,2026-10-02T01:01:04.695736+02:00
306897219,de:12067:900311129::6,0.0,2026-10-02T01:01:04.695736+02:00
306897072,de:12067:900310940::1,0.0,2026-10-02T01:01:04.695736+02:00
306897072,de:12067:900310921::2,0.0,2026-10-02T01:01:04.695736+02:00
306897072,de:12067:900310941::2,0.0,2026-10-02T01:01:04.695736+02:00
306897072,de:12067:900310700::1,0.0,2026-10-02T01:01:04.695736+02:00
306897072,de:12067:900310925::1,0.0,2026-10-02T01:01:04.695736+02:00
295936924,de:12064:900320001:1:50,0.0,2026-10-02T01:01:04.695736+02:00
295936924,de:12064:900320002:1:50,-0.3,2026-10-02T01:01:04.695736+02:00
295936924,de:12064:900320003:1:50,-0.1,2026-10-02T01:01:04.695736+02:00
295936924,de:12064:900320004:2:51,-0.8,2026-10-02T01:01:04.695736+02:00
295936924,de:12064:900320005:1:50,0.0,2026-10-02T01:01:04.695736+02:00
295936924,de:12064:900320006:1:51,-0.8,2026-10-02T01:01:04.695736+02:00
295936924,de:12064:900320007:1:50,-0.8,2026-10-02T01:01:04.695736+02:00
295936924,de:12064:900320008:1:51,-0.5,2026-10-02T01:01:04.695736+02:00
295936924,de:12064:900320026:1:50,-0.3,2026-10-02T01:01:04.695736+02:00
295936924,de:11000:900176001:1:51,-0.7,2026-10-02T01:01:04.695736+02:00
295936924,de:11000:900175002:1:50,-0.7,2026-10-02T01:01:04.695736+02:00
295936924,de:11000:900175001:1:50,-0.6,2026-10-02T01:01:04.695736+02:00
295936924,de:11000:900171001:1:50,-0.3,2026-10-02T01:01:04.695736+02:00
295936924,de:11000:900171002:1:51,-0.4,2026-10-02T01:01:04.695736+02:00
295936924,de:11000:900160004:1:51,-0.8,2026-10-02T01:01:04.695736+02:00
295936924,de:11000:900160003:1:51,-0.9,2026-10-02T01:01:04.695736+02:00
295936924,de:11000:900120003:3:55,-0.1,2026-10-02T01:01:04.695736+02:00
295936924,de:11000:900120004:2:53,-0.6,2026-10-02T01:01:04.695736+02:00
295936924,de:11000:900120005:5:58,-0.9,2026-10-02T01:01:04.695736+02:00
295936924,de:11000:900100004:1:51,-0.4,2026-10-02T01:01:04.695736+02:00
295936924,de:11000:900100003:2:53,-0.4,2026-10-02T01:01:04.695736+02:00
295936924,de:11000:900100002:1:51,-0.4,2026-10-02T01:01:04.695736+02:00
295936924,de:11000:900100001:3:55,-0.4,2026-10-02T01:01:04.695736+02:00
295936924,de:11000:900003201:3:55,-0.1,2026-10-02T01:01:04.695736+02:00
295936924,de:11000:900003102:1:51,-0.8,2026-10-02T01:01:04.695736+02:00
295936924,de:11000:900003103:1:51,-0.9,2026-10-02T01:01:04.695736+02:00
295936924,de:11000:900023201:3:55,-0.8,2026-10-02T01:01:04.695736+02:00
295936924,de:11000:900024203:1:51,-0.8,2026-10-02T01:01:04.695736+02:00
295936924,de:11000:900024101:4:57,-0.8,2026-10-02T01:01:04.695736+02:00
295936924,de:11000:900024102:1:51,-0.1,2026-10-02T01:01:04.695736+02:00
307301745,de:11000:900024102:2:52,0.0,2026-10-02T01:01:04.695736+02:00
307301745,de:11000:900024101:3:55,-0.8,2026-10-02T01:01:04.695736+02:00
307301745,de:11000:900024203:1:51,-0.8,2026-10-02T01:01:04.695736+02:00
307301745,de:11000:900023201:3:54,-0.7,2026-10-02T01:01:04.695736+02:00
307301745,de:11000:900003103:1:50,-0.8,2026-10-02T01:01:04.695736+02:00
307301745,de:11000:900003102:1:50,-0.9,2026-10-02T01:01:04.695736+02:00
307301745,de:11000:900003201:3:54,-0.5,2026-10-02T01:01:04.695736+02:00
307301745,de:11000:900100001:3:54,-0.1,2026-10-02T01:01:04.695736+02:00
307301745,de:11000:900100002:1:50,-0.4,2026-10-02T01:01:04.695736+02:00
307301745,de:11000:900100003:2:52,-0.1,2026-10-02T01:01:04.695736+02:00
307301745,de:11000:900100004:1:50,-0.4,2026-10-02T01:01:04.695736+02:00
307301745,de:11000:900120005:4:55,-0.6,2026-10-02T01:01:04.695736+02:00
307301745,de:11000:900120004:1:50,-0.1,2026-10-02T01:01:04.695736+02:00
307301745,de:11000:900120003:2:53,-0.4,2026-10-02T01:01:04.695736+02:00
307301745,de:11000:900160003:1:50,-0.7,2026-10-02T01:01:04.695736+02:00
307301745,de:11000:900160004:1:50,-0.7,2026-10-02T01:01:04.695736+02:00
307301745,de:11000:900171002:1:50,-0.2,2026-10-02T01:01:04.695736+02:00
307301745,de:11000:900171001:2:51,-0.3,2026-10-02T01:01:04.695736+02:00
307301745,de:11000:900175001:2:51,-0.5,2026-10-02T01:01:04.695736+02:00
307301745,de:11000:900175002:1:51,0.0,2026-10-02T01:01:04.695736+02:00
307301745,de:11000:900176001:2:52,-0.3,2026-10-02T01:01:04.695736+02:00
295940772,de:11000:900120005:4:56,0.0,2026-10-02T01:01:04.695736+02:00
295940772,de:11000:900120004:1:51,-0.1,2026-10-02T01:01:04.695736+02:00
295940772,de:11000:900120003:2:52,-0.4,2026-10-02T01:01:04.695736+02:00
295940772,de:11000:900160003:1:50,-0.7,2026-10-02T01:01:04.695736+02:00
295940772,de:11000:900160004:1:50,-0.7,2026-10-02T01:01:04.695736+02:00
295940772,de:11000:900171002:1:50,-0.2,2026-10-02T01:01:04.695736+02:00
295940772,de:11000:900171001:2:51,-0.3,2026-10-02T01:01:04.695736+02:00
295940772,de:11000:900175001:2:51,-0.5,2026-10-02T01:01:04.695736+02:00
295940772,de:11000:900175002:1:51,0.0,2026-10-02T01:01:04.695736+02:00
295940772,de:11000:900176001:1:50,-0.7,2026-10-02T01:01:04.695736+02:00
295940230,de:11000:900120004:1:51,0.0,2026-10-02T01:01:04.695736+02:00
295940230,de:11000:900120003:2:52,-0.4,2026-10-02T01:01:04.695736+02:00
295940230,de:11000:900160003:1:50,-0.7,2026-10-02T01:01:04.695736+02:00
295940230,de:11000:900160004:1:50,-0.7,2026-10-02T01:01:04.695736+02:00
295940230,de:11000:900171002:1:50,-0.2,2026-10-02T01:01:04.695736+02:00
295940230,de:11000:900171001:2:51,-0.3,2026-10-02T01:01:04.695736+02:00
295940230,de:11000:900175001:2:51,-0.5,2026-10-02T01:01:04.695736+02:00
295940230,de:11000:900175002:1:51,0.0,2026-10-02T01:01:04.695736+02:00
295940230,de:11000:900176001:2:52,-0.3,2026-10-02T01:01:04.695736+02:00
295940230,de:12064:900320026:1:51,-0.1,2026-10-02T01:01:04.695736+02:00
295940230,de:12064:900320008:1:50,-0.7,2026-10-02T01:01:04.695736+02:00
295942234,de:11000:900176001:1:50,0.0,2026-10-02T01:01:04.695736+02:00
295942234,de:11000:900175002:1:50,-0.7,2026-10-02T01:01:04.695736+02:00
295942234,de:11000:900175001:1:50,-0.6,2026-10-02T01:01:04.695736+02:00
295942234,de:11000:900171001:1:50,-0.3,2026-10-02T01:01:04.695736+02:00
295942234,de:11000:900171002:1:51,-0.4,2026-10-02T01:01:04.695736+02:00
295942234,de:11000:900160004:1:51,-0.8,2026-10-02T01:01:04.695736+02:00
295942234,de:11000:900160003:1:51,-0.8,2026-10-02T01:01:04.695736+02:00
295942234,de:11000:900120003:3:54,-0.9,2026-10-02T01:01:04.695736+02:00
295942234,de:11000:900120004:2:52,-0.1,2026-10-02T01:01:04.695736+02:00
295942199,de:11000:900120004:1:51,0.0,2026-10-02T01:01:04.695736+02:00
295942199,de:11000:900120003:2:52,-0.9,2026-10-02T01:01:04.695736+02:00
295942199,de:11000:900160003:1:50,-0.7,2026-10-02T01:01:04.695736+02:00
295942199,de:11000:900160004:1:50,-0.7,2026-10-02T01:01:04.695736+02:00
295942199,de:11000:900171002:1:50,-0.2,2026-10-02T01:01:04.695736+02:00
295942199,de:11000:900171001:2:51,-0.3,2026-10-02T01:01:04.695736+02:00
295942199,de:11000:900175001:2:51,-0.5,2026-10-02T01:01:04.695736+02:00
295942199,de:11000:900175002:1:51,0.0,2026-10-02T01:01:04.695736+02:00
295942199,de:11000:900176001:2:53,-0.7,2026-10-02T01:01:04.695736+02:00
295953581,de:11000:900151001:1:51,0.0,2026-10-02T01:01:04.695736+02:00
295953581,de:11000:900152001:1:51,-0.6,2026-10-02T01:01:04.695736+02:00
295953581,de:11000:900152002:1:51,-0.2,2026-10-02T01:01:04.695736+02:00
295953581,de:11000:900171003:1:51,-0.9,2026-10-02T01:01:04.695736+02:00
295953581,de:11000:900171002:1:51,-0.9,2026-10-02T01:01:04.695736+02:00
295953581,de:11000:900160004:1:51,-0.3,2026-10-02T01:01:04.695736+02:00
295953581,de:11000:900160003:1:51,-0.4,2026-10-02T01:01:04.695736+02:00
295953581,de:11000:900120003:3:54,-0.6,2026-10-02T01:01:04.695736+02:00
295953581,de:11000:900120004:2:52,-0.1,2026-10-02T01:01:04.695736+02:00
295953578,de:11000:900151001:1:51,0.0,2026-10-02T01:01:04.695736+02:00
295953578,de:11000:900152001:1:51,-0.6,2026-10-02T01:01:04.695736+02:00
295953578,de:11000:900152002:1:51,-0.2,2026-10-02T01:01:04.695736+02:00
295953578,de:11000:900171003:1:51,-0.9,2026-10-02T01:01:04.695736+02:00
295953578,de:11000:900171002:1:51,-0.9,2026-10-02T01:01:04.695736+02:00
295953578,de:11000:900160004:1:51,-0.3,2026-10-02T01:01:04.695736+02:00
295953578,de:11000:900160003:1:51,-0.4,2026-10-02T01:01:04.695736+02:00
295953578,de:11000:900120003:3:54,-0.6,2026-10-02T01:01:04.695736+02:00
295953578,de:11000:900120004:2:52,-0.1,2026-10-02T01:01:04.695736+02:00
306895467,de:12067:900311083::3,0.0,2026-10-02T01:01:04.695736+02:00
306895467,de:12067:900310775::1,0.0,2026-10-02T01:01:04.695736+02:00
306895467,de:12067:900311083::2,0.0,2026-10-02T01:01:04.695736+02:00
306895467,de:12067:900310814::2,0.0,2026-10-02T01:01:04.695736+02:00
306895467,de:12067:900310628::2,0.0,2026-10-02T01:01:04.695736+02:00
306895467,de:12067:900310793::2,0.0,2026-10-02T01:01:04.695736+02:00
306895467,de:12067:900310774::1,0.0,2026-10-02T01:01:04.695736+02:00
306895467,de:12067:900310792::1,0.0,2026-10-02T01:01:04.695736+02:00
306895467,de:12067:900310825::1,0.0,2026-10-02T01:01:04.695736+02:00
306895467,de:12067:900310809::2,0.0,2026-10-02T01:01:04.695736+02:00
306895467,de:12067:900310787::2,0.0,2026-10-02T01:01:04.695736+02:00
306895467,de:12067:900310790::2,0.0,2026-10-02T01:01:04.695736+02:00
306895467,de:12067:900310788::2,0.0,2026-10-02T01:01:04.695736+02:00
306895467,de:12067:900310696::2,0.0,2026-10-02T01:01:04.695736+02:00
306895467,de:12067:900310001::11,0.0,2026-10-02T01:01:04.695736+02:00
306895467,de:12067:900310001::2,0.0,2026-10-02T01:01:04.695736+02:00
306895467,de:12067:900310816::1,0.0,2026-10-02T01:01:04.695736+02:00
306895467,de:12067:900310627::1,0.0,2026-10-02T01:01:04.695736+02:00
306895467,de:12067:900310781::1,0.0,2026-10-02T01:01:04.695736+02:00
306895467,de:12067:900310822::1,0.0,2026-10-02T01:01:04.695736+02:00
306895467,de:12067:900310808::1,0.0,2026-10-02T01:01:04.695736+02:00
306895467,de:12067:900310794::1,0.0,2026-10-02T01:01:04.695736+02:00
306895467,de:12067:900310821::1,0.0,2026-10-02T01:01:04.695736+02:00
306895467,de:12067:900310806::1,0.0,2026-10-02T01:01:04.695736+02:00
306895467,de:12067:900310812::1,0.0,2026-10-02T01:01:04.695736+02:00
306895467,de:12067:900310770::1,0.0,2026-10-02T01:01:04.695736+02:00
306895467,de:12067:900310010::3,0.0,2026-10-02T01:01:04.695736+02:00
306895467,de:12067:900310880::1,0.0,2026-10-02T01:01:04.695736+02:00
306895467,de:12067:900310815::1,0.0,2026-10-02T01:01:04.695736+02:00
306895467,de:12067:900310807::1,0.0,2026-10-02T01:01:04.695736+02:00
295953540,de:11000:900151001:1:51,0.0,2026-10-02T01:01:04.695736+02:00
295953540,de:11000:900152001:1:51,-0.6,2026-10-02T01:01:04.695736+02:00
295953540,de:11000:900152002:1:51,-0.2,2026-10-02T01:01:04.695736+02:00
295953540,de:11000:900171003:1:51,-0.9,2026-10-02T01:01:04.695736+02:00
295953540,de:11000:900171002:1:51,-0.9,2026-10-02T01:01:04.695736+02:00
295953540,de:11000:900160004:1:51,-0.3,2026-10-02T01:01:04.695736+02:00
295953540,de:11000:900160003:1:51,-0.4,2026-10-02T01:01:04.695736+02:00
295953540,de:11000:900120003:3:55,-0.6,2026-10-02T01:01:04.695736+02:00
295953540,de:11000:900120004:2:53,-0.1,2026-10-02T01:01:04.695736+02:00
295953540,de:11000:900120005:5:57,-0.4,2026-10-02T01:01:04.695736+02:00
295956099,de:11000:900151001:1:50,0.0,2026-10-02T01:01:04.695736+02:00
295956099,de:11000:900152001:1:51,-0.6,2026-10-02T01:01:04.695736+02:00
295956099,de:11000:900152002:1:51,-0.2,2026-10-02T01:01:04.695736+02:00
295956099,de:11000:900171003:1:51,-0.9,2026-10-02T01:01:04.695736+02:00
295956099,de:11000:900171002:1:51,-0.9,2026-10-02T01:01:04.695736+02:00
295956099,de:11000:900160004:1:51,-0.3,2026-10-02T01:01:04.695736+02:00
295956099,de:11000:900160003:1:51,-0.4,2026-10-02T01:01:04.695736+02:00
295956099,de:11000:900120003:3:54,-0.6,2026-10-02T01:01:04.695736+02:00
295956099,de:11000:900120004:2:52,-0.1,2026-10-02T01:01:04.695736+02:00
295949464,de:12054:900230999:3:55,0.0,2026-10-02T01:01:04.695736+02:00
295949464,de:12054:900230000:1:50,-0.3,2026-10-02T01:01:04.695736+02:00
295949464,de:12054:900230003:1:54,-0.3,2026-10-02T01:01:04.695736+02:00
295949464,de:11000:900053301:2:53,-0.4,2026-10-02T01:01:04.695736+02:00
295949464,de:11000:900052201:2:53,-0.7,2026-10-02T01:01:04.695736+02:00
295949464,de:11000:900048101:2:53,-0.9,2026-10-02T01:01:04.695736+02:00
295949464,de:11000:900024102:2:53,-0.9,2026-10-02T01:01:04.695736+02:00
295949464,de:11000:900024101:3:55,-0.3,2026-10-02T01:01:04.695736+02:00
295949464,de:11000:900024203:1:51,-0.3,2026-10-02T01:01:04.695736+02:00
295949464,de:11000:900023201:3:54,-0.2,2026-10-02T01:01:04.695736+02:00
295949464,de:11000:900003103:1:50,-0.3,2026-10-02T01:01:04.695736+02:00
295949464,de:11000:900003102:1:50,-0.4,2026-10-02T01:01:04.695736+02:00
295949464,de:11000:900003201:3:54,0.0,2026-10-02T01:01:04.695736+02:00
295949464,de:11000:900100001:3:54,-0.6,2026-10-02T01:01:04.695736+02:00
295949464,de:11000:900100002:1:50,-0.9,2026-10-02T01:01:04.695736+02:00
295949464,de:11000:900100003:2:52,-0.6,2026-10-02T01:01:04.695736+02:00
295949464,de:11000:900100004:1:50,-0.9,2026-10-02T01:01:04.695736+02:00
295949464,de:11000:900120005:4:55,-0.1,2026-10-02T01:01:04.695736+02:00
295949464,de:11000:900120004:1:50,-0.6,2026-10-02T01:01:04.695736+02:00
295949464,de:11000:900120003:2:53,-0.9,2026-10-02T01:01:04.695736+02:00
295949464,de:11000:900160003:1:50,-0.2,2026-10-02T01:01:04.695736+02:00
295949464,de:11000:900160004:1:50,-0.2,2026-10-02T01:01:04.695736+02:00
295949464,de:11000:900171002:1:50,-0.7,2026-10-02T01:01:04.695736+02:00
295949464,de:11000:900171003:1:50,-0.8,2026-10-02T01:01:04.695736+02:00
295949464,de:11000:900170005:1:50,-0.3,2026-10-02T01:01:04.695736+02:00
295949464,de:11000:900170001:1:50,-0.1,2026-10-02T01:01:04.695736+02:00
295949464,de:11000:900170002:1:50,-0.9,2026-10-02T01:01:04.695736+02:00
295949464,de:11000:900170003:1:50,-0.7,2026-10-02T01:01:04.695736+02:00
295949464,de:11000:900170004:2:52,-0.9,2026-10-02T01:01:04.695736+02:00
295956026,de:11000:900120004:1:51,0.0,2026-10-02T01:01:04.695736+02:00
295956026,de:11000:900120003:2:52,-0.9,2026-10-02T01:01:04.695736+02:00
295956026,de:11000:900160003:1:50,-0.2,2026-10-02T01:01:04.695736+02:00
295956026,de:11000:900160004:1:50,-0.2,2026-10-02T01:01:04.695736+02:00
295956026,de:11000:900171002:1:50,-0.7,2026-10-02T01:01:04.695736+02:00
295956026,de:11000:900171003:1:50,-0.8,2026-10-02T01:01:04.695736+02:00
295956026,de:11000:900152002:1:50,-0.4,2026-10-02T01:01:04.695736+02:00
295956026,de:11000:900152001:1:50,-0.6,2026-10-02T01:01:04.695736+02:00
295956026,de:11000:900151001:1:50,-0.9,2026-10-02T01:01:04.695736+02:00
295956080,de:11000:900151001:1:50,0.0,2026-10-02T01:01:04.695736+02:00
295956080,de:11000:900152001:1:51,-0.6,2026-10-02T01:01:04.695736+02:00
295956080,de:11000:900152002:1:51,-0.2,2026-10-02T01:01:04.695736+02:00
295956080,de:11000:900171003:1:51,-0.9,2026-10-02T01:01:04.695736+02:00
295956080,de:11000:900171002:1:51,-0.9,2026-10-02T01:01:04.695736+02:00
295956080,de:11000:900160004:1:51,-0.3,2026-10-02T01:01:04.695736+02:00
295956080,de:11000:900160003:1:51,-0.4,2026-10-02T01:01:04.695736+02:00
295956080,de:11000:900120003:3:54,-0.6,2026-10-02T01:01:04.695736+02:00
295956080,de:11000:900120004:2:52,-0.1,2026-10-02T01:01:04.695736+02:00
295956071,de:11000:900151001:1:50,0.0,2026-10-02T01:01:04.695736+02:00
295956071,de:11000:900152001:1:51,-0.6,2026-10-02T01:01:04.695736+02:00
295956071,de:11000:900152002:1:51,-0.2,2026-10-02T01:01:04.695736+02:00
295956071,de:11000:900171003:1:51,-0.9,2026-10-02T01:01:04.695736+02:00
295956071,de:11000:900171002:1:51,-0.9,2026-10-02T01:01:04.695736+02:00
295956071,de:11000:900160004:1:51,-0.3,2026-10-02T01:01:04.695736+02:00
295956071,de:11000:900160003:1:51,-0.4,2026-10-02T01:01:04.695736+02:00
295956071,de:11000:900120003:3:54,-0.6,2026-10-02T01:01:04.695736+02:00
295956071,de:11000:900120004:2:52,-0.1,2026-10-02T01:01:04.695736+02:00
295956000,de:11000:900120004:1:51,0.0,2026-10-02T01:01:04.695736+02:00
295956000,de:11000:900120003:2:52,-0.9,2026-10-02T01:01:04.695736+02:00
295956000,de:11000:900160003:1:50,-0.2,2026-10-02T01:01:04.695736+02:00
295956000,de:11000:900160004:1:50,-0.2,2026-10-02T01:01:04.695736+02:00
295956000,de:11000:900171002:1:50,-0.7,2026-10-02T01:01:04.695736+02:00
295956000,de:11000:900171003:1:50,-0.8,2026-10-02T01:01:04.695736+02:00
295956000,de:11000:900152002:1:50,-0.4,2026-10-02T01:01:04.695736+02:00
295956000,de:11000:900152001:1:50,-0.6,2026-10-02T01:01:04.695736+02:00
295956000,de:11000:900151001:1:50,-0.9,2026-10-02T01:01:04.695736+02:00
307436064,de:12066:900435000:2:53,0.0,2026-10-02T01:01:04.695736+02:00
307436064,de:12066:900435001:2:51,0.0,2026-10-02T01:01:04.695736+02:00
307436064,de:12066:900435339:1:50,0.0,2026-10-02T01:01:04.695736+02:00
307436064,de:12066:900435209:1:50,0.0,2026-10-02T01:01:04.695736+02:00
307436064,de:12066:900435818:1:50,0.0,2026-10-02T01:01:04.695736+02:00
307436064,de:12066:900435459:1:50,0.0,2026-10-02T01:01:04.695736+02:00
307436064,de:12066:900435602:2:51,0.0,2026-10-02T01:01:04.695736+02:00
307436064,de:12061:900261512:2:52,0.0,2026-10-02T01:01:04.695736+02:00
295949518,de:11000:900170004:2:52,0.0,2026-10-02T01:01:04.695736+02:00
295949518,de:11000:900170003:1:51,-0.3,2026-10-02T01:01:04.695736+02:00
295949518,de:11000:900170002:1:51,-0.1,2026-10-02T01:01:04.695736+02:00
295949518,de:11000:900170001:1:51,-0.9,2026-10-02T01:01:04.695736+02:00
295949518,de:11000:900170005:1:51,-0.7,2026-10-02T01:01:04.695736+02:00
295949518,de:11000:900171003:1:51,-0.6,2026-10-02T01:01:04.695736+02:00
295949518,de:11000:900171002:1:51,-0.9,2026-10-02T01:01:04.695736+02:00
295949518,de:11000:900160004:1:51,-0.3,2026-10-02T01:01:04.695736+02:00
295949518,de:11000:900160003:1:51,-0.4,2026-10-02T01:01:04.695736+02:00
295949518,de:11000:900120003:3:55,-0.6,2026-10-02T01:01:04.695736+02:00
295949518,de:11000:900120004:2:53,-0.1,2026-10-02T01:01:04.695736+02:00
295949518,de:11000:900120005:5:58,-0.4,2026-10-02T01:01:04.695736+02:00
295949518,de:11000:900100004:1:51,-0.9,2026-10-02T01:01:04.695736+02:00
295949518,de:11000:900100003:2:53,-0.9,2026-10-02T01:01:04.695736+02:00
295949518,de:11000:900100002:1:51,-0.9,2026-10-02T01:01:04.695736+02:00
295949518,de:11000:900100001:3:55,-0.9,2026-10-02T01:01:04.695736+02:00
295949518,de:11000:900003201:3:55,-0.6,2026-10-02T01:01:04.695736+02:00
295949518,de:11000:900003102:1:51,-0.3,2026-10-02T01:01:04.695736+02:00
295949518,de:11000:900003103:1:51,-0.4,2026-10-02T01:01:04.695736+02:00
295949518,de:11000:900023201:3:55,-0.3,2026-10-02T01:01:04.695736+02:00
295949518,de:11000:900024203:1:51,-0.3,2026-10-02T01:01:04.695736+02:00
295949518,de:11000:900024101:4:57,-0.3,2026-10-02T01:01:04.695736+02:00
295949518,de:11000:900024102:1:50,-0.6,2026-10-02T01:01:04.695736+02:00
295949518,de:11000:900048101:1:50,-0.8,2026-10-02T01:01:04.695736+02:00
295949518,de:11000:900052201:2:52,0.0,2026-10-02T01:01:04.695736+02:00
295949518,de:11000:900053301:1:50,-0.4,2026-10-02T01:01:04.695736+02:00
295949518,de:12054:900230003:1:50,-0.4,2026-10-02T01:01:04.695736+02:00
295949518,de:12054:900230000:1:51,-0.4,2026-10-02T01:01:04.695736+02:00
295949518,de:12054:900230999:3:54,-0.9,2026-10-02T01:01:04.695736+02:00
306895477,de:12067:900310807::1,0.0,2026-10-02T01:01:04.695736+02:00
306895477,de:12067:900310815::2,0.0,2026-10-02T01:01:04.695736+02:00
306895477,de:12067:900310880::2,0.0,2026-10-02T01:01:04.695736+02:00
306895477,de:12067:900310010::2,0.0,2026-10-02T01:01:04.695736+02:00
306895477,de:12067:900310770::2,0.0,2026-10-02T01:01:04.695736+02:00
306895477,de:12067:900310812::2,0.0,2026-10-02T01:01:04.695736+02:00
306895477,de:12067:900310806::2,0.0,2026-10-02T01:01:04.695736+02:00
306895477,de:12067:900310821::2,0.0,2026-10-02T01:01:04.695736+02:00
306895477,de:12067:900310794::2,0.0,2026-10-02T01:01:04.695736+02:00
306895477,de:12067:900310808::2,0.0,2026-10-02T01:01:04.695736+02:00
306895477,de:12067:900310822::2,0.0,2026-10-02T01:01:04.695736+02:00
306895477,de:12067:900310781::2,0.0,2026-10-02T01:01:04.695736+02:00
306895477,de:12067:900310627::2,0.0,2026-10-02T01:01:04.695736+02:00
306895477,de:12067:900310816::2,0.0,2026-10-02T01:01:04.695736+02:00
306895477,de:12067:900310022::1,0.0,2026-10-02T01:01:04.695736+02:00
306895477,de:12067:900310001::11,0.0,2026-10-02T01:01:04.695736+02:00
306895477,de:12067:900310001::1,0.0,2026-10-02T01:01:04.695736+02:00
306895477,de:12067:900310696::1,0.0,2026-10-02T01:01:04.695736+02:00
306895477,de:12067:900310788::1,0.0,2026-10-02T01:01:04.695736+02:00
306895477,de:12067:900310790::1,0.0,2026-10-02T01:01:04.695736+02:00
306895477,de:12067:900310787::1,0.0,2026-10-02T01:01:04.695736+02:00
306895477,de:12067:900310809::1,0.0,2026-10-02T01:01:04.695736+02:00
306895477,de:12067:900310825::1,0.0,2026-10-02T01:01:04.695736+02:00
306895477,de:12067:900310792::2,0.0,2026-10-02T01:01:04.695736+02:00
306895477,de:12067:900310774::2,0.0,2026-10-02T01:01:04.695736+02:00
306895477,de:12067:900310793::1,0.0,2026-10-02T01:01:04.695736+02:00
306895477,de:12067:900310628::1,0.0,2026-10-02T01:01:04.695736+02:00
306895477,de:12067:900310814::1,0.0,2026-10-02T01:01:04.695736+02:00
306895477,de:12067:900311083::3,0.0,2026-10-02T01:01:04.695736+02:00
306895533,de:12067:900311083::3,0.0,2026-10-02T01:01:04.695736+02:00
306895533,de:12067:900310775::1,0.0,2026-10-02T01:01:04.695736+02:00
306895533,de:12067:900311083::2,0.0,2026-10-02T01:01:04.695736+02:00
306895533,de:12067:900310814::2,0.0,2026-10-02T01:01:04.695736+02:00
306895533,de:12067:900310804::2,0.0,2026-10-02T01:01:04.695736+02:00
306895533,de:12067:900311150::2,0.0,2026-10-02T01:01:04.695736+02:00
306895533,de:12067:900311135::2,0.0,2026-10-02T01:01:04.695736+02:00
306895533,de:12067:900311149::2,0.0,2026-10-02T01:01:04.695736+02:00
306895533,de:12067:900310001::11,0.0,2026-10-02T01:01:04.695736+02:00
306895533,de:12067:900310001::2,0.0,2026-10-02T01:01:04.695736+02:00
306895533,de:12067:900310816::1,0.0,2026-10-02T01:01:04.695736+02:00
306895533,de:12067:900310627::1,0.0,2026-10-02T01:01:04.695736+02:00
306895533,de:12067:900311151::1,0.0,2026-10-02T01:01:04.695736+02:00
306895533,de:12067:900311152::1,0.0,2026-10-02T01:01:04.695736+02:00
306895533,de:12067:900310823::1,0.0,2026-10-02T01:01:04.695736+02:00
306895533,de:12067:900310773::1,0.0,2026-10-02T01:01:04.695736+02:00
306895533,de:12067:900311109::1,0.0,2026-10-02T01:01:04.695736+02:00
306895533,de:12067:900310782::1,0.0,2026-10-02T01:01:04.695736+02:00
306895533,de:12067:900310010::2,0.0,2026-10-02T01:01:04.695736+02:00
306895533,de:12067:900310770::2,0.0,2026-10-02T01:01:04.695736+02:00
306895533,de:12067:900310695::2,0.0,2026-10-02T01:01:04.695736+02:00
306895533,de:12067:900311153::1,0.0,2026-10-02T01:01:04.695736+02:00
306895533,de:12067:900310769::1,0.0,2026-10-02T01:01:04.695736+02:00
306895533,de:12067:900310810::2,0.0,2026-10-02T01:01:04.695736+02:00
306895533,de:12067:900310980::1,0.0,2026-10-02T01:01:04.695736+02:00
295963618,de:11000:900092201:1:51,0.0,2026-10-02T01:01:04.695736+02:00
295963618,de:11000:900093201:1:51,-0.4,2026-10-02T01:01:04.695736+02:00
295963618,de:11000:900094101:1:51,-0.3,2026-10-02T01:01:04.695736+02:00
295963618,de:11000:900096101:1:51,-0.1,2026-10-02T01:01:04.695736+02:00
295963618,de:11000:900084101:1:51,-0.2,2026-10-02T01:01:04.695736+02:00
295963618,de:11000:900085201:1:51,-0.8,2026-10-02T01:01:04.695736+02:00
295963618,de:11000:900130003:1:51,-0.8,2026-10-02T01:01:04.695736+02:00
295963618,de:11000:900110011:1:50,-0.9,2026-10-02T01:01:04.695736+02:00
295963618,de:11000:900110001:1:50,-0.2,2026-10-02T01:01:04.695736+02:00
295963618,de:11000:900110002:1:50,-0.9,2026-10-02T01:01:04.695736+02:00
295963618,de:11000:900110003:1:50,-0.9,2026-10-02T01:01:04.695736+02:00
295963618,de:11000:900110004:1:50,-0.3,2026-10-02T01:01:04.695736+02:00
295963618,de:11000:900110012:1:50,-0.2,2026-10-02T01:01:04.695736+02:00
295963618,de:11000:900120001:1:50,-0.2,2026-10-02T01:01:04.695736+02:00
295963618,de:11000:900120003:5:58,-0.6,2026-10-02T01:01:04.695736+02:00
295963618,de:11000:900190001:1:51,-0.1,2026-10-02T01:01:04.695736+02:00
295963618,de:11000:900191002:1:50,0.0,2026-10-02T01:01:04.695736+02:00
295963618,de:11000:900191001:2:52,-0.4,2026-10-02T01:01:04.695736+02:00
295963618,de:11000:900192001:2:52,-0.2,2026-10-02T01:01:04.695736+02:00
295963618,de:11000:900193001:1:50,-0.7,2026-10-02T01:01:04.695736+02:00
295963618,de:11000:900193002:1:50,-0.3,2026-10-02T01:01:04.695736+02:00
295963618,de:11000:900195510:1:51,-0.7,2026-10-02T01:01:04.695736+02:00
295963618,de:11000:900196001:1:50,-0.9,2026-10-02T01:01:04.695736+02:00
295963618,de:12061:900260005:3:54,-0.7,2026-10-02T01:01:04.695736+02:00
295963618,de:12061:900260080:1:50,0.0,2026-10-02T01:01:04.695736+02:00
295963618,de:12061:900260009:3:56,-0.2,2026-10-02T01:01:04.695736+02:00
295963742,de:12061:900260009:3:56,0.0,2026-10-02T01:01:04.695736+02:00
295963742,de:12061:900260080:1:51,-0.7,2026-10-02T01:01:04.695736+02:00
295963742,de:12061:900260005:3:55,0.0,2026-10-02T01:01:04.695736+02:00
295963742,de:11000:900196001:1:51,0.0,2026-10-02T01:01:04.695736+02:00
295963742,de:11000:900195510:1:50,-0.4,2026-10-02T01:01:04.695736+02:00
295963742,de:11000:900193002:1:51,-0.6,2026-10-02T01:01:04.695736+02:00
295963742,de:11000:900193001:2:51,-0.3,2026-10-02T01:01:04.695736+02:00
295963742,de:11000:900192001:3:55,-0.2,2026-10-02T01:01:04.695736+02:00
295963742,de:11000:900191001:1:50,-0.9,2026-10-02T01:01:04.695736+02:00
295963742,de:11000:900191002:1:51,-0.3,2026-10-02T01:01:04.695736+02:00
295963742,de:11000:900190001:2:53,-0.1,2026-10-02T01:01:04.695736+02:00
295963742,de:11000:900120003:5:59,-0.3,2026-10-02T01:01:04.695736+02:00
295963742,de:11000:900120001:1:51,-0.6,2026-10-02T01:01:04.695736+02:00
295963742,de:11000:900110012:1:51,-0.8,2026-10-02T01:01:04.695736+02:00
295963742,de:11000:900110004:1:51,-0.7,2026-10-02T01:01:04.695736+02:00
295963742,de:11000:900110003:1:51,0.0,2026-10-02T01:01:04.695736+02:00
295963742,de:11000:900110002:1:51,0.0,2026-10-02T01:01:04.695736+02:00
295963742,de:11000:900110001:1:51,-0.7,2026-10-02T01:01:04.695736+02:00
295963742,de:11000:900110011:2:53,-0.4,2026-10-02T01:01:04.695736+02:00
295963742,de:11000:900085201:1:50,-0.8,2026-10-02T01:01:04.695736+02:00
295963742,de:11000:900084101:1:50,-0.7,2026-10-02T01:01:04.695736+02:00
295963742,de:11000:900096101:1:50,-0.8,2026-10-02T01:01:04.695736+02:00
295963742,de:11000:900094101:1:50,-0.3,2026-10-02T01:01:04.695736+02:00
295963742,de:11000:900093201:1:50,-0.4,2026-10-02T01:01:04.695736+02:00
295963742,de:11000:900092201:1:51,-0.2,2026-10-02T01:01:04.695736+02:00
295963728,de:12061:900260009:3:56,0.0,2026-10-02T01:01:04.695736+02:00
295963728,de:12061:900260080:1:51,-0.7,2026-10-02T01:01:04.695736+02:00
295963728,de:12061:900260005:3:55,0.0,2026-10-02T01:01:04.695736+02:00
295963728,de:11000:900196001:1:51,0.0,2026-10-02T01:01:04.695736+02:00
295963728,de:11000:900195510:1:50,-0.4,2026-10-02T01:01:04.695736+02:00
295963728,de:11000:900193002:1:51,-0.6,2026-10-02T01:01:04.695736+02:00
295963728,de:11000:900193001:2:51,-0.3,2026-10-02T01:01:04.695736+02:00
295963728,de:11000:900192001:3:55,-0.2,2026-10-02T01:01:04.695736+02:00
295963728,de:11000:900191001:1:50,-0.9,2026-10-02T01:01:04.695736+02:00
295963728,de:11000:900191002:1:51,-0.3,2026-10-02T01:01:04.695736+02:00
295963728,de:11000:900190001:2:53,-0.1,2026-10-02T01:01:04.695736+02:00
295963728,de:11000:900120003:5:59,-0.3,2026-10-02T01:01:04.695736+02:00
295963728,de:11000:900120001:1:51,-0.6,2026-10-02T01:01:04.695736+02:00
295963728,de:11000:900110012:1:51,-0.8,2026-10-02T01:01:04.695736+02:00
295963728,de:11000:900110004:1:51,-0.7,2026-10-02T01:01:04.695736+02:00
295963728,de:11000:900110003:1:51,0.0,2026-10-02T01:01:04.695736+02:00
295963728,de:11000:900110002:1:51,0.0,2026-10-02T01:01:04.695736+02:00
295963728,de:11000:900110001:1:51,-0.7,2026-10-02T01:01:04.695736+02:00
295963728,de:11000:900110011:2:53,-0.4,2026-10-02T01:01:04.695736+02:00
295963728,de:11000:900085201:1:50,-0.8,2026-10-02T01:01:04.695736+02:00
295963728,de:11000:900084101:1:50,-0.7,2026-10-02T01:01:04.695736+02:00
295963728,de:11000:900096101:1:50,-0.8,2026-10-02T01:01:04.695736+02:00
295963728,de:11000:900094101:1:50,-0.3,2026-10-02T01:01:04.695736+02:00
295963728,de:11000:900093201:1:50,-0.4,2026-10-02T01:01:04.695736+02:00
295963728,de:11000:900092201:1:51,-0.2,2026-10-02T01:01:04.695736+02:00
295963599,de:11000:900092201:1:51,0.0,2026-10-02T01:01:04.695736+02:00
295963599,de:11000:900093201:1:51,-0.4,2026-10-02T01:01:04.695736+02:00
295963599,de:11000:900094101:1:51,-0.3,2026-10-02T01:01:04.695736+02:00
295963599,de:11000:900096101:1:51,-0.1,2026-10-02T01:01:04.695736+02:00
295963599,de:11000:900084101:1:51,-0.2,2026-10-02T01:01:04.695736+02:00
295963599,de:11000:900085201:1:51,-0.8,2026-10-02T01:01:04.695736+02:00
295963599,de:11000:900130003:1:51,-0.8,2026-10-02T01:01:04.695736+02:00
295963599,de:11000:900110011:1:50,-0.9,2026-10-02T01:01:04.695736+02:00
295963599,de:11000:900110001:1:50,-0.2,2026-10-02T01:01:04.695736+02:00
295963599,de:11000:900110002:1:50,-0.9,2026-10-02T01:01:04.695736+02:00
295963599,de:11000:900110003:1:50,-0.9,2026-10-02T01:01:04.695736+02:00
295963599,de:11000:900110004:1:50,-0.3,2026-10-02T01:01:04.695736+02:00
295963599,de:11000:900110012:1:50,-0.2,2026-10-02T01:01:04.695736+02:00
295963599,de:11000:900120001:1:50,-0.2,2026-10-02T01:01:04.695736+02:00
295963599,de:11000:900120003:5:58,-0.6,2026-10-02T01:01:04.695736+02:00
295963599,de:11000:900190001:1:51,-0.1,2026-10-02T01:01:04.695736+02:00
295963599,de:11000:900191002:1:50,0.0,2026-10-02T01:01:04.695736+02:00
295963599,de:11000:900191001:2:52,-0.4,2026-10-02T01:01:04.695736+02:00
295963599,de:11000:900192001:2:52,-0.2,2026-10-02T01:01:04.695736+02:00
295963599,de:11000:900193001:1:50,-0.7,2026-10-02T01:01:04.695736+02:00
295963599,de:11000:900193002:1:50,-0.3,2026-10-02T01:01:04.695736+02:00
295963599,de:11000:900195510:1:51,-0.7,2026-10-02T01:01:04.695736+02:00
295963599,de:11000:900196001:1:50,-0.9,2026-10-02T01:01:04.695736+02:00
295963599,de:12061:900260005:3:54,-0.7,2026-10-02T01:01:04.695736+02:00
295963599,de:12061:900260080:1:50,0.0,2026-10-02T01:01:04.695736+02:00
295963599,de:12061:900260009:3:56,-0.2,2026-10-02T01:01:04.695736+02:00
295963624,de:11000:900094101:1:51,0.0,2026-10-02T01:01:04.695736+02:00
295963624,de:11000:900096101:1:51,-0.1,2026-10-02T01:01:04.695736+02:00
295963624,de:11000:900084101:1:51,-0.2,2026-10-02T01:01:04.695736+02:00
295963624,de:11000:900085201:1:51,-0.8,2026-10-02T01:01:04.695736+02:00
295963624,de:11000:900130003:1:51,-0.8,2026-10-02T01:01:04.695736+02:00
295963624,de:11000:900110011:1:50,-0.9,2026-10-02T01:01:04.695736+02:00
295963624,de:11000:900110001:1:50,-0.2,2026-10-02T01:01:04.695736+02:00
295963624,de:11000:900110002:1:50,-0.9,2026-10-02T01:01:04.695736+02:00
295963624,de:11000:900110003:1:50,-0.9,2026-10-02T01:01:04.695736+02:00
295963624,de:11000:900110004:1:50,-0.3,2026-10-02T01:01:04.695736+02:00
295963624,de:11000:900110012:1:50,-0.2,2026-10-02T01:01:04.695736+02:00
295963624,de:11000:900120001:1:50,-0.2,2026-10-02T01:01:04.695736+02:00
295963624,de:11000:900120003:5:58,-0.6,2026-10-02T01:01:04.695736+02:00
295963624,de:11000:900190001:1:51,-0.1,2026-10-02T01:01:04.695736+02:00
295963624,de:11000:900191002:1:50,0.0,2026-10-02T01:01:04.695736+02:00
295963624,de:11000:900191001:2:52,-0.4,2026-10-02T01:01:04.695736+02:00
295963624,de:11000:900192001:2:52,-0.2,2026-10-02T01:01:04.695736+02:00
295963624,de:11000:900193001:1:50,-0.7,2026-10-02T01:01:04.695736+02:00
295963624,de:11000:900193002:1:50,-0.3,2026-10-02T01:01:04.695736+02:00
295963624,de:11000:900195510:1:51,-0.7,2026-10-02T01:01:04.695736+02:00
295963624,de:11000:900196001:1:50,-0.9,2026-10-02T01:01:04.695736+02:00
295963624,de:12061:900260005:3:54,-0.7,2026-10-02T01:01:04.695736+02:00
295963624,de:12061:900260080:1:50,0.0,2026-10-02T01:01:04.695736+02:00
295963624,de:12061:900260009:3:56,-0.2,2026-10-02T01:01:04.695736+02:00
295967963,de:12061:900260009:3:55,0.0,2026-10-02T01:01:04.695736+02:00
295967963,de:12061:900260080:1:51,-0.7,2026-10-02T01:01:04.695736+02:00
295967963,de:12061:900260005:3:55,0.0,2026-10-02T01:01:04.695736+02:00
295967963,de:11000:900196001:1:51,0.0,2026-10-02T01:01:04.695736+02:00
295967963,de:11000:900195510:1:50,-0.4,2026-10-02T01:01:04.695736+02:00
295967963,de:11000:900193002:1:51,-0.6,2026-10-02T01:01:04.695736+02:00
295967963,de:11000:900193001:2:51,-0.3,2026-10-02T01:01:04.695736+02:00
295967963,de:11000:900192001:3:55,-0.2,2026-10-02T01:01:04.695736+02:00
295967963,de:11000:900191001:1:50,0.0,2026-10-02T01:01:04.695736+02:00
295967963,de:11000:900191002:1:51,-0.7,2026-10-02T01:01:04.695736+02:00
295967963,de:11000:900190001:2:53,-0.4,2026-10-02T01:01:04.695736+02:00
295967963,de:11000:900120004:2:53,-0.9,2026-10-02T01:01:04.695736+02:00
295967963,de:11000:900120005:5:58,-0.1,2026-10-02T01:01:04.695736+02:00
295967963,de:11000:900100004:1:51,-0.4,2026-10-02T01:01:04.695736+02:00
295967963,de:11000:900100003:2:53,-0.4,2026-10-02T01:01:04.695736+02:00
295967963,de:11000:900100002:1:51,-0.4,2026-10-02T01:01:04.695736+02:00
295967963,de:11000:900100001:3:55,-0.4,2026-10-02T01:01:04.695736+02:00
295967963,de:11000:900003201:3:55,-0.1,2026-10-02T01:01:04.695736+02:00
295967963,de:11000:900003102:1:51,-0.8,2026-10-02T01:01:04.695736+02:00
295967963,de:11000:900003103:1:51,-0.9,2026-10-02T01:01:04.695736+02:00
295967963,de:11000:900023201:3:55,-0.8,2026-10-02T01:01:04.695736+02:00
295967963,de:11000:900024203:1:51,-0.8,2026-10-02T01:01:04.695736+02:00
295967963,de:11000:900024101:4:57,-0.8,2026-10-02T01:01:04.695736+02:00
295967963,de:11000:900024102:1:50,-0.1,2026-10-02T01:01:04.695736+02:00
295967963,de:11000:900025423:1:50,-0.4,2026-10-02T01:01:04.695736+02:00
295967963,de:11000:900026105:1:50,-0.7,2026-10-02T01:01:04.695736+02:00
295967963,de:11000:900025321:1:50,-0.3,2026-10-02T01:01:04.695736+02:00
295967963,de:11000:900025424:1:50,-0.3,2026-10-02T01:01:04.695736+02:00
295967963,de:11000:900030202:1:50,-0.9,2026-10-02T01:01:04.695736+02:00
295967963,de:11000:900029101:1:51,-0.9,2026-10-02T01:01:04.695736+02:00
295967954,de:12061:900260009:3:55,0.0,2026-10-02T01:01:04.695736+02:00
295967954,de:12061:900260080:1:51,-0.7,2026-10-02T01:01:04.695736+02:00
295967954,de:12061:900260005:3:55,0.0,2026-10-02T01:01:04.695736+02:00
295967954,de:11000:900196001:1:51,0.0,2026-10-02T01:01:04.695736+02:00
295967954,de:11000:900195510:1:50,-0.4,2026-10-02T01:01:04.695736+02:00
295967954,de:11000:900193002:1:51,-0.6,2026-10-02T01:01:04.695736+02:00
295967954,de:11000:900193001:2:51,-0.3,2026-10-02T01:01:04.695736+02:00
295967954,de:11000:900192001:3:55,-0.2,2026-10-02T01:01:04.695736+02:00
295967954,de:11000:900191001:1:50,0.0,2026-10-02T01:01:04.695736+02:00
295967954,de:11000:900191002:1:51,-0.7,2026-10-02T01:01:04.695736+02:00
295967954,de:11000:900190001:2:53,-0.4,2026-10-02T01:01:04.695736+02:00
295967954,de:11000:900120004:2:53,-0.9,2026-10-02T01:01:04.695736+02:00
295967954,de:11000:900120005:5:58,-0.1,2026-10-02T01:01:04.695736+02:00
295967954,de:11000:900100004:1:51,-0.4,2026-10-02T01:01:04.695736+02:00
295967954,de:11000:900100003:2:53,-0.4,2026-10-02T01:01:04.695736+02:00
295967954,de:11000:900100002:1:51,-0.4,2026-10-02T01:01:04.695736+02:00
295967954,de:11000:900100001:3:55,-0.4,2026-10-02T01:01:04.695736+02:00
295967954,de:11000:900003201:3:55,-0.1,2026-10-02T01:01:04.695736+02:00
295967954,de:11000:900003102:1:51,-0.8,2026-10-02T01:01:04.695736+02:00
295967954,de:11000:900003103:1:51,-0.9,2026-10-02T01:01:04.695736+02:00
295967954,de:11000:900023201:3:55,-0.8,2026-10-02T01:01:04.695736+02:00
295967954,de:11000:900024203:1:51,-0.8,2026-10-02T01:01:04.695736+02:00
295967954,de:11000:900024101:4:57,-0.8,2026-10-02T01:01:04.695736+02:00
295967954,de:11000:900024102:1:50,-0.1,2026-10-02T01:01:04.695736+02:00
295967954,de:11000:900025423:1:50,-0.4,2026-10-02T01:01:04.695736+02:00
295967954,de:11000:900026105:1:50,-0.7,2026-10-02T01:01:04.695736+02:00
295967954,de:11000:900025321:1:50,-0.3,2026-10-02T01:01:04.695736+02:00
295967954,de:11000:900025424:1:50,-0.3,2026-10-02T01:01:04.695736+02:00
295967954,de:11000:900030202:1:50,-0.9,2026-10-02T01:01:04.695736+02:00
295967954,de:11000:900029101:1:51,-0.9,2026-10-02T01:01:04.695736+02:00
307434555,de:12052:900470000:2:52,0.0,2026-10-02T01:01:04.695736+02:00
307434555,de:12071:900445884:1:50,0.0,2026-10-02T01:01:04.695736+02:00
307434555,de:12066:900435884:1:50,0.0,2026-10-02T01:01:04.695736+02:00
307434555,de:12066:900435697:1:50,0.0,2026-10-02T01:01:04.695736+02:00
307434555,de:12066:900435602:1:50,0.0,2026-10-02T01:01:04.695736+02:00
307434555,de:12061:900261512:1:50,0.0,2026-10-02T01:01:04.695736+02:00
307434555,de:12061:900260019:1:50,0.0,2026-10-02T01:01:04.695736+02:00
307434555,de:12061:900260611:2:51,0.0,2026-10-02T01:01:04.695736+02:00
307435161,de:12061:900260005:1:50,0.0,2026-10-02T01:01:04.695736+02:00
307435161,de:11000:900192001:1:51,0.0,2026-10-02T01:01:04.695736+02:00
306895687,de:12067:900310807::1,0.0,2026-10-02T01:01:04.695736+02:00
306895687,de:12067:900310815::2,0.0,2026-10-02T01:01:04.695736+02:00
306895687,de:12067:900310880::2,0.0,2026-10-02T01:01:04.695736+02:00
306895687,de:12067:900310010::2,0.0,2026-10-02T01:01:04.695736+02:00
306895687,de:12067:900310770::2,0.0,2026-10-02T01:01:04.695736+02:00
306895687,de:12067:900310812::2,0.0,2026-10-02T01:01:04.695736+02:00
306895687,de:12067:900310630::2,0.0,2026-10-02T01:01:04.695736+02:00
306895687,de:12067:900310811::2,0.0,2026-10-02T01:01:04.695736+02:00
306895687,de:12067:900310771::2,0.0,2026-10-02T01:01:04.695736+02:00
306895687,de:12067:900310822::2,0.0,2026-10-02T01:01:04.695736+02:00
306895687,de:12067:900310781::2,0.0,2026-10-02T01:01:04.695736+02:00
306895687,de:12067:900310627::2,-0.5,2026-10-02T01:01:04.695736+02:00
306895687,de:12067:900310816::2,0.0,2026-10-02T01:01:04.695736+02:00
306895687,de:12067:900310022::1,0.0,2026-10-02T01:01:04.695736+02:00
306895687,de:12067:900310001::11,0.0,2026-10-02T01:01:04.695736+02:00
306895687,de:12067:900310001::1,0.0,2026-10-02T01:01:04.695736+02:00
306895687,de:12067:900311149::1,0.0,2026-10-02T01:01:04.695736+02:00
306895687,de:12067:900311135::1,0.0,2026-10-02T01:01:04.695736+02:00
306895687,de:12067:900311150::1,0.0,2026-10-02T01:01:04.695736+02:00
306895687,de:12067:900310804::1,0.0,2026-10-02T01:01:04.695736+02:00
306895687,de:12067:900310814::1,0.0,2026-10-02T01:01:04.695736+02:00
306895687,de:12067:900311083::3,0.0,2026-10-02T01:01:04.695736+02:00
306052006,de:12064:900321742::4,0.0,2026-10-02T01:01:04.695736+02:00
306052006,de:12064:900321751::1,0.0,2026-10-02T01:01:04.695736+02:00
306052006,de:12064:900321380::1,0.0,2026-10-02T01:01:04.695736+02:00
306052006,de:12064:900321381::2,0.0,2026-10-02T01:01:04.695736+02:00
306052006,de:12064:900321833::1,0.0,2026-10-02T01:01:04.695736+02:00
306052006,de:12064:900321490::1,0.0,2026-10-02T01:01:04.695736+02:00
306052006,de:12064:900321491::1,0.0,2026-10-02T01:01:04.695736+02:00
306052006,de:12064:900321492::1,0.0,2026-10-02T01:01:04.695736+02:00
306052006,de:12064:900320218::1,0.0,2026-10-02T01:01:04.695736+02:00
306052006,de:12064:900320225::1,0.0,2026-10-02T01:01:04.695736+02:00
306052006,de:12064:900320226::2,0.0,2026-10-02T01:01:04.695736+02:00
306052006,de:12064:900320228::1,0.0,2026-10-02T01:01:04.695736+02:00
306046686,de:12064:900320008::4,0.0,2026-10-02T01:01:04.695736+02:00
306046686,de:12064:900320047::1,0.0,2026-10-02T01:01:04.695736+02:00
306046686,de:12064:900320041::1,0.0,2026-10-02T01:01:04.695736+02:00
306046686,de:12064:900320042::1,0.0,2026-10-02T01:01:04.695736+02:00
306046686,de:12064:900320043::1,0.0,2026-10-02T01:01:04.695736+02:00
306046686,de:12064:900320044::1,0.0,2026-10-02T01:01:04.695736+02:00
306046686,de:12064:900320045::1,0.0,2026-10-02T01:01:04.695736+02:00
306046686,de:12064:900320048::1,0.0,2026-10-02T01:01:04.695736+02:00
306046686,de:12064:900320046::1,0.0,2026-10-02T01:01:04.695736+02:00
306046686,de:12064:900320008::1,0.0,2026-10-02T01:01:04.695736+02:00
306052401,de:12064:900321742::3,0.0,2026-10-02T01:01:04.695736+02:00
306052401,de:12064:900321744::1,0.0,2026-10-02T01:01:04.695736+02:00
306052401,de:12064:900321444::1,0.0,2026-10-02T01:01:04.695736+02:00
306052401,de:12064:900321443::1,0.0,2026-10-02T01:01:04.695736+02:00
306052401,de:12064:900321445::1,0.0,2026-10-02T01:01:04.695736+02:00
306052401,de:12064:900321677::1,0.0,2026-10-02T01:01:04.695736+02:00
306052401,de:12064:900321679::1,0.0,2026-10-02T01:01:04.695736+02:00
306052401,de:12064:900321626::1,0.0,2026-10-02T01:01:04.695736+02:00
306052401,de:12064:900321625::1,0.0,2026-10-02T01:01:04.695736+02:00
306052401,de:12064:900321629::1,0.0,2026-10-02T01:01:04.695736+02:00
306052401,de:12064:900321627::1,0.0,2026-10-02T01:01:04.695736+02:00
306052401,de:12064:900321629::2,0.0,2026-10-02T01:01:04.695736+02:00
306052401,de:12064:900321625::2,0.0,2026-10-02T01:01:04.695736+02:00
306052401,de:12064:900321340::1,0.0,2026-10-02T01:01:04.695736+02:00
306052401,de:12064:900321602::1,0.0,2026-10-02T01:01:04.695736+02:00
306052401,de:12064:900321512::1,0.0,2026-10-02T01:01:04.695736+02:00
306052401,de:12064:900321511::1,0.0,2026-10-02T01:01:04.695736+02:00
306052401,de:12064:900321512::2,0.0,2026-10-02T01:01:04.695736+02:00
306052401,de:12064:900321549::2,0.0,2026-10-02T01:01:04.695736+02:00
306052401,de:12064:900321540::2,0.0,2026-10-02T01:01:04.695736+02:00
306052401,de:12064:900321541::1,0.0,2026-10-02T01:01:04.695736+02:00
306052401,de:12064:900321545::1,0.0,2026-10-02T01:01:04.695736+02:00
306052401,de:12064:900321544::1,0.0,2026-10-02T01:01:04.695736+02:00
306052401,de:12064:900321711::1,0.0,2026-10-02T01:01:04.695736+02:00
306052401,de:12064:900321710::1,0.0,2026-10-02T01:01:04.695736+02:00
306052401,de:12064:900321763::1,0.0,2026-10-02T01:01:04.695736+02:00
306052401,de:12064:900321764::1,0.0,2026-10-02T01:01:04.695736+02:00
306052401,de:12064:900321765::1,0.0,2026-10-02T01:01:04.695736+02:00
306052394,de:12064:900321516::1,0.0,2026-10-02T01:01:04.695736+02:00
306052394,de:12064:900321612::2,0.0,2026-10-02T01:01:04.695736+02:00
306052394,de:12064:900321118::2,0.0,2026-10-02T01:01:04.695736+02:00
306052394,de:12064:900321611::2,0.0,2026-10-02T01:01:04.695736+02:00
306052394,de:12064:900321610::2,0.0,2026-10-02T01:01:04.695736+02:00
306052394,de:12064:900321424::2,0.0,2026-10-02T01:01:04.695736+02:00
306052394,de:12064:900321427::2,0.0,2026-10-02T01:01:04.695736+02:00
306052394,de:12064:900321426::2,0.0,2026-10-02T01:01:04.695736+02:00
306052394,de:12064:900321423::2,0.0,2026-10-02T01:01:04.695736+02:00
306052394,de:12064:900321652::1,0.0,2026-10-02T01:01:04.695736+02:00
306052394,de:12064:900321650::2,0.0,2026-10-02T01:01:04.695736+02:00
306052394,de:12064:900321441::2,0.0,2026-10-02T01:01:04.695736+02:00
306052394,de:12064:900321514::1,0.0,2026-10-02T01:01:04.695736+02:00
306052394,de:12064:900321515::1,0.0,2026-10-02T01:01:04.695736+02:00
306052394,de:12064:900321762::1,0.0,2026-10-02T01:01:04.695736+02:00
306052394,de:12064:900321543::1,0.0,2026-10-02T01:01:04.695736+02:00
306052394,de:12064:900321545::2,0.0,2026-10-02T01:01:04.695736+02:00
306897268,de:12067:900311308::5,0.0,2026-10-02T01:01:04.695736+02:00
306897268,de:12067:900311380::1,0.0,2026-10-02T01:01:04.695736+02:00
306897268,de:12067:900311348::1,0.0,2026-10-02T01:01:04.695736+02:00
306897268,de:12067:900311315::1,0.0,2026-10-02T01:01:04.695736+02:00
306897268,de:12067:900311383::2,0.0,2026-10-02T01:01:04.695736+02:00
306897268,de:12067:900311305::1,0.0,2026-10-02T01:01:04.695736+02:00
306897268,de:12067:900311320::1,0.0,2026-10-02T01:01:04.695736+02:00
306897268,de:12067:900311357::1,0.0,2026-10-02T01:01:04.695736+02:00
306897268,de:12067:900311402::2,0.0,2026-10-02T01:01:04.695736+02:00
306897268,de:12067:900311405::1,0.0,2026-10-02T01:01:04.695736+02:00
306897268,de:12067:900311405::1,-8.0,2026-10-02T01:01:04.695736+02:00
306897268,de:12067:900311443::1,0.0,2026-10-02T01:01:04.695736+02:00
306897268,de:12067:900311405::1,8.0,2026-10-02T01:01:04.695736+02:00
306897268,de:12067:900311405::1,0.0,2026-10-02T01:01:04.695736+02:00
306897268,de:12067:900311227::2,0.0,2026-10-02T01:01:04.695736+02:00
306897268,de:12067:900311229::1,0.0,2026-10-02T01:01:04.695736+02:00
306897268,de:12067:900311239::1,0.0,2026-10-02T01:01:04.695736+02:00
306897268,de:12067:900311228::1,0.0,2026-10-02T01:01:04.695736+02:00
306897268,de:12067:900311269::1,0.0,2026-10-02T01:01:04.695736+02:00
306897268,de:12067:900310858::1,0.0,2026-10-02T01:01:04.695736+02:00
306897268,de:12067:900310060::2,0.0,2026-10-02T01:01:04.695736+02:00
306897268,de:12067:900310858::3,0.0,2026-10-02T01:01:04.695736+02:00
306897268,de:12067:900310935::1,0.0,2026-10-02T01:01:04.695736+02:00
306897268,de:12067:900311483::1,0.0,2026-10-02T01:01:04.695736+02:00
306897268,de:12067:900311480::1,0.0,2026-10-02T01:01:04.695736+02:00
306897268,de:12067:900311482::3,0.0,2026-10-02T01:01:04.695736+02:00
295879434,de:11000:900053301:2:52,0.0,2026-10-02T01:01:04.695736+02:00
295879434,de:11000:900052201:1:51,0.0,2026-10-02T01:01:04.695736+02:00
295879434,de:11000:900050355:1:51,-0.3,2026-10-02T01:01:04.695736+02:00
295879434,de:11000:900050301:1:51,-0.4,2026-10-02T01:01:04.695736+02:00
295879434,de:11000:900049201:1:51,0.0,2026-10-02T01:01:04.695736+02:00
295879434,de:11000:900049202:1:51,0.0,2026-10-02T01:01:04.695736+02:00
295879434,de:11000:900066101:1:51,-0.3,2026-10-02T01:01:04.695736+02:00
295879434,de:11000:900066102:1:51,-0.2,2026-10-02T01:01:04.695736+02:00
295879434,de:11000:900062202:1:51,-0.2,2026-10-02T01:01:04.695736+02:00
295879434,de:11000:900063101:1:51,-0.2,2026-10-02T01:01:04.695736+02:00
295879434,de:11000:900060101:1:51,-0.9,2026-10-02T01:01:04.695736+02:00
295879434,de:11000:900054104:1:51,-0.9,2026-10-02T01:01:04.695736+02:00
295879434,de:11000:900057104:1:50,-0.4,2026-10-02T01:01:04.695736+02:00
295879434,de:11000:900057102:1:51,-0.1,2026-10-02T01:01:04.695736+02:00
295879434,de:11000:900012101:2:52,-0.9,2026-10-02T01:01:04.695736+02:00
295879434,de:11000:900100020:4:57,-0.3,2026-10-02T01:01:04.695736+02:00
295879434,de:11000:900100025:1:51,-0.4,2026-10-02T01:01:04.695736+02:00
295879434,de:11000:900100001:4:57,-0.1,2026-10-02T01:01:04.695736+02:00
295879434,de:11000:900100007:1:51,-0.2,2026-10-02T01:01:04.695736+02:00
295879434,de:11000:900007104:2:52,-0.2,2026-10-02T01:01:04.695736+02:00
295879434,de:11000:900008101:1:51,-0.9,2026-10-02T01:01:04.695736+02:00
295879434,de:11000:900007102:2:53,-0.6,2026-10-02T01:01:04.695736+02:00
295879434,de:11000:900110011:2:53,-0.9,2026-10-02T01:01:04.695736+02:00
295879434,de:11000:900085201:1:50,-0.9,2026-10-02T01:01:04.695736+02:00
295879434,de:11000:900084101:1:50,-0.7,2026-10-02T01:01:04.695736+02:00
295879434,de:11000:900096101:1:50,-0.8,2026-10-02T01:01:04.695736+02:00
295879434,de:11000:900094101:1:50,-0.1,2026-10-02T01:01:04.695736+02:00
295879434,de:11000:900093201:1:50,-0.4,2026-10-02T01:01:04.695736+02:00
295879434,de:11000:900092201:1:50,-0.2,2026-10-02T01:01:04.695736+02:00
295879434,de:12065:900200009:1:50,-0.7,2026-10-02T01:01:04.695736+02:00
295879434,de:12065:900200008:1:50,-0.7,2026-10-02T01:01:04.695736+02:00
295879434,de:12065:900200007:1:50,-0.2,2026-10-02T01:01:04.695736+02:00
295879434,de:12065:900200006:1:50,-0.5,2026-10-02T01:01:04.695736+02:00
295879434,de:12065:900200005:3:1,-0.9,2026-10-02T01:01:04.695736+02:00
295879418,de:11000:900053301:2:52,0.0,2026-10-02T01:01:04.695736+02:00
295879418,de:11000:900052201:1:51,0.0,2026-10-02T01:01:04.695736+02:00
295879418,de:11000:900050355:1:51,-0.3,2026-10-02T01:01:04.695736+02:00
295879418,de:11000:900050301:1:51,-0.4,2026-10-02T01:01:04.695736+02:00
295879418,de:11000:900049201:1:51,0.0,2026-10-02T01:01:04.695736+02:00
295879418,de:11000:900049202:1:51,0.0,2026-10-02T01:01:04.695736+02:00
295879418,de:11000:900066101:1:51,-0.3,2026-10-02T01:01:04.695736+02:00
295879418,de:11000:900066102:1:51,-0.2,2026-10-02T01:01:04.695736+02:00
295879418,de:11000:900062202:1:51,-0.2,2026-10-02T01:01:04.695736+02:00
295879418,de:11000:900063101:1:51,-0.2,2026-10-02T01:01:04.695736+02:00
295879418,de:11000:900060101:1:51,-0.9,2026-10-02T01:01:04.695736+02:00
295879418,de:11000:900054104:1:51,-0.9,2026-10-02T01:01:04.695736+02:00
295879418,de:11000:900057104:1:50,-0.4,2026-10-02T01:01:04.695736+02:00
295879418,de:11000:900057102:1:51,-0.1,2026-10-02T01:01:04.695736+02:00
295879418,de:11000:900012101:2:52,-0.9,2026-10-02T01:01:04.695736+02:00
295879418,de:11000:900100020:4:57,-0.3,2026-10-02T01:01:04.695736+02:00
295879418,de:11000:900100025:1:51,-0.4,2026-10-02T01:01:04.695736+02:00
295879418,de:11000:900100001:4:57,-0.1,2026-10-02T01:01:04.695736+02:00
295879418,de:11000:900100007:1:51,-0.2,2026-10-02T01:01:04.695736+02:00
295879418,de:11000:900007104:2:52,-0.2,2026-10-02T01:01:04.695736+02:00
295879418,de:11000:900008101:1:51,-0.9,2026-10-02T01:01:04.695736+02:00
295879418,de:11000:900007102:2:53,-0.6,2026-10-02T01:01:04.695736+02:00
295879418,de:11000:900110011:2:53,-0.9,2026-10-02T01:01:04.695736+02:00
295879418,de:11000:900085201:1:50,-0.9,2026-10-02T01:01:04.695736+02:00
295879418,de:11000:900084101:1:50,-0.7,2026-10-02T01:01:04.695736+02:00
295879418,de:11000:900096101:1:50,-0.8,2026-10-02T01:01:04.695736+02:00
295879418,de:11000:900094101:1:50,-0.1,2026-10-02T01:01:04.695736+02:00
295879418,de:11000:900093201:1:50,-0.4,2026-10-02T01:01:04.695736+02:00
295879418,de:11000:900092201:1:50,-0.2,2026-10-02T01:01:04.695736+02:00
295879418,de:12065:900200009:1:50,-0.7,2026-10-02T01:01:04.695736+02:00
295879418,de:12065:900200008:1:50,-0.7,2026-10-02T01:01:04.695736+02:00
295879418,de:12065:900200007:1:50,-0.2,2026-10-02T01:01:04.695736+02:00
295879418,de:12065:900200006:1:50,-0.5,2026-10-02T01:01:04.695736+02:00
295879418,de:12065:900200005:3:1,-0.9,2026-10-02T01:01:04.695736+02:00
306895934,de:12064:900320250::1,0.0,2026-10-02T01:01:04.695736+02:00
306895934,de:12064:900320267::2,0.0,2026-10-02T01:01:04.695736+02:00
306895934,de:12067:900310017::2,0.0,2026-10-02T01:01:04.695736+02:00
306895934,de:12067:900310509::1,0.0,2026-10-02T01:01:04.695736+02:00
306895934,de:12067:900310508::1,0.0,2026-10-02T01:01:04.695736+02:00
306895934,de:12067:900310580::2,0.0,2026-10-02T01:01:04.695736+02:00
306895934,de:12067:900310578::4,0.0,2026-10-02T01:01:04.695736+02:00
306895934,de:12067:900310534::2,0.0,2026-10-02T01:01:04.695736+02:00
306895934,de:11000:900310550::2,0.0,2026-10-02T01:01:04.695736+02:00
306895934,de:12067:900310572::2,0.0,2026-10-02T01:01:04.695736+02:00
306895934,de:12067:900310013::2,0.0,2026-10-02T01:01:04.695736+02:00
306895934,de:12067:900310563::3,0.0,2026-10-02T01:01:04.695736+02:00
306895934,de:12067:900310563::2,0.0,2026-10-02T01:01:04.695736+02:00
306895934,de:12067:900310569::1,0.0,2026-10-02T01:01:04.695736+02:00
306895934,de:12067:900310571::1,0.0,2026-10-02T01:01:04.695736+02:00
306895934,de:12067:900310579::1,0.0,2026-10-02T01:01:04.695736+02:00
306895934,de:12067:900310553::1,0.0,2026-10-02T01:01:04.695736+02:00
306895934,de:12067:900310558::2,0.0,2026-10-02T01:01:04.695736+02:00
306895934,de:12067:900310559::2,0.0,2026-10-02T01:01:04.695736+02:00
306895934,de:12067:900310560::1,0.0,2026-10-02T01:01:04.695736+02:00
306895934,de:12067:900310573::1,0.0,2026-10-02T01:01:04.695736+02:00
306895934,de:12067:900310581::1,0.0,2026-10-02T01:01:04.695736+02:00
306895934,de:12067:900310567::1,0.0,2026-10-02T01:01:04.695736+02:00
306895934,de:12067:900310561::1,0.0,2026-10-02T01:01:04.695736+02:00
306895934,de:12067:900310565::1,0.0,2026-10-02T01:01:04.695736+02:00
306895939,de:12064:900320250::1,0.0,2026-10-02T01:01:04.695736+02:00
306895939,de:12064:900320267::2,0.0,2026-10-02T01:01:04.695736+02:00
306895939,de:12067:900310017::2,0.0,2026-10-02T01:01:04.695736+02:00
306895939,de:12067:900310509::1,0.0,2026-10-02T01:01:04.695736+02:00
306895939,de:12067:900310508::1,0.0,2026-10-02T01:01:04.695736+02:00
306895939,de:12067:900310580::2,0.0,2026-10-02T01:01:04.695736+02:00
306895939,de:12067:900310578::4,0.0,2026-10-02T01:01:04.695736+02:00
306895939,de:12067:900310534::2,0.0,2026-10-02T01:01:04.695736+02:00
306895939,de:11000:900310550::2,0.0,2026-10-02T01:01:04.695736+02:00
306895939,de:12067:900310572::2,0.0,2026-10-02T01:01:04.695736+02:00
306895939,de:12067:900310013::2,0.0,2026-10-02T01:01:04.695736+02:00
306895939,de:12067:900310563::3,0.0,2026-10-02T01:01:04.695736+02:00
306895939,de:12067:900310563::2,0.0,2026-10-02T01:01:04.695736+02:00
306895939,de:12067:900310569::1,0.0,2026-10-02T01:01:04.695736+02:00
306895939,de:12067:900310571::1,0.0,2026-10-02T01:01:04.695736+02:00
306895939,de:12067:900310579::1,0.0,2026-10-02T01:01:04.695736+02:00
306895939,de:12067:900310553::1,0.0,2026-10-02T01:01:04.695736+02:00
306895939,de:12067:900310558::2,0.0,2026-10-02T01:01:04.695736+02:00
306895939,de:12067:900310559::2,0.0,2026-10-02T01:01:04.695736+02:00
306895939,de:12067:900310560::1,0.0,2026-10-02T01:01:04.695736+02:00
306895939,de:12067:900310573::1,0.0,2026-10-02T01:01:04.695736+02:00
306895939,de:12067:900310581::1,0.0,2026-10-02T01:01:04.695736+02:00
306895939,de:12067:900310567::1,0.0,2026-10-02T01:01:04.695736+02:00
306895939,de:12067:900310561::1,0.0,2026-10-02T01:01:04.695736+02:00
306895939,de:12067:900310565::1,0.0,2026-10-02T01:01:04.695736+02:00
306895395,de:12067:900310613::1,0.0,2026-10-02T01:01:04.695736+02:00
306895395,de:12067:900311076::2,0.0,2026-10-02T01:01:04.695736+02:00
306895395,de:12067:900311009::1,0.0,2026-10-02T01:01:04.695736+02:00
306895395,de:12067:900311079::1,0.0,2026-10-02T01:01:04.695736+02:00
306895395,de:12067:900310731::1,0.0,2026-10-02T01:01:04.695736+02:00
306895395,de:12067:900310700::1,0.0,2026-10-02T01:01:04.695736+02:00
306895395,de:12067:900310701::1,0.0,2026-10-02T01:01:04.695736+02:00
306895395,de:12067:900310981::1,0.0,2026-10-02T01:01:04.695736+02:00
306895395,de:12067:900310832::1,0.0,2026-10-02T01:01:04.695736+02:00
306895395,de:12067:900311098::1,0.0,2026-10-02T01:01:04.695736+02:00
306895395,de:12067:900310826::2,0.0,2026-10-02T01:01:04.695736+02:00
306895395,de:12067:900311065::1,0.0,2026-10-02T01:01:04.695736+02:00
306895395,de:12067:900311064::2,0.0,2026-10-02T01:01:04.695736+02:00
306895395,de:12067:900310902::2,0.0,2026-10-02T01:01:04.695736+02:00
306895395,de:12067:900310942::2,0.0,2026-10-02T01:01:04.695736+02:00
306895395,de:12067:900310721::1,0.0,2026-10-02T01:01:04.695736+02:00
306895395,de:12067:900310755::2,0.0,2026-10-02T01:01:04.695736+02:00
306895395,de:12067:900310728::2,0.0,2026-10-02T01:01:04.695736+02:00
306895395,de:12067:900311129::6,0.0,2026-10-02T01:01:04.695736+02:00
306896007,de:12067:900310565::1,0.0,2026-10-02T01:01:04.695736+02:00
306896007,de:12067:900310561::2,0.0,2026-10-02T01:01:04.695736+02:00
306896007,de:12067:900310567::2,0.0,2026-10-02T01:01:04.695736+02:00
306896007,de:12067:900310581::2,0.0,2026-10-02T01:01:04.695736+02:00
306896007,de:12067:900310573::2,0.0,2026-10-02T01:01:04.695736+02:00
306896007,de:12067:900310560::2,0.0,2026-10-02T01:01:04.695736+02:00
306896007,de:12067:900310563::4,0.0,2026-10-02T01:01:04.695736+02:00
306896007,de:12067:900310013::2,0.0,2026-10-02T01:01:04.695736+02:00
306896007,de:12067:900310572::1,0.0,2026-10-02T01:01:04.695736+02:00
306896007,de:11000:900310550::1,0.0,2026-10-02T01:01:04.695736+02:00
306896007,de:12067:900310534::1,0.0,2026-10-02T01:01:04.695736+02:00
306896007,de:12067:900310580::1,0.0,2026-10-02T01:01:04.695736+02:00
306896007,de:12067:900311095::1,0.0,2026-10-02T01:01:04.695736+02:00
306896007,de:12067:900311097::1,0.0,2026-10-02T01:01:04.695736+02:00
306896007,de:12067:900311096::2,0.0,2026-10-02T01:01:04.695736+02:00
306896007,de:12067:900311096::1,0.0,2026-10-02T01:01:04.695736+02:00
306896007,de:12067:900311097::2,0.0,2026-10-02T01:01:04.695736+02:00
306896007,de:12067:900311095::2,0.0,2026-10-02T01:01:04.695736+02:00
306896007,de:12067:900310580::2,0.0,2026-10-02T01:01:04.695736+02:00
306896007,de:12067:900310578::4,0.0,2026-10-02T01:01:04.695736+02:00
306896007,de:12067:900310508::2,0.0,2026-10-02T01:01:04.695736+02:00
306896007,de:12067:900310509::2,0.0,2026-10-02T01:01:04.695736+02:00
306896007,de:12067:900310017::3,0.0,2026-10-02T01:01:04.695736+02:00
306896007,de:12064:900320267::1,0.0,2026-10-02T01:01:04.695736+02:00
306896007,de:12064:900320250::1,0.0,2026-10-02T01:01:04.695736+02:00
306896054,de:12067:900310013::2,0.0,2026-10-02T01:01:04.695736+02:00
306896054,de:12067:900310572::1,0.0,2026-10-02T01:01:04.695736+02:00
306896054,de:11000:900310550::1,0.0,2026-10-02T01:01:04.695736+02:00
306896054,de:12067:900310534::1,0.0,2026-10-02T01:01:04.695736+02:00
306896054,de:12067:900310580::2,0.0,2026-10-02T01:01:04.695736+02:00
306896054,de:12067:900310543::3,0.0,2026-10-02T01:01:04.695736+02:00
306896054,de:12067:900310536::1,0.0,2026-10-02T01:01:04.695736+02:00
306896054,de:12067:900311014::1,0.0,2026-10-02T01:01:04.695736+02:00
306896054,de:12067:900311012::1,0.0,2026-10-02T01:01:04.695736+02:00
306896054,de:12067:900310529::1,0.0,2026-10-02T01:01:04.695736+02:00
306896054,de:12067:900310528::1,0.0,2026-10-02T01:01:04.695736+02:00
306896054,de:12067:900310020::1,0.0,2026-10-02T01:01:04.695736+02:00
306896054,de:12067:900310501::1,0.0,2026-10-02T01:01:04.695736+02:00
306896054,de:12067:900310500::2,0.0,2026-10-02T01:01:04.695736+02:00
306896054,de:12067:900310021::3,0.0,2026-10-02T01:01:04.695736+02:00
306896054,de:12067:900310522::1,0.0,2026-10-02T01:01:04.695736+02:00
306896054,de:12067:900310535::1,0.0,2026-10-02T01:01:04.695736+02:00
306896054,de:12067:900310523::1,0.0,2026-10-02T01:01:04.695736+02:00
306896054,de:12064:900320113::1,0.0,2026-10-02T01:01:04.695736+02:00
306896054,de:12064:900320007::4,0.0,2026-10-02T01:01:04.695736+02:00
306896055,de:12067:900310013::2,0.0,2026-10-02T01:01:04.695736+02:00
306896055,de:12067:900310572::1,0.0,2026-10-02T01:01:04.695736+02:00
306896055,de:11000:900310550::1,0.0,2026-10-02T01:01:04.695736+02:00
306896055,de:12067:900310534::1,0.0,2026-10-02T01:01:04.695736+02:00
306896055,de:12067:900310580::2,0.0,2026-10-02T01:01:04.695736+02:00
306896055,de:12067:900310543::3,0.0,2026-10-02T01:01:04.695736+02:00
306896055,de:12067:900310536::1,0.0,2026-10-02T01:01:04.695736+02:00
306896055,de:12067:900311014::1,0.0,2026-10-02T01:01:04.695736+02:00
306896055,de:12067:900311012::1,0.0,2026-10-02T01:01:04.695736+02:00
306896055,de:12067:900310529::1,0.0,2026-10-02T01:01:04.695736+02:00
306896055,de:12067:900310528::1,0.0,2026-10-02T01:01:04.695736+02:00
306896055,de:12067:900310020::1,0.0,2026-10-02T01:01:04.695736+02:00
306896055,de:12067:900310501::1,0.0,2026-10-02T01:01:04.695736+02:00
306896055,de:12067:900310500::2,0.0,2026-10-02T01:01:04.695736+02:00
306896055,de:12067:900310021::3,0.0,2026-10-02T01:01:04.695736+02:00
306896055,de:12067:900310522::1,0.0,2026-10-02T01:01:04.695736+02:00
306896055,de:12067:900310535::1,0.0,2026-10-02T01:01:04.695736+02:00
306896055,de:12067:900310523::1,0.0,2026-10-02T01:01:04.695736+02:00
306896055,de:12064:900320113::1,0.0,2026-10-02T01:01:04.695736+02:00
306896055,de:12064:900320007::4,0.0,2026-10-02T01:01:04.695736+02:00
306896057,de:12067:900310013::2,0.0,2026-10-02T01:01:04.695736+02:00
306896057,de:12067:900310572::1,0.0,2026-10-02T01:01:04.695736+02:00
306896057,de:11000:900310550::1,0.0,2026-10-02T01:01:04.695736+02:00
306896057,de:12067:900310534::1,0.0,2026-10-02T01:01:04.695736+02:00
306896057,de:12067:900310580::2,0.0,2026-10-02T01:01:04.695736+02:00
306896057,de:12067:900310543::3,0.0,2026-10-02T01:01:04.695736+02:00
306896057,de:12067:900310536::1,0.0,2026-10-02T01:01:04.695736+02:00
306896057,de:12067:900311014::1,0.0,2026-10-02T01:01:04.695736+02:00
306896057,de:12067:900311012::1,0.0,2026-10-02T01:01:04.695736+02:00
306896057,de:12067:900310529::1,0.0,2026-10-02T01:01:04.695736+02:00
306896057,de:12067:900310528::1,0.0,2026-10-02T01:01:04.695736+02:00
306896057,de:12067:900310020::1,0.0,2026-10-02T01:01:04.695736+02:00
306896057,de:12067:900310501::1,0.0,2026-10-02T01:01:04.695736+02:00
306896057,de:12067:900310500::2,0.0,2026-10-02T01:01:04.695736+02:00
306896057,de:12067:900310021::3,0.0,2026-10-02T01:01:04.695736+02:00
306896057,de:12067:900310522::1,0.0,2026-10-02T01:01:04.695736+02:00
306896057,de:12067:900310535::1,0.0,2026-10-02T01:01:04.695736+02:00
306896057,de:12067:900310523::1,0.0,2026-10-02T01:01:04.695736+02:00
306896057,de:12064:900320113::1,0.0,2026-10-02T01:01:04.695736+02:00
306896057,de:12064:900320007::4,0.0,2026-10-02T01:01:04.695736+02:00
306895299,de:12067:900311065::1,0.0,2026-10-02T01:01:04.695736+02:00
306895299,de:12067:900311063::1,0.0,2026-10-02T01:01:04.695736+02:00
306895299,de:12067:900311062::1,0.0,2026-10-02T01:01:04.695736+02:00
306895299,de:12067:900310987::2,0.0,2026-10-02T01:01:04.695736+02:00
306895299,de:12067:900310986::2,0.0,2026-10-02T01:01:04.695736+02:00
306895299,de:12067:900310984::1,0.0,2026-10-02T01:01:04.695736+02:00
306895299,de:12067:900310716::2,0.0,2026-10-02T01:01:04.695736+02:00
306895299,de:12067:900310942::2,0.0,2026-10-02T01:01:04.695736+02:00
306895299,de:12067:900310721::1,0.0,2026-10-02T01:01:04.695736+02:00
306895299,de:12067:900310755::2,0.0,2026-10-02T01:01:04.695736+02:00
306895299,de:12067:900310728::2,0.0,2026-10-02T01:01:04.695736+02:00
306895299,de:12067:900311129::6,0.0,2026-10-02T01:01:04.695736+02:00
306896168,de:12067:900310013::3,0.0,2026-10-02T01:01:04.695736+02:00
306896168,de:12067:900310563::3,0.0,2026-10-02T01:01:04.695736+02:00
306896168,de:12067:900310559::1,0.0,2026-10-02T01:01:04.695736+02:00
306896168,de:12067:900310558::1,0.0,2026-10-02T01:01:04.695736+02:00
306896168,de:12067:900310556::1,0.0,2026-10-02T01:01:04.695736+02:00
306896168,de:12067:900310621::1,0.0,2026-10-02T01:01:04.695736+02:00
306896168,de:12067:900310568::1,0.0,2026-10-02T01:01:04.695736+02:00
306896168,de:12067:900310955::1,0.0,2026-10-02T01:01:04.695736+02:00
306896168,de:12067:900310949::1,0.0,2026-10-02T01:01:04.695736+02:00
306896168,de:12067:900310952::1,0.0,2026-10-02T01:01:04.695736+02:00
306896168,de:12067:900310025::1,0.0,2026-10-02T01:01:04.695736+02:00
306896168,de:12067:900310015::1,0.0,2026-10-02T01:01:04.695736+02:00
306896169,de:12067:900310013::3,0.0,2026-10-02T01:01:04.695736+02:00
306896169,de:12067:900310563::3,0.0,2026-10-02T01:01:04.695736+02:00
306896169,de:12067:900310559::1,0.0,2026-10-02T01:01:04.695736+02:00
306896169,de:12067:900310558::1,0.0,2026-10-02T01:01:04.695736+02:00
306896169,de:12067:900310556::1,0.0,2026-10-02T01:01:04.695736+02:00
306896169,de:12067:900310621::1,0.0,2026-10-02T01:01:04.695736+02:00
306896169,de:12067:900310568::1,0.0,2026-10-02T01:01:04.695736+02:00
306896169,de:12067:900310955::1,0.0,2026-10-02T01:01:04.695736+02:00
306896169,de:12067:900310949::1,0.0,2026-10-02T01:01:04.695736+02:00
306896169,de:12067:900310952::1,0.0,2026-10-02T01:01:04.695736+02:00
306896169,de:12067:900310025::1,0.0,2026-10-02T01:01:04.695736+02:00
306896169,de:12067:900310015::1,0.0,2026-10-02T01:01:04.695736+02:00
306896464,de:12067:900310001::3,0.0,2026-10-02T01:01:04.695736+02:00
306896464,de:12067:900310816::1,0.0,2026-10-02T01:01:04.695736+02:00
306896464,de:12067:900310627::1,0.0,2026-10-02T01:01:04.695736+02:00
306896464,de:12067:900310781::1,0.0,2026-10-02T01:01:04.695736+02:00
306896464,de:12067:900310822::1,0.0,2026-10-02T01:01:04.695736+02:00
306896464,de:12067:900310771::1,0.0,2026-10-02T01:01:04.695736+02:00
306896464,de:12067:900310811::1,0.0,2026-10-02T01:01:04.695736+02:00
306896464,de:12067:900310630::1,0.0,2026-10-02T01:01:04.695736+02:00
306896464,de:12067:900310812::1,0.0,2026-10-02T01:01:04.695736+02:00
306896464,de:12067:900310695::2,0.0,2026-10-02T01:01:04.695736+02:00
306896464,de:12067:900310769::1,0.0,2026-10-02T01:01:04.695736+02:00
306896464,de:12067:900310810::2,0.0,2026-10-02T01:01:04.695736+02:00
306896464,de:12067:900310972::1,0.0,2026-10-02T01:01:04.695736+02:00
306896464,de:12067:900310970::1,0.0,2026-10-02T01:01:04.695736+02:00
306896464,de:12067:900310105::1,0.0,2026-10-02T01:01:04.695736+02:00
306896464,de:12067:900310040::1,0.0,2026-10-02T01:01:04.695736+02:00
306896464,de:12067:900310109::1,0.0,2026-10-02T01:01:04.695736+02:00
306896464,de:12067:900310631::1,0.0,2026-10-02T01:01:04.695736+02:00
307252186,de:11000:900007102:1:51,0.0,2026-10-02T01:01:04.695736+02:00
307252186,de:11000:900009104:1:51,-0.8,2026-10-02T01:01:04.695736+02:00
307252186,de:11000:900003200:5:58,-0.7,2026-10-02T01:01:04.695736+02:00
307252182,de:11000:900007102:1:51,0.0,2026-10-02T01:01:04.695736+02:00
307252182,de:11000:900009104:1:51,-0.8,2026-10-02T01:01:04.695736+02:00
307252182,de:11000:900003200:5:58,-0.7,2026-10-02T01:01:04.695736+02:00
307252172,de:11000:900007102:1:51,0.0,2026-10-02T01:01:04.695736+02:00
307252172,de:11000:900009104:1:51,-0.8,2026-10-02T01:01:04.695736+02:00
307252172,de:11000:900003200:5:58,-0.7,2026-10-02T01:01:04.695736+02:00
307252166,de:11000:900007102:1:51,0.0,2026-10-02T01:01:04.695736+02:00
307252166,de:11000:900009104:1:51,-0.8,2026-10-02T01:01:04.695736+02:00
307252166,de:11000:900003200:5:58,-0.7,2026-10-02T01:01:04.695736+02:00
307252163,de:11000:900007102:1:51,0.0,2026-10-02T01:01:04.695736+02:00
307252163,de:11000:900009104:1:51,-0.8,2026-10-02T01:01:04.695736+02:00
307252163,de:11000:900003200:5:58,-0.7,2026-10-02T01:01:04.695736+02:00
306896811,de:12067:900310864::1,0.0,2026-10-02T01:01:04.695736+02:00
306896811,de:12067:900310861::1,0.0,2026-10-02T01:01:04.695736+02:00
306896811,de:12067:900311157::2,0.0,2026-10-02T01:01:04.695736+02:00
306896811,de:12067:900310860::2,0.0,2026-10-02T01:01:04.695736+02:00
306896811,de:12067:900311125::2,0.0,2026-10-02T01:01:04.695736+02:00
306896811,de:12067:900310936::2,0.0,2026-10-02T01:01:04.695736+02:00
306896811,de:12067:900310788::2,0.0,2026-10-02T01:01:04.695736+02:00
306896811,de:12067:900310696::2,0.0,2026-10-02T01:01:04.695736+02:00
306896811,de:12067:900310001::11,0.0,2026-10-02T01:01:04.695736+02:00
295882581,de:11000:900053301:2:52,0.0,2026-10-02T01:01:04.695736+02:00
295882581,de:11000:900052201:1:51,0.0,2026-10-02T01:01:04.695736+02:00
295882581,de:11000:900050355:1:51,-0.3,2026-10-02T01:01:04.695736+02:00
295882581,de:11000:900050301:1:51,-0.4,2026-10-02T01:01:04.695736+02:00
295882581,de:11000:900049201:1:51,0.0,2026-10-02T01:01:04.695736+02:00
295882581,de:11000:900049202:1:51,0.0,2026-10-02T01:01:04.695736+02:00
295882581,de:11000:900066101:1:51,-0.3,2026-10-02T01:01:04.695736+02:00
295882581,de:11000:900066102:1:51,-0.2,2026-10-02T01:01:04.695736+02:00
295882581,de:11000:900062202:1:51,-0.2,2026-10-02T01:01:04.695736+02:00
295882581,de:11000:900063101:1:51,-0.2,2026-10-02T01:01:04.695736+02:00
295882581,de:11000:900060101:1:51,-0.9,2026-10-02T01:01:04.695736+02:00
295882581,de:11000:900054104:1:51,-0.9,2026-10-02T01:01:04.695736+02:00
295882581,de:11000:900057104:1:50,-0.4,2026-10-02T01:01:04.695736+02:00
295882581,de:11000:900057102:1:51,-0.1,2026-10-02T01:01:04.695736+02:00
295882581,de:11000:900012101:2:52,-0.9,2026-10-02T01:01:04.695736+02:00
295882581,de:11000:900100020:4:57,-0.3,2026-10-02T01:01:04.695736+02:00
295882581,de:11000:900100025:1:51,-0.4,2026-10-02T01:01:04.695736+02:00
295882581,de:11000:900100001:4:57,-0.1,2026-10-02T01:01:04.695736+02:00
295882581,de:11000:900100007:1:51,-0.2,2026-10-02T01:01:04.695736+02:00
295882581,de:11000:900007104:2:52,-0.2,2026-10-02T01:01:04.695736+02:00
295882581,de:11000:900008101:1:51,-0.9,2026-10-02T01:01:04.695736+02:00
295882581,de:11000:900007102:2:53,-0.6,2026-10-02T01:01:04.695736+02:00
295882581,de:11000:900110011:2:53,-0.9,2026-10-02T01:01:04.695736+02:00
295882581,de:11000:900085201:1:50,-0.9,2026-10-02T01:01:04.695736+02:00
295882581,de:11000:900084101:1:50,-0.7,2026-10-02T01:01:04.695736+02:00
295882581,de:11000:900096101:1:50,-0.8,2026-10-02T01:01:04.695736+02:00
295882581,de:11000:900094101:1:50,-0.1,2026-10-02T01:01:04.695736+02:00
295882581,de:11000:900093201:1:50,-0.4,2026-10-02T01:01:04.695736+02:00
295882581,de:11000:900092201:1:50,-0.2,2026-10-02T01:01:04.695736+02:00
295882552,de:11000:900053301:2:52,0.0,2026-10-02T01:01:04.695736+02:00
295882552,de:11000:900052201:1:51,0.0,2026-10-02T01:01:04.695736+02:00
295882552,de:11000:900050355:1:51,-0.3,2026-10-02T01:01:04.695736+02:00
295882552,de:11000:900050301:1:51,-0.4,2026-10-02T01:01:04.695736+02:00
295882552,de:11000:900049201:1:51,0.0,2026-10-02T01:01:04.695736+02:00
295882552,de:11000:900049202:1:51,0.0,2026-10-02T01:01:04.695736+02:00
295882552,de:11000:900066101:1:51,-0.3,2026-10-02T01:01:04.695736+02:00
295882552,de:11000:900066102:1:51,-0.2,2026-10-02T01:01:04.695736+02:00
295882552,de:11000:900062202:1:51,-0.2,2026-10-02T01:01:04.695736+02:00
295882552,de:11000:900063101:1:51,-0.2,2026-10-02T01:01:04.695736+02:00
295882552,de:11000:900060101:1:51,-0.9,2026-10-02T01:01:04.695736+02:00
295882552,de:11000:900054104:1:51,-0.9,2026-10-02T01:01:04.695736+02:00
295882552,de:11000:900057104:1:50,-0.4,2026-10-02T01:01:04.695736+02:00
295882552,de:11000:900057102:1:51,-0.1,2026-10-02T01:01:04.695736+02:00
295882552,de:11000:900012101:2:52,-0.9,2026-10-02T01:01:04.695736+02:00
295882552,de:11000:900100020:4:57,-0.3,2026-10-02T01:01:04.695736+02:00
295882552,de:11000:900100025:1:51,-0.4,2026-10-02T01:01:04.695736+02:00
295882552,de:11000:900100001:4:57,-0.1,2026-10-02T01:01:04.695736+02:00
295882552,de:11000:900100007:1:51,-0.2,2026-10-02T01:01:04.695736+02:00
295882552,de:11000:900007104:2:52,-0.2,2026-10-02T01:01:04.695736+02:00
295882552,de:11000:900008101:1:51,-0.9,2026-10-02T01:01:04.695736+02:00
295882552,de:11000:900007102:2:53,-0.6,2026-10-02T01:01:04.695736+02:00
295882552,de:11000:900110011:2:53,-0.9,2026-10-02T01:01:04.695736+02:00
295882552,de:11000:900085201:1:50,-0.9,2026-10-02T01:01:04.695736+02:00
295882552,de:11000:900084101:1:50,-0.7,2026-10-02T01:01:04.695736+02:00
295882552,de:11000:900096101:1:50,-0.8,2026-10-02T01:01:04.695736+02:00
295882552,de:11000:900094101:1:50,-0.1,2026-10-02T01:01:04.695736+02:00
295882552,de:11000:900093201:1:50,-0.4,2026-10-02T01:01:04.695736+02:00
295882552,de:11000:900092201:1:50,-0.2,2026-10-02T01:01:04.695736+02:00
306896821,de:12064:900320274::1,0.0,2026-10-02T01:01:04.695736+02:00
306896821,de:12064:900320278::2,0.0,2026-10-02T01:01:04.695736+02:00
306896821,de:12064:900320284::2,0.0,2026-10-02T01:01:04.695736+02:00
306896821,de:12064:900320886::2,0.0,2026-10-02T01:01:04.695736+02:00
306896821,de:12064:900320888::3,0.0,2026-10-02T01:01:04.695736+02:00
306896821,de:12067:900310894::2,0.0,2026-10-02T01:01:04.695736+02:00
306896821,de:12067:900310897::2,0.0,2026-10-02T01:01:04.695736+02:00
306896821,de:12067:900310896::2,0.0,2026-10-02T01:01:04.695736+02:00
306896821,de:12067:900310895::1,0.0,2026-10-02T01:01:04.695736+02:00
306896821,de:12067:900310002::2,0.0,2026-10-02T01:01:04.695736+02:00
306896821,de:12067:900310864::1,0.0,2026-10-02T01:01:04.695736+02:00
306896821,de:12067:900310861::1,0.0,2026-10-02T01:01:04.695736+02:00
306896821,de:12067:900311157::2,0.0,2026-10-02T01:01:04.695736+02:00
306896821,de:12067:900310860::2,0.0,2026-10-02T01:01:04.695736+02:00
306896821,de:12067:900311125::2,0.0,2026-10-02T01:01:04.695736+02:00
306896821,de:12067:900310936::2,0.0,2026-10-02T01:01:04.695736+02:00
306896821,de:12067:900310788::2,0.0,2026-10-02T01:01:04.695736+02:00
306896821,de:12067:900310696::2,0.0,2026-10-02T01:01:04.695736+02:00
306896821,de:12067:900310001::11,0.0,2026-10-02T01:01:04.695736+02:00
306897211,de:12053:900360000::4,0.0,2026-10-02T01:01:04.695736+02:00
306897211,de:12053:900360021::4,0.0,2026-10-02T01:01:04.695736+02:00
306897211,de:12053:900360059::4,0.0,2026-10-02T01:01:04.695736+02:00
306897211,de:12053:900360041::4,0.0,2026-10-02T01:01:04.695736+02:00
306897211,de:12053:900360135::2,0.0,2026-10-02T01:01:04.695736+02:00
306897211,de:12053:900360083::2,0.0,2026-10-02T01:01:04.695736+02:00
306897211,de:12053:900360096::4,0.0,2026-10-02T01:01:04.695736+02:00
306897211,de:12053:900360213::4,0.0,2026-10-02T01:01:04.695736+02:00
306897211,de:12053:900360062::2,0.0,2026-10-02T01:01:04.695736+02:00
306897211,de:12067:900311485::1,0.0,2026-10-02T01:01:04.695736+02:00
306897211,de:12067:900311482::2,0.0,2026-10-02T01:01:04.695736+02:00
306897211,de:12067:900311489::1,0.0,2026-10-02T01:01:04.695736+02:00
306897211,de:12067:900311483::2,0.0,2026-10-02T01:01:04.695736+02:00
306897211,de:12067:900310935::1,0.0,2026-10-02T01:01:04.695736+02:00
306897211,de:12067:900310933::1,0.0,2026-10-02T01:01:04.695736+02:00
306897211,de:12067:900311540::2,0.0,2026-10-02T01:01:04.695736+02:00
306897211,de:12067:900311126::2,0.0,2026-10-02T01:01:04.695736+02:00
306897211,de:12067:900310615::2,0.0,2026-10-02T01:01:04.695736+02:00
306897211,de:12067:900310725::2,0.0,2026-10-02T01:01:04.695736+02:00
306897211,de:12067:900310738::2,0.0,2026-10-02T01:01:04.695736+02:00
306897211,de:12067:900310639::1,0.0,2026-10-02T01:01:04.695736+02:00
306897211,de:12067:900310626::1,0.0,2026-10-02T01:01:04.695736+02:00
306897211,de:12067:900310727::4,0.0,2026-10-02T01:01:04.695736+02:00
306897211,de:12067:900310755::2,0.0,2026-10-02T01:01:04.695736+02:00
306897211,de:12067:900310728::4,0.0,2026-10-02T01:01:04.695736+02:00
306897211,de:12067:900311129::6,0.0,2026-10-02T01:01:04.695736+02:00
306897228,de:12067:900311129::5,0.0,2026-10-02T01:01:04.695736+02:00
306897228,de:12067:900310755::1,0.0,2026-10-02T01:01:04.695736+02:00
306897228,de:12067:900310738::1,0.0,2026-10-02T01:01:04.695736+02:00
306897228,de:12067:900310725::1,0.0,2026-10-02T01:01:04.695736+02:00
306897228,de:12067:900310615::1,0.0,2026-10-02T01:01:04.695736+02:00
306897228,de:12067:900311540::1,0.0,2026-10-02T01:01:04.695736+02:00
306897228,de:12067:900310933::1,0.0,2026-10-02T01:01:04.695736+02:00
306897228,de:12067:900310935::1,0.0,2026-10-02T01:01:04.695736+02:00
306897228,de:12067:900311483::1,0.0,2026-10-02T01:01:04.695736+02:00
306897228,de:12067:900311480::1,0.0,2026-10-02T01:01:04.695736+02:00
306897228,de:12067:900311482::2,0.0,2026-10-02T01:01:04.695736+02:00
306897228,de:12067:900311485::2,0.0,2026-10-02T01:01:04.695736+02:00
306897228,de:12053:900360062::1,0.0,2026-10-02T01:01:04.695736+02:00
306897228,de:12053:900360213::3,0.0,2026-10-02T01:01:04.695736+02:00
306897228,de:12053:900360078::2,0.0,2026-10-02T01:01:04.695736+02:00
306897228,de:12053:900360096::3,0.0,2026-10-02T01:01:04.695736+02:00
306897228,de:12053:900360083::1,0.0,2026-10-02T01:01:04.695736+02:00
306897228,de:12053:900360135::1,0.0,2026-10-02T01:01:04.695736+02:00
306897228,de:12053:900360041::3,0.0,2026-10-02T01:01:04.695736+02:00
306897228,de:12053:900360059::3,0.0,2026-10-02T01:01:04.695736+02:00
306897228,de:12053:900360021::3,0.0,2026-10-02T01:01:04.695736+02:00
306897228,de:12053:900360000::9,0.0,2026-10-02T01:01:04.695736+02:00
306895244,de:12061:900261462::1,0.0,2026-10-02T01:01:04.695736+02:00
306895244,de:12061:900261465::2,0.0,2026-10-02T01:01:04.695736+02:00
306895244,de:12061:900261420::2,0.0,2026-10-02T01:01:04.695736+02:00
306895244,de:12061:900261210::1,0.0,2026-10-02T01:01:04.695736+02:00
306895244,de:12061:900261207::1,0.0,2026-10-02T01:01:04.695736+02:00
306895244,de:12061:900261209::1,0.0,2026-10-02T01:01:04.695736+02:00
306895244,de:12061:900261654::2,0.0,2026-10-02T01:01:04.695736+02:00
306895244,de:12061:900261908::2,0.0,2026-10-02T01:01:04.695736+02:00
306895244,de:12067:900310978::2,0.0,2026-10-02T01:01:04.695736+02:00
306895244,de:12067:900310967::1,-0.5,2026-10-02T01:01:04.695736+02:00
306895244,de:12067:900310939::1,0.0,2026-10-02T01:01:04.695736+02:00
306895244,de:12067:900310766::1,0.0,2026-10-02T01:01:04.695736+02:00
306895244,de:12067:900310765::1,0.0,2026-10-02T01:01:04.695736+02:00
306895244,de:12067:900310764::2,0.0,2026-10-02T01:01:04.695736+02:00
306895244,de:12067:900310910::1,0.0,2026-10-02T01:01:04.695736+02:00
306895244,de:12067:900311101::2,0.0,2026-10-02T01:01:04.695736+02:00
306895244,de:12067:900311100::1,0.0,2026-10-02T01:01:04.695736+02:00
306895244,de:12067:900311099::2,0.0,2026-10-02T01:01:04.695736+02:00
306895244,de:12067:900310725::2,0.0,2026-10-02T01:01:04.695736+02:00
306895244,de:12067:900310738::2,0.0,2026-10-02T01:01:04.695736+02:00
306895244,de:12067:900310639::1,0.0,2026-10-02T01:01:04.695736+02:00
306895244,de:12067:900310626::1,0.0,2026-10-02T01:01:04.695736+02:00
306895244,de:12067:900311129::6,0.0,2026-10-02T01:01:04.695736+02:00
306895747,de:12067:900310805::1,0.0,2026-10-02T01:01:04.695736+02:00
306895747,de:12067:900310801::2,0.0,2026-10-02T01:01:04.695736+02:00
306895747,de:12067:900310937::2,0.0,2026-10-02T01:01:04.695736+02:00
306895747,de:12067:900310825::1,0.0,2026-10-02T01:01:04.695736+02:00
306895747,de:12067:900310792::2,0.0,2026-10-02T01:01:04.695736+02:00
306895747,de:12067:900310774::2,0.0,2026-10-02T01:01:04.695736+02:00
306895747,de:12067:900310798::2,0.0,2026-10-02T01:01:04.695736+02:00
306895747,de:12067:900311150::2,0.0,2026-10-02T01:01:04.695736+02:00
306895747,de:12067:900311135::2,0.0,2026-10-02T01:01:04.695736+02:00
306895747,de:12067:900311149::2,0.0,2026-10-02T01:01:04.695736+02:00
306895747,de:12067:900310001::11,0.0,2026-10-02T01:01:04.695736+02:00
306896150,de:12067:900310015::1,0.0,2026-10-02T01:01:04.695736+02:00
306896150,de:12067:900310025::2,0.0,2026-10-02T01:01:04.695736+02:00
306896150,de:12067:900310952::2,0.0,2026-10-02T01:01:04.695736+02:00
306896150,de:12067:900310949::2,0.0,2026-10-02T01:01:04.695736+02:00
306896150,de:12067:900310955::2,0.0,2026-10-02T01:01:04.695736+02:00
306896150,de:12067:900310568::2,0.0,2026-10-02T01:01:04.695736+02:00
306896150,de:12067:900310556::2,0.0,2026-10-02T01:01:04.695736+02:00
306896150,de:12067:900310558::4,0.0,2026-10-02T01:01:04.695736+02:00
306896150,de:12067:900310559::2,0.0,2026-10-02T01:01:04.695736+02:00
306896150,de:12067:900310563::4,0.0,2026-10-02T01:01:04.695736+02:00
306896150,de:12067:900310013::7,0.0,2026-10-02T01:01:04.695736+02:00
306896156,de:12067:900310015::1,0.0,2026-10-02T01:01:04.695736+02:00
306896156,de:12067:900310025::2,0.0,2026-10-02T01:01:04.695736+02:00
306896156,de:12067:900310952::2,0.0,2026-10-02T01:01:04.695736+02:00
306896156,de:12067:900310949::2,0.0,2026-10-02T01:01:04.695736+02:00
306896156,de:12067:900310955::2,0.0,2026-10-02T01:01:04.695736+02:00
306896156,de:12067:900310568::2,0.0,2026-10-02T01:01:04.695736+02:00
306896156,de:12067:900310556::2,0.0,2026-10-02T01:01:04.695736+02:00
306896156,de:12067:900310558::4,0.0,2026-10-02T01:01:04.695736+02:00
306896156,de:12067:900310559::2,0.0,2026-10-02T01:01:04.695736+02:00
306896156,de:12067:900310563::4,0.0,2026-10-02T01:01:04.695736+02:00
306896156,de:12067:900310013::7,0.0,2026-10-02T01:01:04.695736+02:00
306896305,de:12067:900310888::2,0.0,2026-10-02T01:01:04.695736+02:00
306896305,de:12067:900310881::2,0.0,2026-10-02T01:01:04.695736+02:00
306896305,de:12067:900310885::1,0.0,2026-10-02T01:01:04.695736+02:00
306896305,de:12067:900310883::2,0.0,2026-10-02T01:01:04.695736+02:00
306896305,de:12067:900310920::2,0.0,2026-10-02T01:01:04.695736+02:00
306896305,de:12067:900310882::2,0.0,2026-10-02T01:01:04.695736+02:00
306896305,de:12067:900310889::2,0.0,2026-10-02T01:01:04.695736+02:00
306896305,de:12067:900310890::2,0.0,2026-10-02T01:01:04.695736+02:00
306896305,de:12067:900310847::2,0.0,2026-10-02T01:01:04.695736+02:00
306896305,de:12067:900310846::2,0.0,2026-10-02T01:01:04.695736+02:00
306896305,de:12067:900310854::2,0.0,2026-10-02T01:01:04.695736+02:00
306896305,de:12067:900310857::2,0.0,2026-10-02T01:01:04.695736+02:00
306896305,de:12067:900311970::1,0.0,2026-10-02T01:01:04.695736+02:00
306896305,de:12067:900310853::1,0.0,2026-10-02T01:01:04.695736+02:00
306896305,de:12067:900310845::1,0.0,2026-10-02T01:01:04.695736+02:00
306896305,de:12067:900310555::2,0.0,2026-10-02T01:01:04.695736+02:00
306896305,de:12067:900310557::2,0.0,2026-10-02T01:01:04.695736+02:00
306896305,de:12067:900310013::7,0.0,2026-10-02T01:01:04.695736+02:00
306896496,de:12064:900320228::1,0.0,2026-10-02T01:01:04.695736+02:00
306896496,de:12064:900320280::2,0.0,2026-10-02T01:01:04.695736+02:00
306896496,de:12064:900320229::2,-0.5,2026-10-02T01:01:04.695736+02:00
306896496,de:12064:900320279::2,-0.5,2026-10-02T01:01:04.695736+02:00
306896496,de:12064:900320277::2,0.0,2026-10-02T01:01:04.695736+02:00
306896496,de:12067:900311015::2,0.0,2026-10-02T01:01:04.695736+02:00
306896496,de:12067:900310711::2,0.0,2026-10-02T01:01:04.695736+02:00
306896496,de:12067:900310712::2,0.0,2026-10-02T01:01:04.695736+02:00
306896496,de:12067:900310802::2,0.0,2026-10-02T01:01:04.695736+02:00
306896496,de:12067:900310803::2,0.0,2026-10-02T01:01:04.695736+02:00
306896496,de:12067:900310813::2,0.0,2026-10-02T01:01:04.695736+02:00
306896496,de:12067:900310825::1,0.0,2026-10-02T01:01:04.695736+02:00
306896496,de:12067:900310835::2,0.0,2026-10-02T01:01:04.695736+02:00
306896496,de:12067:900310001::9,0.0,2026-10-02T01:01:04.695736+02:00
306896496,de:12067:900311149::2,0.0,2026-10-02T01:01:04.695736+02:00
306896496,de:12067:900310001::11,0.0,2026-10-02T01:01:04.695736+02:00
306896497,de:12064:900320228::1,0.0,2026-10-02T01:01:04.695736+02:00
306896497,de:12064:900320280::2,0.0,2026-10-02T01:01:04.695736+02:00
306896497,de:12064:900320229::2,-0.5,2026-10-02T01:01:04.695736+02:00
306896497,de:12064:900320279::2,-0.5,2026-10-02T01:01:04.695736+02:00
306896497,de:12064:900320277::2,0.0,2026-10-02T01:01:04.695736+02:00
306896497,de:12067:900311015::2,0.0,2026-10-02T01:01:04.695736+02:00
306896497,de:12067:900310711::2,0.0,2026-10-02T01:01:04.695736+02:00
306896497,de:12067:900310712::2,0.0,2026-10-02T01:01:04.695736+02:00
306896497,de:12067:900310802::2,0.0,2026-10-02T01:01:04.695736+02:00
306896497,de:12067:900310803::2,0.0,2026-10-02T01:01:04.695736+02:00
306896497,de:12067:900310813::2,0.0,2026-10-02T01:01:04.695736+02:00
306896497,de:12067:900310825::1,0.0,2026-10-02T01:01:04.695736+02:00
306896497,de:12067:900310835::2,0.0,2026-10-02T01:01:04.695736+02:00
306896497,de:12067:900310001::9,0.0,2026-10-02T01:01:04.695736+02:00
306896497,de:12067:900311149::2,0.0,2026-10-02T01:01:04.695736+02:00
306896497,de:12067:900310001::11,0.0,2026-10-02T01:01:04.695736+02:00
307438441,de:12066:900435000:1:50,0.0,2026-10-02T01:01:04.695736+02:00
307438441,de:12066:900435001:1:50,0.0,2026-10-02T01:01:04.695736+02:00
307438441,de:12052:900470000:1:50,0.0,2026-10-02T01:01:04.695736+02:00
307438204,de:14625:8000,0.0,2026-10-02T01:01:04.695736+02:00
307438204,de:14625:8144:1:Gleis1,0.0,2026-10-02T01:01:04.695736+02:00
307438204,de:14625:6810,0.0,2026-10-02T01:01:04.695736+02:00
307438204,de:12066:900435314:2:52,0.0,2026-10-02T01:01:04.695736+02:00
307438204,de:12066:900435061:3:53,0.0,2026-10-02T01:01:04.695736+02:00
307438204,de:12066:900435203:2:51,0.0,2026-10-02T01:01:04.695736+02:00
307438204,de:12062:900416008:1:50,0.0,2026-10-02T01:01:04.695736+02:00
307438204,de:12062:900415167:1:50,0.0,2026-10-02T01:01:04.695736+02:00
307438204,de:12062:900415240:1:50,0.0,2026-10-02T01:01:04.695736+02:00
307438204,de:12062:900415345:2:52,0.0,2026-10-02T01:01:04.695736+02:00
307433835,de:12065:900200005:2:1,0.0,2026-10-02T01:01:04.695736+02:00
307433835,de:11000:900152001:3:53,0.0,2026-10-02T01:01:04.695736+02:00
307433835,de:11000:900160004:4:56,0.0,2026-10-02T01:01:04.695736+02:00
307433835,de:11000:900120003:4:56,0.0,2026-10-02T01:01:04.695736+02:00
307433835,de:11000:900192001:1:50,0.0,2026-10-02T01:01:04.695736+02:00
307433835,de:12061:900260009:2:54,0.0,2026-10-02T01:01:04.695736+02:00
307433835,de:12072:900245030:2:51,0.0,2026-10-02T01:01:04.695736+02:00
307433835,de:12072:900245029:2:52,0.0,2026-10-02T01:01:04.695736+02:00
307433239,de:12060:900350127:2:51,0.0,2026-10-02T01:01:04.695736+02:00
307433239,de:12060:900350126:2:51,0.0,2026-10-02T01:01:04.695736+02:00
307433239,de:12060:900350137:2:51,0.0,2026-10-02T01:01:04.695736+02:00
307433239,de:12060:900350158:2:51,0.0,2026-10-02T01:01:04.695736+02:00
307433239,de:12060:900350160:2:52,0.0,2026-10-02T01:01:04.695736+02:00
307433239,de:11000:900152001:3:53,0.0,2026-10-02T01:01:04.695736+02:00
307433239,de:11000:900160004:4:56,0.0,2026-10-02T01:01:04.695736+02:00
307433239,de:11000:900120003:4:56,0.0,2026-10-02T01:01:04.695736+02:00
307433239,de:11000:900192001:1:50,0.0,2026-10-02T01:01:04.695736+02:00
307433239,de:12061:900260009:2:53,0.0,2026-10-02T01:01:04.695736+02:00
307433239,de:12072:900245027:2:53,-1.0,2026-10-02T01:01:04.695736+02:00
307440044,de:12071:900445360:1:50,0.0,2026-10-02T01:01:04.695736+02:00
307440044,de:12066:900435347:1:50,0.0,2026-10-02T01:01:04.695736+02:00
307440044,de:12066:900435001:2:52,0.0,2026-10-02T01:01:04.695736+02:00
307440044,de:12066:900435000:2:52,0.0,2026-10-02T01:01:04.695736+02:00
307440044,de:12066:900435061:2:51,0.0,2026-10-02T01:01:04.695736+02:00
307440044,de:12066:900435801:1:50,0.0,2026-10-02T01:01:04.695736+02:00
307440044,de:14627:5440,0.0,2026-10-02T01:01:04.695736+02:00
307440044,de:14627:5021,0.0,2026-10-02T01:01:04.695736+02:00
307440044,de:14627:5100,0.0,2026-10-02T01:01:04.695736+02:00
307440044,de:14627:4401,0.0,2026-10-02T01:01:04.695736+02:00
307440044,de:14627:4180,0.0,2026-10-02T01:01:04.695736+02:00
307440044,de:14612:16,0.0,2026-10-02T01:01:04.695736+02:00
307430563,de:12054:900230003:4:53,0.0,2026-10-02T01:01:04.695736+02:00
307430563,de:12054:900230999:1:51,0.0,2026-10-02T01:01:04.695736+02:00
307430563,de:12054:900230006:1:50,0.0,2026-10-02T01:01:04.695736+02:00
307430563,de:12054:900230007:1:50,0.0,2026-10-02T01:01:04.695736+02:00
307430563,de:12054:900220010:1:50,0.0,2026-10-02T01:01:04.695736+02:00
307430563,de:12054:900220012:2:51,0.0,2026-10-02T01:01:04.695736+02:00
307430563,de:12063:900210001:2:51,0.0,2026-10-02T01:01:04.695736+02:00
307430563,de:12065:900200000:1:51,0.0,2026-10-02T01:01:04.695736+02:00
307430563,de:12065:900200010:1:50,0.0,2026-10-02T01:01:04.695736+02:00
307430563,de:12065:900200008:1:50,0.0,2026-10-02T01:01:04.695736+02:00
307430563,de:12065:900200005:1:2,0.0,2026-10-02T01:01:04.695736+02:00
307430661,de:12065:900200005:1:2,0.0,2026-10-02T01:01:04.695736+02:00
307430661,de:12065:900200008:1:50,0.0,2026-10-02T01:01:04.695736+02:00
307430661,de:12065:900200010:1:50,0.0,2026-10-02T01:01:04.695736+02:00
307430661,de:12065:900200000:1:50,0.0,2026-10-02T01:01:04.695736+02:00
307430661,de:12063:900210001:1:50,0.0,2026-10-02T01:01:04.695736+02:00
307430661,de:12054:900220012:1:50,0.0,2026-10-02T01:01:04.695736+02:00
307430661,de:12054:900220010:2:51,0.0,2026-10-02T01:01:04.695736+02:00
307430661,de:12054:900230007:2:52,0.0,2026-10-02T01:01:04.695736+02:00
307430661,de:12054:900230006:2:51,0.0,2026-10-02T01:01:04.695736+02:00
307430661,de:12054:900230999:2:53,0.0,2026-10-02T01:01:04.695736+02:00
307430661,de:12054:900230003:4:53,0.0,2026-10-02T01:01:04.695736+02:00
295892958,de:12060:900350160:1:51,0.0,2026-10-02T01:01:04.695736+02:00
295892958,de:12060:900350161:1:50,-0.3,2026-10-02T01:01:04.695736+02:00
295892958,de:12060:900350163:1:50,-0.1,2026-10-02T01:01:04.695736+02:00
295892958,de:12060:900350162:1:50,-0.8,2026-10-02T01:01:04.695736+02:00
295892958,de:11000:900135001:1:50,-0.3,2026-10-02T01:01:04.695736+02:00
295892958,de:11000:900143001:1:51,-0.8,2026-10-02T01:01:04.695736+02:00
295892958,de:11000:900142001:1:51,-0.3,2026-10-02T01:01:04.695736+02:00
295892958,de:11000:900130001:1:51,-0.8,2026-10-02T01:01:04.695736+02:00
295892958,de:11000:900130002:1:51,-0.3,2026-10-02T01:01:04.695736+02:00
295892958,de:11000:900110011:1:51,-0.7,2026-10-02T01:01:04.695736+02:00
295892958,de:11000:900007102:1:50,-0.7,2026-10-02T01:01:04.695736+02:00
295892958,de:11000:900008101:1:50,-0.5,2026-10-02T01:01:04.695736+02:00
295892958,de:11000:900007104:1:51,-0.2,2026-10-02T01:01:04.695736+02:00
295892958,de:11000:900100007:1:50,-0.2,2026-10-02T01:01:04.695736+02:00
295892958,de:11000:900100001:4:56,0.0,2026-10-02T01:01:04.695736+02:00
295892958,de:11000:900100025:1:50,-0.9,2026-10-02T01:01:04.695736+02:00
295892958,de:11000:900100020:3:54,-0.9,2026-10-02T01:01:04.695736+02:00
295892958,de:11000:900012101:1:51,0.0,2026-10-02T01:01:04.695736+02:00
295892958,de:11000:900058103:1:50,-0.8,2026-10-02T01:01:04.695736+02:00
295892958,de:11000:900058101:1:50,-0.4,2026-10-02T01:01:04.695736+02:00
295892958,de:11000:900058102:1:50,-0.4,2026-10-02T01:01:04.695736+02:00
295892958,de:11000:900068301:1:50,-0.7,2026-10-02T01:01:04.695736+02:00
295892958,de:11000:900073101:1:50,-0.9,2026-10-02T01:01:04.695736+02:00
295892958,de:11000:900072101:1:50,-0.2,2026-10-02T01:01:04.695736+02:00
295892958,de:11000:900074202:1:50,-0.2,2026-10-02T01:01:04.695736+02:00
295892958,de:11000:900074201:1:50,-0.4,2026-10-02T01:01:04.695736+02:00
295892958,de:12072:900245028:1:51,-0.9,2026-10-02T01:01:04.695736+02:00
295892958,de:12072:900245027:2:52,-0.9,2026-10-02T01:01:04.695736+02:00
295893006,de:12060:900350160:1:51,0.0,2026-10-02T01:01:04.695736+02:00
295893006,de:12060:900350161:1:50,-0.3,2026-10-02T01:01:04.695736+02:00
295893006,de:12060:900350163:1:50,-0.1,2026-10-02T01:01:04.695736+02:00
295893006,de:12060:900350162:1:50,-0.8,2026-10-02T01:01:04.695736+02:00
295893006,de:11000:900135001:1:50,-0.3,2026-10-02T01:01:04.695736+02:00
295893006,de:11000:900143001:1:51,-0.8,2026-10-02T01:01:04.695736+02:00
295893006,de:11000:900142001:1:51,-0.3,2026-10-02T01:01:04.695736+02:00
295893006,de:11000:900130001:1:51,-0.8,2026-10-02T01:01:04.695736+02:00
295893006,de:11000:900130002:1:51,-0.3,2026-10-02T01:01:04.695736+02:00
295893006,de:11000:900110011:1:51,-0.7,2026-10-02T01:01:04.695736+02:00
295893006,de:11000:900007102:1:50,-0.7,2026-10-02T01:01:04.695736+02:00
295893006,de:11000:900008101:1:50,-0.5,2026-10-02T01:01:04.695736+02:00
295893006,de:11000:900007104:1:51,-0.2,2026-10-02T01:01:04.695736+02:00
295893006,de:11000:900100007:1:50,-0.2,2026-10-02T01:01:04.695736+02:00
295893006,de:11000:900100001:4:56,0.0,2026-10-02T01:01:04.695736+02:00
295893006,de:11000:900100025:1:50,-0.9,2026-10-02T01:01:04.695736+02:00
295893006,de:11000:900100020:3:54,-0.9,2026-10-02T01:01:04.695736+02:00
295893006,de:11000:900012101:1:51,0.0,2026-10-02T01:01:04.695736+02:00
295893006,de:11000:900058103:1:50,-0.8,2026-10-02T01:01:04.695736+02:00
295893006,de:11000:900058101:1:50,-0.4,2026-10-02T01:01:04.695736+02:00
295893006,de:11000:900058102:1:50,-0.4,2026-10-02T01:01:04.695736+02:00
295893006,de:11000:900068301:1:50,-0.7,2026-10-02T01:01:04.695736+02:00
295893006,de:11000:900073101:1:50,-0.9,2026-10-02T01:01:04.695736+02:00
295893006,de:11000:900072101:1:50,-0.2,2026-10-02T01:01:04.695736+02:00
295893006,de:11000:900074202:1:50,-0.2,2026-10-02T01:01:04.695736+02:00
295893006,de:11000:900074201:1:50,-0.4,2026-10-02T01:01:04.695736+02:00
295893006,de:12072:900245028:1:51,-0.9,2026-10-02T01:01:04.695736+02:00
295893006,de:12072:900245027:2:52,-0.9,2026-10-02T01:01:04.695736+02:00
295893079,de:12072:900245027:2:52,0.0,2026-10-02T01:01:04.695736+02:00
295893079,de:12072:900245028:1:50,-0.9,2026-10-02T01:01:04.695736+02:00
295893079,de:11000:900074201:1:50,-0.9,2026-10-02T01:01:04.695736+02:00
295893079,de:11000:900074202:2:51,-0.1,2026-10-02T01:01:04.695736+02:00
295893079,de:11000:900072101:2:51,-0.1,2026-10-02T01:01:04.695736+02:00
295893079,de:11000:900073101:1:51,-0.4,2026-10-02T01:01:04.695736+02:00
295893079,de:11000:900068301:1:51,-0.7,2026-10-02T01:01:04.695736+02:00
295893079,de:11000:900058102:2:51,-0.7,2026-10-02T01:01:04.695736+02:00
295893079,de:11000:900058101:1:51,-0.3,2026-10-02T01:01:04.695736+02:00
295893079,de:11000:900058103:1:51,-0.1,2026-10-02T01:01:04.695736+02:00
295893079,de:11000:900012101:2:53,-0.7,2026-10-02T01:01:04.695736+02:00
295893079,de:11000:900100020:4:57,-0.8,2026-10-02T01:01:04.695736+02:00
295893079,de:11000:900100025:1:51,-0.9,2026-10-02T01:01:04.695736+02:00
295893079,de:11000:900100001:4:57,-0.6,2026-10-02T01:01:04.695736+02:00
295893079,de:11000:900100007:1:51,-0.7,2026-10-02T01:01:04.695736+02:00
295893079,de:11000:900007104:2:52,-0.7,2026-10-02T01:01:04.695736+02:00
295893079,de:11000:900008101:1:51,-0.4,2026-10-02T01:01:04.695736+02:00
295893079,de:11000:900007102:2:53,-0.1,2026-10-02T01:01:04.695736+02:00
295893079,de:11000:900110011:2:52,-0.4,2026-10-02T01:01:04.695736+02:00
295893079,de:11000:900130002:1:50,-0.7,2026-10-02T01:01:04.695736+02:00
295893079,de:11000:900130001:1:50,-0.4,2026-10-02T01:01:04.695736+02:00
295893079,de:11000:900142001:1:50,-0.9,2026-10-02T01:01:04.695736+02:00
295893079,de:11000:900143001:1:51,-0.7,2026-10-02T01:01:04.695736+02:00
295893079,de:11000:900135001:1:50,-0.4,2026-10-02T01:01:04.695736+02:00
295893079,de:12060:900350162:1:50,0.0,2026-10-02T01:01:04.695736+02:00
295893079,de:12060:900350163:1:51,-0.4,2026-10-02T01:01:04.695736+02:00
295893079,de:12060:900350161:1:50,-0.7,2026-10-02T01:01:04.695736+02:00
295893079,de:12060:900350160:1:51,-0.4,2026-10-02T01:01:04.695736+02:00
307430313,de:12061:900260009:2:53,0.0,2026-10-02T01:01:04.695736+02:00
307430313,de:11000:900058101:3:54,0.0,2026-10-02T01:01:04.695736+02:00
307430313,de:11000:900100020:2:53,0.0,2026-10-02T01:01:04.695736+02:00
307430313,de:11000:900003200:4:57,0.0,2026-10-02T01:01:04.695736+02:00
306896199,de:12067:900311039::1,0.0,2026-10-02T01:01:04.695736+02:00
306896199,de:12067:900311034::2,0.0,2026-10-02T01:01:04.695736+02:00
306896199,de:12067:900311052::2,0.0,2026-10-02T01:01:04.695736+02:00
306896199,de:12067:900311036::1,0.0,2026-10-02T01:01:04.695736+02:00
306896199,de:12067:900310867::1,0.0,2026-10-02T01:01:04.695736+02:00
306896199,de:12067:900310868::2,0.0,2026-10-02T01:01:04.695736+02:00
306896199,de:12067:900310964::2,0.0,2026-10-02T01:01:04.695736+02:00
306896199,de:12067:900311021::1,0.0,2026-10-02T01:01:04.695736+02:00
306896199,de:12067:900311022::2,0.0,2026-10-02T01:01:04.695736+02:00
306896199,de:12067:900310635::2,0.0,2026-10-02T01:01:04.695736+02:00
306896199,de:12067:900310636::2,0.0,2026-10-02T01:01:04.695736+02:00
306896199,de:12067:900311025::2,0.0,2026-10-02T01:01:04.695736+02:00
306896199,de:12067:900311024::2,0.0,2026-10-02T01:01:04.695736+02:00
306896199,de:12067:900311023::1,-0.5,2026-10-02T01:01:04.695736+02:00
306896199,de:12067:900311114::1,0.0,2026-10-02T01:01:04.695736+02:00
306896199,de:12067:900310031::1,0.0,2026-10-02T01:01:04.695736+02:00
306896199,de:12067:900310555::2,0.0,2026-10-02T01:01:04.695736+02:00
306896199,de:12067:900310557::2,0.0,2026-10-02T01:01:04.695736+02:00
306896199,de:12067:900310013::7,0.0,2026-10-02T01:01:04.695736+02:00
295900388,de:12069:900220114:1:51,0.0,2026-10-02T01:01:04.695736+02:00
295900388,de:11000:900064201:1:51,-0.1,2026-10-02T01:01:04.695736+02:00
295900388,de:11000:900064256:1:51,0.0,2026-10-02T01:01:04.695736+02:00
295900388,de:11000:900064301:3:53,-0.3,2026-10-02T01:01:04.695736+02:00
295900388,de:11000:900067221:1:50,-0.3,2026-10-02T01:01:04.695736+02:00
295900388,de:11000:900063452:1:51,-0.4,2026-10-02T01:01:04.695736+02:00
295900388,de:11000:900058102:2:53,-0.5,2026-10-02T01:01:04.695736+02:00
295900388,de:11000:900058101:1:51,-0.3,2026-10-02T01:01:04.695736+02:00
295900388,de:11000:900058103:1:51,0.0,2026-10-02T01:01:04.695736+02:00
295900388,de:11000:900012101:2:53,-0.7,2026-10-02T01:01:04.695736+02:00
295900388,de:11000:900100020:4:57,-0.8,2026-10-02T01:01:04.695736+02:00
295900388,de:11000:900100025:1:51,-0.9,2026-10-02T01:01:04.695736+02:00
295900388,de:11000:900100001:4:57,-0.6,2026-10-02T01:01:04.695736+02:00
295900388,de:11000:900100007:1:51,-0.7,2026-10-02T01:01:04.695736+02:00
295900388,de:11000:900007104:2:52,-0.7,2026-10-02T01:01:04.695736+02:00
295900388,de:11000:900008101:1:51,-0.4,2026-10-02T01:01:04.695736+02:00
295900388,de:11000:900007102:2:53,-0.2,2026-10-02T01:01:04.695736+02:00
295900388,de:11000:900110011:2:53,-0.4,2026-10-02T01:01:04.695736+02:00
295900388,de:11000:900085201:1:50,-0.8,2026-10-02T01:01:04.695736+02:00
295900388,de:11000:900085105:1:50,-0.8,2026-10-02T01:01:04.695736+02:00
295900388,de:11000:900096458:1:50,-0.1,2026-10-02T01:01:04.695736+02:00
295900388,de:11000:900096405:1:50,-0.8,2026-10-02T01:01:04.695736+02:00
295900388,de:11000:900089303:1:50,-0.7,2026-10-02T01:01:04.695736+02:00
295900388,de:11000:900091205:1:50,-0.3,2026-10-02T01:01:04.695736+02:00
295900388,de:11000:900091203:1:50,-0.5,2026-10-02T01:01:04.695736+02:00
295900388,de:12065:900200000:4:54,-0.7,2026-10-02T01:01:04.695736+02:00
295900386,de:12069:900220114:1:51,0.0,2026-10-02T01:01:04.695736+02:00
295900386,de:11000:900064201:1:51,-0.1,2026-10-02T01:01:04.695736+02:00
295900386,de:11000:900064256:1:51,0.0,2026-10-02T01:01:04.695736+02:00
295900386,de:11000:900064301:3:53,-0.3,2026-10-02T01:01:04.695736+02:00
295900386,de:11000:900067221:1:50,-0.3,2026-10-02T01:01:04.695736+02:00
295900386,de:11000:900063452:1:51,-0.4,2026-10-02T01:01:04.695736+02:00
295900386,de:11000:900058102:2:53,-0.5,2026-10-02T01:01:04.695736+02:00
295900386,de:11000:900058101:1:51,-0.3,2026-10-02T01:01:04.695736+02:00
295900386,de:11000:900058103:1:51,0.0,2026-10-02T01:01:04.695736+02:00
295900386,de:11000:900012101:2:53,-0.7,2026-10-02T01:01:04.695736+02:00
295900386,de:11000:900100020:4:57,-0.8,2026-10-02T01:01:04.695736+02:00
295900386,de:11000:900100025:1:51,-0.9,2026-10-02T01:01:04.695736+02:00
295900386,de:11000:900100001:4:57,-0.6,2026-10-02T01:01:04.695736+02:00
295900386,de:11000:900100007:1:51,-0.7,2026-10-02T01:01:04.695736+02:00
295900386,de:11000:900007104:2:52,-0.7,2026-10-02T01:01:04.695736+02:00
295900386,de:11000:900008101:1:51,-0.4,2026-10-02T01:01:04.695736+02:00
295900386,de:11000:900007102:2:53,-0.2,2026-10-02T01:01:04.695736+02:00
295900386,de:11000:900110011:2:53,-0.4,2026-10-02T01:01:04.695736+02:00
295900386,de:11000:900085201:1:50,-0.8,2026-10-02T01:01:04.695736+02:00
295900386,de:11000:900085105:1:50,-0.8,2026-10-02T01:01:04.695736+02:00
295900386,de:11000:900096458:1:50,-0.1,2026-10-02T01:01:04.695736+02:00
295900386,de:11000:900096405:1:50,-0.8,2026-10-02T01:01:04.695736+02:00
295900386,de:11000:900089303:1:50,-0.7,2026-10-02T01:01:04.695736+02:00
295900386,de:11000:900091205:1:50,-0.3,2026-10-02T01:01:04.695736+02:00
295900386,de:11000:900091203:1:50,-0.5,2026-10-02T01:01:04.695736+02:00
295900386,de:12065:900200000:4:54,-0.7,2026-10-02T01:01:04.695736+02:00
295900253,de:12065:900200000:1:55,0.0,2026-10-02T01:01:04.695736+02:00
295900253,de:11000:900091203:1:50,0.0,2026-10-02T01:01:04.695736+02:00
295900253,de:11000:900091205:1:50,-0.2,2026-10-02T01:01:04.695736+02:00
295900253,de:11000:900089303:1:51,-0.5,2026-10-02T01:01:04.695736+02:00
295900253,de:11000:900096405:1:50,-0.8,2026-10-02T01:01:04.695736+02:00
295900253,de:11000:900096458:1:50,-0.5,2026-10-02T01:01:04.695736+02:00
295900253,de:11000:900085105:1:50,-0.8,2026-10-02T01:01:04.695736+02:00
295900253,de:11000:900085201:1:51,0.0,2026-10-02T01:01:04.695736+02:00
295900253,de:11000:900130003:1:51,-0.8,2026-10-02T01:01:04.695736+02:00
295900253,de:11000:900110011:1:50,-0.9,2026-10-02T01:01:04.695736+02:00
295900253,de:11000:900007102:1:50,-0.7,2026-10-02T01:01:04.695736+02:00
295900253,de:11000:900008101:1:50,-0.4,2026-10-02T01:01:04.695736+02:00
295900253,de:11000:900007104:1:51,-0.2,2026-10-02T01:01:04.695736+02:00
295900253,de:11000:900100007:1:50,-0.2,2026-10-02T01:01:04.695736+02:00
295900253,de:11000:900100001:4:56,0.0,2026-10-02T01:01:04.695736+02:00
295900253,de:11000:900100025:1:50,-0.9,2026-10-02T01:01:04.695736+02:00
295900253,de:11000:900100020:3:54,-0.9,2026-10-02T01:01:04.695736+02:00
295900253,de:11000:900012101:1:51,0.0,2026-10-02T01:01:04.695736+02:00
295900253,de:11000:900058103:1:50,-0.7,2026-10-02T01:01:04.695736+02:00
295900253,de:11000:900058101:1:50,-0.3,2026-10-02T01:01:04.695736+02:00
295900253,de:11000:900058102:1:52,0.0,2026-10-02T01:01:04.695736+02:00
295900253,de:11000:900063452:1:50,-0.1,2026-10-02T01:01:04.695736+02:00
295900253,de:11000:900067221:1:50,-0.2,2026-10-02T01:01:04.695736+02:00
295900253,de:11000:900064301:3:52,-0.2,2026-10-02T01:01:04.695736+02:00
295900253,de:11000:900064256:1:50,-0.7,2026-10-02T01:01:04.695736+02:00
295900253,de:11000:900064201:1:50,-0.6,2026-10-02T01:01:04.695736+02:00
295900253,de:12069:900220114:1:51,-0.9,2026-10-02T01:01:04.695736+02:00
295900380,de:12069:900220114:1:51,0.0,2026-10-02T01:01:04.695736+02:00
295900380,de:11000:900064201:1:51,-0.1,2026-10-02T01:01:04.695736+02:00
295900380,de:11000:900064256:1:51,0.0,2026-10-02T01:01:04.695736+02:00
295900380,de:11000:900064301:3:53,-0.3,2026-10-02T01:01:04.695736+02:00
295900380,de:11000:900067221:1:50,-0.3,2026-10-02T01:01:04.695736+02:00
295900380,de:11000:900063452:1:51,-0.4,2026-10-02T01:01:04.695736+02:00
295900380,de:11000:900058102:2:53,-0.5,2026-10-02T01:01:04.695736+02:00
295900380,de:11000:900058101:1:51,-0.3,2026-10-02T01:01:04.695736+02:00
295900380,de:11000:900058103:1:51,0.0,2026-10-02T01:01:04.695736+02:00
295900380,de:11000:900012101:2:53,-0.7,2026-10-02T01:01:04.695736+02:00
295900380,de:11000:900100020:4:57,-0.8,2026-10-02T01:01:04.695736+02:00
295900380,de:11000:900100025:1:51,-0.9,2026-10-02T01:01:04.695736+02:00
295900380,de:11000:900100001:4:57,-0.6,2026-10-02T01:01:04.695736+02:00
295900380,de:11000:900100007:1:51,-0.7,2026-10-02T01:01:04.695736+02:00
295900380,de:11000:900007104:2:52,-0.7,2026-10-02T01:01:04.695736+02:00
295900380,de:11000:900008101:1:51,-0.4,2026-10-02T01:01:04.695736+02:00
295900380,de:11000:900007102:2:53,-0.2,2026-10-02T01:01:04.695736+02:00
295900380,de:11000:900110011:2:53,-0.4,2026-10-02T01:01:04.695736+02:00
295900380,de:11000:900085201:1:50,-0.8,2026-10-02T01:01:04.695736+02:00
295900380,de:11000:900085105:1:50,-0.8,2026-10-02T01:01:04.695736+02:00
295900380,de:11000:900096458:1:50,-0.1,2026-10-02T01:01:04.695736+02:00
295900380,de:11000:900096405:1:50,-0.8,2026-10-02T01:01:04.695736+02:00
295900380,de:11000:900089303:1:50,-0.7,2026-10-02T01:01:04.695736+02:00
295900380,de:11000:900091205:1:50,-0.3,2026-10-02T01:01:04.695736+02:00
295900380,de:11000:900091203:1:50,-0.5,2026-10-02T01:01:04.695736+02:00
295900380,de:12065:900200000:4:54,-0.7,2026-10-02T01:01:04.695736+02:00
295900378,de:12069:900220114:1:51,0.0,2026-10-02T01:01:04.695736+02:00
295900378,de:11000:900064201:1:51,-0.1,2026-10-02T01:01:04.695736+02:00
295900378,de:11000:900064256:1:51,0.0,2026-10-02T01:01:04.695736+02:00
295900378,de:11000:900064301:3:53,-0.3,2026-10-02T01:01:04.695736+02:00
295900378,de:11000:900067221:1:50,-0.3,2026-10-02T01:01:04.695736+02:00
295900378,de:11000:900063452:1:51,-0.4,2026-10-02T01:01:04.695736+02:00
295900378,de:11000:900058102:2:53,-0.5,2026-10-02T01:01:04.695736+02:00
295900378,de:11000:900058101:1:51,-0.3,2026-10-02T01:01:04.695736+02:00
295900378,de:11000:900058103:1:51,0.0,2026-10-02T01:01:04.695736+02:00
295900378,de:11000:900012101:2:53,-0.7,2026-10-02T01:01:04.695736+02:00
295900378,de:11000:900100020:4:57,-0.8,2026-10-02T01:01:04.695736+02:00
295900378,de:11000:900100025:1:51,-0.9,2026-10-02T01:01:04.695736+02:00
295900378,de:11000:900100001:4:57,-0.6,2026-10-02T01:01:04.695736+02:00
295900378,de:11000:900100007:1:51,-0.7,2026-10-02T01:01:04.695736+02:00
295900378,de:11000:900007104:2:52,-0.7,2026-10-02T01:01:04.695736+02:00
295900378,de:11000:900008101:1:51,-0.4,2026-10-02T01:01:04.695736+02:00
295900378,de:11000:900007102:2:53,-0.2,2026-10-02T01:01:04.695736+02:00
295900378,de:11000:900110011:2:53,-0.4,2026-10-02T01:01:04.695736+02:00
295900378,de:11000:900085201:1:50,-0.8,2026-10-02T01:01:04.695736+02:00
295900378,de:11000:900085105:1:50,-0.8,2026-10-02T01:01:04.695736+02:00
295900378,de:11000:900096458:1:50,-0.1,2026-10-02T01:01:04.695736+02:00
295900378,de:11000:900096405:1:50,-0.8,2026-10-02T01:01:04.695736+02:00
295900378,de:11000:900089303:1:50,-0.7,2026-10-02T01:01:04.695736+02:00
295900378,de:11000:900091205:1:50,-0.3,2026-10-02T01:01:04.695736+02:00
295900378,de:11000:900091203:1:50,-0.5,2026-10-02T01:01:04.695736+02:00
295900378,de:12065:900200000:4:54,-0.7,2026-10-02T01:01:04.695736+02:00
295896075,de:11000:900135001:1:50,0.0,2026-10-02T01:01:04.695736+02:00
295896075,de:11000:900143001:1:51,-0.8,2026-10-02T01:01:04.695736+02:00
295896075,de:11000:900142001:1:51,-0.3,2026-10-02T01:01:04.695736+02:00
295896075,de:11000:900130001:1:51,-0.8,2026-10-02T01:01:04.695736+02:00
295896075,de:11000:900130002:1:51,-0.3,2026-10-02T01:01:04.695736+02:00
295896075,de:11000:900110011:1:51,-0.7,2026-10-02T01:01:04.695736+02:00
295896075,de:11000:900007102:1:50,-0.7,2026-10-02T01:01:04.695736+02:00
295896075,de:11000:900008101:1:50,-0.5,2026-10-02T01:01:04.695736+02:00
295896075,de:11000:900007104:1:51,-0.2,2026-10-02T01:01:04.695736+02:00
295896075,de:11000:900100007:1:50,-0.2,2026-10-02T01:01:04.695736+02:00
295896075,de:11000:900100001:4:56,0.0,2026-10-02T01:01:04.695736+02:00
295896075,de:11000:900100025:1:50,-0.9,2026-10-02T01:01:04.695736+02:00
295896075,de:11000:900100020:3:54,-0.9,2026-10-02T01:01:04.695736+02:00
295896075,de:11000:900012101:1:51,0.0,2026-10-02T01:01:04.695736+02:00
295896075,de:11000:900058103:1:50,-0.8,2026-10-02T01:01:04.695736+02:00
295896075,de:11000:900058101:1:50,-0.4,2026-10-02T01:01:04.695736+02:00
295896075,de:11000:900058102:1:50,-0.4,2026-10-02T01:01:04.695736+02:00
295896075,de:11000:900068301:1:50,-0.7,2026-10-02T01:01:04.695736+02:00
295896075,de:11000:900073101:1:50,-0.9,2026-10-02T01:01:04.695736+02:00
295896075,de:11000:900072101:1:50,-0.2,2026-10-02T01:01:04.695736+02:00
295896075,de:11000:900074202:1:50,-0.2,2026-10-02T01:01:04.695736+02:00
295896075,de:11000:900074201:1:50,-0.4,2026-10-02T01:01:04.695736+02:00
295896058,de:11000:900135001:1:50,0.0,2026-10-02T01:01:04.695736+02:00
295896058,de:11000:900143001:1:51,-0.8,2026-10-02T01:01:04.695736+02:00
295896058,de:11000:900142001:1:51,-0.3,2026-10-02T01:01:04.695736+02:00
295896058,de:11000:900130001:1:51,-0.8,2026-10-02T01:01:04.695736+02:00
295896058,de:11000:900130002:1:51,-0.3,2026-10-02T01:01:04.695736+02:00
295896058,de:11000:900110011:1:51,-0.7,2026-10-02T01:01:04.695736+02:00
295896058,de:11000:900007102:1:50,-0.7,2026-10-02T01:01:04.695736+02:00
295896058,de:11000:900008101:1:50,-0.5,2026-10-02T01:01:04.695736+02:00
295896058,de:11000:900007104:1:51,-0.2,2026-10-02T01:01:04.695736+02:00
295896058,de:11000:900100007:1:50,-0.2,2026-10-02T01:01:04.695736+02:00
295896058,de:11000:900100001:4:56,0.0,2026-10-02T01:01:04.695736+02:00
295896058,de:11000:900100025:1:50,-0.9,2026-10-02T01:01:04.695736+02:00
295896058,de:11000:900100020:3:54,-0.9,2026-10-02T01:01:04.695736+02:00
295896058,de:11000:900012101:1:51,0.0,2026-10-02T01:01:04.695736+02:00
295896058,de:11000:900058103:1:50,-0.8,2026-10-02T01:01:04.695736+02:00
295896058,de:11000:900058101:1:50,-0.4,2026-10-02T01:01:04.695736+02:00
295896058,de:11000:900058102:1:50,-0.4,2026-10-02T01:01:04.695736+02:00
295896058,de:11000:900068301:1:50,-0.7,2026-10-02T01:01:04.695736+02:00
295896058,de:11000:900073101:1:50,-0.9,2026-10-02T01:01:04.695736+02:00
295896058,de:11000:900072101:1:50,-0.2,2026-10-02T01:01:04.695736+02:00
295896058,de:11000:900074202:1:50,-0.2,2026-10-02T01:01:04.695736+02:00
295896058,de:11000:900074201:1:50,-0.4,2026-10-02T01:01:04.695736+02:00
295903155,de:12069:900220114:1:50,0.0,2026-10-02T01:01:04.695736+02:00
295903155,de:11000:900064201:1:51,-0.1,2026-10-02T01:01:04.695736+02:00
295903155,de:11000:900064256:1:51,0.0,2026-10-02T01:01:04.695736+02:00
295903155,de:11000:900064301:3:53,-0.3,2026-10-02T01:01:04.695736+02:00
295903155,de:11000:900067221:1:50,-0.3,2026-10-02T01:01:04.695736+02:00
295903155,de:11000:900063452:1:51,-0.4,2026-10-02T01:01:04.695736+02:00
295903155,de:11000:900058102:2:53,-0.5,2026-10-02T01:01:04.695736+02:00
295903155,de:11000:900058101:1:51,-0.3,2026-10-02T01:01:04.695736+02:00
295903155,de:11000:900058103:1:51,0.0,2026-10-02T01:01:04.695736+02:00
295903155,de:11000:900012101:2:53,-0.7,2026-10-02T01:01:04.695736+02:00
295903155,de:11000:900100020:4:57,-0.8,2026-10-02T01:01:04.695736+02:00
295903155,de:11000:900100025:1:51,-0.9,2026-10-02T01:01:04.695736+02:00
295903155,de:11000:900100001:4:57,-0.6,2026-10-02T01:01:04.695736+02:00
295903155,de:11000:900100007:1:51,-0.7,2026-10-02T01:01:04.695736+02:00
295903155,de:11000:900007104:2:52,-0.7,2026-10-02T01:01:04.695736+02:00
295903155,de:11000:900008101:1:51,-0.4,2026-10-02T01:01:04.695736+02:00
295903155,de:11000:900007102:2:53,-0.2,2026-10-02T01:01:04.695736+02:00
295903155,de:11000:900110011:2:52,-0.4,2026-10-02T01:01:04.695736+02:00
295903155,de:11000:900130002:1:50,0.0,2026-10-02T01:01:04.695736+02:00
295903155,de:11000:900130001:1:50,-0.7,2026-10-02T01:01:04.695736+02:00
295903155,de:11000:900142001:1:50,-0.2,2026-10-02T01:01:04.695736+02:00
295907149,de:12067:900310004:3:53,0.0,2026-10-02T01:01:04.695736+02:00
295907149,de:11000:900183002:1:50,-0.1,2026-10-02T01:01:04.695736+02:00
295907149,de:11000:900183001:1:50,-0.4,2026-10-02T01:01:04.695736+02:00
295907149,de:11000:900182002:1:50,0.0,2026-10-02T01:01:04.695736+02:00
295907149,de:11000:900182001:1:50,-0.2,2026-10-02T01:01:04.695736+02:00
295907149,de:11000:900180001:1:50,-0.7,2026-10-02T01:01:04.695736+02:00
295907149,de:11000:900180002:1:50,-0.7,2026-10-02T01:01:04.695736+02:00
295907149,de:11000:900162001:1:50,-0.9,2026-10-02T01:01:04.695736+02:00
295907149,de:11000:900160002:1:50,0.0,2026-10-02T01:01:04.695736+02:00
295907149,de:11000:900160001:1:50,-0.3,2026-10-02T01:01:04.695736+02:00
295907149,de:11000:900120003:3:55,-0.1,2026-10-02T01:01:04.695736+02:00
295907149,de:11000:900120004:2:53,-0.6,2026-10-02T01:01:04.695736+02:00
295907149,de:11000:900120005:5:58,-0.9,2026-10-02T01:01:04.695736+02:00
295907149,de:11000:900100004:1:51,-0.4,2026-10-02T01:01:04.695736+02:00
295907149,de:11000:900100003:2:53,-0.4,2026-10-02T01:01:04.695736+02:00
295907149,de:11000:900100002:1:51,-0.4,2026-10-02T01:01:04.695736+02:00
295907149,de:11000:900100001:3:55,-0.4,2026-10-02T01:01:04.695736+02:00
295907149,de:11000:900003201:3:55,-0.1,2026-10-02T01:01:04.695736+02:00
295907149,de:11000:900003102:1:51,-0.8,2026-10-02T01:01:04.695736+02:00
295907149,de:11000:900003103:1:51,-0.9,2026-10-02T01:01:04.695736+02:00
295907149,de:11000:900023201:3:55,-0.8,2026-10-02T01:01:04.695736+02:00
295907149,de:11000:900024203:1:51,-0.8,2026-10-02T01:01:04.695736+02:00
295907149,de:11000:900024101:4:57,-0.8,2026-10-02T01:01:04.695736+02:00
295907149,de:11000:900024102:1:50,-0.1,2026-10-02T01:01:04.695736+02:00
295907149,de:11000:900025423:1:50,-0.4,2026-10-02T01:01:04.695736+02:00
295907149,de:11000:900026105:1:50,-0.7,2026-10-02T01:01:04.695736+02:00
295907149,de:11000:900025321:1:50,-0.3,2026-10-02T01:01:04.695736+02:00
295907149,de:11000:900025424:1:50,-0.3,2026-10-02T01:01:04.695736+02:00
295907149,de:11000:900030202:1:50,-0.9,2026-10-02T01:01:04.695736+02:00
295907149,de:11000:900029101:1:50,-0.9,2026-10-02T01:01:04.695736+02:00
307444548,de:11000:900029101:3:54,0.0,2026-10-02T01:01:04.695736+02:00
307444548,de:11000:900020201:1:50,0.0,2026-10-02T01:01:04.695736+02:00
307444548,de:11000:900003200:1:51,0.0,2026-10-02T01:01:04.695736+02:00
307444548,de:11000:900100020:1:51,0.0,2026-10-02T01:01:04.695736+02:00
307444548,de:11000:900058101:2:53,0.0,2026-10-02T01:01:04.695736+02:00
307444548,de:11000:900064301:1:50,0.0,2026-10-02T01:01:04.695736+02:00
307444548,de:12072:900245029:1:50,0.0,2026-10-02T01:01:04.695736+02:00
307444548,de:12072:900245037:1:50,0.0,2026-10-02T01:01:04.695736+02:00
307444548,de:12072:900245010:1:50,0.0,2026-10-02T01:01:04.695736+02:00
307444548,de:12072:900245016:1:50,0.0,2026-10-02T01:01:04.695736+02:00
307444548,de:12072:900245002:2:52,0.0,2026-10-02T01:01:04.695736+02:00
307444548,de:12072:900245019:2:51,0.0,2026-10-02T01:01:04.695736+02:00
307444548,de:12072:900245303:1:50,0.0,2026-10-02T01:01:04.695736+02:00
307444548,000300838001,0.0,2026-10-02T01:01:04.695736+02:00
307444548,000300839001,0.0,2026-10-02T01:01:04.695736+02:00
307444548,de:12062:900415683:1:50,0.0,2026-10-02T01:01:04.695736+02:00
307444548,de:12062:900415345:1:50,0.0,2026-10-02T01:01:04.695736+02:00
307444092,de:12062:900415683:1:50,0.0,2026-10-02T01:01:04.695736+02:00
307444092,000300839001,0.0,2026-10-02T01:01:04.695736+02:00
307444092,000300838001,0.0,2026-10-02T01:01:04.695736+02:00
307444092,de:12072:900245303:1:50,0.0,2026-10-02T01:01:04.695736+02:00
307444092,de:12072:900245019:1:50,0.0,2026-10-02T01:01:04.695736+02:00
307444092,de:12072:900245002:3:53,0.0,2026-10-02T01:01:04.695736+02:00
307443348,de:12073:900340004:3:54,0.0,2026-10-02T01:01:04.695736+02:00
307443348,de:12060:900350127:3:53,0.0,2026-10-02T01:01:04.695736+02:00
307443348,de:12060:900350137:2:51,0.0,2026-10-02T01:01:04.695736+02:00
307443348,de:12060:900350160:2:52,0.0,2026-10-02T01:01:04.695736+02:00
307443348,de:11000:900007102:4:56,0.0,2026-10-02T01:01:04.695736+02:00
307443033,de:11000:900007102:5:58,0.0,2026-10-02T01:01:04.695736+02:00
307443033,de:12060:900350160:2:53,0.0,2026-10-02T01:01:04.695736+02:00
307443033,de:12060:900350127:2:51,0.0,2026-10-02T01:01:04.695736+02:00
307443033,de:12073:900340004:3:54,0.0,2026-10-02T01:01:04.695736+02:00
306896369,de:12067:900311129::4,0.0,2026-10-02T01:01:04.695736+02:00
306896369,de:12067:900310755::2,0.0,2026-10-02T01:01:04.695736+02:00
306896369,de:12067:900310728::3,0.0,2026-10-02T01:01:04.695736+02:00
306896369,de:12067:900310727::3,0.0,2026-10-02T01:01:04.695736+02:00
306896369,de:12067:900310942::1,0.0,2026-10-02T01:01:04.695736+02:00
306896369,de:12067:900310716::1,0.0,2026-10-02T01:01:04.695736+02:00
306896369,de:12067:900310740::1,0.0,2026-10-02T01:01:04.695736+02:00
306896369,de:12067:900310739::2,0.0,2026-10-02T01:01:04.695736+02:00
306896369,de:12067:900310747::2,0.0,2026-10-02T01:01:04.695736+02:00
306896369,de:12067:900310924::2,0.0,2026-10-02T01:01:04.695736+02:00
306896369,de:12067:900310925::1,0.0,2026-10-02T01:01:04.695736+02:00
306896369,de:12067:900310600::2,0.0,2026-10-02T01:01:04.695736+02:00
306896369,de:12067:900310829::1,0.0,2026-10-02T01:01:04.695736+02:00
306896369,de:12067:900310827::2,0.0,2026-10-02T01:01:04.695736+02:00
306896369,de:12067:900310982::1,0.0,2026-10-02T01:01:04.695736+02:00
306896369,de:12067:900310757::2,0.0,2026-10-02T01:01:04.695736+02:00
306896369,de:12067:900310756::2,0.0,2026-10-02T01:01:04.695736+02:00
306896369,de:12067:900310118::2,0.0,2026-10-02T01:01:04.695736+02:00
306896369,de:12067:900310100::2,0.0,2026-10-02T01:01:04.695736+02:00
306896369,de:12067:900310108::2,0.0,2026-10-02T01:01:04.695736+02:00
306896369,de:12067:900310111::2,0.0,2026-10-02T01:01:04.695736+02:00
306896369,de:12067:900310101::2,0.0,2026-10-02T01:01:04.695736+02:00
306896369,de:12067:900310112::2,0.0,2026-10-02T01:01:04.695736+02:00
306896369,de:12067:900310109::1,0.0,2026-10-02T01:01:04.695736+02:00
306896369,de:12067:900310040::2,0.0,2026-10-02T01:01:04.695736+02:00
306896369,de:12067:900310105::2,0.0,2026-10-02T01:01:04.695736+02:00
306896369,de:12067:900310970::2,0.0,2026-10-02T01:01:04.695736+02:00
306896369,de:12067:900310972::2,0.0,2026-10-02T01:01:04.695736+02:00
306896369,de:12067:900310810::1,0.0,2026-10-02T01:01:04.695736+02:00
306896369,de:12067:900310769::2,0.0,2026-10-02T01:01:04.695736+02:00
306896369,de:12067:900310695::3,0.0,2026-10-02T01:01:04.695736+02:00
306896369,de:12067:900310812::2,0.0,2026-10-02T01:01:04.695736+02:00
306896369,de:12067:900310630::2,0.0,2026-10-02T01:01:04.695736+02:00
306896369,de:12067:900310811::2,0.0,2026-10-02T01:01:04.695736+02:00
306896369,de:12067:900310771::2,0.0,2026-10-02T01:01:04.695736+02:00
306896369,de:12067:900310822::2,0.0,2026-10-02T01:01:04.695736+02:00
306896369,de:12067:900310781::2,0.0,2026-10-02T01:01:04.695736+02:00
306896369,de:12067:900310627::2,-0.5,2026-10-02T01:01:04.695736+02:00
306896369,de:12067:900310816::2,0.0,2026-10-02T01:01:04.695736+02:00
306896369,de:12067:900310022::1,0.0,2026-10-02T01:01:04.695736+02:00
306896369,de:12067:900310001::11,0.0,2026-10-02T01:01:04.695736+02:00
307275445,de:11000:900182002:1:50,0.0,2026-10-02T01:01:04.695736+02:00
307275445,de:11000:900182001:1:50,-0.2,2026-10-02T01:01:04.695736+02:00
307275445,de:11000:900180001:1:50,-0.7,2026-10-02T01:01:04.695736+02:00
307275445,de:11000:900180002:1:50,-0.7,2026-10-02T01:01:04.695736+02:00
307275445,de:11000:900162001:1:50,-0.9,2026-10-02T01:01:04.695736+02:00
307275445,de:11000:900160002:1:50,0.0,2026-10-02T01:01:04.695736+02:00
307275445,de:11000:900160001:1:50,-0.3,2026-10-02T01:01:04.695736+02:00
307275445,de:11000:900120003:3:54,-0.1,2026-10-02T01:01:04.695736+02:00
307275445,de:11000:900120004:2:52,-0.6,2026-10-02T01:01:04.695736+02:00
307275445,de:11000:900120005:5:57,-0.9,2026-10-02T01:01:04.695736+02:00
307275445,de:11000:900100004:1:51,-0.9,2026-10-02T01:01:04.695736+02:00
307275445,de:11000:900100003:2:53,-0.9,2026-10-02T01:01:04.695736+02:00
307275445,de:11000:900100002:1:51,-0.9,2026-10-02T01:01:04.695736+02:00
307275445,de:11000:900100001:3:55,-0.9,2026-10-02T01:01:04.695736+02:00
307275445,de:11000:900003201:3:55,-0.6,2026-10-02T01:01:04.695736+02:00
307275445,de:11000:900003102:1:51,-0.3,2026-10-02T01:01:04.695736+02:00
307275445,de:11000:900003103:1:51,-0.4,2026-10-02T01:01:04.695736+02:00
307275445,de:11000:900023201:3:55,-0.3,2026-10-02T01:01:04.695736+02:00
307275445,de:11000:900024203:1:51,-0.3,2026-10-02T01:01:04.695736+02:00
307275445,de:11000:900024101:4:56,-0.3,2026-10-02T01:01:04.695736+02:00
307440902,de:12070:900216026:3:53,0.0,2026-10-02T01:01:04.695736+02:00
307440902,de:12070:900216013:1:50,0.0,2026-10-02T01:01:04.695736+02:00
307440902,de:12070:900215696:1:50,0.0,2026-10-02T01:01:04.695736+02:00
307440902,de:12070:900215350:1:50,0.0,2026-10-02T01:01:04.695736+02:00
307440902,de:12070:900215723:1:50,0.0,2026-10-02T01:01:04.695736+02:00
307440902,de:12068:900205322:1:50,0.0,2026-10-02T01:01:04.695736+02:00
307440902,de:12068:900205130:1:50,0.0,2026-10-02T01:01:04.695736+02:00
307440902,de:12068:900205617:2:51,0.0,2026-10-02T01:01:04.695736+02:00
307440902,de:12068:900205006:1:50,0.0,2026-10-02T01:01:04.695736+02:00
307440902,de:12068:900205005:1:50,0.0,2026-10-02T01:01:04.695736+02:00
307440902,de:12068:900205512:1:50,0.0,2026-10-02T01:01:04.695736+02:00
307440902,de:12065:900203491:1:50,0.0,2026-10-02T01:01:04.695736+02:00
307440902,de:12065:900203452:1:50,0.0,2026-10-02T01:01:04.695736+02:00
307440902,de:12065:900200004:1:51,0.0,2026-10-02T01:01:04.695736+02:00
307440902,de:12065:900200000:1:50,0.0,2026-10-02T01:01:04.695736+02:00
295910335,de:12067:900310004:3:52,0.0,2026-10-02T01:01:04.695736+02:00
295910335,de:11000:900183002:1:50,-0.1,2026-10-02T01:01:04.695736+02:00
295910335,de:11000:900183001:1:50,-0.4,2026-10-02T01:01:04.695736+02:00
295910335,de:11000:900182002:1:50,0.0,2026-10-02T01:01:04.695736+02:00
295910335,de:11000:900182001:1:50,-0.2,2026-10-02T01:01:04.695736+02:00
295910335,de:11000:900180001:1:50,-0.7,2026-10-02T01:01:04.695736+02:00
295910335,de:11000:900180002:1:50,-0.7,2026-10-02T01:01:04.695736+02:00
295910335,de:11000:900162001:1:50,-0.9,2026-10-02T01:01:04.695736+02:00
295910335,de:11000:900160002:1:50,0.0,2026-10-02T01:01:04.695736+02:00
295910335,de:11000:900160001:1:50,-0.3,2026-10-02T01:01:04.695736+02:00
295910335,de:11000:900120003:3:55,-0.1,2026-10-02T01:01:04.695736+02:00
295910335,de:11000:900120004:2:53,-0.6,2026-10-02T01:01:04.695736+02:00
295910335,de:11000:900120005:5:58,-0.9,2026-10-02T01:01:04.695736+02:00
295910335,de:11000:900100004:1:51,-0.9,2026-10-02T01:01:04.695736+02:00
295910335,de:11000:900100003:2:53,-0.9,2026-10-02T01:01:04.695736+02:00
295910335,de:11000:900100002:1:51,-0.9,2026-10-02T01:01:04.695736+02:00
295910335,de:11000:900100001:3:55,-0.9,2026-10-02T01:01:04.695736+02:00
295910335,de:11000:900003201:3:55,-0.6,2026-10-02T01:01:04.695736+02:00
295910335,de:11000:900003102:1:51,-0.3,2026-10-02T01:01:04.695736+02:00
295910335,de:11000:900003103:1:51,-0.4,2026-10-02T01:01:04.695736+02:00
295910335,de:11000:900023201:3:55,-0.3,2026-10-02T01:01:04.695736+02:00
295910335,de:11000:900024203:1:51,-0.3,2026-10-02T01:01:04.695736+02:00
295910335,de:11000:900024101:4:56,-0.3,2026-10-02T01:01:04.695736+02:00
307436288,de:11000:900024101:1:51,0.0,2026-10-02T01:01:04.695736+02:00
307436288,de:11000:900053301:3:54,0.0,2026-10-02T01:01:04.695736+02:00
307436288,de:12054:900230001:1:50,0.0,2026-10-02T01:01:04.695736+02:00
307436288,de:12069:900220008:1:50,0.0,2026-10-02T01:01:04.695736+02:00
307436288,de:12069:900220006:1:50,0.0,2026-10-02T01:01:04.695736+02:00
307436288,de:12069:900220003:1:50,0.0,2026-10-02T01:01:04.695736+02:00
307436288,de:12069:900220004:1:50,0.0,2026-10-02T01:01:04.695736+02:00
307436288,de:12069:900220005:1:50,0.0,2026-10-02T01:01:04.695736+02:00
307436288,de:12069:900222030:1:50,0.0,2026-10-02T01:01:04.695736+02:00
307436288,de:12069:900220141:1:50,0.0,2026-10-02T01:01:04.695736+02:00
307436288,de:12069:900220142:1:50,0.0,2026-10-02T01:01:04.695736+02:00
307436288,de:12069:900220143:1:50,0.0,2026-10-02T01:01:04.695736+02:00
307280571,de:11000:900020202:1:51,0.0,2026-10-02T01:01:04.695736+02:00
307280571,de:11000:900001201:1:51,-0.2,2026-10-02T01:01:04.695736+02:00
307280571,de:11000:900009104:1:51,-0.8,2026-10-02T01:01:04.695736+02:00
307280571,de:11000:900007102:2:52,-0.9,2026-10-02T01:01:04.695736+02:00
307280571,de:11000:900110001:1:50,-0.6,2026-10-02T01:01:04.695736+02:00
307280571,de:11000:900110002:1:50,-0.4,2026-10-02T01:01:04.695736+02:00
307280571,de:11000:900110003:1:50,-0.4,2026-10-02T01:01:04.695736+02:00
307280571,de:11000:900110004:1:50,-0.8,2026-10-02T01:01:04.695736+02:00
307280571,de:11000:900110012:1:50,-0.7,2026-10-02T01:01:04.695736+02:00
307280571,de:11000:900120001:1:50,-0.7,2026-10-02T01:01:04.695736+02:00
307280571,de:11000:900120003:5:58,-0.1,2026-10-02T01:01:04.695736+02:00
307280571,de:11000:900190001:1:50,-0.4,2026-10-02T01:01:04.695736+02:00
307280571,de:11000:900077106:1:50,-0.4,2026-10-02T01:01:04.695736+02:00
307280571,de:11000:900078201:1:50,-0.3,2026-10-02T01:01:04.695736+02:00
307280571,de:11000:900079221:1:50,-0.2,2026-10-02T01:01:04.695736+02:00
307280571,de:11000:900068201:1:50,-0.8,2026-10-02T01:01:04.695736+02:00
307280571,de:11000:900058101:5:58,-0.1,2026-10-02T01:01:04.695736+02:00
307280571,de:11000:900054104:2:52,-0.2,2026-10-02T01:01:04.695736+02:00
307280571,de:11000:900054105:1:50,-0.9,2026-10-02T01:01:04.695736+02:00
307280571,de:11000:900044202:1:50,-0.7,2026-10-02T01:01:04.695736+02:00
307280571,de:11000:900045102:1:50,-0.7,2026-10-02T01:01:04.695736+02:00
307280571,de:11000:900044101:1:50,-0.8,2026-10-02T01:01:04.695736+02:00
307280571,de:11000:900040101:1:50,-0.8,2026-10-02T01:01:04.695736+02:00
307286609,de:11000:900024101:3:54,0.0,2026-10-02T01:01:04.695736+02:00
307286609,de:11000:900040101:1:50,-0.2,2026-10-02T01:01:04.695736+02:00
307286609,de:11000:900044101:1:50,-0.3,2026-10-02T01:01:04.695736+02:00
307286609,de:11000:900045102:1:51,-0.4,2026-10-02T01:01:04.695736+02:00
307286609,de:11000:900044202:1:51,-0.4,2026-10-02T01:01:04.695736+02:00
307286609,de:11000:900054105:1:51,-0.2,2026-10-02T01:01:04.695736+02:00
307286609,de:11000:900054104:2:53,-0.8,2026-10-02T01:01:04.695736+02:00
307286609,de:11000:900058101:5:59,-0.2,2026-10-02T01:01:04.695736+02:00
307286609,de:11000:900068201:1:51,-0.8,2026-10-02T01:01:04.695736+02:00
307286609,de:11000:900079221:1:51,-0.4,2026-10-02T01:01:04.695736+02:00
307286609,de:11000:900078201:1:51,-0.1,2026-10-02T01:01:04.695736+02:00
307286609,de:11000:900077106:1:51,0.0,2026-10-02T01:01:04.695736+02:00
307286609,de:11000:900190001:2:52,-0.9,2026-10-02T01:01:04.695736+02:00
307286609,de:11000:900120003:5:59,-0.4,2026-10-02T01:01:04.695736+02:00
307286609,de:11000:900120001:1:51,0.0,2026-10-02T01:01:04.695736+02:00
307286609,de:11000:900110012:1:51,-0.2,2026-10-02T01:01:04.695736+02:00
307286609,de:11000:900110004:1:51,-0.1,2026-10-02T01:01:04.695736+02:00
307286609,de:11000:900110003:1:51,-0.4,2026-10-02T01:01:04.695736+02:00
307286609,de:11000:900110002:1:51,-0.4,2026-10-02T01:01:04.695736+02:00
307286609,de:11000:900110001:1:51,-0.1,2026-10-02T01:01:04.695736+02:00
307286609,de:11000:900007102:1:51,-0.6,2026-10-02T01:01:04.695736+02:00
307286609,de:11000:900009104:1:51,-0.8,2026-10-02T01:01:04.695736+02:00
307286609,de:11000:900001201:1:51,-0.3,2026-10-02T01:01:04.695736+02:00
307286609,de:11000:900020202:1:51,-0.1,2026-10-02T01:01:04.695736+02:00
307286608,de:11000:900024101:3:54,0.0,2026-10-02T01:01:04.695736+02:00
307286608,de:11000:900040101:1:50,-0.2,2026-10-02T01:01:04.695736+02:00
307286608,de:11000:900044101:1:50,-0.3,2026-10-02T01:01:04.695736+02:00
307286608,de:11000:900045102:1:51,-0.4,2026-10-02T01:01:04.695736+02:00
307286608,de:11000:900044202:1:51,-0.4,2026-10-02T01:01:04.695736+02:00
307286608,de:11000:900054105:1:51,-0.2,2026-10-02T01:01:04.695736+02:00
307286608,de:11000:900054104:2:53,-0.8,2026-10-02T01:01:04.695736+02:00
307286608,de:11000:900058101:5:59,-0.2,2026-10-02T01:01:04.695736+02:00
307286608,de:11000:900068201:1:51,-0.8,2026-10-02T01:01:04.695736+02:00
307286608,de:11000:900079221:1:51,-0.4,2026-10-02T01:01:04.695736+02:00
307286608,de:11000:900078201:1:51,-0.1,2026-10-02T01:01:04.695736+02:00
307286608,de:11000:900077106:1:51,0.0,2026-10-02T01:01:04.695736+02:00
307286608,de:11000:900190001:2:52,-0.9,2026-10-02T01:01:04.695736+02:00
307286608,de:11000:900120003:5:59,-0.4,2026-10-02T01:01:04.695736+02:00
307286608,de:11000:900120001:1:51,0.0,2026-10-02T01:01:04.695736+02:00
307286608,de:11000:900110012:1:51,-0.2,2026-10-02T01:01:04.695736+02:00
307286608,de:11000:900110004:1:51,-0.1,2026-10-02T01:01:04.695736+02:00
307286608,de:11000:900110003:1:51,-0.4,2026-10-02T01:01:04.695736+02:00
307286608,de:11000:900110002:1:51,-0.4,2026-10-02T01:01:04.695736+02:00
307286608,de:11000:900110001:1:51,-0.1,2026-10-02T01:01:04.695736+02:00
307286608,de:11000:900007102:1:51,-0.6,2026-10-02T01:01:04.695736+02:00
307286608,de:11000:900009104:1:51,-0.8,2026-10-02T01:01:04.695736+02:00
307286608,de:11000:900001201:1:51,-0.3,2026-10-02T01:01:04.695736+02:00
307286608,de:11000:900020202:1:51,-0.1,2026-10-02T01:01:04.695736+02:00
307286607,de:11000:900024101:3:54,0.0,2026-10-02T01:01:04.695736+02:00
307286607,de:11000:900040101:1:50,-0.2,2026-10-02T01:01:04.695736+02:00
307286607,de:11000:900044101:1:50,-0.3,2026-10-02T01:01:04.695736+02:00
307286607,de:11000:900045102:1:51,-0.4,2026-10-02T01:01:04.695736+02:00
307286607,de:11000:900044202:1:51,-0.4,2026-10-02T01:01:04.695736+02:00
307286607,de:11000:900054105:1:51,-0.2,2026-10-02T01:01:04.695736+02:00
307286607,de:11000:900054104:2:53,-0.8,2026-10-02T01:01:04.695736+02:00
307286607,de:11000:900058101:5:59,-0.2,2026-10-02T01:01:04.695736+02:00
307286607,de:11000:900068201:1:51,-0.8,2026-10-02T01:01:04.695736+02:00
307286607,de:11000:900079221:1:51,-0.4,2026-10-02T01:01:04.695736+02:00
307286607,de:11000:900078201:1:51,-0.1,2026-10-02T01:01:04.695736+02:00
307286607,de:11000:900077106:1:51,0.0,2026-10-02T01:01:04.695736+02:00
307286607,de:11000:900190001:2:52,-0.9,2026-10-02T01:01:04.695736+02:00
307286607,de:11000:900120003:5:59,-0.4,2026-10-02T01:01:04.695736+02:00
307286607,de:11000:900120001:1:51,0.0,2026-10-02T01:01:04.695736+02:00
307286607,de:11000:900110012:1:51,-0.2,2026-10-02T01:01:04.695736+02:00
307286607,de:11000:900110004:1:51,-0.1,2026-10-02T01:01:04.695736+02:00
307286607,de:11000:900110003:1:51,-0.4,2026-10-02T01:01:04.695736+02:00
307286607,de:11000:900110002:1:51,-0.4,2026-10-02T01:01:04.695736+02:00
307286607,de:11000:900110001:1:51,-0.1,2026-10-02T01:01:04.695736+02:00
307286607,de:11000:900007102:1:51,-0.6,2026-10-02T01:01:04.695736+02:00
307286607,de:11000:900009104:1:51,-0.8,2026-10-02T01:01:04.695736+02:00
307286607,de:11000:900001201:1:51,-0.3,2026-10-02T01:01:04.695736+02:00
307286607,de:11000:900020202:1:51,-0.1,2026-10-02T01:01:04.695736+02:00
307286606,de:11000:900024101:3:54,0.0,2026-10-02T01:01:04.695736+02:00
307286606,de:11000:900040101:1:50,-0.2,2026-10-02T01:01:04.695736+02:00
307286606,de:11000:900044101:1:50,-0.3,2026-10-02T01:01:04.695736+02:00
307286606,de:11000:900045102:1:51,-0.4,2026-10-02T01:01:04.695736+02:00
307286606,de:11000:900044202:1:51,-0.4,2026-10-02T01:01:04.695736+02:00
307286606,de:11000:900054105:1:51,-0.2,2026-10-02T01:01:04.695736+02:00
307286606,de:11000:900054104:2:53,-0.8,2026-10-02T01:01:04.695736+02:00
307286606,de:11000:900058101:5:59,-0.2,2026-10-02T01:01:04.695736+02:00
307286606,de:11000:900068201:1:51,-0.8,2026-10-02T01:01:04.695736+02:00
307286606,de:11000:900079221:1:51,-0.4,2026-10-02T01:01:04.695736+02:00
307286606,de:11000:900078201:1:51,-0.1,2026-10-02T01:01:04.695736+02:00
307286606,de:11000:900077106:1:51,0.0,2026-10-02T01:01:04.695736+02:00
307286606,de:11000:900190001:2:52,-0.9,2026-10-02T01:01:04.695736+02:00
307286606,de:11000:900120003:5:59,-0.4,2026-10-02T01:01:04.695736+02:00
307286606,de:11000:900120001:1:51,0.0,2026-10-02T01:01:04.695736+02:00
307286606,de:11000:900110012:1:51,-0.2,2026-10-02T01:01:04.695736+02:00
307286606,de:11000:900110004:1:51,-0.1,2026-10-02T01:01:04.695736+02:00
307286606,de:11000:900110003:1:51,-0.4,2026-10-02T01:01:04.695736+02:00
307286606,de:11000:900110002:1:51,-0.4,2026-10-02T01:01:04.695736+02:00
307286606,de:11000:900110001:1:51,-0.1,2026-10-02T01:01:04.695736+02:00
307286606,de:11000:900007102:1:51,-0.6,2026-10-02T01:01:04.695736+02:00
307286606,de:11000:900009104:1:51,-0.8,2026-10-02T01:01:04.695736+02:00
307286606,de:11000:900001201:1:51,-0.3,2026-10-02T01:01:04.695736+02:00
307286606,de:11000:900020202:1:51,-0.1,2026-10-02T01:01:04.695736+02:00
307286666,de:11000:900040101:1:50,0.0,2026-10-02T01:01:04.695736+02:00
307286666,de:11000:900044101:1:50,-0.8,2026-10-02T01:01:04.695736+02:00
307286666,de:11000:900045102:1:51,-0.9,2026-10-02T01:01:04.695736+02:00
307286666,de:11000:900044202:1:51,-0.9,2026-10-02T01:01:04.695736+02:00
307286666,de:11000:900054105:1:51,-0.7,2026-10-02T01:01:04.695736+02:00
307286666,de:11000:900054104:2:53,-0.3,2026-10-02T01:01:04.695736+02:00
307286666,de:11000:900058101:5:59,-0.2,2026-10-02T01:01:04.695736+02:00
307286666,de:11000:900068201:1:51,-0.8,2026-10-02T01:01:04.695736+02:00
307286666,de:11000:900079221:1:51,-0.4,2026-10-02T01:01:04.695736+02:00
307286666,de:11000:900078201:1:51,-0.1,2026-10-02T01:01:04.695736+02:00
307286666,de:11000:900077106:1:51,0.0,2026-10-02T01:01:04.695736+02:00
307286666,de:11000:900190001:2:52,-0.9,2026-10-02T01:01:04.695736+02:00
307286666,de:11000:900120003:5:59,-0.4,2026-10-02T01:01:04.695736+02:00
307286666,de:11000:900120001:1:51,0.0,2026-10-02T01:01:04.695736+02:00
307286666,de:11000:900110012:1:51,-0.2,2026-10-02T01:01:04.695736+02:00
307286666,de:11000:900110004:1:51,-0.1,2026-10-02T01:01:04.695736+02:00
307286666,de:11000:900110003:1:51,-0.4,2026-10-02T01:01:04.695736+02:00
307286666,de:11000:900110002:1:51,-0.4,2026-10-02T01:01:04.695736+02:00
307286666,de:11000:900110001:1:51,-0.1,2026-10-02T01:01:04.695736+02:00
307286666,de:11000:900007102:1:51,-0.6,2026-10-02T01:01:04.695736+02:00
307286666,de:11000:900009104:1:50,-0.8,2026-10-02T01:01:04.695736+02:00
307286666,de:11000:900001201:1:50,-0.3,2026-10-02T01:01:04.695736+02:00
307286666,de:11000:900020202:1:50,-0.1,2026-10-02T01:01:04.695736+02:00
307289071,de:11000:900079221:1:51,0.0,2026-10-02T01:01:04.695736+02:00
307289071,de:11000:900078201:1:51,-0.1,2026-10-02T01:01:04.695736+02:00
307289071,de:11000:900077106:1:51,0.0,2026-10-02T01:01:04.695736+02:00
307289071,de:11000:900190001:2:52,-0.9,2026-10-02T01:01:04.695736+02:00
307289071,de:11000:900120003:5:59,-0.4,2026-10-02T01:01:04.695736+02:00
307289071,de:11000:900120001:1:51,0.0,2026-10-02T01:01:04.695736+02:00
307289071,de:11000:900110012:1:51,-0.2,2026-10-02T01:01:04.695736+02:00
307289071,de:11000:900110004:1:51,-0.1,2026-10-02T01:01:04.695736+02:00
307289071,de:11000:900110003:1:51,-0.4,2026-10-02T01:01:04.695736+02:00
307289071,de:11000:900110002:1:51,-0.4,2026-10-02T01:01:04.695736+02:00
307289071,de:11000:900110001:1:51,-0.1,2026-10-02T01:01:04.695736+02:00
307289071,de:11000:900007102:1:51,-0.6,2026-10-02T01:01:04.695736+02:00
307289071,de:11000:900009104:1:51,-0.3,2026-10-02T01:01:04.695736+02:00
307289043,de:11000:900079221:1:51,0.0,2026-10-02T01:01:04.695736+02:00
307289043,de:11000:900078201:1:51,-0.1,2026-10-02T01:01:04.695736+02:00
307289043,de:11000:900077106:1:51,0.0,2026-10-02T01:01:04.695736+02:00
307289043,de:11000:900190001:2:52,-0.9,2026-10-02T01:01:04.695736+02:00
307289043,de:11000:900120003:5:59,-0.4,2026-10-02T01:01:04.695736+02:00
307289043,de:11000:900120001:1:51,0.0,2026-10-02T01:01:04.695736+02:00
307289043,de:11000:900110012:1:51,-0.2,2026-10-02T01:01:04.695736+02:00
307289043,de:11000:900110004:1:51,-0.1,2026-10-02T01:01:04.695736+02:00
307289043,de:11000:900110003:1:51,-0.4,2026-10-02T01:01:04.695736+02:00
307289043,de:11000:900110002:1:51,-0.4,2026-10-02T01:01:04.695736+02:00
307289043,de:11000:900110001:1:51,-0.1,2026-10-02T01:01:04.695736+02:00
307289043,de:11000:900007102:1:51,-0.6,2026-10-02T01:01:04.695736+02:00
307289043,de:11000:900009104:1:51,-0.3,2026-10-02T01:01:04.695736+02:00
307292249,de:11000:900044202:1:51,0.0,2026-10-02T01:01:04.695736+02:00
307292249,de:11000:900054105:1:51,-0.2,2026-10-02T01:01:04.695736+02:00
307292249,de:11000:900054104:2:53,-0.8,2026-10-02T01:01:04.695736+02:00
307292249,de:11000:900058101:5:59,-0.7,2026-10-02T01:01:04.695736+02:00
307292249,de:11000:900068201:1:51,-0.3,2026-10-02T01:01:04.695736+02:00
307292249,de:11000:900079221:1:51,-0.9,2026-10-02T01:01:04.695736+02:00
307292249,de:11000:900078201:1:51,-0.6,2026-10-02T01:01:04.695736+02:00
307292249,de:11000:900077155:1:51,-0.2,2026-10-02T01:01:04.695736+02:00
307292249,de:11000:900191001:2:51,-0.7,2026-10-02T01:01:04.695736+02:00
307292249,de:11000:900192001:2:52,-0.7,2026-10-02T01:01:04.695736+02:00
307292249,de:11000:900193001:1:50,-0.2,2026-10-02T01:01:04.695736+02:00
307292249,de:11000:900193002:1:50,-0.8,2026-10-02T01:01:04.695736+02:00
307292249,de:11000:900186001:1:50,-0.8,2026-10-02T01:01:04.695736+02:00
307292249,de:12061:900260004:1:50,-0.2,2026-10-02T01:01:04.695736+02:00
307292249,de:12061:900260003:1:50,-0.4,2026-10-02T01:01:04.695736+02:00
307292249,de:12061:900260002:1:51,-0.2,2026-10-02T01:01:04.695736+02:00
307292249,de:12061:900260001:2:52,-0.2,2026-10-02T01:01:04.695736+02:00
307292245,de:11000:900044202:1:51,0.0,2026-10-02T01:01:04.695736+02:00
307292245,de:11000:900054105:1:51,-0.2,2026-10-02T01:01:04.695736+02:00
307292245,de:11000:900054104:2:53,-0.8,2026-10-02T01:01:04.695736+02:00
307292245,de:11000:900058101:5:59,-0.7,2026-10-02T01:01:04.695736+02:00
307292245,de:11000:900068201:1:51,-0.3,2026-10-02T01:01:04.695736+02:00
307292245,de:11000:900079221:1:51,-0.9,2026-10-02T01:01:04.695736+02:00
307292245,de:11000:900078201:1:51,-0.6,2026-10-02T01:01:04.695736+02:00
307292245,de:11000:900077155:1:51,-0.2,2026-10-02T01:01:04.695736+02:00
307292245,de:11000:900191001:2:51,-0.7,2026-10-02T01:01:04.695736+02:00
307292245,de:11000:900192001:2:52,-0.7,2026-10-02T01:01:04.695736+02:00
307292245,de:11000:900193001:1:50,-0.2,2026-10-02T01:01:04.695736+02:00
307292245,de:11000:900193002:1:50,-0.8,2026-10-02T01:01:04.695736+02:00
307292245,de:11000:900186001:1:50,-0.8,2026-10-02T01:01:04.695736+02:00
307292245,de:12061:900260004:1:50,-0.2,2026-10-02T01:01:04.695736+02:00
307292245,de:12061:900260003:1:50,-0.4,2026-10-02T01:01:04.695736+02:00
307292245,de:12061:900260002:1:51,-0.2,2026-10-02T01:01:04.695736+02:00
307292245,de:12061:900260001:2:52,-0.2,2026-10-02T01:01:04.695736+02:00
307292679,de:12061:900260001:2:52,0.0,2026-10-02T01:01:04.695736+02:00
307292679,de:12061:900260002:1:51,-0.8,2026-10-02T01:01:04.695736+02:00
307292679,de:12061:900260003:1:51,-0.7,2026-10-02T01:01:04.695736+02:00
307292679,de:12061:900260004:1:51,-0.9,2026-10-02T01:01:04.695736+02:00
307292679,de:11000:900186001:2:53,-0.2,2026-10-02T01:01:04.695736+02:00
307292679,de:11000:900193002:1:51,-0.2,2026-10-02T01:01:04.695736+02:00
307292679,de:11000:900193001:2:51,-0.8,2026-10-02T01:01:04.695736+02:00
307292679,de:11000:900192001:3:55,-0.7,2026-10-02T01:01:04.695736+02:00
307292679,de:11000:900191001:1:50,-0.4,2026-10-02T01:01:04.695736+02:00
307292679,de:11000:900077155:1:50,-0.9,2026-10-02T01:01:04.695736+02:00
307292679,de:11000:900078201:1:50,-0.4,2026-10-02T01:01:04.695736+02:00
307292679,de:11000:900079221:1:50,-0.2,2026-10-02T01:01:04.695736+02:00
307292679,de:11000:900068201:1:50,-0.8,2026-10-02T01:01:04.695736+02:00
307292679,de:11000:900058101:5:58,-0.1,2026-10-02T01:01:04.695736+02:00
307292679,de:11000:900054104:2:52,-0.2,2026-10-02T01:01:04.695736+02:00
307292679,de:11000:900054105:1:50,-0.9,2026-10-02T01:01:04.695736+02:00
307292679,de:11000:900044202:1:50,-0.7,2026-10-02T01:01:04.695736+02:00
295928958,de:11000:900186001:2:52,0.0,2026-10-02T01:01:04.695736+02:00
295928958,de:11000:900193002:1:51,-0.2,2026-10-02T01:01:04.695736+02:00
295928958,de:11000:900193001:2:51,-0.8,2026-10-02T01:01:04.695736+02:00
295928958,de:11000:900192001:3:55,-0.7,2026-10-02T01:01:04.695736+02:00
295928958,de:11000:900191001:1:50,-0.4,2026-10-02T01:01:04.695736+02:00
295928958,de:11000:900077155:1:50,-0.9,2026-10-02T01:01:04.695736+02:00
295928958,de:11000:900078201:1:50,-0.9,2026-10-02T01:01:04.695736+02:00
295928958,de:11000:900079221:1:50,-0.7,2026-10-02T01:01:04.695736+02:00
295933100,de:11000:900180003:1:50,0.0,2026-10-02T01:01:04.695736+02:00
295933100,de:11000:900192002:1:50,-0.4,2026-10-02T01:01:04.695736+02:00
295933100,de:11000:900192001:3:54,-0.2,2026-10-02T01:01:04.695736+02:00
295933100,de:11000:900191001:1:50,-0.9,2026-10-02T01:01:04.695736+02:00
295933100,de:11000:900077155:1:50,-0.4,2026-10-02T01:01:04.695736+02:00
295933100,de:11000:900078201:1:50,-0.9,2026-10-02T01:01:04.695736+02:00
295933100,de:11000:900079221:1:50,-0.7,2026-10-02T01:01:04.695736+02:00
295933100,de:11000:900068201:1:50,-0.3,2026-10-02T01:01:04.695736+02:00
295933100,de:11000:900058101:5:58,-0.6,2026-10-02T01:01:04.695736+02:00
295933096,de:11000:900180003:1:50,0.0,2026-10-02T01:01:04.695736+02:00
295933096,de:11000:900192002:1:50,-0.4,2026-10-02T01:01:04.695736+02:00
295933096,de:11000:900192001:3:54,-0.2,2026-10-02T01:01:04.695736+02:00
295933096,de:11000:900191001:1:50,-0.9,2026-10-02T01:01:04.695736+02:00
295933096,de:11000:900077155:1:50,-0.4,2026-10-02T01:01:04.695736+02:00
295933096,de:11000:900078201:1:50,-0.9,2026-10-02T01:01:04.695736+02:00
295933096,de:11000:900079221:1:50,-0.7,2026-10-02T01:01:04.695736+02:00
295933096,de:11000:900068201:1:50,-0.3,2026-10-02T01:01:04.695736+02:00
295933096,de:11000:900058101:5:58,-0.6,2026-10-02T01:01:04.695736+02:00
307301973,de:11000:900024102:2:52,0.0,2026-10-02T01:01:04.695736+02:00
307301973,de:11000:900024101:3:55,-0.8,2026-10-02T01:01:04.695736+02:00
307301973,de:11000:900024203:1:51,-0.8,2026-10-02T01:01:04.695736+02:00
307301973,de:11000:900023201:3:54,-0.7,2026-10-02T01:01:04.695736+02:00
307301973,de:11000:900003103:1:50,-0.8,2026-10-02T01:01:04.695736+02:00
307301973,de:11000:900003102:1:50,-0.9,2026-10-02T01:01:04.695736+02:00
307301973,de:11000:900003201:3:54,-0.5,2026-10-02T01:01:04.695736+02:00
307301973,de:11000:900100001:3:54,-0.1,2026-10-02T01:01:04.695736+02:00
307301973,de:11000:900100002:1:50,-0.4,2026-10-02T01:01:04.695736+02:00
307301973,de:11000:900100003:2:52,-0.1,2026-10-02T01:01:04.695736+02:00
307301973,de:11000:900100004:1:50,-0.4,2026-10-02T01:01:04.695736+02:00
307301973,de:11000:900120005:4:55,-0.6,2026-10-02T01:01:04.695736+02:00
307301973,de:11000:900120004:1:50,-0.1,2026-10-02T01:01:04.695736+02:00
307301973,de:11000:900120003:2:53,-0.4,2026-10-02T01:01:04.695736+02:00
307301973,de:11000:900160003:1:50,-0.7,2026-10-02T01:01:04.695736+02:00
307301973,de:11000:900160004:1:50,-0.7,2026-10-02T01:01:04.695736+02:00
307301973,de:11000:900171002:1:50,-0.2,2026-10-02T01:01:04.695736+02:00
307301973,de:11000:900171001:2:51,-0.3,2026-10-02T01:01:04.695736+02:00
307301973,de:11000:900175001:2:51,-0.5,2026-10-02T01:01:04.695736+02:00
307301973,de:11000:900175002:1:51,0.0,2026-10-02T01:01:04.695736+02:00
307301973,de:11000:900176001:2:53,-0.3,2026-10-02T01:01:04.695736+02:00
307301973,de:12064:900320026:1:51,-0.1,2026-10-02T01:01:04.695736+02:00
307301973,de:12064:900320008:1:50,-0.7,2026-10-02T01:01:04.695736+02:00
307301973,de:12064:900320007:1:50,-0.4,2026-10-02T01:01:04.695736+02:00
307301973,de:12064:900320006:1:50,-0.8,2026-10-02T01:01:04.695736+02:00
307301973,de:12064:900320005:1:50,-0.2,2026-10-02T01:01:04.695736+02:00
307301973,de:12064:900320004:2:51,-0.9,2026-10-02T01:01:04.695736+02:00
307301973,de:12064:900320003:1:50,-0.8,2026-10-02T01:01:04.695736+02:00
307301973,de:12064:900320002:1:50,-0.5,2026-10-02T01:01:04.695736+02:00
307301973,de:12064:900320001:1:50,-0.2,2026-10-02T01:01:04.695736+02:00
307302009,de:11000:900024102:2:52,0.0,2026-10-02T01:01:04.695736+02:00
307302009,de:11000:900024101:3:55,-0.8,2026-10-02T01:01:04.695736+02:00
307302009,de:11000:900024203:1:51,-0.8,2026-10-02T01:01:04.695736+02:00
307302009,de:11000:900023201:3:54,-0.7,2026-10-02T01:01:04.695736+02:00
307302009,de:11000:900003103:1:50,-0.8,2026-10-02T01:01:04.695736+02:00
307302009,de:11000:900003102:1:50,-0.9,2026-10-02T01:01:04.695736+02:00
307302009,de:11000:900003201:3:54,-0.5,2026-10-02T01:01:04.695736+02:00
307302009,de:11000:900100001:3:54,-0.1,2026-10-02T01:01:04.695736+02:00
307302009,de:11000:900100002:1:50,-0.4,2026-10-02T01:01:04.695736+02:00
307302009,de:11000:900100003:2:52,-0.1,2026-10-02T01:01:04.695736+02:00
307302009,de:11000:900100004:1:50,-0.4,2026-10-02T01:01:04.695736+02:00
307302009,de:11000:900120005:4:55,-0.6,2026-10-02T01:01:04.695736+02:00
307302009,de:11000:900120004:1:50,-0.1,2026-10-02T01:01:04.695736+02:00
307302009,de:11000:900120003:2:53,-0.4,2026-10-02T01:01:04.695736+02:00
307302009,de:11000:900160003:1:50,-0.7,2026-10-02T01:01:04.695736+02:00
307302009,de:11000:900160004:1:50,-0.7,2026-10-02T01:01:04.695736+02:00
307302009,de:11000:900171002:1:50,-0.2,2026-10-02T01:01:04.695736+02:00
307302009,de:11000:900171001:2:51,-0.3,2026-10-02T01:01:04.695736+02:00
307302009,de:11000:900175001:2:51,-0.5,2026-10-02T01:01:04.695736+02:00
307302009,de:11000:900175002:1:51,0.0,2026-10-02T01:01:04.695736+02:00
307302009,de:11000:900176001:2:52,-0.3,2026-10-02T01:01:04.695736+02:00
307302009,de:12064:900320026:1:51,-0.1,2026-10-02T01:01:04.695736+02:00
307302009,de:12064:900320008:1:50,-0.7,2026-10-02T01:01:04.695736+02:00
307302009,de:12064:900320007:1:50,-0.4,2026-10-02T01:01:04.695736+02:00
307302009,de:12064:900320006:1:50,-0.8,2026-10-02T01:01:04.695736+02:00
307302009,de:12064:900320005:1:50,-0.2,2026-10-02T01:01:04.695736+02:00
307302009,de:12064:900320004:2:51,-0.9,2026-10-02T01:01:04.695736+02:00
307302009,de:12064:900320003:1:50,-0.8,2026-10-02T01:01:04.695736+02:00
307302009,de:12064:900320002:1:50,-0.5,2026-10-02T01:01:04.695736+02:00
307302009,de:12064:900320001:1:50,-0.2,2026-10-02T01:01:04.695736+02:00
306896791,de:12067:900310611::1,0.0,2026-10-02T01:01:04.695736+02:00
306896791,de:12067:900311058::2,0.0,2026-10-02T01:01:04.695736+02:00
306896791,de:12067:900311110::4,0.0,2026-10-02T01:01:04.695736+02:00
306896791,de:12067:900311055::1,0.0,2026-10-02T01:01:04.695736+02:00
306896791,de:12067:900311054::1,0.0,2026-10-02T01:01:04.695736+02:00
306896791,de:12067:900311110::1,0.0,2026-10-02T01:01:04.695736+02:00
306896791,de:12067:900311059::2,0.0,2026-10-02T01:01:04.695736+02:00
306896791,de:12067:900311069::1,0.0,2026-10-02T01:01:04.695736+02:00
306896791,de:12067:900311118::1,0.0,2026-10-02T01:01:04.695736+02:00
306896791,de:12067:900310966::1,0.0,2026-10-02T01:01:04.695736+02:00
306896791,de:12067:900310997::1,0.0,2026-10-02T01:01:04.695736+02:00
306896791,de:12067:900310998::1,0.0,2026-10-02T01:01:04.695736+02:00
306896791,de:12067:900310997::2,0.0,2026-10-02T01:01:04.695736+02:00
306896791,de:12067:900310966::2,0.0,2026-10-02T01:01:04.695736+02:00
306896791,de:12067:900311118::2,0.0,2026-10-02T01:01:04.695736+02:00
306896791,de:12067:900310904::2,0.0,2026-10-02T01:01:04.695736+02:00
306896791,de:12067:900310991::2,0.0,2026-10-02T01:01:04.695736+02:00
306896791,de:12067:900310993::2,0.0,2026-10-02T01:01:04.695736+02:00
306896791,de:12067:900310994::2,0.0,2026-10-02T01:01:04.695736+02:00
306896791,de:12067:900310786::2,0.0,2026-10-02T01:01:04.695736+02:00
306896791,de:12067:900310784::2,0.0,2026-10-02T01:01:04.695736+02:00
306896791,de:12067:900311104::2,0.0,2026-10-02T01:01:04.695736+02:00
306896791,de:12067:900310995::1,0.0,2026-10-02T01:01:04.695736+02:00
306896791,de:12067:900310779::2,0.0,2026-10-02T01:01:04.695736+02:00
306896791,de:12067:900310808::2,0.0,2026-10-02T01:01:04.695736+02:00
306896791,de:12067:900310822::2,0.0,2026-10-02T01:01:04.695736+02:00
306896791,de:12067:900310781::2,0.0,2026-10-02T01:01:04.695736+02:00
306896791,de:12067:900310627::2,0.0,2026-10-02T01:01:04.695736+02:00
306896791,de:12067:900310816::2,0.0,2026-10-02T01:01:04.695736+02:00
306896791,de:12067:900310022::1,0.0,2026-10-02T01:01:04.695736+02:00
306896791,de:12067:900310001::11,0.0,2026-10-02T01:01:04.695736+02:00
307302006,de:11000:900024102:2:52,0.0,2026-10-02T01:01:04.695736+02:00
307302006,de:11000:900024101:3:55,-0.8,2026-10-02T01:01:04.695736+02:00
307302006,de:11000:900024203:1:51,-0.8,2026-10-02T01:01:04.695736+02:00
307302006,de:11000:900023201:3:54,-0.7,2026-10-02T01:01:04.695736+02:00
307302006,de:11000:900003103:1:50,-0.8,2026-10-02T01:01:04.695736+02:00
307302006,de:11000:900003102:1:50,-0.9,2026-10-02T01:01:04.695736+02:00
307302006,de:11000:900003201:3:54,-0.5,2026-10-02T01:01:04.695736+02:00
307302006,de:11000:900100001:3:54,-0.1,2026-10-02T01:01:04.695736+02:00
307302006,de:11000:900100002:1:50,-0.4,2026-10-02T01:01:04.695736+02:00
307302006,de:11000:900100003:2:52,-0.1,2026-10-02T01:01:04.695736+02:00
307302006,de:11000:900100004:1:50,-0.4,2026-10-02T01:01:04.695736+02:00
307302006,de:11000:900120005:4:55,-0.6,2026-10-02T01:01:04.695736+02:00
307302006,de:11000:900120004:1:50,-0.1,2026-10-02T01:01:04.695736+02:00
307302006,de:11000:900120003:2:53,-0.4,2026-10-02T01:01:04.695736+02:00
307302006,de:11000:900160003:1:50,-0.7,2026-10-02T01:01:04.695736+02:00
307302006,de:11000:900160004:1:50,-0.7,2026-10-02T01:01:04.695736+02:00
307302006,de:11000:900171002:1:50,-0.2,2026-10-02T01:01:04.695736+02:00
307302006,de:11000:900171001:2:51,-0.3,2026-10-02T01:01:04.695736+02:00
307302006,de:11000:900175001:2:51,-0.5,2026-10-02T01:01:04.695736+02:00
307302006,de:11000:900175002:1:51,0.0,2026-10-02T01:01:04.695736+02:00
307302006,de:11000:900176001:2:52,-0.3,2026-10-02T01:01:04.695736+02:00
307302006,de:12064:900320026:1:51,-0.1,2026-10-02T01:01:04.695736+02:00
307302006,de:12064:900320008:1:50,-0.7,2026-10-02T01:01:04.695736+02:00
307302006,de:12064:900320007:1:50,-0.4,2026-10-02T01:01:04.695736+02:00
307302006,de:12064:900320006:1:50,-0.8,2026-10-02T01:01:04.695736+02:00
307302006,de:12064:900320005:1:50,-0.2,2026-10-02T01:01:04.695736+02:00
307302006,de:12064:900320004:2:51,-0.9,2026-10-02T01:01:04.695736+02:00
307302006,de:12064:900320003:1:50,-0.8,2026-10-02T01:01:04.695736+02:00
307302006,de:12064:900320002:1:50,-0.5,2026-10-02T01:01:04.695736+02:00
307302006,de:12064:900320001:1:50,-0.2,2026-10-02T01:01:04.695736+02:00
306895355,de:12067:900310912::1,0.0,2026-10-02T01:01:04.695736+02:00
306895355,de:12067:900310707::1,0.0,2026-10-02T01:01:04.695736+02:00
306895355,de:12067:900310948::1,0.0,2026-10-02T01:01:04.695736+02:00
306895355,de:12067:900311033::1,0.0,2026-10-02T01:01:04.695736+02:00
306895355,de:12067:900311011::1,0.0,2026-10-02T01:01:04.695736+02:00
306895355,de:12067:900311001::1,0.0,2026-10-02T01:01:04.695736+02:00
306895355,de:12067:900310945::2,0.0,2026-10-02T01:01:04.695736+02:00
306895355,de:12067:900311059::1,0.0,2026-10-02T01:01:04.695736+02:00
306895355,de:12067:900311110::3,0.0,2026-10-02T01:01:04.695736+02:00
306895355,de:12067:900311055::1,0.0,2026-10-02T01:01:04.695736+02:00
306895355,de:12067:900311054::1,0.0,2026-10-02T01:01:04.695736+02:00
306895355,de:12067:900311110::1,0.0,2026-10-02T01:01:04.695736+02:00
306895355,de:12067:900311058::1,0.0,2026-10-02T01:01:04.695736+02:00
306895355,de:12067:900310611::2,0.0,2026-10-02T01:01:04.695736+02:00
306896951,de:12067:900310001::3,0.0,2026-10-02T01:01:04.695736+02:00
306896951,de:12067:900310816::1,0.0,2026-10-02T01:01:04.695736+02:00
306896951,de:12067:900310627::1,0.0,2026-10-02T01:01:04.695736+02:00
306896951,de:12067:900310781::1,0.0,2026-10-02T01:01:04.695736+02:00
306896951,de:12067:900310822::1,0.0,2026-10-02T01:01:04.695736+02:00
306896951,de:12067:900310771::1,0.0,2026-10-02T01:01:04.695736+02:00
306896951,de:12067:900310800::1,0.0,2026-10-02T01:01:04.695736+02:00
306896951,de:12067:900310879::1,0.0,2026-10-02T01:01:04.695736+02:00
306896951,de:12067:900310010::4,0.0,2026-10-02T01:01:04.695736+02:00
306896951,de:12067:900310880::1,0.0,2026-10-02T01:01:04.695736+02:00
306896951,de:12067:900310900::1,0.0,2026-10-02T01:01:04.695736+02:00
306896951,de:12067:900310917::1,0.0,2026-10-02T01:01:04.695736+02:00
306896951,de:12067:900310916::1,-0.5,2026-10-02T01:01:04.695736+02:00
306896951,de:12067:900310915::1,-0.5,2026-10-02T01:01:04.695736+02:00
306896951,de:12067:900310703::1,0.0,2026-10-02T01:01:04.695736+02:00
306896951,de:12067:900310979::1,0.0,2026-10-02T01:01:04.695736+02:00
306896951,de:12067:900310946::1,0.0,2026-10-02T01:01:04.695736+02:00
306896951,de:12067:900310110::1,0.0,2026-10-02T01:01:04.695736+02:00
306896951,de:12067:900310040::1,0.0,2026-10-02T01:01:04.695736+02:00
306896951,de:12067:900310109::1,0.0,2026-10-02T01:01:04.695736+02:00
306896951,de:12067:900310631::1,0.0,2026-10-02T01:01:04.695736+02:00
306896951,de:12067:900310106::1,0.0,2026-10-02T01:01:04.695736+02:00
306896951,de:12067:900310115::1,0.0,2026-10-02T01:01:04.695736+02:00
306896951,de:12067:900310119::1,0.0,2026-10-02T01:01:04.695736+02:00
306896951,de:12067:900310114::1,0.0,2026-10-02T01:01:04.695736+02:00
306896951,de:12067:900310103::1,0.0,2026-10-02T01:01:04.695736+02:00
306896951,de:12067:900310102::1,0.0,2026-10-02T01:01:04.695736+02:00
306896951,de:12067:900310104::1,0.0,2026-10-02T01:01:04.695736+02:00
306896951,de:12067:900310116::1,0.0,2026-10-02T01:01:04.695736+02:00
306896951,de:12067:900310113::1,0.0,2026-10-02T01:01:04.695736+02:00
306896951,de:12067:900310107::1,0.0,2026-10-02T01:01:04.695736+02:00
306896951,de:12067:900311082::1,0.0,2026-10-02T01:01:04.695736+02:00
306896951,de:12067:900311077::1,0.0,2026-10-02T01:01:04.695736+02:00
306896951,de:12067:900311078::1,0.0,2026-10-02T01:01:04.695736+02:00
306896951,de:12067:900310613::1,0.0,2026-10-02T01:01:04.695736+02:00
306896951,de:12067:900311076::2,0.0,2026-10-02T01:01:04.695736+02:00
306896951,de:12067:900311009::1,0.0,2026-10-02T01:01:04.695736+02:00
295940788,de:11000:900176001:1:50,0.0,2026-10-02T01:01:04.695736+02:00
295940788,de:11000:900175002:1:50,-0.7,2026-10-02T01:01:04.695736+02:00
295940788,de:11000:900175001:1:50,-0.6,2026-10-02T01:01:04.695736+02:00
295940788,de:11000:900171001:1:50,-0.3,2026-10-02T01:01:04.695736+02:00
295940788,de:11000:900171002:1:51,-0.4,2026-10-02T01:01:04.695736+02:00
295940788,de:11000:900160004:1:51,-0.8,2026-10-02T01:01:04.695736+02:00
295940788,de:11000:900160003:1:51,-0.8,2026-10-02T01:01:04.695736+02:00
295940788,de:11000:900120003:3:54,-0.9,2026-10-02T01:01:04.695736+02:00
295940788,de:11000:900120004:2:52,-0.6,2026-10-02T01:01:04.695736+02:00
295940788,de:11000:900120005:5:57,-0.9,2026-10-02T01:01:04.695736+02:00
295940767,de:11000:900120005:4:56,0.0,2026-10-02T01:01:04.695736+02:00
295940767,de:11000:900120004:1:51,-0.1,2026-10-02T01:01:04.695736+02:00
295940767,de:11000:900120003:2:52,-0.4,2026-10-02T01:01:04.695736+02:00
295940767,de:11000:900160003:1:50,-0.7,2026-10-02T01:01:04.695736+02:00
295940767,de:11000:900160004:1:50,-0.7,2026-10-02T01:01:04.695736+02:00
295940767,de:11000:900171002:1:50,-0.2,2026-10-02T01:01:04.695736+02:00
295940767,de:11000:900171001:2:51,-0.3,2026-10-02T01:01:04.695736+02:00
295940767,de:11000:900175001:2:51,-0.5,2026-10-02T01:01:04.695736+02:00
295940767,de:11000:900175002:1:51,0.0,2026-10-02T01:01:04.695736+02:00
295940767,de:11000:900176001:1:50,-0.7,2026-10-02T01:01:04.695736+02:00
306895278,de:12067:900310703::4,0.0,2026-10-02T01:01:04.695736+02:00
306895278,de:12067:900311092::1,0.0,2026-10-02T01:01:04.695736+02:00
306895278,de:12067:900311092::1,-20.0,2026-10-02T01:01:04.695736+02:00
306895278,de:12067:900310866::2,0.0,2026-10-02T01:01:04.695736+02:00
306895278,de:12067:900311160::1,0.0,2026-10-02T01:01:04.695736+02:00
306895278,de:12067:900310874::1,0.0,2026-10-02T01:01:04.695736+02:00
306895278,de:12067:900310874::1,-6.0,2026-10-02T01:01:04.695736+02:00
306895278,de:12067:900310925::1,0.0,2026-10-02T01:01:04.695736+02:00
306895278,de:12067:900310874::1,6.0,2026-10-02T01:01:04.695736+02:00
306895278,de:12067:900310874::1,0.0,2026-10-02T01:01:04.695736+02:00
306895278,de:12067:900310866::1,0.0,2026-10-02T01:01:04.695736+02:00
306895278,de:12067:900311092::1,20.0,2026-10-02T01:01:04.695736+02:00
306895278,de:12067:900311092::1,0.0,2026-10-02T01:01:04.695736+02:00
306895278,de:12067:900310914::1,0.0,2026-10-02T01:01:04.695736+02:00
306895278,de:12067:900310974::1,0.0,2026-10-02T01:01:04.695736+02:00
306895278,de:12067:900310975::1,0.0,2026-10-02T01:01:04.695736+02:00
306895278,de:12067:900310908::1,0.0,2026-10-02T01:01:04.695736+02:00
306895278,de:12067:900311020::1,0.0,2026-10-02T01:01:04.695736+02:00
306895278,de:12067:900310834::1,0.0,2026-10-02T01:01:04.695736+02:00
306895278,de:12067:900311020::2,0.0,2026-10-02T01:01:04.695736+02:00
306895278,de:12067:900311002::1,0.0,2026-10-02T01:01:04.695736+02:00
306895278,de:12067:900310841::1,0.0,2026-10-02T01:01:04.695736+02:00
306895278,de:12067:900310737::1,0.0,2026-10-02T01:01:04.695736+02:00
306895278,de:12067:900310736::1,0.0,2026-10-02T01:01:04.695736+02:00
306895278,de:12067:900310740::1,0.0,2026-10-02T01:01:04.695736+02:00
306895278,de:12067:900310716::2,0.0,2026-10-02T01:01:04.695736+02:00
306895278,de:12067:900310942::2,0.0,2026-10-02T01:01:04.695736+02:00
306895278,de:12067:900310721::1,0.0,2026-10-02T01:01:04.695736+02:00
306895278,de:12067:900310755::2,0.0,2026-10-02T01:01:04.695736+02:00
306895278,de:12067:900310728::3,0.0,2026-10-02T01:01:04.695736+02:00
306895278,de:12067:900311129::6,0.0,2026-10-02T01:01:04.695736+02:00
306896341,de:12067:900310013::4,0.0,2026-10-02T01:01:04.695736+02:00
306896341,de:12067:900310557::3,0.0,2026-10-02T01:01:04.695736+02:00
306896341,de:12067:900310555::1,0.0,2026-10-02T01:01:04.695736+02:00
306896341,de:12067:900310853::1,0.0,2026-10-02T01:01:04.695736+02:00
306896341,de:12067:900310845::1,0.0,2026-10-02T01:01:04.695736+02:00
306896341,de:12067:900310857::1,0.0,2026-10-02T01:01:04.695736+02:00
306896341,de:12067:900310854::1,0.0,2026-10-02T01:01:04.695736+02:00
306896341,de:12067:900310846::1,0.0,2026-10-02T01:01:04.695736+02:00
306896341,de:12067:900310847::1,0.0,2026-10-02T01:01:04.695736+02:00
306896341,de:12067:900310890::1,0.0,2026-10-02T01:01:04.695736+02:00
306896341,de:12067:900310889::1,0.0,2026-10-02T01:01:04.695736+02:00
306896341,de:12067:900310882::1,0.0,2026-10-02T01:01:04.695736+02:00
306896341,de:12067:900310920::1,0.0,2026-10-02T01:01:04.695736+02:00
306896341,de:12067:900310883::1,0.0,2026-10-02T01:01:04.695736+02:00
306896341,de:12067:900310885::1,0.0,2026-10-02T01:01:04.695736+02:00
306896341,de:12067:900310881::1,0.0,2026-10-02T01:01:04.695736+02:00
306896341,de:12067:900310888::1,0.0,2026-10-02T01:01:04.695736+02:00
306896341,de:12067:900310919::1,0.0,2026-10-02T01:01:04.695736+02:00
306896341,de:12064:900320891::1,0.0,2026-10-02T01:01:04.695736+02:00
306896341,de:12064:900320888::4,0.0,2026-10-02T01:01:04.695736+02:00
306896341,de:12064:900320886::1,0.0,2026-10-02T01:01:04.695736+02:00
306896341,de:12064:900320284::1,0.0,2026-10-02T01:01:04.695736+02:00
306896341,de:12064:900320278::1,0.0,2026-10-02T01:01:04.695736+02:00
306896341,de:12064:900320274::1,0.0,2026-10-02T01:01:04.695736+02:00
306895303,de:12061:900261462::1,0.0,2026-10-02T01:01:04.695736+02:00
306895303,de:12061:900261465::2,0.0,2026-10-02T01:01:04.695736+02:00
306895303,de:12061:900261420::2,0.0,2026-10-02T01:01:04.695736+02:00
306895303,de:12061:900261207::2,0.0,2026-10-02T01:01:04.695736+02:00
306895303,de:12061:900261208::2,0.0,2026-10-02T01:01:04.695736+02:00
306895303,de:12061:900261734::1,0.0,2026-10-02T01:01:04.695736+02:00
306895303,de:12067:900310934::2,0.0,2026-10-02T01:01:04.695736+02:00
306895303,de:12067:900311068::2,0.0,2026-10-02T01:01:04.695736+02:00
306895303,de:12067:900311003::1,0.0,2026-10-02T01:01:04.695736+02:00
306895303,de:12067:900310986::2,0.0,2026-10-02T01:01:04.695736+02:00
306895303,de:12067:900310986::2,-23.0,2026-10-02T01:01:04.695736+02:00
306895303,de:12067:900311061::1,0.0,2026-10-02T01:01:04.695736+02:00
306895303,de:12067:900311063::2,0.0,2026-10-02T01:01:04.695736+02:00
306895303,de:12067:900311065::1,0.0,2026-10-02T01:01:04.695736+02:00
306895303,de:12067:900311063::1,0.0,2026-10-02T01:01:04.695736+02:00
306895303,de:12067:900311062::1,0.0,2026-10-02T01:01:04.695736+02:00
306895303,de:12067:900310987::2,0.0,2026-10-02T01:01:04.695736+02:00
306895303,de:12067:900310986::2,23.0,2026-10-02T01:01:04.695736+02:00
306895303,de:12067:900310986::2,0.0,2026-10-02T01:01:04.695736+02:00
306895303,de:12067:900310984::1,0.0,2026-10-02T01:01:04.695736+02:00
306895303,de:12067:900310716::2,0.0,2026-10-02T01:01:04.695736+02:00
306895303,de:12067:900310942::2,0.0,2026-10-02T01:01:04.695736+02:00
306895303,de:12067:900310721::1,0.0,2026-10-02T01:01:04.695736+02:00
306895303,de:12067:900310755::2,0.0,2026-10-02T01:01:04.695736+02:00
306895303,de:12067:900310728::2,0.0,2026-10-02T01:01:04.695736+02:00
306895303,de:12067:900311129::6,0.0,2026-10-02T01:01:04.695736+02:00
295946282,de:11000:900170004:1:50,0.0,2026-10-02T01:01:04.695736+02:00
295946282,de:11000:900170003:1:51,-0.3,2026-10-02T01:01:04.695736+02:00
295946282,de:11000:900170002:1:51,-0.1,2026-10-02T01:01:04.695736+02:00
295946282,de:11000:900170001:1:51,-0.9,2026-10-02T01:01:04.695736+02:00
295946282,de:11000:900170005:1:51,-0.7,2026-10-02T01:01:04.695736+02:00
295946282,de:11000:900171003:1:51,-0.6,2026-10-02T01:01:04.695736+02:00
295946282,de:11000:900171002:1:51,-0.9,2026-10-02T01:01:04.695736+02:00
295946282,de:11000:900160004:1:51,-0.3,2026-10-02T01:01:04.695736+02:00
295946282,de:11000:900160003:1:51,-0.4,2026-10-02T01:01:04.695736+02:00
295946282,de:11000:900120003:3:55,-0.6,2026-10-02T01:01:04.695736+02:00
295946282,de:11000:900120004:2:53,-0.1,2026-10-02T01:01:04.695736+02:00
295946282,de:11000:900120005:5:58,-0.4,2026-10-02T01:01:04.695736+02:00
295946282,de:11000:900100004:1:51,-0.9,2026-10-02T01:01:04.695736+02:00
295946282,de:11000:900100003:2:53,-0.9,2026-10-02T01:01:04.695736+02:00
295946282,de:11000:900100002:1:51,-0.9,2026-10-02T01:01:04.695736+02:00
295946282,de:11000:900100001:3:55,-0.9,2026-10-02T01:01:04.695736+02:00
295946282,de:11000:900003201:3:55,-0.6,2026-10-02T01:01:04.695736+02:00
295946282,de:11000:900003102:1:51,-0.3,2026-10-02T01:01:04.695736+02:00
295946282,de:11000:900003103:1:51,-0.4,2026-10-02T01:01:04.695736+02:00
295946282,de:11000:900023201:3:55,-0.3,2026-10-02T01:01:04.695736+02:00
295946282,de:11000:900024203:1:51,-0.3,2026-10-02T01:01:04.695736+02:00
295946282,de:11000:900024101:4:57,-0.3,2026-10-02T01:01:04.695736+02:00
295946282,de:11000:900024102:1:50,-0.6,2026-10-02T01:01:04.695736+02:00
295946282,de:11000:900048101:1:50,-0.8,2026-10-02T01:01:04.695736+02:00
295946282,de:11000:900052201:2:52,0.0,2026-10-02T01:01:04.695736+02:00
295946282,de:11000:900053301:1:50,-0.4,2026-10-02T01:01:04.695736+02:00
295946282,de:12054:900230003:1:50,-0.4,2026-10-02T01:01:04.695736+02:00
295946282,de:12054:900230000:1:51,-0.4,2026-10-02T01:01:04.695736+02:00
295946282,de:12054:900230999:3:55,-0.9,2026-10-02T01:01:04.695736+02:00
295946278,de:11000:900170004:1:50,0.0,2026-10-02T01:01:04.695736+02:00
295946278,de:11000:900170003:1:51,-0.3,2026-10-02T01:01:04.695736+02:00
295946278,de:11000:900170002:1:51,-0.1,2026-10-02T01:01:04.695736+02:00
295946278,de:11000:900170001:1:51,-0.9,2026-10-02T01:01:04.695736+02:00
295946278,de:11000:900170005:1:51,-0.7,2026-10-02T01:01:04.695736+02:00
295946278,de:11000:900171003:1:51,-0.6,2026-10-02T01:01:04.695736+02:00
295946278,de:11000:900171002:1:51,-0.9,2026-10-02T01:01:04.695736+02:00
295946278,de:11000:900160004:1:51,-0.3,2026-10-02T01:01:04.695736+02:00
295946278,de:11000:900160003:1:51,-0.4,2026-10-02T01:01:04.695736+02:00
295946278,de:11000:900120003:3:55,-0.6,2026-10-02T01:01:04.695736+02:00
295946278,de:11000:900120004:2:53,-0.1,2026-10-02T01:01:04.695736+02:00
295946278,de:11000:900120005:5:58,-0.4,2026-10-02T01:01:04.695736+02:00
295946278,de:11000:900100004:1:51,-0.9,2026-10-02T01:01:04.695736+02:00
295946278,de:11000:900100003:2:53,-0.9,2026-10-02T01:01:04.695736+02:00
295946278,de:11000:900100002:1:51,-0.9,2026-10-02T01:01:04.695736+02:00
295946278,de:11000:900100001:3:55,-0.9,2026-10-02T01:01:04.695736+02:00
295946278,de:11000:900003201:3:55,-0.6,2026-10-02T01:01:04.695736+02:00
295946278,de:11000:900003102:1:51,-0.3,2026-10-02T01:01:04.695736+02:00
295946278,de:11000:900003103:1:51,-0.4,2026-10-02T01:01:04.695736+02:00
295946278,de:11000:900023201:3:55,-0.3,2026-10-02T01:01:04.695736+02:00
295946278,de:11000:900024203:1:51,-0.3,2026-10-02T01:01:04.695736+02:00
295946278,de:11000:900024101:4:57,-0.3,2026-10-02T01:01:04.695736+02:00
295946278,de:11000:900024102:1:50,-0.6,2026-10-02T01:01:04.695736+02:00
295946278,de:11000:900048101:1:50,-0.8,2026-10-02T01:01:04.695736+02:00
295946278,de:11000:900052201:2:52,0.0,2026-10-02T01:01:04.695736+02:00
295946278,de:11000:900053301:1:50,-0.4,2026-10-02T01:01:04.695736+02:00
295946278,de:12054:900230003:1:50,-0.4,2026-10-02T01:01:04.695736+02:00
295946278,de:12054:900230000:1:51,-0.4,2026-10-02T01:01:04.695736+02:00
295946278,de:12054:900230999:3:55,-0.9,2026-10-02T01:01:04.695736+02:00
295946172,de:12054:900230999:3:54,0.0,2026-10-02T01:01:04.695736+02:00
295946172,de:12054:900230000:1:50,-0.3,2026-10-02T01:01:04.695736+02:00
295946172,de:12054:900230003:1:54,-0.3,2026-10-02T01:01:04.695736+02:00
295946172,de:11000:900053301:2:53,-0.4,2026-10-02T01:01:04.695736+02:00
295946172,de:11000:900052201:2:53,-0.7,2026-10-02T01:01:04.695736+02:00
295946172,de:11000:900048101:2:53,-0.9,2026-10-02T01:01:04.695736+02:00
295946172,de:11000:900024102:2:53,-0.9,2026-10-02T01:01:04.695736+02:00
295946172,de:11000:900024101:3:55,-0.3,2026-10-02T01:01:04.695736+02:00
295946172,de:11000:900024203:1:51,-0.3,2026-10-02T01:01:04.695736+02:00
295946172,de:11000:900023201:3:54,-0.2,2026-10-02T01:01:04.695736+02:00
295946172,de:11000:900003103:1:50,-0.3,2026-10-02T01:01:04.695736+02:00
295946172,de:11000:900003102:1:50,-0.4,2026-10-02T01:01:04.695736+02:00
295946172,de:11000:900003201:3:54,0.0,2026-10-02T01:01:04.695736+02:00
295946172,de:11000:900100001:3:54,-0.6,2026-10-02T01:01:04.695736+02:00
295946172,de:11000:900100002:1:50,-0.9,2026-10-02T01:01:04.695736+02:00
295946172,de:11000:900100003:2:52,-0.6,2026-10-02T01:01:04.695736+02:00
295946172,de:11000:900100004:1:50,-0.9,2026-10-02T01:01:04.695736+02:00
295946172,de:11000:900120005:4:55,-0.1,2026-10-02T01:01:04.695736+02:00
295946172,de:11000:900120004:1:50,-0.6,2026-10-02T01:01:04.695736+02:00
295946172,de:11000:900120003:2:53,-0.9,2026-10-02T01:01:04.695736+02:00
295946172,de:11000:900160003:1:50,-0.2,2026-10-02T01:01:04.695736+02:00
295946172,de:11000:900160004:1:50,-0.2,2026-10-02T01:01:04.695736+02:00
295946172,de:11000:900171002:1:50,-0.7,2026-10-02T01:01:04.695736+02:00
295946172,de:11000:900171003:1:50,-0.8,2026-10-02T01:01:04.695736+02:00
295946172,de:11000:900170005:1:50,-0.3,2026-10-02T01:01:04.695736+02:00
295946172,de:11000:900170001:1:50,-0.1,2026-10-02T01:01:04.695736+02:00
295946172,de:11000:900170002:1:50,-0.9,2026-10-02T01:01:04.695736+02:00
295946172,de:11000:900170003:1:50,-0.7,2026-10-02T01:01:04.695736+02:00
295946172,de:11000:900170004:1:50,-0.9,2026-10-02T01:01:04.695736+02:00
295953497,de:11000:900120004:1:51,0.0,2026-10-02T01:01:04.695736+02:00
295953497,de:11000:900120003:2:52,-0.9,2026-10-02T01:01:04.695736+02:00
295953497,de:11000:900160003:1:50,-0.2,2026-10-02T01:01:04.695736+02:00
295953497,de:11000:900160004:1:50,-0.2,2026-10-02T01:01:04.695736+02:00
295953497,de:11000:900171002:1:50,-0.7,2026-10-02T01:01:04.695736+02:00
295953497,de:11000:900171003:1:50,-0.8,2026-10-02T01:01:04.695736+02:00
295953497,de:11000:900152002:1:50,-0.4,2026-10-02T01:01:04.695736+02:00
295953497,de:11000:900152001:1:50,-0.6,2026-10-02T01:01:04.695736+02:00
295953497,de:11000:900151001:1:51,-0.9,2026-10-02T01:01:04.695736+02:00
295953493,de:11000:900120004:1:51,0.0,2026-10-02T01:01:04.695736+02:00
295953493,de:11000:900120003:2:52,-0.9,2026-10-02T01:01:04.695736+02:00
295953493,de:11000:900160003:1:50,-0.2,2026-10-02T01:01:04.695736+02:00
295953493,de:11000:900160004:1:50,-0.2,2026-10-02T01:01:04.695736+02:00
295953493,de:11000:900171002:1:50,-0.7,2026-10-02T01:01:04.695736+02:00
295953493,de:11000:900171003:1:50,-0.8,2026-10-02T01:01:04.695736+02:00
295953493,de:11000:900152002:1:50,-0.4,2026-10-02T01:01:04.695736+02:00
295953493,de:11000:900152001:1:50,-0.6,2026-10-02T01:01:04.695736+02:00
295953493,de:11000:900151001:1:51,-0.9,2026-10-02T01:01:04.695736+02:00
295953485,de:11000:900120004:1:51,0.0,2026-10-02T01:01:04.695736+02:00
295953485,de:11000:900120003:2:52,-0.9,2026-10-02T01:01:04.695736+02:00
295953485,de:11000:900160003:1:50,-0.2,2026-10-02T01:01:04.695736+02:00
295953485,de:11000:900160004:1:50,-0.2,2026-10-02T01:01:04.695736+02:00
295953485,de:11000:900171002:1:50,-0.7,2026-10-02T01:01:04.695736+02:00
295953485,de:11000:900171003:1:50,-0.8,2026-10-02T01:01:04.695736+02:00
295953485,de:11000:900152002:1:50,-0.4,2026-10-02T01:01:04.695736+02:00
295953485,de:11000:900152001:1:50,-0.6,2026-10-02T01:01:04.695736+02:00
295953485,de:11000:900151001:1:51,-0.9,2026-10-02T01:01:04.695736+02:00
306895468,de:12067:900311083::3,0.0,2026-10-02T01:01:04.695736+02:00
306895468,de:12067:900310775::1,0.0,2026-10-02T01:01:04.695736+02:00
306895468,de:12067:900311083::2,0.0,2026-10-02T01:01:04.695736+02:00
306895468,de:12067:900310814::2,0.0,2026-10-02T01:01:04.695736+02:00
306895468,de:12067:900310628::2,0.0,2026-10-02T01:01:04.695736+02:00
306895468,de:12067:900310793::2,0.0,2026-10-02T01:01:04.695736+02:00
306895468,de:12067:900310774::1,0.0,2026-10-02T01:01:04.695736+02:00
306895468,de:12067:900310792::1,0.0,2026-10-02T01:01:04.695736+02:00
306895468,de:12067:900310825::1,0.0,2026-10-02T01:01:04.695736+02:00
306895468,de:12067:900310809::2,0.0,2026-10-02T01:01:04.695736+02:00
306895468,de:12067:900310787::2,0.0,2026-10-02T01:01:04.695736+02:00
306895468,de:12067:900310790::2,0.0,2026-10-02T01:01:04.695736+02:00
306895468,de:12067:900310788::2,0.0,2026-10-02T01:01:04.695736+02:00
306895468,de:12067:900310696::2,0.0,2026-10-02T01:01:04.695736+02:00
306895468,de:12067:900310001::11,0.0,2026-10-02T01:01:04.695736+02:00
306895468,de:12067:900310001::2,0.0,2026-10-02T01:01:04.695736+02:00
306895468,de:12067:900310816::1,0.0,2026-10-02T01:01:04.695736+02:00
306895468,de:12067:900310627::1,0.0,2026-10-02T01:01:04.695736+02:00
306895468,de:12067:900310781::1,0.0,2026-10-02T01:01:04.695736+02:00
306895468,de:12067:900310822::1,0.0,2026-10-02T01:01:04.695736+02:00
306895468,de:12067:900310808::1,0.0,2026-10-02T01:01:04.695736+02:00
306895468,de:12067:900310794::1,0.0,2026-10-02T01:01:04.695736+02:00
306895468,de:12067:900310821::1,0.0,2026-10-02T01:01:04.695736+02:00
306895468,de:12067:900310806::1,0.0,2026-10-02T01:01:04.695736+02:00
306895468,de:12067:900310812::1,0.0,2026-10-02T01:01:04.695736+02:00
306895468,de:12067:900310770::1,0.0,2026-10-02T01:01:04.695736+02:00
306895468,de:12067:900310010::3,0.0,2026-10-02T01:01:04.695736+02:00
306895468,de:12067:900310880::1,0.0,2026-10-02T01:01:04.695736+02:00
306895468,de:12067:900310815::1,0.0,2026-10-02T01:01:04.695736+02:00
306895468,de:12067:900310807::1,0.0,2026-10-02T01:01:04.695736+02:00
295956043,de:11000:900120005:4:56,0.0,2026-10-02T01:01:04.695736+02:00
295956043,de:11000:900120004:1:51,-0.6,2026-10-02T01:01:04.695736+02:00
295956043,de:11000:900120003:2:52,-0.9,2026-10-02T01:01:04.695736+02:00
295956043,de:11000:900160003:1:50,-0.2,2026-10-02T01:01:04.695736+02:00
295956043,de:11000:900160004:1:50,-0.2,2026-10-02T01:01:04.695736+02:00
295956043,de:11000:900171002:1:50,-0.7,2026-10-02T01:01:04.695736+02:00
295956043,de:11000:900171003:1:50,-0.8,2026-10-02T01:01:04.695736+02:00
295956043,de:11000:900152002:1:50,-0.4,2026-10-02T01:01:04.695736+02:00
295956043,de:11000:900152001:1:50,-0.6,2026-10-02T01:01:04.695736+02:00
295956043,de:11000:900151001:1:50,-0.9,2026-10-02T01:01:04.695736+02:00
306895474,de:12067:900310807::1,0.0,2026-10-02T01:01:04.695736+02:00
306895474,de:12067:900310815::2,0.0,2026-10-02T01:01:04.695736+02:00
306895474,de:12067:900310880::2,0.0,2026-10-02T01:01:04.695736+02:00
306895474,de:12067:900310010::2,0.0,2026-10-02T01:01:04.695736+02:00
306895474,de:12067:900310770::2,0.0,2026-10-02T01:01:04.695736+02:00
306895474,de:12067:900310812::2,0.0,2026-10-02T01:01:04.695736+02:00
306895474,de:12067:900310806::2,0.0,2026-10-02T01:01:04.695736+02:00
306895474,de:12067:900310821::2,0.0,2026-10-02T01:01:04.695736+02:00
306895474,de:12067:900310794::2,0.0,2026-10-02T01:01:04.695736+02:00
306895474,de:12067:900310808::2,0.0,2026-10-02T01:01:04.695736+02:00
306895474,de:12067:900310822::2,0.0,2026-10-02T01:01:04.695736+02:00
306895474,de:12067:900310781::2,0.0,2026-10-02T01:01:04.695736+02:00
306895474,de:12067:900310627::2,0.0,2026-10-02T01:01:04.695736+02:00
306895474,de:12067:900310816::2,0.0,2026-10-02T01:01:04.695736+02:00
306895474,de:12067:900310022::1,0.0,2026-10-02T01:01:04.695736+02:00
306895474,de:12067:900310001::11,0.0,2026-10-02T01:01:04.695736+02:00
306895474,de:12067:900310001::1,0.0,2026-10-02T01:01:04.695736+02:00
306895474,de:12067:900310696::1,0.0,2026-10-02T01:01:04.695736+02:00
306895474,de:12067:900310788::1,0.0,2026-10-02T01:01:04.695736+02:00
306895474,de:12067:900310790::1,0.0,2026-10-02T01:01:04.695736+02:00
306895474,de:12067:900310787::1,0.0,2026-10-02T01:01:04.695736+02:00
306895474,de:12067:900310809::1,0.0,2026-10-02T01:01:04.695736+02:00
306895474,de:12067:900310825::1,0.0,2026-10-02T01:01:04.695736+02:00
306895474,de:12067:900310792::2,0.0,2026-10-02T01:01:04.695736+02:00
306895474,de:12067:900310774::2,0.0,2026-10-02T01:01:04.695736+02:00
306895474,de:12067:900310793::1,0.0,2026-10-02T01:01:04.695736+02:00
306895474,de:12067:900310628::1,0.0,2026-10-02T01:01:04.695736+02:00
306895474,de:12067:900310814::1,0.0,2026-10-02T01:01:04.695736+02:00
306895474,de:12067:900311083::3,0.0,2026-10-02T01:01:04.695736+02:00
295949449,de:12054:900230999:3:55,0.0,2026-10-02T01:01:04.695736+02:00
295949449,de:12054:900230000:1:50,-0.3,2026-10-02T01:01:04.695736+02:00
295949449,de:12054:900230003:1:54,-0.3,2026-10-02T01:01:04.695736+02:00
295949449,de:11000:900053301:2:53,-0.4,2026-10-02T01:01:04.695736+02:00
295949449,de:11000:900052201:2:53,-0.7,2026-10-02T01:01:04.695736+02:00
295949449,de:11000:900048101:2:53,-0.9,2026-10-02T01:01:04.695736+02:00
295949449,de:11000:900024102:2:53,-0.9,2026-10-02T01:01:04.695736+02:00
295949449,de:11000:900024101:3:55,-0.3,2026-10-02T01:01:04.695736+02:00
295949449,de:11000:900024203:1:51,-0.3,2026-10-02T01:01:04.695736+02:00
295949449,de:11000:900023201:3:54,-0.2,2026-10-02T01:01:04.695736+02:00
295949449,de:11000:900003103:1:50,-0.3,2026-10-02T01:01:04.695736+02:00
295949449,de:11000:900003102:1:50,-0.4,2026-10-02T01:01:04.695736+02:00
295949449,de:11000:900003201:3:54,0.0,2026-10-02T01:01:04.695736+02:00
295949449,de:11000:900100001:3:54,-0.6,2026-10-02T01:01:04.695736+02:00
295949449,de:11000:900100002:1:50,-0.9,2026-10-02T01:01:04.695736+02:00
295949449,de:11000:900100003:2:52,-0.6,2026-10-02T01:01:04.695736+02:00
295949449,de:11000:900100004:1:50,-0.9,2026-10-02T01:01:04.695736+02:00
295949449,de:11000:900120005:4:55,-0.1,2026-10-02T01:01:04.695736+02:00
295949449,de:11000:900120004:1:50,-0.6,2026-10-02T01:01:04.695736+02:00
295949449,de:11000:900120003:2:53,-0.9,2026-10-02T01:01:04.695736+02:00
295949449,de:11000:900160003:1:50,-0.2,2026-10-02T01:01:04.695736+02:00
295949449,de:11000:900160004:1:50,-0.2,2026-10-02T01:01:04.695736+02:00
295949449,de:11000:900171002:1:50,-0.7,2026-10-02T01:01:04.695736+02:00
295949449,de:11000:900171003:1:50,-0.8,2026-10-02T01:01:04.695736+02:00
295949449,de:11000:900170005:1:50,-0.3,2026-10-02T01:01:04.695736+02:00
295949449,de:11000:900170001:1:50,-0.1,2026-10-02T01:01:04.695736+02:00
295949449,de:11000:900170002:1:50,-0.9,2026-10-02T01:01:04.695736+02:00
295949449,de:11000:900170003:1:50,-0.7,2026-10-02T01:01:04.695736+02:00
295949449,de:11000:900170004:2:52,-0.9,2026-10-02T01:01:04.695736+02:00
306895478,de:12067:900310807::1,0.0,2026-10-02T01:01:04.695736+02:00
306895478,de:12067:900310815::2,0.0,2026-10-02T01:01:04.695736+02:00
306895478,de:12067:900310880::2,0.0,2026-10-02T01:01:04.695736+02:00
306895478,de:12067:900310010::2,0.0,2026-10-02T01:01:04.695736+02:00
306895478,de:12067:900310770::2,0.0,2026-10-02T01:01:04.695736+02:00
306895478,de:12067:900310812::2,0.0,2026-10-02T01:01:04.695736+02:00
306895478,de:12067:900310806::2,0.0,2026-10-02T01:01:04.695736+02:00
306895478,de:12067:900310821::2,0.0,2026-10-02T01:01:04.695736+02:00
306895478,de:12067:900310794::2,0.0,2026-10-02T01:01:04.695736+02:00
306895478,de:12067:900310808::2,0.0,2026-10-02T01:01:04.695736+02:00
306895478,de:12067:900310822::2,0.0,2026-10-02T01:01:04.695736+02:00
306895478,de:12067:900310781::2,0.0,2026-10-02T01:01:04.695736+02:00
306895478,de:12067:900310627::2,0.0,2026-10-02T01:01:04.695736+02:00
306895478,de:12067:900310816::2,0.0,2026-10-02T01:01:04.695736+02:00
306895478,de:12067:900310022::1,0.0,2026-10-02T01:01:04.695736+02:00
306895478,de:12067:900310001::11,0.0,2026-10-02T01:01:04.695736+02:00
306895478,de:12067:900310001::1,0.0,2026-10-02T01:01:04.695736+02:00
306895478,de:12067:900310696::1,0.0,2026-10-02T01:01:04.695736+02:00
306895478,de:12067:900310788::1,0.0,2026-10-02T01:01:04.695736+02:00
306895478,de:12067:900310790::1,0.0,2026-10-02T01:01:04.695736+02:00
306895478,de:12067:900310787::1,0.0,2026-10-02T01:01:04.695736+02:00
306895478,de:12067:900310809::1,0.0,2026-10-02T01:01:04.695736+02:00
306895478,de:12067:900310825::1,0.0,2026-10-02T01:01:04.695736+02:00
306895478,de:12067:900310792::2,0.0,2026-10-02T01:01:04.695736+02:00
306895478,de:12067:900310774::2,0.0,2026-10-02T01:01:04.695736+02:00
306895478,de:12067:900310793::1,0.0,2026-10-02T01:01:04.695736+02:00
306895478,de:12067:900310628::1,0.0,2026-10-02T01:01:04.695736+02:00
306895478,de:12067:900310814::1,0.0,2026-10-02T01:01:04.695736+02:00
306895478,de:12067:900311083::3,0.0,2026-10-02T01:01:04.695736+02:00
306895500,de:12067:900310807::1,0.0,2026-10-02T01:01:04.695736+02:00
306895500,de:12067:900310815::2,0.0,2026-10-02T01:01:04.695736+02:00
306895500,de:12067:900310880::2,0.0,2026-10-02T01:01:04.695736+02:00
306895500,de:12067:900310010::2,0.0,2026-10-02T01:01:04.695736+02:00
306895500,de:12067:900310770::2,0.0,2026-10-02T01:01:04.695736+02:00
306895500,de:12067:900310812::2,0.0,2026-10-02T01:01:04.695736+02:00
306895500,de:12067:900310806::2,0.0,2026-10-02T01:01:04.695736+02:00
306895500,de:12067:900310778::2,0.0,2026-10-02T01:01:04.695736+02:00
306895500,de:12067:900310768::2,0.0,2026-10-02T01:01:04.695736+02:00
306895500,de:12067:900310786::2,0.0,2026-10-02T01:01:04.695736+02:00
306895500,de:12067:900310784::2,0.0,2026-10-02T01:01:04.695736+02:00
306895500,de:12067:900311104::2,0.0,2026-10-02T01:01:04.695736+02:00
306895500,de:12067:900310995::1,0.0,2026-10-02T01:01:04.695736+02:00
306895500,de:12067:900310779::2,0.0,2026-10-02T01:01:04.695736+02:00
306895500,de:12067:900310808::2,0.0,2026-10-02T01:01:04.695736+02:00
306895500,de:12067:900310822::2,0.0,2026-10-02T01:01:04.695736+02:00
306895500,de:12067:900310781::2,0.0,2026-10-02T01:01:04.695736+02:00
306895500,de:12067:900310627::2,0.0,2026-10-02T01:01:04.695736+02:00
306895500,de:12067:900310816::2,0.0,2026-10-02T01:01:04.695736+02:00
306895500,de:12067:900310022::1,0.0,2026-10-02T01:01:04.695736+02:00
306895500,de:12067:900310001::11,0.0,2026-10-02T01:01:04.695736+02:00
306895500,de:12067:900310001::1,0.0,2026-10-02T01:01:04.695736+02:00
306895500,de:12067:900310696::1,0.0,2026-10-02T01:01:04.695736+02:00
306895500,de:12067:900310788::1,0.0,2026-10-02T01:01:04.695736+02:00
306895500,de:12067:900310790::1,0.0,2026-10-02T01:01:04.695736+02:00
306895500,de:12067:900310787::1,0.0,2026-10-02T01:01:04.695736+02:00
306895500,de:12067:900310809::1,0.0,2026-10-02T01:01:04.695736+02:00
306895500,de:12067:900310825::1,0.0,2026-10-02T01:01:04.695736+02:00
306895500,de:12067:900310792::2,0.0,2026-10-02T01:01:04.695736+02:00
306895500,de:12067:900310774::2,0.0,2026-10-02T01:01:04.695736+02:00
306895500,de:12067:900310793::1,0.0,2026-10-02T01:01:04.695736+02:00
306895500,de:12067:900310628::1,0.0,2026-10-02T01:01:04.695736+02:00
306895500,de:12067:900310814::1,0.0,2026-10-02T01:01:04.695736+02:00
306895500,de:12067:900311083::3,0.0,2026-10-02T01:01:04.695736+02:00
295959959,de:12065:900200008:1:51,0.0,2026-10-02T01:01:04.695736+02:00
295959959,de:12065:900200009:1:51,-0.7,2026-10-02T01:01:04.695736+02:00
295959959,de:12065:900200011:1:51,-0.3,2026-10-02T01:01:04.695736+02:00
295959959,de:12065:900200012:1:51,-0.8,2026-10-02T01:01:04.695736+02:00
295959959,de:12065:900200013:1:50,-0.4,2026-10-02T01:01:04.695736+02:00
295959959,de:11000:900142001:1:51,-0.7,2026-10-02T01:01:04.695736+02:00
295959959,de:11000:900130001:1:51,-0.2,2026-10-02T01:01:04.695736+02:00
295959959,de:11000:900130002:1:51,-0.7,2026-10-02T01:01:04.695736+02:00
295959959,de:11000:900110011:1:51,-0.2,2026-10-02T01:01:04.695736+02:00
295959959,de:11000:900110001:1:50,-0.2,2026-10-02T01:01:04.695736+02:00
295959959,de:11000:900110002:1:50,-0.9,2026-10-02T01:01:04.695736+02:00
295959959,de:11000:900110003:1:50,-0.9,2026-10-02T01:01:04.695736+02:00
295959959,de:11000:900110004:1:50,-0.3,2026-10-02T01:01:04.695736+02:00
295959959,de:11000:900110012:1:50,-0.2,2026-10-02T01:01:04.695736+02:00
295959959,de:11000:900120001:1:50,-0.2,2026-10-02T01:01:04.695736+02:00
295959959,de:11000:900120003:5:58,-0.6,2026-10-02T01:01:04.695736+02:00
295959959,de:11000:900190001:1:50,-0.1,2026-10-02T01:01:04.695736+02:00
295959959,de:11000:900191002:1:50,0.0,2026-10-02T01:01:04.695736+02:00
295959959,de:11000:900191001:2:52,-0.4,2026-10-02T01:01:04.695736+02:00
295959959,de:11000:900192001:2:52,-0.2,2026-10-02T01:01:04.695736+02:00
295959959,de:11000:900193001:1:50,-0.7,2026-10-02T01:01:04.695736+02:00
295959959,de:11000:900193002:1:50,-0.3,2026-10-02T01:01:04.695736+02:00
295959959,de:11000:900186001:1:51,-0.3,2026-10-02T01:01:04.695736+02:00
295963764,de:11000:900186001:2:52,0.0,2026-10-02T01:01:04.695736+02:00
295963764,de:11000:900193002:1:51,-0.6,2026-10-02T01:01:04.695736+02:00
295963764,de:11000:900193001:2:51,-0.3,2026-10-02T01:01:04.695736+02:00
295963764,de:11000:900192001:3:55,-0.2,2026-10-02T01:01:04.695736+02:00
295963764,de:11000:900191001:1:50,-0.9,2026-10-02T01:01:04.695736+02:00
295963764,de:11000:900191002:1:51,-0.3,2026-10-02T01:01:04.695736+02:00
295963764,de:11000:900190001:2:53,-0.1,2026-10-02T01:01:04.695736+02:00
295963764,de:11000:900120003:5:59,-0.3,2026-10-02T01:01:04.695736+02:00
295963764,de:11000:900120001:1:51,-0.6,2026-10-02T01:01:04.695736+02:00
295963764,de:11000:900110012:1:51,-0.8,2026-10-02T01:01:04.695736+02:00
295963764,de:11000:900110004:1:51,-0.7,2026-10-02T01:01:04.695736+02:00
295963764,de:11000:900110003:1:51,0.0,2026-10-02T01:01:04.695736+02:00
295963764,de:11000:900110002:1:51,0.0,2026-10-02T01:01:04.695736+02:00
295963764,de:11000:900110001:1:51,-0.7,2026-10-02T01:01:04.695736+02:00
295963764,de:11000:900110011:2:53,-0.4,2026-10-02T01:01:04.695736+02:00
295963764,de:11000:900085201:1:50,-0.8,2026-10-02T01:01:04.695736+02:00
295963764,de:11000:900084101:1:50,-0.7,2026-10-02T01:01:04.695736+02:00
295963764,de:11000:900096101:1:50,-0.8,2026-10-02T01:01:04.695736+02:00
295963764,de:11000:900094101:1:50,-0.3,2026-10-02T01:01:04.695736+02:00
295963764,de:11000:900093201:1:50,-0.4,2026-10-02T01:01:04.695736+02:00
295963764,de:11000:900092201:1:51,-0.2,2026-10-02T01:01:04.695736+02:00
295963746,de:12061:900260009:3:56,0.0,2026-10-02T01:01:04.695736+02:00
295963746,de:12061:900260080:1:51,-0.7,2026-10-02T01:01:04.695736+02:00
295963746,de:12061:900260005:3:55,0.0,2026-10-02T01:01:04.695736+02:00
295963746,de:11000:900196001:1:51,0.0,2026-10-02T01:01:04.695736+02:00
295963746,de:11000:900195510:1:50,-0.4,2026-10-02T01:01:04.695736+02:00
295963746,de:11000:900193002:1:51,-0.6,2026-10-02T01:01:04.695736+02:00
295963746,de:11000:900193001:2:51,-0.3,2026-10-02T01:01:04.695736+02:00
295963746,de:11000:900192001:3:55,-0.2,2026-10-02T01:01:04.695736+02:00
295963746,de:11000:900191001:1:50,-0.9,2026-10-02T01:01:04.695736+02:00
295963746,de:11000:900191002:1:51,-0.3,2026-10-02T01:01:04.695736+02:00
295963746,de:11000:900190001:2:53,-0.1,2026-10-02T01:01:04.695736+02:00
295963746,de:11000:900120003:5:59,-0.3,2026-10-02T01:01:04.695736+02:00
295963746,de:11000:900120001:1:51,-0.6,2026-10-02T01:01:04.695736+02:00
295963746,de:11000:900110012:1:51,-0.8,2026-10-02T01:01:04.695736+02:00
295963746,de:11000:900110004:1:51,-0.7,2026-10-02T01:01:04.695736+02:00
295963746,de:11000:900110003:1:51,0.0,2026-10-02T01:01:04.695736+02:00
295963746,de:11000:900110002:1:51,0.0,2026-10-02T01:01:04.695736+02:00
295963746,de:11000:900110001:1:51,-0.7,2026-10-02T01:01:04.695736+02:00
295963746,de:11000:900110011:2:53,-0.4,2026-10-02T01:01:04.695736+02:00
295963746,de:11000:900085201:1:50,-0.8,2026-10-02T01:01:04.695736+02:00
295963746,de:11000:900084101:1:50,-0.7,2026-10-02T01:01:04.695736+02:00
295963746,de:11000:900096101:1:50,-0.8,2026-10-02T01:01:04.695736+02:00
295963746,de:11000:900094101:1:50,-0.3,2026-10-02T01:01:04.695736+02:00
295963746,de:11000:900093201:1:50,-0.4,2026-10-02T01:01:04.695736+02:00
295963746,de:11000:900092201:1:51,-0.2,2026-10-02T01:01:04.695736+02:00
295963719,de:12061:900260009:3:56,0.0,2026-10-02T01:01:04.695736+02:00
295963719,de:12061:900260080:1:51,-0.7,2026-10-02T01:01:04.695736+02:00
295963719,de:12061:900260005:3:55,0.0,2026-10-02T01:01:04.695736+02:00
295963719,de:11000:900196001:1:51,0.0,2026-10-02T01:01:04.695736+02:00
295963719,de:11000:900195510:1:50,-0.4,2026-10-02T01:01:04.695736+02:00
295963719,de:11000:900193002:1:51,-0.6,2026-10-02T01:01:04.695736+02:00
295963719,de:11000:900193001:2:51,-0.3,2026-10-02T01:01:04.695736+02:00
295963719,de:11000:900192001:3:55,-0.2,2026-10-02T01:01:04.695736+02:00
295963719,de:11000:900191001:1:50,-0.9,2026-10-02T01:01:04.695736+02:00
295963719,de:11000:900191002:1:51,-0.3,2026-10-02T01:01:04.695736+02:00
295963719,de:11000:900190001:2:53,-0.1,2026-10-02T01:01:04.695736+02:00
295963719,de:11000:900120003:5:59,-0.3,2026-10-02T01:01:04.695736+02:00
295963719,de:11000:900120001:1:51,-0.6,2026-10-02T01:01:04.695736+02:00
295963719,de:11000:900110012:1:51,-0.8,2026-10-02T01:01:04.695736+02:00
295963719,de:11000:900110004:1:51,-0.7,2026-10-02T01:01:04.695736+02:00
295963719,de:11000:900110003:1:51,0.0,2026-10-02T01:01:04.695736+02:00
295963719,de:11000:900110002:1:51,0.0,2026-10-02T01:01:04.695736+02:00
295963719,de:11000:900110001:1:51,-0.7,2026-10-02T01:01:04.695736+02:00
295963719,de:11000:900110011:2:53,-0.4,2026-10-02T01:01:04.695736+02:00
295963719,de:11000:900085201:1:50,-0.8,2026-10-02T01:01:04.695736+02:00
295963719,de:11000:900084101:1:50,-0.7,2026-10-02T01:01:04.695736+02:00
295963719,de:11000:900096101:1:50,-0.8,2026-10-02T01:01:04.695736+02:00
295963719,de:11000:900094101:1:50,-0.3,2026-10-02T01:01:04.695736+02:00
295963719,de:11000:900093201:1:50,-0.4,2026-10-02T01:01:04.695736+02:00
295963719,de:11000:900092201:1:51,-0.2,2026-10-02T01:01:04.695736+02:00
306895593,de:12067:900310980::1,0.0,2026-10-02T01:01:04.695736+02:00
306895593,de:12067:900310810::1,0.0,2026-10-02T01:01:04.695736+02:00
306895593,de:12067:900310769::2,0.0,2026-10-02T01:01:04.695736+02:00
306895593,de:12067:900310695::3,0.0,2026-10-02T01:01:04.695736+02:00
306895593,de:12067:900310770::1,0.0,2026-10-02T01:01:04.695736+02:00
306895593,de:12067:900310010::3,0.0,2026-10-02T01:01:04.695736+02:00
306895593,de:12067:900310782::2,0.0,2026-10-02T01:01:04.695736+02:00
306895593,de:12067:900311109::2,0.0,2026-10-02T01:01:04.695736+02:00
306895593,de:12067:900310773::2,0.0,2026-10-02T01:01:04.695736+02:00
306895593,de:12067:900310823::2,0.0,2026-10-02T01:01:04.695736+02:00
306895593,de:12067:900311152::2,0.0,2026-10-02T01:01:04.695736+02:00
306895593,de:12067:900311151::2,0.0,2026-10-02T01:01:04.695736+02:00
306895593,de:12067:900310627::2,0.0,2026-10-02T01:01:04.695736+02:00
306895593,de:12067:900310816::2,0.0,2026-10-02T01:01:04.695736+02:00
306895593,de:12067:900310022::1,0.0,2026-10-02T01:01:04.695736+02:00
306895593,de:12067:900310001::11,0.0,2026-10-02T01:01:04.695736+02:00
306895593,de:12067:900310001::1,0.0,2026-10-02T01:01:04.695736+02:00
306895593,de:12067:900311149::1,0.0,2026-10-02T01:01:04.695736+02:00
306895593,de:12067:900311135::1,0.0,2026-10-02T01:01:04.695736+02:00
306895593,de:12067:900311150::1,0.0,2026-10-02T01:01:04.695736+02:00
306895593,de:12067:900310804::1,0.0,2026-10-02T01:01:04.695736+02:00
306895593,de:12067:900310814::1,0.0,2026-10-02T01:01:04.695736+02:00
306895593,de:12067:900311083::3,0.0,2026-10-02T01:01:04.695736+02:00
307332433,de:11000:900029101:1:51,0.0,2026-10-02T01:01:04.695736+02:00
307332433,de:11000:900030202:1:50,-0.3,2026-10-02T01:01:04.695736+02:00
307332433,de:11000:900025424:1:51,-0.2,2026-10-02T01:01:04.695736+02:00
307332433,de:11000:900025321:1:51,-0.2,2026-10-02T01:01:04.695736+02:00
307332433,de:11000:900026105:1:50,-0.4,2026-10-02T01:01:04.695736+02:00
307332433,de:11000:900025423:1:50,-0.7,2026-10-02T01:01:04.695736+02:00
307332433,de:11000:900024102:2:53,-0.7,2026-10-02T01:01:04.695736+02:00
307332433,de:11000:900024101:3:55,-0.3,2026-10-02T01:01:04.695736+02:00
307332433,de:11000:900024203:1:51,-0.8,2026-10-02T01:01:04.695736+02:00
307332433,de:11000:900023201:3:54,-0.7,2026-10-02T01:01:04.695736+02:00
307332433,de:11000:900003103:1:50,-0.8,2026-10-02T01:01:04.695736+02:00
307332433,de:11000:900003102:1:50,-0.9,2026-10-02T01:01:04.695736+02:00
307332433,de:11000:900003201:3:54,-0.5,2026-10-02T01:01:04.695736+02:00
307332433,de:11000:900100001:3:54,-0.1,2026-10-02T01:01:04.695736+02:00
307332433,de:11000:900100002:1:50,-0.4,2026-10-02T01:01:04.695736+02:00
307332433,de:11000:900100003:2:52,-0.1,2026-10-02T01:01:04.695736+02:00
307332433,de:11000:900100004:1:50,-0.4,2026-10-02T01:01:04.695736+02:00
307332433,de:11000:900120005:4:55,-0.6,2026-10-02T01:01:04.695736+02:00
307332433,de:11000:900120004:1:50,-0.1,2026-10-02T01:01:04.695736+02:00
307332433,de:11000:900190001:1:51,-0.2,2026-10-02T01:01:04.695736+02:00
307332433,de:11000:900191002:1:50,0.0,2026-10-02T01:01:04.695736+02:00
307332433,de:11000:900191001:2:52,-0.4,2026-10-02T01:01:04.695736+02:00
307332433,de:11000:900192001:2:52,-0.7,2026-10-02T01:01:04.695736+02:00
307332433,de:11000:900193001:1:50,-0.2,2026-10-02T01:01:04.695736+02:00
307332433,de:11000:900193002:1:50,-0.8,2026-10-02T01:01:04.695736+02:00
307332433,de:11000:900195510:1:51,-0.2,2026-10-02T01:01:04.695736+02:00
307332433,de:11000:900196001:1:50,-0.4,2026-10-02T01:01:04.695736+02:00
307332433,de:12061:900260005:3:54,-0.2,2026-10-02T01:01:04.695736+02:00
307332433,de:12061:900260080:1:50,-0.7,2026-10-02T01:01:04.695736+02:00
307332433,de:12061:900260009:3:55,-0.9,2026-10-02T01:01:04.695736+02:00
307332425,de:11000:900029101:1:51,0.0,2026-10-02T01:01:04.695736+02:00
307332425,de:11000:900030202:1:50,-0.3,2026-10-02T01:01:04.695736+02:00
307332425,de:11000:900025424:1:51,-0.2,2026-10-02T01:01:04.695736+02:00
307332425,de:11000:900025321:1:51,-0.2,2026-10-02T01:01:04.695736+02:00
307332425,de:11000:900026105:1:50,-0.4,2026-10-02T01:01:04.695736+02:00
307332425,de:11000:900025423:1:50,-0.7,2026-10-02T01:01:04.695736+02:00
307332425,de:11000:900024102:2:53,-0.7,2026-10-02T01:01:04.695736+02:00
307332425,de:11000:900024101:3:55,-0.3,2026-10-02T01:01:04.695736+02:00
307332425,de:11000:900024203:1:51,-0.8,2026-10-02T01:01:04.695736+02:00
307332425,de:11000:900023201:3:54,-0.7,2026-10-02T01:01:04.695736+02:00
307332425,de:11000:900003103:1:50,-0.8,2026-10-02T01:01:04.695736+02:00
307332425,de:11000:900003102:1:50,-0.9,2026-10-02T01:01:04.695736+02:00
307332425,de:11000:900003201:3:54,-0.5,2026-10-02T01:01:04.695736+02:00
307332425,de:11000:900100001:3:54,-0.1,2026-10-02T01:01:04.695736+02:00
307332425,de:11000:900100002:1:50,-0.4,2026-10-02T01:01:04.695736+02:00
307332425,de:11000:900100003:2:52,-0.1,2026-10-02T01:01:04.695736+02:00
307332425,de:11000:900100004:1:50,-0.4,2026-10-02T01:01:04.695736+02:00
307332425,de:11000:900120005:4:55,-0.6,2026-10-02T01:01:04.695736+02:00
307332425,de:11000:900120004:1:50,-0.1,2026-10-02T01:01:04.695736+02:00
307332425,de:11000:900190001:1:51,-0.2,2026-10-02T01:01:04.695736+02:00
307332425,de:11000:900191002:1:50,0.0,2026-10-02T01:01:04.695736+02:00
307332425,de:11000:900191001:2:52,-0.4,2026-10-02T01:01:04.695736+02:00
307332425,de:11000:900192001:2:52,-0.7,2026-10-02T01:01:04.695736+02:00
307332425,de:11000:900193001:1:50,-0.2,2026-10-02T01:01:04.695736+02:00
307332425,de:11000:900193002:1:50,-0.8,2026-10-02T01:01:04.695736+02:00
307332425,de:11000:900195510:1:51,-0.2,2026-10-02T01:01:04.695736+02:00
307332425,de:11000:900196001:1:50,-0.4,2026-10-02T01:01:04.695736+02:00
307332425,de:12061:900260005:3:54,-0.2,2026-10-02T01:01:04.695736+02:00
307332425,de:12061:900260080:1:50,-0.7,2026-10-02T01:01:04.695736+02:00
307332425,de:12061:900260009:3:55,-0.9,2026-10-02T01:01:04.695736+02:00
307435201,de:12061:900260611:1:50,0.0,2026-10-02T01:01:04.695736+02:00
307435201,de:12061:900260019:1:50,0.0,2026-10-02T01:01:04.695736+02:00
307435201,de:12061:900261512:2:51,0.0,2026-10-02T01:01:04.695736+02:00
307435201,de:12066:900435602:2:51,0.0,2026-10-02T01:01:04.695736+02:00
307435201,de:12066:900435697:1:50,0.0,2026-10-02T01:01:04.695736+02:00
307435201,de:12066:900435884:1:50,0.0,2026-10-02T01:01:04.695736+02:00
307435201,de:12071:900445956:1:50,0.0,2026-10-02T01:01:04.695736+02:00
307435201,de:12071:900445884:1:50,0.0,2026-10-02T01:01:04.695736+02:00
307435201,de:12052:900470000:6:59,0.0,2026-10-02T01:01:04.695736+02:00
307435164,de:12061:900260005:1:50,0.0,2026-10-02T01:01:04.695736+02:00
307435164,de:11000:900192001:1:51,0.0,2026-10-02T01:01:04.695736+02:00
307332672,de:11000:900029101:1:51,0.0,2026-10-02T01:01:04.695736+02:00
307332672,de:11000:900030202:1:50,-0.3,2026-10-02T01:01:04.695736+02:00
307332672,de:11000:900025424:1:51,-0.2,2026-10-02T01:01:04.695736+02:00
307332672,de:11000:900025321:1:51,-0.2,2026-10-02T01:01:04.695736+02:00
307332672,de:11000:900026105:1:50,-0.4,2026-10-02T01:01:04.695736+02:00
307332672,de:11000:900025423:1:50,-0.7,2026-10-02T01:01:04.695736+02:00
307332672,de:11000:900024102:2:53,-0.7,2026-10-02T01:01:04.695736+02:00
307332672,de:11000:900024101:3:55,-0.3,2026-10-02T01:01:04.695736+02:00
307332672,de:11000:900024203:1:51,-0.8,2026-10-02T01:01:04.695736+02:00
307332672,de:11000:900023201:3:54,-0.7,2026-10-02T01:01:04.695736+02:00
307332672,de:11000:900003103:1:50,-0.8,2026-10-02T01:01:04.695736+02:00
307332672,de:11000:900003102:1:50,-0.9,2026-10-02T01:01:04.695736+02:00
307332672,de:11000:900003201:3:54,-0.5,2026-10-02T01:01:04.695736+02:00
307332672,de:11000:900100001:3:54,-0.1,2026-10-02T01:01:04.695736+02:00
307332672,de:11000:900100002:1:50,-0.4,2026-10-02T01:01:04.695736+02:00
307332672,de:11000:900100003:2:52,-0.1,2026-10-02T01:01:04.695736+02:00
307332672,de:11000:900100004:1:50,-0.4,2026-10-02T01:01:04.695736+02:00
307332672,de:11000:900120005:4:56,-0.6,2026-10-02T01:01:04.695736+02:00
307332672,de:11000:900120004:1:51,-0.1,2026-10-02T01:01:04.695736+02:00
307332672,de:11000:900190001:1:51,-0.2,2026-10-02T01:01:04.695736+02:00
307332672,de:11000:900191002:1:50,0.0,2026-10-02T01:01:04.695736+02:00
307332672,de:11000:900191001:2:52,-0.4,2026-10-02T01:01:04.695736+02:00
307332672,de:11000:900192001:2:52,-0.7,2026-10-02T01:01:04.695736+02:00
307332672,de:11000:900193001:1:50,-0.2,2026-10-02T01:01:04.695736+02:00
307332672,de:11000:900193002:1:50,-0.8,2026-10-02T01:01:04.695736+02:00
307332672,de:11000:900195510:1:51,-0.2,2026-10-02T01:01:04.695736+02:00
307332672,de:11000:900196001:1:50,-0.4,2026-10-02T01:01:04.695736+02:00
307332672,de:12061:900260005:3:54,-0.2,2026-10-02T01:01:04.695736+02:00
307332672,de:12061:900260080:1:50,-0.7,2026-10-02T01:01:04.695736+02:00
307332672,de:12061:900260009:3:55,-0.9,2026-10-02T01:01:04.695736+02:00
306053072,de:12064:900320550::2,0.0,2026-10-02T01:01:04.695736+02:00
306053072,de:12064:900320025::2,0.0,2026-10-02T01:01:04.695736+02:00
306053072,de:12064:900320552::1,0.0,2026-10-02T01:01:04.695736+02:00
306053072,de:12064:900320860::1,0.0,2026-10-02T01:01:04.695736+02:00
306053072,de:12064:900320870::1,0.0,2026-10-02T01:01:04.695736+02:00
306053072,de:12064:900320880::1,0.0,2026-10-02T01:01:04.695736+02:00
306053072,de:12064:900320858::1,0.0,2026-10-02T01:01:04.695736+02:00
306053072,de:12064:900320832::1,0.0,2026-10-02T01:01:04.695736+02:00
306053072,de:12064:900320830::1,0.0,2026-10-02T01:01:04.695736+02:00
306053072,de:12064:900320820::1,0.0,2026-10-02T01:01:04.695736+02:00
306053072,de:12064:900320831::1,0.0,2026-10-02T01:01:04.695736+02:00
306053072,de:12064:900320821::1,0.0,2026-10-02T01:01:04.695736+02:00
306053072,de:12064:900320822::1,0.0,2026-10-02T01:01:04.695736+02:00
306053072,de:12064:900320825::1,0.0,2026-10-02T01:01:04.695736+02:00
306053072,de:12064:900320818::1,0.0,2026-10-02T01:01:04.695736+02:00
306053072,de:12064:900320825::2,0.0,2026-10-02T01:01:04.695736+02:00
306053072,de:12064:900320822::2,0.0,2026-10-02T01:01:04.695736+02:00
306053072,de:12064:900320821::2,0.0,2026-10-02T01:01:04.695736+02:00
306053072,de:12064:900320831::2,0.0,2026-10-02T01:01:04.695736+02:00
306053072,de:12064:900320820::2,0.0,2026-10-02T01:01:04.695736+02:00
306053072,de:12064:900320848::1,0.0,2026-10-02T01:01:04.695736+02:00
306053072,de:12064:900320910::1,0.0,2026-10-02T01:01:04.695736+02:00
306053072,de:12064:900320846::1,0.0,2026-10-02T01:01:04.695736+02:00
306053072,de:12064:900320836::1,0.0,2026-10-02T01:01:04.695736+02:00
306053072,de:12064:900320835::2,0.0,2026-10-02T01:01:04.695736+02:00
306053072,de:12064:900320751::1,0.0,2026-10-02T01:01:04.695736+02:00
306053072,de:12064:900320840::1,0.0,2026-10-02T01:01:04.695736+02:00
306053072,de:12064:900320861::1,0.0,2026-10-02T01:01:04.695736+02:00
306053072,de:12064:900320833::1,0.0,2026-10-02T01:01:04.695736+02:00
306053072,de:12064:900320834::2,0.0,2026-10-02T01:01:04.695736+02:00
306053072,de:12064:900321627::1,-1.0,2026-10-02T01:01:04.695736+02:00
306053072,de:12064:900321627::1,-16.0,2026-10-02T01:01:04.695736+02:00
306053072,de:12064:900321630::2,0.0,2026-10-02T01:01:04.695736+02:00
306053072,de:12064:900321847::2,-2.0,2026-10-02T01:01:04.695736+02:00
306053072,de:12064:900321630::1,-1.0,2026-10-02T01:01:04.695736+02:00
306053072,de:12064:900321627::1,14.0,2026-10-02T01:01:04.695736+02:00
306053072,de:12064:900321627::1,-1.0,2026-10-02T01:01:04.695736+02:00
306051648,de:12064:900320006::1,0.0,2026-10-02T01:01:04.695736+02:00
306051648,de:12064:900320639::2,0.0,2026-10-02T01:01:04.695736+02:00
306051648,de:12064:900320650::1,0.0,2026-10-02T01:01:04.695736+02:00
306051648,de:12064:900320652::1,0.0,2026-10-02T01:01:04.695736+02:00
306051648,de:12064:900320657::1,0.0,2026-10-02T01:01:04.695736+02:00
306051648,de:12064:900320658::1,0.0,2026-10-02T01:01:04.695736+02:00
306051648,de:12064:900320653::1,0.0,2026-10-02T01:01:04.695736+02:00
306051648,de:12064:900320654::1,0.0,2026-10-02T01:01:04.695736+02:00
306051648,de:12064:900320655::1,0.0,2026-10-02T01:01:04.695736+02:00
306051648,de:12064:900320661::2,0.0,2026-10-02T01:01:04.695736+02:00
306051529,de:12064:900320655::1,0.0,2026-10-02T01:01:04.695736+02:00
306051529,de:12064:900320654::2,0.0,2026-10-02T01:01:04.695736+02:00
306051529,de:12064:900320653::2,0.0,2026-10-02T01:01:04.695736+02:00
306051529,de:12064:900320658::2,0.0,2026-10-02T01:01:04.695736+02:00
306051529,de:12064:900320657::2,0.0,2026-10-02T01:01:04.695736+02:00
306051529,de:12064:900320652::2,0.0,2026-10-02T01:01:04.695736+02:00
306051529,de:12064:900320650::2,0.0,2026-10-02T01:01:04.695736+02:00
306051529,de:12064:900320639::1,0.0,2026-10-02T01:01:04.695736+02:00
306051529,de:12064:900320006::1,0.0,2026-10-02T01:01:04.695736+02:00
306895769,de:12067:900310001::5,0.0,2026-10-02T01:01:04.695736+02:00
306895769,de:12067:900311149::1,0.0,2026-10-02T01:01:04.695736+02:00
306895769,de:12067:900311135::1,0.0,2026-10-02T01:01:04.695736+02:00
306895769,de:12067:900311150::1,0.0,2026-10-02T01:01:04.695736+02:00
306895769,de:12067:900310798::1,0.0,2026-10-02T01:01:04.695736+02:00
306895769,de:12067:900310774::1,0.0,2026-10-02T01:01:04.695736+02:00
306895769,de:12067:900310792::1,0.0,2026-10-02T01:01:04.695736+02:00
306895769,de:12067:900310825::1,0.0,2026-10-02T01:01:04.695736+02:00
306895769,de:12067:900310937::1,0.0,2026-10-02T01:01:04.695736+02:00
306895769,de:12067:900310801::1,0.0,2026-10-02T01:01:04.695736+02:00
306895769,de:12067:900310805::1,0.0,2026-10-02T01:01:04.695736+02:00
306895778,de:12067:900310807::1,0.0,2026-10-02T01:01:04.695736+02:00
306895778,de:12067:900310815::2,0.0,2026-10-02T01:01:04.695736+02:00
306895778,de:12067:900310880::2,0.0,2026-10-02T01:01:04.695736+02:00
306895778,de:12067:900310010::1,0.0,2026-10-02T01:01:04.695736+02:00
306895778,de:12067:900310879::2,0.0,2026-10-02T01:01:04.695736+02:00
306895778,de:12067:900310800::2,0.0,2026-10-02T01:01:04.695736+02:00
306895778,de:12067:900310771::2,0.0,2026-10-02T01:01:04.695736+02:00
306895778,de:12067:900310822::2,0.0,2026-10-02T01:01:04.695736+02:00
306895778,de:12067:900310781::2,0.0,2026-10-02T01:01:04.695736+02:00
306895778,de:12067:900310627::2,-0.5,2026-10-02T01:01:04.695736+02:00
306895778,de:12067:900310816::2,0.0,2026-10-02T01:01:04.695736+02:00
306895778,de:12067:900310022::1,0.0,2026-10-02T01:01:04.695736+02:00
306895778,de:12067:900310001::11,0.0,2026-10-02T01:01:04.695736+02:00
306895778,de:12067:900310001::5,0.0,2026-10-02T01:01:04.695736+02:00
306895778,de:12067:900311149::1,0.0,2026-10-02T01:01:04.695736+02:00
306895778,de:12067:900310835::1,0.0,2026-10-02T01:01:04.695736+02:00
306895778,de:12067:900310825::1,0.0,2026-10-02T01:01:04.695736+02:00
306895778,de:12067:900310805::1,0.0,2026-10-02T01:01:04.695736+02:00
295879283,de:12065:900200005:3:1,0.0,2026-10-02T01:01:04.695736+02:00
295879283,de:12065:900200006:1:51,-0.3,2026-10-02T01:01:04.695736+02:00
295879283,de:12065:900200007:1:51,-0.7,2026-10-02T01:01:04.695736+02:00
295879283,de:12065:900200008:1:51,-0.2,2026-10-02T01:01:04.695736+02:00
295879283,de:12065:900200009:1:51,-0.1,2026-10-02T01:01:04.695736+02:00
295879283,de:11000:900092201:1:51,-0.7,2026-10-02T01:01:04.695736+02:00
295879283,de:11000:900093201:1:51,-0.4,2026-10-02T01:01:04.695736+02:00
295879283,de:11000:900094101:1:51,-0.8,2026-10-02T01:01:04.695736+02:00
295879283,de:11000:900096101:1:51,-0.1,2026-10-02T01:01:04.695736+02:00
295879283,de:11000:900084101:1:51,-0.2,2026-10-02T01:01:04.695736+02:00
295879283,de:11000:900085201:1:51,-0.8,2026-10-02T01:01:04.695736+02:00
295879283,de:11000:900130003:1:51,-0.8,2026-10-02T01:01:04.695736+02:00
295879283,de:11000:900110011:1:50,-0.9,2026-10-02T01:01:04.695736+02:00
295879283,de:11000:900007102:1:50,-0.9,2026-10-02T01:01:04.695736+02:00
295879283,de:11000:900008101:1:50,0.0,2026-10-02T01:01:04.695736+02:00
295879283,de:11000:900007104:1:51,-0.7,2026-10-02T01:01:04.695736+02:00
295879283,de:11000:900100007:1:50,-0.7,2026-10-02T01:01:04.695736+02:00
295879283,de:11000:900100001:4:56,-0.5,2026-10-02T01:01:04.695736+02:00
295879283,de:11000:900100025:1:50,-0.4,2026-10-02T01:01:04.695736+02:00
295879283,de:11000:900100020:3:54,-0.4,2026-10-02T01:01:04.695736+02:00
295879283,de:11000:900012101:1:51,-0.5,2026-10-02T01:01:04.695736+02:00
295879283,de:11000:900057102:1:50,-0.7,2026-10-02T01:01:04.695736+02:00
295879283,de:11000:900057104:2:51,-0.4,2026-10-02T01:01:04.695736+02:00
295879283,de:11000:900054104:1:50,-0.3,2026-10-02T01:01:04.695736+02:00
295879283,de:11000:900060101:1:50,-0.3,2026-10-02T01:01:04.695736+02:00
295879283,de:11000:900063101:1:50,-0.1,2026-10-02T01:01:04.695736+02:00
295879283,de:11000:900062202:1:50,-0.1,2026-10-02T01:01:04.695736+02:00
295879283,de:11000:900066102:1:50,-0.2,2026-10-02T01:01:04.695736+02:00
295879283,de:11000:900066101:1:50,-0.1,2026-10-02T01:01:04.695736+02:00
295879283,de:11000:900049202:1:50,-0.3,2026-10-02T01:01:04.695736+02:00
295879283,de:11000:900049201:1:50,-0.4,2026-10-02T01:01:04.695736+02:00
295879283,de:11000:900050301:1:50,0.0,2026-10-02T01:01:04.695736+02:00
295879283,de:11000:900050355:1:50,-0.1,2026-10-02T01:01:04.695736+02:00
295879283,de:11000:900052201:1:50,-0.5,2026-10-02T01:01:04.695736+02:00
295879283,de:11000:900053301:1:51,-0.9,2026-10-02T01:01:04.695736+02:00
295879393,de:11000:900053301:2:52,0.0,2026-10-02T01:01:04.695736+02:00
295879393,de:11000:900052201:1:51,0.0,2026-10-02T01:01:04.695736+02:00
295879393,de:11000:900050355:1:51,-0.3,2026-10-02T01:01:04.695736+02:00
295879393,de:11000:900050301:1:51,-0.4,2026-10-02T01:01:04.695736+02:00
295879393,de:11000:900049201:1:51,0.0,2026-10-02T01:01:04.695736+02:00
295879393,de:11000:900049202:1:51,0.0,2026-10-02T01:01:04.695736+02:00
295879393,de:11000:900066101:1:51,-0.3,2026-10-02T01:01:04.695736+02:00
295879393,de:11000:900066102:1:51,-0.2,2026-10-02T01:01:04.695736+02:00
295879393,de:11000:900062202:1:51,-0.2,2026-10-02T01:01:04.695736+02:00
295879393,de:11000:900063101:1:51,-0.2,2026-10-02T01:01:04.695736+02:00
295879393,de:11000:900060101:1:51,-0.9,2026-10-02T01:01:04.695736+02:00
295879393,de:11000:900054104:1:51,-0.9,2026-10-02T01:01:04.695736+02:00
295879393,de:11000:900057104:1:50,-0.4,2026-10-02T01:01:04.695736+02:00
295879393,de:11000:900057102:1:51,-0.1,2026-10-02T01:01:04.695736+02:00
295879393,de:11000:900012101:2:52,-0.9,2026-10-02T01:01:04.695736+02:00
295879393,de:11000:900100020:4:57,-0.3,2026-10-02T01:01:04.695736+02:00
295879393,de:11000:900100025:1:51,-0.4,2026-10-02T01:01:04.695736+02:00
295879393,de:11000:900100001:4:57,-0.1,2026-10-02T01:01:04.695736+02:00
295879393,de:11000:900100007:1:51,-0.2,2026-10-02T01:01:04.695736+02:00
295879393,de:11000:900007104:2:52,-0.2,2026-10-02T01:01:04.695736+02:00
295879393,de:11000:900008101:1:51,-0.9,2026-10-02T01:01:04.695736+02:00
295879393,de:11000:900007102:2:53,-0.6,2026-10-02T01:01:04.695736+02:00
295879393,de:11000:900110011:2:53,-0.9,2026-10-02T01:01:04.695736+02:00
295879393,de:11000:900085201:1:50,-0.9,2026-10-02T01:01:04.695736+02:00
295879393,de:11000:900084101:1:50,-0.7,2026-10-02T01:01:04.695736+02:00
295879393,de:11000:900096101:1:50,-0.8,2026-10-02T01:01:04.695736+02:00
295879393,de:11000:900094101:1:50,-0.1,2026-10-02T01:01:04.695736+02:00
295879393,de:11000:900093201:1:50,-0.4,2026-10-02T01:01:04.695736+02:00
295879393,de:11000:900092201:1:50,-0.2,2026-10-02T01:01:04.695736+02:00
295879393,de:12065:900200009:1:50,-0.7,2026-10-02T01:01:04.695736+02:00
295879393,de:12065:900200008:1:50,-0.7,2026-10-02T01:01:04.695736+02:00
295879393,de:12065:900200007:1:50,-0.2,2026-10-02T01:01:04.695736+02:00
295879393,de:12065:900200006:1:50,-0.5,2026-10-02T01:01:04.695736+02:00
295879393,de:12065:900200005:3:1,-0.9,2026-10-02T01:01:04.695736+02:00
306895862,de:12067:900310001::5,0.0,2026-10-02T01:01:04.695736+02:00
306895862,de:12067:900311149::1,0.0,2026-10-02T01:01:04.695736+02:00
306895862,de:12067:900310781::1,0.0,2026-10-02T01:01:04.695736+02:00
306895862,de:12067:900310789::1,0.0,2026-10-02T01:01:04.695736+02:00
306895862,de:12067:900310797::1,0.0,2026-10-02T01:01:04.695736+02:00
306895862,de:12067:900310773::1,0.0,2026-10-02T01:01:04.695736+02:00
306895862,de:12067:900311115::1,0.0,2026-10-02T01:01:04.695736+02:00
306895924,de:12067:900310001::5,0.0,2026-10-02T01:01:04.695736+02:00
306895924,de:12067:900311149::1,0.0,2026-10-02T01:01:04.695736+02:00
306895924,de:12067:900310781::1,0.0,2026-10-02T01:01:04.695736+02:00
306895924,de:12067:900310822::1,0.0,2026-10-02T01:01:04.695736+02:00
306895924,de:12067:900310808::1,0.0,2026-10-02T01:01:04.695736+02:00
306895924,de:12067:900310777::1,0.0,2026-10-02T01:01:04.695736+02:00
306895924,de:12067:900310796::1,0.0,2026-10-02T01:01:04.695736+02:00
306895924,de:12067:900310875::1,0.0,2026-10-02T01:01:04.695736+02:00
306895924,de:12067:900310837::1,0.0,2026-10-02T01:01:04.695736+02:00
306895924,de:12067:900310817::1,0.0,2026-10-02T01:01:04.695736+02:00
306895924,de:12067:900311145::1,0.0,2026-10-02T01:01:04.695736+02:00
306895925,de:12067:900310001::5,0.0,2026-10-02T01:01:04.695736+02:00
306895925,de:12067:900311149::1,0.0,2026-10-02T01:01:04.695736+02:00
306895925,de:12067:900310781::1,0.0,2026-10-02T01:01:04.695736+02:00
306895925,de:12067:900310822::1,0.0,2026-10-02T01:01:04.695736+02:00
306895925,de:12067:900310808::1,0.0,2026-10-02T01:01:04.695736+02:00
306895925,de:12067:900310777::1,0.0,2026-10-02T01:01:04.695736+02:00
306895925,de:12067:900310796::1,0.0,2026-10-02T01:01:04.695736+02:00
306895925,de:12067:900310875::1,0.0,2026-10-02T01:01:04.695736+02:00
306895925,de:12067:900310837::1,0.0,2026-10-02T01:01:04.695736+02:00
306895925,de:12067:900310817::1,0.0,2026-10-02T01:01:04.695736+02:00
306895925,de:12067:900311145::1,0.0,2026-10-02T01:01:04.695736+02:00
306895314,de:12067:900311129::3,0.0,2026-10-02T01:01:04.695736+02:00
306895314,de:12067:900310755::2,0.0,2026-10-02T01:01:04.695736+02:00
306895314,de:12067:900310728::2,0.0,2026-10-02T01:01:04.695736+02:00
306895314,de:12067:900310727::2,0.0,2026-10-02T01:01:04.695736+02:00
306895314,de:12067:900310942::1,0.0,2026-10-02T01:01:04.695736+02:00
306895314,de:12067:900310716::1,0.0,2026-10-02T01:01:04.695736+02:00
306895314,de:12067:900310984::2,0.0,2026-10-02T01:01:04.695736+02:00
306895314,de:12067:900310987::1,0.0,2026-10-02T01:01:04.695736+02:00
306895314,de:12067:900311062::1,0.0,2026-10-02T01:01:04.695736+02:00
306895314,de:12067:900311063::2,0.0,2026-10-02T01:01:04.695736+02:00
306895314,de:12067:900311065::1,0.0,2026-10-02T01:01:04.695736+02:00
306895314,de:12067:900310826::1,0.0,2026-10-02T01:01:04.695736+02:00
306895314,de:12067:900310906::1,0.0,2026-10-02T01:01:04.695736+02:00
306895314,de:12067:900310905::1,0.0,2026-10-02T01:01:04.695736+02:00
306895314,de:12067:900310907::1,0.0,2026-10-02T01:01:04.695736+02:00
306895314,de:12061:900261694::1,-0.5,2026-10-02T01:01:04.695736+02:00
306895314,de:12067:900311081::1,-0.75,2026-10-02T01:01:04.695736+02:00
306895314,de:12067:900310907::2,0.0,2026-10-02T01:01:04.695736+02:00
306895314,de:12067:900310744::1,0.0,2026-10-02T01:01:04.695736+02:00
306895314,de:12067:900311003::2,0.0,2026-10-02T01:01:04.695736+02:00
306895314,de:12067:900310625::1,0.0,2026-10-02T01:01:04.695736+02:00
306895314,de:12067:900311068::1,0.0,2026-10-02T01:01:04.695736+02:00
306895314,de:12067:900310934::1,0.0,2026-10-02T01:01:04.695736+02:00
306895314,de:12061:900261734::2,0.0,2026-10-02T01:01:04.695736+02:00
306895314,de:12061:900261208::1,0.0,2026-10-02T01:01:04.695736+02:00
306895314,de:12061:900261207::1,0.0,2026-10-02T01:01:04.695736+02:00
306895314,de:12061:900261207::1,-3.0,2026-10-02T01:01:04.695736+02:00
306895314,de:12061:900261210::1,0.0,2026-10-02T01:01:04.695736+02:00
306895314,de:12061:900261207::1,3.0,2026-10-02T01:01:04.695736+02:00
306895314,de:12061:900261207::1,0.0,2026-10-02T01:01:04.695736+02:00
306895314,de:12061:900261420::1,0.0,2026-10-02T01:01:04.695736+02:00
306895314,de:12061:900261465::1,0.0,2026-10-02T01:01:04.695736+02:00
306895314,de:12061:900261462::1,0.0,2026-10-02T01:01:04.695736+02:00
306896366,de:12067:900311129::4,0.0,2026-10-02T01:01:04.695736+02:00
306896366,de:12067:900310755::2,0.0,2026-10-02T01:01:04.695736+02:00
306896366,de:12067:900310728::3,0.0,2026-10-02T01:01:04.695736+02:00
306896366,de:12067:900310727::3,0.0,2026-10-02T01:01:04.695736+02:00
306896366,de:12067:900310942::1,0.0,2026-10-02T01:01:04.695736+02:00
306896366,de:12067:900310716::1,0.0,2026-10-02T01:01:04.695736+02:00
306896366,de:12067:900310740::1,0.0,2026-10-02T01:01:04.695736+02:00
306896366,de:12067:900310739::2,0.0,2026-10-02T01:01:04.695736+02:00
306896366,de:12067:900310747::2,0.0,2026-10-02T01:01:04.695736+02:00
306896366,de:12067:900310924::2,0.0,2026-10-02T01:01:04.695736+02:00
306896366,de:12067:900310925::1,0.0,2026-10-02T01:01:04.695736+02:00
306896366,de:12067:900310600::2,0.0,2026-10-02T01:01:04.695736+02:00
306896366,de:12067:900310829::1,0.0,2026-10-02T01:01:04.695736+02:00
306896366,de:12067:900310827::2,0.0,2026-10-02T01:01:04.695736+02:00
306896366,de:12067:900310982::1,0.0,2026-10-02T01:01:04.695736+02:00
306896366,de:12067:900310757::2,0.0,2026-10-02T01:01:04.695736+02:00
306896366,de:12067:900310756::2,0.0,2026-10-02T01:01:04.695736+02:00
306896366,de:12067:900310118::2,0.0,2026-10-02T01:01:04.695736+02:00
306896366,de:12067:900310100::2,0.0,2026-10-02T01:01:04.695736+02:00
306896366,de:12067:900310108::2,0.0,2026-10-02T01:01:04.695736+02:00
306896366,de:12067:900310111::2,0.0,2026-10-02T01:01:04.695736+02:00
306896366,de:12067:900310101::2,0.0,2026-10-02T01:01:04.695736+02:00
306896366,de:12067:900310112::2,0.0,2026-10-02T01:01:04.695736+02:00
306896366,de:12067:900310109::1,0.0,2026-10-02T01:01:04.695736+02:00
306896366,de:12067:900310040::2,0.0,2026-10-02T01:01:04.695736+02:00
306896366,de:12067:900310105::2,0.0,2026-10-02T01:01:04.695736+02:00
306896366,de:12067:900310970::2,0.0,2026-10-02T01:01:04.695736+02:00
306896366,de:12067:900310972::2,0.0,2026-10-02T01:01:04.695736+02:00
306896366,de:12067:900310810::1,0.0,2026-10-02T01:01:04.695736+02:00
306896366,de:12067:900310769::2,0.0,2026-10-02T01:01:04.695736+02:00
306896366,de:12067:900310695::3,0.0,2026-10-02T01:01:04.695736+02:00
306896366,de:12067:900310812::2,0.0,2026-10-02T01:01:04.695736+02:00
306896366,de:12067:900310630::2,0.0,2026-10-02T01:01:04.695736+02:00
306896366,de:12067:900310811::2,0.0,2026-10-02T01:01:04.695736+02:00
306896366,de:12067:900310771::2,0.0,2026-10-02T01:01:04.695736+02:00
306896366,de:12067:900310822::2,0.0,2026-10-02T01:01:04.695736+02:00
306896366,de:12067:900310781::2,0.0,2026-10-02T01:01:04.695736+02:00
306896366,de:12067:900310627::2,-0.5,2026-10-02T01:01:04.695736+02:00
306896366,de:12067:900310816::2,0.0,2026-10-02T01:01:04.695736+02:00
306896366,de:12067:900310022::1,0.0,2026-10-02T01:01:04.695736+02:00
306896366,de:12067:900310001::11,0.0,2026-10-02T01:01:04.695736+02:00
306896179,de:12067:900310013::3,0.0,2026-10-02T01:01:04.695736+02:00
306896179,de:12067:900310563::3,0.0,2026-10-02T01:01:04.695736+02:00
306896179,de:12067:900310559::1,0.0,2026-10-02T01:01:04.695736+02:00
306896179,de:12067:900310558::1,0.0,2026-10-02T01:01:04.695736+02:00
306896179,de:12067:900310556::1,0.0,2026-10-02T01:01:04.695736+02:00
306896179,de:12067:900310621::1,0.0,2026-10-02T01:01:04.695736+02:00
306896179,de:12067:900310568::1,0.0,2026-10-02T01:01:04.695736+02:00
306896179,de:12067:900310955::1,0.0,2026-10-02T01:01:04.695736+02:00
306896179,de:12067:900310949::1,0.0,2026-10-02T01:01:04.695736+02:00
306896179,de:12067:900310952::1,0.0,2026-10-02T01:01:04.695736+02:00
306896179,de:12067:900310025::1,0.0,2026-10-02T01:01:04.695736+02:00
306896179,de:12067:900310015::1,0.0,2026-10-02T01:01:04.695736+02:00
295883492,de:11000:900100020:3:55,0.0,2026-10-02T01:01:04.695736+02:00
295883492,de:11000:900012101:1:51,-0.5,2026-10-02T01:01:04.695736+02:00
295883492,de:11000:900057102:1:50,-0.7,2026-10-02T01:01:04.695736+02:00
295883492,de:11000:900057104:2:51,-0.4,2026-10-02T01:01:04.695736+02:00
295883492,de:11000:900054104:1:50,-0.3,2026-10-02T01:01:04.695736+02:00
295883492,de:11000:900060101:1:50,-0.3,2026-10-02T01:01:04.695736+02:00
295883492,de:11000:900063101:1:50,-0.1,2026-10-02T01:01:04.695736+02:00
295883492,de:11000:900062202:1:50,-0.1,2026-10-02T01:01:04.695736+02:00
295883492,de:11000:900066102:1:50,-0.2,2026-10-02T01:01:04.695736+02:00
295883492,de:11000:900066101:1:50,-0.1,2026-10-02T01:01:04.695736+02:00
295883492,de:11000:900049202:1:50,-0.3,2026-10-02T01:01:04.695736+02:00
295883492,de:11000:900049201:1:50,-0.4,2026-10-02T01:01:04.695736+02:00
307252374,de:11000:900003200:5:58,0.0,2026-10-02T01:01:04.695736+02:00
307252374,de:11000:900009104:1:50,-0.8,2026-10-02T01:01:04.695736+02:00
307252374,de:11000:900007102:2:52,-0.4,2026-10-02T01:01:04.695736+02:00
307252348,de:11000:900003200:5:58,0.0,2026-10-02T01:01:04.695736+02:00
307252348,de:11000:900009104:1:50,-0.8,2026-10-02T01:01:04.695736+02:00
307252348,de:11000:900007102:2:52,-0.4,2026-10-02T01:01:04.695736+02:00
307252343,de:11000:900003200:5:58,0.0,2026-10-02T01:01:04.695736+02:00
307252343,de:11000:900009104:1:50,-0.8,2026-10-02T01:01:04.695736+02:00
307252343,de:11000:900007102:2:52,-0.4,2026-10-02T01:01:04.695736+02:00
306896858,de:12067:900311129::4,0.0,2026-10-02T01:01:04.695736+02:00
306896858,de:12067:900311129::4,-12.0,2026-10-02T01:01:04.695736+02:00
306896858,de:12067:900310727::3,0.0,2026-10-02T01:01:04.695736+02:00
306896858,de:12067:900310755::2,0.0,2026-10-02T01:01:04.695736+02:00
306896858,de:12067:900310728::3,0.0,2026-10-02T01:01:04.695736+02:00
306896858,de:12067:900311129::7,0.0,2026-10-02T01:01:04.695736+02:00
306896858,de:12067:900311129::4,12.0,2026-10-02T01:01:04.695736+02:00
306896858,de:12067:900311129::4,0.0,2026-10-02T01:01:04.695736+02:00
306896858,de:12067:900310637::2,0.0,2026-10-02T01:01:04.695736+02:00
306896858,de:12067:900310722::2,-0.5,2026-10-02T01:01:04.695736+02:00
306896858,de:12067:900310841::2,0.0,2026-10-02T01:01:04.695736+02:00
306896858,de:12067:900311002::3,0.0,2026-10-02T01:01:04.695736+02:00
306896858,de:12067:900310908::2,0.0,2026-10-02T01:01:04.695736+02:00
306896858,de:12067:900310975::2,0.0,2026-10-02T01:01:04.695736+02:00
306896858,de:12067:900310974::2,0.0,2026-10-02T01:01:04.695736+02:00
306896858,de:12067:900310914::2,0.0,2026-10-02T01:01:04.695736+02:00
306896858,de:12067:900310703::3,0.0,2026-10-02T01:01:04.695736+02:00
306896858,de:12067:900310915::2,-0.5,2026-10-02T01:01:04.695736+02:00
306896858,de:12067:900310916::2,-0.5,2026-10-02T01:01:04.695736+02:00
306896858,de:12067:900310917::2,0.0,2026-10-02T01:01:04.695736+02:00
306896858,de:12067:900310900::2,0.0,2026-10-02T01:01:04.695736+02:00
306896858,de:12067:900310880::2,0.0,2026-10-02T01:01:04.695736+02:00
306896858,de:12067:900310010::1,0.0,2026-10-02T01:01:04.695736+02:00
306896858,de:12067:900310879::2,0.0,2026-10-02T01:01:04.695736+02:00
306896858,de:12067:900310800::2,0.0,2026-10-02T01:01:04.695736+02:00
306896858,de:12067:900310771::2,0.0,2026-10-02T01:01:04.695736+02:00
306896858,de:12067:900310822::2,0.0,2026-10-02T01:01:04.695736+02:00
306896858,de:12067:900310781::2,0.0,2026-10-02T01:01:04.695736+02:00
306896858,de:12067:900310627::2,-0.5,2026-10-02T01:01:04.695736+02:00
306896858,de:12067:900310816::2,0.0,2026-10-02T01:01:04.695736+02:00
306896858,de:12067:900310022::1,0.0,2026-10-02T01:01:04.695736+02:00
306896858,de:12067:900310001::11,0.0,2026-10-02T01:01:04.695736+02:00
306896228,de:12067:900310864::1,0.0,2026-10-02T01:01:04.695736+02:00
306896228,de:12067:900310861::1,0.0,2026-10-02T01:01:04.695736+02:00
306896228,de:12067:900310002::1,0.0,2026-10-02T01:01:04.695736+02:00
306896228,de:12067:900310031::3,0.0,2026-10-02T01:01:04.695736+02:00
306896228,de:12067:900310555::2,0.0,2026-10-02T01:01:04.695736+02:00
306896228,de:12067:900310557::2,0.0,2026-10-02T01:01:04.695736+02:00
306896228,de:12067:900310013::7,0.0,2026-10-02T01:01:04.695736+02:00
306897129,de:12067:900311129::2,0.0,2026-10-02T01:01:04.695736+02:00
306897129,de:12067:900310755::2,0.0,2026-10-02T01:01:04.695736+02:00
306897129,de:12067:900310728::4,0.0,2026-10-02T01:01:04.695736+02:00
306897129,de:12067:900310727::4,0.0,2026-10-02T01:01:04.695736+02:00
306897129,de:12067:900310755::1,0.0,2026-10-02T01:01:04.695736+02:00
306897129,de:12067:900310738::1,0.0,2026-10-02T01:01:04.695736+02:00
306897129,de:12067:900310725::1,0.0,2026-10-02T01:01:04.695736+02:00
306897129,de:12067:900310909::1,0.0,2026-10-02T01:01:04.695736+02:00
306897129,de:12067:900310609::1,0.0,2026-10-02T01:01:04.695736+02:00
306897129,de:12067:900311000::1,0.0,2026-10-02T01:01:04.695736+02:00
306897129,de:12067:900310968::1,-0.5,2026-10-02T01:01:04.695736+02:00
306897129,de:12067:900310839::1,0.0,2026-10-02T01:01:04.695736+02:00
306897129,de:12067:900310898::1,-0.5,2026-10-02T01:01:04.695736+02:00
306897129,de:12067:900311073::1,0.0,2026-10-02T01:01:04.695736+02:00
306897129,de:12067:900310859::1,0.0,2026-10-02T01:01:04.695736+02:00
306897129,de:12067:900310927::1,0.0,2026-10-02T01:01:04.695736+02:00
306897129,de:12067:900310926::1,0.0,2026-10-02T01:01:04.695736+02:00
306897129,de:12067:900310765::1,0.0,2026-10-02T01:01:04.695736+02:00
306897223,de:12067:900311129::5,0.0,2026-10-02T01:01:04.695736+02:00
306897223,de:12067:900310755::1,0.0,2026-10-02T01:01:04.695736+02:00
306897223,de:12067:900310738::1,0.0,2026-10-02T01:01:04.695736+02:00
306897223,de:12067:900310725::1,0.0,2026-10-02T01:01:04.695736+02:00
306897223,de:12067:900310615::1,0.0,2026-10-02T01:01:04.695736+02:00
306897223,de:12067:900311126::1,0.0,2026-10-02T01:01:04.695736+02:00
306897223,de:12067:900311540::1,0.0,2026-10-02T01:01:04.695736+02:00
306897223,de:12067:900310933::1,0.0,2026-10-02T01:01:04.695736+02:00
306897223,de:12067:900310935::1,0.0,2026-10-02T01:01:04.695736+02:00
306897223,de:12067:900311483::1,0.0,2026-10-02T01:01:04.695736+02:00
306897223,de:12067:900311480::1,0.0,2026-10-02T01:01:04.695736+02:00
306897223,de:12067:900311482::2,0.0,2026-10-02T01:01:04.695736+02:00
306897223,de:12067:900311485::2,0.0,2026-10-02T01:01:04.695736+02:00
306897223,de:12053:900360062::1,0.0,2026-10-02T01:01:04.695736+02:00
306897223,de:12053:900360213::3,0.0,2026-10-02T01:01:04.695736+02:00
306897223,de:12053:900360078::2,0.0,2026-10-02T01:01:04.695736+02:00
306897223,de:12053:900360096::3,0.0,2026-10-02T01:01:04.695736+02:00
306897223,de:12053:900360083::1,0.0,2026-10-02T01:01:04.695736+02:00
306897223,de:12053:900360135::1,0.0,2026-10-02T01:01:04.695736+02:00
306897223,de:12053:900360041::3,0.0,2026-10-02T01:01:04.695736+02:00
306897223,de:12053:900360059::3,0.0,2026-10-02T01:01:04.695736+02:00
306897223,de:12053:900360021::3,0.0,2026-10-02T01:01:04.695736+02:00
306897223,de:12053:900360000::9,0.0,2026-10-02T01:01:04.695736+02:00
306897273,de:12067:900311482::3,0.0,2026-10-02T01:01:04.695736+02:00
306897273,de:12067:900311489::1,0.0,2026-10-02T01:01:04.695736+02:00
306897273,de:12067:900311489::1,-3.0,2026-10-02T01:01:04.695736+02:00
306897273,de:12067:900311480::1,0.0,2026-10-02T01:01:04.695736+02:00
306897273,de:12067:900311489::1,3.0,2026-10-02T01:01:04.695736+02:00
306897273,de:12067:900311489::1,0.0,2026-10-02T01:01:04.695736+02:00
306897273,de:12067:900311483::2,0.0,2026-10-02T01:01:04.695736+02:00
306897273,de:12067:900310935::1,0.0,2026-10-02T01:01:04.695736+02:00
306897273,de:12067:900310858::1,0.0,2026-10-02T01:01:04.695736+02:00
306897273,de:12067:900310060::2,0.0,2026-10-02T01:01:04.695736+02:00
306897273,de:12067:900310858::3,0.0,2026-10-02T01:01:04.695736+02:00
306897273,de:12067:900311269::2,0.0,2026-10-02T01:01:04.695736+02:00
306897273,de:12067:900311228::2,0.0,2026-10-02T01:01:04.695736+02:00
306897273,de:12067:900311239::2,0.0,2026-10-02T01:01:04.695736+02:00
306897273,de:12067:900311229::2,0.0,2026-10-02T01:01:04.695736+02:00
306897273,de:12067:900311227::1,0.0,2026-10-02T01:01:04.695736+02:00
306897273,de:12067:900311405::1,0.0,2026-10-02T01:01:04.695736+02:00
306897273,de:12067:900311402::1,0.0,2026-10-02T01:01:04.695736+02:00
306897273,de:12067:900311311::2,0.0,2026-10-02T01:01:04.695736+02:00
306897273,de:12067:900311312::2,0.0,2026-10-02T01:01:04.695736+02:00
306897273,de:12067:900311383::2,0.0,2026-10-02T01:01:04.695736+02:00
306897273,de:12067:900311315::2,0.0,2026-10-02T01:01:04.695736+02:00
306897273,de:12067:900311348::2,0.0,2026-10-02T01:01:04.695736+02:00
306897273,de:12067:900311308::4,0.0,2026-10-02T01:01:04.695736+02:00
306897277,de:12067:900311480::1,0.0,2026-10-02T01:01:04.695736+02:00
306897277,de:12067:900311489::1,0.0,2026-10-02T01:01:04.695736+02:00
306897277,de:12067:900311483::2,0.0,2026-10-02T01:01:04.695736+02:00
306897277,de:12067:900310935::1,0.0,2026-10-02T01:01:04.695736+02:00
306897277,de:12067:900311269::2,0.0,2026-10-02T01:01:04.695736+02:00
306897277,de:12067:900311228::2,0.0,2026-10-02T01:01:04.695736+02:00
306897277,de:12067:900311239::2,0.0,2026-10-02T01:01:04.695736+02:00
306897277,de:12067:900311227::1,0.0,2026-10-02T01:01:04.695736+02:00
306897277,de:12067:900311402::1,0.0,2026-10-02T01:01:04.695736+02:00
306897277,de:12067:900311311::2,0.0,2026-10-02T01:01:04.695736+02:00
306897277,de:12067:900311312::2,0.0,2026-10-02T01:01:04.695736+02:00
306897277,de:12067:900311383::2,0.0,2026-10-02T01:01:04.695736+02:00
306897277,de:12067:900311315::2,0.0,2026-10-02T01:01:04.695736+02:00
306897277,de:12067:900311348::2,0.0,2026-10-02T01:01:04.695736+02:00
306897277,de:12067:900311308::4,0.0,2026-10-02T01:01:04.695736+02:00
295882462,de:11000:900092201:1:50,0.0,2026-10-02T01:01:04.695736+02:00
295882462,de:11000:900093201:1:51,-0.4,2026-10-02T01:01:04.695736+02:00
295882462,de:11000:900094101:1:51,-0.3,2026-10-02T01:01:04.695736+02:00
295882462,de:11000:900096101:1:51,-0.1,2026-10-02T01:01:04.695736+02:00
295882462,de:11000:900084101:1:51,-0.2,2026-10-02T01:01:04.695736+02:00
295882462,de:11000:900085201:1:51,-0.8,2026-10-02T01:01:04.695736+02:00
295882462,de:11000:900130003:1:51,-0.8,2026-10-02T01:01:04.695736+02:00
295882462,de:11000:900110011:1:50,-0.9,2026-10-02T01:01:04.695736+02:00
295882462,de:11000:900007102:1:50,-0.9,2026-10-02T01:01:04.695736+02:00
295882462,de:11000:900008101:1:50,0.0,2026-10-02T01:01:04.695736+02:00
295882462,de:11000:900007104:1:51,-0.7,2026-10-02T01:01:04.695736+02:00
295882462,de:11000:900100007:1:50,-0.7,2026-10-02T01:01:04.695736+02:00
295882462,de:11000:900100001:4:56,-0.5,2026-10-02T01:01:04.695736+02:00
295882462,de:11000:900100025:1:50,-0.4,2026-10-02T01:01:04.695736+02:00
295882462,de:11000:900100020:3:54,-0.4,2026-10-02T01:01:04.695736+02:00
295882462,de:11000:900012101:1:51,-0.5,2026-10-02T01:01:04.695736+02:00
295882462,de:11000:900057102:1:50,-0.7,2026-10-02T01:01:04.695736+02:00
295882462,de:11000:900057104:2:51,-0.4,2026-10-02T01:01:04.695736+02:00
295882462,de:11000:900054104:1:50,-0.3,2026-10-02T01:01:04.695736+02:00
295882462,de:11000:900060101:1:50,-0.3,2026-10-02T01:01:04.695736+02:00
295882462,de:11000:900063101:1:50,-0.1,2026-10-02T01:01:04.695736+02:00
295882462,de:11000:900062202:1:50,-0.1,2026-10-02T01:01:04.695736+02:00
295882462,de:11000:900066102:1:50,-0.2,2026-10-02T01:01:04.695736+02:00
295882462,de:11000:900066101:1:50,-0.1,2026-10-02T01:01:04.695736+02:00
295882462,de:11000:900049202:1:50,-0.3,2026-10-02T01:01:04.695736+02:00
295882462,de:11000:900049201:1:50,-0.4,2026-10-02T01:01:04.695736+02:00
295882462,de:11000:900050301:1:50,0.0,2026-10-02T01:01:04.695736+02:00
295882462,de:11000:900050355:1:50,-0.1,2026-10-02T01:01:04.695736+02:00
295882462,de:11000:900052201:1:50,-0.5,2026-10-02T01:01:04.695736+02:00
295882462,de:11000:900053301:1:51,-0.9,2026-10-02T01:01:04.695736+02:00
306895248,de:12061:900261462::1,0.0,2026-10-02T01:01:04.695736+02:00
306895248,de:12061:900261459::1,0.0,2026-10-02T01:01:04.695736+02:00
306895248,de:12061:900261610::1,-0.5,2026-10-02T01:01:04.695736+02:00
306895248,de:12061:900261192::2,0.0,2026-10-02T01:01:04.695736+02:00
306895248,de:12067:900311006::1,-0.5,2026-10-02T01:01:04.695736+02:00
306895248,de:12067:900310978::1,0.0,2026-10-02T01:01:04.695736+02:00
306895248,de:12067:900310978::2,0.0,2026-10-02T01:01:04.695736+02:00
306895248,de:12067:900310967::1,-0.5,2026-10-02T01:01:04.695736+02:00
306895248,de:12067:900310939::1,0.0,2026-10-02T01:01:04.695736+02:00
306895248,de:12067:900310765::1,0.0,2026-10-02T01:01:04.695736+02:00
306895248,de:12067:900310764::2,0.0,2026-10-02T01:01:04.695736+02:00
306895248,de:12067:900310910::1,0.0,2026-10-02T01:01:04.695736+02:00
306895248,de:12067:900311101::2,0.0,2026-10-02T01:01:04.695736+02:00
306895248,de:12067:900311099::2,0.0,2026-10-02T01:01:04.695736+02:00
306895248,de:12067:900310725::2,0.0,2026-10-02T01:01:04.695736+02:00
306895248,de:12067:900310738::2,0.0,2026-10-02T01:01:04.695736+02:00
306895248,de:12067:900310639::1,0.0,2026-10-02T01:01:04.695736+02:00
306895248,de:12067:900310626::1,0.0,2026-10-02T01:01:04.695736+02:00
306895248,de:12067:900311129::6,0.0,2026-10-02T01:01:04.695736+02:00
306895912,de:12067:900311145::2,0.0,2026-10-02T01:01:04.695736+02:00
306895912,de:12067:900310817::2,0.0,2026-10-02T01:01:04.695736+02:00
306895912,de:12067:900310837::2,0.0,2026-10-02T01:01:04.695736+02:00
306895912,de:12067:900310875::2,0.0,2026-10-02T01:01:04.695736+02:00
306895912,de:12067:900310796::2,0.0,2026-10-02T01:01:04.695736+02:00
306895912,de:12067:900310777::2,0.0,2026-10-02T01:01:04.695736+02:00
306895912,de:12067:900310808::2,0.0,2026-10-02T01:01:04.695736+02:00
306895912,de:12067:900310822::2,0.0,2026-10-02T01:01:04.695736+02:00
306895912,de:12067:900310781::2,0.0,2026-10-02T01:01:04.695736+02:00
306895912,de:12067:900311155::1,0.0,2026-10-02T01:01:04.695736+02:00
306895912,de:12067:900311149::2,0.0,2026-10-02T01:01:04.695736+02:00
306895912,de:12067:900310001::11,0.0,2026-10-02T01:01:04.695736+02:00
295882440,de:11000:900092201:1:50,0.0,2026-10-02T01:01:04.695736+02:00
295882440,de:11000:900093201:1:51,-0.4,2026-10-02T01:01:04.695736+02:00
295882440,de:11000:900094101:1:51,-0.3,2026-10-02T01:01:04.695736+02:00
295882440,de:11000:900096101:1:51,-0.1,2026-10-02T01:01:04.695736+02:00
295882440,de:11000:900084101:1:51,-0.2,2026-10-02T01:01:04.695736+02:00
295882440,de:11000:900085201:1:51,-0.8,2026-10-02T01:01:04.695736+02:00
295882440,de:11000:900130003:1:51,-0.8,2026-10-02T01:01:04.695736+02:00
295882440,de:11000:900110011:1:50,-0.9,2026-10-02T01:01:04.695736+02:00
295882440,de:11000:900007102:1:50,-0.9,2026-10-02T01:01:04.695736+02:00
295882440,de:11000:900008101:1:50,0.0,2026-10-02T01:01:04.695736+02:00
295882440,de:11000:900007104:1:51,-0.7,2026-10-02T01:01:04.695736+02:00
295882440,de:11000:900100007:1:50,-0.7,2026-10-02T01:01:04.695736+02:00
295882440,de:11000:900100001:4:56,-0.5,2026-10-02T01:01:04.695736+02:00
295882440,de:11000:900100025:1:50,-0.4,2026-10-02T01:01:04.695736+02:00
295882440,de:11000:900100020:3:54,-0.4,2026-10-02T01:01:04.695736+02:00
295882440,de:11000:900012101:1:51,-0.5,2026-10-02T01:01:04.695736+02:00
295882440,de:11000:900057102:1:50,-0.7,2026-10-02T01:01:04.695736+02:00
295882440,de:11000:900057104:2:51,-0.4,2026-10-02T01:01:04.695736+02:00
295882440,de:11000:900054104:1:50,-0.3,2026-10-02T01:01:04.695736+02:00
295882440,de:11000:900060101:1:50,-0.3,2026-10-02T01:01:04.695736+02:00
295882440,de:11000:900063101:1:50,-0.1,2026-10-02T01:01:04.695736+02:00
295882440,de:11000:900062202:1:50,-0.1,2026-10-02T01:01:04.695736+02:00
295882440,de:11000:900066102:1:50,-0.2,2026-10-02T01:01:04.695736+02:00
295882440,de:11000:900066101:1:50,-0.1,2026-10-02T01:01:04.695736+02:00
295882440,de:11000:900049202:1:50,-0.3,2026-10-02T01:01:04.695736+02:00
295882440,de:11000:900049201:1:50,-0.4,2026-10-02T01:01:04.695736+02:00
295882440,de:11000:900050301:1:50,0.0,2026-10-02T01:01:04.695736+02:00
295882440,de:11000:900050355:1:50,-0.1,2026-10-02T01:01:04.695736+02:00
295882440,de:11000:900052201:1:50,-0.5,2026-10-02T01:01:04.695736+02:00
295882440,de:11000:900053301:1:51,-0.9,2026-10-02T01:01:04.695736+02:00
307438377,de:12052:900470000:1:50,0.0,2026-10-02T01:01:04.695736+02:00
307438377,de:12066:900435001:2:52,0.0,2026-10-02T01:01:04.695736+02:00
307438377,de:12066:900435000:1:50,0.0,2026-10-02T01:01:04.695736+02:00
307438377,de:12066:900435061:2:51,0.0,2026-10-02T01:01:04.695736+02:00
307438377,de:12066:900435203:2:51,0.0,2026-10-02T01:01:04.695736+02:00
307438377,de:12062:900416008:1:50,0.0,2026-10-02T01:01:04.695736+02:00
307438377,de:12062:900415167:1:51,0.0,2026-10-02T01:01:04.695736+02:00
307438377,de:12062:900415502:1:50,0.0,2026-10-02T01:01:04.695736+02:00
307433845,de:12065:900200005:2:1,0.0,2026-10-02T01:01:04.695736+02:00
307433845,de:11000:900152001:3:53,0.0,2026-10-02T01:01:04.695736+02:00
307433845,de:11000:900160004:4:56,0.0,2026-10-02T01:01:04.695736+02:00
307433845,de:11000:900120003:4:56,0.0,2026-10-02T01:01:04.695736+02:00
307433845,de:11000:900192001:1:50,0.0,2026-10-02T01:01:04.695736+02:00
307433845,de:12061:900260009:2:54,0.0,2026-10-02T01:01:04.695736+02:00
307433845,de:12072:900245030:2:51,0.0,2026-10-02T01:01:04.695736+02:00
307433845,de:12072:900245029:2:52,0.0,2026-10-02T01:01:04.695736+02:00
307433259,de:12060:900350127:2:51,0.0,2026-10-02T01:01:04.695736+02:00
307433259,de:12060:900350126:2:51,0.0,2026-10-02T01:01:04.695736+02:00
307433259,de:12060:900350137:2:51,0.0,2026-10-02T01:01:04.695736+02:00
307433259,de:12060:900350158:2:51,0.0,2026-10-02T01:01:04.695736+02:00
307433259,de:12060:900350160:2:52,0.0,2026-10-02T01:01:04.695736+02:00
307433259,de:11000:900152001:3:53,0.0,2026-10-02T01:01:04.695736+02:00
307433259,de:11000:900160004:4:56,0.0,2026-10-02T01:01:04.695736+02:00
307433259,de:11000:900120003:4:56,0.0,2026-10-02T01:01:04.695736+02:00
307433259,de:11000:900192001:1:50,0.0,2026-10-02T01:01:04.695736+02:00
307433259,de:12061:900260009:2:53,0.0,2026-10-02T01:01:04.695736+02:00
307433259,de:12072:900245027:2:53,0.0,2026-10-02T01:01:04.695736+02:00
307433255,de:12060:900350127:2:51,0.0,2026-10-02T01:01:04.695736+02:00
307433255,de:12060:900350126:2:51,0.0,2026-10-02T01:01:04.695736+02:00
307433255,de:12060:900350137:2:51,0.0,2026-10-02T01:01:04.695736+02:00
307433255,de:12060:900350158:2:51,0.0,2026-10-02T01:01:04.695736+02:00
307433255,de:12060:900350160:2:52,0.0,2026-10-02T01:01:04.695736+02:00
307433255,de:11000:900152001:3:53,0.0,2026-10-02T01:01:04.695736+02:00
307433255,de:11000:900160004:4:56,0.0,2026-10-02T01:01:04.695736+02:00
307433255,de:11000:900120003:4:56,0.0,2026-10-02T01:01:04.695736+02:00
307433255,de:11000:900192001:1:50,0.0,2026-10-02T01:01:04.695736+02:00
307433255,de:12061:900260009:2:53,0.0,2026-10-02T01:01:04.695736+02:00
307433255,de:12072:900245027:2:53,0.0,2026-10-02T01:01:04.695736+02:00
307432904,de:12072:900245027:2:53,0.0,2026-10-02T01:01:04.695736+02:00
307432904,de:12061:900260009:2:54,0.0,2026-10-02T01:01:04.695736+02:00
307432904,de:11000:900192001:1:51,0.0,2026-10-02T01:01:04.695736+02:00
307432904,de:11000:900120003:4:57,0.0,2026-10-02T01:01:04.695736+02:00
307432904,de:11000:900160004:2:52,0.0,2026-10-02T01:01:04.695736+02:00
307432904,de:11000:900152001:2:52,0.0,2026-10-02T01:01:04.695736+02:00
307432904,de:12060:900350160:2:53,0.0,2026-10-02T01:01:04.695736+02:00
307432904,de:12060:900350158:1:50,0.0,2026-10-02T01:01:04.695736+02:00
307432904,de:12060:900350137:1:50,0.0,2026-10-02T01:01:04.695736+02:00
307432904,de:12060:900350126:1:50,-1.0,2026-10-02T01:01:04.695736+02:00
307432904,de:12060:900350127:2:51,0.0,2026-10-02T01:01:04.695736+02:00
307437671,de:12053:900360000:3:54,0.0,2026-10-02T01:01:04.695736+02:00
307437671,de:12067:900311233:1:50,0.0,2026-10-02T01:01:04.695736+02:00
307437671,de:12067:900311232:1:50,0.0,2026-10-02T01:01:04.695736+02:00
307437671,de:12067:900311620:1:50,0.0,2026-10-02T01:01:04.695736+02:00
307437671,de:12067:900311631:1:50,0.0,2026-10-02T01:01:04.695736+02:00
307437671,de:12067:900311307:1:50,0.0,2026-10-02T01:01:04.695736+02:00
307437671,de:12067:900310601:1:50,0.0,2026-10-02T01:01:04.695736+02:00
307437671,de:12067:900311612:1:51,0.0,2026-10-02T01:01:04.695736+02:00
307437671,de:12067:900311250:2:51,0.0,2026-10-02T01:01:04.695736+02:00
307437671,de:12071:900445593:1:50,0.0,2026-10-02T01:01:04.695736+02:00
307437671,de:12071:900445801:2:51,0.0,2026-10-02T01:01:04.695736+02:00
307437671,de:12071:900445751:2:51,0.0,2026-10-02T01:01:04.695736+02:00
307437671,de:12071:900445750:2:51,0.0,2026-10-02T01:01:04.695736+02:00
307437671,de:12071:900446103:1:50,0.0,2026-10-02T01:01:04.695736+02:00
307437671,de:12071:900446411:1:50,0.0,2026-10-02T01:01:04.695736+02:00
307437671,de:12052:900470307:1:50,0.0,2026-10-02T01:01:04.695736+02:00
307437671,de:12052:900470163:1:50,0.0,2026-10-02T01:01:04.695736+02:00
307437671,de:12052:900470001:1:50,0.0,2026-10-02T01:01:04.695736+02:00
307437671,de:12052:900470000:4:55,0.0,2026-10-02T01:01:04.695736+02:00
307437671,de:12071:900445885:1:50,0.0,2026-10-02T01:01:04.695736+02:00
307437671,de:12066:900435459:2:51,0.0,2026-10-02T01:01:04.695736+02:00
307437671,de:12066:900435527:1:50,0.0,2026-10-02T01:01:04.695736+02:00
307437671,de:12062:900415005:2:51,0.0,2026-10-02T01:01:04.695736+02:00
307437671,de:12062:900415112:3:52,0.0,2026-10-02T01:01:04.695736+02:00
307437671,de:12062:900415466:2:51,0.0,2026-10-02T01:01:04.695736+02:00
307437671,de:12062:900415357:2:51,0.0,2026-10-02T01:01:04.695736+02:00
307437671,de:12062:900415467:1:50,0.0,2026-10-02T01:01:04.695736+02:00
307437671,de:12062:900415345:4:55,0.0,2026-10-02T01:01:04.695736+02:00
307437876,de:12062:900415345:2:52,0.0,2026-10-02T01:01:04.695736+02:00
307437876,de:12062:900415240:1:50,0.0,2026-10-02T01:01:04.695736+02:00
307437876,de:12062:900415167:1:50,0.0,2026-10-02T01:01:04.695736+02:00
307437876,de:12062:900416008:2:51,0.0,2026-10-02T01:01:04.695736+02:00
307437876,de:12066:900435203:1:50,0.0,2026-10-02T01:01:04.695736+02:00
307437876,de:12066:900435061:3:54,0.0,2026-10-02T01:01:04.695736+02:00
307437876,de:12066:900435802:1:50,0.0,2026-10-02T01:01:04.695736+02:00
307437876,de:12066:900435000:1:51,0.0,2026-10-02T01:01:04.695736+02:00
307437876,de:12066:900435001:1:50,0.0,2026-10-02T01:01:04.695736+02:00
307437876,de:12066:900435800:2:51,0.0,2026-10-02T01:01:04.695736+02:00
307437876,de:12066:900435347:2:51,0.0,2026-10-02T01:01:04.695736+02:00
307437876,de:12071:900445360:1:51,0.0,2026-10-02T01:01:04.695736+02:00
307437771,de:12052:900470000:2:51,0.0,2026-10-02T01:01:04.695736+02:00
307437771,de:12071:900445986:2:51,0.0,2026-10-02T01:01:04.695736+02:00
307437771,de:12071:900445360:1:50,0.0,2026-10-02T01:01:04.695736+02:00
307437771,de:12066:900435347:1:50,0.0,2026-10-02T01:01:04.695736+02:00
307437771,de:12066:900435800:1:50,0.0,2026-10-02T01:01:04.695736+02:00
307437771,de:12066:900435001:2:52,0.0,2026-10-02T01:01:04.695736+02:00
307437771,de:12066:900435000:1:50,0.0,2026-10-02T01:01:04.695736+02:00
307437771,de:12066:900435802:2:51,0.0,2026-10-02T01:01:04.695736+02:00
307437771,de:12066:900435061:2:51,0.0,2026-10-02T01:01:04.695736+02:00
307435507,de:11000:900003200:1:50,0.0,2026-10-02T01:01:04.695736+02:00
307435507,de:11000:900100020:1:50,0.0,2026-10-02T01:01:04.695736+02:00
307435507,de:11000:900058101:2:52,0.0,2026-10-02T01:01:04.695736+02:00
307435507,de:12061:900260009:2:54,0.0,2026-10-02T01:01:04.695736+02:00
307435500,de:11000:900003200:1:50,0.0,2026-10-02T01:01:04.695736+02:00
307435500,de:11000:900100020:1:50,0.0,2026-10-02T01:01:04.695736+02:00
307435500,de:11000:900058101:2:52,0.0,2026-10-02T01:01:04.695736+02:00
307435500,de:12061:900260009:2:54,0.0,2026-10-02T01:01:04.695736+02:00
306897125,de:12067:900310765::1,0.0,2026-10-02T01:01:04.695736+02:00
306897125,de:12067:900310766::1,0.0,2026-10-02T01:01:04.695736+02:00
306897125,de:12067:900310926::2,0.0,2026-10-02T01:01:04.695736+02:00
306897125,de:12067:900310927::2,0.0,2026-10-02T01:01:04.695736+02:00
306897125,de:12067:900310859::1,0.0,2026-10-02T01:01:04.695736+02:00
306897125,de:12067:900311073::1,0.0,2026-10-02T01:01:04.695736+02:00
306897125,de:12067:900310898::2,-0.5,2026-10-02T01:01:04.695736+02:00
306897125,de:12067:900310839::2,0.0,2026-10-02T01:01:04.695736+02:00
306897125,de:12067:900310968::1,-0.5,2026-10-02T01:01:04.695736+02:00
306897125,de:12067:900311000::2,0.0,2026-10-02T01:01:04.695736+02:00
306897125,de:12067:900310909::1,0.0,2026-10-02T01:01:04.695736+02:00
306897125,de:12067:900310725::2,0.0,2026-10-02T01:01:04.695736+02:00
306897125,de:12067:900310738::2,0.0,2026-10-02T01:01:04.695736+02:00
306897125,de:12067:900310639::1,0.0,2026-10-02T01:01:04.695736+02:00
306897125,de:12067:900310626::1,0.0,2026-10-02T01:01:04.695736+02:00
306897125,de:12067:900311129::6,0.0,2026-10-02T01:01:04.695736+02:00
307440251,de:12065:900203452:1:51,0.0,2026-10-02T01:01:04.695736+02:00
307440251,de:12065:900204001:1:50,0.0,2026-10-02T01:01:04.695736+02:00
307440251,de:12065:900203671:1:50,0.0,2026-10-02T01:01:04.695736+02:00
307440251,de:12065:900204003:1:50,0.0,2026-10-02T01:01:04.695736+02:00
307440251,de:12065:900200004:1:51,0.0,2026-10-02T01:01:04.695736+02:00
307440251,de:12065:900200000:1:51,0.0,2026-10-02T01:01:04.695736+02:00
307440241,de:12065:900203452:1:51,0.0,2026-10-02T01:01:04.695736+02:00
307440241,de:12065:900204001:1:50,0.0,2026-10-02T01:01:04.695736+02:00
307440241,de:12065:900203671:1:50,0.0,2026-10-02T01:01:04.695736+02:00
307440241,de:12065:900204003:1:50,0.0,2026-10-02T01:01:04.695736+02:00
307440241,de:12065:900200004:1:51,0.0,2026-10-02T01:01:04.695736+02:00
307440241,de:12065:900200000:1:51,0.0,2026-10-02T01:01:04.695736+02:00
307430386,de:11000:900029101:2:53,0.0,2026-10-02T01:01:04.695736+02:00
307430386,de:11000:900037168:1:50,0.0,2026-10-02T01:01:04.695736+02:00
307430386,de:12063:900210180:1:50,0.0,2026-10-02T01:01:04.695736+02:00
307430386,de:12063:900210010:1:50,0.0,2026-10-02T01:01:04.695736+02:00
307430386,de:12063:900210011:1:50,0.0,2026-10-02T01:01:04.695736+02:00
307430386,de:12063:900210326:1:50,0.0,2026-10-02T01:01:04.695736+02:00
307430386,de:12063:900210005:2:53,0.0,2026-10-02T01:01:04.695736+02:00
307436764,de:12069:900220143:1:50,0.0,2026-10-02T01:01:04.695736+02:00
307436764,de:12069:900220142:2:51,0.0,2026-10-02T01:01:04.695736+02:00
307436764,de:12069:900220141:2:51,0.0,2026-10-02T01:01:04.695736+02:00
307436764,de:12069:900222030:2:51,0.0,2026-10-02T01:01:04.695736+02:00
307436764,de:12069:900220005:2:51,0.0,2026-10-02T01:01:04.695736+02:00
307436764,de:12069:900220004:2:51,0.0,2026-10-02T01:01:04.695736+02:00
307436764,de:12069:900220003:1:51,0.0,2026-10-02T01:01:04.695736+02:00
307436764,de:12069:900220006:2:51,0.0,2026-10-02T01:01:04.695736+02:00
307436764,de:12069:900220008:2:51,0.0,2026-10-02T01:01:04.695736+02:00
307436764,de:12054:900230001:2:51,0.0,2026-10-02T01:01:04.695736+02:00
307436764,de:11000:900053301:3:55,0.0,2026-10-02T01:01:04.695736+02:00
306897059,de:12067:900310925::1,0.0,2026-10-02T01:01:04.695736+02:00
306897059,de:12067:900310600::2,0.0,2026-10-02T01:01:04.695736+02:00
306897059,de:12067:900310829::1,0.0,2026-10-02T01:01:04.695736+02:00
306897059,de:12067:900310828::1,0.0,2026-10-02T01:01:04.695736+02:00
306897059,de:12067:900311080::1,0.0,2026-10-02T01:01:04.695736+02:00
306897059,de:12067:900310613::1,0.0,2026-10-02T01:01:04.695736+02:00
306897059,de:12067:900310613::1,-9.0,2026-10-02T01:01:04.695736+02:00
306897059,de:12067:900311078::2,0.0,2026-10-02T01:01:04.695736+02:00
306897059,de:12067:900311077::2,0.0,2026-10-02T01:01:04.695736+02:00
306897059,de:12067:900311077::1,0.0,2026-10-02T01:01:04.695736+02:00
306897059,de:12067:900311078::1,0.0,2026-10-02T01:01:04.695736+02:00
306897059,de:12067:900310613::1,9.0,2026-10-02T01:01:04.695736+02:00
306897059,de:12067:900310613::1,0.0,2026-10-02T01:01:04.695736+02:00
306897059,de:12067:900311076::2,0.0,2026-10-02T01:01:04.695736+02:00
306897059,de:12067:900311009::1,0.0,2026-10-02T01:01:04.695736+02:00
306897059,de:12067:900311079::1,0.0,2026-10-02T01:01:04.695736+02:00
306897059,de:12067:900310731::1,0.0,2026-10-02T01:01:04.695736+02:00
306897059,de:12067:900310700::1,0.0,2026-10-02T01:01:04.695736+02:00
306897059,de:12067:900310941::1,0.0,2026-10-02T01:01:04.695736+02:00
306897059,de:12067:900311016::1,0.0,2026-10-02T01:01:04.695736+02:00
306897059,de:12067:900310921::1,0.0,2026-10-02T01:01:04.695736+02:00
306897059,de:12067:900310940::1,0.0,2026-10-02T01:01:04.695736+02:00
295893111,de:12072:900245027:2:52,0.0,2026-10-02T01:01:04.695736+02:00
295893111,de:12072:900245028:1:50,-0.9,2026-10-02T01:01:04.695736+02:00
295893111,de:11000:900074201:1:50,-0.9,2026-10-02T01:01:04.695736+02:00
295893111,de:11000:900074202:2:51,-0.1,2026-10-02T01:01:04.695736+02:00
295893111,de:11000:900072101:2:51,-0.1,2026-10-02T01:01:04.695736+02:00
295893111,de:11000:900073101:1:51,-0.4,2026-10-02T01:01:04.695736+02:00
295893111,de:11000:900068301:1:51,-0.7,2026-10-02T01:01:04.695736+02:00
295893111,de:11000:900058102:2:51,-0.7,2026-10-02T01:01:04.695736+02:00
295893111,de:11000:900058101:1:51,-0.3,2026-10-02T01:01:04.695736+02:00
295893111,de:11000:900058103:1:51,-0.1,2026-10-02T01:01:04.695736+02:00
295893111,de:11000:900012101:2:53,-0.7,2026-10-02T01:01:04.695736+02:00
295893111,de:11000:900100020:4:57,-0.8,2026-10-02T01:01:04.695736+02:00
295893111,de:11000:900100025:1:51,-0.9,2026-10-02T01:01:04.695736+02:00
295893111,de:11000:900100001:4:57,-0.6,2026-10-02T01:01:04.695736+02:00
295893111,de:11000:900100007:1:51,-0.7,2026-10-02T01:01:04.695736+02:00
295893111,de:11000:900007104:2:52,-0.7,2026-10-02T01:01:04.695736+02:00
295893111,de:11000:900008101:1:51,-0.4,2026-10-02T01:01:04.695736+02:00
295893111,de:11000:900007102:2:53,-0.1,2026-10-02T01:01:04.695736+02:00
295893111,de:11000:900110011:2:52,-0.4,2026-10-02T01:01:04.695736+02:00
295893111,de:11000:900130002:1:50,-0.7,2026-10-02T01:01:04.695736+02:00
295893111,de:11000:900130001:1:50,-0.4,2026-10-02T01:01:04.695736+02:00
295893111,de:11000:900142001:1:50,-0.9,2026-10-02T01:01:04.695736+02:00
295893111,de:11000:900143001:1:51,-0.7,2026-10-02T01:01:04.695736+02:00
295893111,de:11000:900135001:1:50,-0.4,2026-10-02T01:01:04.695736+02:00
295893111,de:12060:900350162:1:50,0.0,2026-10-02T01:01:04.695736+02:00
295893111,de:12060:900350163:1:51,-0.4,2026-10-02T01:01:04.695736+02:00
295893111,de:12060:900350161:1:50,-0.7,2026-10-02T01:01:04.695736+02:00
295893111,de:12060:900350160:1:51,-0.4,2026-10-02T01:01:04.695736+02:00
295893083,de:12072:900245027:2:52,0.0,2026-10-02T01:01:04.695736+02:00
295893083,de:12072:900245028:1:50,-0.9,2026-10-02T01:01:04.695736+02:00
295893083,de:11000:900074201:1:50,-0.9,2026-10-02T01:01:04.695736+02:00
295893083,de:11000:900074202:2:51,-0.1,2026-10-02T01:01:04.695736+02:00
295893083,de:11000:900072101:2:51,-0.1,2026-10-02T01:01:04.695736+02:00
295893083,de:11000:900073101:1:51,-0.4,2026-10-02T01:01:04.695736+02:00
295893083,de:11000:900068301:1:51,-0.7,2026-10-02T01:01:04.695736+02:00
295893083,de:11000:900058102:2:51,-0.7,2026-10-02T01:01:04.695736+02:00
295893083,de:11000:900058101:1:51,-0.3,2026-10-02T01:01:04.695736+02:00
295893083,de:11000:900058103:1:51,-0.1,2026-10-02T01:01:04.695736+02:00
295893083,de:11000:900012101:2:53,-0.7,2026-10-02T01:01:04.695736+02:00
295893083,de:11000:900100020:4:57,-0.8,2026-10-02T01:01:04.695736+02:00
295893083,de:11000:900100025:1:51,-0.9,2026-10-02T01:01:04.695736+02:00
295893083,de:11000:900100001:4:57,-0.6,2026-10-02T01:01:04.695736+02:00
295893083,de:11000:900100007:1:51,-0.7,2026-10-02T01:01:04.695736+02:00
295893083,de:11000:900007104:2:52,-0.7,2026-10-02T01:01:04.695736+02:00
295893083,de:11000:900008101:1:51,-0.4,2026-10-02T01:01:04.695736+02:00
295893083,de:11000:900007102:2:53,-0.1,2026-10-02T01:01:04.695736+02:00
295893083,de:11000:900110011:2:52,-0.4,2026-10-02T01:01:04.695736+02:00
295893083,de:11000:900130002:1:50,-0.7,2026-10-02T01:01:04.695736+02:00
295893083,de:11000:900130001:1:50,-0.4,2026-10-02T01:01:04.695736+02:00
295893083,de:11000:900142001:1:50,-0.9,2026-10-02T01:01:04.695736+02:00
295893083,de:11000:900143001:1:51,-0.7,2026-10-02T01:01:04.695736+02:00
295893083,de:11000:900135001:1:50,-0.4,2026-10-02T01:01:04.695736+02:00
295893083,de:12060:900350162:1:50,0.0,2026-10-02T01:01:04.695736+02:00
295893083,de:12060:900350163:1:51,-0.4,2026-10-02T01:01:04.695736+02:00
295893083,de:12060:900350161:1:50,-0.7,2026-10-02T01:01:04.695736+02:00
295893083,de:12060:900350160:1:51,-0.4,2026-10-02T01:01:04.695736+02:00
295892978,de:12060:900350160:1:51,0.0,2026-10-02T01:01:04.695736+02:00
295892978,de:12060:900350161:1:50,-0.3,2026-10-02T01:01:04.695736+02:00
295892978,de:12060:900350163:1:50,-0.1,2026-10-02T01:01:04.695736+02:00
295892978,de:12060:900350162:1:50,-0.8,2026-10-02T01:01:04.695736+02:00
295892978,de:11000:900135001:1:50,-0.3,2026-10-02T01:01:04.695736+02:00
295892978,de:11000:900143001:1:51,-0.8,2026-10-02T01:01:04.695736+02:00
295892978,de:11000:900142001:1:51,-0.3,2026-10-02T01:01:04.695736+02:00
295892978,de:11000:900130001:1:51,-0.8,2026-10-02T01:01:04.695736+02:00
295892978,de:11000:900130002:1:51,-0.3,2026-10-02T01:01:04.695736+02:00
295892978,de:11000:900110011:1:51,-0.7,2026-10-02T01:01:04.695736+02:00
295892978,de:11000:900007102:1:50,-0.7,2026-10-02T01:01:04.695736+02:00
295892978,de:11000:900008101:1:50,-0.5,2026-10-02T01:01:04.695736+02:00
295892978,de:11000:900007104:1:51,-0.2,2026-10-02T01:01:04.695736+02:00
295892978,de:11000:900100007:1:50,-0.2,2026-10-02T01:01:04.695736+02:00
295892978,de:11000:900100001:4:56,0.0,2026-10-02T01:01:04.695736+02:00
295892978,de:11000:900100025:1:50,-0.9,2026-10-02T01:01:04.695736+02:00
295892978,de:11000:900100020:3:54,-0.9,2026-10-02T01:01:04.695736+02:00
295892978,de:11000:900012101:1:51,0.0,2026-10-02T01:01:04.695736+02:00
295892978,de:11000:900058103:1:50,-0.8,2026-10-02T01:01:04.695736+02:00
295892978,de:11000:900058101:1:50,-0.4,2026-10-02T01:01:04.695736+02:00
295892978,de:11000:900058102:1:50,-0.4,2026-10-02T01:01:04.695736+02:00
295892978,de:11000:900068301:1:50,-0.7,2026-10-02T01:01:04.695736+02:00
295892978,de:11000:900073101:1:50,-0.9,2026-10-02T01:01:04.695736+02:00
295892978,de:11000:900072101:1:50,-0.2,2026-10-02T01:01:04.695736+02:00
295892978,de:11000:900074202:1:50,-0.2,2026-10-02T01:01:04.695736+02:00
295892978,de:11000:900074201:1:50,-0.4,2026-10-02T01:01:04.695736+02:00
295892978,de:12072:900245028:1:51,-0.9,2026-10-02T01:01:04.695736+02:00
295892978,de:12072:900245027:2:52,-0.9,2026-10-02T01:01:04.695736+02:00
295900255,de:12065:900200000:1:55,0.0,2026-10-02T01:01:04.695736+02:00
295900255,de:11000:900091203:1:50,0.0,2026-10-02T01:01:04.695736+02:00
295900255,de:11000:900091205:1:50,-0.2,2026-10-02T01:01:04.695736+02:00
295900255,de:11000:900089303:1:51,-0.5,2026-10-02T01:01:04.695736+02:00
295900255,de:11000:900096405:1:50,-0.8,2026-10-02T01:01:04.695736+02:00
295900255,de:11000:900096458:1:50,-0.5,2026-10-02T01:01:04.695736+02:00
295900255,de:11000:900085105:1:50,-0.8,2026-10-02T01:01:04.695736+02:00
295900255,de:11000:900085201:1:51,0.0,2026-10-02T01:01:04.695736+02:00
295900255,de:11000:900130003:1:51,-0.8,2026-10-02T01:01:04.695736+02:00
295900255,de:11000:900110011:1:50,-0.9,2026-10-02T01:01:04.695736+02:00
295900255,de:11000:900007102:1:50,-0.7,2026-10-02T01:01:04.695736+02:00
295900255,de:11000:900008101:1:50,-0.4,2026-10-02T01:01:04.695736+02:00
295900255,de:11000:900007104:1:51,-0.2,2026-10-02T01:01:04.695736+02:00
295900255,de:11000:900100007:1:50,-0.2,2026-10-02T01:01:04.695736+02:00
295900255,de:11000:900100001:4:56,0.0,2026-10-02T01:01:04.695736+02:00
295900255,de:11000:900100025:1:50,-0.9,2026-10-02T01:01:04.695736+02:00
295900255,de:11000:900100020:3:54,-0.9,2026-10-02T01:01:04.695736+02:00
295900255,de:11000:900012101:1:51,0.0,2026-10-02T01:01:04.695736+02:00
295900255,de:11000:900058103:1:50,-0.7,2026-10-02T01:01:04.695736+02:00
295900255,de:11000:900058101:1:50,-0.3,2026-10-02T01:01:04.695736+02:00
295900255,de:11000:900058102:1:52,0.0,2026-10-02T01:01:04.695736+02:00
295900255,de:11000:900063452:1:50,-0.1,2026-10-02T01:01:04.695736+02:00
295900255,de:11000:900067221:1:50,-0.2,2026-10-02T01:01:04.695736+02:00
295900255,de:11000:900064301:3:52,-0.2,2026-10-02T01:01:04.695736+02:00
295900255,de:11000:900064256:1:50,-0.7,2026-10-02T01:01:04.695736+02:00
295900255,de:11000:900064201:1:50,-0.6,2026-10-02T01:01:04.695736+02:00
295900255,de:12069:900220114:1:51,-0.9,2026-10-02T01:01:04.695736+02:00
295900270,de:12065:900200000:4:54,0.0,2026-10-02T01:01:04.695736+02:00
295900270,de:11000:900091203:1:50,0.0,2026-10-02T01:01:04.695736+02:00
295900270,de:11000:900091205:1:50,-0.2,2026-10-02T01:01:04.695736+02:00
295900270,de:11000:900089303:1:51,-0.5,2026-10-02T01:01:04.695736+02:00
295900270,de:11000:900096405:1:50,-0.8,2026-10-02T01:01:04.695736+02:00
295900270,de:11000:900096458:1:50,-0.5,2026-10-02T01:01:04.695736+02:00
295900270,de:11000:900085105:1:50,-0.8,2026-10-02T01:01:04.695736+02:00
295900270,de:11000:900085201:1:51,0.0,2026-10-02T01:01:04.695736+02:00
295900270,de:11000:900130003:1:51,-0.8,2026-10-02T01:01:04.695736+02:00
295900270,de:11000:900110011:1:50,-0.9,2026-10-02T01:01:04.695736+02:00
295900270,de:11000:900007102:1:50,-0.7,2026-10-02T01:01:04.695736+02:00
295900270,de:11000:900008101:1:50,-0.4,2026-10-02T01:01:04.695736+02:00
295900270,de:11000:900007104:1:51,-0.2,2026-10-02T01:01:04.695736+02:00
295900270,de:11000:900100007:1:50,-0.2,2026-10-02T01:01:04.695736+02:00
295900270,de:11000:900100001:4:56,0.0,2026-10-02T01:01:04.695736+02:00
295900270,de:11000:900100025:1:50,-0.9,2026-10-02T01:01:04.695736+02:00
295900270,de:11000:900100020:3:54,-0.9,2026-10-02T01:01:04.695736+02:00
295900270,de:11000:900012101:1:51,0.0,2026-10-02T01:01:04.695736+02:00
295900270,de:11000:900058103:1:50,-0.7,2026-10-02T01:01:04.695736+02:00
295900270,de:11000:900058101:1:50,-0.3,2026-10-02T01:01:04.695736+02:00
295900270,de:11000:900058102:1:52,0.0,2026-10-02T01:01:04.695736+02:00
295900270,de:11000:900063452:1:50,-0.1,2026-10-02T01:01:04.695736+02:00
295900270,de:11000:900067221:1:50,-0.2,2026-10-02T01:01:04.695736+02:00
295900270,de:11000:900064301:3:52,-0.2,2026-10-02T01:01:04.695736+02:00
295900270,de:11000:900064256:1:50,-0.7,2026-10-02T01:01:04.695736+02:00
295900270,de:11000:900064201:1:50,-0.6,2026-10-02T01:01:04.695736+02:00
295900270,de:12069:900220114:1:51,-0.9,2026-10-02T01:01:04.695736+02:00
295896157,de:11000:900074201:1:50,0.0,2026-10-02T01:01:04.695736+02:00
295896157,de:11000:900074202:2:51,-0.1,2026-10-02T01:01:04.695736+02:00
295896157,de:11000:900072101:2:51,-0.1,2026-10-02T01:01:04.695736+02:00
295896157,de:11000:900073101:1:51,-0.4,2026-10-02T01:01:04.695736+02:00
295896157,de:11000:900068301:1:51,-0.7,2026-10-02T01:01:04.695736+02:00
295896157,de:11000:900058102:2:51,-0.7,2026-10-02T01:01:04.695736+02:00
295896157,de:11000:900058101:1:51,-0.3,2026-10-02T01:01:04.695736+02:00
295896157,de:11000:900058103:1:51,-0.1,2026-10-02T01:01:04.695736+02:00
295896157,de:11000:900012101:2:53,-0.7,2026-10-02T01:01:04.695736+02:00
295896157,de:11000:900100020:4:57,-0.8,2026-10-02T01:01:04.695736+02:00
295896157,de:11000:900100025:1:51,-0.9,2026-10-02T01:01:04.695736+02:00
295896157,de:11000:900100001:4:57,-0.6,2026-10-02T01:01:04.695736+02:00
295896157,de:11000:900100007:1:51,-0.7,2026-10-02T01:01:04.695736+02:00
295896157,de:11000:900007104:2:52,-0.7,2026-10-02T01:01:04.695736+02:00
295896157,de:11000:900008101:1:51,-0.4,2026-10-02T01:01:04.695736+02:00
295896157,de:11000:900007102:2:53,-0.1,2026-10-02T01:01:04.695736+02:00
295896157,de:11000:900110011:2:52,-0.4,2026-10-02T01:01:04.695736+02:00
295896157,de:11000:900130002:1:50,-0.7,2026-10-02T01:01:04.695736+02:00
295896157,de:11000:900130001:1:50,-0.4,2026-10-02T01:01:04.695736+02:00
295896157,de:11000:900142001:1:50,-0.9,2026-10-02T01:01:04.695736+02:00
295896157,de:11000:900143001:1:51,-0.7,2026-10-02T01:01:04.695736+02:00
295896157,de:11000:900135001:1:50,-0.4,2026-10-02T01:01:04.695736+02:00
295903015,de:11000:900142001:1:51,0.0,2026-10-02T01:01:04.695736+02:00
295903015,de:11000:900130001:1:51,-0.2,2026-10-02T01:01:04.695736+02:00
295903015,de:11000:900130002:1:51,-0.7,2026-10-02T01:01:04.695736+02:00
295903015,de:11000:900110011:1:51,-0.2,2026-10-02T01:01:04.695736+02:00
295903015,de:11000:900007102:1:50,-0.7,2026-10-02T01:01:04.695736+02:00
295903015,de:11000:900008101:1:50,-0.4,2026-10-02T01:01:04.695736+02:00
295903015,de:11000:900007104:1:51,-0.2,2026-10-02T01:01:04.695736+02:00
295903015,de:11000:900100007:1:50,-0.2,2026-10-02T01:01:04.695736+02:00
295903015,de:11000:900100001:4:56,0.0,2026-10-02T01:01:04.695736+02:00
295903015,de:11000:900100025:1:50,-0.9,2026-10-02T01:01:04.695736+02:00
295903015,de:11000:900100020:3:54,-0.9,2026-10-02T01:01:04.695736+02:00
295903015,de:11000:900012101:1:51,0.0,2026-10-02T01:01:04.695736+02:00
295903015,de:11000:900058103:1:50,-0.7,2026-10-02T01:01:04.695736+02:00
295903015,de:11000:900058101:1:50,-0.3,2026-10-02T01:01:04.695736+02:00
295903015,de:11000:900058102:1:52,0.0,2026-10-02T01:01:04.695736+02:00
295903015,de:11000:900063452:1:50,-0.1,2026-10-02T01:01:04.695736+02:00
295903015,de:11000:900067221:1:50,-0.2,2026-10-02T01:01:04.695736+02:00
295903015,de:11000:900064301:3:52,-0.2,2026-10-02T01:01:04.695736+02:00
295903015,de:11000:900064256:1:50,-0.7,2026-10-02T01:01:04.695736+02:00
295903015,de:11000:900064201:1:50,-0.6,2026-10-02T01:01:04.695736+02:00
295903015,de:12069:900220114:1:50,-0.9,2026-10-02T01:01:04.695736+02:00
295903010,de:11000:900142001:1:51,0.0,2026-10-02T01:01:04.695736+02:00
295903010,de:11000:900130001:1:51,-0.2,2026-10-02T01:01:04.695736+02:00
295903010,de:11000:900130002:1:51,-0.7,2026-10-02T01:01:04.695736+02:00
295903010,de:11000:900110011:1:51,-0.2,2026-10-02T01:01:04.695736+02:00
295903010,de:11000:900007102:1:50,-0.7,2026-10-02T01:01:04.695736+02:00
295903010,de:11000:900008101:1:50,-0.4,2026-10-02T01:01:04.695736+02:00
295903010,de:11000:900007104:1:51,-0.2,2026-10-02T01:01:04.695736+02:00
295903010,de:11000:900100007:1:50,-0.2,2026-10-02T01:01:04.695736+02:00
295903010,de:11000:900100001:4:56,0.0,2026-10-02T01:01:04.695736+02:00
295903010,de:11000:900100025:1:50,-0.9,2026-10-02T01:01:04.695736+02:00
295903010,de:11000:900100020:3:54,-0.9,2026-10-02T01:01:04.695736+02:00
295903010,de:11000:900012101:1:51,0.0,2026-10-02T01:01:04.695736+02:00
295903010,de:11000:900058103:1:50,-0.7,2026-10-02T01:01:04.695736+02:00
295903010,de:11000:900058101:1:50,-0.3,2026-10-02T01:01:04.695736+02:00
295903010,de:11000:900058102:1:52,0.0,2026-10-02T01:01:04.695736+02:00
295903010,de:11000:900063452:1:50,-0.1,2026-10-02T01:01:04.695736+02:00
295903010,de:11000:900067221:1:50,-0.2,2026-10-02T01:01:04.695736+02:00
295903010,de:11000:900064301:3:52,-0.2,2026-10-02T01:01:04.695736+02:00
295903010,de:11000:900064256:1:50,-0.7,2026-10-02T01:01:04.695736+02:00
295903010,de:11000:900064201:1:50,-0.6,2026-10-02T01:01:04.695736+02:00
295903010,de:12069:900220114:1:50,-0.9,2026-10-02T01:01:04.695736+02:00
295903132,de:12069:900220114:1:50,0.0,2026-10-02T01:01:04.695736+02:00
295903132,de:11000:900064201:1:51,-0.1,2026-10-02T01:01:04.695736+02:00
295903132,de:11000:900064256:1:51,0.0,2026-10-02T01:01:04.695736+02:00
295903132,de:11000:900064301:3:53,-0.3,2026-10-02T01:01:04.695736+02:00
295903132,de:11000:900067221:1:50,-0.3,2026-10-02T01:01:04.695736+02:00
295903132,de:11000:900063452:1:51,-0.4,2026-10-02T01:01:04.695736+02:00
295903132,de:11000:900058102:2:53,-0.5,2026-10-02T01:01:04.695736+02:00
295903132,de:11000:900058101:1:51,-0.3,2026-10-02T01:01:04.695736+02:00
295903132,de:11000:900058103:1:51,0.0,2026-10-02T01:01:04.695736+02:00
295903132,de:11000:900012101:2:53,-0.7,2026-10-02T01:01:04.695736+02:00
295903132,de:11000:900100020:4:57,-0.8,2026-10-02T01:01:04.695736+02:00
295903132,de:11000:900100025:1:51,-0.9,2026-10-02T01:01:04.695736+02:00
295903132,de:11000:900100001:4:57,-0.6,2026-10-02T01:01:04.695736+02:00
295903132,de:11000:900100007:1:51,-0.7,2026-10-02T01:01:04.695736+02:00
295903132,de:11000:900007104:2:52,-0.7,2026-10-02T01:01:04.695736+02:00
295903132,de:11000:900008101:1:51,-0.4,2026-10-02T01:01:04.695736+02:00
295903132,de:11000:900007102:2:53,-0.2,2026-10-02T01:01:04.695736+02:00
295903132,de:11000:900110011:2:52,-0.4,2026-10-02T01:01:04.695736+02:00
295903132,de:11000:900130002:1:50,0.0,2026-10-02T01:01:04.695736+02:00
295903132,de:11000:900130001:1:50,-0.7,2026-10-02T01:01:04.695736+02:00
295903132,de:11000:900142001:1:50,-0.2,2026-10-02T01:01:04.695736+02:00
306895397,de:12067:900310613::1,0.0,2026-10-02T01:01:04.695736+02:00
306895397,de:12067:900311076::2,0.0,2026-10-02T01:01:04.695736+02:00
306895397,de:12067:900311009::1,0.0,2026-10-02T01:01:04.695736+02:00
306895397,de:12067:900311079::1,0.0,2026-10-02T01:01:04.695736+02:00
306895397,de:12067:900310731::1,0.0,2026-10-02T01:01:04.695736+02:00
306895397,de:12067:900310700::1,0.0,2026-10-02T01:01:04.695736+02:00
306895397,de:12067:900310701::1,0.0,2026-10-02T01:01:04.695736+02:00
306895397,de:12067:900310981::1,0.0,2026-10-02T01:01:04.695736+02:00
306895397,de:12067:900310832::1,0.0,2026-10-02T01:01:04.695736+02:00
306895397,de:12067:900311098::1,0.0,2026-10-02T01:01:04.695736+02:00
306895397,de:12067:900310826::2,0.0,2026-10-02T01:01:04.695736+02:00
306895397,de:12067:900311065::1,0.0,2026-10-02T01:01:04.695736+02:00
306895397,de:12067:900311064::2,0.0,2026-10-02T01:01:04.695736+02:00
306895397,de:12067:900310902::2,0.0,2026-10-02T01:01:04.695736+02:00
306895397,de:12067:900310942::2,0.0,2026-10-02T01:01:04.695736+02:00
306895397,de:12067:900310721::1,0.0,2026-10-02T01:01:04.695736+02:00
306895397,de:12067:900310755::2,0.0,2026-10-02T01:01:04.695736+02:00
306895397,de:12067:900310728::2,0.0,2026-10-02T01:01:04.695736+02:00
306895397,de:12067:900311129::6,0.0,2026-10-02T01:01:04.695736+02:00
306897216,de:12053:900360000::4,0.0,2026-10-02T01:01:04.695736+02:00
306897216,de:12053:900360021::4,0.0,2026-10-02T01:01:04.695736+02:00
306897216,de:12053:900360059::4,0.0,2026-10-02T01:01:04.695736+02:00
306897216,de:12053:900360041::4,0.0,2026-10-02T01:01:04.695736+02:00
306897216,de:12053:900360135::2,0.0,2026-10-02T01:01:04.695736+02:00
306897216,de:12053:900360083::2,0.0,2026-10-02T01:01:04.695736+02:00
306897216,de:12053:900360096::4,0.0,2026-10-02T01:01:04.695736+02:00
306897216,de:12053:900360213::4,0.0,2026-10-02T01:01:04.695736+02:00
306897216,de:12053:900360062::2,0.0,2026-10-02T01:01:04.695736+02:00
306897216,de:12067:900311485::1,0.0,2026-10-02T01:01:04.695736+02:00
306897216,de:12067:900311482::2,0.0,2026-10-02T01:01:04.695736+02:00
306897216,de:12067:900311489::1,0.0,2026-10-02T01:01:04.695736+02:00
306897216,de:12067:900311483::2,0.0,2026-10-02T01:01:04.695736+02:00
306897216,de:12067:900310935::1,0.0,2026-10-02T01:01:04.695736+02:00
306897216,de:12067:900310933::1,0.0,2026-10-02T01:01:04.695736+02:00
306897216,de:12067:900311540::2,0.0,2026-10-02T01:01:04.695736+02:00
306897216,de:12067:900310615::2,0.0,2026-10-02T01:01:04.695736+02:00
306897216,de:12067:900310725::2,0.0,2026-10-02T01:01:04.695736+02:00
306897216,de:12067:900310738::2,0.0,2026-10-02T01:01:04.695736+02:00
306897216,de:12067:900310639::1,0.0,2026-10-02T01:01:04.695736+02:00
306897216,de:12067:900310626::1,0.0,2026-10-02T01:01:04.695736+02:00
306897216,de:12067:900311129::6,0.0,2026-10-02T01:01:04.695736+02:00
307434475,de:11000:900192001:1:50,0.0,2026-10-02T01:01:04.695736+02:00
307434475,de:11000:900120003:4:57,0.0,2026-10-02T01:01:04.695736+02:00
307434475,de:11000:900007102:4:56,0.0,2026-10-02T01:01:04.695736+02:00
307434475,de:11000:900029101:2:52,0.0,2026-10-02T01:01:04.695736+02:00
307434475,de:11000:900037168:1:50,0.0,2026-10-02T01:01:04.695736+02:00
307434475,de:12063:900210180:1:50,0.0,2026-10-02T01:01:04.695736+02:00
307434475,de:12063:900210010:1:50,0.0,2026-10-02T01:01:04.695736+02:00
307434475,de:12063:900210011:1:50,0.0,2026-10-02T01:01:04.695736+02:00
307434475,de:12063:900210326:1:50,0.0,2026-10-02T01:01:04.695736+02:00
307434475,de:12063:900210005:1:50,0.0,2026-10-02T01:01:04.695736+02:00
295910971,de:11000:900120005:4:56,0.0,2026-10-02T01:01:04.695736+02:00
295910971,de:11000:900120004:1:50,-0.9,2026-10-02T01:01:04.695736+02:00
295910971,de:11000:900120003:2:53,-0.1,2026-10-02T01:01:04.695736+02:00
295910971,de:11000:900160001:1:51,-0.9,2026-10-02T01:01:04.695736+02:00
295910971,de:11000:900160002:1:50,-0.2,2026-10-02T01:01:04.695736+02:00
295910971,de:11000:900162001:1:51,-0.3,2026-10-02T01:01:04.695736+02:00
307443576,de:12073:900341110:1:50,0.0,2026-10-02T01:01:04.695736+02:00
307443576,de:12073:900341111:1:50,0.0,2026-10-02T01:01:04.695736+02:00
307443576,de:12073:900340003:1:50,0.0,2026-10-02T01:01:04.695736+02:00
307443576,000300570037,0.0,2026-10-02T01:01:04.695736+02:00
307441011,de:12068:900205617:1:50,0.0,2026-10-02T01:01:04.695736+02:00
307441011,de:12068:900205090:1:50,0.0,2026-10-02T01:01:04.695736+02:00
307441011,de:12068:900205092:1:50,0.0,2026-10-02T01:01:04.695736+02:00
307441011,de:12068:900205022:1:50,0.0,2026-10-02T01:01:04.695736+02:00
307441011,de:12068:900205023:1:50,0.0,2026-10-02T01:01:04.695736+02:00
307441011,de:12068:900205006:1:50,0.0,2026-10-02T01:01:04.695736+02:00
307441011,de:12068:900205005:1:50,0.0,2026-10-02T01:01:04.695736+02:00
307441011,de:12068:900205512:1:50,0.0,2026-10-02T01:01:04.695736+02:00
307441011,de:12065:900203491:1:50,0.0,2026-10-02T01:01:04.695736+02:00
307441011,de:12065:900203452:1:50,0.0,2026-10-02T01:01:04.695736+02:00
307441011,de:12065:900200004:1:51,0.0,2026-10-02T01:01:04.695736+02:00
307441011,de:12065:900200000:1:50,0.0,2026-10-02T01:01:04.695736+02:00
307441000,de:12070:900216026:3:53,0.0,2026-10-02T01:01:04.695736+02:00
307441000,de:12070:900216013:1:50,0.0,2026-10-02T01:01:04.695736+02:00
307441000,de:12070:900215696:1:50,0.0,2026-10-02T01:01:04.695736+02:00
307441000,de:12070:900215350:1:50,0.0,2026-10-02T01:01:04.695736+02:00
307441000,de:12070:900215723:1:50,0.0,2026-10-02T01:01:04.695736+02:00
307441000,de:12068:900205322:1:50,0.0,2026-10-02T01:01:04.695736+02:00
307441000,de:12068:900205130:1:50,0.0,2026-10-02T01:01:04.695736+02:00
307441000,de:12068:900205617:2:51,0.0,2026-10-02T01:01:04.695736+02:00
307441000,de:12068:900205090:1:50,0.0,2026-10-02T01:01:04.695736+02:00
307441000,de:12068:900205092:1:50,0.0,2026-10-02T01:01:04.695736+02:00
307441000,de:12068:900205022:1:50,0.0,2026-10-02T01:01:04.695736+02:00
307441000,de:12068:900205023:1:50,0.0,2026-10-02T01:01:04.695736+02:00
307441000,de:12068:900205006:1:50,0.0,2026-10-02T01:01:04.695736+02:00
307441000,de:12068:900205005:1:50,0.0,2026-10-02T01:01:04.695736+02:00
307441000,de:12065:900203491:1:50,0.0,2026-10-02T01:01:04.695736+02:00
307441000,de:12065:900203452:1:50,0.0,2026-10-02T01:01:04.695736+02:00
307441000,de:12065:900200004:1:51,0.0,2026-10-02T01:01:04.695736+02:00
307441000,de:12065:900200000:1:50,0.0,2026-10-02T01:01:04.695736+02:00
307440996,de:12070:900216026:3:53,0.0,2026-10-02T01:01:04.695736+02:00
307440996,de:12070:900216013:1:50,0.0,2026-10-02T01:01:04.695736+02:00
307440996,de:12070:900215696:1:50,0.0,2026-10-02T01:01:04.695736+02:00
307440996,de:12070:900215350:1:50,0.0,2026-10-02T01:01:04.695736+02:00
307440996,de:12070:900215723:1:50,0.0,2026-10-02T01:01:04.695736+02:00
307440996,de:12068:900205322:1:50,0.0,2026-10-02T01:01:04.695736+02:00
307440996,de:12068:900205130:1:50,0.0,2026-10-02T01:01:04.695736+02:00
307440996,de:12068:900205617:2:51,0.0,2026-10-02T01:01:04.695736+02:00
307440996,de:12068:900205090:1:50,0.0,2026-10-02T01:01:04.695736+02:00
307440996,de:12068:900205092:1:50,0.0,2026-10-02T01:01:04.695736+02:00
307440996,de:12068:900205022:1:50,0.0,2026-10-02T01:01:04.695736+02:00
307440996,de:12068:900205023:1:50,0.0,2026-10-02T01:01:04.695736+02:00
307440996,de:12068:900205006:1:50,0.0,2026-10-02T01:01:04.695736+02:00
307440996,de:12068:900205005:1:50,0.0,2026-10-02T01:01:04.695736+02:00
307440996,de:12065:900203491:1:50,0.0,2026-10-02T01:01:04.695736+02:00
307440996,de:12065:900203452:1:50,0.0,2026-10-02T01:01:04.695736+02:00
307440996,de:12065:900200004:1:51,0.0,2026-10-02T01:01:04.695736+02:00
307440996,de:12065:900200000:1:50,0.0,2026-10-02T01:01:04.695736+02:00
295910128,de:11000:900024101:3:55,0.0,2026-10-02T01:01:04.695736+02:00
295910128,de:11000:900024203:1:51,-0.3,2026-10-02T01:01:04.695736+02:00
295910128,de:11000:900023201:3:54,-0.2,2026-10-02T01:01:04.695736+02:00
295910128,de:11000:900003103:1:50,-0.3,2026-10-02T01:01:04.695736+02:00
295910128,de:11000:900003102:1:50,-0.4,2026-10-02T01:01:04.695736+02:00
295910128,de:11000:900003201:3:54,0.0,2026-10-02T01:01:04.695736+02:00
295910128,de:11000:900100001:3:54,-0.6,2026-10-02T01:01:04.695736+02:00
295910128,de:11000:900100002:1:50,-0.9,2026-10-02T01:01:04.695736+02:00
295910128,de:11000:900100003:2:52,-0.6,2026-10-02T01:01:04.695736+02:00
295910128,de:11000:900100004:1:50,-0.9,2026-10-02T01:01:04.695736+02:00
295910128,de:11000:900120005:4:55,-0.1,2026-10-02T01:01:04.695736+02:00
295910128,de:11000:900120004:1:50,-0.1,2026-10-02T01:01:04.695736+02:00
295910128,de:11000:900120003:2:53,-0.4,2026-10-02T01:01:04.695736+02:00
295910128,de:11000:900160001:1:51,-0.4,2026-10-02T01:01:04.695736+02:00
295910128,de:11000:900160002:1:50,-0.7,2026-10-02T01:01:04.695736+02:00
295910128,de:11000:900162001:1:51,-0.3,2026-10-02T01:01:04.695736+02:00
295910128,de:11000:900180002:1:51,-0.3,2026-10-02T01:01:04.695736+02:00
295910128,de:11000:900180001:1:50,-0.7,2026-10-02T01:01:04.695736+02:00
295910128,de:11000:900182001:1:51,-0.2,2026-10-02T01:01:04.695736+02:00
295910128,de:11000:900182002:1:51,-0.4,2026-10-02T01:01:04.695736+02:00
306897232,de:12067:900311129::5,0.0,2026-10-02T01:01:04.695736+02:00
306897232,de:12067:900310755::1,0.0,2026-10-02T01:01:04.695736+02:00
306897232,de:12067:900310738::1,0.0,2026-10-02T01:01:04.695736+02:00
306897232,de:12067:900310725::1,0.0,2026-10-02T01:01:04.695736+02:00
306897232,de:12067:900310615::1,0.0,2026-10-02T01:01:04.695736+02:00
306897232,de:12067:900311540::1,0.0,2026-10-02T01:01:04.695736+02:00
306897232,de:12067:900310933::1,0.0,2026-10-02T01:01:04.695736+02:00
306897232,de:12067:900310935::1,0.0,2026-10-02T01:01:04.695736+02:00
306897232,de:12067:900311483::1,0.0,2026-10-02T01:01:04.695736+02:00
306897232,de:12067:900311480::1,0.0,2026-10-02T01:01:04.695736+02:00
306897232,de:12067:900311482::2,0.0,2026-10-02T01:01:04.695736+02:00
306897232,de:12067:900311485::2,0.0,2026-10-02T01:01:04.695736+02:00
306897232,de:12053:900360062::1,0.0,2026-10-02T01:01:04.695736+02:00
306897232,de:12053:900360213::3,0.0,2026-10-02T01:01:04.695736+02:00
306897232,de:12053:900360078::2,0.0,2026-10-02T01:01:04.695736+02:00
306897232,de:12053:900360096::3,0.0,2026-10-02T01:01:04.695736+02:00
306897232,de:12053:900360083::1,0.0,2026-10-02T01:01:04.695736+02:00
306897232,de:12053:900360135::1,0.0,2026-10-02T01:01:04.695736+02:00
306897232,de:12053:900360041::3,0.0,2026-10-02T01:01:04.695736+02:00
306897232,de:12053:900360059::3,0.0,2026-10-02T01:01:04.695736+02:00
306897232,de:12053:900360021::3,0.0,2026-10-02T01:01:04.695736+02:00
306897232,de:12053:900360000::9,0.0,2026-10-02T01:01:04.695736+02:00
307280577,de:11000:900020202:1:51,0.0,2026-10-02T01:01:04.695736+02:00
307280577,de:11000:900001201:1:51,-0.2,2026-10-02T01:01:04.695736+02:00
307280577,de:11000:900009104:1:51,-0.8,2026-10-02T01:01:04.695736+02:00
307280577,de:11000:900007102:2:52,-0.9,2026-10-02T01:01:04.695736+02:00
307280577,de:11000:900110001:1:50,-0.6,2026-10-02T01:01:04.695736+02:00
307280577,de:11000:900110002:1:50,-0.4,2026-10-02T01:01:04.695736+02:00
307280577,de:11000:900110003:1:50,-0.4,2026-10-02T01:01:04.695736+02:00
307280577,de:11000:900110004:1:50,-0.8,2026-10-02T01:01:04.695736+02:00
307280577,de:11000:900110012:1:50,-0.7,2026-10-02T01:01:04.695736+02:00
307280577,de:11000:900120001:1:50,-0.7,2026-10-02T01:01:04.695736+02:00
307280577,de:11000:900120003:5:58,-0.1,2026-10-02T01:01:04.695736+02:00
307280577,de:11000:900190001:1:50,-0.4,2026-10-02T01:01:04.695736+02:00
307280577,de:11000:900077106:1:50,-0.4,2026-10-02T01:01:04.695736+02:00
307280577,de:11000:900078201:1:50,-0.3,2026-10-02T01:01:04.695736+02:00
307280577,de:11000:900079221:1:50,-0.2,2026-10-02T01:01:04.695736+02:00
307280577,de:11000:900068201:1:50,-0.8,2026-10-02T01:01:04.695736+02:00
307280577,de:11000:900058101:5:58,-0.1,2026-10-02T01:01:04.695736+02:00
307280577,de:11000:900054104:2:52,-0.2,2026-10-02T01:01:04.695736+02:00
307280577,de:11000:900054105:1:50,-0.9,2026-10-02T01:01:04.695736+02:00
307280577,de:11000:900044202:1:50,-0.7,2026-10-02T01:01:04.695736+02:00
307280577,de:11000:900045102:1:50,-0.7,2026-10-02T01:01:04.695736+02:00
307280577,de:11000:900044101:1:50,-0.8,2026-10-02T01:01:04.695736+02:00
307280577,de:11000:900040101:1:50,-0.8,2026-10-02T01:01:04.695736+02:00
307280439,de:11000:900020202:1:50,0.0,2026-10-02T01:01:04.695736+02:00
307280439,de:11000:900001201:1:50,-0.2,2026-10-02T01:01:04.695736+02:00
307280439,de:11000:900009104:1:50,-0.8,2026-10-02T01:01:04.695736+02:00
307280439,de:11000:900007102:2:52,-0.4,2026-10-02T01:01:04.695736+02:00
307280439,de:11000:900110001:1:50,-0.6,2026-10-02T01:01:04.695736+02:00
307280439,de:11000:900110002:1:50,-0.4,2026-10-02T01:01:04.695736+02:00
307280439,de:11000:900110003:1:50,-0.4,2026-10-02T01:01:04.695736+02:00
307280439,de:11000:900110004:1:50,-0.8,2026-10-02T01:01:04.695736+02:00
307280439,de:11000:900110012:1:50,-0.7,2026-10-02T01:01:04.695736+02:00
307280439,de:11000:900120001:1:50,-0.7,2026-10-02T01:01:04.695736+02:00
307280439,de:11000:900120003:5:58,-0.1,2026-10-02T01:01:04.695736+02:00
307280439,de:11000:900190001:1:50,-0.4,2026-10-02T01:01:04.695736+02:00
307280439,de:11000:900077106:1:50,-0.4,2026-10-02T01:01:04.695736+02:00
307280439,de:11000:900078201:1:50,-0.3,2026-10-02T01:01:04.695736+02:00
307280439,de:11000:900079221:1:50,-0.2,2026-10-02T01:01:04.695736+02:00
307280439,de:11000:900068201:1:50,-0.8,2026-10-02T01:01:04.695736+02:00
307280439,de:11000:900058101:5:58,-0.1,2026-10-02T01:01:04.695736+02:00
307280439,de:11000:900054104:2:52,-0.7,2026-10-02T01:01:04.695736+02:00
307280439,de:11000:900054105:1:50,-0.9,2026-10-02T01:01:04.695736+02:00
307280439,de:11000:900044202:1:50,-0.7,2026-10-02T01:01:04.695736+02:00
307280439,de:11000:900045102:1:50,-0.7,2026-10-02T01:01:04.695736+02:00
307280439,de:11000:900044101:1:50,-0.8,2026-10-02T01:01:04.695736+02:00
307280439,de:11000:900040101:1:50,-0.3,2026-10-02T01:01:04.695736+02:00
307280439,de:11000:900024101:3:54,-0.8,2026-10-02T01:01:04.695736+02:00
307283054,de:11000:900009104:1:51,0.0,2026-10-02T01:01:04.695736+02:00
307283054,de:11000:900007102:2:52,-0.9,2026-10-02T01:01:04.695736+02:00
307283054,de:11000:900110001:1:50,-0.6,2026-10-02T01:01:04.695736+02:00
307283054,de:11000:900110002:1:50,-0.4,2026-10-02T01:01:04.695736+02:00
307283054,de:11000:900110003:1:50,-0.4,2026-10-02T01:01:04.695736+02:00
307283054,de:11000:900110004:1:50,-0.8,2026-10-02T01:01:04.695736+02:00
307283054,de:11000:900110012:1:50,-0.7,2026-10-02T01:01:04.695736+02:00
307283054,de:11000:900120001:1:50,-0.7,2026-10-02T01:01:04.695736+02:00
307283054,de:11000:900120003:5:58,-0.1,2026-10-02T01:01:04.695736+02:00
307283054,de:11000:900190001:1:50,-0.4,2026-10-02T01:01:04.695736+02:00
307283054,de:11000:900077106:1:50,-0.4,2026-10-02T01:01:04.695736+02:00
307283054,de:11000:900078201:1:50,-0.3,2026-10-02T01:01:04.695736+02:00
307283054,de:11000:900079221:1:50,-0.2,2026-10-02T01:01:04.695736+02:00
307286717,de:11000:900040101:1:50,0.0,2026-10-02T01:01:04.695736+02:00
307286717,de:11000:900044101:1:50,-0.8,2026-10-02T01:01:04.695736+02:00
307286717,de:11000:900045102:1:51,-0.9,2026-10-02T01:01:04.695736+02:00
307286717,de:11000:900044202:1:51,-0.9,2026-10-02T01:01:04.695736+02:00
307286717,de:11000:900054105:1:51,-0.7,2026-10-02T01:01:04.695736+02:00
307286717,de:11000:900054104:2:53,-0.3,2026-10-02T01:01:04.695736+02:00
307286717,de:11000:900058101:5:59,-0.2,2026-10-02T01:01:04.695736+02:00
307286717,de:11000:900068201:1:51,-0.8,2026-10-02T01:01:04.695736+02:00
307286717,de:11000:900079221:1:51,-0.4,2026-10-02T01:01:04.695736+02:00
307286717,de:11000:900078201:1:51,-0.1,2026-10-02T01:01:04.695736+02:00
307286717,de:11000:900077106:1:51,0.0,2026-10-02T01:01:04.695736+02:00
307286717,de:11000:900190001:2:52,-0.9,2026-10-02T01:01:04.695736+02:00
307286717,de:11000:900120003:5:59,-0.4,2026-10-02T01:01:04.695736+02:00
307286717,de:11000:900120001:1:51,0.0,2026-10-02T01:01:04.695736+02:00
307286717,de:11000:900110012:1:51,-0.2,2026-10-02T01:01:04.695736+02:00
307286717,de:11000:900110004:1:51,-0.1,2026-10-02T01:01:04.695736+02:00
307286717,de:11000:900110003:1:51,-0.4,2026-10-02T01:01:04.695736+02:00
307286717,de:11000:900110002:1:51,-0.4,2026-10-02T01:01:04.695736+02:00
307286717,de:11000:900110001:1:51,-0.1,2026-10-02T01:01:04.695736+02:00
307286717,de:11000:900007102:1:51,-0.6,2026-10-02T01:01:04.695736+02:00
307286717,de:11000:900009104:1:50,-0.8,2026-10-02T01:01:04.695736+02:00
307286717,de:11000:900001201:1:50,-0.3,2026-10-02T01:01:04.695736+02:00
307286717,de:11000:900020202:1:50,-0.1,2026-10-02T01:01:04.695736+02:00
307286641,de:11000:900024101:3:54,0.0,2026-10-02T01:01:04.695736+02:00
307286641,de:11000:900040101:1:50,-0.2,2026-10-02T01:01:04.695736+02:00
307286641,de:11000:900044101:1:50,-0.3,2026-10-02T01:01:04.695736+02:00
307286641,de:11000:900045102:1:51,-0.4,2026-10-02T01:01:04.695736+02:00
307286641,de:11000:900044202:1:51,-0.4,2026-10-02T01:01:04.695736+02:00
307286641,de:11000:900054105:1:51,-0.2,2026-10-02T01:01:04.695736+02:00
307286641,de:11000:900054104:2:53,-0.8,2026-10-02T01:01:04.695736+02:00
307286641,de:11000:900058101:5:59,-0.2,2026-10-02T01:01:04.695736+02:00
307286641,de:11000:900068201:1:51,-0.8,2026-10-02T01:01:04.695736+02:00
307286641,de:11000:900079221:1:51,-0.4,2026-10-02T01:01:04.695736+02:00
307286641,de:11000:900078201:1:51,-0.1,2026-10-02T01:01:04.695736+02:00
307286641,de:11000:900077106:1:51,0.0,2026-10-02T01:01:04.695736+02:00
307286641,de:11000:900190001:2:52,-0.9,2026-10-02T01:01:04.695736+02:00
307286641,de:11000:900120003:5:59,-0.4,2026-10-02T01:01:04.695736+02:00
307286641,de:11000:900120001:1:51,0.0,2026-10-02T01:01:04.695736+02:00
307286641,de:11000:900110012:1:51,-0.2,2026-10-02T01:01:04.695736+02:00
307286641,de:11000:900110004:1:51,-0.1,2026-10-02T01:01:04.695736+02:00
307286641,de:11000:900110003:1:51,-0.4,2026-10-02T01:01:04.695736+02:00
307286641,de:11000:900110002:1:51,-0.4,2026-10-02T01:01:04.695736+02:00
307286641,de:11000:900110001:1:51,-0.1,2026-10-02T01:01:04.695736+02:00
307286641,de:11000:900007102:1:51,-0.6,2026-10-02T01:01:04.695736+02:00
307286641,de:11000:900009104:1:51,-0.8,2026-10-02T01:01:04.695736+02:00
307286641,de:11000:900001201:1:51,-0.3,2026-10-02T01:01:04.695736+02:00
307286641,de:11000:900020202:1:51,-0.1,2026-10-02T01:01:04.695736+02:00
307286691,de:11000:900040101:1:50,0.0,2026-10-02T01:01:04.695736+02:00
307286691,de:11000:900044101:1:50,-0.8,2026-10-02T01:01:04.695736+02:00
307286691,de:11000:900045102:1:51,-0.9,2026-10-02T01:01:04.695736+02:00
307286691,de:11000:900044202:1:51,-0.9,2026-10-02T01:01:04.695736+02:00
307286691,de:11000:900054105:1:51,-0.7,2026-10-02T01:01:04.695736+02:00
307286691,de:11000:900054104:2:53,-0.3,2026-10-02T01:01:04.695736+02:00
307286691,de:11000:900058101:5:59,-0.2,2026-10-02T01:01:04.695736+02:00
307286691,de:11000:900068201:1:51,-0.8,2026-10-02T01:01:04.695736+02:00
307286691,de:11000:900079221:1:51,-0.4,2026-10-02T01:01:04.695736+02:00
307286691,de:11000:900078201:1:51,-0.1,2026-10-02T01:01:04.695736+02:00
307286691,de:11000:900077106:1:51,0.0,2026-10-02T01:01:04.695736+02:00
307286691,de:11000:900190001:2:52,-0.9,2026-10-02T01:01:04.695736+02:00
307286691,de:11000:900120003:5:59,-0.4,2026-10-02T01:01:04.695736+02:00
307286691,de:11000:900120001:1:51,0.0,2026-10-02T01:01:04.695736+02:00
307286691,de:11000:900110012:1:51,-0.2,2026-10-02T01:01:04.695736+02:00
307286691,de:11000:900110004:1:51,-0.1,2026-10-02T01:01:04.695736+02:00
307286691,de:11000:900110003:1:51,-0.4,2026-10-02T01:01:04.695736+02:00
307286691,de:11000:900110002:1:51,-0.4,2026-10-02T01:01:04.695736+02:00
307286691,de:11000:900110001:1:51,-0.1,2026-10-02T01:01:04.695736+02:00
307286691,de:11000:900007102:1:51,-0.6,2026-10-02T01:01:04.695736+02:00
307286691,de:11000:900009104:1:50,-0.8,2026-10-02T01:01:04.695736+02:00
307286691,de:11000:900001201:1:50,-0.3,2026-10-02T01:01:04.695736+02:00
307286691,de:11000:900020202:1:50,-0.1,2026-10-02T01:01:04.695736+02:00
307292222,de:11000:900044202:1:51,0.0,2026-10-02T01:01:04.695736+02:00
307292222,de:11000:900054105:1:51,-0.2,2026-10-02T01:01:04.695736+02:00
307292222,de:11000:900054104:2:53,-0.8,2026-10-02T01:01:04.695736+02:00
307292222,de:11000:900058101:5:59,-0.7,2026-10-02T01:01:04.695736+02:00
307292222,de:11000:900068201:1:51,-0.3,2026-10-02T01:01:04.695736+02:00
307292222,de:11000:900079221:1:51,-0.9,2026-10-02T01:01:04.695736+02:00
307292222,de:11000:900078201:1:51,-0.6,2026-10-02T01:01:04.695736+02:00
307292222,de:11000:900077155:1:51,-0.2,2026-10-02T01:01:04.695736+02:00
307292222,de:11000:900191001:2:51,-0.7,2026-10-02T01:01:04.695736+02:00
307292222,de:11000:900192001:2:52,-0.7,2026-10-02T01:01:04.695736+02:00
307292222,de:11000:900193001:1:50,-0.2,2026-10-02T01:01:04.695736+02:00
307292222,de:11000:900193002:1:50,-0.8,2026-10-02T01:01:04.695736+02:00
307292222,de:11000:900186001:1:50,-0.8,2026-10-02T01:01:04.695736+02:00
307292222,de:12061:900260004:1:50,-0.2,2026-10-02T01:01:04.695736+02:00
307292222,de:12061:900260003:1:50,-0.4,2026-10-02T01:01:04.695736+02:00
307292222,de:12061:900260002:1:51,-0.2,2026-10-02T01:01:04.695736+02:00
307292222,de:12061:900260001:2:52,-0.2,2026-10-02T01:01:04.695736+02:00
307292217,de:11000:900044202:1:51,0.0,2026-10-02T01:01:04.695736+02:00
307292217,de:11000:900054105:1:51,-0.2,2026-10-02T01:01:04.695736+02:00
307292217,de:11000:900054104:2:53,-0.8,2026-10-02T01:01:04.695736+02:00
307292217,de:11000:900058101:5:59,-0.7,2026-10-02T01:01:04.695736+02:00
307292217,de:11000:900068201:1:51,-0.3,2026-10-02T01:01:04.695736+02:00
307292217,de:11000:900079221:1:51,-0.9,2026-10-02T01:01:04.695736+02:00
307292217,de:11000:900078201:1:51,-0.6,2026-10-02T01:01:04.695736+02:00
307292217,de:11000:900077155:1:51,-0.2,2026-10-02T01:01:04.695736+02:00
307292217,de:11000:900191001:2:51,-0.7,2026-10-02T01:01:04.695736+02:00
307292217,de:11000:900192001:2:52,-0.7,2026-10-02T01:01:04.695736+02:00
307292217,de:11000:900193001:1:50,-0.2,2026-10-02T01:01:04.695736+02:00
307292217,de:11000:900193002:1:50,-0.8,2026-10-02T01:01:04.695736+02:00
307292217,de:11000:900186001:1:50,-0.8,2026-10-02T01:01:04.695736+02:00
307292217,de:12061:900260004:1:50,-0.2,2026-10-02T01:01:04.695736+02:00
307292217,de:12061:900260003:1:50,-0.4,2026-10-02T01:01:04.695736+02:00
307292217,de:12061:900260002:1:51,-0.2,2026-10-02T01:01:04.695736+02:00
307292217,de:12061:900260001:2:52,-0.2,2026-10-02T01:01:04.695736+02:00
295928962,de:11000:900186001:2:52,0.0,2026-10-02T01:01:04.695736+02:00
295928962,de:11000:900193002:1:51,-0.2,2026-10-02T01:01:04.695736+02:00
295928962,de:11000:900193001:2:51,-0.8,2026-10-02T01:01:04.695736+02:00
295928962,de:11000:900192001:3:55,-0.7,2026-10-02T01:01:04.695736+02:00
295928962,de:11000:900191001:1:50,-0.4,2026-10-02T01:01:04.695736+02:00
295928962,de:11000:900077155:1:50,-0.9,2026-10-02T01:01:04.695736+02:00
295928962,de:11000:900078201:1:50,-0.9,2026-10-02T01:01:04.695736+02:00
295928962,de:11000:900079221:1:50,-0.7,2026-10-02T01:01:04.695736+02:00
306897030,de:12067:900311308::6,0.0,2026-10-02T01:01:04.695736+02:00
306897030,de:12067:900311376::1,0.0,2026-10-02T01:01:04.695736+02:00
306897030,de:12067:900311377::1,0.0,2026-10-02T01:01:04.695736+02:00
306897030,de:12067:900311349::1,0.0,2026-10-02T01:01:04.695736+02:00
306897030,de:12067:900311336::1,0.0,2026-10-02T01:01:04.695736+02:00
306897030,de:12067:900311352::1,0.0,2026-10-02T01:01:04.695736+02:00
306897030,de:12067:900311354::1,0.0,2026-10-02T01:01:04.695736+02:00
306897030,de:12067:900311320::2,0.0,2026-10-02T01:01:04.695736+02:00
306897030,de:12067:900311305::2,0.0,2026-10-02T01:01:04.695736+02:00
306897030,de:12067:900311383::6,0.0,2026-10-02T01:01:04.695736+02:00
306897030,de:12067:900311300::1,0.0,2026-10-02T01:01:04.695736+02:00
306897030,de:12067:900311328::1,0.0,2026-10-02T01:01:04.695736+02:00
306897030,de:12067:900311330::1,0.0,2026-10-02T01:01:04.695736+02:00
295932986,de:11000:900058101:5:59,0.0,2026-10-02T01:01:04.695736+02:00
295932986,de:11000:900068201:1:51,-0.3,2026-10-02T01:01:04.695736+02:00
295932986,de:11000:900079221:1:51,-0.9,2026-10-02T01:01:04.695736+02:00
295932986,de:11000:900078201:1:51,-0.6,2026-10-02T01:01:04.695736+02:00
295932986,de:11000:900077155:1:51,-0.2,2026-10-02T01:01:04.695736+02:00
295932986,de:11000:900191001:2:51,-0.7,2026-10-02T01:01:04.695736+02:00
295932986,de:11000:900192001:2:53,-0.7,2026-10-02T01:01:04.695736+02:00
295932986,de:11000:900192002:1:50,-0.5,2026-10-02T01:01:04.695736+02:00
295932986,de:11000:900180003:1:50,-0.7,2026-10-02T01:01:04.695736+02:00
295932967,de:11000:900058101:5:59,0.0,2026-10-02T01:01:04.695736+02:00
295932967,de:11000:900068201:1:51,-0.3,2026-10-02T01:01:04.695736+02:00
295932967,de:11000:900079221:1:51,-0.9,2026-10-02T01:01:04.695736+02:00
295932967,de:11000:900078201:1:51,-0.6,2026-10-02T01:01:04.695736+02:00
295932967,de:11000:900077155:1:51,-0.2,2026-10-02T01:01:04.695736+02:00
295932967,de:11000:900191001:2:51,-0.7,2026-10-02T01:01:04.695736+02:00
295932967,de:11000:900192001:2:53,-0.7,2026-10-02T01:01:04.695736+02:00
295932967,de:11000:900192002:1:50,-0.5,2026-10-02T01:01:04.695736+02:00
295932967,de:11000:900180003:1:50,-0.7,2026-10-02T01:01:04.695736+02:00
295933127,de:11000:900180003:1:50,0.0,2026-10-02T01:01:04.695736+02:00
295933127,de:11000:900192002:1:50,-0.4,2026-10-02T01:01:04.695736+02:00
295933127,de:11000:900192001:3:54,-0.2,2026-10-02T01:01:04.695736+02:00
295933127,de:11000:900191001:1:50,-0.9,2026-10-02T01:01:04.695736+02:00
295933127,de:11000:900077155:1:50,-0.4,2026-10-02T01:01:04.695736+02:00
295933127,de:11000:900078201:1:50,-0.9,2026-10-02T01:01:04.695736+02:00
295933127,de:11000:900079221:1:50,-0.7,2026-10-02T01:01:04.695736+02:00
295933127,de:11000:900068201:1:50,-0.3,2026-10-02T01:01:04.695736+02:00
295933127,de:11000:900058101:5:58,-0.6,2026-10-02T01:01:04.695736+02:00
295936931,de:12064:900320001:1:50,0.0,2026-10-02T01:01:04.695736+02:00
295936931,de:12064:900320002:1:50,-0.3,2026-10-02T01:01:04.695736+02:00
295936931,de:12064:900320003:1:50,-0.1,2026-10-02T01:01:04.695736+02:00
295936931,de:12064:900320004:2:51,-0.8,2026-10-02T01:01:04.695736+02:00
295936931,de:12064:900320005:1:50,0.0,2026-10-02T01:01:04.695736+02:00
295936931,de:12064:900320006:1:51,-0.8,2026-10-02T01:01:04.695736+02:00
295936931,de:12064:900320007:1:50,-0.8,2026-10-02T01:01:04.695736+02:00
295936931,de:12064:900320008:1:51,-0.5,2026-10-02T01:01:04.695736+02:00
295936931,de:12064:900320026:1:50,-0.3,2026-10-02T01:01:04.695736+02:00
295936931,de:11000:900176001:1:51,-0.7,2026-10-02T01:01:04.695736+02:00
295936931,de:11000:900175002:1:50,-0.7,2026-10-02T01:01:04.695736+02:00
295936931,de:11000:900175001:1:50,-0.6,2026-10-02T01:01:04.695736+02:00
295936931,de:11000:900171001:1:50,-0.3,2026-10-02T01:01:04.695736+02:00
295936931,de:11000:900171002:1:51,-0.4,2026-10-02T01:01:04.695736+02:00
295936931,de:11000:900160004:1:51,-0.8,2026-10-02T01:01:04.695736+02:00
295936931,de:11000:900160003:1:51,-0.9,2026-10-02T01:01:04.695736+02:00
295936931,de:11000:900120003:3:55,-0.1,2026-10-02T01:01:04.695736+02:00
295936931,de:11000:900120004:2:53,-0.6,2026-10-02T01:01:04.695736+02:00
295936931,de:11000:900120005:5:58,-0.9,2026-10-02T01:01:04.695736+02:00
295936931,de:11000:900100004:1:51,-0.4,2026-10-02T01:01:04.695736+02:00
295936931,de:11000:900100003:2:53,-0.4,2026-10-02T01:01:04.695736+02:00
295936931,de:11000:900100002:1:51,-0.4,2026-10-02T01:01:04.695736+02:00
295936931,de:11000:900100001:3:55,-0.4,2026-10-02T01:01:04.695736+02:00
295936931,de:11000:900003201:3:55,-0.1,2026-10-02T01:01:04.695736+02:00
295936931,de:11000:900003102:1:51,-0.8,2026-10-02T01:01:04.695736+02:00
295936931,de:11000:900003103:1:51,-0.9,2026-10-02T01:01:04.695736+02:00
295936931,de:11000:900023201:3:55,-0.8,2026-10-02T01:01:04.695736+02:00
295936931,de:11000:900024203:1:51,-0.8,2026-10-02T01:01:04.695736+02:00
295936931,de:11000:900024101:4:57,-0.8,2026-10-02T01:01:04.695736+02:00
295936931,de:11000:900024102:1:51,-0.1,2026-10-02T01:01:04.695736+02:00
295936930,de:12064:900320001:1:50,0.0,2026-10-02T01:01:04.695736+02:00
295936930,de:12064:900320002:1:50,-0.3,2026-10-02T01:01:04.695736+02:00
295936930,de:12064:900320003:1:50,-0.1,2026-10-02T01:01:04.695736+02:00
295936930,de:12064:900320004:2:51,-0.8,2026-10-02T01:01:04.695736+02:00
295936930,de:12064:900320005:1:50,0.0,2026-10-02T01:01:04.695736+02:00
295936930,de:12064:900320006:1:51,-0.8,2026-10-02T01:01:04.695736+02:00
295936930,de:12064:900320007:1:50,-0.8,2026-10-02T01:01:04.695736+02:00
295936930,de:12064:900320008:1:51,-0.5,2026-10-02T01:01:04.695736+02:00
295936930,de:12064:900320026:1:50,-0.3,2026-10-02T01:01:04.695736+02:00
295936930,de:11000:900176001:1:51,-0.7,2026-10-02T01:01:04.695736+02:00
295936930,de:11000:900175002:1:50,-0.7,2026-10-02T01:01:04.695736+02:00
295936930,de:11000:900175001:1:50,-0.6,2026-10-02T01:01:04.695736+02:00
295936930,de:11000:900171001:1:50,-0.3,2026-10-02T01:01:04.695736+02:00
295936930,de:11000:900171002:1:51,-0.4,2026-10-02T01:01:04.695736+02:00
295936930,de:11000:900160004:1:51,-0.8,2026-10-02T01:01:04.695736+02:00
295936930,de:11000:900160003:1:51,-0.9,2026-10-02T01:01:04.695736+02:00
295936930,de:11000:900120003:3:55,-0.1,2026-10-02T01:01:04.695736+02:00
295936930,de:11000:900120004:2:53,-0.6,2026-10-02T01:01:04.695736+02:00
295936930,de:11000:900120005:5:58,-0.9,2026-10-02T01:01:04.695736+02:00
295936930,de:11000:900100004:1:51,-0.4,2026-10-02T01:01:04.695736+02:00
295936930,de:11000:900100003:2:53,-0.4,2026-10-02T01:01:04.695736+02:00
295936930,de:11000:900100002:1:51,-0.4,2026-10-02T01:01:04.695736+02:00
295936930,de:11000:900100001:3:55,-0.4,2026-10-02T01:01:04.695736+02:00
295936930,de:11000:900003201:3:55,-0.1,2026-10-02T01:01:04.695736+02:00
295936930,de:11000:900003102:1:51,-0.8,2026-10-02T01:01:04.695736+02:00
295936930,de:11000:900003103:1:51,-0.9,2026-10-02T01:01:04.695736+02:00
295936930,de:11000:900023201:3:55,-0.8,2026-10-02T01:01:04.695736+02:00
295936930,de:11000:900024203:1:51,-0.8,2026-10-02T01:01:04.695736+02:00
295936930,de:11000:900024101:4:57,-0.8,2026-10-02T01:01:04.695736+02:00
295936930,de:11000:900024102:1:51,-0.1,2026-10-02T01:01:04.695736+02:00
295936808,de:11000:900024102:2:52,0.0,2026-10-02T01:01:04.695736+02:00
295936808,de:11000:900024101:3:55,-0.8,2026-10-02T01:01:04.695736+02:00
295936808,de:11000:900024203:1:51,-0.8,2026-10-02T01:01:04.695736+02:00
295936808,de:11000:900023201:3:54,-0.7,2026-10-02T01:01:04.695736+02:00
295936808,de:11000:900003103:1:50,-0.8,2026-10-02T01:01:04.695736+02:00
295936808,de:11000:900003102:1:50,-0.9,2026-10-02T01:01:04.695736+02:00
295936808,de:11000:900003201:3:54,-0.5,2026-10-02T01:01:04.695736+02:00
295936808,de:11000:900100001:3:54,-0.1,2026-10-02T01:01:04.695736+02:00
295936808,de:11000:900100002:1:50,-0.4,2026-10-02T01:01:04.695736+02:00
295936808,de:11000:900100003:2:52,-0.1,2026-10-02T01:01:04.695736+02:00
295936808,de:11000:900100004:1:50,-0.4,2026-10-02T01:01:04.695736+02:00
295936808,de:11000:900120005:4:55,-0.6,2026-10-02T01:01:04.695736+02:00
295936808,de:11000:900120004:1:50,-0.1,2026-10-02T01:01:04.695736+02:00
295936808,de:11000:900120003:2:53,-0.4,2026-10-02T01:01:04.695736+02:00
295936808,de:11000:900160003:1:50,-0.7,2026-10-02T01:01:04.695736+02:00
295936808,de:11000:900160004:1:50,-0.7,2026-10-02T01:01:04.695736+02:00
295936808,de:11000:900171002:1:50,-0.2,2026-10-02T01:01:04.695736+02:00
295936808,de:11000:900171001:2:51,-0.3,2026-10-02T01:01:04.695736+02:00
295936808,de:11000:900175001:2:51,-0.5,2026-10-02T01:01:04.695736+02:00
295936808,de:11000:900175002:1:51,0.0,2026-10-02T01:01:04.695736+02:00
295936808,de:11000:900176001:2:52,-0.3,2026-10-02T01:01:04.695736+02:00
295940786,de:11000:900176001:1:50,0.0,2026-10-02T01:01:04.695736+02:00
295940786,de:11000:900175002:1:50,-0.7,2026-10-02T01:01:04.695736+02:00
295940786,de:11000:900175001:1:50,-0.6,2026-10-02T01:01:04.695736+02:00
295940786,de:11000:900171001:1:50,-0.3,2026-10-02T01:01:04.695736+02:00
295940786,de:11000:900171002:1:51,-0.4,2026-10-02T01:01:04.695736+02:00
295940786,de:11000:900160004:1:51,-0.8,2026-10-02T01:01:04.695736+02:00
295940786,de:11000:900160003:1:51,-0.8,2026-10-02T01:01:04.695736+02:00
295940786,de:11000:900120003:3:54,-0.9,2026-10-02T01:01:04.695736+02:00
295940786,de:11000:900120004:2:52,-0.6,2026-10-02T01:01:04.695736+02:00
295940786,de:11000:900120005:5:57,-0.9,2026-10-02T01:01:04.695736+02:00
295940766,de:11000:900120005:4:56,0.0,2026-10-02T01:01:04.695736+02:00
295940766,de:11000:900120004:1:51,-0.1,2026-10-02T01:01:04.695736+02:00
295940766,de:11000:900120003:2:52,-0.4,2026-10-02T01:01:04.695736+02:00
295940766,de:11000:900160003:1:50,-0.7,2026-10-02T01:01:04.695736+02:00
295940766,de:11000:900160004:1:50,-0.7,2026-10-02T01:01:04.695736+02:00
295940766,de:11000:900171002:1:50,-0.2,2026-10-02T01:01:04.695736+02:00
295940766,de:11000:900171001:2:51,-0.3,2026-10-02T01:01:04.695736+02:00
295940766,de:11000:900175001:2:51,-0.5,2026-10-02T01:01:04.695736+02:00
295940766,de:11000:900175002:1:51,0.0,2026-10-02T01:01:04.695736+02:00
295940766,de:11000:900176001:1:50,-0.7,2026-10-02T01:01:04.695736+02:00
295940759,de:11000:900120005:4:56,0.0,2026-10-02T01:01:04.695736+02:00
295940759,de:11000:900120004:1:51,-0.1,2026-10-02T01:01:04.695736+02:00
295940759,de:11000:900120003:2:52,-0.4,2026-10-02T01:01:04.695736+02:00
295940759,de:11000:900160003:1:50,-0.7,2026-10-02T01:01:04.695736+02:00
295940759,de:11000:900160004:1:50,-0.7,2026-10-02T01:01:04.695736+02:00
295940759,de:11000:900171002:1:50,-0.2,2026-10-02T01:01:04.695736+02:00
295940759,de:11000:900171001:2:51,-0.3,2026-10-02T01:01:04.695736+02:00
295940759,de:11000:900175001:2:51,-0.5,2026-10-02T01:01:04.695736+02:00
295940759,de:11000:900175002:1:51,0.0,2026-10-02T01:01:04.695736+02:00
295940759,de:11000:900176001:1:50,-0.7,2026-10-02T01:01:04.695736+02:00
295940754,de:11000:900120005:4:56,0.0,2026-10-02T01:01:04.695736+02:00
295940754,de:11000:900120004:1:51,-0.1,2026-10-02T01:01:04.695736+02:00
295940754,de:11000:900120003:2:52,-0.4,2026-10-02T01:01:04.695736+02:00
295940754,de:11000:900160003:1:50,-0.7,2026-10-02T01:01:04.695736+02:00
295940754,de:11000:900160004:1:50,-0.7,2026-10-02T01:01:04.695736+02:00
295940754,de:11000:900171002:1:50,-0.2,2026-10-02T01:01:04.695736+02:00
295940754,de:11000:900171001:2:51,-0.3,2026-10-02T01:01:04.695736+02:00
295940754,de:11000:900175001:2:51,-0.5,2026-10-02T01:01:04.695736+02:00
295940754,de:11000:900175002:1:51,0.0,2026-10-02T01:01:04.695736+02:00
295940754,de:11000:900176001:2:53,-0.7,2026-10-02T01:01:04.695736+02:00
295942214,de:11000:900120004:1:51,0.0,2026-10-02T01:01:04.695736+02:00
295942214,de:11000:900120003:2:52,-0.9,2026-10-02T01:01:04.695736+02:00
295942214,de:11000:900160003:1:50,-0.7,2026-10-02T01:01:04.695736+02:00
295942214,de:11000:900160004:1:50,-0.7,2026-10-02T01:01:04.695736+02:00
295942214,de:11000:900171002:1:50,-0.2,2026-10-02T01:01:04.695736+02:00
295942214,de:11000:900171001:2:51,-0.3,2026-10-02T01:01:04.695736+02:00
295942214,de:11000:900175001:2:51,-0.5,2026-10-02T01:01:04.695736+02:00
295942214,de:11000:900175002:1:51,0.0,2026-10-02T01:01:04.695736+02:00
295942214,de:11000:900176001:1:50,-0.7,2026-10-02T01:01:04.695736+02:00
295940305,de:11000:900176001:1:50,0.0,2026-10-02T01:01:04.695736+02:00
295940305,de:11000:900175002:1:50,-0.7,2026-10-02T01:01:04.695736+02:00
295940305,de:11000:900175001:1:50,-0.6,2026-10-02T01:01:04.695736+02:00
295940305,de:11000:900171001:1:50,-0.3,2026-10-02T01:01:04.695736+02:00
295940305,de:11000:900171002:1:51,-0.4,2026-10-02T01:01:04.695736+02:00
295940305,de:11000:900160004:1:51,-0.8,2026-10-02T01:01:04.695736+02:00
295940305,de:11000:900160003:1:51,-0.9,2026-10-02T01:01:04.695736+02:00
295940305,de:11000:900120003:3:55,-0.1,2026-10-02T01:01:04.695736+02:00
295940305,de:11000:900120004:2:53,-0.6,2026-10-02T01:01:04.695736+02:00
295940305,de:11000:900120005:5:58,-0.9,2026-10-02T01:01:04.695736+02:00
295940305,de:11000:900100004:1:51,-0.4,2026-10-02T01:01:04.695736+02:00
295940305,de:11000:900100003:2:53,-0.4,2026-10-02T01:01:04.695736+02:00
295940305,de:11000:900100002:1:51,-0.4,2026-10-02T01:01:04.695736+02:00
295940305,de:11000:900100001:3:55,-0.4,2026-10-02T01:01:04.695736+02:00
295940305,de:11000:900003201:3:55,-0.1,2026-10-02T01:01:04.695736+02:00
295940305,de:11000:900003102:1:51,-0.8,2026-10-02T01:01:04.695736+02:00
295940305,de:11000:900003103:1:51,-0.9,2026-10-02T01:01:04.695736+02:00
295940305,de:11000:900023201:3:55,-0.8,2026-10-02T01:01:04.695736+02:00
295940305,de:11000:900024203:1:51,-0.8,2026-10-02T01:01:04.695736+02:00
295940305,de:11000:900024101:4:57,-0.8,2026-10-02T01:01:04.695736+02:00
295940305,de:11000:900024102:1:51,-0.1,2026-10-02T01:01:04.695736+02:00
295940259,de:12064:900320008:1:51,0.0,2026-10-02T01:01:04.695736+02:00
295940259,de:12064:900320026:1:50,-0.3,2026-10-02T01:01:04.695736+02:00
295940259,de:11000:900176001:1:51,-0.7,2026-10-02T01:01:04.695736+02:00
295940259,de:11000:900175002:1:50,-0.7,2026-10-02T01:01:04.695736+02:00
295940259,de:11000:900175001:1:50,-0.6,2026-10-02T01:01:04.695736+02:00
295940259,de:11000:900171001:1:50,-0.3,2026-10-02T01:01:04.695736+02:00
295940259,de:11000:900171002:1:51,-0.4,2026-10-02T01:01:04.695736+02:00
295940259,de:11000:900160004:1:51,-0.8,2026-10-02T01:01:04.695736+02:00
295940259,de:11000:900160003:1:51,-0.9,2026-10-02T01:01:04.695736+02:00
295940259,de:11000:900120003:3:55,-0.1,2026-10-02T01:01:04.695736+02:00
295940259,de:11000:900120004:2:53,-0.6,2026-10-02T01:01:04.695736+02:00
295940259,de:11000:900120005:5:58,-0.9,2026-10-02T01:01:04.695736+02:00
295940259,de:11000:900100004:1:51,-0.4,2026-10-02T01:01:04.695736+02:00
295940259,de:11000:900100003:2:53,-0.4,2026-10-02T01:01:04.695736+02:00
295940259,de:11000:900100002:1:51,-0.4,2026-10-02T01:01:04.695736+02:00
295940259,de:11000:900100001:3:55,-0.4,2026-10-02T01:01:04.695736+02:00
295940259,de:11000:900003201:3:55,-0.1,2026-10-02T01:01:04.695736+02:00
295940259,de:11000:900003102:1:51,-0.8,2026-10-02T01:01:04.695736+02:00
295940259,de:11000:900003103:1:51,-0.9,2026-10-02T01:01:04.695736+02:00
295940259,de:11000:900023201:3:55,-0.8,2026-10-02T01:01:04.695736+02:00
295940259,de:11000:900024203:1:51,-0.8,2026-10-02T01:01:04.695736+02:00
295940259,de:11000:900024101:4:57,-0.8,2026-10-02T01:01:04.695736+02:00
295940259,de:11000:900024102:1:51,-0.1,2026-10-02T01:01:04.695736+02:00
295940241,de:11000:900176001:1:51,0.0,2026-10-02T01:01:04.695736+02:00
295940241,de:11000:900175002:1:50,-0.7,2026-10-02T01:01:04.695736+02:00
295940241,de:11000:900175001:1:50,-0.6,2026-10-02T01:01:04.695736+02:00
295940241,de:11000:900171001:1:50,-0.3,2026-10-02T01:01:04.695736+02:00
295940241,de:11000:900171002:1:51,-0.4,2026-10-02T01:01:04.695736+02:00
295940241,de:11000:900160004:1:51,-0.8,2026-10-02T01:01:04.695736+02:00
295940241,de:11000:900160003:1:51,-0.9,2026-10-02T01:01:04.695736+02:00
295940241,de:11000:900120003:3:55,-0.1,2026-10-02T01:01:04.695736+02:00
295940241,de:11000:900120004:2:53,-0.6,2026-10-02T01:01:04.695736+02:00
295940241,de:11000:900120005:5:57,-0.9,2026-10-02T01:01:04.695736+02:00
306895187,de:12067:900311129::1,0.0,2026-10-02T01:01:04.695736+02:00
306895187,de:12067:900310755::1,0.0,2026-10-02T01:01:04.695736+02:00
306895187,de:12067:900310738::1,0.0,2026-10-02T01:01:04.695736+02:00
306895187,de:12067:900310725::1,0.0,2026-10-02T01:01:04.695736+02:00
306895187,de:12067:900310909::1,0.0,2026-10-02T01:01:04.695736+02:00
306895187,de:12067:900310609::1,0.0,2026-10-02T01:01:04.695736+02:00
306895187,de:12067:900310060::2,0.0,2026-10-02T01:01:04.695736+02:00
306895187,de:12067:900310858::3,0.0,2026-10-02T01:01:04.695736+02:00
306895187,de:12067:900311269::2,0.0,2026-10-02T01:01:04.695736+02:00
306895187,de:12067:900311228::2,0.0,2026-10-02T01:01:04.695736+02:00
306895187,de:12067:900311239::2,0.0,2026-10-02T01:01:04.695736+02:00
306895187,de:12067:900311227::1,0.0,2026-10-02T01:01:04.695736+02:00
306895187,de:12067:900311402::1,0.0,2026-10-02T01:01:04.695736+02:00
306895187,de:12067:900311311::2,0.0,2026-10-02T01:01:04.695736+02:00
306895187,de:12067:900311312::2,0.0,2026-10-02T01:01:04.695736+02:00
306895187,de:12067:900311383::3,0.0,2026-10-02T01:01:04.695736+02:00
306895187,de:12067:900311315::2,0.0,2026-10-02T01:01:04.695736+02:00
306895187,de:12067:900311348::2,0.0,2026-10-02T01:01:04.695736+02:00
306895187,de:12067:900311308::4,0.0,2026-10-02T01:01:04.695736+02:00
306895213,de:12067:900311308::5,0.0,2026-10-02T01:01:04.695736+02:00
306895213,de:12067:900311380::1,0.0,2026-10-02T01:01:04.695736+02:00
306895213,de:12067:900311348::1,0.0,2026-10-02T01:01:04.695736+02:00
306895213,de:12067:900311315::1,0.0,2026-10-02T01:01:04.695736+02:00
306895213,de:12067:900311383::3,0.0,2026-10-02T01:01:04.695736+02:00
306895213,de:12067:900311312::1,0.0,2026-10-02T01:01:04.695736+02:00
306895213,de:12067:900311311::1,0.0,2026-10-02T01:01:04.695736+02:00
306895213,de:12067:900311402::2,0.0,2026-10-02T01:01:04.695736+02:00
306895213,de:12067:900311227::2,0.0,2026-10-02T01:01:04.695736+02:00
306895213,de:12067:900311239::1,0.0,2026-10-02T01:01:04.695736+02:00
306895213,de:12067:900311228::1,0.0,2026-10-02T01:01:04.695736+02:00
306895213,de:12067:900311269::1,0.0,2026-10-02T01:01:04.695736+02:00
306895213,de:12067:900310858::1,0.0,2026-10-02T01:01:04.695736+02:00
306895213,de:12067:900310060::1,0.0,2026-10-02T01:01:04.695736+02:00
306895213,de:12067:900310609::1,0.0,2026-10-02T01:01:04.695736+02:00
306895213,de:12067:900310909::1,0.0,2026-10-02T01:01:04.695736+02:00
306895213,de:12067:900310725::2,0.0,2026-10-02T01:01:04.695736+02:00
306895213,de:12067:900310738::2,0.0,2026-10-02T01:01:04.695736+02:00
306895213,de:12067:900310639::1,0.0,2026-10-02T01:01:04.695736+02:00
306895213,de:12067:900310626::1,0.0,2026-10-02T01:01:04.695736+02:00
306895213,de:12067:900311129::6,0.0,2026-10-02T01:01:04.695736+02:00
306895214,de:12067:900311308::5,0.0,2026-10-02T01:01:04.695736+02:00
306895214,de:12067:900311380::1,0.0,2026-10-02T01:01:04.695736+02:00
306895214,de:12067:900311348::1,0.0,2026-10-02T01:01:04.695736+02:00
306895214,de:12067:900311315::1,0.0,2026-10-02T01:01:04.695736+02:00
306895214,de:12067:900311383::3,0.0,2026-10-02T01:01:04.695736+02:00
306895214,de:12067:900311312::1,0.0,2026-10-02T01:01:04.695736+02:00
306895214,de:12067:900311311::1,0.0,2026-10-02T01:01:04.695736+02:00
306895214,de:12067:900311402::2,0.0,2026-10-02T01:01:04.695736+02:00
306895214,de:12067:900311227::2,0.0,2026-10-02T01:01:04.695736+02:00
306895214,de:12067:900311239::1,0.0,2026-10-02T01:01:04.695736+02:00
306895214,de:12067:900311228::1,0.0,2026-10-02T01:01:04.695736+02:00
306895214,de:12067:900311269::1,0.0,2026-10-02T01:01:04.695736+02:00
306895214,de:12067:900310858::1,0.0,2026-10-02T01:01:04.695736+02:00
306895214,de:12067:900310060::1,0.0,2026-10-02T01:01:04.695736+02:00
306895214,de:12067:900310609::1,0.0,2026-10-02T01:01:04.695736+02:00
306895214,de:12067:900310909::1,0.0,2026-10-02T01:01:04.695736+02:00
306895214,de:12067:900310725::2,0.0,2026-10-02T01:01:04.695736+02:00
306895214,de:12067:900310738::2,0.0,2026-10-02T01:01:04.695736+02:00
306895214,de:12067:900310639::1,0.0,2026-10-02T01:01:04.695736+02:00
306895214,de:12067:900310626::1,0.0,2026-10-02T01:01:04.695736+02:00
306895214,de:12067:900311129::6,0.0,2026-10-02T01:01:04.695736+02:00
295946307,de:11000:900170004:1:50,0.0,2026-10-02T01:01:04.695736+02:00
295946307,de:11000:900170003:1:51,-0.3,2026-10-02T01:01:04.695736+02:00
295946307,de:11000:900170002:1:51,-0.1,2026-10-02T01:01:04.695736+02:00
295946307,de:11000:900170001:1:51,-0.9,2026-10-02T01:01:04.695736+02:00
295946307,de:11000:900170005:1:51,-0.7,2026-10-02T01:01:04.695736+02:00
295946307,de:11000:900171003:1:51,-0.6,2026-10-02T01:01:04.695736+02:00
295946307,de:11000:900171002:1:51,-0.9,2026-10-02T01:01:04.695736+02:00
295946307,de:11000:900160004:1:51,-0.3,2026-10-02T01:01:04.695736+02:00
295946307,de:11000:900160003:1:51,-0.4,2026-10-02T01:01:04.695736+02:00
295946307,de:11000:900120003:3:55,-0.6,2026-10-02T01:01:04.695736+02:00
295946307,de:11000:900120004:2:53,-0.1,2026-10-02T01:01:04.695736+02:00
295946307,de:11000:900120005:5:58,-0.4,2026-10-02T01:01:04.695736+02:00
295946307,de:11000:900100004:1:51,-0.9,2026-10-02T01:01:04.695736+02:00
295946307,de:11000:900100003:2:53,-0.9,2026-10-02T01:01:04.695736+02:00
295946307,de:11000:900100002:1:51,-0.9,2026-10-02T01:01:04.695736+02:00
295946307,de:11000:900100001:3:55,-0.9,2026-10-02T01:01:04.695736+02:00
295946307,de:11000:900003201:3:55,-0.6,2026-10-02T01:01:04.695736+02:00
295946307,de:11000:900003102:1:51,-0.3,2026-10-02T01:01:04.695736+02:00
295946307,de:11000:900003103:1:51,-0.4,2026-10-02T01:01:04.695736+02:00
295946307,de:11000:900023201:3:55,-0.3,2026-10-02T01:01:04.695736+02:00
295946307,de:11000:900024203:1:51,-0.3,2026-10-02T01:01:04.695736+02:00
295946307,de:11000:900024101:4:57,-0.3,2026-10-02T01:01:04.695736+02:00
295946307,de:11000:900024102:1:50,-0.6,2026-10-02T01:01:04.695736+02:00
295946307,de:11000:900048101:1:50,-0.8,2026-10-02T01:01:04.695736+02:00
295946307,de:11000:900052201:2:52,0.0,2026-10-02T01:01:04.695736+02:00
295946307,de:11000:900053301:1:50,-0.4,2026-10-02T01:01:04.695736+02:00
295946307,de:12054:900230003:1:50,-0.4,2026-10-02T01:01:04.695736+02:00
295946307,de:12054:900230000:1:51,-0.4,2026-10-02T01:01:04.695736+02:00
295946307,de:12054:900230999:3:55,-0.9,2026-10-02T01:01:04.695736+02:00
295953492,de:11000:900120004:1:51,0.0,2026-10-02T01:01:04.695736+02:00
295953492,de:11000:900120003:2:52,-0.9,2026-10-02T01:01:04.695736+02:00
295953492,de:11000:900160003:1:50,-0.2,2026-10-02T01:01:04.695736+02:00
295953492,de:11000:900160004:1:50,-0.2,2026-10-02T01:01:04.695736+02:00
295953492,de:11000:900171002:1:50,-0.7,2026-10-02T01:01:04.695736+02:00
295953492,de:11000:900171003:1:50,-0.8,2026-10-02T01:01:04.695736+02:00
295953492,de:11000:900152002:1:50,-0.4,2026-10-02T01:01:04.695736+02:00
295953492,de:11000:900152001:1:50,-0.6,2026-10-02T01:01:04.695736+02:00
295953492,de:11000:900151001:1:51,-0.9,2026-10-02T01:01:04.695736+02:00
295953582,de:11000:900151001:1:51,0.0,2026-10-02T01:01:04.695736+02:00
295953582,de:11000:900152001:1:51,-0.6,2026-10-02T01:01:04.695736+02:00
295953582,de:11000:900152002:1:51,-0.2,2026-10-02T01:01:04.695736+02:00
295953582,de:11000:900171003:1:51,-0.9,2026-10-02T01:01:04.695736+02:00
295953582,de:11000:900171002:1:51,-0.9,2026-10-02T01:01:04.695736+02:00
295953582,de:11000:900160004:1:51,-0.3,2026-10-02T01:01:04.695736+02:00
295953582,de:11000:900160003:1:51,-0.4,2026-10-02T01:01:04.695736+02:00
295953582,de:11000:900120003:3:54,-0.6,2026-10-02T01:01:04.695736+02:00
295953582,de:11000:900120004:2:52,-0.1,2026-10-02T01:01:04.695736+02:00
295949472,de:12054:900230999:3:55,0.0,2026-10-02T01:01:04.695736+02:00
295949472,de:12054:900230000:1:50,-0.3,2026-10-02T01:01:04.695736+02:00
295949472,de:12054:900230003:1:54,-0.3,2026-10-02T01:01:04.695736+02:00
295949472,de:11000:900053301:2:53,-0.4,2026-10-02T01:01:04.695736+02:00
295949472,de:11000:900052201:2:53,-0.7,2026-10-02T01:01:04.695736+02:00
295949472,de:11000:900048101:2:53,-0.9,2026-10-02T01:01:04.695736+02:00
295949472,de:11000:900024102:2:53,-0.9,2026-10-02T01:01:04.695736+02:00
295949472,de:11000:900024101:3:55,-0.3,2026-10-02T01:01:04.695736+02:00
295949472,de:11000:900024203:1:51,-0.3,2026-10-02T01:01:04.695736+02:00
295949472,de:11000:900023201:3:54,-0.2,2026-10-02T01:01:04.695736+02:00
295949472,de:11000:900003103:1:50,-0.3,2026-10-02T01:01:04.695736+02:00
295949472,de:11000:900003102:1:50,-0.4,2026-10-02T01:01:04.695736+02:00
295949472,de:11000:900003201:3:54,0.0,2026-10-02T01:01:04.695736+02:00
295949472,de:11000:900100001:3:54,-0.6,2026-10-02T01:01:04.695736+02:00
295949472,de:11000:900100002:1:50,-0.9,2026-10-02T01:01:04.695736+02:00
295949472,de:11000:900100003:2:52,-0.6,2026-10-02T01:01:04.695736+02:00
295949472,de:11000:900100004:1:50,-0.9,2026-10-02T01:01:04.695736+02:00
295949472,de:11000:900120005:4:55,-0.1,2026-10-02T01:01:04.695736+02:00
295949472,de:11000:900120004:1:50,-0.6,2026-10-02T01:01:04.695736+02:00
295949472,de:11000:900120003:2:53,-0.9,2026-10-02T01:01:04.695736+02:00
295949472,de:11000:900160003:1:50,-0.2,2026-10-02T01:01:04.695736+02:00
295949472,de:11000:900160004:1:50,-0.2,2026-10-02T01:01:04.695736+02:00
295949472,de:11000:900171002:1:50,-0.7,2026-10-02T01:01:04.695736+02:00
295949472,de:11000:900171003:1:50,-0.8,2026-10-02T01:01:04.695736+02:00
295949472,de:11000:900170005:1:50,-0.3,2026-10-02T01:01:04.695736+02:00
295949472,de:11000:900170001:1:50,-0.1,2026-10-02T01:01:04.695736+02:00
295949472,de:11000:900170002:1:50,-0.9,2026-10-02T01:01:04.695736+02:00
295949472,de:11000:900170003:1:50,-0.7,2026-10-02T01:01:04.695736+02:00
295949472,de:11000:900170004:2:52,-0.9,2026-10-02T01:01:04.695736+02:00
295949469,de:12054:900230999:3:55,0.0,2026-10-02T01:01:04.695736+02:00
295949469,de:12054:900230000:1:50,-0.3,2026-10-02T01:01:04.695736+02:00
295949469,de:12054:900230003:1:54,-0.3,2026-10-02T01:01:04.695736+02:00
295949469,de:11000:900053301:2:53,-0.4,2026-10-02T01:01:04.695736+02:00
295949469,de:11000:900052201:2:53,-0.7,2026-10-02T01:01:04.695736+02:00
295949469,de:11000:900048101:2:53,-0.9,2026-10-02T01:01:04.695736+02:00
295949469,de:11000:900024102:2:53,-0.9,2026-10-02T01:01:04.695736+02:00
295949469,de:11000:900024101:3:55,-0.3,2026-10-02T01:01:04.695736+02:00
295949469,de:11000:900024203:1:51,-0.3,2026-10-02T01:01:04.695736+02:00
295949469,de:11000:900023201:3:54,-0.2,2026-10-02T01:01:04.695736+02:00
295949469,de:11000:900003103:1:50,-0.3,2026-10-02T01:01:04.695736+02:00
295949469,de:11000:900003102:1:50,-0.4,2026-10-02T01:01:04.695736+02:00
295949469,de:11000:900003201:3:54,0.0,2026-10-02T01:01:04.695736+02:00
295949469,de:11000:900100001:3:54,-0.6,2026-10-02T01:01:04.695736+02:00
295949469,de:11000:900100002:1:50,-0.9,2026-10-02T01:01:04.695736+02:00
295949469,de:11000:900100003:2:52,-0.6,2026-10-02T01:01:04.695736+02:00
295949469,de:11000:900100004:1:50,-0.9,2026-10-02T01:01:04.695736+02:00
295949469,de:11000:900120005:4:55,-0.1,2026-10-02T01:01:04.695736+02:00
295949469,de:11000:900120004:1:50,-0.6,2026-10-02T01:01:04.695736+02:00
295949469,de:11000:900120003:2:53,-0.9,2026-10-02T01:01:04.695736+02:00
295949469,de:11000:900160003:1:50,-0.2,2026-10-02T01:01:04.695736+02:00
295949469,de:11000:900160004:1:50,-0.2,2026-10-02T01:01:04.695736+02:00
295949469,de:11000:900171002:1:50,-0.7,2026-10-02T01:01:04.695736+02:00
295949469,de:11000:900171003:1:50,-0.8,2026-10-02T01:01:04.695736+02:00
295949469,de:11000:900170005:1:50,-0.3,2026-10-02T01:01:04.695736+02:00
295949469,de:11000:900170001:1:50,-0.1,2026-10-02T01:01:04.695736+02:00
295949469,de:11000:900170002:1:50,-0.9,2026-10-02T01:01:04.695736+02:00
295949469,de:11000:900170003:1:50,-0.7,2026-10-02T01:01:04.695736+02:00
295949469,de:11000:900170004:2:52,-0.9,2026-10-02T01:01:04.695736+02:00
295956098,de:11000:900151001:1:50,0.0,2026-10-02T01:01:04.695736+02:00
295956098,de:11000:900152001:1:51,-0.6,2026-10-02T01:01:04.695736+02:00
295956098,de:11000:900152002:1:51,-0.2,2026-10-02T01:01:04.695736+02:00
295956098,de:11000:900171003:1:51,-0.9,2026-10-02T01:01:04.695736+02:00
295956098,de:11000:900171002:1:51,-0.9,2026-10-02T01:01:04.695736+02:00
295956098,de:11000:900160004:1:51,-0.3,2026-10-02T01:01:04.695736+02:00
295956098,de:11000:900160003:1:51,-0.4,2026-10-02T01:01:04.695736+02:00
295956098,de:11000:900120003:3:54,-0.6,2026-10-02T01:01:04.695736+02:00
295956098,de:11000:900120004:2:52,-0.1,2026-10-02T01:01:04.695736+02:00
295955995,de:11000:900120004:1:51,0.0,2026-10-02T01:01:04.695736+02:00
295955995,de:11000:900120003:2:53,-0.9,2026-10-02T01:01:04.695736+02:00
295955995,de:11000:900160003:1:50,-0.2,2026-10-02T01:01:04.695736+02:00
295955995,de:11000:900160004:1:50,-0.2,2026-10-02T01:01:04.695736+02:00
295955995,de:11000:900171002:1:50,-0.7,2026-10-02T01:01:04.695736+02:00
295955995,de:11000:900171003:1:50,-0.8,2026-10-02T01:01:04.695736+02:00
295955995,de:11000:900152002:1:50,-0.4,2026-10-02T01:01:04.695736+02:00
295955995,de:11000:900152001:1:50,-0.6,2026-10-02T01:01:04.695736+02:00
295955995,de:11000:900151001:1:50,-0.9,2026-10-02T01:01:04.695736+02:00
295956027,de:11000:900120004:1:51,0.0,2026-10-02T01:01:04.695736+02:00
295956027,de:11000:900120003:2:52,-0.9,2026-10-02T01:01:04.695736+02:00
295956027,de:11000:900160003:1:50,-0.2,2026-10-02T01:01:04.695736+02:00
295956027,de:11000:900160004:1:50,-0.2,2026-10-02T01:01:04.695736+02:00
295956027,de:11000:900171002:1:50,-0.7,2026-10-02T01:01:04.695736+02:00
295956027,de:11000:900171003:1:50,-0.8,2026-10-02T01:01:04.695736+02:00
295956027,de:11000:900152002:1:50,-0.4,2026-10-02T01:01:04.695736+02:00
295956027,de:11000:900152001:1:50,-0.6,2026-10-02T01:01:04.695736+02:00
295956027,de:11000:900151001:1:50,-0.9,2026-10-02T01:01:04.695736+02:00
295956060,de:11000:900151001:1:50,0.0,2026-10-02T01:01:04.695736+02:00
295956060,de:11000:900152001:1:51,-0.6,2026-10-02T01:01:04.695736+02:00
295956060,de:11000:900152002:1:51,-0.2,2026-10-02T01:01:04.695736+02:00
295956060,de:11000:900171003:1:51,-0.9,2026-10-02T01:01:04.695736+02:00
295956060,de:11000:900171002:1:51,-0.9,2026-10-02T01:01:04.695736+02:00
295956060,de:11000:900160004:1:51,-0.3,2026-10-02T01:01:04.695736+02:00
295956060,de:11000:900160003:1:51,-0.4,2026-10-02T01:01:04.695736+02:00
295956060,de:11000:900120003:3:54,-0.6,2026-10-02T01:01:04.695736+02:00
295956060,de:11000:900120004:2:52,-0.1,2026-10-02T01:01:04.695736+02:00
307436879,de:12061:900261512:2:52,0.0,2026-10-02T01:01:04.695736+02:00
307436879,de:12066:900435602:2:51,0.0,2026-10-02T01:01:04.695736+02:00
307436879,de:12066:900435459:2:52,0.0,2026-10-02T01:01:04.695736+02:00
307436879,de:12066:900435818:1:50,0.0,2026-10-02T01:01:04.695736+02:00
307436879,de:12066:900435209:1:50,0.0,2026-10-02T01:01:04.695736+02:00
307436879,de:12066:900435339:1:50,0.0,2026-10-02T01:01:04.695736+02:00
307436879,de:12066:900435001:3:53,0.0,2026-10-02T01:01:04.695736+02:00
307436879,de:12066:900435000:2:53,0.0,2026-10-02T01:01:04.695736+02:00
307436022,de:12066:900435000:2:53,0.0,2026-10-02T01:01:04.695736+02:00
307436022,de:12066:900435001:2:51,0.0,2026-10-02T01:01:04.695736+02:00
307436022,de:12066:900435339:1:50,0.0,2026-10-02T01:01:04.695736+02:00
307436022,de:12066:900435209:1:50,0.0,2026-10-02T01:01:04.695736+02:00
307436022,de:12066:900435818:1:50,0.0,2026-10-02T01:01:04.695736+02:00
307436022,de:12066:900435459:1:50,0.0,2026-10-02T01:01:04.695736+02:00
307436022,de:12066:900435602:2:51,0.0,2026-10-02T01:01:04.695736+02:00
307436022,de:12061:900261512:2:52,0.0,2026-10-02T01:01:04.695736+02:00
306897078,de:12067:900310009::1,0.0,2026-10-02T01:01:04.695736+02:00
306897078,de:12067:900310007::2,0.0,2026-10-02T01:01:04.695736+02:00
306897078,de:12067:900310876::1,0.0,2026-10-02T01:01:04.695736+02:00
306897078,de:12067:900310007::1,0.0,2026-10-02T01:01:04.695736+02:00
306897078,de:12067:900310735::1,0.0,2026-10-02T01:01:04.695736+02:00
306897078,de:12067:900311270::1,0.0,2026-10-02T01:01:04.695736+02:00
306897078,de:12067:900311484::1,0.0,2026-10-02T01:01:04.695736+02:00
306897078,de:12067:900311485::1,0.0,2026-10-02T01:01:04.695736+02:00
306897078,de:12067:900311482::1,0.0,2026-10-02T01:01:04.695736+02:00
306897078,de:12067:900311489::1,0.0,2026-10-02T01:01:04.695736+02:00
306897078,de:12067:900311480::1,0.0,2026-10-02T01:01:04.695736+02:00
306897078,de:12067:900311222::1,0.0,2026-10-02T01:01:04.695736+02:00
306897078,de:12067:900311223::1,0.0,2026-10-02T01:01:04.695736+02:00
306897078,de:12067:900310957::1,0.0,2026-10-02T01:01:04.695736+02:00
306897078,de:12067:900310958::1,0.0,2026-10-02T01:01:04.695736+02:00
306897078,de:12067:900310988::2,0.0,2026-10-02T01:01:04.695736+02:00
306897078,de:12067:900310638::2,0.0,2026-10-02T01:01:04.695736+02:00
306897078,de:12067:900310834::1,0.0,2026-10-02T01:01:04.695736+02:00
295960001,de:12065:900200008:1:51,0.0,2026-10-02T01:01:04.695736+02:00
295960001,de:12065:900200009:1:51,-0.7,2026-10-02T01:01:04.695736+02:00
295960001,de:12065:900200011:1:51,-0.3,2026-10-02T01:01:04.695736+02:00
295960001,de:12065:900200012:1:51,-0.8,2026-10-02T01:01:04.695736+02:00
295960001,de:12065:900200013:1:50,-0.4,2026-10-02T01:01:04.695736+02:00
295960001,de:11000:900142001:1:51,-0.7,2026-10-02T01:01:04.695736+02:00
295960001,de:11000:900130001:1:51,-0.2,2026-10-02T01:01:04.695736+02:00
295960001,de:11000:900130002:1:51,-0.7,2026-10-02T01:01:04.695736+02:00
295960001,de:11000:900110011:1:51,-0.2,2026-10-02T01:01:04.695736+02:00
295960001,de:11000:900110001:1:50,-0.2,2026-10-02T01:01:04.695736+02:00
295960001,de:11000:900110002:1:50,-0.9,2026-10-02T01:01:04.695736+02:00
295960001,de:11000:900110003:1:50,-0.9,2026-10-02T01:01:04.695736+02:00
295960001,de:11000:900110004:1:50,-0.3,2026-10-02T01:01:04.695736+02:00
295960001,de:11000:900110012:1:50,-0.2,2026-10-02T01:01:04.695736+02:00
295960001,de:11000:900120001:1:50,-0.2,2026-10-02T01:01:04.695736+02:00
295960001,de:11000:900120003:5:58,-0.6,2026-10-02T01:01:04.695736+02:00
295960001,de:11000:900190001:1:50,-0.1,2026-10-02T01:01:04.695736+02:00
295960001,de:11000:900191002:1:50,0.0,2026-10-02T01:01:04.695736+02:00
295960001,de:11000:900191001:2:52,-0.4,2026-10-02T01:01:04.695736+02:00
295960001,de:11000:900192001:2:52,-0.2,2026-10-02T01:01:04.695736+02:00
295960001,de:11000:900193001:1:50,-0.7,2026-10-02T01:01:04.695736+02:00
295960001,de:11000:900193002:1:50,-0.3,2026-10-02T01:01:04.695736+02:00
295960001,de:11000:900186001:1:50,-0.3,2026-10-02T01:01:04.695736+02:00
295960001,de:12061:900260004:1:50,-0.7,2026-10-02T01:01:04.695736+02:00
295960001,de:12061:900260003:1:50,-0.9,2026-10-02T01:01:04.695736+02:00
295960001,de:12061:900260002:1:50,-0.9,2026-10-02T01:01:04.695736+02:00
295960136,de:12061:900260002:1:50,0.0,2026-10-02T01:01:04.695736+02:00
295960136,de:12061:900260003:1:51,-0.7,2026-10-02T01:01:04.695736+02:00
295960136,de:12061:900260004:1:51,-0.9,2026-10-02T01:01:04.695736+02:00
295960136,de:11000:900186001:2:53,-0.2,2026-10-02T01:01:04.695736+02:00
295960136,de:11000:900193002:1:51,-0.2,2026-10-02T01:01:04.695736+02:00
295960136,de:11000:900193001:2:51,-0.8,2026-10-02T01:01:04.695736+02:00
295960136,de:11000:900192001:3:55,-0.7,2026-10-02T01:01:04.695736+02:00
295960136,de:11000:900191001:1:50,-0.4,2026-10-02T01:01:04.695736+02:00
295960136,de:11000:900191002:1:51,-0.8,2026-10-02T01:01:04.695736+02:00
295960136,de:11000:900190001:2:53,-0.6,2026-10-02T01:01:04.695736+02:00
295960136,de:11000:900120003:5:59,0.0,2026-10-02T01:01:04.695736+02:00
295960136,de:11000:900120001:1:51,-0.6,2026-10-02T01:01:04.695736+02:00
295960136,de:11000:900110012:1:51,-0.8,2026-10-02T01:01:04.695736+02:00
295960136,de:11000:900110004:1:51,-0.7,2026-10-02T01:01:04.695736+02:00
295960136,de:11000:900110003:1:51,0.0,2026-10-02T01:01:04.695736+02:00
295960136,de:11000:900110002:1:51,0.0,2026-10-02T01:01:04.695736+02:00
295960136,de:11000:900110001:1:51,-0.7,2026-10-02T01:01:04.695736+02:00
295960136,de:11000:900110011:2:52,-0.4,2026-10-02T01:01:04.695736+02:00
295960136,de:11000:900130002:1:50,0.0,2026-10-02T01:01:04.695736+02:00
295960136,de:11000:900130001:1:50,-0.7,2026-10-02T01:01:04.695736+02:00
295960136,de:11000:900142001:1:50,-0.2,2026-10-02T01:01:04.695736+02:00
295960136,de:12065:900200013:1:50,-0.3,2026-10-02T01:01:04.695736+02:00
295960136,de:12065:900200012:1:50,-0.9,2026-10-02T01:01:04.695736+02:00
295960136,de:12065:900200011:1:50,-0.4,2026-10-02T01:01:04.695736+02:00
295960136,de:12065:900200009:1:50,-0.9,2026-10-02T01:01:04.695736+02:00
295960136,de:12065:900200008:1:50,-0.9,2026-10-02T01:01:04.695736+02:00
295963630,de:11000:900192001:2:53,0.0,2026-10-02T01:01:04.695736+02:00
295963630,de:11000:900193001:1:50,-0.7,2026-10-02T01:01:04.695736+02:00
295963630,de:11000:900193002:1:50,-0.3,2026-10-02T01:01:04.695736+02:00
295963630,de:11000:900195510:1:51,-0.7,2026-10-02T01:01:04.695736+02:00
295963630,de:11000:900196001:1:50,-0.9,2026-10-02T01:01:04.695736+02:00
295963630,de:12061:900260005:3:54,-0.7,2026-10-02T01:01:04.695736+02:00
295963630,de:12061:900260080:1:50,0.0,2026-10-02T01:01:04.695736+02:00
295963630,de:12061:900260009:3:56,-0.2,2026-10-02T01:01:04.695736+02:00
295963622,de:11000:900092201:1:51,0.0,2026-10-02T01:01:04.695736+02:00
295963622,de:11000:900093201:1:51,-0.4,2026-10-02T01:01:04.695736+02:00
295963622,de:11000:900094101:1:51,-0.3,2026-10-02T01:01:04.695736+02:00
295963622,de:11000:900096101:1:51,-0.1,2026-10-02T01:01:04.695736+02:00
295963622,de:11000:900084101:1:51,-0.2,2026-10-02T01:01:04.695736+02:00
295963622,de:11000:900085201:1:51,-0.8,2026-10-02T01:01:04.695736+02:00
295963622,de:11000:900130003:1:51,-0.8,2026-10-02T01:01:04.695736+02:00
295963622,de:11000:900110011:1:50,-0.9,2026-10-02T01:01:04.695736+02:00
295963622,de:11000:900110001:1:50,-0.2,2026-10-02T01:01:04.695736+02:00
295963622,de:11000:900110002:1:50,-0.9,2026-10-02T01:01:04.695736+02:00
295963622,de:11000:900110003:1:50,-0.9,2026-10-02T01:01:04.695736+02:00
295963622,de:11000:900110004:1:50,-0.3,2026-10-02T01:01:04.695736+02:00
295963622,de:11000:900110012:1:50,-0.2,2026-10-02T01:01:04.695736+02:00
295963622,de:11000:900120001:1:50,-0.2,2026-10-02T01:01:04.695736+02:00
295963622,de:11000:900120003:5:58,-0.6,2026-10-02T01:01:04.695736+02:00
295963622,de:11000:900190001:1:51,-0.1,2026-10-02T01:01:04.695736+02:00
295963622,de:11000:900191002:1:50,0.0,2026-10-02T01:01:04.695736+02:00
295963622,de:11000:900191001:2:52,-0.4,2026-10-02T01:01:04.695736+02:00
295963622,de:11000:900192001:2:52,-0.2,2026-10-02T01:01:04.695736+02:00
295963622,de:11000:900193001:1:50,-0.7,2026-10-02T01:01:04.695736+02:00
295963622,de:11000:900193002:1:50,-0.3,2026-10-02T01:01:04.695736+02:00
295963622,de:11000:900195510:1:51,-0.7,2026-10-02T01:01:04.695736+02:00
295963622,de:11000:900196001:1:50,-0.9,2026-10-02T01:01:04.695736+02:00
295963622,de:12061:900260005:3:54,-0.7,2026-10-02T01:01:04.695736+02:00
295963622,de:12061:900260080:1:50,0.0,2026-10-02T01:01:04.695736+02:00
295963622,de:12061:900260009:3:56,-0.2,2026-10-02T01:01:04.695736+02:00
295963617,de:11000:900092201:1:51,0.0,2026-10-02T01:01:04.695736+02:00
295963617,de:11000:900093201:1:51,-0.4,2026-10-02T01:01:04.695736+02:00
295963617,de:11000:900094101:1:51,-0.3,2026-10-02T01:01:04.695736+02:00
295963617,de:11000:900096101:1:51,-0.1,2026-10-02T01:01:04.695736+02:00
295963617,de:11000:900084101:1:51,-0.2,2026-10-02T01:01:04.695736+02:00
295963617,de:11000:900085201:1:51,-0.8,2026-10-02T01:01:04.695736+02:00
295963617,de:11000:900130003:1:51,-0.8,2026-10-02T01:01:04.695736+02:00
295963617,de:11000:900110011:1:50,-0.9,2026-10-02T01:01:04.695736+02:00
295963617,de:11000:900110001:1:50,-0.2,2026-10-02T01:01:04.695736+02:00
295963617,de:11000:900110002:1:50,-0.9,2026-10-02T01:01:04.695736+02:00
295963617,de:11000:900110003:1:50,-0.9,2026-10-02T01:01:04.695736+02:00
295963617,de:11000:900110004:1:50,-0.3,2026-10-02T01:01:04.695736+02:00
295963617,de:11000:900110012:1:50,-0.2,2026-10-02T01:01:04.695736+02:00
295963617,de:11000:900120001:1:50,-0.2,2026-10-02T01:01:04.695736+02:00
295963617,de:11000:900120003:5:58,-0.6,2026-10-02T01:01:04.695736+02:00
295963617,de:11000:900190001:1:51,-0.1,2026-10-02T01:01:04.695736+02:00
295963617,de:11000:900191002:1:50,0.0,2026-10-02T01:01:04.695736+02:00
295963617,de:11000:900191001:2:52,-0.4,2026-10-02T01:01:04.695736+02:00
295963617,de:11000:900192001:2:52,-0.2,2026-10-02T01:01:04.695736+02:00
295963617,de:11000:900193001:1:50,-0.7,2026-10-02T01:01:04.695736+02:00
295963617,de:11000:900193002:1:50,-0.3,2026-10-02T01:01:04.695736+02:00
295963617,de:11000:900195510:1:51,-0.7,2026-10-02T01:01:04.695736+02:00
295963617,de:11000:900196001:1:50,-0.9,2026-10-02T01:01:04.695736+02:00
295963617,de:12061:900260005:3:54,-0.7,2026-10-02T01:01:04.695736+02:00
295963617,de:12061:900260080:1:50,0.0,2026-10-02T01:01:04.695736+02:00
295963617,de:12061:900260009:3:56,-0.2,2026-10-02T01:01:04.695736+02:00
295963741,de:12061:900260009:3:56,0.0,2026-10-02T01:01:04.695736+02:00
295963741,de:12061:900260080:1:51,-0.7,2026-10-02T01:01:04.695736+02:00
295963741,de:12061:900260005:3:55,0.0,2026-10-02T01:01:04.695736+02:00
295963741,de:11000:900196001:1:51,0.0,2026-10-02T01:01:04.695736+02:00
295963741,de:11000:900195510:1:50,-0.4,2026-10-02T01:01:04.695736+02:00
295963741,de:11000:900193002:1:51,-0.6,2026-10-02T01:01:04.695736+02:00
295963741,de:11000:900193001:2:51,-0.3,2026-10-02T01:01:04.695736+02:00
295963741,de:11000:900192001:3:55,-0.2,2026-10-02T01:01:04.695736+02:00
295963741,de:11000:900191001:1:50,-0.9,2026-10-02T01:01:04.695736+02:00
295963741,de:11000:900191002:1:51,-0.3,2026-10-02T01:01:04.695736+02:00
295963741,de:11000:900190001:2:53,-0.1,2026-10-02T01:01:04.695736+02:00
295963741,de:11000:900120003:5:59,-0.3,2026-10-02T01:01:04.695736+02:00
295963741,de:11000:900120001:1:51,-0.6,2026-10-02T01:01:04.695736+02:00
295963741,de:11000:900110012:1:51,-0.8,2026-10-02T01:01:04.695736+02:00
295963741,de:11000:900110004:1:51,-0.7,2026-10-02T01:01:04.695736+02:00
295963741,de:11000:900110003:1:51,0.0,2026-10-02T01:01:04.695736+02:00
295963741,de:11000:900110002:1:51,0.0,2026-10-02T01:01:04.695736+02:00
295963741,de:11000:900110001:1:51,-0.7,2026-10-02T01:01:04.695736+02:00
295963741,de:11000:900110011:2:53,-0.4,2026-10-02T01:01:04.695736+02:00
295963741,de:11000:900085201:1:50,-0.8,2026-10-02T01:01:04.695736+02:00
295963741,de:11000:900084101:1:50,-0.7,2026-10-02T01:01:04.695736+02:00
295963741,de:11000:900096101:1:50,-0.8,2026-10-02T01:01:04.695736+02:00
295963741,de:11000:900094101:1:50,-0.3,2026-10-02T01:01:04.695736+02:00
295963741,de:11000:900093201:1:50,-0.4,2026-10-02T01:01:04.695736+02:00
295963741,de:11000:900092201:1:51,-0.2,2026-10-02T01:01:04.695736+02:00
295963600,de:11000:900092201:1:51,0.0,2026-10-02T01:01:04.695736+02:00
295963600,de:11000:900093201:1:51,-0.4,2026-10-02T01:01:04.695736+02:00
295963600,de:11000:900094101:1:51,-0.3,2026-10-02T01:01:04.695736+02:00
295963600,de:11000:900096101:1:51,-0.1,2026-10-02T01:01:04.695736+02:00
295963600,de:11000:900084101:1:51,-0.2,2026-10-02T01:01:04.695736+02:00
295963600,de:11000:900085201:1:51,-0.8,2026-10-02T01:01:04.695736+02:00
295963600,de:11000:900130003:1:51,-0.8,2026-10-02T01:01:04.695736+02:00
295963600,de:11000:900110011:1:50,-0.9,2026-10-02T01:01:04.695736+02:00
295963600,de:11000:900110001:1:50,-0.2,2026-10-02T01:01:04.695736+02:00
295963600,de:11000:900110002:1:50,-0.9,2026-10-02T01:01:04.695736+02:00
295963600,de:11000:900110003:1:50,-0.9,2026-10-02T01:01:04.695736+02:00
295963600,de:11000:900110004:1:50,-0.3,2026-10-02T01:01:04.695736+02:00
295963600,de:11000:900110012:1:50,-0.2,2026-10-02T01:01:04.695736+02:00
295963600,de:11000:900120001:1:50,-0.2,2026-10-02T01:01:04.695736+02:00
295963600,de:11000:900120003:5:58,-0.6,2026-10-02T01:01:04.695736+02:00
295963600,de:11000:900190001:1:51,-0.1,2026-10-02T01:01:04.695736+02:00
295963600,de:11000:900191002:1:50,0.0,2026-10-02T01:01:04.695736+02:00
295963600,de:11000:900191001:2:52,-0.4,2026-10-02T01:01:04.695736+02:00
295963600,de:11000:900192001:2:52,-0.2,2026-10-02T01:01:04.695736+02:00
295963600,de:11000:900193001:1:50,-0.7,2026-10-02T01:01:04.695736+02:00
295963600,de:11000:900193002:1:50,-0.3,2026-10-02T01:01:04.695736+02:00
295963600,de:11000:900195510:1:51,-0.7,2026-10-02T01:01:04.695736+02:00
295963600,de:11000:900196001:1:50,-0.9,2026-10-02T01:01:04.695736+02:00
295963600,de:12061:900260005:3:54,-0.7,2026-10-02T01:01:04.695736+02:00
295963600,de:12061:900260080:1:50,0.0,2026-10-02T01:01:04.695736+02:00
295963600,de:12061:900260009:3:56,-0.2,2026-10-02T01:01:04.695736+02:00
306895586,de:12067:900310980::1,0.0,2026-10-02T01:01:04.695736+02:00
306895586,de:12067:900310810::1,0.0,2026-10-02T01:01:04.695736+02:00
306895586,de:12067:900310769::2,0.0,2026-10-02T01:01:04.695736+02:00
306895586,de:12067:900310695::3,0.0,2026-10-02T01:01:04.695736+02:00
306895586,de:12067:900310770::1,0.0,2026-10-02T01:01:04.695736+02:00
306895586,de:12067:900310010::3,0.0,2026-10-02T01:01:04.695736+02:00
306895586,de:12067:900310782::2,0.0,2026-10-02T01:01:04.695736+02:00
306895586,de:12067:900311109::2,0.0,2026-10-02T01:01:04.695736+02:00
306895586,de:12067:900310773::2,0.0,2026-10-02T01:01:04.695736+02:00
306895586,de:12067:900310823::2,0.0,2026-10-02T01:01:04.695736+02:00
306895586,de:12067:900311152::2,0.0,2026-10-02T01:01:04.695736+02:00
306895586,de:12067:900311151::2,0.0,2026-10-02T01:01:04.695736+02:00
306895586,de:12067:900310627::2,0.0,2026-10-02T01:01:04.695736+02:00
306895586,de:12067:900310816::2,0.0,2026-10-02T01:01:04.695736+02:00
306895586,de:12067:900310022::1,0.0,2026-10-02T01:01:04.695736+02:00
306895586,de:12067:900310001::11,0.0,2026-10-02T01:01:04.695736+02:00
306895586,de:12067:900310001::1,0.0,2026-10-02T01:01:04.695736+02:00
306895586,de:12067:900311149::1,0.0,2026-10-02T01:01:04.695736+02:00
306895586,de:12067:900311135::1,0.0,2026-10-02T01:01:04.695736+02:00
306895586,de:12067:900311150::1,0.0,2026-10-02T01:01:04.695736+02:00
306895586,de:12067:900310804::1,0.0,2026-10-02T01:01:04.695736+02:00
306895586,de:12067:900310814::1,0.0,2026-10-02T01:01:04.695736+02:00
306895586,de:12067:900311083::3,0.0,2026-10-02T01:01:04.695736+02:00
306895589,de:12067:900310980::1,0.0,2026-10-02T01:01:04.695736+02:00
306895589,de:12067:900310810::1,0.0,2026-10-02T01:01:04.695736+02:00
306895589,de:12067:900310769::2,0.0,2026-10-02T01:01:04.695736+02:00
306895589,de:12067:900310695::3,0.0,2026-10-02T01:01:04.695736+02:00
306895589,de:12067:900310770::1,0.0,2026-10-02T01:01:04.695736+02:00
306895589,de:12067:900310010::3,0.0,2026-10-02T01:01:04.695736+02:00
306895589,de:12067:900310782::2,0.0,2026-10-02T01:01:04.695736+02:00
306895589,de:12067:900311109::2,0.0,2026-10-02T01:01:04.695736+02:00
306895589,de:12067:900310773::2,0.0,2026-10-02T01:01:04.695736+02:00
306895589,de:12067:900310823::2,0.0,2026-10-02T01:01:04.695736+02:00
306895589,de:12067:900311152::2,0.0,2026-10-02T01:01:04.695736+02:00
306895589,de:12067:900311151::2,0.0,2026-10-02T01:01:04.695736+02:00
306895589,de:12067:900310627::2,0.0,2026-10-02T01:01:04.695736+02:00
306895589,de:12067:900310816::2,0.0,2026-10-02T01:01:04.695736+02:00
306895589,de:12067:900310022::1,0.0,2026-10-02T01:01:04.695736+02:00
306895589,de:12067:900310001::11,0.0,2026-10-02T01:01:04.695736+02:00
306895589,de:12067:900310001::1,0.0,2026-10-02T01:01:04.695736+02:00
306895589,de:12067:900311149::1,0.0,2026-10-02T01:01:04.695736+02:00
306895589,de:12067:900311135::1,0.0,2026-10-02T01:01:04.695736+02:00
306895589,de:12067:900311150::1,0.0,2026-10-02T01:01:04.695736+02:00
306895589,de:12067:900310804::1,0.0,2026-10-02T01:01:04.695736+02:00
306895589,de:12067:900310814::1,0.0,2026-10-02T01:01:04.695736+02:00
306895589,de:12067:900311083::3,0.0,2026-10-02T01:01:04.695736+02:00
307332690,de:11000:900029101:1:50,0.0,2026-10-02T01:01:04.695736+02:00
307332690,de:11000:900030202:1:50,-0.3,2026-10-02T01:01:04.695736+02:00
307332690,de:11000:900025424:1:51,-0.2,2026-10-02T01:01:04.695736+02:00
307332690,de:11000:900025321:1:51,-0.2,2026-10-02T01:01:04.695736+02:00
307332690,de:11000:900026105:1:50,-0.4,2026-10-02T01:01:04.695736+02:00
307332690,de:11000:900025423:1:50,-0.7,2026-10-02T01:01:04.695736+02:00
307332690,de:11000:900024102:2:53,-0.7,2026-10-02T01:01:04.695736+02:00
307332690,de:11000:900024101:3:55,-0.3,2026-10-02T01:01:04.695736+02:00
307332690,de:11000:900024203:1:51,-0.8,2026-10-02T01:01:04.695736+02:00
307332690,de:11000:900023201:3:54,-0.7,2026-10-02T01:01:04.695736+02:00
307332690,de:11000:900003103:1:50,-0.8,2026-10-02T01:01:04.695736+02:00
307332690,de:11000:900003102:1:50,-0.9,2026-10-02T01:01:04.695736+02:00
307332690,de:11000:900003201:3:54,-0.5,2026-10-02T01:01:04.695736+02:00
307332690,de:11000:900100001:3:54,-0.1,2026-10-02T01:01:04.695736+02:00
307332690,de:11000:900100002:1:50,-0.4,2026-10-02T01:01:04.695736+02:00
307332690,de:11000:900100003:2:52,-0.1,2026-10-02T01:01:04.695736+02:00
307332690,de:11000:900100004:1:50,-0.4,2026-10-02T01:01:04.695736+02:00
307332690,de:11000:900120005:4:55,-0.6,2026-10-02T01:01:04.695736+02:00
307332690,de:11000:900120004:1:50,-0.1,2026-10-02T01:01:04.695736+02:00
307332690,de:11000:900190001:1:51,-0.2,2026-10-02T01:01:04.695736+02:00
307332690,de:11000:900191002:1:50,0.0,2026-10-02T01:01:04.695736+02:00
307332690,de:11000:900191001:2:52,-0.4,2026-10-02T01:01:04.695736+02:00
307332690,de:11000:900192001:2:52,-0.7,2026-10-02T01:01:04.695736+02:00
307332690,de:11000:900193001:1:50,-0.2,2026-10-02T01:01:04.695736+02:00
307332690,de:11000:900193002:1:50,-0.8,2026-10-02T01:01:04.695736+02:00
307332690,de:11000:900195510:1:51,-0.2,2026-10-02T01:01:04.695736+02:00
307332690,de:11000:900196001:1:50,-0.4,2026-10-02T01:01:04.695736+02:00
307332690,de:12061:900260005:3:54,-0.2,2026-10-02T01:01:04.695736+02:00
307332690,de:12061:900260080:1:50,-0.7,2026-10-02T01:01:04.695736+02:00
307332690,de:12061:900260009:3:55,-0.9,2026-10-02T01:01:04.695736+02:00
306895626,de:12067:900311083::3,0.0,2026-10-02T01:01:04.695736+02:00
306895626,de:12067:900310775::1,0.0,2026-10-02T01:01:04.695736+02:00
306895626,de:12067:900311083::2,0.0,2026-10-02T01:01:04.695736+02:00
306895626,de:12067:900310814::2,0.0,2026-10-02T01:01:04.695736+02:00
306895626,de:12067:900310804::2,0.0,2026-10-02T01:01:04.695736+02:00
306895626,de:12067:900311150::2,0.0,2026-10-02T01:01:04.695736+02:00
306895626,de:12067:900311135::2,0.0,2026-10-02T01:01:04.695736+02:00
306895626,de:12067:900311149::2,0.0,2026-10-02T01:01:04.695736+02:00
306895626,de:12067:900310001::11,0.0,2026-10-02T01:01:04.695736+02:00
306895626,de:12067:900310001::2,0.0,2026-10-02T01:01:04.695736+02:00
306895626,de:12067:900310816::1,0.0,2026-10-02T01:01:04.695736+02:00
306895626,de:12067:900310627::1,0.0,2026-10-02T01:01:04.695736+02:00
306895626,de:12067:900310781::1,0.0,2026-10-02T01:01:04.695736+02:00
306895626,de:12067:900310822::1,0.0,2026-10-02T01:01:04.695736+02:00
306895626,de:12067:900310771::1,0.0,2026-10-02T01:01:04.695736+02:00
306895626,de:12067:900310811::1,0.0,2026-10-02T01:01:04.695736+02:00
306895626,de:12067:900310630::1,0.0,2026-10-02T01:01:04.695736+02:00
306895626,de:12067:900310812::1,0.0,2026-10-02T01:01:04.695736+02:00
306895626,de:12067:900310770::1,0.0,2026-10-02T01:01:04.695736+02:00
306895626,de:12067:900310010::3,0.0,2026-10-02T01:01:04.695736+02:00
306895626,de:12067:900310880::1,0.0,2026-10-02T01:01:04.695736+02:00
306895626,de:12067:900310815::1,0.0,2026-10-02T01:01:04.695736+02:00
306895626,de:12067:900310807::1,0.0,2026-10-02T01:01:04.695736+02:00
307435203,de:12061:900260611:1:50,0.0,2026-10-02T01:01:04.695736+02:00
307435203,de:12061:900260019:1:50,0.0,2026-10-02T01:01:04.695736+02:00
307435203,de:12061:900261512:2:51,0.0,2026-10-02T01:01:04.695736+02:00
307435203,de:12066:900435602:2:51,0.0,2026-10-02T01:01:04.695736+02:00
307435203,de:12066:900435697:1:50,0.0,2026-10-02T01:01:04.695736+02:00
307435203,de:12066:900435884:1:50,0.0,2026-10-02T01:01:04.695736+02:00
307435203,de:12071:900445956:1:50,0.0,2026-10-02T01:01:04.695736+02:00
307435203,de:12071:900445884:1:50,0.0,2026-10-02T01:01:04.695736+02:00
307435203,de:12052:900470000:2:52,0.0,2026-10-02T01:01:04.695736+02:00
307435180,de:11000:900192001:1:50,0.0,2026-10-02T01:01:04.695736+02:00
307435180,de:12061:900260005:2:52,0.0,2026-10-02T01:01:04.695736+02:00
307435179,de:11000:900192001:1:50,0.0,2026-10-02T01:01:04.695736+02:00
307435179,de:12061:900260005:1:50,0.0,2026-10-02T01:01:04.695736+02:00
306047838,de:12064:900320900::2,0.0,2026-10-02T01:01:04.695736+02:00
306047838,de:12064:900320902::2,0.0,2026-10-02T01:01:04.695736+02:00
306047838,de:12064:900320903::2,0.0,2026-10-02T01:01:04.695736+02:00
306047838,de:12064:900320906::2,0.0,2026-10-02T01:01:04.695736+02:00
306047838,de:12064:900320905::2,0.0,2026-10-02T01:01:04.695736+02:00
306047838,de:12064:900320123::2,0.0,2026-10-02T01:01:04.695736+02:00
306047838,de:12064:900320122::2,0.0,2026-10-02T01:01:04.695736+02:00
306047838,de:12064:900320121::2,0.0,2026-10-02T01:01:04.695736+02:00
306047838,de:12064:900320117::2,0.0,2026-10-02T01:01:04.695736+02:00
306047838,de:12064:900320118::2,0.0,2026-10-02T01:01:04.695736+02:00
306047838,de:12064:900320050::1,0.0,2026-10-02T01:01:04.695736+02:00
306047838,de:12064:900320008::1,0.0,2026-10-02T01:01:04.695736+02:00
306047877,de:12064:900320900::2,0.0,2026-10-02T01:01:04.695736+02:00
306047877,de:12064:900320902::2,0.0,2026-10-02T01:01:04.695736+02:00
306047877,de:12064:900320903::2,0.0,2026-10-02T01:01:04.695736+02:00
306047877,de:12064:900320906::2,0.0,2026-10-02T01:01:04.695736+02:00
306047877,de:12064:900320905::2,0.0,2026-10-02T01:01:04.695736+02:00
306047877,de:12064:900320123::2,0.0,2026-10-02T01:01:04.695736+02:00
306047877,de:12064:900320122::2,0.0,2026-10-02T01:01:04.695736+02:00
306047877,de:12064:900320121::2,0.0,2026-10-02T01:01:04.695736+02:00
306047877,de:12064:900320117::2,0.0,2026-10-02T01:01:04.695736+02:00
306047877,de:12064:900320118::2,0.0,2026-10-02T01:01:04.695736+02:00
306047877,de:12064:900320050::1,0.0,2026-10-02T01:01:04.695736+02:00
306047877,de:12064:900320008::1,0.0,2026-10-02T01:01:04.695736+02:00
306048505,de:12064:900320025::3,0.0,2026-10-02T01:01:04.695736+02:00
306048505,de:12064:900320556::1,0.0,2026-10-02T01:01:04.695736+02:00
306048505,de:12064:900320560::1,0.0,2026-10-02T01:01:04.695736+02:00
306048505,de:12064:900320558::1,0.0,2026-10-02T01:01:04.695736+02:00
306048505,de:12064:900320557::1,0.0,2026-10-02T01:01:04.695736+02:00
306048505,de:12064:900320554::1,0.0,2026-10-02T01:01:04.695736+02:00
306048505,de:12064:900320001::3,0.0,2026-10-02T01:01:04.695736+02:00
306048505,de:12064:900320559::2,0.0,2026-10-02T01:01:04.695736+02:00
306048505,de:12064:900320564::1,0.0,2026-10-02T01:01:04.695736+02:00
306050671,de:12064:900320246::4,0.0,2026-10-02T01:01:04.695736+02:00
306050671,de:12064:900320252::3,0.0,2026-10-02T01:01:04.695736+02:00
306050671,de:12064:900320283::2,0.0,2026-10-02T01:01:04.695736+02:00
306050671,de:12064:900320249::4,0.0,2026-10-02T01:01:04.695736+02:00
306050671,de:12064:900320242::2,0.0,2026-10-02T01:01:04.695736+02:00
306050671,de:12064:900320264::2,0.0,2026-10-02T01:01:04.695736+02:00
306050671,de:12064:900320263::2,0.0,2026-10-02T01:01:04.695736+02:00
306050671,de:12064:900320262::2,0.0,2026-10-02T01:01:04.695736+02:00
306050671,de:12064:900320275::2,0.0,2026-10-02T01:01:04.695736+02:00
306050671,de:12064:900320274::1,0.0,2026-10-02T01:01:04.695736+02:00
306050671,de:12064:900320282::2,0.0,2026-10-02T01:01:04.695736+02:00
306050671,de:12064:900320273::2,0.0,2026-10-02T01:01:04.695736+02:00
306050671,de:12064:900320659::2,0.0,2026-10-02T01:01:04.695736+02:00
306050671,de:12064:900320960::2,0.0,2026-10-02T01:01:04.695736+02:00
306050671,de:12064:900320998::2,0.0,2026-10-02T01:01:04.695736+02:00
306050671,de:12064:900320999::2,0.0,2026-10-02T01:01:04.695736+02:00
306050671,de:12064:900320562::2,0.0,2026-10-02T01:01:04.695736+02:00
306050671,de:12064:900320561::2,0.0,2026-10-02T01:01:04.695736+02:00
306050671,de:12064:900320004::4,0.0,2026-10-02T01:01:04.695736+02:00
306895772,de:12067:900310001::5,0.0,2026-10-02T01:01:04.695736+02:00
306895772,de:12067:900311149::1,0.0,2026-10-02T01:01:04.695736+02:00
306895772,de:12067:900311135::1,0.0,2026-10-02T01:01:04.695736+02:00
306895772,de:12067:900311150::1,0.0,2026-10-02T01:01:04.695736+02:00
306895772,de:12067:900310798::1,0.0,2026-10-02T01:01:04.695736+02:00
306895772,de:12067:900310774::1,0.0,2026-10-02T01:01:04.695736+02:00
306895772,de:12067:900310792::1,0.0,2026-10-02T01:01:04.695736+02:00
306895772,de:12067:900310825::1,0.0,2026-10-02T01:01:04.695736+02:00
306895772,de:12067:900310937::1,0.0,2026-10-02T01:01:04.695736+02:00
306895772,de:12067:900310801::1,0.0,2026-10-02T01:01:04.695736+02:00
306895772,de:12067:900310805::1,0.0,2026-10-02T01:01:04.695736+02:00
306895777,de:12067:900310807::1,0.0,2026-10-02T01:01:04.695736+02:00
306895777,de:12067:900310815::2,0.0,2026-10-02T01:01:04.695736+02:00
306895777,de:12067:900310880::2,0.0,2026-10-02T01:01:04.695736+02:00
306895777,de:12067:900310010::1,0.0,2026-10-02T01:01:04.695736+02:00
306895777,de:12067:900310879::2,0.0,2026-10-02T01:01:04.695736+02:00
306895777,de:12067:900310800::2,0.0,2026-10-02T01:01:04.695736+02:00
306895777,de:12067:900310771::2,0.0,2026-10-02T01:01:04.695736+02:00
306895777,de:12067:900310822::2,0.0,2026-10-02T01:01:04.695736+02:00
306895777,de:12067:900310781::2,0.0,2026-10-02T01:01:04.695736+02:00
306895777,de:12067:900310627::2,-0.5,2026-10-02T01:01:04.695736+02:00
306895777,de:12067:900310816::2,0.0,2026-10-02T01:01:04.695736+02:00
306895777,de:12067:900310022::1,0.0,2026-10-02T01:01:04.695736+02:00
306895777,de:12067:900310001::11,0.0,2026-10-02T01:01:04.695736+02:00
306895777,de:12067:900310001::5,0.0,2026-10-02T01:01:04.695736+02:00
306895777,de:12067:900311149::1,0.0,2026-10-02T01:01:04.695736+02:00
306895777,de:12067:900310835::1,0.0,2026-10-02T01:01:04.695736+02:00
306895777,de:12067:900310825::1,0.0,2026-10-02T01:01:04.695736+02:00
306895777,de:12067:900310805::1,0.0,2026-10-02T01:01:04.695736+02:00
306895780,de:12067:900310807::1,0.0,2026-10-02T01:01:04.695736+02:00
306895780,de:12067:900310815::2,0.0,2026-10-02T01:01:04.695736+02:00
306895780,de:12067:900310880::2,0.0,2026-10-02T01:01:04.695736+02:00
306895780,de:12067:900310010::1,0.0,2026-10-02T01:01:04.695736+02:00
306895780,de:12067:900310879::2,0.0,2026-10-02T01:01:04.695736+02:00
306895780,de:12067:900310800::2,0.0,2026-10-02T01:01:04.695736+02:00
306895780,de:12067:900310771::2,0.0,2026-10-02T01:01:04.695736+02:00
306895780,de:12067:900310822::2,0.0,2026-10-02T01:01:04.695736+02:00
306895780,de:12067:900310781::2,0.0,2026-10-02T01:01:04.695736+02:00
306895780,de:12067:900310627::2,-0.5,2026-10-02T01:01:04.695736+02:00
306895780,de:12067:900310816::2,0.0,2026-10-02T01:01:04.695736+02:00
306895780,de:12067:900310022::1,0.0,2026-10-02T01:01:04.695736+02:00
306895780,de:12067:900310001::11,0.0,2026-10-02T01:01:04.695736+02:00
306895780,de:12067:900310001::5,0.0,2026-10-02T01:01:04.695736+02:00
306895780,de:12067:900311149::1,0.0,2026-10-02T01:01:04.695736+02:00
306895780,de:12067:900310835::1,0.0,2026-10-02T01:01:04.695736+02:00
306895780,de:12067:900310825::1,0.0,2026-10-02T01:01:04.695736+02:00
306895780,de:12067:900310805::1,0.0,2026-10-02T01:01:04.695736+02:00
295879334,de:12065:900200005:3:1,0.0,2026-10-02T01:01:04.695736+02:00
295879334,de:12065:900200006:1:51,-0.3,2026-10-02T01:01:04.695736+02:00
295879334,de:12065:900200007:1:51,-0.7,2026-10-02T01:01:04.695736+02:00
295879334,de:12065:900200008:1:51,-0.2,2026-10-02T01:01:04.695736+02:00
295879334,de:12065:900200009:1:51,-0.1,2026-10-02T01:01:04.695736+02:00
295879334,de:11000:900092201:1:51,-0.7,2026-10-02T01:01:04.695736+02:00
295879334,de:11000:900093201:1:51,-0.4,2026-10-02T01:01:04.695736+02:00
295879334,de:11000:900094101:1:51,-0.8,2026-10-02T01:01:04.695736+02:00
295879334,de:11000:900096101:1:51,-0.1,2026-10-02T01:01:04.695736+02:00
295879334,de:11000:900084101:1:51,-0.2,2026-10-02T01:01:04.695736+02:00
295879334,de:11000:900085201:1:51,-0.8,2026-10-02T01:01:04.695736+02:00
295879334,de:11000:900130003:1:51,-0.8,2026-10-02T01:01:04.695736+02:00
295879334,de:11000:900110011:1:50,-0.9,2026-10-02T01:01:04.695736+02:00
295879334,de:11000:900007102:1:50,-0.9,2026-10-02T01:01:04.695736+02:00
295879334,de:11000:900008101:1:50,0.0,2026-10-02T01:01:04.695736+02:00
295879334,de:11000:900007104:1:51,-0.7,2026-10-02T01:01:04.695736+02:00
295879334,de:11000:900100007:1:50,-0.7,2026-10-02T01:01:04.695736+02:00
295879334,de:11000:900100001:4:56,-0.5,2026-10-02T01:01:04.695736+02:00
295879334,de:11000:900100025:1:50,-0.4,2026-10-02T01:01:04.695736+02:00
295879334,de:11000:900100020:3:54,-0.4,2026-10-02T01:01:04.695736+02:00
295879334,de:11000:900012101:1:51,-0.5,2026-10-02T01:01:04.695736+02:00
295879334,de:11000:900057102:1:50,-0.7,2026-10-02T01:01:04.695736+02:00
295879334,de:11000:900057104:2:51,-0.4,2026-10-02T01:01:04.695736+02:00
295879334,de:11000:900054104:1:50,-0.3,2026-10-02T01:01:04.695736+02:00
295879334,de:11000:900060101:1:50,-0.3,2026-10-02T01:01:04.695736+02:00
295879334,de:11000:900063101:1:50,-0.1,2026-10-02T01:01:04.695736+02:00
295879334,de:11000:900062202:1:50,-0.1,2026-10-02T01:01:04.695736+02:00
295879334,de:11000:900066102:1:50,-0.2,2026-10-02T01:01:04.695736+02:00
295879334,de:11000:900066101:1:50,-0.1,2026-10-02T01:01:04.695736+02:00
295879334,de:11000:900049202:1:50,-0.3,2026-10-02T01:01:04.695736+02:00
295879334,de:11000:900049201:1:50,-0.4,2026-10-02T01:01:04.695736+02:00
295879334,de:11000:900050301:1:50,0.0,2026-10-02T01:01:04.695736+02:00
295879334,de:11000:900050355:1:50,-0.1,2026-10-02T01:01:04.695736+02:00
295879334,de:11000:900052201:1:50,-0.5,2026-10-02T01:01:04.695736+02:00
295879334,de:11000:900053301:1:51,-0.9,2026-10-02T01:01:04.695736+02:00
295879315,de:12065:900200005:3:1,0.0,2026-10-02T01:01:04.695736+02:00
295879315,de:12065:900200006:1:51,-0.3,2026-10-02T01:01:04.695736+02:00
295879315,de:12065:900200007:1:51,-0.7,2026-10-02T01:01:04.695736+02:00
295879315,de:12065:900200008:1:51,-0.2,2026-10-02T01:01:04.695736+02:00
295879315,de:12065:900200009:1:51,-0.1,2026-10-02T01:01:04.695736+02:00
295879315,de:11000:900092201:1:51,-0.7,2026-10-02T01:01:04.695736+02:00
295879315,de:11000:900093201:1:51,-0.4,2026-10-02T01:01:04.695736+02:00
295879315,de:11000:900094101:1:51,-0.8,2026-10-02T01:01:04.695736+02:00
295879315,de:11000:900096101:1:51,-0.1,2026-10-02T01:01:04.695736+02:00
295879315,de:11000:900084101:1:51,-0.2,2026-10-02T01:01:04.695736+02:00
295879315,de:11000:900085201:1:51,-0.8,2026-10-02T01:01:04.695736+02:00
295879315,de:11000:900130003:1:51,-0.8,2026-10-02T01:01:04.695736+02:00
295879315,de:11000:900110011:1:50,-0.9,2026-10-02T01:01:04.695736+02:00
295879315,de:11000:900007102:1:50,-0.9,2026-10-02T01:01:04.695736+02:00
295879315,de:11000:900008101:1:50,0.0,2026-10-02T01:01:04.695736+02:00
295879315,de:11000:900007104:1:51,-0.7,2026-10-02T01:01:04.695736+02:00
295879315,de:11000:900100007:1:50,-0.7,2026-10-02T01:01:04.695736+02:00
295879315,de:11000:900100001:4:56,-0.5,2026-10-02T01:01:04.695736+02:00
295879315,de:11000:900100025:1:50,-0.4,2026-10-02T01:01:04.695736+02:00
295879315,de:11000:900100020:3:54,-0.4,2026-10-02T01:01:04.695736+02:00
295879315,de:11000:900012101:1:51,-0.5,2026-10-02T01:01:04.695736+02:00
295879315,de:11000:900057102:1:50,-0.7,2026-10-02T01:01:04.695736+02:00
295879315,de:11000:900057104:2:51,-0.4,2026-10-02T01:01:04.695736+02:00
295879315,de:11000:900054104:1:50,-0.3,2026-10-02T01:01:04.695736+02:00
295879315,de:11000:900060101:1:50,-0.3,2026-10-02T01:01:04.695736+02:00
295879315,de:11000:900063101:1:50,-0.1,2026-10-02T01:01:04.695736+02:00
295879315,de:11000:900062202:1:50,-0.1,2026-10-02T01:01:04.695736+02:00
295879315,de:11000:900066102:1:50,-0.2,2026-10-02T01:01:04.695736+02:00
295879315,de:11000:900066101:1:50,-0.1,2026-10-02T01:01:04.695736+02:00
295879315,de:11000:900049202:1:50,-0.3,2026-10-02T01:01:04.695736+02:00
295879315,de:11000:900049201:1:50,-0.4,2026-10-02T01:01:04.695736+02:00
295879315,de:11000:900050301:1:50,0.0,2026-10-02T01:01:04.695736+02:00
295879315,de:11000:900050355:1:50,-0.1,2026-10-02T01:01:04.695736+02:00
295879315,de:11000:900052201:1:50,-0.5,2026-10-02T01:01:04.695736+02:00
295879315,de:11000:900053301:1:51,-0.9,2026-10-02T01:01:04.695736+02:00
306895926,de:12067:900310001::5,0.0,2026-10-02T01:01:04.695736+02:00
306895926,de:12067:900311149::1,0.0,2026-10-02T01:01:04.695736+02:00
306895926,de:12067:900310781::1,0.0,2026-10-02T01:01:04.695736+02:00
306895926,de:12067:900310822::1,0.0,2026-10-02T01:01:04.695736+02:00
306895926,de:12067:900310808::1,0.0,2026-10-02T01:01:04.695736+02:00
306895926,de:12067:900310777::1,0.0,2026-10-02T01:01:04.695736+02:00
306895926,de:12067:900310796::1,0.0,2026-10-02T01:01:04.695736+02:00
306895926,de:12067:900310875::1,0.0,2026-10-02T01:01:04.695736+02:00
306895926,de:12067:900310837::1,0.0,2026-10-02T01:01:04.695736+02:00
306895926,de:12067:900310817::1,0.0,2026-10-02T01:01:04.695736+02:00
306895926,de:12067:900311145::1,0.0,2026-10-02T01:01:04.695736+02:00
306895930,de:12067:900310001::5,0.0,2026-10-02T01:01:04.695736+02:00
306895930,de:12067:900311149::1,0.0,2026-10-02T01:01:04.695736+02:00
306895930,de:12067:900310781::1,0.0,2026-10-02T01:01:04.695736+02:00
306895930,de:12067:900310822::1,0.0,2026-10-02T01:01:04.695736+02:00
306895930,de:12067:900310808::1,0.0,2026-10-02T01:01:04.695736+02:00
306895930,de:12067:900310777::1,0.0,2026-10-02T01:01:04.695736+02:00
306895930,de:12067:900310796::1,0.0,2026-10-02T01:01:04.695736+02:00
306895930,de:12067:900310875::1,0.0,2026-10-02T01:01:04.695736+02:00
306895930,de:12067:900310837::1,0.0,2026-10-02T01:01:04.695736+02:00
306895930,de:12067:900310817::1,0.0,2026-10-02T01:01:04.695736+02:00
306895930,de:12067:900311145::1,0.0,2026-10-02T01:01:04.695736+02:00
306895955,de:12064:900320250::1,0.0,2026-10-02T01:01:04.695736+02:00
306895955,de:12064:900320267::2,0.0,2026-10-02T01:01:04.695736+02:00
306895955,de:12067:900310017::2,0.0,2026-10-02T01:01:04.695736+02:00
306895955,de:12067:900310509::1,0.0,2026-10-02T01:01:04.695736+02:00
306895955,de:12067:900310508::1,0.0,2026-10-02T01:01:04.695736+02:00
306895955,de:12067:900310580::1,0.0,2026-10-02T01:01:04.695736+02:00
306895955,de:12067:900311095::1,0.0,2026-10-02T01:01:04.695736+02:00
306895955,de:12067:900311097::1,0.0,2026-10-02T01:01:04.695736+02:00
306895955,de:12067:900311096::2,0.0,2026-10-02T01:01:04.695736+02:00
306895955,de:12067:900311096::1,0.0,2026-10-02T01:01:04.695736+02:00
306895955,de:12067:900311097::2,0.0,2026-10-02T01:01:04.695736+02:00
306895955,de:12067:900311095::2,0.0,2026-10-02T01:01:04.695736+02:00
306895955,de:12067:900310580::2,0.0,2026-10-02T01:01:04.695736+02:00
306895955,de:12067:900310578::4,0.0,2026-10-02T01:01:04.695736+02:00
306895955,de:12067:900310534::2,0.0,2026-10-02T01:01:04.695736+02:00
306895955,de:11000:900310550::2,0.0,2026-10-02T01:01:04.695736+02:00
306895955,de:12067:900310572::2,0.0,2026-10-02T01:01:04.695736+02:00
306895955,de:12067:900310013::2,0.0,2026-10-02T01:01:04.695736+02:00
306895955,de:12067:900310563::3,0.0,2026-10-02T01:01:04.695736+02:00
306895955,de:12067:900310560::1,0.0,2026-10-02T01:01:04.695736+02:00
306895955,de:12067:900310573::1,0.0,2026-10-02T01:01:04.695736+02:00
306895955,de:12067:900310581::1,0.0,2026-10-02T01:01:04.695736+02:00
306896050,de:12067:900310013::2,0.0,2026-10-02T01:01:04.695736+02:00
306896050,de:12067:900310572::1,0.0,2026-10-02T01:01:04.695736+02:00
306896050,de:11000:900310550::1,0.0,2026-10-02T01:01:04.695736+02:00
306896050,de:12067:900310534::1,0.0,2026-10-02T01:01:04.695736+02:00
306896050,de:12067:900310580::2,0.0,2026-10-02T01:01:04.695736+02:00
306896050,de:12067:900310543::3,0.0,2026-10-02T01:01:04.695736+02:00
306896050,de:12067:900310536::1,0.0,2026-10-02T01:01:04.695736+02:00
306896050,de:12067:900311014::1,0.0,2026-10-02T01:01:04.695736+02:00
306896050,de:12067:900311012::1,0.0,2026-10-02T01:01:04.695736+02:00
306896050,de:12067:900310529::1,0.0,2026-10-02T01:01:04.695736+02:00
306896050,de:12067:900310528::1,0.0,2026-10-02T01:01:04.695736+02:00
306896050,de:12067:900310020::1,0.0,2026-10-02T01:01:04.695736+02:00
306896050,de:12067:900310501::1,0.0,2026-10-02T01:01:04.695736+02:00
306896050,de:12067:900310500::2,0.0,2026-10-02T01:01:04.695736+02:00
306896050,de:12067:900310021::3,0.0,2026-10-02T01:01:04.695736+02:00
306896050,de:12067:900310522::1,0.0,2026-10-02T01:01:04.695736+02:00
306896050,de:12067:900310535::1,0.0,2026-10-02T01:01:04.695736+02:00
306896050,de:12067:900310523::1,0.0,2026-10-02T01:01:04.695736+02:00
306896050,de:12064:900320113::1,0.0,2026-10-02T01:01:04.695736+02:00
306896050,de:12064:900320007::4,0.0,2026-10-02T01:01:04.695736+02:00
306896170,de:12067:900310013::3,0.0,2026-10-02T01:01:04.695736+02:00
306896170,de:12067:900310563::3,0.0,2026-10-02T01:01:04.695736+02:00
306896170,de:12067:900310559::1,0.0,2026-10-02T01:01:04.695736+02:00
306896170,de:12067:900310558::1,0.0,2026-10-02T01:01:04.695736+02:00
306896170,de:12067:900310556::1,0.0,2026-10-02T01:01:04.695736+02:00
306896170,de:12067:900310621::1,0.0,2026-10-02T01:01:04.695736+02:00
306896170,de:12067:900310568::1,0.0,2026-10-02T01:01:04.695736+02:00
306896170,de:12067:900310955::1,0.0,2026-10-02T01:01:04.695736+02:00
306896170,de:12067:900310949::1,0.0,2026-10-02T01:01:04.695736+02:00
306896170,de:12067:900310952::1,0.0,2026-10-02T01:01:04.695736+02:00
306896170,de:12067:900310025::1,0.0,2026-10-02T01:01:04.695736+02:00
306896170,de:12067:900310015::1,0.0,2026-10-02T01:01:04.695736+02:00
295883520,de:11000:900049201:1:51,0.0,2026-10-02T01:01:04.695736+02:00
295883520,de:11000:900049202:1:51,0.0,2026-10-02T01:01:04.695736+02:00
295883520,de:11000:900066101:1:51,-0.3,2026-10-02T01:01:04.695736+02:00
295883520,de:11000:900066102:1:51,-0.2,2026-10-02T01:01:04.695736+02:00
295883520,de:11000:900062202:1:51,-0.2,2026-10-02T01:01:04.695736+02:00
295883520,de:11000:900063101:1:51,-0.2,2026-10-02T01:01:04.695736+02:00
295883520,de:11000:900060101:1:51,-0.9,2026-10-02T01:01:04.695736+02:00
295883520,de:11000:900054104:1:51,-0.9,2026-10-02T01:01:04.695736+02:00
295883520,de:11000:900057104:1:50,-0.4,2026-10-02T01:01:04.695736+02:00
295883520,de:11000:900057102:1:51,-0.1,2026-10-02T01:01:04.695736+02:00
295883520,de:11000:900012101:2:52,-0.8,2026-10-02T01:01:04.695736+02:00
295883520,de:11000:900100020:4:57,-0.9,2026-10-02T01:01:04.695736+02:00
295883466,de:11000:900100020:3:55,0.0,2026-10-02T01:01:04.695736+02:00
295883466,de:11000:900012101:1:51,-0.5,2026-10-02T01:01:04.695736+02:00
295883466,de:11000:900057102:1:50,-0.7,2026-10-02T01:01:04.695736+02:00
295883466,de:11000:900057104:2:51,-0.4,2026-10-02T01:01:04.695736+02:00
295883466,de:11000:900054104:1:50,-0.3,2026-10-02T01:01:04.695736+02:00
295883466,de:11000:900060101:1:50,-0.3,2026-10-02T01:01:04.695736+02:00
295883466,de:11000:900063101:1:50,-0.1,2026-10-02T01:01:04.695736+02:00
295883466,de:11000:900062202:1:50,-0.1,2026-10-02T01:01:04.695736+02:00
295883466,de:11000:900066102:1:50,-0.2,2026-10-02T01:01:04.695736+02:00
295883466,de:11000:900066101:1:50,-0.1,2026-10-02T01:01:04.695736+02:00
295883466,de:11000:900049202:1:50,-0.3,2026-10-02T01:01:04.695736+02:00
295883466,de:11000:900049201:1:50,-0.4,2026-10-02T01:01:04.695736+02:00
295883501,de:11000:900049201:1:51,0.0,2026-10-02T01:01:04.695736+02:00
295883501,de:11000:900049202:1:51,0.0,2026-10-02T01:01:04.695736+02:00
295883501,de:11000:900066101:1:51,-0.3,2026-10-02T01:01:04.695736+02:00
295883501,de:11000:900066102:1:51,-0.2,2026-10-02T01:01:04.695736+02:00
295883501,de:11000:900062202:1:51,-0.2,2026-10-02T01:01:04.695736+02:00
295883501,de:11000:900063101:1:51,-0.2,2026-10-02T01:01:04.695736+02:00
295883501,de:11000:900060101:1:51,-0.9,2026-10-02T01:01:04.695736+02:00
295883501,de:11000:900054104:1:51,-0.9,2026-10-02T01:01:04.695736+02:00
295883501,de:11000:900057104:1:50,-0.4,2026-10-02T01:01:04.695736+02:00
295883501,de:11000:900057102:1:51,-0.1,2026-10-02T01:01:04.695736+02:00
295883501,de:11000:900012101:2:52,-0.8,2026-10-02T01:01:04.695736+02:00
295883501,de:11000:900100020:4:57,-0.9,2026-10-02T01:01:04.695736+02:00
307252204,de:11000:900007102:1:51,0.0,2026-10-02T01:01:04.695736+02:00
307252204,de:11000:900009104:1:51,-0.8,2026-10-02T01:01:04.695736+02:00
307252204,de:11000:900003200:5:58,-0.7,2026-10-02T01:01:04.695736+02:00
307252339,de:11000:900003200:5:58,0.0,2026-10-02T01:01:04.695736+02:00
307252339,de:11000:900009104:1:50,-0.8,2026-10-02T01:01:04.695736+02:00
307252339,de:11000:900007102:2:52,-0.4,2026-10-02T01:01:04.695736+02:00
307252162,de:11000:900007102:1:51,0.0,2026-10-02T01:01:04.695736+02:00
307252162,de:11000:900009104:1:51,-0.8,2026-10-02T01:01:04.695736+02:00
307252162,de:11000:900003200:5:58,-0.7,2026-10-02T01:01:04.695736+02:00
295882586,de:11000:900053301:2:52,0.0,2026-10-02T01:01:04.695736+02:00
295882586,de:11000:900052201:1:51,0.0,2026-10-02T01:01:04.695736+02:00
295882586,de:11000:900050355:1:51,-0.3,2026-10-02T01:01:04.695736+02:00
295882586,de:11000:900050301:1:51,-0.4,2026-10-02T01:01:04.695736+02:00
295882586,de:11000:900049201:1:51,0.0,2026-10-02T01:01:04.695736+02:00
295882586,de:11000:900049202:1:51,0.0,2026-10-02T01:01:04.695736+02:00
295882586,de:11000:900066101:1:51,-0.3,2026-10-02T01:01:04.695736+02:00
295882586,de:11000:900066102:1:51,-0.2,2026-10-02T01:01:04.695736+02:00
295882586,de:11000:900062202:1:51,-0.2,2026-10-02T01:01:04.695736+02:00
295882586,de:11000:900063101:1:51,-0.2,2026-10-02T01:01:04.695736+02:00
295882586,de:11000:900060101:1:51,-0.9,2026-10-02T01:01:04.695736+02:00
295882586,de:11000:900054104:1:51,-0.9,2026-10-02T01:01:04.695736+02:00
295882586,de:11000:900057104:1:50,-0.4,2026-10-02T01:01:04.695736+02:00
295882586,de:11000:900057102:1:51,-0.1,2026-10-02T01:01:04.695736+02:00
295882586,de:11000:900012101:2:52,-0.9,2026-10-02T01:01:04.695736+02:00
295882586,de:11000:900100020:4:57,-0.3,2026-10-02T01:01:04.695736+02:00
295882586,de:11000:900100025:1:51,-0.4,2026-10-02T01:01:04.695736+02:00
295882586,de:11000:900100001:4:57,-0.1,2026-10-02T01:01:04.695736+02:00
295882586,de:11000:900100007:1:51,-0.2,2026-10-02T01:01:04.695736+02:00
295882586,de:11000:900007104:2:52,-0.2,2026-10-02T01:01:04.695736+02:00
295882586,de:11000:900008101:1:51,-0.9,2026-10-02T01:01:04.695736+02:00
295882586,de:11000:900007102:2:53,-0.6,2026-10-02T01:01:04.695736+02:00
295882586,de:11000:900110011:2:53,-0.9,2026-10-02T01:01:04.695736+02:00
295882586,de:11000:900085201:1:50,-0.9,2026-10-02T01:01:04.695736+02:00
295882586,de:11000:900084101:1:50,-0.7,2026-10-02T01:01:04.695736+02:00
295882586,de:11000:900096101:1:50,-0.8,2026-10-02T01:01:04.695736+02:00
295882586,de:11000:900094101:1:50,-0.1,2026-10-02T01:01:04.695736+02:00
295882586,de:11000:900093201:1:50,-0.4,2026-10-02T01:01:04.695736+02:00
295882586,de:11000:900092201:1:50,-0.2,2026-10-02T01:01:04.695736+02:00
306896226,de:12067:900310864::1,0.0,2026-10-02T01:01:04.695736+02:00
306896226,de:12067:900310861::1,0.0,2026-10-02T01:01:04.695736+02:00
306896226,de:12067:900310002::1,0.0,2026-10-02T01:01:04.695736+02:00
306896226,de:12067:900310031::3,0.0,2026-10-02T01:01:04.695736+02:00
306896226,de:12067:900310555::2,0.0,2026-10-02T01:01:04.695736+02:00
306896226,de:12067:900310557::2,0.0,2026-10-02T01:01:04.695736+02:00
306896226,de:12067:900310013::7,0.0,2026-10-02T01:01:04.695736+02:00
306896998,de:12067:900311308::5,0.0,2026-10-02T01:01:04.695736+02:00
306896998,de:12067:900311380::1,0.0,2026-10-02T01:01:04.695736+02:00
306896998,de:12067:900311348::1,0.0,2026-10-02T01:01:04.695736+02:00
306896998,de:12067:900311350::1,0.0,2026-10-02T01:01:04.695736+02:00
306896998,de:12067:900311321::2,0.0,2026-10-02T01:01:04.695736+02:00
306896998,de:12067:900311353::2,0.0,2026-10-02T01:01:04.695736+02:00
306896998,de:12067:900311383::6,0.0,2026-10-02T01:01:04.695736+02:00
306896998,de:12067:900311305::1,0.0,2026-10-02T01:01:04.695736+02:00
306896998,de:12067:900311304::2,0.0,2026-10-02T01:01:04.695736+02:00
306896998,de:12067:900311334::2,0.0,2026-10-02T01:01:04.695736+02:00
306896998,de:12067:900311333::2,0.0,2026-10-02T01:01:04.695736+02:00
306896998,de:12067:900311352::2,0.0,2026-10-02T01:01:04.695736+02:00
306896998,de:12067:900311336::2,0.0,2026-10-02T01:01:04.695736+02:00
306896998,de:12067:900311371::1,0.0,2026-10-02T01:01:04.695736+02:00
306896998,de:12067:900311364::1,0.0,2026-10-02T01:01:04.695736+02:00
306896998,de:12067:900311374::2,0.0,2026-10-02T01:01:04.695736+02:00
306896998,de:12067:900311365::2,0.0,2026-10-02T01:01:04.695736+02:00
306896998,de:12067:900311363::2,0.0,2026-10-02T01:01:04.695736+02:00
306896998,de:12067:900311362::2,0.0,2026-10-02T01:01:04.695736+02:00
306896998,de:12067:900311377::2,0.0,2026-10-02T01:01:04.695736+02:00
306896998,de:12067:900311376::2,0.0,2026-10-02T01:01:04.695736+02:00
306896998,de:12067:900311316::2,0.0,2026-10-02T01:01:04.695736+02:00
306896998,de:12067:900311384::2,0.0,2026-10-02T01:01:04.695736+02:00
306896998,de:12067:900311317::2,0.0,2026-10-02T01:01:04.695736+02:00
306896998,de:12067:900310027::2,0.0,2026-10-02T01:01:04.695736+02:00
306896998,de:12067:900311359::2,0.0,2026-10-02T01:01:04.695736+02:00
306896998,de:12067:900311345::2,0.0,2026-10-02T01:01:04.695736+02:00
306896998,de:12067:900311341::2,0.0,2026-10-02T01:01:04.695736+02:00
306896998,de:12067:900311309::1,0.0,2026-10-02T01:01:04.695736+02:00
306896998,de:12067:900311310::1,0.0,2026-10-02T01:01:04.695736+02:00
306896998,de:12067:900311307::1,0.0,2026-10-02T01:01:04.695736+02:00
306896998,de:12067:900311308::4,0.0,2026-10-02T01:01:04.695736+02:00
306897009,de:12067:900311308::5,0.0,2026-10-02T01:01:04.695736+02:00
306897009,de:12067:900311380::1,0.0,2026-10-02T01:01:04.695736+02:00
306897009,de:12067:900311348::1,0.0,2026-10-02T01:01:04.695736+02:00
306897009,de:12067:900311350::1,0.0,2026-10-02T01:01:04.695736+02:00
306897009,de:12067:900311321::2,0.0,2026-10-02T01:01:04.695736+02:00
306897009,de:12067:900311353::2,0.0,2026-10-02T01:01:04.695736+02:00
306897009,de:12067:900311383::6,0.0,2026-10-02T01:01:04.695736+02:00
306897009,de:12067:900311305::1,0.0,2026-10-02T01:01:04.695736+02:00
306897009,de:12067:900311304::2,0.0,2026-10-02T01:01:04.695736+02:00
306897009,de:12067:900311334::2,0.0,2026-10-02T01:01:04.695736+02:00
306897009,de:12067:900311333::2,0.0,2026-10-02T01:01:04.695736+02:00
306897009,de:12067:900311352::2,0.0,2026-10-02T01:01:04.695736+02:00
306897009,de:12067:900311336::2,0.0,2026-10-02T01:01:04.695736+02:00
306897009,de:12067:900311371::1,0.0,2026-10-02T01:01:04.695736+02:00
306897009,de:12067:900311364::1,0.0,2026-10-02T01:01:04.695736+02:00
306897009,de:12067:900311374::2,0.0,2026-10-02T01:01:04.695736+02:00
306897009,de:12067:900311365::2,0.0,2026-10-02T01:01:04.695736+02:00
306897009,de:12067:900311363::2,0.0,2026-10-02T01:01:04.695736+02:00
306897009,de:12067:900311362::2,0.0,2026-10-02T01:01:04.695736+02:00
306897009,de:12067:900311377::2,0.0,2026-10-02T01:01:04.695736+02:00
306897009,de:12067:900311376::2,0.0,2026-10-02T01:01:04.695736+02:00
306897009,de:12067:900311316::2,0.0,2026-10-02T01:01:04.695736+02:00
306897009,de:12067:900311384::2,0.0,2026-10-02T01:01:04.695736+02:00
306897009,de:12067:900311317::2,0.0,2026-10-02T01:01:04.695736+02:00
306897009,de:12067:900310027::2,0.0,2026-10-02T01:01:04.695736+02:00
306897009,de:12067:900311359::2,0.0,2026-10-02T01:01:04.695736+02:00
306897009,de:12067:900311345::2,0.0,2026-10-02T01:01:04.695736+02:00
306897009,de:12067:900311341::2,0.0,2026-10-02T01:01:04.695736+02:00
306897009,de:12067:900311339::1,0.0,2026-10-02T01:01:04.695736+02:00
306897009,de:12067:900311340::1,0.0,2026-10-02T01:01:04.695736+02:00
306897009,de:12067:900311339::2,0.0,2026-10-02T01:01:04.695736+02:00
306897009,de:12067:900311309::1,0.0,2026-10-02T01:01:04.695736+02:00
306897009,de:12067:900311310::1,0.0,2026-10-02T01:01:04.695736+02:00
306897009,de:12067:900311307::1,0.0,2026-10-02T01:01:04.695736+02:00
306897009,de:12067:900311308::4,0.0,2026-10-02T01:01:04.695736+02:00
295882465,de:11000:900092201:1:50,0.0,2026-10-02T01:01:04.695736+02:00
295882465,de:11000:900093201:1:51,-0.4,2026-10-02T01:01:04.695736+02:00
295882465,de:11000:900094101:1:51,-0.3,2026-10-02T01:01:04.695736+02:00
295882465,de:11000:900096101:1:51,-0.1,2026-10-02T01:01:04.695736+02:00
295882465,de:11000:900084101:1:51,-0.2,2026-10-02T01:01:04.695736+02:00
295882465,de:11000:900085201:1:51,-0.8,2026-10-02T01:01:04.695736+02:00
295882465,de:11000:900130003:1:51,-0.8,2026-10-02T01:01:04.695736+02:00
295882465,de:11000:900110011:1:50,-0.9,2026-10-02T01:01:04.695736+02:00
295882465,de:11000:900007102:1:50,-0.9,2026-10-02T01:01:04.695736+02:00
295882465,de:11000:900008101:1:50,0.0,2026-10-02T01:01:04.695736+02:00
295882465,de:11000:900007104:1:51,-0.7,2026-10-02T01:01:04.695736+02:00
295882465,de:11000:900100007:1:50,-0.7,2026-10-02T01:01:04.695736+02:00
295882465,de:11000:900100001:4:56,-0.5,2026-10-02T01:01:04.695736+02:00
295882465,de:11000:900100025:1:50,-0.4,2026-10-02T01:01:04.695736+02:00
295882465,de:11000:900100020:3:54,-0.4,2026-10-02T01:01:04.695736+02:00
295882465,de:11000:900012101:1:51,-0.5,2026-10-02T01:01:04.695736+02:00
295882465,de:11000:900057102:1:50,-0.7,2026-10-02T01:01:04.695736+02:00
295882465,de:11000:900057104:2:51,-0.4,2026-10-02T01:01:04.695736+02:00
295882465,de:11000:900054104:1:50,-0.3,2026-10-02T01:01:04.695736+02:00
295882465,de:11000:900060101:1:50,-0.3,2026-10-02T01:01:04.695736+02:00
295882465,de:11000:900063101:1:50,-0.1,2026-10-02T01:01:04.695736+02:00
295882465,de:11000:900062202:1:50,-0.1,2026-10-02T01:01:04.695736+02:00
295882465,de:11000:900066102:1:50,-0.2,2026-10-02T01:01:04.695736+02:00
295882465,de:11000:900066101:1:50,-0.1,2026-10-02T01:01:04.695736+02:00
295882465,de:11000:900049202:1:50,-0.3,2026-10-02T01:01:04.695736+02:00
295882465,de:11000:900049201:1:50,-0.4,2026-10-02T01:01:04.695736+02:00
295882465,de:11000:900050301:1:50,0.0,2026-10-02T01:01:04.695736+02:00
295882465,de:11000:900050355:1:50,-0.1,2026-10-02T01:01:04.695736+02:00
295882465,de:11000:900052201:1:50,-0.5,2026-10-02T01:01:04.695736+02:00
295882465,de:11000:900053301:1:51,-0.9,2026-10-02T01:01:04.695736+02:00
306897271,de:12067:900311308::5,0.0,2026-10-02T01:01:04.695736+02:00
306897271,de:12067:900311380::1,0.0,2026-10-02T01:01:04.695736+02:00
306897271,de:12067:900311348::1,0.0,2026-10-02T01:01:04.695736+02:00
306897271,de:12067:900311315::1,0.0,2026-10-02T01:01:04.695736+02:00
306897271,de:12067:900311383::2,0.0,2026-10-02T01:01:04.695736+02:00
306897271,de:12067:900311305::1,0.0,2026-10-02T01:01:04.695736+02:00
306897271,de:12067:900311320::1,0.0,2026-10-02T01:01:04.695736+02:00
306897271,de:12067:900311357::1,0.0,2026-10-02T01:01:04.695736+02:00
306897271,de:12067:900311402::2,0.0,2026-10-02T01:01:04.695736+02:00
306897271,de:12067:900311405::1,0.0,2026-10-02T01:01:04.695736+02:00
306897271,de:12067:900311405::1,-8.0,2026-10-02T01:01:04.695736+02:00
306897271,de:12067:900311443::1,0.0,2026-10-02T01:01:04.695736+02:00
306897271,de:12067:900311405::1,8.0,2026-10-02T01:01:04.695736+02:00
306897271,de:12067:900311405::1,0.0,2026-10-02T01:01:04.695736+02:00
306897271,de:12067:900311227::2,0.0,2026-10-02T01:01:04.695736+02:00
306897271,de:12067:900311229::1,0.0,2026-10-02T01:01:04.695736+02:00
306897271,de:12067:900311239::1,0.0,2026-10-02T01:01:04.695736+02:00
306897271,de:12067:900311228::1,0.0,2026-10-02T01:01:04.695736+02:00
306897271,de:12067:900311269::1,0.0,2026-10-02T01:01:04.695736+02:00
306897271,de:12067:900310858::1,0.0,2026-10-02T01:01:04.695736+02:00
306897271,de:12067:900310060::2,0.0,2026-10-02T01:01:04.695736+02:00
306897271,de:12067:900310858::3,0.0,2026-10-02T01:01:04.695736+02:00
306897271,de:12067:900310935::1,0.0,2026-10-02T01:01:04.695736+02:00
306897271,de:12067:900311483::1,0.0,2026-10-02T01:01:04.695736+02:00
306897271,de:12067:900311480::1,0.0,2026-10-02T01:01:04.695736+02:00
306897271,de:12067:900311482::3,0.0,2026-10-02T01:01:04.695736+02:00
306895748,de:12067:900310805::1,0.0,2026-10-02T01:01:04.695736+02:00
306895748,de:12067:900310801::2,0.0,2026-10-02T01:01:04.695736+02:00
306895748,de:12067:900310937::2,0.0,2026-10-02T01:01:04.695736+02:00
306895748,de:12067:900310825::1,0.0,2026-10-02T01:01:04.695736+02:00
306895748,de:12067:900310792::2,0.0,2026-10-02T01:01:04.695736+02:00
306895748,de:12067:900310774::2,0.0,2026-10-02T01:01:04.695736+02:00
306895748,de:12067:900310798::2,0.0,2026-10-02T01:01:04.695736+02:00
306895748,de:12067:900311150::2,0.0,2026-10-02T01:01:04.695736+02:00
306895748,de:12067:900311135::2,0.0,2026-10-02T01:01:04.695736+02:00
306895748,de:12067:900311149::2,0.0,2026-10-02T01:01:04.695736+02:00
306895748,de:12067:900310001::11,0.0,2026-10-02T01:01:04.695736+02:00
306895897,de:12067:900311145::2,0.0,2026-10-02T01:01:04.695736+02:00
306895897,de:12067:900310817::2,0.0,2026-10-02T01:01:04.695736+02:00
306895897,de:12067:900310837::2,0.0,2026-10-02T01:01:04.695736+02:00
306895897,de:12067:900310875::2,0.0,2026-10-02T01:01:04.695736+02:00
306895897,de:12067:900310780::1,0.0,2026-10-02T01:01:04.695736+02:00
306895897,de:12067:900310796::2,0.0,2026-10-02T01:01:04.695736+02:00
306895897,de:12067:900310777::2,0.0,2026-10-02T01:01:04.695736+02:00
306895897,de:12067:900310808::2,0.0,2026-10-02T01:01:04.695736+02:00
306895897,de:12067:900310822::2,0.0,2026-10-02T01:01:04.695736+02:00
306895897,de:12067:900310781::2,0.0,2026-10-02T01:01:04.695736+02:00
306895897,de:12067:900311155::1,0.0,2026-10-02T01:01:04.695736+02:00
306895897,de:12067:900311149::2,0.0,2026-10-02T01:01:04.695736+02:00
306895897,de:12067:900310001::11,0.0,2026-10-02T01:01:04.695736+02:00
306897058,de:12067:900310925::1,0.0,2026-10-02T01:01:04.695736+02:00
306897058,de:12067:900310600::2,0.0,2026-10-02T01:01:04.695736+02:00
306897058,de:12067:900310829::1,0.0,2026-10-02T01:01:04.695736+02:00
306897058,de:12067:900310828::1,0.0,2026-10-02T01:01:04.695736+02:00
306897058,de:12067:900311080::1,0.0,2026-10-02T01:01:04.695736+02:00
306897058,de:12067:900310613::1,0.0,2026-10-02T01:01:04.695736+02:00
306897058,de:12067:900310613::1,-9.0,2026-10-02T01:01:04.695736+02:00
306897058,de:12067:900311078::2,0.0,2026-10-02T01:01:04.695736+02:00
306897058,de:12067:900311077::2,0.0,2026-10-02T01:01:04.695736+02:00
306897058,de:12067:900311077::1,0.0,2026-10-02T01:01:04.695736+02:00
306897058,de:12067:900311078::1,0.0,2026-10-02T01:01:04.695736+02:00
306897058,de:12067:900310613::1,9.0,2026-10-02T01:01:04.695736+02:00
306897058,de:12067:900310613::1,0.0,2026-10-02T01:01:04.695736+02:00
306897058,de:12067:900311076::2,0.0,2026-10-02T01:01:04.695736+02:00
306897058,de:12067:900311009::1,0.0,2026-10-02T01:01:04.695736+02:00
306897058,de:12067:900311079::1,0.0,2026-10-02T01:01:04.695736+02:00
306897058,de:12067:900310731::1,0.0,2026-10-02T01:01:04.695736+02:00
306897058,de:12067:900310700::1,0.0,2026-10-02T01:01:04.695736+02:00
306897058,de:12067:900310941::1,0.0,2026-10-02T01:01:04.695736+02:00
306897058,de:12067:900311016::1,0.0,2026-10-02T01:01:04.695736+02:00
306897058,de:12067:900310921::1,0.0,2026-10-02T01:01:04.695736+02:00
306897058,de:12067:900310940::1,0.0,2026-10-02T01:01:04.695736+02:00
307431126,de:12063:900210001:1:50,0.0,2026-10-02T01:01:04.695736+02:00
307431126,de:12054:900220012:1:50,0.0,2026-10-02T01:01:04.695736+02:00
307431126,de:12054:900220010:2:51,0.0,2026-10-02T01:01:04.695736+02:00
307431126,de:12054:900230007:2:52,0.0,2026-10-02T01:01:04.695736+02:00
307431126,de:12054:900230006:2:51,0.0,2026-10-02T01:01:04.695736+02:00
307431126,de:12054:900230999:2:53,0.0,2026-10-02T01:01:04.695736+02:00
307431126,de:12054:900230003:4:53,0.0,2026-10-02T01:01:04.695736+02:00
307431126,de:11000:900053301:3:55,0.0,2026-10-02T01:01:04.695736+02:00
307431126,de:11000:900024101:2:52,0.0,2026-10-02T01:01:04.695736+02:00
307431126,de:11000:900029101:2:52,0.0,2026-10-02T01:01:04.695736+02:00
307431126,de:12063:900210010:1:50,0.0,2026-10-02T01:01:04.695736+02:00
307431126,de:12065:900200000:1:51,0.0,2026-10-02T01:01:04.695736+02:00
307431117,de:12063:900210001:1:50,0.0,2026-10-02T01:01:04.695736+02:00
307431117,de:12054:900220012:1:50,0.0,2026-10-02T01:01:04.695736+02:00
307431117,de:12054:900220010:2:51,0.0,2026-10-02T01:01:04.695736+02:00
307431117,de:12054:900230007:2:52,0.0,2026-10-02T01:01:04.695736+02:00
307431117,de:12054:900230006:2:51,0.0,2026-10-02T01:01:04.695736+02:00
307431117,de:12054:900230999:2:53,0.0,2026-10-02T01:01:04.695736+02:00
307431117,de:12054:900230003:4:53,0.0,2026-10-02T01:01:04.695736+02:00
307431117,de:11000:900053301:3:55,0.0,2026-10-02T01:01:04.695736+02:00
307431117,de:11000:900024101:2:52,0.0,2026-10-02T01:01:04.695736+02:00
307431117,de:11000:900029101:2:52,0.0,2026-10-02T01:01:04.695736+02:00
307431117,de:12063:900210010:1:50,0.0,2026-10-02T01:01:04.695736+02:00
307431117,de:12065:900200000:1:51,0.0,2026-10-02T01:01:04.695736+02:00
307437553,de:12062:900415345:4:55,0.0,2026-10-02T01:01:04.695736+02:00
307437553,de:12062:900415467:2:51,0.0,2026-10-02T01:01:04.695736+02:00
307437553,de:12062:900415357:1:50,0.0,2026-10-02T01:01:04.695736+02:00
307437553,de:12062:900415466:1:50,0.0,2026-10-02T01:01:04.695736+02:00
307437553,de:12062:900415112:4:53,0.0,2026-10-02T01:01:04.695736+02:00
307437553,de:12062:900415005:1:50,0.0,2026-10-02T01:01:04.695736+02:00
307437553,de:12066:900435527:2:51,0.0,2026-10-02T01:01:04.695736+02:00
307437553,de:12066:900435459:2:51,0.0,2026-10-02T01:01:04.695736+02:00
307437553,de:12071:900445885:2:51,0.0,2026-10-02T01:01:04.695736+02:00
307437553,de:12052:900470000:3:54,0.0,2026-10-02T01:01:04.695736+02:00
307437553,de:12052:900470001:2:51,0.0,2026-10-02T01:01:04.695736+02:00
307437553,de:12052:900470163:2:51,0.0,2026-10-02T01:01:04.695736+02:00
307437553,de:12052:900470307:2:51,0.0,2026-10-02T01:01:04.695736+02:00
307437553,de:12071:900446411:2:51,0.0,2026-10-02T01:01:04.695736+02:00
307437553,de:12071:900446103:2:51,0.0,2026-10-02T01:01:04.695736+02:00
307437553,de:12071:900445750:1:50,0.0,2026-10-02T01:01:04.695736+02:00
307437553,de:12071:900445751:1:50,0.0,2026-10-02T01:01:04.695736+02:00
307437553,de:12071:900445801:1:50,0.0,2026-10-02T01:01:04.695736+02:00
307437553,de:12071:900445593:2:52,0.0,2026-10-02T01:01:04.695736+02:00
307437553,de:12067:900311250:1:50,0.0,2026-10-02T01:01:04.695736+02:00
307437553,de:12067:900311612:1:50,0.0,2026-10-02T01:01:04.695736+02:00
307437553,de:12067:900310601:1:51,0.0,2026-10-02T01:01:04.695736+02:00
307437553,de:12067:900311307:1:51,0.0,2026-10-02T01:01:04.695736+02:00
307437553,de:12067:900311631:1:51,0.0,2026-10-02T01:01:04.695736+02:00
307437553,de:12067:900311620:2:51,0.0,2026-10-02T01:01:04.695736+02:00
307437553,de:12067:900311232:2:51,0.0,2026-10-02T01:01:04.695736+02:00
307437553,de:12067:900311233:2:51,0.0,2026-10-02T01:01:04.695736+02:00
307437553,de:12053:900360000:3:54,0.0,2026-10-02T01:01:04.695736+02:00
306896643,de:12067:900310611::1,0.0,2026-10-02T01:01:04.695736+02:00
306896643,de:12067:900311058::2,0.0,2026-10-02T01:01:04.695736+02:00
306896643,de:12067:900311110::4,0.0,2026-10-02T01:01:04.695736+02:00
306896643,de:12067:900311059::2,0.0,2026-10-02T01:01:04.695736+02:00
306896643,de:12067:900311069::1,0.0,2026-10-02T01:01:04.695736+02:00
306896643,de:12067:900311118::1,0.0,2026-10-02T01:01:04.695736+02:00
306896643,de:12067:900310966::1,0.0,2026-10-02T01:01:04.695736+02:00
306896643,de:12067:900310997::1,0.0,2026-10-02T01:01:04.695736+02:00
306896643,de:12067:900310998::1,0.0,2026-10-02T01:01:04.695736+02:00
306896643,de:12067:900310997::2,0.0,2026-10-02T01:01:04.695736+02:00
306896643,de:12067:900310966::2,0.0,2026-10-02T01:01:04.695736+02:00
306896643,de:12067:900311118::2,0.0,2026-10-02T01:01:04.695736+02:00
306896643,de:12067:900310904::2,0.0,2026-10-02T01:01:04.695736+02:00
306896643,de:12067:900310991::2,0.0,2026-10-02T01:01:04.695736+02:00
306896643,de:12067:900310990::1,0.0,2026-10-02T01:01:04.695736+02:00
306896643,de:12067:900310989::2,0.0,2026-10-02T01:01:04.695736+02:00
306896643,de:12067:900310992::2,-0.5,2026-10-02T01:01:04.695736+02:00
306896643,de:12067:900310995::1,0.0,2026-10-02T01:01:04.695736+02:00
306896643,de:12067:900310779::2,0.0,2026-10-02T01:01:04.695736+02:00
306896643,de:12067:900310808::2,0.0,2026-10-02T01:01:04.695736+02:00
306896643,de:12067:900310822::2,0.0,2026-10-02T01:01:04.695736+02:00
306896643,de:12067:900310781::2,0.0,2026-10-02T01:01:04.695736+02:00
306896643,de:12067:900310627::2,0.0,2026-10-02T01:01:04.695736+02:00
306896643,de:12067:900310816::2,0.0,2026-10-02T01:01:04.695736+02:00
306896643,de:12067:900310022::1,0.0,2026-10-02T01:01:04.695736+02:00
306896643,de:12067:900310001::11,0.0,2026-10-02T01:01:04.695736+02:00
307437787,de:12071:900445360:1:50,0.0,2026-10-02T01:01:04.695736+02:00
307437787,de:12066:900435347:1:50,0.0,2026-10-02T01:01:04.695736+02:00
307437787,de:12066:900435800:1:50,0.0,2026-10-02T01:01:04.695736+02:00
307437787,de:12066:900435001:2:52,0.0,2026-10-02T01:01:04.695736+02:00
307437787,de:12066:900435000:2:52,0.0,2026-10-02T01:01:04.695736+02:00
307437787,de:12066:900435802:2:51,0.0,2026-10-02T01:01:04.695736+02:00
307437787,de:12066:900435061:2:51,0.0,2026-10-02T01:01:04.695736+02:00
307437787,de:12066:900435203:2:51,0.0,2026-10-02T01:01:04.695736+02:00
307437787,de:12062:900416008:1:50,0.0,2026-10-02T01:01:04.695736+02:00
307437787,de:12062:900415167:1:50,0.0,2026-10-02T01:01:04.695736+02:00
307437787,de:12062:900415240:1:50,0.0,2026-10-02T01:01:04.695736+02:00
307437787,de:12062:900415345:2:52,0.0,2026-10-02T01:01:04.695736+02:00
307435509,de:11000:900003200:1:50,0.0,2026-10-02T01:01:04.695736+02:00
307435509,de:11000:900100020:1:50,0.0,2026-10-02T01:01:04.695736+02:00
307435509,de:11000:900058101:2:52,0.0,2026-10-02T01:01:04.695736+02:00
307435509,de:12061:900260009:2:54,0.0,2026-10-02T01:01:04.695736+02:00
307435345,de:12061:900260009:2:54,0.0,2026-10-02T01:01:04.695736+02:00
307435345,de:11000:900058101:4:57,0.0,2026-10-02T01:01:04.695736+02:00
307435345,de:11000:900100020:2:53,0.0,2026-10-02T01:01:04.695736+02:00
307435345,de:11000:900003200:4:57,0.0,2026-10-02T01:01:04.695736+02:00
307440150,de:12065:900200000:1:51,0.0,2026-10-02T01:01:04.695736+02:00
307440150,de:12065:900200004:1:50,0.0,2026-10-02T01:01:04.695736+02:00
307440150,de:12065:900204003:1:50,0.0,2026-10-02T01:01:04.695736+02:00
307440150,de:12065:900203671:1:50,0.0,2026-10-02T01:01:04.695736+02:00
307440150,de:12065:900204001:1:50,0.0,2026-10-02T01:01:04.695736+02:00
307440150,de:12065:900203452:1:51,0.0,2026-10-02T01:01:04.695736+02:00
307440217,de:12065:900200004:1:50,0.0,2026-10-02T01:01:04.695736+02:00
307440217,de:12065:900200000:1:51,0.0,2026-10-02T01:01:04.695736+02:00
307430393,de:11000:900029101:2:53,0.0,2026-10-02T01:01:04.695736+02:00
307430393,de:11000:900037168:1:50,0.0,2026-10-02T01:01:04.695736+02:00
307430393,de:12063:900210180:1:50,0.0,2026-10-02T01:01:04.695736+02:00
307430393,de:12063:900210010:1:50,0.0,2026-10-02T01:01:04.695736+02:00
307430393,de:12063:900210011:1:50,0.0,2026-10-02T01:01:04.695736+02:00
307430393,de:12063:900210326:1:50,0.0,2026-10-02T01:01:04.695736+02:00
307430393,de:12063:900210005:2:53,0.0,2026-10-02T01:01:04.695736+02:00
306897134,de:12067:900311565::2,0.0,2026-10-02T01:01:04.695736+02:00
306897134,de:12067:900311224::2,0.0,2026-10-02T01:01:04.695736+02:00
306897134,de:12067:900311225::2,0.0,2026-10-02T01:01:04.695736+02:00
306897134,de:12067:900311419::2,0.0,2026-10-02T01:01:04.695736+02:00
306897134,de:12067:900311221::4,0.0,2026-10-02T01:01:04.695736+02:00
306897134,de:12067:900311221::2,0.0,2026-10-02T01:01:04.695736+02:00
306897134,de:12067:900311430::1,0.0,2026-10-02T01:01:04.695736+02:00
306897134,de:12067:900311221::1,0.0,2026-10-02T01:01:04.695736+02:00
306897134,de:12067:900311520::2,0.0,2026-10-02T01:01:04.695736+02:00
306897134,de:12067:900311563::1,0.0,2026-10-02T01:01:04.695736+02:00
306897134,de:12067:900311512::2,0.0,2026-10-02T01:01:04.695736+02:00
306897134,de:12067:900311510::2,0.0,2026-10-02T01:01:04.695736+02:00
306897134,de:12067:900311511::2,0.0,2026-10-02T01:01:04.695736+02:00
306897134,de:12067:900310601::2,0.0,2026-10-02T01:01:04.695736+02:00
306897134,de:12067:900311364::2,0.0,2026-10-02T01:01:04.695736+02:00
306897134,de:12067:900311371::2,0.0,2026-10-02T01:01:04.695736+02:00
306897134,de:12067:900311349::2,0.0,2026-10-02T01:01:04.695736+02:00
306897134,de:12067:900311350::2,0.0,2026-10-02T01:01:04.695736+02:00
306897134,de:12067:900311348::2,0.0,2026-10-02T01:01:04.695736+02:00
306897134,de:12067:900311308::4,0.0,2026-10-02T01:01:04.695736+02:00
307436782,de:12069:900220143:1:50,0.0,2026-10-02T01:01:04.695736+02:00
307436782,de:12069:900220142:2:51,0.0,2026-10-02T01:01:04.695736+02:00
307436782,de:12069:900220141:2:51,0.0,2026-10-02T01:01:04.695736+02:00
307436782,de:12069:900222030:2:51,0.0,2026-10-02T01:01:04.695736+02:00
307436782,de:12069:900220005:2:51,0.0,2026-10-02T01:01:04.695736+02:00
307436782,de:12069:900220004:2:51,0.0,2026-10-02T01:01:04.695736+02:00
307436782,de:12069:900220003:1:51,0.0,2026-10-02T01:01:04.695736+02:00
307436782,de:12069:900220006:2:51,0.0,2026-10-02T01:01:04.695736+02:00
307436782,de:12069:900220008:2:51,0.0,2026-10-02T01:01:04.695736+02:00
307436782,de:12054:900230001:2:51,0.0,2026-10-02T01:01:04.695736+02:00
307436782,de:11000:900053301:3:55,0.0,2026-10-02T01:01:04.695736+02:00
307435944,de:11000:900053301:3:54,0.0,2026-10-02T01:01:04.695736+02:00
307435944,de:12054:900230001:1:50,0.0,2026-10-02T01:01:04.695736+02:00
307435944,de:12069:900220008:1:50,0.0,2026-10-02T01:01:04.695736+02:00
307435944,de:12069:900220006:1:50,0.0,2026-10-02T01:01:04.695736+02:00
307435944,de:12069:900220003:1:50,0.0,2026-10-02T01:01:04.695736+02:00
307435944,de:12069:900220004:1:50,0.0,2026-10-02T01:01:04.695736+02:00
307435944,de:12069:900220005:1:50,0.0,2026-10-02T01:01:04.695736+02:00
307435944,de:12069:900222030:1:50,0.0,2026-10-02T01:01:04.695736+02:00
295893016,de:11000:900100020:3:55,0.0,2026-10-02T01:01:04.695736+02:00
295893016,de:11000:900012101:1:51,0.0,2026-10-02T01:01:04.695736+02:00
295893016,de:11000:900058103:1:50,-0.8,2026-10-02T01:01:04.695736+02:00
295893016,de:11000:900058101:1:50,-0.4,2026-10-02T01:01:04.695736+02:00
295893016,de:11000:900058102:1:50,-0.4,2026-10-02T01:01:04.695736+02:00
295893016,de:11000:900068301:1:50,-0.7,2026-10-02T01:01:04.695736+02:00
295893016,de:11000:900073101:1:50,-0.9,2026-10-02T01:01:04.695736+02:00
295893016,de:11000:900072101:1:50,-0.2,2026-10-02T01:01:04.695736+02:00
295893016,de:11000:900074202:1:50,-0.2,2026-10-02T01:01:04.695736+02:00
295893016,de:11000:900074201:1:50,-0.4,2026-10-02T01:01:04.695736+02:00
295893016,de:12072:900245028:1:51,-0.9,2026-10-02T01:01:04.695736+02:00
295893016,de:12072:900245027:2:52,-0.9,2026-10-02T01:01:04.695736+02:00
295892959,de:12060:900350160:1:51,0.0,2026-10-02T01:01:04.695736+02:00
295892959,de:12060:900350161:1:50,-0.3,2026-10-02T01:01:04.695736+02:00
295892959,de:12060:900350163:1:50,-0.1,2026-10-02T01:01:04.695736+02:00
295892959,de:12060:900350162:1:50,-0.8,2026-10-02T01:01:04.695736+02:00
295892959,de:11000:900135001:1:50,-0.3,2026-10-02T01:01:04.695736+02:00
295892959,de:11000:900143001:1:51,-0.8,2026-10-02T01:01:04.695736+02:00
295892959,de:11000:900142001:1:51,-0.3,2026-10-02T01:01:04.695736+02:00
295892959,de:11000:900130001:1:51,-0.8,2026-10-02T01:01:04.695736+02:00
295892959,de:11000:900130002:1:51,-0.3,2026-10-02T01:01:04.695736+02:00
295892959,de:11000:900110011:1:51,-0.7,2026-10-02T01:01:04.695736+02:00
295892959,de:11000:900007102:1:50,-0.7,2026-10-02T01:01:04.695736+02:00
295892959,de:11000:900008101:1:50,-0.5,2026-10-02T01:01:04.695736+02:00
295892959,de:11000:900007104:1:51,-0.2,2026-10-02T01:01:04.695736+02:00
295892959,de:11000:900100007:1:50,-0.2,2026-10-02T01:01:04.695736+02:00
295892959,de:11000:900100001:4:56,0.0,2026-10-02T01:01:04.695736+02:00
295892959,de:11000:900100025:1:50,-0.9,2026-10-02T01:01:04.695736+02:00
295892959,de:11000:900100020:3:54,-0.9,2026-10-02T01:01:04.695736+02:00
295892959,de:11000:900012101:1:51,0.0,2026-10-02T01:01:04.695736+02:00
295892959,de:11000:900058103:1:50,-0.8,2026-10-02T01:01:04.695736+02:00
295892959,de:11000:900058101:1:50,-0.4,2026-10-02T01:01:04.695736+02:00
295892959,de:11000:900058102:1:50,-0.4,2026-10-02T01:01:04.695736+02:00
295892959,de:11000:900068301:1:50,-0.7,2026-10-02T01:01:04.695736+02:00
295892959,de:11000:900073101:1:50,-0.9,2026-10-02T01:01:04.695736+02:00
295892959,de:11000:900072101:1:50,-0.2,2026-10-02T01:01:04.695736+02:00
295892959,de:11000:900074202:1:50,-0.2,2026-10-02T01:01:04.695736+02:00
295892959,de:11000:900074201:1:50,-0.4,2026-10-02T01:01:04.695736+02:00
295892959,de:12072:900245028:1:51,-0.9,2026-10-02T01:01:04.695736+02:00
295892959,de:12072:900245027:2:52,-0.9,2026-10-02T01:01:04.695736+02:00
295893088,de:12072:900245027:2:52,0.0,2026-10-02T01:01:04.695736+02:00
295893088,de:12072:900245028:1:50,-0.9,2026-10-02T01:01:04.695736+02:00
295893088,de:11000:900074201:1:50,-0.9,2026-10-02T01:01:04.695736+02:00
295893088,de:11000:900074202:2:51,-0.1,2026-10-02T01:01:04.695736+02:00
295893088,de:11000:900072101:2:51,-0.1,2026-10-02T01:01:04.695736+02:00
295893088,de:11000:900073101:1:51,-0.4,2026-10-02T01:01:04.695736+02:00
295893088,de:11000:900068301:1:51,-0.7,2026-10-02T01:01:04.695736+02:00
295893088,de:11000:900058102:2:51,-0.7,2026-10-02T01:01:04.695736+02:00
295893088,de:11000:900058101:1:51,-0.3,2026-10-02T01:01:04.695736+02:00
295893088,de:11000:900058103:1:51,-0.1,2026-10-02T01:01:04.695736+02:00
295893088,de:11000:900012101:2:53,-0.7,2026-10-02T01:01:04.695736+02:00
295893088,de:11000:900100020:4:57,-0.8,2026-10-02T01:01:04.695736+02:00
295893088,de:11000:900100025:1:51,-0.9,2026-10-02T01:01:04.695736+02:00
295893088,de:11000:900100001:4:57,-0.6,2026-10-02T01:01:04.695736+02:00
295893088,de:11000:900100007:1:51,-0.7,2026-10-02T01:01:04.695736+02:00
295893088,de:11000:900007104:2:52,-0.7,2026-10-02T01:01:04.695736+02:00
295893088,de:11000:900008101:1:51,-0.4,2026-10-02T01:01:04.695736+02:00
295893088,de:11000:900007102:2:53,-0.1,2026-10-02T01:01:04.695736+02:00
295893088,de:11000:900110011:2:52,-0.4,2026-10-02T01:01:04.695736+02:00
295893088,de:11000:900130002:1:50,-0.7,2026-10-02T01:01:04.695736+02:00
295893088,de:11000:900130001:1:50,-0.4,2026-10-02T01:01:04.695736+02:00
295893088,de:11000:900142001:1:50,-0.9,2026-10-02T01:01:04.695736+02:00
295893088,de:11000:900143001:1:51,-0.7,2026-10-02T01:01:04.695736+02:00
295893088,de:11000:900135001:1:50,-0.4,2026-10-02T01:01:04.695736+02:00
295893088,de:12060:900350162:1:50,0.0,2026-10-02T01:01:04.695736+02:00
295893088,de:12060:900350163:1:51,-0.4,2026-10-02T01:01:04.695736+02:00
295893088,de:12060:900350161:1:50,-0.7,2026-10-02T01:01:04.695736+02:00
295893088,de:12060:900350160:1:51,-0.4,2026-10-02T01:01:04.695736+02:00
307430044,de:12061:900260009:2:53,0.0,2026-10-02T01:01:04.695736+02:00
307430044,de:11000:900058101:4:57,0.0,2026-10-02T01:01:04.695736+02:00
307430044,de:11000:900100020:2:53,0.0,2026-10-02T01:01:04.695736+02:00
307430044,de:11000:900003200:3:55,0.0,2026-10-02T01:01:04.695736+02:00
295900390,de:12069:900220114:1:51,0.0,2026-10-02T01:01:04.695736+02:00
295900390,de:11000:900064201:1:51,-0.1,2026-10-02T01:01:04.695736+02:00
295900390,de:11000:900064256:1:51,0.0,2026-10-02T01:01:04.695736+02:00
295900390,de:11000:900064301:3:53,-0.3,2026-10-02T01:01:04.695736+02:00
295900390,de:11000:900067221:1:50,-0.3,2026-10-02T01:01:04.695736+02:00
295900390,de:11000:900063452:1:51,-0.4,2026-10-02T01:01:04.695736+02:00
295900390,de:11000:900058102:2:53,-0.5,2026-10-02T01:01:04.695736+02:00
295900390,de:11000:900058101:1:51,-0.3,2026-10-02T01:01:04.695736+02:00
295900390,de:11000:900058103:1:51,0.0,2026-10-02T01:01:04.695736+02:00
295900390,de:11000:900012101:2:53,-0.7,2026-10-02T01:01:04.695736+02:00
295900390,de:11000:900100020:4:57,-0.8,2026-10-02T01:01:04.695736+02:00
295900390,de:11000:900100025:1:51,-0.9,2026-10-02T01:01:04.695736+02:00
295900390,de:11000:900100001:4:57,-0.6,2026-10-02T01:01:04.695736+02:00
295900390,de:11000:900100007:1:51,-0.7,2026-10-02T01:01:04.695736+02:00
295900390,de:11000:900007104:2:52,-0.7,2026-10-02T01:01:04.695736+02:00
295900390,de:11000:900008101:1:51,-0.4,2026-10-02T01:01:04.695736+02:00
295900390,de:11000:900007102:2:53,-0.2,2026-10-02T01:01:04.695736+02:00
295900390,de:11000:900110011:2:53,-0.4,2026-10-02T01:01:04.695736+02:00
295900390,de:11000:900085201:1:50,-0.8,2026-10-02T01:01:04.695736+02:00
295900390,de:11000:900085105:1:50,-0.8,2026-10-02T01:01:04.695736+02:00
295900390,de:11000:900096458:1:50,-0.1,2026-10-02T01:01:04.695736+02:00
295900390,de:11000:900096405:1:50,-0.8,2026-10-02T01:01:04.695736+02:00
295900390,de:11000:900089303:1:50,-0.7,2026-10-02T01:01:04.695736+02:00
295900390,de:11000:900091205:1:50,-0.3,2026-10-02T01:01:04.695736+02:00
295900390,de:11000:900091203:1:50,-0.5,2026-10-02T01:01:04.695736+02:00
295900390,de:12065:900200000:4:54,-0.7,2026-10-02T01:01:04.695736+02:00
295900285,de:12065:900200000:4:54,0.0,2026-10-02T01:01:04.695736+02:00
295900285,de:11000:900091203:1:50,0.0,2026-10-02T01:01:04.695736+02:00
295900285,de:11000:900091205:1:50,-0.2,2026-10-02T01:01:04.695736+02:00
295900285,de:11000:900089303:1:51,-0.5,2026-10-02T01:01:04.695736+02:00
295900285,de:11000:900096405:1:50,-0.8,2026-10-02T01:01:04.695736+02:00
295900285,de:11000:900096458:1:50,-0.5,2026-10-02T01:01:04.695736+02:00
295900285,de:11000:900085105:1:50,-0.8,2026-10-02T01:01:04.695736+02:00
295900285,de:11000:900085201:1:51,0.0,2026-10-02T01:01:04.695736+02:00
295900285,de:11000:900130003:1:51,-0.8,2026-10-02T01:01:04.695736+02:00
295900285,de:11000:900110011:1:50,-0.9,2026-10-02T01:01:04.695736+02:00
295900285,de:11000:900007102:1:50,-0.7,2026-10-02T01:01:04.695736+02:00
295900285,de:11000:900008101:1:50,-0.4,2026-10-02T01:01:04.695736+02:00
295900285,de:11000:900007104:1:51,-0.2,2026-10-02T01:01:04.695736+02:00
295900285,de:11000:900100007:1:50,-0.2,2026-10-02T01:01:04.695736+02:00
295900285,de:11000:900100001:4:56,0.0,2026-10-02T01:01:04.695736+02:00
295900285,de:11000:900100025:1:50,-0.9,2026-10-02T01:01:04.695736+02:00
295900285,de:11000:900100020:3:54,-0.9,2026-10-02T01:01:04.695736+02:00
295900285,de:11000:900012101:1:51,0.0,2026-10-02T01:01:04.695736+02:00
295900285,de:11000:900058103:1:50,-0.7,2026-10-02T01:01:04.695736+02:00
295900285,de:11000:900058101:1:50,-0.3,2026-10-02T01:01:04.695736+02:00
295900285,de:11000:900058102:1:52,0.0,2026-10-02T01:01:04.695736+02:00
295900285,de:11000:900063452:1:50,-0.1,2026-10-02T01:01:04.695736+02:00
295900285,de:11000:900067221:1:50,-0.2,2026-10-02T01:01:04.695736+02:00
295900285,de:11000:900064301:3:52,-0.2,2026-10-02T01:01:04.695736+02:00
295900285,de:11000:900064256:1:50,-0.7,2026-10-02T01:01:04.695736+02:00
295900285,de:11000:900064201:1:50,-0.6,2026-10-02T01:01:04.695736+02:00
295900285,de:12069:900220114:1:51,-0.9,2026-10-02T01:01:04.695736+02:00
295896138,de:11000:900135001:1:50,0.0,2026-10-02T01:01:04.695736+02:00
295896138,de:11000:900143001:1:51,-0.8,2026-10-02T01:01:04.695736+02:00
295896138,de:11000:900142001:1:51,-0.3,2026-10-02T01:01:04.695736+02:00
295896138,de:11000:900130001:1:51,-0.8,2026-10-02T01:01:04.695736+02:00
295896138,de:11000:900130002:1:51,-0.3,2026-10-02T01:01:04.695736+02:00
295896138,de:11000:900110011:1:51,-0.7,2026-10-02T01:01:04.695736+02:00
295896138,de:11000:900007102:1:50,-0.7,2026-10-02T01:01:04.695736+02:00
295896138,de:11000:900008101:1:50,-0.5,2026-10-02T01:01:04.695736+02:00
295896138,de:11000:900007104:1:51,-0.2,2026-10-02T01:01:04.695736+02:00
295896138,de:11000:900100007:1:50,-0.2,2026-10-02T01:01:04.695736+02:00
295896138,de:11000:900100001:4:56,0.0,2026-10-02T01:01:04.695736+02:00
295896138,de:11000:900100025:1:50,-0.9,2026-10-02T01:01:04.695736+02:00
295896138,de:11000:900100020:3:54,-0.9,2026-10-02T01:01:04.695736+02:00
295896138,de:11000:900012101:1:51,0.0,2026-10-02T01:01:04.695736+02:00
295896138,de:11000:900058103:1:50,-0.8,2026-10-02T01:01:04.695736+02:00
295896138,de:11000:900058101:1:50,-0.4,2026-10-02T01:01:04.695736+02:00
295896138,de:11000:900058102:1:50,-0.4,2026-10-02T01:01:04.695736+02:00
295896138,de:11000:900068301:1:50,-0.7,2026-10-02T01:01:04.695736+02:00
295896138,de:11000:900073101:1:50,-0.9,2026-10-02T01:01:04.695736+02:00
295896138,de:11000:900072101:1:50,-0.2,2026-10-02T01:01:04.695736+02:00
295896138,de:11000:900074202:1:50,-0.2,2026-10-02T01:01:04.695736+02:00
295896138,de:11000:900074201:1:50,-0.4,2026-10-02T01:01:04.695736+02:00
295896229,de:11000:900074201:1:50,0.0,2026-10-02T01:01:04.695736+02:00
295896229,de:11000:900074202:2:51,-0.1,2026-10-02T01:01:04.695736+02:00
295896229,de:11000:900072101:2:51,-0.1,2026-10-02T01:01:04.695736+02:00
295896229,de:11000:900073101:1:51,-0.4,2026-10-02T01:01:04.695736+02:00
295896229,de:11000:900068301:1:51,-0.7,2026-10-02T01:01:04.695736+02:00
295896229,de:11000:900058102:2:51,-0.7,2026-10-02T01:01:04.695736+02:00
295896229,de:11000:900058101:1:51,-0.3,2026-10-02T01:01:04.695736+02:00
295896229,de:11000:900058103:1:51,-0.1,2026-10-02T01:01:04.695736+02:00
295896229,de:11000:900012101:2:53,-0.7,2026-10-02T01:01:04.695736+02:00
295896229,de:11000:900100020:4:57,-0.8,2026-10-02T01:01:04.695736+02:00
295896229,de:11000:900100025:1:51,-0.9,2026-10-02T01:01:04.695736+02:00
295896229,de:11000:900100001:4:57,-0.6,2026-10-02T01:01:04.695736+02:00
295896229,de:11000:900100007:1:51,-0.7,2026-10-02T01:01:04.695736+02:00
295896229,de:11000:900007104:2:52,-0.7,2026-10-02T01:01:04.695736+02:00
295896229,de:11000:900008101:1:51,-0.4,2026-10-02T01:01:04.695736+02:00
295896229,de:11000:900007102:2:53,-0.1,2026-10-02T01:01:04.695736+02:00
295896229,de:11000:900110011:2:52,-0.4,2026-10-02T01:01:04.695736+02:00
295896229,de:11000:900130002:1:50,-0.7,2026-10-02T01:01:04.695736+02:00
295896229,de:11000:900130001:1:50,-0.4,2026-10-02T01:01:04.695736+02:00
295896229,de:11000:900142001:1:50,-0.9,2026-10-02T01:01:04.695736+02:00
295896229,de:11000:900143001:1:51,-0.7,2026-10-02T01:01:04.695736+02:00
295896229,de:11000:900135001:1:50,-0.4,2026-10-02T01:01:04.695736+02:00
295896183,de:11000:900074201:1:50,0.0,2026-10-02T01:01:04.695736+02:00
295896183,de:11000:900074202:2:51,-0.1,2026-10-02T01:01:04.695736+02:00
295896183,de:11000:900072101:2:51,-0.1,2026-10-02T01:01:04.695736+02:00
295896183,de:11000:900073101:1:51,-0.4,2026-10-02T01:01:04.695736+02:00
295896183,de:11000:900068301:1:51,-0.7,2026-10-02T01:01:04.695736+02:00
295896183,de:11000:900058102:2:51,-0.7,2026-10-02T01:01:04.695736+02:00
295896183,de:11000:900058101:1:51,-0.3,2026-10-02T01:01:04.695736+02:00
295896183,de:11000:900058103:1:51,-0.1,2026-10-02T01:01:04.695736+02:00
295896183,de:11000:900012101:2:53,-0.7,2026-10-02T01:01:04.695736+02:00
295896183,de:11000:900100020:4:57,-0.8,2026-10-02T01:01:04.695736+02:00
295896183,de:11000:900100025:1:51,-0.9,2026-10-02T01:01:04.695736+02:00
295896183,de:11000:900100001:4:57,-0.6,2026-10-02T01:01:04.695736+02:00
295896183,de:11000:900100007:1:51,-0.7,2026-10-02T01:01:04.695736+02:00
295896183,de:11000:900007104:2:52,-0.7,2026-10-02T01:01:04.695736+02:00
295896183,de:11000:900008101:1:51,-0.4,2026-10-02T01:01:04.695736+02:00
295896183,de:11000:900007102:2:53,-0.1,2026-10-02T01:01:04.695736+02:00
295896183,de:11000:900110011:2:52,-0.4,2026-10-02T01:01:04.695736+02:00
295896183,de:11000:900130002:1:50,-0.7,2026-10-02T01:01:04.695736+02:00
295896183,de:11000:900130001:1:50,-0.4,2026-10-02T01:01:04.695736+02:00
295896183,de:11000:900142001:1:50,-0.9,2026-10-02T01:01:04.695736+02:00
295896183,de:11000:900143001:1:51,-0.7,2026-10-02T01:01:04.695736+02:00
295896183,de:11000:900135001:1:50,-0.4,2026-10-02T01:01:04.695736+02:00
295896059,de:11000:900135001:1:50,0.0,2026-10-02T01:01:04.695736+02:00
295896059,de:11000:900143001:1:51,-0.8,2026-10-02T01:01:04.695736+02:00
295896059,de:11000:900142001:1:51,-0.3,2026-10-02T01:01:04.695736+02:00
295896059,de:11000:900130001:1:51,-0.8,2026-10-02T01:01:04.695736+02:00
295896059,de:11000:900130002:1:51,-0.3,2026-10-02T01:01:04.695736+02:00
295896059,de:11000:900110011:1:51,-0.7,2026-10-02T01:01:04.695736+02:00
295896059,de:11000:900007102:1:50,-0.7,2026-10-02T01:01:04.695736+02:00
295896059,de:11000:900008101:1:50,-0.5,2026-10-02T01:01:04.695736+02:00
295896059,de:11000:900007104:1:51,-0.2,2026-10-02T01:01:04.695736+02:00
295896059,de:11000:900100007:1:50,-0.2,2026-10-02T01:01:04.695736+02:00
295896059,de:11000:900100001:4:56,0.0,2026-10-02T01:01:04.695736+02:00
295896059,de:11000:900100025:1:50,-0.9,2026-10-02T01:01:04.695736+02:00
295896059,de:11000:900100020:3:54,-0.9,2026-10-02T01:01:04.695736+02:00
295896059,de:11000:900012101:1:51,0.0,2026-10-02T01:01:04.695736+02:00
295896059,de:11000:900058103:1:50,-0.8,2026-10-02T01:01:04.695736+02:00
295896059,de:11000:900058101:1:50,-0.4,2026-10-02T01:01:04.695736+02:00
295896059,de:11000:900058102:1:50,-0.4,2026-10-02T01:01:04.695736+02:00
295896059,de:11000:900068301:1:50,-0.7,2026-10-02T01:01:04.695736+02:00
295896059,de:11000:900073101:1:50,-0.9,2026-10-02T01:01:04.695736+02:00
295896059,de:11000:900072101:1:50,-0.2,2026-10-02T01:01:04.695736+02:00
295896059,de:11000:900074202:1:50,-0.2,2026-10-02T01:01:04.695736+02:00
295896059,de:11000:900074201:1:50,-0.4,2026-10-02T01:01:04.695736+02:00
295896154,de:11000:900074201:1:50,0.0,2026-10-02T01:01:04.695736+02:00
295896154,de:11000:900074202:2:51,-0.1,2026-10-02T01:01:04.695736+02:00
295896154,de:11000:900072101:2:51,-0.1,2026-10-02T01:01:04.695736+02:00
295896154,de:11000:900073101:1:51,-0.4,2026-10-02T01:01:04.695736+02:00
295896154,de:11000:900068301:1:51,-0.7,2026-10-02T01:01:04.695736+02:00
295896154,de:11000:900058102:2:51,-0.7,2026-10-02T01:01:04.695736+02:00
295896154,de:11000:900058101:1:51,-0.3,2026-10-02T01:01:04.695736+02:00
295896154,de:11000:900058103:1:51,-0.1,2026-10-02T01:01:04.695736+02:00
295896154,de:11000:900012101:2:53,-0.7,2026-10-02T01:01:04.695736+02:00
295896154,de:11000:900100020:4:57,-0.8,2026-10-02T01:01:04.695736+02:00
295896154,de:11000:900100025:1:51,-0.9,2026-10-02T01:01:04.695736+02:00
295896154,de:11000:900100001:4:57,-0.6,2026-10-02T01:01:04.695736+02:00
295896154,de:11000:900100007:1:51,-0.7,2026-10-02T01:01:04.695736+02:00
295896154,de:11000:900007104:2:52,-0.7,2026-10-02T01:01:04.695736+02:00
295896154,de:11000:900008101:1:51,-0.4,2026-10-02T01:01:04.695736+02:00
295896154,de:11000:900007102:2:53,-0.1,2026-10-02T01:01:04.695736+02:00
295896154,de:11000:900110011:2:52,-0.4,2026-10-02T01:01:04.695736+02:00
295896154,de:11000:900130002:1:50,-0.7,2026-10-02T01:01:04.695736+02:00
295896154,de:11000:900130001:1:50,-0.4,2026-10-02T01:01:04.695736+02:00
295896154,de:11000:900142001:1:50,-0.9,2026-10-02T01:01:04.695736+02:00
295896154,de:11000:900143001:1:51,-0.7,2026-10-02T01:01:04.695736+02:00
295896154,de:11000:900135001:1:50,-0.4,2026-10-02T01:01:04.695736+02:00
307261753,de:11000:900074201:1:50,0.0,2026-10-02T01:01:04.695736+02:00
307261753,de:11000:900074202:2:51,-0.1,2026-10-02T01:01:04.695736+02:00
307261753,de:11000:900072101:2:51,-0.1,2026-10-02T01:01:04.695736+02:00
307261753,de:11000:900073101:1:51,-0.4,2026-10-02T01:01:04.695736+02:00
307261753,de:11000:900068301:1:51,-0.7,2026-10-02T01:01:04.695736+02:00
307261753,de:11000:900058102:2:51,-0.7,2026-10-02T01:01:04.695736+02:00
307261753,de:11000:900058101:1:51,-0.3,2026-10-02T01:01:04.695736+02:00
307261753,de:11000:900058103:1:51,-0.1,2026-10-02T01:01:04.695736+02:00
307261753,de:11000:900012101:2:53,-0.7,2026-10-02T01:01:04.695736+02:00
307261753,de:11000:900100020:4:57,-0.8,2026-10-02T01:01:04.695736+02:00
307261753,de:11000:900100025:1:51,-0.9,2026-10-02T01:01:04.695736+02:00
307261753,de:11000:900100001:4:57,-0.6,2026-10-02T01:01:04.695736+02:00
307261753,de:11000:900100007:1:51,-0.7,2026-10-02T01:01:04.695736+02:00
307261753,de:11000:900007104:2:52,-0.7,2026-10-02T01:01:04.695736+02:00
307261753,de:11000:900008101:1:51,-0.4,2026-10-02T01:01:04.695736+02:00
307261753,de:11000:900007102:2:53,-0.1,2026-10-02T01:01:04.695736+02:00
307261753,de:11000:900110011:2:52,-0.4,2026-10-02T01:01:04.695736+02:00
307261753,de:11000:900130002:1:50,-0.7,2026-10-02T01:01:04.695736+02:00
307261753,de:11000:900130001:1:50,-0.4,2026-10-02T01:01:04.695736+02:00
307261753,de:11000:900142001:1:50,-0.9,2026-10-02T01:01:04.695736+02:00
307261753,de:11000:900143001:1:51,-0.2,2026-10-02T01:01:04.695736+02:00
295903006,de:11000:900142001:1:51,0.0,2026-10-02T01:01:04.695736+02:00
295903006,de:11000:900130001:1:51,-0.2,2026-10-02T01:01:04.695736+02:00
295903006,de:11000:900130002:1:51,-0.7,2026-10-02T01:01:04.695736+02:00
295903006,de:11000:900110011:1:51,-0.2,2026-10-02T01:01:04.695736+02:00
295903006,de:11000:900007102:1:50,-0.7,2026-10-02T01:01:04.695736+02:00
295903006,de:11000:900008101:1:50,-0.4,2026-10-02T01:01:04.695736+02:00
295903006,de:11000:900007104:1:51,-0.2,2026-10-02T01:01:04.695736+02:00
295903006,de:11000:900100007:1:50,-0.2,2026-10-02T01:01:04.695736+02:00
295903006,de:11000:900100001:4:56,0.0,2026-10-02T01:01:04.695736+02:00
295903006,de:11000:900100025:1:50,-0.9,2026-10-02T01:01:04.695736+02:00
295903006,de:11000:900100020:3:54,-0.9,2026-10-02T01:01:04.695736+02:00
295903006,de:11000:900012101:1:51,0.0,2026-10-02T01:01:04.695736+02:00
295903006,de:11000:900058103:1:50,-0.7,2026-10-02T01:01:04.695736+02:00
295903006,de:11000:900058101:1:50,-0.3,2026-10-02T01:01:04.695736+02:00
295903006,de:11000:900058102:1:52,0.0,2026-10-02T01:01:04.695736+02:00
295903006,de:11000:900063452:1:50,-0.1,2026-10-02T01:01:04.695736+02:00
295903006,de:11000:900067221:1:50,-0.2,2026-10-02T01:01:04.695736+02:00
295903006,de:11000:900064301:3:52,-0.2,2026-10-02T01:01:04.695736+02:00
295903006,de:11000:900064256:1:50,-0.7,2026-10-02T01:01:04.695736+02:00
295903006,de:11000:900064201:1:50,-0.6,2026-10-02T01:01:04.695736+02:00
295903006,de:12069:900220114:1:50,-0.9,2026-10-02T01:01:04.695736+02:00
295906977,de:11000:900029101:1:50,0.0,2026-10-02T01:01:04.695736+02:00
295906977,de:11000:900030202:1:50,-0.3,2026-10-02T01:01:04.695736+02:00
295906977,de:11000:900025424:1:51,-0.2,2026-10-02T01:01:04.695736+02:00
295906977,de:11000:900025321:1:51,-0.2,2026-10-02T01:01:04.695736+02:00
295906977,de:11000:900026105:1:50,-0.4,2026-10-02T01:01:04.695736+02:00
295906977,de:11000:900025423:1:50,-0.7,2026-10-02T01:01:04.695736+02:00
295906977,de:11000:900024102:2:53,-0.7,2026-10-02T01:01:04.695736+02:00
295906977,de:11000:900024101:3:55,-0.3,2026-10-02T01:01:04.695736+02:00
295906977,de:11000:900024203:1:51,-0.8,2026-10-02T01:01:04.695736+02:00
295906977,de:11000:900023201:3:54,-0.7,2026-10-02T01:01:04.695736+02:00
295906977,de:11000:900003103:1:50,-0.8,2026-10-02T01:01:04.695736+02:00
295906977,de:11000:900003102:1:50,-0.9,2026-10-02T01:01:04.695736+02:00
295906977,de:11000:900003201:3:54,-0.5,2026-10-02T01:01:04.695736+02:00
295906977,de:11000:900100001:3:54,-0.1,2026-10-02T01:01:04.695736+02:00
295906977,de:11000:900100002:1:50,-0.4,2026-10-02T01:01:04.695736+02:00
295906977,de:11000:900100003:2:52,-0.1,2026-10-02T01:01:04.695736+02:00
295906977,de:11000:900100004:1:50,-0.4,2026-10-02T01:01:04.695736+02:00
295906977,de:11000:900120005:4:55,-0.6,2026-10-02T01:01:04.695736+02:00
295906977,de:11000:900120004:1:50,-0.1,2026-10-02T01:01:04.695736+02:00
295906977,de:11000:900120003:2:53,-0.4,2026-10-02T01:01:04.695736+02:00
295906977,de:11000:900160001:1:51,-0.4,2026-10-02T01:01:04.695736+02:00
295906977,de:11000:900160002:1:50,-0.7,2026-10-02T01:01:04.695736+02:00
295906977,de:11000:900162001:1:51,-0.3,2026-10-02T01:01:04.695736+02:00
295906977,de:11000:900180002:1:51,-0.3,2026-10-02T01:01:04.695736+02:00
295906977,de:11000:900180001:1:50,-0.7,2026-10-02T01:01:04.695736+02:00
295906977,de:11000:900182001:1:51,-0.2,2026-10-02T01:01:04.695736+02:00
295906977,de:11000:900182002:1:51,-0.4,2026-10-02T01:01:04.695736+02:00
295906977,de:11000:900183001:1:51,0.0,2026-10-02T01:01:04.695736+02:00
295906977,de:11000:900183002:1:51,-0.3,2026-10-02T01:01:04.695736+02:00
295906977,de:12067:900310004:3:52,-0.5,2026-10-02T01:01:04.695736+02:00
295907153,de:12067:900310004:3:53,0.0,2026-10-02T01:01:04.695736+02:00
295907153,de:11000:900183002:1:50,-0.1,2026-10-02T01:01:04.695736+02:00
295907153,de:11000:900183001:1:50,-0.4,2026-10-02T01:01:04.695736+02:00
295907153,de:11000:900182002:1:50,0.0,2026-10-02T01:01:04.695736+02:00
295907153,de:11000:900182001:1:50,-0.2,2026-10-02T01:01:04.695736+02:00
295907153,de:11000:900180001:1:50,-0.7,2026-10-02T01:01:04.695736+02:00
295907153,de:11000:900180002:1:50,-0.7,2026-10-02T01:01:04.695736+02:00
295907153,de:11000:900162001:1:50,-0.9,2026-10-02T01:01:04.695736+02:00
295907153,de:11000:900160002:1:50,0.0,2026-10-02T01:01:04.695736+02:00
295907153,de:11000:900160001:1:50,-0.3,2026-10-02T01:01:04.695736+02:00
295907153,de:11000:900120003:3:55,-0.1,2026-10-02T01:01:04.695736+02:00
295907153,de:11000:900120004:2:53,-0.6,2026-10-02T01:01:04.695736+02:00
295907153,de:11000:900120005:5:58,-0.9,2026-10-02T01:01:04.695736+02:00
295907153,de:11000:900100004:1:51,-0.4,2026-10-02T01:01:04.695736+02:00
295907153,de:11000:900100003:2:53,-0.4,2026-10-02T01:01:04.695736+02:00
295907153,de:11000:900100002:1:51,-0.4,2026-10-02T01:01:04.695736+02:00
295907153,de:11000:900100001:3:55,-0.4,2026-10-02T01:01:04.695736+02:00
295907153,de:11000:900003201:3:55,-0.1,2026-10-02T01:01:04.695736+02:00
295907153,de:11000:900003102:1:51,-0.8,2026-10-02T01:01:04.695736+02:00
295907153,de:11000:900003103:1:51,-0.9,2026-10-02T01:01:04.695736+02:00
295907153,de:11000:900023201:3:55,-0.8,2026-10-02T01:01:04.695736+02:00
295907153,de:11000:900024203:1:51,-0.8,2026-10-02T01:01:04.695736+02:00
295907153,de:11000:900024101:4:57,-0.8,2026-10-02T01:01:04.695736+02:00
295907153,de:11000:900024102:1:50,-0.1,2026-10-02T01:01:04.695736+02:00
295907153,de:11000:900025423:1:50,-0.4,2026-10-02T01:01:04.695736+02:00
295907153,de:11000:900026105:1:50,-0.7,2026-10-02T01:01:04.695736+02:00
295907153,de:11000:900025321:1:50,-0.3,2026-10-02T01:01:04.695736+02:00
295907153,de:11000:900025424:1:50,-0.3,2026-10-02T01:01:04.695736+02:00
295907153,de:11000:900030202:1:50,-0.9,2026-10-02T01:01:04.695736+02:00
295907153,de:11000:900029101:1:50,-0.9,2026-10-02T01:01:04.695736+02:00
295906927,de:11000:900029101:1:50,0.0,2026-10-02T01:01:04.695736+02:00
295906927,de:11000:900030202:1:50,-0.3,2026-10-02T01:01:04.695736+02:00
295906927,de:11000:900025424:1:51,-0.2,2026-10-02T01:01:04.695736+02:00
295906927,de:11000:900025321:1:51,-0.2,2026-10-02T01:01:04.695736+02:00
295906927,de:11000:900026105:1:50,-0.4,2026-10-02T01:01:04.695736+02:00
295906927,de:11000:900025423:1:50,-0.7,2026-10-02T01:01:04.695736+02:00
295906927,de:11000:900024102:2:53,-0.7,2026-10-02T01:01:04.695736+02:00
295906927,de:11000:900024101:3:55,-0.3,2026-10-02T01:01:04.695736+02:00
295906927,de:11000:900024203:1:51,-0.8,2026-10-02T01:01:04.695736+02:00
295906927,de:11000:900023201:3:54,-0.7,2026-10-02T01:01:04.695736+02:00
295906927,de:11000:900003103:1:50,-0.8,2026-10-02T01:01:04.695736+02:00
295906927,de:11000:900003102:1:50,-0.9,2026-10-02T01:01:04.695736+02:00
295906927,de:11000:900003201:3:54,-0.5,2026-10-02T01:01:04.695736+02:00
295906927,de:11000:900100001:3:54,-0.1,2026-10-02T01:01:04.695736+02:00
295906927,de:11000:900100002:1:50,-0.4,2026-10-02T01:01:04.695736+02:00
295906927,de:11000:900100003:2:52,-0.1,2026-10-02T01:01:04.695736+02:00
295906927,de:11000:900100004:1:50,-0.4,2026-10-02T01:01:04.695736+02:00
295906927,de:11000:900120005:4:55,-0.6,2026-10-02T01:01:04.695736+02:00
295906927,de:11000:900120004:1:50,-0.1,2026-10-02T01:01:04.695736+02:00
295906927,de:11000:900120003:2:53,-0.4,2026-10-02T01:01:04.695736+02:00
295906927,de:11000:900160001:1:51,-0.4,2026-10-02T01:01:04.695736+02:00
295906927,de:11000:900160002:1:50,-0.7,2026-10-02T01:01:04.695736+02:00
295906927,de:11000:900162001:1:51,-0.3,2026-10-02T01:01:04.695736+02:00
295906927,de:11000:900180002:1:51,-0.3,2026-10-02T01:01:04.695736+02:00
295906927,de:11000:900180001:1:50,-0.7,2026-10-02T01:01:04.695736+02:00
295906927,de:11000:900182001:1:51,-0.2,2026-10-02T01:01:04.695736+02:00
295906927,de:11000:900182002:1:51,-0.4,2026-10-02T01:01:04.695736+02:00
295906927,de:11000:900183001:1:51,0.0,2026-10-02T01:01:04.695736+02:00
295906927,de:11000:900183002:1:51,-0.3,2026-10-02T01:01:04.695736+02:00
295906927,de:12067:900310004:3:53,-0.5,2026-10-02T01:01:04.695736+02:00
307444526,de:11000:900029101:3:54,0.0,2026-10-02T01:01:04.695736+02:00
307444526,de:11000:900020201:1:50,0.0,2026-10-02T01:01:04.695736+02:00
307444526,de:11000:900003200:1:51,0.0,2026-10-02T01:01:04.695736+02:00
307444526,de:11000:900100020:1:51,0.0,2026-10-02T01:01:04.695736+02:00
307444526,de:11000:900058101:3:54,0.0,2026-10-02T01:01:04.695736+02:00
307444526,de:11000:900064301:1:50,0.0,2026-10-02T01:01:04.695736+02:00
307444526,de:12072:900245029:1:51,0.0,2026-10-02T01:01:04.695736+02:00
307444526,de:12072:900245037:1:50,0.0,2026-10-02T01:01:04.695736+02:00
307444526,de:12072:900245010:1:50,0.0,2026-10-02T01:01:04.695736+02:00
307444526,de:12072:900245016:1:50,0.0,2026-10-02T01:01:04.695736+02:00
307444526,de:12072:900245002:2:52,0.0,2026-10-02T01:01:04.695736+02:00
306895413,de:12067:900311083::2,0.0,2026-10-02T01:01:04.695736+02:00
306895413,de:12067:900310814::2,0.0,2026-10-02T01:01:04.695736+02:00
306895413,de:12067:900310628::2,0.0,2026-10-02T01:01:04.695736+02:00
306895413,de:12067:900310793::2,0.0,2026-10-02T01:01:04.695736+02:00
306895413,de:12067:900310774::1,0.0,2026-10-02T01:01:04.695736+02:00
306895413,de:12067:900310792::1,0.0,2026-10-02T01:01:04.695736+02:00
306895413,de:12067:900310825::1,0.0,2026-10-02T01:01:04.695736+02:00
306895413,de:12067:900310809::2,0.0,2026-10-02T01:01:04.695736+02:00
306895413,de:12067:900310787::2,0.0,2026-10-02T01:01:04.695736+02:00
306895413,de:12067:900310790::2,0.0,2026-10-02T01:01:04.695736+02:00
306895413,de:12067:900310788::2,0.0,2026-10-02T01:01:04.695736+02:00
306895413,de:12067:900310696::2,0.0,2026-10-02T01:01:04.695736+02:00
306895413,de:12067:900310001::11,0.0,2026-10-02T01:01:04.695736+02:00
306895413,de:12067:900310001::2,0.0,2026-10-02T01:01:04.695736+02:00
306895413,de:12067:900310816::1,0.0,2026-10-02T01:01:04.695736+02:00
306895413,de:12067:900310627::1,0.0,2026-10-02T01:01:04.695736+02:00
306895413,de:12067:900310781::1,0.0,2026-10-02T01:01:04.695736+02:00
306895413,de:12067:900310822::1,0.0,2026-10-02T01:01:04.695736+02:00
306895413,de:12067:900310808::1,0.0,2026-10-02T01:01:04.695736+02:00
306895413,de:12067:900310794::1,0.0,2026-10-02T01:01:04.695736+02:00
306895413,de:12067:900310821::1,0.0,2026-10-02T01:01:04.695736+02:00
306895413,de:12067:900310806::1,0.0,2026-10-02T01:01:04.695736+02:00
306895413,de:12067:900310812::1,0.0,2026-10-02T01:01:04.695736+02:00
306895413,de:12067:900310770::1,0.0,2026-10-02T01:01:04.695736+02:00
306895413,de:12067:900310010::3,0.0,2026-10-02T01:01:04.695736+02:00
306895413,de:12067:900310880::1,0.0,2026-10-02T01:01:04.695736+02:00
306895413,de:12067:900310815::1,0.0,2026-10-02T01:01:04.695736+02:00
306895413,de:12067:900310807::1,0.0,2026-10-02T01:01:04.695736+02:00
307442720,de:15091:8010222,0.0,2026-10-02T01:01:04.695736+02:00
307442720,de:15091:8013418,0.0,2026-10-02T01:01:04.695736+02:00
307442720,de:15091:8011290,0.0,2026-10-02T01:01:04.695736+02:00
307442720,de:15091:8013371,0.0,2026-10-02T01:01:04.695736+02:00
307442720,de:12072:900245018:1:50,0.0,2026-10-02T01:01:04.695736+02:00
307442720,de:12072:900245017:2:51,0.0,2026-10-02T01:01:04.695736+02:00
307442720,de:12072:900245002:1:50,0.0,2026-10-02T01:01:04.695736+02:00
307442720,de:12072:900245016:2:51,0.0,2026-10-02T01:01:04.695736+02:00
307442720,de:12072:900245014:2:51,0.0,2026-10-02T01:01:04.695736+02:00
307442720,de:12072:900245029:2:52,0.0,2026-10-02T01:01:04.695736+02:00
307442720,de:12072:900245030:2:51,0.0,2026-10-02T01:01:04.695736+02:00
307442720,de:12072:900245032:2:51,0.0,2026-10-02T01:01:04.695736+02:00
307442720,de:12069:900220001:2:51,0.0,2026-10-02T01:01:04.695736+02:00
307442720,de:11000:900064301:2:51,0.0,2026-10-02T01:01:04.695736+02:00
307442720,de:11000:900058101:3:55,0.0,2026-10-02T01:01:04.695736+02:00
307442720,de:11000:900100020:2:52,0.0,2026-10-02T01:01:04.695736+02:00
307442720,de:11000:900003200:3:55,0.0,2026-10-02T01:01:04.695736+02:00
307442720,de:11000:900007102:5:58,0.0,2026-10-02T01:01:04.695736+02:00
307442720,de:12060:900350160:2:53,0.0,2026-10-02T01:01:04.695736+02:00
307442720,de:12060:900350127:2:52,0.0,2026-10-02T01:01:04.695736+02:00
307442720,de:12060:900350124:1:50,0.0,2026-10-02T01:01:04.695736+02:00
307442720,de:12060:900350125:1:50,0.0,2026-10-02T01:01:04.695736+02:00
307442720,000300570037,0.0,2026-10-02T01:01:04.695736+02:00
307442720,de:12073:900340003:1:50,0.0,2026-10-02T01:01:04.695736+02:00
307442720,de:12073:900341111:1:50,0.0,2026-10-02T01:01:04.695736+02:00
307442720,de:12073:900341110:1:50,0.0,2026-10-02T01:01:04.695736+02:00
307275446,de:11000:900182002:1:50,0.0,2026-10-02T01:01:04.695736+02:00
307275446,de:11000:900182001:1:50,-0.2,2026-10-02T01:01:04.695736+02:00
307275446,de:11000:900180001:1:50,-0.7,2026-10-02T01:01:04.695736+02:00
307275446,de:11000:900180002:1:50,-0.7,2026-10-02T01:01:04.695736+02:00
307275446,de:11000:900162001:1:50,-0.9,2026-10-02T01:01:04.695736+02:00
307275446,de:11000:900160002:1:50,0.0,2026-10-02T01:01:04.695736+02:00
307275446,de:11000:900160001:1:50,-0.3,2026-10-02T01:01:04.695736+02:00
307275446,de:11000:900120003:3:54,-0.1,2026-10-02T01:01:04.695736+02:00
307275446,de:11000:900120004:2:52,-0.6,2026-10-02T01:01:04.695736+02:00
307275446,de:11000:900120005:5:57,-0.9,2026-10-02T01:01:04.695736+02:00
307275446,de:11000:900100004:1:51,-0.9,2026-10-02T01:01:04.695736+02:00
307275446,de:11000:900100003:2:53,-0.9,2026-10-02T01:01:04.695736+02:00
307275446,de:11000:900100002:1:51,-0.9,2026-10-02T01:01:04.695736+02:00
307275446,de:11000:900100001:3:55,-0.9,2026-10-02T01:01:04.695736+02:00
307275446,de:11000:900003201:3:55,-0.6,2026-10-02T01:01:04.695736+02:00
307275446,de:11000:900003102:1:51,-0.3,2026-10-02T01:01:04.695736+02:00
307275446,de:11000:900003103:1:51,-0.4,2026-10-02T01:01:04.695736+02:00
307275446,de:11000:900023201:3:55,-0.3,2026-10-02T01:01:04.695736+02:00
307275446,de:11000:900024203:1:51,-0.3,2026-10-02T01:01:04.695736+02:00
307275446,de:11000:900024101:4:56,-0.3,2026-10-02T01:01:04.695736+02:00
307440554,de:12065:900200000:1:50,0.0,2026-10-02T01:01:04.695736+02:00
307440554,de:12065:900200004:1:50,0.0,2026-10-02T01:01:04.695736+02:00
307440554,de:12065:900203452:1:50,0.0,2026-10-02T01:01:04.695736+02:00
307440554,de:12065:900203491:1:50,0.0,2026-10-02T01:01:04.695736+02:00
307440554,de:12068:900205005:2:51,0.0,2026-10-02T01:01:04.695736+02:00
307440554,de:12068:900205006:2:51,0.0,2026-10-02T01:01:04.695736+02:00
307440554,de:12068:900205023:1:50,0.0,2026-10-02T01:01:04.695736+02:00
307440554,de:12068:900205022:1:50,0.0,2026-10-02T01:01:04.695736+02:00
307440554,de:12068:900205092:1:50,0.0,2026-10-02T01:01:04.695736+02:00
307440554,de:12068:900205090:1:50,0.0,2026-10-02T01:01:04.695736+02:00
307440554,de:12068:900205617:1:50,0.0,2026-10-02T01:01:04.695736+02:00
307440554,de:12068:900205130:1:50,0.0,2026-10-02T01:01:04.695736+02:00
307440554,de:12068:900205322:1:50,0.0,2026-10-02T01:01:04.695736+02:00
307440554,de:12070:900215723:1:50,0.0,2026-10-02T01:01:04.695736+02:00
307440554,de:12070:900215350:2:51,0.0,2026-10-02T01:01:04.695736+02:00
307440554,de:12070:900215696:1:50,0.0,2026-10-02T01:01:04.695736+02:00
307440554,de:12070:900216013:1:50,0.0,2026-10-02T01:01:04.695736+02:00
307440554,de:12070:900216026:3:53,0.0,2026-10-02T01:01:04.695736+02:00
295910399,de:12067:900310004:3:53,0.0,2026-10-02T01:01:04.695736+02:00
295910399,de:11000:900183002:1:50,-0.1,2026-10-02T01:01:04.695736+02:00
295910399,de:11000:900183001:1:50,-0.4,2026-10-02T01:01:04.695736+02:00
295910399,de:11000:900182002:1:50,0.0,2026-10-02T01:01:04.695736+02:00
295910399,de:11000:900182001:1:50,-0.2,2026-10-02T01:01:04.695736+02:00
295910399,de:11000:900180001:1:50,-0.7,2026-10-02T01:01:04.695736+02:00
295910399,de:11000:900180002:1:50,-0.7,2026-10-02T01:01:04.695736+02:00
295910399,de:11000:900162001:1:50,-0.9,2026-10-02T01:01:04.695736+02:00
295910399,de:11000:900160002:1:50,0.0,2026-10-02T01:01:04.695736+02:00
295910399,de:11000:900160001:1:50,-0.3,2026-10-02T01:01:04.695736+02:00
295910399,de:11000:900120003:3:54,-0.1,2026-10-02T01:01:04.695736+02:00
295910399,de:11000:900120004:2:52,-0.6,2026-10-02T01:01:04.695736+02:00
295910399,de:11000:900120005:4:56,-0.9,2026-10-02T01:01:04.695736+02:00
307440602,de:12065:900200000:1:50,0.0,2026-10-02T01:01:04.695736+02:00
307440602,de:12065:900200004:1:50,0.0,2026-10-02T01:01:04.695736+02:00
307440602,de:12065:900203452:1:50,0.0,2026-10-02T01:01:04.695736+02:00
307440602,de:12065:900203491:1:50,0.0,2026-10-02T01:01:04.695736+02:00
307440602,de:12068:900205512:1:50,0.0,2026-10-02T01:01:04.695736+02:00
307440602,de:12068:900205005:2:51,0.0,2026-10-02T01:01:04.695736+02:00
307440602,de:12068:900205006:2:51,0.0,2026-10-02T01:01:04.695736+02:00
307440602,de:12068:900205617:1:50,0.0,2026-10-02T01:01:04.695736+02:00
307440602,de:12068:900205130:1:50,0.0,2026-10-02T01:01:04.695736+02:00
307440602,de:12068:900205322:1:50,0.0,2026-10-02T01:01:04.695736+02:00
307440602,de:12070:900215723:1:50,0.0,2026-10-02T01:01:04.695736+02:00
307440602,de:12070:900215350:2:51,0.0,2026-10-02T01:01:04.695736+02:00
307440602,de:12070:900215696:1:50,0.0,2026-10-02T01:01:04.695736+02:00
307440602,de:12070:900216013:1:50,0.0,2026-10-02T01:01:04.695736+02:00
307440602,de:12070:900216026:3:53,0.0,2026-10-02T01:01:04.695736+02:00
295910344,de:12067:900310004:3:53,0.0,2026-10-02T01:01:04.695736+02:00
295910344,de:11000:900183002:1:50,-0.1,2026-10-02T01:01:04.695736+02:00
295910344,de:11000:900183001:1:50,-0.4,2026-10-02T01:01:04.695736+02:00
295910344,de:11000:900182002:1:50,0.0,2026-10-02T01:01:04.695736+02:00
295910344,de:11000:900182001:1:50,-0.2,2026-10-02T01:01:04.695736+02:00
295910344,de:11000:900180001:1:50,-0.7,2026-10-02T01:01:04.695736+02:00
295910344,de:11000:900180002:1:50,-0.7,2026-10-02T01:01:04.695736+02:00
295910344,de:11000:900162001:1:50,-0.9,2026-10-02T01:01:04.695736+02:00
295910344,de:11000:900160002:1:50,0.0,2026-10-02T01:01:04.695736+02:00
295910344,de:11000:900160001:1:50,-0.3,2026-10-02T01:01:04.695736+02:00
295910344,de:11000:900120003:3:55,-0.1,2026-10-02T01:01:04.695736+02:00
295910344,de:11000:900120004:2:53,-0.6,2026-10-02T01:01:04.695736+02:00
295910344,de:11000:900120005:5:58,-0.9,2026-10-02T01:01:04.695736+02:00
295910344,de:11000:900100004:1:51,-0.9,2026-10-02T01:01:04.695736+02:00
295910344,de:11000:900100003:2:53,-0.9,2026-10-02T01:01:04.695736+02:00
295910344,de:11000:900100002:1:51,-0.9,2026-10-02T01:01:04.695736+02:00
295910344,de:11000:900100001:3:55,-0.9,2026-10-02T01:01:04.695736+02:00
295910344,de:11000:900003201:3:55,-0.6,2026-10-02T01:01:04.695736+02:00
295910344,de:11000:900003102:1:51,-0.3,2026-10-02T01:01:04.695736+02:00
295910344,de:11000:900003103:1:51,-0.4,2026-10-02T01:01:04.695736+02:00
295910344,de:11000:900023201:3:55,-0.3,2026-10-02T01:01:04.695736+02:00
295910344,de:11000:900024203:1:51,-0.3,2026-10-02T01:01:04.695736+02:00
295910344,de:11000:900024101:4:56,-0.3,2026-10-02T01:01:04.695736+02:00
295910113,de:11000:900024101:3:55,0.0,2026-10-02T01:01:04.695736+02:00
295910113,de:11000:900024203:1:51,-0.3,2026-10-02T01:01:04.695736+02:00
295910113,de:11000:900023201:3:54,-0.2,2026-10-02T01:01:04.695736+02:00
295910113,de:11000:900003103:1:50,-0.3,2026-10-02T01:01:04.695736+02:00
295910113,de:11000:900003102:1:50,-0.4,2026-10-02T01:01:04.695736+02:00
295910113,de:11000:900003201:3:54,0.0,2026-10-02T01:01:04.695736+02:00
295910113,de:11000:900100001:3:54,-0.6,2026-10-02T01:01:04.695736+02:00
295910113,de:11000:900100002:1:50,-0.9,2026-10-02T01:01:04.695736+02:00
295910113,de:11000:900100003:2:52,-0.6,2026-10-02T01:01:04.695736+02:00
295910113,de:11000:900100004:1:50,-0.9,2026-10-02T01:01:04.695736+02:00
295910113,de:11000:900120005:4:55,-0.1,2026-10-02T01:01:04.695736+02:00
295910113,de:11000:900120004:1:50,-0.1,2026-10-02T01:01:04.695736+02:00
295910113,de:11000:900120003:2:53,-0.4,2026-10-02T01:01:04.695736+02:00
295910113,de:11000:900160001:1:51,-0.4,2026-10-02T01:01:04.695736+02:00
295910113,de:11000:900160002:1:50,-0.7,2026-10-02T01:01:04.695736+02:00
295910113,de:11000:900162001:1:51,-0.3,2026-10-02T01:01:04.695736+02:00
295910113,de:11000:900180002:1:51,-0.3,2026-10-02T01:01:04.695736+02:00
295910113,de:11000:900180001:1:50,-0.7,2026-10-02T01:01:04.695736+02:00
295910113,de:11000:900182001:1:51,-0.2,2026-10-02T01:01:04.695736+02:00
295910113,de:11000:900182002:1:51,-0.4,2026-10-02T01:01:04.695736+02:00
295910113,de:11000:900183001:1:51,0.0,2026-10-02T01:01:04.695736+02:00
295910113,de:11000:900183002:1:51,-0.3,2026-10-02T01:01:04.695736+02:00
295910113,de:12067:900310004:3:52,-0.5,2026-10-02T01:01:04.695736+02:00
307280408,de:11000:900007102:2:52,0.0,2026-10-02T01:01:04.695736+02:00
307280408,de:11000:900110001:1:50,-0.6,2026-10-02T01:01:04.695736+02:00
307280408,de:11000:900110002:1:50,-0.4,2026-10-02T01:01:04.695736+02:00
307280408,de:11000:900110003:1:50,-0.4,2026-10-02T01:01:04.695736+02:00
307280408,de:11000:900110004:1:50,-0.8,2026-10-02T01:01:04.695736+02:00
307280408,de:11000:900110012:1:50,-0.7,2026-10-02T01:01:04.695736+02:00
307280408,de:11000:900120001:1:50,-0.7,2026-10-02T01:01:04.695736+02:00
307280408,de:11000:900120003:5:58,-0.1,2026-10-02T01:01:04.695736+02:00
307280408,de:11000:900190001:1:50,-0.4,2026-10-02T01:01:04.695736+02:00
307280408,de:11000:900077106:1:50,-0.4,2026-10-02T01:01:04.695736+02:00
307280408,de:11000:900078201:1:50,-0.3,2026-10-02T01:01:04.695736+02:00
307280408,de:11000:900079221:1:50,-0.2,2026-10-02T01:01:04.695736+02:00
307280408,de:11000:900068201:1:50,-0.8,2026-10-02T01:01:04.695736+02:00
307280408,de:11000:900058101:5:58,-0.1,2026-10-02T01:01:04.695736+02:00
307280408,de:11000:900054104:2:52,-0.2,2026-10-02T01:01:04.695736+02:00
307280408,de:11000:900054105:1:50,-0.9,2026-10-02T01:01:04.695736+02:00
307280408,de:11000:900044202:1:50,-0.7,2026-10-02T01:01:04.695736+02:00
307280408,de:11000:900045102:1:50,-0.7,2026-10-02T01:01:04.695736+02:00
307280408,de:11000:900044101:1:50,-0.8,2026-10-02T01:01:04.695736+02:00
307280408,de:11000:900040101:1:50,-0.8,2026-10-02T01:01:04.695736+02:00
307280597,de:11000:900020202:1:51,0.0,2026-10-02T01:01:04.695736+02:00
307280597,de:11000:900001201:1:51,-0.2,2026-10-02T01:01:04.695736+02:00
307280597,de:11000:900009104:1:51,-0.8,2026-10-02T01:01:04.695736+02:00
307280597,de:11000:900007102:2:52,-0.9,2026-10-02T01:01:04.695736+02:00
307280597,de:11000:900110001:1:50,-0.6,2026-10-02T01:01:04.695736+02:00
307280597,de:11000:900110002:1:50,-0.4,2026-10-02T01:01:04.695736+02:00
307280597,de:11000:900110003:1:50,-0.4,2026-10-02T01:01:04.695736+02:00
307280597,de:11000:900110004:1:50,-0.8,2026-10-02T01:01:04.695736+02:00
307280597,de:11000:900110012:1:50,-0.7,2026-10-02T01:01:04.695736+02:00
307280597,de:11000:900120001:1:50,-0.7,2026-10-02T01:01:04.695736+02:00
307280597,de:11000:900120003:5:58,-0.1,2026-10-02T01:01:04.695736+02:00
307280597,de:11000:900190001:1:50,-0.4,2026-10-02T01:01:04.695736+02:00
307280597,de:11000:900077106:1:50,-0.4,2026-10-02T01:01:04.695736+02:00
307280597,de:11000:900078201:1:50,-0.3,2026-10-02T01:01:04.695736+02:00
307280597,de:11000:900079221:1:50,-0.2,2026-10-02T01:01:04.695736+02:00
307280597,de:11000:900068201:1:50,-0.8,2026-10-02T01:01:04.695736+02:00
307280597,de:11000:900058101:5:58,-0.1,2026-10-02T01:01:04.695736+02:00
307280597,de:11000:900054104:2:52,-0.2,2026-10-02T01:01:04.695736+02:00
307280597,de:11000:900054105:1:50,-0.9,2026-10-02T01:01:04.695736+02:00
307280597,de:11000:900044202:1:50,-0.7,2026-10-02T01:01:04.695736+02:00
307280597,de:11000:900045102:1:50,-0.7,2026-10-02T01:01:04.695736+02:00
307280597,de:11000:900044101:1:50,-0.8,2026-10-02T01:01:04.695736+02:00
307280597,de:11000:900040101:1:50,-0.8,2026-10-02T01:01:04.695736+02:00
307283047,de:11000:900009104:1:51,0.0,2026-10-02T01:01:04.695736+02:00
307283047,de:11000:900007102:2:52,-0.9,2026-10-02T01:01:04.695736+02:00
307283047,de:11000:900110001:1:50,-0.6,2026-10-02T01:01:04.695736+02:00
307283047,de:11000:900110002:1:50,-0.4,2026-10-02T01:01:04.695736+02:00
307283047,de:11000:900110003:1:50,-0.4,2026-10-02T01:01:04.695736+02:00
307283047,de:11000:900110004:1:50,-0.8,2026-10-02T01:01:04.695736+02:00
307283047,de:11000:900110012:1:50,-0.7,2026-10-02T01:01:04.695736+02:00
307283047,de:11000:900120001:1:50,-0.7,2026-10-02T01:01:04.695736+02:00
307283047,de:11000:900120003:5:58,-0.1,2026-10-02T01:01:04.695736+02:00
307283047,de:11000:900190001:1:50,-0.4,2026-10-02T01:01:04.695736+02:00
307283047,de:11000:900077106:1:50,-0.4,2026-10-02T01:01:04.695736+02:00
307283047,de:11000:900078201:1:50,-0.3,2026-10-02T01:01:04.695736+02:00
307283047,de:11000:900079221:1:50,-0.2,2026-10-02T01:01:04.695736+02:00
307286654,de:11000:900024101:3:54,0.0,2026-10-02T01:01:04.695736+02:00
307286654,de:11000:900040101:1:50,-0.2,2026-10-02T01:01:04.695736+02:00
307286654,de:11000:900044101:1:50,-0.3,2026-10-02T01:01:04.695736+02:00
307286654,de:11000:900045102:1:51,-0.4,2026-10-02T01:01:04.695736+02:00
307286654,de:11000:900044202:1:51,-0.4,2026-10-02T01:01:04.695736+02:00
307286654,de:11000:900054105:1:51,-0.2,2026-10-02T01:01:04.695736+02:00
307286654,de:11000:900054104:2:53,-0.8,2026-10-02T01:01:04.695736+02:00
307286654,de:11000:900058101:5:59,-0.2,2026-10-02T01:01:04.695736+02:00
307286654,de:11000:900068201:1:51,-0.8,2026-10-02T01:01:04.695736+02:00
307286654,de:11000:900079221:1:51,-0.4,2026-10-02T01:01:04.695736+02:00
307286654,de:11000:900078201:1:51,-0.1,2026-10-02T01:01:04.695736+02:00
307286654,de:11000:900077106:1:51,0.0,2026-10-02T01:01:04.695736+02:00
307286654,de:11000:900190001:2:52,-0.9,2026-10-02T01:01:04.695736+02:00
307286654,de:11000:900120003:5:59,-0.4,2026-10-02T01:01:04.695736+02:00
307286654,de:11000:900120001:1:51,0.0,2026-10-02T01:01:04.695736+02:00
307286654,de:11000:900110012:1:51,-0.2,2026-10-02T01:01:04.695736+02:00
307286654,de:11000:900110004:1:51,-0.1,2026-10-02T01:01:04.695736+02:00
307286654,de:11000:900110003:1:51,-0.4,2026-10-02T01:01:04.695736+02:00
307286654,de:11000:900110002:1:51,-0.4,2026-10-02T01:01:04.695736+02:00
307286654,de:11000:900110001:1:51,-0.1,2026-10-02T01:01:04.695736+02:00
307286654,de:11000:900007102:1:51,-0.6,2026-10-02T01:01:04.695736+02:00
307286654,de:11000:900009104:1:51,-0.8,2026-10-02T01:01:04.695736+02:00
307286654,de:11000:900001201:1:51,-0.3,2026-10-02T01:01:04.695736+02:00
307286654,de:11000:900020202:1:51,-0.1,2026-10-02T01:01:04.695736+02:00
307286621,de:11000:900024101:3:54,0.0,2026-10-02T01:01:04.695736+02:00
307286621,de:11000:900040101:1:50,-0.2,2026-10-02T01:01:04.695736+02:00
307286621,de:11000:900044101:1:50,-0.3,2026-10-02T01:01:04.695736+02:00
307286621,de:11000:900045102:1:51,-0.4,2026-10-02T01:01:04.695736+02:00
307286621,de:11000:900044202:1:51,-0.4,2026-10-02T01:01:04.695736+02:00
307286621,de:11000:900054105:1:51,-0.2,2026-10-02T01:01:04.695736+02:00
307286621,de:11000:900054104:2:53,-0.8,2026-10-02T01:01:04.695736+02:00
307286621,de:11000:900058101:5:59,-0.2,2026-10-02T01:01:04.695736+02:00
307286621,de:11000:900068201:1:51,-0.8,2026-10-02T01:01:04.695736+02:00
307286621,de:11000:900079221:1:51,-0.4,2026-10-02T01:01:04.695736+02:00
307286621,de:11000:900078201:1:51,-0.1,2026-10-02T01:01:04.695736+02:00
307286621,de:11000:900077106:1:51,0.0,2026-10-02T01:01:04.695736+02:00
307286621,de:11000:900190001:2:52,-0.9,2026-10-02T01:01:04.695736+02:00
307286621,de:11000:900120003:5:59,-0.4,2026-10-02T01:01:04.695736+02:00
307286621,de:11000:900120001:1:51,0.0,2026-10-02T01:01:04.695736+02:00
307286621,de:11000:900110012:1:51,-0.2,2026-10-02T01:01:04.695736+02:00
307286621,de:11000:900110004:1:51,-0.1,2026-10-02T01:01:04.695736+02:00
307286621,de:11000:900110003:1:51,-0.4,2026-10-02T01:01:04.695736+02:00
307286621,de:11000:900110002:1:51,-0.4,2026-10-02T01:01:04.695736+02:00
307286621,de:11000:900110001:1:51,-0.1,2026-10-02T01:01:04.695736+02:00
307286621,de:11000:900007102:1:51,-0.6,2026-10-02T01:01:04.695736+02:00
307286621,de:11000:900009104:1:51,-0.8,2026-10-02T01:01:04.695736+02:00
307286621,de:11000:900001201:1:51,-0.3,2026-10-02T01:01:04.695736+02:00
307286621,de:11000:900020202:1:51,-0.1,2026-10-02T01:01:04.695736+02:00
307286615,de:11000:900024101:3:54,0.0,2026-10-02T01:01:04.695736+02:00
307286615,de:11000:900040101:1:50,-0.2,2026-10-02T01:01:04.695736+02:00
307286615,de:11000:900044101:1:50,-0.3,2026-10-02T01:01:04.695736+02:00
307286615,de:11000:900045102:1:51,-0.4,2026-10-02T01:01:04.695736+02:00
307286615,de:11000:900044202:1:51,-0.4,2026-10-02T01:01:04.695736+02:00
307286615,de:11000:900054105:1:51,-0.2,2026-10-02T01:01:04.695736+02:00
307286615,de:11000:900054104:2:53,-0.8,2026-10-02T01:01:04.695736+02:00
307286615,de:11000:900058101:5:59,-0.2,2026-10-02T01:01:04.695736+02:00
307286615,de:11000:900068201:1:51,-0.8,2026-10-02T01:01:04.695736+02:00
307286615,de:11000:900079221:1:51,-0.4,2026-10-02T01:01:04.695736+02:00
307286615,de:11000:900078201:1:51,-0.1,2026-10-02T01:01:04.695736+02:00
307286615,de:11000:900077106:1:51,0.0,2026-10-02T01:01:04.695736+02:00
307286615,de:11000:900190001:2:52,-0.9,2026-10-02T01:01:04.695736+02:00
307286615,de:11000:900120003:5:59,-0.4,2026-10-02T01:01:04.695736+02:00
307286615,de:11000:900120001:1:51,0.0,2026-10-02T01:01:04.695736+02:00
307286615,de:11000:900110012:1:51,-0.2,2026-10-02T01:01:04.695736+02:00
307286615,de:11000:900110004:1:51,-0.1,2026-10-02T01:01:04.695736+02:00
307286615,de:11000:900110003:1:51,-0.4,2026-10-02T01:01:04.695736+02:00
307286615,de:11000:900110002:1:51,-0.4,2026-10-02T01:01:04.695736+02:00
307286615,de:11000:900110001:1:51,-0.1,2026-10-02T01:01:04.695736+02:00
307286615,de:11000:900007102:1:51,-0.6,2026-10-02T01:01:04.695736+02:00
307286615,de:11000:900009104:1:51,-0.8,2026-10-02T01:01:04.695736+02:00
307286615,de:11000:900001201:1:51,-0.3,2026-10-02T01:01:04.695736+02:00
307286615,de:11000:900020202:1:51,-0.1,2026-10-02T01:01:04.695736+02:00
307286672,de:11000:900040101:1:50,0.0,2026-10-02T01:01:04.695736+02:00
307286672,de:11000:900044101:1:50,-0.8,2026-10-02T01:01:04.695736+02:00
307286672,de:11000:900045102:1:51,-0.9,2026-10-02T01:01:04.695736+02:00
307286672,de:11000:900044202:1:51,-0.9,2026-10-02T01:01:04.695736+02:00
307286672,de:11000:900054105:1:51,-0.7,2026-10-02T01:01:04.695736+02:00
307286672,de:11000:900054104:2:53,-0.3,2026-10-02T01:01:04.695736+02:00
307286672,de:11000:900058101:5:59,-0.2,2026-10-02T01:01:04.695736+02:00
307286672,de:11000:900068201:1:51,-0.8,2026-10-02T01:01:04.695736+02:00
307286672,de:11000:900079221:1:51,-0.4,2026-10-02T01:01:04.695736+02:00
307286672,de:11000:900078201:1:51,-0.1,2026-10-02T01:01:04.695736+02:00
307286672,de:11000:900077106:1:51,0.0,2026-10-02T01:01:04.695736+02:00
307286672,de:11000:900190001:2:52,-0.9,2026-10-02T01:01:04.695736+02:00
307286672,de:11000:900120003:5:59,-0.4,2026-10-02T01:01:04.695736+02:00
307286672,de:11000:900120001:1:51,0.0,2026-10-02T01:01:04.695736+02:00
307286672,de:11000:900110012:1:51,-0.2,2026-10-02T01:01:04.695736+02:00
307286672,de:11000:900110004:1:51,-0.1,2026-10-02T01:01:04.695736+02:00
307286672,de:11000:900110003:1:51,-0.4,2026-10-02T01:01:04.695736+02:00
307286672,de:11000:900110002:1:51,-0.4,2026-10-02T01:01:04.695736+02:00
307286672,de:11000:900110001:1:51,-0.1,2026-10-02T01:01:04.695736+02:00
307286672,de:11000:900007102:1:51,-0.6,2026-10-02T01:01:04.695736+02:00
307286672,de:11000:900009104:1:50,-0.8,2026-10-02T01:01:04.695736+02:00
307286672,de:11000:900001201:1:50,-0.3,2026-10-02T01:01:04.695736+02:00
307286672,de:11000:900020202:1:50,-0.1,2026-10-02T01:01:04.695736+02:00
307286665,de:11000:900040101:1:50,0.0,2026-10-02T01:01:04.695736+02:00
307286665,de:11000:900044101:1:50,-0.8,2026-10-02T01:01:04.695736+02:00
307286665,de:11000:900045102:1:51,-0.9,2026-10-02T01:01:04.695736+02:00
307286665,de:11000:900044202:1:51,-0.9,2026-10-02T01:01:04.695736+02:00
307286665,de:11000:900054105:1:51,-0.7,2026-10-02T01:01:04.695736+02:00
307286665,de:11000:900054104:2:53,-0.3,2026-10-02T01:01:04.695736+02:00
307286665,de:11000:900058101:5:59,-0.2,2026-10-02T01:01:04.695736+02:00
307286665,de:11000:900068201:1:51,-0.8,2026-10-02T01:01:04.695736+02:00
307286665,de:11000:900079221:1:51,-0.4,2026-10-02T01:01:04.695736+02:00
307286665,de:11000:900078201:1:51,-0.1,2026-10-02T01:01:04.695736+02:00
307286665,de:11000:900077106:1:51,0.0,2026-10-02T01:01:04.695736+02:00
307286665,de:11000:900190001:2:52,-0.9,2026-10-02T01:01:04.695736+02:00
307286665,de:11000:900120003:5:59,-0.4,2026-10-02T01:01:04.695736+02:00
307286665,de:11000:900120001:1:51,0.0,2026-10-02T01:01:04.695736+02:00
307286665,de:11000:900110012:1:51,-0.2,2026-10-02T01:01:04.695736+02:00
307286665,de:11000:900110004:1:51,-0.1,2026-10-02T01:01:04.695736+02:00
307286665,de:11000:900110003:1:51,-0.4,2026-10-02T01:01:04.695736+02:00
307286665,de:11000:900110002:1:51,-0.4,2026-10-02T01:01:04.695736+02:00
307286665,de:11000:900110001:1:51,-0.1,2026-10-02T01:01:04.695736+02:00
307286665,de:11000:900007102:1:51,-0.6,2026-10-02T01:01:04.695736+02:00
307286665,de:11000:900009104:1:50,-0.8,2026-10-02T01:01:04.695736+02:00
307286665,de:11000:900001201:1:50,-0.3,2026-10-02T01:01:04.695736+02:00
307286665,de:11000:900020202:1:50,-0.1,2026-10-02T01:01:04.695736+02:00
307289051,de:11000:900079221:1:51,0.0,2026-10-02T01:01:04.695736+02:00
307289051,de:11000:900078201:1:51,-0.1,2026-10-02T01:01:04.695736+02:00
307289051,de:11000:900077106:1:51,0.0,2026-10-02T01:01:04.695736+02:00
307289051,de:11000:900190001:2:52,-0.9,2026-10-02T01:01:04.695736+02:00
307289051,de:11000:900120003:5:59,-0.4,2026-10-02T01:01:04.695736+02:00
307289051,de:11000:900120001:1:51,0.0,2026-10-02T01:01:04.695736+02:00
307289051,de:11000:900110012:1:51,-0.2,2026-10-02T01:01:04.695736+02:00
307289051,de:11000:900110004:1:51,-0.1,2026-10-02T01:01:04.695736+02:00
307289051,de:11000:900110003:1:51,-0.4,2026-10-02T01:01:04.695736+02:00
307289051,de:11000:900110002:1:51,-0.4,2026-10-02T01:01:04.695736+02:00
307289051,de:11000:900110001:1:51,-0.1,2026-10-02T01:01:04.695736+02:00
307289051,de:11000:900007102:1:51,-0.6,2026-10-02T01:01:04.695736+02:00
307289051,de:11000:900009104:1:51,-0.3,2026-10-02T01:01:04.695736+02:00
307292671,de:12061:900260001:2:52,0.0,2026-10-02T01:01:04.695736+02:00
307292671,de:12061:900260002:1:51,-0.8,2026-10-02T01:01:04.695736+02:00
307292671,de:12061:900260003:1:51,-0.7,2026-10-02T01:01:04.695736+02:00
307292671,de:12061:900260004:1:51,-0.9,2026-10-02T01:01:04.695736+02:00
307292671,de:11000:900186001:2:53,-0.2,2026-10-02T01:01:04.695736+02:00
307292671,de:11000:900193002:1:51,-0.2,2026-10-02T01:01:04.695736+02:00
307292671,de:11000:900193001:2:51,-0.8,2026-10-02T01:01:04.695736+02:00
307292671,de:11000:900192001:3:55,-0.7,2026-10-02T01:01:04.695736+02:00
307292671,de:11000:900191001:1:50,-0.4,2026-10-02T01:01:04.695736+02:00
307292671,de:11000:900077155:1:50,-0.9,2026-10-02T01:01:04.695736+02:00
307292671,de:11000:900078201:1:50,-0.4,2026-10-02T01:01:04.695736+02:00
307292671,de:11000:900079221:1:50,-0.2,2026-10-02T01:01:04.695736+02:00
307292671,de:11000:900068201:1:50,-0.8,2026-10-02T01:01:04.695736+02:00
307292671,de:11000:900058101:5:58,-0.1,2026-10-02T01:01:04.695736+02:00
307292671,de:11000:900054104:2:52,-0.2,2026-10-02T01:01:04.695736+02:00
307292671,de:11000:900054105:1:50,-0.9,2026-10-02T01:01:04.695736+02:00
307292671,de:11000:900044202:1:50,-0.7,2026-10-02T01:01:04.695736+02:00
295928981,de:11000:900186001:2:52,0.0,2026-10-02T01:01:04.695736+02:00
295928981,de:11000:900193002:1:51,-0.2,2026-10-02T01:01:04.695736+02:00
295928981,de:11000:900193001:2:51,-0.8,2026-10-02T01:01:04.695736+02:00
295928981,de:11000:900192001:3:55,-0.7,2026-10-02T01:01:04.695736+02:00
295928981,de:11000:900191001:1:50,-0.4,2026-10-02T01:01:04.695736+02:00
295928981,de:11000:900077155:1:50,-0.9,2026-10-02T01:01:04.695736+02:00
295928981,de:11000:900078201:1:50,-0.9,2026-10-02T01:01:04.695736+02:00
295928981,de:11000:900079221:1:50,-0.7,2026-10-02T01:01:04.695736+02:00
295928967,de:11000:900186001:2:52,0.0,2026-10-02T01:01:04.695736+02:00
295928967,de:11000:900193002:1:51,-0.2,2026-10-02T01:01:04.695736+02:00
295928967,de:11000:900193001:2:51,-0.8,2026-10-02T01:01:04.695736+02:00
295928967,de:11000:900192001:3:55,-0.7,2026-10-02T01:01:04.695736+02:00
295928967,de:11000:900191001:1:50,-0.4,2026-10-02T01:01:04.695736+02:00
295928967,de:11000:900077155:1:50,-0.9,2026-10-02T01:01:04.695736+02:00
295928967,de:11000:900078201:1:50,-0.9,2026-10-02T01:01:04.695736+02:00
295928967,de:11000:900079221:1:50,-0.7,2026-10-02T01:01:04.695736+02:00
295928915,de:11000:900079221:1:51,0.0,2026-10-02T01:01:04.695736+02:00
295928915,de:11000:900078201:1:51,-0.6,2026-10-02T01:01:04.695736+02:00
295928915,de:11000:900077155:1:51,-0.2,2026-10-02T01:01:04.695736+02:00
295928915,de:11000:900191001:2:51,-0.7,2026-10-02T01:01:04.695736+02:00
295928915,de:11000:900192001:3:54,-0.2,2026-10-02T01:01:04.695736+02:00
295933108,de:11000:900180003:1:50,0.0,2026-10-02T01:01:04.695736+02:00
295933108,de:11000:900192002:1:50,-0.4,2026-10-02T01:01:04.695736+02:00
295933108,de:11000:900192001:3:54,-0.2,2026-10-02T01:01:04.695736+02:00
295933108,de:11000:900191001:1:50,-0.9,2026-10-02T01:01:04.695736+02:00
295933108,de:11000:900077155:1:50,-0.4,2026-10-02T01:01:04.695736+02:00
295933108,de:11000:900078201:1:50,-0.9,2026-10-02T01:01:04.695736+02:00
295933108,de:11000:900079221:1:50,-0.7,2026-10-02T01:01:04.695736+02:00
295933108,de:11000:900068201:1:50,-0.3,2026-10-02T01:01:04.695736+02:00
295933108,de:11000:900058101:5:58,-0.6,2026-10-02T01:01:04.695736+02:00
295933095,de:11000:900180003:1:50,0.0,2026-10-02T01:01:04.695736+02:00
295933095,de:11000:900192002:1:50,-0.4,2026-10-02T01:01:04.695736+02:00
295933095,de:11000:900192001:3:54,-0.2,2026-10-02T01:01:04.695736+02:00
295933095,de:11000:900191001:1:50,-0.9,2026-10-02T01:01:04.695736+02:00
295933095,de:11000:900077155:1:50,-0.4,2026-10-02T01:01:04.695736+02:00
295933095,de:11000:900078201:1:50,-0.9,2026-10-02T01:01:04.695736+02:00
295933095,de:11000:900079221:1:50,-0.7,2026-10-02T01:01:04.695736+02:00
295933095,de:11000:900068201:1:50,-0.3,2026-10-02T01:01:04.695736+02:00
295933095,de:11000:900058101:5:58,-0.6,2026-10-02T01:01:04.695736+02:00
295932972,de:11000:900058101:5:59,0.0,2026-10-02T01:01:04.695736+02:00
295932972,de:11000:900068201:1:51,-0.3,2026-10-02T01:01:04.695736+02:00
295932972,de:11000:900079221:1:51,-0.9,2026-10-02T01:01:04.695736+02:00
295932972,de:11000:900078201:1:51,-0.6,2026-10-02T01:01:04.695736+02:00
295932972,de:11000:900077155:1:51,-0.2,2026-10-02T01:01:04.695736+02:00
295932972,de:11000:900191001:2:51,-0.7,2026-10-02T01:01:04.695736+02:00
295932972,de:11000:900192001:2:53,-0.7,2026-10-02T01:01:04.695736+02:00
295932972,de:11000:900192002:1:50,-0.5,2026-10-02T01:01:04.695736+02:00
295932972,de:11000:900180003:1:50,-0.7,2026-10-02T01:01:04.695736+02:00
295933081,de:11000:900180003:1:50,0.0,2026-10-02T01:01:04.695736+02:00
295933081,de:11000:900192002:1:50,-0.4,2026-10-02T01:01:04.695736+02:00
295933081,de:11000:900192001:3:54,-0.2,2026-10-02T01:01:04.695736+02:00
295933081,de:11000:900191001:1:50,-0.9,2026-10-02T01:01:04.695736+02:00
295933081,de:11000:900077155:1:50,-0.4,2026-10-02T01:01:04.695736+02:00
295933081,de:11000:900078201:1:50,-0.9,2026-10-02T01:01:04.695736+02:00
295933081,de:11000:900079221:1:50,-0.7,2026-10-02T01:01:04.695736+02:00
295933081,de:11000:900068201:1:50,-0.3,2026-10-02T01:01:04.695736+02:00
295933081,de:11000:900058101:5:58,-0.6,2026-10-02T01:01:04.695736+02:00
295936963,de:12064:900320001:1:50,0.0,2026-10-02T01:01:04.695736+02:00
295936963,de:12064:900320002:1:50,-0.3,2026-10-02T01:01:04.695736+02:00
295936963,de:12064:900320003:1:50,-0.1,2026-10-02T01:01:04.695736+02:00
295936963,de:12064:900320004:2:51,-0.8,2026-10-02T01:01:04.695736+02:00
295936963,de:12064:900320005:1:50,0.0,2026-10-02T01:01:04.695736+02:00
295936963,de:12064:900320006:1:51,-0.8,2026-10-02T01:01:04.695736+02:00
295936963,de:12064:900320007:1:50,-0.8,2026-10-02T01:01:04.695736+02:00
295936963,de:12064:900320008:1:51,-0.5,2026-10-02T01:01:04.695736+02:00
295936963,de:12064:900320026:1:50,-0.3,2026-10-02T01:01:04.695736+02:00
295936963,de:11000:900176001:1:51,-0.7,2026-10-02T01:01:04.695736+02:00
295936963,de:11000:900175002:1:50,-0.7,2026-10-02T01:01:04.695736+02:00
295936963,de:11000:900175001:1:50,-0.6,2026-10-02T01:01:04.695736+02:00
295936963,de:11000:900171001:1:50,-0.3,2026-10-02T01:01:04.695736+02:00
295936963,de:11000:900171002:1:51,-0.4,2026-10-02T01:01:04.695736+02:00
295936963,de:11000:900160004:1:51,-0.8,2026-10-02T01:01:04.695736+02:00
295936963,de:11000:900160003:1:51,-0.9,2026-10-02T01:01:04.695736+02:00
295936963,de:11000:900120003:3:55,-0.1,2026-10-02T01:01:04.695736+02:00
295936963,de:11000:900120004:2:53,-0.6,2026-10-02T01:01:04.695736+02:00
295936963,de:11000:900120005:5:58,-0.9,2026-10-02T01:01:04.695736+02:00
295936963,de:11000:900100004:1:51,-0.4,2026-10-02T01:01:04.695736+02:00
295936963,de:11000:900100003:2:53,-0.4,2026-10-02T01:01:04.695736+02:00
295936963,de:11000:900100002:1:51,-0.4,2026-10-02T01:01:04.695736+02:00
295936963,de:11000:900100001:3:55,-0.4,2026-10-02T01:01:04.695736+02:00
295936963,de:11000:900003201:3:55,-0.1,2026-10-02T01:01:04.695736+02:00
295936963,de:11000:900003102:1:51,-0.8,2026-10-02T01:01:04.695736+02:00
295936963,de:11000:900003103:1:51,-0.9,2026-10-02T01:01:04.695736+02:00
295936963,de:11000:900023201:3:55,-0.8,2026-10-02T01:01:04.695736+02:00
295936963,de:11000:900024203:1:51,-0.8,2026-10-02T01:01:04.695736+02:00
295936963,de:11000:900024101:4:57,-0.8,2026-10-02T01:01:04.695736+02:00
295936963,de:11000:900024102:1:51,-0.1,2026-10-02T01:01:04.695736+02:00
295936953,de:12064:900320001:1:50,0.0,2026-10-02T01:01:04.695736+02:00
295936953,de:12064:900320002:1:50,-0.3,2026-10-02T01:01:04.695736+02:00
295936953,de:12064:900320003:1:50,-0.1,2026-10-02T01:01:04.695736+02:00
295936953,de:12064:900320004:2:51,-0.8,2026-10-02T01:01:04.695736+02:00
295936953,de:12064:900320005:1:50,0.0,2026-10-02T01:01:04.695736+02:00
295936953,de:12064:900320006:1:51,-0.8,2026-10-02T01:01:04.695736+02:00
295936953,de:12064:900320007:1:50,-0.8,2026-10-02T01:01:04.695736+02:00
295936953,de:12064:900320008:1:51,-0.5,2026-10-02T01:01:04.695736+02:00
295936953,de:12064:900320026:1:50,-0.3,2026-10-02T01:01:04.695736+02:00
295936953,de:11000:900176001:1:51,-0.7,2026-10-02T01:01:04.695736+02:00
295936953,de:11000:900175002:1:50,-0.7,2026-10-02T01:01:04.695736+02:00
295936953,de:11000:900175001:1:50,-0.6,2026-10-02T01:01:04.695736+02:00
295936953,de:11000:900171001:1:50,-0.3,2026-10-02T01:01:04.695736+02:00
295936953,de:11000:900171002:1:51,-0.4,2026-10-02T01:01:04.695736+02:00
295936953,de:11000:900160004:1:51,-0.8,2026-10-02T01:01:04.695736+02:00
295936953,de:11000:900160003:1:51,-0.9,2026-10-02T01:01:04.695736+02:00
295936953,de:11000:900120003:3:55,-0.1,2026-10-02T01:01:04.695736+02:00
295936953,de:11000:900120004:2:53,-0.6,2026-10-02T01:01:04.695736+02:00
295936953,de:11000:900120005:5:58,-0.9,2026-10-02T01:01:04.695736+02:00
295936953,de:11000:900100004:1:51,-0.4,2026-10-02T01:01:04.695736+02:00
295936953,de:11000:900100003:2:53,-0.4,2026-10-02T01:01:04.695736+02:00
295936953,de:11000:900100002:1:51,-0.4,2026-10-02T01:01:04.695736+02:00
295936953,de:11000:900100001:3:55,-0.4,2026-10-02T01:01:04.695736+02:00
295936953,de:11000:900003201:3:55,-0.1,2026-10-02T01:01:04.695736+02:00
295936953,de:11000:900003102:1:51,-0.8,2026-10-02T01:01:04.695736+02:00
295936953,de:11000:900003103:1:51,-0.9,2026-10-02T01:01:04.695736+02:00
295936953,de:11000:900023201:3:55,-0.8,2026-10-02T01:01:04.695736+02:00
295936953,de:11000:900024203:1:51,-0.8,2026-10-02T01:01:04.695736+02:00
295936953,de:11000:900024101:4:57,-0.8,2026-10-02T01:01:04.695736+02:00
295936953,de:11000:900024102:1:51,-0.1,2026-10-02T01:01:04.695736+02:00
307302001,de:11000:900024102:2:52,0.0,2026-10-02T01:01:04.695736+02:00
307302001,de:11000:900024101:3:55,-0.8,2026-10-02T01:01:04.695736+02:00
307302001,de:11000:900024203:1:51,-0.8,2026-10-02T01:01:04.695736+02:00
307302001,de:11000:900023201:3:54,-0.7,2026-10-02T01:01:04.695736+02:00
307302001,de:11000:900003103:1:50,-0.8,2026-10-02T01:01:04.695736+02:00
307302001,de:11000:900003102:1:50,-0.9,2026-10-02T01:01:04.695736+02:00
307302001,de:11000:900003201:3:54,-0.5,2026-10-02T01:01:04.695736+02:00
307302001,de:11000:900100001:3:54,-0.1,2026-10-02T01:01:04.695736+02:00
307302001,de:11000:900100002:1:50,-0.4,2026-10-02T01:01:04.695736+02:00
307302001,de:11000:900100003:2:52,-0.1,2026-10-02T01:01:04.695736+02:00
307302001,de:11000:900100004:1:50,-0.4,2026-10-02T01:01:04.695736+02:00
307302001,de:11000:900120005:4:55,-0.6,2026-10-02T01:01:04.695736+02:00
307302001,de:11000:900120004:1:50,-0.1,2026-10-02T01:01:04.695736+02:00
307302001,de:11000:900120003:2:53,-0.4,2026-10-02T01:01:04.695736+02:00
307302001,de:11000:900160003:1:50,-0.7,2026-10-02T01:01:04.695736+02:00
307302001,de:11000:900160004:1:50,-0.7,2026-10-02T01:01:04.695736+02:00
307302001,de:11000:900171002:1:50,-0.2,2026-10-02T01:01:04.695736+02:00
307302001,de:11000:900171001:2:51,-0.3,2026-10-02T01:01:04.695736+02:00
307302001,de:11000:900175001:2:51,-0.5,2026-10-02T01:01:04.695736+02:00
307302001,de:11000:900175002:1:51,0.0,2026-10-02T01:01:04.695736+02:00
307302001,de:11000:900176001:2:52,-0.3,2026-10-02T01:01:04.695736+02:00
307302001,de:12064:900320026:1:51,-0.1,2026-10-02T01:01:04.695736+02:00
307302001,de:12064:900320008:1:50,-0.7,2026-10-02T01:01:04.695736+02:00
307302001,de:12064:900320007:1:50,-0.4,2026-10-02T01:01:04.695736+02:00
307302001,de:12064:900320006:1:50,-0.8,2026-10-02T01:01:04.695736+02:00
307302001,de:12064:900320005:1:50,-0.2,2026-10-02T01:01:04.695736+02:00
307302001,de:12064:900320004:2:51,-0.9,2026-10-02T01:01:04.695736+02:00
307302001,de:12064:900320003:1:50,-0.8,2026-10-02T01:01:04.695736+02:00
307302001,de:12064:900320002:1:50,-0.5,2026-10-02T01:01:04.695736+02:00
307302001,de:12064:900320001:1:50,-0.2,2026-10-02T01:01:04.695736+02:00
295936935,de:12064:900320001:1:50,0.0,2026-10-02T01:01:04.695736+02:00
295936935,de:12064:900320002:1:50,-0.3,2026-10-02T01:01:04.695736+02:00
295936935,de:12064:900320003:1:50,-0.1,2026-10-02T01:01:04.695736+02:00
295936935,de:12064:900320004:2:51,-0.8,2026-10-02T01:01:04.695736+02:00
295936935,de:12064:900320005:1:50,0.0,2026-10-02T01:01:04.695736+02:00
295936935,de:12064:900320006:1:51,-0.8,2026-10-02T01:01:04.695736+02:00
295936935,de:12064:900320007:1:50,-0.8,2026-10-02T01:01:04.695736+02:00
295936935,de:12064:900320008:1:51,-0.5,2026-10-02T01:01:04.695736+02:00
295936935,de:12064:900320026:1:50,-0.3,2026-10-02T01:01:04.695736+02:00
295936935,de:11000:900176001:1:51,-0.7,2026-10-02T01:01:04.695736+02:00
295936935,de:11000:900175002:1:50,-0.7,2026-10-02T01:01:04.695736+02:00
295936935,de:11000:900175001:1:50,-0.6,2026-10-02T01:01:04.695736+02:00
295936935,de:11000:900171001:1:50,-0.3,2026-10-02T01:01:04.695736+02:00
295936935,de:11000:900171002:1:51,-0.4,2026-10-02T01:01:04.695736+02:00
295936935,de:11000:900160004:1:51,-0.8,2026-10-02T01:01:04.695736+02:00
295936935,de:11000:900160003:1:51,-0.9,2026-10-02T01:01:04.695736+02:00
295936935,de:11000:900120003:3:55,-0.1,2026-10-02T01:01:04.695736+02:00
295936935,de:11000:900120004:2:53,-0.6,2026-10-02T01:01:04.695736+02:00
295936935,de:11000:900120005:5:58,-0.9,2026-10-02T01:01:04.695736+02:00
295936935,de:11000:900100004:1:51,-0.4,2026-10-02T01:01:04.695736+02:00
295936935,de:11000:900100003:2:53,-0.4,2026-10-02T01:01:04.695736+02:00
295936935,de:11000:900100002:1:51,-0.4,2026-10-02T01:01:04.695736+02:00
295936935,de:11000:900100001:3:55,-0.4,2026-10-02T01:01:04.695736+02:00
295936935,de:11000:900003201:3:55,-0.1,2026-10-02T01:01:04.695736+02:00
295936935,de:11000:900003102:1:51,-0.8,2026-10-02T01:01:04.695736+02:00
295936935,de:11000:900003103:1:51,-0.9,2026-10-02T01:01:04.695736+02:00
295936935,de:11000:900023201:3:55,-0.8,2026-10-02T01:01:04.695736+02:00
295936935,de:11000:900024203:1:51,-0.8,2026-10-02T01:01:04.695736+02:00
295936935,de:11000:900024101:4:57,-0.8,2026-10-02T01:01:04.695736+02:00
295936935,de:11000:900024102:1:51,-0.1,2026-10-02T01:01:04.695736+02:00
306896787,de:12067:900310611::1,0.0,2026-10-02T01:01:04.695736+02:00
306896787,de:12067:900311058::2,0.0,2026-10-02T01:01:04.695736+02:00
306896787,de:12067:900311110::4,0.0,2026-10-02T01:01:04.695736+02:00
306896787,de:12067:900311055::1,0.0,2026-10-02T01:01:04.695736+02:00
306896787,de:12067:900311054::1,0.0,2026-10-02T01:01:04.695736+02:00
306896787,de:12067:900311110::1,0.0,2026-10-02T01:01:04.695736+02:00
306896787,de:12067:900311059::2,0.0,2026-10-02T01:01:04.695736+02:00
306896787,de:12067:900311069::1,0.0,2026-10-02T01:01:04.695736+02:00
306896787,de:12067:900311118::1,0.0,2026-10-02T01:01:04.695736+02:00
306896787,de:12067:900310966::1,0.0,2026-10-02T01:01:04.695736+02:00
306896787,de:12067:900310997::1,0.0,2026-10-02T01:01:04.695736+02:00
306896787,de:12067:900310998::1,0.0,2026-10-02T01:01:04.695736+02:00
306896787,de:12067:900310998::1,-10.0,2026-10-02T01:01:04.695736+02:00
306896787,de:12067:900310751::1,0.0,2026-10-02T01:01:04.695736+02:00
306896787,de:12067:900310998::1,10.0,2026-10-02T01:01:04.695736+02:00
306896787,de:12067:900310998::1,0.0,2026-10-02T01:01:04.695736+02:00
306896787,de:12067:900310997::2,0.0,2026-10-02T01:01:04.695736+02:00
306896787,de:12067:900310966::2,0.0,2026-10-02T01:01:04.695736+02:00
306896787,de:12067:900311118::2,0.0,2026-10-02T01:01:04.695736+02:00
306896787,de:12067:900310904::2,0.0,2026-10-02T01:01:04.695736+02:00
306896787,de:12067:900310991::2,0.0,2026-10-02T01:01:04.695736+02:00
306896787,de:12067:900310990::1,0.0,2026-10-02T01:01:04.695736+02:00
306896787,de:12067:900310989::2,0.0,2026-10-02T01:01:04.695736+02:00
306896787,de:12067:900310992::2,-0.5,2026-10-02T01:01:04.695736+02:00
306896787,de:12067:900310995::1,0.0,2026-10-02T01:01:04.695736+02:00
306896787,de:12067:900310779::2,0.0,2026-10-02T01:01:04.695736+02:00
306896787,de:12067:900310808::2,0.0,2026-10-02T01:01:04.695736+02:00
306896787,de:12067:900310822::2,0.0,2026-10-02T01:01:04.695736+02:00
306896787,de:12067:900310781::2,0.0,2026-10-02T01:01:04.695736+02:00
306896787,de:12067:900310627::2,0.0,2026-10-02T01:01:04.695736+02:00
306896787,de:12067:900310816::2,0.0,2026-10-02T01:01:04.695736+02:00
306896787,de:12067:900310022::1,0.0,2026-10-02T01:01:04.695736+02:00
306896787,de:12067:900310001::11,0.0,2026-10-02T01:01:04.695736+02:00
295940778,de:11000:900176001:1:50,0.0,2026-10-02T01:01:04.695736+02:00
295940778,de:11000:900175002:1:50,-0.7,2026-10-02T01:01:04.695736+02:00
295940778,de:11000:900175001:1:50,-0.6,2026-10-02T01:01:04.695736+02:00
295940778,de:11000:900171001:1:50,-0.3,2026-10-02T01:01:04.695736+02:00
295940778,de:11000:900171002:1:51,-0.4,2026-10-02T01:01:04.695736+02:00
295940778,de:11000:900160004:1:51,-0.8,2026-10-02T01:01:04.695736+02:00
295940778,de:11000:900160003:1:51,-0.8,2026-10-02T01:01:04.695736+02:00
295940778,de:11000:900120003:3:54,-0.9,2026-10-02T01:01:04.695736+02:00
295940778,de:11000:900120004:2:52,-0.6,2026-10-02T01:01:04.695736+02:00
295940778,de:11000:900120005:5:57,-0.9,2026-10-02T01:01:04.695736+02:00
295942224,de:11000:900176001:1:50,0.0,2026-10-02T01:01:04.695736+02:00
295942224,de:11000:900175002:1:50,-0.7,2026-10-02T01:01:04.695736+02:00
295942224,de:11000:900175001:1:50,-0.6,2026-10-02T01:01:04.695736+02:00
295942224,de:11000:900171001:1:50,-0.3,2026-10-02T01:01:04.695736+02:00
295942224,de:11000:900171002:1:51,-0.4,2026-10-02T01:01:04.695736+02:00
295942224,de:11000:900160004:1:51,-0.8,2026-10-02T01:01:04.695736+02:00
295942224,de:11000:900160003:1:51,-0.8,2026-10-02T01:01:04.695736+02:00
295942224,de:11000:900120003:3:54,-0.9,2026-10-02T01:01:04.695736+02:00
295942224,de:11000:900120004:2:52,-0.1,2026-10-02T01:01:04.695736+02:00
295940155,de:11000:900024102:2:52,0.0,2026-10-02T01:01:04.695736+02:00
295940155,de:11000:900024101:3:54,-0.8,2026-10-02T01:01:04.695736+02:00
295940155,de:11000:900024203:1:51,-0.8,2026-10-02T01:01:04.695736+02:00
295940155,de:11000:900023201:3:54,-0.7,2026-10-02T01:01:04.695736+02:00
295940155,de:11000:900003103:1:50,-0.8,2026-10-02T01:01:04.695736+02:00
295940155,de:11000:900003102:1:50,-0.9,2026-10-02T01:01:04.695736+02:00
295940155,de:11000:900003201:3:54,-0.5,2026-10-02T01:01:04.695736+02:00
295940155,de:11000:900100001:3:54,-0.1,2026-10-02T01:01:04.695736+02:00
295940155,de:11000:900100002:1:50,-0.4,2026-10-02T01:01:04.695736+02:00
295940155,de:11000:900100003:2:52,-0.1,2026-10-02T01:01:04.695736+02:00
295940155,de:11000:900100004:1:50,-0.4,2026-10-02T01:01:04.695736+02:00
295940155,de:11000:900120005:4:55,-0.6,2026-10-02T01:01:04.695736+02:00
295940155,de:11000:900120004:1:50,-0.1,2026-10-02T01:01:04.695736+02:00
295940155,de:11000:900120003:2:53,-0.4,2026-10-02T01:01:04.695736+02:00
295940155,de:11000:900160003:1:50,-0.7,2026-10-02T01:01:04.695736+02:00
295940155,de:11000:900160004:1:50,-0.7,2026-10-02T01:01:04.695736+02:00
295940155,de:11000:900171002:1:50,-0.2,2026-10-02T01:01:04.695736+02:00
295940155,de:11000:900171001:2:51,-0.3,2026-10-02T01:01:04.695736+02:00
295940155,de:11000:900175001:2:51,-0.5,2026-10-02T01:01:04.695736+02:00
295940155,de:11000:900175002:1:51,0.0,2026-10-02T01:01:04.695736+02:00
295940155,de:11000:900176001:2:52,-0.3,2026-10-02T01:01:04.695736+02:00
295940155,de:12064:900320026:1:51,-0.1,2026-10-02T01:01:04.695736+02:00
295940155,de:12064:900320008:1:50,-0.7,2026-10-02T01:01:04.695736+02:00
306896819,de:12064:900320274::1,0.0,2026-10-02T01:01:04.695736+02:00
306896819,de:12064:900320278::2,0.0,2026-10-02T01:01:04.695736+02:00
306896819,de:12064:900320284::2,0.0,2026-10-02T01:01:04.695736+02:00
306896819,de:12064:900320886::2,0.0,2026-10-02T01:01:04.695736+02:00
306896819,de:12064:900320888::3,0.0,2026-10-02T01:01:04.695736+02:00
306896819,de:12067:900310894::2,0.0,2026-10-02T01:01:04.695736+02:00
306896819,de:12067:900310897::2,0.0,2026-10-02T01:01:04.695736+02:00
306896819,de:12067:900310896::2,0.0,2026-10-02T01:01:04.695736+02:00
306896819,de:12067:900310895::1,0.0,2026-10-02T01:01:04.695736+02:00
306896819,de:12067:900310002::2,0.0,2026-10-02T01:01:04.695736+02:00
306896819,de:12067:900310864::1,0.0,2026-10-02T01:01:04.695736+02:00
306896819,de:12067:900310861::1,0.0,2026-10-02T01:01:04.695736+02:00
306896819,de:12067:900311157::2,0.0,2026-10-02T01:01:04.695736+02:00
306896819,de:12067:900310860::2,0.0,2026-10-02T01:01:04.695736+02:00
306896819,de:12067:900311125::2,0.0,2026-10-02T01:01:04.695736+02:00
306896819,de:12067:900310936::2,0.0,2026-10-02T01:01:04.695736+02:00
306896819,de:12067:900310788::2,0.0,2026-10-02T01:01:04.695736+02:00
306896819,de:12067:900310696::2,0.0,2026-10-02T01:01:04.695736+02:00
306896819,de:12067:900310001::11,0.0,2026-10-02T01:01:04.695736+02:00
307420253,de:11000:900120003:6:60,0.0,2026-10-02T01:01:04.695736+02:00
307420253,de:11000:900160004:2:52,0.0,2026-10-02T01:01:04.695736+02:00
307420253,de:11000:900152001:2:52,0.0,2026-10-02T01:01:04.695736+02:00
307420253,de:12065:900200005:1:1,0.0,2026-10-02T01:01:04.695736+02:00
307420253,de:12065:900200041:1:50,0.0,2026-10-02T01:01:04.695736+02:00
307420253,de:12065:900200043:1:50,0.0,2026-10-02T01:01:04.695736+02:00
307420253,de:12065:900203961:1:50,0.0,2026-10-02T01:01:04.695736+02:00
307420253,de:12065:900203780:1:50,0.0,2026-10-02T01:01:04.695736+02:00
307420253,de:12065:900203942:1:50,0.0,2026-10-02T01:01:04.695736+02:00
307420253,de:12065:900203853:1:50,0.0,2026-10-02T01:01:04.695736+02:00
307420253,de:12065:900203898:1:50,0.0,2026-10-02T01:01:04.695736+02:00
307420253,de:12065:900203956:1:50,0.0,2026-10-02T01:01:04.695736+02:00
307420253,de:12073:900340353:1:50,0.0,2026-10-02T01:01:04.695736+02:00
307420253,de:12073:900340026:1:50,0.0,2026-10-02T01:01:04.695736+02:00
307420253,de:12073:900340027:1:50,0.0,2026-10-02T01:01:04.695736+02:00
306895186,de:12067:900311129::1,0.0,2026-10-02T01:01:04.695736+02:00
306895186,de:12067:900310755::1,0.0,2026-10-02T01:01:04.695736+02:00
306895186,de:12067:900310738::1,0.0,2026-10-02T01:01:04.695736+02:00
306895186,de:12067:900310725::1,0.0,2026-10-02T01:01:04.695736+02:00
306895186,de:12067:900310909::1,0.0,2026-10-02T01:01:04.695736+02:00
306895186,de:12067:900310609::1,0.0,2026-10-02T01:01:04.695736+02:00
306895186,de:12067:900310060::2,0.0,2026-10-02T01:01:04.695736+02:00
306895186,de:12067:900310858::3,0.0,2026-10-02T01:01:04.695736+02:00
306895186,de:12067:900311269::2,0.0,2026-10-02T01:01:04.695736+02:00
306895186,de:12067:900311228::2,0.0,2026-10-02T01:01:04.695736+02:00
306895186,de:12067:900311239::2,0.0,2026-10-02T01:01:04.695736+02:00
306895186,de:12067:900311227::1,0.0,2026-10-02T01:01:04.695736+02:00
306895186,de:12067:900311402::1,0.0,2026-10-02T01:01:04.695736+02:00
306895186,de:12067:900311311::2,0.0,2026-10-02T01:01:04.695736+02:00
306895186,de:12067:900311312::2,0.0,2026-10-02T01:01:04.695736+02:00
306895186,de:12067:900311383::3,0.0,2026-10-02T01:01:04.695736+02:00
306895186,de:12067:900311315::2,0.0,2026-10-02T01:01:04.695736+02:00
306895186,de:12067:900311348::2,0.0,2026-10-02T01:01:04.695736+02:00
306895186,de:12067:900311308::4,0.0,2026-10-02T01:01:04.695736+02:00
306895190,de:12067:900311129::1,0.0,2026-10-02T01:01:04.695736+02:00
306895190,de:12067:900310755::1,0.0,2026-10-02T01:01:04.695736+02:00
306895190,de:12067:900310738::1,0.0,2026-10-02T01:01:04.695736+02:00
306895190,de:12067:900310725::1,0.0,2026-10-02T01:01:04.695736+02:00
306895190,de:12067:900310909::1,0.0,2026-10-02T01:01:04.695736+02:00
306895190,de:12067:900310609::1,0.0,2026-10-02T01:01:04.695736+02:00
306895190,de:12067:900310060::2,0.0,2026-10-02T01:01:04.695736+02:00
306895190,de:12067:900310858::3,0.0,2026-10-02T01:01:04.695736+02:00
306895190,de:12067:900311269::2,0.0,2026-10-02T01:01:04.695736+02:00
306895190,de:12067:900311228::2,0.0,2026-10-02T01:01:04.695736+02:00
306895190,de:12067:900311239::2,0.0,2026-10-02T01:01:04.695736+02:00
306895190,de:12067:900311227::1,0.0,2026-10-02T01:01:04.695736+02:00
306895190,de:12067:900311402::1,0.0,2026-10-02T01:01:04.695736+02:00
306895190,de:12067:900311311::2,0.0,2026-10-02T01:01:04.695736+02:00
306895190,de:12067:900311312::2,0.0,2026-10-02T01:01:04.695736+02:00
306895190,de:12067:900311383::3,0.0,2026-10-02T01:01:04.695736+02:00
306895190,de:12067:900311315::2,0.0,2026-10-02T01:01:04.695736+02:00
306895190,de:12067:900311348::2,0.0,2026-10-02T01:01:04.695736+02:00
306895190,de:12067:900311308::4,0.0,2026-10-02T01:01:04.695736+02:00
306895451,de:12067:900311083::3,0.0,2026-10-02T01:01:04.695736+02:00
306895451,de:12067:900310775::1,0.0,2026-10-02T01:01:04.695736+02:00
306895451,de:12067:900311083::2,0.0,2026-10-02T01:01:04.695736+02:00
306895451,de:12067:900310814::2,0.0,2026-10-02T01:01:04.695736+02:00
306895451,de:12067:900310628::2,0.0,2026-10-02T01:01:04.695736+02:00
306895451,de:12067:900310793::2,0.0,2026-10-02T01:01:04.695736+02:00
306895451,de:12067:900310774::1,0.0,2026-10-02T01:01:04.695736+02:00
306895451,de:12067:900310792::1,0.0,2026-10-02T01:01:04.695736+02:00
306895451,de:12067:900310825::1,0.0,2026-10-02T01:01:04.695736+02:00
306895451,de:12067:900310809::2,0.0,2026-10-02T01:01:04.695736+02:00
306895451,de:12067:900310787::2,0.0,2026-10-02T01:01:04.695736+02:00
306895451,de:12067:900310790::2,0.0,2026-10-02T01:01:04.695736+02:00
306895451,de:12067:900310788::2,0.0,2026-10-02T01:01:04.695736+02:00
306895451,de:12067:900310696::2,0.0,2026-10-02T01:01:04.695736+02:00
306895451,de:12067:900310001::11,0.0,2026-10-02T01:01:04.695736+02:00
306895451,de:12067:900310001::2,0.0,2026-10-02T01:01:04.695736+02:00
306895451,de:12067:900310816::1,0.0,2026-10-02T01:01:04.695736+02:00
306895451,de:12067:900310627::1,0.0,2026-10-02T01:01:04.695736+02:00
306895451,de:12067:900310781::1,0.0,2026-10-02T01:01:04.695736+02:00
306895451,de:12067:900310822::1,0.0,2026-10-02T01:01:04.695736+02:00
306895451,de:12067:900310808::1,0.0,2026-10-02T01:01:04.695736+02:00
306895451,de:12067:900310794::1,0.0,2026-10-02T01:01:04.695736+02:00
306895451,de:12067:900310821::1,0.0,2026-10-02T01:01:04.695736+02:00
306895451,de:12067:900310806::1,0.0,2026-10-02T01:01:04.695736+02:00
306895451,de:12067:900310812::1,0.0,2026-10-02T01:01:04.695736+02:00
306895451,de:12067:900310770::1,0.0,2026-10-02T01:01:04.695736+02:00
306895451,de:12067:900310010::3,0.0,2026-10-02T01:01:04.695736+02:00
306895451,de:12067:900310880::1,0.0,2026-10-02T01:01:04.695736+02:00
306895451,de:12067:900310815::1,0.0,2026-10-02T01:01:04.695736+02:00
306895451,de:12067:900310807::1,0.0,2026-10-02T01:01:04.695736+02:00
306895452,de:12067:900311083::3,0.0,2026-10-02T01:01:04.695736+02:00
306895452,de:12067:900310775::1,0.0,2026-10-02T01:01:04.695736+02:00
306895452,de:12067:900311083::2,0.0,2026-10-02T01:01:04.695736+02:00
306895452,de:12067:900310814::2,0.0,2026-10-02T01:01:04.695736+02:00
306895452,de:12067:900310628::2,0.0,2026-10-02T01:01:04.695736+02:00
306895452,de:12067:900310793::2,0.0,2026-10-02T01:01:04.695736+02:00
306895452,de:12067:900310774::1,0.0,2026-10-02T01:01:04.695736+02:00
306895452,de:12067:900310792::1,0.0,2026-10-02T01:01:04.695736+02:00
306895452,de:12067:900310825::1,0.0,2026-10-02T01:01:04.695736+02:00
306895452,de:12067:900310809::2,0.0,2026-10-02T01:01:04.695736+02:00
306895452,de:12067:900310787::2,0.0,2026-10-02T01:01:04.695736+02:00
306895452,de:12067:900310790::2,0.0,2026-10-02T01:01:04.695736+02:00
306895452,de:12067:900310788::2,0.0,2026-10-02T01:01:04.695736+02:00
306895452,de:12067:900310696::2,0.0,2026-10-02T01:01:04.695736+02:00
306895452,de:12067:900310001::11,0.0,2026-10-02T01:01:04.695736+02:00
306895452,de:12067:900310001::2,0.0,2026-10-02T01:01:04.695736+02:00
306895452,de:12067:900310816::1,0.0,2026-10-02T01:01:04.695736+02:00
306895452,de:12067:900310627::1,0.0,2026-10-02T01:01:04.695736+02:00
306895452,de:12067:900310781::1,0.0,2026-10-02T01:01:04.695736+02:00
306895452,de:12067:900310822::1,0.0,2026-10-02T01:01:04.695736+02:00
306895452,de:12067:900310808::1,0.0,2026-10-02T01:01:04.695736+02:00
306895452,de:12067:900310794::1,0.0,2026-10-02T01:01:04.695736+02:00
306895452,de:12067:900310821::1,0.0,2026-10-02T01:01:04.695736+02:00
306895452,de:12067:900310806::1,0.0,2026-10-02T01:01:04.695736+02:00
306895452,de:12067:900310812::1,0.0,2026-10-02T01:01:04.695736+02:00
306895452,de:12067:900310770::1,0.0,2026-10-02T01:01:04.695736+02:00
306895452,de:12067:900310010::3,0.0,2026-10-02T01:01:04.695736+02:00
306895452,de:12067:900310880::1,0.0,2026-10-02T01:01:04.695736+02:00
306895452,de:12067:900310815::1,0.0,2026-10-02T01:01:04.695736+02:00
306895452,de:12067:900310807::1,0.0,2026-10-02T01:01:04.695736+02:00
295953478,de:11000:900120004:1:51,0.0,2026-10-02T01:01:04.695736+02:00
295953478,de:11000:900120003:2:52,-0.9,2026-10-02T01:01:04.695736+02:00
295953478,de:11000:900160003:1:50,-0.2,2026-10-02T01:01:04.695736+02:00
295953478,de:11000:900160004:1:50,-0.2,2026-10-02T01:01:04.695736+02:00
295953478,de:11000:900171002:1:50,-0.7,2026-10-02T01:01:04.695736+02:00
295953478,de:11000:900171003:1:50,-0.8,2026-10-02T01:01:04.695736+02:00
295953478,de:11000:900152002:1:50,-0.4,2026-10-02T01:01:04.695736+02:00
295953478,de:11000:900152001:1:50,-0.6,2026-10-02T01:01:04.695736+02:00
295953478,de:11000:900151001:1:51,-0.9,2026-10-02T01:01:04.695736+02:00
295949556,de:11000:900170004:2:52,0.0,2026-10-02T01:01:04.695736+02:00
295949556,de:11000:900170003:1:51,-0.3,2026-10-02T01:01:04.695736+02:00
295949556,de:11000:900170002:1:51,-0.1,2026-10-02T01:01:04.695736+02:00
295949556,de:11000:900170001:1:51,-0.9,2026-10-02T01:01:04.695736+02:00
295949556,de:11000:900170005:1:51,-0.7,2026-10-02T01:01:04.695736+02:00
295949556,de:11000:900171003:1:51,-0.6,2026-10-02T01:01:04.695736+02:00
295949556,de:11000:900171002:1:51,-0.9,2026-10-02T01:01:04.695736+02:00
295949556,de:11000:900160004:1:51,-0.3,2026-10-02T01:01:04.695736+02:00
295949556,de:11000:900160003:1:51,-0.4,2026-10-02T01:01:04.695736+02:00
295949556,de:11000:900120003:3:55,-0.6,2026-10-02T01:01:04.695736+02:00
295949556,de:11000:900120004:2:53,-0.1,2026-10-02T01:01:04.695736+02:00
295949556,de:11000:900120005:5:58,-0.4,2026-10-02T01:01:04.695736+02:00
295949556,de:11000:900100004:1:51,-0.9,2026-10-02T01:01:04.695736+02:00
295949556,de:11000:900100003:2:53,-0.9,2026-10-02T01:01:04.695736+02:00
295949556,de:11000:900100002:1:51,-0.9,2026-10-02T01:01:04.695736+02:00
295949556,de:11000:900100001:3:55,-0.9,2026-10-02T01:01:04.695736+02:00
295949556,de:11000:900003201:3:55,-0.6,2026-10-02T01:01:04.695736+02:00
295949556,de:11000:900003102:1:51,-0.3,2026-10-02T01:01:04.695736+02:00
295949556,de:11000:900003103:1:51,-0.4,2026-10-02T01:01:04.695736+02:00
295949556,de:11000:900023201:3:55,-0.3,2026-10-02T01:01:04.695736+02:00
295949556,de:11000:900024203:1:51,-0.3,2026-10-02T01:01:04.695736+02:00
295949556,de:11000:900024101:4:57,-0.3,2026-10-02T01:01:04.695736+02:00
295949556,de:11000:900024102:1:50,-0.6,2026-10-02T01:01:04.695736+02:00
295949556,de:11000:900048101:1:50,-0.8,2026-10-02T01:01:04.695736+02:00
295949556,de:11000:900052201:2:52,0.0,2026-10-02T01:01:04.695736+02:00
295949556,de:11000:900053301:1:50,-0.4,2026-10-02T01:01:04.695736+02:00
295949556,de:12054:900230003:1:50,-0.4,2026-10-02T01:01:04.695736+02:00
295949556,de:12054:900230000:1:51,-0.4,2026-10-02T01:01:04.695736+02:00
295949556,de:12054:900230999:3:54,-0.9,2026-10-02T01:01:04.695736+02:00
295949533,de:11000:900170004:2:52,0.0,2026-10-02T01:01:04.695736+02:00
295949533,de:11000:900170003:1:51,-0.3,2026-10-02T01:01:04.695736+02:00
295949533,de:11000:900170002:1:51,-0.1,2026-10-02T01:01:04.695736+02:00
295949533,de:11000:900170001:1:51,-0.9,2026-10-02T01:01:04.695736+02:00
295949533,de:11000:900170005:1:51,-0.7,2026-10-02T01:01:04.695736+02:00
295949533,de:11000:900171003:1:51,-0.6,2026-10-02T01:01:04.695736+02:00
295949533,de:11000:900171002:1:51,-0.9,2026-10-02T01:01:04.695736+02:00
295949533,de:11000:900160004:1:51,-0.3,2026-10-02T01:01:04.695736+02:00
295949533,de:11000:900160003:1:51,-0.4,2026-10-02T01:01:04.695736+02:00
295949533,de:11000:900120003:3:55,-0.6,2026-10-02T01:01:04.695736+02:00
295949533,de:11000:900120004:2:53,-0.1,2026-10-02T01:01:04.695736+02:00
295949533,de:11000:900120005:5:58,-0.4,2026-10-02T01:01:04.695736+02:00
295949533,de:11000:900100004:1:51,-0.9,2026-10-02T01:01:04.695736+02:00
295949533,de:11000:900100003:2:53,-0.9,2026-10-02T01:01:04.695736+02:00
295949533,de:11000:900100002:1:51,-0.9,2026-10-02T01:01:04.695736+02:00
295949533,de:11000:900100001:3:55,-0.9,2026-10-02T01:01:04.695736+02:00
295949533,de:11000:900003201:3:55,-0.6,2026-10-02T01:01:04.695736+02:00
295949533,de:11000:900003102:1:51,-0.3,2026-10-02T01:01:04.695736+02:00
295949533,de:11000:900003103:1:51,-0.4,2026-10-02T01:01:04.695736+02:00
295949533,de:11000:900023201:3:55,-0.3,2026-10-02T01:01:04.695736+02:00
295949533,de:11000:900024203:1:51,-0.3,2026-10-02T01:01:04.695736+02:00
295949533,de:11000:900024101:4:57,-0.3,2026-10-02T01:01:04.695736+02:00
295949533,de:11000:900024102:1:50,-0.6,2026-10-02T01:01:04.695736+02:00
295949533,de:11000:900048101:1:50,-0.8,2026-10-02T01:01:04.695736+02:00
295949533,de:11000:900052201:2:52,0.0,2026-10-02T01:01:04.695736+02:00
295949533,de:11000:900053301:1:50,-0.4,2026-10-02T01:01:04.695736+02:00
295949533,de:12054:900230003:1:50,-0.4,2026-10-02T01:01:04.695736+02:00
295949533,de:12054:900230000:1:51,-0.4,2026-10-02T01:01:04.695736+02:00
295949533,de:12054:900230999:3:54,-0.9,2026-10-02T01:01:04.695736+02:00
295956001,de:11000:900120004:1:51,0.0,2026-10-02T01:01:04.695736+02:00
295956001,de:11000:900120003:2:52,-0.9,2026-10-02T01:01:04.695736+02:00
295956001,de:11000:900160003:1:50,-0.2,2026-10-02T01:01:04.695736+02:00
295956001,de:11000:900160004:1:50,-0.2,2026-10-02T01:01:04.695736+02:00
295956001,de:11000:900171002:1:50,-0.7,2026-10-02T01:01:04.695736+02:00
295956001,de:11000:900171003:1:50,-0.8,2026-10-02T01:01:04.695736+02:00
295956001,de:11000:900152002:1:50,-0.4,2026-10-02T01:01:04.695736+02:00
295956001,de:11000:900152001:1:50,-0.6,2026-10-02T01:01:04.695736+02:00
295956001,de:11000:900151001:1:50,-0.9,2026-10-02T01:01:04.695736+02:00
295955998,de:11000:900120004:1:51,0.0,2026-10-02T01:01:04.695736+02:00
295955998,de:11000:900120003:2:52,-0.9,2026-10-02T01:01:04.695736+02:00
295955998,de:11000:900160003:1:50,-0.2,2026-10-02T01:01:04.695736+02:00
295955998,de:11000:900160004:1:50,-0.2,2026-10-02T01:01:04.695736+02:00
295955998,de:11000:900171002:1:50,-0.7,2026-10-02T01:01:04.695736+02:00
295955998,de:11000:900171003:1:50,-0.8,2026-10-02T01:01:04.695736+02:00
295955998,de:11000:900152002:1:50,-0.4,2026-10-02T01:01:04.695736+02:00
295955998,de:11000:900152001:1:50,-0.6,2026-10-02T01:01:04.695736+02:00
295955998,de:11000:900151001:1:50,-0.9,2026-10-02T01:01:04.695736+02:00
295956051,de:11000:900151001:1:50,0.0,2026-10-02T01:01:04.695736+02:00
295956051,de:11000:900152001:1:51,-0.6,2026-10-02T01:01:04.695736+02:00
295956051,de:11000:900152002:1:51,-0.2,2026-10-02T01:01:04.695736+02:00
295956051,de:11000:900171003:1:51,-0.9,2026-10-02T01:01:04.695736+02:00
295956051,de:11000:900171002:1:51,-0.9,2026-10-02T01:01:04.695736+02:00
295956051,de:11000:900160004:1:51,-0.3,2026-10-02T01:01:04.695736+02:00
295956051,de:11000:900160003:1:51,-0.4,2026-10-02T01:01:04.695736+02:00
295956051,de:11000:900120003:3:54,-0.6,2026-10-02T01:01:04.695736+02:00
295956051,de:11000:900120004:2:52,-0.1,2026-10-02T01:01:04.695736+02:00
307436055,de:12066:900435000:2:53,0.0,2026-10-02T01:01:04.695736+02:00
307436055,de:12066:900435001:2:51,0.0,2026-10-02T01:01:04.695736+02:00
307436055,de:12066:900435339:1:50,0.0,2026-10-02T01:01:04.695736+02:00
307436055,de:12066:900435209:1:50,0.0,2026-10-02T01:01:04.695736+02:00
307436055,de:12066:900435818:1:50,0.0,2026-10-02T01:01:04.695736+02:00
307436055,de:12066:900435459:1:50,0.0,2026-10-02T01:01:04.695736+02:00
307436055,de:12066:900435602:2:51,0.0,2026-10-02T01:01:04.695736+02:00
307436055,de:12061:900261512:2:52,0.0,2026-10-02T01:01:04.695736+02:00
306895481,de:12067:900310807::1,0.0,2026-10-02T01:01:04.695736+02:00
306895481,de:12067:900310815::2,0.0,2026-10-02T01:01:04.695736+02:00
306895481,de:12067:900310880::2,0.0,2026-10-02T01:01:04.695736+02:00
306895481,de:12067:900310010::2,0.0,2026-10-02T01:01:04.695736+02:00
306895481,de:12067:900310770::2,0.0,2026-10-02T01:01:04.695736+02:00
306895481,de:12067:900310812::2,0.0,2026-10-02T01:01:04.695736+02:00
306895481,de:12067:900310806::2,0.0,2026-10-02T01:01:04.695736+02:00
306895481,de:12067:900310821::2,0.0,2026-10-02T01:01:04.695736+02:00
306895481,de:12067:900310794::2,0.0,2026-10-02T01:01:04.695736+02:00
306895481,de:12067:900310808::2,0.0,2026-10-02T01:01:04.695736+02:00
306895481,de:12067:900310822::2,0.0,2026-10-02T01:01:04.695736+02:00
306895481,de:12067:900310781::2,0.0,2026-10-02T01:01:04.695736+02:00
306895481,de:12067:900310627::2,0.0,2026-10-02T01:01:04.695736+02:00
306895481,de:12067:900310816::2,0.0,2026-10-02T01:01:04.695736+02:00
306895481,de:12067:900310022::1,0.0,2026-10-02T01:01:04.695736+02:00
306895481,de:12067:900310001::11,0.0,2026-10-02T01:01:04.695736+02:00
306895481,de:12067:900310001::1,0.0,2026-10-02T01:01:04.695736+02:00
306895481,de:12067:900310696::1,0.0,2026-10-02T01:01:04.695736+02:00
306895481,de:12067:900310788::1,0.0,2026-10-02T01:01:04.695736+02:00
306895481,de:12067:900310790::1,0.0,2026-10-02T01:01:04.695736+02:00
306895481,de:12067:900310787::1,0.0,2026-10-02T01:01:04.695736+02:00
306895481,de:12067:900310809::1,0.0,2026-10-02T01:01:04.695736+02:00
306895481,de:12067:900310825::1,0.0,2026-10-02T01:01:04.695736+02:00
306895481,de:12067:900310792::2,0.0,2026-10-02T01:01:04.695736+02:00
306895481,de:12067:900310774::2,0.0,2026-10-02T01:01:04.695736+02:00
306895481,de:12067:900310793::1,0.0,2026-10-02T01:01:04.695736+02:00
306895481,de:12067:900310628::1,0.0,2026-10-02T01:01:04.695736+02:00
306895481,de:12067:900310814::1,0.0,2026-10-02T01:01:04.695736+02:00
306895481,de:12067:900311083::3,0.0,2026-10-02T01:01:04.695736+02:00
306895503,de:12067:900310807::1,0.0,2026-10-02T01:01:04.695736+02:00
306895503,de:12067:900310815::2,0.0,2026-10-02T01:01:04.695736+02:00
306895503,de:12067:900310880::2,0.0,2026-10-02T01:01:04.695736+02:00
306895503,de:12067:900310010::2,0.0,2026-10-02T01:01:04.695736+02:00
306895503,de:12067:900310770::2,0.0,2026-10-02T01:01:04.695736+02:00
306895503,de:12067:900310812::2,0.0,2026-10-02T01:01:04.695736+02:00
306895503,de:12067:900310806::2,0.0,2026-10-02T01:01:04.695736+02:00
306895503,de:12067:900310778::2,0.0,2026-10-02T01:01:04.695736+02:00
306895503,de:12067:900310768::2,0.0,2026-10-02T01:01:04.695736+02:00
306895503,de:12067:900310786::2,0.0,2026-10-02T01:01:04.695736+02:00
306895503,de:12067:900310784::2,0.0,2026-10-02T01:01:04.695736+02:00
306895503,de:12067:900311104::2,0.0,2026-10-02T01:01:04.695736+02:00
306895503,de:12067:900310995::1,0.0,2026-10-02T01:01:04.695736+02:00
306895503,de:12067:900310779::2,0.0,2026-10-02T01:01:04.695736+02:00
306895503,de:12067:900310808::2,0.0,2026-10-02T01:01:04.695736+02:00
306895503,de:12067:900310822::2,0.0,2026-10-02T01:01:04.695736+02:00
306895503,de:12067:900310781::2,0.0,2026-10-02T01:01:04.695736+02:00
306895503,de:12067:900310627::2,0.0,2026-10-02T01:01:04.695736+02:00
306895503,de:12067:900310816::2,0.0,2026-10-02T01:01:04.695736+02:00
306895503,de:12067:900310022::1,0.0,2026-10-02T01:01:04.695736+02:00
306895503,de:12067:900310001::11,0.0,2026-10-02T01:01:04.695736+02:00
306895503,de:12067:900310001::1,0.0,2026-10-02T01:01:04.695736+02:00
306895503,de:12067:900310696::1,0.0,2026-10-02T01:01:04.695736+02:00
306895503,de:12067:900310788::1,0.0,2026-10-02T01:01:04.695736+02:00
306895503,de:12067:900310790::1,0.0,2026-10-02T01:01:04.695736+02:00
306895503,de:12067:900310787::1,0.0,2026-10-02T01:01:04.695736+02:00
306895503,de:12067:900310809::1,0.0,2026-10-02T01:01:04.695736+02:00
306895503,de:12067:900310825::1,0.0,2026-10-02T01:01:04.695736+02:00
306895503,de:12067:900310792::2,0.0,2026-10-02T01:01:04.695736+02:00
306895503,de:12067:900310774::2,0.0,2026-10-02T01:01:04.695736+02:00
306895503,de:12067:900310793::1,0.0,2026-10-02T01:01:04.695736+02:00
306895503,de:12067:900310628::1,0.0,2026-10-02T01:01:04.695736+02:00
306895503,de:12067:900310814::1,0.0,2026-10-02T01:01:04.695736+02:00
306895503,de:12067:900311083::3,0.0,2026-10-02T01:01:04.695736+02:00
306895504,de:12067:900310807::1,0.0,2026-10-02T01:01:04.695736+02:00
306895504,de:12067:900310815::2,0.0,2026-10-02T01:01:04.695736+02:00
306895504,de:12067:900310880::2,0.0,2026-10-02T01:01:04.695736+02:00
306895504,de:12067:900310010::2,0.0,2026-10-02T01:01:04.695736+02:00
306895504,de:12067:900310770::2,0.0,2026-10-02T01:01:04.695736+02:00
306895504,de:12067:900310812::2,0.0,2026-10-02T01:01:04.695736+02:00
306895504,de:12067:900310806::2,0.0,2026-10-02T01:01:04.695736+02:00
306895504,de:12067:900310778::2,0.0,2026-10-02T01:01:04.695736+02:00
306895504,de:12067:900310768::2,0.0,2026-10-02T01:01:04.695736+02:00
306895504,de:12067:900310786::2,0.0,2026-10-02T01:01:04.695736+02:00
306895504,de:12067:900310784::2,0.0,2026-10-02T01:01:04.695736+02:00
306895504,de:12067:900311104::2,0.0,2026-10-02T01:01:04.695736+02:00
306895504,de:12067:900310995::1,0.0,2026-10-02T01:01:04.695736+02:00
306895504,de:12067:900310779::2,0.0,2026-10-02T01:01:04.695736+02:00
306895504,de:12067:900310808::2,0.0,2026-10-02T01:01:04.695736+02:00
306895504,de:12067:900310822::2,0.0,2026-10-02T01:01:04.695736+02:00
306895504,de:12067:900310781::2,0.0,2026-10-02T01:01:04.695736+02:00
306895504,de:12067:900310627::2,0.0,2026-10-02T01:01:04.695736+02:00
306895504,de:12067:900310816::2,0.0,2026-10-02T01:01:04.695736+02:00
306895504,de:12067:900310022::1,0.0,2026-10-02T01:01:04.695736+02:00
306895504,de:12067:900310001::11,0.0,2026-10-02T01:01:04.695736+02:00
306895504,de:12067:900310001::1,0.0,2026-10-02T01:01:04.695736+02:00
306895504,de:12067:900310696::1,0.0,2026-10-02T01:01:04.695736+02:00
306895504,de:12067:900310788::1,0.0,2026-10-02T01:01:04.695736+02:00
306895504,de:12067:900310790::1,0.0,2026-10-02T01:01:04.695736+02:00
306895504,de:12067:900310787::1,0.0,2026-10-02T01:01:04.695736+02:00
306895504,de:12067:900310809::1,0.0,2026-10-02T01:01:04.695736+02:00
306895504,de:12067:900310825::1,0.0,2026-10-02T01:01:04.695736+02:00
306895504,de:12067:900310792::2,0.0,2026-10-02T01:01:04.695736+02:00
306895504,de:12067:900310774::2,0.0,2026-10-02T01:01:04.695736+02:00
306895504,de:12067:900310793::1,0.0,2026-10-02T01:01:04.695736+02:00
306895504,de:12067:900310628::1,0.0,2026-10-02T01:01:04.695736+02:00
306895504,de:12067:900310814::1,0.0,2026-10-02T01:01:04.695736+02:00
306895504,de:12067:900311083::3,0.0,2026-10-02T01:01:04.695736+02:00
295959985,de:12065:900200008:1:51,0.0,2026-10-02T01:01:04.695736+02:00
295959985,de:12065:900200009:1:51,-0.7,2026-10-02T01:01:04.695736+02:00
295959985,de:12065:900200011:1:51,-0.3,2026-10-02T01:01:04.695736+02:00
295959985,de:12065:900200012:1:51,-0.8,2026-10-02T01:01:04.695736+02:00
295959985,de:12065:900200013:1:50,-0.4,2026-10-02T01:01:04.695736+02:00
295959985,de:11000:900142001:1:51,-0.7,2026-10-02T01:01:04.695736+02:00
295959985,de:11000:900130001:1:51,-0.2,2026-10-02T01:01:04.695736+02:00
295959985,de:11000:900130002:1:51,-0.7,2026-10-02T01:01:04.695736+02:00
295959985,de:11000:900110011:1:51,-0.2,2026-10-02T01:01:04.695736+02:00
295959985,de:11000:900110001:1:50,-0.2,2026-10-02T01:01:04.695736+02:00
295959985,de:11000:900110002:1:50,-0.9,2026-10-02T01:01:04.695736+02:00
295959985,de:11000:900110003:1:50,-0.9,2026-10-02T01:01:04.695736+02:00
295959985,de:11000:900110004:1:50,-0.3,2026-10-02T01:01:04.695736+02:00
295959985,de:11000:900110012:1:50,-0.2,2026-10-02T01:01:04.695736+02:00
295959985,de:11000:900120001:1:50,-0.2,2026-10-02T01:01:04.695736+02:00
295959985,de:11000:900120003:5:58,-0.6,2026-10-02T01:01:04.695736+02:00
295959985,de:11000:900190001:1:50,-0.1,2026-10-02T01:01:04.695736+02:00
295959985,de:11000:900191002:1:50,0.0,2026-10-02T01:01:04.695736+02:00
295959985,de:11000:900191001:2:52,-0.4,2026-10-02T01:01:04.695736+02:00
295959985,de:11000:900192001:2:52,-0.2,2026-10-02T01:01:04.695736+02:00
295959985,de:11000:900193001:1:50,-0.7,2026-10-02T01:01:04.695736+02:00
295959985,de:11000:900193002:1:50,-0.3,2026-10-02T01:01:04.695736+02:00
295959985,de:11000:900186001:1:50,-0.3,2026-10-02T01:01:04.695736+02:00
295959985,de:12061:900260004:1:50,-0.7,2026-10-02T01:01:04.695736+02:00
295959985,de:12061:900260003:1:50,-0.9,2026-10-02T01:01:04.695736+02:00
295959985,de:12061:900260002:1:50,-0.9,2026-10-02T01:01:04.695736+02:00
306895529,de:12067:900311083::3,0.0,2026-10-02T01:01:04.695736+02:00
306895529,de:12067:900310775::1,0.0,2026-10-02T01:01:04.695736+02:00
306895529,de:12067:900311083::2,0.0,2026-10-02T01:01:04.695736+02:00
306895529,de:12067:900310814::2,0.0,2026-10-02T01:01:04.695736+02:00
306895529,de:12067:900310804::2,0.0,2026-10-02T01:01:04.695736+02:00
306895529,de:12067:900311150::2,0.0,2026-10-02T01:01:04.695736+02:00
306895529,de:12067:900311135::2,0.0,2026-10-02T01:01:04.695736+02:00
306895529,de:12067:900311149::2,0.0,2026-10-02T01:01:04.695736+02:00
306895529,de:12067:900310001::11,0.0,2026-10-02T01:01:04.695736+02:00
306895529,de:12067:900310001::2,0.0,2026-10-02T01:01:04.695736+02:00
306895529,de:12067:900310816::1,0.0,2026-10-02T01:01:04.695736+02:00
306895529,de:12067:900310627::1,0.0,2026-10-02T01:01:04.695736+02:00
306895529,de:12067:900311151::1,0.0,2026-10-02T01:01:04.695736+02:00
306895529,de:12067:900311152::1,0.0,2026-10-02T01:01:04.695736+02:00
306895529,de:12067:900310823::1,0.0,2026-10-02T01:01:04.695736+02:00
306895529,de:12067:900310773::1,0.0,2026-10-02T01:01:04.695736+02:00
306895529,de:12067:900311109::1,0.0,2026-10-02T01:01:04.695736+02:00
306895529,de:12067:900310782::1,0.0,2026-10-02T01:01:04.695736+02:00
306895529,de:12067:900310010::2,0.0,2026-10-02T01:01:04.695736+02:00
306895529,de:12067:900310770::2,0.0,2026-10-02T01:01:04.695736+02:00
306895529,de:12067:900310695::2,0.0,2026-10-02T01:01:04.695736+02:00
306895529,de:12067:900311153::1,0.0,2026-10-02T01:01:04.695736+02:00
306895529,de:12067:900310769::1,0.0,2026-10-02T01:01:04.695736+02:00
306895529,de:12067:900310810::2,0.0,2026-10-02T01:01:04.695736+02:00
306895529,de:12067:900310980::1,0.0,2026-10-02T01:01:04.695736+02:00
295960106,de:11000:900186001:2:52,0.0,2026-10-02T01:01:04.695736+02:00
295960106,de:11000:900193002:1:51,-0.2,2026-10-02T01:01:04.695736+02:00
295960106,de:11000:900193001:2:51,-0.8,2026-10-02T01:01:04.695736+02:00
295960106,de:11000:900192001:3:55,-0.7,2026-10-02T01:01:04.695736+02:00
295960106,de:11000:900191001:1:50,-0.4,2026-10-02T01:01:04.695736+02:00
295960106,de:11000:900191002:1:51,-0.8,2026-10-02T01:01:04.695736+02:00
295960106,de:11000:900190001:2:53,-0.6,2026-10-02T01:01:04.695736+02:00
295960106,de:11000:900120003:5:59,0.0,2026-10-02T01:01:04.695736+02:00
295960106,de:11000:900120001:1:51,-0.6,2026-10-02T01:01:04.695736+02:00
295960106,de:11000:900110012:1:51,-0.8,2026-10-02T01:01:04.695736+02:00
295960106,de:11000:900110004:1:51,-0.7,2026-10-02T01:01:04.695736+02:00
295960106,de:11000:900110003:1:51,0.0,2026-10-02T01:01:04.695736+02:00
295960106,de:11000:900110002:1:51,0.0,2026-10-02T01:01:04.695736+02:00
295960106,de:11000:900110001:1:51,-0.7,2026-10-02T01:01:04.695736+02:00
295960106,de:11000:900110011:2:52,-0.4,2026-10-02T01:01:04.695736+02:00
295960106,de:11000:900130002:1:50,0.0,2026-10-02T01:01:04.695736+02:00
295960106,de:11000:900130001:1:50,-0.7,2026-10-02T01:01:04.695736+02:00
295960106,de:11000:900142001:1:50,-0.2,2026-10-02T01:01:04.695736+02:00
295960106,de:12065:900200013:1:50,-0.3,2026-10-02T01:01:04.695736+02:00
295960106,de:12065:900200012:1:50,-0.9,2026-10-02T01:01:04.695736+02:00
295960106,de:12065:900200011:1:50,-0.4,2026-10-02T01:01:04.695736+02:00
295960106,de:12065:900200009:1:50,-0.9,2026-10-02T01:01:04.695736+02:00
295960106,de:12065:900200008:1:50,-0.9,2026-10-02T01:01:04.695736+02:00
295959920,de:12065:900200008:1:51,0.0,2026-10-02T01:01:04.695736+02:00
295959920,de:12065:900200009:1:51,-0.7,2026-10-02T01:01:04.695736+02:00
295959920,de:12065:900200011:1:51,-0.3,2026-10-02T01:01:04.695736+02:00
295959920,de:12065:900200012:1:51,-0.8,2026-10-02T01:01:04.695736+02:00
295959920,de:12065:900200013:1:50,-0.4,2026-10-02T01:01:04.695736+02:00
295959920,de:11000:900142001:1:51,-0.7,2026-10-02T01:01:04.695736+02:00
295959920,de:11000:900130001:1:51,-0.2,2026-10-02T01:01:04.695736+02:00
295959920,de:11000:900130002:1:51,-0.7,2026-10-02T01:01:04.695736+02:00
295959920,de:11000:900110011:1:51,-0.2,2026-10-02T01:01:04.695736+02:00
295959920,de:11000:900110001:1:50,-0.2,2026-10-02T01:01:04.695736+02:00
295959920,de:11000:900110002:1:50,-0.9,2026-10-02T01:01:04.695736+02:00
295959920,de:11000:900110003:1:50,-0.9,2026-10-02T01:01:04.695736+02:00
295959920,de:11000:900110004:1:50,-0.3,2026-10-02T01:01:04.695736+02:00
295959920,de:11000:900110012:1:50,-0.2,2026-10-02T01:01:04.695736+02:00
295959920,de:11000:900120001:1:50,-0.2,2026-10-02T01:01:04.695736+02:00
295959920,de:11000:900120003:5:58,-0.6,2026-10-02T01:01:04.695736+02:00
295959920,de:11000:900190001:1:50,-0.1,2026-10-02T01:01:04.695736+02:00
295959920,de:11000:900191002:1:50,0.0,2026-10-02T01:01:04.695736+02:00
295959920,de:11000:900191001:2:52,-0.4,2026-10-02T01:01:04.695736+02:00
295959920,de:11000:900192001:2:52,-0.2,2026-10-02T01:01:04.695736+02:00
295959920,de:11000:900193001:1:50,-0.7,2026-10-02T01:01:04.695736+02:00
295959920,de:11000:900193002:1:50,-0.3,2026-10-02T01:01:04.695736+02:00
295959920,de:11000:900186001:1:50,-0.3,2026-10-02T01:01:04.695736+02:00
306895562,de:12067:900310980::1,0.0,2026-10-02T01:01:04.695736+02:00
306895562,de:12067:900310810::1,0.0,2026-10-02T01:01:04.695736+02:00
306895562,de:12067:900310769::2,0.0,2026-10-02T01:01:04.695736+02:00
306895562,de:12067:900311153::1,0.0,2026-10-02T01:01:04.695736+02:00
306895562,de:12067:900310695::3,0.0,2026-10-02T01:01:04.695736+02:00
306895562,de:12067:900310770::1,0.0,2026-10-02T01:01:04.695736+02:00
306895562,de:12067:900310010::3,0.0,2026-10-02T01:01:04.695736+02:00
306895562,de:12067:900310782::2,0.0,2026-10-02T01:01:04.695736+02:00
306895562,de:12067:900311109::2,0.0,2026-10-02T01:01:04.695736+02:00
306895562,de:12067:900310773::2,0.0,2026-10-02T01:01:04.695736+02:00
306895562,de:12067:900310823::2,0.0,2026-10-02T01:01:04.695736+02:00
306895562,de:12067:900311152::2,0.0,2026-10-02T01:01:04.695736+02:00
306895562,de:12067:900311151::2,0.0,2026-10-02T01:01:04.695736+02:00
306895562,de:12067:900310627::2,0.0,2026-10-02T01:01:04.695736+02:00
306895562,de:12067:900310816::2,0.0,2026-10-02T01:01:04.695736+02:00
306895562,de:12067:900310022::1,0.0,2026-10-02T01:01:04.695736+02:00
306895562,de:12067:900310001::11,0.0,2026-10-02T01:01:04.695736+02:00
306895562,de:12067:900310001::1,0.0,2026-10-02T01:01:04.695736+02:00
306895562,de:12067:900311149::1,0.0,2026-10-02T01:01:04.695736+02:00
306895562,de:12067:900311135::1,0.0,2026-10-02T01:01:04.695736+02:00
306895562,de:12067:900311150::1,0.0,2026-10-02T01:01:04.695736+02:00
306895562,de:12067:900310804::1,0.0,2026-10-02T01:01:04.695736+02:00
306895562,de:12067:900310814::1,0.0,2026-10-02T01:01:04.695736+02:00
306895562,de:12067:900311083::3,0.0,2026-10-02T01:01:04.695736+02:00
295963586,de:11000:900092201:1:51,0.0,2026-10-02T01:01:04.695736+02:00
295963586,de:11000:900093201:1:51,-0.4,2026-10-02T01:01:04.695736+02:00
295963586,de:11000:900094101:1:51,-0.3,2026-10-02T01:01:04.695736+02:00
295963586,de:11000:900096101:1:51,-0.1,2026-10-02T01:01:04.695736+02:00
295963586,de:11000:900084101:1:51,-0.2,2026-10-02T01:01:04.695736+02:00
295963586,de:11000:900085201:1:51,-0.8,2026-10-02T01:01:04.695736+02:00
295963586,de:11000:900130003:1:51,-0.8,2026-10-02T01:01:04.695736+02:00
295963586,de:11000:900110011:1:50,-0.9,2026-10-02T01:01:04.695736+02:00
295963586,de:11000:900110001:1:50,-0.2,2026-10-02T01:01:04.695736+02:00
295963586,de:11000:900110002:1:50,-0.9,2026-10-02T01:01:04.695736+02:00
295963586,de:11000:900110003:1:50,-0.9,2026-10-02T01:01:04.695736+02:00
295963586,de:11000:900110004:1:50,-0.3,2026-10-02T01:01:04.695736+02:00
295963586,de:11000:900110012:1:50,-0.2,2026-10-02T01:01:04.695736+02:00
295963586,de:11000:900120001:1:50,-0.2,2026-10-02T01:01:04.695736+02:00
295963586,de:11000:900120003:5:58,-0.6,2026-10-02T01:01:04.695736+02:00
295963586,de:11000:900190001:1:51,-0.1,2026-10-02T01:01:04.695736+02:00
295963586,de:11000:900191002:1:50,0.0,2026-10-02T01:01:04.695736+02:00
295963586,de:11000:900191001:2:52,-0.4,2026-10-02T01:01:04.695736+02:00
295963586,de:11000:900192001:2:52,-0.2,2026-10-02T01:01:04.695736+02:00
295963586,de:11000:900193001:1:50,-0.7,2026-10-02T01:01:04.695736+02:00
295963586,de:11000:900193002:1:50,-0.3,2026-10-02T01:01:04.695736+02:00
295963586,de:11000:900195510:1:51,-0.7,2026-10-02T01:01:04.695736+02:00
295963586,de:11000:900196001:1:50,-0.9,2026-10-02T01:01:04.695736+02:00
295963586,de:12061:900260005:3:54,-0.7,2026-10-02T01:01:04.695736+02:00
295963586,de:12061:900260080:1:50,0.0,2026-10-02T01:01:04.695736+02:00
295963586,de:12061:900260009:3:56,-0.2,2026-10-02T01:01:04.695736+02:00
295963700,de:12061:900260009:3:56,0.0,2026-10-02T01:01:04.695736+02:00
295963700,de:12061:900260080:1:51,-0.7,2026-10-02T01:01:04.695736+02:00
295963700,de:12061:900260005:3:55,0.0,2026-10-02T01:01:04.695736+02:00
295963700,de:11000:900196001:1:51,0.0,2026-10-02T01:01:04.695736+02:00
295963700,de:11000:900195510:1:50,-0.4,2026-10-02T01:01:04.695736+02:00
295963700,de:11000:900193002:1:51,-0.6,2026-10-02T01:01:04.695736+02:00
295963700,de:11000:900193001:2:51,-0.3,2026-10-02T01:01:04.695736+02:00
295963700,de:11000:900192001:3:55,-0.2,2026-10-02T01:01:04.695736+02:00
295963700,de:11000:900191001:1:50,-0.9,2026-10-02T01:01:04.695736+02:00
295963700,de:11000:900191002:1:51,-0.3,2026-10-02T01:01:04.695736+02:00
295963700,de:11000:900190001:2:53,-0.1,2026-10-02T01:01:04.695736+02:00
295963700,de:11000:900120003:5:59,-0.3,2026-10-02T01:01:04.695736+02:00
295963700,de:11000:900120001:1:51,-0.6,2026-10-02T01:01:04.695736+02:00
295963700,de:11000:900110012:1:51,-0.8,2026-10-02T01:01:04.695736+02:00
295963700,de:11000:900110004:1:51,-0.7,2026-10-02T01:01:04.695736+02:00
295963700,de:11000:900110003:1:51,0.0,2026-10-02T01:01:04.695736+02:00
295963700,de:11000:900110002:1:51,0.0,2026-10-02T01:01:04.695736+02:00
295963700,de:11000:900110001:1:51,-0.7,2026-10-02T01:01:04.695736+02:00
295963700,de:11000:900110011:2:52,-0.4,2026-10-02T01:01:04.695736+02:00
295963700,de:11000:900130002:1:51,-0.8,2026-10-02T01:01:04.695736+02:00
295967967,de:12061:900260009:3:55,0.0,2026-10-02T01:01:04.695736+02:00
295967967,de:12061:900260080:1:51,-0.7,2026-10-02T01:01:04.695736+02:00
295967967,de:12061:900260005:3:55,0.0,2026-10-02T01:01:04.695736+02:00
295967967,de:11000:900196001:1:51,0.0,2026-10-02T01:01:04.695736+02:00
295967967,de:11000:900195510:1:50,-0.4,2026-10-02T01:01:04.695736+02:00
295967967,de:11000:900193002:1:51,-0.6,2026-10-02T01:01:04.695736+02:00
295967967,de:11000:900193001:2:51,-0.3,2026-10-02T01:01:04.695736+02:00
295967967,de:11000:900192001:3:55,-0.2,2026-10-02T01:01:04.695736+02:00
295967967,de:11000:900191001:1:50,0.0,2026-10-02T01:01:04.695736+02:00
295967967,de:11000:900191002:1:51,-0.7,2026-10-02T01:01:04.695736+02:00
295967967,de:11000:900190001:2:53,-0.4,2026-10-02T01:01:04.695736+02:00
295967967,de:11000:900120004:2:53,-0.9,2026-10-02T01:01:04.695736+02:00
295967967,de:11000:900120005:5:58,-0.1,2026-10-02T01:01:04.695736+02:00
295967967,de:11000:900100004:1:51,-0.4,2026-10-02T01:01:04.695736+02:00
295967967,de:11000:900100003:2:53,-0.4,2026-10-02T01:01:04.695736+02:00
295967967,de:11000:900100002:1:51,-0.4,2026-10-02T01:01:04.695736+02:00
295967967,de:11000:900100001:3:55,-0.4,2026-10-02T01:01:04.695736+02:00
295967967,de:11000:900003201:3:55,-0.1,2026-10-02T01:01:04.695736+02:00
295967967,de:11000:900003102:1:51,-0.8,2026-10-02T01:01:04.695736+02:00
295967967,de:11000:900003103:1:51,-0.9,2026-10-02T01:01:04.695736+02:00
295967967,de:11000:900023201:3:55,-0.8,2026-10-02T01:01:04.695736+02:00
295967967,de:11000:900024203:1:51,-0.8,2026-10-02T01:01:04.695736+02:00
295967967,de:11000:900024101:4:57,-0.8,2026-10-02T01:01:04.695736+02:00
295967967,de:11000:900024102:1:50,-0.1,2026-10-02T01:01:04.695736+02:00
295967967,de:11000:900025423:1:50,-0.4,2026-10-02T01:01:04.695736+02:00
295967967,de:11000:900026105:1:50,-0.7,2026-10-02T01:01:04.695736+02:00
295967967,de:11000:900025321:1:50,-0.3,2026-10-02T01:01:04.695736+02:00
295967967,de:11000:900025424:1:50,-0.3,2026-10-02T01:01:04.695736+02:00
295967967,de:11000:900030202:1:50,-0.9,2026-10-02T01:01:04.695736+02:00
295967967,de:11000:900029101:1:51,-0.9,2026-10-02T01:01:04.695736+02:00
295967964,de:12061:900260009:3:55,0.0,2026-10-02T01:01:04.695736+02:00
295967964,de:12061:900260080:1:51,-0.7,2026-10-02T01:01:04.695736+02:00
295967964,de:12061:900260005:3:55,0.0,2026-10-02T01:01:04.695736+02:00
295967964,de:11000:900196001:1:51,0.0,2026-10-02T01:01:04.695736+02:00
295967964,de:11000:900195510:1:50,-0.4,2026-10-02T01:01:04.695736+02:00
295967964,de:11000:900193002:1:51,-0.6,2026-10-02T01:01:04.695736+02:00
295967964,de:11000:900193001:2:51,-0.3,2026-10-02T01:01:04.695736+02:00
295967964,de:11000:900192001:3:55,-0.2,2026-10-02T01:01:04.695736+02:00
295967964,de:11000:900191001:1:50,0.0,2026-10-02T01:01:04.695736+02:00
295967964,de:11000:900191002:1:51,-0.7,2026-10-02T01:01:04.695736+02:00
295967964,de:11000:900190001:2:53,-0.4,2026-10-02T01:01:04.695736+02:00
295967964,de:11000:900120004:2:53,-0.9,2026-10-02T01:01:04.695736+02:00
295967964,de:11000:900120005:5:58,-0.1,2026-10-02T01:01:04.695736+02:00
295967964,de:11000:900100004:1:51,-0.4,2026-10-02T01:01:04.695736+02:00
295967964,de:11000:900100003:2:53,-0.4,2026-10-02T01:01:04.695736+02:00
295967964,de:11000:900100002:1:51,-0.4,2026-10-02T01:01:04.695736+02:00
295967964,de:11000:900100001:3:55,-0.4,2026-10-02T01:01:04.695736+02:00
295967964,de:11000:900003201:3:55,-0.1,2026-10-02T01:01:04.695736+02:00
295967964,de:11000:900003102:1:51,-0.8,2026-10-02T01:01:04.695736+02:00
295967964,de:11000:900003103:1:51,-0.9,2026-10-02T01:01:04.695736+02:00
295967964,de:11000:900023201:3:55,-0.8,2026-10-02T01:01:04.695736+02:00
295967964,de:11000:900024203:1:51,-0.8,2026-10-02T01:01:04.695736+02:00
295967964,de:11000:900024101:4:57,-0.8,2026-10-02T01:01:04.695736+02:00
295967964,de:11000:900024102:1:50,-0.1,2026-10-02T01:01:04.695736+02:00
295967964,de:11000:900025423:1:50,-0.4,2026-10-02T01:01:04.695736+02:00
295967964,de:11000:900026105:1:50,-0.7,2026-10-02T01:01:04.695736+02:00
295967964,de:11000:900025321:1:50,-0.3,2026-10-02T01:01:04.695736+02:00
295967964,de:11000:900025424:1:50,-0.3,2026-10-02T01:01:04.695736+02:00
295967964,de:11000:900030202:1:50,-0.9,2026-10-02T01:01:04.695736+02:00
295967964,de:11000:900029101:1:51,-0.9,2026-10-02T01:01:04.695736+02:00
307435210,de:12061:900260611:1:50,0.0,2026-10-02T01:01:04.695736+02:00
307435210,de:12061:900260019:1:50,0.0,2026-10-02T01:01:04.695736+02:00
307435210,de:12061:900261512:2:51,0.0,2026-10-02T01:01:04.695736+02:00
307435210,de:12066:900435602:2:51,0.0,2026-10-02T01:01:04.695736+02:00
307435210,de:12066:900435697:1:50,0.0,2026-10-02T01:01:04.695736+02:00
307435210,de:12066:900435884:1:50,0.0,2026-10-02T01:01:04.695736+02:00
307435210,de:12071:900445956:1:50,0.0,2026-10-02T01:01:04.695736+02:00
307435210,de:12071:900445884:1:50,0.0,2026-10-02T01:01:04.695736+02:00
307435210,de:12052:900470000:2:51,0.0,2026-10-02T01:01:04.695736+02:00
295967905,de:12061:900260009:3:55,0.0,2026-10-02T01:01:04.695736+02:00
295967905,de:12061:900260080:1:51,-0.7,2026-10-02T01:01:04.695736+02:00
295967905,de:12061:900260005:3:55,0.0,2026-10-02T01:01:04.695736+02:00
295967905,de:11000:900196001:1:51,0.0,2026-10-02T01:01:04.695736+02:00
295967905,de:11000:900195510:1:50,-0.4,2026-10-02T01:01:04.695736+02:00
295967905,de:11000:900193002:1:51,-0.6,2026-10-02T01:01:04.695736+02:00
295967905,de:11000:900193001:2:51,-0.3,2026-10-02T01:01:04.695736+02:00
295967905,de:11000:900192001:3:55,-0.2,2026-10-02T01:01:04.695736+02:00
295967905,de:11000:900191001:1:50,0.0,2026-10-02T01:01:04.695736+02:00
295967905,de:11000:900191002:1:51,-0.7,2026-10-02T01:01:04.695736+02:00
295967905,de:11000:900190001:2:53,-0.4,2026-10-02T01:01:04.695736+02:00
295967905,de:11000:900120004:2:52,-0.9,2026-10-02T01:01:04.695736+02:00
295967905,de:11000:900120005:5:57,-0.1,2026-10-02T01:01:04.695736+02:00
295967905,de:11000:900100004:1:51,-0.4,2026-10-02T01:01:04.695736+02:00
295967905,de:11000:900100003:2:53,-0.4,2026-10-02T01:01:04.695736+02:00
295967905,de:11000:900100002:1:51,-0.4,2026-10-02T01:01:04.695736+02:00
295967905,de:11000:900100001:3:55,-0.4,2026-10-02T01:01:04.695736+02:00
295967905,de:11000:900003201:3:55,-0.1,2026-10-02T01:01:04.695736+02:00
295967905,de:11000:900003102:1:51,-0.8,2026-10-02T01:01:04.695736+02:00
295967905,de:11000:900003103:1:51,-0.9,2026-10-02T01:01:04.695736+02:00
295967905,de:11000:900023201:3:55,-0.8,2026-10-02T01:01:04.695736+02:00
295967905,de:11000:900024203:1:51,-0.8,2026-10-02T01:01:04.695736+02:00
295967905,de:11000:900024101:4:57,-0.8,2026-10-02T01:01:04.695736+02:00
295967905,de:11000:900024102:1:50,-0.1,2026-10-02T01:01:04.695736+02:00
295967905,de:11000:900025423:1:50,-0.4,2026-10-02T01:01:04.695736+02:00
295967905,de:11000:900026105:1:50,-0.7,2026-10-02T01:01:04.695736+02:00
295967905,de:11000:900025321:1:50,-0.3,2026-10-02T01:01:04.695736+02:00
295967905,de:11000:900025424:1:50,-0.3,2026-10-02T01:01:04.695736+02:00
295967905,de:11000:900030202:1:50,-0.9,2026-10-02T01:01:04.695736+02:00
295967905,de:11000:900029101:1:51,-0.9,2026-10-02T01:01:04.695736+02:00
295967893,de:12061:900260009:3:55,0.0,2026-10-02T01:01:04.695736+02:00
295967893,de:12061:900260080:1:51,-0.7,2026-10-02T01:01:04.695736+02:00
295967893,de:12061:900260005:3:55,0.0,2026-10-02T01:01:04.695736+02:00
295967893,de:11000:900196001:1:51,0.0,2026-10-02T01:01:04.695736+02:00
295967893,de:11000:900195510:1:50,-0.4,2026-10-02T01:01:04.695736+02:00
295967893,de:11000:900193002:1:51,-0.6,2026-10-02T01:01:04.695736+02:00
295967893,de:11000:900193001:2:51,-0.3,2026-10-02T01:01:04.695736+02:00
295967893,de:11000:900192001:3:55,-0.2,2026-10-02T01:01:04.695736+02:00
295967893,de:11000:900191001:1:50,0.0,2026-10-02T01:01:04.695736+02:00
295967893,de:11000:900191002:1:51,-0.7,2026-10-02T01:01:04.695736+02:00
295967893,de:11000:900190001:2:53,-0.4,2026-10-02T01:01:04.695736+02:00
295967893,de:11000:900120004:2:52,-0.9,2026-10-02T01:01:04.695736+02:00
295967893,de:11000:900120005:5:57,-0.1,2026-10-02T01:01:04.695736+02:00
295967893,de:11000:900100004:1:51,-0.4,2026-10-02T01:01:04.695736+02:00
295967893,de:11000:900100003:2:53,-0.4,2026-10-02T01:01:04.695736+02:00
295967893,de:11000:900100002:1:51,-0.4,2026-10-02T01:01:04.695736+02:00
295967893,de:11000:900100001:3:55,-0.4,2026-10-02T01:01:04.695736+02:00
295967893,de:11000:900003201:3:55,-0.1,2026-10-02T01:01:04.695736+02:00
295967893,de:11000:900003102:1:51,-0.8,2026-10-02T01:01:04.695736+02:00
295967893,de:11000:900003103:1:51,-0.9,2026-10-02T01:01:04.695736+02:00
295967893,de:11000:900023201:3:55,-0.8,2026-10-02T01:01:04.695736+02:00
295967893,de:11000:900024203:1:51,-0.8,2026-10-02T01:01:04.695736+02:00
295967893,de:11000:900024101:4:57,-0.8,2026-10-02T01:01:04.695736+02:00
295967893,de:11000:900024102:1:50,-0.1,2026-10-02T01:01:04.695736+02:00
295967893,de:11000:900025423:1:50,-0.4,2026-10-02T01:01:04.695736+02:00
295967893,de:11000:900026105:1:50,-0.7,2026-10-02T01:01:04.695736+02:00
295967893,de:11000:900025321:1:50,-0.3,2026-10-02T01:01:04.695736+02:00
295967893,de:11000:900025424:1:50,-0.3,2026-10-02T01:01:04.695736+02:00
295967893,de:11000:900030202:1:50,-0.9,2026-10-02T01:01:04.695736+02:00
295967893,de:11000:900029101:1:51,-0.9,2026-10-02T01:01:04.695736+02:00
295967879,de:12061:900260009:3:55,0.0,2026-10-02T01:01:04.695736+02:00
295967879,de:12061:900260080:1:51,-0.7,2026-10-02T01:01:04.695736+02:00
295967879,de:12061:900260005:3:55,0.0,2026-10-02T01:01:04.695736+02:00
295967879,de:11000:900196001:1:51,0.0,2026-10-02T01:01:04.695736+02:00
295967879,de:11000:900195510:1:50,-0.4,2026-10-02T01:01:04.695736+02:00
295967879,de:11000:900193002:1:51,-0.6,2026-10-02T01:01:04.695736+02:00
295967879,de:11000:900193001:2:51,-0.3,2026-10-02T01:01:04.695736+02:00
295967879,de:11000:900192001:3:55,-0.2,2026-10-02T01:01:04.695736+02:00
295967879,de:11000:900191001:1:50,0.0,2026-10-02T01:01:04.695736+02:00
295967879,de:11000:900191002:1:51,-0.7,2026-10-02T01:01:04.695736+02:00
295967879,de:11000:900190001:2:53,-0.4,2026-10-02T01:01:04.695736+02:00
295967879,de:11000:900120004:2:52,-0.9,2026-10-02T01:01:04.695736+02:00
295967879,de:11000:900120005:5:57,-0.1,2026-10-02T01:01:04.695736+02:00
295967879,de:11000:900100004:1:51,-0.4,2026-10-02T01:01:04.695736+02:00
295967879,de:11000:900100003:2:53,-0.4,2026-10-02T01:01:04.695736+02:00
295967879,de:11000:900100002:1:51,-0.4,2026-10-02T01:01:04.695736+02:00
295967879,de:11000:900100001:3:55,-0.4,2026-10-02T01:01:04.695736+02:00
295967879,de:11000:900003201:3:55,-0.1,2026-10-02T01:01:04.695736+02:00
295967879,de:11000:900003102:1:51,-0.8,2026-10-02T01:01:04.695736+02:00
295967879,de:11000:900003103:1:51,-0.9,2026-10-02T01:01:04.695736+02:00
295967879,de:11000:900023201:3:55,-0.8,2026-10-02T01:01:04.695736+02:00
295967879,de:11000:900024203:1:51,-0.8,2026-10-02T01:01:04.695736+02:00
295967879,de:11000:900024101:4:57,-0.8,2026-10-02T01:01:04.695736+02:00
295967879,de:11000:900024102:1:50,-0.1,2026-10-02T01:01:04.695736+02:00
295967879,de:11000:900025423:1:50,-0.4,2026-10-02T01:01:04.695736+02:00
295967879,de:11000:900026105:1:50,-0.7,2026-10-02T01:01:04.695736+02:00
295967879,de:11000:900025321:1:50,-0.3,2026-10-02T01:01:04.695736+02:00
295967879,de:11000:900025424:1:50,-0.3,2026-10-02T01:01:04.695736+02:00
295967879,de:11000:900030202:1:50,-0.9,2026-10-02T01:01:04.695736+02:00
295967879,de:11000:900029101:1:51,-0.9,2026-10-02T01:01:04.695736+02:00
306047347,de:12064:900320008::2,0.0,2026-10-02T01:01:04.695736+02:00
306047347,de:12064:900320050::2,0.0,2026-10-02T01:01:04.695736+02:00
306047347,de:12064:900320120::1,0.0,2026-10-02T01:01:04.695736+02:00
306047347,de:12064:900320119::1,0.0,2026-10-02T01:01:04.695736+02:00
306047347,de:12064:900320017::1,0.0,2026-10-02T01:01:04.695736+02:00
306047347,de:12064:900320523::1,0.0,2026-10-02T01:01:04.695736+02:00
306047347,de:12064:900320510::2,0.0,2026-10-02T01:01:04.695736+02:00
306047347,de:12064:900320511::2,0.0,2026-10-02T01:01:04.695736+02:00
306047347,de:12064:900320520::2,0.0,2026-10-02T01:01:04.695736+02:00
306047347,de:11000:900175010::5,-1.0,2026-10-02T01:01:04.695736+02:00
306047347,de:12064:900320022::2,0.0,2026-10-02T01:01:04.695736+02:00
306047347,de:12064:900320021::2,0.0,2026-10-02T01:01:04.695736+02:00
306047347,de:12064:900320505::2,0.0,2026-10-02T01:01:04.695736+02:00
306047347,de:12064:900320035::2,0.0,2026-10-02T01:01:04.695736+02:00
306047347,de:12064:900320506::2,0.0,2026-10-02T01:01:04.695736+02:00
306047347,de:12064:900320020::1,0.0,2026-10-02T01:01:04.695736+02:00
306895751,de:12067:900310805::1,0.0,2026-10-02T01:01:04.695736+02:00
306895751,de:12067:900310825::1,0.0,2026-10-02T01:01:04.695736+02:00
306895751,de:12067:900310835::2,0.0,2026-10-02T01:01:04.695736+02:00
306895751,de:12067:900310001::9,0.0,2026-10-02T01:01:04.695736+02:00
306895751,de:12067:900311149::2,0.0,2026-10-02T01:01:04.695736+02:00
306895751,de:12067:900310001::11,0.0,2026-10-02T01:01:04.695736+02:00
306895751,de:12067:900310001::2,0.0,2026-10-02T01:01:04.695736+02:00
306895751,de:12067:900310816::1,0.0,2026-10-02T01:01:04.695736+02:00
306895751,de:12067:900310627::1,0.0,2026-10-02T01:01:04.695736+02:00
306895751,de:12067:900310781::1,0.0,2026-10-02T01:01:04.695736+02:00
306895751,de:12067:900310822::1,0.0,2026-10-02T01:01:04.695736+02:00
306895751,de:12067:900310771::1,0.0,2026-10-02T01:01:04.695736+02:00
306895751,de:12067:900310800::1,0.0,2026-10-02T01:01:04.695736+02:00
306895751,de:12067:900310879::1,0.0,2026-10-02T01:01:04.695736+02:00
306895751,de:12067:900310010::4,0.0,2026-10-02T01:01:04.695736+02:00
306895751,de:12067:900310880::1,0.0,2026-10-02T01:01:04.695736+02:00
306895751,de:12067:900310815::1,0.0,2026-10-02T01:01:04.695736+02:00
306895751,de:12067:900310807::1,0.0,2026-10-02T01:01:04.695736+02:00
306897269,de:12067:900311308::5,0.0,2026-10-02T01:01:04.695736+02:00
306897269,de:12067:900311380::1,0.0,2026-10-02T01:01:04.695736+02:00
306897269,de:12067:900311348::1,0.0,2026-10-02T01:01:04.695736+02:00
306897269,de:12067:900311315::1,0.0,2026-10-02T01:01:04.695736+02:00
306897269,de:12067:900311383::2,0.0,2026-10-02T01:01:04.695736+02:00
306897269,de:12067:900311305::1,0.0,2026-10-02T01:01:04.695736+02:00
306897269,de:12067:900311320::1,0.0,2026-10-02T01:01:04.695736+02:00
306897269,de:12067:900311357::1,0.0,2026-10-02T01:01:04.695736+02:00
306897269,de:12067:900311402::2,0.0,2026-10-02T01:01:04.695736+02:00
306897269,de:12067:900311405::1,0.0,2026-10-02T01:01:04.695736+02:00
306897269,de:12067:900311405::1,-8.0,2026-10-02T01:01:04.695736+02:00
306897269,de:12067:900311443::1,0.0,2026-10-02T01:01:04.695736+02:00
306897269,de:12067:900311405::1,8.0,2026-10-02T01:01:04.695736+02:00
306897269,de:12067:900311405::1,0.0,2026-10-02T01:01:04.695736+02:00
306897269,de:12067:900311227::2,0.0,2026-10-02T01:01:04.695736+02:00
306897269,de:12067:900311229::1,0.0,2026-10-02T01:01:04.695736+02:00
306897269,de:12067:900311239::1,0.0,2026-10-02T01:01:04.695736+02:00
306897269,de:12067:900311228::1,0.0,2026-10-02T01:01:04.695736+02:00
306897269,de:12067:900311269::1,0.0,2026-10-02T01:01:04.695736+02:00
306897269,de:12067:900310858::1,0.0,2026-10-02T01:01:04.695736+02:00
306897269,de:12067:900310060::2,0.0,2026-10-02T01:01:04.695736+02:00
306897269,de:12067:900310858::3,0.0,2026-10-02T01:01:04.695736+02:00
306897269,de:12067:900310935::1,0.0,2026-10-02T01:01:04.695736+02:00
306897269,de:12067:900311483::1,0.0,2026-10-02T01:01:04.695736+02:00
306897269,de:12067:900311480::1,0.0,2026-10-02T01:01:04.695736+02:00
306897269,de:12067:900311482::3,0.0,2026-10-02T01:01:04.695736+02:00
306895871,de:12067:900310001::5,0.0,2026-10-02T01:01:04.695736+02:00
306895871,de:12067:900311149::1,0.0,2026-10-02T01:01:04.695736+02:00
306895871,de:12067:900310781::1,0.0,2026-10-02T01:01:04.695736+02:00
306895871,de:12067:900310789::1,0.0,2026-10-02T01:01:04.695736+02:00
306895871,de:12067:900310797::1,0.0,2026-10-02T01:01:04.695736+02:00
306895871,de:12067:900310773::1,0.0,2026-10-02T01:01:04.695736+02:00
306895871,de:12067:900311115::1,0.0,2026-10-02T01:01:04.695736+02:00
306895970,de:12064:900320250::1,0.0,2026-10-02T01:01:04.695736+02:00
306895970,de:12064:900320267::2,0.0,2026-10-02T01:01:04.695736+02:00
306895970,de:12067:900310017::2,0.0,2026-10-02T01:01:04.695736+02:00
306895970,de:12067:900310509::1,0.0,2026-10-02T01:01:04.695736+02:00
306895970,de:12067:900310508::1,0.0,2026-10-02T01:01:04.695736+02:00
306895970,de:12067:900310580::1,0.0,2026-10-02T01:01:04.695736+02:00
306895970,de:12067:900311095::1,0.0,2026-10-02T01:01:04.695736+02:00
306895970,de:12067:900311097::1,0.0,2026-10-02T01:01:04.695736+02:00
306895970,de:12067:900311096::2,0.0,2026-10-02T01:01:04.695736+02:00
306895970,de:12067:900311096::1,0.0,2026-10-02T01:01:04.695736+02:00
306895970,de:12067:900311097::2,0.0,2026-10-02T01:01:04.695736+02:00
306895970,de:12067:900311095::2,0.0,2026-10-02T01:01:04.695736+02:00
306895970,de:12067:900310580::2,0.0,2026-10-02T01:01:04.695736+02:00
306895970,de:12067:900310578::4,0.0,2026-10-02T01:01:04.695736+02:00
306895970,de:12067:900310534::2,0.0,2026-10-02T01:01:04.695736+02:00
306895970,de:11000:900310550::2,0.0,2026-10-02T01:01:04.695736+02:00
306895970,de:12067:900310572::2,0.0,2026-10-02T01:01:04.695736+02:00
306895970,de:12067:900310013::2,0.0,2026-10-02T01:01:04.695736+02:00
306895970,de:12067:900310563::3,0.0,2026-10-02T01:01:04.695736+02:00
306895970,de:12067:900310563::2,0.0,2026-10-02T01:01:04.695736+02:00
306895970,de:12067:900310569::1,0.0,2026-10-02T01:01:04.695736+02:00
306895970,de:12067:900310571::1,0.0,2026-10-02T01:01:04.695736+02:00
306895970,de:12067:900310579::1,0.0,2026-10-02T01:01:04.695736+02:00
306895970,de:12067:900310553::1,0.0,2026-10-02T01:01:04.695736+02:00
306895970,de:12067:900310558::2,0.0,2026-10-02T01:01:04.695736+02:00
306895970,de:12067:900310559::2,0.0,2026-10-02T01:01:04.695736+02:00
306895970,de:12067:900310560::1,0.0,2026-10-02T01:01:04.695736+02:00
306895970,de:12067:900310573::1,0.0,2026-10-02T01:01:04.695736+02:00
306895970,de:12067:900310581::1,0.0,2026-10-02T01:01:04.695736+02:00
306896059,de:12067:900310013::2,0.0,2026-10-02T01:01:04.695736+02:00
306896059,de:12067:900310572::1,0.0,2026-10-02T01:01:04.695736+02:00
306896059,de:11000:900310550::1,0.0,2026-10-02T01:01:04.695736+02:00
306896059,de:12067:900310534::1,0.0,2026-10-02T01:01:04.695736+02:00
306896059,de:12067:900310580::2,0.0,2026-10-02T01:01:04.695736+02:00
306896059,de:12067:900310543::3,0.0,2026-10-02T01:01:04.695736+02:00
306896059,de:12067:900310536::1,0.0,2026-10-02T01:01:04.695736+02:00
306896059,de:12067:900311014::1,0.0,2026-10-02T01:01:04.695736+02:00
306896059,de:12067:900311012::1,0.0,2026-10-02T01:01:04.695736+02:00
306896059,de:12067:900310529::1,0.0,2026-10-02T01:01:04.695736+02:00
306896059,de:12067:900310528::1,0.0,2026-10-02T01:01:04.695736+02:00
306896059,de:12067:900310020::1,0.0,2026-10-02T01:01:04.695736+02:00
306896059,de:12067:900310501::1,0.0,2026-10-02T01:01:04.695736+02:00
306896059,de:12067:900310500::2,0.0,2026-10-02T01:01:04.695736+02:00
306896059,de:12067:900310021::3,0.0,2026-10-02T01:01:04.695736+02:00
306896059,de:12067:900310522::1,0.0,2026-10-02T01:01:04.695736+02:00
306896059,de:12067:900310535::1,0.0,2026-10-02T01:01:04.695736+02:00
306896059,de:12067:900310523::1,0.0,2026-10-02T01:01:04.695736+02:00
306896059,de:12064:900320113::1,0.0,2026-10-02T01:01:04.695736+02:00
306896059,de:12064:900320007::4,0.0,2026-10-02T01:01:04.695736+02:00
306896101,de:12067:900310031::2,0.0,2026-10-02T01:01:04.695736+02:00
306896101,de:12067:900310031::2,-19.0,2026-10-02T01:01:04.695736+02:00
306896101,de:12067:900311114::1,0.0,2026-10-02T01:01:04.695736+02:00
306896101,de:12067:900310031::2,19.0,2026-10-02T01:01:04.695736+02:00
306896101,de:12067:900310031::2,0.0,2026-10-02T01:01:04.695736+02:00
306896101,de:12067:900310555::2,0.0,2026-10-02T01:01:04.695736+02:00
306896101,de:12067:900310557::2,0.0,2026-10-02T01:01:04.695736+02:00
306896101,de:12067:900310013::7,0.0,2026-10-02T01:01:04.695736+02:00
306896141,de:12067:900310013::3,0.0,2026-10-02T01:01:04.695736+02:00
306896141,de:12067:900310563::3,0.0,2026-10-02T01:01:04.695736+02:00
306896141,de:12067:900310559::1,0.0,2026-10-02T01:01:04.695736+02:00
306896141,de:12067:900310558::1,0.0,2026-10-02T01:01:04.695736+02:00
306896141,de:12067:900310556::1,0.0,2026-10-02T01:01:04.695736+02:00
306896141,de:12067:900310621::1,0.0,2026-10-02T01:01:04.695736+02:00
306896141,de:12067:900310568::1,0.0,2026-10-02T01:01:04.695736+02:00
306896141,de:12067:900310955::1,0.0,2026-10-02T01:01:04.695736+02:00
306896141,de:12067:900310951::1,0.0,2026-10-02T01:01:04.695736+02:00
306896141,de:12067:900310956::1,0.0,2026-10-02T01:01:04.695736+02:00
306896141,de:12067:900310954::1,0.0,2026-10-02T01:01:04.695736+02:00
306896141,de:12067:900310953::1,0.0,2026-10-02T01:01:04.695736+02:00
306896141,de:12067:900311042::1,0.0,2026-10-02T01:01:04.695736+02:00
306896141,de:12067:900311043::1,0.0,2026-10-02T01:01:04.695736+02:00
306896259,de:12061:900260001::6,0.0,2026-10-02T01:01:04.695736+02:00
306896259,de:12061:900260798::1,0.0,2026-10-02T01:01:04.695736+02:00
306896259,de:12061:900260890::1,0.0,2026-10-02T01:01:04.695736+02:00
306896259,de:12061:900260887::1,0.0,2026-10-02T01:01:04.695736+02:00
306896259,de:12061:900260886::1,0.0,2026-10-02T01:01:04.695736+02:00
306896259,de:12061:900260888::1,0.0,2026-10-02T01:01:04.695736+02:00
306896259,de:12061:900260889::1,0.0,2026-10-02T01:01:04.695736+02:00
306896259,de:12061:900261047::1,0.0,2026-10-02T01:01:04.695736+02:00
306896259,de:12061:900261048::1,0.0,2026-10-02T01:01:04.695736+02:00
306896259,de:12061:900261051::1,0.0,2026-10-02T01:01:04.695736+02:00
306896259,de:12061:900261050::2,0.0,2026-10-02T01:01:04.695736+02:00
306896259,de:12061:900260170::1,0.0,2026-10-02T01:01:04.695736+02:00
306896259,de:12061:900260167::1,0.0,2026-10-02T01:01:04.695736+02:00
306896259,de:12061:900260168::1,0.0,2026-10-02T01:01:04.695736+02:00
306896259,de:12061:900260171::1,0.0,2026-10-02T01:01:04.695736+02:00
306896259,de:12061:900260166::1,0.0,2026-10-02T01:01:04.695736+02:00
306896259,de:12061:900260169::4,0.0,2026-10-02T01:01:04.695736+02:00
306896259,de:12061:900260165::1,0.0,2026-10-02T01:01:04.695736+02:00
306896259,de:12067:900310950::2,0.0,2026-10-02T01:01:04.695736+02:00
306896259,de:12067:900310955::2,0.0,2026-10-02T01:01:04.695736+02:00
306896259,de:12067:900310568::2,0.0,2026-10-02T01:01:04.695736+02:00
306896259,de:12067:900310556::2,0.0,2026-10-02T01:01:04.695736+02:00
306896259,de:12067:900310558::4,0.0,2026-10-02T01:01:04.695736+02:00
306896259,de:12067:900310559::2,0.0,2026-10-02T01:01:04.695736+02:00
306896259,de:12067:900310563::4,0.0,2026-10-02T01:01:04.695736+02:00
306896259,de:12067:900310013::7,0.0,2026-10-02T01:01:04.695736+02:00
306896480,de:12067:900310001::3,0.0,2026-10-02T01:01:04.695736+02:00
306896480,de:12067:900310816::1,0.0,2026-10-02T01:01:04.695736+02:00
306896480,de:12067:900310627::1,0.0,2026-10-02T01:01:04.695736+02:00
306896480,de:12067:900310781::1,0.0,2026-10-02T01:01:04.695736+02:00
306896480,de:12067:900310822::1,0.0,2026-10-02T01:01:04.695736+02:00
306896480,de:12067:900310771::1,0.0,2026-10-02T01:01:04.695736+02:00
306896480,de:12067:900310811::1,0.0,2026-10-02T01:01:04.695736+02:00
306896480,de:12067:900310630::1,0.0,2026-10-02T01:01:04.695736+02:00
306896480,de:12067:900310812::1,0.0,2026-10-02T01:01:04.695736+02:00
306896480,de:12067:900310695::2,0.0,2026-10-02T01:01:04.695736+02:00
306896480,de:12067:900310769::1,0.0,2026-10-02T01:01:04.695736+02:00
306896480,de:12067:900310810::2,0.0,2026-10-02T01:01:04.695736+02:00
306896480,de:12067:900310972::1,0.0,2026-10-02T01:01:04.695736+02:00
306896480,de:12067:900310970::1,0.0,2026-10-02T01:01:04.695736+02:00
306896480,de:12067:900310115::1,0.0,2026-10-02T01:01:04.695736+02:00
306896480,de:12067:900310119::1,0.0,2026-10-02T01:01:04.695736+02:00
306896480,de:12067:900310114::1,0.0,2026-10-02T01:01:04.695736+02:00
306896480,de:12067:900310103::1,0.0,2026-10-02T01:01:04.695736+02:00
306896480,de:12067:900310102::1,0.0,2026-10-02T01:01:04.695736+02:00
306896480,de:12067:900310113::1,0.0,2026-10-02T01:01:04.695736+02:00
306896480,de:12067:900310107::1,0.0,2026-10-02T01:01:04.695736+02:00
306896480,de:12067:900311082::1,0.0,2026-10-02T01:01:04.695736+02:00
306896480,de:12067:900311077::1,0.0,2026-10-02T01:01:04.695736+02:00
306896480,de:12067:900311078::1,0.0,2026-10-02T01:01:04.695736+02:00
306896480,de:12067:900310613::1,0.0,2026-10-02T01:01:04.695736+02:00
306896480,de:12067:900311076::2,0.0,2026-10-02T01:01:04.695736+02:00
306896480,de:12067:900311009::1,0.0,2026-10-02T01:01:04.695736+02:00
306896599,de:12067:900310001::3,0.0,2026-10-02T01:01:04.695736+02:00
306896599,de:12067:900310816::1,0.0,2026-10-02T01:01:04.695736+02:00
306896599,de:12067:900310627::1,0.0,2026-10-02T01:01:04.695736+02:00
306896599,de:12067:900310781::1,0.0,2026-10-02T01:01:04.695736+02:00
306896599,de:12067:900310789::1,0.0,2026-10-02T01:01:04.695736+02:00
306896599,de:12067:900310797::1,0.0,2026-10-02T01:01:04.695736+02:00
306896599,de:12067:900310773::1,0.0,2026-10-02T01:01:04.695736+02:00
306896599,de:12067:900311109::1,0.0,2026-10-02T01:01:04.695736+02:00
306896599,de:12067:900310782::1,0.0,2026-10-02T01:01:04.695736+02:00
306896599,de:12067:900310824::1,0.0,2026-10-02T01:01:04.695736+02:00
306896599,de:12067:900310734::1,0.0,2026-10-02T01:01:04.695736+02:00
306896599,de:12067:900310733::1,0.0,2026-10-02T01:01:04.695736+02:00
306896599,de:12067:900310005::1,0.0,2026-10-02T01:01:04.695736+02:00
306896599,de:12067:900310754::1,0.0,2026-10-02T01:01:04.695736+02:00
306896599,de:12067:900310761::1,-0.5,2026-10-02T01:01:04.695736+02:00
306896599,de:12067:900310763::1,0.0,2026-10-02T01:01:04.695736+02:00
306896599,de:12067:900310762::1,0.0,2026-10-02T01:01:04.695736+02:00
306896599,de:12067:900311090::1,0.0,2026-10-02T01:01:04.695736+02:00
306896599,de:12067:900311088::2,0.0,2026-10-02T01:01:04.695736+02:00
306896599,de:12067:900311089::2,0.0,2026-10-02T01:01:04.695736+02:00
306896599,de:12067:900310706::2,0.0,2026-10-02T01:01:04.695736+02:00
306896599,de:12067:900310705::1,0.0,2026-10-02T01:01:04.695736+02:00
306896599,de:12067:900310704::2,0.0,2026-10-02T01:01:04.695736+02:00
306896599,de:12067:900310947::1,0.0,2026-10-02T01:01:04.695736+02:00
306896599,de:12067:900311086::0,0.0,2026-10-02T01:01:04.695736+02:00
306896599,de:12067:900310745::1,0.0,2026-10-02T01:01:04.695736+02:00
306896599,de:12067:900310973::2,0.0,2026-10-02T01:01:04.695736+02:00
306896599,de:12067:900310969::1,0.0,2026-10-02T01:01:04.695736+02:00
306896599,de:12067:900310971::2,0.0,2026-10-02T01:01:04.695736+02:00
306896599,de:12067:900311019::1,0.0,2026-10-02T01:01:04.695736+02:00
306896599,de:12067:900310971::1,0.0,2026-10-02T01:01:04.695736+02:00
306896599,de:12067:900310876::1,0.0,2026-10-02T01:01:04.695736+02:00
306896599,de:12067:900310007::1,0.0,2026-10-02T01:01:04.695736+02:00
306896599,de:12067:900310735::1,0.0,2026-10-02T01:01:04.695736+02:00
306896599,de:12067:900310009::1,0.0,2026-10-02T01:01:04.695736+02:00
307252360,de:11000:900003200:5:58,0.0,2026-10-02T01:01:04.695736+02:00
307252360,de:11000:900009104:1:50,-0.8,2026-10-02T01:01:04.695736+02:00
307252360,de:11000:900007102:2:52,-0.4,2026-10-02T01:01:04.695736+02:00
307252356,de:11000:900003200:5:58,0.0,2026-10-02T01:01:04.695736+02:00
307252356,de:11000:900009104:1:50,-0.8,2026-10-02T01:01:04.695736+02:00
307252356,de:11000:900007102:2:52,-0.4,2026-10-02T01:01:04.695736+02:00
307252351,de:11000:900003200:5:58,0.0,2026-10-02T01:01:04.695736+02:00
307252351,de:11000:900009104:1:50,-0.8,2026-10-02T01:01:04.695736+02:00
307252351,de:11000:900007102:2:52,-0.4,2026-10-02T01:01:04.695736+02:00
295882557,de:11000:900053301:2:52,0.0,2026-10-02T01:01:04.695736+02:00
295882557,de:11000:900052201:1:51,0.0,2026-10-02T01:01:04.695736+02:00
295882557,de:11000:900050355:1:51,-0.3,2026-10-02T01:01:04.695736+02:00
295882557,de:11000:900050301:1:51,-0.4,2026-10-02T01:01:04.695736+02:00
295882557,de:11000:900049201:1:51,0.0,2026-10-02T01:01:04.695736+02:00
295882557,de:11000:900049202:1:51,0.0,2026-10-02T01:01:04.695736+02:00
295882557,de:11000:900066101:1:51,-0.3,2026-10-02T01:01:04.695736+02:00
295882557,de:11000:900066102:1:51,-0.2,2026-10-02T01:01:04.695736+02:00
295882557,de:11000:900062202:1:51,-0.2,2026-10-02T01:01:04.695736+02:00
295882557,de:11000:900063101:1:51,-0.2,2026-10-02T01:01:04.695736+02:00
295882557,de:11000:900060101:1:51,-0.9,2026-10-02T01:01:04.695736+02:00
295882557,de:11000:900054104:1:51,-0.9,2026-10-02T01:01:04.695736+02:00
295882557,de:11000:900057104:1:50,-0.4,2026-10-02T01:01:04.695736+02:00
295882557,de:11000:900057102:1:51,-0.1,2026-10-02T01:01:04.695736+02:00
295882557,de:11000:900012101:2:52,-0.9,2026-10-02T01:01:04.695736+02:00
295882557,de:11000:900100020:4:57,-0.3,2026-10-02T01:01:04.695736+02:00
295882557,de:11000:900100025:1:51,-0.4,2026-10-02T01:01:04.695736+02:00
295882557,de:11000:900100001:4:57,-0.1,2026-10-02T01:01:04.695736+02:00
295882557,de:11000:900100007:1:51,-0.2,2026-10-02T01:01:04.695736+02:00
295882557,de:11000:900007104:2:52,-0.2,2026-10-02T01:01:04.695736+02:00
295882557,de:11000:900008101:1:51,-0.9,2026-10-02T01:01:04.695736+02:00
295882557,de:11000:900007102:2:53,-0.6,2026-10-02T01:01:04.695736+02:00
295882557,de:11000:900110011:2:53,-0.9,2026-10-02T01:01:04.695736+02:00
295882557,de:11000:900085201:1:50,-0.9,2026-10-02T01:01:04.695736+02:00
295882557,de:11000:900084101:1:50,-0.7,2026-10-02T01:01:04.695736+02:00
295882557,de:11000:900096101:1:50,-0.8,2026-10-02T01:01:04.695736+02:00
295882557,de:11000:900094101:1:50,-0.1,2026-10-02T01:01:04.695736+02:00
295882557,de:11000:900093201:1:50,-0.4,2026-10-02T01:01:04.695736+02:00
295882557,de:11000:900092201:1:50,-0.2,2026-10-02T01:01:04.695736+02:00
295882555,de:11000:900053301:2:52,0.0,2026-10-02T01:01:04.695736+02:00
295882555,de:11000:900052201:1:51,0.0,2026-10-02T01:01:04.695736+02:00
295882555,de:11000:900050355:1:51,-0.3,2026-10-02T01:01:04.695736+02:00
295882555,de:11000:900050301:1:51,-0.4,2026-10-02T01:01:04.695736+02:00
295882555,de:11000:900049201:1:51,0.0,2026-10-02T01:01:04.695736+02:00
295882555,de:11000:900049202:1:51,0.0,2026-10-02T01:01:04.695736+02:00
295882555,de:11000:900066101:1:51,-0.3,2026-10-02T01:01:04.695736+02:00
295882555,de:11000:900066102:1:51,-0.2,2026-10-02T01:01:04.695736+02:00
295882555,de:11000:900062202:1:51,-0.2,2026-10-02T01:01:04.695736+02:00
295882555,de:11000:900063101:1:51,-0.2,2026-10-02T01:01:04.695736+02:00
295882555,de:11000:900060101:1:51,-0.9,2026-10-02T01:01:04.695736+02:00
295882555,de:11000:900054104:1:51,-0.9,2026-10-02T01:01:04.695736+02:00
295882555,de:11000:900057104:1:50,-0.4,2026-10-02T01:01:04.695736+02:00
295882555,de:11000:900057102:1:51,-0.1,2026-10-02T01:01:04.695736+02:00
295882555,de:11000:900012101:2:52,-0.9,2026-10-02T01:01:04.695736+02:00
295882555,de:11000:900100020:4:57,-0.3,2026-10-02T01:01:04.695736+02:00
295882555,de:11000:900100025:1:51,-0.4,2026-10-02T01:01:04.695736+02:00
295882555,de:11000:900100001:4:57,-0.1,2026-10-02T01:01:04.695736+02:00
295882555,de:11000:900100007:1:51,-0.2,2026-10-02T01:01:04.695736+02:00
295882555,de:11000:900007104:2:52,-0.2,2026-10-02T01:01:04.695736+02:00
295882555,de:11000:900008101:1:51,-0.9,2026-10-02T01:01:04.695736+02:00
295882555,de:11000:900007102:2:53,-0.6,2026-10-02T01:01:04.695736+02:00
295882555,de:11000:900110011:2:53,-0.9,2026-10-02T01:01:04.695736+02:00
295882555,de:11000:900085201:1:50,-0.9,2026-10-02T01:01:04.695736+02:00
295882555,de:11000:900084101:1:50,-0.7,2026-10-02T01:01:04.695736+02:00
295882555,de:11000:900096101:1:50,-0.8,2026-10-02T01:01:04.695736+02:00
295882555,de:11000:900094101:1:50,-0.1,2026-10-02T01:01:04.695736+02:00
295882555,de:11000:900093201:1:50,-0.4,2026-10-02T01:01:04.695736+02:00
295882555,de:11000:900092201:1:50,-0.2,2026-10-02T01:01:04.695736+02:00
306896999,de:12067:900311308::5,0.0,2026-10-02T01:01:04.695736+02:00
306896999,de:12067:900311380::1,0.0,2026-10-02T01:01:04.695736+02:00
306896999,de:12067:900311348::1,0.0,2026-10-02T01:01:04.695736+02:00
306896999,de:12067:900311350::1,0.0,2026-10-02T01:01:04.695736+02:00
306896999,de:12067:900311321::2,0.0,2026-10-02T01:01:04.695736+02:00
306896999,de:12067:900311353::2,0.0,2026-10-02T01:01:04.695736+02:00
306896999,de:12067:900311383::6,0.0,2026-10-02T01:01:04.695736+02:00
306896999,de:12067:900311305::1,0.0,2026-10-02T01:01:04.695736+02:00
306896999,de:12067:900311304::2,0.0,2026-10-02T01:01:04.695736+02:00
306896999,de:12067:900311334::2,0.0,2026-10-02T01:01:04.695736+02:00
306896999,de:12067:900311333::2,0.0,2026-10-02T01:01:04.695736+02:00
306896999,de:12067:900311352::2,0.0,2026-10-02T01:01:04.695736+02:00
306896999,de:12067:900311336::2,0.0,2026-10-02T01:01:04.695736+02:00
306896999,de:12067:900311371::1,0.0,2026-10-02T01:01:04.695736+02:00
306896999,de:12067:900311364::1,0.0,2026-10-02T01:01:04.695736+02:00
306896999,de:12067:900311374::2,0.0,2026-10-02T01:01:04.695736+02:00
306896999,de:12067:900311365::2,0.0,2026-10-02T01:01:04.695736+02:00
306896999,de:12067:900311363::2,0.0,2026-10-02T01:01:04.695736+02:00
306896999,de:12067:900311362::2,0.0,2026-10-02T01:01:04.695736+02:00
306896999,de:12067:900311377::2,0.0,2026-10-02T01:01:04.695736+02:00
306896999,de:12067:900311376::2,0.0,2026-10-02T01:01:04.695736+02:00
306896999,de:12067:900311316::2,0.0,2026-10-02T01:01:04.695736+02:00
306896999,de:12067:900311384::2,0.0,2026-10-02T01:01:04.695736+02:00
306896999,de:12067:900311317::2,0.0,2026-10-02T01:01:04.695736+02:00
306896999,de:12067:900310027::2,0.0,2026-10-02T01:01:04.695736+02:00
306896999,de:12067:900311359::2,0.0,2026-10-02T01:01:04.695736+02:00
306896999,de:12067:900311345::2,0.0,2026-10-02T01:01:04.695736+02:00
306896999,de:12067:900311341::2,0.0,2026-10-02T01:01:04.695736+02:00
306896999,de:12067:900311309::1,0.0,2026-10-02T01:01:04.695736+02:00
306896999,de:12067:900311310::1,0.0,2026-10-02T01:01:04.695736+02:00
306896999,de:12067:900311307::1,0.0,2026-10-02T01:01:04.695736+02:00
306896999,de:12067:900311308::4,0.0,2026-10-02T01:01:04.695736+02:00
306897004,de:12067:900311308::5,0.0,2026-10-02T01:01:04.695736+02:00
306897004,de:12067:900311380::1,0.0,2026-10-02T01:01:04.695736+02:00
306897004,de:12067:900311348::1,0.0,2026-10-02T01:01:04.695736+02:00
306897004,de:12067:900311350::1,0.0,2026-10-02T01:01:04.695736+02:00
306897004,de:12067:900311321::2,0.0,2026-10-02T01:01:04.695736+02:00
306897004,de:12067:900311353::2,0.0,2026-10-02T01:01:04.695736+02:00
306897004,de:12067:900311383::6,0.0,2026-10-02T01:01:04.695736+02:00
306897004,de:12067:900311305::1,0.0,2026-10-02T01:01:04.695736+02:00
306897004,de:12067:900311304::2,0.0,2026-10-02T01:01:04.695736+02:00
306897004,de:12067:900311334::2,0.0,2026-10-02T01:01:04.695736+02:00
306897004,de:12067:900311333::2,0.0,2026-10-02T01:01:04.695736+02:00
306897004,de:12067:900311352::2,0.0,2026-10-02T01:01:04.695736+02:00
306897004,de:12067:900311336::2,0.0,2026-10-02T01:01:04.695736+02:00
306897004,de:12067:900311371::1,0.0,2026-10-02T01:01:04.695736+02:00
306897004,de:12067:900311364::1,0.0,2026-10-02T01:01:04.695736+02:00
306897004,de:12067:900311374::2,0.0,2026-10-02T01:01:04.695736+02:00
306897004,de:12067:900311365::2,0.0,2026-10-02T01:01:04.695736+02:00
306897004,de:12067:900311363::2,0.0,2026-10-02T01:01:04.695736+02:00
306897004,de:12067:900311362::2,0.0,2026-10-02T01:01:04.695736+02:00
306897004,de:12067:900311377::2,0.0,2026-10-02T01:01:04.695736+02:00
306897004,de:12067:900311376::2,0.0,2026-10-02T01:01:04.695736+02:00
306897004,de:12067:900311316::2,0.0,2026-10-02T01:01:04.695736+02:00
306897004,de:12067:900311384::2,0.0,2026-10-02T01:01:04.695736+02:00
306897004,de:12067:900311317::2,0.0,2026-10-02T01:01:04.695736+02:00
306897004,de:12067:900310027::2,0.0,2026-10-02T01:01:04.695736+02:00
306897004,de:12067:900311359::2,0.0,2026-10-02T01:01:04.695736+02:00
306897004,de:12067:900311345::2,0.0,2026-10-02T01:01:04.695736+02:00
306897004,de:12067:900311341::2,0.0,2026-10-02T01:01:04.695736+02:00
306897004,de:12067:900311339::1,0.0,2026-10-02T01:01:04.695736+02:00
306897004,de:12067:900311340::1,0.0,2026-10-02T01:01:04.695736+02:00
306897004,de:12067:900311339::2,0.0,2026-10-02T01:01:04.695736+02:00
306897004,de:12067:900311309::1,0.0,2026-10-02T01:01:04.695736+02:00
306897004,de:12067:900311310::1,0.0,2026-10-02T01:01:04.695736+02:00
306897004,de:12067:900311307::1,0.0,2026-10-02T01:01:04.695736+02:00
306897004,de:12067:900311308::4,0.0,2026-10-02T01:01:04.695736+02:00
306897020,de:12067:900311308::5,0.0,2026-10-02T01:01:04.695736+02:00
306897020,de:12067:900311380::1,0.0,2026-10-02T01:01:04.695736+02:00
306897020,de:12067:900311348::1,0.0,2026-10-02T01:01:04.695736+02:00
306897020,de:12067:900311315::1,0.0,2026-10-02T01:01:04.695736+02:00
306897020,de:12067:900311383::6,0.0,2026-10-02T01:01:04.695736+02:00
306897020,de:12067:900311305::1,0.0,2026-10-02T01:01:04.695736+02:00
306897020,de:12067:900311304::2,0.0,2026-10-02T01:01:04.695736+02:00
306897020,de:12067:900311334::2,0.0,2026-10-02T01:01:04.695736+02:00
306897020,de:12067:900311333::2,0.0,2026-10-02T01:01:04.695736+02:00
306897020,de:12067:900311352::2,0.0,2026-10-02T01:01:04.695736+02:00
306897020,de:12067:900311363::2,0.0,2026-10-02T01:01:04.695736+02:00
306897020,de:12067:900311362::2,0.0,2026-10-02T01:01:04.695736+02:00
306897020,de:12067:900311377::2,0.0,2026-10-02T01:01:04.695736+02:00
306897020,de:12067:900311376::2,0.0,2026-10-02T01:01:04.695736+02:00
306897020,de:12067:900311316::2,0.0,2026-10-02T01:01:04.695736+02:00
306897020,de:12067:900311384::2,0.0,2026-10-02T01:01:04.695736+02:00
306897020,de:12067:900311317::2,0.0,2026-10-02T01:01:04.695736+02:00
306897020,de:12067:900310027::2,0.0,2026-10-02T01:01:04.695736+02:00
306897020,de:12067:900311359::2,0.0,2026-10-02T01:01:04.695736+02:00
306897020,de:12067:900311345::2,0.0,2026-10-02T01:01:04.695736+02:00
306897020,de:12067:900311341::2,0.0,2026-10-02T01:01:04.695736+02:00
306897020,de:12067:900311309::1,0.0,2026-10-02T01:01:04.695736+02:00
306897020,de:12067:900311310::1,0.0,2026-10-02T01:01:04.695736+02:00
306897020,de:12067:900311307::1,0.0,2026-10-02T01:01:04.695736+02:00
306897020,de:12067:900311308::4,0.0,2026-10-02T01:01:04.695736+02:00
306897264,de:12067:900311308::5,0.0,2026-10-02T01:01:04.695736+02:00
306897264,de:12067:900311380::1,0.0,2026-10-02T01:01:04.695736+02:00
306897264,de:12067:900311348::1,0.0,2026-10-02T01:01:04.695736+02:00
306897264,de:12067:900311315::1,0.0,2026-10-02T01:01:04.695736+02:00
306897264,de:12067:900311383::2,0.0,2026-10-02T01:01:04.695736+02:00
306897264,de:12067:900311312::1,0.0,2026-10-02T01:01:04.695736+02:00
306897264,de:12067:900311311::1,0.0,2026-10-02T01:01:04.695736+02:00
306897264,de:12067:900311402::2,0.0,2026-10-02T01:01:04.695736+02:00
306897264,de:12067:900311405::1,0.0,2026-10-02T01:01:04.695736+02:00
307438362,de:12052:900470000:1:50,0.0,2026-10-02T01:01:04.695736+02:00
307438362,de:12066:900435001:2:52,0.0,2026-10-02T01:01:04.695736+02:00
307438362,de:12066:900435000:2:53,0.0,2026-10-02T01:01:04.695736+02:00
307432213,de:12054:900230999:1:50,0.0,2026-10-02T01:01:04.695736+02:00
307432213,de:12054:900230006:1:50,0.0,2026-10-02T01:01:04.695736+02:00
307432213,de:12054:900230007:1:50,0.0,2026-10-02T01:01:04.695736+02:00
307432213,de:12054:900220010:1:50,0.0,2026-10-02T01:01:04.695736+02:00
307432213,de:12054:900230002:1:52,0.0,2026-10-02T01:01:04.695736+02:00
307432213,de:12069:900220002:1:50,0.0,2026-10-02T01:01:04.695736+02:00
307432213,de:12072:900245836:1:50,0.0,2026-10-02T01:01:04.695736+02:00
307432213,de:12061:900260009:2:54,0.0,2026-10-02T01:01:04.695736+02:00
307432213,de:12061:900260001:1:50,0.0,2026-10-02T01:01:04.695736+02:00
307433840,de:12065:900200005:2:1,0.0,2026-10-02T01:01:04.695736+02:00
307433840,de:11000:900152001:3:53,0.0,2026-10-02T01:01:04.695736+02:00
307433840,de:11000:900160004:4:56,0.0,2026-10-02T01:01:04.695736+02:00
307433840,de:11000:900120003:4:56,0.0,2026-10-02T01:01:04.695736+02:00
307433840,de:11000:900192001:1:50,0.0,2026-10-02T01:01:04.695736+02:00
307433840,de:12061:900260009:2:54,0.0,2026-10-02T01:01:04.695736+02:00
307433840,de:12072:900245030:2:51,0.0,2026-10-02T01:01:04.695736+02:00
307433840,de:12072:900245029:2:52,0.0,2026-10-02T01:01:04.695736+02:00
307433575,de:12072:900245029:2:52,0.0,2026-10-02T01:01:04.695736+02:00
307433575,de:12072:900245030:2:51,0.0,2026-10-02T01:01:04.695736+02:00
307433575,de:12061:900260009:2:54,0.0,2026-10-02T01:01:04.695736+02:00
307433575,de:11000:900192001:1:51,0.0,2026-10-02T01:01:04.695736+02:00
307433575,de:11000:900120003:4:57,0.0,2026-10-02T01:01:04.695736+02:00
307433575,de:11000:900160004:4:56,0.0,2026-10-02T01:01:04.695736+02:00
307433575,de:11000:900152001:2:52,0.0,2026-10-02T01:01:04.695736+02:00
307433575,de:12065:900200005:2:1,0.0,2026-10-02T01:01:04.695736+02:00
307432726,de:12072:900245027:2:53,0.0,2026-10-02T01:01:04.695736+02:00
307432726,de:12061:900260009:2:54,0.0,2026-10-02T01:01:04.695736+02:00
307432726,de:11000:900192001:1:51,0.0,2026-10-02T01:01:04.695736+02:00
307432726,de:11000:900120003:4:57,0.0,2026-10-02T01:01:04.695736+02:00
307432726,de:11000:900160004:2:53,0.0,2026-10-02T01:01:04.695736+02:00
307432726,de:11000:900152001:2:52,0.0,2026-10-02T01:01:04.695736+02:00
307432726,de:12060:900350160:2:53,0.0,2026-10-02T01:01:04.695736+02:00
307432726,de:12060:900350158:1:50,0.0,2026-10-02T01:01:04.695736+02:00
307432726,de:12060:900350137:1:50,0.0,2026-10-02T01:01:04.695736+02:00
307432726,de:12060:900350126:1:50,0.0,2026-10-02T01:01:04.695736+02:00
307432726,de:12060:900350127:2:51,0.0,2026-10-02T01:01:04.695736+02:00
307437586,de:12052:900470000:3:54,0.0,2026-10-02T01:01:04.695736+02:00
307437586,de:12052:900470001:2:51,0.0,2026-10-02T01:01:04.695736+02:00
307437586,de:12052:900470163:2:51,0.0,2026-10-02T01:01:04.695736+02:00
307437586,de:12052:900470307:2:51,0.0,2026-10-02T01:01:04.695736+02:00
307437586,de:12071:900446411:2:51,0.0,2026-10-02T01:01:04.695736+02:00
307437586,de:12071:900446103:2:51,0.0,2026-10-02T01:01:04.695736+02:00
307437586,de:12071:900445750:1:50,0.0,2026-10-02T01:01:04.695736+02:00
307437586,de:12071:900445751:1:50,0.0,2026-10-02T01:01:04.695736+02:00
307437586,de:12071:900445801:1:50,0.0,2026-10-02T01:01:04.695736+02:00
307437586,de:12071:900445593:2:52,0.0,2026-10-02T01:01:04.695736+02:00
307437586,de:12067:900311250:1:50,0.0,2026-10-02T01:01:04.695736+02:00
307437586,de:12067:900311612:1:50,0.0,2026-10-02T01:01:04.695736+02:00
307437586,de:12067:900310601:1:51,0.0,2026-10-02T01:01:04.695736+02:00
307437586,de:12067:900311307:1:51,0.0,2026-10-02T01:01:04.695736+02:00
307437586,de:12067:900311631:1:51,0.0,2026-10-02T01:01:04.695736+02:00
307437586,de:12067:900311620:2:51,0.0,2026-10-02T01:01:04.695736+02:00
307437586,de:12067:900311232:2:51,0.0,2026-10-02T01:01:04.695736+02:00
307437586,de:12067:900311233:2:51,0.0,2026-10-02T01:01:04.695736+02:00
307437586,de:12053:900360000:3:54,0.0,2026-10-02T01:01:04.695736+02:00
307438022,de:12053:900360000:3:54,0.0,2026-10-02T01:01:04.695736+02:00
307438022,de:12067:900311233:1:50,0.0,2026-10-02T01:01:04.695736+02:00
307438022,de:12067:900311232:1:50,0.0,2026-10-02T01:01:04.695736+02:00
307438022,de:12067:900311620:1:50,0.0,2026-10-02T01:01:04.695736+02:00
307438022,de:12067:900311631:1:50,0.0,2026-10-02T01:01:04.695736+02:00
307438022,de:12067:900311307:1:50,0.0,2026-10-02T01:01:04.695736+02:00
307438022,de:12067:900310601:1:50,0.0,2026-10-02T01:01:04.695736+02:00
307438022,de:12067:900311612:1:51,0.0,2026-10-02T01:01:04.695736+02:00
307438022,de:12067:900311250:2:51,0.0,2026-10-02T01:01:04.695736+02:00
307438022,de:12071:900445593:1:50,0.0,2026-10-02T01:01:04.695736+02:00
307438022,de:12071:900445801:2:51,0.0,2026-10-02T01:01:04.695736+02:00
307438022,de:12071:900445751:2:51,0.0,2026-10-02T01:01:04.695736+02:00
307438022,de:12071:900445750:2:51,0.0,2026-10-02T01:01:04.695736+02:00
307438022,de:12071:900446103:1:50,0.0,2026-10-02T01:01:04.695736+02:00
307438022,de:12071:900446411:1:50,0.0,2026-10-02T01:01:04.695736+02:00
307438022,de:12052:900470307:1:50,0.0,2026-10-02T01:01:04.695736+02:00
307438022,de:12052:900470163:1:50,0.0,2026-10-02T01:01:04.695736+02:00
307438022,de:12052:900470001:1:50,0.0,2026-10-02T01:01:04.695736+02:00
307438022,de:12052:900470000:4:55,0.0,2026-10-02T01:01:04.695736+02:00
307438022,de:12066:900435459:2:51,0.0,2026-10-02T01:01:04.695736+02:00
307438022,de:12062:900415005:2:51,0.0,2026-10-02T01:01:04.695736+02:00
307438022,de:12062:900415112:3:52,0.0,2026-10-02T01:01:04.695736+02:00
307438022,de:12062:900415345:4:55,0.0,2026-10-02T01:01:04.695736+02:00
307438022,de:14730:8011131,0.0,2026-10-02T01:01:04.695736+02:00
307438022,de:14730:8010351,0.0,2026-10-02T01:01:04.695736+02:00
307438022,de:14730:8010095,0.0,2026-10-02T01:01:04.695736+02:00
307438022,de:14730:8013093,0.0,2026-10-02T01:01:04.695736+02:00
307438022,de:14713:8010205,0.0,2026-10-02T01:01:04.695736+02:00
307438019,de:12053:900360000:3:54,0.0,2026-10-02T01:01:04.695736+02:00
307438019,de:12067:900311233:1:50,0.0,2026-10-02T01:01:04.695736+02:00
307438019,de:12067:900311232:1:50,0.0,2026-10-02T01:01:04.695736+02:00
307438019,de:12067:900311620:1:50,0.0,2026-10-02T01:01:04.695736+02:00
307438019,de:12067:900311631:1:50,0.0,2026-10-02T01:01:04.695736+02:00
307438019,de:12067:900311307:1:50,0.0,2026-10-02T01:01:04.695736+02:00
307438019,de:12067:900310601:1:50,0.0,2026-10-02T01:01:04.695736+02:00
307438019,de:12067:900311612:1:51,0.0,2026-10-02T01:01:04.695736+02:00
307438019,de:12067:900311250:2:51,0.0,2026-10-02T01:01:04.695736+02:00
307438019,de:12071:900445593:1:50,0.0,2026-10-02T01:01:04.695736+02:00
307438019,de:12071:900445801:2:51,0.0,2026-10-02T01:01:04.695736+02:00
307438019,de:12071:900445751:2:51,0.0,2026-10-02T01:01:04.695736+02:00
307438019,de:12071:900445750:2:51,0.0,2026-10-02T01:01:04.695736+02:00
307438019,de:12071:900446103:1:50,0.0,2026-10-02T01:01:04.695736+02:00
307438019,de:12071:900446411:1:50,0.0,2026-10-02T01:01:04.695736+02:00
307438019,de:12052:900470307:1:50,0.0,2026-10-02T01:01:04.695736+02:00
307438019,de:12052:900470163:1:50,0.0,2026-10-02T01:01:04.695736+02:00
307438019,de:12052:900470001:1:50,0.0,2026-10-02T01:01:04.695736+02:00
307438019,de:12052:900470000:4:55,0.0,2026-10-02T01:01:04.695736+02:00
307438019,de:12066:900435459:2:51,0.0,2026-10-02T01:01:04.695736+02:00
307438019,de:12062:900415005:2:51,0.0,2026-10-02T01:01:04.695736+02:00
307438019,de:12062:900415112:3:52,0.0,2026-10-02T01:01:04.695736+02:00
307438019,de:12062:900415345:4:55,0.0,2026-10-02T01:01:04.695736+02:00
307438019,de:14730:8011131,0.0,2026-10-02T01:01:04.695736+02:00
307438019,de:14730:8010351,0.0,2026-10-02T01:01:04.695736+02:00
307438019,de:14730:8010095,0.0,2026-10-02T01:01:04.695736+02:00
307438019,de:14730:8013093,0.0,2026-10-02T01:01:04.695736+02:00
307438019,de:14713:8010205,0.0,2026-10-02T01:01:04.695736+02:00
306897088,de:12067:900310834::1,0.0,2026-10-02T01:01:04.695736+02:00
306897088,de:12067:900311005::1,0.0,2026-10-02T01:01:04.695736+02:00
306897088,de:12067:900310012::1,0.0,2026-10-02T01:01:04.695736+02:00
306897088,de:12067:900310758::1,0.0,2026-10-02T01:01:04.695736+02:00
306897088,de:12067:900310012::2,0.0,2026-10-02T01:01:04.695736+02:00
306897088,de:12067:900311005::2,0.0,2026-10-02T01:01:04.695736+02:00
306897088,de:12067:900310638::1,0.0,2026-10-02T01:01:04.695736+02:00
306897088,de:12067:900310988::1,0.0,2026-10-02T01:01:04.695736+02:00
306897088,de:12067:900310958::2,0.0,2026-10-02T01:01:04.695736+02:00
306897088,de:12067:900310957::2,0.0,2026-10-02T01:01:04.695736+02:00
306897088,de:12067:900311223::2,0.0,2026-10-02T01:01:04.695736+02:00
306897088,de:12067:900311222::2,0.0,2026-10-02T01:01:04.695736+02:00
306897088,de:12067:900311482::1,0.0,2026-10-02T01:01:04.695736+02:00
307430396,de:11000:900029101:2:53,0.0,2026-10-02T01:01:04.695736+02:00
307430396,de:11000:900037168:1:50,0.0,2026-10-02T01:01:04.695736+02:00
307430396,de:12063:900210180:1:50,0.0,2026-10-02T01:01:04.695736+02:00
307430396,de:12063:900210010:1:50,0.0,2026-10-02T01:01:04.695736+02:00
307430396,de:12063:900210011:1:50,0.0,2026-10-02T01:01:04.695736+02:00
307430396,de:12063:900210326:1:50,0.0,2026-10-02T01:01:04.695736+02:00
307430396,de:12063:900210005:2:53,0.0,2026-10-02T01:01:04.695736+02:00
306897166,de:12067:900311513::1,0.0,2026-10-02T01:01:04.695736+02:00
306897166,de:12067:900311510::1,0.0,2026-10-02T01:01:04.695736+02:00
306897166,de:12067:900311512::1,0.0,2026-10-02T01:01:04.695736+02:00
306897166,de:12067:900311563::1,0.0,2026-10-02T01:01:04.695736+02:00
306897166,de:12067:900311520::1,0.0,2026-10-02T01:01:04.695736+02:00
306897166,de:12067:900311221::2,0.0,2026-10-02T01:01:04.695736+02:00
306897166,de:12067:900311430::1,0.0,2026-10-02T01:01:04.695736+02:00
306897166,de:12067:900311221::1,0.0,2026-10-02T01:01:04.695736+02:00
306897166,de:12067:900311221::3,0.0,2026-10-02T01:01:04.695736+02:00
306897166,de:12067:900311419::1,0.0,2026-10-02T01:01:04.695736+02:00
306897166,de:12067:900311225::1,0.0,2026-10-02T01:01:04.695736+02:00
306897166,de:12067:900311224::1,0.0,2026-10-02T01:01:04.695736+02:00
307435955,de:11000:900053301:3:54,0.0,2026-10-02T01:01:04.695736+02:00
307435955,de:12054:900230001:1:50,0.0,2026-10-02T01:01:04.695736+02:00
307435955,de:12069:900220008:1:50,0.0,2026-10-02T01:01:04.695736+02:00
307435955,de:12069:900220006:1:50,0.0,2026-10-02T01:01:04.695736+02:00
307435955,de:12069:900220003:1:50,0.0,2026-10-02T01:01:04.695736+02:00
307435955,de:12069:900220004:1:50,0.0,2026-10-02T01:01:04.695736+02:00
307435955,de:12069:900220005:1:50,0.0,2026-10-02T01:01:04.695736+02:00
307435955,de:12069:900222030:1:50,0.0,2026-10-02T01:01:04.695736+02:00
307435955,de:12069:900220141:1:50,0.0,2026-10-02T01:01:04.695736+02:00
307435955,de:12069:900220142:1:50,0.0,2026-10-02T01:01:04.695736+02:00
307435955,de:12069:900220143:1:50,0.0,2026-10-02T01:01:04.695736+02:00
307436760,de:12069:900220143:1:50,0.0,2026-10-02T01:01:04.695736+02:00
307436760,de:12069:900220142:2:51,0.0,2026-10-02T01:01:04.695736+02:00
307436760,de:12069:900220141:2:51,0.0,2026-10-02T01:01:04.695736+02:00
307436760,de:12069:900222030:2:51,0.0,2026-10-02T01:01:04.695736+02:00
307436760,de:12069:900220005:2:51,0.0,2026-10-02T01:01:04.695736+02:00
307436760,de:12069:900220004:2:51,0.0,2026-10-02T01:01:04.695736+02:00
307436760,de:12069:900220003:1:51,0.0,2026-10-02T01:01:04.695736+02:00
307436760,de:12069:900220006:2:51,0.0,2026-10-02T01:01:04.695736+02:00
307436760,de:12069:900220008:2:51,0.0,2026-10-02T01:01:04.695736+02:00
307436760,de:12054:900230001:2:51,0.0,2026-10-02T01:01:04.695736+02:00
307436760,de:11000:900053301:3:55,0.0,2026-10-02T01:01:04.695736+02:00
306895838,de:12067:900311115::2,0.0,2026-10-02T01:01:04.695736+02:00
306895838,de:12067:900310773::2,0.0,2026-10-02T01:01:04.695736+02:00
306895838,de:12067:900310797::2,0.0,2026-10-02T01:01:04.695736+02:00
306895838,de:12067:900310789::2,0.0,2026-10-02T01:01:04.695736+02:00
306895838,de:12067:900310781::2,0.0,2026-10-02T01:01:04.695736+02:00
306895838,de:12067:900311155::1,0.0,2026-10-02T01:01:04.695736+02:00
306895838,de:12067:900311149::2,0.0,2026-10-02T01:01:04.695736+02:00
306895838,de:12067:900310001::11,0.0,2026-10-02T01:01:04.695736+02:00
306895824,de:12067:900311115::2,0.0,2026-10-02T01:01:04.695736+02:00
306895824,de:12067:900310773::2,0.0,2026-10-02T01:01:04.695736+02:00
306895824,de:12067:900310797::2,0.0,2026-10-02T01:01:04.695736+02:00
306895824,de:12067:900310789::2,0.0,2026-10-02T01:01:04.695736+02:00
306895824,de:12067:900310781::2,0.0,2026-10-02T01:01:04.695736+02:00
306895824,de:12067:900311155::1,0.0,2026-10-02T01:01:04.695736+02:00
306895824,de:12067:900311149::2,0.0,2026-10-02T01:01:04.695736+02:00
306895824,de:12067:900310001::11,0.0,2026-10-02T01:01:04.695736+02:00
306895819,de:12067:900311115::2,0.0,2026-10-02T01:01:04.695736+02:00
306895819,de:12067:900310773::2,0.0,2026-10-02T01:01:04.695736+02:00
306895819,de:12067:900310797::2,0.0,2026-10-02T01:01:04.695736+02:00
306895819,de:12067:900310789::2,0.0,2026-10-02T01:01:04.695736+02:00
306895819,de:12067:900310781::2,0.0,2026-10-02T01:01:04.695736+02:00
306895819,de:12067:900311155::1,0.0,2026-10-02T01:01:04.695736+02:00
306895819,de:12067:900311149::2,0.0,2026-10-02T01:01:04.695736+02:00
306895819,de:12067:900310001::11,0.0,2026-10-02T01:01:04.695736+02:00
295893014,de:12060:900350160:1:51,0.0,2026-10-02T01:01:04.695736+02:00
295893014,de:12060:900350161:1:50,-0.3,2026-10-02T01:01:04.695736+02:00
295893014,de:12060:900350163:1:50,-0.1,2026-10-02T01:01:04.695736+02:00
295893014,de:12060:900350162:1:50,-0.8,2026-10-02T01:01:04.695736+02:00
295893014,de:11000:900135001:1:50,-0.3,2026-10-02T01:01:04.695736+02:00
295893014,de:11000:900143001:1:51,-0.8,2026-10-02T01:01:04.695736+02:00
295893014,de:11000:900142001:1:51,-0.3,2026-10-02T01:01:04.695736+02:00
295893014,de:11000:900130001:1:51,-0.8,2026-10-02T01:01:04.695736+02:00
295893014,de:11000:900130002:1:51,-0.3,2026-10-02T01:01:04.695736+02:00
295893014,de:11000:900110011:1:51,-0.7,2026-10-02T01:01:04.695736+02:00
295893014,de:11000:900007102:1:50,-0.7,2026-10-02T01:01:04.695736+02:00
295893014,de:11000:900008101:1:50,-0.5,2026-10-02T01:01:04.695736+02:00
295893014,de:11000:900007104:1:51,-0.2,2026-10-02T01:01:04.695736+02:00
295893014,de:11000:900100007:1:50,-0.2,2026-10-02T01:01:04.695736+02:00
295893014,de:11000:900100001:4:56,0.0,2026-10-02T01:01:04.695736+02:00
295893014,de:11000:900100025:1:50,-0.9,2026-10-02T01:01:04.695736+02:00
295893014,de:11000:900100020:3:54,-0.9,2026-10-02T01:01:04.695736+02:00
295893014,de:11000:900012101:1:51,0.0,2026-10-02T01:01:04.695736+02:00
295893014,de:11000:900058103:1:50,-0.8,2026-10-02T01:01:04.695736+02:00
295893014,de:11000:900058101:1:50,-0.4,2026-10-02T01:01:04.695736+02:00
295893014,de:11000:900058102:1:50,-0.4,2026-10-02T01:01:04.695736+02:00
295893014,de:11000:900068301:1:50,-0.7,2026-10-02T01:01:04.695736+02:00
295893014,de:11000:900073101:1:50,-0.9,2026-10-02T01:01:04.695736+02:00
295893014,de:11000:900072101:1:50,-0.2,2026-10-02T01:01:04.695736+02:00
295893014,de:11000:900074202:1:50,-0.2,2026-10-02T01:01:04.695736+02:00
295893014,de:11000:900074201:1:50,-0.4,2026-10-02T01:01:04.695736+02:00
295893014,de:12072:900245028:1:51,-0.9,2026-10-02T01:01:04.695736+02:00
295893014,de:12072:900245027:2:52,-0.9,2026-10-02T01:01:04.695736+02:00
295893063,de:12072:900245027:2:52,0.0,2026-10-02T01:01:04.695736+02:00
295893063,de:12072:900245028:1:50,-0.9,2026-10-02T01:01:04.695736+02:00
295893063,de:11000:900074201:1:50,-0.9,2026-10-02T01:01:04.695736+02:00
295893063,de:11000:900074202:2:51,-0.1,2026-10-02T01:01:04.695736+02:00
295893063,de:11000:900072101:2:51,-0.1,2026-10-02T01:01:04.695736+02:00
295893063,de:11000:900073101:1:51,-0.4,2026-10-02T01:01:04.695736+02:00
295893063,de:11000:900068301:1:51,-0.7,2026-10-02T01:01:04.695736+02:00
295893063,de:11000:900058102:2:51,-0.7,2026-10-02T01:01:04.695736+02:00
295893063,de:11000:900058101:1:51,-0.3,2026-10-02T01:01:04.695736+02:00
295893063,de:11000:900058103:1:51,-0.1,2026-10-02T01:01:04.695736+02:00
295893063,de:11000:900012101:2:53,-0.7,2026-10-02T01:01:04.695736+02:00
295893063,de:11000:900100020:4:57,-0.8,2026-10-02T01:01:04.695736+02:00
295893063,de:11000:900100025:1:51,-0.9,2026-10-02T01:01:04.695736+02:00
295893063,de:11000:900100001:4:57,-0.6,2026-10-02T01:01:04.695736+02:00
295893063,de:11000:900100007:1:51,-0.7,2026-10-02T01:01:04.695736+02:00
295893063,de:11000:900007104:2:52,-0.7,2026-10-02T01:01:04.695736+02:00
295893063,de:11000:900008101:1:51,-0.4,2026-10-02T01:01:04.695736+02:00
295893063,de:11000:900007102:2:53,-0.1,2026-10-02T01:01:04.695736+02:00
295893063,de:11000:900110011:2:52,-0.4,2026-10-02T01:01:04.695736+02:00
295893063,de:11000:900130002:1:50,-0.7,2026-10-02T01:01:04.695736+02:00
295893063,de:11000:900130001:1:50,-0.4,2026-10-02T01:01:04.695736+02:00
295893063,de:11000:900142001:1:50,-0.9,2026-10-02T01:01:04.695736+02:00
295893063,de:11000:900143001:1:51,-0.7,2026-10-02T01:01:04.695736+02:00
295893063,de:11000:900135001:1:50,-0.4,2026-10-02T01:01:04.695736+02:00
295893063,de:12060:900350162:1:50,0.0,2026-10-02T01:01:04.695736+02:00
295893063,de:12060:900350163:1:51,-0.4,2026-10-02T01:01:04.695736+02:00
295893063,de:12060:900350161:1:50,-0.7,2026-10-02T01:01:04.695736+02:00
295893063,de:12060:900350160:1:51,-0.4,2026-10-02T01:01:04.695736+02:00
295893003,de:12060:900350160:1:51,0.0,2026-10-02T01:01:04.695736+02:00
295893003,de:12060:900350161:1:50,-0.3,2026-10-02T01:01:04.695736+02:00
295893003,de:12060:900350163:1:50,-0.1,2026-10-02T01:01:04.695736+02:00
295893003,de:12060:900350162:1:50,-0.8,2026-10-02T01:01:04.695736+02:00
295893003,de:11000:900135001:1:50,-0.3,2026-10-02T01:01:04.695736+02:00
295893003,de:11000:900143001:1:51,-0.8,2026-10-02T01:01:04.695736+02:00
295893003,de:11000:900142001:1:51,-0.3,2026-10-02T01:01:04.695736+02:00
295893003,de:11000:900130001:1:51,-0.8,2026-10-02T01:01:04.695736+02:00
295893003,de:11000:900130002:1:51,-0.3,2026-10-02T01:01:04.695736+02:00
295893003,de:11000:900110011:1:51,-0.7,2026-10-02T01:01:04.695736+02:00
295893003,de:11000:900007102:1:50,-0.7,2026-10-02T01:01:04.695736+02:00
295893003,de:11000:900008101:1:50,-0.5,2026-10-02T01:01:04.695736+02:00
295893003,de:11000:900007104:1:51,-0.2,2026-10-02T01:01:04.695736+02:00
295893003,de:11000:900100007:1:50,-0.2,2026-10-02T01:01:04.695736+02:00
295893003,de:11000:900100001:4:56,0.0,2026-10-02T01:01:04.695736+02:00
295893003,de:11000:900100025:1:50,-0.9,2026-10-02T01:01:04.695736+02:00
295893003,de:11000:900100020:3:54,-0.9,2026-10-02T01:01:04.695736+02:00
295893003,de:11000:900012101:1:51,0.0,2026-10-02T01:01:04.695736+02:00
295893003,de:11000:900058103:1:50,-0.8,2026-10-02T01:01:04.695736+02:00
295893003,de:11000:900058101:1:50,-0.4,2026-10-02T01:01:04.695736+02:00
295893003,de:11000:900058102:1:50,-0.4,2026-10-02T01:01:04.695736+02:00
295893003,de:11000:900068301:1:50,-0.7,2026-10-02T01:01:04.695736+02:00
295893003,de:11000:900073101:1:50,-0.9,2026-10-02T01:01:04.695736+02:00
295893003,de:11000:900072101:1:50,-0.2,2026-10-02T01:01:04.695736+02:00
295893003,de:11000:900074202:1:50,-0.2,2026-10-02T01:01:04.695736+02:00
295893003,de:11000:900074201:1:50,-0.4,2026-10-02T01:01:04.695736+02:00
295893003,de:12072:900245028:1:51,-0.9,2026-10-02T01:01:04.695736+02:00
295893003,de:12072:900245027:2:52,-0.9,2026-10-02T01:01:04.695736+02:00
295892999,de:12060:900350160:1:51,0.0,2026-10-02T01:01:04.695736+02:00
295892999,de:12060:900350161:1:50,-0.3,2026-10-02T01:01:04.695736+02:00
295892999,de:12060:900350163:1:50,-0.1,2026-10-02T01:01:04.695736+02:00
295892999,de:12060:900350162:1:50,-0.8,2026-10-02T01:01:04.695736+02:00
295892999,de:11000:900135001:1:50,-0.3,2026-10-02T01:01:04.695736+02:00
295892999,de:11000:900143001:1:51,-0.8,2026-10-02T01:01:04.695736+02:00
295892999,de:11000:900142001:1:51,-0.3,2026-10-02T01:01:04.695736+02:00
295892999,de:11000:900130001:1:51,-0.8,2026-10-02T01:01:04.695736+02:00
295892999,de:11000:900130002:1:51,-0.3,2026-10-02T01:01:04.695736+02:00
295892999,de:11000:900110011:1:51,-0.7,2026-10-02T01:01:04.695736+02:00
295892999,de:11000:900007102:1:50,-0.7,2026-10-02T01:01:04.695736+02:00
295892999,de:11000:900008101:1:50,-0.5,2026-10-02T01:01:04.695736+02:00
295892999,de:11000:900007104:1:51,-0.2,2026-10-02T01:01:04.695736+02:00
295892999,de:11000:900100007:1:50,-0.2,2026-10-02T01:01:04.695736+02:00
295892999,de:11000:900100001:4:56,0.0,2026-10-02T01:01:04.695736+02:00
295892999,de:11000:900100025:1:50,-0.9,2026-10-02T01:01:04.695736+02:00
295892999,de:11000:900100020:3:54,-0.9,2026-10-02T01:01:04.695736+02:00
295892999,de:11000:900012101:1:51,0.0,2026-10-02T01:01:04.695736+02:00
295892999,de:11000:900058103:1:50,-0.8,2026-10-02T01:01:04.695736+02:00
295892999,de:11000:900058101:1:50,-0.4,2026-10-02T01:01:04.695736+02:00
295892999,de:11000:900058102:1:50,-0.4,2026-10-02T01:01:04.695736+02:00
295892999,de:11000:900068301:1:50,-0.7,2026-10-02T01:01:04.695736+02:00
295892999,de:11000:900073101:1:50,-0.9,2026-10-02T01:01:04.695736+02:00
295892999,de:11000:900072101:1:50,-0.2,2026-10-02T01:01:04.695736+02:00
295892999,de:11000:900074202:1:50,-0.2,2026-10-02T01:01:04.695736+02:00
295892999,de:11000:900074201:1:50,-0.4,2026-10-02T01:01:04.695736+02:00
295892999,de:12072:900245028:1:51,-0.9,2026-10-02T01:01:04.695736+02:00
295892999,de:12072:900245027:2:52,-0.9,2026-10-02T01:01:04.695736+02:00
295892994,de:12060:900350160:1:51,0.0,2026-10-02T01:01:04.695736+02:00
295892994,de:12060:900350161:1:50,-0.3,2026-10-02T01:01:04.695736+02:00
295892994,de:12060:900350163:1:50,-0.1,2026-10-02T01:01:04.695736+02:00
295892994,de:12060:900350162:1:50,-0.8,2026-10-02T01:01:04.695736+02:00
295892994,de:11000:900135001:1:50,-0.3,2026-10-02T01:01:04.695736+02:00
295892994,de:11000:900143001:1:51,-0.8,2026-10-02T01:01:04.695736+02:00
295892994,de:11000:900142001:1:51,-0.3,2026-10-02T01:01:04.695736+02:00
295892994,de:11000:900130001:1:51,-0.8,2026-10-02T01:01:04.695736+02:00
295892994,de:11000:900130002:1:51,-0.3,2026-10-02T01:01:04.695736+02:00
295892994,de:11000:900110011:1:51,-0.7,2026-10-02T01:01:04.695736+02:00
295892994,de:11000:900007102:1:50,-0.7,2026-10-02T01:01:04.695736+02:00
295892994,de:11000:900008101:1:50,-0.5,2026-10-02T01:01:04.695736+02:00
295892994,de:11000:900007104:1:51,-0.2,2026-10-02T01:01:04.695736+02:00
295892994,de:11000:900100007:1:50,-0.2,2026-10-02T01:01:04.695736+02:00
295892994,de:11000:900100001:4:56,0.0,2026-10-02T01:01:04.695736+02:00
295892994,de:11000:900100025:1:50,-0.9,2026-10-02T01:01:04.695736+02:00
295892994,de:11000:900100020:3:54,-0.9,2026-10-02T01:01:04.695736+02:00
295892994,de:11000:900012101:1:51,0.0,2026-10-02T01:01:04.695736+02:00
295892994,de:11000:900058103:1:50,-0.8,2026-10-02T01:01:04.695736+02:00
295892994,de:11000:900058101:1:50,-0.4,2026-10-02T01:01:04.695736+02:00
295892994,de:11000:900058102:1:50,-0.4,2026-10-02T01:01:04.695736+02:00
295892994,de:11000:900068301:1:50,-0.7,2026-10-02T01:01:04.695736+02:00
295892994,de:11000:900073101:1:50,-0.9,2026-10-02T01:01:04.695736+02:00
295892994,de:11000:900072101:1:50,-0.2,2026-10-02T01:01:04.695736+02:00
295892994,de:11000:900074202:1:50,-0.2,2026-10-02T01:01:04.695736+02:00
295892994,de:11000:900074201:1:50,-0.4,2026-10-02T01:01:04.695736+02:00
295892994,de:12072:900245028:1:51,-0.9,2026-10-02T01:01:04.695736+02:00
295892994,de:12072:900245027:2:52,-0.9,2026-10-02T01:01:04.695736+02:00
295892983,de:12060:900350160:1:51,0.0,2026-10-02T01:01:04.695736+02:00
295892983,de:12060:900350161:1:50,-0.3,2026-10-02T01:01:04.695736+02:00
295892983,de:12060:900350163:1:50,-0.1,2026-10-02T01:01:04.695736+02:00
295892983,de:12060:900350162:1:50,-0.8,2026-10-02T01:01:04.695736+02:00
295892983,de:11000:900135001:1:50,-0.3,2026-10-02T01:01:04.695736+02:00
295892983,de:11000:900143001:1:51,-0.8,2026-10-02T01:01:04.695736+02:00
295892983,de:11000:900142001:1:51,-0.3,2026-10-02T01:01:04.695736+02:00
295892983,de:11000:900130001:1:51,-0.8,2026-10-02T01:01:04.695736+02:00
295892983,de:11000:900130002:1:51,-0.3,2026-10-02T01:01:04.695736+02:00
295892983,de:11000:900110011:1:51,-0.7,2026-10-02T01:01:04.695736+02:00
295892983,de:11000:900007102:1:50,-0.7,2026-10-02T01:01:04.695736+02:00
295892983,de:11000:900008101:1:50,-0.5,2026-10-02T01:01:04.695736+02:00
295892983,de:11000:900007104:1:51,-0.2,2026-10-02T01:01:04.695736+02:00
295892983,de:11000:900100007:1:50,-0.2,2026-10-02T01:01:04.695736+02:00
295892983,de:11000:900100001:4:56,0.0,2026-10-02T01:01:04.695736+02:00
295892983,de:11000:900100025:1:50,-0.9,2026-10-02T01:01:04.695736+02:00
295892983,de:11000:900100020:3:54,-0.9,2026-10-02T01:01:04.695736+02:00
295892983,de:11000:900012101:1:51,0.0,2026-10-02T01:01:04.695736+02:00
295892983,de:11000:900058103:1:50,-0.8,2026-10-02T01:01:04.695736+02:00
295892983,de:11000:900058101:1:50,-0.4,2026-10-02T01:01:04.695736+02:00
295892983,de:11000:900058102:1:50,-0.4,2026-10-02T01:01:04.695736+02:00
295892983,de:11000:900068301:1:50,-0.7,2026-10-02T01:01:04.695736+02:00
295892983,de:11000:900073101:1:50,-0.9,2026-10-02T01:01:04.695736+02:00
295892983,de:11000:900072101:1:50,-0.2,2026-10-02T01:01:04.695736+02:00
295892983,de:11000:900074202:1:50,-0.2,2026-10-02T01:01:04.695736+02:00
295892983,de:11000:900074201:1:50,-0.4,2026-10-02T01:01:04.695736+02:00
295892983,de:12072:900245028:1:51,-0.9,2026-10-02T01:01:04.695736+02:00
295892983,de:12072:900245027:2:52,-0.9,2026-10-02T01:01:04.695736+02:00
295893076,de:12072:900245027:2:52,0.0,2026-10-02T01:01:04.695736+02:00
295893076,de:12072:900245028:1:50,-0.9,2026-10-02T01:01:04.695736+02:00
295893076,de:11000:900074201:1:50,-0.9,2026-10-02T01:01:04.695736+02:00
295893076,de:11000:900074202:2:51,-0.1,2026-10-02T01:01:04.695736+02:00
295893076,de:11000:900072101:2:51,-0.1,2026-10-02T01:01:04.695736+02:00
295893076,de:11000:900073101:1:51,-0.4,2026-10-02T01:01:04.695736+02:00
295893076,de:11000:900068301:1:51,-0.7,2026-10-02T01:01:04.695736+02:00
295893076,de:11000:900058102:2:51,-0.7,2026-10-02T01:01:04.695736+02:00
295893076,de:11000:900058101:1:51,-0.3,2026-10-02T01:01:04.695736+02:00
295893076,de:11000:900058103:1:51,-0.1,2026-10-02T01:01:04.695736+02:00
295893076,de:11000:900012101:2:53,-0.7,2026-10-02T01:01:04.695736+02:00
295893076,de:11000:900100020:4:57,-0.8,2026-10-02T01:01:04.695736+02:00
295893076,de:11000:900100025:1:51,-0.9,2026-10-02T01:01:04.695736+02:00
295893076,de:11000:900100001:4:57,-0.6,2026-10-02T01:01:04.695736+02:00
295893076,de:11000:900100007:1:51,-0.7,2026-10-02T01:01:04.695736+02:00
295893076,de:11000:900007104:2:52,-0.7,2026-10-02T01:01:04.695736+02:00
295893076,de:11000:900008101:1:51,-0.4,2026-10-02T01:01:04.695736+02:00
295893076,de:11000:900007102:2:53,-0.1,2026-10-02T01:01:04.695736+02:00
295893076,de:11000:900110011:2:52,-0.4,2026-10-02T01:01:04.695736+02:00
295893076,de:11000:900130002:1:50,-0.7,2026-10-02T01:01:04.695736+02:00
295893076,de:11000:900130001:1:50,-0.4,2026-10-02T01:01:04.695736+02:00
295893076,de:11000:900142001:1:50,-0.9,2026-10-02T01:01:04.695736+02:00
295893076,de:11000:900143001:1:51,-0.7,2026-10-02T01:01:04.695736+02:00
295893076,de:11000:900135001:1:50,-0.4,2026-10-02T01:01:04.695736+02:00
295893076,de:12060:900350162:1:50,0.0,2026-10-02T01:01:04.695736+02:00
295893076,de:12060:900350163:1:51,-0.4,2026-10-02T01:01:04.695736+02:00
295893076,de:12060:900350161:1:50,-0.7,2026-10-02T01:01:04.695736+02:00
295893076,de:12060:900350160:1:51,-0.4,2026-10-02T01:01:04.695736+02:00
307430179,de:11000:900003200:1:50,0.0,2026-10-02T01:01:04.695736+02:00
307430179,de:11000:900100020:1:50,0.0,2026-10-02T01:01:04.695736+02:00
307430179,de:11000:900058101:2:52,0.0,2026-10-02T01:01:04.695736+02:00
307430179,de:12061:900260009:2:54,0.0,2026-10-02T01:01:04.695736+02:00
307430258,de:11000:900003200:1:50,0.0,2026-10-02T01:01:04.695736+02:00
307430258,de:11000:900100020:1:50,0.0,2026-10-02T01:01:04.695736+02:00
307430258,de:11000:900058101:2:52,0.0,2026-10-02T01:01:04.695736+02:00
307430258,de:12061:900260009:2:54,0.0,2026-10-02T01:01:04.695736+02:00
307430034,de:11000:900003200:1:50,0.0,2026-10-02T01:01:04.695736+02:00
307430034,de:11000:900100020:1:50,0.0,2026-10-02T01:01:04.695736+02:00
307430034,de:11000:900058101:2:52,0.0,2026-10-02T01:01:04.695736+02:00
307430034,de:12061:900260009:2:54,0.0,2026-10-02T01:01:04.695736+02:00
306896738,de:12067:900310001::4,0.0,2026-10-02T01:01:04.695736+02:00
306896738,de:12067:900310816::1,0.0,2026-10-02T01:01:04.695736+02:00
306896738,de:12067:900310627::1,0.0,2026-10-02T01:01:04.695736+02:00
306896738,de:12067:900310781::1,0.0,2026-10-02T01:01:04.695736+02:00
306896738,de:12067:900310822::1,0.0,2026-10-02T01:01:04.695736+02:00
306896738,de:12067:900310808::1,0.0,2026-10-02T01:01:04.695736+02:00
306896738,de:12067:900310777::1,0.0,2026-10-02T01:01:04.695736+02:00
306896738,de:12067:900310796::1,0.0,2026-10-02T01:01:04.695736+02:00
306896738,de:12067:900310875::1,0.0,2026-10-02T01:01:04.695736+02:00
306896738,de:12067:900310837::1,0.0,2026-10-02T01:01:04.695736+02:00
306896738,de:12067:900310817::1,0.0,2026-10-02T01:01:04.695736+02:00
306896738,de:12067:900310819::1,-0.5,2026-10-02T01:01:04.695736+02:00
306896738,de:12067:900310785::1,-0.5,2026-10-02T01:01:04.695736+02:00
306896738,de:12067:900310743::1,-0.5,2026-10-02T01:01:04.695736+02:00
306896738,de:12067:900310741::1,-0.5,2026-10-02T01:01:04.695736+02:00
306896738,de:12067:900310742::1,0.0,2026-10-02T01:01:04.695736+02:00
306896738,de:12067:900310929::1,-0.5,2026-10-02T01:01:04.695736+02:00
306896738,de:12067:900310930::1,0.0,2026-10-02T01:01:04.695736+02:00
306896738,de:12067:900310928::1,-0.5,2026-10-02T01:01:04.695736+02:00
306896738,de:12067:900311037::1,-0.5,2026-10-02T01:01:04.695736+02:00
306896738,de:12067:900311032::1,-0.5,2026-10-02T01:01:04.695736+02:00
306896738,de:12067:900311041::1,-0.5,2026-10-02T01:01:04.695736+02:00
306896738,de:12067:900311038::1,-0.5,2026-10-02T01:01:04.695736+02:00
306896738,de:12067:900311040::1,-0.5,2026-10-02T01:01:04.695736+02:00
306896738,de:12067:900311031::1,-0.5,2026-10-02T01:01:04.695736+02:00
306896738,de:12067:900311039::1,-0.5,2026-10-02T01:01:04.695736+02:00
295900396,de:12069:900220114:1:51,0.0,2026-10-02T01:01:04.695736+02:00
295900396,de:11000:900064201:1:51,-0.1,2026-10-02T01:01:04.695736+02:00
295900396,de:11000:900064256:1:51,0.0,2026-10-02T01:01:04.695736+02:00
295900396,de:11000:900064301:3:53,-0.3,2026-10-02T01:01:04.695736+02:00
295900396,de:11000:900067221:1:50,-0.3,2026-10-02T01:01:04.695736+02:00
295900396,de:11000:900063452:1:51,-0.4,2026-10-02T01:01:04.695736+02:00
295900396,de:11000:900058102:2:53,-0.5,2026-10-02T01:01:04.695736+02:00
295900396,de:11000:900058101:1:51,-0.3,2026-10-02T01:01:04.695736+02:00
295900396,de:11000:900058103:1:51,0.0,2026-10-02T01:01:04.695736+02:00
295900396,de:11000:900012101:2:53,-0.7,2026-10-02T01:01:04.695736+02:00
295900396,de:11000:900100020:4:57,-0.8,2026-10-02T01:01:04.695736+02:00
295900396,de:11000:900100025:1:51,-0.9,2026-10-02T01:01:04.695736+02:00
295900396,de:11000:900100001:4:57,-0.6,2026-10-02T01:01:04.695736+02:00
295900396,de:11000:900100007:1:51,-0.7,2026-10-02T01:01:04.695736+02:00
295900396,de:11000:900007104:2:52,-0.7,2026-10-02T01:01:04.695736+02:00
295900396,de:11000:900008101:1:51,-0.4,2026-10-02T01:01:04.695736+02:00
295900396,de:11000:900007102:2:53,-0.2,2026-10-02T01:01:04.695736+02:00
295900396,de:11000:900110011:2:53,-0.4,2026-10-02T01:01:04.695736+02:00
295900396,de:11000:900085201:1:50,-0.8,2026-10-02T01:01:04.695736+02:00
295900396,de:11000:900085105:1:50,-0.8,2026-10-02T01:01:04.695736+02:00
295900396,de:11000:900096458:1:50,-0.1,2026-10-02T01:01:04.695736+02:00
295900396,de:11000:900096405:1:50,-0.8,2026-10-02T01:01:04.695736+02:00
295900396,de:11000:900089303:1:50,-0.7,2026-10-02T01:01:04.695736+02:00
295900396,de:11000:900091205:1:50,-0.3,2026-10-02T01:01:04.695736+02:00
295900396,de:11000:900091203:1:50,-0.5,2026-10-02T01:01:04.695736+02:00
295900396,de:12065:900200000:4:54,-0.7,2026-10-02T01:01:04.695736+02:00
295900394,de:12069:900220114:1:51,0.0,2026-10-02T01:01:04.695736+02:00
295900394,de:11000:900064201:1:51,-0.1,2026-10-02T01:01:04.695736+02:00
295900394,de:11000:900064256:1:51,0.0,2026-10-02T01:01:04.695736+02:00
295900394,de:11000:900064301:3:53,-0.3,2026-10-02T01:01:04.695736+02:00
295900394,de:11000:900067221:1:50,-0.3,2026-10-02T01:01:04.695736+02:00
295900394,de:11000:900063452:1:51,-0.4,2026-10-02T01:01:04.695736+02:00
295900394,de:11000:900058102:2:53,-0.5,2026-10-02T01:01:04.695736+02:00
295900394,de:11000:900058101:1:51,-0.3,2026-10-02T01:01:04.695736+02:00
295900394,de:11000:900058103:1:51,0.0,2026-10-02T01:01:04.695736+02:00
295900394,de:11000:900012101:2:53,-0.7,2026-10-02T01:01:04.695736+02:00
295900394,de:11000:900100020:4:57,-0.8,2026-10-02T01:01:04.695736+02:00
295900394,de:11000:900100025:1:51,-0.9,2026-10-02T01:01:04.695736+02:00
295900394,de:11000:900100001:4:57,-0.6,2026-10-02T01:01:04.695736+02:00
295900394,de:11000:900100007:1:51,-0.7,2026-10-02T01:01:04.695736+02:00
295900394,de:11000:900007104:2:52,-0.7,2026-10-02T01:01:04.695736+02:00
295900394,de:11000:900008101:1:51,-0.4,2026-10-02T01:01:04.695736+02:00
295900394,de:11000:900007102:2:53,-0.2,2026-10-02T01:01:04.695736+02:00
295900394,de:11000:900110011:2:53,-0.4,2026-10-02T01:01:04.695736+02:00
295900394,de:11000:900085201:1:50,-0.8,2026-10-02T01:01:04.695736+02:00
295900394,de:11000:900085105:1:50,-0.8,2026-10-02T01:01:04.695736+02:00
295900394,de:11000:900096458:1:50,-0.1,2026-10-02T01:01:04.695736+02:00
295900394,de:11000:900096405:1:50,-0.8,2026-10-02T01:01:04.695736+02:00
295900394,de:11000:900089303:1:50,-0.7,2026-10-02T01:01:04.695736+02:00
295900394,de:11000:900091205:1:50,-0.3,2026-10-02T01:01:04.695736+02:00
295900394,de:11000:900091203:1:50,-0.5,2026-10-02T01:01:04.695736+02:00
295900394,de:12065:900200000:4:54,-0.7,2026-10-02T01:01:04.695736+02:00
295900284,de:12065:900200000:4:54,0.0,2026-10-02T01:01:04.695736+02:00
295900284,de:11000:900091203:1:50,0.0,2026-10-02T01:01:04.695736+02:00
295900284,de:11000:900091205:1:50,-0.2,2026-10-02T01:01:04.695736+02:00
295900284,de:11000:900089303:1:51,-0.5,2026-10-02T01:01:04.695736+02:00
295900284,de:11000:900096405:1:50,-0.8,2026-10-02T01:01:04.695736+02:00
295900284,de:11000:900096458:1:50,-0.5,2026-10-02T01:01:04.695736+02:00
295900284,de:11000:900085105:1:50,-0.8,2026-10-02T01:01:04.695736+02:00
295900284,de:11000:900085201:1:51,0.0,2026-10-02T01:01:04.695736+02:00
295900284,de:11000:900130003:1:51,-0.8,2026-10-02T01:01:04.695736+02:00
295900284,de:11000:900110011:1:50,-0.9,2026-10-02T01:01:04.695736+02:00
295900284,de:11000:900007102:1:50,-0.7,2026-10-02T01:01:04.695736+02:00
295900284,de:11000:900008101:1:50,-0.4,2026-10-02T01:01:04.695736+02:00
295900284,de:11000:900007104:1:51,-0.2,2026-10-02T01:01:04.695736+02:00
295900284,de:11000:900100007:1:50,-0.2,2026-10-02T01:01:04.695736+02:00
295900284,de:11000:900100001:4:56,0.0,2026-10-02T01:01:04.695736+02:00
295900284,de:11000:900100025:1:50,-0.9,2026-10-02T01:01:04.695736+02:00
295900284,de:11000:900100020:3:54,-0.9,2026-10-02T01:01:04.695736+02:00
295900284,de:11000:900012101:1:51,0.0,2026-10-02T01:01:04.695736+02:00
295900284,de:11000:900058103:1:50,-0.7,2026-10-02T01:01:04.695736+02:00
295900284,de:11000:900058101:1:50,-0.3,2026-10-02T01:01:04.695736+02:00
295900284,de:11000:900058102:1:52,0.0,2026-10-02T01:01:04.695736+02:00
295900284,de:11000:900063452:1:50,-0.1,2026-10-02T01:01:04.695736+02:00
295900284,de:11000:900067221:1:50,-0.2,2026-10-02T01:01:04.695736+02:00
295900284,de:11000:900064301:3:52,-0.2,2026-10-02T01:01:04.695736+02:00
295900284,de:11000:900064256:1:50,-0.7,2026-10-02T01:01:04.695736+02:00
295900284,de:11000:900064201:1:50,-0.6,2026-10-02T01:01:04.695736+02:00
295900284,de:12069:900220114:1:51,-0.9,2026-10-02T01:01:04.695736+02:00
295900283,de:12065:900200000:4:54,0.0,2026-10-02T01:01:04.695736+02:00
295900283,de:11000:900091203:1:50,0.0,2026-10-02T01:01:04.695736+02:00
295900283,de:11000:900091205:1:50,-0.2,2026-10-02T01:01:04.695736+02:00
295900283,de:11000:900089303:1:51,-0.5,2026-10-02T01:01:04.695736+02:00
295900283,de:11000:900096405:1:50,-0.8,2026-10-02T01:01:04.695736+02:00
295900283,de:11000:900096458:1:50,-0.5,2026-10-02T01:01:04.695736+02:00
295900283,de:11000:900085105:1:50,-0.8,2026-10-02T01:01:04.695736+02:00
295900283,de:11000:900085201:1:51,0.0,2026-10-02T01:01:04.695736+02:00
295900283,de:11000:900130003:1:51,-0.8,2026-10-02T01:01:04.695736+02:00
295900283,de:11000:900110011:1:50,-0.9,2026-10-02T01:01:04.695736+02:00
295900283,de:11000:900007102:1:50,-0.7,2026-10-02T01:01:04.695736+02:00
295900283,de:11000:900008101:1:50,-0.4,2026-10-02T01:01:04.695736+02:00
295900283,de:11000:900007104:1:51,-0.2,2026-10-02T01:01:04.695736+02:00
295900283,de:11000:900100007:1:50,-0.2,2026-10-02T01:01:04.695736+02:00
295900283,de:11000:900100001:4:56,0.0,2026-10-02T01:01:04.695736+02:00
295900283,de:11000:900100025:1:50,-0.9,2026-10-02T01:01:04.695736+02:00
295900283,de:11000:900100020:3:54,-0.9,2026-10-02T01:01:04.695736+02:00
295900283,de:11000:900012101:1:51,0.0,2026-10-02T01:01:04.695736+02:00
295900283,de:11000:900058103:1:50,-0.7,2026-10-02T01:01:04.695736+02:00
295900283,de:11000:900058101:1:50,-0.3,2026-10-02T01:01:04.695736+02:00
295900283,de:11000:900058102:1:52,0.0,2026-10-02T01:01:04.695736+02:00
295900283,de:11000:900063452:1:50,-0.1,2026-10-02T01:01:04.695736+02:00
295900283,de:11000:900067221:1:50,-0.2,2026-10-02T01:01:04.695736+02:00
295900283,de:11000:900064301:3:52,-0.2,2026-10-02T01:01:04.695736+02:00
295900283,de:11000:900064256:1:50,-0.7,2026-10-02T01:01:04.695736+02:00
295900283,de:11000:900064201:1:50,-0.6,2026-10-02T01:01:04.695736+02:00
295900283,de:12069:900220114:1:51,-0.9,2026-10-02T01:01:04.695736+02:00
295900282,de:12065:900200000:4:54,0.0,2026-10-02T01:01:04.695736+02:00
295900282,de:11000:900091203:1:50,0.0,2026-10-02T01:01:04.695736+02:00
295900282,de:11000:900091205:1:50,-0.2,2026-10-02T01:01:04.695736+02:00
295900282,de:11000:900089303:1:51,-0.5,2026-10-02T01:01:04.695736+02:00
295900282,de:11000:900096405:1:50,-0.8,2026-10-02T01:01:04.695736+02:00
295900282,de:11000:900096458:1:50,-0.5,2026-10-02T01:01:04.695736+02:00
295900282,de:11000:900085105:1:50,-0.8,2026-10-02T01:01:04.695736+02:00
295900282,de:11000:900085201:1:51,0.0,2026-10-02T01:01:04.695736+02:00
295900282,de:11000:900130003:1:51,-0.8,2026-10-02T01:01:04.695736+02:00
295900282,de:11000:900110011:1:50,-0.9,2026-10-02T01:01:04.695736+02:00
295900282,de:11000:900007102:1:50,-0.7,2026-10-02T01:01:04.695736+02:00
295900282,de:11000:900008101:1:50,-0.4,2026-10-02T01:01:04.695736+02:00
295900282,de:11000:900007104:1:51,-0.2,2026-10-02T01:01:04.695736+02:00
295900282,de:11000:900100007:1:50,-0.2,2026-10-02T01:01:04.695736+02:00
295900282,de:11000:900100001:4:56,0.0,2026-10-02T01:01:04.695736+02:00
295900282,de:11000:900100025:1:50,-0.9,2026-10-02T01:01:04.695736+02:00
295900282,de:11000:900100020:3:54,-0.9,2026-10-02T01:01:04.695736+02:00
295900282,de:11000:900012101:1:51,0.0,2026-10-02T01:01:04.695736+02:00
295900282,de:11000:900058103:1:50,-0.7,2026-10-02T01:01:04.695736+02:00
295900282,de:11000:900058101:1:50,-0.3,2026-10-02T01:01:04.695736+02:00
295900282,de:11000:900058102:1:52,0.0,2026-10-02T01:01:04.695736+02:00
295900282,de:11000:900063452:1:50,-0.1,2026-10-02T01:01:04.695736+02:00
295900282,de:11000:900067221:1:50,-0.2,2026-10-02T01:01:04.695736+02:00
295900282,de:11000:900064301:3:52,-0.2,2026-10-02T01:01:04.695736+02:00
295900282,de:11000:900064256:1:50,-0.7,2026-10-02T01:01:04.695736+02:00
295900282,de:11000:900064201:1:50,-0.6,2026-10-02T01:01:04.695736+02:00
295900282,de:12069:900220114:1:51,-0.9,2026-10-02T01:01:04.695736+02:00
295896233,de:11000:900074201:1:50,0.0,2026-10-02T01:01:04.695736+02:00
295896233,de:11000:900074202:2:51,-0.1,2026-10-02T01:01:04.695736+02:00
295896233,de:11000:900072101:2:51,-0.1,2026-10-02T01:01:04.695736+02:00
295896233,de:11000:900073101:1:51,-0.4,2026-10-02T01:01:04.695736+02:00
295896233,de:11000:900068301:1:51,-0.7,2026-10-02T01:01:04.695736+02:00
295896233,de:11000:900058102:2:51,-0.7,2026-10-02T01:01:04.695736+02:00
295896233,de:11000:900058101:1:51,-0.3,2026-10-02T01:01:04.695736+02:00
295896233,de:11000:900058103:1:51,-0.1,2026-10-02T01:01:04.695736+02:00
295896233,de:11000:900012101:2:53,-0.7,2026-10-02T01:01:04.695736+02:00
295896233,de:11000:900100020:4:57,-0.8,2026-10-02T01:01:04.695736+02:00
295896233,de:11000:900100025:1:51,-0.9,2026-10-02T01:01:04.695736+02:00
295896233,de:11000:900100001:4:57,-0.6,2026-10-02T01:01:04.695736+02:00
295896233,de:11000:900100007:1:51,-0.7,2026-10-02T01:01:04.695736+02:00
295896233,de:11000:900007104:2:52,-0.7,2026-10-02T01:01:04.695736+02:00
295896233,de:11000:900008101:1:51,-0.4,2026-10-02T01:01:04.695736+02:00
295896233,de:11000:900007102:2:53,-0.1,2026-10-02T01:01:04.695736+02:00
295896233,de:11000:900110011:2:52,-0.4,2026-10-02T01:01:04.695736+02:00
295896233,de:11000:900130002:1:50,-0.7,2026-10-02T01:01:04.695736+02:00
295896233,de:11000:900130001:1:50,-0.4,2026-10-02T01:01:04.695736+02:00
295896233,de:11000:900142001:1:50,-0.9,2026-10-02T01:01:04.695736+02:00
295896233,de:11000:900143001:1:51,-0.7,2026-10-02T01:01:04.695736+02:00
295896233,de:11000:900135001:1:50,-0.4,2026-10-02T01:01:04.695736+02:00
295896185,de:11000:900074201:1:50,0.0,2026-10-02T01:01:04.695736+02:00
295896185,de:11000:900074202:2:51,-0.1,2026-10-02T01:01:04.695736+02:00
295896185,de:11000:900072101:2:51,-0.1,2026-10-02T01:01:04.695736+02:00
295896185,de:11000:900073101:1:51,-0.4,2026-10-02T01:01:04.695736+02:00
295896185,de:11000:900068301:1:51,-0.7,2026-10-02T01:01:04.695736+02:00
295896185,de:11000:900058102:2:51,-0.7,2026-10-02T01:01:04.695736+02:00
295896185,de:11000:900058101:1:51,-0.3,2026-10-02T01:01:04.695736+02:00
295896185,de:11000:900058103:1:51,-0.1,2026-10-02T01:01:04.695736+02:00
295896185,de:11000:900012101:2:53,-0.7,2026-10-02T01:01:04.695736+02:00
295896185,de:11000:900100020:4:57,-0.8,2026-10-02T01:01:04.695736+02:00
295896185,de:11000:900100025:1:51,-0.9,2026-10-02T01:01:04.695736+02:00
295896185,de:11000:900100001:4:57,-0.6,2026-10-02T01:01:04.695736+02:00
295896185,de:11000:900100007:1:51,-0.7,2026-10-02T01:01:04.695736+02:00
295896185,de:11000:900007104:2:52,-0.7,2026-10-02T01:01:04.695736+02:00
295896185,de:11000:900008101:1:51,-0.4,2026-10-02T01:01:04.695736+02:00
295896185,de:11000:900007102:2:53,-0.1,2026-10-02T01:01:04.695736+02:00
295896185,de:11000:900110011:2:52,-0.4,2026-10-02T01:01:04.695736+02:00
295896185,de:11000:900130002:1:50,-0.7,2026-10-02T01:01:04.695736+02:00
295896185,de:11000:900130001:1:50,-0.4,2026-10-02T01:01:04.695736+02:00
295896185,de:11000:900142001:1:50,-0.9,2026-10-02T01:01:04.695736+02:00
295896185,de:11000:900143001:1:51,-0.7,2026-10-02T01:01:04.695736+02:00
295896185,de:11000:900135001:1:50,-0.4,2026-10-02T01:01:04.695736+02:00
295896180,de:11000:900074201:1:50,0.0,2026-10-02T01:01:04.695736+02:00
295896180,de:11000:900074202:2:51,-0.1,2026-10-02T01:01:04.695736+02:00
295896180,de:11000:900072101:2:51,-0.1,2026-10-02T01:01:04.695736+02:00
295896180,de:11000:900073101:1:51,-0.4,2026-10-02T01:01:04.695736+02:00
295896180,de:11000:900068301:1:51,-0.7,2026-10-02T01:01:04.695736+02:00
295896180,de:11000:900058102:2:51,-0.7,2026-10-02T01:01:04.695736+02:00
295896180,de:11000:900058101:1:51,-0.3,2026-10-02T01:01:04.695736+02:00
295896180,de:11000:900058103:1:51,-0.1,2026-10-02T01:01:04.695736+02:00
295896180,de:11000:900012101:2:53,-0.7,2026-10-02T01:01:04.695736+02:00
295896180,de:11000:900100020:4:57,-0.8,2026-10-02T01:01:04.695736+02:00
295896180,de:11000:900100025:1:51,-0.9,2026-10-02T01:01:04.695736+02:00
295896180,de:11000:900100001:4:57,-0.6,2026-10-02T01:01:04.695736+02:00
295896180,de:11000:900100007:1:51,-0.7,2026-10-02T01:01:04.695736+02:00
295896180,de:11000:900007104:2:52,-0.7,2026-10-02T01:01:04.695736+02:00
295896180,de:11000:900008101:1:51,-0.4,2026-10-02T01:01:04.695736+02:00
295896180,de:11000:900007102:2:53,-0.1,2026-10-02T01:01:04.695736+02:00
295896180,de:11000:900110011:2:52,-0.4,2026-10-02T01:01:04.695736+02:00
295896180,de:11000:900130002:1:50,-0.7,2026-10-02T01:01:04.695736+02:00
295896180,de:11000:900130001:1:50,-0.4,2026-10-02T01:01:04.695736+02:00
295896180,de:11000:900142001:1:50,-0.9,2026-10-02T01:01:04.695736+02:00
295896180,de:11000:900143001:1:51,-0.7,2026-10-02T01:01:04.695736+02:00
295896180,de:11000:900135001:1:50,-0.4,2026-10-02T01:01:04.695736+02:00
295903029,de:11000:900142001:1:51,0.0,2026-10-02T01:01:04.695736+02:00
295903029,de:11000:900130001:1:51,-0.2,2026-10-02T01:01:04.695736+02:00
295903029,de:11000:900130002:1:51,-0.7,2026-10-02T01:01:04.695736+02:00
295903029,de:11000:900110011:1:51,-0.2,2026-10-02T01:01:04.695736+02:00
295903029,de:11000:900007102:1:50,-0.7,2026-10-02T01:01:04.695736+02:00
295903029,de:11000:900008101:1:50,-0.4,2026-10-02T01:01:04.695736+02:00
295903029,de:11000:900007104:1:51,-0.2,2026-10-02T01:01:04.695736+02:00
295903029,de:11000:900100007:1:50,-0.2,2026-10-02T01:01:04.695736+02:00
295903029,de:11000:900100001:4:56,0.0,2026-10-02T01:01:04.695736+02:00
295903029,de:11000:900100025:1:50,-0.9,2026-10-02T01:01:04.695736+02:00
295903029,de:11000:900100020:3:54,-0.9,2026-10-02T01:01:04.695736+02:00
295903029,de:11000:900012101:1:51,0.0,2026-10-02T01:01:04.695736+02:00
295903029,de:11000:900058103:1:50,-0.7,2026-10-02T01:01:04.695736+02:00
295903029,de:11000:900058101:1:50,-0.3,2026-10-02T01:01:04.695736+02:00
295903029,de:11000:900058102:1:52,0.0,2026-10-02T01:01:04.695736+02:00
295903029,de:11000:900063452:1:50,-0.1,2026-10-02T01:01:04.695736+02:00
295903029,de:11000:900067221:1:50,-0.2,2026-10-02T01:01:04.695736+02:00
295903029,de:11000:900064301:3:52,-0.2,2026-10-02T01:01:04.695736+02:00
295903029,de:11000:900064256:1:50,-0.7,2026-10-02T01:01:04.695736+02:00
295903029,de:11000:900064201:1:50,-0.6,2026-10-02T01:01:04.695736+02:00
295903029,de:12069:900220114:1:50,-0.9,2026-10-02T01:01:04.695736+02:00
295903027,de:11000:900142001:1:51,0.0,2026-10-02T01:01:04.695736+02:00
295903027,de:11000:900130001:1:51,-0.2,2026-10-02T01:01:04.695736+02:00
295903027,de:11000:900130002:1:51,-0.7,2026-10-02T01:01:04.695736+02:00
295903027,de:11000:900110011:1:51,-0.2,2026-10-02T01:01:04.695736+02:00
295903027,de:11000:900007102:1:50,-0.7,2026-10-02T01:01:04.695736+02:00
295903027,de:11000:900008101:1:50,-0.4,2026-10-02T01:01:04.695736+02:00
295903027,de:11000:900007104:1:51,-0.2,2026-10-02T01:01:04.695736+02:00
295903027,de:11000:900100007:1:50,-0.2,2026-10-02T01:01:04.695736+02:00
295903027,de:11000:900100001:4:56,0.0,2026-10-02T01:01:04.695736+02:00
295903027,de:11000:900100025:1:50,-0.9,2026-10-02T01:01:04.695736+02:00
295903027,de:11000:900100020:3:54,-0.9,2026-10-02T01:01:04.695736+02:00
295903027,de:11000:900012101:1:51,0.0,2026-10-02T01:01:04.695736+02:00
295903027,de:11000:900058103:1:50,-0.7,2026-10-02T01:01:04.695736+02:00
295903027,de:11000:900058101:1:50,-0.3,2026-10-02T01:01:04.695736+02:00
295903027,de:11000:900058102:1:52,0.0,2026-10-02T01:01:04.695736+02:00
295903027,de:11000:900063452:1:50,-0.1,2026-10-02T01:01:04.695736+02:00
295903027,de:11000:900067221:1:50,-0.2,2026-10-02T01:01:04.695736+02:00
295903027,de:11000:900064301:3:52,-0.2,2026-10-02T01:01:04.695736+02:00
295903027,de:11000:900064256:1:50,-0.7,2026-10-02T01:01:04.695736+02:00
295903027,de:11000:900064201:1:50,-0.6,2026-10-02T01:01:04.695736+02:00
295903027,de:12069:900220114:1:50,-0.9,2026-10-02T01:01:04.695736+02:00
295903023,de:11000:900142001:1:51,0.0,2026-10-02T01:01:04.695736+02:00
295903023,de:11000:900130001:1:51,-0.2,2026-10-02T01:01:04.695736+02:00
295903023,de:11000:900130002:1:51,-0.7,2026-10-02T01:01:04.695736+02:00
295903023,de:11000:900110011:1:51,-0.2,2026-10-02T01:01:04.695736+02:00
295903023,de:11000:900007102:1:50,-0.7,2026-10-02T01:01:04.695736+02:00
295903023,de:11000:900008101:1:50,-0.4,2026-10-02T01:01:04.695736+02:00
295903023,de:11000:900007104:1:51,-0.2,2026-10-02T01:01:04.695736+02:00
295903023,de:11000:900100007:1:50,-0.2,2026-10-02T01:01:04.695736+02:00
295903023,de:11000:900100001:4:56,0.0,2026-10-02T01:01:04.695736+02:00
295903023,de:11000:900100025:1:50,-0.9,2026-10-02T01:01:04.695736+02:00
295903023,de:11000:900100020:3:54,-0.9,2026-10-02T01:01:04.695736+02:00
295903023,de:11000:900012101:1:51,0.0,2026-10-02T01:01:04.695736+02:00
295903023,de:11000:900058103:1:50,-0.7,2026-10-02T01:01:04.695736+02:00
295903023,de:11000:900058101:1:50,-0.3,2026-10-02T01:01:04.695736+02:00
295903023,de:11000:900058102:1:52,0.0,2026-10-02T01:01:04.695736+02:00
295903023,de:11000:900063452:1:50,-0.1,2026-10-02T01:01:04.695736+02:00
295903023,de:11000:900067221:1:50,-0.2,2026-10-02T01:01:04.695736+02:00
295903023,de:11000:900064301:3:52,-0.2,2026-10-02T01:01:04.695736+02:00
295903023,de:11000:900064256:1:50,-0.7,2026-10-02T01:01:04.695736+02:00
295903023,de:11000:900064201:1:50,-0.6,2026-10-02T01:01:04.695736+02:00
295903023,de:12069:900220114:1:50,-0.9,2026-10-02T01:01:04.695736+02:00
295903018,de:11000:900142001:1:51,0.0,2026-10-02T01:01:04.695736+02:00
295903018,de:11000:900130001:1:51,-0.2,2026-10-02T01:01:04.695736+02:00
295903018,de:11000:900130002:1:51,-0.7,2026-10-02T01:01:04.695736+02:00
295903018,de:11000:900110011:1:51,-0.2,2026-10-02T01:01:04.695736+02:00
295903018,de:11000:900007102:1:50,-0.7,2026-10-02T01:01:04.695736+02:00
295903018,de:11000:900008101:1:50,-0.4,2026-10-02T01:01:04.695736+02:00
295903018,de:11000:900007104:1:51,-0.2,2026-10-02T01:01:04.695736+02:00
295903018,de:11000:900100007:1:50,-0.2,2026-10-02T01:01:04.695736+02:00
295903018,de:11000:900100001:4:56,0.0,2026-10-02T01:01:04.695736+02:00
295903018,de:11000:900100025:1:50,-0.9,2026-10-02T01:01:04.695736+02:00
295903018,de:11000:900100020:3:54,-0.9,2026-10-02T01:01:04.695736+02:00
295903018,de:11000:900012101:1:51,0.0,2026-10-02T01:01:04.695736+02:00
295903018,de:11000:900058103:1:50,-0.7,2026-10-02T01:01:04.695736+02:00
295903018,de:11000:900058101:1:50,-0.3,2026-10-02T01:01:04.695736+02:00
295903018,de:11000:900058102:1:52,0.0,2026-10-02T01:01:04.695736+02:00
295903018,de:11000:900063452:1:50,-0.1,2026-10-02T01:01:04.695736+02:00
295903018,de:11000:900067221:1:50,-0.2,2026-10-02T01:01:04.695736+02:00
295903018,de:11000:900064301:3:52,-0.2,2026-10-02T01:01:04.695736+02:00
295903018,de:11000:900064256:1:50,-0.7,2026-10-02T01:01:04.695736+02:00
295903018,de:11000:900064201:1:50,-0.6,2026-10-02T01:01:04.695736+02:00
295903018,de:12069:900220114:1:50,-0.9,2026-10-02T01:01:04.695736+02:00
295903014,de:11000:900142001:1:51,0.0,2026-10-02T01:01:04.695736+02:00
295903014,de:11000:900130001:1:51,-0.2,2026-10-02T01:01:04.695736+02:00
295903014,de:11000:900130002:1:51,-0.7,2026-10-02T01:01:04.695736+02:00
295903014,de:11000:900110011:1:51,-0.2,2026-10-02T01:01:04.695736+02:00
295903014,de:11000:900007102:1:50,-0.7,2026-10-02T01:01:04.695736+02:00
295903014,de:11000:900008101:1:50,-0.4,2026-10-02T01:01:04.695736+02:00
295903014,de:11000:900007104:1:51,-0.2,2026-10-02T01:01:04.695736+02:00
295903014,de:11000:900100007:1:50,-0.2,2026-10-02T01:01:04.695736+02:00
295903014,de:11000:900100001:4:56,0.0,2026-10-02T01:01:04.695736+02:00
295903014,de:11000:900100025:1:50,-0.9,2026-10-02T01:01:04.695736+02:00
295903014,de:11000:900100020:3:54,-0.9,2026-10-02T01:01:04.695736+02:00
295903014,de:11000:900012101:1:51,0.0,2026-10-02T01:01:04.695736+02:00
295903014,de:11000:900058103:1:50,-0.7,2026-10-02T01:01:04.695736+02:00
295903014,de:11000:900058101:1:50,-0.3,2026-10-02T01:01:04.695736+02:00
295903014,de:11000:900058102:1:52,0.0,2026-10-02T01:01:04.695736+02:00
295903014,de:11000:900063452:1:50,-0.1,2026-10-02T01:01:04.695736+02:00
295903014,de:11000:900067221:1:50,-0.2,2026-10-02T01:01:04.695736+02:00
295903014,de:11000:900064301:3:52,-0.2,2026-10-02T01:01:04.695736+02:00
295903014,de:11000:900064256:1:50,-0.7,2026-10-02T01:01:04.695736+02:00
295903014,de:11000:900064201:1:50,-0.6,2026-10-02T01:01:04.695736+02:00
295903014,de:12069:900220114:1:50,-0.9,2026-10-02T01:01:04.695736+02:00
306896803,de:12067:900310001::4,0.0,2026-10-02T01:01:04.695736+02:00
306896803,de:12067:900310816::1,0.0,2026-10-02T01:01:04.695736+02:00
306896803,de:12067:900310627::1,0.0,2026-10-02T01:01:04.695736+02:00
306896803,de:12067:900310781::1,0.0,2026-10-02T01:01:04.695736+02:00
306896803,de:12067:900310822::1,0.0,2026-10-02T01:01:04.695736+02:00
306896803,de:12067:900310808::1,0.0,2026-10-02T01:01:04.695736+02:00
306896803,de:12067:900310779::1,0.0,2026-10-02T01:01:04.695736+02:00
306896803,de:12067:900310995::2,0.0,2026-10-02T01:01:04.695736+02:00
306896803,de:12067:900310992::1,-0.5,2026-10-02T01:01:04.695736+02:00
306896803,de:12067:900310989::1,0.0,2026-10-02T01:01:04.695736+02:00
306896803,de:12067:900310990::1,0.0,2026-10-02T01:01:04.695736+02:00
306896803,de:12067:900310991::1,0.0,2026-10-02T01:01:04.695736+02:00
306896803,de:12067:900310904::1,0.0,2026-10-02T01:01:04.695736+02:00
306896803,de:12067:900311118::1,0.0,2026-10-02T01:01:04.695736+02:00
306896803,de:12067:900311059::1,0.0,2026-10-02T01:01:04.695736+02:00
306896803,de:12067:900311110::3,0.0,2026-10-02T01:01:04.695736+02:00
306896803,de:12067:900311058::1,0.0,2026-10-02T01:01:04.695736+02:00
306896803,de:12067:900310611::2,0.0,2026-10-02T01:01:04.695736+02:00
306897053,de:12067:900311482::1,0.0,2026-10-02T01:01:04.695736+02:00
306897053,de:12067:900311481::2,0.0,2026-10-02T01:01:04.695736+02:00
306897053,de:12067:900311440::1,0.0,2026-10-02T01:01:04.695736+02:00
306897053,de:12067:900311562::1,0.0,2026-10-02T01:01:04.695736+02:00
306897053,de:12067:900311610::1,0.0,2026-10-02T01:01:04.695736+02:00
306897053,de:12067:900311421::1,0.0,2026-10-02T01:01:04.695736+02:00
306897053,de:12067:900311420::1,0.0,2026-10-02T01:01:04.695736+02:00
306897053,de:12067:900311422::1,0.0,2026-10-02T01:01:04.695736+02:00
306897053,de:12067:900311423::1,0.0,2026-10-02T01:01:04.695736+02:00
306897053,de:12067:900311424::1,0.0,2026-10-02T01:01:04.695736+02:00
306897053,de:12067:900311237::2,0.0,2026-10-02T01:01:04.695736+02:00
306897053,de:12067:900311232::2,0.0,2026-10-02T01:01:04.695736+02:00
306897053,de:12067:900311236::1,0.0,2026-10-02T01:01:04.695736+02:00
306897053,de:12067:900311234::1,0.0,2026-10-02T01:01:04.695736+02:00
306897053,de:12067:900311238::1,0.0,2026-10-02T01:01:04.695736+02:00
295907206,de:12067:900310004:3:52,0.0,2026-10-02T01:01:04.695736+02:00
295907206,de:11000:900183002:1:50,-0.1,2026-10-02T01:01:04.695736+02:00
295907206,de:11000:900183001:1:50,-0.4,2026-10-02T01:01:04.695736+02:00
295907206,de:11000:900182002:1:50,0.0,2026-10-02T01:01:04.695736+02:00
295907206,de:11000:900182001:1:50,-0.2,2026-10-02T01:01:04.695736+02:00
295907206,de:11000:900180001:1:50,-0.7,2026-10-02T01:01:04.695736+02:00
295907206,de:11000:900180002:1:50,-0.7,2026-10-02T01:01:04.695736+02:00
295907206,de:11000:900162001:1:50,-0.9,2026-10-02T01:01:04.695736+02:00
295907206,de:11000:900160002:1:50,0.0,2026-10-02T01:01:04.695736+02:00
295907206,de:11000:900160001:1:50,-0.3,2026-10-02T01:01:04.695736+02:00
295907206,de:11000:900120003:3:55,-0.1,2026-10-02T01:01:04.695736+02:00
295907206,de:11000:900120004:2:53,-0.6,2026-10-02T01:01:04.695736+02:00
295907206,de:11000:900120005:5:58,-0.9,2026-10-02T01:01:04.695736+02:00
295907206,de:11000:900100004:1:51,-0.4,2026-10-02T01:01:04.695736+02:00
295907206,de:11000:900100003:2:53,-0.4,2026-10-02T01:01:04.695736+02:00
295907206,de:11000:900100002:1:51,-0.4,2026-10-02T01:01:04.695736+02:00
295907206,de:11000:900100001:3:55,-0.4,2026-10-02T01:01:04.695736+02:00
295907206,de:11000:900003201:3:55,-0.1,2026-10-02T01:01:04.695736+02:00
295907206,de:11000:900003102:1:51,-0.8,2026-10-02T01:01:04.695736+02:00
295907206,de:11000:900003103:1:51,-0.9,2026-10-02T01:01:04.695736+02:00
295907206,de:11000:900023201:3:55,-0.8,2026-10-02T01:01:04.695736+02:00
295907206,de:11000:900024203:1:51,-0.8,2026-10-02T01:01:04.695736+02:00
295907206,de:11000:900024101:4:57,-0.8,2026-10-02T01:01:04.695736+02:00
295907206,de:11000:900024102:1:50,-0.1,2026-10-02T01:01:04.695736+02:00
295907206,de:11000:900025423:1:50,-0.4,2026-10-02T01:01:04.695736+02:00
295907206,de:11000:900026105:1:50,-0.7,2026-10-02T01:01:04.695736+02:00
295907206,de:11000:900025321:1:50,-0.3,2026-10-02T01:01:04.695736+02:00
295907206,de:11000:900025424:1:50,-0.3,2026-10-02T01:01:04.695736+02:00
295907206,de:11000:900030202:1:50,-0.9,2026-10-02T01:01:04.695736+02:00
295907206,de:11000:900029101:1:50,-0.9,2026-10-02T01:01:04.695736+02:00
295907200,de:12067:900310004:3:52,0.0,2026-10-02T01:01:04.695736+02:00
295907200,de:11000:900183002:1:50,-0.1,2026-10-02T01:01:04.695736+02:00
295907200,de:11000:900183001:1:50,-0.4,2026-10-02T01:01:04.695736+02:00
295907200,de:11000:900182002:1:50,0.0,2026-10-02T01:01:04.695736+02:00
295907200,de:11000:900182001:1:50,-0.2,2026-10-02T01:01:04.695736+02:00
295907200,de:11000:900180001:1:50,-0.7,2026-10-02T01:01:04.695736+02:00
295907200,de:11000:900180002:1:50,-0.7,2026-10-02T01:01:04.695736+02:00
295907200,de:11000:900162001:1:50,-0.9,2026-10-02T01:01:04.695736+02:00
295907200,de:11000:900160002:1:50,0.0,2026-10-02T01:01:04.695736+02:00
295907200,de:11000:900160001:1:50,-0.3,2026-10-02T01:01:04.695736+02:00
295907200,de:11000:900120003:3:55,-0.1,2026-10-02T01:01:04.695736+02:00
295907200,de:11000:900120004:2:53,-0.6,2026-10-02T01:01:04.695736+02:00
295907200,de:11000:900120005:5:58,-0.9,2026-10-02T01:01:04.695736+02:00
295907200,de:11000:900100004:1:51,-0.4,2026-10-02T01:01:04.695736+02:00
295907200,de:11000:900100003:2:53,-0.4,2026-10-02T01:01:04.695736+02:00
295907200,de:11000:900100002:1:51,-0.4,2026-10-02T01:01:04.695736+02:00
295907200,de:11000:900100001:3:55,-0.4,2026-10-02T01:01:04.695736+02:00
295907200,de:11000:900003201:3:55,-0.1,2026-10-02T01:01:04.695736+02:00
295907200,de:11000:900003102:1:51,-0.8,2026-10-02T01:01:04.695736+02:00
295907200,de:11000:900003103:1:51,-0.9,2026-10-02T01:01:04.695736+02:00
295907200,de:11000:900023201:3:55,-0.8,2026-10-02T01:01:04.695736+02:00
295907200,de:11000:900024203:1:51,-0.8,2026-10-02T01:01:04.695736+02:00
295907200,de:11000:900024101:4:57,-0.8,2026-10-02T01:01:04.695736+02:00
295907200,de:11000:900024102:1:50,-0.1,2026-10-02T01:01:04.695736+02:00
295907200,de:11000:900025423:1:50,-0.4,2026-10-02T01:01:04.695736+02:00
295907200,de:11000:900026105:1:50,-0.7,2026-10-02T01:01:04.695736+02:00
295907200,de:11000:900025321:1:50,-0.3,2026-10-02T01:01:04.695736+02:00
295907200,de:11000:900025424:1:50,-0.3,2026-10-02T01:01:04.695736+02:00
295907200,de:11000:900030202:1:50,-0.9,2026-10-02T01:01:04.695736+02:00
295907200,de:11000:900029101:1:50,-0.9,2026-10-02T01:01:04.695736+02:00
295907194,de:12067:900310004:3:52,0.0,2026-10-02T01:01:04.695736+02:00
295907194,de:11000:900183002:1:50,-0.1,2026-10-02T01:01:04.695736+02:00
295907194,de:11000:900183001:1:50,-0.4,2026-10-02T01:01:04.695736+02:00
295907194,de:11000:900182002:1:50,0.0,2026-10-02T01:01:04.695736+02:00
295907194,de:11000:900182001:1:50,-0.2,2026-10-02T01:01:04.695736+02:00
295907194,de:11000:900180001:1:50,-0.7,2026-10-02T01:01:04.695736+02:00
295907194,de:11000:900180002:1:50,-0.7,2026-10-02T01:01:04.695736+02:00
295907194,de:11000:900162001:1:50,-0.9,2026-10-02T01:01:04.695736+02:00
295907194,de:11000:900160002:1:50,0.0,2026-10-02T01:01:04.695736+02:00
295907194,de:11000:900160001:1:50,-0.3,2026-10-02T01:01:04.695736+02:00
295907194,de:11000:900120003:3:55,-0.1,2026-10-02T01:01:04.695736+02:00
295907194,de:11000:900120004:2:53,-0.6,2026-10-02T01:01:04.695736+02:00
295907194,de:11000:900120005:5:58,-0.9,2026-10-02T01:01:04.695736+02:00
295907194,de:11000:900100004:1:51,-0.4,2026-10-02T01:01:04.695736+02:00
295907194,de:11000:900100003:2:53,-0.4,2026-10-02T01:01:04.695736+02:00
295907194,de:11000:900100002:1:51,-0.4,2026-10-02T01:01:04.695736+02:00
295907194,de:11000:900100001:3:55,-0.4,2026-10-02T01:01:04.695736+02:00
295907194,de:11000:900003201:3:55,-0.1,2026-10-02T01:01:04.695736+02:00
295907194,de:11000:900003102:1:51,-0.8,2026-10-02T01:01:04.695736+02:00
295907194,de:11000:900003103:1:51,-0.9,2026-10-02T01:01:04.695736+02:00
295907194,de:11000:900023201:3:55,-0.8,2026-10-02T01:01:04.695736+02:00
295907194,de:11000:900024203:1:51,-0.8,2026-10-02T01:01:04.695736+02:00
295907194,de:11000:900024101:4:57,-0.8,2026-10-02T01:01:04.695736+02:00
295907194,de:11000:900024102:1:50,-0.1,2026-10-02T01:01:04.695736+02:00
295907194,de:11000:900025423:1:50,-0.4,2026-10-02T01:01:04.695736+02:00
295907194,de:11000:900026105:1:50,-0.7,2026-10-02T01:01:04.695736+02:00
295907194,de:11000:900025321:1:50,-0.3,2026-10-02T01:01:04.695736+02:00
295907194,de:11000:900025424:1:50,-0.3,2026-10-02T01:01:04.695736+02:00
295907194,de:11000:900030202:1:50,-0.9,2026-10-02T01:01:04.695736+02:00
295907194,de:11000:900029101:1:50,-0.9,2026-10-02T01:01:04.695736+02:00
307435069,de:12063:900210005:1:50,0.0,2026-10-02T01:01:04.695736+02:00
307435069,de:12063:900210326:2:51,0.0,2026-10-02T01:01:04.695736+02:00
307435069,de:12063:900210011:2:51,0.0,2026-10-02T01:01:04.695736+02:00
307435069,de:12063:900210010:2:51,0.0,2026-10-02T01:01:04.695736+02:00
307435069,de:12063:900210180:2:51,0.0,2026-10-02T01:01:04.695736+02:00
307435069,de:11000:900037168:2:51,0.0,2026-10-02T01:01:04.695736+02:00
307435069,de:11000:900029101:3:54,0.0,2026-10-02T01:01:04.695736+02:00
307435069,de:11000:900007102:4:57,0.0,2026-10-02T01:01:04.695736+02:00
307435069,de:11000:900120003:4:56,0.0,2026-10-02T01:01:04.695736+02:00
307435069,de:11000:900192001:1:50,0.0,2026-10-02T01:01:04.695736+02:00
307444502,de:11000:900029101:3:54,0.0,2026-10-02T01:01:04.695736+02:00
307444502,de:11000:900020201:1:50,0.0,2026-10-02T01:01:04.695736+02:00
307444502,de:11000:900003200:2:52,0.0,2026-10-02T01:01:04.695736+02:00
307444502,de:11000:900100020:1:51,0.0,2026-10-02T01:01:04.695736+02:00
307444502,de:11000:900058101:3:54,0.0,2026-10-02T01:01:04.695736+02:00
307444502,de:11000:900064301:1:50,0.0,2026-10-02T01:01:04.695736+02:00
307444502,de:12072:900245029:1:51,0.0,2026-10-02T01:01:04.695736+02:00
307444502,de:12072:900245037:1:50,0.0,2026-10-02T01:01:04.695736+02:00
307444502,de:12072:900245010:1:50,0.0,2026-10-02T01:01:04.695736+02:00
307444502,de:12072:900245016:1:50,0.0,2026-10-02T01:01:04.695736+02:00
307444502,de:12072:900245002:2:52,0.0,2026-10-02T01:01:04.695736+02:00
295911046,de:11000:900162001:1:50,0.0,2026-10-02T01:01:04.695736+02:00
295911046,de:11000:900160002:1:50,-0.7,2026-10-02T01:01:04.695736+02:00
295911046,de:11000:900160001:1:50,0.0,2026-10-02T01:01:04.695736+02:00
295911046,de:11000:900120003:3:55,-0.7,2026-10-02T01:01:04.695736+02:00
295911046,de:11000:900120004:2:53,0.0,2026-10-02T01:01:04.695736+02:00
295911046,de:11000:900120005:4:56,-0.2,2026-10-02T01:01:04.695736+02:00
295911044,de:11000:900162001:1:50,0.0,2026-10-02T01:01:04.695736+02:00
295911044,de:11000:900160002:1:50,-0.7,2026-10-02T01:01:04.695736+02:00
295911044,de:11000:900160001:1:50,0.0,2026-10-02T01:01:04.695736+02:00
295911044,de:11000:900120003:3:55,-0.7,2026-10-02T01:01:04.695736+02:00
295911044,de:11000:900120004:2:53,0.0,2026-10-02T01:01:04.695736+02:00
295911044,de:11000:900120005:4:56,-0.2,2026-10-02T01:01:04.695736+02:00
307440552,de:12065:900200000:1:50,0.0,2026-10-02T01:01:04.695736+02:00
307440552,de:12065:900200004:1:50,0.0,2026-10-02T01:01:04.695736+02:00
307440552,de:12065:900203452:1:50,0.0,2026-10-02T01:01:04.695736+02:00
307440552,de:12065:900203491:1:50,0.0,2026-10-02T01:01:04.695736+02:00
307440552,de:12068:900205005:2:51,0.0,2026-10-02T01:01:04.695736+02:00
307440552,de:12068:900205006:2:51,0.0,2026-10-02T01:01:04.695736+02:00
307440552,de:12068:900205023:1:50,0.0,2026-10-02T01:01:04.695736+02:00
307440552,de:12068:900205022:1:50,0.0,2026-10-02T01:01:04.695736+02:00
307440552,de:12068:900205092:1:50,0.0,2026-10-02T01:01:04.695736+02:00
307440552,de:12068:900205090:1:50,0.0,2026-10-02T01:01:04.695736+02:00
307440552,de:12068:900205617:1:50,0.0,2026-10-02T01:01:04.695736+02:00
307440552,de:12068:900205130:1:50,0.0,2026-10-02T01:01:04.695736+02:00
307440552,de:12068:900205322:1:50,0.0,2026-10-02T01:01:04.695736+02:00
307440552,de:12070:900215723:1:50,0.0,2026-10-02T01:01:04.695736+02:00
307440552,de:12070:900215350:2:51,0.0,2026-10-02T01:01:04.695736+02:00
307440552,de:12070:900215696:1:50,0.0,2026-10-02T01:01:04.695736+02:00
307440552,de:12070:900216013:1:50,0.0,2026-10-02T01:01:04.695736+02:00
307440552,de:12070:900216026:3:53,0.0,2026-10-02T01:01:04.695736+02:00
307437134,de:12069:900220143:1:50,0.0,2026-10-02T01:01:04.695736+02:00
307437134,de:12069:900220142:2:51,0.0,2026-10-02T01:01:04.695736+02:00
307437134,de:12069:900220141:2:51,0.0,2026-10-02T01:01:04.695736+02:00
307437134,de:12069:900222030:2:51,0.0,2026-10-02T01:01:04.695736+02:00
307437134,de:12069:900220005:2:51,0.0,2026-10-02T01:01:04.695736+02:00
307437134,de:12069:900220004:2:51,0.0,2026-10-02T01:01:04.695736+02:00
307437134,de:12069:900220003:1:51,0.0,2026-10-02T01:01:04.695736+02:00
307437134,de:12069:900220006:2:51,0.0,2026-10-02T01:01:04.695736+02:00
307437134,de:12069:900220008:2:51,0.0,2026-10-02T01:01:04.695736+02:00
307437134,de:12054:900230001:2:51,0.0,2026-10-02T01:01:04.695736+02:00
307437134,de:11000:900053301:3:55,0.0,2026-10-02T01:01:04.695736+02:00
307437134,de:11000:900024101:2:53,0.0,2026-10-02T01:01:04.695736+02:00
307437033,de:12069:900220143:1:50,0.0,2026-10-02T01:01:04.695736+02:00
307437033,de:12069:900220142:2:51,0.0,2026-10-02T01:01:04.695736+02:00
307437033,de:12069:900220141:2:51,0.0,2026-10-02T01:01:04.695736+02:00
307437033,de:12069:900222030:2:51,0.0,2026-10-02T01:01:04.695736+02:00
307437033,de:12069:900220005:2:51,0.0,2026-10-02T01:01:04.695736+02:00
307437033,de:12069:900220004:2:51,0.0,2026-10-02T01:01:04.695736+02:00
307437033,de:12069:900220003:1:51,0.0,2026-10-02T01:01:04.695736+02:00
307437033,de:12069:900220006:2:51,0.0,2026-10-02T01:01:04.695736+02:00
307437033,de:12069:900220008:2:51,0.0,2026-10-02T01:01:04.695736+02:00
307437033,de:12054:900230001:2:51,0.0,2026-10-02T01:01:04.695736+02:00
307437033,de:11000:900053301:3:55,0.0,2026-10-02T01:01:04.695736+02:00
307437033,de:11000:900024101:2:52,0.0,2026-10-02T01:01:04.695736+02:00
307280590,de:11000:900020202:1:51,0.0,2026-10-02T01:01:04.695736+02:00
307280590,de:11000:900001201:1:51,-0.2,2026-10-02T01:01:04.695736+02:00
307280590,de:11000:900009104:1:51,-0.8,2026-10-02T01:01:04.695736+02:00
307280590,de:11000:900007102:2:52,-0.9,2026-10-02T01:01:04.695736+02:00
307280590,de:11000:900110001:1:50,-0.6,2026-10-02T01:01:04.695736+02:00
307280590,de:11000:900110002:1:50,-0.4,2026-10-02T01:01:04.695736+02:00
307280590,de:11000:900110003:1:50,-0.4,2026-10-02T01:01:04.695736+02:00
307280590,de:11000:900110004:1:50,-0.8,2026-10-02T01:01:04.695736+02:00
307280590,de:11000:900110012:1:50,-0.7,2026-10-02T01:01:04.695736+02:00
307280590,de:11000:900120001:1:50,-0.7,2026-10-02T01:01:04.695736+02:00
307280590,de:11000:900120003:5:58,-0.1,2026-10-02T01:01:04.695736+02:00
307280590,de:11000:900190001:1:50,-0.4,2026-10-02T01:01:04.695736+02:00
307280590,de:11000:900077106:1:50,-0.4,2026-10-02T01:01:04.695736+02:00
307280590,de:11000:900078201:1:50,-0.3,2026-10-02T01:01:04.695736+02:00
307280590,de:11000:900079221:1:50,-0.2,2026-10-02T01:01:04.695736+02:00
307280590,de:11000:900068201:1:50,-0.8,2026-10-02T01:01:04.695736+02:00
307280590,de:11000:900058101:5:58,-0.1,2026-10-02T01:01:04.695736+02:00
307280590,de:11000:900054104:2:52,-0.2,2026-10-02T01:01:04.695736+02:00
307280590,de:11000:900054105:1:50,-0.9,2026-10-02T01:01:04.695736+02:00
307280590,de:11000:900044202:1:50,-0.7,2026-10-02T01:01:04.695736+02:00
307280590,de:11000:900045102:1:50,-0.7,2026-10-02T01:01:04.695736+02:00
307280590,de:11000:900044101:1:50,-0.8,2026-10-02T01:01:04.695736+02:00
307280590,de:11000:900040101:1:50,-0.8,2026-10-02T01:01:04.695736+02:00
307283050,de:11000:900009104:1:51,0.0,2026-10-02T01:01:04.695736+02:00
307283050,de:11000:900007102:2:52,-0.9,2026-10-02T01:01:04.695736+02:00
307283050,de:11000:900110001:1:50,-0.6,2026-10-02T01:01:04.695736+02:00
307283050,de:11000:900110002:1:50,-0.4,2026-10-02T01:01:04.695736+02:00
307283050,de:11000:900110003:1:50,-0.4,2026-10-02T01:01:04.695736+02:00
307283050,de:11000:900110004:1:50,-0.8,2026-10-02T01:01:04.695736+02:00
307283050,de:11000:900110012:1:50,-0.7,2026-10-02T01:01:04.695736+02:00
307283050,de:11000:900120001:1:50,-0.7,2026-10-02T01:01:04.695736+02:00
307283050,de:11000:900120003:5:58,-0.1,2026-10-02T01:01:04.695736+02:00
307283050,de:11000:900190001:1:50,-0.4,2026-10-02T01:01:04.695736+02:00
307283050,de:11000:900077106:1:50,-0.4,2026-10-02T01:01:04.695736+02:00
307283050,de:11000:900078201:1:50,-0.3,2026-10-02T01:01:04.695736+02:00
307283050,de:11000:900079221:1:50,-0.2,2026-10-02T01:01:04.695736+02:00
307286647,de:11000:900024101:3:54,0.0,2026-10-02T01:01:04.695736+02:00
307286647,de:11000:900040101:1:50,-0.2,2026-10-02T01:01:04.695736+02:00
307286647,de:11000:900044101:1:50,-0.3,2026-10-02T01:01:04.695736+02:00
307286647,de:11000:900045102:1:51,-0.4,2026-10-02T01:01:04.695736+02:00
307286647,de:11000:900044202:1:51,-0.4,2026-10-02T01:01:04.695736+02:00
307286647,de:11000:900054105:1:51,-0.2,2026-10-02T01:01:04.695736+02:00
307286647,de:11000:900054104:2:53,-0.8,2026-10-02T01:01:04.695736+02:00
307286647,de:11000:900058101:5:59,-0.2,2026-10-02T01:01:04.695736+02:00
307286647,de:11000:900068201:1:51,-0.8,2026-10-02T01:01:04.695736+02:00
307286647,de:11000:900079221:1:51,-0.4,2026-10-02T01:01:04.695736+02:00
307286647,de:11000:900078201:1:51,-0.1,2026-10-02T01:01:04.695736+02:00
307286647,de:11000:900077106:1:51,0.0,2026-10-02T01:01:04.695736+02:00
307286647,de:11000:900190001:2:52,-0.9,2026-10-02T01:01:04.695736+02:00
307286647,de:11000:900120003:5:59,-0.4,2026-10-02T01:01:04.695736+02:00
307286647,de:11000:900120001:1:51,0.0,2026-10-02T01:01:04.695736+02:00
307286647,de:11000:900110012:1:51,-0.2,2026-10-02T01:01:04.695736+02:00
307286647,de:11000:900110004:1:51,-0.1,2026-10-02T01:01:04.695736+02:00
307286647,de:11000:900110003:1:51,-0.4,2026-10-02T01:01:04.695736+02:00
307286647,de:11000:900110002:1:51,-0.4,2026-10-02T01:01:04.695736+02:00
307286647,de:11000:900110001:1:51,-0.1,2026-10-02T01:01:04.695736+02:00
307286647,de:11000:900007102:1:51,-0.6,2026-10-02T01:01:04.695736+02:00
307286647,de:11000:900009104:1:51,-0.8,2026-10-02T01:01:04.695736+02:00
307286647,de:11000:900001201:1:51,-0.3,2026-10-02T01:01:04.695736+02:00
307286647,de:11000:900020202:1:51,-0.1,2026-10-02T01:01:04.695736+02:00
307286677,de:11000:900040101:1:50,0.0,2026-10-02T01:01:04.695736+02:00
307286677,de:11000:900044101:1:50,-0.8,2026-10-02T01:01:04.695736+02:00
307286677,de:11000:900045102:1:51,-0.9,2026-10-02T01:01:04.695736+02:00
307286677,de:11000:900044202:1:51,-0.9,2026-10-02T01:01:04.695736+02:00
307286677,de:11000:900054105:1:51,-0.7,2026-10-02T01:01:04.695736+02:00
307286677,de:11000:900054104:2:53,-0.3,2026-10-02T01:01:04.695736+02:00
307286677,de:11000:900058101:5:59,-0.2,2026-10-02T01:01:04.695736+02:00
307286677,de:11000:900068201:1:51,-0.8,2026-10-02T01:01:04.695736+02:00
307286677,de:11000:900079221:1:51,-0.4,2026-10-02T01:01:04.695736+02:00
307286677,de:11000:900078201:1:51,-0.1,2026-10-02T01:01:04.695736+02:00
307286677,de:11000:900077106:1:51,0.0,2026-10-02T01:01:04.695736+02:00
307286677,de:11000:900190001:2:52,-0.9,2026-10-02T01:01:04.695736+02:00
307286677,de:11000:900120003:5:59,-0.4,2026-10-02T01:01:04.695736+02:00
307286677,de:11000:900120001:1:51,0.0,2026-10-02T01:01:04.695736+02:00
307286677,de:11000:900110012:1:51,-0.2,2026-10-02T01:01:04.695736+02:00
307286677,de:11000:900110004:1:51,-0.1,2026-10-02T01:01:04.695736+02:00
307286677,de:11000:900110003:1:51,-0.4,2026-10-02T01:01:04.695736+02:00
307286677,de:11000:900110002:1:51,-0.4,2026-10-02T01:01:04.695736+02:00
307286677,de:11000:900110001:1:51,-0.1,2026-10-02T01:01:04.695736+02:00
307286677,de:11000:900007102:1:51,-0.6,2026-10-02T01:01:04.695736+02:00
307286677,de:11000:900009104:1:50,-0.8,2026-10-02T01:01:04.695736+02:00
307286677,de:11000:900001201:1:50,-0.3,2026-10-02T01:01:04.695736+02:00
307286677,de:11000:900020202:1:50,-0.1,2026-10-02T01:01:04.695736+02:00
307286670,de:11000:900040101:1:50,0.0,2026-10-02T01:01:04.695736+02:00
307286670,de:11000:900044101:1:50,-0.8,2026-10-02T01:01:04.695736+02:00
307286670,de:11000:900045102:1:51,-0.9,2026-10-02T01:01:04.695736+02:00
307286670,de:11000:900044202:1:51,-0.9,2026-10-02T01:01:04.695736+02:00
307286670,de:11000:900054105:1:51,-0.7,2026-10-02T01:01:04.695736+02:00
307286670,de:11000:900054104:2:53,-0.3,2026-10-02T01:01:04.695736+02:00
307286670,de:11000:900058101:5:59,-0.2,2026-10-02T01:01:04.695736+02:00
307286670,de:11000:900068201:1:51,-0.8,2026-10-02T01:01:04.695736+02:00
307286670,de:11000:900079221:1:51,-0.4,2026-10-02T01:01:04.695736+02:00
307286670,de:11000:900078201:1:51,-0.1,2026-10-02T01:01:04.695736+02:00
307286670,de:11000:900077106:1:51,0.0,2026-10-02T01:01:04.695736+02:00
307286670,de:11000:900190001:2:52,-0.9,2026-10-02T01:01:04.695736+02:00
307286670,de:11000:900120003:5:59,-0.4,2026-10-02T01:01:04.695736+02:00
307286670,de:11000:900120001:1:51,0.0,2026-10-02T01:01:04.695736+02:00
307286670,de:11000:900110012:1:51,-0.2,2026-10-02T01:01:04.695736+02:00
307286670,de:11000:900110004:1:51,-0.1,2026-10-02T01:01:04.695736+02:00
307286670,de:11000:900110003:1:51,-0.4,2026-10-02T01:01:04.695736+02:00
307286670,de:11000:900110002:1:51,-0.4,2026-10-02T01:01:04.695736+02:00
307286670,de:11000:900110001:1:51,-0.1,2026-10-02T01:01:04.695736+02:00
307286670,de:11000:900007102:1:51,-0.6,2026-10-02T01:01:04.695736+02:00
307286670,de:11000:900009104:1:50,-0.8,2026-10-02T01:01:04.695736+02:00
307286670,de:11000:900001201:1:50,-0.3,2026-10-02T01:01:04.695736+02:00
307286670,de:11000:900020202:1:50,-0.1,2026-10-02T01:01:04.695736+02:00
306896798,de:12067:900310001::4,0.0,2026-10-02T01:01:04.695736+02:00
306896798,de:12067:900310816::1,0.0,2026-10-02T01:01:04.695736+02:00
306896798,de:12067:900310627::1,0.0,2026-10-02T01:01:04.695736+02:00
306896798,de:12067:900310781::1,0.0,2026-10-02T01:01:04.695736+02:00
306896798,de:12067:900310822::1,0.0,2026-10-02T01:01:04.695736+02:00
306896798,de:12067:900310808::1,0.0,2026-10-02T01:01:04.695736+02:00
306896798,de:12067:900310779::1,0.0,2026-10-02T01:01:04.695736+02:00
306896798,de:12067:900310995::2,0.0,2026-10-02T01:01:04.695736+02:00
306896798,de:12067:900310992::1,-0.5,2026-10-02T01:01:04.695736+02:00
306896798,de:12067:900310989::1,0.0,2026-10-02T01:01:04.695736+02:00
306896798,de:12067:900310990::1,0.0,2026-10-02T01:01:04.695736+02:00
306896798,de:12067:900310991::1,0.0,2026-10-02T01:01:04.695736+02:00
306896798,de:12067:900310904::1,0.0,2026-10-02T01:01:04.695736+02:00
306896798,de:12067:900311118::1,0.0,2026-10-02T01:01:04.695736+02:00
306896798,de:12067:900311059::1,0.0,2026-10-02T01:01:04.695736+02:00
306896798,de:12067:900311110::3,0.0,2026-10-02T01:01:04.695736+02:00
306896798,de:12067:900311058::1,0.0,2026-10-02T01:01:04.695736+02:00
306896798,de:12067:900310611::2,0.0,2026-10-02T01:01:04.695736+02:00
306896824,de:12064:900320274::1,0.0,2026-10-02T01:01:04.695736+02:00
306896824,de:12064:900320278::2,0.0,2026-10-02T01:01:04.695736+02:00
306896824,de:12064:900320284::2,0.0,2026-10-02T01:01:04.695736+02:00
306896824,de:12064:900320886::2,0.0,2026-10-02T01:01:04.695736+02:00
306896824,de:12064:900320888::3,0.0,2026-10-02T01:01:04.695736+02:00
306896824,de:12067:900310894::2,0.0,2026-10-02T01:01:04.695736+02:00
306896824,de:12067:900310897::2,0.0,2026-10-02T01:01:04.695736+02:00
306896824,de:12067:900310896::2,0.0,2026-10-02T01:01:04.695736+02:00
306896824,de:12067:900310895::1,0.0,2026-10-02T01:01:04.695736+02:00
306896824,de:12067:900310002::2,0.0,2026-10-02T01:01:04.695736+02:00
306896824,de:12067:900310864::1,0.0,2026-10-02T01:01:04.695736+02:00
306896824,de:12067:900310861::1,0.0,2026-10-02T01:01:04.695736+02:00
306896824,de:12067:900311157::2,0.0,2026-10-02T01:01:04.695736+02:00
306896824,de:12067:900310860::2,0.0,2026-10-02T01:01:04.695736+02:00
306896824,de:12067:900311125::2,0.0,2026-10-02T01:01:04.695736+02:00
306896824,de:12067:900310936::2,0.0,2026-10-02T01:01:04.695736+02:00
306896824,de:12067:900310788::2,0.0,2026-10-02T01:01:04.695736+02:00
306896824,de:12067:900310696::2,0.0,2026-10-02T01:01:04.695736+02:00
306896824,de:12067:900310001::11,0.0,2026-10-02T01:01:04.695736+02:00
307292252,de:11000:900044202:1:51,0.0,2026-10-02T01:01:04.695736+02:00
307292252,de:11000:900054105:1:51,-0.2,2026-10-02T01:01:04.695736+02:00
307292252,de:11000:900054104:2:53,-0.8,2026-10-02T01:01:04.695736+02:00
307292252,de:11000:900058101:5:59,-0.7,2026-10-02T01:01:04.695736+02:00
307292252,de:11000:900068201:1:51,-0.3,2026-10-02T01:01:04.695736+02:00
307292252,de:11000:900079221:1:51,-0.9,2026-10-02T01:01:04.695736+02:00
307292252,de:11000:900078201:1:51,-0.6,2026-10-02T01:01:04.695736+02:00
307292252,de:11000:900077155:1:51,-0.2,2026-10-02T01:01:04.695736+02:00
307292252,de:11000:900191001:2:51,-0.7,2026-10-02T01:01:04.695736+02:00
307292252,de:11000:900192001:2:52,-0.7,2026-10-02T01:01:04.695736+02:00
307292252,de:11000:900193001:1:50,-0.2,2026-10-02T01:01:04.695736+02:00
307292252,de:11000:900193002:1:50,-0.8,2026-10-02T01:01:04.695736+02:00
307292252,de:11000:900186001:1:50,-0.8,2026-10-02T01:01:04.695736+02:00
307292252,de:12061:900260004:1:50,-0.2,2026-10-02T01:01:04.695736+02:00
307292252,de:12061:900260003:1:50,-0.4,2026-10-02T01:01:04.695736+02:00
307292252,de:12061:900260002:1:51,-0.2,2026-10-02T01:01:04.695736+02:00
307292252,de:12061:900260001:2:52,-0.2,2026-10-02T01:01:04.695736+02:00
307292240,de:11000:900044202:1:51,0.0,2026-10-02T01:01:04.695736+02:00
307292240,de:11000:900054105:1:51,-0.2,2026-10-02T01:01:04.695736+02:00
307292240,de:11000:900054104:2:53,-0.8,2026-10-02T01:01:04.695736+02:00
307292240,de:11000:900058101:5:59,-0.7,2026-10-02T01:01:04.695736+02:00
307292240,de:11000:900068201:1:51,-0.3,2026-10-02T01:01:04.695736+02:00
307292240,de:11000:900079221:1:51,-0.9,2026-10-02T01:01:04.695736+02:00
307292240,de:11000:900078201:1:51,-0.6,2026-10-02T01:01:04.695736+02:00
307292240,de:11000:900077155:1:51,-0.2,2026-10-02T01:01:04.695736+02:00
307292240,de:11000:900191001:2:51,-0.7,2026-10-02T01:01:04.695736+02:00
307292240,de:11000:900192001:2:52,-0.7,2026-10-02T01:01:04.695736+02:00
307292240,de:11000:900193001:1:50,-0.2,2026-10-02T01:01:04.695736+02:00
307292240,de:11000:900193002:1:50,-0.8,2026-10-02T01:01:04.695736+02:00
307292240,de:11000:900186001:1:50,-0.8,2026-10-02T01:01:04.695736+02:00
307292240,de:12061:900260004:1:50,-0.2,2026-10-02T01:01:04.695736+02:00
307292240,de:12061:900260003:1:50,-0.4,2026-10-02T01:01:04.695736+02:00
307292240,de:12061:900260002:1:51,-0.2,2026-10-02T01:01:04.695736+02:00
307292240,de:12061:900260001:2:52,-0.2,2026-10-02T01:01:04.695736+02:00
307292223,de:11000:900044202:1:51,0.0,2026-10-02T01:01:04.695736+02:00
307292223,de:11000:900054105:1:51,-0.2,2026-10-02T01:01:04.695736+02:00
307292223,de:11000:900054104:2:53,-0.8,2026-10-02T01:01:04.695736+02:00
307292223,de:11000:900058101:5:59,-0.7,2026-10-02T01:01:04.695736+02:00
307292223,de:11000:900068201:1:51,-0.3,2026-10-02T01:01:04.695736+02:00
307292223,de:11000:900079221:1:51,-0.9,2026-10-02T01:01:04.695736+02:00
307292223,de:11000:900078201:1:51,-0.6,2026-10-02T01:01:04.695736+02:00
307292223,de:11000:900077155:1:51,-0.2,2026-10-02T01:01:04.695736+02:00
307292223,de:11000:900191001:2:51,-0.7,2026-10-02T01:01:04.695736+02:00
307292223,de:11000:900192001:2:52,-0.7,2026-10-02T01:01:04.695736+02:00
307292223,de:11000:900193001:1:50,-0.2,2026-10-02T01:01:04.695736+02:00
307292223,de:11000:900193002:1:50,-0.8,2026-10-02T01:01:04.695736+02:00
307292223,de:11000:900186001:1:50,-0.8,2026-10-02T01:01:04.695736+02:00
307292223,de:12061:900260004:1:50,-0.2,2026-10-02T01:01:04.695736+02:00
307292223,de:12061:900260003:1:50,-0.4,2026-10-02T01:01:04.695736+02:00
307292223,de:12061:900260002:1:51,-0.2,2026-10-02T01:01:04.695736+02:00
307292223,de:12061:900260001:2:52,-0.2,2026-10-02T01:01:04.695736+02:00
307292214,de:11000:900044202:1:51,0.0,2026-10-02T01:01:04.695736+02:00
307292214,de:11000:900054105:1:51,-0.2,2026-10-02T01:01:04.695736+02:00
307292214,de:11000:900054104:2:53,-0.8,2026-10-02T01:01:04.695736+02:00
307292214,de:11000:900058101:5:59,-0.7,2026-10-02T01:01:04.695736+02:00
307292214,de:11000:900068201:1:51,-0.3,2026-10-02T01:01:04.695736+02:00
307292214,de:11000:900079221:1:51,-0.9,2026-10-02T01:01:04.695736+02:00
307292214,de:11000:900078201:1:51,-0.6,2026-10-02T01:01:04.695736+02:00
307292214,de:11000:900077155:1:51,-0.2,2026-10-02T01:01:04.695736+02:00
307292214,de:11000:900191001:2:51,-0.7,2026-10-02T01:01:04.695736+02:00
307292214,de:11000:900192001:2:52,-0.7,2026-10-02T01:01:04.695736+02:00
307292214,de:11000:900193001:1:50,-0.2,2026-10-02T01:01:04.695736+02:00
307292214,de:11000:900193002:1:50,-0.8,2026-10-02T01:01:04.695736+02:00
307292214,de:11000:900186001:1:50,-0.8,2026-10-02T01:01:04.695736+02:00
307292214,de:12061:900260004:1:50,-0.2,2026-10-02T01:01:04.695736+02:00
307292214,de:12061:900260003:1:50,-0.4,2026-10-02T01:01:04.695736+02:00
307292214,de:12061:900260002:1:51,-0.2,2026-10-02T01:01:04.695736+02:00
307292214,de:12061:900260001:2:52,-0.2,2026-10-02T01:01:04.695736+02:00
295928942,de:11000:900079221:1:51,0.0,2026-10-02T01:01:04.695736+02:00
295928942,de:11000:900078201:1:51,-0.6,2026-10-02T01:01:04.695736+02:00
295928942,de:11000:900077155:1:51,-0.2,2026-10-02T01:01:04.695736+02:00
295928942,de:11000:900191001:2:51,-0.7,2026-10-02T01:01:04.695736+02:00
295928942,de:11000:900192001:2:52,-0.7,2026-10-02T01:01:04.695736+02:00
295928942,de:11000:900193001:1:50,-0.2,2026-10-02T01:01:04.695736+02:00
295928942,de:11000:900193002:1:50,-0.8,2026-10-02T01:01:04.695736+02:00
295928942,de:11000:900186001:1:51,-0.8,2026-10-02T01:01:04.695736+02:00
295928939,de:11000:900079221:1:51,0.0,2026-10-02T01:01:04.695736+02:00
295928939,de:11000:900078201:1:51,-0.6,2026-10-02T01:01:04.695736+02:00
295928939,de:11000:900077155:1:51,-0.2,2026-10-02T01:01:04.695736+02:00
295928939,de:11000:900191001:2:51,-0.7,2026-10-02T01:01:04.695736+02:00
295928939,de:11000:900192001:2:52,-0.7,2026-10-02T01:01:04.695736+02:00
295928939,de:11000:900193001:1:50,-0.2,2026-10-02T01:01:04.695736+02:00
295928939,de:11000:900193002:1:50,-0.8,2026-10-02T01:01:04.695736+02:00
295928939,de:11000:900186001:1:51,-0.8,2026-10-02T01:01:04.695736+02:00
295928935,de:11000:900079221:1:51,0.0,2026-10-02T01:01:04.695736+02:00
295928935,de:11000:900078201:1:51,-0.6,2026-10-02T01:01:04.695736+02:00
295928935,de:11000:900077155:1:51,-0.2,2026-10-02T01:01:04.695736+02:00
295928935,de:11000:900191001:2:51,-0.7,2026-10-02T01:01:04.695736+02:00
295928935,de:11000:900192001:2:52,-0.7,2026-10-02T01:01:04.695736+02:00
295928935,de:11000:900193001:1:50,-0.2,2026-10-02T01:01:04.695736+02:00
295928935,de:11000:900193002:1:50,-0.8,2026-10-02T01:01:04.695736+02:00
295928935,de:11000:900186001:1:51,-0.8,2026-10-02T01:01:04.695736+02:00
295928927,de:11000:900079221:1:51,0.0,2026-10-02T01:01:04.695736+02:00
295928927,de:11000:900078201:1:51,-0.6,2026-10-02T01:01:04.695736+02:00
295928927,de:11000:900077155:1:51,-0.2,2026-10-02T01:01:04.695736+02:00
295928927,de:11000:900191001:2:51,-0.7,2026-10-02T01:01:04.695736+02:00
295928927,de:11000:900192001:2:52,-0.7,2026-10-02T01:01:04.695736+02:00
295928927,de:11000:900193001:1:50,-0.2,2026-10-02T01:01:04.695736+02:00
295928927,de:11000:900193002:1:50,-0.8,2026-10-02T01:01:04.695736+02:00
295928927,de:11000:900186001:1:51,-0.8,2026-10-02T01:01:04.695736+02:00
295933112,de:11000:900180003:1:50,0.0,2026-10-02T01:01:04.695736+02:00
295933112,de:11000:900192002:1:50,-0.4,2026-10-02T01:01:04.695736+02:00
295933112,de:11000:900192001:3:54,-0.2,2026-10-02T01:01:04.695736+02:00
295933112,de:11000:900191001:1:50,-0.9,2026-10-02T01:01:04.695736+02:00
295933112,de:11000:900077155:1:50,-0.4,2026-10-02T01:01:04.695736+02:00
295933112,de:11000:900078201:1:50,-0.9,2026-10-02T01:01:04.695736+02:00
295933112,de:11000:900079221:1:50,-0.7,2026-10-02T01:01:04.695736+02:00
295933112,de:11000:900068201:1:50,-0.3,2026-10-02T01:01:04.695736+02:00
295933112,de:11000:900058101:5:58,-0.6,2026-10-02T01:01:04.695736+02:00
295933091,de:11000:900180003:1:50,0.0,2026-10-02T01:01:04.695736+02:00
295933091,de:11000:900192002:1:50,-0.4,2026-10-02T01:01:04.695736+02:00
295933091,de:11000:900192001:3:54,-0.2,2026-10-02T01:01:04.695736+02:00
295933091,de:11000:900191001:1:50,-0.9,2026-10-02T01:01:04.695736+02:00
295933091,de:11000:900077155:1:50,-0.4,2026-10-02T01:01:04.695736+02:00
295933091,de:11000:900078201:1:50,-0.9,2026-10-02T01:01:04.695736+02:00
295933091,de:11000:900079221:1:50,-0.7,2026-10-02T01:01:04.695736+02:00
295933091,de:11000:900068201:1:50,-0.3,2026-10-02T01:01:04.695736+02:00
295933091,de:11000:900058101:5:58,-0.6,2026-10-02T01:01:04.695736+02:00
295936957,de:12064:900320001:1:50,0.0,2026-10-02T01:01:04.695736+02:00
295936957,de:12064:900320002:1:50,-0.3,2026-10-02T01:01:04.695736+02:00
295936957,de:12064:900320003:1:50,-0.1,2026-10-02T01:01:04.695736+02:00
295936957,de:12064:900320004:2:51,-0.8,2026-10-02T01:01:04.695736+02:00
295936957,de:12064:900320005:1:50,0.0,2026-10-02T01:01:04.695736+02:00
295936957,de:12064:900320006:1:51,-0.8,2026-10-02T01:01:04.695736+02:00
295936957,de:12064:900320007:1:50,-0.8,2026-10-02T01:01:04.695736+02:00
295936957,de:12064:900320008:1:51,-0.5,2026-10-02T01:01:04.695736+02:00
295936957,de:12064:900320026:1:50,-0.3,2026-10-02T01:01:04.695736+02:00
295936957,de:11000:900176001:1:51,-0.7,2026-10-02T01:01:04.695736+02:00
295936957,de:11000:900175002:1:50,-0.7,2026-10-02T01:01:04.695736+02:00
295936957,de:11000:900175001:1:50,-0.6,2026-10-02T01:01:04.695736+02:00
295936957,de:11000:900171001:1:50,-0.3,2026-10-02T01:01:04.695736+02:00
295936957,de:11000:900171002:1:51,-0.4,2026-10-02T01:01:04.695736+02:00
295936957,de:11000:900160004:1:51,-0.8,2026-10-02T01:01:04.695736+02:00
295936957,de:11000:900160003:1:51,-0.9,2026-10-02T01:01:04.695736+02:00
295936957,de:11000:900120003:3:55,-0.1,2026-10-02T01:01:04.695736+02:00
295936957,de:11000:900120004:2:53,-0.6,2026-10-02T01:01:04.695736+02:00
295936957,de:11000:900120005:5:58,-0.9,2026-10-02T01:01:04.695736+02:00
295936957,de:11000:900100004:1:51,-0.4,2026-10-02T01:01:04.695736+02:00
295936957,de:11000:900100003:2:53,-0.4,2026-10-02T01:01:04.695736+02:00
295936957,de:11000:900100002:1:51,-0.4,2026-10-02T01:01:04.695736+02:00
295936957,de:11000:900100001:3:55,-0.4,2026-10-02T01:01:04.695736+02:00
295936957,de:11000:900003201:3:55,-0.1,2026-10-02T01:01:04.695736+02:00
295936957,de:11000:900003102:1:51,-0.8,2026-10-02T01:01:04.695736+02:00
295936957,de:11000:900003103:1:51,-0.9,2026-10-02T01:01:04.695736+02:00
295936957,de:11000:900023201:3:55,-0.8,2026-10-02T01:01:04.695736+02:00
295936957,de:11000:900024203:1:51,-0.8,2026-10-02T01:01:04.695736+02:00
295936957,de:11000:900024101:4:57,-0.8,2026-10-02T01:01:04.695736+02:00
295936957,de:11000:900024102:1:51,-0.1,2026-10-02T01:01:04.695736+02:00
295940793,de:11000:900176001:1:50,0.0,2026-10-02T01:01:04.695736+02:00
295940793,de:11000:900175002:1:50,-0.7,2026-10-02T01:01:04.695736+02:00
295940793,de:11000:900175001:1:50,-0.6,2026-10-02T01:01:04.695736+02:00
295940793,de:11000:900171001:1:50,-0.3,2026-10-02T01:01:04.695736+02:00
295940793,de:11000:900171002:1:51,-0.4,2026-10-02T01:01:04.695736+02:00
295940793,de:11000:900160004:1:51,-0.8,2026-10-02T01:01:04.695736+02:00
295940793,de:11000:900160003:1:51,-0.8,2026-10-02T01:01:04.695736+02:00
295940793,de:11000:900120003:3:54,-0.9,2026-10-02T01:01:04.695736+02:00
295940793,de:11000:900120004:2:52,-0.6,2026-10-02T01:01:04.695736+02:00
295940793,de:11000:900120005:5:57,-0.9,2026-10-02T01:01:04.695736+02:00
295940787,de:11000:900176001:1:50,0.0,2026-10-02T01:01:04.695736+02:00
295940787,de:11000:900175002:1:50,-0.7,2026-10-02T01:01:04.695736+02:00
295940787,de:11000:900175001:1:50,-0.6,2026-10-02T01:01:04.695736+02:00
295940787,de:11000:900171001:1:50,-0.3,2026-10-02T01:01:04.695736+02:00
295940787,de:11000:900171002:1:51,-0.4,2026-10-02T01:01:04.695736+02:00
295940787,de:11000:900160004:1:51,-0.8,2026-10-02T01:01:04.695736+02:00
295940787,de:11000:900160003:1:51,-0.8,2026-10-02T01:01:04.695736+02:00
295940787,de:11000:900120003:3:54,-0.9,2026-10-02T01:01:04.695736+02:00
295940787,de:11000:900120004:2:52,-0.6,2026-10-02T01:01:04.695736+02:00
295940787,de:11000:900120005:5:57,-0.9,2026-10-02T01:01:04.695736+02:00
295942213,de:11000:900120004:1:51,0.0,2026-10-02T01:01:04.695736+02:00
295942213,de:11000:900120003:2:52,-0.9,2026-10-02T01:01:04.695736+02:00
295942213,de:11000:900160003:1:50,-0.7,2026-10-02T01:01:04.695736+02:00
295942213,de:11000:900160004:1:50,-0.7,2026-10-02T01:01:04.695736+02:00
295942213,de:11000:900171002:1:50,-0.2,2026-10-02T01:01:04.695736+02:00
295942213,de:11000:900171001:2:51,-0.3,2026-10-02T01:01:04.695736+02:00
295942213,de:11000:900175001:2:51,-0.5,2026-10-02T01:01:04.695736+02:00
295942213,de:11000:900175002:1:51,0.0,2026-10-02T01:01:04.695736+02:00
295942213,de:11000:900176001:1:50,-0.7,2026-10-02T01:01:04.695736+02:00
295940157,de:11000:900024102:2:52,0.0,2026-10-02T01:01:04.695736+02:00
295940157,de:11000:900024101:3:54,-0.8,2026-10-02T01:01:04.695736+02:00
295940157,de:11000:900024203:1:51,-0.8,2026-10-02T01:01:04.695736+02:00
295940157,de:11000:900023201:3:54,-0.7,2026-10-02T01:01:04.695736+02:00
295940157,de:11000:900003103:1:50,-0.8,2026-10-02T01:01:04.695736+02:00
295940157,de:11000:900003102:1:50,-0.9,2026-10-02T01:01:04.695736+02:00
295940157,de:11000:900003201:3:54,-0.5,2026-10-02T01:01:04.695736+02:00
295940157,de:11000:900100001:3:54,-0.1,2026-10-02T01:01:04.695736+02:00
295940157,de:11000:900100002:1:50,-0.4,2026-10-02T01:01:04.695736+02:00
295940157,de:11000:900100003:2:52,-0.1,2026-10-02T01:01:04.695736+02:00
295940157,de:11000:900100004:1:50,-0.4,2026-10-02T01:01:04.695736+02:00
295940157,de:11000:900120005:4:55,-0.6,2026-10-02T01:01:04.695736+02:00
295940157,de:11000:900120004:1:50,-0.1,2026-10-02T01:01:04.695736+02:00
295940157,de:11000:900120003:2:53,-0.4,2026-10-02T01:01:04.695736+02:00
295940157,de:11000:900160003:1:50,-0.7,2026-10-02T01:01:04.695736+02:00
295940157,de:11000:900160004:1:50,-0.7,2026-10-02T01:01:04.695736+02:00
295940157,de:11000:900171002:1:50,-0.2,2026-10-02T01:01:04.695736+02:00
295940157,de:11000:900171001:2:51,-0.3,2026-10-02T01:01:04.695736+02:00
295940157,de:11000:900175001:2:51,-0.5,2026-10-02T01:01:04.695736+02:00
295940157,de:11000:900175002:1:51,0.0,2026-10-02T01:01:04.695736+02:00
295940157,de:11000:900176001:2:52,-0.3,2026-10-02T01:01:04.695736+02:00
295940157,de:12064:900320026:1:51,-0.1,2026-10-02T01:01:04.695736+02:00
295940157,de:12064:900320008:1:50,-0.7,2026-10-02T01:01:04.695736+02:00
306896342,de:12067:900310013::4,0.0,2026-10-02T01:01:04.695736+02:00
306896342,de:12067:900310563::3,0.0,2026-10-02T01:01:04.695736+02:00
306896342,de:12067:900310563::4,0.0,2026-10-02T01:01:04.695736+02:00
306896342,de:12067:900310557::3,0.0,2026-10-02T01:01:04.695736+02:00
306896342,de:12067:900310555::1,0.0,2026-10-02T01:01:04.695736+02:00
306896342,de:12067:900310852::1,0.0,2026-10-02T01:01:04.695736+02:00
306896342,de:12067:900310850::1,0.0,2026-10-02T01:01:04.695736+02:00
306896342,de:12067:900310851::1,0.0,2026-10-02T01:01:04.695736+02:00
306896342,de:12067:900310849::1,0.0,2026-10-02T01:01:04.695736+02:00
306896342,de:12067:900310856::1,0.0,2026-10-02T01:01:04.695736+02:00
306896342,de:12067:900310844::1,0.0,2026-10-02T01:01:04.695736+02:00
306896342,de:12067:900310855::1,0.0,2026-10-02T01:01:04.695736+02:00
306896342,de:12067:900311970::1,0.0,2026-10-02T01:01:04.695736+02:00
306896342,de:12067:900310853::1,0.0,2026-10-02T01:01:04.695736+02:00
306896342,de:12067:900310845::1,0.0,2026-10-02T01:01:04.695736+02:00
306896342,de:12067:900310857::1,0.0,2026-10-02T01:01:04.695736+02:00
306896342,de:12067:900310854::1,0.0,2026-10-02T01:01:04.695736+02:00
306896342,de:12067:900310846::1,0.0,2026-10-02T01:01:04.695736+02:00
306896342,de:12067:900310847::1,0.0,2026-10-02T01:01:04.695736+02:00
306896342,de:12067:900310890::1,0.0,2026-10-02T01:01:04.695736+02:00
306896342,de:12067:900310889::1,0.0,2026-10-02T01:01:04.695736+02:00
306896342,de:12067:900310882::1,0.0,2026-10-02T01:01:04.695736+02:00
306896342,de:12067:900310920::1,0.0,2026-10-02T01:01:04.695736+02:00
306896342,de:12067:900310883::1,0.0,2026-10-02T01:01:04.695736+02:00
306896342,de:12067:900310885::1,0.0,2026-10-02T01:01:04.695736+02:00
306896342,de:12067:900310881::1,0.0,2026-10-02T01:01:04.695736+02:00
306896342,de:12067:900310888::1,0.0,2026-10-02T01:01:04.695736+02:00
306896342,de:12067:900310919::1,0.0,2026-10-02T01:01:04.695736+02:00
306896342,de:12064:900320891::1,0.0,2026-10-02T01:01:04.695736+02:00
306896342,de:12064:900320888::4,0.0,2026-10-02T01:01:04.695736+02:00
306896342,de:12064:900320886::1,0.0,2026-10-02T01:01:04.695736+02:00
306896342,de:12064:900320284::1,0.0,2026-10-02T01:01:04.695736+02:00
306896342,de:12064:900320278::1,0.0,2026-10-02T01:01:04.695736+02:00
306896342,de:12064:900320274::1,0.0,2026-10-02T01:01:04.695736+02:00
306896818,de:12064:900320274::1,0.0,2026-10-02T01:01:04.695736+02:00
306896818,de:12064:900320278::2,0.0,2026-10-02T01:01:04.695736+02:00
306896818,de:12064:900320284::2,0.0,2026-10-02T01:01:04.695736+02:00
306896818,de:12064:900320886::2,0.0,2026-10-02T01:01:04.695736+02:00
306896818,de:12064:900320888::3,0.0,2026-10-02T01:01:04.695736+02:00
306896818,de:12067:900310894::2,0.0,2026-10-02T01:01:04.695736+02:00
306896818,de:12067:900310897::2,0.0,2026-10-02T01:01:04.695736+02:00
306896818,de:12067:900310896::2,0.0,2026-10-02T01:01:04.695736+02:00
306896818,de:12067:900310895::1,0.0,2026-10-02T01:01:04.695736+02:00
306896818,de:12067:900310002::2,0.0,2026-10-02T01:01:04.695736+02:00
306896818,de:12067:900310864::1,0.0,2026-10-02T01:01:04.695736+02:00
306896818,de:12067:900310861::1,0.0,2026-10-02T01:01:04.695736+02:00
306896818,de:12067:900311157::2,0.0,2026-10-02T01:01:04.695736+02:00
306896818,de:12067:900310860::2,0.0,2026-10-02T01:01:04.695736+02:00
306896818,de:12067:900311125::2,0.0,2026-10-02T01:01:04.695736+02:00
306896818,de:12067:900310936::2,0.0,2026-10-02T01:01:04.695736+02:00
306896818,de:12067:900310788::2,0.0,2026-10-02T01:01:04.695736+02:00
306896818,de:12067:900310696::2,0.0,2026-10-02T01:01:04.695736+02:00
306896818,de:12067:900310001::11,0.0,2026-10-02T01:01:04.695736+02:00
307420475,de:11000:900160004:2:52,0.0,2026-10-02T01:01:04.695736+02:00
307420475,de:12064:900320004:1:50,0.0,2026-10-02T01:01:04.695736+02:00
307420475,de:12064:900320011:2:51,0.0,2026-10-02T01:01:04.695736+02:00
307420475,de:12064:900320012:1:50,0.0,2026-10-02T01:01:04.695736+02:00
307420475,de:12064:900320014:1:51,0.0,2026-10-02T01:01:04.695736+02:00
306896421,de:12067:900310613::1,0.0,2026-10-02T01:01:04.695736+02:00
306896421,de:12067:900311078::2,0.0,2026-10-02T01:01:04.695736+02:00
306896421,de:12067:900311077::2,0.0,2026-10-02T01:01:04.695736+02:00
306896421,de:12067:900311082::2,0.0,2026-10-02T01:01:04.695736+02:00
306896421,de:12067:900310107::2,0.0,2026-10-02T01:01:04.695736+02:00
306896421,de:12067:900310113::1,0.0,2026-10-02T01:01:04.695736+02:00
306896421,de:12067:900310102::2,0.0,2026-10-02T01:01:04.695736+02:00
306896421,de:12067:900310103::2,0.0,2026-10-02T01:01:04.695736+02:00
306896421,de:12067:900310114::2,0.0,2026-10-02T01:01:04.695736+02:00
306896421,de:12067:900310119::2,0.0,2026-10-02T01:01:04.695736+02:00
306896421,de:12067:900310115::2,0.0,2026-10-02T01:01:04.695736+02:00
306896421,de:12067:900310106::2,0.0,2026-10-02T01:01:04.695736+02:00
306896421,de:12067:900310109::1,0.0,2026-10-02T01:01:04.695736+02:00
306896421,de:12067:900310631::1,0.0,2026-10-02T01:01:04.695736+02:00
306896421,de:12067:900310040::2,0.0,2026-10-02T01:01:04.695736+02:00
306896421,de:12067:900310105::2,0.0,2026-10-02T01:01:04.695736+02:00
306896421,de:12067:900310970::2,0.0,2026-10-02T01:01:04.695736+02:00
306896421,de:12067:900310972::2,0.0,2026-10-02T01:01:04.695736+02:00
306896421,de:12067:900310810::1,0.0,2026-10-02T01:01:04.695736+02:00
306896421,de:12067:900310769::2,0.0,2026-10-02T01:01:04.695736+02:00
306896421,de:12067:900310695::3,0.0,2026-10-02T01:01:04.695736+02:00
306896421,de:12067:900310812::2,0.0,2026-10-02T01:01:04.695736+02:00
306896421,de:12067:900310630::2,0.0,2026-10-02T01:01:04.695736+02:00
306896421,de:12067:900310811::2,0.0,2026-10-02T01:01:04.695736+02:00
306896421,de:12067:900310771::2,0.0,2026-10-02T01:01:04.695736+02:00
306896421,de:12067:900310822::2,0.0,2026-10-02T01:01:04.695736+02:00
306896421,de:12067:900310781::2,0.0,2026-10-02T01:01:04.695736+02:00
306896421,de:12067:900310627::2,-0.5,2026-10-02T01:01:04.695736+02:00
306896421,de:12067:900310816::2,0.0,2026-10-02T01:01:04.695736+02:00
306896421,de:12067:900310022::1,0.0,2026-10-02T01:01:04.695736+02:00
306896421,de:12067:900310001::11,0.0,2026-10-02T01:01:04.695736+02:00
306895191,de:12067:900311129::1,0.0,2026-10-02T01:01:04.695736+02:00
306895191,de:12067:900310755::1,0.0,2026-10-02T01:01:04.695736+02:00
306895191,de:12067:900310738::1,0.0,2026-10-02T01:01:04.695736+02:00
306895191,de:12067:900310725::1,0.0,2026-10-02T01:01:04.695736+02:00
306895191,de:12067:900310909::1,0.0,2026-10-02T01:01:04.695736+02:00
306895191,de:12067:900310609::1,0.0,2026-10-02T01:01:04.695736+02:00
306895191,de:12067:900310060::2,0.0,2026-10-02T01:01:04.695736+02:00
306895191,de:12067:900310858::3,0.0,2026-10-02T01:01:04.695736+02:00
306895191,de:12067:900311269::2,0.0,2026-10-02T01:01:04.695736+02:00
306895191,de:12067:900311228::2,0.0,2026-10-02T01:01:04.695736+02:00
306895191,de:12067:900311239::2,0.0,2026-10-02T01:01:04.695736+02:00
306895191,de:12067:900311227::1,0.0,2026-10-02T01:01:04.695736+02:00
306895191,de:12067:900311402::1,0.0,2026-10-02T01:01:04.695736+02:00
306895191,de:12067:900311311::2,0.0,2026-10-02T01:01:04.695736+02:00
306895191,de:12067:900311312::2,0.0,2026-10-02T01:01:04.695736+02:00
306895191,de:12067:900311383::3,0.0,2026-10-02T01:01:04.695736+02:00
306895191,de:12067:900311315::2,0.0,2026-10-02T01:01:04.695736+02:00
306895191,de:12067:900311348::2,0.0,2026-10-02T01:01:04.695736+02:00
306895191,de:12067:900311308::4,0.0,2026-10-02T01:01:04.695736+02:00
306895219,de:12067:900311308::5,0.0,2026-10-02T01:01:04.695736+02:00
306895219,de:12067:900311380::1,0.0,2026-10-02T01:01:04.695736+02:00
306895219,de:12067:900311348::1,0.0,2026-10-02T01:01:04.695736+02:00
306895219,de:12067:900311315::1,0.0,2026-10-02T01:01:04.695736+02:00
306895219,de:12067:900311383::3,0.0,2026-10-02T01:01:04.695736+02:00
306895219,de:12067:900311312::1,0.0,2026-10-02T01:01:04.695736+02:00
306895219,de:12067:900311311::1,0.0,2026-10-02T01:01:04.695736+02:00
306895219,de:12067:900311402::2,0.0,2026-10-02T01:01:04.695736+02:00
306895219,de:12067:900311227::2,0.0,2026-10-02T01:01:04.695736+02:00
306895219,de:12067:900311239::1,0.0,2026-10-02T01:01:04.695736+02:00
306895219,de:12067:900311228::1,0.0,2026-10-02T01:01:04.695736+02:00
306895219,de:12067:900311269::1,0.0,2026-10-02T01:01:04.695736+02:00
306895219,de:12067:900310858::1,0.0,2026-10-02T01:01:04.695736+02:00
306895219,de:12067:900310060::1,0.0,2026-10-02T01:01:04.695736+02:00
306895219,de:12067:900310609::1,0.0,2026-10-02T01:01:04.695736+02:00
306895219,de:12067:900310909::1,0.0,2026-10-02T01:01:04.695736+02:00
306895219,de:12067:900310725::2,0.0,2026-10-02T01:01:04.695736+02:00
306895219,de:12067:900310738::2,0.0,2026-10-02T01:01:04.695736+02:00
306895219,de:12067:900310639::1,0.0,2026-10-02T01:01:04.695736+02:00
306895219,de:12067:900310626::1,0.0,2026-10-02T01:01:04.695736+02:00
306895219,de:12067:900311129::6,0.0,2026-10-02T01:01:04.695736+02:00
295946214,de:12054:900230999:3:54,0.0,2026-10-02T01:01:04.695736+02:00
295946214,de:12054:900230000:1:50,-0.3,2026-10-02T01:01:04.695736+02:00
295946214,de:12054:900230003:1:54,-0.3,2026-10-02T01:01:04.695736+02:00
295946214,de:11000:900053301:2:53,-0.4,2026-10-02T01:01:04.695736+02:00
295946214,de:11000:900052201:2:53,-0.7,2026-10-02T01:01:04.695736+02:00
295946214,de:11000:900048101:2:53,-0.9,2026-10-02T01:01:04.695736+02:00
295946214,de:11000:900024102:2:53,-0.9,2026-10-02T01:01:04.695736+02:00
295946214,de:11000:900024101:3:55,-0.3,2026-10-02T01:01:04.695736+02:00
295946214,de:11000:900024203:1:51,-0.3,2026-10-02T01:01:04.695736+02:00
295946214,de:11000:900023201:3:54,-0.2,2026-10-02T01:01:04.695736+02:00
295946214,de:11000:900003103:1:50,-0.3,2026-10-02T01:01:04.695736+02:00
295946214,de:11000:900003102:1:50,-0.4,2026-10-02T01:01:04.695736+02:00
295946214,de:11000:900003201:3:54,0.0,2026-10-02T01:01:04.695736+02:00
295946214,de:11000:900100001:3:54,-0.6,2026-10-02T01:01:04.695736+02:00
295946214,de:11000:900100002:1:50,-0.9,2026-10-02T01:01:04.695736+02:00
295946214,de:11000:900100003:2:52,-0.6,2026-10-02T01:01:04.695736+02:00
295946214,de:11000:900100004:1:50,-0.9,2026-10-02T01:01:04.695736+02:00
295946214,de:11000:900120005:4:55,-0.1,2026-10-02T01:01:04.695736+02:00
295946214,de:11000:900120004:1:50,-0.6,2026-10-02T01:01:04.695736+02:00
295946214,de:11000:900120003:2:53,-0.9,2026-10-02T01:01:04.695736+02:00
295946214,de:11000:900160003:1:50,-0.2,2026-10-02T01:01:04.695736+02:00
295946214,de:11000:900160004:1:50,-0.2,2026-10-02T01:01:04.695736+02:00
295946214,de:11000:900171002:1:50,-0.7,2026-10-02T01:01:04.695736+02:00
295946214,de:11000:900171003:1:50,-0.8,2026-10-02T01:01:04.695736+02:00
295946214,de:11000:900170005:1:50,-0.3,2026-10-02T01:01:04.695736+02:00
295946214,de:11000:900170001:1:50,-0.1,2026-10-02T01:01:04.695736+02:00
295946214,de:11000:900170002:1:50,-0.9,2026-10-02T01:01:04.695736+02:00
295946214,de:11000:900170003:1:50,-0.7,2026-10-02T01:01:04.695736+02:00
295946214,de:11000:900170004:1:50,-0.9,2026-10-02T01:01:04.695736+02:00
295946211,de:12054:900230999:3:54,0.0,2026-10-02T01:01:04.695736+02:00
295946211,de:12054:900230000:1:50,-0.3,2026-10-02T01:01:04.695736+02:00
295946211,de:12054:900230003:1:54,-0.3,2026-10-02T01:01:04.695736+02:00
295946211,de:11000:900053301:2:53,-0.4,2026-10-02T01:01:04.695736+02:00
295946211,de:11000:900052201:2:53,-0.7,2026-10-02T01:01:04.695736+02:00
295946211,de:11000:900048101:2:53,-0.9,2026-10-02T01:01:04.695736+02:00
295946211,de:11000:900024102:2:53,-0.9,2026-10-02T01:01:04.695736+02:00
295946211,de:11000:900024101:3:55,-0.3,2026-10-02T01:01:04.695736+02:00
295946211,de:11000:900024203:1:51,-0.3,2026-10-02T01:01:04.695736+02:00
295946211,de:11000:900023201:3:54,-0.2,2026-10-02T01:01:04.695736+02:00
295946211,de:11000:900003103:1:50,-0.3,2026-10-02T01:01:04.695736+02:00
295946211,de:11000:900003102:1:50,-0.4,2026-10-02T01:01:04.695736+02:00
295946211,de:11000:900003201:3:54,0.0,2026-10-02T01:01:04.695736+02:00
295946211,de:11000:900100001:3:54,-0.6,2026-10-02T01:01:04.695736+02:00
295946211,de:11000:900100002:1:50,-0.9,2026-10-02T01:01:04.695736+02:00
295946211,de:11000:900100003:2:52,-0.6,2026-10-02T01:01:04.695736+02:00
295946211,de:11000:900100004:1:50,-0.9,2026-10-02T01:01:04.695736+02:00
295946211,de:11000:900120005:4:55,-0.1,2026-10-02T01:01:04.695736+02:00
295946211,de:11000:900120004:1:50,-0.6,2026-10-02T01:01:04.695736+02:00
295946211,de:11000:900120003:2:53,-0.9,2026-10-02T01:01:04.695736+02:00
295946211,de:11000:900160003:1:50,-0.2,2026-10-02T01:01:04.695736+02:00
295946211,de:11000:900160004:1:50,-0.2,2026-10-02T01:01:04.695736+02:00
295946211,de:11000:900171002:1:50,-0.7,2026-10-02T01:01:04.695736+02:00
295946211,de:11000:900171003:1:50,-0.8,2026-10-02T01:01:04.695736+02:00
295946211,de:11000:900170005:1:50,-0.3,2026-10-02T01:01:04.695736+02:00
295946211,de:11000:900170001:1:50,-0.1,2026-10-02T01:01:04.695736+02:00
295946211,de:11000:900170002:1:50,-0.9,2026-10-02T01:01:04.695736+02:00
295946211,de:11000:900170003:1:50,-0.7,2026-10-02T01:01:04.695736+02:00
295946211,de:11000:900170004:1:50,-0.9,2026-10-02T01:01:04.695736+02:00
295946193,de:12054:900230999:3:54,0.0,2026-10-02T01:01:04.695736+02:00
295946193,de:12054:900230000:1:50,-0.3,2026-10-02T01:01:04.695736+02:00
295946193,de:12054:900230003:1:54,-0.3,2026-10-02T01:01:04.695736+02:00
295946193,de:11000:900053301:2:53,-0.4,2026-10-02T01:01:04.695736+02:00
295946193,de:11000:900052201:2:53,-0.7,2026-10-02T01:01:04.695736+02:00
295946193,de:11000:900048101:2:53,-0.9,2026-10-02T01:01:04.695736+02:00
295946193,de:11000:900024102:2:53,-0.9,2026-10-02T01:01:04.695736+02:00
295946193,de:11000:900024101:3:55,-0.3,2026-10-02T01:01:04.695736+02:00
295946193,de:11000:900024203:1:51,-0.3,2026-10-02T01:01:04.695736+02:00
295946193,de:11000:900023201:3:54,-0.2,2026-10-02T01:01:04.695736+02:00
295946193,de:11000:900003103:1:50,-0.3,2026-10-02T01:01:04.695736+02:00
295946193,de:11000:900003102:1:50,-0.4,2026-10-02T01:01:04.695736+02:00
295946193,de:11000:900003201:3:54,0.0,2026-10-02T01:01:04.695736+02:00
295946193,de:11000:900100001:3:54,-0.6,2026-10-02T01:01:04.695736+02:00
295946193,de:11000:900100002:1:50,-0.9,2026-10-02T01:01:04.695736+02:00
295946193,de:11000:900100003:2:52,-0.6,2026-10-02T01:01:04.695736+02:00
295946193,de:11000:900100004:1:50,-0.9,2026-10-02T01:01:04.695736+02:00
295946193,de:11000:900120005:4:55,-0.1,2026-10-02T01:01:04.695736+02:00
295946193,de:11000:900120004:1:50,-0.6,2026-10-02T01:01:04.695736+02:00
295946193,de:11000:900120003:2:53,-0.9,2026-10-02T01:01:04.695736+02:00
295946193,de:11000:900160003:1:50,-0.2,2026-10-02T01:01:04.695736+02:00
295946193,de:11000:900160004:1:50,-0.2,2026-10-02T01:01:04.695736+02:00
295946193,de:11000:900171002:1:50,-0.7,2026-10-02T01:01:04.695736+02:00
295946193,de:11000:900171003:1:50,-0.8,2026-10-02T01:01:04.695736+02:00
295946193,de:11000:900170005:1:50,-0.3,2026-10-02T01:01:04.695736+02:00
295946193,de:11000:900170001:1:50,-0.1,2026-10-02T01:01:04.695736+02:00
295946193,de:11000:900170002:1:50,-0.9,2026-10-02T01:01:04.695736+02:00
295946193,de:11000:900170003:1:50,-0.7,2026-10-02T01:01:04.695736+02:00
295946193,de:11000:900170004:1:50,-0.9,2026-10-02T01:01:04.695736+02:00
295946287,de:11000:900170004:1:50,0.0,2026-10-02T01:01:04.695736+02:00
295946287,de:11000:900170003:1:51,-0.3,2026-10-02T01:01:04.695736+02:00
295946287,de:11000:900170002:1:51,-0.1,2026-10-02T01:01:04.695736+02:00
295946287,de:11000:900170001:1:51,-0.9,2026-10-02T01:01:04.695736+02:00
295946287,de:11000:900170005:1:51,-0.7,2026-10-02T01:01:04.695736+02:00
295946287,de:11000:900171003:1:51,-0.6,2026-10-02T01:01:04.695736+02:00
295946287,de:11000:900171002:1:51,-0.9,2026-10-02T01:01:04.695736+02:00
295946287,de:11000:900160004:1:51,-0.3,2026-10-02T01:01:04.695736+02:00
295946287,de:11000:900160003:1:51,-0.4,2026-10-02T01:01:04.695736+02:00
295946287,de:11000:900120003:3:55,-0.6,2026-10-02T01:01:04.695736+02:00
295946287,de:11000:900120004:2:53,-0.1,2026-10-02T01:01:04.695736+02:00
295946287,de:11000:900120005:5:58,-0.4,2026-10-02T01:01:04.695736+02:00
295946287,de:11000:900100004:1:51,-0.9,2026-10-02T01:01:04.695736+02:00
295946287,de:11000:900100003:2:53,-0.9,2026-10-02T01:01:04.695736+02:00
295946287,de:11000:900100002:1:51,-0.9,2026-10-02T01:01:04.695736+02:00
295946287,de:11000:900100001:3:55,-0.9,2026-10-02T01:01:04.695736+02:00
295946287,de:11000:900003201:3:55,-0.6,2026-10-02T01:01:04.695736+02:00
295946287,de:11000:900003102:1:51,-0.3,2026-10-02T01:01:04.695736+02:00
295946287,de:11000:900003103:1:51,-0.4,2026-10-02T01:01:04.695736+02:00
295946287,de:11000:900023201:3:55,-0.3,2026-10-02T01:01:04.695736+02:00
295946287,de:11000:900024203:1:51,-0.3,2026-10-02T01:01:04.695736+02:00
295946287,de:11000:900024101:4:57,-0.3,2026-10-02T01:01:04.695736+02:00
295946287,de:11000:900024102:1:50,-0.6,2026-10-02T01:01:04.695736+02:00
295946287,de:11000:900048101:1:50,-0.8,2026-10-02T01:01:04.695736+02:00
295946287,de:11000:900052201:2:52,0.0,2026-10-02T01:01:04.695736+02:00
295946287,de:11000:900053301:1:50,-0.4,2026-10-02T01:01:04.695736+02:00
295946287,de:12054:900230003:1:50,-0.4,2026-10-02T01:01:04.695736+02:00
295946287,de:12054:900230000:1:51,-0.4,2026-10-02T01:01:04.695736+02:00
295946287,de:12054:900230999:3:55,-0.9,2026-10-02T01:01:04.695736+02:00
295946275,de:11000:900170004:1:50,0.0,2026-10-02T01:01:04.695736+02:00
295946275,de:11000:900170003:1:51,-0.3,2026-10-02T01:01:04.695736+02:00
295946275,de:11000:900170002:1:51,-0.1,2026-10-02T01:01:04.695736+02:00
295946275,de:11000:900170001:1:51,-0.9,2026-10-02T01:01:04.695736+02:00
295946275,de:11000:900170005:1:51,-0.7,2026-10-02T01:01:04.695736+02:00
295946275,de:11000:900171003:1:51,-0.6,2026-10-02T01:01:04.695736+02:00
295946275,de:11000:900171002:1:51,-0.9,2026-10-02T01:01:04.695736+02:00
295946275,de:11000:900160004:1:51,-0.3,2026-10-02T01:01:04.695736+02:00
295946275,de:11000:900160003:1:51,-0.4,2026-10-02T01:01:04.695736+02:00
295946275,de:11000:900120003:3:55,-0.6,2026-10-02T01:01:04.695736+02:00
295946275,de:11000:900120004:2:53,-0.1,2026-10-02T01:01:04.695736+02:00
295946275,de:11000:900120005:5:58,-0.4,2026-10-02T01:01:04.695736+02:00
295946275,de:11000:900100004:1:51,-0.9,2026-10-02T01:01:04.695736+02:00
295946275,de:11000:900100003:2:53,-0.9,2026-10-02T01:01:04.695736+02:00
295946275,de:11000:900100002:1:51,-0.9,2026-10-02T01:01:04.695736+02:00
295946275,de:11000:900100001:3:55,-0.9,2026-10-02T01:01:04.695736+02:00
295946275,de:11000:900003201:3:55,-0.6,2026-10-02T01:01:04.695736+02:00
295946275,de:11000:900003102:1:51,-0.3,2026-10-02T01:01:04.695736+02:00
295946275,de:11000:900003103:1:51,-0.4,2026-10-02T01:01:04.695736+02:00
295946275,de:11000:900023201:3:55,-0.3,2026-10-02T01:01:04.695736+02:00
295946275,de:11000:900024203:1:51,-0.3,2026-10-02T01:01:04.695736+02:00
295946275,de:11000:900024101:4:57,-0.3,2026-10-02T01:01:04.695736+02:00
295946275,de:11000:900024102:1:50,-0.6,2026-10-02T01:01:04.695736+02:00
295946275,de:11000:900048101:1:50,-0.8,2026-10-02T01:01:04.695736+02:00
295946275,de:11000:900052201:2:52,0.0,2026-10-02T01:01:04.695736+02:00
295946275,de:11000:900053301:1:50,-0.4,2026-10-02T01:01:04.695736+02:00
295946275,de:12054:900230003:1:50,-0.4,2026-10-02T01:01:04.695736+02:00
295946275,de:12054:900230000:1:51,-0.4,2026-10-02T01:01:04.695736+02:00
295946275,de:12054:900230999:3:55,-0.9,2026-10-02T01:01:04.695736+02:00
295946273,de:11000:900170004:1:50,0.0,2026-10-02T01:01:04.695736+02:00
295946273,de:11000:900170003:1:51,-0.3,2026-10-02T01:01:04.695736+02:00
295946273,de:11000:900170002:1:51,-0.1,2026-10-02T01:01:04.695736+02:00
295946273,de:11000:900170001:1:51,-0.9,2026-10-02T01:01:04.695736+02:00
295946273,de:11000:900170005:1:51,-0.7,2026-10-02T01:01:04.695736+02:00
295946273,de:11000:900171003:1:51,-0.6,2026-10-02T01:01:04.695736+02:00
295946273,de:11000:900171002:1:51,-0.9,2026-10-02T01:01:04.695736+02:00
295946273,de:11000:900160004:1:51,-0.3,2026-10-02T01:01:04.695736+02:00
295946273,de:11000:900160003:1:51,-0.4,2026-10-02T01:01:04.695736+02:00
295946273,de:11000:900120003:3:55,-0.6,2026-10-02T01:01:04.695736+02:00
295946273,de:11000:900120004:2:53,-0.1,2026-10-02T01:01:04.695736+02:00
295946273,de:11000:900120005:5:58,-0.4,2026-10-02T01:01:04.695736+02:00
295946273,de:11000:900100004:1:51,-0.9,2026-10-02T01:01:04.695736+02:00
295946273,de:11000:900100003:2:53,-0.9,2026-10-02T01:01:04.695736+02:00
295946273,de:11000:900100002:1:51,-0.9,2026-10-02T01:01:04.695736+02:00
295946273,de:11000:900100001:3:55,-0.9,2026-10-02T01:01:04.695736+02:00
295946273,de:11000:900003201:3:55,-0.6,2026-10-02T01:01:04.695736+02:00
295946273,de:11000:900003102:1:51,-0.3,2026-10-02T01:01:04.695736+02:00
295946273,de:11000:900003103:1:51,-0.4,2026-10-02T01:01:04.695736+02:00
295946273,de:11000:900023201:3:55,-0.3,2026-10-02T01:01:04.695736+02:00
295946273,de:11000:900024203:1:51,-0.3,2026-10-02T01:01:04.695736+02:00
295946273,de:11000:900024101:4:57,-0.3,2026-10-02T01:01:04.695736+02:00
295946273,de:11000:900024102:1:50,-0.6,2026-10-02T01:01:04.695736+02:00
295946273,de:11000:900048101:1:50,-0.8,2026-10-02T01:01:04.695736+02:00
295946273,de:11000:900052201:2:52,0.0,2026-10-02T01:01:04.695736+02:00
295946273,de:11000:900053301:1:50,-0.4,2026-10-02T01:01:04.695736+02:00
295946273,de:12054:900230003:1:50,-0.4,2026-10-02T01:01:04.695736+02:00
295946273,de:12054:900230000:1:51,-0.4,2026-10-02T01:01:04.695736+02:00
295946273,de:12054:900230999:3:55,-0.9,2026-10-02T01:01:04.695736+02:00
295946271,de:11000:900170004:1:50,0.0,2026-10-02T01:01:04.695736+02:00
295946271,de:11000:900170003:1:51,-0.3,2026-10-02T01:01:04.695736+02:00
295946271,de:11000:900170002:1:51,-0.1,2026-10-02T01:01:04.695736+02:00
295946271,de:11000:900170001:1:51,-0.9,2026-10-02T01:01:04.695736+02:00
295946271,de:11000:900170005:1:51,-0.7,2026-10-02T01:01:04.695736+02:00
295946271,de:11000:900171003:1:51,-0.6,2026-10-02T01:01:04.695736+02:00
295946271,de:11000:900171002:1:51,-0.9,2026-10-02T01:01:04.695736+02:00
295946271,de:11000:900160004:1:51,-0.3,2026-10-02T01:01:04.695736+02:00
295946271,de:11000:900160003:1:51,-0.4,2026-10-02T01:01:04.695736+02:00
295946271,de:11000:900120003:3:55,-0.6,2026-10-02T01:01:04.695736+02:00
295946271,de:11000:900120004:2:53,-0.1,2026-10-02T01:01:04.695736+02:00
295946271,de:11000:900120005:5:58,-0.4,2026-10-02T01:01:04.695736+02:00
295946271,de:11000:900100004:1:51,-0.9,2026-10-02T01:01:04.695736+02:00
295946271,de:11000:900100003:2:53,-0.9,2026-10-02T01:01:04.695736+02:00
295946271,de:11000:900100002:1:51,-0.9,2026-10-02T01:01:04.695736+02:00
295946271,de:11000:900100001:3:55,-0.9,2026-10-02T01:01:04.695736+02:00
295946271,de:11000:900003201:3:55,-0.6,2026-10-02T01:01:04.695736+02:00
295946271,de:11000:900003102:1:51,-0.3,2026-10-02T01:01:04.695736+02:00
295946271,de:11000:900003103:1:51,-0.4,2026-10-02T01:01:04.695736+02:00
295946271,de:11000:900023201:3:55,-0.3,2026-10-02T01:01:04.695736+02:00
295946271,de:11000:900024203:1:51,-0.3,2026-10-02T01:01:04.695736+02:00
295946271,de:11000:900024101:4:57,-0.3,2026-10-02T01:01:04.695736+02:00
295946271,de:11000:900024102:1:50,-0.6,2026-10-02T01:01:04.695736+02:00
295946271,de:11000:900048101:1:50,-0.8,2026-10-02T01:01:04.695736+02:00
295946271,de:11000:900052201:2:52,0.0,2026-10-02T01:01:04.695736+02:00
295946271,de:11000:900053301:1:50,-0.4,2026-10-02T01:01:04.695736+02:00
295946271,de:12054:900230003:1:50,-0.4,2026-10-02T01:01:04.695736+02:00
295946271,de:12054:900230000:1:51,-0.4,2026-10-02T01:01:04.695736+02:00
295946271,de:12054:900230999:3:55,-0.9,2026-10-02T01:01:04.695736+02:00
295946266,de:11000:900170004:1:50,0.0,2026-10-02T01:01:04.695736+02:00
295946266,de:11000:900170003:1:51,-0.3,2026-10-02T01:01:04.695736+02:00
295946266,de:11000:900170002:1:51,-0.1,2026-10-02T01:01:04.695736+02:00
295946266,de:11000:900170001:1:51,-0.9,2026-10-02T01:01:04.695736+02:00
295946266,de:11000:900170005:1:51,-0.7,2026-10-02T01:01:04.695736+02:00
295946266,de:11000:900171003:1:51,-0.6,2026-10-02T01:01:04.695736+02:00
295946266,de:11000:900171002:1:51,-0.9,2026-10-02T01:01:04.695736+02:00
295946266,de:11000:900160004:1:51,-0.3,2026-10-02T01:01:04.695736+02:00
295946266,de:11000:900160003:1:51,-0.4,2026-10-02T01:01:04.695736+02:00
295946266,de:11000:900120003:3:55,-0.6,2026-10-02T01:01:04.695736+02:00
295946266,de:11000:900120004:2:53,-0.1,2026-10-02T01:01:04.695736+02:00
295946266,de:11000:900120005:5:58,-0.4,2026-10-02T01:01:04.695736+02:00
295946266,de:11000:900100004:1:51,-0.9,2026-10-02T01:01:04.695736+02:00
295946266,de:11000:900100003:2:53,-0.9,2026-10-02T01:01:04.695736+02:00
295946266,de:11000:900100002:1:51,-0.9,2026-10-02T01:01:04.695736+02:00
295946266,de:11000:900100001:3:55,-0.9,2026-10-02T01:01:04.695736+02:00
295946266,de:11000:900003201:3:55,-0.6,2026-10-02T01:01:04.695736+02:00
295946266,de:11000:900003102:1:51,-0.3,2026-10-02T01:01:04.695736+02:00
295946266,de:11000:900003103:1:51,-0.4,2026-10-02T01:01:04.695736+02:00
295946266,de:11000:900023201:3:55,-0.3,2026-10-02T01:01:04.695736+02:00
295946266,de:11000:900024203:1:51,-0.3,2026-10-02T01:01:04.695736+02:00
295946266,de:11000:900024101:4:57,-0.3,2026-10-02T01:01:04.695736+02:00
295946266,de:11000:900024102:1:50,-0.6,2026-10-02T01:01:04.695736+02:00
295946266,de:11000:900048101:1:50,-0.8,2026-10-02T01:01:04.695736+02:00
295946266,de:11000:900052201:2:52,0.0,2026-10-02T01:01:04.695736+02:00
295946266,de:11000:900053301:1:50,-0.4,2026-10-02T01:01:04.695736+02:00
295946266,de:12054:900230003:1:50,-0.4,2026-10-02T01:01:04.695736+02:00
295946266,de:12054:900230000:1:51,-0.4,2026-10-02T01:01:04.695736+02:00
295946266,de:12054:900230999:3:54,-0.9,2026-10-02T01:01:04.695736+02:00
306895456,de:12067:900311083::3,0.0,2026-10-02T01:01:04.695736+02:00
306895456,de:12067:900310775::1,0.0,2026-10-02T01:01:04.695736+02:00
306895456,de:12067:900311083::2,0.0,2026-10-02T01:01:04.695736+02:00
306895456,de:12067:900310814::2,0.0,2026-10-02T01:01:04.695736+02:00
306895456,de:12067:900310628::2,0.0,2026-10-02T01:01:04.695736+02:00
306895456,de:12067:900310793::2,0.0,2026-10-02T01:01:04.695736+02:00
306895456,de:12067:900310774::1,0.0,2026-10-02T01:01:04.695736+02:00
306895456,de:12067:900310792::1,0.0,2026-10-02T01:01:04.695736+02:00
306895456,de:12067:900310825::1,0.0,2026-10-02T01:01:04.695736+02:00
306895456,de:12067:900310809::2,0.0,2026-10-02T01:01:04.695736+02:00
306895456,de:12067:900310787::2,0.0,2026-10-02T01:01:04.695736+02:00
306895456,de:12067:900310790::2,0.0,2026-10-02T01:01:04.695736+02:00
306895456,de:12067:900310788::2,0.0,2026-10-02T01:01:04.695736+02:00
306895456,de:12067:900310696::2,0.0,2026-10-02T01:01:04.695736+02:00
306895456,de:12067:900310001::11,0.0,2026-10-02T01:01:04.695736+02:00
306895456,de:12067:900310001::2,0.0,2026-10-02T01:01:04.695736+02:00
306895456,de:12067:900310816::1,0.0,2026-10-02T01:01:04.695736+02:00
306895456,de:12067:900310627::1,0.0,2026-10-02T01:01:04.695736+02:00
306895456,de:12067:900310781::1,0.0,2026-10-02T01:01:04.695736+02:00
306895456,de:12067:900310822::1,0.0,2026-10-02T01:01:04.695736+02:00
306895456,de:12067:900310808::1,0.0,2026-10-02T01:01:04.695736+02:00
306895456,de:12067:900310794::1,0.0,2026-10-02T01:01:04.695736+02:00
306895456,de:12067:900310821::1,0.0,2026-10-02T01:01:04.695736+02:00
306895456,de:12067:900310806::1,0.0,2026-10-02T01:01:04.695736+02:00
306895456,de:12067:900310812::1,0.0,2026-10-02T01:01:04.695736+02:00
306895456,de:12067:900310770::1,0.0,2026-10-02T01:01:04.695736+02:00
306895456,de:12067:900310010::3,0.0,2026-10-02T01:01:04.695736+02:00
306895456,de:12067:900310880::1,0.0,2026-10-02T01:01:04.695736+02:00
306895456,de:12067:900310815::1,0.0,2026-10-02T01:01:04.695736+02:00
306895456,de:12067:900310807::1,0.0,2026-10-02T01:01:04.695736+02:00
306895458,de:12067:900311083::3,0.0,2026-10-02T01:01:04.695736+02:00
306895458,de:12067:900310775::1,0.0,2026-10-02T01:01:04.695736+02:00
306895458,de:12067:900311083::2,0.0,2026-10-02T01:01:04.695736+02:00
306895458,de:12067:900310814::2,0.0,2026-10-02T01:01:04.695736+02:00
306895458,de:12067:900310628::2,0.0,2026-10-02T01:01:04.695736+02:00
306895458,de:12067:900310793::2,0.0,2026-10-02T01:01:04.695736+02:00
306895458,de:12067:900310774::1,0.0,2026-10-02T01:01:04.695736+02:00
306895458,de:12067:900310792::1,0.0,2026-10-02T01:01:04.695736+02:00
306895458,de:12067:900310825::1,0.0,2026-10-02T01:01:04.695736+02:00
306895458,de:12067:900310809::2,0.0,2026-10-02T01:01:04.695736+02:00
306895458,de:12067:900310787::2,0.0,2026-10-02T01:01:04.695736+02:00
306895458,de:12067:900310790::2,0.0,2026-10-02T01:01:04.695736+02:00
306895458,de:12067:900310788::2,0.0,2026-10-02T01:01:04.695736+02:00
306895458,de:12067:900310696::2,0.0,2026-10-02T01:01:04.695736+02:00
306895458,de:12067:900310001::11,0.0,2026-10-02T01:01:04.695736+02:00
306895458,de:12067:900310001::2,0.0,2026-10-02T01:01:04.695736+02:00
306895458,de:12067:900310816::1,0.0,2026-10-02T01:01:04.695736+02:00
306895458,de:12067:900310627::1,0.0,2026-10-02T01:01:04.695736+02:00
306895458,de:12067:900310781::1,0.0,2026-10-02T01:01:04.695736+02:00
306895458,de:12067:900310822::1,0.0,2026-10-02T01:01:04.695736+02:00
306895458,de:12067:900310808::1,0.0,2026-10-02T01:01:04.695736+02:00
306895458,de:12067:900310794::1,0.0,2026-10-02T01:01:04.695736+02:00
306895458,de:12067:900310821::1,0.0,2026-10-02T01:01:04.695736+02:00
306895458,de:12067:900310806::1,0.0,2026-10-02T01:01:04.695736+02:00
306895458,de:12067:900310812::1,0.0,2026-10-02T01:01:04.695736+02:00
306895458,de:12067:900310770::1,0.0,2026-10-02T01:01:04.695736+02:00
306895458,de:12067:900310010::3,0.0,2026-10-02T01:01:04.695736+02:00
306895458,de:12067:900310880::1,0.0,2026-10-02T01:01:04.695736+02:00
306895458,de:12067:900310815::1,0.0,2026-10-02T01:01:04.695736+02:00
306895458,de:12067:900310807::1,0.0,2026-10-02T01:01:04.695736+02:00
295953440,de:11000:900120005:5:57,0.0,2026-10-02T01:01:04.695736+02:00
295953440,de:11000:900120004:1:50,-0.6,2026-10-02T01:01:04.695736+02:00
295953440,de:11000:900120003:2:53,-0.9,2026-10-02T01:01:04.695736+02:00
295953440,de:11000:900160003:1:50,-0.2,2026-10-02T01:01:04.695736+02:00
295953440,de:11000:900160004:1:50,-0.2,2026-10-02T01:01:04.695736+02:00
295953440,de:11000:900171002:1:50,-0.7,2026-10-02T01:01:04.695736+02:00
295953440,de:11000:900171003:1:50,-0.8,2026-10-02T01:01:04.695736+02:00
295953440,de:11000:900152002:1:50,-0.4,2026-10-02T01:01:04.695736+02:00
295953440,de:11000:900152001:1:50,-0.6,2026-10-02T01:01:04.695736+02:00
295953440,de:11000:900151001:1:51,-0.9,2026-10-02T01:01:04.695736+02:00
295953436,de:11000:900120005:5:57,0.0,2026-10-02T01:01:04.695736+02:00
295953436,de:11000:900120004:1:50,-0.6,2026-10-02T01:01:04.695736+02:00
295953436,de:11000:900120003:2:53,-0.9,2026-10-02T01:01:04.695736+02:00
295953436,de:11000:900160003:1:50,-0.2,2026-10-02T01:01:04.695736+02:00
295953436,de:11000:900160004:1:50,-0.2,2026-10-02T01:01:04.695736+02:00
295953436,de:11000:900171002:1:50,-0.7,2026-10-02T01:01:04.695736+02:00
295953436,de:11000:900171003:1:50,-0.8,2026-10-02T01:01:04.695736+02:00
295953436,de:11000:900152002:1:50,-0.4,2026-10-02T01:01:04.695736+02:00
295953436,de:11000:900152001:1:50,-0.6,2026-10-02T01:01:04.695736+02:00
295953436,de:11000:900151001:1:51,-0.9,2026-10-02T01:01:04.695736+02:00
307436089,de:12066:900435000:2:53,0.0,2026-10-02T01:01:04.695736+02:00
307436089,de:12066:900435001:2:51,0.0,2026-10-02T01:01:04.695736+02:00
307436089,de:12066:900435339:1:50,0.0,2026-10-02T01:01:04.695736+02:00
307436089,de:12066:900435209:1:50,0.0,2026-10-02T01:01:04.695736+02:00
307436089,de:12066:900435818:1:50,0.0,2026-10-02T01:01:04.695736+02:00
307436089,de:12066:900435459:1:50,0.0,2026-10-02T01:01:04.695736+02:00
307436089,de:12066:900435602:2:51,0.0,2026-10-02T01:01:04.695736+02:00
307436089,de:12061:900261512:2:52,0.0,2026-10-02T01:01:04.695736+02:00
307436040,de:12066:900435000:2:53,0.0,2026-10-02T01:01:04.695736+02:00
307436040,de:12066:900435001:2:51,0.0,2026-10-02T01:01:04.695736+02:00
307436040,de:12066:900435339:1:50,0.0,2026-10-02T01:01:04.695736+02:00
307436040,de:12066:900435209:1:50,0.0,2026-10-02T01:01:04.695736+02:00
307436040,de:12066:900435818:1:50,0.0,2026-10-02T01:01:04.695736+02:00
307436040,de:12066:900435459:1:50,0.0,2026-10-02T01:01:04.695736+02:00
307436040,de:12066:900435602:2:51,0.0,2026-10-02T01:01:04.695736+02:00
307436040,de:12061:900261512:2:52,0.0,2026-10-02T01:01:04.695736+02:00
306895475,de:12067:900310807::1,0.0,2026-10-02T01:01:04.695736+02:00
306895475,de:12067:900310815::2,0.0,2026-10-02T01:01:04.695736+02:00
306895475,de:12067:900310880::2,0.0,2026-10-02T01:01:04.695736+02:00
306895475,de:12067:900310010::2,0.0,2026-10-02T01:01:04.695736+02:00
306895475,de:12067:900310770::2,0.0,2026-10-02T01:01:04.695736+02:00
306895475,de:12067:900310812::2,0.0,2026-10-02T01:01:04.695736+02:00
306895475,de:12067:900310806::2,0.0,2026-10-02T01:01:04.695736+02:00
306895475,de:12067:900310821::2,0.0,2026-10-02T01:01:04.695736+02:00
306895475,de:12067:900310794::2,0.0,2026-10-02T01:01:04.695736+02:00
306895475,de:12067:900310808::2,0.0,2026-10-02T01:01:04.695736+02:00
306895475,de:12067:900310822::2,0.0,2026-10-02T01:01:04.695736+02:00
306895475,de:12067:900310781::2,0.0,2026-10-02T01:01:04.695736+02:00
306895475,de:12067:900310627::2,0.0,2026-10-02T01:01:04.695736+02:00
306895475,de:12067:900310816::2,0.0,2026-10-02T01:01:04.695736+02:00
306895475,de:12067:900310022::1,0.0,2026-10-02T01:01:04.695736+02:00
306895475,de:12067:900310001::11,0.0,2026-10-02T01:01:04.695736+02:00
306895475,de:12067:900310001::1,0.0,2026-10-02T01:01:04.695736+02:00
306895475,de:12067:900310696::1,0.0,2026-10-02T01:01:04.695736+02:00
306895475,de:12067:900310788::1,0.0,2026-10-02T01:01:04.695736+02:00
306895475,de:12067:900310790::1,0.0,2026-10-02T01:01:04.695736+02:00
306895475,de:12067:900310787::1,0.0,2026-10-02T01:01:04.695736+02:00
306895475,de:12067:900310809::1,0.0,2026-10-02T01:01:04.695736+02:00
306895475,de:12067:900310825::1,0.0,2026-10-02T01:01:04.695736+02:00
306895475,de:12067:900310792::2,0.0,2026-10-02T01:01:04.695736+02:00
306895475,de:12067:900310774::2,0.0,2026-10-02T01:01:04.695736+02:00
306895475,de:12067:900310793::1,0.0,2026-10-02T01:01:04.695736+02:00
306895475,de:12067:900310628::1,0.0,2026-10-02T01:01:04.695736+02:00
306895475,de:12067:900310814::1,0.0,2026-10-02T01:01:04.695736+02:00
306895475,de:12067:900311083::3,0.0,2026-10-02T01:01:04.695736+02:00
295949511,de:11000:900170004:2:52,0.0,2026-10-02T01:01:04.695736+02:00
295949511,de:11000:900170003:1:51,-0.3,2026-10-02T01:01:04.695736+02:00
295949511,de:11000:900170002:1:51,-0.1,2026-10-02T01:01:04.695736+02:00
295949511,de:11000:900170001:1:51,-0.9,2026-10-02T01:01:04.695736+02:00
295949511,de:11000:900170005:1:51,-0.7,2026-10-02T01:01:04.695736+02:00
295949511,de:11000:900171003:1:51,-0.6,2026-10-02T01:01:04.695736+02:00
295949511,de:11000:900171002:1:51,-0.9,2026-10-02T01:01:04.695736+02:00
295949511,de:11000:900160004:1:51,-0.3,2026-10-02T01:01:04.695736+02:00
295949511,de:11000:900160003:1:51,-0.4,2026-10-02T01:01:04.695736+02:00
295949511,de:11000:900120003:3:55,-0.6,2026-10-02T01:01:04.695736+02:00
295949511,de:11000:900120004:2:53,-0.1,2026-10-02T01:01:04.695736+02:00
295949511,de:11000:900120005:5:58,-0.4,2026-10-02T01:01:04.695736+02:00
295949511,de:11000:900100004:1:51,-0.9,2026-10-02T01:01:04.695736+02:00
295949511,de:11000:900100003:2:53,-0.9,2026-10-02T01:01:04.695736+02:00
295949511,de:11000:900100002:1:51,-0.9,2026-10-02T01:01:04.695736+02:00
295949511,de:11000:900100001:3:55,-0.9,2026-10-02T01:01:04.695736+02:00
295949511,de:11000:900003201:3:55,-0.6,2026-10-02T01:01:04.695736+02:00
295949511,de:11000:900003102:1:51,-0.3,2026-10-02T01:01:04.695736+02:00
295949511,de:11000:900003103:1:51,-0.4,2026-10-02T01:01:04.695736+02:00
295949511,de:11000:900023201:3:55,-0.3,2026-10-02T01:01:04.695736+02:00
295949511,de:11000:900024203:1:51,-0.3,2026-10-02T01:01:04.695736+02:00
295949511,de:11000:900024101:4:57,-0.3,2026-10-02T01:01:04.695736+02:00
295949511,de:11000:900024102:1:50,-0.6,2026-10-02T01:01:04.695736+02:00
295949511,de:11000:900048101:1:50,-0.8,2026-10-02T01:01:04.695736+02:00
295949511,de:11000:900052201:2:52,0.0,2026-10-02T01:01:04.695736+02:00
295949511,de:11000:900053301:1:50,-0.4,2026-10-02T01:01:04.695736+02:00
295949511,de:12054:900230003:1:50,-0.4,2026-10-02T01:01:04.695736+02:00
295949511,de:12054:900230000:1:51,-0.4,2026-10-02T01:01:04.695736+02:00
295949511,de:12054:900230999:3:54,-0.9,2026-10-02T01:01:04.695736+02:00
295949506,de:11000:900170004:2:52,0.0,2026-10-02T01:01:04.695736+02:00
295949506,de:11000:900170003:1:51,-0.3,2026-10-02T01:01:04.695736+02:00
295949506,de:11000:900170002:1:51,-0.1,2026-10-02T01:01:04.695736+02:00
295949506,de:11000:900170001:1:51,-0.9,2026-10-02T01:01:04.695736+02:00
295949506,de:11000:900170005:1:51,-0.7,2026-10-02T01:01:04.695736+02:00
295949506,de:11000:900171003:1:51,-0.6,2026-10-02T01:01:04.695736+02:00
295949506,de:11000:900171002:1:51,-0.9,2026-10-02T01:01:04.695736+02:00
295949506,de:11000:900160004:1:51,-0.3,2026-10-02T01:01:04.695736+02:00
295949506,de:11000:900160003:1:51,-0.4,2026-10-02T01:01:04.695736+02:00
295949506,de:11000:900120003:3:55,-0.6,2026-10-02T01:01:04.695736+02:00
295949506,de:11000:900120004:2:53,-0.1,2026-10-02T01:01:04.695736+02:00
295949506,de:11000:900120005:5:58,-0.4,2026-10-02T01:01:04.695736+02:00
295949506,de:11000:900100004:1:51,-0.9,2026-10-02T01:01:04.695736+02:00
295949506,de:11000:900100003:2:53,-0.9,2026-10-02T01:01:04.695736+02:00
295949506,de:11000:900100002:1:51,-0.9,2026-10-02T01:01:04.695736+02:00
295949506,de:11000:900100001:3:55,-0.9,2026-10-02T01:01:04.695736+02:00
295949506,de:11000:900003201:3:55,-0.6,2026-10-02T01:01:04.695736+02:00
295949506,de:11000:900003102:1:51,-0.3,2026-10-02T01:01:04.695736+02:00
295949506,de:11000:900003103:1:51,-0.4,2026-10-02T01:01:04.695736+02:00
295949506,de:11000:900023201:3:55,-0.3,2026-10-02T01:01:04.695736+02:00
295949506,de:11000:900024203:1:51,-0.3,2026-10-02T01:01:04.695736+02:00
295949506,de:11000:900024101:4:57,-0.3,2026-10-02T01:01:04.695736+02:00
295949506,de:11000:900024102:1:51,-0.6,2026-10-02T01:01:04.695736+02:00
295960049,de:12061:900260002:1:50,0.0,2026-10-02T01:01:04.695736+02:00
295960049,de:12061:900260003:1:51,-0.7,2026-10-02T01:01:04.695736+02:00
295960049,de:12061:900260004:1:51,-0.9,2026-10-02T01:01:04.695736+02:00
295960049,de:11000:900186001:2:53,-0.2,2026-10-02T01:01:04.695736+02:00
295960049,de:11000:900193002:1:51,-0.2,2026-10-02T01:01:04.695736+02:00
295960049,de:11000:900193001:2:51,-0.8,2026-10-02T01:01:04.695736+02:00
295960049,de:11000:900192001:3:55,-0.7,2026-10-02T01:01:04.695736+02:00
295960049,de:11000:900191001:1:50,-0.4,2026-10-02T01:01:04.695736+02:00
295960049,de:11000:900191002:1:51,-0.8,2026-10-02T01:01:04.695736+02:00
295960049,de:11000:900190001:2:53,-0.6,2026-10-02T01:01:04.695736+02:00
295960049,de:11000:900120003:5:59,0.0,2026-10-02T01:01:04.695736+02:00
295960049,de:11000:900120001:1:51,-0.6,2026-10-02T01:01:04.695736+02:00
295960049,de:11000:900110012:1:51,-0.8,2026-10-02T01:01:04.695736+02:00
295960049,de:11000:900110004:1:51,-0.7,2026-10-02T01:01:04.695736+02:00
295960049,de:11000:900110003:1:51,0.0,2026-10-02T01:01:04.695736+02:00
295960049,de:11000:900110002:1:51,0.0,2026-10-02T01:01:04.695736+02:00
295960049,de:11000:900110001:1:51,-0.7,2026-10-02T01:01:04.695736+02:00
295960049,de:11000:900110011:2:52,-0.4,2026-10-02T01:01:04.695736+02:00
295960049,de:11000:900130002:1:50,0.0,2026-10-02T01:01:04.695736+02:00
295960049,de:11000:900130001:1:50,-0.7,2026-10-02T01:01:04.695736+02:00
295960049,de:11000:900142001:1:50,-0.2,2026-10-02T01:01:04.695736+02:00
295960049,de:12065:900200013:1:50,-0.3,2026-10-02T01:01:04.695736+02:00
295960049,de:12065:900200012:1:50,-0.9,2026-10-02T01:01:04.695736+02:00
295960049,de:12065:900200011:1:50,-0.4,2026-10-02T01:01:04.695736+02:00
295960049,de:12065:900200009:1:50,-0.9,2026-10-02T01:01:04.695736+02:00
295960049,de:12065:900200008:1:50,-0.9,2026-10-02T01:01:04.695736+02:00
295960135,de:12061:900260002:1:50,0.0,2026-10-02T01:01:04.695736+02:00
295960135,de:12061:900260003:1:51,-0.7,2026-10-02T01:01:04.695736+02:00
295960135,de:12061:900260004:1:51,-0.9,2026-10-02T01:01:04.695736+02:00
295960135,de:11000:900186001:2:53,-0.2,2026-10-02T01:01:04.695736+02:00
295960135,de:11000:900193002:1:51,-0.2,2026-10-02T01:01:04.695736+02:00
295960135,de:11000:900193001:2:51,-0.8,2026-10-02T01:01:04.695736+02:00
295960135,de:11000:900192001:3:55,-0.7,2026-10-02T01:01:04.695736+02:00
295960135,de:11000:900191001:1:50,-0.4,2026-10-02T01:01:04.695736+02:00
295960135,de:11000:900191002:1:51,-0.8,2026-10-02T01:01:04.695736+02:00
295960135,de:11000:900190001:2:53,-0.6,2026-10-02T01:01:04.695736+02:00
295960135,de:11000:900120003:5:59,0.0,2026-10-02T01:01:04.695736+02:00
295960135,de:11000:900120001:1:51,-0.6,2026-10-02T01:01:04.695736+02:00
295960135,de:11000:900110012:1:51,-0.8,2026-10-02T01:01:04.695736+02:00
295960135,de:11000:900110004:1:51,-0.7,2026-10-02T01:01:04.695736+02:00
295960135,de:11000:900110003:1:51,0.0,2026-10-02T01:01:04.695736+02:00
295960135,de:11000:900110002:1:51,0.0,2026-10-02T01:01:04.695736+02:00
295960135,de:11000:900110001:1:51,-0.7,2026-10-02T01:01:04.695736+02:00
295960135,de:11000:900110011:2:52,-0.4,2026-10-02T01:01:04.695736+02:00
295960135,de:11000:900130002:1:50,0.0,2026-10-02T01:01:04.695736+02:00
295960135,de:11000:900130001:1:50,-0.7,2026-10-02T01:01:04.695736+02:00
295960135,de:11000:900142001:1:50,-0.2,2026-10-02T01:01:04.695736+02:00
295960135,de:12065:900200013:1:50,-0.3,2026-10-02T01:01:04.695736+02:00
295960135,de:12065:900200012:1:50,-0.9,2026-10-02T01:01:04.695736+02:00
295960135,de:12065:900200011:1:50,-0.4,2026-10-02T01:01:04.695736+02:00
295960135,de:12065:900200009:1:50,-0.9,2026-10-02T01:01:04.695736+02:00
295960135,de:12065:900200008:1:50,-0.9,2026-10-02T01:01:04.695736+02:00
306895620,de:12067:900311083::3,0.0,2026-10-02T01:01:04.695736+02:00
306895620,de:12067:900310775::1,0.0,2026-10-02T01:01:04.695736+02:00
306895620,de:12067:900311083::2,0.0,2026-10-02T01:01:04.695736+02:00
306895620,de:12067:900310814::2,0.0,2026-10-02T01:01:04.695736+02:00
306895620,de:12067:900310804::2,0.0,2026-10-02T01:01:04.695736+02:00
306895620,de:12067:900311150::2,0.0,2026-10-02T01:01:04.695736+02:00
306895620,de:12067:900311135::2,0.0,2026-10-02T01:01:04.695736+02:00
306895620,de:12067:900311149::2,0.0,2026-10-02T01:01:04.695736+02:00
306895620,de:12067:900310001::11,0.0,2026-10-02T01:01:04.695736+02:00
306895620,de:12067:900310001::2,0.0,2026-10-02T01:01:04.695736+02:00
306895620,de:12067:900310816::1,0.0,2026-10-02T01:01:04.695736+02:00
306895620,de:12067:900310627::1,0.0,2026-10-02T01:01:04.695736+02:00
306895620,de:12067:900310781::1,0.0,2026-10-02T01:01:04.695736+02:00
306895620,de:12067:900310822::1,0.0,2026-10-02T01:01:04.695736+02:00
306895620,de:12067:900310771::1,0.0,2026-10-02T01:01:04.695736+02:00
306895620,de:12067:900310811::1,0.0,2026-10-02T01:01:04.695736+02:00
306895620,de:12067:900310630::1,0.0,2026-10-02T01:01:04.695736+02:00
306895620,de:12067:900310812::1,0.0,2026-10-02T01:01:04.695736+02:00
306895620,de:12067:900310770::1,0.0,2026-10-02T01:01:04.695736+02:00
306895620,de:12067:900310010::3,0.0,2026-10-02T01:01:04.695736+02:00
306895620,de:12067:900310880::1,0.0,2026-10-02T01:01:04.695736+02:00
306895620,de:12067:900310815::1,0.0,2026-10-02T01:01:04.695736+02:00
306895620,de:12067:900310807::1,0.0,2026-10-02T01:01:04.695736+02:00
307332420,de:11000:900029101:1:51,0.0,2026-10-02T01:01:04.695736+02:00
307332420,de:11000:900030202:1:50,-0.3,2026-10-02T01:01:04.695736+02:00
307332420,de:11000:900025424:1:51,-0.2,2026-10-02T01:01:04.695736+02:00
307332420,de:11000:900025321:1:51,-0.2,2026-10-02T01:01:04.695736+02:00
307332420,de:11000:900026105:1:50,-0.4,2026-10-02T01:01:04.695736+02:00
307332420,de:11000:900025423:1:50,-0.7,2026-10-02T01:01:04.695736+02:00
307332420,de:11000:900024102:2:53,-0.7,2026-10-02T01:01:04.695736+02:00
307332420,de:11000:900024101:3:55,-0.3,2026-10-02T01:01:04.695736+02:00
307332420,de:11000:900024203:1:51,-0.8,2026-10-02T01:01:04.695736+02:00
307332420,de:11000:900023201:3:54,-0.7,2026-10-02T01:01:04.695736+02:00
307332420,de:11000:900003103:1:50,-0.8,2026-10-02T01:01:04.695736+02:00
307332420,de:11000:900003102:1:50,-0.9,2026-10-02T01:01:04.695736+02:00
307332420,de:11000:900003201:3:54,-0.5,2026-10-02T01:01:04.695736+02:00
307332420,de:11000:900100001:3:54,-0.1,2026-10-02T01:01:04.695736+02:00
307332420,de:11000:900100002:1:50,-0.4,2026-10-02T01:01:04.695736+02:00
307332420,de:11000:900100003:2:52,-0.1,2026-10-02T01:01:04.695736+02:00
307332420,de:11000:900100004:1:50,-0.4,2026-10-02T01:01:04.695736+02:00
307332420,de:11000:900120005:4:55,-0.6,2026-10-02T01:01:04.695736+02:00
307332420,de:11000:900120004:1:50,-0.1,2026-10-02T01:01:04.695736+02:00
307332420,de:11000:900190001:1:51,-0.2,2026-10-02T01:01:04.695736+02:00
307332420,de:11000:900191002:1:50,0.0,2026-10-02T01:01:04.695736+02:00
307332420,de:11000:900191001:2:52,-0.4,2026-10-02T01:01:04.695736+02:00
307332420,de:11000:900192001:2:52,-0.7,2026-10-02T01:01:04.695736+02:00
307332420,de:11000:900193001:1:50,-0.2,2026-10-02T01:01:04.695736+02:00
307332420,de:11000:900193002:1:50,-0.8,2026-10-02T01:01:04.695736+02:00
307332420,de:11000:900195510:1:51,-0.2,2026-10-02T01:01:04.695736+02:00
307332420,de:11000:900196001:1:50,-0.4,2026-10-02T01:01:04.695736+02:00
307332420,de:12061:900260005:3:54,-0.2,2026-10-02T01:01:04.695736+02:00
307332420,de:12061:900260080:1:50,-0.7,2026-10-02T01:01:04.695736+02:00
307332420,de:12061:900260009:3:55,-0.9,2026-10-02T01:01:04.695736+02:00
307434559,de:12052:900470000:2:52,0.0,2026-10-02T01:01:04.695736+02:00
307434559,de:12071:900445884:1:50,0.0,2026-10-02T01:01:04.695736+02:00
307434559,de:12066:900435884:1:50,0.0,2026-10-02T01:01:04.695736+02:00
307434559,de:12066:900435697:1:50,0.0,2026-10-02T01:01:04.695736+02:00
307434559,de:12066:900435602:1:50,0.0,2026-10-02T01:01:04.695736+02:00
307434559,de:12061:900261512:1:50,0.0,2026-10-02T01:01:04.695736+02:00
307434559,de:12061:900260019:1:50,0.0,2026-10-02T01:01:04.695736+02:00
307434559,de:12061:900260611:2:51,0.0,2026-10-02T01:01:04.695736+02:00
306045591,de:12064:900320119::2,0.0,2026-10-02T01:01:04.695736+02:00
306045591,de:12064:900320120::4,0.0,2026-10-02T01:01:04.695736+02:00
306045591,de:12064:900320132::2,0.0,2026-10-02T01:01:04.695736+02:00
306045591,de:12064:900320114::2,0.0,2026-10-02T01:01:04.695736+02:00
306045591,de:12064:900320116::2,0.0,2026-10-02T01:01:04.695736+02:00
306045591,de:12064:900320115::2,0.0,2026-10-02T01:01:04.695736+02:00
306045591,de:12064:900320007::2,0.0,2026-10-02T01:01:04.695736+02:00
306045591,de:12064:900320113::2,0.0,2026-10-02T01:01:04.695736+02:00
306045591,de:12064:900320124::2,0.0,2026-10-02T01:01:04.695736+02:00
306045591,de:12064:900320112::2,0.0,2026-10-02T01:01:04.695736+02:00
306045591,de:12064:900320111::2,0.0,2026-10-02T01:01:04.695736+02:00
306045591,de:12064:900320110::2,0.0,2026-10-02T01:01:04.695736+02:00
306045591,de:12064:900320109::2,0.0,2026-10-02T01:01:04.695736+02:00
306045591,de:12064:900320108::2,0.0,2026-10-02T01:01:04.695736+02:00
306045591,de:12064:900320107::2,0.0,2026-10-02T01:01:04.695736+02:00
306045591,de:12064:900320106::2,0.0,2026-10-02T01:01:04.695736+02:00
306045591,de:12064:900320104::2,0.0,2026-10-02T01:01:04.695736+02:00
306045591,de:12064:900320103::2,0.0,2026-10-02T01:01:04.695736+02:00
306045591,de:12064:900320102::2,0.0,2026-10-02T01:01:04.695736+02:00
306045591,de:12064:900320101::2,0.0,2026-10-02T01:01:04.695736+02:00
306045591,de:12064:900320100::2,0.0,2026-10-02T01:01:04.695736+02:00
306045591,de:12064:900320008::1,-1.0,2026-10-02T01:01:04.695736+02:00
306053605,de:12064:900321742::1,0.0,2026-10-02T01:01:04.695736+02:00
306053605,de:12064:900321746::1,0.0,2026-10-02T01:01:04.695736+02:00
306053605,de:12064:900321404::1,0.0,2026-10-02T01:01:04.695736+02:00
306053605,de:12064:900321386::1,0.0,2026-10-02T01:01:04.695736+02:00
306053605,de:12064:900321556::1,0.0,2026-10-02T01:01:04.695736+02:00
306053605,de:12064:900321300::1,0.0,2026-10-02T01:01:04.695736+02:00
306053605,de:12064:900321640::1,0.0,2026-10-02T01:01:04.695736+02:00
306053605,de:12064:900321641::1,0.0,2026-10-02T01:01:04.695736+02:00
306053605,de:12064:900321642::1,0.0,2026-10-02T01:01:04.695736+02:00
306053605,de:12064:900321639::1,0.0,2026-10-02T01:01:04.695736+02:00
306053605,de:12064:900321306::1,0.0,2026-10-02T01:01:04.695736+02:00
306053605,de:12064:900321580::1,0.0,2026-10-02T01:01:04.695736+02:00
306053605,de:12064:900321733::1,0.0,2026-10-02T01:01:04.695736+02:00
306053605,de:12064:900321734::2,0.0,2026-10-02T01:01:04.695736+02:00
306053605,de:12064:900321845::1,0.0,2026-10-02T01:01:04.695736+02:00
306053605,de:12064:900321734::1,0.0,2026-10-02T01:01:04.695736+02:00
306053605,de:12064:900321531::1,0.0,2026-10-02T01:01:04.695736+02:00
306053605,de:12064:900321532::2,0.0,2026-10-02T01:01:04.695736+02:00
306053605,de:12064:900321534::2,0.0,2026-10-02T01:01:04.695736+02:00
306053605,de:12064:900321535::2,0.0,2026-10-02T01:01:04.695736+02:00
306053605,de:12053:900360209::2,0.0,2026-10-02T01:01:04.695736+02:00
306053605,de:12053:900360024::2,0.0,2026-10-02T01:01:04.695736+02:00
306053605,de:12053:900360214::2,0.0,2026-10-02T01:01:04.695736+02:00
306053605,de:12053:900360141::3,0.0,2026-10-02T01:01:04.695736+02:00
306053605,de:12053:900360123::2,0.0,2026-10-02T01:01:04.695736+02:00
306053605,de:12053:900360000::3,0.0,2026-10-02T01:01:04.695736+02:00
306052158,de:12064:900321309::1,0.0,2026-10-02T01:01:04.695736+02:00
306052158,de:12064:900321341::1,0.0,2026-10-02T01:01:04.695736+02:00
306052158,de:12064:900321615::1,0.0,2026-10-02T01:01:04.695736+02:00
306052158,de:12064:900321341::2,0.0,2026-10-02T01:01:04.695736+02:00
306052158,de:12064:900321518::1,0.0,2026-10-02T01:01:04.695736+02:00
306052158,de:12064:900321521::1,0.0,2026-10-02T01:01:04.695736+02:00
306052158,de:12064:900321518::2,0.0,2026-10-02T01:01:04.695736+02:00
306052158,de:12064:900321520::2,0.0,2026-10-02T01:01:04.695736+02:00
306052158,de:12064:900321583::2,0.0,2026-10-02T01:01:04.695736+02:00
306052158,de:12064:900321582::1,0.0,2026-10-02T01:01:04.695736+02:00
306052158,de:12064:900321582::1,-4.0,2026-10-02T01:01:04.695736+02:00
306052158,de:12064:900321581::2,0.0,2026-10-02T01:01:04.695736+02:00
306052158,de:12064:900321582::1,4.0,2026-10-02T01:01:04.695736+02:00
306052158,de:12064:900321582::1,0.0,2026-10-02T01:01:04.695736+02:00
306052158,de:12064:900321433::4,0.0,2026-10-02T01:01:04.695736+02:00
306052158,de:12064:900321303::2,0.0,2026-10-02T01:01:04.695736+02:00
306052158,de:12064:900321470::2,0.0,2026-10-02T01:01:04.695736+02:00
306052158,de:12064:900321471::3,0.0,2026-10-02T01:01:04.695736+02:00
306052158,de:12064:900321750::2,0.0,2026-10-02T01:01:04.695736+02:00
306052158,de:12064:900321747::2,0.0,2026-10-02T01:01:04.695736+02:00
306052158,de:12064:900321742::5,0.0,2026-10-02T01:01:04.695736+02:00
306895776,de:12067:900310807::1,0.0,2026-10-02T01:01:04.695736+02:00
306895776,de:12067:900310815::2,0.0,2026-10-02T01:01:04.695736+02:00
306895776,de:12067:900310880::2,0.0,2026-10-02T01:01:04.695736+02:00
306895776,de:12067:900310010::1,0.0,2026-10-02T01:01:04.695736+02:00
306895776,de:12067:900310879::2,0.0,2026-10-02T01:01:04.695736+02:00
306895776,de:12067:900310800::2,0.0,2026-10-02T01:01:04.695736+02:00
306895776,de:12067:900310771::2,0.0,2026-10-02T01:01:04.695736+02:00
306895776,de:12067:900310822::2,0.0,2026-10-02T01:01:04.695736+02:00
306895776,de:12067:900310781::2,0.0,2026-10-02T01:01:04.695736+02:00
306895776,de:12067:900310627::2,-0.5,2026-10-02T01:01:04.695736+02:00
306895776,de:12067:900310816::2,0.0,2026-10-02T01:01:04.695736+02:00
306895776,de:12067:900310022::1,0.0,2026-10-02T01:01:04.695736+02:00
306895776,de:12067:900310001::11,0.0,2026-10-02T01:01:04.695736+02:00
306895776,de:12067:900310001::5,0.0,2026-10-02T01:01:04.695736+02:00
306895776,de:12067:900311149::1,0.0,2026-10-02T01:01:04.695736+02:00
306895776,de:12067:900310835::1,0.0,2026-10-02T01:01:04.695736+02:00
306895776,de:12067:900310825::1,0.0,2026-10-02T01:01:04.695736+02:00
306895776,de:12067:900310805::1,0.0,2026-10-02T01:01:04.695736+02:00
306895881,de:12067:900310001::5,0.0,2026-10-02T01:01:04.695736+02:00
306895881,de:12067:900311149::1,0.0,2026-10-02T01:01:04.695736+02:00
306895881,de:12067:900310781::1,0.0,2026-10-02T01:01:04.695736+02:00
306895881,de:12067:900310789::1,0.0,2026-10-02T01:01:04.695736+02:00
306895881,de:12067:900310797::1,0.0,2026-10-02T01:01:04.695736+02:00
306895881,de:12067:900310773::1,0.0,2026-10-02T01:01:04.695736+02:00
306895881,de:12067:900311115::1,0.0,2026-10-02T01:01:04.695736+02:00
306895965,de:12064:900320250::1,0.0,2026-10-02T01:01:04.695736+02:00
306895965,de:12064:900320267::2,0.0,2026-10-02T01:01:04.695736+02:00
306895965,de:12067:900310017::2,0.0,2026-10-02T01:01:04.695736+02:00
306895965,de:12067:900310509::1,0.0,2026-10-02T01:01:04.695736+02:00
306895965,de:12067:900310508::1,0.0,2026-10-02T01:01:04.695736+02:00
306895965,de:12067:900310580::2,0.0,2026-10-02T01:01:04.695736+02:00
306895965,de:12067:900310578::4,0.0,2026-10-02T01:01:04.695736+02:00
306895965,de:12067:900310534::2,0.0,2026-10-02T01:01:04.695736+02:00
306895965,de:11000:900310550::2,0.0,2026-10-02T01:01:04.695736+02:00
306895965,de:12067:900310572::2,0.0,2026-10-02T01:01:04.695736+02:00
306895965,de:12067:900310013::2,0.0,2026-10-02T01:01:04.695736+02:00
306895965,de:12067:900310563::3,0.0,2026-10-02T01:01:04.695736+02:00
306895965,de:12067:900310560::1,0.0,2026-10-02T01:01:04.695736+02:00
306895965,de:12067:900310573::1,0.0,2026-10-02T01:01:04.695736+02:00
306895965,de:12067:900310581::1,0.0,2026-10-02T01:01:04.695736+02:00
306895965,de:12067:900310567::1,0.0,2026-10-02T01:01:04.695736+02:00
306895965,de:12067:900310561::1,0.0,2026-10-02T01:01:04.695736+02:00
306895965,de:12067:900310565::1,0.0,2026-10-02T01:01:04.695736+02:00
306896002,de:12067:900310565::1,0.0,2026-10-02T01:01:04.695736+02:00
306896002,de:12067:900310561::2,0.0,2026-10-02T01:01:04.695736+02:00
306896002,de:12067:900310567::2,0.0,2026-10-02T01:01:04.695736+02:00
306896002,de:12067:900310581::2,0.0,2026-10-02T01:01:04.695736+02:00
306896002,de:12067:900310573::2,0.0,2026-10-02T01:01:04.695736+02:00
306896002,de:12067:900310560::2,0.0,2026-10-02T01:01:04.695736+02:00
306896002,de:12067:900310563::4,0.0,2026-10-02T01:01:04.695736+02:00
306896002,de:12067:900310013::2,0.0,2026-10-02T01:01:04.695736+02:00
306896002,de:12067:900310572::1,0.0,2026-10-02T01:01:04.695736+02:00
306896002,de:11000:900310550::1,0.0,2026-10-02T01:01:04.695736+02:00
306896002,de:12067:900310534::1,0.0,2026-10-02T01:01:04.695736+02:00
306896002,de:12067:900310580::1,0.0,2026-10-02T01:01:04.695736+02:00
306896002,de:12067:900311095::1,0.0,2026-10-02T01:01:04.695736+02:00
306896002,de:12067:900311097::1,0.0,2026-10-02T01:01:04.695736+02:00
306896002,de:12067:900311096::2,0.0,2026-10-02T01:01:04.695736+02:00
306896002,de:12067:900311096::1,0.0,2026-10-02T01:01:04.695736+02:00
306896002,de:12067:900311097::2,0.0,2026-10-02T01:01:04.695736+02:00
306896002,de:12067:900311095::2,0.0,2026-10-02T01:01:04.695736+02:00
306896002,de:12067:900310580::2,0.0,2026-10-02T01:01:04.695736+02:00
306896002,de:12067:900310578::4,0.0,2026-10-02T01:01:04.695736+02:00
306896002,de:12067:900310508::2,0.0,2026-10-02T01:01:04.695736+02:00
306896002,de:12067:900310509::2,0.0,2026-10-02T01:01:04.695736+02:00
306896002,de:12067:900310017::3,0.0,2026-10-02T01:01:04.695736+02:00
306896002,de:12064:900320267::1,0.0,2026-10-02T01:01:04.695736+02:00
306896002,de:12064:900320250::1,0.0,2026-10-02T01:01:04.695736+02:00
306895399,de:12067:900310613::1,0.0,2026-10-02T01:01:04.695736+02:00
306895399,de:12067:900311076::2,0.0,2026-10-02T01:01:04.695736+02:00
306895399,de:12067:900311009::1,0.0,2026-10-02T01:01:04.695736+02:00
306895399,de:12067:900311079::1,0.0,2026-10-02T01:01:04.695736+02:00
306895399,de:12067:900310731::1,0.0,2026-10-02T01:01:04.695736+02:00
306895399,de:12067:900310700::1,0.0,2026-10-02T01:01:04.695736+02:00
306895399,de:12067:900310701::1,0.0,2026-10-02T01:01:04.695736+02:00
306895399,de:12067:900310981::1,0.0,2026-10-02T01:01:04.695736+02:00
306895399,de:12067:900310832::1,0.0,2026-10-02T01:01:04.695736+02:00
306895399,de:12067:900311098::1,0.0,2026-10-02T01:01:04.695736+02:00
306895399,de:12067:900310826::2,0.0,2026-10-02T01:01:04.695736+02:00
306895399,de:12067:900311065::1,0.0,2026-10-02T01:01:04.695736+02:00
306895399,de:12067:900311064::2,0.0,2026-10-02T01:01:04.695736+02:00
306895399,de:12067:900310902::2,0.0,2026-10-02T01:01:04.695736+02:00
306895399,de:12067:900310942::2,0.0,2026-10-02T01:01:04.695736+02:00
306895399,de:12067:900310721::1,0.0,2026-10-02T01:01:04.695736+02:00
306895399,de:12067:900310755::2,0.0,2026-10-02T01:01:04.695736+02:00
306895399,de:12067:900310728::2,0.0,2026-10-02T01:01:04.695736+02:00
306895399,de:12067:900311129::6,0.0,2026-10-02T01:01:04.695736+02:00
306896246,de:12061:900260001::6,0.0,2026-10-02T01:01:04.695736+02:00
306896246,de:12061:900260798::1,0.0,2026-10-02T01:01:04.695736+02:00
306896246,de:12061:900260890::1,0.0,2026-10-02T01:01:04.695736+02:00
306896246,de:12061:900260887::1,0.0,2026-10-02T01:01:04.695736+02:00
306896246,de:12061:900260886::1,0.0,2026-10-02T01:01:04.695736+02:00
306896246,de:12061:900260888::1,0.0,2026-10-02T01:01:04.695736+02:00
306896246,de:12061:900260889::1,0.0,2026-10-02T01:01:04.695736+02:00
306896246,de:12061:900261047::1,0.0,2026-10-02T01:01:04.695736+02:00
306896246,de:12061:900261048::1,0.0,2026-10-02T01:01:04.695736+02:00
306896246,de:12061:900261051::1,0.0,2026-10-02T01:01:04.695736+02:00
306896246,de:12061:900261050::2,0.0,2026-10-02T01:01:04.695736+02:00
306896246,de:12061:900260170::1,0.0,2026-10-02T01:01:04.695736+02:00
306896246,de:12061:900260167::1,0.0,2026-10-02T01:01:04.695736+02:00
306896246,de:12061:900260168::1,0.0,2026-10-02T01:01:04.695736+02:00
306896246,de:12061:900260171::1,0.0,2026-10-02T01:01:04.695736+02:00
306896246,de:12061:900260166::1,0.0,2026-10-02T01:01:04.695736+02:00
306896246,de:12061:900260169::4,0.0,2026-10-02T01:01:04.695736+02:00
306896246,de:12061:900260165::1,0.0,2026-10-02T01:01:04.695736+02:00
306896246,de:12067:900310950::2,0.0,2026-10-02T01:01:04.695736+02:00
306896246,de:12067:900310955::2,0.0,2026-10-02T01:01:04.695736+02:00
306896246,de:12067:900310568::2,0.0,2026-10-02T01:01:04.695736+02:00
306896246,de:12067:900310556::2,0.0,2026-10-02T01:01:04.695736+02:00
306896246,de:12067:900310558::4,0.0,2026-10-02T01:01:04.695736+02:00
306896246,de:12067:900310559::2,0.0,2026-10-02T01:01:04.695736+02:00
306896246,de:12067:900310563::4,0.0,2026-10-02T01:01:04.695736+02:00
306896246,de:12067:900310013::7,0.0,2026-10-02T01:01:04.695736+02:00
306896261,de:12061:900260001::6,0.0,2026-10-02T01:01:04.695736+02:00
306896261,de:12061:900260798::1,0.0,2026-10-02T01:01:04.695736+02:00
306896261,de:12061:900260890::1,0.0,2026-10-02T01:01:04.695736+02:00
306896261,de:12061:900260887::1,0.0,2026-10-02T01:01:04.695736+02:00
306896261,de:12061:900260886::1,0.0,2026-10-02T01:01:04.695736+02:00
306896261,de:12061:900260888::1,0.0,2026-10-02T01:01:04.695736+02:00
306896261,de:12061:900260889::1,0.0,2026-10-02T01:01:04.695736+02:00
306896261,de:12061:900261047::1,0.0,2026-10-02T01:01:04.695736+02:00
306896261,de:12061:900261048::1,0.0,2026-10-02T01:01:04.695736+02:00
306896261,de:12061:900261051::1,0.0,2026-10-02T01:01:04.695736+02:00
306896261,de:12061:900261050::2,0.0,2026-10-02T01:01:04.695736+02:00
306896261,de:12061:900260170::1,0.0,2026-10-02T01:01:04.695736+02:00
306896261,de:12061:900260167::1,0.0,2026-10-02T01:01:04.695736+02:00
306896261,de:12061:900260168::1,0.0,2026-10-02T01:01:04.695736+02:00
306896261,de:12061:900260171::1,0.0,2026-10-02T01:01:04.695736+02:00
306896261,de:12061:900260166::1,0.0,2026-10-02T01:01:04.695736+02:00
306896261,de:12061:900260169::4,0.0,2026-10-02T01:01:04.695736+02:00
306896261,de:12061:900260165::1,0.0,2026-10-02T01:01:04.695736+02:00
306896261,de:12067:900310950::2,0.0,2026-10-02T01:01:04.695736+02:00
306896261,de:12067:900310955::2,0.0,2026-10-02T01:01:04.695736+02:00
306896261,de:12067:900310568::2,0.0,2026-10-02T01:01:04.695736+02:00
306896261,de:12067:900310556::2,0.0,2026-10-02T01:01:04.695736+02:00
306896261,de:12067:900310558::4,0.0,2026-10-02T01:01:04.695736+02:00
306896261,de:12067:900310559::2,0.0,2026-10-02T01:01:04.695736+02:00
306896261,de:12067:900310563::4,0.0,2026-10-02T01:01:04.695736+02:00
306896261,de:12067:900310013::7,0.0,2026-10-02T01:01:04.695736+02:00
295883525,de:11000:900049201:1:51,0.0,2026-10-02T01:01:04.695736+02:00
295883525,de:11000:900049202:1:51,0.0,2026-10-02T01:01:04.695736+02:00
295883525,de:11000:900066101:1:51,-0.3,2026-10-02T01:01:04.695736+02:00
295883525,de:11000:900066102:1:51,-0.2,2026-10-02T01:01:04.695736+02:00
295883525,de:11000:900062202:1:51,-0.2,2026-10-02T01:01:04.695736+02:00
295883525,de:11000:900063101:1:51,-0.2,2026-10-02T01:01:04.695736+02:00
295883525,de:11000:900060101:1:51,-0.9,2026-10-02T01:01:04.695736+02:00
295883525,de:11000:900054104:1:51,-0.9,2026-10-02T01:01:04.695736+02:00
295883525,de:11000:900057104:1:50,-0.4,2026-10-02T01:01:04.695736+02:00
295883525,de:11000:900057102:1:51,-0.1,2026-10-02T01:01:04.695736+02:00
295883525,de:11000:900012101:2:52,-0.8,2026-10-02T01:01:04.695736+02:00
295883525,de:11000:900100020:4:57,-0.9,2026-10-02T01:01:04.695736+02:00
295883524,de:11000:900049201:1:51,0.0,2026-10-02T01:01:04.695736+02:00
295883524,de:11000:900049202:1:51,0.0,2026-10-02T01:01:04.695736+02:00
295883524,de:11000:900066101:1:51,-0.3,2026-10-02T01:01:04.695736+02:00
295883524,de:11000:900066102:1:51,-0.2,2026-10-02T01:01:04.695736+02:00
295883524,de:11000:900062202:1:51,-0.2,2026-10-02T01:01:04.695736+02:00
295883524,de:11000:900063101:1:51,-0.2,2026-10-02T01:01:04.695736+02:00
295883524,de:11000:900060101:1:51,-0.9,2026-10-02T01:01:04.695736+02:00
295883524,de:11000:900054104:1:51,-0.9,2026-10-02T01:01:04.695736+02:00
295883524,de:11000:900057104:1:50,-0.4,2026-10-02T01:01:04.695736+02:00
295883524,de:11000:900057102:1:51,-0.1,2026-10-02T01:01:04.695736+02:00
295883524,de:11000:900012101:2:52,-0.8,2026-10-02T01:01:04.695736+02:00
295883524,de:11000:900100020:4:57,-0.9,2026-10-02T01:01:04.695736+02:00
295883481,de:11000:900100020:3:55,0.0,2026-10-02T01:01:04.695736+02:00
295883481,de:11000:900012101:1:51,-0.5,2026-10-02T01:01:04.695736+02:00
295883481,de:11000:900057102:1:50,-0.7,2026-10-02T01:01:04.695736+02:00
295883481,de:11000:900057104:2:51,-0.4,2026-10-02T01:01:04.695736+02:00
295883481,de:11000:900054104:1:50,-0.3,2026-10-02T01:01:04.695736+02:00
295883481,de:11000:900060101:1:50,-0.3,2026-10-02T01:01:04.695736+02:00
295883481,de:11000:900063101:1:50,-0.1,2026-10-02T01:01:04.695736+02:00
295883481,de:11000:900062202:1:50,-0.1,2026-10-02T01:01:04.695736+02:00
295883481,de:11000:900066102:1:50,-0.2,2026-10-02T01:01:04.695736+02:00
295883481,de:11000:900066101:1:50,-0.1,2026-10-02T01:01:04.695736+02:00
295883481,de:11000:900049202:1:50,-0.3,2026-10-02T01:01:04.695736+02:00
295883481,de:11000:900049201:1:50,-0.4,2026-10-02T01:01:04.695736+02:00
295883511,de:11000:900049201:1:51,0.0,2026-10-02T01:01:04.695736+02:00
295883511,de:11000:900049202:1:51,0.0,2026-10-02T01:01:04.695736+02:00
295883511,de:11000:900066101:1:51,-0.3,2026-10-02T01:01:04.695736+02:00
295883511,de:11000:900066102:1:51,-0.2,2026-10-02T01:01:04.695736+02:00
295883511,de:11000:900062202:1:51,-0.2,2026-10-02T01:01:04.695736+02:00
295883511,de:11000:900063101:1:51,-0.2,2026-10-02T01:01:04.695736+02:00
295883511,de:11000:900060101:1:51,-0.9,2026-10-02T01:01:04.695736+02:00
295883511,de:11000:900054104:1:51,-0.9,2026-10-02T01:01:04.695736+02:00
295883511,de:11000:900057104:1:50,-0.4,2026-10-02T01:01:04.695736+02:00
295883511,de:11000:900057102:1:51,-0.1,2026-10-02T01:01:04.695736+02:00
295883511,de:11000:900012101:2:52,-0.8,2026-10-02T01:01:04.695736+02:00
295883511,de:11000:900100020:4:57,-0.9,2026-10-02T01:01:04.695736+02:00
306896512,de:12067:900310001::3,0.0,2026-10-02T01:01:04.695736+02:00
306896512,de:12067:900311149::1,0.0,2026-10-02T01:01:04.695736+02:00
306896512,de:12067:900310835::1,0.0,2026-10-02T01:01:04.695736+02:00
306896512,de:12067:900310825::1,0.0,2026-10-02T01:01:04.695736+02:00
306896512,de:12067:900310813::1,0.0,2026-10-02T01:01:04.695736+02:00
306896512,de:12067:900310803::1,0.0,2026-10-02T01:01:04.695736+02:00
306896512,de:12067:900310802::1,0.0,2026-10-02T01:01:04.695736+02:00
306896512,de:12067:900310712::1,0.0,2026-10-02T01:01:04.695736+02:00
306896512,de:12067:900310711::1,0.0,2026-10-02T01:01:04.695736+02:00
306896512,de:12067:900311015::1,0.0,2026-10-02T01:01:04.695736+02:00
306896512,de:12064:900320277::1,0.0,2026-10-02T01:01:04.695736+02:00
306896512,de:12064:900320279::1,-0.5,2026-10-02T01:01:04.695736+02:00
306896512,de:12064:900320229::1,-0.5,2026-10-02T01:01:04.695736+02:00
306896512,de:12064:900320280::1,0.0,2026-10-02T01:01:04.695736+02:00
306896512,de:12064:900320228::1,0.0,2026-10-02T01:01:04.695736+02:00
306896585,de:12067:900310001::3,0.0,2026-10-02T01:01:04.695736+02:00
306896585,de:12067:900311149::1,0.0,2026-10-02T01:01:04.695736+02:00
306896585,de:12067:900311135::1,0.0,2026-10-02T01:01:04.695736+02:00
306896585,de:12067:900311150::1,0.0,2026-10-02T01:01:04.695736+02:00
306896585,de:12067:900310804::1,0.0,2026-10-02T01:01:04.695736+02:00
306896585,de:12067:900310814::1,0.0,2026-10-02T01:01:04.695736+02:00
306896585,de:12067:900310775::1,0.0,2026-10-02T01:01:04.695736+02:00
306896585,de:12067:900310818::1,0.0,2026-10-02T01:01:04.695736+02:00
306896585,de:12067:900310961::1,0.0,2026-10-02T01:01:04.695736+02:00
306896585,de:12067:900310960::1,0.0,2026-10-02T01:01:04.695736+02:00
306896585,de:12067:900310746::1,0.0,2026-10-02T01:01:04.695736+02:00
306896585,de:12067:900311108::1,0.0,2026-10-02T01:01:04.695736+02:00
306896585,de:12067:900311044::1,0.0,2026-10-02T01:01:04.695736+02:00
306896585,de:12067:900311047::1,0.0,2026-10-02T01:01:04.695736+02:00
306896585,de:12067:900310633::1,0.0,2026-10-02T01:01:04.695736+02:00
306896585,de:12067:900311046::1,0.0,2026-10-02T01:01:04.695736+02:00
306896585,de:12067:900310871::1,0.0,2026-10-02T01:01:04.695736+02:00
306896585,de:12067:900311066::1,0.0,2026-10-02T01:01:04.695736+02:00
306896585,de:12067:900311067::1,0.0,2026-10-02T01:01:04.695736+02:00
306896585,de:12067:900310050::1,0.0,2026-10-02T01:01:04.695736+02:00
306896585,de:12067:900310080::1,0.0,2026-10-02T01:01:04.695736+02:00
306896585,de:12067:900310081::1,0.0,2026-10-02T01:01:04.695736+02:00
307252338,de:11000:900003200:5:58,0.0,2026-10-02T01:01:04.695736+02:00
307252338,de:11000:900009104:1:50,-0.8,2026-10-02T01:01:04.695736+02:00
307252338,de:11000:900007102:2:52,-0.4,2026-10-02T01:01:04.695736+02:00
307252331,de:11000:900003200:5:58,0.0,2026-10-02T01:01:04.695736+02:00
307252331,de:11000:900009104:1:50,-0.8,2026-10-02T01:01:04.695736+02:00
307252331,de:11000:900007102:2:52,-0.4,2026-10-02T01:01:04.695736+02:00
306896898,de:12067:900310001::4,0.0,2026-10-02T01:01:04.695736+02:00
306896898,de:12067:900310816::1,0.0,2026-10-02T01:01:04.695736+02:00
306896898,de:12067:900310627::1,0.0,2026-10-02T01:01:04.695736+02:00
306896898,de:12067:900310781::1,0.0,2026-10-02T01:01:04.695736+02:00
306896898,de:12067:900310822::1,0.0,2026-10-02T01:01:04.695736+02:00
306896898,de:12067:900310771::1,0.0,2026-10-02T01:01:04.695736+02:00
306896898,de:12067:900310800::1,0.0,2026-10-02T01:01:04.695736+02:00
306896898,de:12067:900310879::1,0.0,2026-10-02T01:01:04.695736+02:00
306896898,de:12067:900310010::4,0.0,2026-10-02T01:01:04.695736+02:00
306896898,de:12067:900310880::1,0.0,2026-10-02T01:01:04.695736+02:00
306896898,de:12067:900310900::1,0.0,2026-10-02T01:01:04.695736+02:00
306896898,de:12067:900310917::1,0.0,2026-10-02T01:01:04.695736+02:00
306896898,de:12067:900310916::1,-0.5,2026-10-02T01:01:04.695736+02:00
306896898,de:12067:900310915::1,-0.5,2026-10-02T01:01:04.695736+02:00
306896898,de:12067:900310703::4,0.0,2026-10-02T01:01:04.695736+02:00
306896898,de:12067:900310914::1,0.0,2026-10-02T01:01:04.695736+02:00
306896898,de:12067:900310974::1,0.0,2026-10-02T01:01:04.695736+02:00
306896898,de:12067:900310975::1,0.0,2026-10-02T01:01:04.695736+02:00
306896898,de:12067:900310908::1,0.0,2026-10-02T01:01:04.695736+02:00
306896898,de:12067:900311002::1,0.0,2026-10-02T01:01:04.695736+02:00
306896898,de:12067:900310841::1,0.0,2026-10-02T01:01:04.695736+02:00
306896898,de:12067:900310722::1,-0.5,2026-10-02T01:01:04.695736+02:00
306896898,de:12067:900310637::1,0.0,2026-10-02T01:01:04.695736+02:00
306896898,de:12067:900311129::7,0.0,2026-10-02T01:01:04.695736+02:00
306896898,de:12067:900311129::4,0.0,2026-10-02T01:01:04.695736+02:00
306896898,de:12067:900310727::3,0.0,2026-10-02T01:01:04.695736+02:00
306896898,de:12067:900310755::2,0.0,2026-10-02T01:01:04.695736+02:00
306896898,de:12067:900310728::3,0.0,2026-10-02T01:01:04.695736+02:00
306896898,de:12067:900311129::6,0.0,2026-10-02T01:01:04.695736+02:00
306895241,de:12061:900261462::1,0.0,2026-10-02T01:01:04.695736+02:00
306895241,de:12061:900261459::1,0.0,2026-10-02T01:01:04.695736+02:00
306895241,de:12061:900261610::1,-0.5,2026-10-02T01:01:04.695736+02:00
306895241,de:12061:900261192::2,0.0,2026-10-02T01:01:04.695736+02:00
306895241,de:12067:900310767::2,0.0,2026-10-02T01:01:04.695736+02:00
306895241,de:12067:900310765::1,0.0,2026-10-02T01:01:04.695736+02:00
306895241,de:12067:900310764::2,0.0,2026-10-02T01:01:04.695736+02:00
306895241,de:12067:900310910::1,0.0,2026-10-02T01:01:04.695736+02:00
306895241,de:12067:900311101::2,0.0,2026-10-02T01:01:04.695736+02:00
306895241,de:12067:900311099::2,0.0,2026-10-02T01:01:04.695736+02:00
306895241,de:12067:900310725::2,0.0,2026-10-02T01:01:04.695736+02:00
306895241,de:12067:900310738::2,0.0,2026-10-02T01:01:04.695736+02:00
306895241,de:12067:900310639::1,0.0,2026-10-02T01:01:04.695736+02:00
306895241,de:12067:900310626::1,0.0,2026-10-02T01:01:04.695736+02:00
306895241,de:12067:900311129::6,0.0,2026-10-02T01:01:04.695736+02:00
306896069,de:12067:900310021::2,0.0,2026-10-02T01:01:04.695736+02:00
306896069,de:12067:900311096::1,0.0,2026-10-02T01:01:04.695736+02:00
306896069,de:12067:900311097::2,0.0,2026-10-02T01:01:04.695736+02:00
306896069,de:12067:900311095::2,0.0,2026-10-02T01:01:04.695736+02:00
306896069,de:12067:900310580::2,0.0,2026-10-02T01:01:04.695736+02:00
306896069,de:12067:900310578::4,0.0,2026-10-02T01:01:04.695736+02:00
306896069,de:12067:900310534::2,0.0,2026-10-02T01:01:04.695736+02:00
306896069,de:11000:900310550::2,0.0,2026-10-02T01:01:04.695736+02:00
306896069,de:12067:900310572::2,0.0,2026-10-02T01:01:04.695736+02:00
306896069,de:12067:900310013::7,0.0,2026-10-02T01:01:04.695736+02:00
306896160,de:12067:900310838::1,0.0,2026-10-02T01:01:04.695736+02:00
306896160,de:12067:900310836::2,0.0,2026-10-02T01:01:04.695736+02:00
306896160,de:12067:900310015::1,0.0,2026-10-02T01:01:04.695736+02:00
306896160,de:12067:900310025::2,0.0,2026-10-02T01:01:04.695736+02:00
306896160,de:12067:900310952::2,0.0,2026-10-02T01:01:04.695736+02:00
306896160,de:12067:900310949::2,0.0,2026-10-02T01:01:04.695736+02:00
306896160,de:12067:900310955::2,0.0,2026-10-02T01:01:04.695736+02:00
306896160,de:12067:900310568::2,0.0,2026-10-02T01:01:04.695736+02:00
306896160,de:12067:900310556::2,0.0,2026-10-02T01:01:04.695736+02:00
306896160,de:12067:900310558::4,0.0,2026-10-02T01:01:04.695736+02:00
306896160,de:12067:900310559::2,0.0,2026-10-02T01:01:04.695736+02:00
306896160,de:12067:900310563::4,0.0,2026-10-02T01:01:04.695736+02:00
306896160,de:12067:900310013::7,0.0,2026-10-02T01:01:04.695736+02:00
307438439,de:12062:900415502:1:50,0.0,2026-10-02T01:01:04.695736+02:00
307438439,de:12062:900415167:1:51,0.0,2026-10-02T01:01:04.695736+02:00
307438439,de:12062:900416008:2:51,0.0,2026-10-02T01:01:04.695736+02:00
307438439,de:12066:900435203:1:50,0.0,2026-10-02T01:01:04.695736+02:00
307438439,de:12066:900435061:3:54,0.0,2026-10-02T01:01:04.695736+02:00
307438439,de:12066:900435000:1:50,0.0,2026-10-02T01:01:04.695736+02:00
307438439,de:12066:900435001:1:50,0.0,2026-10-02T01:01:04.695736+02:00
307438439,de:12052:900470000:1:50,0.0,2026-10-02T01:01:04.695736+02:00
307432323,de:12054:900230003:4:53,0.0,2026-10-02T01:01:04.695736+02:00
307432323,de:12054:900230999:1:51,0.0,2026-10-02T01:01:04.695736+02:00
307432323,de:12054:900230006:1:50,0.0,2026-10-02T01:01:04.695736+02:00
307432323,de:12054:900230007:1:50,0.0,2026-10-02T01:01:04.695736+02:00
307432323,de:12054:900220010:1:50,0.0,2026-10-02T01:01:04.695736+02:00
307432323,de:12054:900230002:1:52,0.0,2026-10-02T01:01:04.695736+02:00
307432323,de:12069:900220002:1:50,0.0,2026-10-02T01:01:04.695736+02:00
307432323,de:12072:900245836:1:50,0.0,2026-10-02T01:01:04.695736+02:00
307432323,de:12061:900260009:2:54,0.0,2026-10-02T01:01:04.695736+02:00
307431826,de:12061:900260009:2:54,0.0,2026-10-02T01:01:04.695736+02:00
307431826,de:12072:900245836:2:51,0.0,2026-10-02T01:01:04.695736+02:00
307431826,de:12069:900220002:2:51,0.0,2026-10-02T01:01:04.695736+02:00
307431826,de:12054:900230002:1:50,0.0,2026-10-02T01:01:04.695736+02:00
307431826,de:12054:900220010:2:51,0.0,2026-10-02T01:01:04.695736+02:00
307431826,de:12054:900230007:2:52,0.0,2026-10-02T01:01:04.695736+02:00
307431826,de:12054:900230006:2:51,0.0,2026-10-02T01:01:04.695736+02:00
307431826,de:12054:900230999:2:53,0.0,2026-10-02T01:01:04.695736+02:00
307431826,de:12054:900230003:4:53,0.0,2026-10-02T01:01:04.695736+02:00
307438198,de:14625:8000,0.0,2026-10-02T01:01:04.695736+02:00
307438198,de:14625:8144:1:Gleis1,0.0,2026-10-02T01:01:04.695736+02:00
307438198,de:14625:6810,0.0,2026-10-02T01:01:04.695736+02:00
307438198,de:12066:900435314:2:52,0.0,2026-10-02T01:01:04.695736+02:00
307438198,de:12066:900435061:3:53,0.0,2026-10-02T01:01:04.695736+02:00
307438198,de:12066:900435203:2:51,0.0,2026-10-02T01:01:04.695736+02:00
307438198,de:12062:900416008:1:50,0.0,2026-10-02T01:01:04.695736+02:00
307438198,de:12062:900415167:1:50,0.0,2026-10-02T01:01:04.695736+02:00
307438198,de:12062:900415240:1:50,0.0,2026-10-02T01:01:04.695736+02:00
307438198,de:12062:900415345:3:53,0.0,2026-10-02T01:01:04.695736+02:00
307431387,de:12065:900200000:1:51,0.0,2026-10-02T01:01:04.695736+02:00
307431387,de:12063:900210010:2:51,0.0,2026-10-02T01:01:04.695736+02:00
307431387,de:11000:900029101:3:55,0.0,2026-10-02T01:01:04.695736+02:00
307431387,de:11000:900024101:1:51,0.0,2026-10-02T01:01:04.695736+02:00
307431387,de:11000:900053301:3:54,0.0,2026-10-02T01:01:04.695736+02:00
307431387,de:12054:900230003:3:52,0.0,2026-10-02T01:01:04.695736+02:00
307431387,de:12054:900230999:1:51,0.0,2026-10-02T01:01:04.695736+02:00
307431387,de:12054:900230006:1:50,0.0,2026-10-02T01:01:04.695736+02:00
307431387,de:12054:900230007:1:50,0.0,2026-10-02T01:01:04.695736+02:00
307431387,de:12054:900220010:1:50,0.0,2026-10-02T01:01:04.695736+02:00
307431387,de:12054:900220012:2:51,0.0,2026-10-02T01:01:04.695736+02:00
307431387,de:12063:900210001:2:51,0.0,2026-10-02T01:01:04.695736+02:00
307439738,de:14625:8000,0.0,2026-10-02T01:01:04.695736+02:00
307439738,de:14625:8144:1:Gleis1,0.0,2026-10-02T01:01:04.695736+02:00
307439738,de:14625:6810,0.0,2026-10-02T01:01:04.695736+02:00
307439738,de:12066:900435314:2:52,0.0,2026-10-02T01:01:04.695736+02:00
307439738,de:12066:900435061:2:52,0.0,2026-10-02T01:01:04.695736+02:00
307439738,de:12066:900435801:1:50,0.0,2026-10-02T01:01:04.695736+02:00
307439738,de:14627:5440,0.0,2026-10-02T01:01:04.695736+02:00
307439738,de:14627:5021,0.0,2026-10-02T01:01:04.695736+02:00
307439738,de:14627:5100,0.0,2026-10-02T01:01:04.695736+02:00
307439738,de:14627:4401,0.0,2026-10-02T01:01:04.695736+02:00
307439738,de:14627:4180,0.0,2026-10-02T01:01:04.695736+02:00
307439738,de:14612:16,0.0,2026-10-02T01:01:04.695736+02:00
307433267,de:12060:900350127:2:51,0.0,2026-10-02T01:01:04.695736+02:00
307433267,de:12060:900350126:2:51,0.0,2026-10-02T01:01:04.695736+02:00
307433267,de:12060:900350137:2:51,0.0,2026-10-02T01:01:04.695736+02:00
307433267,de:12060:900350158:2:51,0.0,2026-10-02T01:01:04.695736+02:00
307433267,de:12060:900350160:2:52,0.0,2026-10-02T01:01:04.695736+02:00
307433267,de:11000:900152001:3:53,0.0,2026-10-02T01:01:04.695736+02:00
307433267,de:11000:900160004:4:56,0.0,2026-10-02T01:01:04.695736+02:00
307433267,de:11000:900120003:4:56,0.0,2026-10-02T01:01:04.695736+02:00
307433267,de:11000:900192001:1:50,0.0,2026-10-02T01:01:04.695736+02:00
307433267,de:12061:900260009:2:53,0.0,2026-10-02T01:01:04.695736+02:00
307433267,de:12072:900245027:2:53,0.0,2026-10-02T01:01:04.695736+02:00
307433261,de:12060:900350127:2:51,0.0,2026-10-02T01:01:04.695736+02:00
307433261,de:12060:900350126:2:51,0.0,2026-10-02T01:01:04.695736+02:00
307433261,de:12060:900350137:2:51,0.0,2026-10-02T01:01:04.695736+02:00
307433261,de:12060:900350158:2:51,0.0,2026-10-02T01:01:04.695736+02:00
307433261,de:12060:900350160:2:52,0.0,2026-10-02T01:01:04.695736+02:00
307433261,de:11000:900152001:3:53,0.0,2026-10-02T01:01:04.695736+02:00
307433261,de:11000:900160004:4:56,0.0,2026-10-02T01:01:04.695736+02:00
307433261,de:11000:900120003:4:56,0.0,2026-10-02T01:01:04.695736+02:00
307433261,de:11000:900192001:1:50,0.0,2026-10-02T01:01:04.695736+02:00
307433261,de:12061:900260009:2:53,0.0,2026-10-02T01:01:04.695736+02:00
307433261,de:12072:900245027:2:53,0.0,2026-10-02T01:01:04.695736+02:00
307432908,de:12072:900245027:2:53,0.0,2026-10-02T01:01:04.695736+02:00
307432908,de:12061:900260009:2:54,0.0,2026-10-02T01:01:04.695736+02:00
307432908,de:11000:900192001:1:51,0.0,2026-10-02T01:01:04.695736+02:00
307432908,de:11000:900120003:4:57,0.0,2026-10-02T01:01:04.695736+02:00
307432908,de:11000:900160004:2:53,0.0,2026-10-02T01:01:04.695736+02:00
307432908,de:11000:900152001:2:52,0.0,2026-10-02T01:01:04.695736+02:00
307432908,de:12060:900350160:2:53,0.0,2026-10-02T01:01:04.695736+02:00
307432908,de:12060:900350158:1:50,0.0,2026-10-02T01:01:04.695736+02:00
307432908,de:12060:900350137:1:50,0.0,2026-10-02T01:01:04.695736+02:00
307432908,de:12060:900350126:1:50,0.0,2026-10-02T01:01:04.695736+02:00
307432908,de:12060:900350127:2:51,0.0,2026-10-02T01:01:04.695736+02:00
307437879,de:12062:900415345:2:52,0.0,2026-10-02T01:01:04.695736+02:00
307437879,de:12062:900415240:1:50,0.0,2026-10-02T01:01:04.695736+02:00
307437879,de:12062:900415167:1:50,0.0,2026-10-02T01:01:04.695736+02:00
307437879,de:12062:900416008:2:51,0.0,2026-10-02T01:01:04.695736+02:00
307437879,de:12066:900435203:1:50,0.0,2026-10-02T01:01:04.695736+02:00
307437879,de:12066:900435061:3:54,0.0,2026-10-02T01:01:04.695736+02:00
307437879,de:12066:900435802:1:50,0.0,2026-10-02T01:01:04.695736+02:00
307437879,de:12066:900435000:1:51,0.0,2026-10-02T01:01:04.695736+02:00
307437879,de:12066:900435001:1:50,0.0,2026-10-02T01:01:04.695736+02:00
307437879,de:12066:900435800:2:51,0.0,2026-10-02T01:01:04.695736+02:00
307437879,de:12066:900435347:2:51,0.0,2026-10-02T01:01:04.695736+02:00
307437879,de:12071:900445360:1:51,0.0,2026-10-02T01:01:04.695736+02:00
307430557,de:12054:900230003:4:53,0.0,2026-10-02T01:01:04.695736+02:00
307430557,de:12054:900230999:1:51,0.0,2026-10-02T01:01:04.695736+02:00
307430557,de:12054:900230006:1:50,0.0,2026-10-02T01:01:04.695736+02:00
307430557,de:12054:900230007:1:50,0.0,2026-10-02T01:01:04.695736+02:00
307430557,de:12054:900220010:1:50,0.0,2026-10-02T01:01:04.695736+02:00
307430557,de:12054:900220012:2:51,0.0,2026-10-02T01:01:04.695736+02:00
307430557,de:12063:900210001:2:51,0.0,2026-10-02T01:01:04.695736+02:00
307430557,de:12065:900200000:1:51,0.0,2026-10-02T01:01:04.695736+02:00
307430557,de:12065:900200010:1:50,0.0,2026-10-02T01:01:04.695736+02:00
307430557,de:12065:900200008:1:50,0.0,2026-10-02T01:01:04.695736+02:00
307430557,de:12065:900200005:1:2,0.0,2026-10-02T01:01:04.695736+02:00
307430655,de:12065:900200005:1:2,0.0,2026-10-02T01:01:04.695736+02:00
307430655,de:12065:900200008:1:50,0.0,2026-10-02T01:01:04.695736+02:00
307430655,de:12065:900200010:1:50,0.0,2026-10-02T01:01:04.695736+02:00
307430655,de:12065:900200000:1:50,0.0,2026-10-02T01:01:04.695736+02:00
307430655,de:12063:900210001:1:50,0.0,2026-10-02T01:01:04.695736+02:00
307430655,de:12054:900220012:1:50,0.0,2026-10-02T01:01:04.695736+02:00
307430655,de:12054:900220010:2:51,0.0,2026-10-02T01:01:04.695736+02:00
307430655,de:12054:900230007:2:52,0.0,2026-10-02T01:01:04.695736+02:00
307430655,de:12054:900230006:2:51,0.0,2026-10-02T01:01:04.695736+02:00
307430655,de:12054:900230999:2:53,0.0,2026-10-02T01:01:04.695736+02:00
307430655,de:12054:900230003:4:53,0.0,2026-10-02T01:01:04.695736+02:00
307435501,de:11000:900003200:1:50,0.0,2026-10-02T01:01:04.695736+02:00
307435501,de:11000:900100020:1:50,0.0,2026-10-02T01:01:04.695736+02:00
307435501,de:11000:900058101:2:52,0.0,2026-10-02T01:01:04.695736+02:00
307435501,de:12061:900260009:2:54,0.0,2026-10-02T01:01:04.695736+02:00
307440239,de:12065:900203452:1:51,0.0,2026-10-02T01:01:04.695736+02:00
307440239,de:12065:900204001:1:50,0.0,2026-10-02T01:01:04.695736+02:00
307440239,de:12065:900203671:1:50,0.0,2026-10-02T01:01:04.695736+02:00
307440239,de:12065:900204003:1:50,0.0,2026-10-02T01:01:04.695736+02:00
307440239,de:12065:900200004:1:51,0.0,2026-10-02T01:01:04.695736+02:00
307440239,de:12065:900200000:1:51,0.0,2026-10-02T01:01:04.695736+02:00
295893012,de:12060:900350160:1:51,0.0,2026-10-02T01:01:04.695736+02:00
295893012,de:12060:900350161:1:50,-0.3,2026-10-02T01:01:04.695736+02:00
295893012,de:12060:900350163:1:50,-0.1,2026-10-02T01:01:04.695736+02:00
295893012,de:12060:900350162:1:50,-0.8,2026-10-02T01:01:04.695736+02:00
295893012,de:11000:900135001:1:50,-0.3,2026-10-02T01:01:04.695736+02:00
295893012,de:11000:900143001:1:51,-0.8,2026-10-02T01:01:04.695736+02:00
295893012,de:11000:900142001:1:51,-0.3,2026-10-02T01:01:04.695736+02:00
295893012,de:11000:900130001:1:51,-0.8,2026-10-02T01:01:04.695736+02:00
295893012,de:11000:900130002:1:51,-0.3,2026-10-02T01:01:04.695736+02:00
295893012,de:11000:900110011:1:51,-0.7,2026-10-02T01:01:04.695736+02:00
295893012,de:11000:900007102:1:50,-0.7,2026-10-02T01:01:04.695736+02:00
295893012,de:11000:900008101:1:50,-0.5,2026-10-02T01:01:04.695736+02:00
295893012,de:11000:900007104:1:51,-0.2,2026-10-02T01:01:04.695736+02:00
295893012,de:11000:900100007:1:50,-0.2,2026-10-02T01:01:04.695736+02:00
295893012,de:11000:900100001:4:56,0.0,2026-10-02T01:01:04.695736+02:00
295893012,de:11000:900100025:1:50,-0.9,2026-10-02T01:01:04.695736+02:00
295893012,de:11000:900100020:3:54,-0.9,2026-10-02T01:01:04.695736+02:00
295893012,de:11000:900012101:1:51,0.0,2026-10-02T01:01:04.695736+02:00
295893012,de:11000:900058103:1:50,-0.8,2026-10-02T01:01:04.695736+02:00
295893012,de:11000:900058101:1:50,-0.4,2026-10-02T01:01:04.695736+02:00
295893012,de:11000:900058102:1:50,-0.4,2026-10-02T01:01:04.695736+02:00
295893012,de:11000:900068301:1:50,-0.7,2026-10-02T01:01:04.695736+02:00
295893012,de:11000:900073101:1:50,-0.9,2026-10-02T01:01:04.695736+02:00
295893012,de:11000:900072101:1:50,-0.2,2026-10-02T01:01:04.695736+02:00
295893012,de:11000:900074202:1:50,-0.2,2026-10-02T01:01:04.695736+02:00
295893012,de:11000:900074201:1:50,-0.4,2026-10-02T01:01:04.695736+02:00
295893012,de:12072:900245028:1:51,-0.9,2026-10-02T01:01:04.695736+02:00
295893012,de:12072:900245027:2:52,-0.9,2026-10-02T01:01:04.695736+02:00
295893105,de:12072:900245027:2:52,0.0,2026-10-02T01:01:04.695736+02:00
295893105,de:12072:900245028:1:50,-0.9,2026-10-02T01:01:04.695736+02:00
295893105,de:11000:900074201:1:50,-0.9,2026-10-02T01:01:04.695736+02:00
295893105,de:11000:900074202:2:51,-0.1,2026-10-02T01:01:04.695736+02:00
295893105,de:11000:900072101:2:51,-0.1,2026-10-02T01:01:04.695736+02:00
295893105,de:11000:900073101:1:51,-0.4,2026-10-02T01:01:04.695736+02:00
295893105,de:11000:900068301:1:51,-0.7,2026-10-02T01:01:04.695736+02:00
295893105,de:11000:900058102:2:51,-0.7,2026-10-02T01:01:04.695736+02:00
295893105,de:11000:900058101:1:51,-0.3,2026-10-02T01:01:04.695736+02:00
295893105,de:11000:900058103:1:51,-0.1,2026-10-02T01:01:04.695736+02:00
295893105,de:11000:900012101:2:53,-0.7,2026-10-02T01:01:04.695736+02:00
295893105,de:11000:900100020:4:57,-0.8,2026-10-02T01:01:04.695736+02:00
295893105,de:11000:900100025:1:51,-0.9,2026-10-02T01:01:04.695736+02:00
295893105,de:11000:900100001:4:57,-0.6,2026-10-02T01:01:04.695736+02:00
295893105,de:11000:900100007:1:51,-0.7,2026-10-02T01:01:04.695736+02:00
295893105,de:11000:900007104:2:52,-0.7,2026-10-02T01:01:04.695736+02:00
295893105,de:11000:900008101:1:51,-0.4,2026-10-02T01:01:04.695736+02:00
295893105,de:11000:900007102:2:53,-0.1,2026-10-02T01:01:04.695736+02:00
295893105,de:11000:900110011:2:52,-0.4,2026-10-02T01:01:04.695736+02:00
295893105,de:11000:900130002:1:50,-0.7,2026-10-02T01:01:04.695736+02:00
295893105,de:11000:900130001:1:50,-0.4,2026-10-02T01:01:04.695736+02:00
295893105,de:11000:900142001:1:50,-0.9,2026-10-02T01:01:04.695736+02:00
295893105,de:11000:900143001:1:51,-0.7,2026-10-02T01:01:04.695736+02:00
295893105,de:11000:900135001:1:50,-0.4,2026-10-02T01:01:04.695736+02:00
295893105,de:12060:900350162:1:50,0.0,2026-10-02T01:01:04.695736+02:00
295893105,de:12060:900350163:1:51,-0.4,2026-10-02T01:01:04.695736+02:00
295893105,de:12060:900350161:1:50,-0.7,2026-10-02T01:01:04.695736+02:00
295893105,de:12060:900350160:1:51,-0.4,2026-10-02T01:01:04.695736+02:00
295893103,de:12072:900245027:2:52,0.0,2026-10-02T01:01:04.695736+02:00
295893103,de:12072:900245028:1:50,-0.9,2026-10-02T01:01:04.695736+02:00
295893103,de:11000:900074201:1:50,-0.9,2026-10-02T01:01:04.695736+02:00
295893103,de:11000:900074202:2:51,-0.1,2026-10-02T01:01:04.695736+02:00
295893103,de:11000:900072101:2:51,-0.1,2026-10-02T01:01:04.695736+02:00
295893103,de:11000:900073101:1:51,-0.4,2026-10-02T01:01:04.695736+02:00
295893103,de:11000:900068301:1:51,-0.7,2026-10-02T01:01:04.695736+02:00
295893103,de:11000:900058102:2:51,-0.7,2026-10-02T01:01:04.695736+02:00
295893103,de:11000:900058101:1:51,-0.3,2026-10-02T01:01:04.695736+02:00
295893103,de:11000:900058103:1:51,-0.1,2026-10-02T01:01:04.695736+02:00
295893103,de:11000:900012101:2:53,-0.7,2026-10-02T01:01:04.695736+02:00
295893103,de:11000:900100020:4:57,-0.8,2026-10-02T01:01:04.695736+02:00
295893103,de:11000:900100025:1:51,-0.9,2026-10-02T01:01:04.695736+02:00
295893103,de:11000:900100001:4:57,-0.6,2026-10-02T01:01:04.695736+02:00
295893103,de:11000:900100007:1:51,-0.7,2026-10-02T01:01:04.695736+02:00
295893103,de:11000:900007104:2:52,-0.7,2026-10-02T01:01:04.695736+02:00
295893103,de:11000:900008101:1:51,-0.4,2026-10-02T01:01:04.695736+02:00
295893103,de:11000:900007102:2:53,-0.1,2026-10-02T01:01:04.695736+02:00
295893103,de:11000:900110011:2:52,-0.4,2026-10-02T01:01:04.695736+02:00
295893103,de:11000:900130002:1:50,-0.7,2026-10-02T01:01:04.695736+02:00
295893103,de:11000:900130001:1:50,-0.4,2026-10-02T01:01:04.695736+02:00
295893103,de:11000:900142001:1:50,-0.9,2026-10-02T01:01:04.695736+02:00
295893103,de:11000:900143001:1:51,-0.7,2026-10-02T01:01:04.695736+02:00
295893103,de:11000:900135001:1:50,-0.4,2026-10-02T01:01:04.695736+02:00
295893103,de:12060:900350162:1:50,0.0,2026-10-02T01:01:04.695736+02:00
295893103,de:12060:900350163:1:51,-0.4,2026-10-02T01:01:04.695736+02:00
295893103,de:12060:900350161:1:50,-0.7,2026-10-02T01:01:04.695736+02:00
295893103,de:12060:900350160:1:51,-0.4,2026-10-02T01:01:04.695736+02:00
295893102,de:12072:900245027:2:52,0.0,2026-10-02T01:01:04.695736+02:00
295893102,de:12072:900245028:1:50,-0.9,2026-10-02T01:01:04.695736+02:00
295893102,de:11000:900074201:1:50,-0.9,2026-10-02T01:01:04.695736+02:00
295893102,de:11000:900074202:2:51,-0.1,2026-10-02T01:01:04.695736+02:00
295893102,de:11000:900072101:2:51,-0.1,2026-10-02T01:01:04.695736+02:00
295893102,de:11000:900073101:1:51,-0.4,2026-10-02T01:01:04.695736+02:00
295893102,de:11000:900068301:1:51,-0.7,2026-10-02T01:01:04.695736+02:00
295893102,de:11000:900058102:2:51,-0.7,2026-10-02T01:01:04.695736+02:00
295893102,de:11000:900058101:1:51,-0.3,2026-10-02T01:01:04.695736+02:00
295893102,de:11000:900058103:1:51,-0.1,2026-10-02T01:01:04.695736+02:00
295893102,de:11000:900012101:2:53,-0.7,2026-10-02T01:01:04.695736+02:00
295893102,de:11000:900100020:4:57,-0.8,2026-10-02T01:01:04.695736+02:00
295893102,de:11000:900100025:1:51,-0.9,2026-10-02T01:01:04.695736+02:00
295893102,de:11000:900100001:4:57,-0.6,2026-10-02T01:01:04.695736+02:00
295893102,de:11000:900100007:1:51,-0.7,2026-10-02T01:01:04.695736+02:00
295893102,de:11000:900007104:2:52,-0.7,2026-10-02T01:01:04.695736+02:00
295893102,de:11000:900008101:1:51,-0.4,2026-10-02T01:01:04.695736+02:00
295893102,de:11000:900007102:2:53,-0.1,2026-10-02T01:01:04.695736+02:00
295893102,de:11000:900110011:2:52,-0.4,2026-10-02T01:01:04.695736+02:00
295893102,de:11000:900130002:1:50,-0.7,2026-10-02T01:01:04.695736+02:00
295893102,de:11000:900130001:1:50,-0.4,2026-10-02T01:01:04.695736+02:00
295893102,de:11000:900142001:1:50,-0.9,2026-10-02T01:01:04.695736+02:00
295893102,de:11000:900143001:1:51,-0.7,2026-10-02T01:01:04.695736+02:00
295893102,de:11000:900135001:1:50,-0.4,2026-10-02T01:01:04.695736+02:00
295893102,de:12060:900350162:1:50,0.0,2026-10-02T01:01:04.695736+02:00
295893102,de:12060:900350163:1:51,-0.4,2026-10-02T01:01:04.695736+02:00
295893102,de:12060:900350161:1:50,-0.7,2026-10-02T01:01:04.695736+02:00
295893102,de:12060:900350160:1:51,-0.4,2026-10-02T01:01:04.695736+02:00
295893092,de:12072:900245027:2:52,0.0,2026-10-02T01:01:04.695736+02:00
295893092,de:12072:900245028:1:50,-0.9,2026-10-02T01:01:04.695736+02:00
295893092,de:11000:900074201:1:50,-0.9,2026-10-02T01:01:04.695736+02:00
295893092,de:11000:900074202:2:51,-0.1,2026-10-02T01:01:04.695736+02:00
295893092,de:11000:900072101:2:51,-0.1,2026-10-02T01:01:04.695736+02:00
295893092,de:11000:900073101:1:51,-0.4,2026-10-02T01:01:04.695736+02:00
295893092,de:11000:900068301:1:51,-0.7,2026-10-02T01:01:04.695736+02:00
295893092,de:11000:900058102:2:51,-0.7,2026-10-02T01:01:04.695736+02:00
295893092,de:11000:900058101:1:51,-0.3,2026-10-02T01:01:04.695736+02:00
295893092,de:11000:900058103:1:51,-0.1,2026-10-02T01:01:04.695736+02:00
295893092,de:11000:900012101:2:53,-0.7,2026-10-02T01:01:04.695736+02:00
295893092,de:11000:900100020:4:57,-0.8,2026-10-02T01:01:04.695736+02:00
295893092,de:11000:900100025:1:51,-0.9,2026-10-02T01:01:04.695736+02:00
295893092,de:11000:900100001:4:57,-0.6,2026-10-02T01:01:04.695736+02:00
295893092,de:11000:900100007:1:51,-0.7,2026-10-02T01:01:04.695736+02:00
295893092,de:11000:900007104:2:52,-0.7,2026-10-02T01:01:04.695736+02:00
295893092,de:11000:900008101:1:51,-0.4,2026-10-02T01:01:04.695736+02:00
295893092,de:11000:900007102:2:53,-0.1,2026-10-02T01:01:04.695736+02:00
295893092,de:11000:900110011:2:52,-0.4,2026-10-02T01:01:04.695736+02:00
295893092,de:11000:900130002:1:50,-0.7,2026-10-02T01:01:04.695736+02:00
295893092,de:11000:900130001:1:50,-0.4,2026-10-02T01:01:04.695736+02:00
295893092,de:11000:900142001:1:50,-0.9,2026-10-02T01:01:04.695736+02:00
295893092,de:11000:900143001:1:51,-0.7,2026-10-02T01:01:04.695736+02:00
295893092,de:11000:900135001:1:50,-0.4,2026-10-02T01:01:04.695736+02:00
295893092,de:12060:900350162:1:50,0.0,2026-10-02T01:01:04.695736+02:00
295893092,de:12060:900350163:1:51,-0.4,2026-10-02T01:01:04.695736+02:00
295893092,de:12060:900350161:1:50,-0.7,2026-10-02T01:01:04.695736+02:00
295893092,de:12060:900350160:1:51,-0.4,2026-10-02T01:01:04.695736+02:00
295892986,de:12060:900350160:1:51,0.0,2026-10-02T01:01:04.695736+02:00
295892986,de:12060:900350161:1:50,-0.3,2026-10-02T01:01:04.695736+02:00
295892986,de:12060:900350163:1:50,-0.1,2026-10-02T01:01:04.695736+02:00
295892986,de:12060:900350162:1:50,-0.8,2026-10-02T01:01:04.695736+02:00
295892986,de:11000:900135001:1:50,-0.3,2026-10-02T01:01:04.695736+02:00
295892986,de:11000:900143001:1:51,-0.8,2026-10-02T01:01:04.695736+02:00
295892986,de:11000:900142001:1:51,-0.3,2026-10-02T01:01:04.695736+02:00
295892986,de:11000:900130001:1:51,-0.8,2026-10-02T01:01:04.695736+02:00
295892986,de:11000:900130002:1:51,-0.3,2026-10-02T01:01:04.695736+02:00
295892986,de:11000:900110011:1:51,-0.7,2026-10-02T01:01:04.695736+02:00
295892986,de:11000:900007102:1:50,-0.7,2026-10-02T01:01:04.695736+02:00
295892986,de:11000:900008101:1:50,-0.5,2026-10-02T01:01:04.695736+02:00
295892986,de:11000:900007104:1:51,-0.2,2026-10-02T01:01:04.695736+02:00
295892986,de:11000:900100007:1:50,-0.2,2026-10-02T01:01:04.695736+02:00
295892986,de:11000:900100001:4:56,0.0,2026-10-02T01:01:04.695736+02:00
295892986,de:11000:900100025:1:50,-0.9,2026-10-02T01:01:04.695736+02:00
295892986,de:11000:900100020:3:54,-0.9,2026-10-02T01:01:04.695736+02:00
295892986,de:11000:900012101:1:51,0.0,2026-10-02T01:01:04.695736+02:00
295892986,de:11000:900058103:1:50,-0.8,2026-10-02T01:01:04.695736+02:00
295892986,de:11000:900058101:1:50,-0.4,2026-10-02T01:01:04.695736+02:00
295892986,de:11000:900058102:1:50,-0.4,2026-10-02T01:01:04.695736+02:00
295892986,de:11000:900068301:1:50,-0.7,2026-10-02T01:01:04.695736+02:00
295892986,de:11000:900073101:1:50,-0.9,2026-10-02T01:01:04.695736+02:00
295892986,de:11000:900072101:1:50,-0.2,2026-10-02T01:01:04.695736+02:00
295892986,de:11000:900074202:1:50,-0.2,2026-10-02T01:01:04.695736+02:00
295892986,de:11000:900074201:1:50,-0.4,2026-10-02T01:01:04.695736+02:00
295892986,de:12072:900245028:1:51,-0.9,2026-10-02T01:01:04.695736+02:00
295892986,de:12072:900245027:2:52,-0.9,2026-10-02T01:01:04.695736+02:00
307430075,de:12061:900260009:2:54,0.0,2026-10-02T01:01:04.695736+02:00
307430075,de:11000:900058101:4:57,0.0,2026-10-02T01:01:04.695736+02:00
307430075,de:11000:900100020:2:53,0.0,2026-10-02T01:01:04.695736+02:00
307430075,de:11000:900003200:3:55,0.0,2026-10-02T01:01:04.695736+02:00
307430291,de:12061:900260009:2:53,0.0,2026-10-02T01:01:04.695736+02:00
307430291,de:11000:900058101:4:57,0.0,2026-10-02T01:01:04.695736+02:00
307430291,de:11000:900100020:2:53,0.0,2026-10-02T01:01:04.695736+02:00
307430291,de:11000:900003200:4:57,0.0,2026-10-02T01:01:04.695736+02:00
295900264,de:12065:900200000:1:55,0.0,2026-10-02T01:01:04.695736+02:00
295900264,de:11000:900091203:1:50,0.0,2026-10-02T01:01:04.695736+02:00
295900264,de:11000:900091205:1:50,-0.2,2026-10-02T01:01:04.695736+02:00
295900264,de:11000:900089303:1:51,-0.5,2026-10-02T01:01:04.695736+02:00
295900264,de:11000:900096405:1:50,-0.8,2026-10-02T01:01:04.695736+02:00
295900264,de:11000:900096458:1:50,-0.5,2026-10-02T01:01:04.695736+02:00
295900264,de:11000:900085105:1:50,-0.8,2026-10-02T01:01:04.695736+02:00
295900264,de:11000:900085201:1:51,0.0,2026-10-02T01:01:04.695736+02:00
295900264,de:11000:900130003:1:51,-0.8,2026-10-02T01:01:04.695736+02:00
295900264,de:11000:900110011:1:50,-0.9,2026-10-02T01:01:04.695736+02:00
295900264,de:11000:900007102:1:50,-0.7,2026-10-02T01:01:04.695736+02:00
295900264,de:11000:900008101:1:50,-0.4,2026-10-02T01:01:04.695736+02:00
295900264,de:11000:900007104:1:51,-0.2,2026-10-02T01:01:04.695736+02:00
295900264,de:11000:900100007:1:50,-0.2,2026-10-02T01:01:04.695736+02:00
295900264,de:11000:900100001:4:56,0.0,2026-10-02T01:01:04.695736+02:00
295900264,de:11000:900100025:1:50,-0.9,2026-10-02T01:01:04.695736+02:00
295900264,de:11000:900100020:3:54,-0.9,2026-10-02T01:01:04.695736+02:00
295900264,de:11000:900012101:1:51,0.0,2026-10-02T01:01:04.695736+02:00
295900264,de:11000:900058103:1:50,-0.7,2026-10-02T01:01:04.695736+02:00
295900264,de:11000:900058101:1:50,-0.3,2026-10-02T01:01:04.695736+02:00
295900264,de:11000:900058102:1:52,0.0,2026-10-02T01:01:04.695736+02:00
295900264,de:11000:900063452:1:50,-0.1,2026-10-02T01:01:04.695736+02:00
295900264,de:11000:900067221:1:50,-0.2,2026-10-02T01:01:04.695736+02:00
295900264,de:11000:900064301:3:52,-0.2,2026-10-02T01:01:04.695736+02:00
295900264,de:11000:900064256:1:50,-0.7,2026-10-02T01:01:04.695736+02:00
295900264,de:11000:900064201:1:50,-0.6,2026-10-02T01:01:04.695736+02:00
295900264,de:12069:900220114:1:51,-0.9,2026-10-02T01:01:04.695736+02:00
295900293,de:12065:900200000:4:54,0.0,2026-10-02T01:01:04.695736+02:00
295900293,de:11000:900091203:1:50,0.0,2026-10-02T01:01:04.695736+02:00
295900293,de:11000:900091205:1:50,-0.2,2026-10-02T01:01:04.695736+02:00
295900293,de:11000:900089303:1:51,-0.5,2026-10-02T01:01:04.695736+02:00
295900293,de:11000:900096405:1:50,-0.8,2026-10-02T01:01:04.695736+02:00
295900293,de:11000:900096458:1:50,-0.5,2026-10-02T01:01:04.695736+02:00
295900293,de:11000:900085105:1:50,-0.8,2026-10-02T01:01:04.695736+02:00
295900293,de:11000:900085201:1:51,0.0,2026-10-02T01:01:04.695736+02:00
295900293,de:11000:900130003:1:51,-0.8,2026-10-02T01:01:04.695736+02:00
295900293,de:11000:900110011:1:50,-0.9,2026-10-02T01:01:04.695736+02:00
295900293,de:11000:900007102:1:50,-0.7,2026-10-02T01:01:04.695736+02:00
295900293,de:11000:900008101:1:50,-0.4,2026-10-02T01:01:04.695736+02:00
295900293,de:11000:900007104:1:51,-0.2,2026-10-02T01:01:04.695736+02:00
295900293,de:11000:900100007:1:50,-0.2,2026-10-02T01:01:04.695736+02:00
295900293,de:11000:900100001:4:56,0.0,2026-10-02T01:01:04.695736+02:00
295900293,de:11000:900100025:1:50,-0.9,2026-10-02T01:01:04.695736+02:00
295900293,de:11000:900100020:3:54,-0.9,2026-10-02T01:01:04.695736+02:00
295900293,de:11000:900012101:1:51,0.0,2026-10-02T01:01:04.695736+02:00
295900293,de:11000:900058103:1:50,-0.7,2026-10-02T01:01:04.695736+02:00
295900293,de:11000:900058101:1:50,-0.3,2026-10-02T01:01:04.695736+02:00
295900293,de:11000:900058102:1:52,0.0,2026-10-02T01:01:04.695736+02:00
295900293,de:11000:900063452:1:50,-0.1,2026-10-02T01:01:04.695736+02:00
295900293,de:11000:900067221:1:50,-0.2,2026-10-02T01:01:04.695736+02:00
295900293,de:11000:900064301:3:52,-0.2,2026-10-02T01:01:04.695736+02:00
295900293,de:11000:900064256:1:50,-0.7,2026-10-02T01:01:04.695736+02:00
295900293,de:11000:900064201:1:50,-0.6,2026-10-02T01:01:04.695736+02:00
295900293,de:12069:900220114:1:51,-0.9,2026-10-02T01:01:04.695736+02:00
295900262,de:12065:900200000:1:55,0.0,2026-10-02T01:01:04.695736+02:00
295900262,de:11000:900091203:1:50,0.0,2026-10-02T01:01:04.695736+02:00
295900262,de:11000:900091205:1:50,-0.2,2026-10-02T01:01:04.695736+02:00
295900262,de:11000:900089303:1:51,-0.5,2026-10-02T01:01:04.695736+02:00
295900262,de:11000:900096405:1:50,-0.8,2026-10-02T01:01:04.695736+02:00
295900262,de:11000:900096458:1:50,-0.5,2026-10-02T01:01:04.695736+02:00
295900262,de:11000:900085105:1:50,-0.8,2026-10-02T01:01:04.695736+02:00
295900262,de:11000:900085201:1:51,0.0,2026-10-02T01:01:04.695736+02:00
295900262,de:11000:900130003:1:51,-0.8,2026-10-02T01:01:04.695736+02:00
295900262,de:11000:900110011:1:50,-0.9,2026-10-02T01:01:04.695736+02:00
295900262,de:11000:900007102:1:50,-0.7,2026-10-02T01:01:04.695736+02:00
295900262,de:11000:900008101:1:50,-0.4,2026-10-02T01:01:04.695736+02:00
295900262,de:11000:900007104:1:51,-0.2,2026-10-02T01:01:04.695736+02:00
295900262,de:11000:900100007:1:50,-0.2,2026-10-02T01:01:04.695736+02:00
295900262,de:11000:900100001:4:56,0.0,2026-10-02T01:01:04.695736+02:00
295900262,de:11000:900100025:1:50,-0.9,2026-10-02T01:01:04.695736+02:00
295900262,de:11000:900100020:3:54,-0.9,2026-10-02T01:01:04.695736+02:00
295900262,de:11000:900012101:1:51,0.0,2026-10-02T01:01:04.695736+02:00
295900262,de:11000:900058103:1:50,-0.7,2026-10-02T01:01:04.695736+02:00
295900262,de:11000:900058101:1:50,-0.3,2026-10-02T01:01:04.695736+02:00
295900262,de:11000:900058102:1:52,0.0,2026-10-02T01:01:04.695736+02:00
295900262,de:11000:900063452:1:50,-0.1,2026-10-02T01:01:04.695736+02:00
295900262,de:11000:900067221:1:50,-0.2,2026-10-02T01:01:04.695736+02:00
295900262,de:11000:900064301:3:52,-0.2,2026-10-02T01:01:04.695736+02:00
295900262,de:11000:900064256:1:50,-0.7,2026-10-02T01:01:04.695736+02:00
295900262,de:11000:900064201:1:50,-0.6,2026-10-02T01:01:04.695736+02:00
295900262,de:12069:900220114:1:51,-0.9,2026-10-02T01:01:04.695736+02:00
295900344,de:12069:900220114:1:51,0.0,2026-10-02T01:01:04.695736+02:00
295900344,de:11000:900064201:1:51,-0.1,2026-10-02T01:01:04.695736+02:00
295900344,de:11000:900064256:1:51,0.0,2026-10-02T01:01:04.695736+02:00
295900344,de:11000:900064301:3:53,-0.3,2026-10-02T01:01:04.695736+02:00
295900344,de:11000:900067221:1:50,-0.3,2026-10-02T01:01:04.695736+02:00
295900344,de:11000:900063452:1:51,-0.4,2026-10-02T01:01:04.695736+02:00
295900344,de:11000:900058102:2:53,-0.5,2026-10-02T01:01:04.695736+02:00
295900344,de:11000:900058101:1:51,-0.3,2026-10-02T01:01:04.695736+02:00
295900344,de:11000:900058103:1:51,0.0,2026-10-02T01:01:04.695736+02:00
295900344,de:11000:900012101:2:53,-0.7,2026-10-02T01:01:04.695736+02:00
295900344,de:11000:900100020:4:57,-0.8,2026-10-02T01:01:04.695736+02:00
295900344,de:11000:900100025:1:51,-0.9,2026-10-02T01:01:04.695736+02:00
295900344,de:11000:900100001:4:57,-0.6,2026-10-02T01:01:04.695736+02:00
295900344,de:11000:900100007:1:51,-0.7,2026-10-02T01:01:04.695736+02:00
295900344,de:11000:900007104:2:52,-0.7,2026-10-02T01:01:04.695736+02:00
295900344,de:11000:900008101:1:51,-0.4,2026-10-02T01:01:04.695736+02:00
295900344,de:11000:900007102:2:53,-0.2,2026-10-02T01:01:04.695736+02:00
295900344,de:11000:900110011:2:53,-0.4,2026-10-02T01:01:04.695736+02:00
295900344,de:11000:900085201:1:50,-0.8,2026-10-02T01:01:04.695736+02:00
295900344,de:11000:900085105:1:50,-0.8,2026-10-02T01:01:04.695736+02:00
295900344,de:11000:900096458:1:50,-0.1,2026-10-02T01:01:04.695736+02:00
295900344,de:11000:900096405:1:50,-0.8,2026-10-02T01:01:04.695736+02:00
295900344,de:11000:900089303:1:50,-0.7,2026-10-02T01:01:04.695736+02:00
295900344,de:11000:900091205:1:50,-0.3,2026-10-02T01:01:04.695736+02:00
295900344,de:11000:900091203:1:50,-0.5,2026-10-02T01:01:04.695736+02:00
295900344,de:12065:900200000:1:55,-0.7,2026-10-02T01:01:04.695736+02:00
295903011,de:11000:900142001:1:51,0.0,2026-10-02T01:01:04.695736+02:00
295903011,de:11000:900130001:1:51,-0.2,2026-10-02T01:01:04.695736+02:00
295903011,de:11000:900130002:1:51,-0.7,2026-10-02T01:01:04.695736+02:00
295903011,de:11000:900110011:1:51,-0.2,2026-10-02T01:01:04.695736+02:00
295903011,de:11000:900007102:1:50,-0.7,2026-10-02T01:01:04.695736+02:00
295903011,de:11000:900008101:1:50,-0.4,2026-10-02T01:01:04.695736+02:00
295903011,de:11000:900007104:1:51,-0.2,2026-10-02T01:01:04.695736+02:00
295903011,de:11000:900100007:1:50,-0.2,2026-10-02T01:01:04.695736+02:00
295903011,de:11000:900100001:4:56,0.0,2026-10-02T01:01:04.695736+02:00
295903011,de:11000:900100025:1:50,-0.9,2026-10-02T01:01:04.695736+02:00
295903011,de:11000:900100020:3:54,-0.9,2026-10-02T01:01:04.695736+02:00
295903011,de:11000:900012101:1:51,0.0,2026-10-02T01:01:04.695736+02:00
295903011,de:11000:900058103:1:50,-0.7,2026-10-02T01:01:04.695736+02:00
295903011,de:11000:900058101:1:50,-0.3,2026-10-02T01:01:04.695736+02:00
295903011,de:11000:900058102:1:52,0.0,2026-10-02T01:01:04.695736+02:00
295903011,de:11000:900063452:1:50,-0.1,2026-10-02T01:01:04.695736+02:00
295903011,de:11000:900067221:1:50,-0.2,2026-10-02T01:01:04.695736+02:00
295903011,de:11000:900064301:3:52,-0.2,2026-10-02T01:01:04.695736+02:00
295903011,de:11000:900064256:1:50,-0.7,2026-10-02T01:01:04.695736+02:00
295903011,de:11000:900064201:1:50,-0.6,2026-10-02T01:01:04.695736+02:00
295903011,de:12069:900220114:1:50,-0.9,2026-10-02T01:01:04.695736+02:00
295903005,de:11000:900142001:1:51,0.0,2026-10-02T01:01:04.695736+02:00
295903005,de:11000:900130001:1:51,-0.2,2026-10-02T01:01:04.695736+02:00
295903005,de:11000:900130002:1:51,-0.7,2026-10-02T01:01:04.695736+02:00
295903005,de:11000:900110011:1:51,-0.2,2026-10-02T01:01:04.695736+02:00
295903005,de:11000:900007102:1:50,-0.7,2026-10-02T01:01:04.695736+02:00
295903005,de:11000:900008101:1:50,-0.4,2026-10-02T01:01:04.695736+02:00
295903005,de:11000:900007104:1:51,-0.2,2026-10-02T01:01:04.695736+02:00
295903005,de:11000:900100007:1:50,-0.2,2026-10-02T01:01:04.695736+02:00
295903005,de:11000:900100001:4:56,0.0,2026-10-02T01:01:04.695736+02:00
295903005,de:11000:900100025:1:50,-0.9,2026-10-02T01:01:04.695736+02:00
295903005,de:11000:900100020:3:54,-0.9,2026-10-02T01:01:04.695736+02:00
295903005,de:11000:900012101:1:51,0.0,2026-10-02T01:01:04.695736+02:00
295903005,de:11000:900058103:1:50,-0.7,2026-10-02T01:01:04.695736+02:00
295903005,de:11000:900058101:1:50,-0.3,2026-10-02T01:01:04.695736+02:00
295903005,de:11000:900058102:1:52,0.0,2026-10-02T01:01:04.695736+02:00
295903005,de:11000:900063452:1:50,-0.1,2026-10-02T01:01:04.695736+02:00
295903005,de:11000:900067221:1:50,-0.2,2026-10-02T01:01:04.695736+02:00
295903005,de:11000:900064301:3:52,-0.2,2026-10-02T01:01:04.695736+02:00
295903005,de:11000:900064256:1:50,-0.7,2026-10-02T01:01:04.695736+02:00
295903005,de:11000:900064201:1:50,-0.6,2026-10-02T01:01:04.695736+02:00
295903005,de:12069:900220114:1:50,-0.9,2026-10-02T01:01:04.695736+02:00
295902998,de:11000:900142001:1:51,0.0,2026-10-02T01:01:04.695736+02:00
295902998,de:11000:900130001:1:51,-0.2,2026-10-02T01:01:04.695736+02:00
295902998,de:11000:900130002:1:51,-0.7,2026-10-02T01:01:04.695736+02:00
295902998,de:11000:900110011:1:51,-0.2,2026-10-02T01:01:04.695736+02:00
295902998,de:11000:900007102:1:50,-0.7,2026-10-02T01:01:04.695736+02:00
295902998,de:11000:900008101:1:50,-0.4,2026-10-02T01:01:04.695736+02:00
295902998,de:11000:900007104:1:51,-0.2,2026-10-02T01:01:04.695736+02:00
295902998,de:11000:900100007:1:50,-0.2,2026-10-02T01:01:04.695736+02:00
295902998,de:11000:900100001:4:56,0.0,2026-10-02T01:01:04.695736+02:00
295902998,de:11000:900100025:1:50,-0.9,2026-10-02T01:01:04.695736+02:00
295902998,de:11000:900100020:3:54,-0.9,2026-10-02T01:01:04.695736+02:00
295902998,de:11000:900012101:1:51,0.0,2026-10-02T01:01:04.695736+02:00
295902998,de:11000:900058103:1:50,-0.7,2026-10-02T01:01:04.695736+02:00
295902998,de:11000:900058101:1:50,-0.3,2026-10-02T01:01:04.695736+02:00
295902998,de:11000:900058102:1:52,0.0,2026-10-02T01:01:04.695736+02:00
295902998,de:11000:900063452:1:50,-0.1,2026-10-02T01:01:04.695736+02:00
295902998,de:11000:900067221:1:50,-0.2,2026-10-02T01:01:04.695736+02:00
295902998,de:11000:900064301:3:52,-0.2,2026-10-02T01:01:04.695736+02:00
295902998,de:11000:900064256:1:50,-0.7,2026-10-02T01:01:04.695736+02:00
295902998,de:11000:900064201:1:50,-0.6,2026-10-02T01:01:04.695736+02:00
295902998,de:12069:900220114:1:50,-0.9,2026-10-02T01:01:04.695736+02:00
306897022,de:12067:900311330::2,0.0,2026-10-02T01:01:04.695736+02:00
306897022,de:12067:900311328::1,0.0,2026-10-02T01:01:04.695736+02:00
306897022,de:12067:900311300::2,0.0,2026-10-02T01:01:04.695736+02:00
306897022,de:12067:900311325::2,0.0,2026-10-02T01:01:04.695736+02:00
306897022,de:12067:900311383::6,0.0,2026-10-02T01:01:04.695736+02:00
306897022,de:12067:900311305::1,0.0,2026-10-02T01:01:04.695736+02:00
306897022,de:12067:900311320::1,0.0,2026-10-02T01:01:04.695736+02:00
306897022,de:12067:900311318::1,0.0,2026-10-02T01:01:04.695736+02:00
306897022,de:12067:900311319::1,0.0,2026-10-02T01:01:04.695736+02:00
295906979,de:11000:900029101:1:50,0.0,2026-10-02T01:01:04.695736+02:00
295906979,de:11000:900030202:1:50,-0.3,2026-10-02T01:01:04.695736+02:00
295906979,de:11000:900025424:1:51,-0.2,2026-10-02T01:01:04.695736+02:00
295906979,de:11000:900025321:1:51,-0.2,2026-10-02T01:01:04.695736+02:00
295906979,de:11000:900026105:1:50,-0.4,2026-10-02T01:01:04.695736+02:00
295906979,de:11000:900025423:1:50,-0.7,2026-10-02T01:01:04.695736+02:00
295906979,de:11000:900024102:2:53,-0.7,2026-10-02T01:01:04.695736+02:00
295906979,de:11000:900024101:3:55,-0.3,2026-10-02T01:01:04.695736+02:00
295906979,de:11000:900024203:1:51,-0.8,2026-10-02T01:01:04.695736+02:00
295906979,de:11000:900023201:3:54,-0.7,2026-10-02T01:01:04.695736+02:00
295906979,de:11000:900003103:1:50,-0.8,2026-10-02T01:01:04.695736+02:00
295906979,de:11000:900003102:1:50,-0.9,2026-10-02T01:01:04.695736+02:00
295906979,de:11000:900003201:3:54,-0.5,2026-10-02T01:01:04.695736+02:00
295906979,de:11000:900100001:3:54,-0.1,2026-10-02T01:01:04.695736+02:00
295906979,de:11000:900100002:1:50,-0.4,2026-10-02T01:01:04.695736+02:00
295906979,de:11000:900100003:2:52,-0.1,2026-10-02T01:01:04.695736+02:00
295906979,de:11000:900100004:1:50,-0.4,2026-10-02T01:01:04.695736+02:00
295906979,de:11000:900120005:4:55,-0.6,2026-10-02T01:01:04.695736+02:00
295906979,de:11000:900120004:1:50,-0.1,2026-10-02T01:01:04.695736+02:00
295906979,de:11000:900120003:2:53,-0.4,2026-10-02T01:01:04.695736+02:00
295906979,de:11000:900160001:1:51,-0.4,2026-10-02T01:01:04.695736+02:00
295906979,de:11000:900160002:1:50,-0.7,2026-10-02T01:01:04.695736+02:00
295906979,de:11000:900162001:1:51,-0.3,2026-10-02T01:01:04.695736+02:00
295906979,de:11000:900180002:1:51,-0.3,2026-10-02T01:01:04.695736+02:00
295906979,de:11000:900180001:1:50,-0.7,2026-10-02T01:01:04.695736+02:00
295906979,de:11000:900182001:1:51,-0.2,2026-10-02T01:01:04.695736+02:00
295906979,de:11000:900182002:1:51,-0.4,2026-10-02T01:01:04.695736+02:00
295906979,de:11000:900183001:1:51,0.0,2026-10-02T01:01:04.695736+02:00
295906979,de:11000:900183002:1:51,-0.3,2026-10-02T01:01:04.695736+02:00
295906979,de:12067:900310004:3:52,-0.5,2026-10-02T01:01:04.695736+02:00
295906972,de:11000:900029101:1:50,0.0,2026-10-02T01:01:04.695736+02:00
295906972,de:11000:900030202:1:50,-0.3,2026-10-02T01:01:04.695736+02:00
295906972,de:11000:900025424:1:51,-0.2,2026-10-02T01:01:04.695736+02:00
295906972,de:11000:900025321:1:51,-0.2,2026-10-02T01:01:04.695736+02:00
295906972,de:11000:900026105:1:50,-0.4,2026-10-02T01:01:04.695736+02:00
295906972,de:11000:900025423:1:50,-0.7,2026-10-02T01:01:04.695736+02:00
295906972,de:11000:900024102:2:53,-0.7,2026-10-02T01:01:04.695736+02:00
295906972,de:11000:900024101:3:55,-0.3,2026-10-02T01:01:04.695736+02:00
295906972,de:11000:900024203:1:51,-0.8,2026-10-02T01:01:04.695736+02:00
295906972,de:11000:900023201:3:54,-0.7,2026-10-02T01:01:04.695736+02:00
295906972,de:11000:900003103:1:50,-0.8,2026-10-02T01:01:04.695736+02:00
295906972,de:11000:900003102:1:50,-0.9,2026-10-02T01:01:04.695736+02:00
295906972,de:11000:900003201:3:54,-0.5,2026-10-02T01:01:04.695736+02:00
295906972,de:11000:900100001:3:54,-0.1,2026-10-02T01:01:04.695736+02:00
295906972,de:11000:900100002:1:50,-0.4,2026-10-02T01:01:04.695736+02:00
295906972,de:11000:900100003:2:52,-0.1,2026-10-02T01:01:04.695736+02:00
295906972,de:11000:900100004:1:50,-0.4,2026-10-02T01:01:04.695736+02:00
295906972,de:11000:900120005:4:55,-0.6,2026-10-02T01:01:04.695736+02:00
295906972,de:11000:900120004:1:50,-0.1,2026-10-02T01:01:04.695736+02:00
295906972,de:11000:900120003:2:53,-0.4,2026-10-02T01:01:04.695736+02:00
295906972,de:11000:900160001:1:51,-0.4,2026-10-02T01:01:04.695736+02:00
295906972,de:11000:900160002:1:50,-0.7,2026-10-02T01:01:04.695736+02:00
295906972,de:11000:900162001:1:51,-0.3,2026-10-02T01:01:04.695736+02:00
295906972,de:11000:900180002:1:51,-0.3,2026-10-02T01:01:04.695736+02:00
295906972,de:11000:900180001:1:50,-0.7,2026-10-02T01:01:04.695736+02:00
295906972,de:11000:900182001:1:51,-0.2,2026-10-02T01:01:04.695736+02:00
295906972,de:11000:900182002:1:51,-0.4,2026-10-02T01:01:04.695736+02:00
295906972,de:11000:900183001:1:51,0.0,2026-10-02T01:01:04.695736+02:00
295906972,de:11000:900183002:1:51,-0.3,2026-10-02T01:01:04.695736+02:00
295906972,de:12067:900310004:3:52,-0.5,2026-10-02T01:01:04.695736+02:00
295906971,de:11000:900029101:1:50,0.0,2026-10-02T01:01:04.695736+02:00
295906971,de:11000:900030202:1:50,-0.3,2026-10-02T01:01:04.695736+02:00
295906971,de:11000:900025424:1:51,-0.2,2026-10-02T01:01:04.695736+02:00
295906971,de:11000:900025321:1:51,-0.2,2026-10-02T01:01:04.695736+02:00
295906971,de:11000:900026105:1:50,-0.4,2026-10-02T01:01:04.695736+02:00
295906971,de:11000:900025423:1:50,-0.7,2026-10-02T01:01:04.695736+02:00
295906971,de:11000:900024102:2:53,-0.7,2026-10-02T01:01:04.695736+02:00
295906971,de:11000:900024101:3:55,-0.3,2026-10-02T01:01:04.695736+02:00
295906971,de:11000:900024203:1:51,-0.8,2026-10-02T01:01:04.695736+02:00
295906971,de:11000:900023201:3:54,-0.7,2026-10-02T01:01:04.695736+02:00
295906971,de:11000:900003103:1:50,-0.8,2026-10-02T01:01:04.695736+02:00
295906971,de:11000:900003102:1:50,-0.9,2026-10-02T01:01:04.695736+02:00
295906971,de:11000:900003201:3:54,-0.5,2026-10-02T01:01:04.695736+02:00
295906971,de:11000:900100001:3:54,-0.1,2026-10-02T01:01:04.695736+02:00
295906971,de:11000:900100002:1:50,-0.4,2026-10-02T01:01:04.695736+02:00
295906971,de:11000:900100003:2:52,-0.1,2026-10-02T01:01:04.695736+02:00
295906971,de:11000:900100004:1:50,-0.4,2026-10-02T01:01:04.695736+02:00
295906971,de:11000:900120005:4:55,-0.6,2026-10-02T01:01:04.695736+02:00
295906971,de:11000:900120004:1:50,-0.1,2026-10-02T01:01:04.695736+02:00
295906971,de:11000:900120003:2:53,-0.4,2026-10-02T01:01:04.695736+02:00
295906971,de:11000:900160001:1:51,-0.4,2026-10-02T01:01:04.695736+02:00
295906971,de:11000:900160002:1:50,-0.7,2026-10-02T01:01:04.695736+02:00
295906971,de:11000:900162001:1:51,-0.3,2026-10-02T01:01:04.695736+02:00
295906971,de:11000:900180002:1:51,-0.3,2026-10-02T01:01:04.695736+02:00
295906971,de:11000:900180001:1:50,-0.7,2026-10-02T01:01:04.695736+02:00
295906971,de:11000:900182001:1:51,-0.2,2026-10-02T01:01:04.695736+02:00
295906971,de:11000:900182002:1:51,-0.4,2026-10-02T01:01:04.695736+02:00
295906971,de:11000:900183001:1:51,0.0,2026-10-02T01:01:04.695736+02:00
295906971,de:11000:900183002:1:51,-0.3,2026-10-02T01:01:04.695736+02:00
295906971,de:12067:900310004:3:52,-0.5,2026-10-02T01:01:04.695736+02:00
307444527,de:11000:900029101:3:54,0.0,2026-10-02T01:01:04.695736+02:00
307444527,de:11000:900020201:1:50,0.0,2026-10-02T01:01:04.695736+02:00
307444527,de:11000:900003200:1:51,0.0,2026-10-02T01:01:04.695736+02:00
307444527,de:11000:900100020:1:51,0.0,2026-10-02T01:01:04.695736+02:00
307444527,de:11000:900058101:3:54,0.0,2026-10-02T01:01:04.695736+02:00
307444527,de:11000:900064301:1:50,0.0,2026-10-02T01:01:04.695736+02:00
307444527,de:12072:900245029:1:51,0.0,2026-10-02T01:01:04.695736+02:00
307444527,de:12072:900245037:1:50,0.0,2026-10-02T01:01:04.695736+02:00
307444527,de:12072:900245010:1:50,0.0,2026-10-02T01:01:04.695736+02:00
307444527,de:12072:900245016:1:50,0.0,2026-10-02T01:01:04.695736+02:00
307444527,de:12072:900245002:2:52,0.0,2026-10-02T01:01:04.695736+02:00
295909929,de:11000:900120005:4:56,0.0,2026-10-02T01:01:04.695736+02:00
295909929,de:11000:900120004:1:51,-0.1,2026-10-02T01:01:04.695736+02:00
295909929,de:11000:900120003:2:53,-0.4,2026-10-02T01:01:04.695736+02:00
295909929,de:11000:900160001:1:51,-0.4,2026-10-02T01:01:04.695736+02:00
295909929,de:11000:900160002:1:50,-0.7,2026-10-02T01:01:04.695736+02:00
295909929,de:11000:900162001:1:51,-0.3,2026-10-02T01:01:04.695736+02:00
295909929,de:11000:900180002:1:51,-0.3,2026-10-02T01:01:04.695736+02:00
295909929,de:11000:900180001:1:50,-0.7,2026-10-02T01:01:04.695736+02:00
295909929,de:11000:900182001:1:51,-0.2,2026-10-02T01:01:04.695736+02:00
295909929,de:11000:900182002:1:51,-0.4,2026-10-02T01:01:04.695736+02:00
306895470,de:12067:900310807::1,0.0,2026-10-02T01:01:04.695736+02:00
306895470,de:12067:900310815::2,0.0,2026-10-02T01:01:04.695736+02:00
306895470,de:12067:900310880::2,0.0,2026-10-02T01:01:04.695736+02:00
306895470,de:12067:900310010::2,0.0,2026-10-02T01:01:04.695736+02:00
306895470,de:12067:900310770::2,0.0,2026-10-02T01:01:04.695736+02:00
306895470,de:12067:900310812::2,0.0,2026-10-02T01:01:04.695736+02:00
306895470,de:12067:900310806::2,0.0,2026-10-02T01:01:04.695736+02:00
306895470,de:12067:900310778::2,0.0,2026-10-02T01:01:04.695736+02:00
306895470,de:12067:900310768::2,0.0,2026-10-02T01:01:04.695736+02:00
306895470,de:12067:900310786::2,0.0,2026-10-02T01:01:04.695736+02:00
306895470,de:12067:900310784::2,0.0,2026-10-02T01:01:04.695736+02:00
306895470,de:12067:900311104::2,0.0,2026-10-02T01:01:04.695736+02:00
306895470,de:12067:900310995::1,0.0,2026-10-02T01:01:04.695736+02:00
306895470,de:12067:900310779::2,0.0,2026-10-02T01:01:04.695736+02:00
306895470,de:12067:900310808::2,0.0,2026-10-02T01:01:04.695736+02:00
306895470,de:12067:900310822::2,0.0,2026-10-02T01:01:04.695736+02:00
306895470,de:12067:900310781::2,0.0,2026-10-02T01:01:04.695736+02:00
306895470,de:12067:900310627::2,0.0,2026-10-02T01:01:04.695736+02:00
306895470,de:12067:900310816::2,0.0,2026-10-02T01:01:04.695736+02:00
306895470,de:12067:900310022::1,0.0,2026-10-02T01:01:04.695736+02:00
306895470,de:12067:900310001::11,0.0,2026-10-02T01:01:04.695736+02:00
306895470,de:12067:900310001::1,0.0,2026-10-02T01:01:04.695736+02:00
306895470,de:12067:900310696::1,0.0,2026-10-02T01:01:04.695736+02:00
306895470,de:12067:900310788::1,0.0,2026-10-02T01:01:04.695736+02:00
306895470,de:12067:900310790::1,0.0,2026-10-02T01:01:04.695736+02:00
306895470,de:12067:900310787::1,0.0,2026-10-02T01:01:04.695736+02:00
306895470,de:12067:900310809::1,0.0,2026-10-02T01:01:04.695736+02:00
306895470,de:12067:900310825::1,0.0,2026-10-02T01:01:04.695736+02:00
306895470,de:12067:900310792::2,0.0,2026-10-02T01:01:04.695736+02:00
306895470,de:12067:900310774::2,0.0,2026-10-02T01:01:04.695736+02:00
306895470,de:12067:900310793::1,0.0,2026-10-02T01:01:04.695736+02:00
306895470,de:12067:900310628::1,0.0,2026-10-02T01:01:04.695736+02:00
306895470,de:12067:900310814::1,0.0,2026-10-02T01:01:04.695736+02:00
306895470,de:12067:900310775::1,0.0,2026-10-02T01:01:04.695736+02:00
307446364,de:14729:8013361,0.0,2026-10-02T01:01:04.695736+02:00
307446364,de:14729:8013362,0.0,2026-10-02T01:01:04.695736+02:00
307446364,de:14729:8011018,0.0,2026-10-02T01:01:04.695736+02:00
307446364,de:14729:8012284,0.0,2026-10-02T01:01:04.695736+02:00
307446364,de:14729:8011626,0.0,2026-10-02T01:01:04.695736+02:00
307446364,de:14729:8010059,0.0,2026-10-02T01:01:04.695736+02:00
307446364,de:14713:8011491,0.0,2026-10-02T01:01:04.695736+02:00
307446364,de:14713:8010008,0.0,2026-10-02T01:01:04.695736+02:00
307446364,de:14713:8012194,0.0,2026-10-02T01:01:04.695736+02:00
307446364,de:14713:8012343,0.0,2026-10-02T01:01:04.695736+02:00
307446364,de:14713:8012187,0.0,2026-10-02T01:01:04.695736+02:00
307446364,de:14713:8012184,0.0,2026-10-02T01:01:04.695736+02:00
307446364,de:14713:8012202,0.0,2026-10-02T01:01:04.695736+02:00
307446364,de:14713:8012186,0.0,2026-10-02T01:01:04.695736+02:00
307446364,de:14713:8098205,0.0,2026-10-02T01:01:04.695736+02:00
307446364,de:14713:8012196,0.0,2026-10-02T01:01:04.695736+02:00
307446364,000008012273,0.0,2026-10-02T01:01:04.695736+02:00
307446364,de:14713:8012195,0.0,2026-10-02T01:01:04.695736+02:00
307446364,de:14713:8012190,0.0,2026-10-02T01:01:04.695736+02:00
307446364,de:14730:8013093,0.0,2026-10-02T01:01:04.695736+02:00
307446364,de:14730:8012656,0.0,2026-10-02T01:01:04.695736+02:00
307446364,de:14730:8011959,0.0,2026-10-02T01:01:04.695736+02:00
307446364,de:14730:8010095,0.0,2026-10-02T01:01:04.695736+02:00
307446364,de:14730:8010161,0.0,2026-10-02T01:01:04.695736+02:00
307446364,de:14730:8011387,0.0,2026-10-02T01:01:04.695736+02:00
307446364,de:14730:8012371,0.0,2026-10-02T01:01:04.695736+02:00
307446364,de:14730:8010351,0.0,2026-10-02T01:01:04.695736+02:00
307446364,de:14730:8011131,0.0,2026-10-02T01:01:04.695736+02:00
307446364,de:12062:900416072:1:50,0.0,2026-10-02T01:01:04.695736+02:00
307446364,de:12062:900415345:5:56,0.0,2026-10-02T01:01:04.695736+02:00
295910110,de:11000:900024101:3:55,0.0,2026-10-02T01:01:04.695736+02:00
295910110,de:11000:900024203:1:51,-0.3,2026-10-02T01:01:04.695736+02:00
295910110,de:11000:900023201:3:54,-0.2,2026-10-02T01:01:04.695736+02:00
295910110,de:11000:900003103:1:50,-0.3,2026-10-02T01:01:04.695736+02:00
295910110,de:11000:900003102:1:50,-0.4,2026-10-02T01:01:04.695736+02:00
295910110,de:11000:900003201:3:54,0.0,2026-10-02T01:01:04.695736+02:00
295910110,de:11000:900100001:3:54,-0.6,2026-10-02T01:01:04.695736+02:00
295910110,de:11000:900100002:1:50,-0.9,2026-10-02T01:01:04.695736+02:00
295910110,de:11000:900100003:2:52,-0.6,2026-10-02T01:01:04.695736+02:00
295910110,de:11000:900100004:1:50,-0.9,2026-10-02T01:01:04.695736+02:00
295910110,de:11000:900120005:4:55,-0.1,2026-10-02T01:01:04.695736+02:00
295910110,de:11000:900120004:1:50,-0.1,2026-10-02T01:01:04.695736+02:00
295910110,de:11000:900120003:2:53,-0.4,2026-10-02T01:01:04.695736+02:00
295910110,de:11000:900160001:1:51,-0.4,2026-10-02T01:01:04.695736+02:00
295910110,de:11000:900160002:1:50,-0.7,2026-10-02T01:01:04.695736+02:00
295910110,de:11000:900162001:1:51,-0.3,2026-10-02T01:01:04.695736+02:00
295910110,de:11000:900180002:1:51,-0.3,2026-10-02T01:01:04.695736+02:00
295910110,de:11000:900180001:1:50,-0.7,2026-10-02T01:01:04.695736+02:00
295910110,de:11000:900182001:1:51,-0.2,2026-10-02T01:01:04.695736+02:00
295910110,de:11000:900182002:1:51,-0.4,2026-10-02T01:01:04.695736+02:00
295910110,de:11000:900183001:1:51,0.0,2026-10-02T01:01:04.695736+02:00
295910110,de:11000:900183002:1:51,-0.3,2026-10-02T01:01:04.695736+02:00
295910110,de:12067:900310004:3:52,-0.5,2026-10-02T01:01:04.695736+02:00
307446054,de:12070:900216026:3:53,0.0,2026-10-02T01:01:04.695736+02:00
307446054,de:15090:8010121,0.0,2026-10-02T01:01:04.695736+02:00
307446054,de:15090:8012967,0.0,2026-10-02T01:01:04.695736+02:00
307446054,de:15090:8012568,0.0,2026-10-02T01:01:04.695736+02:00
307446054,de:15090:8011665,0.0,2026-10-02T01:01:04.695736+02:00
307446054,de:15090:8011460,0.0,2026-10-02T01:01:04.695736+02:00
307446054,000008013045,0.0,2026-10-02T01:01:04.695736+02:00
307446054,de:15090:8010335,0.0,2026-10-02T01:01:04.695736+02:00
307446054,de:15090:8010334,0.0,2026-10-02T01:01:04.695736+02:00
307446054,de:15090:8011355,0.0,2026-10-02T01:01:04.695736+02:00
307446054,de:15090:8013083,0.0,2026-10-02T01:01:04.695736+02:00
307446054,de:15083:8012295,0.0,2026-10-02T01:01:04.695736+02:00
307446054,de:15083:8011042,0.0,2026-10-02T01:01:04.695736+02:00
307446054,de:15083:8013402,0.0,2026-10-02T01:01:04.695736+02:00
307446054,de:15083:8073410,0.0,2026-10-02T01:01:04.695736+02:00
307446054,de:15083:8013344,0.0,2026-10-02T01:01:04.695736+02:00
307446054,de:15003:8010086,0.0,2026-10-02T01:01:04.695736+02:00
307446054,de:15003:8012289,0.0,2026-10-02T01:01:04.695736+02:00
307446054,de:15003:8010226,0.0,2026-10-02T01:01:04.695736+02:00
307446054,de:15003:8010224,0.0,2026-10-02T01:01:04.695736+02:00
307446054,de:15003:8013456,0.0,2026-10-02T01:01:04.695736+02:00
307446054,de:15003:8013485,0.0,2026-10-02T01:01:04.695736+02:00
307446054,de:15003:8012291,0.0,2026-10-02T01:01:04.695736+02:00
307446054,de:15003:8012287,0.0,2026-10-02T01:01:04.695736+02:00
307446054,de:15089:8081270,0.0,2026-10-02T01:01:04.695736+02:00
307446054,de:15089:8010318,0.0,2026-10-02T01:01:04.695736+02:00
307446054,de:15089:8081260,0.0,2026-10-02T01:01:04.695736+02:00
307446054,de:15089:8012907,0.0,2026-10-02T01:01:04.695736+02:00
307280470,de:11000:900020202:1:50,0.0,2026-10-02T01:01:04.695736+02:00
307280470,de:11000:900001201:1:50,-0.2,2026-10-02T01:01:04.695736+02:00
307280470,de:11000:900009104:1:50,-0.8,2026-10-02T01:01:04.695736+02:00
307280470,de:11000:900007102:2:52,-0.4,2026-10-02T01:01:04.695736+02:00
307280470,de:11000:900110001:1:50,-0.6,2026-10-02T01:01:04.695736+02:00
307280470,de:11000:900110002:1:50,-0.4,2026-10-02T01:01:04.695736+02:00
307280470,de:11000:900110003:1:50,-0.4,2026-10-02T01:01:04.695736+02:00
307280470,de:11000:900110004:1:50,-0.8,2026-10-02T01:01:04.695736+02:00
307280470,de:11000:900110012:1:50,-0.7,2026-10-02T01:01:04.695736+02:00
307280470,de:11000:900120001:1:50,-0.7,2026-10-02T01:01:04.695736+02:00
307280470,de:11000:900120003:5:58,-0.1,2026-10-02T01:01:04.695736+02:00
307280470,de:11000:900190001:1:50,-0.4,2026-10-02T01:01:04.695736+02:00
307280470,de:11000:900077106:1:50,-0.4,2026-10-02T01:01:04.695736+02:00
307280470,de:11000:900078201:1:50,-0.3,2026-10-02T01:01:04.695736+02:00
307280470,de:11000:900079221:1:50,-0.2,2026-10-02T01:01:04.695736+02:00
307280470,de:11000:900068201:1:50,-0.8,2026-10-02T01:01:04.695736+02:00
307280470,de:11000:900058101:5:58,-0.1,2026-10-02T01:01:04.695736+02:00
307280470,de:11000:900054104:2:52,-0.7,2026-10-02T01:01:04.695736+02:00
307280470,de:11000:900054105:1:50,-0.9,2026-10-02T01:01:04.695736+02:00
307280470,de:11000:900044202:1:50,-0.7,2026-10-02T01:01:04.695736+02:00
307280470,de:11000:900045102:1:50,-0.7,2026-10-02T01:01:04.695736+02:00
307280470,de:11000:900044101:1:50,-0.8,2026-10-02T01:01:04.695736+02:00
307280470,de:11000:900040101:1:50,-0.3,2026-10-02T01:01:04.695736+02:00
307280470,de:11000:900024101:3:54,-0.8,2026-10-02T01:01:04.695736+02:00
307280437,de:11000:900020202:1:50,0.0,2026-10-02T01:01:04.695736+02:00
307280437,de:11000:900001201:1:50,-0.2,2026-10-02T01:01:04.695736+02:00
307280437,de:11000:900009104:1:50,-0.8,2026-10-02T01:01:04.695736+02:00
307280437,de:11000:900007102:2:52,-0.4,2026-10-02T01:01:04.695736+02:00
307280437,de:11000:900110001:1:50,-0.6,2026-10-02T01:01:04.695736+02:00
307280437,de:11000:900110002:1:50,-0.4,2026-10-02T01:01:04.695736+02:00
307280437,de:11000:900110003:1:50,-0.4,2026-10-02T01:01:04.695736+02:00
307280437,de:11000:900110004:1:50,-0.8,2026-10-02T01:01:04.695736+02:00
307280437,de:11000:900110012:1:50,-0.7,2026-10-02T01:01:04.695736+02:00
307280437,de:11000:900120001:1:50,-0.7,2026-10-02T01:01:04.695736+02:00
307280437,de:11000:900120003:5:58,-0.1,2026-10-02T01:01:04.695736+02:00
307280437,de:11000:900190001:1:50,-0.4,2026-10-02T01:01:04.695736+02:00
307280437,de:11000:900077106:1:50,-0.4,2026-10-02T01:01:04.695736+02:00
307280437,de:11000:900078201:1:50,-0.3,2026-10-02T01:01:04.695736+02:00
307280437,de:11000:900079221:1:50,-0.2,2026-10-02T01:01:04.695736+02:00
307280437,de:11000:900068201:1:50,-0.8,2026-10-02T01:01:04.695736+02:00
307280437,de:11000:900058101:5:58,-0.1,2026-10-02T01:01:04.695736+02:00
307280437,de:11000:900054104:2:52,-0.7,2026-10-02T01:01:04.695736+02:00
307280437,de:11000:900054105:1:50,-0.9,2026-10-02T01:01:04.695736+02:00
307280437,de:11000:900044202:1:50,-0.7,2026-10-02T01:01:04.695736+02:00
307280437,de:11000:900045102:1:50,-0.7,2026-10-02T01:01:04.695736+02:00
307280437,de:11000:900044101:1:50,-0.8,2026-10-02T01:01:04.695736+02:00
307280437,de:11000:900040101:1:50,-0.3,2026-10-02T01:01:04.695736+02:00
307280437,de:11000:900024101:3:54,-0.8,2026-10-02T01:01:04.695736+02:00
307280435,de:11000:900020202:1:50,0.0,2026-10-02T01:01:04.695736+02:00
307280435,de:11000:900001201:1:50,-0.2,2026-10-02T01:01:04.695736+02:00
307280435,de:11000:900009104:1:50,-0.8,2026-10-02T01:01:04.695736+02:00
307280435,de:11000:900007102:2:52,-0.4,2026-10-02T01:01:04.695736+02:00
307280435,de:11000:900110001:1:50,-0.6,2026-10-02T01:01:04.695736+02:00
307280435,de:11000:900110002:1:50,-0.4,2026-10-02T01:01:04.695736+02:00
307280435,de:11000:900110003:1:50,-0.4,2026-10-02T01:01:04.695736+02:00
307280435,de:11000:900110004:1:50,-0.8,2026-10-02T01:01:04.695736+02:00
307280435,de:11000:900110012:1:50,-0.7,2026-10-02T01:01:04.695736+02:00
307280435,de:11000:900120001:1:50,-0.7,2026-10-02T01:01:04.695736+02:00
307280435,de:11000:900120003:5:58,-0.1,2026-10-02T01:01:04.695736+02:00
307280435,de:11000:900190001:1:50,-0.4,2026-10-02T01:01:04.695736+02:00
307280435,de:11000:900077106:1:50,-0.4,2026-10-02T01:01:04.695736+02:00
307280435,de:11000:900078201:1:50,-0.3,2026-10-02T01:01:04.695736+02:00
307280435,de:11000:900079221:1:50,-0.2,2026-10-02T01:01:04.695736+02:00
307280435,de:11000:900068201:1:50,-0.8,2026-10-02T01:01:04.695736+02:00
307280435,de:11000:900058101:5:58,-0.1,2026-10-02T01:01:04.695736+02:00
307280435,de:11000:900054104:2:52,-0.7,2026-10-02T01:01:04.695736+02:00
307280435,de:11000:900054105:1:50,-0.9,2026-10-02T01:01:04.695736+02:00
307280435,de:11000:900044202:1:50,-0.7,2026-10-02T01:01:04.695736+02:00
307280435,de:11000:900045102:1:50,-0.7,2026-10-02T01:01:04.695736+02:00
307280435,de:11000:900044101:1:50,-0.8,2026-10-02T01:01:04.695736+02:00
307280435,de:11000:900040101:1:50,-0.3,2026-10-02T01:01:04.695736+02:00
307280435,de:11000:900024101:3:54,-0.8,2026-10-02T01:01:04.695736+02:00
307283053,de:11000:900009104:1:51,0.0,2026-10-02T01:01:04.695736+02:00
307283053,de:11000:900007102:2:52,-0.9,2026-10-02T01:01:04.695736+02:00
307283053,de:11000:900110001:1:50,-0.6,2026-10-02T01:01:04.695736+02:00
307283053,de:11000:900110002:1:50,-0.4,2026-10-02T01:01:04.695736+02:00
307283053,de:11000:900110003:1:50,-0.4,2026-10-02T01:01:04.695736+02:00
307283053,de:11000:900110004:1:50,-0.8,2026-10-02T01:01:04.695736+02:00
307283053,de:11000:900110012:1:50,-0.7,2026-10-02T01:01:04.695736+02:00
307283053,de:11000:900120001:1:50,-0.7,2026-10-02T01:01:04.695736+02:00
307283053,de:11000:900120003:5:58,-0.1,2026-10-02T01:01:04.695736+02:00
307283053,de:11000:900190001:1:50,-0.4,2026-10-02T01:01:04.695736+02:00
307283053,de:11000:900077106:1:50,-0.4,2026-10-02T01:01:04.695736+02:00
307283053,de:11000:900078201:1:50,-0.3,2026-10-02T01:01:04.695736+02:00
307283053,de:11000:900079221:1:50,-0.2,2026-10-02T01:01:04.695736+02:00
307286644,de:11000:900024101:3:54,0.0,2026-10-02T01:01:04.695736+02:00
307286644,de:11000:900040101:1:50,-0.2,2026-10-02T01:01:04.695736+02:00
307286644,de:11000:900044101:1:50,-0.3,2026-10-02T01:01:04.695736+02:00
307286644,de:11000:900045102:1:51,-0.4,2026-10-02T01:01:04.695736+02:00
307286644,de:11000:900044202:1:51,-0.4,2026-10-02T01:01:04.695736+02:00
307286644,de:11000:900054105:1:51,-0.2,2026-10-02T01:01:04.695736+02:00
307286644,de:11000:900054104:2:53,-0.8,2026-10-02T01:01:04.695736+02:00
307286644,de:11000:900058101:5:59,-0.2,2026-10-02T01:01:04.695736+02:00
307286644,de:11000:900068201:1:51,-0.8,2026-10-02T01:01:04.695736+02:00
307286644,de:11000:900079221:1:51,-0.4,2026-10-02T01:01:04.695736+02:00
307286644,de:11000:900078201:1:51,-0.1,2026-10-02T01:01:04.695736+02:00
307286644,de:11000:900077106:1:51,0.0,2026-10-02T01:01:04.695736+02:00
307286644,de:11000:900190001:2:52,-0.9,2026-10-02T01:01:04.695736+02:00
307286644,de:11000:900120003:5:59,-0.4,2026-10-02T01:01:04.695736+02:00
307286644,de:11000:900120001:1:51,0.0,2026-10-02T01:01:04.695736+02:00
307286644,de:11000:900110012:1:51,-0.2,2026-10-02T01:01:04.695736+02:00
307286644,de:11000:900110004:1:51,-0.1,2026-10-02T01:01:04.695736+02:00
307286644,de:11000:900110003:1:51,-0.4,2026-10-02T01:01:04.695736+02:00
307286644,de:11000:900110002:1:51,-0.4,2026-10-02T01:01:04.695736+02:00
307286644,de:11000:900110001:1:51,-0.1,2026-10-02T01:01:04.695736+02:00
307286644,de:11000:900007102:1:51,-0.6,2026-10-02T01:01:04.695736+02:00
307286644,de:11000:900009104:1:51,-0.8,2026-10-02T01:01:04.695736+02:00
307286644,de:11000:900001201:1:51,-0.3,2026-10-02T01:01:04.695736+02:00
307286644,de:11000:900020202:1:51,-0.1,2026-10-02T01:01:04.695736+02:00
307286703,de:11000:900040101:1:50,0.0,2026-10-02T01:01:04.695736+02:00
307286703,de:11000:900044101:1:50,-0.8,2026-10-02T01:01:04.695736+02:00
307286703,de:11000:900045102:1:51,-0.9,2026-10-02T01:01:04.695736+02:00
307286703,de:11000:900044202:1:51,-0.9,2026-10-02T01:01:04.695736+02:00
307286703,de:11000:900054105:1:51,-0.7,2026-10-02T01:01:04.695736+02:00
307286703,de:11000:900054104:2:53,-0.3,2026-10-02T01:01:04.695736+02:00
307286703,de:11000:900058101:5:59,-0.2,2026-10-02T01:01:04.695736+02:00
307286703,de:11000:900068201:1:51,-0.8,2026-10-02T01:01:04.695736+02:00
307286703,de:11000:900079221:1:51,-0.4,2026-10-02T01:01:04.695736+02:00
307286703,de:11000:900078201:1:51,-0.1,2026-10-02T01:01:04.695736+02:00
307286703,de:11000:900077106:1:51,0.0,2026-10-02T01:01:04.695736+02:00
307286703,de:11000:900190001:2:52,-0.9,2026-10-02T01:01:04.695736+02:00
307286703,de:11000:900120003:5:59,-0.4,2026-10-02T01:01:04.695736+02:00
307286703,de:11000:900120001:1:51,0.0,2026-10-02T01:01:04.695736+02:00
307286703,de:11000:900110012:1:51,-0.2,2026-10-02T01:01:04.695736+02:00
307286703,de:11000:900110004:1:51,-0.1,2026-10-02T01:01:04.695736+02:00
307286703,de:11000:900110003:1:51,-0.4,2026-10-02T01:01:04.695736+02:00
307286703,de:11000:900110002:1:51,-0.4,2026-10-02T01:01:04.695736+02:00
307286703,de:11000:900110001:1:51,-0.1,2026-10-02T01:01:04.695736+02:00
307286703,de:11000:900007102:1:51,-0.6,2026-10-02T01:01:04.695736+02:00
307286703,de:11000:900009104:1:50,-0.8,2026-10-02T01:01:04.695736+02:00
307286703,de:11000:900001201:1:50,-0.3,2026-10-02T01:01:04.695736+02:00
307286703,de:11000:900020202:1:50,-0.1,2026-10-02T01:01:04.695736+02:00
307286628,de:11000:900024101:3:54,0.0,2026-10-02T01:01:04.695736+02:00
307286628,de:11000:900040101:1:50,-0.2,2026-10-02T01:01:04.695736+02:00
307286628,de:11000:900044101:1:50,-0.3,2026-10-02T01:01:04.695736+02:00
307286628,de:11000:900045102:1:51,-0.4,2026-10-02T01:01:04.695736+02:00
307286628,de:11000:900044202:1:51,-0.4,2026-10-02T01:01:04.695736+02:00
307286628,de:11000:900054105:1:51,-0.2,2026-10-02T01:01:04.695736+02:00
307286628,de:11000:900054104:2:53,-0.8,2026-10-02T01:01:04.695736+02:00
307286628,de:11000:900058101:5:59,-0.2,2026-10-02T01:01:04.695736+02:00
307286628,de:11000:900068201:1:51,-0.8,2026-10-02T01:01:04.695736+02:00
307286628,de:11000:900079221:1:51,-0.4,2026-10-02T01:01:04.695736+02:00
307286628,de:11000:900078201:1:51,-0.1,2026-10-02T01:01:04.695736+02:00
307286628,de:11000:900077106:1:51,0.0,2026-10-02T01:01:04.695736+02:00
307286628,de:11000:900190001:2:52,-0.9,2026-10-02T01:01:04.695736+02:00
307286628,de:11000:900120003:5:59,-0.4,2026-10-02T01:01:04.695736+02:00
307286628,de:11000:900120001:1:51,0.0,2026-10-02T01:01:04.695736+02:00
307286628,de:11000:900110012:1:51,-0.2,2026-10-02T01:01:04.695736+02:00
307286628,de:11000:900110004:1:51,-0.1,2026-10-02T01:01:04.695736+02:00
307286628,de:11000:900110003:1:51,-0.4,2026-10-02T01:01:04.695736+02:00
307286628,de:11000:900110002:1:51,-0.4,2026-10-02T01:01:04.695736+02:00
307286628,de:11000:900110001:1:51,-0.1,2026-10-02T01:01:04.695736+02:00
307286628,de:11000:900007102:1:51,-0.6,2026-10-02T01:01:04.695736+02:00
307286628,de:11000:900009104:1:51,-0.8,2026-10-02T01:01:04.695736+02:00
307286628,de:11000:900001201:1:51,-0.3,2026-10-02T01:01:04.695736+02:00
307286628,de:11000:900020202:1:51,-0.1,2026-10-02T01:01:04.695736+02:00
307286686,de:11000:900040101:1:50,0.0,2026-10-02T01:01:04.695736+02:00
307286686,de:11000:900044101:1:50,-0.8,2026-10-02T01:01:04.695736+02:00
307286686,de:11000:900045102:1:51,-0.9,2026-10-02T01:01:04.695736+02:00
307286686,de:11000:900044202:1:51,-0.9,2026-10-02T01:01:04.695736+02:00
307286686,de:11000:900054105:1:51,-0.7,2026-10-02T01:01:04.695736+02:00
307286686,de:11000:900054104:2:53,-0.3,2026-10-02T01:01:04.695736+02:00
307286686,de:11000:900058101:5:59,-0.2,2026-10-02T01:01:04.695736+02:00
307286686,de:11000:900068201:1:51,-0.8,2026-10-02T01:01:04.695736+02:00
307286686,de:11000:900079221:1:51,-0.4,2026-10-02T01:01:04.695736+02:00
307286686,de:11000:900078201:1:51,-0.1,2026-10-02T01:01:04.695736+02:00
307286686,de:11000:900077106:1:51,0.0,2026-10-02T01:01:04.695736+02:00
307286686,de:11000:900190001:2:52,-0.9,2026-10-02T01:01:04.695736+02:00
307286686,de:11000:900120003:5:59,-0.4,2026-10-02T01:01:04.695736+02:00
307286686,de:11000:900120001:1:51,0.0,2026-10-02T01:01:04.695736+02:00
307286686,de:11000:900110012:1:51,-0.2,2026-10-02T01:01:04.695736+02:00
307286686,de:11000:900110004:1:51,-0.1,2026-10-02T01:01:04.695736+02:00
307286686,de:11000:900110003:1:51,-0.4,2026-10-02T01:01:04.695736+02:00
307286686,de:11000:900110002:1:51,-0.4,2026-10-02T01:01:04.695736+02:00
307286686,de:11000:900110001:1:51,-0.1,2026-10-02T01:01:04.695736+02:00
307286686,de:11000:900007102:1:51,-0.6,2026-10-02T01:01:04.695736+02:00
307286686,de:11000:900009104:1:50,-0.8,2026-10-02T01:01:04.695736+02:00
307286686,de:11000:900001201:1:50,-0.3,2026-10-02T01:01:04.695736+02:00
307286686,de:11000:900020202:1:50,-0.1,2026-10-02T01:01:04.695736+02:00
307286674,de:11000:900040101:1:50,0.0,2026-10-02T01:01:04.695736+02:00
307286674,de:11000:900044101:1:50,-0.8,2026-10-02T01:01:04.695736+02:00
307286674,de:11000:900045102:1:51,-0.9,2026-10-02T01:01:04.695736+02:00
307286674,de:11000:900044202:1:51,-0.9,2026-10-02T01:01:04.695736+02:00
307286674,de:11000:900054105:1:51,-0.7,2026-10-02T01:01:04.695736+02:00
307286674,de:11000:900054104:2:53,-0.3,2026-10-02T01:01:04.695736+02:00
307286674,de:11000:900058101:5:59,-0.2,2026-10-02T01:01:04.695736+02:00
307286674,de:11000:900068201:1:51,-0.8,2026-10-02T01:01:04.695736+02:00
307286674,de:11000:900079221:1:51,-0.4,2026-10-02T01:01:04.695736+02:00
307286674,de:11000:900078201:1:51,-0.1,2026-10-02T01:01:04.695736+02:00
307286674,de:11000:900077106:1:51,0.0,2026-10-02T01:01:04.695736+02:00
307286674,de:11000:900190001:2:52,-0.9,2026-10-02T01:01:04.695736+02:00
307286674,de:11000:900120003:5:59,-0.4,2026-10-02T01:01:04.695736+02:00
307286674,de:11000:900120001:1:51,0.0,2026-10-02T01:01:04.695736+02:00
307286674,de:11000:900110012:1:51,-0.2,2026-10-02T01:01:04.695736+02:00
307286674,de:11000:900110004:1:51,-0.1,2026-10-02T01:01:04.695736+02:00
307286674,de:11000:900110003:1:51,-0.4,2026-10-02T01:01:04.695736+02:00
307286674,de:11000:900110002:1:51,-0.4,2026-10-02T01:01:04.695736+02:00
307286674,de:11000:900110001:1:51,-0.1,2026-10-02T01:01:04.695736+02:00
307286674,de:11000:900007102:1:51,-0.6,2026-10-02T01:01:04.695736+02:00
307286674,de:11000:900009104:1:50,-0.8,2026-10-02T01:01:04.695736+02:00
307286674,de:11000:900001201:1:50,-0.3,2026-10-02T01:01:04.695736+02:00
307286674,de:11000:900020202:1:50,-0.1,2026-10-02T01:01:04.695736+02:00
307289054,de:11000:900079221:1:51,0.0,2026-10-02T01:01:04.695736+02:00
307289054,de:11000:900078201:1:51,-0.1,2026-10-02T01:01:04.695736+02:00
307289054,de:11000:900077106:1:51,0.0,2026-10-02T01:01:04.695736+02:00
307289054,de:11000:900190001:2:52,-0.9,2026-10-02T01:01:04.695736+02:00
307289054,de:11000:900120003:5:59,-0.4,2026-10-02T01:01:04.695736+02:00
307289054,de:11000:900120001:1:51,0.0,2026-10-02T01:01:04.695736+02:00
307289054,de:11000:900110012:1:51,-0.2,2026-10-02T01:01:04.695736+02:00
307289054,de:11000:900110004:1:51,-0.1,2026-10-02T01:01:04.695736+02:00
307289054,de:11000:900110003:1:51,-0.4,2026-10-02T01:01:04.695736+02:00
307289054,de:11000:900110002:1:51,-0.4,2026-10-02T01:01:04.695736+02:00
307289054,de:11000:900110001:1:51,-0.1,2026-10-02T01:01:04.695736+02:00
307289054,de:11000:900007102:1:51,-0.6,2026-10-02T01:01:04.695736+02:00
307289054,de:11000:900009104:1:51,-0.3,2026-10-02T01:01:04.695736+02:00
307293013,de:11000:900186001:2:53,0.0,2026-10-02T01:01:04.695736+02:00
307293013,de:11000:900193002:1:51,-0.2,2026-10-02T01:01:04.695736+02:00
307293013,de:11000:900193001:2:51,-0.8,2026-10-02T01:01:04.695736+02:00
307293013,de:11000:900192001:3:55,-0.7,2026-10-02T01:01:04.695736+02:00
307293013,de:11000:900191001:1:50,-0.4,2026-10-02T01:01:04.695736+02:00
307293013,de:11000:900077155:1:50,-0.9,2026-10-02T01:01:04.695736+02:00
307293013,de:11000:900078201:1:50,-0.4,2026-10-02T01:01:04.695736+02:00
307293013,de:11000:900079221:1:50,-0.2,2026-10-02T01:01:04.695736+02:00
307293013,de:11000:900068201:1:50,-0.8,2026-10-02T01:01:04.695736+02:00
307293013,de:11000:900058101:5:58,-0.1,2026-10-02T01:01:04.695736+02:00
307293013,de:11000:900054104:2:52,-0.2,2026-10-02T01:01:04.695736+02:00
307293013,de:11000:900054105:1:50,-0.9,2026-10-02T01:01:04.695736+02:00
307293013,de:11000:900044202:1:50,-0.7,2026-10-02T01:01:04.695736+02:00
307292225,de:11000:900044202:1:51,0.0,2026-10-02T01:01:04.695736+02:00
307292225,de:11000:900054105:1:51,-0.2,2026-10-02T01:01:04.695736+02:00
307292225,de:11000:900054104:2:53,-0.8,2026-10-02T01:01:04.695736+02:00
307292225,de:11000:900058101:5:59,-0.7,2026-10-02T01:01:04.695736+02:00
307292225,de:11000:900068201:1:51,-0.3,2026-10-02T01:01:04.695736+02:00
307292225,de:11000:900079221:1:51,-0.9,2026-10-02T01:01:04.695736+02:00
307292225,de:11000:900078201:1:51,-0.6,2026-10-02T01:01:04.695736+02:00
307292225,de:11000:900077155:1:51,-0.2,2026-10-02T01:01:04.695736+02:00
307292225,de:11000:900191001:2:51,-0.7,2026-10-02T01:01:04.695736+02:00
307292225,de:11000:900192001:2:52,-0.7,2026-10-02T01:01:04.695736+02:00
307292225,de:11000:900193001:1:50,-0.2,2026-10-02T01:01:04.695736+02:00
307292225,de:11000:900193002:1:50,-0.8,2026-10-02T01:01:04.695736+02:00
307292225,de:11000:900186001:1:50,-0.8,2026-10-02T01:01:04.695736+02:00
307292225,de:12061:900260004:1:50,-0.2,2026-10-02T01:01:04.695736+02:00
307292225,de:12061:900260003:1:50,-0.4,2026-10-02T01:01:04.695736+02:00
307292225,de:12061:900260002:1:51,-0.2,2026-10-02T01:01:04.695736+02:00
307292225,de:12061:900260001:2:52,-0.2,2026-10-02T01:01:04.695736+02:00
307292699,de:12061:900260001:2:52,0.0,2026-10-02T01:01:04.695736+02:00
307292699,de:12061:900260002:1:51,-0.8,2026-10-02T01:01:04.695736+02:00
307292699,de:12061:900260003:1:51,-0.7,2026-10-02T01:01:04.695736+02:00
307292699,de:12061:900260004:1:51,-0.9,2026-10-02T01:01:04.695736+02:00
307292699,de:11000:900186001:2:53,-0.2,2026-10-02T01:01:04.695736+02:00
307292699,de:11000:900193002:1:51,-0.2,2026-10-02T01:01:04.695736+02:00
307292699,de:11000:900193001:2:51,-0.8,2026-10-02T01:01:04.695736+02:00
307292699,de:11000:900192001:3:55,-0.7,2026-10-02T01:01:04.695736+02:00
307292699,de:11000:900191001:1:50,-0.4,2026-10-02T01:01:04.695736+02:00
307292699,de:11000:900077155:1:50,-0.9,2026-10-02T01:01:04.695736+02:00
307292699,de:11000:900078201:1:50,-0.4,2026-10-02T01:01:04.695736+02:00
307292699,de:11000:900079221:1:50,-0.2,2026-10-02T01:01:04.695736+02:00
307292699,de:11000:900068201:1:50,-0.8,2026-10-02T01:01:04.695736+02:00
307292699,de:11000:900058101:5:58,-0.1,2026-10-02T01:01:04.695736+02:00
307292699,de:11000:900054104:2:52,-0.2,2026-10-02T01:01:04.695736+02:00
307292699,de:11000:900054105:1:50,-0.9,2026-10-02T01:01:04.695736+02:00
307292699,de:11000:900044202:1:50,-0.7,2026-10-02T01:01:04.695736+02:00
306897041,de:12067:900311238::1,0.0,2026-10-02T01:01:04.695736+02:00
306897041,de:12067:900311236::2,0.0,2026-10-02T01:01:04.695736+02:00
306897041,de:12067:900311232::1,0.0,2026-10-02T01:01:04.695736+02:00
306897041,de:12067:900311237::1,0.0,2026-10-02T01:01:04.695736+02:00
306897041,de:12067:900311424::2,0.0,2026-10-02T01:01:04.695736+02:00
306897041,de:12067:900311423::2,0.0,2026-10-02T01:01:04.695736+02:00
306897041,de:12067:900311422::1,0.0,2026-10-02T01:01:04.695736+02:00
306897041,de:12067:900311420::2,0.0,2026-10-02T01:01:04.695736+02:00
306897041,de:12067:900311421::2,0.0,2026-10-02T01:01:04.695736+02:00
306897041,de:12067:900311610::2,0.0,2026-10-02T01:01:04.695736+02:00
306897041,de:12067:900311562::2,0.0,2026-10-02T01:01:04.695736+02:00
306897041,de:12067:900311440::2,0.0,2026-10-02T01:01:04.695736+02:00
306897041,de:12067:900311481::1,0.0,2026-10-02T01:01:04.695736+02:00
306897041,de:12067:900311485::1,0.0,2026-10-02T01:01:04.695736+02:00
306897041,de:12067:900311482::1,0.0,2026-10-02T01:01:04.695736+02:00
295928953,de:11000:900079221:1:51,0.0,2026-10-02T01:01:04.695736+02:00
295928953,de:11000:900078201:1:51,-0.6,2026-10-02T01:01:04.695736+02:00
295928953,de:11000:900077155:1:51,-0.2,2026-10-02T01:01:04.695736+02:00
295928953,de:11000:900191001:2:51,-0.7,2026-10-02T01:01:04.695736+02:00
295928953,de:11000:900192001:2:52,-0.7,2026-10-02T01:01:04.695736+02:00
295928953,de:11000:900193001:1:50,-0.2,2026-10-02T01:01:04.695736+02:00
295928953,de:11000:900193002:1:50,-0.8,2026-10-02T01:01:04.695736+02:00
295928953,de:11000:900186001:1:51,-0.8,2026-10-02T01:01:04.695736+02:00
295928949,de:11000:900079221:1:51,0.0,2026-10-02T01:01:04.695736+02:00
295928949,de:11000:900078201:1:51,-0.6,2026-10-02T01:01:04.695736+02:00
295928949,de:11000:900077155:1:51,-0.2,2026-10-02T01:01:04.695736+02:00
295928949,de:11000:900191001:2:51,-0.7,2026-10-02T01:01:04.695736+02:00
295928949,de:11000:900192001:2:52,-0.7,2026-10-02T01:01:04.695736+02:00
295928949,de:11000:900193001:1:50,-0.2,2026-10-02T01:01:04.695736+02:00
295928949,de:11000:900193002:1:50,-0.8,2026-10-02T01:01:04.695736+02:00
295928949,de:11000:900186001:1:51,-0.8,2026-10-02T01:01:04.695736+02:00
295928948,de:11000:900079221:1:51,0.0,2026-10-02T01:01:04.695736+02:00
295928948,de:11000:900078201:1:51,-0.6,2026-10-02T01:01:04.695736+02:00
295928948,de:11000:900077155:1:51,-0.2,2026-10-02T01:01:04.695736+02:00
295928948,de:11000:900191001:2:51,-0.7,2026-10-02T01:01:04.695736+02:00
295928948,de:11000:900192001:2:52,-0.7,2026-10-02T01:01:04.695736+02:00
295928948,de:11000:900193001:1:50,-0.2,2026-10-02T01:01:04.695736+02:00
295928948,de:11000:900193002:1:50,-0.8,2026-10-02T01:01:04.695736+02:00
295928948,de:11000:900186001:1:51,-0.8,2026-10-02T01:01:04.695736+02:00
295928947,de:11000:900079221:1:51,0.0,2026-10-02T01:01:04.695736+02:00
295928947,de:11000:900078201:1:51,-0.6,2026-10-02T01:01:04.695736+02:00
295928947,de:11000:900077155:1:51,-0.2,2026-10-02T01:01:04.695736+02:00
295928947,de:11000:900191001:2:51,-0.7,2026-10-02T01:01:04.695736+02:00
295928947,de:11000:900192001:2:52,-0.7,2026-10-02T01:01:04.695736+02:00
295928947,de:11000:900193001:1:50,-0.2,2026-10-02T01:01:04.695736+02:00
295928947,de:11000:900193002:1:50,-0.8,2026-10-02T01:01:04.695736+02:00
295928947,de:11000:900186001:1:51,-0.8,2026-10-02T01:01:04.695736+02:00
295928969,de:11000:900186001:2:52,0.0,2026-10-02T01:01:04.695736+02:00
295928969,de:11000:900193002:1:51,-0.2,2026-10-02T01:01:04.695736+02:00
295928969,de:11000:900193001:2:51,-0.8,2026-10-02T01:01:04.695736+02:00
295928969,de:11000:900192001:3:55,-0.7,2026-10-02T01:01:04.695736+02:00
295928969,de:11000:900191001:1:50,-0.4,2026-10-02T01:01:04.695736+02:00
295928969,de:11000:900077155:1:50,-0.9,2026-10-02T01:01:04.695736+02:00
295928969,de:11000:900078201:1:50,-0.9,2026-10-02T01:01:04.695736+02:00
295928969,de:11000:900079221:1:50,-0.7,2026-10-02T01:01:04.695736+02:00
295933120,de:11000:900180003:1:50,0.0,2026-10-02T01:01:04.695736+02:00
295933120,de:11000:900192002:1:50,-0.4,2026-10-02T01:01:04.695736+02:00
295933120,de:11000:900192001:3:54,-0.2,2026-10-02T01:01:04.695736+02:00
295933120,de:11000:900191001:1:50,-0.9,2026-10-02T01:01:04.695736+02:00
295933120,de:11000:900077155:1:50,-0.4,2026-10-02T01:01:04.695736+02:00
295933120,de:11000:900078201:1:50,-0.9,2026-10-02T01:01:04.695736+02:00
295933120,de:11000:900079221:1:50,-0.7,2026-10-02T01:01:04.695736+02:00
295933120,de:11000:900068201:1:50,-0.3,2026-10-02T01:01:04.695736+02:00
295933120,de:11000:900058101:5:58,-0.6,2026-10-02T01:01:04.695736+02:00
295933098,de:11000:900180003:1:50,0.0,2026-10-02T01:01:04.695736+02:00
295933098,de:11000:900192002:1:50,-0.4,2026-10-02T01:01:04.695736+02:00
295933098,de:11000:900192001:3:54,-0.2,2026-10-02T01:01:04.695736+02:00
295933098,de:11000:900191001:1:50,-0.9,2026-10-02T01:01:04.695736+02:00
295933098,de:11000:900077155:1:50,-0.4,2026-10-02T01:01:04.695736+02:00
295933098,de:11000:900078201:1:50,-0.9,2026-10-02T01:01:04.695736+02:00
295933098,de:11000:900079221:1:50,-0.7,2026-10-02T01:01:04.695736+02:00
295933098,de:11000:900068201:1:50,-0.3,2026-10-02T01:01:04.695736+02:00
295933098,de:11000:900058101:5:58,-0.6,2026-10-02T01:01:04.695736+02:00
295933094,de:11000:900180003:1:50,0.0,2026-10-02T01:01:04.695736+02:00
295933094,de:11000:900192002:1:50,-0.4,2026-10-02T01:01:04.695736+02:00
295933094,de:11000:900192001:3:54,-0.2,2026-10-02T01:01:04.695736+02:00
295933094,de:11000:900191001:1:50,-0.9,2026-10-02T01:01:04.695736+02:00
295933094,de:11000:900077155:1:50,-0.4,2026-10-02T01:01:04.695736+02:00
295933094,de:11000:900078201:1:50,-0.9,2026-10-02T01:01:04.695736+02:00
295933094,de:11000:900079221:1:50,-0.7,2026-10-02T01:01:04.695736+02:00
295933094,de:11000:900068201:1:50,-0.3,2026-10-02T01:01:04.695736+02:00
295933094,de:11000:900058101:5:58,-0.6,2026-10-02T01:01:04.695736+02:00
295933093,de:11000:900180003:1:50,0.0,2026-10-02T01:01:04.695736+02:00
295933093,de:11000:900192002:1:50,-0.4,2026-10-02T01:01:04.695736+02:00
295933093,de:11000:900192001:3:54,-0.2,2026-10-02T01:01:04.695736+02:00
295933093,de:11000:900191001:1:50,-0.9,2026-10-02T01:01:04.695736+02:00
295933093,de:11000:900077155:1:50,-0.4,2026-10-02T01:01:04.695736+02:00
295933093,de:11000:900078201:1:50,-0.9,2026-10-02T01:01:04.695736+02:00
295933093,de:11000:900079221:1:50,-0.7,2026-10-02T01:01:04.695736+02:00
295933093,de:11000:900068201:1:50,-0.3,2026-10-02T01:01:04.695736+02:00
295933093,de:11000:900058101:5:58,-0.6,2026-10-02T01:01:04.695736+02:00
295932945,de:11000:900192001:2:52,0.0,2026-10-02T01:01:04.695736+02:00
295932945,de:11000:900192002:1:50,-0.5,2026-10-02T01:01:04.695736+02:00
295932945,de:11000:900180003:1:50,-0.7,2026-10-02T01:01:04.695736+02:00
306897117,de:12067:900311308::5,0.0,2026-10-02T01:01:04.695736+02:00
306897117,de:12067:900311335::1,0.0,2026-10-02T01:01:04.695736+02:00
306897117,de:12067:900311339::1,0.0,2026-10-02T01:01:04.695736+02:00
306897117,de:12067:900311301::1,0.0,2026-10-02T01:01:04.695736+02:00
306897117,de:12067:900311373::1,0.0,2026-10-02T01:01:04.695736+02:00
306897117,de:12067:900311370::1,0.0,2026-10-02T01:01:04.695736+02:00
306897117,de:12067:900311590::1,0.0,2026-10-02T01:01:04.695736+02:00
306897117,de:12067:900311592::1,0.0,2026-10-02T01:01:04.695736+02:00
306897117,de:12067:900311634::1,0.0,2026-10-02T01:01:04.695736+02:00
306897117,de:12067:900311633::1,0.0,2026-10-02T01:01:04.695736+02:00
306897117,de:12067:900311635::1,0.0,2026-10-02T01:01:04.695736+02:00
306897117,de:12067:900311220::1,0.0,2026-10-02T01:01:04.695736+02:00
306897117,de:12067:900311445::1,0.0,2026-10-02T01:01:04.695736+02:00
306897117,de:12067:900311444::1,0.0,2026-10-02T01:01:04.695736+02:00
306897117,de:12067:900311446::1,0.0,2026-10-02T01:01:04.695736+02:00
306897117,de:12067:900311623::1,0.0,2026-10-02T01:01:04.695736+02:00
306897117,de:12067:900311621::1,0.0,2026-10-02T01:01:04.695736+02:00
295936961,de:12064:900320001:1:50,0.0,2026-10-02T01:01:04.695736+02:00
295936961,de:12064:900320002:1:50,-0.3,2026-10-02T01:01:04.695736+02:00
295936961,de:12064:900320003:1:50,-0.1,2026-10-02T01:01:04.695736+02:00
295936961,de:12064:900320004:2:51,-0.8,2026-10-02T01:01:04.695736+02:00
295936961,de:12064:900320005:1:50,0.0,2026-10-02T01:01:04.695736+02:00
295936961,de:12064:900320006:1:51,-0.8,2026-10-02T01:01:04.695736+02:00
295936961,de:12064:900320007:1:50,-0.8,2026-10-02T01:01:04.695736+02:00
295936961,de:12064:900320008:1:51,-0.5,2026-10-02T01:01:04.695736+02:00
295936961,de:12064:900320026:1:50,-0.3,2026-10-02T01:01:04.695736+02:00
295936961,de:11000:900176001:1:51,-0.7,2026-10-02T01:01:04.695736+02:00
295936961,de:11000:900175002:1:50,-0.7,2026-10-02T01:01:04.695736+02:00
295936961,de:11000:900175001:1:50,-0.6,2026-10-02T01:01:04.695736+02:00
295936961,de:11000:900171001:1:50,-0.3,2026-10-02T01:01:04.695736+02:00
295936961,de:11000:900171002:1:51,-0.4,2026-10-02T01:01:04.695736+02:00
295936961,de:11000:900160004:1:51,-0.8,2026-10-02T01:01:04.695736+02:00
295936961,de:11000:900160003:1:51,-0.9,2026-10-02T01:01:04.695736+02:00
295936961,de:11000:900120003:3:55,-0.1,2026-10-02T01:01:04.695736+02:00
295936961,de:11000:900120004:2:53,-0.6,2026-10-02T01:01:04.695736+02:00
295936961,de:11000:900120005:5:58,-0.9,2026-10-02T01:01:04.695736+02:00
295936961,de:11000:900100004:1:51,-0.4,2026-10-02T01:01:04.695736+02:00
295936961,de:11000:900100003:2:53,-0.4,2026-10-02T01:01:04.695736+02:00
295936961,de:11000:900100002:1:51,-0.4,2026-10-02T01:01:04.695736+02:00
295936961,de:11000:900100001:3:55,-0.4,2026-10-02T01:01:04.695736+02:00
295936961,de:11000:900003201:3:55,-0.1,2026-10-02T01:01:04.695736+02:00
295936961,de:11000:900003102:1:51,-0.8,2026-10-02T01:01:04.695736+02:00
295936961,de:11000:900003103:1:51,-0.9,2026-10-02T01:01:04.695736+02:00
295936961,de:11000:900023201:3:55,-0.8,2026-10-02T01:01:04.695736+02:00
295936961,de:11000:900024203:1:51,-0.8,2026-10-02T01:01:04.695736+02:00
295936961,de:11000:900024101:4:57,-0.8,2026-10-02T01:01:04.695736+02:00
295936961,de:11000:900024102:1:51,-0.1,2026-10-02T01:01:04.695736+02:00
295936939,de:12064:900320001:1:50,0.0,2026-10-02T01:01:04.695736+02:00
295936939,de:12064:900320002:1:50,-0.3,2026-10-02T01:01:04.695736+02:00
295936939,de:12064:900320003:1:50,-0.1,2026-10-02T01:01:04.695736+02:00
295936939,de:12064:900320004:2:51,-0.8,2026-10-02T01:01:04.695736+02:00
295936939,de:12064:900320005:1:50,0.0,2026-10-02T01:01:04.695736+02:00
295936939,de:12064:900320006:1:51,-0.8,2026-10-02T01:01:04.695736+02:00
295936939,de:12064:900320007:1:50,-0.8,2026-10-02T01:01:04.695736+02:00
295936939,de:12064:900320008:1:51,-0.5,2026-10-02T01:01:04.695736+02:00
295936939,de:12064:900320026:1:50,-0.3,2026-10-02T01:01:04.695736+02:00
295936939,de:11000:900176001:1:51,-0.7,2026-10-02T01:01:04.695736+02:00
295936939,de:11000:900175002:1:50,-0.7,2026-10-02T01:01:04.695736+02:00
295936939,de:11000:900175001:1:50,-0.6,2026-10-02T01:01:04.695736+02:00
295936939,de:11000:900171001:1:50,-0.3,2026-10-02T01:01:04.695736+02:00
295936939,de:11000:900171002:1:51,-0.4,2026-10-02T01:01:04.695736+02:00
295936939,de:11000:900160004:1:51,-0.8,2026-10-02T01:01:04.695736+02:00
295936939,de:11000:900160003:1:51,-0.9,2026-10-02T01:01:04.695736+02:00
295936939,de:11000:900120003:3:55,-0.1,2026-10-02T01:01:04.695736+02:00
295936939,de:11000:900120004:2:53,-0.6,2026-10-02T01:01:04.695736+02:00
295936939,de:11000:900120005:5:58,-0.9,2026-10-02T01:01:04.695736+02:00
295936939,de:11000:900100004:1:51,-0.4,2026-10-02T01:01:04.695736+02:00
295936939,de:11000:900100003:2:53,-0.4,2026-10-02T01:01:04.695736+02:00
295936939,de:11000:900100002:1:51,-0.4,2026-10-02T01:01:04.695736+02:00
295936939,de:11000:900100001:3:55,-0.4,2026-10-02T01:01:04.695736+02:00
295936939,de:11000:900003201:3:55,-0.1,2026-10-02T01:01:04.695736+02:00
295936939,de:11000:900003102:1:51,-0.8,2026-10-02T01:01:04.695736+02:00
295936939,de:11000:900003103:1:51,-0.9,2026-10-02T01:01:04.695736+02:00
295936939,de:11000:900023201:3:55,-0.8,2026-10-02T01:01:04.695736+02:00
295936939,de:11000:900024203:1:51,-0.8,2026-10-02T01:01:04.695736+02:00
295936939,de:11000:900024101:4:57,-0.8,2026-10-02T01:01:04.695736+02:00
295936939,de:11000:900024102:1:51,-0.1,2026-10-02T01:01:04.695736+02:00
307301997,de:11000:900024102:2:52,0.0,2026-10-02T01:01:04.695736+02:00
307301997,de:11000:900024101:3:55,-0.8,2026-10-02T01:01:04.695736+02:00
307301997,de:11000:900024203:1:51,-0.8,2026-10-02T01:01:04.695736+02:00
307301997,de:11000:900023201:3:54,-0.7,2026-10-02T01:01:04.695736+02:00
307301997,de:11000:900003103:1:50,-0.8,2026-10-02T01:01:04.695736+02:00
307301997,de:11000:900003102:1:50,-0.9,2026-10-02T01:01:04.695736+02:00
307301997,de:11000:900003201:3:54,-0.5,2026-10-02T01:01:04.695736+02:00
307301997,de:11000:900100001:3:54,-0.1,2026-10-02T01:01:04.695736+02:00
307301997,de:11000:900100002:1:50,-0.4,2026-10-02T01:01:04.695736+02:00
307301997,de:11000:900100003:2:52,-0.1,2026-10-02T01:01:04.695736+02:00
307301997,de:11000:900100004:1:50,-0.4,2026-10-02T01:01:04.695736+02:00
307301997,de:11000:900120005:4:55,-0.6,2026-10-02T01:01:04.695736+02:00
307301997,de:11000:900120004:1:50,-0.1,2026-10-02T01:01:04.695736+02:00
307301997,de:11000:900120003:2:53,-0.4,2026-10-02T01:01:04.695736+02:00
307301997,de:11000:900160003:1:50,-0.7,2026-10-02T01:01:04.695736+02:00
307301997,de:11000:900160004:1:50,-0.7,2026-10-02T01:01:04.695736+02:00
307301997,de:11000:900171002:1:50,-0.2,2026-10-02T01:01:04.695736+02:00
307301997,de:11000:900171001:2:51,-0.3,2026-10-02T01:01:04.695736+02:00
307301997,de:11000:900175001:2:51,-0.5,2026-10-02T01:01:04.695736+02:00
307301997,de:11000:900175002:1:51,0.0,2026-10-02T01:01:04.695736+02:00
307301997,de:11000:900176001:2:52,-0.3,2026-10-02T01:01:04.695736+02:00
307301997,de:12064:900320026:1:51,-0.1,2026-10-02T01:01:04.695736+02:00
307301997,de:12064:900320008:1:50,-0.7,2026-10-02T01:01:04.695736+02:00
307301997,de:12064:900320007:1:50,-0.4,2026-10-02T01:01:04.695736+02:00
307301997,de:12064:900320006:1:50,-0.8,2026-10-02T01:01:04.695736+02:00
307301997,de:12064:900320005:1:50,-0.2,2026-10-02T01:01:04.695736+02:00
307301997,de:12064:900320004:2:51,-0.9,2026-10-02T01:01:04.695736+02:00
307301997,de:12064:900320003:1:50,-0.8,2026-10-02T01:01:04.695736+02:00
307301997,de:12064:900320002:1:50,-0.5,2026-10-02T01:01:04.695736+02:00
307301997,de:12064:900320001:1:50,-0.2,2026-10-02T01:01:04.695736+02:00
295936936,de:12064:900320001:1:50,0.0,2026-10-02T01:01:04.695736+02:00
295936936,de:12064:900320002:1:50,-0.3,2026-10-02T01:01:04.695736+02:00
295936936,de:12064:900320003:1:50,-0.1,2026-10-02T01:01:04.695736+02:00
295936936,de:12064:900320004:2:51,-0.8,2026-10-02T01:01:04.695736+02:00
295936936,de:12064:900320005:1:50,0.0,2026-10-02T01:01:04.695736+02:00
295936936,de:12064:900320006:1:51,-0.8,2026-10-02T01:01:04.695736+02:00
295936936,de:12064:900320007:1:50,-0.8,2026-10-02T01:01:04.695736+02:00
295936936,de:12064:900320008:1:51,-0.5,2026-10-02T01:01:04.695736+02:00
295936936,de:12064:900320026:1:50,-0.3,2026-10-02T01:01:04.695736+02:00
295936936,de:11000:900176001:1:51,-0.7,2026-10-02T01:01:04.695736+02:00
295936936,de:11000:900175002:1:50,-0.7,2026-10-02T01:01:04.695736+02:00
295936936,de:11000:900175001:1:50,-0.6,2026-10-02T01:01:04.695736+02:00
295936936,de:11000:900171001:1:50,-0.3,2026-10-02T01:01:04.695736+02:00
295936936,de:11000:900171002:1:51,-0.4,2026-10-02T01:01:04.695736+02:00
295936936,de:11000:900160004:1:51,-0.8,2026-10-02T01:01:04.695736+02:00
295936936,de:11000:900160003:1:51,-0.9,2026-10-02T01:01:04.695736+02:00
295936936,de:11000:900120003:3:55,-0.1,2026-10-02T01:01:04.695736+02:00
295936936,de:11000:900120004:2:53,-0.6,2026-10-02T01:01:04.695736+02:00
295936936,de:11000:900120005:5:58,-0.9,2026-10-02T01:01:04.695736+02:00
295936936,de:11000:900100004:1:51,-0.4,2026-10-02T01:01:04.695736+02:00
295936936,de:11000:900100003:2:53,-0.4,2026-10-02T01:01:04.695736+02:00
295936936,de:11000:900100002:1:51,-0.4,2026-10-02T01:01:04.695736+02:00
295936936,de:11000:900100001:3:55,-0.4,2026-10-02T01:01:04.695736+02:00
295936936,de:11000:900003201:3:55,-0.1,2026-10-02T01:01:04.695736+02:00
295936936,de:11000:900003102:1:51,-0.8,2026-10-02T01:01:04.695736+02:00
295936936,de:11000:900003103:1:51,-0.9,2026-10-02T01:01:04.695736+02:00
295936936,de:11000:900023201:3:55,-0.8,2026-10-02T01:01:04.695736+02:00
295936936,de:11000:900024203:1:51,-0.8,2026-10-02T01:01:04.695736+02:00
295936936,de:11000:900024101:4:57,-0.8,2026-10-02T01:01:04.695736+02:00
295936936,de:11000:900024102:1:51,-0.1,2026-10-02T01:01:04.695736+02:00
295936932,de:12064:900320001:1:50,0.0,2026-10-02T01:01:04.695736+02:00
295936932,de:12064:900320002:1:50,-0.3,2026-10-02T01:01:04.695736+02:00
295936932,de:12064:900320003:1:50,-0.1,2026-10-02T01:01:04.695736+02:00
295936932,de:12064:900320004:2:51,-0.8,2026-10-02T01:01:04.695736+02:00
295936932,de:12064:900320005:1:50,0.0,2026-10-02T01:01:04.695736+02:00
295936932,de:12064:900320006:1:51,-0.8,2026-10-02T01:01:04.695736+02:00
295936932,de:12064:900320007:1:50,-0.8,2026-10-02T01:01:04.695736+02:00
295936932,de:12064:900320008:1:51,-0.5,2026-10-02T01:01:04.695736+02:00
295936932,de:12064:900320026:1:50,-0.3,2026-10-02T01:01:04.695736+02:00
295936932,de:11000:900176001:1:51,-0.7,2026-10-02T01:01:04.695736+02:00
295936932,de:11000:900175002:1:50,-0.7,2026-10-02T01:01:04.695736+02:00
295936932,de:11000:900175001:1:50,-0.6,2026-10-02T01:01:04.695736+02:00
295936932,de:11000:900171001:1:50,-0.3,2026-10-02T01:01:04.695736+02:00
295936932,de:11000:900171002:1:51,-0.4,2026-10-02T01:01:04.695736+02:00
295936932,de:11000:900160004:1:51,-0.8,2026-10-02T01:01:04.695736+02:00
295936932,de:11000:900160003:1:51,-0.9,2026-10-02T01:01:04.695736+02:00
295936932,de:11000:900120003:3:55,-0.1,2026-10-02T01:01:04.695736+02:00
295936932,de:11000:900120004:2:53,-0.6,2026-10-02T01:01:04.695736+02:00
295936932,de:11000:900120005:5:58,-0.9,2026-10-02T01:01:04.695736+02:00
295936932,de:11000:900100004:1:51,-0.4,2026-10-02T01:01:04.695736+02:00
295936932,de:11000:900100003:2:53,-0.4,2026-10-02T01:01:04.695736+02:00
295936932,de:11000:900100002:1:51,-0.4,2026-10-02T01:01:04.695736+02:00
295936932,de:11000:900100001:3:55,-0.4,2026-10-02T01:01:04.695736+02:00
295936932,de:11000:900003201:3:55,-0.1,2026-10-02T01:01:04.695736+02:00
295936932,de:11000:900003102:1:51,-0.8,2026-10-02T01:01:04.695736+02:00
295936932,de:11000:900003103:1:51,-0.9,2026-10-02T01:01:04.695736+02:00
295936932,de:11000:900023201:3:55,-0.8,2026-10-02T01:01:04.695736+02:00
295936932,de:11000:900024203:1:51,-0.8,2026-10-02T01:01:04.695736+02:00
295936932,de:11000:900024101:4:57,-0.8,2026-10-02T01:01:04.695736+02:00
295936932,de:11000:900024102:1:51,-0.1,2026-10-02T01:01:04.695736+02:00
306895386,de:12067:900310611::1,0.0,2026-10-02T01:01:04.695736+02:00
306895386,de:12067:900311049::1,0.0,2026-10-02T01:01:04.695736+02:00
306895386,de:12067:900310977::1,0.0,2026-10-02T01:01:04.695736+02:00
306895386,de:12067:900310976::1,0.0,2026-10-02T01:01:04.695736+02:00
306895386,de:12067:900310024::1,0.0,2026-10-02T01:01:04.695736+02:00
306895386,de:12067:900310833::1,0.0,2026-10-02T01:01:04.695736+02:00
306895386,de:12061:900260500::1,0.0,2026-10-02T01:01:04.695736+02:00
306895386,de:12061:900260800::1,0.0,2026-10-02T01:01:04.695736+02:00
306895386,de:12061:900260903::1,0.0,2026-10-02T01:01:04.695736+02:00
306895386,de:12061:900260901::2,0.0,2026-10-02T01:01:04.695736+02:00
306895386,de:12061:900260915::1,0.0,2026-10-02T01:01:04.695736+02:00
306895386,de:12061:900260904::3,0.0,2026-10-02T01:01:04.695736+02:00
306895386,de:12061:900261095::2,0.0,2026-10-02T01:01:04.695736+02:00
306895386,de:12061:900260758::2,0.0,2026-10-02T01:01:04.695736+02:00
306895386,de:12061:900260584::2,0.0,2026-10-02T01:01:04.695736+02:00
306895386,de:12061:900260968::1,0.0,2026-10-02T01:01:04.695736+02:00
306896344,de:12067:900310013::4,0.0,2026-10-02T01:01:04.695736+02:00
306896344,de:12067:900310563::3,0.0,2026-10-02T01:01:04.695736+02:00
306896344,de:12067:900310563::4,0.0,2026-10-02T01:01:04.695736+02:00
306896344,de:12067:900310557::3,0.0,2026-10-02T01:01:04.695736+02:00
306896344,de:12067:900310555::1,0.0,2026-10-02T01:01:04.695736+02:00
306896344,de:12067:900310852::1,0.0,2026-10-02T01:01:04.695736+02:00
306896344,de:12067:900310850::1,0.0,2026-10-02T01:01:04.695736+02:00
306896344,de:12067:900310851::1,0.0,2026-10-02T01:01:04.695736+02:00
306896344,de:12067:900310849::1,0.0,2026-10-02T01:01:04.695736+02:00
306896344,de:12067:900310856::1,0.0,2026-10-02T01:01:04.695736+02:00
306896344,de:12067:900310844::1,0.0,2026-10-02T01:01:04.695736+02:00
306896344,de:12067:900310855::1,0.0,2026-10-02T01:01:04.695736+02:00
306896344,de:12067:900311970::1,0.0,2026-10-02T01:01:04.695736+02:00
306896344,de:12067:900310853::1,0.0,2026-10-02T01:01:04.695736+02:00
306896344,de:12067:900310845::1,0.0,2026-10-02T01:01:04.695736+02:00
306896344,de:12067:900310857::1,0.0,2026-10-02T01:01:04.695736+02:00
306896344,de:12067:900310854::1,0.0,2026-10-02T01:01:04.695736+02:00
306896344,de:12067:900310846::1,0.0,2026-10-02T01:01:04.695736+02:00
306896344,de:12067:900310847::1,0.0,2026-10-02T01:01:04.695736+02:00
306896344,de:12067:900310890::1,0.0,2026-10-02T01:01:04.695736+02:00
306896344,de:12067:900310889::1,0.0,2026-10-02T01:01:04.695736+02:00
306896344,de:12067:900310882::1,0.0,2026-10-02T01:01:04.695736+02:00
306896344,de:12067:900310920::1,0.0,2026-10-02T01:01:04.695736+02:00
306896344,de:12067:900310883::1,0.0,2026-10-02T01:01:04.695736+02:00
306896344,de:12067:900310885::1,0.0,2026-10-02T01:01:04.695736+02:00
306896344,de:12067:900310881::1,0.0,2026-10-02T01:01:04.695736+02:00
306896344,de:12067:900310888::1,0.0,2026-10-02T01:01:04.695736+02:00
306896344,de:12067:900310919::1,0.0,2026-10-02T01:01:04.695736+02:00
306896344,de:12064:900320891::1,0.0,2026-10-02T01:01:04.695736+02:00
306896344,de:12064:900320888::4,0.0,2026-10-02T01:01:04.695736+02:00
306896344,de:12064:900320886::1,0.0,2026-10-02T01:01:04.695736+02:00
306896344,de:12064:900320284::1,0.0,2026-10-02T01:01:04.695736+02:00
306896344,de:12064:900320278::1,0.0,2026-10-02T01:01:04.695736+02:00
306896344,de:12064:900320274::1,0.0,2026-10-02T01:01:04.695736+02:00
295940755,de:11000:900120005:4:56,0.0,2026-10-02T01:01:04.695736+02:00
295940755,de:11000:900120004:1:51,-0.1,2026-10-02T01:01:04.695736+02:00
295940755,de:11000:900120003:2:52,-0.4,2026-10-02T01:01:04.695736+02:00
295940755,de:11000:900160003:1:50,-0.7,2026-10-02T01:01:04.695736+02:00
295940755,de:11000:900160004:1:50,-0.7,2026-10-02T01:01:04.695736+02:00
295940755,de:11000:900171002:1:50,-0.2,2026-10-02T01:01:04.695736+02:00
295940755,de:11000:900171001:2:51,-0.3,2026-10-02T01:01:04.695736+02:00
295940755,de:11000:900175001:2:51,-0.5,2026-10-02T01:01:04.695736+02:00
295940755,de:11000:900175002:1:51,0.0,2026-10-02T01:01:04.695736+02:00
295940755,de:11000:900176001:2:53,-0.7,2026-10-02T01:01:04.695736+02:00
295940184,de:11000:900024102:2:52,0.0,2026-10-02T01:01:04.695736+02:00
295940184,de:11000:900024101:3:54,-0.8,2026-10-02T01:01:04.695736+02:00
295940184,de:11000:900024203:1:51,-0.8,2026-10-02T01:01:04.695736+02:00
295940184,de:11000:900023201:3:54,-0.7,2026-10-02T01:01:04.695736+02:00
295940184,de:11000:900003103:1:50,-0.8,2026-10-02T01:01:04.695736+02:00
295940184,de:11000:900003102:1:50,-0.9,2026-10-02T01:01:04.695736+02:00
295940184,de:11000:900003201:3:54,-0.5,2026-10-02T01:01:04.695736+02:00
295940184,de:11000:900100001:3:54,-0.1,2026-10-02T01:01:04.695736+02:00
295940184,de:11000:900100002:1:50,-0.4,2026-10-02T01:01:04.695736+02:00
295940184,de:11000:900100003:2:52,-0.1,2026-10-02T01:01:04.695736+02:00
295940184,de:11000:900100004:1:50,-0.4,2026-10-02T01:01:04.695736+02:00
295940184,de:11000:900120005:4:55,-0.6,2026-10-02T01:01:04.695736+02:00
295940184,de:11000:900120004:1:50,-0.1,2026-10-02T01:01:04.695736+02:00
295940184,de:11000:900120003:2:53,-0.4,2026-10-02T01:01:04.695736+02:00
295940184,de:11000:900160003:1:50,-0.7,2026-10-02T01:01:04.695736+02:00
295940184,de:11000:900160004:1:50,-0.7,2026-10-02T01:01:04.695736+02:00
295940184,de:11000:900171002:1:50,-0.2,2026-10-02T01:01:04.695736+02:00
295940184,de:11000:900171001:2:51,-0.3,2026-10-02T01:01:04.695736+02:00
295940184,de:11000:900175001:2:51,-0.5,2026-10-02T01:01:04.695736+02:00
295940184,de:11000:900175002:1:51,0.0,2026-10-02T01:01:04.695736+02:00
295940184,de:11000:900176001:2:53,-0.3,2026-10-02T01:01:04.695736+02:00
295940184,de:12064:900320026:1:51,-0.1,2026-10-02T01:01:04.695736+02:00
295940184,de:12064:900320008:1:50,-0.7,2026-10-02T01:01:04.695736+02:00
295940178,de:11000:900024102:2:52,0.0,2026-10-02T01:01:04.695736+02:00
295940178,de:11000:900024101:3:54,-0.8,2026-10-02T01:01:04.695736+02:00
295940178,de:11000:900024203:1:51,-0.8,2026-10-02T01:01:04.695736+02:00
295940178,de:11000:900023201:3:54,-0.7,2026-10-02T01:01:04.695736+02:00
295940178,de:11000:900003103:1:50,-0.8,2026-10-02T01:01:04.695736+02:00
295940178,de:11000:900003102:1:50,-0.9,2026-10-02T01:01:04.695736+02:00
295940178,de:11000:900003201:3:54,-0.5,2026-10-02T01:01:04.695736+02:00
295940178,de:11000:900100001:3:54,-0.1,2026-10-02T01:01:04.695736+02:00
295940178,de:11000:900100002:1:50,-0.4,2026-10-02T01:01:04.695736+02:00
295940178,de:11000:900100003:2:52,-0.1,2026-10-02T01:01:04.695736+02:00
295940178,de:11000:900100004:1:50,-0.4,2026-10-02T01:01:04.695736+02:00
295940178,de:11000:900120005:4:55,-0.6,2026-10-02T01:01:04.695736+02:00
295940178,de:11000:900120004:1:50,-0.1,2026-10-02T01:01:04.695736+02:00
295940178,de:11000:900120003:2:53,-0.4,2026-10-02T01:01:04.695736+02:00
295940178,de:11000:900160003:1:50,-0.7,2026-10-02T01:01:04.695736+02:00
295940178,de:11000:900160004:1:50,-0.7,2026-10-02T01:01:04.695736+02:00
295940178,de:11000:900171002:1:50,-0.2,2026-10-02T01:01:04.695736+02:00
295940178,de:11000:900171001:2:51,-0.3,2026-10-02T01:01:04.695736+02:00
295940178,de:11000:900175001:2:51,-0.5,2026-10-02T01:01:04.695736+02:00
295940178,de:11000:900175002:1:51,0.0,2026-10-02T01:01:04.695736+02:00
295940178,de:11000:900176001:2:52,-0.3,2026-10-02T01:01:04.695736+02:00
295940178,de:12064:900320026:1:51,-0.1,2026-10-02T01:01:04.695736+02:00
295940178,de:12064:900320008:1:50,-0.7,2026-10-02T01:01:04.695736+02:00
295940269,de:12064:900320008:1:51,0.0,2026-10-02T01:01:04.695736+02:00
295940269,de:12064:900320026:1:50,-0.3,2026-10-02T01:01:04.695736+02:00
295940269,de:11000:900176001:1:51,-0.7,2026-10-02T01:01:04.695736+02:00
295940269,de:11000:900175002:1:50,-0.7,2026-10-02T01:01:04.695736+02:00
295940269,de:11000:900175001:1:50,-0.6,2026-10-02T01:01:04.695736+02:00
295940269,de:11000:900171001:1:50,-0.3,2026-10-02T01:01:04.695736+02:00
295940269,de:11000:900171002:1:51,-0.4,2026-10-02T01:01:04.695736+02:00
295940269,de:11000:900160004:1:51,-0.8,2026-10-02T01:01:04.695736+02:00
295940269,de:11000:900160003:1:51,-0.9,2026-10-02T01:01:04.695736+02:00
295940269,de:11000:900120003:3:55,-0.1,2026-10-02T01:01:04.695736+02:00
295940269,de:11000:900120004:2:53,-0.6,2026-10-02T01:01:04.695736+02:00
295940269,de:11000:900120005:5:58,-0.9,2026-10-02T01:01:04.695736+02:00
295940269,de:11000:900100004:1:51,-0.4,2026-10-02T01:01:04.695736+02:00
295940269,de:11000:900100003:2:53,-0.4,2026-10-02T01:01:04.695736+02:00
295940269,de:11000:900100002:1:51,-0.4,2026-10-02T01:01:04.695736+02:00
295940269,de:11000:900100001:3:55,-0.4,2026-10-02T01:01:04.695736+02:00
295940269,de:11000:900003201:3:55,-0.1,2026-10-02T01:01:04.695736+02:00
295940269,de:11000:900003102:1:51,-0.8,2026-10-02T01:01:04.695736+02:00
295940269,de:11000:900003103:1:51,-0.9,2026-10-02T01:01:04.695736+02:00
295940269,de:11000:900023201:3:55,-0.8,2026-10-02T01:01:04.695736+02:00
295940269,de:11000:900024203:1:51,-0.8,2026-10-02T01:01:04.695736+02:00
295940269,de:11000:900024101:4:57,-0.8,2026-10-02T01:01:04.695736+02:00
295940269,de:11000:900024102:1:51,-0.1,2026-10-02T01:01:04.695736+02:00
295940173,de:11000:900024102:2:52,0.0,2026-10-02T01:01:04.695736+02:00
295940173,de:11000:900024101:3:54,-0.8,2026-10-02T01:01:04.695736+02:00
295940173,de:11000:900024203:1:51,-0.8,2026-10-02T01:01:04.695736+02:00
295940173,de:11000:900023201:3:54,-0.7,2026-10-02T01:01:04.695736+02:00
295940173,de:11000:900003103:1:50,-0.8,2026-10-02T01:01:04.695736+02:00
295940173,de:11000:900003102:1:50,-0.9,2026-10-02T01:01:04.695736+02:00
295940173,de:11000:900003201:3:54,-0.5,2026-10-02T01:01:04.695736+02:00
295940173,de:11000:900100001:3:54,-0.1,2026-10-02T01:01:04.695736+02:00
295940173,de:11000:900100002:1:50,-0.4,2026-10-02T01:01:04.695736+02:00
295940173,de:11000:900100003:2:52,-0.1,2026-10-02T01:01:04.695736+02:00
295940173,de:11000:900100004:1:50,-0.4,2026-10-02T01:01:04.695736+02:00
295940173,de:11000:900120005:4:55,-0.6,2026-10-02T01:01:04.695736+02:00
295940173,de:11000:900120004:1:50,-0.1,2026-10-02T01:01:04.695736+02:00
295940173,de:11000:900120003:2:53,-0.4,2026-10-02T01:01:04.695736+02:00
295940173,de:11000:900160003:1:50,-0.7,2026-10-02T01:01:04.695736+02:00
295940173,de:11000:900160004:1:50,-0.7,2026-10-02T01:01:04.695736+02:00
295940173,de:11000:900171002:1:50,-0.2,2026-10-02T01:01:04.695736+02:00
295940173,de:11000:900171001:2:51,-0.3,2026-10-02T01:01:04.695736+02:00
295940173,de:11000:900175001:2:51,-0.5,2026-10-02T01:01:04.695736+02:00
295940173,de:11000:900175002:1:51,0.0,2026-10-02T01:01:04.695736+02:00
295940173,de:11000:900176001:2:52,-0.3,2026-10-02T01:01:04.695736+02:00
295940173,de:12064:900320026:1:51,-0.1,2026-10-02T01:01:04.695736+02:00
295940173,de:12064:900320008:1:50,-0.7,2026-10-02T01:01:04.695736+02:00
295940169,de:11000:900024102:2:52,0.0,2026-10-02T01:01:04.695736+02:00
295940169,de:11000:900024101:3:54,-0.8,2026-10-02T01:01:04.695736+02:00
295940169,de:11000:900024203:1:51,-0.8,2026-10-02T01:01:04.695736+02:00
295940169,de:11000:900023201:3:54,-0.7,2026-10-02T01:01:04.695736+02:00
295940169,de:11000:900003103:1:50,-0.8,2026-10-02T01:01:04.695736+02:00
295940169,de:11000:900003102:1:50,-0.9,2026-10-02T01:01:04.695736+02:00
295940169,de:11000:900003201:3:54,-0.5,2026-10-02T01:01:04.695736+02:00
295940169,de:11000:900100001:3:54,-0.1,2026-10-02T01:01:04.695736+02:00
295940169,de:11000:900100002:1:50,-0.4,2026-10-02T01:01:04.695736+02:00
295940169,de:11000:900100003:2:52,-0.1,2026-10-02T01:01:04.695736+02:00
295940169,de:11000:900100004:1:50,-0.4,2026-10-02T01:01:04.695736+02:00
295940169,de:11000:900120005:4:55,-0.6,2026-10-02T01:01:04.695736+02:00
295940169,de:11000:900120004:1:50,-0.1,2026-10-02T01:01:04.695736+02:00
295940169,de:11000:900120003:2:53,-0.4,2026-10-02T01:01:04.695736+02:00
295940169,de:11000:900160003:1:50,-0.7,2026-10-02T01:01:04.695736+02:00
295940169,de:11000:900160004:1:50,-0.7,2026-10-02T01:01:04.695736+02:00
295940169,de:11000:900171002:1:50,-0.2,2026-10-02T01:01:04.695736+02:00
295940169,de:11000:900171001:2:51,-0.3,2026-10-02T01:01:04.695736+02:00
295940169,de:11000:900175001:2:51,-0.5,2026-10-02T01:01:04.695736+02:00
295940169,de:11000:900175002:1:51,0.0,2026-10-02T01:01:04.695736+02:00
295940169,de:11000:900176001:2:52,-0.3,2026-10-02T01:01:04.695736+02:00
295940169,de:12064:900320026:1:51,-0.1,2026-10-02T01:01:04.695736+02:00
295940169,de:12064:900320008:1:50,-0.7,2026-10-02T01:01:04.695736+02:00
295940168,de:11000:900024102:2:52,0.0,2026-10-02T01:01:04.695736+02:00
295940168,de:11000:900024101:3:54,-0.8,2026-10-02T01:01:04.695736+02:00
295940168,de:11000:900024203:1:51,-0.8,2026-10-02T01:01:04.695736+02:00
295940168,de:11000:900023201:3:54,-0.7,2026-10-02T01:01:04.695736+02:00
295940168,de:11000:900003103:1:50,-0.8,2026-10-02T01:01:04.695736+02:00
295940168,de:11000:900003102:1:50,-0.9,2026-10-02T01:01:04.695736+02:00
295940168,de:11000:900003201:3:54,-0.5,2026-10-02T01:01:04.695736+02:00
295940168,de:11000:900100001:3:54,-0.1,2026-10-02T01:01:04.695736+02:00
295940168,de:11000:900100002:1:50,-0.4,2026-10-02T01:01:04.695736+02:00
295940168,de:11000:900100003:2:52,-0.1,2026-10-02T01:01:04.695736+02:00
295940168,de:11000:900100004:1:50,-0.4,2026-10-02T01:01:04.695736+02:00
295940168,de:11000:900120005:4:55,-0.6,2026-10-02T01:01:04.695736+02:00
295940168,de:11000:900120004:1:50,-0.1,2026-10-02T01:01:04.695736+02:00
295940168,de:11000:900120003:2:53,-0.4,2026-10-02T01:01:04.695736+02:00
295940168,de:11000:900160003:1:50,-0.7,2026-10-02T01:01:04.695736+02:00
295940168,de:11000:900160004:1:50,-0.7,2026-10-02T01:01:04.695736+02:00
295940168,de:11000:900171002:1:50,-0.2,2026-10-02T01:01:04.695736+02:00
295940168,de:11000:900171001:2:51,-0.3,2026-10-02T01:01:04.695736+02:00
295940168,de:11000:900175001:2:51,-0.5,2026-10-02T01:01:04.695736+02:00
295940168,de:11000:900175002:1:51,0.0,2026-10-02T01:01:04.695736+02:00
295940168,de:11000:900176001:2:52,-0.3,2026-10-02T01:01:04.695736+02:00
295940168,de:12064:900320026:1:51,-0.1,2026-10-02T01:01:04.695736+02:00
295940168,de:12064:900320008:1:50,-0.7,2026-10-02T01:01:04.695736+02:00
295940258,de:12064:900320008:1:51,0.0,2026-10-02T01:01:04.695736+02:00
295940258,de:12064:900320026:1:50,-0.3,2026-10-02T01:01:04.695736+02:00
295940258,de:11000:900176001:1:51,-0.7,2026-10-02T01:01:04.695736+02:00
295940258,de:11000:900175002:1:50,-0.7,2026-10-02T01:01:04.695736+02:00
295940258,de:11000:900175001:1:50,-0.6,2026-10-02T01:01:04.695736+02:00
295940258,de:11000:900171001:1:50,-0.3,2026-10-02T01:01:04.695736+02:00
295940258,de:11000:900171002:1:51,-0.4,2026-10-02T01:01:04.695736+02:00
295940258,de:11000:900160004:1:51,-0.8,2026-10-02T01:01:04.695736+02:00
295940258,de:11000:900160003:1:51,-0.9,2026-10-02T01:01:04.695736+02:00
295940258,de:11000:900120003:3:55,-0.1,2026-10-02T01:01:04.695736+02:00
295940258,de:11000:900120004:2:53,-0.6,2026-10-02T01:01:04.695736+02:00
295940258,de:11000:900120005:5:58,-0.9,2026-10-02T01:01:04.695736+02:00
295940258,de:11000:900100004:1:51,-0.4,2026-10-02T01:01:04.695736+02:00
295940258,de:11000:900100003:2:53,-0.4,2026-10-02T01:01:04.695736+02:00
295940258,de:11000:900100002:1:51,-0.4,2026-10-02T01:01:04.695736+02:00
295940258,de:11000:900100001:3:55,-0.4,2026-10-02T01:01:04.695736+02:00
295940258,de:11000:900003201:3:55,-0.1,2026-10-02T01:01:04.695736+02:00
295940258,de:11000:900003102:1:51,-0.8,2026-10-02T01:01:04.695736+02:00
295940258,de:11000:900003103:1:51,-0.9,2026-10-02T01:01:04.695736+02:00
295940258,de:11000:900023201:3:55,-0.8,2026-10-02T01:01:04.695736+02:00
295940258,de:11000:900024203:1:51,-0.8,2026-10-02T01:01:04.695736+02:00
295940258,de:11000:900024101:4:57,-0.8,2026-10-02T01:01:04.695736+02:00
295940258,de:11000:900024102:1:51,-0.1,2026-10-02T01:01:04.695736+02:00
306896318,de:12064:900320274::1,0.0,2026-10-02T01:01:04.695736+02:00
306896318,de:12064:900320278::2,0.0,2026-10-02T01:01:04.695736+02:00
306896318,de:12064:900320284::2,0.0,2026-10-02T01:01:04.695736+02:00
306896318,de:12064:900320886::2,0.0,2026-10-02T01:01:04.695736+02:00
306896318,de:12064:900320888::3,0.0,2026-10-02T01:01:04.695736+02:00
306896318,de:12064:900320891::2,0.0,2026-10-02T01:01:04.695736+02:00
306896318,de:12067:900310919::2,0.0,2026-10-02T01:01:04.695736+02:00
306896318,de:12067:900310888::2,0.0,2026-10-02T01:01:04.695736+02:00
306896318,de:12067:900310881::2,0.0,2026-10-02T01:01:04.695736+02:00
306896318,de:12067:900310885::1,0.0,2026-10-02T01:01:04.695736+02:00
306896318,de:12067:900310883::2,0.0,2026-10-02T01:01:04.695736+02:00
306896318,de:12067:900310920::2,0.0,2026-10-02T01:01:04.695736+02:00
306896318,de:12067:900310882::2,0.0,2026-10-02T01:01:04.695736+02:00
306896318,de:12067:900310889::2,0.0,2026-10-02T01:01:04.695736+02:00
306896318,de:12067:900310890::2,0.0,2026-10-02T01:01:04.695736+02:00
306896318,de:12067:900310847::2,0.0,2026-10-02T01:01:04.695736+02:00
306896318,de:12067:900310846::2,0.0,2026-10-02T01:01:04.695736+02:00
306896318,de:12067:900310854::2,0.0,2026-10-02T01:01:04.695736+02:00
306896318,de:12067:900310857::2,0.0,2026-10-02T01:01:04.695736+02:00
306896318,de:12067:900311970::1,0.0,2026-10-02T01:01:04.695736+02:00
306896318,de:12067:900310853::1,0.0,2026-10-02T01:01:04.695736+02:00
306896318,de:12067:900310845::1,0.0,2026-10-02T01:01:04.695736+02:00
306896318,de:12067:900310555::2,0.0,2026-10-02T01:01:04.695736+02:00
306896318,de:12067:900310557::2,0.0,2026-10-02T01:01:04.695736+02:00
306896318,de:12067:900310013::7,0.0,2026-10-02T01:01:04.695736+02:00
306896326,de:12067:900310885::1,0.0,2026-10-02T01:01:04.695736+02:00
306896326,de:12067:900310881::1,0.0,2026-10-02T01:01:04.695736+02:00
306896326,de:12067:900310888::1,0.0,2026-10-02T01:01:04.695736+02:00
306896326,de:12067:900310919::1,0.0,2026-10-02T01:01:04.695736+02:00
306896326,de:12064:900320891::1,0.0,2026-10-02T01:01:04.695736+02:00
306896326,de:12064:900320888::4,0.0,2026-10-02T01:01:04.695736+02:00
306896326,de:12064:900320886::1,0.0,2026-10-02T01:01:04.695736+02:00
306896326,de:12064:900320284::1,0.0,2026-10-02T01:01:04.695736+02:00
306896326,de:12064:900320278::1,0.0,2026-10-02T01:01:04.695736+02:00
306896326,de:12064:900320274::1,0.0,2026-10-02T01:01:04.695736+02:00
295946208,de:12054:900230999:3:54,0.0,2026-10-02T01:01:04.695736+02:00
295946208,de:12054:900230000:1:50,-0.3,2026-10-02T01:01:04.695736+02:00
295946208,de:12054:900230003:1:54,-0.3,2026-10-02T01:01:04.695736+02:00
295946208,de:11000:900053301:2:53,-0.4,2026-10-02T01:01:04.695736+02:00
295946208,de:11000:900052201:2:53,-0.7,2026-10-02T01:01:04.695736+02:00
295946208,de:11000:900048101:2:53,-0.9,2026-10-02T01:01:04.695736+02:00
295946208,de:11000:900024102:2:53,-0.9,2026-10-02T01:01:04.695736+02:00
295946208,de:11000:900024101:3:55,-0.3,2026-10-02T01:01:04.695736+02:00
295946208,de:11000:900024203:1:51,-0.3,2026-10-02T01:01:04.695736+02:00
295946208,de:11000:900023201:3:54,-0.2,2026-10-02T01:01:04.695736+02:00
295946208,de:11000:900003103:1:50,-0.3,2026-10-02T01:01:04.695736+02:00
295946208,de:11000:900003102:1:50,-0.4,2026-10-02T01:01:04.695736+02:00
295946208,de:11000:900003201:3:54,0.0,2026-10-02T01:01:04.695736+02:00
295946208,de:11000:900100001:3:54,-0.6,2026-10-02T01:01:04.695736+02:00
295946208,de:11000:900100002:1:50,-0.9,2026-10-02T01:01:04.695736+02:00
295946208,de:11000:900100003:2:52,-0.6,2026-10-02T01:01:04.695736+02:00
295946208,de:11000:900100004:1:50,-0.9,2026-10-02T01:01:04.695736+02:00
295946208,de:11000:900120005:4:55,-0.1,2026-10-02T01:01:04.695736+02:00
295946208,de:11000:900120004:1:50,-0.6,2026-10-02T01:01:04.695736+02:00
295946208,de:11000:900120003:2:53,-0.9,2026-10-02T01:01:04.695736+02:00
295946208,de:11000:900160003:1:50,-0.2,2026-10-02T01:01:04.695736+02:00
295946208,de:11000:900160004:1:50,-0.2,2026-10-02T01:01:04.695736+02:00
295946208,de:11000:900171002:1:50,-0.7,2026-10-02T01:01:04.695736+02:00
295946208,de:11000:900171003:1:50,-0.8,2026-10-02T01:01:04.695736+02:00
295946208,de:11000:900170005:1:50,-0.3,2026-10-02T01:01:04.695736+02:00
295946208,de:11000:900170001:1:50,-0.1,2026-10-02T01:01:04.695736+02:00
295946208,de:11000:900170002:1:50,-0.9,2026-10-02T01:01:04.695736+02:00
295946208,de:11000:900170003:1:50,-0.7,2026-10-02T01:01:04.695736+02:00
295946208,de:11000:900170004:1:50,-0.9,2026-10-02T01:01:04.695736+02:00
295946204,de:12054:900230999:3:54,0.0,2026-10-02T01:01:04.695736+02:00
295946204,de:12054:900230000:1:50,-0.3,2026-10-02T01:01:04.695736+02:00
295946204,de:12054:900230003:1:54,-0.3,2026-10-02T01:01:04.695736+02:00
295946204,de:11000:900053301:2:53,-0.4,2026-10-02T01:01:04.695736+02:00
295946204,de:11000:900052201:2:53,-0.7,2026-10-02T01:01:04.695736+02:00
295946204,de:11000:900048101:2:53,-0.9,2026-10-02T01:01:04.695736+02:00
295946204,de:11000:900024102:2:53,-0.9,2026-10-02T01:01:04.695736+02:00
295946204,de:11000:900024101:3:55,-0.3,2026-10-02T01:01:04.695736+02:00
295946204,de:11000:900024203:1:51,-0.3,2026-10-02T01:01:04.695736+02:00
295946204,de:11000:900023201:3:54,-0.2,2026-10-02T01:01:04.695736+02:00
295946204,de:11000:900003103:1:50,-0.3,2026-10-02T01:01:04.695736+02:00
295946204,de:11000:900003102:1:50,-0.4,2026-10-02T01:01:04.695736+02:00
295946204,de:11000:900003201:3:54,0.0,2026-10-02T01:01:04.695736+02:00
295946204,de:11000:900100001:3:54,-0.6,2026-10-02T01:01:04.695736+02:00
295946204,de:11000:900100002:1:50,-0.9,2026-10-02T01:01:04.695736+02:00
295946204,de:11000:900100003:2:52,-0.6,2026-10-02T01:01:04.695736+02:00
295946204,de:11000:900100004:1:50,-0.9,2026-10-02T01:01:04.695736+02:00
295946204,de:11000:900120005:4:55,-0.1,2026-10-02T01:01:04.695736+02:00
295946204,de:11000:900120004:1:50,-0.6,2026-10-02T01:01:04.695736+02:00
295946204,de:11000:900120003:2:53,-0.9,2026-10-02T01:01:04.695736+02:00
295946204,de:11000:900160003:1:50,-0.2,2026-10-02T01:01:04.695736+02:00
295946204,de:11000:900160004:1:50,-0.2,2026-10-02T01:01:04.695736+02:00
295946204,de:11000:900171002:1:50,-0.7,2026-10-02T01:01:04.695736+02:00
295946204,de:11000:900171003:1:50,-0.8,2026-10-02T01:01:04.695736+02:00
295946204,de:11000:900170005:1:50,-0.3,2026-10-02T01:01:04.695736+02:00
295946204,de:11000:900170001:1:50,-0.1,2026-10-02T01:01:04.695736+02:00
295946204,de:11000:900170002:1:50,-0.9,2026-10-02T01:01:04.695736+02:00
295946204,de:11000:900170003:1:50,-0.7,2026-10-02T01:01:04.695736+02:00
295946204,de:11000:900170004:1:50,-0.9,2026-10-02T01:01:04.695736+02:00
295946267,de:11000:900170004:1:50,0.0,2026-10-02T01:01:04.695736+02:00
295946267,de:11000:900170003:1:51,-0.3,2026-10-02T01:01:04.695736+02:00
295946267,de:11000:900170002:1:51,-0.1,2026-10-02T01:01:04.695736+02:00
295946267,de:11000:900170001:1:51,-0.9,2026-10-02T01:01:04.695736+02:00
295946267,de:11000:900170005:1:51,-0.7,2026-10-02T01:01:04.695736+02:00
295946267,de:11000:900171003:1:51,-0.6,2026-10-02T01:01:04.695736+02:00
295946267,de:11000:900171002:1:51,-0.9,2026-10-02T01:01:04.695736+02:00
295946267,de:11000:900160004:1:51,-0.3,2026-10-02T01:01:04.695736+02:00
295946267,de:11000:900160003:1:51,-0.4,2026-10-02T01:01:04.695736+02:00
295946267,de:11000:900120003:3:55,-0.6,2026-10-02T01:01:04.695736+02:00
295946267,de:11000:900120004:2:53,-0.1,2026-10-02T01:01:04.695736+02:00
295946267,de:11000:900120005:5:58,-0.4,2026-10-02T01:01:04.695736+02:00
295946267,de:11000:900100004:1:51,-0.9,2026-10-02T01:01:04.695736+02:00
295946267,de:11000:900100003:2:53,-0.9,2026-10-02T01:01:04.695736+02:00
295946267,de:11000:900100002:1:51,-0.9,2026-10-02T01:01:04.695736+02:00
295946267,de:11000:900100001:3:55,-0.9,2026-10-02T01:01:04.695736+02:00
295946267,de:11000:900003201:3:55,-0.6,2026-10-02T01:01:04.695736+02:00
295946267,de:11000:900003102:1:51,-0.3,2026-10-02T01:01:04.695736+02:00
295946267,de:11000:900003103:1:51,-0.4,2026-10-02T01:01:04.695736+02:00
295946267,de:11000:900023201:3:55,-0.3,2026-10-02T01:01:04.695736+02:00
295946267,de:11000:900024203:1:51,-0.3,2026-10-02T01:01:04.695736+02:00
295946267,de:11000:900024101:4:57,-0.3,2026-10-02T01:01:04.695736+02:00
295946267,de:11000:900024102:1:50,-0.6,2026-10-02T01:01:04.695736+02:00
295946267,de:11000:900048101:1:50,-0.8,2026-10-02T01:01:04.695736+02:00
295946267,de:11000:900052201:2:52,0.0,2026-10-02T01:01:04.695736+02:00
295946267,de:11000:900053301:1:50,-0.4,2026-10-02T01:01:04.695736+02:00
295946267,de:12054:900230003:1:50,-0.4,2026-10-02T01:01:04.695736+02:00
295946267,de:12054:900230000:1:51,-0.4,2026-10-02T01:01:04.695736+02:00
295946267,de:12054:900230999:3:55,-0.9,2026-10-02T01:01:04.695736+02:00
306897061,de:12067:900310834::1,0.0,2026-10-02T01:01:04.695736+02:00
306897061,de:12067:900311020::2,0.0,2026-10-02T01:01:04.695736+02:00
306897061,de:12067:900310908::2,0.0,2026-10-02T01:01:04.695736+02:00
306897061,de:12067:900311085::1,0.0,2026-10-02T01:01:04.695736+02:00
306897061,de:12067:900310874::1,0.0,2026-10-02T01:01:04.695736+02:00
295949487,de:11000:900053301:2:53,0.0,2026-10-02T01:01:04.695736+02:00
295949487,de:11000:900052201:2:53,-0.7,2026-10-02T01:01:04.695736+02:00
295949487,de:11000:900048101:2:53,-0.9,2026-10-02T01:01:04.695736+02:00
295949487,de:11000:900024102:2:53,-0.9,2026-10-02T01:01:04.695736+02:00
295949487,de:11000:900024101:3:55,-0.3,2026-10-02T01:01:04.695736+02:00
295949487,de:11000:900024203:1:51,-0.3,2026-10-02T01:01:04.695736+02:00
295949487,de:11000:900023201:3:54,-0.2,2026-10-02T01:01:04.695736+02:00
295949487,de:11000:900003103:1:50,-0.3,2026-10-02T01:01:04.695736+02:00
295949487,de:11000:900003102:1:50,-0.4,2026-10-02T01:01:04.695736+02:00
295949487,de:11000:900003201:3:54,0.0,2026-10-02T01:01:04.695736+02:00
295949487,de:11000:900100001:3:54,-0.6,2026-10-02T01:01:04.695736+02:00
295949487,de:11000:900100002:1:50,-0.9,2026-10-02T01:01:04.695736+02:00
295949487,de:11000:900100003:2:52,-0.6,2026-10-02T01:01:04.695736+02:00
295949487,de:11000:900100004:1:50,-0.9,2026-10-02T01:01:04.695736+02:00
295949487,de:11000:900120005:4:55,-0.1,2026-10-02T01:01:04.695736+02:00
295949487,de:11000:900120004:1:50,-0.6,2026-10-02T01:01:04.695736+02:00
295949487,de:11000:900120003:2:53,-0.9,2026-10-02T01:01:04.695736+02:00
295949487,de:11000:900160003:1:50,-0.2,2026-10-02T01:01:04.695736+02:00
295949487,de:11000:900160004:1:50,-0.2,2026-10-02T01:01:04.695736+02:00
295949487,de:11000:900171002:1:50,-0.7,2026-10-02T01:01:04.695736+02:00
295949487,de:11000:900171003:1:50,-0.8,2026-10-02T01:01:04.695736+02:00
295949487,de:11000:900170005:1:50,-0.3,2026-10-02T01:01:04.695736+02:00
295949487,de:11000:900170001:1:50,-0.1,2026-10-02T01:01:04.695736+02:00
295949487,de:11000:900170002:1:50,-0.9,2026-10-02T01:01:04.695736+02:00
295949487,de:11000:900170003:1:50,-0.7,2026-10-02T01:01:04.695736+02:00
295949487,de:11000:900170004:2:52,-0.9,2026-10-02T01:01:04.695736+02:00
295953432,de:11000:900120005:4:56,0.0,2026-10-02T01:01:04.695736+02:00
295953432,de:11000:900120004:1:50,-0.6,2026-10-02T01:01:04.695736+02:00
295953432,de:11000:900120003:2:53,-0.9,2026-10-02T01:01:04.695736+02:00
295953432,de:11000:900160003:1:50,-0.2,2026-10-02T01:01:04.695736+02:00
295953432,de:11000:900160004:1:50,-0.2,2026-10-02T01:01:04.695736+02:00
295953432,de:11000:900171002:1:50,-0.7,2026-10-02T01:01:04.695736+02:00
295953432,de:11000:900171003:1:50,-0.8,2026-10-02T01:01:04.695736+02:00
295953432,de:11000:900152002:1:50,-0.4,2026-10-02T01:01:04.695736+02:00
295953432,de:11000:900152001:1:50,-0.6,2026-10-02T01:01:04.695736+02:00
295953432,de:11000:900151001:1:51,-0.9,2026-10-02T01:01:04.695736+02:00
295956028,de:11000:900120004:1:51,0.0,2026-10-02T01:01:04.695736+02:00
295956028,de:11000:900120003:2:52,-0.9,2026-10-02T01:01:04.695736+02:00
295956028,de:11000:900160003:1:50,-0.2,2026-10-02T01:01:04.695736+02:00
295956028,de:11000:900160004:1:50,-0.2,2026-10-02T01:01:04.695736+02:00
295956028,de:11000:900171002:1:50,-0.7,2026-10-02T01:01:04.695736+02:00
295956028,de:11000:900171003:1:50,-0.8,2026-10-02T01:01:04.695736+02:00
295956028,de:11000:900152002:1:50,-0.4,2026-10-02T01:01:04.695736+02:00
295956028,de:11000:900152001:1:50,-0.6,2026-10-02T01:01:04.695736+02:00
295956028,de:11000:900151001:1:50,-0.9,2026-10-02T01:01:04.695736+02:00
295956024,de:11000:900120004:1:51,0.0,2026-10-02T01:01:04.695736+02:00
295956024,de:11000:900120003:2:52,-0.9,2026-10-02T01:01:04.695736+02:00
295956024,de:11000:900160003:1:50,-0.2,2026-10-02T01:01:04.695736+02:00
295956024,de:11000:900160004:1:50,-0.2,2026-10-02T01:01:04.695736+02:00
295956024,de:11000:900171002:1:50,-0.7,2026-10-02T01:01:04.695736+02:00
295956024,de:11000:900171003:1:50,-0.8,2026-10-02T01:01:04.695736+02:00
295956024,de:11000:900152002:1:50,-0.4,2026-10-02T01:01:04.695736+02:00
295956024,de:11000:900152001:1:50,-0.6,2026-10-02T01:01:04.695736+02:00
295956024,de:11000:900151001:1:50,-0.9,2026-10-02T01:01:04.695736+02:00
295956022,de:11000:900120004:1:51,0.0,2026-10-02T01:01:04.695736+02:00
295956022,de:11000:900120003:2:52,-0.9,2026-10-02T01:01:04.695736+02:00
295956022,de:11000:900160003:1:50,-0.2,2026-10-02T01:01:04.695736+02:00
295956022,de:11000:900160004:1:50,-0.2,2026-10-02T01:01:04.695736+02:00
295956022,de:11000:900171002:1:50,-0.7,2026-10-02T01:01:04.695736+02:00
295956022,de:11000:900171003:1:50,-0.8,2026-10-02T01:01:04.695736+02:00
295956022,de:11000:900152002:1:50,-0.4,2026-10-02T01:01:04.695736+02:00
295956022,de:11000:900152001:1:50,-0.6,2026-10-02T01:01:04.695736+02:00
295956022,de:11000:900151001:1:50,-0.9,2026-10-02T01:01:04.695736+02:00
306895507,de:12067:900310807::1,0.0,2026-10-02T01:01:04.695736+02:00
306895507,de:12067:900310815::2,0.0,2026-10-02T01:01:04.695736+02:00
306895507,de:12067:900310880::2,0.0,2026-10-02T01:01:04.695736+02:00
306895507,de:12067:900310010::2,0.0,2026-10-02T01:01:04.695736+02:00
306895507,de:12067:900310770::2,0.0,2026-10-02T01:01:04.695736+02:00
306895507,de:12067:900310812::2,0.0,2026-10-02T01:01:04.695736+02:00
306895507,de:12067:900310806::2,0.0,2026-10-02T01:01:04.695736+02:00
306895507,de:12067:900310778::2,0.0,2026-10-02T01:01:04.695736+02:00
306895507,de:12067:900310768::2,0.0,2026-10-02T01:01:04.695736+02:00
306895507,de:12067:900310786::2,0.0,2026-10-02T01:01:04.695736+02:00
306895507,de:12067:900310784::2,0.0,2026-10-02T01:01:04.695736+02:00
306895507,de:12067:900311104::2,0.0,2026-10-02T01:01:04.695736+02:00
306895507,de:12067:900310995::1,0.0,2026-10-02T01:01:04.695736+02:00
306895507,de:12067:900310779::2,0.0,2026-10-02T01:01:04.695736+02:00
306895507,de:12067:900310808::2,0.0,2026-10-02T01:01:04.695736+02:00
306895507,de:12067:900310822::2,0.0,2026-10-02T01:01:04.695736+02:00
306895507,de:12067:900310781::2,0.0,2026-10-02T01:01:04.695736+02:00
306895507,de:12067:900310627::2,0.0,2026-10-02T01:01:04.695736+02:00
306895507,de:12067:900310816::2,0.0,2026-10-02T01:01:04.695736+02:00
306895507,de:12067:900310022::1,0.0,2026-10-02T01:01:04.695736+02:00
306895507,de:12067:900310001::11,0.0,2026-10-02T01:01:04.695736+02:00
306895507,de:12067:900310001::1,0.0,2026-10-02T01:01:04.695736+02:00
306895507,de:12067:900310696::1,0.0,2026-10-02T01:01:04.695736+02:00
306895507,de:12067:900310788::1,0.0,2026-10-02T01:01:04.695736+02:00
306895507,de:12067:900310790::1,0.0,2026-10-02T01:01:04.695736+02:00
306895507,de:12067:900310787::1,0.0,2026-10-02T01:01:04.695736+02:00
306895507,de:12067:900310809::1,0.0,2026-10-02T01:01:04.695736+02:00
306895507,de:12067:900310825::1,0.0,2026-10-02T01:01:04.695736+02:00
306895507,de:12067:900310792::2,0.0,2026-10-02T01:01:04.695736+02:00
306895507,de:12067:900310774::2,0.0,2026-10-02T01:01:04.695736+02:00
306895507,de:12067:900310793::1,0.0,2026-10-02T01:01:04.695736+02:00
306895507,de:12067:900310628::1,0.0,2026-10-02T01:01:04.695736+02:00
306895507,de:12067:900310814::1,0.0,2026-10-02T01:01:04.695736+02:00
306895507,de:12067:900311083::3,0.0,2026-10-02T01:01:04.695736+02:00
295960109,de:11000:900186001:2:52,0.0,2026-10-02T01:01:04.695736+02:00
295960109,de:11000:900193002:1:51,-0.2,2026-10-02T01:01:04.695736+02:00
295960109,de:11000:900193001:2:51,-0.8,2026-10-02T01:01:04.695736+02:00
295960109,de:11000:900192001:3:55,-0.7,2026-10-02T01:01:04.695736+02:00
295960109,de:11000:900191001:1:50,-0.4,2026-10-02T01:01:04.695736+02:00
295960109,de:11000:900191002:1:51,-0.8,2026-10-02T01:01:04.695736+02:00
295960109,de:11000:900190001:2:53,-0.6,2026-10-02T01:01:04.695736+02:00
295960109,de:11000:900120003:5:59,0.0,2026-10-02T01:01:04.695736+02:00
295960109,de:11000:900120001:1:51,-0.6,2026-10-02T01:01:04.695736+02:00
295960109,de:11000:900110012:1:51,-0.8,2026-10-02T01:01:04.695736+02:00
295960109,de:11000:900110004:1:51,-0.7,2026-10-02T01:01:04.695736+02:00
295960109,de:11000:900110003:1:51,0.0,2026-10-02T01:01:04.695736+02:00
295960109,de:11000:900110002:1:51,0.0,2026-10-02T01:01:04.695736+02:00
295960109,de:11000:900110001:1:51,-0.7,2026-10-02T01:01:04.695736+02:00
295960109,de:11000:900110011:2:52,-0.4,2026-10-02T01:01:04.695736+02:00
295960109,de:11000:900130002:1:50,0.0,2026-10-02T01:01:04.695736+02:00
295960109,de:11000:900130001:1:50,-0.7,2026-10-02T01:01:04.695736+02:00
295960109,de:11000:900142001:1:50,-0.2,2026-10-02T01:01:04.695736+02:00
295960109,de:12065:900200013:1:50,-0.3,2026-10-02T01:01:04.695736+02:00
295960109,de:12065:900200012:1:50,-0.9,2026-10-02T01:01:04.695736+02:00
295960109,de:12065:900200011:1:50,-0.4,2026-10-02T01:01:04.695736+02:00
295960109,de:12065:900200009:1:50,-0.9,2026-10-02T01:01:04.695736+02:00
295960109,de:12065:900200008:1:50,-0.9,2026-10-02T01:01:04.695736+02:00
295959998,de:12065:900200008:1:51,0.0,2026-10-02T01:01:04.695736+02:00
295959998,de:12065:900200009:1:51,-0.7,2026-10-02T01:01:04.695736+02:00
295959998,de:12065:900200011:1:51,-0.3,2026-10-02T01:01:04.695736+02:00
295959998,de:12065:900200012:1:51,-0.8,2026-10-02T01:01:04.695736+02:00
295959998,de:12065:900200013:1:50,-0.4,2026-10-02T01:01:04.695736+02:00
295959998,de:11000:900142001:1:51,-0.7,2026-10-02T01:01:04.695736+02:00
295959998,de:11000:900130001:1:51,-0.2,2026-10-02T01:01:04.695736+02:00
295959998,de:11000:900130002:1:51,-0.7,2026-10-02T01:01:04.695736+02:00
295959998,de:11000:900110011:1:51,-0.2,2026-10-02T01:01:04.695736+02:00
295959998,de:11000:900110001:1:50,-0.2,2026-10-02T01:01:04.695736+02:00
295959998,de:11000:900110002:1:50,-0.9,2026-10-02T01:01:04.695736+02:00
295959998,de:11000:900110003:1:50,-0.9,2026-10-02T01:01:04.695736+02:00
295959998,de:11000:900110004:1:50,-0.3,2026-10-02T01:01:04.695736+02:00
295959998,de:11000:900110012:1:50,-0.2,2026-10-02T01:01:04.695736+02:00
295959998,de:11000:900120001:1:50,-0.2,2026-10-02T01:01:04.695736+02:00
295959998,de:11000:900120003:5:58,-0.6,2026-10-02T01:01:04.695736+02:00
295959998,de:11000:900190001:1:50,-0.1,2026-10-02T01:01:04.695736+02:00
295959998,de:11000:900191002:1:50,0.0,2026-10-02T01:01:04.695736+02:00
295959998,de:11000:900191001:2:52,-0.4,2026-10-02T01:01:04.695736+02:00
295959998,de:11000:900192001:2:52,-0.2,2026-10-02T01:01:04.695736+02:00
295959998,de:11000:900193001:1:50,-0.7,2026-10-02T01:01:04.695736+02:00
295959998,de:11000:900193002:1:50,-0.3,2026-10-02T01:01:04.695736+02:00
295959998,de:11000:900186001:1:50,-0.3,2026-10-02T01:01:04.695736+02:00
295959998,de:12061:900260004:1:50,-0.7,2026-10-02T01:01:04.695736+02:00
295959998,de:12061:900260003:1:50,-0.9,2026-10-02T01:01:04.695736+02:00
295959998,de:12061:900260002:1:50,-0.9,2026-10-02T01:01:04.695736+02:00
295959994,de:12065:900200008:1:51,0.0,2026-10-02T01:01:04.695736+02:00
295959994,de:12065:900200009:1:51,-0.7,2026-10-02T01:01:04.695736+02:00
295959994,de:12065:900200011:1:51,-0.3,2026-10-02T01:01:04.695736+02:00
295959994,de:12065:900200012:1:51,-0.8,2026-10-02T01:01:04.695736+02:00
295959994,de:12065:900200013:1:50,-0.4,2026-10-02T01:01:04.695736+02:00
295959994,de:11000:900142001:1:51,-0.7,2026-10-02T01:01:04.695736+02:00
295959994,de:11000:900130001:1:51,-0.2,2026-10-02T01:01:04.695736+02:00
295959994,de:11000:900130002:1:51,-0.7,2026-10-02T01:01:04.695736+02:00
295959994,de:11000:900110011:1:51,-0.2,2026-10-02T01:01:04.695736+02:00
295959994,de:11000:900110001:1:50,-0.2,2026-10-02T01:01:04.695736+02:00
295959994,de:11000:900110002:1:50,-0.9,2026-10-02T01:01:04.695736+02:00
295959994,de:11000:900110003:1:50,-0.9,2026-10-02T01:01:04.695736+02:00
295959994,de:11000:900110004:1:50,-0.3,2026-10-02T01:01:04.695736+02:00
295959994,de:11000:900110012:1:50,-0.2,2026-10-02T01:01:04.695736+02:00
295959994,de:11000:900120001:1:50,-0.2,2026-10-02T01:01:04.695736+02:00
295959994,de:11000:900120003:5:58,-0.6,2026-10-02T01:01:04.695736+02:00
295959994,de:11000:900190001:1:50,-0.1,2026-10-02T01:01:04.695736+02:00
295959994,de:11000:900191002:1:50,0.0,2026-10-02T01:01:04.695736+02:00
295959994,de:11000:900191001:2:52,-0.4,2026-10-02T01:01:04.695736+02:00
295959994,de:11000:900192001:2:52,-0.2,2026-10-02T01:01:04.695736+02:00
295959994,de:11000:900193001:1:50,-0.7,2026-10-02T01:01:04.695736+02:00
295959994,de:11000:900193002:1:50,-0.3,2026-10-02T01:01:04.695736+02:00
295959994,de:11000:900186001:1:50,-0.3,2026-10-02T01:01:04.695736+02:00
295959994,de:12061:900260004:1:50,-0.7,2026-10-02T01:01:04.695736+02:00
295959994,de:12061:900260003:1:50,-0.9,2026-10-02T01:01:04.695736+02:00
295959994,de:12061:900260002:1:50,-0.9,2026-10-02T01:01:04.695736+02:00
295960041,de:12061:900260002:1:50,0.0,2026-10-02T01:01:04.695736+02:00
295960041,de:12061:900260003:1:51,-0.7,2026-10-02T01:01:04.695736+02:00
295960041,de:12061:900260004:1:51,-0.9,2026-10-02T01:01:04.695736+02:00
295960041,de:11000:900186001:2:53,-0.2,2026-10-02T01:01:04.695736+02:00
295960041,de:11000:900193002:1:51,-0.2,2026-10-02T01:01:04.695736+02:00
295960041,de:11000:900193001:2:51,-0.8,2026-10-02T01:01:04.695736+02:00
295960041,de:11000:900192001:3:55,-0.7,2026-10-02T01:01:04.695736+02:00
295960041,de:11000:900191001:1:50,-0.4,2026-10-02T01:01:04.695736+02:00
295960041,de:11000:900191002:1:51,-0.8,2026-10-02T01:01:04.695736+02:00
295960041,de:11000:900190001:2:53,-0.6,2026-10-02T01:01:04.695736+02:00
295960041,de:11000:900120003:5:59,0.0,2026-10-02T01:01:04.695736+02:00
295960041,de:11000:900120001:1:51,-0.6,2026-10-02T01:01:04.695736+02:00
295960041,de:11000:900110012:1:51,-0.8,2026-10-02T01:01:04.695736+02:00
295960041,de:11000:900110004:1:51,-0.7,2026-10-02T01:01:04.695736+02:00
295960041,de:11000:900110003:1:51,0.0,2026-10-02T01:01:04.695736+02:00
295960041,de:11000:900110002:1:51,0.0,2026-10-02T01:01:04.695736+02:00
295960041,de:11000:900110001:1:51,-0.7,2026-10-02T01:01:04.695736+02:00
295960041,de:11000:900110011:2:52,-0.4,2026-10-02T01:01:04.695736+02:00
295960041,de:11000:900130002:1:50,0.0,2026-10-02T01:01:04.695736+02:00
295960041,de:11000:900130001:1:50,-0.7,2026-10-02T01:01:04.695736+02:00
295960041,de:11000:900142001:1:50,-0.2,2026-10-02T01:01:04.695736+02:00
295960041,de:12065:900200013:1:50,-0.3,2026-10-02T01:01:04.695736+02:00
295960041,de:12065:900200012:1:50,-0.9,2026-10-02T01:01:04.695736+02:00
295960041,de:12065:900200011:1:50,-0.4,2026-10-02T01:01:04.695736+02:00
295960041,de:12065:900200009:1:50,-0.9,2026-10-02T01:01:04.695736+02:00
295960041,de:12065:900200008:1:50,-0.9,2026-10-02T01:01:04.695736+02:00
295959917,de:11000:900142001:1:51,0.0,2026-10-02T01:01:04.695736+02:00
295959917,de:11000:900130001:1:51,-0.2,2026-10-02T01:01:04.695736+02:00
295959917,de:11000:900130002:1:51,-0.7,2026-10-02T01:01:04.695736+02:00
295959917,de:11000:900110011:1:51,-0.2,2026-10-02T01:01:04.695736+02:00
295959917,de:11000:900110001:1:50,-0.2,2026-10-02T01:01:04.695736+02:00
295959917,de:11000:900110002:1:50,-0.9,2026-10-02T01:01:04.695736+02:00
295959917,de:11000:900110003:1:50,-0.9,2026-10-02T01:01:04.695736+02:00
295959917,de:11000:900110004:1:50,-0.3,2026-10-02T01:01:04.695736+02:00
295959917,de:11000:900110012:1:50,-0.2,2026-10-02T01:01:04.695736+02:00
295959917,de:11000:900120001:1:50,-0.2,2026-10-02T01:01:04.695736+02:00
295959917,de:11000:900120003:5:58,-0.6,2026-10-02T01:01:04.695736+02:00
295959917,de:11000:900190001:1:50,-0.1,2026-10-02T01:01:04.695736+02:00
295959917,de:11000:900191002:1:50,0.0,2026-10-02T01:01:04.695736+02:00
295959917,de:11000:900191001:2:52,-0.4,2026-10-02T01:01:04.695736+02:00
295959917,de:11000:900192001:2:52,-0.2,2026-10-02T01:01:04.695736+02:00
295959917,de:11000:900193001:1:50,-0.7,2026-10-02T01:01:04.695736+02:00
295959917,de:11000:900193002:1:50,-0.3,2026-10-02T01:01:04.695736+02:00
295959917,de:11000:900186001:1:50,-0.3,2026-10-02T01:01:04.695736+02:00
306895549,de:12067:900311083::3,0.0,2026-10-02T01:01:04.695736+02:00
306895549,de:12067:900310775::1,0.0,2026-10-02T01:01:04.695736+02:00
306895549,de:12067:900311083::2,0.0,2026-10-02T01:01:04.695736+02:00
306895549,de:12067:900310814::2,0.0,2026-10-02T01:01:04.695736+02:00
306895549,de:12067:900310804::2,0.0,2026-10-02T01:01:04.695736+02:00
306895549,de:12067:900311150::2,0.0,2026-10-02T01:01:04.695736+02:00
306895549,de:12067:900311135::2,0.0,2026-10-02T01:01:04.695736+02:00
306895549,de:12067:900311149::2,0.0,2026-10-02T01:01:04.695736+02:00
306895549,de:12067:900310001::11,0.0,2026-10-02T01:01:04.695736+02:00
306895549,de:12067:900310001::2,0.0,2026-10-02T01:01:04.695736+02:00
306895549,de:12067:900310816::1,0.0,2026-10-02T01:01:04.695736+02:00
306895549,de:12067:900310627::1,0.0,2026-10-02T01:01:04.695736+02:00
306895549,de:12067:900311151::1,0.0,2026-10-02T01:01:04.695736+02:00
306895549,de:12067:900311152::1,0.0,2026-10-02T01:01:04.695736+02:00
306895549,de:12067:900310823::1,0.0,2026-10-02T01:01:04.695736+02:00
306895549,de:12067:900310773::1,0.0,2026-10-02T01:01:04.695736+02:00
306895549,de:12067:900311109::1,0.0,2026-10-02T01:01:04.695736+02:00
306895549,de:12067:900310782::1,0.0,2026-10-02T01:01:04.695736+02:00
306895549,de:12067:900310010::2,0.0,2026-10-02T01:01:04.695736+02:00
306895549,de:12067:900310770::2,0.0,2026-10-02T01:01:04.695736+02:00
306895549,de:12067:900310695::2,0.0,2026-10-02T01:01:04.695736+02:00
306895549,de:12067:900310769::1,0.0,2026-10-02T01:01:04.695736+02:00
306895549,de:12067:900310810::2,0.0,2026-10-02T01:01:04.695736+02:00
306895549,de:12067:900310980::1,0.0,2026-10-02T01:01:04.695736+02:00
295967962,de:12061:900260009:3:55,0.0,2026-10-02T01:01:04.695736+02:00
295967962,de:12061:900260080:1:51,-0.7,2026-10-02T01:01:04.695736+02:00
295967962,de:12061:900260005:3:55,0.0,2026-10-02T01:01:04.695736+02:00
295967962,de:11000:900196001:1:51,0.0,2026-10-02T01:01:04.695736+02:00
295967962,de:11000:900195510:1:50,-0.4,2026-10-02T01:01:04.695736+02:00
295967962,de:11000:900193002:1:51,-0.6,2026-10-02T01:01:04.695736+02:00
295967962,de:11000:900193001:2:51,-0.3,2026-10-02T01:01:04.695736+02:00
295967962,de:11000:900192001:3:55,-0.2,2026-10-02T01:01:04.695736+02:00
295967962,de:11000:900191001:1:50,0.0,2026-10-02T01:01:04.695736+02:00
295967962,de:11000:900191002:1:51,-0.7,2026-10-02T01:01:04.695736+02:00
295967962,de:11000:900190001:2:53,-0.4,2026-10-02T01:01:04.695736+02:00
295967962,de:11000:900120004:2:53,-0.9,2026-10-02T01:01:04.695736+02:00
295967962,de:11000:900120005:5:58,-0.1,2026-10-02T01:01:04.695736+02:00
295967962,de:11000:900100004:1:51,-0.4,2026-10-02T01:01:04.695736+02:00
295967962,de:11000:900100003:2:53,-0.4,2026-10-02T01:01:04.695736+02:00
295967962,de:11000:900100002:1:51,-0.4,2026-10-02T01:01:04.695736+02:00
295967962,de:11000:900100001:3:55,-0.4,2026-10-02T01:01:04.695736+02:00
295967962,de:11000:900003201:3:55,-0.1,2026-10-02T01:01:04.695736+02:00
295967962,de:11000:900003102:1:51,-0.8,2026-10-02T01:01:04.695736+02:00
295967962,de:11000:900003103:1:51,-0.9,2026-10-02T01:01:04.695736+02:00
295967962,de:11000:900023201:3:55,-0.8,2026-10-02T01:01:04.695736+02:00
295967962,de:11000:900024203:1:51,-0.8,2026-10-02T01:01:04.695736+02:00
295967962,de:11000:900024101:4:57,-0.8,2026-10-02T01:01:04.695736+02:00
295967962,de:11000:900024102:1:50,-0.1,2026-10-02T01:01:04.695736+02:00
295967962,de:11000:900025423:1:50,-0.4,2026-10-02T01:01:04.695736+02:00
295967962,de:11000:900026105:1:50,-0.7,2026-10-02T01:01:04.695736+02:00
295967962,de:11000:900025321:1:50,-0.3,2026-10-02T01:01:04.695736+02:00
295967962,de:11000:900025424:1:50,-0.3,2026-10-02T01:01:04.695736+02:00
295967962,de:11000:900030202:1:50,-0.9,2026-10-02T01:01:04.695736+02:00
295967962,de:11000:900029101:1:51,-0.9,2026-10-02T01:01:04.695736+02:00
295967958,de:12061:900260009:3:55,0.0,2026-10-02T01:01:04.695736+02:00
295967958,de:12061:900260080:1:51,-0.7,2026-10-02T01:01:04.695736+02:00
295967958,de:12061:900260005:3:55,0.0,2026-10-02T01:01:04.695736+02:00
295967958,de:11000:900196001:1:51,0.0,2026-10-02T01:01:04.695736+02:00
295967958,de:11000:900195510:1:50,-0.4,2026-10-02T01:01:04.695736+02:00
295967958,de:11000:900193002:1:51,-0.6,2026-10-02T01:01:04.695736+02:00
295967958,de:11000:900193001:2:51,-0.3,2026-10-02T01:01:04.695736+02:00
295967958,de:11000:900192001:3:55,-0.2,2026-10-02T01:01:04.695736+02:00
295967958,de:11000:900191001:1:50,0.0,2026-10-02T01:01:04.695736+02:00
295967958,de:11000:900191002:1:51,-0.7,2026-10-02T01:01:04.695736+02:00
295967958,de:11000:900190001:2:53,-0.4,2026-10-02T01:01:04.695736+02:00
295967958,de:11000:900120004:2:53,-0.9,2026-10-02T01:01:04.695736+02:00
295967958,de:11000:900120005:5:58,-0.1,2026-10-02T01:01:04.695736+02:00
295967958,de:11000:900100004:1:51,-0.4,2026-10-02T01:01:04.695736+02:00
295967958,de:11000:900100003:2:53,-0.4,2026-10-02T01:01:04.695736+02:00
295967958,de:11000:900100002:1:51,-0.4,2026-10-02T01:01:04.695736+02:00
295967958,de:11000:900100001:3:55,-0.4,2026-10-02T01:01:04.695736+02:00
295967958,de:11000:900003201:3:55,-0.1,2026-10-02T01:01:04.695736+02:00
295967958,de:11000:900003102:1:51,-0.8,2026-10-02T01:01:04.695736+02:00
295967958,de:11000:900003103:1:51,-0.9,2026-10-02T01:01:04.695736+02:00
295967958,de:11000:900023201:3:55,-0.8,2026-10-02T01:01:04.695736+02:00
295967958,de:11000:900024203:1:51,-0.8,2026-10-02T01:01:04.695736+02:00
295967958,de:11000:900024101:4:57,-0.8,2026-10-02T01:01:04.695736+02:00
295967958,de:11000:900024102:1:50,-0.1,2026-10-02T01:01:04.695736+02:00
295967958,de:11000:900025423:1:50,-0.4,2026-10-02T01:01:04.695736+02:00
295967958,de:11000:900026105:1:50,-0.7,2026-10-02T01:01:04.695736+02:00
295967958,de:11000:900025321:1:50,-0.3,2026-10-02T01:01:04.695736+02:00
295967958,de:11000:900025424:1:50,-0.3,2026-10-02T01:01:04.695736+02:00
295967958,de:11000:900030202:1:50,-0.9,2026-10-02T01:01:04.695736+02:00
295967958,de:11000:900029101:1:51,-0.9,2026-10-02T01:01:04.695736+02:00
307332682,de:11000:900029101:1:51,0.0,2026-10-02T01:01:04.695736+02:00
307332682,de:11000:900030202:1:50,-0.3,2026-10-02T01:01:04.695736+02:00
307332682,de:11000:900025424:1:51,-0.2,2026-10-02T01:01:04.695736+02:00
307332682,de:11000:900025321:1:51,-0.2,2026-10-02T01:01:04.695736+02:00
307332682,de:11000:900026105:1:50,-0.4,2026-10-02T01:01:04.695736+02:00
307332682,de:11000:900025423:1:50,-0.7,2026-10-02T01:01:04.695736+02:00
307332682,de:11000:900024102:2:53,-0.7,2026-10-02T01:01:04.695736+02:00
307332682,de:11000:900024101:3:55,-0.3,2026-10-02T01:01:04.695736+02:00
307332682,de:11000:900024203:1:51,-0.8,2026-10-02T01:01:04.695736+02:00
307332682,de:11000:900023201:3:54,-0.7,2026-10-02T01:01:04.695736+02:00
307332682,de:11000:900003103:1:50,-0.8,2026-10-02T01:01:04.695736+02:00
307332682,de:11000:900003102:1:50,-0.9,2026-10-02T01:01:04.695736+02:00
307332682,de:11000:900003201:3:54,-0.5,2026-10-02T01:01:04.695736+02:00
307332682,de:11000:900100001:3:54,-0.1,2026-10-02T01:01:04.695736+02:00
307332682,de:11000:900100002:1:50,-0.4,2026-10-02T01:01:04.695736+02:00
307332682,de:11000:900100003:2:52,-0.1,2026-10-02T01:01:04.695736+02:00
307332682,de:11000:900100004:1:50,-0.4,2026-10-02T01:01:04.695736+02:00
307332682,de:11000:900120005:4:56,-0.6,2026-10-02T01:01:04.695736+02:00
307332682,de:11000:900120004:1:51,-0.1,2026-10-02T01:01:04.695736+02:00
307332682,de:11000:900190001:1:51,-0.2,2026-10-02T01:01:04.695736+02:00
307332682,de:11000:900191002:1:50,0.0,2026-10-02T01:01:04.695736+02:00
307332682,de:11000:900191001:2:52,-0.4,2026-10-02T01:01:04.695736+02:00
307332682,de:11000:900192001:2:52,-0.7,2026-10-02T01:01:04.695736+02:00
307332682,de:11000:900193001:1:50,-0.2,2026-10-02T01:01:04.695736+02:00
307332682,de:11000:900193002:1:50,-0.8,2026-10-02T01:01:04.695736+02:00
307332682,de:11000:900195510:1:51,-0.2,2026-10-02T01:01:04.695736+02:00
307332682,de:11000:900196001:1:50,-0.4,2026-10-02T01:01:04.695736+02:00
307332682,de:12061:900260005:3:54,-0.2,2026-10-02T01:01:04.695736+02:00
307332682,de:12061:900260080:1:50,-0.7,2026-10-02T01:01:04.695736+02:00
307332682,de:12061:900260009:3:55,-0.9,2026-10-02T01:01:04.695736+02:00
307332671,de:11000:900029101:1:51,0.0,2026-10-02T01:01:04.695736+02:00
307332671,de:11000:900030202:1:50,-0.3,2026-10-02T01:01:04.695736+02:00
307332671,de:11000:900025424:1:51,-0.2,2026-10-02T01:01:04.695736+02:00
307332671,de:11000:900025321:1:51,-0.2,2026-10-02T01:01:04.695736+02:00
307332671,de:11000:900026105:1:50,-0.4,2026-10-02T01:01:04.695736+02:00
307332671,de:11000:900025423:1:50,-0.7,2026-10-02T01:01:04.695736+02:00
307332671,de:11000:900024102:2:53,-0.7,2026-10-02T01:01:04.695736+02:00
307332671,de:11000:900024101:3:55,-0.3,2026-10-02T01:01:04.695736+02:00
307332671,de:11000:900024203:1:51,-0.8,2026-10-02T01:01:04.695736+02:00
307332671,de:11000:900023201:3:54,-0.7,2026-10-02T01:01:04.695736+02:00
307332671,de:11000:900003103:1:50,-0.8,2026-10-02T01:01:04.695736+02:00
307332671,de:11000:900003102:1:50,-0.9,2026-10-02T01:01:04.695736+02:00
307332671,de:11000:900003201:3:54,-0.5,2026-10-02T01:01:04.695736+02:00
307332671,de:11000:900100001:3:54,-0.1,2026-10-02T01:01:04.695736+02:00
307332671,de:11000:900100002:1:50,-0.4,2026-10-02T01:01:04.695736+02:00
307332671,de:11000:900100003:2:52,-0.1,2026-10-02T01:01:04.695736+02:00
307332671,de:11000:900100004:1:50,-0.4,2026-10-02T01:01:04.695736+02:00
307332671,de:11000:900120005:4:56,-0.6,2026-10-02T01:01:04.695736+02:00
307332671,de:11000:900120004:1:51,-0.1,2026-10-02T01:01:04.695736+02:00
307332671,de:11000:900190001:1:51,-0.2,2026-10-02T01:01:04.695736+02:00
307332671,de:11000:900191002:1:50,0.0,2026-10-02T01:01:04.695736+02:00
307332671,de:11000:900191001:2:52,-0.4,2026-10-02T01:01:04.695736+02:00
307332671,de:11000:900192001:2:52,-0.7,2026-10-02T01:01:04.695736+02:00
307332671,de:11000:900193001:1:50,-0.2,2026-10-02T01:01:04.695736+02:00
307332671,de:11000:900193002:1:50,-0.8,2026-10-02T01:01:04.695736+02:00
307332671,de:11000:900195510:1:51,-0.2,2026-10-02T01:01:04.695736+02:00
307332671,de:11000:900196001:1:50,-0.4,2026-10-02T01:01:04.695736+02:00
307332671,de:12061:900260005:3:54,-0.2,2026-10-02T01:01:04.695736+02:00
307332671,de:12061:900260080:1:50,-0.7,2026-10-02T01:01:04.695736+02:00
307332671,de:12061:900260009:3:55,-0.9,2026-10-02T01:01:04.695736+02:00
306047346,de:12064:900320008::2,0.0,2026-10-02T01:01:04.695736+02:00
306047346,de:12064:900320050::2,0.0,2026-10-02T01:01:04.695736+02:00
306047346,de:12064:900320120::1,0.0,2026-10-02T01:01:04.695736+02:00
306047346,de:12064:900320119::1,0.0,2026-10-02T01:01:04.695736+02:00
306047346,de:12064:900320017::1,0.0,2026-10-02T01:01:04.695736+02:00
306047346,de:12064:900320523::1,0.0,2026-10-02T01:01:04.695736+02:00
306047346,de:12064:900320510::2,0.0,2026-10-02T01:01:04.695736+02:00
306047346,de:12064:900320511::2,0.0,2026-10-02T01:01:04.695736+02:00
306047346,de:12064:900320520::2,0.0,2026-10-02T01:01:04.695736+02:00
306047346,de:11000:900175010::5,-1.0,2026-10-02T01:01:04.695736+02:00
306047346,de:12064:900320022::2,0.0,2026-10-02T01:01:04.695736+02:00
306047346,de:12064:900320021::2,0.0,2026-10-02T01:01:04.695736+02:00
306047346,de:12064:900320505::2,0.0,2026-10-02T01:01:04.695736+02:00
306047346,de:12064:900320035::2,0.0,2026-10-02T01:01:04.695736+02:00
306047346,de:12064:900320506::2,0.0,2026-10-02T01:01:04.695736+02:00
306047346,de:12064:900320020::1,0.0,2026-10-02T01:01:04.695736+02:00
295879439,de:11000:900053301:2:52,0.0,2026-10-02T01:01:04.695736+02:00
295879439,de:11000:900052201:1:51,0.0,2026-10-02T01:01:04.695736+02:00
295879439,de:11000:900050355:1:51,-0.3,2026-10-02T01:01:04.695736+02:00
295879439,de:11000:900050301:1:51,-0.4,2026-10-02T01:01:04.695736+02:00
295879439,de:11000:900049201:1:51,0.0,2026-10-02T01:01:04.695736+02:00
295879439,de:11000:900049202:1:51,0.0,2026-10-02T01:01:04.695736+02:00
295879439,de:11000:900066101:1:51,-0.3,2026-10-02T01:01:04.695736+02:00
295879439,de:11000:900066102:1:51,-0.2,2026-10-02T01:01:04.695736+02:00
295879439,de:11000:900062202:1:51,-0.2,2026-10-02T01:01:04.695736+02:00
295879439,de:11000:900063101:1:51,-0.2,2026-10-02T01:01:04.695736+02:00
295879439,de:11000:900060101:1:51,-0.9,2026-10-02T01:01:04.695736+02:00
295879439,de:11000:900054104:1:51,-0.9,2026-10-02T01:01:04.695736+02:00
295879439,de:11000:900057104:1:50,-0.4,2026-10-02T01:01:04.695736+02:00
295879439,de:11000:900057102:1:51,-0.1,2026-10-02T01:01:04.695736+02:00
295879439,de:11000:900012101:2:52,-0.9,2026-10-02T01:01:04.695736+02:00
295879439,de:11000:900100020:4:57,-0.3,2026-10-02T01:01:04.695736+02:00
295879439,de:11000:900100025:1:51,-0.4,2026-10-02T01:01:04.695736+02:00
295879439,de:11000:900100001:4:57,-0.1,2026-10-02T01:01:04.695736+02:00
295879439,de:11000:900100007:1:51,-0.2,2026-10-02T01:01:04.695736+02:00
295879439,de:11000:900007104:2:52,-0.2,2026-10-02T01:01:04.695736+02:00
295879439,de:11000:900008101:1:51,-0.9,2026-10-02T01:01:04.695736+02:00
295879439,de:11000:900007102:2:53,-0.6,2026-10-02T01:01:04.695736+02:00
295879439,de:11000:900110011:2:53,-0.9,2026-10-02T01:01:04.695736+02:00
295879439,de:11000:900085201:1:50,-0.9,2026-10-02T01:01:04.695736+02:00
295879439,de:11000:900084101:1:50,-0.7,2026-10-02T01:01:04.695736+02:00
295879439,de:11000:900096101:1:50,-0.8,2026-10-02T01:01:04.695736+02:00
295879439,de:11000:900094101:1:50,-0.1,2026-10-02T01:01:04.695736+02:00
295879439,de:11000:900093201:1:50,-0.4,2026-10-02T01:01:04.695736+02:00
295879439,de:11000:900092201:1:50,-0.2,2026-10-02T01:01:04.695736+02:00
295879439,de:12065:900200009:1:50,-0.7,2026-10-02T01:01:04.695736+02:00
295879439,de:12065:900200008:1:50,-0.7,2026-10-02T01:01:04.695736+02:00
295879439,de:12065:900200007:1:50,-0.2,2026-10-02T01:01:04.695736+02:00
295879439,de:12065:900200006:1:50,-0.5,2026-10-02T01:01:04.695736+02:00
295879439,de:12065:900200005:3:1,-0.9,2026-10-02T01:01:04.695736+02:00
306895888,de:12067:900310001::5,0.0,2026-10-02T01:01:04.695736+02:00
306895888,de:12067:900311149::1,0.0,2026-10-02T01:01:04.695736+02:00
306895888,de:12067:900310781::1,0.0,2026-10-02T01:01:04.695736+02:00
306895888,de:12067:900310789::1,0.0,2026-10-02T01:01:04.695736+02:00
306895888,de:12067:900310797::1,0.0,2026-10-02T01:01:04.695736+02:00
306895888,de:12067:900310773::1,0.0,2026-10-02T01:01:04.695736+02:00
306895888,de:12067:900311115::1,0.0,2026-10-02T01:01:04.695736+02:00
295879408,de:11000:900053301:2:52,0.0,2026-10-02T01:01:04.695736+02:00
295879408,de:11000:900052201:1:51,0.0,2026-10-02T01:01:04.695736+02:00
295879408,de:11000:900050355:1:51,-0.3,2026-10-02T01:01:04.695736+02:00
295879408,de:11000:900050301:1:51,-0.4,2026-10-02T01:01:04.695736+02:00
295879408,de:11000:900049201:1:51,0.0,2026-10-02T01:01:04.695736+02:00
295879408,de:11000:900049202:1:51,0.0,2026-10-02T01:01:04.695736+02:00
295879408,de:11000:900066101:1:51,-0.3,2026-10-02T01:01:04.695736+02:00
295879408,de:11000:900066102:1:51,-0.2,2026-10-02T01:01:04.695736+02:00
295879408,de:11000:900062202:1:51,-0.2,2026-10-02T01:01:04.695736+02:00
295879408,de:11000:900063101:1:51,-0.2,2026-10-02T01:01:04.695736+02:00
295879408,de:11000:900060101:1:51,-0.9,2026-10-02T01:01:04.695736+02:00
295879408,de:11000:900054104:1:51,-0.9,2026-10-02T01:01:04.695736+02:00
295879408,de:11000:900057104:1:50,-0.4,2026-10-02T01:01:04.695736+02:00
295879408,de:11000:900057102:1:51,-0.1,2026-10-02T01:01:04.695736+02:00
295879408,de:11000:900012101:2:52,-0.9,2026-10-02T01:01:04.695736+02:00
295879408,de:11000:900100020:4:57,-0.3,2026-10-02T01:01:04.695736+02:00
295879408,de:11000:900100025:1:51,-0.4,2026-10-02T01:01:04.695736+02:00
295879408,de:11000:900100001:4:57,-0.1,2026-10-02T01:01:04.695736+02:00
295879408,de:11000:900100007:1:51,-0.2,2026-10-02T01:01:04.695736+02:00
295879408,de:11000:900007104:2:52,-0.2,2026-10-02T01:01:04.695736+02:00
295879408,de:11000:900008101:1:51,-0.9,2026-10-02T01:01:04.695736+02:00
295879408,de:11000:900007102:2:53,-0.6,2026-10-02T01:01:04.695736+02:00
295879408,de:11000:900110011:2:53,-0.9,2026-10-02T01:01:04.695736+02:00
295879408,de:11000:900085201:1:50,-0.9,2026-10-02T01:01:04.695736+02:00
295879408,de:11000:900084101:1:50,-0.7,2026-10-02T01:01:04.695736+02:00
295879408,de:11000:900096101:1:50,-0.8,2026-10-02T01:01:04.695736+02:00
295879408,de:11000:900094101:1:50,-0.1,2026-10-02T01:01:04.695736+02:00
295879408,de:11000:900093201:1:50,-0.4,2026-10-02T01:01:04.695736+02:00
295879408,de:11000:900092201:1:50,-0.2,2026-10-02T01:01:04.695736+02:00
295879408,de:12065:900200009:1:50,-0.7,2026-10-02T01:01:04.695736+02:00
295879408,de:12065:900200008:1:50,-0.7,2026-10-02T01:01:04.695736+02:00
295879408,de:12065:900200007:1:50,-0.2,2026-10-02T01:01:04.695736+02:00
295879408,de:12065:900200006:1:50,-0.5,2026-10-02T01:01:04.695736+02:00
295879408,de:12065:900200005:3:1,-0.9,2026-10-02T01:01:04.695736+02:00
295879294,de:12065:900200005:3:1,0.0,2026-10-02T01:01:04.695736+02:00
295879294,de:12065:900200006:1:51,-0.3,2026-10-02T01:01:04.695736+02:00
295879294,de:12065:900200007:1:51,-0.7,2026-10-02T01:01:04.695736+02:00
295879294,de:12065:900200008:1:51,-0.2,2026-10-02T01:01:04.695736+02:00
295879294,de:12065:900200009:1:51,-0.1,2026-10-02T01:01:04.695736+02:00
295879294,de:11000:900092201:1:51,-0.7,2026-10-02T01:01:04.695736+02:00
295879294,de:11000:900093201:1:51,-0.4,2026-10-02T01:01:04.695736+02:00
295879294,de:11000:900094101:1:51,-0.8,2026-10-02T01:01:04.695736+02:00
295879294,de:11000:900096101:1:51,-0.1,2026-10-02T01:01:04.695736+02:00
295879294,de:11000:900084101:1:51,-0.2,2026-10-02T01:01:04.695736+02:00
295879294,de:11000:900085201:1:51,-0.8,2026-10-02T01:01:04.695736+02:00
295879294,de:11000:900130003:1:51,-0.8,2026-10-02T01:01:04.695736+02:00
295879294,de:11000:900110011:1:50,-0.9,2026-10-02T01:01:04.695736+02:00
295879294,de:11000:900007102:1:50,-0.9,2026-10-02T01:01:04.695736+02:00
295879294,de:11000:900008101:1:50,0.0,2026-10-02T01:01:04.695736+02:00
295879294,de:11000:900007104:1:51,-0.7,2026-10-02T01:01:04.695736+02:00
295879294,de:11000:900100007:1:50,-0.7,2026-10-02T01:01:04.695736+02:00
295879294,de:11000:900100001:4:56,-0.5,2026-10-02T01:01:04.695736+02:00
295879294,de:11000:900100025:1:50,-0.4,2026-10-02T01:01:04.695736+02:00
295879294,de:11000:900100020:3:54,-0.4,2026-10-02T01:01:04.695736+02:00
295879294,de:11000:900012101:1:51,-0.5,2026-10-02T01:01:04.695736+02:00
295879294,de:11000:900057102:1:50,-0.7,2026-10-02T01:01:04.695736+02:00
295879294,de:11000:900057104:2:51,-0.4,2026-10-02T01:01:04.695736+02:00
295879294,de:11000:900054104:1:50,-0.3,2026-10-02T01:01:04.695736+02:00
295879294,de:11000:900060101:1:50,-0.3,2026-10-02T01:01:04.695736+02:00
295879294,de:11000:900063101:1:50,-0.1,2026-10-02T01:01:04.695736+02:00
295879294,de:11000:900062202:1:50,-0.1,2026-10-02T01:01:04.695736+02:00
295879294,de:11000:900066102:1:50,-0.2,2026-10-02T01:01:04.695736+02:00
295879294,de:11000:900066101:1:50,-0.1,2026-10-02T01:01:04.695736+02:00
295879294,de:11000:900049202:1:50,-0.3,2026-10-02T01:01:04.695736+02:00
295879294,de:11000:900049201:1:50,-0.4,2026-10-02T01:01:04.695736+02:00
295879294,de:11000:900050301:1:50,0.0,2026-10-02T01:01:04.695736+02:00
295879294,de:11000:900050355:1:50,-0.1,2026-10-02T01:01:04.695736+02:00
295879294,de:11000:900052201:1:50,-0.5,2026-10-02T01:01:04.695736+02:00
295879294,de:11000:900053301:1:51,-0.9,2026-10-02T01:01:04.695736+02:00
306895990,de:12067:900310581::2,0.0,2026-10-02T01:01:04.695736+02:00
306895990,de:12067:900310573::2,0.0,2026-10-02T01:01:04.695736+02:00
306895990,de:12067:900310560::2,0.0,2026-10-02T01:01:04.695736+02:00
306895990,de:12067:900310563::4,0.0,2026-10-02T01:01:04.695736+02:00
306895990,de:12067:900310013::2,0.0,2026-10-02T01:01:04.695736+02:00
306895990,de:12067:900310572::1,0.0,2026-10-02T01:01:04.695736+02:00
306895990,de:11000:900310550::1,0.0,2026-10-02T01:01:04.695736+02:00
306895990,de:12067:900310534::1,0.0,2026-10-02T01:01:04.695736+02:00
306895990,de:12067:900310580::2,0.0,2026-10-02T01:01:04.695736+02:00
306895990,de:12067:900310578::4,0.0,2026-10-02T01:01:04.695736+02:00
306895990,de:12067:900310508::2,0.0,2026-10-02T01:01:04.695736+02:00
306895990,de:12067:900310509::2,0.0,2026-10-02T01:01:04.695736+02:00
306895990,de:12067:900310017::3,0.0,2026-10-02T01:01:04.695736+02:00
306895990,de:12064:900320267::1,0.0,2026-10-02T01:01:04.695736+02:00
306895990,de:12064:900320250::1,0.0,2026-10-02T01:01:04.695736+02:00
306896019,de:12067:900310565::1,0.0,2026-10-02T01:01:04.695736+02:00
306896019,de:12067:900310561::2,0.0,2026-10-02T01:01:04.695736+02:00
306896019,de:12067:900310567::2,0.0,2026-10-02T01:01:04.695736+02:00
306896019,de:12067:900310581::2,0.0,2026-10-02T01:01:04.695736+02:00
306896019,de:12067:900310573::2,0.0,2026-10-02T01:01:04.695736+02:00
306896019,de:12067:900310560::2,0.0,2026-10-02T01:01:04.695736+02:00
306896019,de:12067:900310559::1,0.0,2026-10-02T01:01:04.695736+02:00
306896019,de:12067:900310558::3,0.0,2026-10-02T01:01:04.695736+02:00
306896019,de:12067:900310553::2,0.0,2026-10-02T01:01:04.695736+02:00
306896019,de:12067:900310579::2,0.0,2026-10-02T01:01:04.695736+02:00
306896019,de:12067:900310571::2,0.0,2026-10-02T01:01:04.695736+02:00
306896019,de:12067:900310569::2,0.0,2026-10-02T01:01:04.695736+02:00
306896019,de:12067:900310563::1,0.0,2026-10-02T01:01:04.695736+02:00
306896019,de:12067:900310563::4,0.0,2026-10-02T01:01:04.695736+02:00
306896019,de:12067:900310013::2,0.0,2026-10-02T01:01:04.695736+02:00
306896019,de:12067:900310572::1,0.0,2026-10-02T01:01:04.695736+02:00
306896019,de:11000:900310550::1,0.0,2026-10-02T01:01:04.695736+02:00
306896019,de:12067:900310534::1,0.0,2026-10-02T01:01:04.695736+02:00
306896019,de:12067:900310580::2,0.0,2026-10-02T01:01:04.695736+02:00
306896019,de:12067:900310578::4,0.0,2026-10-02T01:01:04.695736+02:00
306896019,de:12067:900310508::2,0.0,2026-10-02T01:01:04.695736+02:00
306896019,de:12067:900310509::2,0.0,2026-10-02T01:01:04.695736+02:00
306896019,de:12067:900310017::3,0.0,2026-10-02T01:01:04.695736+02:00
306896019,de:12064:900320267::1,0.0,2026-10-02T01:01:04.695736+02:00
306896019,de:12064:900320250::1,0.0,2026-10-02T01:01:04.695736+02:00
306896134,de:12067:900310554::1,0.0,2026-10-02T01:01:04.695736+02:00
306896134,de:12067:900310013::3,0.0,2026-10-02T01:01:04.695736+02:00
306896134,de:12067:900310563::3,0.0,2026-10-02T01:01:04.695736+02:00
306896134,de:12067:900310559::1,0.0,2026-10-02T01:01:04.695736+02:00
306896134,de:12067:900310558::1,0.0,2026-10-02T01:01:04.695736+02:00
306896134,de:12067:900310556::1,0.0,2026-10-02T01:01:04.695736+02:00
306896134,de:12067:900310621::1,0.0,2026-10-02T01:01:04.695736+02:00
306896134,de:12067:900310568::1,0.0,2026-10-02T01:01:04.695736+02:00
306896134,de:12067:900310955::1,0.0,2026-10-02T01:01:04.695736+02:00
306896134,de:12067:900310949::2,0.0,2026-10-02T01:01:04.695736+02:00
306896134,de:12067:900310951::1,0.0,2026-10-02T01:01:04.695736+02:00
306896134,de:12067:900310956::1,0.0,2026-10-02T01:01:04.695736+02:00
306896134,de:12067:900310954::1,0.0,2026-10-02T01:01:04.695736+02:00
306896134,de:12067:900310953::1,0.0,2026-10-02T01:01:04.695736+02:00
306896134,de:12067:900311042::1,0.0,2026-10-02T01:01:04.695736+02:00
306896134,de:12067:900311043::1,0.0,2026-10-02T01:01:04.695736+02:00
295883494,de:11000:900100020:3:55,0.0,2026-10-02T01:01:04.695736+02:00
295883494,de:11000:900012101:1:51,-0.5,2026-10-02T01:01:04.695736+02:00
295883494,de:11000:900057102:1:50,-0.7,2026-10-02T01:01:04.695736+02:00
295883494,de:11000:900057104:2:51,-0.4,2026-10-02T01:01:04.695736+02:00
295883494,de:11000:900054104:1:50,-0.3,2026-10-02T01:01:04.695736+02:00
295883494,de:11000:900060101:1:50,-0.3,2026-10-02T01:01:04.695736+02:00
295883494,de:11000:900063101:1:50,-0.1,2026-10-02T01:01:04.695736+02:00
295883494,de:11000:900062202:1:50,-0.1,2026-10-02T01:01:04.695736+02:00
295883494,de:11000:900066102:1:50,-0.2,2026-10-02T01:01:04.695736+02:00
295883494,de:11000:900066101:1:50,-0.1,2026-10-02T01:01:04.695736+02:00
295883494,de:11000:900049202:1:50,-0.3,2026-10-02T01:01:04.695736+02:00
295883494,de:11000:900049201:1:50,-0.4,2026-10-02T01:01:04.695736+02:00
306896253,de:12061:900260001::6,0.0,2026-10-02T01:01:04.695736+02:00
306896253,de:12061:900260798::1,0.0,2026-10-02T01:01:04.695736+02:00
306896253,de:12061:900260890::1,0.0,2026-10-02T01:01:04.695736+02:00
306896253,de:12061:900260887::1,0.0,2026-10-02T01:01:04.695736+02:00
306896253,de:12061:900260886::1,0.0,2026-10-02T01:01:04.695736+02:00
306896253,de:12061:900260888::1,0.0,2026-10-02T01:01:04.695736+02:00
306896253,de:12061:900260889::1,0.0,2026-10-02T01:01:04.695736+02:00
306896253,de:12061:900261047::1,0.0,2026-10-02T01:01:04.695736+02:00
306896253,de:12061:900261048::1,0.0,2026-10-02T01:01:04.695736+02:00
306896253,de:12061:900261051::1,0.0,2026-10-02T01:01:04.695736+02:00
306896253,de:12061:900261050::2,0.0,2026-10-02T01:01:04.695736+02:00
306896253,de:12061:900260170::1,0.0,2026-10-02T01:01:04.695736+02:00
306896253,de:12061:900260167::1,0.0,2026-10-02T01:01:04.695736+02:00
306896253,de:12061:900260168::1,0.0,2026-10-02T01:01:04.695736+02:00
306896253,de:12061:900260171::1,0.0,2026-10-02T01:01:04.695736+02:00
306896253,de:12061:900260166::1,0.0,2026-10-02T01:01:04.695736+02:00
306896253,de:12061:900260169::4,0.0,2026-10-02T01:01:04.695736+02:00
306896253,de:12061:900260165::1,0.0,2026-10-02T01:01:04.695736+02:00
306896253,de:12067:900310950::2,0.0,2026-10-02T01:01:04.695736+02:00
306896253,de:12067:900310955::2,0.0,2026-10-02T01:01:04.695736+02:00
306896253,de:12067:900310568::2,0.0,2026-10-02T01:01:04.695736+02:00
306896253,de:12067:900310556::2,0.0,2026-10-02T01:01:04.695736+02:00
306896253,de:12067:900310558::4,0.0,2026-10-02T01:01:04.695736+02:00
306896253,de:12067:900310559::2,0.0,2026-10-02T01:01:04.695736+02:00
306896253,de:12067:900310563::4,0.0,2026-10-02T01:01:04.695736+02:00
306896253,de:12067:900310013::7,0.0,2026-10-02T01:01:04.695736+02:00
295883505,de:11000:900049201:1:51,0.0,2026-10-02T01:01:04.695736+02:00
295883505,de:11000:900049202:1:51,0.0,2026-10-02T01:01:04.695736+02:00
295883505,de:11000:900066101:1:51,-0.3,2026-10-02T01:01:04.695736+02:00
295883505,de:11000:900066102:1:51,-0.2,2026-10-02T01:01:04.695736+02:00
295883505,de:11000:900062202:1:51,-0.2,2026-10-02T01:01:04.695736+02:00
295883505,de:11000:900063101:1:51,-0.2,2026-10-02T01:01:04.695736+02:00
295883505,de:11000:900060101:1:51,-0.9,2026-10-02T01:01:04.695736+02:00
295883505,de:11000:900054104:1:51,-0.9,2026-10-02T01:01:04.695736+02:00
295883505,de:11000:900057104:1:50,-0.4,2026-10-02T01:01:04.695736+02:00
295883505,de:11000:900057102:1:51,-0.1,2026-10-02T01:01:04.695736+02:00
295883505,de:11000:900012101:2:52,-0.8,2026-10-02T01:01:04.695736+02:00
295883505,de:11000:900100020:4:57,-0.9,2026-10-02T01:01:04.695736+02:00
307252357,de:11000:900003200:5:58,0.0,2026-10-02T01:01:04.695736+02:00
307252357,de:11000:900009104:1:50,-0.8,2026-10-02T01:01:04.695736+02:00
307252357,de:11000:900007102:2:52,-0.4,2026-10-02T01:01:04.695736+02:00
307252344,de:11000:900003200:5:58,0.0,2026-10-02T01:01:04.695736+02:00
307252344,de:11000:900009104:1:50,-0.8,2026-10-02T01:01:04.695736+02:00
307252344,de:11000:900007102:2:52,-0.4,2026-10-02T01:01:04.695736+02:00
306896952,de:12067:900310001::3,0.0,2026-10-02T01:01:04.695736+02:00
306896952,de:12067:900310816::1,0.0,2026-10-02T01:01:04.695736+02:00
306896952,de:12067:900310627::1,0.0,2026-10-02T01:01:04.695736+02:00
306896952,de:12067:900310781::1,0.0,2026-10-02T01:01:04.695736+02:00
306896952,de:12067:900310822::1,0.0,2026-10-02T01:01:04.695736+02:00
306896952,de:12067:900310771::1,0.0,2026-10-02T01:01:04.695736+02:00
306896952,de:12067:900310800::1,0.0,2026-10-02T01:01:04.695736+02:00
306896952,de:12067:900310879::1,0.0,2026-10-02T01:01:04.695736+02:00
306896952,de:12067:900310010::4,0.0,2026-10-02T01:01:04.695736+02:00
306896952,de:12067:900310880::1,0.0,2026-10-02T01:01:04.695736+02:00
306896952,de:12067:900310900::1,0.0,2026-10-02T01:01:04.695736+02:00
306896952,de:12067:900310917::1,0.0,2026-10-02T01:01:04.695736+02:00
306896952,de:12067:900310916::1,-0.5,2026-10-02T01:01:04.695736+02:00
306896952,de:12067:900310915::1,-0.5,2026-10-02T01:01:04.695736+02:00
306896952,de:12067:900310703::1,0.0,2026-10-02T01:01:04.695736+02:00
306896952,de:12067:900310979::1,0.0,2026-10-02T01:01:04.695736+02:00
306896952,de:12067:900310946::1,0.0,2026-10-02T01:01:04.695736+02:00
306896952,de:12067:900310110::1,0.0,2026-10-02T01:01:04.695736+02:00
306896952,de:12067:900310040::1,0.0,2026-10-02T01:01:04.695736+02:00
306896952,de:12067:900310109::1,0.0,2026-10-02T01:01:04.695736+02:00
295882551,de:11000:900053301:2:52,0.0,2026-10-02T01:01:04.695736+02:00
295882551,de:11000:900052201:1:51,0.0,2026-10-02T01:01:04.695736+02:00
295882551,de:11000:900050355:1:51,-0.3,2026-10-02T01:01:04.695736+02:00
295882551,de:11000:900050301:1:51,-0.4,2026-10-02T01:01:04.695736+02:00
295882551,de:11000:900049201:1:51,0.0,2026-10-02T01:01:04.695736+02:00
295882551,de:11000:900049202:1:51,0.0,2026-10-02T01:01:04.695736+02:00
295882551,de:11000:900066101:1:51,-0.3,2026-10-02T01:01:04.695736+02:00
295882551,de:11000:900066102:1:51,-0.2,2026-10-02T01:01:04.695736+02:00
295882551,de:11000:900062202:1:51,-0.2,2026-10-02T01:01:04.695736+02:00
295882551,de:11000:900063101:1:51,-0.2,2026-10-02T01:01:04.695736+02:00
295882551,de:11000:900060101:1:51,-0.9,2026-10-02T01:01:04.695736+02:00
295882551,de:11000:900054104:1:51,-0.9,2026-10-02T01:01:04.695736+02:00
295882551,de:11000:900057104:1:50,-0.4,2026-10-02T01:01:04.695736+02:00
295882551,de:11000:900057102:1:51,-0.1,2026-10-02T01:01:04.695736+02:00
295882551,de:11000:900012101:2:52,-0.9,2026-10-02T01:01:04.695736+02:00
295882551,de:11000:900100020:4:57,-0.3,2026-10-02T01:01:04.695736+02:00
295882551,de:11000:900100025:1:51,-0.4,2026-10-02T01:01:04.695736+02:00
295882551,de:11000:900100001:4:57,-0.1,2026-10-02T01:01:04.695736+02:00
295882551,de:11000:900100007:1:51,-0.2,2026-10-02T01:01:04.695736+02:00
295882551,de:11000:900007104:2:52,-0.2,2026-10-02T01:01:04.695736+02:00
295882551,de:11000:900008101:1:51,-0.9,2026-10-02T01:01:04.695736+02:00
295882551,de:11000:900007102:2:53,-0.6,2026-10-02T01:01:04.695736+02:00
295882551,de:11000:900110011:2:53,-0.9,2026-10-02T01:01:04.695736+02:00
295882551,de:11000:900085201:1:50,-0.9,2026-10-02T01:01:04.695736+02:00
295882551,de:11000:900084101:1:50,-0.7,2026-10-02T01:01:04.695736+02:00
295882551,de:11000:900096101:1:50,-0.8,2026-10-02T01:01:04.695736+02:00
295882551,de:11000:900094101:1:50,-0.1,2026-10-02T01:01:04.695736+02:00
295882551,de:11000:900093201:1:50,-0.4,2026-10-02T01:01:04.695736+02:00
295882551,de:11000:900092201:1:50,-0.2,2026-10-02T01:01:04.695736+02:00
306897005,de:12067:900311308::5,0.0,2026-10-02T01:01:04.695736+02:00
306897005,de:12067:900311380::1,0.0,2026-10-02T01:01:04.695736+02:00
306897005,de:12067:900311348::1,0.0,2026-10-02T01:01:04.695736+02:00
306897005,de:12067:900311350::1,0.0,2026-10-02T01:01:04.695736+02:00
306897005,de:12067:900311321::2,0.0,2026-10-02T01:01:04.695736+02:00
306897005,de:12067:900311353::2,0.0,2026-10-02T01:01:04.695736+02:00
306897005,de:12067:900311383::6,0.0,2026-10-02T01:01:04.695736+02:00
306897005,de:12067:900311305::1,0.0,2026-10-02T01:01:04.695736+02:00
306897005,de:12067:900311304::2,0.0,2026-10-02T01:01:04.695736+02:00
306897005,de:12067:900311334::2,0.0,2026-10-02T01:01:04.695736+02:00
306897005,de:12067:900311333::2,0.0,2026-10-02T01:01:04.695736+02:00
306897005,de:12067:900311352::2,0.0,2026-10-02T01:01:04.695736+02:00
306897005,de:12067:900311336::2,0.0,2026-10-02T01:01:04.695736+02:00
306897005,de:12067:900311371::1,0.0,2026-10-02T01:01:04.695736+02:00
306897005,de:12067:900311364::1,0.0,2026-10-02T01:01:04.695736+02:00
306897005,de:12067:900311374::2,0.0,2026-10-02T01:01:04.695736+02:00
306897005,de:12067:900311365::2,0.0,2026-10-02T01:01:04.695736+02:00
306897005,de:12067:900311363::2,0.0,2026-10-02T01:01:04.695736+02:00
306897005,de:12067:900311362::2,0.0,2026-10-02T01:01:04.695736+02:00
306897005,de:12067:900311377::2,0.0,2026-10-02T01:01:04.695736+02:00
306897005,de:12067:900311376::2,0.0,2026-10-02T01:01:04.695736+02:00
306897005,de:12067:900311316::2,0.0,2026-10-02T01:01:04.695736+02:00
306897005,de:12067:900311384::2,0.0,2026-10-02T01:01:04.695736+02:00
306897005,de:12067:900311317::2,0.0,2026-10-02T01:01:04.695736+02:00
306897005,de:12067:900310027::2,0.0,2026-10-02T01:01:04.695736+02:00
306897005,de:12067:900311359::2,0.0,2026-10-02T01:01:04.695736+02:00
306897005,de:12067:900311345::2,0.0,2026-10-02T01:01:04.695736+02:00
306897005,de:12067:900311341::2,0.0,2026-10-02T01:01:04.695736+02:00
306897005,de:12067:900311339::1,0.0,2026-10-02T01:01:04.695736+02:00
306897005,de:12067:900311340::1,0.0,2026-10-02T01:01:04.695736+02:00
306897005,de:12067:900311339::2,0.0,2026-10-02T01:01:04.695736+02:00
306897005,de:12067:900311309::1,0.0,2026-10-02T01:01:04.695736+02:00
306897005,de:12067:900311310::1,0.0,2026-10-02T01:01:04.695736+02:00
306897005,de:12067:900311307::1,0.0,2026-10-02T01:01:04.695736+02:00
306897005,de:12067:900311308::4,0.0,2026-10-02T01:01:04.695736+02:00
306897008,de:12067:900311308::5,0.0,2026-10-02T01:01:04.695736+02:00
306897008,de:12067:900311380::1,0.0,2026-10-02T01:01:04.695736+02:00
306897008,de:12067:900311348::1,0.0,2026-10-02T01:01:04.695736+02:00
306897008,de:12067:900311350::1,0.0,2026-10-02T01:01:04.695736+02:00
306897008,de:12067:900311321::2,0.0,2026-10-02T01:01:04.695736+02:00
306897008,de:12067:900311353::2,0.0,2026-10-02T01:01:04.695736+02:00
306897008,de:12067:900311383::6,0.0,2026-10-02T01:01:04.695736+02:00
306897008,de:12067:900311305::1,0.0,2026-10-02T01:01:04.695736+02:00
306897008,de:12067:900311304::2,0.0,2026-10-02T01:01:04.695736+02:00
306897008,de:12067:900311334::2,0.0,2026-10-02T01:01:04.695736+02:00
306897008,de:12067:900311333::2,0.0,2026-10-02T01:01:04.695736+02:00
306897008,de:12067:900311352::2,0.0,2026-10-02T01:01:04.695736+02:00
306897008,de:12067:900311336::2,0.0,2026-10-02T01:01:04.695736+02:00
306897008,de:12067:900311371::1,0.0,2026-10-02T01:01:04.695736+02:00
306897008,de:12067:900311364::1,0.0,2026-10-02T01:01:04.695736+02:00
306897008,de:12067:900311374::2,0.0,2026-10-02T01:01:04.695736+02:00
306897008,de:12067:900311365::2,0.0,2026-10-02T01:01:04.695736+02:00
306897008,de:12067:900311363::2,0.0,2026-10-02T01:01:04.695736+02:00
306897008,de:12067:900311362::2,0.0,2026-10-02T01:01:04.695736+02:00
306897008,de:12067:900311377::2,0.0,2026-10-02T01:01:04.695736+02:00
306897008,de:12067:900311376::2,0.0,2026-10-02T01:01:04.695736+02:00
306897008,de:12067:900311316::2,0.0,2026-10-02T01:01:04.695736+02:00
306897008,de:12067:900311384::2,0.0,2026-10-02T01:01:04.695736+02:00
306897008,de:12067:900311317::2,0.0,2026-10-02T01:01:04.695736+02:00
306897008,de:12067:900310027::2,0.0,2026-10-02T01:01:04.695736+02:00
306897008,de:12067:900311359::2,0.0,2026-10-02T01:01:04.695736+02:00
306897008,de:12067:900311345::2,0.0,2026-10-02T01:01:04.695736+02:00
306897008,de:12067:900311341::2,0.0,2026-10-02T01:01:04.695736+02:00
306897008,de:12067:900311339::1,0.0,2026-10-02T01:01:04.695736+02:00
306897008,de:12067:900311340::1,0.0,2026-10-02T01:01:04.695736+02:00
306897008,de:12067:900311339::2,0.0,2026-10-02T01:01:04.695736+02:00
306897008,de:12067:900311309::1,0.0,2026-10-02T01:01:04.695736+02:00
306897008,de:12067:900311310::1,0.0,2026-10-02T01:01:04.695736+02:00
306897008,de:12067:900311307::1,0.0,2026-10-02T01:01:04.695736+02:00
306897008,de:12067:900311308::4,0.0,2026-10-02T01:01:04.695736+02:00
306897227,de:12067:900311129::5,0.0,2026-10-02T01:01:04.695736+02:00
306897227,de:12067:900310755::1,0.0,2026-10-02T01:01:04.695736+02:00
306897227,de:12067:900310738::1,0.0,2026-10-02T01:01:04.695736+02:00
306897227,de:12067:900310725::1,0.0,2026-10-02T01:01:04.695736+02:00
306897227,de:12067:900310615::1,0.0,2026-10-02T01:01:04.695736+02:00
306897227,de:12067:900311540::1,0.0,2026-10-02T01:01:04.695736+02:00
306897227,de:12067:900310933::1,0.0,2026-10-02T01:01:04.695736+02:00
306897227,de:12067:900310935::1,0.0,2026-10-02T01:01:04.695736+02:00
306897227,de:12067:900311483::1,0.0,2026-10-02T01:01:04.695736+02:00
306897227,de:12067:900311480::1,0.0,2026-10-02T01:01:04.695736+02:00
306897227,de:12067:900311482::2,0.0,2026-10-02T01:01:04.695736+02:00
306897227,de:12067:900311485::2,0.0,2026-10-02T01:01:04.695736+02:00
306897227,de:12053:900360062::1,0.0,2026-10-02T01:01:04.695736+02:00
306897227,de:12053:900360213::3,0.0,2026-10-02T01:01:04.695736+02:00
306897227,de:12053:900360078::2,0.0,2026-10-02T01:01:04.695736+02:00
306897227,de:12053:900360096::3,0.0,2026-10-02T01:01:04.695736+02:00
306897227,de:12053:900360083::1,0.0,2026-10-02T01:01:04.695736+02:00
306897227,de:12053:900360135::1,0.0,2026-10-02T01:01:04.695736+02:00
306897227,de:12053:900360041::3,0.0,2026-10-02T01:01:04.695736+02:00
306897227,de:12053:900360059::3,0.0,2026-10-02T01:01:04.695736+02:00
306897227,de:12053:900360021::3,0.0,2026-10-02T01:01:04.695736+02:00
306897227,de:12053:900360000::9,0.0,2026-10-02T01:01:04.695736+02:00
306897240,de:12067:900311482::3,0.0,2026-10-02T01:01:04.695736+02:00
306897240,de:12067:900311489::1,0.0,2026-10-02T01:01:04.695736+02:00
306897240,de:12067:900311480::1,0.0,2026-10-02T01:01:04.695736+02:00
306897240,de:12067:900311490::2,0.0,2026-10-02T01:01:04.695736+02:00
306897240,de:12067:900311478::2,0.0,2026-10-02T01:01:04.695736+02:00
306897240,de:12067:900311477::2,0.0,2026-10-02T01:01:04.695736+02:00
306897240,de:12067:900311442::2,0.0,2026-10-02T01:01:04.695736+02:00
306897240,de:12067:900311560::1,0.0,2026-10-02T01:01:04.695736+02:00
306897240,de:12067:900311401::2,0.0,2026-10-02T01:01:04.695736+02:00
306897240,de:12067:900311543::2,0.0,2026-10-02T01:01:04.695736+02:00
306897240,de:12067:900311542::1,0.0,2026-10-02T01:01:04.695736+02:00
306897240,de:12067:900311530::2,0.0,2026-10-02T01:01:04.695736+02:00
306897240,de:12067:900311531::2,0.0,2026-10-02T01:01:04.695736+02:00
306897240,de:12067:900311306::2,0.0,2026-10-02T01:01:04.695736+02:00
306897240,de:12067:900311356::2,0.0,2026-10-02T01:01:04.695736+02:00
306897240,de:12067:900311311::2,0.0,2026-10-02T01:01:04.695736+02:00
306897240,de:12067:900311312::2,0.0,2026-10-02T01:01:04.695736+02:00
306897240,de:12067:900311383::5,0.0,2026-10-02T01:01:04.695736+02:00
306897240,de:12067:900311305::1,0.0,2026-10-02T01:01:04.695736+02:00
306897240,de:12067:900311320::1,0.0,2026-10-02T01:01:04.695736+02:00
306897240,de:12067:900311354::2,0.0,2026-10-02T01:01:04.695736+02:00
306897240,de:12067:900311352::2,0.0,2026-10-02T01:01:04.695736+02:00
306897240,de:12067:900311336::2,0.0,2026-10-02T01:01:04.695736+02:00
306897240,de:12067:900311349::2,0.0,2026-10-02T01:01:04.695736+02:00
306897240,de:12067:900311377::2,0.0,2026-10-02T01:01:04.695736+02:00
306897240,de:12067:900311376::2,0.0,2026-10-02T01:01:04.695736+02:00
306897240,de:12067:900311316::2,0.0,2026-10-02T01:01:04.695736+02:00
306897240,de:12067:900311384::2,0.0,2026-10-02T01:01:04.695736+02:00
306897240,de:12067:900311317::2,0.0,2026-10-02T01:01:04.695736+02:00
306897240,de:12067:900310027::2,0.0,2026-10-02T01:01:04.695736+02:00
306897240,de:12067:900311359::2,0.0,2026-10-02T01:01:04.695736+02:00
306897240,de:12067:900311345::2,0.0,2026-10-02T01:01:04.695736+02:00
306897240,de:12067:900311341::2,0.0,2026-10-02T01:01:04.695736+02:00
306897240,de:12067:900311309::1,0.0,2026-10-02T01:01:04.695736+02:00
306897240,de:12067:900311310::1,0.0,2026-10-02T01:01:04.695736+02:00
306897240,de:12067:900311307::1,0.0,2026-10-02T01:01:04.695736+02:00
306897240,de:12067:900311308::4,0.0,2026-10-02T01:01:04.695736+02:00
306897266,de:12067:900311308::5,0.0,2026-10-02T01:01:04.695736+02:00
306897266,de:12067:900311380::1,0.0,2026-10-02T01:01:04.695736+02:00
306897266,de:12067:900311348::1,0.0,2026-10-02T01:01:04.695736+02:00
306897266,de:12067:900311315::1,0.0,2026-10-02T01:01:04.695736+02:00
306897266,de:12067:900311383::2,0.0,2026-10-02T01:01:04.695736+02:00
306897266,de:12067:900311305::1,0.0,2026-10-02T01:01:04.695736+02:00
306897266,de:12067:900311320::1,0.0,2026-10-02T01:01:04.695736+02:00
306897266,de:12067:900311357::1,0.0,2026-10-02T01:01:04.695736+02:00
306897266,de:12067:900311402::2,0.0,2026-10-02T01:01:04.695736+02:00
306897266,de:12067:900311405::1,0.0,2026-10-02T01:01:04.695736+02:00
306897266,de:12067:900311405::1,-8.0,2026-10-02T01:01:04.695736+02:00
306897266,de:12067:900311443::1,0.0,2026-10-02T01:01:04.695736+02:00
306897266,de:12067:900311405::1,8.0,2026-10-02T01:01:04.695736+02:00
306897266,de:12067:900311405::1,0.0,2026-10-02T01:01:04.695736+02:00
306897266,de:12067:900311227::2,0.0,2026-10-02T01:01:04.695736+02:00
306897266,de:12067:900311229::1,0.0,2026-10-02T01:01:04.695736+02:00
306897266,de:12067:900311239::1,0.0,2026-10-02T01:01:04.695736+02:00
306897266,de:12067:900311228::1,0.0,2026-10-02T01:01:04.695736+02:00
306897266,de:12067:900311269::1,0.0,2026-10-02T01:01:04.695736+02:00
306897266,de:12067:900310858::1,0.0,2026-10-02T01:01:04.695736+02:00
306897266,de:12067:900310060::2,0.0,2026-10-02T01:01:04.695736+02:00
306897266,de:12067:900310858::3,0.0,2026-10-02T01:01:04.695736+02:00
306897266,de:12067:900310935::1,0.0,2026-10-02T01:01:04.695736+02:00
306897266,de:12067:900311483::1,0.0,2026-10-02T01:01:04.695736+02:00
306897266,de:12067:900311480::1,0.0,2026-10-02T01:01:04.695736+02:00
306897266,de:12067:900311482::3,0.0,2026-10-02T01:01:04.695736+02:00
295882464,de:11000:900092201:1:50,0.0,2026-10-02T01:01:04.695736+02:00
295882464,de:11000:900093201:1:51,-0.4,2026-10-02T01:01:04.695736+02:00
295882464,de:11000:900094101:1:51,-0.3,2026-10-02T01:01:04.695736+02:00
295882464,de:11000:900096101:1:51,-0.1,2026-10-02T01:01:04.695736+02:00
295882464,de:11000:900084101:1:51,-0.2,2026-10-02T01:01:04.695736+02:00
295882464,de:11000:900085201:1:51,-0.8,2026-10-02T01:01:04.695736+02:00
295882464,de:11000:900130003:1:51,-0.8,2026-10-02T01:01:04.695736+02:00
295882464,de:11000:900110011:1:50,-0.9,2026-10-02T01:01:04.695736+02:00
295882464,de:11000:900007102:1:50,-0.9,2026-10-02T01:01:04.695736+02:00
295882464,de:11000:900008101:1:50,0.0,2026-10-02T01:01:04.695736+02:00
295882464,de:11000:900007104:1:51,-0.7,2026-10-02T01:01:04.695736+02:00
295882464,de:11000:900100007:1:50,-0.7,2026-10-02T01:01:04.695736+02:00
295882464,de:11000:900100001:4:56,-0.5,2026-10-02T01:01:04.695736+02:00
295882464,de:11000:900100025:1:50,-0.4,2026-10-02T01:01:04.695736+02:00
295882464,de:11000:900100020:3:54,-0.4,2026-10-02T01:01:04.695736+02:00
295882464,de:11000:900012101:1:51,-0.5,2026-10-02T01:01:04.695736+02:00
295882464,de:11000:900057102:1:50,-0.7,2026-10-02T01:01:04.695736+02:00
295882464,de:11000:900057104:2:51,-0.4,2026-10-02T01:01:04.695736+02:00
295882464,de:11000:900054104:1:50,-0.3,2026-10-02T01:01:04.695736+02:00
295882464,de:11000:900060101:1:50,-0.3,2026-10-02T01:01:04.695736+02:00
295882464,de:11000:900063101:1:50,-0.1,2026-10-02T01:01:04.695736+02:00
295882464,de:11000:900062202:1:50,-0.1,2026-10-02T01:01:04.695736+02:00
295882464,de:11000:900066102:1:50,-0.2,2026-10-02T01:01:04.695736+02:00
295882464,de:11000:900066101:1:50,-0.1,2026-10-02T01:01:04.695736+02:00
295882464,de:11000:900049202:1:50,-0.3,2026-10-02T01:01:04.695736+02:00
295882464,de:11000:900049201:1:50,-0.4,2026-10-02T01:01:04.695736+02:00
295882464,de:11000:900050301:1:50,0.0,2026-10-02T01:01:04.695736+02:00
295882464,de:11000:900050355:1:50,-0.1,2026-10-02T01:01:04.695736+02:00
295882464,de:11000:900052201:1:50,-0.5,2026-10-02T01:01:04.695736+02:00
295882464,de:11000:900053301:1:51,-0.9,2026-10-02T01:01:04.695736+02:00
295882456,de:11000:900092201:1:50,0.0,2026-10-02T01:01:04.695736+02:00
295882456,de:11000:900093201:1:51,-0.4,2026-10-02T01:01:04.695736+02:00
295882456,de:11000:900094101:1:51,-0.3,2026-10-02T01:01:04.695736+02:00
295882456,de:11000:900096101:1:51,-0.1,2026-10-02T01:01:04.695736+02:00
295882456,de:11000:900084101:1:51,-0.2,2026-10-02T01:01:04.695736+02:00
295882456,de:11000:900085201:1:51,-0.8,2026-10-02T01:01:04.695736+02:00
295882456,de:11000:900130003:1:51,-0.8,2026-10-02T01:01:04.695736+02:00
295882456,de:11000:900110011:1:50,-0.9,2026-10-02T01:01:04.695736+02:00
295882456,de:11000:900007102:1:50,-0.9,2026-10-02T01:01:04.695736+02:00
295882456,de:11000:900008101:1:50,0.0,2026-10-02T01:01:04.695736+02:00
295882456,de:11000:900007104:1:51,-0.7,2026-10-02T01:01:04.695736+02:00
295882456,de:11000:900100007:1:50,-0.7,2026-10-02T01:01:04.695736+02:00
295882456,de:11000:900100001:4:56,-0.5,2026-10-02T01:01:04.695736+02:00
295882456,de:11000:900100025:1:50,-0.4,2026-10-02T01:01:04.695736+02:00
295882456,de:11000:900100020:3:54,-0.4,2026-10-02T01:01:04.695736+02:00
295882456,de:11000:900012101:1:51,-0.5,2026-10-02T01:01:04.695736+02:00
295882456,de:11000:900057102:1:50,-0.7,2026-10-02T01:01:04.695736+02:00
295882456,de:11000:900057104:2:51,-0.4,2026-10-02T01:01:04.695736+02:00
295882456,de:11000:900054104:1:50,-0.3,2026-10-02T01:01:04.695736+02:00
295882456,de:11000:900060101:1:50,-0.3,2026-10-02T01:01:04.695736+02:00
295882456,de:11000:900063101:1:50,-0.1,2026-10-02T01:01:04.695736+02:00
295882456,de:11000:900062202:1:50,-0.1,2026-10-02T01:01:04.695736+02:00
295882456,de:11000:900066102:1:50,-0.2,2026-10-02T01:01:04.695736+02:00
295882456,de:11000:900066101:1:50,-0.1,2026-10-02T01:01:04.695736+02:00
295882456,de:11000:900049202:1:50,-0.3,2026-10-02T01:01:04.695736+02:00
295882456,de:11000:900049201:1:50,-0.4,2026-10-02T01:01:04.695736+02:00
295882456,de:11000:900050301:1:50,0.0,2026-10-02T01:01:04.695736+02:00
295882456,de:11000:900050355:1:50,-0.1,2026-10-02T01:01:04.695736+02:00
295882456,de:11000:900052201:1:50,-0.5,2026-10-02T01:01:04.695736+02:00
295882456,de:11000:900053301:1:51,-0.9,2026-10-02T01:01:04.695736+02:00
306896068,de:12067:900310021::2,0.0,2026-10-02T01:01:04.695736+02:00
306896068,de:12067:900311096::1,0.0,2026-10-02T01:01:04.695736+02:00
306896068,de:12067:900311097::2,0.0,2026-10-02T01:01:04.695736+02:00
306896068,de:12067:900311095::2,0.0,2026-10-02T01:01:04.695736+02:00
306896068,de:12067:900310580::2,0.0,2026-10-02T01:01:04.695736+02:00
306896068,de:12067:900310578::4,0.0,2026-10-02T01:01:04.695736+02:00
306896068,de:12067:900310534::2,0.0,2026-10-02T01:01:04.695736+02:00
306896068,de:11000:900310550::2,0.0,2026-10-02T01:01:04.695736+02:00
306896068,de:12067:900310572::2,0.0,2026-10-02T01:01:04.695736+02:00
306896068,de:12067:900310013::7,0.0,2026-10-02T01:01:04.695736+02:00
307438425,de:12062:900415502:1:50,0.0,2026-10-02T01:01:04.695736+02:00
307438425,de:12062:900415167:1:51,0.0,2026-10-02T01:01:04.695736+02:00
307438425,de:12062:900416008:2:51,0.0,2026-10-02T01:01:04.695736+02:00
307438425,de:12066:900435203:1:50,0.0,2026-10-02T01:01:04.695736+02:00
307438425,de:12066:900435061:3:54,0.0,2026-10-02T01:01:04.695736+02:00
307438425,de:12066:900435000:1:50,0.0,2026-10-02T01:01:04.695736+02:00
307438425,de:12066:900435001:1:50,0.0,2026-10-02T01:01:04.695736+02:00
307438425,de:12052:900470000:1:50,0.0,2026-10-02T01:01:04.695736+02:00
307431754,de:12061:900260009:2:54,0.0,2026-10-02T01:01:04.695736+02:00
307431754,de:12072:900245836:2:51,0.0,2026-10-02T01:01:04.695736+02:00
307431754,de:12069:900220002:2:51,0.0,2026-10-02T01:01:04.695736+02:00
307431754,de:12054:900230002:1:50,0.0,2026-10-02T01:01:04.695736+02:00
307431754,de:12054:900220010:2:51,0.0,2026-10-02T01:01:04.695736+02:00
307431754,de:12054:900230007:2:52,0.0,2026-10-02T01:01:04.695736+02:00
307431754,de:12054:900230006:2:51,0.0,2026-10-02T01:01:04.695736+02:00
307431754,de:12054:900230999:1:50,0.0,2026-10-02T01:01:04.695736+02:00
306896543,de:12067:900310708::1,0.0,2026-10-02T01:01:04.695736+02:00
306896543,de:12067:900310710::2,0.0,2026-10-02T01:01:04.695736+02:00
306896543,de:12067:900310081::1,0.0,2026-10-02T01:01:04.695736+02:00
306896543,de:12067:900310080::2,0.0,2026-10-02T01:01:04.695736+02:00
306896543,de:12067:900310050::1,0.0,2026-10-02T01:01:04.695736+02:00
306896543,de:12067:900311066::1,0.0,2026-10-02T01:01:04.695736+02:00
306896543,de:12067:900311067::1,0.0,2026-10-02T01:01:04.695736+02:00
306896543,de:12067:900310871::2,0.0,2026-10-02T01:01:04.695736+02:00
306896543,de:12067:900311046::2,0.0,2026-10-02T01:01:04.695736+02:00
306896543,de:12067:900310633::2,0.0,2026-10-02T01:01:04.695736+02:00
306896543,de:12067:900311047::2,0.0,2026-10-02T01:01:04.695736+02:00
306896543,de:12067:900311044::2,0.0,2026-10-02T01:01:04.695736+02:00
306896543,de:12067:900311108::2,0.0,2026-10-02T01:01:04.695736+02:00
306896543,de:12067:900310746::1,0.0,2026-10-02T01:01:04.695736+02:00
306896543,de:12067:900310960::2,0.0,2026-10-02T01:01:04.695736+02:00
306896543,de:12067:900310961::2,0.0,2026-10-02T01:01:04.695736+02:00
306896543,de:12067:900311083::2,0.0,2026-10-02T01:01:04.695736+02:00
306896543,de:12067:900310814::2,0.0,2026-10-02T01:01:04.695736+02:00
306896543,de:12067:900310804::2,0.0,2026-10-02T01:01:04.695736+02:00
306896543,de:12067:900311150::2,0.0,2026-10-02T01:01:04.695736+02:00
306896543,de:12067:900311135::2,0.0,2026-10-02T01:01:04.695736+02:00
306896543,de:12067:900311149::2,0.0,2026-10-02T01:01:04.695736+02:00
306896543,de:12067:900310001::11,0.0,2026-10-02T01:01:04.695736+02:00
307431390,de:12065:900200000:1:51,0.0,2026-10-02T01:01:04.695736+02:00
307431390,de:12063:900210010:2:51,0.0,2026-10-02T01:01:04.695736+02:00
307431390,de:11000:900029101:3:55,0.0,2026-10-02T01:01:04.695736+02:00
307431390,de:11000:900024101:1:51,0.0,2026-10-02T01:01:04.695736+02:00
307431390,de:11000:900053301:3:54,0.0,2026-10-02T01:01:04.695736+02:00
307431390,de:12054:900230003:3:52,0.0,2026-10-02T01:01:04.695736+02:00
307431390,de:12054:900230999:1:51,0.0,2026-10-02T01:01:04.695736+02:00
307431390,de:12054:900230006:1:50,0.0,2026-10-02T01:01:04.695736+02:00
307431390,de:12054:900230007:1:50,0.0,2026-10-02T01:01:04.695736+02:00
307431390,de:12054:900220010:1:50,0.0,2026-10-02T01:01:04.695736+02:00
307431390,de:12054:900220012:2:51,0.0,2026-10-02T01:01:04.695736+02:00
307431390,de:12063:900210001:2:51,0.0,2026-10-02T01:01:04.695736+02:00
307431396,de:12065:900200000:1:51,0.0,2026-10-02T01:01:04.695736+02:00
307431396,de:12063:900210010:2:51,0.0,2026-10-02T01:01:04.695736+02:00
307431396,de:11000:900029101:3:55,0.0,2026-10-02T01:01:04.695736+02:00
307431396,de:11000:900024101:1:51,0.0,2026-10-02T01:01:04.695736+02:00
307431396,de:11000:900053301:3:54,0.0,2026-10-02T01:01:04.695736+02:00
307431396,de:12054:900230003:3:52,0.0,2026-10-02T01:01:04.695736+02:00
307431396,de:12054:900230999:1:51,0.0,2026-10-02T01:01:04.695736+02:00
307431396,de:12054:900230006:1:50,0.0,2026-10-02T01:01:04.695736+02:00
307431396,de:12054:900230007:1:50,0.0,2026-10-02T01:01:04.695736+02:00
307431396,de:12054:900220010:1:50,0.0,2026-10-02T01:01:04.695736+02:00
307431396,de:12054:900220012:2:51,0.0,2026-10-02T01:01:04.695736+02:00
307431396,de:12063:900210001:2:51,0.0,2026-10-02T01:01:04.695736+02:00
307433106,de:12060:900350127:2:51,0.0,2026-10-02T01:01:04.695736+02:00
307433106,de:12060:900350126:2:51,0.0,2026-10-02T01:01:04.695736+02:00
307433106,de:12060:900350137:2:51,0.0,2026-10-02T01:01:04.695736+02:00
307433106,de:12060:900350158:1:50,0.0,2026-10-02T01:01:04.695736+02:00
307433106,de:12060:900350160:2:52,0.0,2026-10-02T01:01:04.695736+02:00
307433106,de:11000:900152001:3:53,0.0,2026-10-02T01:01:04.695736+02:00
307433106,de:11000:900160004:4:56,0.0,2026-10-02T01:01:04.695736+02:00
307433106,de:11000:900120003:4:56,0.0,2026-10-02T01:01:04.695736+02:00
307433106,de:11000:900192001:1:50,0.0,2026-10-02T01:01:04.695736+02:00
307433106,de:12061:900260009:2:53,0.0,2026-10-02T01:01:04.695736+02:00
307433106,de:12072:900245027:2:53,0.0,2026-10-02T01:01:04.695736+02:00
307437672,de:12053:900360000:2:52,0.0,2026-10-02T01:01:04.695736+02:00
307437672,de:12067:900311233:1:50,0.0,2026-10-02T01:01:04.695736+02:00
307437672,de:12067:900311232:1:50,0.0,2026-10-02T01:01:04.695736+02:00
307437672,de:12067:900311620:1:50,0.0,2026-10-02T01:01:04.695736+02:00
307437672,de:12067:900311631:1:50,0.0,2026-10-02T01:01:04.695736+02:00
307437672,de:12067:900311307:1:50,0.0,2026-10-02T01:01:04.695736+02:00
307437672,de:12067:900310601:1:50,0.0,2026-10-02T01:01:04.695736+02:00
307437672,de:12067:900311612:1:51,0.0,2026-10-02T01:01:04.695736+02:00
307437672,de:12067:900311250:2:51,0.0,2026-10-02T01:01:04.695736+02:00
307437672,de:12071:900445593:1:50,0.0,2026-10-02T01:01:04.695736+02:00
307437672,de:12071:900445801:2:51,0.0,2026-10-02T01:01:04.695736+02:00
307437672,de:12071:900445751:2:51,0.0,2026-10-02T01:01:04.695736+02:00
307437672,de:12071:900445750:2:51,0.0,2026-10-02T01:01:04.695736+02:00
307437672,de:12071:900446103:1:50,0.0,2026-10-02T01:01:04.695736+02:00
307437672,de:12071:900446411:1:50,0.0,2026-10-02T01:01:04.695736+02:00
307437672,de:12052:900470307:1:50,0.0,2026-10-02T01:01:04.695736+02:00
307437672,de:12052:900470163:1:50,0.0,2026-10-02T01:01:04.695736+02:00
307437672,de:12052:900470001:1:50,0.0,2026-10-02T01:01:04.695736+02:00
307437672,de:12052:900470000:4:55,0.0,2026-10-02T01:01:04.695736+02:00
307437672,de:12071:900445885:1:50,0.0,2026-10-02T01:01:04.695736+02:00
307437672,de:12066:900435459:2:51,0.0,2026-10-02T01:01:04.695736+02:00
307437672,de:12066:900435527:1:50,0.0,2026-10-02T01:01:04.695736+02:00
307437672,de:12062:900415005:2:51,0.0,2026-10-02T01:01:04.695736+02:00
307437672,de:12062:900415112:3:52,0.0,2026-10-02T01:01:04.695736+02:00
307437672,de:12062:900415466:2:51,0.0,2026-10-02T01:01:04.695736+02:00
307437672,de:12062:900415357:2:51,0.0,2026-10-02T01:01:04.695736+02:00
307437672,de:12062:900415467:1:50,0.0,2026-10-02T01:01:04.695736+02:00
307437672,de:12062:900415345:4:55,0.0,2026-10-02T01:01:04.695736+02:00
307437547,de:12062:900415345:4:55,0.0,2026-10-02T01:01:04.695736+02:00
307437547,de:12062:900415467:2:51,0.0,2026-10-02T01:01:04.695736+02:00
307437547,de:12062:900415357:1:50,0.0,2026-10-02T01:01:04.695736+02:00
307437547,de:12062:900415466:1:50,0.0,2026-10-02T01:01:04.695736+02:00
307437547,de:12062:900415112:4:53,0.0,2026-10-02T01:01:04.695736+02:00
307437547,de:12062:900415005:1:50,0.0,2026-10-02T01:01:04.695736+02:00
307437547,de:12066:900435527:2:51,0.0,2026-10-02T01:01:04.695736+02:00
307437547,de:12066:900435459:2:51,0.0,2026-10-02T01:01:04.695736+02:00
307437547,de:12071:900445885:2:51,0.0,2026-10-02T01:01:04.695736+02:00
307437547,de:12052:900470000:6:59,0.0,2026-10-02T01:01:04.695736+02:00
307437547,de:12052:900470001:2:51,0.0,2026-10-02T01:01:04.695736+02:00
307437547,de:12052:900470163:2:51,0.0,2026-10-02T01:01:04.695736+02:00
307437547,de:12052:900470307:2:51,0.0,2026-10-02T01:01:04.695736+02:00
307437547,de:12071:900446411:2:51,0.0,2026-10-02T01:01:04.695736+02:00
307437547,de:12071:900446103:2:51,0.0,2026-10-02T01:01:04.695736+02:00
307437547,de:12071:900445750:1:50,0.0,2026-10-02T01:01:04.695736+02:00
307437547,de:12071:900445751:1:50,0.0,2026-10-02T01:01:04.695736+02:00
307437547,de:12071:900445801:1:50,0.0,2026-10-02T01:01:04.695736+02:00
307437547,de:12071:900445593:2:52,0.0,2026-10-02T01:01:04.695736+02:00
307437547,de:12067:900311250:1:50,0.0,2026-10-02T01:01:04.695736+02:00
307437547,de:12067:900311612:1:50,0.0,2026-10-02T01:01:04.695736+02:00
307437547,de:12067:900310601:1:51,0.0,2026-10-02T01:01:04.695736+02:00
307437547,de:12067:900311307:1:51,0.0,2026-10-02T01:01:04.695736+02:00
307437547,de:12067:900311631:1:51,0.0,2026-10-02T01:01:04.695736+02:00
307437547,de:12067:900311620:2:51,0.0,2026-10-02T01:01:04.695736+02:00
307437547,de:12067:900311232:2:51,0.0,2026-10-02T01:01:04.695736+02:00
307437547,de:12067:900311233:2:51,0.0,2026-10-02T01:01:04.695736+02:00
307437547,de:12053:900360000:1:50,0.0,2026-10-02T01:01:04.695736+02:00
306896205,de:12067:900310031::1,0.0,2026-10-02T01:01:04.695736+02:00
306896205,de:12067:900311114::1,0.0,2026-10-02T01:01:04.695736+02:00
306896205,de:12067:900311023::1,0.0,2026-10-02T01:01:04.695736+02:00
306896205,de:12067:900311024::1,-0.5,2026-10-02T01:01:04.695736+02:00
306896205,de:12067:900311025::1,0.0,2026-10-02T01:01:04.695736+02:00
306896205,de:12067:900310636::1,0.0,2026-10-02T01:01:04.695736+02:00
306896205,de:12067:900310635::1,0.0,2026-10-02T01:01:04.695736+02:00
306896205,de:12067:900311022::1,0.0,2026-10-02T01:01:04.695736+02:00
306896205,de:12067:900311021::1,0.0,2026-10-02T01:01:04.695736+02:00
306896205,de:12067:900310964::1,0.0,2026-10-02T01:01:04.695736+02:00
306896205,de:12067:900310868::1,0.0,2026-10-02T01:01:04.695736+02:00
306896205,de:12067:900310867::2,0.0,2026-10-02T01:01:04.695736+02:00
306896205,de:12067:900311036::2,0.0,2026-10-02T01:01:04.695736+02:00
306896205,de:12067:900311052::1,0.0,2026-10-02T01:01:04.695736+02:00
306896205,de:12067:900311034::1,0.0,2026-10-02T01:01:04.695736+02:00
306896205,de:12067:900311039::1,0.0,2026-10-02T01:01:04.695736+02:00
307435343,de:12061:900260009:2:54,0.0,2026-10-02T01:01:04.695736+02:00
307435343,de:11000:900058101:4:57,0.0,2026-10-02T01:01:04.695736+02:00
307435343,de:11000:900100020:2:53,0.0,2026-10-02T01:01:04.695736+02:00
307435343,de:11000:900003200:4:57,0.0,2026-10-02T01:01:04.695736+02:00
306897103,de:12067:900311621::1,0.0,2026-10-02T01:01:04.695736+02:00
306897103,de:12067:900311622::2,0.0,2026-10-02T01:01:04.695736+02:00
306897103,de:12067:900311632::2,0.0,2026-10-02T01:01:04.695736+02:00
306897103,de:12067:900311634::1,0.0,2026-10-02T01:01:04.695736+02:00
306897103,de:12067:900311591::1,0.0,2026-10-02T01:01:04.695736+02:00
306897103,de:12067:900311590::2,0.0,2026-10-02T01:01:04.695736+02:00
306897103,de:12067:900311370::2,0.0,2026-10-02T01:01:04.695736+02:00
306897103,de:12067:900311373::2,0.0,2026-10-02T01:01:04.695736+02:00
306897103,de:12067:900311301::2,0.0,2026-10-02T01:01:04.695736+02:00
306897103,de:12067:900311339::2,0.0,2026-10-02T01:01:04.695736+02:00
306897103,de:12067:900311309::1,0.0,2026-10-02T01:01:04.695736+02:00
306897103,de:12067:900311310::1,0.0,2026-10-02T01:01:04.695736+02:00
306897103,de:12067:900311307::1,0.0,2026-10-02T01:01:04.695736+02:00
306897103,de:12067:900311308::4,0.0,2026-10-02T01:01:04.695736+02:00
306897109,de:12067:900311238::1,0.0,2026-10-02T01:01:04.695736+02:00
306897109,de:12067:900311236::2,0.0,2026-10-02T01:01:04.695736+02:00
306897109,de:12067:900311232::1,0.0,2026-10-02T01:01:04.695736+02:00
306897109,de:12067:900311624::2,0.0,2026-10-02T01:01:04.695736+02:00
306897109,de:12067:900311621::2,0.0,2026-10-02T01:01:04.695736+02:00
306897109,de:12067:900311635::1,0.0,2026-10-02T01:01:04.695736+02:00
306897109,de:12067:900311633::2,0.0,2026-10-02T01:01:04.695736+02:00
306897109,de:12067:900311634::1,0.0,2026-10-02T01:01:04.695736+02:00
306897109,de:12067:900311591::1,0.0,2026-10-02T01:01:04.695736+02:00
306897109,de:12067:900311590::2,0.0,2026-10-02T01:01:04.695736+02:00
306897109,de:12067:900311370::2,0.0,2026-10-02T01:01:04.695736+02:00
306897109,de:12067:900311373::2,0.0,2026-10-02T01:01:04.695736+02:00
306897109,de:12067:900311301::2,0.0,2026-10-02T01:01:04.695736+02:00
306897109,de:12067:900311339::2,0.0,2026-10-02T01:01:04.695736+02:00
306897109,de:12067:900311309::1,0.0,2026-10-02T01:01:04.695736+02:00
306897109,de:12067:900311310::1,0.0,2026-10-02T01:01:04.695736+02:00
306897109,de:12067:900311307::1,0.0,2026-10-02T01:01:04.695736+02:00
306897109,de:12067:900311308::4,0.0,2026-10-02T01:01:04.695736+02:00
307440136,de:12065:900200000:1:51,0.0,2026-10-02T01:01:04.695736+02:00
307440136,de:12065:900200004:1:50,0.0,2026-10-02T01:01:04.695736+02:00
307440136,de:12065:900204003:1:50,0.0,2026-10-02T01:01:04.695736+02:00
307440136,de:12065:900203671:1:50,0.0,2026-10-02T01:01:04.695736+02:00
307440136,de:12065:900204001:1:50,0.0,2026-10-02T01:01:04.695736+02:00
307440136,de:12065:900203452:1:51,0.0,2026-10-02T01:01:04.695736+02:00
295892997,de:12060:900350160:1:51,0.0,2026-10-02T01:01:04.695736+02:00
295892997,de:12060:900350161:1:50,-0.3,2026-10-02T01:01:04.695736+02:00
295892997,de:12060:900350163:1:50,-0.1,2026-10-02T01:01:04.695736+02:00
295892997,de:12060:900350162:1:50,-0.8,2026-10-02T01:01:04.695736+02:00
295892997,de:11000:900135001:1:50,-0.3,2026-10-02T01:01:04.695736+02:00
295892997,de:11000:900143001:1:51,-0.8,2026-10-02T01:01:04.695736+02:00
295892997,de:11000:900142001:1:51,-0.3,2026-10-02T01:01:04.695736+02:00
295892997,de:11000:900130001:1:51,-0.8,2026-10-02T01:01:04.695736+02:00
295892997,de:11000:900130002:1:51,-0.3,2026-10-02T01:01:04.695736+02:00
295892997,de:11000:900110011:1:51,-0.7,2026-10-02T01:01:04.695736+02:00
295892997,de:11000:900007102:1:50,-0.7,2026-10-02T01:01:04.695736+02:00
295892997,de:11000:900008101:1:50,-0.5,2026-10-02T01:01:04.695736+02:00
295892997,de:11000:900007104:1:51,-0.2,2026-10-02T01:01:04.695736+02:00
295892997,de:11000:900100007:1:50,-0.2,2026-10-02T01:01:04.695736+02:00
295892997,de:11000:900100001:4:56,0.0,2026-10-02T01:01:04.695736+02:00
295892997,de:11000:900100025:1:50,-0.9,2026-10-02T01:01:04.695736+02:00
295892997,de:11000:900100020:3:54,-0.9,2026-10-02T01:01:04.695736+02:00
295892997,de:11000:900012101:1:51,0.0,2026-10-02T01:01:04.695736+02:00
295892997,de:11000:900058103:1:50,-0.8,2026-10-02T01:01:04.695736+02:00
295892997,de:11000:900058101:1:50,-0.4,2026-10-02T01:01:04.695736+02:00
295892997,de:11000:900058102:1:50,-0.4,2026-10-02T01:01:04.695736+02:00
295892997,de:11000:900068301:1:50,-0.7,2026-10-02T01:01:04.695736+02:00
295892997,de:11000:900073101:1:50,-0.9,2026-10-02T01:01:04.695736+02:00
295892997,de:11000:900072101:1:50,-0.2,2026-10-02T01:01:04.695736+02:00
295892997,de:11000:900074202:1:50,-0.2,2026-10-02T01:01:04.695736+02:00
295892997,de:11000:900074201:1:50,-0.4,2026-10-02T01:01:04.695736+02:00
295892997,de:12072:900245028:1:51,-0.9,2026-10-02T01:01:04.695736+02:00
295892997,de:12072:900245027:2:52,-0.9,2026-10-02T01:01:04.695736+02:00
295893096,de:12072:900245027:2:52,0.0,2026-10-02T01:01:04.695736+02:00
295893096,de:12072:900245028:1:50,-0.9,2026-10-02T01:01:04.695736+02:00
295893096,de:11000:900074201:1:50,-0.9,2026-10-02T01:01:04.695736+02:00
295893096,de:11000:900074202:2:51,-0.1,2026-10-02T01:01:04.695736+02:00
295893096,de:11000:900072101:2:51,-0.1,2026-10-02T01:01:04.695736+02:00
295893096,de:11000:900073101:1:51,-0.4,2026-10-02T01:01:04.695736+02:00
295893096,de:11000:900068301:1:51,-0.7,2026-10-02T01:01:04.695736+02:00
295893096,de:11000:900058102:2:51,-0.7,2026-10-02T01:01:04.695736+02:00
295893096,de:11000:900058101:1:51,-0.3,2026-10-02T01:01:04.695736+02:00
295893096,de:11000:900058103:1:51,-0.1,2026-10-02T01:01:04.695736+02:00
295893096,de:11000:900012101:2:53,-0.7,2026-10-02T01:01:04.695736+02:00
295893096,de:11000:900100020:4:57,-0.8,2026-10-02T01:01:04.695736+02:00
295893096,de:11000:900100025:1:51,-0.9,2026-10-02T01:01:04.695736+02:00
295893096,de:11000:900100001:4:57,-0.6,2026-10-02T01:01:04.695736+02:00
295893096,de:11000:900100007:1:51,-0.7,2026-10-02T01:01:04.695736+02:00
295893096,de:11000:900007104:2:52,-0.7,2026-10-02T01:01:04.695736+02:00
295893096,de:11000:900008101:1:51,-0.4,2026-10-02T01:01:04.695736+02:00
295893096,de:11000:900007102:2:53,-0.1,2026-10-02T01:01:04.695736+02:00
295893096,de:11000:900110011:2:52,-0.4,2026-10-02T01:01:04.695736+02:00
295893096,de:11000:900130002:1:50,-0.7,2026-10-02T01:01:04.695736+02:00
295893096,de:11000:900130001:1:50,-0.4,2026-10-02T01:01:04.695736+02:00
295893096,de:11000:900142001:1:50,-0.9,2026-10-02T01:01:04.695736+02:00
295893096,de:11000:900143001:1:51,-0.7,2026-10-02T01:01:04.695736+02:00
295893096,de:11000:900135001:1:50,-0.4,2026-10-02T01:01:04.695736+02:00
295893096,de:12060:900350162:1:50,0.0,2026-10-02T01:01:04.695736+02:00
295893096,de:12060:900350163:1:51,-0.4,2026-10-02T01:01:04.695736+02:00
295893096,de:12060:900350161:1:50,-0.7,2026-10-02T01:01:04.695736+02:00
295893096,de:12060:900350160:1:51,-0.4,2026-10-02T01:01:04.695736+02:00
295892990,de:12060:900350160:1:51,0.0,2026-10-02T01:01:04.695736+02:00
295892990,de:12060:900350161:1:50,-0.3,2026-10-02T01:01:04.695736+02:00
295892990,de:12060:900350163:1:50,-0.1,2026-10-02T01:01:04.695736+02:00
295892990,de:12060:900350162:1:50,-0.8,2026-10-02T01:01:04.695736+02:00
295892990,de:11000:900135001:1:50,-0.3,2026-10-02T01:01:04.695736+02:00
295892990,de:11000:900143001:1:51,-0.8,2026-10-02T01:01:04.695736+02:00
295892990,de:11000:900142001:1:51,-0.3,2026-10-02T01:01:04.695736+02:00
295892990,de:11000:900130001:1:51,-0.8,2026-10-02T01:01:04.695736+02:00
295892990,de:11000:900130002:1:51,-0.3,2026-10-02T01:01:04.695736+02:00
295892990,de:11000:900110011:1:51,-0.7,2026-10-02T01:01:04.695736+02:00
295892990,de:11000:900007102:1:50,-0.7,2026-10-02T01:01:04.695736+02:00
295892990,de:11000:900008101:1:50,-0.5,2026-10-02T01:01:04.695736+02:00
295892990,de:11000:900007104:1:51,-0.2,2026-10-02T01:01:04.695736+02:00
295892990,de:11000:900100007:1:50,-0.2,2026-10-02T01:01:04.695736+02:00
295892990,de:11000:900100001:4:56,0.0,2026-10-02T01:01:04.695736+02:00
295892990,de:11000:900100025:1:50,-0.9,2026-10-02T01:01:04.695736+02:00
295892990,de:11000:900100020:3:54,-0.9,2026-10-02T01:01:04.695736+02:00
295892990,de:11000:900012101:1:51,0.0,2026-10-02T01:01:04.695736+02:00
295892990,de:11000:900058103:1:50,-0.8,2026-10-02T01:01:04.695736+02:00
295892990,de:11000:900058101:1:50,-0.4,2026-10-02T01:01:04.695736+02:00
295892990,de:11000:900058102:1:50,-0.4,2026-10-02T01:01:04.695736+02:00
295892990,de:11000:900068301:1:50,-0.7,2026-10-02T01:01:04.695736+02:00
295892990,de:11000:900073101:1:50,-0.9,2026-10-02T01:01:04.695736+02:00
295892990,de:11000:900072101:1:50,-0.2,2026-10-02T01:01:04.695736+02:00
295892990,de:11000:900074202:1:50,-0.2,2026-10-02T01:01:04.695736+02:00
295892990,de:11000:900074201:1:50,-0.4,2026-10-02T01:01:04.695736+02:00
295892990,de:12072:900245028:1:51,-0.9,2026-10-02T01:01:04.695736+02:00
295892990,de:12072:900245027:2:52,-0.9,2026-10-02T01:01:04.695736+02:00
295893089,de:12072:900245027:2:52,0.0,2026-10-02T01:01:04.695736+02:00
295893089,de:12072:900245028:1:50,-0.9,2026-10-02T01:01:04.695736+02:00
295893089,de:11000:900074201:1:50,-0.9,2026-10-02T01:01:04.695736+02:00
295893089,de:11000:900074202:2:51,-0.1,2026-10-02T01:01:04.695736+02:00
295893089,de:11000:900072101:2:51,-0.1,2026-10-02T01:01:04.695736+02:00
295893089,de:11000:900073101:1:51,-0.4,2026-10-02T01:01:04.695736+02:00
295893089,de:11000:900068301:1:51,-0.7,2026-10-02T01:01:04.695736+02:00
295893089,de:11000:900058102:2:51,-0.7,2026-10-02T01:01:04.695736+02:00
295893089,de:11000:900058101:1:51,-0.3,2026-10-02T01:01:04.695736+02:00
295893089,de:11000:900058103:1:51,-0.1,2026-10-02T01:01:04.695736+02:00
295893089,de:11000:900012101:2:53,-0.7,2026-10-02T01:01:04.695736+02:00
295893089,de:11000:900100020:4:57,-0.8,2026-10-02T01:01:04.695736+02:00
295893089,de:11000:900100025:1:51,-0.9,2026-10-02T01:01:04.695736+02:00
295893089,de:11000:900100001:4:57,-0.6,2026-10-02T01:01:04.695736+02:00
295893089,de:11000:900100007:1:51,-0.7,2026-10-02T01:01:04.695736+02:00
295893089,de:11000:900007104:2:52,-0.7,2026-10-02T01:01:04.695736+02:00
295893089,de:11000:900008101:1:51,-0.4,2026-10-02T01:01:04.695736+02:00
295893089,de:11000:900007102:2:53,-0.1,2026-10-02T01:01:04.695736+02:00
295893089,de:11000:900110011:2:52,-0.4,2026-10-02T01:01:04.695736+02:00
295893089,de:11000:900130002:1:50,-0.7,2026-10-02T01:01:04.695736+02:00
295893089,de:11000:900130001:1:50,-0.4,2026-10-02T01:01:04.695736+02:00
295893089,de:11000:900142001:1:50,-0.9,2026-10-02T01:01:04.695736+02:00
295893089,de:11000:900143001:1:51,-0.7,2026-10-02T01:01:04.695736+02:00
295893089,de:11000:900135001:1:50,-0.4,2026-10-02T01:01:04.695736+02:00
295893089,de:12060:900350162:1:50,0.0,2026-10-02T01:01:04.695736+02:00
295893089,de:12060:900350163:1:51,-0.4,2026-10-02T01:01:04.695736+02:00
295893089,de:12060:900350161:1:50,-0.7,2026-10-02T01:01:04.695736+02:00
295893089,de:12060:900350160:1:51,-0.4,2026-10-02T01:01:04.695736+02:00
295893080,de:12072:900245027:2:52,0.0,2026-10-02T01:01:04.695736+02:00
295893080,de:12072:900245028:1:50,-0.9,2026-10-02T01:01:04.695736+02:00
295893080,de:11000:900074201:1:50,-0.9,2026-10-02T01:01:04.695736+02:00
295893080,de:11000:900074202:2:51,-0.1,2026-10-02T01:01:04.695736+02:00
295893080,de:11000:900072101:2:51,-0.1,2026-10-02T01:01:04.695736+02:00
295893080,de:11000:900073101:1:51,-0.4,2026-10-02T01:01:04.695736+02:00
295893080,de:11000:900068301:1:51,-0.7,2026-10-02T01:01:04.695736+02:00
295893080,de:11000:900058102:2:51,-0.7,2026-10-02T01:01:04.695736+02:00
295893080,de:11000:900058101:1:51,-0.3,2026-10-02T01:01:04.695736+02:00
295893080,de:11000:900058103:1:51,-0.1,2026-10-02T01:01:04.695736+02:00
295893080,de:11000:900012101:2:53,-0.7,2026-10-02T01:01:04.695736+02:00
295893080,de:11000:900100020:4:57,-0.8,2026-10-02T01:01:04.695736+02:00
295893080,de:11000:900100025:1:51,-0.9,2026-10-02T01:01:04.695736+02:00
295893080,de:11000:900100001:4:57,-0.6,2026-10-02T01:01:04.695736+02:00
295893080,de:11000:900100007:1:51,-0.7,2026-10-02T01:01:04.695736+02:00
295893080,de:11000:900007104:2:52,-0.7,2026-10-02T01:01:04.695736+02:00
295893080,de:11000:900008101:1:51,-0.4,2026-10-02T01:01:04.695736+02:00
295893080,de:11000:900007102:2:53,-0.1,2026-10-02T01:01:04.695736+02:00
295893080,de:11000:900110011:2:52,-0.4,2026-10-02T01:01:04.695736+02:00
295893080,de:11000:900130002:1:50,-0.7,2026-10-02T01:01:04.695736+02:00
295893080,de:11000:900130001:1:50,-0.4,2026-10-02T01:01:04.695736+02:00
295893080,de:11000:900142001:1:50,-0.9,2026-10-02T01:01:04.695736+02:00
295893080,de:11000:900143001:1:51,-0.7,2026-10-02T01:01:04.695736+02:00
295893080,de:11000:900135001:1:50,-0.4,2026-10-02T01:01:04.695736+02:00
295893080,de:12060:900350162:1:50,0.0,2026-10-02T01:01:04.695736+02:00
295893080,de:12060:900350163:1:51,-0.4,2026-10-02T01:01:04.695736+02:00
295893080,de:12060:900350161:1:50,-0.7,2026-10-02T01:01:04.695736+02:00
295893080,de:12060:900350160:1:51,-0.4,2026-10-02T01:01:04.695736+02:00
295892974,de:12060:900350160:1:51,0.0,2026-10-02T01:01:04.695736+02:00
295892974,de:12060:900350161:1:50,-0.3,2026-10-02T01:01:04.695736+02:00
295892974,de:12060:900350163:1:50,-0.1,2026-10-02T01:01:04.695736+02:00
295892974,de:12060:900350162:1:50,-0.8,2026-10-02T01:01:04.695736+02:00
295892974,de:11000:900135001:1:50,-0.3,2026-10-02T01:01:04.695736+02:00
295892974,de:11000:900143001:1:51,-0.8,2026-10-02T01:01:04.695736+02:00
295892974,de:11000:900142001:1:51,-0.3,2026-10-02T01:01:04.695736+02:00
295892974,de:11000:900130001:1:51,-0.8,2026-10-02T01:01:04.695736+02:00
295892974,de:11000:900130002:1:51,-0.3,2026-10-02T01:01:04.695736+02:00
295892974,de:11000:900110011:1:51,-0.7,2026-10-02T01:01:04.695736+02:00
295892974,de:11000:900007102:1:50,-0.7,2026-10-02T01:01:04.695736+02:00
295892974,de:11000:900008101:1:50,-0.5,2026-10-02T01:01:04.695736+02:00
295892974,de:11000:900007104:1:51,-0.2,2026-10-02T01:01:04.695736+02:00
295892974,de:11000:900100007:1:50,-0.2,2026-10-02T01:01:04.695736+02:00
295892974,de:11000:900100001:4:56,0.0,2026-10-02T01:01:04.695736+02:00
295892974,de:11000:900100025:1:50,-0.9,2026-10-02T01:01:04.695736+02:00
295892974,de:11000:900100020:3:54,-0.9,2026-10-02T01:01:04.695736+02:00
295892974,de:11000:900012101:1:51,0.0,2026-10-02T01:01:04.695736+02:00
295892974,de:11000:900058103:1:50,-0.8,2026-10-02T01:01:04.695736+02:00
295892974,de:11000:900058101:1:50,-0.4,2026-10-02T01:01:04.695736+02:00
295892974,de:11000:900058102:1:50,-0.4,2026-10-02T01:01:04.695736+02:00
295892974,de:11000:900068301:1:50,-0.7,2026-10-02T01:01:04.695736+02:00
295892974,de:11000:900073101:1:50,-0.9,2026-10-02T01:01:04.695736+02:00
295892974,de:11000:900072101:1:50,-0.2,2026-10-02T01:01:04.695736+02:00
295892974,de:11000:900074202:1:50,-0.2,2026-10-02T01:01:04.695736+02:00
295892974,de:11000:900074201:1:50,-0.4,2026-10-02T01:01:04.695736+02:00
295892974,de:12072:900245028:1:51,-0.9,2026-10-02T01:01:04.695736+02:00
295892974,de:12072:900245027:2:52,-0.9,2026-10-02T01:01:04.695736+02:00
307430316,de:12061:900260009:1:52,0.0,2026-10-02T01:01:04.695736+02:00
307430316,de:11000:900058101:4:57,0.0,2026-10-02T01:01:04.695736+02:00
307430316,de:11000:900100020:2:53,0.0,2026-10-02T01:01:04.695736+02:00
307430316,de:11000:900003200:4:57,0.0,2026-10-02T01:01:04.695736+02:00
307430089,de:11000:900003200:1:50,0.0,2026-10-02T01:01:04.695736+02:00
307430089,de:11000:900100020:1:50,0.0,2026-10-02T01:01:04.695736+02:00
307430089,de:11000:900058101:2:52,0.0,2026-10-02T01:01:04.695736+02:00
307430089,de:12061:900260009:2:54,0.0,2026-10-02T01:01:04.695736+02:00
295900257,de:12065:900200000:1:55,0.0,2026-10-02T01:01:04.695736+02:00
295900257,de:11000:900091203:1:50,0.0,2026-10-02T01:01:04.695736+02:00
295900257,de:11000:900091205:1:50,-0.2,2026-10-02T01:01:04.695736+02:00
295900257,de:11000:900089303:1:51,-0.5,2026-10-02T01:01:04.695736+02:00
295900257,de:11000:900096405:1:50,-0.8,2026-10-02T01:01:04.695736+02:00
295900257,de:11000:900096458:1:50,-0.5,2026-10-02T01:01:04.695736+02:00
295900257,de:11000:900085105:1:50,-0.8,2026-10-02T01:01:04.695736+02:00
295900257,de:11000:900085201:1:51,0.0,2026-10-02T01:01:04.695736+02:00
295900257,de:11000:900130003:1:51,-0.8,2026-10-02T01:01:04.695736+02:00
295900257,de:11000:900110011:1:50,-0.9,2026-10-02T01:01:04.695736+02:00
295900257,de:11000:900007102:1:50,-0.7,2026-10-02T01:01:04.695736+02:00
295900257,de:11000:900008101:1:50,-0.4,2026-10-02T01:01:04.695736+02:00
295900257,de:11000:900007104:1:51,-0.2,2026-10-02T01:01:04.695736+02:00
295900257,de:11000:900100007:1:50,-0.2,2026-10-02T01:01:04.695736+02:00
295900257,de:11000:900100001:4:56,0.0,2026-10-02T01:01:04.695736+02:00
295900257,de:11000:900100025:1:50,-0.9,2026-10-02T01:01:04.695736+02:00
295900257,de:11000:900100020:3:54,-0.9,2026-10-02T01:01:04.695736+02:00
295900257,de:11000:900012101:1:51,0.0,2026-10-02T01:01:04.695736+02:00
295900257,de:11000:900058103:1:50,-0.7,2026-10-02T01:01:04.695736+02:00
295900257,de:11000:900058101:1:50,-0.3,2026-10-02T01:01:04.695736+02:00
295900257,de:11000:900058102:1:52,0.0,2026-10-02T01:01:04.695736+02:00
295900257,de:11000:900063452:1:50,-0.1,2026-10-02T01:01:04.695736+02:00
295900257,de:11000:900067221:1:50,-0.2,2026-10-02T01:01:04.695736+02:00
295900257,de:11000:900064301:3:52,-0.2,2026-10-02T01:01:04.695736+02:00
295900257,de:11000:900064256:1:50,-0.7,2026-10-02T01:01:04.695736+02:00
295900257,de:11000:900064201:1:50,-0.6,2026-10-02T01:01:04.695736+02:00
295900257,de:12069:900220114:1:51,-0.9,2026-10-02T01:01:04.695736+02:00
295896178,de:11000:900074201:1:50,0.0,2026-10-02T01:01:04.695736+02:00
295896178,de:11000:900074202:2:51,-0.1,2026-10-02T01:01:04.695736+02:00
295896178,de:11000:900072101:2:51,-0.1,2026-10-02T01:01:04.695736+02:00
295896178,de:11000:900073101:1:51,-0.4,2026-10-02T01:01:04.695736+02:00
295896178,de:11000:900068301:1:51,-0.7,2026-10-02T01:01:04.695736+02:00
295896178,de:11000:900058102:2:51,-0.7,2026-10-02T01:01:04.695736+02:00
295896178,de:11000:900058101:1:51,-0.3,2026-10-02T01:01:04.695736+02:00
295896178,de:11000:900058103:1:51,-0.1,2026-10-02T01:01:04.695736+02:00
295896178,de:11000:900012101:2:53,-0.7,2026-10-02T01:01:04.695736+02:00
295896178,de:11000:900100020:4:57,-0.8,2026-10-02T01:01:04.695736+02:00
295896178,de:11000:900100025:1:51,-0.9,2026-10-02T01:01:04.695736+02:00
295896178,de:11000:900100001:4:57,-0.6,2026-10-02T01:01:04.695736+02:00
295896178,de:11000:900100007:1:51,-0.7,2026-10-02T01:01:04.695736+02:00
295896178,de:11000:900007104:2:52,-0.7,2026-10-02T01:01:04.695736+02:00
295896178,de:11000:900008101:1:51,-0.4,2026-10-02T01:01:04.695736+02:00
295896178,de:11000:900007102:2:53,-0.1,2026-10-02T01:01:04.695736+02:00
295896178,de:11000:900110011:2:52,-0.4,2026-10-02T01:01:04.695736+02:00
295896178,de:11000:900130002:1:50,-0.7,2026-10-02T01:01:04.695736+02:00
295896178,de:11000:900130001:1:50,-0.4,2026-10-02T01:01:04.695736+02:00
295896178,de:11000:900142001:1:50,-0.9,2026-10-02T01:01:04.695736+02:00
295896178,de:11000:900143001:1:51,-0.7,2026-10-02T01:01:04.695736+02:00
295896178,de:11000:900135001:1:50,-0.4,2026-10-02T01:01:04.695736+02:00
295907150,de:12067:900310004:3:53,0.0,2026-10-02T01:01:04.695736+02:00
295907150,de:11000:900183002:1:50,-0.1,2026-10-02T01:01:04.695736+02:00
295907150,de:11000:900183001:1:50,-0.4,2026-10-02T01:01:04.695736+02:00
295907150,de:11000:900182002:1:50,0.0,2026-10-02T01:01:04.695736+02:00
295907150,de:11000:900182001:1:50,-0.2,2026-10-02T01:01:04.695736+02:00
295907150,de:11000:900180001:1:50,-0.7,2026-10-02T01:01:04.695736+02:00
295907150,de:11000:900180002:1:50,-0.7,2026-10-02T01:01:04.695736+02:00
295907150,de:11000:900162001:1:50,-0.9,2026-10-02T01:01:04.695736+02:00
295907150,de:11000:900160002:1:50,0.0,2026-10-02T01:01:04.695736+02:00
295907150,de:11000:900160001:1:50,-0.3,2026-10-02T01:01:04.695736+02:00
295907150,de:11000:900120003:3:55,-0.1,2026-10-02T01:01:04.695736+02:00
295907150,de:11000:900120004:2:53,-0.6,2026-10-02T01:01:04.695736+02:00
295907150,de:11000:900120005:5:58,-0.9,2026-10-02T01:01:04.695736+02:00
295907150,de:11000:900100004:1:51,-0.4,2026-10-02T01:01:04.695736+02:00
295907150,de:11000:900100003:2:53,-0.4,2026-10-02T01:01:04.695736+02:00
295907150,de:11000:900100002:1:51,-0.4,2026-10-02T01:01:04.695736+02:00
295907150,de:11000:900100001:3:55,-0.4,2026-10-02T01:01:04.695736+02:00
295907150,de:11000:900003201:3:55,-0.1,2026-10-02T01:01:04.695736+02:00
295907150,de:11000:900003102:1:51,-0.8,2026-10-02T01:01:04.695736+02:00
295907150,de:11000:900003103:1:51,-0.9,2026-10-02T01:01:04.695736+02:00
295907150,de:11000:900023201:3:55,-0.8,2026-10-02T01:01:04.695736+02:00
295907150,de:11000:900024203:1:51,-0.8,2026-10-02T01:01:04.695736+02:00
295907150,de:11000:900024101:4:57,-0.8,2026-10-02T01:01:04.695736+02:00
295907150,de:11000:900024102:1:50,-0.1,2026-10-02T01:01:04.695736+02:00
295907150,de:11000:900025423:1:50,-0.4,2026-10-02T01:01:04.695736+02:00
295907150,de:11000:900026105:1:50,-0.7,2026-10-02T01:01:04.695736+02:00
295907150,de:11000:900025321:1:50,-0.3,2026-10-02T01:01:04.695736+02:00
295907150,de:11000:900025424:1:50,-0.3,2026-10-02T01:01:04.695736+02:00
295907150,de:11000:900030202:1:50,-0.9,2026-10-02T01:01:04.695736+02:00
295907150,de:11000:900029101:1:50,-0.9,2026-10-02T01:01:04.695736+02:00
295907196,de:12067:900310004:3:52,0.0,2026-10-02T01:01:04.695736+02:00
295907196,de:11000:900183002:1:50,-0.1,2026-10-02T01:01:04.695736+02:00
295907196,de:11000:900183001:1:50,-0.4,2026-10-02T01:01:04.695736+02:00
295907196,de:11000:900182002:1:50,0.0,2026-10-02T01:01:04.695736+02:00
295907196,de:11000:900182001:1:50,-0.2,2026-10-02T01:01:04.695736+02:00
295907196,de:11000:900180001:1:50,-0.7,2026-10-02T01:01:04.695736+02:00
295907196,de:11000:900180002:1:50,-0.7,2026-10-02T01:01:04.695736+02:00
295907196,de:11000:900162001:1:50,-0.9,2026-10-02T01:01:04.695736+02:00
295907196,de:11000:900160002:1:50,0.0,2026-10-02T01:01:04.695736+02:00
295907196,de:11000:900160001:1:50,-0.3,2026-10-02T01:01:04.695736+02:00
295907196,de:11000:900120003:3:55,-0.1,2026-10-02T01:01:04.695736+02:00
295907196,de:11000:900120004:2:53,-0.6,2026-10-02T01:01:04.695736+02:00
295907196,de:11000:900120005:5:58,-0.9,2026-10-02T01:01:04.695736+02:00
295907196,de:11000:900100004:1:51,-0.4,2026-10-02T01:01:04.695736+02:00
295907196,de:11000:900100003:2:53,-0.4,2026-10-02T01:01:04.695736+02:00
295907196,de:11000:900100002:1:51,-0.4,2026-10-02T01:01:04.695736+02:00
295907196,de:11000:900100001:3:55,-0.4,2026-10-02T01:01:04.695736+02:00
295907196,de:11000:900003201:3:55,-0.1,2026-10-02T01:01:04.695736+02:00
295907196,de:11000:900003102:1:51,-0.8,2026-10-02T01:01:04.695736+02:00
295907196,de:11000:900003103:1:51,-0.9,2026-10-02T01:01:04.695736+02:00
295907196,de:11000:900023201:3:55,-0.8,2026-10-02T01:01:04.695736+02:00
295907196,de:11000:900024203:1:51,-0.8,2026-10-02T01:01:04.695736+02:00
295907196,de:11000:900024101:4:57,-0.8,2026-10-02T01:01:04.695736+02:00
295907196,de:11000:900024102:1:50,-0.1,2026-10-02T01:01:04.695736+02:00
295907196,de:11000:900025423:1:50,-0.4,2026-10-02T01:01:04.695736+02:00
295907196,de:11000:900026105:1:50,-0.7,2026-10-02T01:01:04.695736+02:00
295907196,de:11000:900025321:1:50,-0.3,2026-10-02T01:01:04.695736+02:00
295907196,de:11000:900025424:1:50,-0.3,2026-10-02T01:01:04.695736+02:00
295907196,de:11000:900030202:1:50,-0.9,2026-10-02T01:01:04.695736+02:00
295907196,de:11000:900029101:1:50,-0.9,2026-10-02T01:01:04.695736+02:00
307444571,de:11000:900029101:3:54,0.0,2026-10-02T01:01:04.695736+02:00
307444571,de:11000:900020201:1:50,0.0,2026-10-02T01:01:04.695736+02:00
307444571,de:11000:900003200:1:51,0.0,2026-10-02T01:01:04.695736+02:00
307444571,de:11000:900100020:1:51,0.0,2026-10-02T01:01:04.695736+02:00
307444571,de:11000:900058101:2:53,0.0,2026-10-02T01:01:04.695736+02:00
307444571,de:11000:900064301:1:50,0.0,2026-10-02T01:01:04.695736+02:00
307444571,de:12072:900245029:1:50,0.0,2026-10-02T01:01:04.695736+02:00
307444571,de:12072:900245037:1:50,0.0,2026-10-02T01:01:04.695736+02:00
307444571,de:12072:900245010:1:50,0.0,2026-10-02T01:01:04.695736+02:00
307444571,de:12072:900245016:1:50,0.0,2026-10-02T01:01:04.695736+02:00
307444571,de:12072:900245002:2:52,0.0,2026-10-02T01:01:04.695736+02:00
307444571,de:12072:900245019:2:51,0.0,2026-10-02T01:01:04.695736+02:00
307444571,de:12072:900245303:1:50,0.0,2026-10-02T01:01:04.695736+02:00
307444571,000300838001,0.0,2026-10-02T01:01:04.695736+02:00
307444571,000300839001,0.0,2026-10-02T01:01:04.695736+02:00
307444571,de:12062:900415683:1:50,0.0,2026-10-02T01:01:04.695736+02:00
307444571,de:12062:900415345:1:50,0.0,2026-10-02T01:01:04.695736+02:00
307442796,de:11000:900007102:4:56,0.0,2026-10-02T01:01:04.695736+02:00
307442796,de:12060:900350160:2:53,0.0,2026-10-02T01:01:04.695736+02:00
307442796,de:12060:900350137:1:50,0.0,2026-10-02T01:01:04.695736+02:00
307442796,de:12060:900350127:2:51,0.0,2026-10-02T01:01:04.695736+02:00
307442796,de:12073:900340004:3:52,0.0,2026-10-02T01:01:04.695736+02:00
295911040,de:11000:900162001:1:50,0.0,2026-10-02T01:01:04.695736+02:00
295911040,de:11000:900160002:1:50,-0.7,2026-10-02T01:01:04.695736+02:00
295911040,de:11000:900160001:1:50,0.0,2026-10-02T01:01:04.695736+02:00
295911040,de:11000:900120003:3:55,-0.7,2026-10-02T01:01:04.695736+02:00
295911040,de:11000:900120004:2:53,0.0,2026-10-02T01:01:04.695736+02:00
295911040,de:11000:900120005:4:56,-0.2,2026-10-02T01:01:04.695736+02:00
307442715,de:15091:8010222,0.0,2026-10-02T01:01:04.695736+02:00
307442715,de:15091:8013418,0.0,2026-10-02T01:01:04.695736+02:00
307442715,de:15091:8011290,0.0,2026-10-02T01:01:04.695736+02:00
307442715,de:15091:8013371,0.0,2026-10-02T01:01:04.695736+02:00
307442715,de:12072:900245018:1:50,0.0,2026-10-02T01:01:04.695736+02:00
307442715,de:12072:900245017:2:51,0.0,2026-10-02T01:01:04.695736+02:00
307442715,de:12072:900245002:1:50,0.0,2026-10-02T01:01:04.695736+02:00
307442715,de:12072:900245016:2:51,0.0,2026-10-02T01:01:04.695736+02:00
307442715,de:12072:900245014:2:51,0.0,2026-10-02T01:01:04.695736+02:00
307442715,de:12072:900245029:2:52,0.0,2026-10-02T01:01:04.695736+02:00
307442715,de:12072:900245030:2:51,0.0,2026-10-02T01:01:04.695736+02:00
307442715,de:12072:900245032:2:51,0.0,2026-10-02T01:01:04.695736+02:00
307442715,de:12069:900220001:2:51,0.0,2026-10-02T01:01:04.695736+02:00
307442715,de:11000:900064301:2:51,0.0,2026-10-02T01:01:04.695736+02:00
307442715,de:11000:900058101:3:55,0.0,2026-10-02T01:01:04.695736+02:00
307442715,de:11000:900100020:2:52,0.0,2026-10-02T01:01:04.695736+02:00
307442715,de:11000:900003200:3:55,0.0,2026-10-02T01:01:04.695736+02:00
307442715,de:11000:900007102:5:59,0.0,2026-10-02T01:01:04.695736+02:00
307442715,de:12060:900350160:2:53,0.0,2026-10-02T01:01:04.695736+02:00
307442715,de:12060:900350127:2:52,0.0,2026-10-02T01:01:04.695736+02:00
307442715,de:12060:900350124:1:50,0.0,2026-10-02T01:01:04.695736+02:00
307442715,de:12060:900350125:1:50,0.0,2026-10-02T01:01:04.695736+02:00
307442715,000300570037,0.0,2026-10-02T01:01:04.695736+02:00
307442715,de:12073:900340003:1:50,0.0,2026-10-02T01:01:04.695736+02:00
307442715,de:12073:900341111:1:50,0.0,2026-10-02T01:01:04.695736+02:00
307442715,de:12073:900341110:1:50,0.0,2026-10-02T01:01:04.695736+02:00
295911033,de:11000:900162001:1:50,0.0,2026-10-02T01:01:04.695736+02:00
295911033,de:11000:900160002:1:50,-0.7,2026-10-02T01:01:04.695736+02:00
295911033,de:11000:900160001:1:50,0.0,2026-10-02T01:01:04.695736+02:00
295911033,de:11000:900120003:3:55,-0.7,2026-10-02T01:01:04.695736+02:00
295911033,de:11000:900120004:2:53,0.0,2026-10-02T01:01:04.695736+02:00
295911033,de:11000:900120005:4:56,-0.2,2026-10-02T01:01:04.695736+02:00
306897024,de:12067:900311330::2,0.0,2026-10-02T01:01:04.695736+02:00
306897024,de:12067:900311328::1,0.0,2026-10-02T01:01:04.695736+02:00
306897024,de:12067:900311300::2,0.0,2026-10-02T01:01:04.695736+02:00
306897024,de:12067:900311356::2,0.0,2026-10-02T01:01:04.695736+02:00
306897024,de:12067:900311311::2,0.0,2026-10-02T01:01:04.695736+02:00
306897024,de:12067:900311312::2,0.0,2026-10-02T01:01:04.695736+02:00
306897024,de:12067:900311383::6,0.0,2026-10-02T01:01:04.695736+02:00
306897024,de:12067:900311305::1,0.0,2026-10-02T01:01:04.695736+02:00
306897024,de:12067:900311320::1,0.0,2026-10-02T01:01:04.695736+02:00
306897024,de:12067:900311354::2,0.0,2026-10-02T01:01:04.695736+02:00
306897024,de:12067:900311352::2,0.0,2026-10-02T01:01:04.695736+02:00
306897024,de:12067:900311336::2,0.0,2026-10-02T01:01:04.695736+02:00
306897024,de:12067:900311349::2,0.0,2026-10-02T01:01:04.695736+02:00
306897024,de:12067:900311377::2,0.0,2026-10-02T01:01:04.695736+02:00
306897024,de:12067:900311376::2,0.0,2026-10-02T01:01:04.695736+02:00
306897024,de:12067:900311308::4,0.0,2026-10-02T01:01:04.695736+02:00
307275451,de:11000:900182002:1:50,0.0,2026-10-02T01:01:04.695736+02:00
307275451,de:11000:900182001:1:50,-0.2,2026-10-02T01:01:04.695736+02:00
307275451,de:11000:900180001:1:50,-0.7,2026-10-02T01:01:04.695736+02:00
307275451,de:11000:900180002:1:50,-0.7,2026-10-02T01:01:04.695736+02:00
307275451,de:11000:900162001:1:50,-0.9,2026-10-02T01:01:04.695736+02:00
307275451,de:11000:900160002:1:50,0.0,2026-10-02T01:01:04.695736+02:00
307275451,de:11000:900160001:1:50,-0.3,2026-10-02T01:01:04.695736+02:00
307275451,de:11000:900120003:3:54,-0.1,2026-10-02T01:01:04.695736+02:00
307275451,de:11000:900120004:2:52,-0.6,2026-10-02T01:01:04.695736+02:00
307275451,de:11000:900120005:5:57,-0.9,2026-10-02T01:01:04.695736+02:00
307275451,de:11000:900100004:1:51,-0.9,2026-10-02T01:01:04.695736+02:00
307275451,de:11000:900100003:2:53,-0.9,2026-10-02T01:01:04.695736+02:00
307275451,de:11000:900100002:1:51,-0.9,2026-10-02T01:01:04.695736+02:00
307275451,de:11000:900100001:3:55,-0.9,2026-10-02T01:01:04.695736+02:00
307275451,de:11000:900003201:3:55,-0.6,2026-10-02T01:01:04.695736+02:00
307275451,de:11000:900003102:1:51,-0.3,2026-10-02T01:01:04.695736+02:00
307275451,de:11000:900003103:1:51,-0.4,2026-10-02T01:01:04.695736+02:00
307275451,de:11000:900023201:3:55,-0.3,2026-10-02T01:01:04.695736+02:00
307275451,de:11000:900024203:1:51,-0.3,2026-10-02T01:01:04.695736+02:00
307275451,de:11000:900024101:4:56,-0.3,2026-10-02T01:01:04.695736+02:00
307275449,de:11000:900182002:1:50,0.0,2026-10-02T01:01:04.695736+02:00
307275449,de:11000:900182001:1:50,-0.2,2026-10-02T01:01:04.695736+02:00
307275449,de:11000:900180001:1:50,-0.7,2026-10-02T01:01:04.695736+02:00
307275449,de:11000:900180002:1:50,-0.7,2026-10-02T01:01:04.695736+02:00
307275449,de:11000:900162001:1:50,-0.9,2026-10-02T01:01:04.695736+02:00
307275449,de:11000:900160002:1:50,0.0,2026-10-02T01:01:04.695736+02:00
307275449,de:11000:900160001:1:50,-0.3,2026-10-02T01:01:04.695736+02:00
307275449,de:11000:900120003:3:54,-0.1,2026-10-02T01:01:04.695736+02:00
307275449,de:11000:900120004:2:52,-0.6,2026-10-02T01:01:04.695736+02:00
307275449,de:11000:900120005:5:57,-0.9,2026-10-02T01:01:04.695736+02:00
307275449,de:11000:900100004:1:51,-0.9,2026-10-02T01:01:04.695736+02:00
307275449,de:11000:900100003:2:53,-0.9,2026-10-02T01:01:04.695736+02:00
307275449,de:11000:900100002:1:51,-0.9,2026-10-02T01:01:04.695736+02:00
307275449,de:11000:900100001:3:55,-0.9,2026-10-02T01:01:04.695736+02:00
307275449,de:11000:900003201:3:55,-0.6,2026-10-02T01:01:04.695736+02:00
307275449,de:11000:900003102:1:51,-0.3,2026-10-02T01:01:04.695736+02:00
307275449,de:11000:900003103:1:51,-0.4,2026-10-02T01:01:04.695736+02:00
307275449,de:11000:900023201:3:55,-0.3,2026-10-02T01:01:04.695736+02:00
307275449,de:11000:900024203:1:51,-0.3,2026-10-02T01:01:04.695736+02:00
307275449,de:11000:900024101:4:56,-0.3,2026-10-02T01:01:04.695736+02:00
307436341,de:11000:900007102:4:57,0.0,2026-10-02T01:01:04.695736+02:00
307436341,de:11000:900053301:3:54,0.0,2026-10-02T01:01:04.695736+02:00
307436341,de:12054:900230001:1:50,0.0,2026-10-02T01:01:04.695736+02:00
307436341,de:12069:900220008:1:50,0.0,2026-10-02T01:01:04.695736+02:00
307436341,de:12069:900220006:1:50,0.0,2026-10-02T01:01:04.695736+02:00
307436341,de:12069:900220003:1:50,0.0,2026-10-02T01:01:04.695736+02:00
307436341,de:12069:900220004:1:50,0.0,2026-10-02T01:01:04.695736+02:00
307436341,de:12069:900220005:1:50,0.0,2026-10-02T01:01:04.695736+02:00
307436341,de:12069:900222030:1:50,0.0,2026-10-02T01:01:04.695736+02:00
307436341,de:12069:900220141:1:50,0.0,2026-10-02T01:01:04.695736+02:00
307436341,de:12069:900220142:1:50,0.0,2026-10-02T01:01:04.695736+02:00
307436341,de:12069:900220143:1:50,0.0,2026-10-02T01:01:04.695736+02:00
307436197,de:11000:900024101:1:51,0.0,2026-10-02T01:01:04.695736+02:00
307436197,de:11000:900053301:3:54,0.0,2026-10-02T01:01:04.695736+02:00
307436197,de:12054:900230001:1:50,0.0,2026-10-02T01:01:04.695736+02:00
307436197,de:12069:900220008:1:50,0.0,2026-10-02T01:01:04.695736+02:00
307436197,de:12069:900220006:1:50,0.0,2026-10-02T01:01:04.695736+02:00
307436197,de:12069:900220003:1:50,0.0,2026-10-02T01:01:04.695736+02:00
307436197,de:12069:900220004:1:50,0.0,2026-10-02T01:01:04.695736+02:00
307436197,de:12069:900220005:1:50,0.0,2026-10-02T01:01:04.695736+02:00
307436197,de:12069:900222030:1:50,0.0,2026-10-02T01:01:04.695736+02:00
307436197,de:12069:900220141:1:50,0.0,2026-10-02T01:01:04.695736+02:00
307436197,de:12069:900220142:1:50,0.0,2026-10-02T01:01:04.695736+02:00
307436197,de:12069:900220143:1:50,0.0,2026-10-02T01:01:04.695736+02:00
307446732,de:12062:900415345:5:56,0.0,2026-10-02T01:01:04.695736+02:00
307446732,de:12062:900416072:1:50,0.0,2026-10-02T01:01:04.695736+02:00
307446732,de:14730:8011131,0.0,2026-10-02T01:01:04.695736+02:00
307446732,de:14730:8010351,0.0,2026-10-02T01:01:04.695736+02:00
307446732,de:14730:8012371,0.0,2026-10-02T01:01:04.695736+02:00
307446732,de:14730:8011387,0.0,2026-10-02T01:01:04.695736+02:00
307446732,de:14730:8010161,0.0,2026-10-02T01:01:04.695736+02:00
307446732,de:14730:8010095,0.0,2026-10-02T01:01:04.695736+02:00
307446732,de:14730:8011959,0.0,2026-10-02T01:01:04.695736+02:00
307446732,de:14730:8012656,0.0,2026-10-02T01:01:04.695736+02:00
307446732,de:14730:8013093,0.0,2026-10-02T01:01:04.695736+02:00
307446732,de:14713:8012190,0.0,2026-10-02T01:01:04.695736+02:00
307446732,de:14713:8012195,0.0,2026-10-02T01:01:04.695736+02:00
307446732,000008012273,0.0,2026-10-02T01:01:04.695736+02:00
307446732,de:14713:8012196,0.0,2026-10-02T01:01:04.695736+02:00
307446732,de:14713:8098205,0.0,2026-10-02T01:01:04.695736+02:00
307446732,de:14713:8012186,0.0,2026-10-02T01:01:04.695736+02:00
307446732,de:14713:8012202,0.0,2026-10-02T01:01:04.695736+02:00
307446732,de:14713:8012184,0.0,2026-10-02T01:01:04.695736+02:00
307446732,de:14713:8012187,0.0,2026-10-02T01:01:04.695736+02:00
307446732,de:14713:8012343,0.0,2026-10-02T01:01:04.695736+02:00
307446732,de:14713:8012194,0.0,2026-10-02T01:01:04.695736+02:00
307446732,de:14713:8010008,0.0,2026-10-02T01:01:04.695736+02:00
307446732,de:14713:8011491,0.0,2026-10-02T01:01:04.695736+02:00
307446732,de:14729:8010059,0.0,2026-10-02T01:01:04.695736+02:00
307446732,de:14729:8011626,0.0,2026-10-02T01:01:04.695736+02:00
307446732,de:14729:8012284,0.0,2026-10-02T01:01:04.695736+02:00
307446732,de:14729:8011018,0.0,2026-10-02T01:01:04.695736+02:00
307446732,de:14729:8013362,0.0,2026-10-02T01:01:04.695736+02:00
307446732,de:14729:8013361,0.0,2026-10-02T01:01:04.695736+02:00
295910115,de:11000:900024101:3:55,0.0,2026-10-02T01:01:04.695736+02:00
295910115,de:11000:900024203:1:51,-0.3,2026-10-02T01:01:04.695736+02:00
295910115,de:11000:900023201:3:54,-0.2,2026-10-02T01:01:04.695736+02:00
295910115,de:11000:900003103:1:50,-0.3,2026-10-02T01:01:04.695736+02:00
295910115,de:11000:900003102:1:50,-0.4,2026-10-02T01:01:04.695736+02:00
295910115,de:11000:900003201:3:54,0.0,2026-10-02T01:01:04.695736+02:00
295910115,de:11000:900100001:3:54,-0.6,2026-10-02T01:01:04.695736+02:00
295910115,de:11000:900100002:1:50,-0.9,2026-10-02T01:01:04.695736+02:00
295910115,de:11000:900100003:2:52,-0.6,2026-10-02T01:01:04.695736+02:00
295910115,de:11000:900100004:1:50,-0.9,2026-10-02T01:01:04.695736+02:00
295910115,de:11000:900120005:4:55,-0.1,2026-10-02T01:01:04.695736+02:00
295910115,de:11000:900120004:1:50,-0.1,2026-10-02T01:01:04.695736+02:00
295910115,de:11000:900120003:2:53,-0.4,2026-10-02T01:01:04.695736+02:00
295910115,de:11000:900160001:1:51,-0.4,2026-10-02T01:01:04.695736+02:00
295910115,de:11000:900160002:1:50,-0.7,2026-10-02T01:01:04.695736+02:00
295910115,de:11000:900162001:1:51,-0.3,2026-10-02T01:01:04.695736+02:00
295910115,de:11000:900180002:1:51,-0.3,2026-10-02T01:01:04.695736+02:00
295910115,de:11000:900180001:1:50,-0.7,2026-10-02T01:01:04.695736+02:00
295910115,de:11000:900182001:1:51,-0.2,2026-10-02T01:01:04.695736+02:00
295910115,de:11000:900182002:1:51,-0.4,2026-10-02T01:01:04.695736+02:00
295910115,de:11000:900183001:1:51,0.0,2026-10-02T01:01:04.695736+02:00
295910115,de:11000:900183002:1:51,-0.3,2026-10-02T01:01:04.695736+02:00
295910115,de:12067:900310004:3:52,-0.5,2026-10-02T01:01:04.695736+02:00
307446014,de:12070:900216026:3:53,0.0,2026-10-02T01:01:04.695736+02:00
307446014,de:15090:8010121,0.0,2026-10-02T01:01:04.695736+02:00
307446014,de:15090:8012967,0.0,2026-10-02T01:01:04.695736+02:00
307446014,de:15090:8012568,0.0,2026-10-02T01:01:04.695736+02:00
307446014,de:15090:8011665,0.0,2026-10-02T01:01:04.695736+02:00
307446014,de:15090:8011460,0.0,2026-10-02T01:01:04.695736+02:00
307446014,000008013045,0.0,2026-10-02T01:01:04.695736+02:00
307446014,de:15090:8010335,0.0,2026-10-02T01:01:04.695736+02:00
307446014,de:15090:8010334,0.0,2026-10-02T01:01:04.695736+02:00
307446014,de:15090:8011355,0.0,2026-10-02T01:01:04.695736+02:00
307446014,de:15090:8013083,0.0,2026-10-02T01:01:04.695736+02:00
307446014,de:15083:8012295,0.0,2026-10-02T01:01:04.695736+02:00
307446014,de:15083:8011042,0.0,2026-10-02T01:01:04.695736+02:00
307446014,de:15083:8013402,0.0,2026-10-02T01:01:04.695736+02:00
307446014,de:15083:8073410,0.0,2026-10-02T01:01:04.695736+02:00
307446014,de:15083:8013344,0.0,2026-10-02T01:01:04.695736+02:00
307446014,de:15003:8010086,0.0,2026-10-02T01:01:04.695736+02:00
307446014,de:15003:8012289,0.0,2026-10-02T01:01:04.695736+02:00
307446014,de:15003:8010226,0.0,2026-10-02T01:01:04.695736+02:00
307446014,de:15003:8010224,0.0,2026-10-02T01:01:04.695736+02:00
307446014,de:15003:8013456,0.0,2026-10-02T01:01:04.695736+02:00
307446014,de:15003:8013485,0.0,2026-10-02T01:01:04.695736+02:00
307446014,de:15003:8012291,0.0,2026-10-02T01:01:04.695736+02:00
307446014,de:15003:8012287,0.0,2026-10-02T01:01:04.695736+02:00
307446014,de:15089:8081270,0.0,2026-10-02T01:01:04.695736+02:00
307446014,de:15089:8010318,0.0,2026-10-02T01:01:04.695736+02:00
307446014,de:15089:8081260,0.0,2026-10-02T01:01:04.695736+02:00
307446014,de:15089:8012907,0.0,2026-10-02T01:01:04.695736+02:00
307280583,de:11000:900020202:1:51,0.0,2026-10-02T01:01:04.695736+02:00
307280583,de:11000:900001201:1:51,-0.2,2026-10-02T01:01:04.695736+02:00
307280583,de:11000:900009104:1:51,-0.8,2026-10-02T01:01:04.695736+02:00
307280583,de:11000:900007102:2:52,-0.9,2026-10-02T01:01:04.695736+02:00
307280583,de:11000:900110001:1:50,-0.6,2026-10-02T01:01:04.695736+02:00
307280583,de:11000:900110002:1:50,-0.4,2026-10-02T01:01:04.695736+02:00
307280583,de:11000:900110003:1:50,-0.4,2026-10-02T01:01:04.695736+02:00
307280583,de:11000:900110004:1:50,-0.8,2026-10-02T01:01:04.695736+02:00
307280583,de:11000:900110012:1:50,-0.7,2026-10-02T01:01:04.695736+02:00
307280583,de:11000:900120001:1:50,-0.7,2026-10-02T01:01:04.695736+02:00
307280583,de:11000:900120003:5:58,-0.1,2026-10-02T01:01:04.695736+02:00
307280583,de:11000:900190001:1:50,-0.4,2026-10-02T01:01:04.695736+02:00
307280583,de:11000:900077106:1:50,-0.4,2026-10-02T01:01:04.695736+02:00
307280583,de:11000:900078201:1:50,-0.3,2026-10-02T01:01:04.695736+02:00
307280583,de:11000:900079221:1:50,-0.2,2026-10-02T01:01:04.695736+02:00
307280583,de:11000:900068201:1:50,-0.8,2026-10-02T01:01:04.695736+02:00
307280583,de:11000:900058101:5:58,-0.1,2026-10-02T01:01:04.695736+02:00
307280583,de:11000:900054104:2:52,-0.2,2026-10-02T01:01:04.695736+02:00
307280583,de:11000:900054105:1:50,-0.9,2026-10-02T01:01:04.695736+02:00
307280583,de:11000:900044202:1:50,-0.7,2026-10-02T01:01:04.695736+02:00
307280583,de:11000:900045102:1:50,-0.7,2026-10-02T01:01:04.695736+02:00
307280583,de:11000:900044101:1:50,-0.8,2026-10-02T01:01:04.695736+02:00
307280583,de:11000:900040101:1:50,-0.8,2026-10-02T01:01:04.695736+02:00
307280458,de:11000:900020202:1:50,0.0,2026-10-02T01:01:04.695736+02:00
307280458,de:11000:900001201:1:50,-0.2,2026-10-02T01:01:04.695736+02:00
307280458,de:11000:900009104:1:50,-0.8,2026-10-02T01:01:04.695736+02:00
307280458,de:11000:900007102:2:52,-0.4,2026-10-02T01:01:04.695736+02:00
307280458,de:11000:900110001:1:50,-0.6,2026-10-02T01:01:04.695736+02:00
307280458,de:11000:900110002:1:50,-0.4,2026-10-02T01:01:04.695736+02:00
307280458,de:11000:900110003:1:50,-0.4,2026-10-02T01:01:04.695736+02:00
307280458,de:11000:900110004:1:50,-0.8,2026-10-02T01:01:04.695736+02:00
307280458,de:11000:900110012:1:50,-0.7,2026-10-02T01:01:04.695736+02:00
307280458,de:11000:900120001:1:50,-0.7,2026-10-02T01:01:04.695736+02:00
307280458,de:11000:900120003:5:58,-0.1,2026-10-02T01:01:04.695736+02:00
307280458,de:11000:900190001:1:50,-0.4,2026-10-02T01:01:04.695736+02:00
307280458,de:11000:900077106:1:50,-0.4,2026-10-02T01:01:04.695736+02:00
307280458,de:11000:900078201:1:50,-0.3,2026-10-02T01:01:04.695736+02:00
307280458,de:11000:900079221:1:50,-0.2,2026-10-02T01:01:04.695736+02:00
307280458,de:11000:900068201:1:50,-0.8,2026-10-02T01:01:04.695736+02:00
307280458,de:11000:900058101:5:58,-0.1,2026-10-02T01:01:04.695736+02:00
307280458,de:11000:900054104:2:52,-0.7,2026-10-02T01:01:04.695736+02:00
307280458,de:11000:900054105:1:50,-0.9,2026-10-02T01:01:04.695736+02:00
307280458,de:11000:900044202:1:50,-0.7,2026-10-02T01:01:04.695736+02:00
307280458,de:11000:900045102:1:50,-0.7,2026-10-02T01:01:04.695736+02:00
307280458,de:11000:900044101:1:50,-0.8,2026-10-02T01:01:04.695736+02:00
307280458,de:11000:900040101:1:50,-0.3,2026-10-02T01:01:04.695736+02:00
307280458,de:11000:900024101:3:54,-0.8,2026-10-02T01:01:04.695736+02:00
307280580,de:11000:900020202:1:51,0.0,2026-10-02T01:01:04.695736+02:00
307280580,de:11000:900001201:1:51,-0.2,2026-10-02T01:01:04.695736+02:00
307280580,de:11000:900009104:1:51,-0.8,2026-10-02T01:01:04.695736+02:00
307280580,de:11000:900007102:2:52,-0.9,2026-10-02T01:01:04.695736+02:00
307280580,de:11000:900110001:1:50,-0.6,2026-10-02T01:01:04.695736+02:00
307280580,de:11000:900110002:1:50,-0.4,2026-10-02T01:01:04.695736+02:00
307280580,de:11000:900110003:1:50,-0.4,2026-10-02T01:01:04.695736+02:00
307280580,de:11000:900110004:1:50,-0.8,2026-10-02T01:01:04.695736+02:00
307280580,de:11000:900110012:1:50,-0.7,2026-10-02T01:01:04.695736+02:00
307280580,de:11000:900120001:1:50,-0.7,2026-10-02T01:01:04.695736+02:00
307280580,de:11000:900120003:5:58,-0.1,2026-10-02T01:01:04.695736+02:00
307280580,de:11000:900190001:1:50,-0.4,2026-10-02T01:01:04.695736+02:00
307280580,de:11000:900077106:1:50,-0.4,2026-10-02T01:01:04.695736+02:00
307280580,de:11000:900078201:1:50,-0.3,2026-10-02T01:01:04.695736+02:00
307280580,de:11000:900079221:1:50,-0.2,2026-10-02T01:01:04.695736+02:00
307280580,de:11000:900068201:1:50,-0.8,2026-10-02T01:01:04.695736+02:00
307280580,de:11000:900058101:5:58,-0.1,2026-10-02T01:01:04.695736+02:00
307280580,de:11000:900054104:2:52,-0.2,2026-10-02T01:01:04.695736+02:00
307280580,de:11000:900054105:1:50,-0.9,2026-10-02T01:01:04.695736+02:00
307280580,de:11000:900044202:1:50,-0.7,2026-10-02T01:01:04.695736+02:00
307280580,de:11000:900045102:1:50,-0.7,2026-10-02T01:01:04.695736+02:00
307280580,de:11000:900044101:1:50,-0.8,2026-10-02T01:01:04.695736+02:00
307280580,de:11000:900040101:1:50,-0.8,2026-10-02T01:01:04.695736+02:00
307280424,de:11000:900020202:1:50,0.0,2026-10-02T01:01:04.695736+02:00
307280424,de:11000:900001201:1:50,-0.2,2026-10-02T01:01:04.695736+02:00
307280424,de:11000:900009104:1:50,-0.8,2026-10-02T01:01:04.695736+02:00
307280424,de:11000:900007102:2:52,-0.4,2026-10-02T01:01:04.695736+02:00
307280424,de:11000:900110001:1:50,-0.6,2026-10-02T01:01:04.695736+02:00
307280424,de:11000:900110002:1:50,-0.4,2026-10-02T01:01:04.695736+02:00
307280424,de:11000:900110003:1:50,-0.4,2026-10-02T01:01:04.695736+02:00
307280424,de:11000:900110004:1:50,-0.8,2026-10-02T01:01:04.695736+02:00
307280424,de:11000:900110012:1:50,-0.7,2026-10-02T01:01:04.695736+02:00
307280424,de:11000:900120001:1:50,-0.7,2026-10-02T01:01:04.695736+02:00
307280424,de:11000:900120003:5:58,-0.1,2026-10-02T01:01:04.695736+02:00
307280424,de:11000:900190001:1:50,-0.4,2026-10-02T01:01:04.695736+02:00
307280424,de:11000:900077106:1:50,-0.4,2026-10-02T01:01:04.695736+02:00
307280424,de:11000:900078201:1:50,-0.3,2026-10-02T01:01:04.695736+02:00
307280424,de:11000:900079221:1:50,-0.2,2026-10-02T01:01:04.695736+02:00
307280424,de:11000:900068201:1:50,-0.8,2026-10-02T01:01:04.695736+02:00
307280424,de:11000:900058101:5:58,-0.1,2026-10-02T01:01:04.695736+02:00
307280424,de:11000:900054104:2:52,-0.7,2026-10-02T01:01:04.695736+02:00
307280424,de:11000:900054105:1:50,-0.9,2026-10-02T01:01:04.695736+02:00
307280424,de:11000:900044202:1:50,-0.7,2026-10-02T01:01:04.695736+02:00
307280424,de:11000:900045102:1:50,-0.7,2026-10-02T01:01:04.695736+02:00
307280424,de:11000:900044101:1:50,-0.8,2026-10-02T01:01:04.695736+02:00
307280424,de:11000:900040101:1:50,-0.3,2026-10-02T01:01:04.695736+02:00
307280424,de:11000:900024101:3:54,-0.8,2026-10-02T01:01:04.695736+02:00
307283034,de:11000:900009104:1:51,0.0,2026-10-02T01:01:04.695736+02:00
307283034,de:11000:900007102:2:52,-0.9,2026-10-02T01:01:04.695736+02:00
307283034,de:11000:900110001:1:50,-0.6,2026-10-02T01:01:04.695736+02:00
307283034,de:11000:900110002:1:50,-0.4,2026-10-02T01:01:04.695736+02:00
307283034,de:11000:900110003:1:50,-0.4,2026-10-02T01:01:04.695736+02:00
307283034,de:11000:900110004:1:50,-0.8,2026-10-02T01:01:04.695736+02:00
307283034,de:11000:900110012:1:50,-0.7,2026-10-02T01:01:04.695736+02:00
307283034,de:11000:900120001:1:50,-0.7,2026-10-02T01:01:04.695736+02:00
307283034,de:11000:900120003:5:58,-0.1,2026-10-02T01:01:04.695736+02:00
307283034,de:11000:900190001:1:50,-0.4,2026-10-02T01:01:04.695736+02:00
307283034,de:11000:900077106:1:50,-0.4,2026-10-02T01:01:04.695736+02:00
307283034,de:11000:900078201:1:50,-0.3,2026-10-02T01:01:04.695736+02:00
307283034,de:11000:900079221:1:50,-0.2,2026-10-02T01:01:04.695736+02:00
307286611,de:11000:900024101:3:54,0.0,2026-10-02T01:01:04.695736+02:00
307286611,de:11000:900040101:1:50,-0.2,2026-10-02T01:01:04.695736+02:00
307286611,de:11000:900044101:1:50,-0.3,2026-10-02T01:01:04.695736+02:00
307286611,de:11000:900045102:1:51,-0.4,2026-10-02T01:01:04.695736+02:00
307286611,de:11000:900044202:1:51,-0.4,2026-10-02T01:01:04.695736+02:00
307286611,de:11000:900054105:1:51,-0.2,2026-10-02T01:01:04.695736+02:00
307286611,de:11000:900054104:2:53,-0.8,2026-10-02T01:01:04.695736+02:00
307286611,de:11000:900058101:5:59,-0.2,2026-10-02T01:01:04.695736+02:00
307286611,de:11000:900068201:1:51,-0.8,2026-10-02T01:01:04.695736+02:00
307286611,de:11000:900079221:1:51,-0.4,2026-10-02T01:01:04.695736+02:00
307286611,de:11000:900078201:1:51,-0.1,2026-10-02T01:01:04.695736+02:00
307286611,de:11000:900077106:1:51,0.0,2026-10-02T01:01:04.695736+02:00
307286611,de:11000:900190001:2:52,-0.9,2026-10-02T01:01:04.695736+02:00
307286611,de:11000:900120003:5:59,-0.4,2026-10-02T01:01:04.695736+02:00
307286611,de:11000:900120001:1:51,0.0,2026-10-02T01:01:04.695736+02:00
307286611,de:11000:900110012:1:51,-0.2,2026-10-02T01:01:04.695736+02:00
307286611,de:11000:900110004:1:51,-0.1,2026-10-02T01:01:04.695736+02:00
307286611,de:11000:900110003:1:51,-0.4,2026-10-02T01:01:04.695736+02:00
307286611,de:11000:900110002:1:51,-0.4,2026-10-02T01:01:04.695736+02:00
307286611,de:11000:900110001:1:51,-0.1,2026-10-02T01:01:04.695736+02:00
307286611,de:11000:900007102:1:51,-0.6,2026-10-02T01:01:04.695736+02:00
307286611,de:11000:900009104:1:51,-0.8,2026-10-02T01:01:04.695736+02:00
307286611,de:11000:900001201:1:51,-0.3,2026-10-02T01:01:04.695736+02:00
307286611,de:11000:900020202:1:51,-0.1,2026-10-02T01:01:04.695736+02:00
307289077,de:11000:900079221:1:51,0.0,2026-10-02T01:01:04.695736+02:00
307289077,de:11000:900078201:1:51,-0.1,2026-10-02T01:01:04.695736+02:00
307289077,de:11000:900077106:1:51,0.0,2026-10-02T01:01:04.695736+02:00
307289077,de:11000:900190001:2:52,-0.9,2026-10-02T01:01:04.695736+02:00
307289077,de:11000:900120003:5:59,-0.4,2026-10-02T01:01:04.695736+02:00
307289077,de:11000:900120001:1:51,0.0,2026-10-02T01:01:04.695736+02:00
307289077,de:11000:900110012:1:51,-0.2,2026-10-02T01:01:04.695736+02:00
307289077,de:11000:900110004:1:51,-0.1,2026-10-02T01:01:04.695736+02:00
307289077,de:11000:900110003:1:51,-0.4,2026-10-02T01:01:04.695736+02:00
307289077,de:11000:900110002:1:51,-0.4,2026-10-02T01:01:04.695736+02:00
307289077,de:11000:900110001:1:51,-0.1,2026-10-02T01:01:04.695736+02:00
307289077,de:11000:900007102:1:51,-0.6,2026-10-02T01:01:04.695736+02:00
307289077,de:11000:900009104:1:51,-0.3,2026-10-02T01:01:04.695736+02:00
306896474,de:12067:900310001::3,0.0,2026-10-02T01:01:04.695736+02:00
306896474,de:12067:900310816::1,0.0,2026-10-02T01:01:04.695736+02:00
306896474,de:12067:900310627::1,0.0,2026-10-02T01:01:04.695736+02:00
306896474,de:12067:900310781::1,0.0,2026-10-02T01:01:04.695736+02:00
306896474,de:12067:900310822::1,0.0,2026-10-02T01:01:04.695736+02:00
306896474,de:12067:900310771::1,0.0,2026-10-02T01:01:04.695736+02:00
306896474,de:12067:900310811::1,0.0,2026-10-02T01:01:04.695736+02:00
306896474,de:12067:900310630::1,0.0,2026-10-02T01:01:04.695736+02:00
306896474,de:12067:900310812::1,0.0,2026-10-02T01:01:04.695736+02:00
306896474,de:12067:900310695::2,0.0,2026-10-02T01:01:04.695736+02:00
306896474,de:12067:900310769::1,0.0,2026-10-02T01:01:04.695736+02:00
306896474,de:12067:900310810::2,0.0,2026-10-02T01:01:04.695736+02:00
306896474,de:12067:900310972::1,0.0,2026-10-02T01:01:04.695736+02:00
306896474,de:12067:900310970::1,0.0,2026-10-02T01:01:04.695736+02:00
306896474,de:12067:900310105::1,0.0,2026-10-02T01:01:04.695736+02:00
306896474,de:12067:900310040::1,0.0,2026-10-02T01:01:04.695736+02:00
306896474,de:12067:900310109::1,0.0,2026-10-02T01:01:04.695736+02:00
306896474,de:12067:900310631::1,0.0,2026-10-02T01:01:04.695736+02:00
306896474,de:12067:900310106::1,0.0,2026-10-02T01:01:04.695736+02:00
306896474,de:12067:900310115::1,0.0,2026-10-02T01:01:04.695736+02:00
306896474,de:12067:900310119::1,0.0,2026-10-02T01:01:04.695736+02:00
306896474,de:12067:900310114::1,0.0,2026-10-02T01:01:04.695736+02:00
306896474,de:12067:900310103::1,0.0,2026-10-02T01:01:04.695736+02:00
306896474,de:12067:900310102::1,0.0,2026-10-02T01:01:04.695736+02:00
306896474,de:12067:900310104::1,0.0,2026-10-02T01:01:04.695736+02:00
306896474,de:12067:900310116::1,0.0,2026-10-02T01:01:04.695736+02:00
306896474,de:12067:900310113::1,0.0,2026-10-02T01:01:04.695736+02:00
306896474,de:12067:900310107::1,0.0,2026-10-02T01:01:04.695736+02:00
306896474,de:12067:900311082::1,0.0,2026-10-02T01:01:04.695736+02:00
306896474,de:12067:900310751::1,0.0,2026-10-02T01:01:04.695736+02:00
306896474,de:12067:900311077::1,0.0,2026-10-02T01:01:04.695736+02:00
306896474,de:12067:900311078::1,0.0,2026-10-02T01:01:04.695736+02:00
306896474,de:12067:900310613::1,0.0,2026-10-02T01:01:04.695736+02:00
295927557,de:11000:900068201:1:51,0.0,2026-10-02T01:01:04.695736+02:00
295927557,de:11000:900079221:1:51,-0.9,2026-10-02T01:01:04.695736+02:00
295927557,de:11000:900078201:1:51,-0.6,2026-10-02T01:01:04.695736+02:00
295927557,de:11000:900077155:1:51,-0.2,2026-10-02T01:01:04.695736+02:00
295927557,de:11000:900191001:2:51,-0.7,2026-10-02T01:01:04.695736+02:00
295927557,de:11000:900192001:2:52,-0.7,2026-10-02T01:01:04.695736+02:00
295927557,de:11000:900193001:1:50,-0.2,2026-10-02T01:01:04.695736+02:00
295927557,de:11000:900193002:1:50,-0.8,2026-10-02T01:01:04.695736+02:00
295927557,de:11000:900186001:1:50,-0.8,2026-10-02T01:01:04.695736+02:00
295927557,de:12061:900260004:1:50,-0.2,2026-10-02T01:01:04.695736+02:00
295927557,de:12061:900260003:1:50,-0.4,2026-10-02T01:01:04.695736+02:00
295927557,de:12061:900260002:1:51,-0.2,2026-10-02T01:01:04.695736+02:00
295927557,de:12061:900260001:2:52,-0.2,2026-10-02T01:01:04.695736+02:00
307292248,de:11000:900044202:1:51,0.0,2026-10-02T01:01:04.695736+02:00
307292248,de:11000:900054105:1:51,-0.2,2026-10-02T01:01:04.695736+02:00
307292248,de:11000:900054104:2:53,-0.8,2026-10-02T01:01:04.695736+02:00
307292248,de:11000:900058101:5:59,-0.7,2026-10-02T01:01:04.695736+02:00
307292248,de:11000:900068201:1:51,-0.3,2026-10-02T01:01:04.695736+02:00
307292248,de:11000:900079221:1:51,-0.9,2026-10-02T01:01:04.695736+02:00
307292248,de:11000:900078201:1:51,-0.6,2026-10-02T01:01:04.695736+02:00
307292248,de:11000:900077155:1:51,-0.2,2026-10-02T01:01:04.695736+02:00
307292248,de:11000:900191001:2:51,-0.7,2026-10-02T01:01:04.695736+02:00
307292248,de:11000:900192001:2:52,-0.7,2026-10-02T01:01:04.695736+02:00
307292248,de:11000:900193001:1:50,-0.2,2026-10-02T01:01:04.695736+02:00
307292248,de:11000:900193002:1:50,-0.8,2026-10-02T01:01:04.695736+02:00
307292248,de:11000:900186001:1:50,-0.8,2026-10-02T01:01:04.695736+02:00
307292248,de:12061:900260004:1:50,-0.2,2026-10-02T01:01:04.695736+02:00
307292248,de:12061:900260003:1:50,-0.4,2026-10-02T01:01:04.695736+02:00
307292248,de:12061:900260002:1:51,-0.2,2026-10-02T01:01:04.695736+02:00
307292248,de:12061:900260001:2:52,-0.2,2026-10-02T01:01:04.695736+02:00
307292241,de:11000:900044202:1:51,0.0,2026-10-02T01:01:04.695736+02:00
307292241,de:11000:900054105:1:51,-0.2,2026-10-02T01:01:04.695736+02:00
307292241,de:11000:900054104:2:53,-0.8,2026-10-02T01:01:04.695736+02:00
307292241,de:11000:900058101:5:59,-0.7,2026-10-02T01:01:04.695736+02:00
307292241,de:11000:900068201:1:51,-0.3,2026-10-02T01:01:04.695736+02:00
307292241,de:11000:900079221:1:51,-0.9,2026-10-02T01:01:04.695736+02:00
307292241,de:11000:900078201:1:51,-0.6,2026-10-02T01:01:04.695736+02:00
307292241,de:11000:900077155:1:51,-0.2,2026-10-02T01:01:04.695736+02:00
307292241,de:11000:900191001:2:51,-0.7,2026-10-02T01:01:04.695736+02:00
307292241,de:11000:900192001:2:52,-0.7,2026-10-02T01:01:04.695736+02:00
307292241,de:11000:900193001:1:50,-0.2,2026-10-02T01:01:04.695736+02:00
307292241,de:11000:900193002:1:50,-0.8,2026-10-02T01:01:04.695736+02:00
307292241,de:11000:900186001:1:50,-0.8,2026-10-02T01:01:04.695736+02:00
307292241,de:12061:900260004:1:50,-0.2,2026-10-02T01:01:04.695736+02:00
307292241,de:12061:900260003:1:50,-0.4,2026-10-02T01:01:04.695736+02:00
307292241,de:12061:900260002:1:51,-0.2,2026-10-02T01:01:04.695736+02:00
307292241,de:12061:900260001:2:52,-0.2,2026-10-02T01:01:04.695736+02:00
307292239,de:11000:900044202:1:51,0.0,2026-10-02T01:01:04.695736+02:00
307292239,de:11000:900054105:1:51,-0.2,2026-10-02T01:01:04.695736+02:00
307292239,de:11000:900054104:2:53,-0.8,2026-10-02T01:01:04.695736+02:00
307292239,de:11000:900058101:5:59,-0.7,2026-10-02T01:01:04.695736+02:00
307292239,de:11000:900068201:1:51,-0.3,2026-10-02T01:01:04.695736+02:00
307292239,de:11000:900079221:1:51,-0.9,2026-10-02T01:01:04.695736+02:00
307292239,de:11000:900078201:1:51,-0.6,2026-10-02T01:01:04.695736+02:00
307292239,de:11000:900077155:1:51,-0.2,2026-10-02T01:01:04.695736+02:00
307292239,de:11000:900191001:2:51,-0.7,2026-10-02T01:01:04.695736+02:00
307292239,de:11000:900192001:2:52,-0.7,2026-10-02T01:01:04.695736+02:00
307292239,de:11000:900193001:1:50,-0.2,2026-10-02T01:01:04.695736+02:00
307292239,de:11000:900193002:1:50,-0.8,2026-10-02T01:01:04.695736+02:00
307292239,de:11000:900186001:1:50,-0.8,2026-10-02T01:01:04.695736+02:00
307292239,de:12061:900260004:1:50,-0.2,2026-10-02T01:01:04.695736+02:00
307292239,de:12061:900260003:1:50,-0.4,2026-10-02T01:01:04.695736+02:00
307292239,de:12061:900260002:1:51,-0.2,2026-10-02T01:01:04.695736+02:00
307292239,de:12061:900260001:2:52,-0.2,2026-10-02T01:01:04.695736+02:00
307292226,de:11000:900044202:1:51,0.0,2026-10-02T01:01:04.695736+02:00
307292226,de:11000:900054105:1:51,-0.2,2026-10-02T01:01:04.695736+02:00
307292226,de:11000:900054104:2:53,-0.8,2026-10-02T01:01:04.695736+02:00
307292226,de:11000:900058101:5:59,-0.7,2026-10-02T01:01:04.695736+02:00
307292226,de:11000:900068201:1:51,-0.3,2026-10-02T01:01:04.695736+02:00
307292226,de:11000:900079221:1:51,-0.9,2026-10-02T01:01:04.695736+02:00
307292226,de:11000:900078201:1:51,-0.6,2026-10-02T01:01:04.695736+02:00
307292226,de:11000:900077155:1:51,-0.2,2026-10-02T01:01:04.695736+02:00
307292226,de:11000:900191001:2:51,-0.7,2026-10-02T01:01:04.695736+02:00
307292226,de:11000:900192001:2:52,-0.7,2026-10-02T01:01:04.695736+02:00
307292226,de:11000:900193001:1:50,-0.2,2026-10-02T01:01:04.695736+02:00
307292226,de:11000:900193002:1:50,-0.8,2026-10-02T01:01:04.695736+02:00
307292226,de:11000:900186001:1:50,-0.8,2026-10-02T01:01:04.695736+02:00
307292226,de:12061:900260004:1:50,-0.2,2026-10-02T01:01:04.695736+02:00
307292226,de:12061:900260003:1:50,-0.4,2026-10-02T01:01:04.695736+02:00
307292226,de:12061:900260002:1:51,-0.2,2026-10-02T01:01:04.695736+02:00
307292226,de:12061:900260001:2:52,-0.2,2026-10-02T01:01:04.695736+02:00
295928932,de:11000:900079221:1:51,0.0,2026-10-02T01:01:04.695736+02:00
295928932,de:11000:900078201:1:51,-0.6,2026-10-02T01:01:04.695736+02:00
295928932,de:11000:900077155:1:51,-0.2,2026-10-02T01:01:04.695736+02:00
295928932,de:11000:900191001:2:51,-0.7,2026-10-02T01:01:04.695736+02:00
295928932,de:11000:900192001:2:52,-0.7,2026-10-02T01:01:04.695736+02:00
295928932,de:11000:900193001:1:50,-0.2,2026-10-02T01:01:04.695736+02:00
295928932,de:11000:900193002:1:50,-0.8,2026-10-02T01:01:04.695736+02:00
295928932,de:11000:900186001:1:51,-0.8,2026-10-02T01:01:04.695736+02:00
295928931,de:11000:900079221:1:51,0.0,2026-10-02T01:01:04.695736+02:00
295928931,de:11000:900078201:1:51,-0.6,2026-10-02T01:01:04.695736+02:00
295928931,de:11000:900077155:1:51,-0.2,2026-10-02T01:01:04.695736+02:00
295928931,de:11000:900191001:2:51,-0.7,2026-10-02T01:01:04.695736+02:00
295928931,de:11000:900192001:2:52,-0.7,2026-10-02T01:01:04.695736+02:00
295928931,de:11000:900193001:1:50,-0.2,2026-10-02T01:01:04.695736+02:00
295928931,de:11000:900193002:1:50,-0.8,2026-10-02T01:01:04.695736+02:00
295928931,de:11000:900186001:1:51,-0.8,2026-10-02T01:01:04.695736+02:00
295933001,de:11000:900058101:5:59,0.0,2026-10-02T01:01:04.695736+02:00
295933001,de:11000:900068201:1:51,-0.3,2026-10-02T01:01:04.695736+02:00
295933001,de:11000:900079221:1:51,-0.9,2026-10-02T01:01:04.695736+02:00
295933001,de:11000:900078201:1:51,-0.6,2026-10-02T01:01:04.695736+02:00
295933001,de:11000:900077155:1:51,-0.2,2026-10-02T01:01:04.695736+02:00
295933001,de:11000:900191001:2:51,-0.7,2026-10-02T01:01:04.695736+02:00
295933001,de:11000:900192001:2:53,-0.7,2026-10-02T01:01:04.695736+02:00
295933001,de:11000:900192002:1:50,-0.5,2026-10-02T01:01:04.695736+02:00
295933001,de:11000:900180003:1:50,-0.7,2026-10-02T01:01:04.695736+02:00
295933116,de:11000:900180003:1:50,0.0,2026-10-02T01:01:04.695736+02:00
295933116,de:11000:900192002:1:50,-0.4,2026-10-02T01:01:04.695736+02:00
295933116,de:11000:900192001:3:54,-0.2,2026-10-02T01:01:04.695736+02:00
295933116,de:11000:900191001:1:50,-0.9,2026-10-02T01:01:04.695736+02:00
295933116,de:11000:900077155:1:50,-0.4,2026-10-02T01:01:04.695736+02:00
295933116,de:11000:900078201:1:50,-0.9,2026-10-02T01:01:04.695736+02:00
295933116,de:11000:900079221:1:50,-0.7,2026-10-02T01:01:04.695736+02:00
295933116,de:11000:900068201:1:50,-0.3,2026-10-02T01:01:04.695736+02:00
295933116,de:11000:900058101:5:58,-0.6,2026-10-02T01:01:04.695736+02:00
295933109,de:11000:900180003:1:50,0.0,2026-10-02T01:01:04.695736+02:00
295933109,de:11000:900192002:1:50,-0.4,2026-10-02T01:01:04.695736+02:00
295933109,de:11000:900192001:3:54,-0.2,2026-10-02T01:01:04.695736+02:00
295933109,de:11000:900191001:1:50,-0.9,2026-10-02T01:01:04.695736+02:00
295933109,de:11000:900077155:1:50,-0.4,2026-10-02T01:01:04.695736+02:00
295933109,de:11000:900078201:1:50,-0.9,2026-10-02T01:01:04.695736+02:00
295933109,de:11000:900079221:1:50,-0.7,2026-10-02T01:01:04.695736+02:00
295933109,de:11000:900068201:1:50,-0.3,2026-10-02T01:01:04.695736+02:00
295933109,de:11000:900058101:5:58,-0.6,2026-10-02T01:01:04.695736+02:00
295933102,de:11000:900180003:1:50,0.0,2026-10-02T01:01:04.695736+02:00
295933102,de:11000:900192002:1:50,-0.4,2026-10-02T01:01:04.695736+02:00
295933102,de:11000:900192001:3:54,-0.2,2026-10-02T01:01:04.695736+02:00
295933102,de:11000:900191001:1:50,-0.9,2026-10-02T01:01:04.695736+02:00
295933102,de:11000:900077155:1:50,-0.4,2026-10-02T01:01:04.695736+02:00
295933102,de:11000:900078201:1:50,-0.9,2026-10-02T01:01:04.695736+02:00
295933102,de:11000:900079221:1:50,-0.7,2026-10-02T01:01:04.695736+02:00
295933102,de:11000:900068201:1:50,-0.3,2026-10-02T01:01:04.695736+02:00
295933102,de:11000:900058101:5:58,-0.6,2026-10-02T01:01:04.695736+02:00
295936952,de:12064:900320001:1:50,0.0,2026-10-02T01:01:04.695736+02:00
295936952,de:12064:900320002:1:50,-0.3,2026-10-02T01:01:04.695736+02:00
295936952,de:12064:900320003:1:50,-0.1,2026-10-02T01:01:04.695736+02:00
295936952,de:12064:900320004:2:51,-0.8,2026-10-02T01:01:04.695736+02:00
295936952,de:12064:900320005:1:50,0.0,2026-10-02T01:01:04.695736+02:00
295936952,de:12064:900320006:1:51,-0.8,2026-10-02T01:01:04.695736+02:00
295936952,de:12064:900320007:1:50,-0.8,2026-10-02T01:01:04.695736+02:00
295936952,de:12064:900320008:1:51,-0.5,2026-10-02T01:01:04.695736+02:00
295936952,de:12064:900320026:1:50,-0.3,2026-10-02T01:01:04.695736+02:00
295936952,de:11000:900176001:1:51,-0.7,2026-10-02T01:01:04.695736+02:00
295936952,de:11000:900175002:1:50,-0.7,2026-10-02T01:01:04.695736+02:00
295936952,de:11000:900175001:1:50,-0.6,2026-10-02T01:01:04.695736+02:00
295936952,de:11000:900171001:1:50,-0.3,2026-10-02T01:01:04.695736+02:00
295936952,de:11000:900171002:1:51,-0.4,2026-10-02T01:01:04.695736+02:00
295936952,de:11000:900160004:1:51,-0.8,2026-10-02T01:01:04.695736+02:00
295936952,de:11000:900160003:1:51,-0.9,2026-10-02T01:01:04.695736+02:00
295936952,de:11000:900120003:3:55,-0.1,2026-10-02T01:01:04.695736+02:00
295936952,de:11000:900120004:2:53,-0.6,2026-10-02T01:01:04.695736+02:00
295936952,de:11000:900120005:5:58,-0.9,2026-10-02T01:01:04.695736+02:00
295936952,de:11000:900100004:1:51,-0.4,2026-10-02T01:01:04.695736+02:00
295936952,de:11000:900100003:2:53,-0.4,2026-10-02T01:01:04.695736+02:00
295936952,de:11000:900100002:1:51,-0.4,2026-10-02T01:01:04.695736+02:00
295936952,de:11000:900100001:3:55,-0.4,2026-10-02T01:01:04.695736+02:00
295936952,de:11000:900003201:3:55,-0.1,2026-10-02T01:01:04.695736+02:00
295936952,de:11000:900003102:1:51,-0.8,2026-10-02T01:01:04.695736+02:00
295936952,de:11000:900003103:1:51,-0.9,2026-10-02T01:01:04.695736+02:00
295936952,de:11000:900023201:3:55,-0.8,2026-10-02T01:01:04.695736+02:00
295936952,de:11000:900024203:1:51,-0.8,2026-10-02T01:01:04.695736+02:00
295936952,de:11000:900024101:4:57,-0.8,2026-10-02T01:01:04.695736+02:00
295936952,de:11000:900024102:1:51,-0.1,2026-10-02T01:01:04.695736+02:00
295936949,de:12064:900320001:1:50,0.0,2026-10-02T01:01:04.695736+02:00
295936949,de:12064:900320002:1:50,-0.3,2026-10-02T01:01:04.695736+02:00
295936949,de:12064:900320003:1:50,-0.1,2026-10-02T01:01:04.695736+02:00
295936949,de:12064:900320004:2:51,-0.8,2026-10-02T01:01:04.695736+02:00
295936949,de:12064:900320005:1:50,0.0,2026-10-02T01:01:04.695736+02:00
295936949,de:12064:900320006:1:51,-0.8,2026-10-02T01:01:04.695736+02:00
295936949,de:12064:900320007:1:50,-0.8,2026-10-02T01:01:04.695736+02:00
295936949,de:12064:900320008:1:51,-0.5,2026-10-02T01:01:04.695736+02:00
295936949,de:12064:900320026:1:50,-0.3,2026-10-02T01:01:04.695736+02:00
295936949,de:11000:900176001:1:51,-0.7,2026-10-02T01:01:04.695736+02:00
295936949,de:11000:900175002:1:50,-0.7,2026-10-02T01:01:04.695736+02:00
295936949,de:11000:900175001:1:50,-0.6,2026-10-02T01:01:04.695736+02:00
295936949,de:11000:900171001:1:50,-0.3,2026-10-02T01:01:04.695736+02:00
295936949,de:11000:900171002:1:51,-0.4,2026-10-02T01:01:04.695736+02:00
295936949,de:11000:900160004:1:51,-0.8,2026-10-02T01:01:04.695736+02:00
295936949,de:11000:900160003:1:51,-0.9,2026-10-02T01:01:04.695736+02:00
295936949,de:11000:900120003:3:55,-0.1,2026-10-02T01:01:04.695736+02:00
295936949,de:11000:900120004:2:53,-0.6,2026-10-02T01:01:04.695736+02:00
295936949,de:11000:900120005:5:58,-0.9,2026-10-02T01:01:04.695736+02:00
295936949,de:11000:900100004:1:51,-0.4,2026-10-02T01:01:04.695736+02:00
295936949,de:11000:900100003:2:53,-0.4,2026-10-02T01:01:04.695736+02:00
295936949,de:11000:900100002:1:51,-0.4,2026-10-02T01:01:04.695736+02:00
295936949,de:11000:900100001:3:55,-0.4,2026-10-02T01:01:04.695736+02:00
295936949,de:11000:900003201:3:55,-0.1,2026-10-02T01:01:04.695736+02:00
295936949,de:11000:900003102:1:51,-0.8,2026-10-02T01:01:04.695736+02:00
295936949,de:11000:900003103:1:51,-0.9,2026-10-02T01:01:04.695736+02:00
295936949,de:11000:900023201:3:55,-0.8,2026-10-02T01:01:04.695736+02:00
295936949,de:11000:900024203:1:51,-0.8,2026-10-02T01:01:04.695736+02:00
295936949,de:11000:900024101:4:57,-0.8,2026-10-02T01:01:04.695736+02:00
295936949,de:11000:900024102:1:51,-0.1,2026-10-02T01:01:04.695736+02:00
295936948,de:12064:900320001:1:50,0.0,2026-10-02T01:01:04.695736+02:00
295936948,de:12064:900320002:1:50,-0.3,2026-10-02T01:01:04.695736+02:00
295936948,de:12064:900320003:1:50,-0.1,2026-10-02T01:01:04.695736+02:00
295936948,de:12064:900320004:2:51,-0.8,2026-10-02T01:01:04.695736+02:00
295936948,de:12064:900320005:1:50,0.0,2026-10-02T01:01:04.695736+02:00
295936948,de:12064:900320006:1:51,-0.8,2026-10-02T01:01:04.695736+02:00
295936948,de:12064:900320007:1:50,-0.8,2026-10-02T01:01:04.695736+02:00
295936948,de:12064:900320008:1:51,-0.5,2026-10-02T01:01:04.695736+02:00
295936948,de:12064:900320026:1:50,-0.3,2026-10-02T01:01:04.695736+02:00
295936948,de:11000:900176001:1:51,-0.7,2026-10-02T01:01:04.695736+02:00
295936948,de:11000:900175002:1:50,-0.7,2026-10-02T01:01:04.695736+02:00
295936948,de:11000:900175001:1:50,-0.6,2026-10-02T01:01:04.695736+02:00
295936948,de:11000:900171001:1:50,-0.3,2026-10-02T01:01:04.695736+02:00
295936948,de:11000:900171002:1:51,-0.4,2026-10-02T01:01:04.695736+02:00
295936948,de:11000:900160004:1:51,-0.8,2026-10-02T01:01:04.695736+02:00
295936948,de:11000:900160003:1:51,-0.9,2026-10-02T01:01:04.695736+02:00
295936948,de:11000:900120003:3:55,-0.1,2026-10-02T01:01:04.695736+02:00
295936948,de:11000:900120004:2:53,-0.6,2026-10-02T01:01:04.695736+02:00
295936948,de:11000:900120005:5:58,-0.9,2026-10-02T01:01:04.695736+02:00
295936948,de:11000:900100004:1:51,-0.4,2026-10-02T01:01:04.695736+02:00
295936948,de:11000:900100003:2:53,-0.4,2026-10-02T01:01:04.695736+02:00
295936948,de:11000:900100002:1:51,-0.4,2026-10-02T01:01:04.695736+02:00
295936948,de:11000:900100001:3:55,-0.4,2026-10-02T01:01:04.695736+02:00
295936948,de:11000:900003201:3:55,-0.1,2026-10-02T01:01:04.695736+02:00
295936948,de:11000:900003102:1:51,-0.8,2026-10-02T01:01:04.695736+02:00
295936948,de:11000:900003103:1:51,-0.9,2026-10-02T01:01:04.695736+02:00
295936948,de:11000:900023201:3:55,-0.8,2026-10-02T01:01:04.695736+02:00
295936948,de:11000:900024203:1:51,-0.8,2026-10-02T01:01:04.695736+02:00
295936948,de:11000:900024101:4:57,-0.8,2026-10-02T01:01:04.695736+02:00
295936948,de:11000:900024102:1:51,-0.1,2026-10-02T01:01:04.695736+02:00
307302002,de:11000:900024102:2:52,0.0,2026-10-02T01:01:04.695736+02:00
307302002,de:11000:900024101:3:55,-0.8,2026-10-02T01:01:04.695736+02:00
307302002,de:11000:900024203:1:51,-0.8,2026-10-02T01:01:04.695736+02:00
307302002,de:11000:900023201:3:54,-0.7,2026-10-02T01:01:04.695736+02:00
307302002,de:11000:900003103:1:50,-0.8,2026-10-02T01:01:04.695736+02:00
307302002,de:11000:900003102:1:50,-0.9,2026-10-02T01:01:04.695736+02:00
307302002,de:11000:900003201:3:54,-0.5,2026-10-02T01:01:04.695736+02:00
307302002,de:11000:900100001:3:54,-0.1,2026-10-02T01:01:04.695736+02:00
307302002,de:11000:900100002:1:50,-0.4,2026-10-02T01:01:04.695736+02:00
307302002,de:11000:900100003:2:52,-0.1,2026-10-02T01:01:04.695736+02:00
307302002,de:11000:900100004:1:50,-0.4,2026-10-02T01:01:04.695736+02:00
307302002,de:11000:900120005:4:55,-0.6,2026-10-02T01:01:04.695736+02:00
307302002,de:11000:900120004:1:50,-0.1,2026-10-02T01:01:04.695736+02:00
307302002,de:11000:900120003:2:53,-0.4,2026-10-02T01:01:04.695736+02:00
307302002,de:11000:900160003:1:50,-0.7,2026-10-02T01:01:04.695736+02:00
307302002,de:11000:900160004:1:50,-0.7,2026-10-02T01:01:04.695736+02:00
307302002,de:11000:900171002:1:50,-0.2,2026-10-02T01:01:04.695736+02:00
307302002,de:11000:900171001:2:51,-0.3,2026-10-02T01:01:04.695736+02:00
307302002,de:11000:900175001:2:51,-0.5,2026-10-02T01:01:04.695736+02:00
307302002,de:11000:900175002:1:51,0.0,2026-10-02T01:01:04.695736+02:00
307302002,de:11000:900176001:2:52,-0.3,2026-10-02T01:01:04.695736+02:00
307302002,de:12064:900320026:1:51,-0.1,2026-10-02T01:01:04.695736+02:00
307302002,de:12064:900320008:1:50,-0.7,2026-10-02T01:01:04.695736+02:00
307302002,de:12064:900320007:1:50,-0.4,2026-10-02T01:01:04.695736+02:00
307302002,de:12064:900320006:1:50,-0.8,2026-10-02T01:01:04.695736+02:00
307302002,de:12064:900320005:1:50,-0.2,2026-10-02T01:01:04.695736+02:00
307302002,de:12064:900320004:2:51,-0.9,2026-10-02T01:01:04.695736+02:00
307302002,de:12064:900320003:1:50,-0.8,2026-10-02T01:01:04.695736+02:00
307302002,de:12064:900320002:1:50,-0.5,2026-10-02T01:01:04.695736+02:00
307302002,de:12064:900320001:1:50,-0.2,2026-10-02T01:01:04.695736+02:00
307301991,de:11000:900024102:2:52,0.0,2026-10-02T01:01:04.695736+02:00
307301991,de:11000:900024101:3:55,-0.8,2026-10-02T01:01:04.695736+02:00
307301991,de:11000:900024203:1:51,-0.8,2026-10-02T01:01:04.695736+02:00
307301991,de:11000:900023201:3:54,-0.7,2026-10-02T01:01:04.695736+02:00
307301991,de:11000:900003103:1:50,-0.8,2026-10-02T01:01:04.695736+02:00
307301991,de:11000:900003102:1:50,-0.9,2026-10-02T01:01:04.695736+02:00
307301991,de:11000:900003201:3:54,-0.5,2026-10-02T01:01:04.695736+02:00
307301991,de:11000:900100001:3:54,-0.1,2026-10-02T01:01:04.695736+02:00
307301991,de:11000:900100002:1:50,-0.4,2026-10-02T01:01:04.695736+02:00
307301991,de:11000:900100003:2:52,-0.1,2026-10-02T01:01:04.695736+02:00
307301991,de:11000:900100004:1:50,-0.4,2026-10-02T01:01:04.695736+02:00
307301991,de:11000:900120005:4:55,-0.6,2026-10-02T01:01:04.695736+02:00
307301991,de:11000:900120004:1:50,-0.1,2026-10-02T01:01:04.695736+02:00
307301991,de:11000:900120003:2:53,-0.4,2026-10-02T01:01:04.695736+02:00
307301991,de:11000:900160003:1:50,-0.7,2026-10-02T01:01:04.695736+02:00
307301991,de:11000:900160004:1:50,-0.7,2026-10-02T01:01:04.695736+02:00
307301991,de:11000:900171002:1:50,-0.2,2026-10-02T01:01:04.695736+02:00
307301991,de:11000:900171001:2:51,-0.3,2026-10-02T01:01:04.695736+02:00
307301991,de:11000:900175001:2:51,-0.5,2026-10-02T01:01:04.695736+02:00
307301991,de:11000:900175002:1:51,0.0,2026-10-02T01:01:04.695736+02:00
307301991,de:11000:900176001:2:52,-0.3,2026-10-02T01:01:04.695736+02:00
307301991,de:12064:900320026:1:51,-0.1,2026-10-02T01:01:04.695736+02:00
307301991,de:12064:900320008:1:50,-0.7,2026-10-02T01:01:04.695736+02:00
307301991,de:12064:900320007:1:50,-0.4,2026-10-02T01:01:04.695736+02:00
307301991,de:12064:900320006:1:50,-0.8,2026-10-02T01:01:04.695736+02:00
307301991,de:12064:900320005:1:50,-0.2,2026-10-02T01:01:04.695736+02:00
307301991,de:12064:900320004:2:51,-0.9,2026-10-02T01:01:04.695736+02:00
307301991,de:12064:900320003:1:50,-0.8,2026-10-02T01:01:04.695736+02:00
307301991,de:12064:900320002:1:50,-0.5,2026-10-02T01:01:04.695736+02:00
307301991,de:12064:900320001:1:50,-0.2,2026-10-02T01:01:04.695736+02:00
295940760,de:11000:900120005:4:56,0.0,2026-10-02T01:01:04.695736+02:00
295940760,de:11000:900120004:1:51,-0.1,2026-10-02T01:01:04.695736+02:00
295940760,de:11000:900120003:2:52,-0.4,2026-10-02T01:01:04.695736+02:00
295940760,de:11000:900160003:1:50,-0.7,2026-10-02T01:01:04.695736+02:00
295940760,de:11000:900160004:1:50,-0.7,2026-10-02T01:01:04.695736+02:00
295940760,de:11000:900171002:1:50,-0.2,2026-10-02T01:01:04.695736+02:00
295940760,de:11000:900171001:2:51,-0.3,2026-10-02T01:01:04.695736+02:00
295940760,de:11000:900175001:2:51,-0.5,2026-10-02T01:01:04.695736+02:00
295940760,de:11000:900175002:1:51,0.0,2026-10-02T01:01:04.695736+02:00
295940760,de:11000:900176001:1:50,-0.7,2026-10-02T01:01:04.695736+02:00
295940333,de:11000:900160004:1:51,0.0,2026-10-02T01:01:04.695736+02:00
295940333,de:11000:900160003:1:51,-0.9,2026-10-02T01:01:04.695736+02:00
295940333,de:11000:900120003:3:54,-0.1,2026-10-02T01:01:04.695736+02:00
295940333,de:11000:900120004:2:52,-0.6,2026-10-02T01:01:04.695736+02:00
295940333,de:11000:900120005:5:57,-0.9,2026-10-02T01:01:04.695736+02:00
295940273,de:12064:900320008:1:51,0.0,2026-10-02T01:01:04.695736+02:00
295940273,de:12064:900320026:1:50,-0.3,2026-10-02T01:01:04.695736+02:00
295940273,de:11000:900176001:1:51,-0.7,2026-10-02T01:01:04.695736+02:00
295940273,de:11000:900175002:1:50,-0.7,2026-10-02T01:01:04.695736+02:00
295940273,de:11000:900175001:1:50,-0.6,2026-10-02T01:01:04.695736+02:00
295940273,de:11000:900171001:1:50,-0.3,2026-10-02T01:01:04.695736+02:00
295940273,de:11000:900171002:1:51,-0.4,2026-10-02T01:01:04.695736+02:00
295940273,de:11000:900160004:1:51,-0.8,2026-10-02T01:01:04.695736+02:00
295940273,de:11000:900160003:1:51,-0.9,2026-10-02T01:01:04.695736+02:00
295940273,de:11000:900120003:3:55,-0.1,2026-10-02T01:01:04.695736+02:00
295940273,de:11000:900120004:2:53,-0.6,2026-10-02T01:01:04.695736+02:00
295940273,de:11000:900120005:5:58,-0.9,2026-10-02T01:01:04.695736+02:00
295940273,de:11000:900100004:1:51,-0.4,2026-10-02T01:01:04.695736+02:00
295940273,de:11000:900100003:2:53,-0.4,2026-10-02T01:01:04.695736+02:00
295940273,de:11000:900100002:1:51,-0.4,2026-10-02T01:01:04.695736+02:00
295940273,de:11000:900100001:3:55,-0.4,2026-10-02T01:01:04.695736+02:00
295940273,de:11000:900003201:3:55,-0.1,2026-10-02T01:01:04.695736+02:00
295940273,de:11000:900003102:1:51,-0.8,2026-10-02T01:01:04.695736+02:00
295940273,de:11000:900003103:1:51,-0.9,2026-10-02T01:01:04.695736+02:00
295940273,de:11000:900023201:3:55,-0.8,2026-10-02T01:01:04.695736+02:00
295940273,de:11000:900024203:1:51,-0.8,2026-10-02T01:01:04.695736+02:00
295940273,de:11000:900024101:4:57,-0.8,2026-10-02T01:01:04.695736+02:00
295940273,de:11000:900024102:1:51,-0.1,2026-10-02T01:01:04.695736+02:00
295940311,de:11000:900176001:1:50,0.0,2026-10-02T01:01:04.695736+02:00
295940311,de:11000:900175002:1:50,-0.7,2026-10-02T01:01:04.695736+02:00
295940311,de:11000:900175001:1:50,-0.6,2026-10-02T01:01:04.695736+02:00
295940311,de:11000:900171001:1:50,-0.3,2026-10-02T01:01:04.695736+02:00
295940311,de:11000:900171002:1:51,-0.4,2026-10-02T01:01:04.695736+02:00
295940311,de:11000:900160004:1:51,-0.8,2026-10-02T01:01:04.695736+02:00
295940311,de:11000:900160003:1:51,-0.9,2026-10-02T01:01:04.695736+02:00
295940311,de:11000:900120003:3:55,-0.1,2026-10-02T01:01:04.695736+02:00
295940311,de:11000:900120004:2:53,-0.6,2026-10-02T01:01:04.695736+02:00
295940311,de:11000:900120005:5:58,-0.9,2026-10-02T01:01:04.695736+02:00
295940311,de:11000:900100004:1:51,-0.4,2026-10-02T01:01:04.695736+02:00
295940311,de:11000:900100003:2:53,-0.4,2026-10-02T01:01:04.695736+02:00
295940311,de:11000:900100002:1:51,-0.4,2026-10-02T01:01:04.695736+02:00
295940311,de:11000:900100001:3:55,-0.4,2026-10-02T01:01:04.695736+02:00
295940311,de:11000:900003201:3:55,-0.1,2026-10-02T01:01:04.695736+02:00
295940311,de:11000:900003102:1:51,-0.8,2026-10-02T01:01:04.695736+02:00
295940311,de:11000:900003103:1:51,-0.9,2026-10-02T01:01:04.695736+02:00
295940311,de:11000:900023201:3:55,-0.8,2026-10-02T01:01:04.695736+02:00
295940311,de:11000:900024203:1:51,-0.8,2026-10-02T01:01:04.695736+02:00
295940311,de:11000:900024101:4:57,-0.8,2026-10-02T01:01:04.695736+02:00
295940311,de:11000:900024102:1:51,-0.1,2026-10-02T01:01:04.695736+02:00
295940255,de:12064:900320008:1:51,0.0,2026-10-02T01:01:04.695736+02:00
295940255,de:12064:900320026:1:50,-0.3,2026-10-02T01:01:04.695736+02:00
295940255,de:11000:900176001:1:51,-0.7,2026-10-02T01:01:04.695736+02:00
295940255,de:11000:900175002:1:50,-0.7,2026-10-02T01:01:04.695736+02:00
295940255,de:11000:900175001:1:50,-0.6,2026-10-02T01:01:04.695736+02:00
295940255,de:11000:900171001:1:50,-0.3,2026-10-02T01:01:04.695736+02:00
295940255,de:11000:900171002:1:51,-0.4,2026-10-02T01:01:04.695736+02:00
295940255,de:11000:900160004:1:51,-0.8,2026-10-02T01:01:04.695736+02:00
295940255,de:11000:900160003:1:51,-0.9,2026-10-02T01:01:04.695736+02:00
295940255,de:11000:900120003:3:55,-0.1,2026-10-02T01:01:04.695736+02:00
295940255,de:11000:900120004:2:53,-0.6,2026-10-02T01:01:04.695736+02:00
295940255,de:11000:900120005:5:58,-0.9,2026-10-02T01:01:04.695736+02:00
295940255,de:11000:900100004:1:51,-0.4,2026-10-02T01:01:04.695736+02:00
295940255,de:11000:900100003:2:53,-0.4,2026-10-02T01:01:04.695736+02:00
295940255,de:11000:900100002:1:51,-0.4,2026-10-02T01:01:04.695736+02:00
295940255,de:11000:900100001:3:55,-0.4,2026-10-02T01:01:04.695736+02:00
295940255,de:11000:900003201:3:55,-0.1,2026-10-02T01:01:04.695736+02:00
295940255,de:11000:900003102:1:51,-0.8,2026-10-02T01:01:04.695736+02:00
295940255,de:11000:900003103:1:51,-0.9,2026-10-02T01:01:04.695736+02:00
295940255,de:11000:900023201:3:55,-0.8,2026-10-02T01:01:04.695736+02:00
295940255,de:11000:900024203:1:51,-0.8,2026-10-02T01:01:04.695736+02:00
295940255,de:11000:900024101:4:57,-0.8,2026-10-02T01:01:04.695736+02:00
295940255,de:11000:900024102:1:51,-0.1,2026-10-02T01:01:04.695736+02:00
306897120,de:12067:900311308::5,0.0,2026-10-02T01:01:04.695736+02:00
306897120,de:12067:900311335::1,0.0,2026-10-02T01:01:04.695736+02:00
306897120,de:12067:900311339::1,0.0,2026-10-02T01:01:04.695736+02:00
306897120,de:12067:900311301::1,0.0,2026-10-02T01:01:04.695736+02:00
306897120,de:12067:900311373::1,0.0,2026-10-02T01:01:04.695736+02:00
306897120,de:12067:900311370::1,0.0,2026-10-02T01:01:04.695736+02:00
306897120,de:12067:900311590::1,0.0,2026-10-02T01:01:04.695736+02:00
306897120,de:12067:900311592::1,0.0,2026-10-02T01:01:04.695736+02:00
306897120,de:12067:900311634::1,0.0,2026-10-02T01:01:04.695736+02:00
306897120,de:12067:900311633::1,0.0,2026-10-02T01:01:04.695736+02:00
306897120,de:12067:900311635::1,0.0,2026-10-02T01:01:04.695736+02:00
306897120,de:12067:900311220::1,0.0,2026-10-02T01:01:04.695736+02:00
306897120,de:12067:900311445::1,0.0,2026-10-02T01:01:04.695736+02:00
306897120,de:12067:900311444::1,0.0,2026-10-02T01:01:04.695736+02:00
306897120,de:12067:900311446::1,0.0,2026-10-02T01:01:04.695736+02:00
306897120,de:12067:900311623::1,0.0,2026-10-02T01:01:04.695736+02:00
306897120,de:12067:900311621::1,0.0,2026-10-02T01:01:04.695736+02:00
306897120,de:12067:900311624::1,0.0,2026-10-02T01:01:04.695736+02:00
306897120,de:12067:900311232::2,0.0,2026-10-02T01:01:04.695736+02:00
306897120,de:12067:900311236::1,0.0,2026-10-02T01:01:04.695736+02:00
306897120,de:12067:900311234::1,0.0,2026-10-02T01:01:04.695736+02:00
306897120,de:12067:900311238::1,0.0,2026-10-02T01:01:04.695736+02:00
306895365,de:12067:900311017::1,0.0,2026-10-02T01:01:04.695736+02:00
306895365,de:12067:900311018::2,0.0,2026-10-02T01:01:04.695736+02:00
306895365,de:12067:900310843::2,0.0,2026-10-02T01:01:04.695736+02:00
306895365,de:12067:900310842::2,0.0,2026-10-02T01:01:04.695736+02:00
306895365,de:12067:900310611::2,0.0,2026-10-02T01:01:04.695736+02:00
306896331,de:12067:900310013::4,0.0,2026-10-02T01:01:04.695736+02:00
306896331,de:12067:900310557::3,0.0,2026-10-02T01:01:04.695736+02:00
306896331,de:12067:900310555::1,0.0,2026-10-02T01:01:04.695736+02:00
306896331,de:12067:900310852::1,0.0,2026-10-02T01:01:04.695736+02:00
306896331,de:12067:900310850::1,0.0,2026-10-02T01:01:04.695736+02:00
306896331,de:12067:900310851::1,0.0,2026-10-02T01:01:04.695736+02:00
306896331,de:12067:900310849::1,0.0,2026-10-02T01:01:04.695736+02:00
306896331,de:12067:900310856::1,0.0,2026-10-02T01:01:04.695736+02:00
306896331,de:12067:900310844::1,0.0,2026-10-02T01:01:04.695736+02:00
306896331,de:12067:900310855::1,0.0,2026-10-02T01:01:04.695736+02:00
306896331,de:12067:900311970::1,0.0,2026-10-02T01:01:04.695736+02:00
306896331,de:12067:900310853::1,0.0,2026-10-02T01:01:04.695736+02:00
306896331,de:12067:900310845::1,0.0,2026-10-02T01:01:04.695736+02:00
306896331,de:12067:900310857::1,0.0,2026-10-02T01:01:04.695736+02:00
306896331,de:12067:900310854::1,0.0,2026-10-02T01:01:04.695736+02:00
306896331,de:12067:900310846::1,0.0,2026-10-02T01:01:04.695736+02:00
306896331,de:12067:900310847::1,0.0,2026-10-02T01:01:04.695736+02:00
306896331,de:12067:900310890::1,0.0,2026-10-02T01:01:04.695736+02:00
306896331,de:12067:900310889::1,0.0,2026-10-02T01:01:04.695736+02:00
306896331,de:12067:900310882::1,0.0,2026-10-02T01:01:04.695736+02:00
306896331,de:12067:900310920::1,0.0,2026-10-02T01:01:04.695736+02:00
306896331,de:12067:900310883::1,0.0,2026-10-02T01:01:04.695736+02:00
306896331,de:12067:900310885::1,0.0,2026-10-02T01:01:04.695736+02:00
306896331,de:12067:900310881::1,0.0,2026-10-02T01:01:04.695736+02:00
306896331,de:12067:900310888::1,0.0,2026-10-02T01:01:04.695736+02:00
307420468,de:11000:900120003:7:61,0.0,2026-10-02T01:01:04.695736+02:00
307420468,de:11000:900160004:2:52,0.0,2026-10-02T01:01:04.695736+02:00
307420468,de:12064:900320004:1:50,0.0,2026-10-02T01:01:04.695736+02:00
307420468,de:12064:900320011:2:51,0.0,2026-10-02T01:01:04.695736+02:00
307420468,de:12064:900320012:1:50,0.0,2026-10-02T01:01:04.695736+02:00
307420468,de:12064:900320014:1:51,0.0,2026-10-02T01:01:04.695736+02:00
306897093,de:12067:900310834::1,0.0,2026-10-02T01:01:04.695736+02:00
306897093,de:12067:900310638::1,0.0,2026-10-02T01:01:04.695736+02:00
306897093,de:12067:900310988::1,0.0,2026-10-02T01:01:04.695736+02:00
306897093,de:12067:900310958::2,0.0,2026-10-02T01:01:04.695736+02:00
306897093,de:12067:900310957::2,0.0,2026-10-02T01:01:04.695736+02:00
306897093,de:12067:900311223::2,0.0,2026-10-02T01:01:04.695736+02:00
306897093,de:12067:900311222::2,0.0,2026-10-02T01:01:04.695736+02:00
306897093,de:12067:900311489::1,0.0,2026-10-02T01:01:04.695736+02:00
306897093,de:12067:900311480::1,0.0,2026-10-02T01:01:04.695736+02:00
306897093,de:12067:900311482::1,0.0,2026-10-02T01:01:04.695736+02:00
306897093,de:12067:900311485::2,0.0,2026-10-02T01:01:04.695736+02:00
306897093,de:12053:900360155::1,0.0,2026-10-02T01:01:04.695736+02:00
306897093,de:12053:900360063::1,0.0,2026-10-02T01:01:04.695736+02:00
306897093,de:12053:900360155::2,0.0,2026-10-02T01:01:04.695736+02:00
306897093,de:12067:900311484::2,0.0,2026-10-02T01:01:04.695736+02:00
306897093,de:12067:900311270::1,0.0,2026-10-02T01:01:04.695736+02:00
306897093,de:12067:900310735::2,0.0,2026-10-02T01:01:04.695736+02:00
306897093,de:12067:900310007::2,0.0,2026-10-02T01:01:04.695736+02:00
306897093,de:12067:900310876::1,0.0,2026-10-02T01:01:04.695736+02:00
306897093,de:12067:900310007::1,0.0,2026-10-02T01:01:04.695736+02:00
306897093,de:12067:900310009::1,0.0,2026-10-02T01:01:04.695736+02:00
295946195,de:12054:900230999:3:54,0.0,2026-10-02T01:01:04.695736+02:00
295946195,de:12054:900230000:1:50,-0.3,2026-10-02T01:01:04.695736+02:00
295946195,de:12054:900230003:1:54,-0.3,2026-10-02T01:01:04.695736+02:00
295946195,de:11000:900053301:2:53,-0.4,2026-10-02T01:01:04.695736+02:00
295946195,de:11000:900052201:2:53,-0.7,2026-10-02T01:01:04.695736+02:00
295946195,de:11000:900048101:2:53,-0.9,2026-10-02T01:01:04.695736+02:00
295946195,de:11000:900024102:2:53,-0.9,2026-10-02T01:01:04.695736+02:00
295946195,de:11000:900024101:3:55,-0.3,2026-10-02T01:01:04.695736+02:00
295946195,de:11000:900024203:1:51,-0.3,2026-10-02T01:01:04.695736+02:00
295946195,de:11000:900023201:3:54,-0.2,2026-10-02T01:01:04.695736+02:00
295946195,de:11000:900003103:1:50,-0.3,2026-10-02T01:01:04.695736+02:00
295946195,de:11000:900003102:1:50,-0.4,2026-10-02T01:01:04.695736+02:00
295946195,de:11000:900003201:3:54,0.0,2026-10-02T01:01:04.695736+02:00
295946195,de:11000:900100001:3:54,-0.6,2026-10-02T01:01:04.695736+02:00
295946195,de:11000:900100002:1:50,-0.9,2026-10-02T01:01:04.695736+02:00
295946195,de:11000:900100003:2:52,-0.6,2026-10-02T01:01:04.695736+02:00
295946195,de:11000:900100004:1:50,-0.9,2026-10-02T01:01:04.695736+02:00
295946195,de:11000:900120005:4:55,-0.1,2026-10-02T01:01:04.695736+02:00
295946195,de:11000:900120004:1:50,-0.6,2026-10-02T01:01:04.695736+02:00
295946195,de:11000:900120003:2:53,-0.9,2026-10-02T01:01:04.695736+02:00
295946195,de:11000:900160003:1:50,-0.2,2026-10-02T01:01:04.695736+02:00
295946195,de:11000:900160004:1:50,-0.2,2026-10-02T01:01:04.695736+02:00
295946195,de:11000:900171002:1:50,-0.7,2026-10-02T01:01:04.695736+02:00
295946195,de:11000:900171003:1:50,-0.8,2026-10-02T01:01:04.695736+02:00
295946195,de:11000:900170005:1:50,-0.3,2026-10-02T01:01:04.695736+02:00
295946195,de:11000:900170001:1:50,-0.1,2026-10-02T01:01:04.695736+02:00
295946195,de:11000:900170002:1:50,-0.9,2026-10-02T01:01:04.695736+02:00
295946195,de:11000:900170003:1:50,-0.7,2026-10-02T01:01:04.695736+02:00
295946195,de:11000:900170004:1:50,-0.9,2026-10-02T01:01:04.695736+02:00
295946194,de:12054:900230999:3:54,0.0,2026-10-02T01:01:04.695736+02:00
295946194,de:12054:900230000:1:50,-0.3,2026-10-02T01:01:04.695736+02:00
295946194,de:12054:900230003:1:54,-0.3,2026-10-02T01:01:04.695736+02:00
295946194,de:11000:900053301:2:53,-0.4,2026-10-02T01:01:04.695736+02:00
295946194,de:11000:900052201:2:53,-0.7,2026-10-02T01:01:04.695736+02:00
295946194,de:11000:900048101:2:53,-0.9,2026-10-02T01:01:04.695736+02:00
295946194,de:11000:900024102:2:53,-0.9,2026-10-02T01:01:04.695736+02:00
295946194,de:11000:900024101:3:55,-0.3,2026-10-02T01:01:04.695736+02:00
295946194,de:11000:900024203:1:51,-0.3,2026-10-02T01:01:04.695736+02:00
295946194,de:11000:900023201:3:54,-0.2,2026-10-02T01:01:04.695736+02:00
295946194,de:11000:900003103:1:50,-0.3,2026-10-02T01:01:04.695736+02:00
295946194,de:11000:900003102:1:50,-0.4,2026-10-02T01:01:04.695736+02:00
295946194,de:11000:900003201:3:54,0.0,2026-10-02T01:01:04.695736+02:00
295946194,de:11000:900100001:3:54,-0.6,2026-10-02T01:01:04.695736+02:00
295946194,de:11000:900100002:1:50,-0.9,2026-10-02T01:01:04.695736+02:00
295946194,de:11000:900100003:2:52,-0.6,2026-10-02T01:01:04.695736+02:00
295946194,de:11000:900100004:1:50,-0.9,2026-10-02T01:01:04.695736+02:00
295946194,de:11000:900120005:4:55,-0.1,2026-10-02T01:01:04.695736+02:00
295946194,de:11000:900120004:1:50,-0.6,2026-10-02T01:01:04.695736+02:00
295946194,de:11000:900120003:2:53,-0.9,2026-10-02T01:01:04.695736+02:00
295946194,de:11000:900160003:1:50,-0.2,2026-10-02T01:01:04.695736+02:00
295946194,de:11000:900160004:1:50,-0.2,2026-10-02T01:01:04.695736+02:00
295946194,de:11000:900171002:1:50,-0.7,2026-10-02T01:01:04.695736+02:00
295946194,de:11000:900171003:1:50,-0.8,2026-10-02T01:01:04.695736+02:00
295946194,de:11000:900170005:1:50,-0.3,2026-10-02T01:01:04.695736+02:00
295946194,de:11000:900170001:1:50,-0.1,2026-10-02T01:01:04.695736+02:00
295946194,de:11000:900170002:1:50,-0.9,2026-10-02T01:01:04.695736+02:00
295946194,de:11000:900170003:1:50,-0.7,2026-10-02T01:01:04.695736+02:00
295946194,de:11000:900170004:1:50,-0.9,2026-10-02T01:01:04.695736+02:00
295946188,de:12054:900230999:3:54,0.0,2026-10-02T01:01:04.695736+02:00
295946188,de:12054:900230000:1:50,-0.3,2026-10-02T01:01:04.695736+02:00
295946188,de:12054:900230003:1:54,-0.3,2026-10-02T01:01:04.695736+02:00
295946188,de:11000:900053301:2:53,-0.4,2026-10-02T01:01:04.695736+02:00
295946188,de:11000:900052201:2:53,-0.7,2026-10-02T01:01:04.695736+02:00
295946188,de:11000:900048101:2:53,-0.9,2026-10-02T01:01:04.695736+02:00
295946188,de:11000:900024102:2:53,-0.9,2026-10-02T01:01:04.695736+02:00
295946188,de:11000:900024101:3:55,-0.3,2026-10-02T01:01:04.695736+02:00
295946188,de:11000:900024203:1:51,-0.3,2026-10-02T01:01:04.695736+02:00
295946188,de:11000:900023201:3:54,-0.2,2026-10-02T01:01:04.695736+02:00
295946188,de:11000:900003103:1:50,-0.3,2026-10-02T01:01:04.695736+02:00
295946188,de:11000:900003102:1:50,-0.4,2026-10-02T01:01:04.695736+02:00
295946188,de:11000:900003201:3:54,0.0,2026-10-02T01:01:04.695736+02:00
295946188,de:11000:900100001:3:54,-0.6,2026-10-02T01:01:04.695736+02:00
295946188,de:11000:900100002:1:50,-0.9,2026-10-02T01:01:04.695736+02:00
295946188,de:11000:900100003:2:52,-0.6,2026-10-02T01:01:04.695736+02:00
295946188,de:11000:900100004:1:50,-0.9,2026-10-02T01:01:04.695736+02:00
295946188,de:11000:900120005:4:55,-0.1,2026-10-02T01:01:04.695736+02:00
295946188,de:11000:900120004:1:50,-0.6,2026-10-02T01:01:04.695736+02:00
295946188,de:11000:900120003:2:53,-0.9,2026-10-02T01:01:04.695736+02:00
295946188,de:11000:900160003:1:50,-0.2,2026-10-02T01:01:04.695736+02:00
295946188,de:11000:900160004:1:50,-0.2,2026-10-02T01:01:04.695736+02:00
295946188,de:11000:900171002:1:50,-0.7,2026-10-02T01:01:04.695736+02:00
295946188,de:11000:900171003:1:50,-0.8,2026-10-02T01:01:04.695736+02:00
295946188,de:11000:900170005:1:50,-0.3,2026-10-02T01:01:04.695736+02:00
295946188,de:11000:900170001:1:50,-0.1,2026-10-02T01:01:04.695736+02:00
295946188,de:11000:900170002:1:50,-0.9,2026-10-02T01:01:04.695736+02:00
295946188,de:11000:900170003:1:50,-0.7,2026-10-02T01:01:04.695736+02:00
295946188,de:11000:900170004:1:50,-0.9,2026-10-02T01:01:04.695736+02:00
295946276,de:11000:900170004:1:50,0.0,2026-10-02T01:01:04.695736+02:00
295946276,de:11000:900170003:1:51,-0.3,2026-10-02T01:01:04.695736+02:00
295946276,de:11000:900170002:1:51,-0.1,2026-10-02T01:01:04.695736+02:00
295946276,de:11000:900170001:1:51,-0.9,2026-10-02T01:01:04.695736+02:00
295946276,de:11000:900170005:1:51,-0.7,2026-10-02T01:01:04.695736+02:00
295946276,de:11000:900171003:1:51,-0.6,2026-10-02T01:01:04.695736+02:00
295946276,de:11000:900171002:1:51,-0.9,2026-10-02T01:01:04.695736+02:00
295946276,de:11000:900160004:1:51,-0.3,2026-10-02T01:01:04.695736+02:00
295946276,de:11000:900160003:1:51,-0.4,2026-10-02T01:01:04.695736+02:00
295946276,de:11000:900120003:3:55,-0.6,2026-10-02T01:01:04.695736+02:00
295946276,de:11000:900120004:2:53,-0.1,2026-10-02T01:01:04.695736+02:00
295946276,de:11000:900120005:5:58,-0.4,2026-10-02T01:01:04.695736+02:00
295946276,de:11000:900100004:1:51,-0.9,2026-10-02T01:01:04.695736+02:00
295946276,de:11000:900100003:2:53,-0.9,2026-10-02T01:01:04.695736+02:00
295946276,de:11000:900100002:1:51,-0.9,2026-10-02T01:01:04.695736+02:00
295946276,de:11000:900100001:3:55,-0.9,2026-10-02T01:01:04.695736+02:00
295946276,de:11000:900003201:3:55,-0.6,2026-10-02T01:01:04.695736+02:00
295946276,de:11000:900003102:1:51,-0.3,2026-10-02T01:01:04.695736+02:00
295946276,de:11000:900003103:1:51,-0.4,2026-10-02T01:01:04.695736+02:00
295946276,de:11000:900023201:3:55,-0.3,2026-10-02T01:01:04.695736+02:00
295946276,de:11000:900024203:1:51,-0.3,2026-10-02T01:01:04.695736+02:00
295946276,de:11000:900024101:4:57,-0.3,2026-10-02T01:01:04.695736+02:00
295946276,de:11000:900024102:1:50,-0.6,2026-10-02T01:01:04.695736+02:00
295946276,de:11000:900048101:1:50,-0.8,2026-10-02T01:01:04.695736+02:00
295946276,de:11000:900052201:2:52,0.0,2026-10-02T01:01:04.695736+02:00
295946276,de:11000:900053301:1:50,-0.4,2026-10-02T01:01:04.695736+02:00
295946276,de:12054:900230003:1:50,-0.4,2026-10-02T01:01:04.695736+02:00
295946276,de:12054:900230000:1:51,-0.4,2026-10-02T01:01:04.695736+02:00
295946276,de:12054:900230999:3:55,-0.9,2026-10-02T01:01:04.695736+02:00
295953444,de:11000:900120004:1:51,0.0,2026-10-02T01:01:04.695736+02:00
295953444,de:11000:900120003:2:53,-0.9,2026-10-02T01:01:04.695736+02:00
295953444,de:11000:900160003:1:50,-0.2,2026-10-02T01:01:04.695736+02:00
295953444,de:11000:900160004:1:50,-0.2,2026-10-02T01:01:04.695736+02:00
295953444,de:11000:900171002:1:50,-0.7,2026-10-02T01:01:04.695736+02:00
295953444,de:11000:900171003:1:50,-0.8,2026-10-02T01:01:04.695736+02:00
295953444,de:11000:900152002:1:50,-0.4,2026-10-02T01:01:04.695736+02:00
295953444,de:11000:900152001:1:50,-0.6,2026-10-02T01:01:04.695736+02:00
295953444,de:11000:900151001:1:51,-0.9,2026-10-02T01:01:04.695736+02:00
295953482,de:11000:900120004:1:51,0.0,2026-10-02T01:01:04.695736+02:00
295953482,de:11000:900120003:2:52,-0.9,2026-10-02T01:01:04.695736+02:00
295953482,de:11000:900160003:1:50,-0.2,2026-10-02T01:01:04.695736+02:00
295953482,de:11000:900160004:1:50,-0.2,2026-10-02T01:01:04.695736+02:00
295953482,de:11000:900171002:1:50,-0.7,2026-10-02T01:01:04.695736+02:00
295953482,de:11000:900171003:1:50,-0.8,2026-10-02T01:01:04.695736+02:00
295953482,de:11000:900152002:1:50,-0.4,2026-10-02T01:01:04.695736+02:00
295953482,de:11000:900152001:1:50,-0.6,2026-10-02T01:01:04.695736+02:00
295953482,de:11000:900151001:1:51,-0.9,2026-10-02T01:01:04.695736+02:00
295953527,de:11000:900151001:1:51,0.0,2026-10-02T01:01:04.695736+02:00
295953527,de:11000:900152001:1:51,-0.6,2026-10-02T01:01:04.695736+02:00
295953527,de:11000:900152002:1:51,-0.2,2026-10-02T01:01:04.695736+02:00
295953527,de:11000:900171003:1:51,-0.9,2026-10-02T01:01:04.695736+02:00
295953527,de:11000:900171002:1:51,-0.9,2026-10-02T01:01:04.695736+02:00
295953527,de:11000:900160004:1:51,-0.3,2026-10-02T01:01:04.695736+02:00
295953527,de:11000:900160003:1:51,-0.4,2026-10-02T01:01:04.695736+02:00
295953527,de:11000:900120003:3:55,-0.6,2026-10-02T01:01:04.695736+02:00
295953527,de:11000:900120004:2:53,-0.1,2026-10-02T01:01:04.695736+02:00
295953527,de:11000:900120005:4:56,-0.4,2026-10-02T01:01:04.695736+02:00
295953526,de:11000:900151001:1:51,0.0,2026-10-02T01:01:04.695736+02:00
295953526,de:11000:900152001:1:51,-0.6,2026-10-02T01:01:04.695736+02:00
295953526,de:11000:900152002:1:51,-0.2,2026-10-02T01:01:04.695736+02:00
295953526,de:11000:900171003:1:51,-0.9,2026-10-02T01:01:04.695736+02:00
295953526,de:11000:900171002:1:51,-0.9,2026-10-02T01:01:04.695736+02:00
295953526,de:11000:900160004:1:51,-0.3,2026-10-02T01:01:04.695736+02:00
295953526,de:11000:900160003:1:51,-0.4,2026-10-02T01:01:04.695736+02:00
295953526,de:11000:900120003:3:55,-0.6,2026-10-02T01:01:04.695736+02:00
295953526,de:11000:900120004:2:53,-0.1,2026-10-02T01:01:04.695736+02:00
295953526,de:11000:900120005:4:56,-0.4,2026-10-02T01:01:04.695736+02:00
295956091,de:11000:900151001:1:50,0.0,2026-10-02T01:01:04.695736+02:00
295956091,de:11000:900152001:1:51,-0.6,2026-10-02T01:01:04.695736+02:00
295956091,de:11000:900152002:1:51,-0.2,2026-10-02T01:01:04.695736+02:00
295956091,de:11000:900171003:1:51,-0.9,2026-10-02T01:01:04.695736+02:00
295956091,de:11000:900171002:1:51,-0.9,2026-10-02T01:01:04.695736+02:00
295956091,de:11000:900160004:1:51,-0.3,2026-10-02T01:01:04.695736+02:00
295956091,de:11000:900160003:1:51,-0.4,2026-10-02T01:01:04.695736+02:00
295956091,de:11000:900120003:3:54,-0.6,2026-10-02T01:01:04.695736+02:00
295956091,de:11000:900120004:2:52,-0.1,2026-10-02T01:01:04.695736+02:00
295956011,de:11000:900120004:1:51,0.0,2026-10-02T01:01:04.695736+02:00
295956011,de:11000:900120003:2:52,-0.9,2026-10-02T01:01:04.695736+02:00
295956011,de:11000:900160003:1:50,-0.2,2026-10-02T01:01:04.695736+02:00
295956011,de:11000:900160004:1:50,-0.2,2026-10-02T01:01:04.695736+02:00
295956011,de:11000:900171002:1:50,-0.7,2026-10-02T01:01:04.695736+02:00
295956011,de:11000:900171003:1:50,-0.8,2026-10-02T01:01:04.695736+02:00
295956011,de:11000:900152002:1:50,-0.4,2026-10-02T01:01:04.695736+02:00
295956011,de:11000:900152001:1:50,-0.6,2026-10-02T01:01:04.695736+02:00
295956011,de:11000:900151001:1:50,-0.9,2026-10-02T01:01:04.695736+02:00
295960035,de:11000:900186001:2:53,0.0,2026-10-02T01:01:04.695736+02:00
295960035,de:11000:900193002:1:51,-0.2,2026-10-02T01:01:04.695736+02:00
295960035,de:11000:900193001:2:51,-0.8,2026-10-02T01:01:04.695736+02:00
295960035,de:11000:900192001:3:55,-0.7,2026-10-02T01:01:04.695736+02:00
295960035,de:11000:900191001:1:50,-0.4,2026-10-02T01:01:04.695736+02:00
295960035,de:11000:900191002:1:51,-0.8,2026-10-02T01:01:04.695736+02:00
295960035,de:11000:900190001:2:53,-0.6,2026-10-02T01:01:04.695736+02:00
295960035,de:11000:900120003:5:59,0.0,2026-10-02T01:01:04.695736+02:00
295960035,de:11000:900120001:1:51,-0.6,2026-10-02T01:01:04.695736+02:00
295960035,de:11000:900110012:1:51,-0.8,2026-10-02T01:01:04.695736+02:00
295960035,de:11000:900110004:1:51,-0.7,2026-10-02T01:01:04.695736+02:00
295960035,de:11000:900110003:1:51,0.0,2026-10-02T01:01:04.695736+02:00
295960035,de:11000:900110002:1:51,0.0,2026-10-02T01:01:04.695736+02:00
295960035,de:11000:900110001:1:51,-0.7,2026-10-02T01:01:04.695736+02:00
295960035,de:11000:900110011:2:52,-0.4,2026-10-02T01:01:04.695736+02:00
295960035,de:11000:900130002:1:50,0.0,2026-10-02T01:01:04.695736+02:00
295960035,de:11000:900130001:1:50,-0.7,2026-10-02T01:01:04.695736+02:00
295960035,de:11000:900142001:1:50,-0.2,2026-10-02T01:01:04.695736+02:00
295960035,de:12065:900200013:1:50,-0.3,2026-10-02T01:01:04.695736+02:00
295960035,de:12065:900200012:1:50,-0.9,2026-10-02T01:01:04.695736+02:00
295960035,de:12065:900200011:1:50,-0.4,2026-10-02T01:01:04.695736+02:00
295960035,de:12065:900200009:1:50,-0.9,2026-10-02T01:01:04.695736+02:00
295960035,de:12065:900200008:1:50,-0.9,2026-10-02T01:01:04.695736+02:00
295963739,de:12061:900260009:3:56,0.0,2026-10-02T01:01:04.695736+02:00
295963739,de:12061:900260080:1:51,-0.7,2026-10-02T01:01:04.695736+02:00
295963739,de:12061:900260005:3:55,0.0,2026-10-02T01:01:04.695736+02:00
295963739,de:11000:900196001:1:51,0.0,2026-10-02T01:01:04.695736+02:00
295963739,de:11000:900195510:1:50,-0.4,2026-10-02T01:01:04.695736+02:00
295963739,de:11000:900193002:1:51,-0.6,2026-10-02T01:01:04.695736+02:00
295963739,de:11000:900193001:2:51,-0.3,2026-10-02T01:01:04.695736+02:00
295963739,de:11000:900192001:3:55,-0.2,2026-10-02T01:01:04.695736+02:00
295963739,de:11000:900191001:1:50,-0.9,2026-10-02T01:01:04.695736+02:00
295963739,de:11000:900191002:1:51,-0.3,2026-10-02T01:01:04.695736+02:00
295963739,de:11000:900190001:2:53,-0.1,2026-10-02T01:01:04.695736+02:00
295963739,de:11000:900120003:5:59,-0.3,2026-10-02T01:01:04.695736+02:00
295963739,de:11000:900120001:1:51,-0.6,2026-10-02T01:01:04.695736+02:00
295963739,de:11000:900110012:1:51,-0.8,2026-10-02T01:01:04.695736+02:00
295963739,de:11000:900110004:1:51,-0.7,2026-10-02T01:01:04.695736+02:00
295963739,de:11000:900110003:1:51,0.0,2026-10-02T01:01:04.695736+02:00
295963739,de:11000:900110002:1:51,0.0,2026-10-02T01:01:04.695736+02:00
295963739,de:11000:900110001:1:51,-0.7,2026-10-02T01:01:04.695736+02:00
295963739,de:11000:900110011:2:53,-0.4,2026-10-02T01:01:04.695736+02:00
295963739,de:11000:900085201:1:50,-0.8,2026-10-02T01:01:04.695736+02:00
295963739,de:11000:900084101:1:50,-0.7,2026-10-02T01:01:04.695736+02:00
295963739,de:11000:900096101:1:50,-0.8,2026-10-02T01:01:04.695736+02:00
295963739,de:11000:900094101:1:50,-0.3,2026-10-02T01:01:04.695736+02:00
295963739,de:11000:900093201:1:50,-0.4,2026-10-02T01:01:04.695736+02:00
295963739,de:11000:900092201:1:51,-0.2,2026-10-02T01:01:04.695736+02:00
295963726,de:12061:900260009:3:56,0.0,2026-10-02T01:01:04.695736+02:00
295963726,de:12061:900260080:1:51,-0.7,2026-10-02T01:01:04.695736+02:00
295963726,de:12061:900260005:3:55,0.0,2026-10-02T01:01:04.695736+02:00
295963726,de:11000:900196001:1:51,0.0,2026-10-02T01:01:04.695736+02:00
295963726,de:11000:900195510:1:50,-0.4,2026-10-02T01:01:04.695736+02:00
295963726,de:11000:900193002:1:51,-0.6,2026-10-02T01:01:04.695736+02:00
295963726,de:11000:900193001:2:51,-0.3,2026-10-02T01:01:04.695736+02:00
295963726,de:11000:900192001:3:55,-0.2,2026-10-02T01:01:04.695736+02:00
295963726,de:11000:900191001:1:50,-0.9,2026-10-02T01:01:04.695736+02:00
295963726,de:11000:900191002:1:51,-0.3,2026-10-02T01:01:04.695736+02:00
295963726,de:11000:900190001:2:53,-0.1,2026-10-02T01:01:04.695736+02:00
295963726,de:11000:900120003:5:59,-0.3,2026-10-02T01:01:04.695736+02:00
295963726,de:11000:900120001:1:51,-0.6,2026-10-02T01:01:04.695736+02:00
295963726,de:11000:900110012:1:51,-0.8,2026-10-02T01:01:04.695736+02:00
295963726,de:11000:900110004:1:51,-0.7,2026-10-02T01:01:04.695736+02:00
295963726,de:11000:900110003:1:51,0.0,2026-10-02T01:01:04.695736+02:00
295963726,de:11000:900110002:1:51,0.0,2026-10-02T01:01:04.695736+02:00
295963726,de:11000:900110001:1:51,-0.7,2026-10-02T01:01:04.695736+02:00
295963726,de:11000:900110011:2:53,-0.4,2026-10-02T01:01:04.695736+02:00
295963726,de:11000:900085201:1:50,-0.8,2026-10-02T01:01:04.695736+02:00
295963726,de:11000:900084101:1:50,-0.7,2026-10-02T01:01:04.695736+02:00
295963726,de:11000:900096101:1:50,-0.8,2026-10-02T01:01:04.695736+02:00
295963726,de:11000:900094101:1:50,-0.3,2026-10-02T01:01:04.695736+02:00
295963726,de:11000:900093201:1:50,-0.4,2026-10-02T01:01:04.695736+02:00
295963726,de:11000:900092201:1:51,-0.2,2026-10-02T01:01:04.695736+02:00
306895622,de:12067:900311083::3,0.0,2026-10-02T01:01:04.695736+02:00
306895622,de:12067:900310775::1,0.0,2026-10-02T01:01:04.695736+02:00
306895622,de:12067:900311083::2,0.0,2026-10-02T01:01:04.695736+02:00
306895622,de:12067:900310814::2,0.0,2026-10-02T01:01:04.695736+02:00
306895622,de:12067:900310804::2,0.0,2026-10-02T01:01:04.695736+02:00
306895622,de:12067:900311150::2,0.0,2026-10-02T01:01:04.695736+02:00
306895622,de:12067:900311135::2,0.0,2026-10-02T01:01:04.695736+02:00
306895622,de:12067:900311149::2,0.0,2026-10-02T01:01:04.695736+02:00
306895622,de:12067:900310001::11,0.0,2026-10-02T01:01:04.695736+02:00
306895622,de:12067:900310001::2,0.0,2026-10-02T01:01:04.695736+02:00
306895622,de:12067:900310816::1,0.0,2026-10-02T01:01:04.695736+02:00
306895622,de:12067:900310627::1,0.0,2026-10-02T01:01:04.695736+02:00
306895622,de:12067:900310781::1,0.0,2026-10-02T01:01:04.695736+02:00
306895622,de:12067:900310822::1,0.0,2026-10-02T01:01:04.695736+02:00
306895622,de:12067:900310771::1,0.0,2026-10-02T01:01:04.695736+02:00
306895622,de:12067:900310811::1,0.0,2026-10-02T01:01:04.695736+02:00
306895622,de:12067:900310630::1,0.0,2026-10-02T01:01:04.695736+02:00
306895622,de:12067:900310812::1,0.0,2026-10-02T01:01:04.695736+02:00
306895622,de:12067:900310770::1,0.0,2026-10-02T01:01:04.695736+02:00
306895622,de:12067:900310010::3,0.0,2026-10-02T01:01:04.695736+02:00
306895622,de:12067:900310880::1,0.0,2026-10-02T01:01:04.695736+02:00
306895622,de:12067:900310815::1,0.0,2026-10-02T01:01:04.695736+02:00
306895622,de:12067:900310807::1,0.0,2026-10-02T01:01:04.695736+02:00
307332418,de:11000:900029101:1:51,0.0,2026-10-02T01:01:04.695736+02:00
307332418,de:11000:900030202:1:50,-0.3,2026-10-02T01:01:04.695736+02:00
307332418,de:11000:900025424:1:51,-0.2,2026-10-02T01:01:04.695736+02:00
307332418,de:11000:900025321:1:51,-0.2,2026-10-02T01:01:04.695736+02:00
307332418,de:11000:900026105:1:50,-0.4,2026-10-02T01:01:04.695736+02:00
307332418,de:11000:900025423:1:50,-0.7,2026-10-02T01:01:04.695736+02:00
307332418,de:11000:900024102:2:53,-0.7,2026-10-02T01:01:04.695736+02:00
307332418,de:11000:900024101:3:55,-0.3,2026-10-02T01:01:04.695736+02:00
307332418,de:11000:900024203:1:51,-0.8,2026-10-02T01:01:04.695736+02:00
307332418,de:11000:900023201:3:54,-0.7,2026-10-02T01:01:04.695736+02:00
307332418,de:11000:900003103:1:50,-0.8,2026-10-02T01:01:04.695736+02:00
307332418,de:11000:900003102:1:50,-0.9,2026-10-02T01:01:04.695736+02:00
307332418,de:11000:900003201:3:54,-0.5,2026-10-02T01:01:04.695736+02:00
307332418,de:11000:900100001:3:54,-0.1,2026-10-02T01:01:04.695736+02:00
307332418,de:11000:900100002:1:50,-0.4,2026-10-02T01:01:04.695736+02:00
307332418,de:11000:900100003:2:52,-0.1,2026-10-02T01:01:04.695736+02:00
307332418,de:11000:900100004:1:50,-0.4,2026-10-02T01:01:04.695736+02:00
307332418,de:11000:900120005:4:55,-0.6,2026-10-02T01:01:04.695736+02:00
307332418,de:11000:900120004:1:50,-0.1,2026-10-02T01:01:04.695736+02:00
307332418,de:11000:900190001:1:51,-0.2,2026-10-02T01:01:04.695736+02:00
307332418,de:11000:900191002:1:50,0.0,2026-10-02T01:01:04.695736+02:00
307332418,de:11000:900191001:2:52,-0.4,2026-10-02T01:01:04.695736+02:00
307332418,de:11000:900192001:2:52,-0.7,2026-10-02T01:01:04.695736+02:00
307332418,de:11000:900193001:1:50,-0.2,2026-10-02T01:01:04.695736+02:00
307332418,de:11000:900193002:1:50,-0.8,2026-10-02T01:01:04.695736+02:00
307332418,de:11000:900195510:1:51,-0.2,2026-10-02T01:01:04.695736+02:00
307332418,de:11000:900196001:1:50,-0.4,2026-10-02T01:01:04.695736+02:00
307332418,de:12061:900260005:3:54,-0.2,2026-10-02T01:01:04.695736+02:00
307332418,de:12061:900260080:1:50,-0.7,2026-10-02T01:01:04.695736+02:00
307332418,de:12061:900260009:3:55,-0.9,2026-10-02T01:01:04.695736+02:00
295967904,de:12061:900260009:3:55,0.0,2026-10-02T01:01:04.695736+02:00
295967904,de:12061:900260080:1:51,-0.7,2026-10-02T01:01:04.695736+02:00
295967904,de:12061:900260005:3:55,0.0,2026-10-02T01:01:04.695736+02:00
295967904,de:11000:900196001:1:51,0.0,2026-10-02T01:01:04.695736+02:00
295967904,de:11000:900195510:1:50,-0.4,2026-10-02T01:01:04.695736+02:00
295967904,de:11000:900193002:1:51,-0.6,2026-10-02T01:01:04.695736+02:00
295967904,de:11000:900193001:2:51,-0.3,2026-10-02T01:01:04.695736+02:00
295967904,de:11000:900192001:3:55,-0.2,2026-10-02T01:01:04.695736+02:00
295967904,de:11000:900191001:1:50,0.0,2026-10-02T01:01:04.695736+02:00
295967904,de:11000:900191002:1:51,-0.7,2026-10-02T01:01:04.695736+02:00
295967904,de:11000:900190001:2:53,-0.4,2026-10-02T01:01:04.695736+02:00
295967904,de:11000:900120004:2:52,-0.9,2026-10-02T01:01:04.695736+02:00
295967904,de:11000:900120005:5:57,-0.1,2026-10-02T01:01:04.695736+02:00
295967904,de:11000:900100004:1:51,-0.4,2026-10-02T01:01:04.695736+02:00
295967904,de:11000:900100003:2:53,-0.4,2026-10-02T01:01:04.695736+02:00
295967904,de:11000:900100002:1:51,-0.4,2026-10-02T01:01:04.695736+02:00
295967904,de:11000:900100001:3:55,-0.4,2026-10-02T01:01:04.695736+02:00
295967904,de:11000:900003201:3:55,-0.1,2026-10-02T01:01:04.695736+02:00
295967904,de:11000:900003102:1:51,-0.8,2026-10-02T01:01:04.695736+02:00
295967904,de:11000:900003103:1:51,-0.9,2026-10-02T01:01:04.695736+02:00
295967904,de:11000:900023201:3:55,-0.8,2026-10-02T01:01:04.695736+02:00
295967904,de:11000:900024203:1:51,-0.8,2026-10-02T01:01:04.695736+02:00
295967904,de:11000:900024101:4:57,-0.8,2026-10-02T01:01:04.695736+02:00
295967904,de:11000:900024102:1:50,-0.1,2026-10-02T01:01:04.695736+02:00
295967904,de:11000:900025423:1:50,-0.4,2026-10-02T01:01:04.695736+02:00
295967904,de:11000:900026105:1:50,-0.7,2026-10-02T01:01:04.695736+02:00
295967904,de:11000:900025321:1:50,-0.3,2026-10-02T01:01:04.695736+02:00
295967904,de:11000:900025424:1:50,-0.3,2026-10-02T01:01:04.695736+02:00
295967904,de:11000:900030202:1:50,-0.9,2026-10-02T01:01:04.695736+02:00
295967904,de:11000:900029101:1:51,-0.9,2026-10-02T01:01:04.695736+02:00
307332686,de:11000:900029101:1:51,0.0,2026-10-02T01:01:04.695736+02:00
307332686,de:11000:900030202:1:50,-0.3,2026-10-02T01:01:04.695736+02:00
307332686,de:11000:900025424:1:51,-0.2,2026-10-02T01:01:04.695736+02:00
307332686,de:11000:900025321:1:51,-0.2,2026-10-02T01:01:04.695736+02:00
307332686,de:11000:900026105:1:50,-0.4,2026-10-02T01:01:04.695736+02:00
307332686,de:11000:900025423:1:50,-0.7,2026-10-02T01:01:04.695736+02:00
307332686,de:11000:900024102:2:53,-0.7,2026-10-02T01:01:04.695736+02:00
307332686,de:11000:900024101:3:55,-0.3,2026-10-02T01:01:04.695736+02:00
307332686,de:11000:900024203:1:51,-0.8,2026-10-02T01:01:04.695736+02:00
307332686,de:11000:900023201:3:54,-0.7,2026-10-02T01:01:04.695736+02:00
307332686,de:11000:900003103:1:50,-0.8,2026-10-02T01:01:04.695736+02:00
307332686,de:11000:900003102:1:50,-0.9,2026-10-02T01:01:04.695736+02:00
307332686,de:11000:900003201:3:54,-0.5,2026-10-02T01:01:04.695736+02:00
307332686,de:11000:900100001:3:54,-0.1,2026-10-02T01:01:04.695736+02:00
307332686,de:11000:900100002:1:50,-0.4,2026-10-02T01:01:04.695736+02:00
307332686,de:11000:900100003:2:52,-0.1,2026-10-02T01:01:04.695736+02:00
307332686,de:11000:900100004:1:50,-0.4,2026-10-02T01:01:04.695736+02:00
307332686,de:11000:900120005:4:56,-0.6,2026-10-02T01:01:04.695736+02:00
307332686,de:11000:900120004:1:51,-0.1,2026-10-02T01:01:04.695736+02:00
307332686,de:11000:900190001:1:51,-0.2,2026-10-02T01:01:04.695736+02:00
307332686,de:11000:900191002:1:50,0.0,2026-10-02T01:01:04.695736+02:00
307332686,de:11000:900191001:2:52,-0.4,2026-10-02T01:01:04.695736+02:00
307332686,de:11000:900192001:2:52,-0.7,2026-10-02T01:01:04.695736+02:00
307332686,de:11000:900193001:1:50,-0.2,2026-10-02T01:01:04.695736+02:00
307332686,de:11000:900193002:1:50,-0.8,2026-10-02T01:01:04.695736+02:00
307332686,de:11000:900195510:1:51,-0.2,2026-10-02T01:01:04.695736+02:00
307332686,de:11000:900196001:1:50,-0.4,2026-10-02T01:01:04.695736+02:00
307332686,de:12061:900260005:3:54,-0.2,2026-10-02T01:01:04.695736+02:00
307332686,de:12061:900260080:1:50,-0.7,2026-10-02T01:01:04.695736+02:00
307332686,de:12061:900260009:3:55,-0.9,2026-10-02T01:01:04.695736+02:00
307435157,de:12061:900260005:1:50,0.0,2026-10-02T01:01:04.695736+02:00
307435157,de:11000:900192001:1:51,0.0,2026-10-02T01:01:04.695736+02:00
307332668,de:11000:900029101:1:51,0.0,2026-10-02T01:01:04.695736+02:00
307332668,de:11000:900030202:1:50,-0.3,2026-10-02T01:01:04.695736+02:00
307332668,de:11000:900025424:1:51,-0.2,2026-10-02T01:01:04.695736+02:00
307332668,de:11000:900025321:1:51,-0.2,2026-10-02T01:01:04.695736+02:00
307332668,de:11000:900026105:1:50,-0.4,2026-10-02T01:01:04.695736+02:00
307332668,de:11000:900025423:1:50,-0.7,2026-10-02T01:01:04.695736+02:00
307332668,de:11000:900024102:2:53,-0.7,2026-10-02T01:01:04.695736+02:00
307332668,de:11000:900024101:3:55,-0.3,2026-10-02T01:01:04.695736+02:00
307332668,de:11000:900024203:1:51,-0.8,2026-10-02T01:01:04.695736+02:00
307332668,de:11000:900023201:3:54,-0.7,2026-10-02T01:01:04.695736+02:00
307332668,de:11000:900003103:1:50,-0.8,2026-10-02T01:01:04.695736+02:00
307332668,de:11000:900003102:1:50,-0.9,2026-10-02T01:01:04.695736+02:00
307332668,de:11000:900003201:3:54,-0.5,2026-10-02T01:01:04.695736+02:00
307332668,de:11000:900100001:3:54,-0.1,2026-10-02T01:01:04.695736+02:00
307332668,de:11000:900100002:1:50,-0.4,2026-10-02T01:01:04.695736+02:00
307332668,de:11000:900100003:2:52,-0.1,2026-10-02T01:01:04.695736+02:00
307332668,de:11000:900100004:1:50,-0.4,2026-10-02T01:01:04.695736+02:00
307332668,de:11000:900120005:4:56,-0.6,2026-10-02T01:01:04.695736+02:00
307332668,de:11000:900120004:1:51,-0.1,2026-10-02T01:01:04.695736+02:00
307332668,de:11000:900190001:1:51,-0.2,2026-10-02T01:01:04.695736+02:00
307332668,de:11000:900191002:1:50,0.0,2026-10-02T01:01:04.695736+02:00
307332668,de:11000:900191001:2:52,-0.4,2026-10-02T01:01:04.695736+02:00
307332668,de:11000:900192001:2:52,-0.7,2026-10-02T01:01:04.695736+02:00
307332668,de:11000:900193001:1:50,-0.2,2026-10-02T01:01:04.695736+02:00
307332668,de:11000:900193002:1:50,-0.8,2026-10-02T01:01:04.695736+02:00
307332668,de:11000:900195510:1:51,-0.2,2026-10-02T01:01:04.695736+02:00
307332668,de:11000:900196001:1:50,-0.4,2026-10-02T01:01:04.695736+02:00
307332668,de:12061:900260005:3:54,-0.2,2026-10-02T01:01:04.695736+02:00
307332668,de:12061:900260080:1:50,-0.7,2026-10-02T01:01:04.695736+02:00
307332668,de:12061:900260009:3:55,-0.9,2026-10-02T01:01:04.695736+02:00
306895877,de:12067:900310001::5,0.0,2026-10-02T01:01:04.695736+02:00
306895877,de:12067:900311149::1,0.0,2026-10-02T01:01:04.695736+02:00
306895877,de:12067:900310781::1,0.0,2026-10-02T01:01:04.695736+02:00
306895877,de:12067:900310789::1,0.0,2026-10-02T01:01:04.695736+02:00
306895877,de:12067:900310797::1,0.0,2026-10-02T01:01:04.695736+02:00
306895877,de:12067:900310773::1,0.0,2026-10-02T01:01:04.695736+02:00
306895877,de:12067:900311115::1,0.0,2026-10-02T01:01:04.695736+02:00
306895931,de:12064:900320250::1,0.0,2026-10-02T01:01:04.695736+02:00
306895931,de:12064:900320267::2,0.0,2026-10-02T01:01:04.695736+02:00
306895931,de:12067:900310017::2,0.0,2026-10-02T01:01:04.695736+02:00
306895931,de:12067:900310509::1,0.0,2026-10-02T01:01:04.695736+02:00
306895931,de:12067:900310508::1,0.0,2026-10-02T01:01:04.695736+02:00
306895931,de:12067:900310580::2,0.0,2026-10-02T01:01:04.695736+02:00
306895931,de:12067:900310578::4,0.0,2026-10-02T01:01:04.695736+02:00
306895931,de:12067:900310534::2,0.0,2026-10-02T01:01:04.695736+02:00
306895931,de:11000:900310550::2,0.0,2026-10-02T01:01:04.695736+02:00
306895931,de:12067:900310572::2,0.0,2026-10-02T01:01:04.695736+02:00
306895931,de:12067:900310013::2,0.0,2026-10-02T01:01:04.695736+02:00
306895931,de:12067:900310563::3,0.0,2026-10-02T01:01:04.695736+02:00
306895931,de:12067:900310563::2,0.0,2026-10-02T01:01:04.695736+02:00
306895931,de:12067:900310569::1,0.0,2026-10-02T01:01:04.695736+02:00
306895931,de:12067:900310571::1,0.0,2026-10-02T01:01:04.695736+02:00
306895931,de:12067:900310579::1,0.0,2026-10-02T01:01:04.695736+02:00
306895931,de:12067:900310553::1,0.0,2026-10-02T01:01:04.695736+02:00
306895931,de:12067:900310558::2,0.0,2026-10-02T01:01:04.695736+02:00
306895931,de:12067:900310559::2,0.0,2026-10-02T01:01:04.695736+02:00
306895931,de:12067:900310560::1,0.0,2026-10-02T01:01:04.695736+02:00
306895931,de:12067:900310573::1,0.0,2026-10-02T01:01:04.695736+02:00
306895931,de:12067:900310581::1,0.0,2026-10-02T01:01:04.695736+02:00
306895931,de:12067:900310567::1,0.0,2026-10-02T01:01:04.695736+02:00
306895931,de:12067:900310561::1,0.0,2026-10-02T01:01:04.695736+02:00
306895931,de:12067:900310565::1,0.0,2026-10-02T01:01:04.695736+02:00
295879299,de:12065:900200005:3:1,0.0,2026-10-02T01:01:04.695736+02:00
295879299,de:12065:900200006:1:51,-0.3,2026-10-02T01:01:04.695736+02:00
295879299,de:12065:900200007:1:51,-0.7,2026-10-02T01:01:04.695736+02:00
295879299,de:12065:900200008:1:51,-0.2,2026-10-02T01:01:04.695736+02:00
295879299,de:12065:900200009:1:51,-0.1,2026-10-02T01:01:04.695736+02:00
295879299,de:11000:900092201:1:51,-0.7,2026-10-02T01:01:04.695736+02:00
295879299,de:11000:900093201:1:51,-0.4,2026-10-02T01:01:04.695736+02:00
295879299,de:11000:900094101:1:51,-0.8,2026-10-02T01:01:04.695736+02:00
295879299,de:11000:900096101:1:51,-0.1,2026-10-02T01:01:04.695736+02:00
295879299,de:11000:900084101:1:51,-0.2,2026-10-02T01:01:04.695736+02:00
295879299,de:11000:900085201:1:51,-0.8,2026-10-02T01:01:04.695736+02:00
295879299,de:11000:900130003:1:51,-0.8,2026-10-02T01:01:04.695736+02:00
295879299,de:11000:900110011:1:50,-0.9,2026-10-02T01:01:04.695736+02:00
295879299,de:11000:900007102:1:50,-0.9,2026-10-02T01:01:04.695736+02:00
295879299,de:11000:900008101:1:50,0.0,2026-10-02T01:01:04.695736+02:00
295879299,de:11000:900007104:1:51,-0.7,2026-10-02T01:01:04.695736+02:00
295879299,de:11000:900100007:1:50,-0.7,2026-10-02T01:01:04.695736+02:00
295879299,de:11000:900100001:4:56,-0.5,2026-10-02T01:01:04.695736+02:00
295879299,de:11000:900100025:1:50,-0.4,2026-10-02T01:01:04.695736+02:00
295879299,de:11000:900100020:3:54,-0.4,2026-10-02T01:01:04.695736+02:00
295879299,de:11000:900012101:1:51,-0.5,2026-10-02T01:01:04.695736+02:00
295879299,de:11000:900057102:1:50,-0.7,2026-10-02T01:01:04.695736+02:00
295879299,de:11000:900057104:2:51,-0.4,2026-10-02T01:01:04.695736+02:00
295879299,de:11000:900054104:1:50,-0.3,2026-10-02T01:01:04.695736+02:00
295879299,de:11000:900060101:1:50,-0.3,2026-10-02T01:01:04.695736+02:00
295879299,de:11000:900063101:1:50,-0.1,2026-10-02T01:01:04.695736+02:00
295879299,de:11000:900062202:1:50,-0.1,2026-10-02T01:01:04.695736+02:00
295879299,de:11000:900066102:1:50,-0.2,2026-10-02T01:01:04.695736+02:00
295879299,de:11000:900066101:1:50,-0.1,2026-10-02T01:01:04.695736+02:00
295879299,de:11000:900049202:1:50,-0.3,2026-10-02T01:01:04.695736+02:00
295879299,de:11000:900049201:1:50,-0.4,2026-10-02T01:01:04.695736+02:00
295879299,de:11000:900050301:1:50,0.0,2026-10-02T01:01:04.695736+02:00
295879299,de:11000:900050355:1:50,-0.1,2026-10-02T01:01:04.695736+02:00
295879299,de:11000:900052201:1:50,-0.5,2026-10-02T01:01:04.695736+02:00
295879299,de:11000:900053301:1:51,-0.9,2026-10-02T01:01:04.695736+02:00
306895966,de:12064:900320250::1,0.0,2026-10-02T01:01:04.695736+02:00
306895966,de:12064:900320267::2,0.0,2026-10-02T01:01:04.695736+02:00
306895966,de:12067:900310017::2,0.0,2026-10-02T01:01:04.695736+02:00
306895966,de:12067:900310509::1,0.0,2026-10-02T01:01:04.695736+02:00
306895966,de:12067:900310508::1,0.0,2026-10-02T01:01:04.695736+02:00
306895966,de:12067:900310580::1,0.0,2026-10-02T01:01:04.695736+02:00
306895966,de:12067:900311095::1,0.0,2026-10-02T01:01:04.695736+02:00
306895966,de:12067:900311097::1,0.0,2026-10-02T01:01:04.695736+02:00
306895966,de:12067:900311096::2,0.0,2026-10-02T01:01:04.695736+02:00
306895966,de:12067:900311096::1,0.0,2026-10-02T01:01:04.695736+02:00
306895966,de:12067:900311097::2,0.0,2026-10-02T01:01:04.695736+02:00
306895966,de:12067:900311095::2,0.0,2026-10-02T01:01:04.695736+02:00
306895966,de:12067:900310580::2,0.0,2026-10-02T01:01:04.695736+02:00
306895966,de:12067:900310578::4,0.0,2026-10-02T01:01:04.695736+02:00
306895966,de:12067:900310534::2,0.0,2026-10-02T01:01:04.695736+02:00
306895966,de:11000:900310550::2,0.0,2026-10-02T01:01:04.695736+02:00
306895966,de:12067:900310572::2,0.0,2026-10-02T01:01:04.695736+02:00
306895966,de:12067:900310013::2,0.0,2026-10-02T01:01:04.695736+02:00
306895966,de:12067:900310563::3,0.0,2026-10-02T01:01:04.695736+02:00
306895966,de:12067:900310563::2,0.0,2026-10-02T01:01:04.695736+02:00
306895966,de:12067:900310569::1,0.0,2026-10-02T01:01:04.695736+02:00
306895966,de:12067:900310571::1,0.0,2026-10-02T01:01:04.695736+02:00
306895966,de:12067:900310579::1,0.0,2026-10-02T01:01:04.695736+02:00
306895966,de:12067:900310553::1,0.0,2026-10-02T01:01:04.695736+02:00
306895966,de:12067:900310558::2,0.0,2026-10-02T01:01:04.695736+02:00
306895966,de:12067:900310559::2,0.0,2026-10-02T01:01:04.695736+02:00
306895966,de:12067:900310560::1,0.0,2026-10-02T01:01:04.695736+02:00
306895966,de:12067:900310573::1,0.0,2026-10-02T01:01:04.695736+02:00
306895966,de:12067:900310581::1,0.0,2026-10-02T01:01:04.695736+02:00
306895992,de:12067:900310581::2,0.0,2026-10-02T01:01:04.695736+02:00
306895992,de:12067:900310573::2,0.0,2026-10-02T01:01:04.695736+02:00
306895992,de:12067:900310560::2,0.0,2026-10-02T01:01:04.695736+02:00
306895992,de:12067:900310563::4,0.0,2026-10-02T01:01:04.695736+02:00
306895992,de:12067:900310013::2,0.0,2026-10-02T01:01:04.695736+02:00
306895992,de:12067:900310572::1,0.0,2026-10-02T01:01:04.695736+02:00
306895992,de:11000:900310550::1,0.0,2026-10-02T01:01:04.695736+02:00
306895992,de:12067:900310534::1,0.0,2026-10-02T01:01:04.695736+02:00
306895992,de:12067:900310580::2,0.0,2026-10-02T01:01:04.695736+02:00
306895992,de:12067:900310578::4,0.0,2026-10-02T01:01:04.695736+02:00
306895992,de:12067:900310508::2,0.0,2026-10-02T01:01:04.695736+02:00
306895992,de:12067:900310509::2,0.0,2026-10-02T01:01:04.695736+02:00
306895992,de:12067:900310017::3,0.0,2026-10-02T01:01:04.695736+02:00
306895992,de:12064:900320267::1,0.0,2026-10-02T01:01:04.695736+02:00
306895992,de:12064:900320250::1,0.0,2026-10-02T01:01:04.695736+02:00
306896020,de:12067:900310565::1,0.0,2026-10-02T01:01:04.695736+02:00
306896020,de:12067:900310561::2,0.0,2026-10-02T01:01:04.695736+02:00
306896020,de:12067:900310567::2,0.0,2026-10-02T01:01:04.695736+02:00
306896020,de:12067:900310581::2,0.0,2026-10-02T01:01:04.695736+02:00
306896020,de:12067:900310573::2,0.0,2026-10-02T01:01:04.695736+02:00
306896020,de:12067:900310560::2,0.0,2026-10-02T01:01:04.695736+02:00
306896020,de:12067:900310559::1,0.0,2026-10-02T01:01:04.695736+02:00
306896020,de:12067:900310558::3,0.0,2026-10-02T01:01:04.695736+02:00
306896020,de:12067:900310553::2,0.0,2026-10-02T01:01:04.695736+02:00
306896020,de:12067:900310579::2,0.0,2026-10-02T01:01:04.695736+02:00
306896020,de:12067:900310571::2,0.0,2026-10-02T01:01:04.695736+02:00
306896020,de:12067:900310569::2,0.0,2026-10-02T01:01:04.695736+02:00
306896020,de:12067:900310563::1,0.0,2026-10-02T01:01:04.695736+02:00
306896020,de:12067:900310563::4,0.0,2026-10-02T01:01:04.695736+02:00
306896020,de:12067:900310013::2,0.0,2026-10-02T01:01:04.695736+02:00
306896020,de:12067:900310572::1,0.0,2026-10-02T01:01:04.695736+02:00
306896020,de:11000:900310550::1,0.0,2026-10-02T01:01:04.695736+02:00
306896020,de:12067:900310534::1,0.0,2026-10-02T01:01:04.695736+02:00
306896020,de:12067:900310580::2,0.0,2026-10-02T01:01:04.695736+02:00
306896020,de:12067:900310578::4,0.0,2026-10-02T01:01:04.695736+02:00
306896020,de:12067:900310508::2,0.0,2026-10-02T01:01:04.695736+02:00
306896020,de:12067:900310509::2,0.0,2026-10-02T01:01:04.695736+02:00
306896020,de:12067:900310017::3,0.0,2026-10-02T01:01:04.695736+02:00
306896020,de:12064:900320267::1,0.0,2026-10-02T01:01:04.695736+02:00
306896020,de:12064:900320250::1,0.0,2026-10-02T01:01:04.695736+02:00
306896172,de:12067:900310013::3,0.0,2026-10-02T01:01:04.695736+02:00
306896172,de:12067:900310563::3,0.0,2026-10-02T01:01:04.695736+02:00
306896172,de:12067:900310559::1,0.0,2026-10-02T01:01:04.695736+02:00
306896172,de:12067:900310558::1,0.0,2026-10-02T01:01:04.695736+02:00
306896172,de:12067:900310556::1,0.0,2026-10-02T01:01:04.695736+02:00
306896172,de:12067:900310621::1,0.0,2026-10-02T01:01:04.695736+02:00
306896172,de:12067:900310568::1,0.0,2026-10-02T01:01:04.695736+02:00
306896172,de:12067:900310955::1,0.0,2026-10-02T01:01:04.695736+02:00
306896172,de:12067:900310949::1,0.0,2026-10-02T01:01:04.695736+02:00
306896172,de:12067:900310952::1,0.0,2026-10-02T01:01:04.695736+02:00
306896172,de:12067:900310025::1,0.0,2026-10-02T01:01:04.695736+02:00
306896172,de:12067:900310015::1,0.0,2026-10-02T01:01:04.695736+02:00
306896385,de:12067:900311129::4,0.0,2026-10-02T01:01:04.695736+02:00
306896385,de:12067:900310727::3,0.0,2026-10-02T01:01:04.695736+02:00
306896385,de:12067:900310942::1,0.0,2026-10-02T01:01:04.695736+02:00
306896385,de:12067:900310716::1,0.0,2026-10-02T01:01:04.695736+02:00
306896385,de:12067:900310740::1,0.0,2026-10-02T01:01:04.695736+02:00
306896385,de:12067:900310739::2,0.0,2026-10-02T01:01:04.695736+02:00
306896385,de:12067:900310943::1,0.0,2026-10-02T01:01:04.695736+02:00
306896385,de:12067:900310924::2,0.0,2026-10-02T01:01:04.695736+02:00
306896385,de:12067:900310925::1,0.0,2026-10-02T01:01:04.695736+02:00
295883485,de:11000:900100020:3:55,0.0,2026-10-02T01:01:04.695736+02:00
295883485,de:11000:900012101:1:51,-0.5,2026-10-02T01:01:04.695736+02:00
295883485,de:11000:900057102:1:50,-0.7,2026-10-02T01:01:04.695736+02:00
295883485,de:11000:900057104:2:51,-0.4,2026-10-02T01:01:04.695736+02:00
295883485,de:11000:900054104:1:50,-0.3,2026-10-02T01:01:04.695736+02:00
295883485,de:11000:900060101:1:50,-0.3,2026-10-02T01:01:04.695736+02:00
295883485,de:11000:900063101:1:50,-0.1,2026-10-02T01:01:04.695736+02:00
295883485,de:11000:900062202:1:50,-0.1,2026-10-02T01:01:04.695736+02:00
295883485,de:11000:900066102:1:50,-0.2,2026-10-02T01:01:04.695736+02:00
295883485,de:11000:900066101:1:50,-0.1,2026-10-02T01:01:04.695736+02:00
295883485,de:11000:900049202:1:50,-0.3,2026-10-02T01:01:04.695736+02:00
295883485,de:11000:900049201:1:50,-0.4,2026-10-02T01:01:04.695736+02:00
295883475,de:11000:900100020:3:55,0.0,2026-10-02T01:01:04.695736+02:00
295883475,de:11000:900012101:1:51,-0.5,2026-10-02T01:01:04.695736+02:00
295883475,de:11000:900057102:1:50,-0.7,2026-10-02T01:01:04.695736+02:00
295883475,de:11000:900057104:2:51,-0.4,2026-10-02T01:01:04.695736+02:00
295883475,de:11000:900054104:1:50,-0.3,2026-10-02T01:01:04.695736+02:00
295883475,de:11000:900060101:1:50,-0.3,2026-10-02T01:01:04.695736+02:00
295883475,de:11000:900063101:1:50,-0.1,2026-10-02T01:01:04.695736+02:00
295883475,de:11000:900062202:1:50,-0.1,2026-10-02T01:01:04.695736+02:00
295883475,de:11000:900066102:1:50,-0.2,2026-10-02T01:01:04.695736+02:00
295883475,de:11000:900066101:1:50,-0.1,2026-10-02T01:01:04.695736+02:00
295883475,de:11000:900049202:1:50,-0.3,2026-10-02T01:01:04.695736+02:00
295883475,de:11000:900049201:1:50,-0.4,2026-10-02T01:01:04.695736+02:00
306896581,de:12067:900310001::3,0.0,2026-10-02T01:01:04.695736+02:00
306896581,de:12067:900311149::1,0.0,2026-10-02T01:01:04.695736+02:00
306896581,de:12067:900311135::1,0.0,2026-10-02T01:01:04.695736+02:00
306896581,de:12067:900311150::1,0.0,2026-10-02T01:01:04.695736+02:00
306896581,de:12067:900310804::1,0.0,2026-10-02T01:01:04.695736+02:00
306896581,de:12067:900310814::1,0.0,2026-10-02T01:01:04.695736+02:00
306896581,de:12067:900310775::1,0.0,2026-10-02T01:01:04.695736+02:00
306896581,de:12067:900310818::1,0.0,2026-10-02T01:01:04.695736+02:00
306896581,de:12067:900310963::1,0.0,2026-10-02T01:01:04.695736+02:00
306896581,de:12067:900310959::1,0.0,2026-10-02T01:01:04.695736+02:00
306896581,de:12067:900310962::1,0.0,2026-10-02T01:01:04.695736+02:00
306896581,de:12067:900311045::1,0.0,2026-10-02T01:01:04.695736+02:00
306896581,de:12067:900311046::1,0.0,2026-10-02T01:01:04.695736+02:00
306896581,de:12067:900310871::1,0.0,2026-10-02T01:01:04.695736+02:00
306896581,de:12067:900311066::1,0.0,2026-10-02T01:01:04.695736+02:00
306896581,de:12067:900311067::1,0.0,2026-10-02T01:01:04.695736+02:00
306896581,de:12067:900310080::1,0.0,2026-10-02T01:01:04.695736+02:00
306896581,de:12067:900310710::1,0.0,2026-10-02T01:01:04.695736+02:00
306896581,de:12067:900310708::1,0.0,2026-10-02T01:01:04.695736+02:00
307252353,de:11000:900003200:5:58,0.0,2026-10-02T01:01:04.695736+02:00
307252353,de:11000:900009104:1:50,-0.8,2026-10-02T01:01:04.695736+02:00
307252353,de:11000:900007102:2:52,-0.4,2026-10-02T01:01:04.695736+02:00
307252333,de:11000:900003200:5:58,0.0,2026-10-02T01:01:04.695736+02:00
307252333,de:11000:900009104:1:50,-0.8,2026-10-02T01:01:04.695736+02:00
307252333,de:11000:900007102:2:52,-0.4,2026-10-02T01:01:04.695736+02:00
295882548,de:11000:900053301:2:52,0.0,2026-10-02T01:01:04.695736+02:00
295882548,de:11000:900052201:1:51,0.0,2026-10-02T01:01:04.695736+02:00
295882548,de:11000:900050355:1:51,-0.3,2026-10-02T01:01:04.695736+02:00
295882548,de:11000:900050301:1:51,-0.4,2026-10-02T01:01:04.695736+02:00
295882548,de:11000:900049201:1:51,0.0,2026-10-02T01:01:04.695736+02:00
295882548,de:11000:900049202:1:51,0.0,2026-10-02T01:01:04.695736+02:00
295882548,de:11000:900066101:1:51,-0.3,2026-10-02T01:01:04.695736+02:00
295882548,de:11000:900066102:1:51,-0.2,2026-10-02T01:01:04.695736+02:00
295882548,de:11000:900062202:1:51,-0.2,2026-10-02T01:01:04.695736+02:00
295882548,de:11000:900063101:1:51,-0.2,2026-10-02T01:01:04.695736+02:00
295882548,de:11000:900060101:1:51,-0.9,2026-10-02T01:01:04.695736+02:00
295882548,de:11000:900054104:1:51,-0.9,2026-10-02T01:01:04.695736+02:00
295882548,de:11000:900057104:1:50,-0.4,2026-10-02T01:01:04.695736+02:00
295882548,de:11000:900057102:1:51,-0.1,2026-10-02T01:01:04.695736+02:00
295882548,de:11000:900012101:2:52,-0.9,2026-10-02T01:01:04.695736+02:00
295882548,de:11000:900100020:4:57,-0.3,2026-10-02T01:01:04.695736+02:00
295882548,de:11000:900100025:1:51,-0.4,2026-10-02T01:01:04.695736+02:00
295882548,de:11000:900100001:4:57,-0.1,2026-10-02T01:01:04.695736+02:00
295882548,de:11000:900100007:1:51,-0.2,2026-10-02T01:01:04.695736+02:00
295882548,de:11000:900007104:2:52,-0.2,2026-10-02T01:01:04.695736+02:00
295882548,de:11000:900008101:1:51,-0.9,2026-10-02T01:01:04.695736+02:00
295882548,de:11000:900007102:2:53,-0.6,2026-10-02T01:01:04.695736+02:00
295882548,de:11000:900110011:2:53,-0.9,2026-10-02T01:01:04.695736+02:00
295882548,de:11000:900085201:1:50,-0.9,2026-10-02T01:01:04.695736+02:00
295882548,de:11000:900084101:1:50,-0.7,2026-10-02T01:01:04.695736+02:00
295882548,de:11000:900096101:1:50,-0.8,2026-10-02T01:01:04.695736+02:00
295882548,de:11000:900094101:1:50,-0.1,2026-10-02T01:01:04.695736+02:00
295882548,de:11000:900093201:1:50,-0.4,2026-10-02T01:01:04.695736+02:00
295882548,de:11000:900092201:1:50,-0.2,2026-10-02T01:01:04.695736+02:00
306895348,de:12067:900311065::1,0.0,2026-10-02T01:01:04.695736+02:00
306895348,de:12067:900311064::2,0.0,2026-10-02T01:01:04.695736+02:00
306895348,de:12067:900310760::1,0.0,2026-10-02T01:01:04.695736+02:00
306895348,de:12067:900310832::1,0.0,2026-10-02T01:01:04.695736+02:00
306895348,de:12067:900310981::1,0.0,2026-10-02T01:01:04.695736+02:00
306895348,de:12067:900310701::2,0.0,2026-10-02T01:01:04.695736+02:00
306895348,de:12067:900310700::1,0.0,2026-10-02T01:01:04.695736+02:00
306895348,de:12067:900310731::2,0.0,2026-10-02T01:01:04.695736+02:00
306895348,de:12067:900311079::2,0.0,2026-10-02T01:01:04.695736+02:00
306895348,de:12067:900311009::1,0.0,2026-10-02T01:01:04.695736+02:00
306895348,de:12067:900311076::1,0.0,2026-10-02T01:01:04.695736+02:00
306895348,de:12067:900310612::1,0.0,2026-10-02T01:01:04.695736+02:00
306895348,de:12067:900311050::2,0.0,2026-10-02T01:01:04.695736+02:00
306895348,de:12067:900310748::2,0.0,2026-10-02T01:01:04.695736+02:00
306895348,de:12067:900310749::1,0.0,2026-10-02T01:01:04.695736+02:00
306895348,de:12067:900310893::1,0.0,2026-10-02T01:01:04.695736+02:00
306895348,de:12067:900310749::2,0.0,2026-10-02T01:01:04.695736+02:00
306895348,de:12067:900310748::1,0.0,2026-10-02T01:01:04.695736+02:00
306895348,de:12067:900311050::1,0.0,2026-10-02T01:01:04.695736+02:00
306895348,de:12067:900311056::1,0.0,2026-10-02T01:01:04.695736+02:00
306895348,de:12067:900311058::1,0.0,2026-10-02T01:01:04.695736+02:00
306895348,de:12067:900310611::2,0.0,2026-10-02T01:01:04.695736+02:00
295882451,de:11000:900092201:1:50,0.0,2026-10-02T01:01:04.695736+02:00
295882451,de:11000:900093201:1:51,-0.4,2026-10-02T01:01:04.695736+02:00
295882451,de:11000:900094101:1:51,-0.3,2026-10-02T01:01:04.695736+02:00
295882451,de:11000:900096101:1:51,-0.1,2026-10-02T01:01:04.695736+02:00
295882451,de:11000:900084101:1:51,-0.2,2026-10-02T01:01:04.695736+02:00
295882451,de:11000:900085201:1:51,-0.8,2026-10-02T01:01:04.695736+02:00
295882451,de:11000:900130003:1:51,-0.8,2026-10-02T01:01:04.695736+02:00
295882451,de:11000:900110011:1:50,-0.9,2026-10-02T01:01:04.695736+02:00
295882451,de:11000:900007102:1:50,-0.9,2026-10-02T01:01:04.695736+02:00
295882451,de:11000:900008101:1:50,0.0,2026-10-02T01:01:04.695736+02:00
295882451,de:11000:900007104:1:51,-0.7,2026-10-02T01:01:04.695736+02:00
295882451,de:11000:900100007:1:50,-0.7,2026-10-02T01:01:04.695736+02:00
295882451,de:11000:900100001:4:56,-0.5,2026-10-02T01:01:04.695736+02:00
295882451,de:11000:900100025:1:50,-0.4,2026-10-02T01:01:04.695736+02:00
295882451,de:11000:900100020:3:54,-0.4,2026-10-02T01:01:04.695736+02:00
295882451,de:11000:900012101:1:51,-0.5,2026-10-02T01:01:04.695736+02:00
295882451,de:11000:900057102:1:50,-0.7,2026-10-02T01:01:04.695736+02:00
295882451,de:11000:900057104:2:51,-0.4,2026-10-02T01:01:04.695736+02:00
295882451,de:11000:900054104:1:50,-0.3,2026-10-02T01:01:04.695736+02:00
295882451,de:11000:900060101:1:50,-0.3,2026-10-02T01:01:04.695736+02:00
295882451,de:11000:900063101:1:50,-0.1,2026-10-02T01:01:04.695736+02:00
295882451,de:11000:900062202:1:50,-0.1,2026-10-02T01:01:04.695736+02:00
295882451,de:11000:900066102:1:50,-0.2,2026-10-02T01:01:04.695736+02:00
295882451,de:11000:900066101:1:50,-0.1,2026-10-02T01:01:04.695736+02:00
295882451,de:11000:900049202:1:50,-0.3,2026-10-02T01:01:04.695736+02:00
295882451,de:11000:900049201:1:50,-0.4,2026-10-02T01:01:04.695736+02:00
295882451,de:11000:900050301:1:50,0.0,2026-10-02T01:01:04.695736+02:00
295882451,de:11000:900050355:1:50,-0.1,2026-10-02T01:01:04.695736+02:00
295882451,de:11000:900052201:1:50,-0.5,2026-10-02T01:01:04.695736+02:00
295882451,de:11000:900053301:1:51,-0.9,2026-10-02T01:01:04.695736+02:00
306896149,de:12067:900310015::1,0.0,2026-10-02T01:01:04.695736+02:00
306896149,de:12067:900310025::2,0.0,2026-10-02T01:01:04.695736+02:00
306896149,de:12067:900310952::2,0.0,2026-10-02T01:01:04.695736+02:00
306896149,de:12067:900310949::2,0.0,2026-10-02T01:01:04.695736+02:00
306896149,de:12067:900310955::2,0.0,2026-10-02T01:01:04.695736+02:00
306896149,de:12067:900310568::2,0.0,2026-10-02T01:01:04.695736+02:00
306896149,de:12067:900310556::2,0.0,2026-10-02T01:01:04.695736+02:00
306896149,de:12067:900310558::4,0.0,2026-10-02T01:01:04.695736+02:00
306896149,de:12067:900310559::2,0.0,2026-10-02T01:01:04.695736+02:00
306896149,de:12067:900310563::4,0.0,2026-10-02T01:01:04.695736+02:00
306896149,de:12067:900310013::7,0.0,2026-10-02T01:01:04.695736+02:00
307438442,de:12066:900435000:1:50,0.0,2026-10-02T01:01:04.695736+02:00
307438442,de:12066:900435001:1:50,0.0,2026-10-02T01:01:04.695736+02:00
307438442,de:12052:900470000:2:51,0.0,2026-10-02T01:01:04.695736+02:00
307431844,de:12061:900260009:2:54,0.0,2026-10-02T01:01:04.695736+02:00
307431844,de:12072:900245836:2:51,0.0,2026-10-02T01:01:04.695736+02:00
307431844,de:12069:900220002:2:51,0.0,2026-10-02T01:01:04.695736+02:00
307431844,de:12054:900230002:1:50,0.0,2026-10-02T01:01:04.695736+02:00
307431844,de:12054:900220010:2:51,0.0,2026-10-02T01:01:04.695736+02:00
307431844,de:12054:900230007:2:52,0.0,2026-10-02T01:01:04.695736+02:00
307431844,de:12054:900230006:2:51,0.0,2026-10-02T01:01:04.695736+02:00
307431844,de:12054:900230999:2:53,0.0,2026-10-02T01:01:04.695736+02:00
307431844,de:12054:900230003:4:53,0.0,2026-10-02T01:01:04.695736+02:00
307431119,de:12063:900210001:1:50,0.0,2026-10-02T01:01:04.695736+02:00
307431119,de:12054:900220012:1:50,0.0,2026-10-02T01:01:04.695736+02:00
307431119,de:12054:900220010:2:51,0.0,2026-10-02T01:01:04.695736+02:00
307431119,de:12054:900230007:2:52,0.0,2026-10-02T01:01:04.695736+02:00
307431119,de:12054:900230006:2:51,0.0,2026-10-02T01:01:04.695736+02:00
307431119,de:12054:900230999:2:53,0.0,2026-10-02T01:01:04.695736+02:00
307431119,de:12054:900230003:4:53,0.0,2026-10-02T01:01:04.695736+02:00
307431119,de:11000:900053301:3:55,0.0,2026-10-02T01:01:04.695736+02:00
307431119,de:11000:900024101:2:52,0.0,2026-10-02T01:01:04.695736+02:00
307431119,de:11000:900029101:2:52,0.0,2026-10-02T01:01:04.695736+02:00
307431119,de:12063:900210010:1:50,0.0,2026-10-02T01:01:04.695736+02:00
307431119,de:12065:900200000:1:51,0.0,2026-10-02T01:01:04.695736+02:00
307431115,de:12063:900210001:1:50,0.0,2026-10-02T01:01:04.695736+02:00
307431115,de:12054:900220012:1:50,0.0,2026-10-02T01:01:04.695736+02:00
307431115,de:12054:900220010:2:51,0.0,2026-10-02T01:01:04.695736+02:00
307431115,de:12054:900230007:2:52,0.0,2026-10-02T01:01:04.695736+02:00
307431115,de:12054:900230006:2:51,0.0,2026-10-02T01:01:04.695736+02:00
307431115,de:12054:900230999:2:53,0.0,2026-10-02T01:01:04.695736+02:00
307431115,de:12054:900230003:4:53,0.0,2026-10-02T01:01:04.695736+02:00
307431115,de:11000:900053301:3:55,0.0,2026-10-02T01:01:04.695736+02:00
307431115,de:11000:900024101:2:52,0.0,2026-10-02T01:01:04.695736+02:00
307431115,de:11000:900029101:2:52,0.0,2026-10-02T01:01:04.695736+02:00
307431115,de:12063:900210010:1:50,0.0,2026-10-02T01:01:04.695736+02:00
307431115,de:12065:900200000:1:51,0.0,2026-10-02T01:01:04.695736+02:00
307437874,de:12062:900415345:2:52,0.0,2026-10-02T01:01:04.695736+02:00
307437874,de:12062:900415240:1:50,0.0,2026-10-02T01:01:04.695736+02:00
307437874,de:12062:900415167:1:50,0.0,2026-10-02T01:01:04.695736+02:00
307437874,de:12062:900416008:2:51,0.0,2026-10-02T01:01:04.695736+02:00
307437874,de:12066:900435203:1:50,0.0,2026-10-02T01:01:04.695736+02:00
307437874,de:12066:900435061:3:54,0.0,2026-10-02T01:01:04.695736+02:00
307437874,de:12066:900435802:1:50,0.0,2026-10-02T01:01:04.695736+02:00
307437874,de:12066:900435000:1:51,0.0,2026-10-02T01:01:04.695736+02:00
307437874,de:12066:900435001:1:50,0.0,2026-10-02T01:01:04.695736+02:00
307437874,de:12066:900435800:2:51,0.0,2026-10-02T01:01:04.695736+02:00
307437874,de:12066:900435347:2:51,0.0,2026-10-02T01:01:04.695736+02:00
307437874,de:12071:900445360:1:51,0.0,2026-10-02T01:01:04.695736+02:00
306896820,de:12064:900320274::1,0.0,2026-10-02T01:01:04.695736+02:00
306896820,de:12064:900320278::2,0.0,2026-10-02T01:01:04.695736+02:00
306896820,de:12064:900320284::2,0.0,2026-10-02T01:01:04.695736+02:00
306896820,de:12064:900320886::2,0.0,2026-10-02T01:01:04.695736+02:00
306896820,de:12064:900320888::3,0.0,2026-10-02T01:01:04.695736+02:00
306896820,de:12067:900310894::2,0.0,2026-10-02T01:01:04.695736+02:00
306896820,de:12067:900310897::2,0.0,2026-10-02T01:01:04.695736+02:00
306896820,de:12067:900310896::2,0.0,2026-10-02T01:01:04.695736+02:00
306896820,de:12067:900310895::1,0.0,2026-10-02T01:01:04.695736+02:00
306896820,de:12067:900310002::2,0.0,2026-10-02T01:01:04.695736+02:00
306896820,de:12067:900310864::1,0.0,2026-10-02T01:01:04.695736+02:00
306896820,de:12067:900310861::1,0.0,2026-10-02T01:01:04.695736+02:00
306896820,de:12067:900311157::2,0.0,2026-10-02T01:01:04.695736+02:00
306896820,de:12067:900310860::2,0.0,2026-10-02T01:01:04.695736+02:00
306896820,de:12067:900311125::2,0.0,2026-10-02T01:01:04.695736+02:00
306896820,de:12067:900310936::2,0.0,2026-10-02T01:01:04.695736+02:00
306896820,de:12067:900310788::2,0.0,2026-10-02T01:01:04.695736+02:00
306896820,de:12067:900310696::2,0.0,2026-10-02T01:01:04.695736+02:00
306896820,de:12067:900310001::11,0.0,2026-10-02T01:01:04.695736+02:00
307435508,de:11000:900003200:1:50,0.0,2026-10-02T01:01:04.695736+02:00
307435508,de:11000:900100020:1:50,0.0,2026-10-02T01:01:04.695736+02:00
307435508,de:11000:900058101:2:52,0.0,2026-10-02T01:01:04.695736+02:00
307435508,de:12061:900260009:2:54,0.0,2026-10-02T01:01:04.695736+02:00
307440260,de:12065:900203452:1:51,0.0,2026-10-02T01:01:04.695736+02:00
307440260,de:12065:900204001:1:50,0.0,2026-10-02T01:01:04.695736+02:00
307440260,de:12065:900203671:1:50,0.0,2026-10-02T01:01:04.695736+02:00
307440260,de:12065:900204003:1:50,0.0,2026-10-02T01:01:04.695736+02:00
307440260,de:12065:900200004:1:51,0.0,2026-10-02T01:01:04.695736+02:00
307440260,de:12065:900200000:1:51,0.0,2026-10-02T01:01:04.695736+02:00
307430438,de:12063:900210005:2:53,0.0,2026-10-02T01:01:04.695736+02:00
307430438,de:12063:900210326:2:51,0.0,2026-10-02T01:01:04.695736+02:00
307430438,de:12063:900210011:2:51,0.0,2026-10-02T01:01:04.695736+02:00
307430438,de:12063:900210010:2:51,0.0,2026-10-02T01:01:04.695736+02:00
307430438,de:12063:900210180:2:51,0.0,2026-10-02T01:01:04.695736+02:00
307430438,de:11000:900037168:2:51,0.0,2026-10-02T01:01:04.695736+02:00
307430438,de:11000:900029101:3:55,0.0,2026-10-02T01:01:04.695736+02:00
307430383,de:11000:900029101:2:53,0.0,2026-10-02T01:01:04.695736+02:00
307430383,de:11000:900037168:1:50,0.0,2026-10-02T01:01:04.695736+02:00
307430383,de:12063:900210180:1:50,0.0,2026-10-02T01:01:04.695736+02:00
307430383,de:12063:900210010:1:50,0.0,2026-10-02T01:01:04.695736+02:00
307430383,de:12063:900210011:1:50,0.0,2026-10-02T01:01:04.695736+02:00
307430383,de:12063:900210326:1:50,0.0,2026-10-02T01:01:04.695736+02:00
307430383,de:12063:900210005:2:53,0.0,2026-10-02T01:01:04.695736+02:00
307436757,de:12069:900222030:2:51,0.0,2026-10-02T01:01:04.695736+02:00
307436757,de:12069:900220005:2:51,0.0,2026-10-02T01:01:04.695736+02:00
307436757,de:12069:900220004:2:51,0.0,2026-10-02T01:01:04.695736+02:00
307436757,de:12069:900220003:1:51,0.0,2026-10-02T01:01:04.695736+02:00
307436757,de:12069:900220006:2:51,0.0,2026-10-02T01:01:04.695736+02:00
307436757,de:12069:900220008:2:51,0.0,2026-10-02T01:01:04.695736+02:00
307436757,de:12054:900230001:2:51,0.0,2026-10-02T01:01:04.695736+02:00
307436757,de:11000:900053301:3:55,0.0,2026-10-02T01:01:04.695736+02:00
306895822,de:12067:900311115::2,0.0,2026-10-02T01:01:04.695736+02:00
306895822,de:12067:900310773::2,0.0,2026-10-02T01:01:04.695736+02:00
306895822,de:12067:900310797::2,0.0,2026-10-02T01:01:04.695736+02:00
306895822,de:12067:900310789::2,0.0,2026-10-02T01:01:04.695736+02:00
306895822,de:12067:900310781::2,0.0,2026-10-02T01:01:04.695736+02:00
306895822,de:12067:900311155::1,0.0,2026-10-02T01:01:04.695736+02:00
306895822,de:12067:900311149::2,0.0,2026-10-02T01:01:04.695736+02:00
306895822,de:12067:900310001::11,0.0,2026-10-02T01:01:04.695736+02:00
295892956,de:12060:900350160:1:51,0.0,2026-10-02T01:01:04.695736+02:00
295892956,de:12060:900350161:1:50,-0.3,2026-10-02T01:01:04.695736+02:00
295892956,de:12060:900350163:1:50,-0.1,2026-10-02T01:01:04.695736+02:00
295892956,de:12060:900350162:1:50,-0.8,2026-10-02T01:01:04.695736+02:00
295892956,de:11000:900135001:1:50,-0.3,2026-10-02T01:01:04.695736+02:00
295892956,de:11000:900143001:1:51,-0.8,2026-10-02T01:01:04.695736+02:00
295892956,de:11000:900142001:1:51,-0.3,2026-10-02T01:01:04.695736+02:00
295892956,de:11000:900130001:1:51,-0.8,2026-10-02T01:01:04.695736+02:00
295892956,de:11000:900130002:1:51,-0.3,2026-10-02T01:01:04.695736+02:00
295892956,de:11000:900110011:1:51,-0.7,2026-10-02T01:01:04.695736+02:00
295892956,de:11000:900007102:1:50,-0.7,2026-10-02T01:01:04.695736+02:00
295892956,de:11000:900008101:1:50,-0.5,2026-10-02T01:01:04.695736+02:00
295892956,de:11000:900007104:1:51,-0.2,2026-10-02T01:01:04.695736+02:00
295892956,de:11000:900100007:1:50,-0.2,2026-10-02T01:01:04.695736+02:00
295892956,de:11000:900100001:4:56,0.0,2026-10-02T01:01:04.695736+02:00
295892956,de:11000:900100025:1:50,-0.9,2026-10-02T01:01:04.695736+02:00
295892956,de:11000:900100020:3:54,-0.9,2026-10-02T01:01:04.695736+02:00
295892956,de:11000:900012101:1:51,0.0,2026-10-02T01:01:04.695736+02:00
295892956,de:11000:900058103:1:50,-0.8,2026-10-02T01:01:04.695736+02:00
295892956,de:11000:900058101:1:50,-0.4,2026-10-02T01:01:04.695736+02:00
295892956,de:11000:900058102:1:50,-0.4,2026-10-02T01:01:04.695736+02:00
295892956,de:11000:900068301:1:50,-0.7,2026-10-02T01:01:04.695736+02:00
295892956,de:11000:900073101:1:50,-0.9,2026-10-02T01:01:04.695736+02:00
295892956,de:11000:900072101:1:50,-0.2,2026-10-02T01:01:04.695736+02:00
295892956,de:11000:900074202:1:50,-0.2,2026-10-02T01:01:04.695736+02:00
295892956,de:11000:900074201:1:50,-0.4,2026-10-02T01:01:04.695736+02:00
295892956,de:12072:900245028:1:51,-0.9,2026-10-02T01:01:04.695736+02:00
295892956,de:12072:900245027:2:52,-0.9,2026-10-02T01:01:04.695736+02:00
295892985,de:12060:900350160:1:51,0.0,2026-10-02T01:01:04.695736+02:00
295892985,de:12060:900350161:1:50,-0.3,2026-10-02T01:01:04.695736+02:00
295892985,de:12060:900350163:1:50,-0.1,2026-10-02T01:01:04.695736+02:00
295892985,de:12060:900350162:1:50,-0.8,2026-10-02T01:01:04.695736+02:00
295892985,de:11000:900135001:1:50,-0.3,2026-10-02T01:01:04.695736+02:00
295892985,de:11000:900143001:1:51,-0.8,2026-10-02T01:01:04.695736+02:00
295892985,de:11000:900142001:1:51,-0.3,2026-10-02T01:01:04.695736+02:00
295892985,de:11000:900130001:1:51,-0.8,2026-10-02T01:01:04.695736+02:00
295892985,de:11000:900130002:1:51,-0.3,2026-10-02T01:01:04.695736+02:00
295892985,de:11000:900110011:1:51,-0.7,2026-10-02T01:01:04.695736+02:00
295892985,de:11000:900007102:1:50,-0.7,2026-10-02T01:01:04.695736+02:00
295892985,de:11000:900008101:1:50,-0.5,2026-10-02T01:01:04.695736+02:00
295892985,de:11000:900007104:1:51,-0.2,2026-10-02T01:01:04.695736+02:00
295892985,de:11000:900100007:1:50,-0.2,2026-10-02T01:01:04.695736+02:00
295892985,de:11000:900100001:4:56,0.0,2026-10-02T01:01:04.695736+02:00
295892985,de:11000:900100025:1:50,-0.9,2026-10-02T01:01:04.695736+02:00
295892985,de:11000:900100020:3:54,-0.9,2026-10-02T01:01:04.695736+02:00
295892985,de:11000:900012101:1:51,0.0,2026-10-02T01:01:04.695736+02:00
295892985,de:11000:900058103:1:50,-0.8,2026-10-02T01:01:04.695736+02:00
295892985,de:11000:900058101:1:50,-0.4,2026-10-02T01:01:04.695736+02:00
295892985,de:11000:900058102:1:50,-0.4,2026-10-02T01:01:04.695736+02:00
295892985,de:11000:900068301:1:50,-0.7,2026-10-02T01:01:04.695736+02:00
295892985,de:11000:900073101:1:50,-0.9,2026-10-02T01:01:04.695736+02:00
295892985,de:11000:900072101:1:50,-0.2,2026-10-02T01:01:04.695736+02:00
295892985,de:11000:900074202:1:50,-0.2,2026-10-02T01:01:04.695736+02:00
295892985,de:11000:900074201:1:50,-0.4,2026-10-02T01:01:04.695736+02:00
295892985,de:12072:900245028:1:51,-0.9,2026-10-02T01:01:04.695736+02:00
295892985,de:12072:900245027:2:52,-0.9,2026-10-02T01:01:04.695736+02:00
295893075,de:12072:900245027:2:52,0.0,2026-10-02T01:01:04.695736+02:00
295893075,de:12072:900245028:1:50,-0.9,2026-10-02T01:01:04.695736+02:00
295893075,de:11000:900074201:1:50,-0.9,2026-10-02T01:01:04.695736+02:00
295893075,de:11000:900074202:2:51,-0.1,2026-10-02T01:01:04.695736+02:00
295893075,de:11000:900072101:2:51,-0.1,2026-10-02T01:01:04.695736+02:00
295893075,de:11000:900073101:1:51,-0.4,2026-10-02T01:01:04.695736+02:00
295893075,de:11000:900068301:1:51,-0.7,2026-10-02T01:01:04.695736+02:00
295893075,de:11000:900058102:2:51,-0.7,2026-10-02T01:01:04.695736+02:00
295893075,de:11000:900058101:1:51,-0.3,2026-10-02T01:01:04.695736+02:00
295893075,de:11000:900058103:1:51,-0.1,2026-10-02T01:01:04.695736+02:00
295893075,de:11000:900012101:2:53,-0.7,2026-10-02T01:01:04.695736+02:00
295893075,de:11000:900100020:4:57,-0.8,2026-10-02T01:01:04.695736+02:00
295893075,de:11000:900100025:1:51,-0.9,2026-10-02T01:01:04.695736+02:00
295893075,de:11000:900100001:4:57,-0.6,2026-10-02T01:01:04.695736+02:00
295893075,de:11000:900100007:1:51,-0.7,2026-10-02T01:01:04.695736+02:00
295893075,de:11000:900007104:2:52,-0.7,2026-10-02T01:01:04.695736+02:00
295893075,de:11000:900008101:1:51,-0.4,2026-10-02T01:01:04.695736+02:00
295893075,de:11000:900007102:2:53,-0.1,2026-10-02T01:01:04.695736+02:00
295893075,de:11000:900110011:2:52,-0.4,2026-10-02T01:01:04.695736+02:00
295893075,de:11000:900130002:1:50,-0.7,2026-10-02T01:01:04.695736+02:00
295893075,de:11000:900130001:1:50,-0.4,2026-10-02T01:01:04.695736+02:00
295893075,de:11000:900142001:1:50,-0.9,2026-10-02T01:01:04.695736+02:00
295893075,de:11000:900143001:1:51,-0.7,2026-10-02T01:01:04.695736+02:00
295893075,de:11000:900135001:1:50,-0.4,2026-10-02T01:01:04.695736+02:00
295893075,de:12060:900350162:1:50,0.0,2026-10-02T01:01:04.695736+02:00
295893075,de:12060:900350163:1:51,-0.4,2026-10-02T01:01:04.695736+02:00
295893075,de:12060:900350161:1:50,-0.7,2026-10-02T01:01:04.695736+02:00
295893075,de:12060:900350160:1:51,-0.4,2026-10-02T01:01:04.695736+02:00
307430299,de:12061:900260009:2:53,0.0,2026-10-02T01:01:04.695736+02:00
307430299,de:11000:900058101:4:57,0.0,2026-10-02T01:01:04.695736+02:00
307430299,de:11000:900100020:2:53,0.0,2026-10-02T01:01:04.695736+02:00
307430299,de:11000:900003200:4:57,0.0,2026-10-02T01:01:04.695736+02:00
307430250,de:11000:900003200:1:50,0.0,2026-10-02T01:01:04.695736+02:00
307430250,de:11000:900100020:1:50,0.0,2026-10-02T01:01:04.695736+02:00
307430250,de:11000:900058101:2:52,0.0,2026-10-02T01:01:04.695736+02:00
307430250,de:12061:900260009:2:54,0.0,2026-10-02T01:01:04.695736+02:00
295900266,de:12065:900200000:1:55,0.0,2026-10-02T01:01:04.695736+02:00
295900266,de:11000:900091203:1:50,0.0,2026-10-02T01:01:04.695736+02:00
295900266,de:11000:900091205:1:50,-0.2,2026-10-02T01:01:04.695736+02:00
295900266,de:11000:900089303:1:51,-0.5,2026-10-02T01:01:04.695736+02:00
295900266,de:11000:900096405:1:50,-0.8,2026-10-02T01:01:04.695736+02:00
295900266,de:11000:900096458:1:50,-0.5,2026-10-02T01:01:04.695736+02:00
295900266,de:11000:900085105:1:50,-0.8,2026-10-02T01:01:04.695736+02:00
295900266,de:11000:900085201:1:51,0.0,2026-10-02T01:01:04.695736+02:00
295900266,de:11000:900130003:1:51,-0.8,2026-10-02T01:01:04.695736+02:00
295900266,de:11000:900110011:1:50,-0.9,2026-10-02T01:01:04.695736+02:00
295900266,de:11000:900007102:1:50,-0.7,2026-10-02T01:01:04.695736+02:00
295900266,de:11000:900008101:1:50,-0.4,2026-10-02T01:01:04.695736+02:00
295900266,de:11000:900007104:1:51,-0.2,2026-10-02T01:01:04.695736+02:00
295900266,de:11000:900100007:1:50,-0.2,2026-10-02T01:01:04.695736+02:00
295900266,de:11000:900100001:4:56,0.0,2026-10-02T01:01:04.695736+02:00
295900266,de:11000:900100025:1:50,-0.9,2026-10-02T01:01:04.695736+02:00
295900266,de:11000:900100020:3:55,-0.9,2026-10-02T01:01:04.695736+02:00
295900266,de:11000:900012101:1:51,0.0,2026-10-02T01:01:04.695736+02:00
295900266,de:11000:900058103:1:50,-0.7,2026-10-02T01:01:04.695736+02:00
295900266,de:11000:900058101:1:50,-0.3,2026-10-02T01:01:04.695736+02:00
295900266,de:11000:900058102:1:52,0.0,2026-10-02T01:01:04.695736+02:00
295900266,de:11000:900063452:1:50,-0.1,2026-10-02T01:01:04.695736+02:00
295900266,de:11000:900067221:1:50,-0.2,2026-10-02T01:01:04.695736+02:00
295900266,de:11000:900064301:3:52,-0.2,2026-10-02T01:01:04.695736+02:00
295900266,de:11000:900064256:1:50,-0.7,2026-10-02T01:01:04.695736+02:00
295900266,de:11000:900064201:1:50,-0.6,2026-10-02T01:01:04.695736+02:00
295900266,de:12069:900220114:1:51,-0.9,2026-10-02T01:01:04.695736+02:00
295900292,de:12065:900200000:4:54,0.0,2026-10-02T01:01:04.695736+02:00
295900292,de:11000:900091203:1:50,0.0,2026-10-02T01:01:04.695736+02:00
295900292,de:11000:900091205:1:50,-0.2,2026-10-02T01:01:04.695736+02:00
295900292,de:11000:900089303:1:51,-0.5,2026-10-02T01:01:04.695736+02:00
295900292,de:11000:900096405:1:50,-0.8,2026-10-02T01:01:04.695736+02:00
295900292,de:11000:900096458:1:50,-0.5,2026-10-02T01:01:04.695736+02:00
295900292,de:11000:900085105:1:50,-0.8,2026-10-02T01:01:04.695736+02:00
295900292,de:11000:900085201:1:51,0.0,2026-10-02T01:01:04.695736+02:00
295900292,de:11000:900130003:1:51,-0.8,2026-10-02T01:01:04.695736+02:00
295900292,de:11000:900110011:1:50,-0.9,2026-10-02T01:01:04.695736+02:00
295900292,de:11000:900007102:1:50,-0.7,2026-10-02T01:01:04.695736+02:00
295900292,de:11000:900008101:1:50,-0.4,2026-10-02T01:01:04.695736+02:00
295900292,de:11000:900007104:1:51,-0.2,2026-10-02T01:01:04.695736+02:00
295900292,de:11000:900100007:1:50,-0.2,2026-10-02T01:01:04.695736+02:00
295900292,de:11000:900100001:4:56,0.0,2026-10-02T01:01:04.695736+02:00
295900292,de:11000:900100025:1:50,-0.9,2026-10-02T01:01:04.695736+02:00
295900292,de:11000:900100020:3:54,-0.9,2026-10-02T01:01:04.695736+02:00
295900292,de:11000:900012101:1:51,0.0,2026-10-02T01:01:04.695736+02:00
295900292,de:11000:900058103:1:50,-0.7,2026-10-02T01:01:04.695736+02:00
295900292,de:11000:900058101:1:50,-0.3,2026-10-02T01:01:04.695736+02:00
295900292,de:11000:900058102:1:52,0.0,2026-10-02T01:01:04.695736+02:00
295900292,de:11000:900063452:1:50,-0.1,2026-10-02T01:01:04.695736+02:00
295900292,de:11000:900067221:1:50,-0.2,2026-10-02T01:01:04.695736+02:00
295900292,de:11000:900064301:3:52,-0.2,2026-10-02T01:01:04.695736+02:00
295900292,de:11000:900064256:1:50,-0.7,2026-10-02T01:01:04.695736+02:00
295900292,de:11000:900064201:1:50,-0.6,2026-10-02T01:01:04.695736+02:00
295900292,de:12069:900220114:1:51,-0.9,2026-10-02T01:01:04.695736+02:00
295900352,de:12069:900220114:1:51,0.0,2026-10-02T01:01:04.695736+02:00
295900352,de:11000:900064201:1:51,-0.1,2026-10-02T01:01:04.695736+02:00
295900352,de:11000:900064256:1:51,0.0,2026-10-02T01:01:04.695736+02:00
295900352,de:11000:900064301:3:53,-0.3,2026-10-02T01:01:04.695736+02:00
295900352,de:11000:900067221:1:50,-0.3,2026-10-02T01:01:04.695736+02:00
295900352,de:11000:900063452:1:51,-0.4,2026-10-02T01:01:04.695736+02:00
295900352,de:11000:900058102:2:53,-0.5,2026-10-02T01:01:04.695736+02:00
295900352,de:11000:900058101:1:51,-0.3,2026-10-02T01:01:04.695736+02:00
295900352,de:11000:900058103:1:51,0.0,2026-10-02T01:01:04.695736+02:00
295900352,de:11000:900012101:2:53,-0.7,2026-10-02T01:01:04.695736+02:00
295900352,de:11000:900100020:4:57,-0.8,2026-10-02T01:01:04.695736+02:00
295900352,de:11000:900100025:1:51,-0.9,2026-10-02T01:01:04.695736+02:00
295900352,de:11000:900100001:4:57,-0.6,2026-10-02T01:01:04.695736+02:00
295900352,de:11000:900100007:1:51,-0.7,2026-10-02T01:01:04.695736+02:00
295900352,de:11000:900007104:2:52,-0.7,2026-10-02T01:01:04.695736+02:00
295900352,de:11000:900008101:1:51,-0.4,2026-10-02T01:01:04.695736+02:00
295900352,de:11000:900007102:2:53,-0.2,2026-10-02T01:01:04.695736+02:00
295900352,de:11000:900110011:2:53,-0.4,2026-10-02T01:01:04.695736+02:00
295900352,de:11000:900085201:1:50,-0.8,2026-10-02T01:01:04.695736+02:00
295900352,de:11000:900085105:1:50,-0.8,2026-10-02T01:01:04.695736+02:00
295900352,de:11000:900096458:1:50,-0.1,2026-10-02T01:01:04.695736+02:00
295900352,de:11000:900096405:1:50,-0.8,2026-10-02T01:01:04.695736+02:00
295900352,de:11000:900089303:1:50,-0.7,2026-10-02T01:01:04.695736+02:00
295900352,de:11000:900091205:1:50,-0.3,2026-10-02T01:01:04.695736+02:00
295900352,de:11000:900091203:1:50,-0.5,2026-10-02T01:01:04.695736+02:00
295900352,de:12065:900200000:1:55,-0.7,2026-10-02T01:01:04.695736+02:00
295900389,de:12069:900220114:1:51,0.0,2026-10-02T01:01:04.695736+02:00
295900389,de:11000:900064201:1:51,-0.1,2026-10-02T01:01:04.695736+02:00
295900389,de:11000:900064256:1:51,0.0,2026-10-02T01:01:04.695736+02:00
295900389,de:11000:900064301:3:53,-0.3,2026-10-02T01:01:04.695736+02:00
295900389,de:11000:900067221:1:50,-0.3,2026-10-02T01:01:04.695736+02:00
295900389,de:11000:900063452:1:51,-0.4,2026-10-02T01:01:04.695736+02:00
295900389,de:11000:900058102:2:53,-0.5,2026-10-02T01:01:04.695736+02:00
295900389,de:11000:900058101:1:51,-0.3,2026-10-02T01:01:04.695736+02:00
295900389,de:11000:900058103:1:51,0.0,2026-10-02T01:01:04.695736+02:00
295900389,de:11000:900012101:2:53,-0.7,2026-10-02T01:01:04.695736+02:00
295900389,de:11000:900100020:4:57,-0.8,2026-10-02T01:01:04.695736+02:00
295900389,de:11000:900100025:1:51,-0.9,2026-10-02T01:01:04.695736+02:00
295900389,de:11000:900100001:4:57,-0.6,2026-10-02T01:01:04.695736+02:00
295900389,de:11000:900100007:1:51,-0.7,2026-10-02T01:01:04.695736+02:00
295900389,de:11000:900007104:2:52,-0.7,2026-10-02T01:01:04.695736+02:00
295900389,de:11000:900008101:1:51,-0.4,2026-10-02T01:01:04.695736+02:00
295900389,de:11000:900007102:2:53,-0.2,2026-10-02T01:01:04.695736+02:00
295900389,de:11000:900110011:2:53,-0.4,2026-10-02T01:01:04.695736+02:00
295900389,de:11000:900085201:1:50,-0.8,2026-10-02T01:01:04.695736+02:00
295900389,de:11000:900085105:1:50,-0.8,2026-10-02T01:01:04.695736+02:00
295900389,de:11000:900096458:1:50,-0.1,2026-10-02T01:01:04.695736+02:00
295900389,de:11000:900096405:1:50,-0.8,2026-10-02T01:01:04.695736+02:00
295900389,de:11000:900089303:1:50,-0.7,2026-10-02T01:01:04.695736+02:00
295900389,de:11000:900091205:1:50,-0.3,2026-10-02T01:01:04.695736+02:00
295900389,de:11000:900091203:1:50,-0.5,2026-10-02T01:01:04.695736+02:00
295900389,de:12065:900200000:4:54,-0.7,2026-10-02T01:01:04.695736+02:00
295900385,de:12069:900220114:1:51,0.0,2026-10-02T01:01:04.695736+02:00
295900385,de:11000:900064201:1:51,-0.1,2026-10-02T01:01:04.695736+02:00
295900385,de:11000:900064256:1:51,0.0,2026-10-02T01:01:04.695736+02:00
295900385,de:11000:900064301:3:53,-0.3,2026-10-02T01:01:04.695736+02:00
295900385,de:11000:900067221:1:50,-0.3,2026-10-02T01:01:04.695736+02:00
295900385,de:11000:900063452:1:51,-0.4,2026-10-02T01:01:04.695736+02:00
295900385,de:11000:900058102:2:53,-0.5,2026-10-02T01:01:04.695736+02:00
295900385,de:11000:900058101:1:51,-0.3,2026-10-02T01:01:04.695736+02:00
295900385,de:11000:900058103:1:51,0.0,2026-10-02T01:01:04.695736+02:00
295900385,de:11000:900012101:2:53,-0.7,2026-10-02T01:01:04.695736+02:00
295900385,de:11000:900100020:4:57,-0.8,2026-10-02T01:01:04.695736+02:00
295900385,de:11000:900100025:1:51,-0.9,2026-10-02T01:01:04.695736+02:00
295900385,de:11000:900100001:4:57,-0.6,2026-10-02T01:01:04.695736+02:00
295900385,de:11000:900100007:1:51,-0.7,2026-10-02T01:01:04.695736+02:00
295900385,de:11000:900007104:2:52,-0.7,2026-10-02T01:01:04.695736+02:00
295900385,de:11000:900008101:1:51,-0.4,2026-10-02T01:01:04.695736+02:00
295900385,de:11000:900007102:2:53,-0.2,2026-10-02T01:01:04.695736+02:00
295900385,de:11000:900110011:2:53,-0.4,2026-10-02T01:01:04.695736+02:00
295900385,de:11000:900085201:1:50,-0.8,2026-10-02T01:01:04.695736+02:00
295900385,de:11000:900085105:1:50,-0.8,2026-10-02T01:01:04.695736+02:00
295900385,de:11000:900096458:1:50,-0.1,2026-10-02T01:01:04.695736+02:00
295900385,de:11000:900096405:1:50,-0.8,2026-10-02T01:01:04.695736+02:00
295900385,de:11000:900089303:1:50,-0.7,2026-10-02T01:01:04.695736+02:00
295900385,de:11000:900091205:1:50,-0.3,2026-10-02T01:01:04.695736+02:00
295900385,de:11000:900091203:1:50,-0.5,2026-10-02T01:01:04.695736+02:00
295900385,de:12065:900200000:4:54,-0.7,2026-10-02T01:01:04.695736+02:00
295900251,de:12065:900200000:1:55,0.0,2026-10-02T01:01:04.695736+02:00
295900251,de:11000:900091203:1:50,0.0,2026-10-02T01:01:04.695736+02:00
295900251,de:11000:900091205:1:50,-0.2,2026-10-02T01:01:04.695736+02:00
295900251,de:11000:900089303:1:51,-0.5,2026-10-02T01:01:04.695736+02:00
295900251,de:11000:900096405:1:50,-0.8,2026-10-02T01:01:04.695736+02:00
295900251,de:11000:900096458:1:50,-0.5,2026-10-02T01:01:04.695736+02:00
295900251,de:11000:900085105:1:50,-0.8,2026-10-02T01:01:04.695736+02:00
295900251,de:11000:900085201:1:51,0.0,2026-10-02T01:01:04.695736+02:00
295900251,de:11000:900130003:1:51,-0.8,2026-10-02T01:01:04.695736+02:00
295900251,de:11000:900110011:1:50,-0.9,2026-10-02T01:01:04.695736+02:00
295900251,de:11000:900007102:1:50,-0.7,2026-10-02T01:01:04.695736+02:00
295900251,de:11000:900008101:1:50,-0.4,2026-10-02T01:01:04.695736+02:00
295900251,de:11000:900007104:1:51,-0.2,2026-10-02T01:01:04.695736+02:00
295900251,de:11000:900100007:1:50,-0.2,2026-10-02T01:01:04.695736+02:00
295900251,de:11000:900100001:4:56,0.0,2026-10-02T01:01:04.695736+02:00
295900251,de:11000:900100025:1:50,-0.9,2026-10-02T01:01:04.695736+02:00
295900251,de:11000:900100020:3:54,-0.9,2026-10-02T01:01:04.695736+02:00
295900251,de:11000:900012101:1:51,0.0,2026-10-02T01:01:04.695736+02:00
295900251,de:11000:900058103:1:50,-0.7,2026-10-02T01:01:04.695736+02:00
295900251,de:11000:900058101:1:50,-0.3,2026-10-02T01:01:04.695736+02:00
295900251,de:11000:900058102:1:52,0.0,2026-10-02T01:01:04.695736+02:00
295900251,de:11000:900063452:1:50,-0.1,2026-10-02T01:01:04.695736+02:00
295900251,de:11000:900067221:1:50,-0.2,2026-10-02T01:01:04.695736+02:00
295900251,de:11000:900064301:3:52,-0.2,2026-10-02T01:01:04.695736+02:00
295900251,de:11000:900064256:1:50,-0.7,2026-10-02T01:01:04.695736+02:00
295900251,de:11000:900064201:1:50,-0.6,2026-10-02T01:01:04.695736+02:00
295900251,de:12069:900220114:1:51,-0.9,2026-10-02T01:01:04.695736+02:00
295896236,de:11000:900074201:1:50,0.0,2026-10-02T01:01:04.695736+02:00
295896236,de:11000:900074202:2:51,-0.1,2026-10-02T01:01:04.695736+02:00
295896236,de:11000:900072101:2:51,-0.1,2026-10-02T01:01:04.695736+02:00
295896236,de:11000:900073101:1:51,-0.4,2026-10-02T01:01:04.695736+02:00
295896236,de:11000:900068301:1:51,-0.7,2026-10-02T01:01:04.695736+02:00
295896236,de:11000:900058102:2:51,-0.7,2026-10-02T01:01:04.695736+02:00
295896236,de:11000:900058101:1:51,-0.3,2026-10-02T01:01:04.695736+02:00
295896236,de:11000:900058103:1:51,-0.1,2026-10-02T01:01:04.695736+02:00
295896236,de:11000:900012101:2:53,-0.7,2026-10-02T01:01:04.695736+02:00
295896236,de:11000:900100020:4:57,-0.8,2026-10-02T01:01:04.695736+02:00
295896236,de:11000:900100025:1:51,-0.9,2026-10-02T01:01:04.695736+02:00
295896236,de:11000:900100001:4:57,-0.6,2026-10-02T01:01:04.695736+02:00
295896236,de:11000:900100007:1:51,-0.7,2026-10-02T01:01:04.695736+02:00
295896236,de:11000:900007104:2:52,-0.7,2026-10-02T01:01:04.695736+02:00
295896236,de:11000:900008101:1:51,-0.4,2026-10-02T01:01:04.695736+02:00
295896236,de:11000:900007102:2:53,-0.1,2026-10-02T01:01:04.695736+02:00
295896236,de:11000:900110011:2:52,-0.4,2026-10-02T01:01:04.695736+02:00
295896236,de:11000:900130002:1:50,-0.7,2026-10-02T01:01:04.695736+02:00
295896236,de:11000:900130001:1:50,-0.4,2026-10-02T01:01:04.695736+02:00
295896236,de:11000:900142001:1:50,-0.9,2026-10-02T01:01:04.695736+02:00
295896236,de:11000:900143001:1:51,-0.7,2026-10-02T01:01:04.695736+02:00
295896236,de:11000:900135001:1:50,-0.4,2026-10-02T01:01:04.695736+02:00
295896175,de:11000:900074201:1:50,0.0,2026-10-02T01:01:04.695736+02:00
295896175,de:11000:900074202:2:51,-0.1,2026-10-02T01:01:04.695736+02:00
295896175,de:11000:900072101:2:51,-0.1,2026-10-02T01:01:04.695736+02:00
295896175,de:11000:900073101:1:51,-0.4,2026-10-02T01:01:04.695736+02:00
295896175,de:11000:900068301:1:51,-0.7,2026-10-02T01:01:04.695736+02:00
295896175,de:11000:900058102:2:51,-0.7,2026-10-02T01:01:04.695736+02:00
295896175,de:11000:900058101:1:51,-0.3,2026-10-02T01:01:04.695736+02:00
295896175,de:11000:900058103:1:51,-0.1,2026-10-02T01:01:04.695736+02:00
295896175,de:11000:900012101:2:53,-0.7,2026-10-02T01:01:04.695736+02:00
295896175,de:11000:900100020:4:57,-0.8,2026-10-02T01:01:04.695736+02:00
295896175,de:11000:900100025:1:51,-0.9,2026-10-02T01:01:04.695736+02:00
295896175,de:11000:900100001:4:57,-0.6,2026-10-02T01:01:04.695736+02:00
295896175,de:11000:900100007:1:51,-0.7,2026-10-02T01:01:04.695736+02:00
295896175,de:11000:900007104:2:52,-0.7,2026-10-02T01:01:04.695736+02:00
295896175,de:11000:900008101:1:51,-0.4,2026-10-02T01:01:04.695736+02:00
295896175,de:11000:900007102:2:53,-0.1,2026-10-02T01:01:04.695736+02:00
295896175,de:11000:900110011:2:52,-0.4,2026-10-02T01:01:04.695736+02:00
295896175,de:11000:900130002:1:50,-0.7,2026-10-02T01:01:04.695736+02:00
295896175,de:11000:900130001:1:50,-0.4,2026-10-02T01:01:04.695736+02:00
295896175,de:11000:900142001:1:50,-0.9,2026-10-02T01:01:04.695736+02:00
295896175,de:11000:900143001:1:51,-0.7,2026-10-02T01:01:04.695736+02:00
295896175,de:11000:900135001:1:50,-0.4,2026-10-02T01:01:04.695736+02:00
306896470,de:12067:900310001::3,0.0,2026-10-02T01:01:04.695736+02:00
306896470,de:12067:900310816::1,0.0,2026-10-02T01:01:04.695736+02:00
306896470,de:12067:900310627::1,0.0,2026-10-02T01:01:04.695736+02:00
306896470,de:12067:900310781::1,0.0,2026-10-02T01:01:04.695736+02:00
306896470,de:12067:900310822::1,0.0,2026-10-02T01:01:04.695736+02:00
306896470,de:12067:900310771::1,0.0,2026-10-02T01:01:04.695736+02:00
306896470,de:12067:900310811::1,0.0,2026-10-02T01:01:04.695736+02:00
306896470,de:12067:900310630::1,0.0,2026-10-02T01:01:04.695736+02:00
306896470,de:12067:900310812::1,0.0,2026-10-02T01:01:04.695736+02:00
306896470,de:12067:900310695::2,0.0,2026-10-02T01:01:04.695736+02:00
306896470,de:12067:900310769::1,0.0,2026-10-02T01:01:04.695736+02:00
306896470,de:12067:900310810::2,0.0,2026-10-02T01:01:04.695736+02:00
306896470,de:12067:900310972::1,0.0,2026-10-02T01:01:04.695736+02:00
306896470,de:12067:900310970::1,0.0,2026-10-02T01:01:04.695736+02:00
306896470,de:12067:900310105::1,0.0,2026-10-02T01:01:04.695736+02:00
306896470,de:12067:900310040::1,0.0,2026-10-02T01:01:04.695736+02:00
306896470,de:12067:900310109::1,0.0,2026-10-02T01:01:04.695736+02:00
306896470,de:12067:900310631::1,0.0,2026-10-02T01:01:04.695736+02:00
306896470,de:12067:900310106::1,0.0,2026-10-02T01:01:04.695736+02:00
306896470,de:12067:900310115::1,0.0,2026-10-02T01:01:04.695736+02:00
306896470,de:12067:900310119::1,0.0,2026-10-02T01:01:04.695736+02:00
306896470,de:12067:900310114::1,0.0,2026-10-02T01:01:04.695736+02:00
306896470,de:12067:900310103::1,0.0,2026-10-02T01:01:04.695736+02:00
306896470,de:12067:900310102::1,0.0,2026-10-02T01:01:04.695736+02:00
306896470,de:12067:900310113::1,0.0,2026-10-02T01:01:04.695736+02:00
295896090,de:11000:900135001:1:50,0.0,2026-10-02T01:01:04.695736+02:00
295896090,de:11000:900143001:1:51,-0.8,2026-10-02T01:01:04.695736+02:00
295896090,de:11000:900142001:1:51,-0.3,2026-10-02T01:01:04.695736+02:00
295896090,de:11000:900130001:1:51,-0.8,2026-10-02T01:01:04.695736+02:00
295896090,de:11000:900130002:1:51,-0.3,2026-10-02T01:01:04.695736+02:00
295896090,de:11000:900110011:1:51,-0.7,2026-10-02T01:01:04.695736+02:00
295896090,de:11000:900007102:1:50,-0.7,2026-10-02T01:01:04.695736+02:00
295896090,de:11000:900008101:1:50,-0.5,2026-10-02T01:01:04.695736+02:00
295896090,de:11000:900007104:1:51,-0.2,2026-10-02T01:01:04.695736+02:00
295896090,de:11000:900100007:1:50,-0.2,2026-10-02T01:01:04.695736+02:00
295896090,de:11000:900100001:4:56,0.0,2026-10-02T01:01:04.695736+02:00
295896090,de:11000:900100025:1:50,-0.9,2026-10-02T01:01:04.695736+02:00
295896090,de:11000:900100020:3:54,-0.9,2026-10-02T01:01:04.695736+02:00
295896090,de:11000:900012101:1:51,0.0,2026-10-02T01:01:04.695736+02:00
295896090,de:11000:900058103:1:50,-0.8,2026-10-02T01:01:04.695736+02:00
295896090,de:11000:900058101:1:50,-0.4,2026-10-02T01:01:04.695736+02:00
295896090,de:11000:900058102:1:50,-0.4,2026-10-02T01:01:04.695736+02:00
295896090,de:11000:900068301:1:50,-0.7,2026-10-02T01:01:04.695736+02:00
295896090,de:11000:900073101:1:50,-0.9,2026-10-02T01:01:04.695736+02:00
295896090,de:11000:900072101:1:50,-0.2,2026-10-02T01:01:04.695736+02:00
295896090,de:11000:900074202:1:50,-0.2,2026-10-02T01:01:04.695736+02:00
295896090,de:11000:900074201:1:50,-0.4,2026-10-02T01:01:04.695736+02:00
295903020,de:11000:900142001:1:51,0.0,2026-10-02T01:01:04.695736+02:00
295903020,de:11000:900130001:1:51,-0.2,2026-10-02T01:01:04.695736+02:00
295903020,de:11000:900130002:1:51,-0.7,2026-10-02T01:01:04.695736+02:00
295903020,de:11000:900110011:1:51,-0.2,2026-10-02T01:01:04.695736+02:00
295903020,de:11000:900007102:1:50,-0.7,2026-10-02T01:01:04.695736+02:00
295903020,de:11000:900008101:1:50,-0.4,2026-10-02T01:01:04.695736+02:00
295903020,de:11000:900007104:1:51,-0.2,2026-10-02T01:01:04.695736+02:00
295903020,de:11000:900100007:1:50,-0.2,2026-10-02T01:01:04.695736+02:00
295903020,de:11000:900100001:4:56,0.0,2026-10-02T01:01:04.695736+02:00
295903020,de:11000:900100025:1:50,-0.9,2026-10-02T01:01:04.695736+02:00
295903020,de:11000:900100020:3:54,-0.9,2026-10-02T01:01:04.695736+02:00
295903020,de:11000:900012101:1:51,0.0,2026-10-02T01:01:04.695736+02:00
295903020,de:11000:900058103:1:50,-0.7,2026-10-02T01:01:04.695736+02:00
295903020,de:11000:900058101:1:50,-0.3,2026-10-02T01:01:04.695736+02:00
295903020,de:11000:900058102:1:52,0.0,2026-10-02T01:01:04.695736+02:00
295903020,de:11000:900063452:1:50,-0.1,2026-10-02T01:01:04.695736+02:00
295903020,de:11000:900067221:1:50,-0.2,2026-10-02T01:01:04.695736+02:00
295903020,de:11000:900064301:3:52,-0.2,2026-10-02T01:01:04.695736+02:00
295903020,de:11000:900064256:1:50,-0.7,2026-10-02T01:01:04.695736+02:00
295903020,de:11000:900064201:1:50,-0.6,2026-10-02T01:01:04.695736+02:00
295903020,de:12069:900220114:1:50,-0.9,2026-10-02T01:01:04.695736+02:00
295903000,de:11000:900142001:1:51,0.0,2026-10-02T01:01:04.695736+02:00
295903000,de:11000:900130001:1:51,-0.2,2026-10-02T01:01:04.695736+02:00
295903000,de:11000:900130002:1:51,-0.7,2026-10-02T01:01:04.695736+02:00
295903000,de:11000:900110011:1:51,-0.2,2026-10-02T01:01:04.695736+02:00
295903000,de:11000:900007102:1:50,-0.7,2026-10-02T01:01:04.695736+02:00
295903000,de:11000:900008101:1:50,-0.4,2026-10-02T01:01:04.695736+02:00
295903000,de:11000:900007104:1:51,-0.2,2026-10-02T01:01:04.695736+02:00
295903000,de:11000:900100007:1:50,-0.2,2026-10-02T01:01:04.695736+02:00
295903000,de:11000:900100001:4:56,0.0,2026-10-02T01:01:04.695736+02:00
295903000,de:11000:900100025:1:50,-0.9,2026-10-02T01:01:04.695736+02:00
295903000,de:11000:900100020:3:54,-0.9,2026-10-02T01:01:04.695736+02:00
295903000,de:11000:900012101:1:51,0.0,2026-10-02T01:01:04.695736+02:00
295903000,de:11000:900058103:1:50,-0.7,2026-10-02T01:01:04.695736+02:00
295903000,de:11000:900058101:1:50,-0.3,2026-10-02T01:01:04.695736+02:00
295903000,de:11000:900058102:1:52,0.0,2026-10-02T01:01:04.695736+02:00
295903000,de:11000:900063452:1:50,-0.1,2026-10-02T01:01:04.695736+02:00
295903000,de:11000:900067221:1:50,-0.2,2026-10-02T01:01:04.695736+02:00
295903000,de:11000:900064301:3:52,-0.2,2026-10-02T01:01:04.695736+02:00
295903000,de:11000:900064256:1:50,-0.7,2026-10-02T01:01:04.695736+02:00
295903000,de:11000:900064201:1:50,-0.6,2026-10-02T01:01:04.695736+02:00
295903000,de:12069:900220114:1:50,-0.9,2026-10-02T01:01:04.695736+02:00
306896830,de:12067:900310001::4,0.0,2026-10-02T01:01:04.695736+02:00
306896830,de:12067:900310696::1,0.0,2026-10-02T01:01:04.695736+02:00
306896830,de:12067:900310788::1,0.0,2026-10-02T01:01:04.695736+02:00
306896830,de:12067:900310936::1,0.0,2026-10-02T01:01:04.695736+02:00
306896830,de:12067:900311125::1,0.0,2026-10-02T01:01:04.695736+02:00
306896830,de:12067:900310860::1,0.0,2026-10-02T01:01:04.695736+02:00
306896830,de:12067:900311157::1,0.0,2026-10-02T01:01:04.695736+02:00
306896830,de:12067:900310002::3,0.0,2026-10-02T01:01:04.695736+02:00
306896830,de:12067:900310895::1,0.0,2026-10-02T01:01:04.695736+02:00
306896830,de:12067:900310896::1,0.0,2026-10-02T01:01:04.695736+02:00
306896830,de:12067:900310897::1,0.0,2026-10-02T01:01:04.695736+02:00
306896830,de:12067:900310894::1,0.0,2026-10-02T01:01:04.695736+02:00
306896830,de:12064:900320891::2,0.0,2026-10-02T01:01:04.695736+02:00
295907203,de:12067:900310004:3:52,0.0,2026-10-02T01:01:04.695736+02:00
295907203,de:11000:900183002:1:50,-0.1,2026-10-02T01:01:04.695736+02:00
295907203,de:11000:900183001:1:50,-0.4,2026-10-02T01:01:04.695736+02:00
295907203,de:11000:900182002:1:50,0.0,2026-10-02T01:01:04.695736+02:00
295907203,de:11000:900182001:1:50,-0.2,2026-10-02T01:01:04.695736+02:00
295907203,de:11000:900180001:1:50,-0.7,2026-10-02T01:01:04.695736+02:00
295907203,de:11000:900180002:1:50,-0.7,2026-10-02T01:01:04.695736+02:00
295907203,de:11000:900162001:1:50,-0.9,2026-10-02T01:01:04.695736+02:00
295907203,de:11000:900160002:1:50,0.0,2026-10-02T01:01:04.695736+02:00
295907203,de:11000:900160001:1:50,-0.3,2026-10-02T01:01:04.695736+02:00
295907203,de:11000:900120003:3:55,-0.1,2026-10-02T01:01:04.695736+02:00
295907203,de:11000:900120004:2:53,-0.6,2026-10-02T01:01:04.695736+02:00
295907203,de:11000:900120005:5:58,-0.9,2026-10-02T01:01:04.695736+02:00
295907203,de:11000:900100004:1:51,-0.4,2026-10-02T01:01:04.695736+02:00
295907203,de:11000:900100003:2:53,-0.4,2026-10-02T01:01:04.695736+02:00
295907203,de:11000:900100002:1:51,-0.4,2026-10-02T01:01:04.695736+02:00
295907203,de:11000:900100001:3:55,-0.4,2026-10-02T01:01:04.695736+02:00
295907203,de:11000:900003201:3:55,-0.1,2026-10-02T01:01:04.695736+02:00
295907203,de:11000:900003102:1:51,-0.8,2026-10-02T01:01:04.695736+02:00
295907203,de:11000:900003103:1:51,-0.9,2026-10-02T01:01:04.695736+02:00
295907203,de:11000:900023201:3:55,-0.8,2026-10-02T01:01:04.695736+02:00
295907203,de:11000:900024203:1:51,-0.8,2026-10-02T01:01:04.695736+02:00
295907203,de:11000:900024101:4:57,-0.8,2026-10-02T01:01:04.695736+02:00
295907203,de:11000:900024102:1:50,-0.1,2026-10-02T01:01:04.695736+02:00
295907203,de:11000:900025423:1:50,-0.4,2026-10-02T01:01:04.695736+02:00
295907203,de:11000:900026105:1:50,-0.7,2026-10-02T01:01:04.695736+02:00
295907203,de:11000:900025321:1:50,-0.3,2026-10-02T01:01:04.695736+02:00
295907203,de:11000:900025424:1:50,-0.3,2026-10-02T01:01:04.695736+02:00
295907203,de:11000:900030202:1:50,-0.9,2026-10-02T01:01:04.695736+02:00
295907203,de:11000:900029101:1:50,-0.9,2026-10-02T01:01:04.695736+02:00
306896073,de:12067:900310511::1,0.0,2026-10-02T01:01:04.695736+02:00
306896073,de:12067:900310014::2,0.0,2026-10-02T01:01:04.695736+02:00
306896073,de:12067:900310502::2,0.0,2026-10-02T01:01:04.695736+02:00
306896073,de:12067:900310503::2,0.0,2026-10-02T01:01:04.695736+02:00
306896073,de:12067:900310529::2,0.0,2026-10-02T01:01:04.695736+02:00
306896073,de:12067:900310574::2,0.0,2026-10-02T01:01:04.695736+02:00
306896073,de:12067:900311012::2,0.0,2026-10-02T01:01:04.695736+02:00
306896073,de:12067:900311014::2,0.0,2026-10-02T01:01:04.695736+02:00
306896073,de:12067:900310516::1,0.0,2026-10-02T01:01:04.695736+02:00
306896073,de:12067:900311096::1,0.0,2026-10-02T01:01:04.695736+02:00
306896073,de:12067:900311097::2,0.0,2026-10-02T01:01:04.695736+02:00
306896073,de:12067:900311095::2,0.0,2026-10-02T01:01:04.695736+02:00
306896073,de:12067:900310580::2,0.0,2026-10-02T01:01:04.695736+02:00
306896073,de:12067:900310578::4,0.0,2026-10-02T01:01:04.695736+02:00
306896073,de:12067:900310534::2,0.0,2026-10-02T01:01:04.695736+02:00
306896073,de:11000:900310550::2,0.0,2026-10-02T01:01:04.695736+02:00
306896073,de:12067:900310572::2,0.0,2026-10-02T01:01:04.695736+02:00
306896073,de:12067:900310013::7,0.0,2026-10-02T01:01:04.695736+02:00
307444554,de:11000:900029101:3:54,0.0,2026-10-02T01:01:04.695736+02:00
307444554,de:11000:900020201:1:50,0.0,2026-10-02T01:01:04.695736+02:00
307444554,de:11000:900003200:1:51,0.0,2026-10-02T01:01:04.695736+02:00
307444554,de:11000:900100020:1:51,0.0,2026-10-02T01:01:04.695736+02:00
307444554,de:11000:900058101:2:53,0.0,2026-10-02T01:01:04.695736+02:00
307444554,de:11000:900064301:1:50,0.0,2026-10-02T01:01:04.695736+02:00
307444554,de:12072:900245029:1:50,0.0,2026-10-02T01:01:04.695736+02:00
307444554,de:12072:900245037:1:50,0.0,2026-10-02T01:01:04.695736+02:00
307444554,de:12072:900245010:1:50,0.0,2026-10-02T01:01:04.695736+02:00
307444554,de:12072:900245016:1:50,0.0,2026-10-02T01:01:04.695736+02:00
307444554,de:12072:900245002:2:52,0.0,2026-10-02T01:01:04.695736+02:00
307444554,de:12072:900245019:1:50,0.0,2026-10-02T01:01:04.695736+02:00
307444554,de:12072:900245303:1:50,0.0,2026-10-02T01:01:04.695736+02:00
307444554,000300838001,0.0,2026-10-02T01:01:04.695736+02:00
307444554,000300839001,0.0,2026-10-02T01:01:04.695736+02:00
307444554,de:12062:900415683:1:50,0.0,2026-10-02T01:01:04.695736+02:00
307444554,de:12062:900415345:1:50,0.0,2026-10-02T01:01:04.695736+02:00
307444154,de:12072:900245002:2:52,0.0,2026-10-02T01:01:04.695736+02:00
307444154,de:12072:900245016:2:51,0.0,2026-10-02T01:01:04.695736+02:00
307444154,de:12072:900245010:2:51,0.0,2026-10-02T01:01:04.695736+02:00
307444154,de:12072:900245037:2:51,0.0,2026-10-02T01:01:04.695736+02:00
307444154,de:12072:900245029:2:53,0.0,2026-10-02T01:01:04.695736+02:00
307444154,de:11000:900064301:2:51,0.0,2026-10-02T01:01:04.695736+02:00
307444154,de:11000:900058101:3:55,0.0,2026-10-02T01:01:04.695736+02:00
307444154,de:11000:900100020:2:52,0.0,2026-10-02T01:01:04.695736+02:00
307444154,de:11000:900003200:4:56,0.0,2026-10-02T01:01:04.695736+02:00
307444154,de:11000:900020201:1:51,0.0,2026-10-02T01:01:04.695736+02:00
307444154,de:11000:900029101:2:53,0.0,2026-10-02T01:01:04.695736+02:00
307444153,de:12072:900245002:2:52,0.0,2026-10-02T01:01:04.695736+02:00
307444153,de:12072:900245016:2:51,0.0,2026-10-02T01:01:04.695736+02:00
307444153,de:12072:900245010:2:51,0.0,2026-10-02T01:01:04.695736+02:00
307444153,de:12072:900245037:2:51,0.0,2026-10-02T01:01:04.695736+02:00
307444153,de:12072:900245029:2:53,0.0,2026-10-02T01:01:04.695736+02:00
307444153,de:11000:900064301:2:51,0.0,2026-10-02T01:01:04.695736+02:00
307444153,de:11000:900058101:3:55,0.0,2026-10-02T01:01:04.695736+02:00
307444153,de:11000:900100020:2:52,0.0,2026-10-02T01:01:04.695736+02:00
307444153,de:11000:900003200:4:56,0.0,2026-10-02T01:01:04.695736+02:00
307444153,de:11000:900020201:1:51,0.0,2026-10-02T01:01:04.695736+02:00
307444153,de:11000:900029101:2:53,0.0,2026-10-02T01:01:04.695736+02:00
295910951,de:11000:900120005:4:56,0.0,2026-10-02T01:01:04.695736+02:00
295910951,de:11000:900120004:1:50,-0.9,2026-10-02T01:01:04.695736+02:00
295910951,de:11000:900120003:2:53,-0.1,2026-10-02T01:01:04.695736+02:00
295910951,de:11000:900160001:1:51,-0.9,2026-10-02T01:01:04.695736+02:00
295910951,de:11000:900160002:1:50,-0.2,2026-10-02T01:01:04.695736+02:00
295910951,de:11000:900162001:1:51,-0.3,2026-10-02T01:01:04.695736+02:00
306895762,de:12067:900310001::5,0.0,2026-10-02T01:01:04.695736+02:00
306895762,de:12067:900311149::1,0.0,2026-10-02T01:01:04.695736+02:00
306895762,de:12067:900310835::1,0.0,2026-10-02T01:01:04.695736+02:00
306895762,de:12067:900310825::1,0.0,2026-10-02T01:01:04.695736+02:00
306895762,de:12067:900310805::1,0.0,2026-10-02T01:01:04.695736+02:00
306895766,de:12067:900310001::5,0.0,2026-10-02T01:01:04.695736+02:00
306895766,de:12067:900311149::1,0.0,2026-10-02T01:01:04.695736+02:00
306895766,de:12067:900310835::1,0.0,2026-10-02T01:01:04.695736+02:00
306895766,de:12067:900310825::1,0.0,2026-10-02T01:01:04.695736+02:00
306895766,de:12067:900310805::1,0.0,2026-10-02T01:01:04.695736+02:00
295910355,de:12067:900310004:3:53,0.0,2026-10-02T01:01:04.695736+02:00
295910355,de:11000:900183002:1:50,-0.1,2026-10-02T01:01:04.695736+02:00
295910355,de:11000:900183001:1:50,-0.4,2026-10-02T01:01:04.695736+02:00
295910355,de:11000:900182002:1:50,0.0,2026-10-02T01:01:04.695736+02:00
295910355,de:11000:900182001:1:50,-0.2,2026-10-02T01:01:04.695736+02:00
295910355,de:11000:900180001:1:50,-0.7,2026-10-02T01:01:04.695736+02:00
295910355,de:11000:900180002:1:50,-0.7,2026-10-02T01:01:04.695736+02:00
295910355,de:11000:900162001:1:50,-0.9,2026-10-02T01:01:04.695736+02:00
295910355,de:11000:900160002:1:50,0.0,2026-10-02T01:01:04.695736+02:00
295910355,de:11000:900160001:1:50,-0.3,2026-10-02T01:01:04.695736+02:00
295910355,de:11000:900120003:3:55,-0.1,2026-10-02T01:01:04.695736+02:00
295910355,de:11000:900120004:2:53,-0.6,2026-10-02T01:01:04.695736+02:00
295910355,de:11000:900120005:5:58,-0.9,2026-10-02T01:01:04.695736+02:00
295910355,de:11000:900100004:1:51,-0.9,2026-10-02T01:01:04.695736+02:00
295910355,de:11000:900100003:2:53,-0.9,2026-10-02T01:01:04.695736+02:00
295910355,de:11000:900100002:1:51,-0.9,2026-10-02T01:01:04.695736+02:00
295910355,de:11000:900100001:3:55,-0.9,2026-10-02T01:01:04.695736+02:00
295910355,de:11000:900003201:3:55,-0.6,2026-10-02T01:01:04.695736+02:00
295910355,de:11000:900003102:1:51,-0.3,2026-10-02T01:01:04.695736+02:00
295910355,de:11000:900003103:1:51,-0.4,2026-10-02T01:01:04.695736+02:00
295910355,de:11000:900023201:3:55,-0.3,2026-10-02T01:01:04.695736+02:00
295910355,de:11000:900024203:1:51,-0.3,2026-10-02T01:01:04.695736+02:00
295910355,de:11000:900024101:4:56,-0.3,2026-10-02T01:01:04.695736+02:00
307437004,de:12069:900220143:1:50,0.0,2026-10-02T01:01:04.695736+02:00
307437004,de:12069:900220142:1:50,0.0,2026-10-02T01:01:04.695736+02:00
307437004,de:12069:900220141:1:50,0.0,2026-10-02T01:01:04.695736+02:00
307437004,de:12069:900222030:2:51,0.0,2026-10-02T01:01:04.695736+02:00
307437004,de:12069:900220005:2:51,0.0,2026-10-02T01:01:04.695736+02:00
307437004,de:12069:900220004:2:51,0.0,2026-10-02T01:01:04.695736+02:00
307437004,de:12069:900220003:1:51,0.0,2026-10-02T01:01:04.695736+02:00
307437004,de:12069:900220006:2:51,0.0,2026-10-02T01:01:04.695736+02:00
307437004,de:12069:900220008:2:51,0.0,2026-10-02T01:01:04.695736+02:00
307437004,de:12054:900230001:2:51,0.0,2026-10-02T01:01:04.695736+02:00
307437004,de:11000:900053301:3:55,0.0,2026-10-02T01:01:04.695736+02:00
307437004,de:11000:900024101:1:50,0.0,2026-10-02T01:01:04.695736+02:00
307436291,de:11000:900024101:1:51,0.0,2026-10-02T01:01:04.695736+02:00
307436291,de:11000:900053301:3:54,0.0,2026-10-02T01:01:04.695736+02:00
307436291,de:12054:900230001:1:50,0.0,2026-10-02T01:01:04.695736+02:00
307436291,de:12069:900220008:1:50,0.0,2026-10-02T01:01:04.695736+02:00
307436291,de:12069:900220006:1:50,0.0,2026-10-02T01:01:04.695736+02:00
307436291,de:12069:900220003:1:50,0.0,2026-10-02T01:01:04.695736+02:00
307436291,de:12069:900220004:1:50,0.0,2026-10-02T01:01:04.695736+02:00
307436291,de:12069:900220005:1:50,0.0,2026-10-02T01:01:04.695736+02:00
307436291,de:12069:900222030:1:50,0.0,2026-10-02T01:01:04.695736+02:00
307436291,de:12069:900220141:1:50,0.0,2026-10-02T01:01:04.695736+02:00
307436291,de:12069:900220142:1:50,0.0,2026-10-02T01:01:04.695736+02:00
307436291,de:12069:900220143:1:50,0.0,2026-10-02T01:01:04.695736+02:00
307436289,de:11000:900024101:1:51,0.0,2026-10-02T01:01:04.695736+02:00
307436289,de:11000:900053301:3:54,0.0,2026-10-02T01:01:04.695736+02:00
307436289,de:12054:900230001:1:50,0.0,2026-10-02T01:01:04.695736+02:00
307436289,de:12069:900220008:1:50,0.0,2026-10-02T01:01:04.695736+02:00
307436289,de:12069:900220006:1:50,0.0,2026-10-02T01:01:04.695736+02:00
307436289,de:12069:900220003:1:50,0.0,2026-10-02T01:01:04.695736+02:00
307436289,de:12069:900220004:1:50,0.0,2026-10-02T01:01:04.695736+02:00
307436289,de:12069:900220005:1:50,0.0,2026-10-02T01:01:04.695736+02:00
307436289,de:12069:900222030:1:50,0.0,2026-10-02T01:01:04.695736+02:00
307436289,de:12069:900220141:1:50,0.0,2026-10-02T01:01:04.695736+02:00
307436289,de:12069:900220142:1:50,0.0,2026-10-02T01:01:04.695736+02:00
307436289,de:12069:900220143:1:50,0.0,2026-10-02T01:01:04.695736+02:00
307446613,de:12062:900415345:5:56,0.0,2026-10-02T01:01:04.695736+02:00
307446613,de:12062:900416072:1:50,0.0,2026-10-02T01:01:04.695736+02:00
307446613,de:14730:8011131,0.0,2026-10-02T01:01:04.695736+02:00
307446613,de:14730:8010351,0.0,2026-10-02T01:01:04.695736+02:00
307446613,de:14730:8012371,0.0,2026-10-02T01:01:04.695736+02:00
307446613,de:14730:8011387,0.0,2026-10-02T01:01:04.695736+02:00
307446613,de:14730:8010161,0.0,2026-10-02T01:01:04.695736+02:00
307446613,de:14730:8010095,0.0,2026-10-02T01:01:04.695736+02:00
307446613,de:14730:8011959,0.0,2026-10-02T01:01:04.695736+02:00
307446613,de:14730:8012656,0.0,2026-10-02T01:01:04.695736+02:00
307446613,de:14730:8013093,0.0,2026-10-02T01:01:04.695736+02:00
307446613,de:14713:8012190,0.0,2026-10-02T01:01:04.695736+02:00
307446613,de:14713:8012195,0.0,2026-10-02T01:01:04.695736+02:00
307446613,000008012273,0.0,2026-10-02T01:01:04.695736+02:00
307446613,de:14713:8012196,0.0,2026-10-02T01:01:04.695736+02:00
307446613,de:14713:8010205,0.0,2026-10-02T01:01:04.695736+02:00
307446613,de:14713:8080930,0.0,2026-10-02T01:01:04.695736+02:00
307446613,de:14713:8010208,0.0,2026-10-02T01:01:04.695736+02:00
307446613,de:14713:8011491,0.0,2026-10-02T01:01:04.695736+02:00
307446613,de:14729:8010059,0.0,2026-10-02T01:01:04.695736+02:00
307446613,de:14729:8011626,0.0,2026-10-02T01:01:04.695736+02:00
307446613,de:14729:8012284,0.0,2026-10-02T01:01:04.695736+02:00
307446613,de:14729:8011018,0.0,2026-10-02T01:01:04.695736+02:00
307446613,de:14729:8013362,0.0,2026-10-02T01:01:04.695736+02:00
307446613,de:14729:8013361,0.0,2026-10-02T01:01:04.695736+02:00
306897107,de:12067:900311238::1,0.0,2026-10-02T01:01:04.695736+02:00
306897107,de:12067:900311236::2,0.0,2026-10-02T01:01:04.695736+02:00
306897107,de:12067:900311232::1,0.0,2026-10-02T01:01:04.695736+02:00
306897107,de:12067:900311624::2,0.0,2026-10-02T01:01:04.695736+02:00
306897107,de:12067:900311622::2,0.0,2026-10-02T01:01:04.695736+02:00
306897107,de:12067:900311632::2,0.0,2026-10-02T01:01:04.695736+02:00
306897107,de:12067:900311634::1,0.0,2026-10-02T01:01:04.695736+02:00
306897107,de:12067:900311591::1,0.0,2026-10-02T01:01:04.695736+02:00
306897107,de:12067:900311590::2,0.0,2026-10-02T01:01:04.695736+02:00
306897107,de:12067:900311370::2,0.0,2026-10-02T01:01:04.695736+02:00
306897107,de:12067:900311373::2,0.0,2026-10-02T01:01:04.695736+02:00
306897107,de:12067:900311301::2,0.0,2026-10-02T01:01:04.695736+02:00
306897107,de:12067:900311339::2,0.0,2026-10-02T01:01:04.695736+02:00
306897107,de:12067:900311309::1,0.0,2026-10-02T01:01:04.695736+02:00
306897107,de:12067:900311310::1,0.0,2026-10-02T01:01:04.695736+02:00
306897107,de:12067:900311307::1,0.0,2026-10-02T01:01:04.695736+02:00
306897107,de:12067:900311308::4,0.0,2026-10-02T01:01:04.695736+02:00
295910323,de:12067:900310004:3:53,0.0,2026-10-02T01:01:04.695736+02:00
295910323,de:11000:900183002:1:50,-0.1,2026-10-02T01:01:04.695736+02:00
295910323,de:11000:900183001:1:50,-0.4,2026-10-02T01:01:04.695736+02:00
295910323,de:11000:900182002:1:50,0.0,2026-10-02T01:01:04.695736+02:00
295910323,de:11000:900182001:1:50,-0.2,2026-10-02T01:01:04.695736+02:00
295910323,de:11000:900180001:1:50,-0.7,2026-10-02T01:01:04.695736+02:00
295910323,de:11000:900180002:1:50,-0.7,2026-10-02T01:01:04.695736+02:00
295910323,de:11000:900162001:1:50,-0.9,2026-10-02T01:01:04.695736+02:00
295910323,de:11000:900160002:1:50,0.0,2026-10-02T01:01:04.695736+02:00
295910323,de:11000:900160001:1:50,-0.3,2026-10-02T01:01:04.695736+02:00
295910323,de:11000:900120003:3:55,-0.1,2026-10-02T01:01:04.695736+02:00
295910323,de:11000:900120004:2:53,-0.6,2026-10-02T01:01:04.695736+02:00
295910323,de:11000:900120005:5:58,-0.9,2026-10-02T01:01:04.695736+02:00
295910323,de:11000:900100004:1:51,-0.9,2026-10-02T01:01:04.695736+02:00
295910323,de:11000:900100003:2:53,-0.9,2026-10-02T01:01:04.695736+02:00
295910323,de:11000:900100002:1:51,-0.9,2026-10-02T01:01:04.695736+02:00
295910323,de:11000:900100001:3:55,-0.9,2026-10-02T01:01:04.695736+02:00
295910323,de:11000:900003201:3:55,-0.6,2026-10-02T01:01:04.695736+02:00
295910323,de:11000:900003102:1:51,-0.3,2026-10-02T01:01:04.695736+02:00
295910323,de:11000:900003103:1:51,-0.4,2026-10-02T01:01:04.695736+02:00
295910323,de:11000:900023201:3:55,-0.3,2026-10-02T01:01:04.695736+02:00
295910323,de:11000:900024203:1:51,-0.3,2026-10-02T01:01:04.695736+02:00
295910323,de:11000:900024101:4:56,-0.3,2026-10-02T01:01:04.695736+02:00
295910323,de:11000:900024102:1:51,-0.6,2026-10-02T01:01:04.695736+02:00
295910323,de:11000:900048101:1:51,-0.8,2026-10-02T01:01:04.695736+02:00
295910107,de:11000:900024101:3:55,0.0,2026-10-02T01:01:04.695736+02:00
295910107,de:11000:900024203:1:51,-0.3,2026-10-02T01:01:04.695736+02:00
295910107,de:11000:900023201:3:54,-0.2,2026-10-02T01:01:04.695736+02:00
295910107,de:11000:900003103:1:50,-0.3,2026-10-02T01:01:04.695736+02:00
295910107,de:11000:900003102:1:50,-0.4,2026-10-02T01:01:04.695736+02:00
295910107,de:11000:900003201:3:54,0.0,2026-10-02T01:01:04.695736+02:00
295910107,de:11000:900100001:3:54,-0.6,2026-10-02T01:01:04.695736+02:00
295910107,de:11000:900100002:1:50,-0.9,2026-10-02T01:01:04.695736+02:00
295910107,de:11000:900100003:2:52,-0.6,2026-10-02T01:01:04.695736+02:00
295910107,de:11000:900100004:1:50,-0.9,2026-10-02T01:01:04.695736+02:00
295910107,de:11000:900120005:4:55,-0.1,2026-10-02T01:01:04.695736+02:00
295910107,de:11000:900120004:1:50,-0.1,2026-10-02T01:01:04.695736+02:00
295910107,de:11000:900120003:2:53,-0.4,2026-10-02T01:01:04.695736+02:00
295910107,de:11000:900160001:1:51,-0.4,2026-10-02T01:01:04.695736+02:00
295910107,de:11000:900160002:1:50,-0.7,2026-10-02T01:01:04.695736+02:00
295910107,de:11000:900162001:1:51,-0.3,2026-10-02T01:01:04.695736+02:00
295910107,de:11000:900180002:1:51,-0.3,2026-10-02T01:01:04.695736+02:00
295910107,de:11000:900180001:1:50,-0.7,2026-10-02T01:01:04.695736+02:00
295910107,de:11000:900182001:1:51,-0.2,2026-10-02T01:01:04.695736+02:00
295910107,de:11000:900182002:1:51,-0.4,2026-10-02T01:01:04.695736+02:00
295910107,de:11000:900183001:1:51,0.0,2026-10-02T01:01:04.695736+02:00
295910107,de:11000:900183002:1:51,-0.3,2026-10-02T01:01:04.695736+02:00
295910107,de:12067:900310004:3:52,-0.5,2026-10-02T01:01:04.695736+02:00
307280592,de:11000:900020202:1:51,0.0,2026-10-02T01:01:04.695736+02:00
307280592,de:11000:900001201:1:51,-0.2,2026-10-02T01:01:04.695736+02:00
307280592,de:11000:900009104:1:51,-0.8,2026-10-02T01:01:04.695736+02:00
307280592,de:11000:900007102:2:52,-0.9,2026-10-02T01:01:04.695736+02:00
307280592,de:11000:900110001:1:50,-0.6,2026-10-02T01:01:04.695736+02:00
307280592,de:11000:900110002:1:50,-0.4,2026-10-02T01:01:04.695736+02:00
307280592,de:11000:900110003:1:50,-0.4,2026-10-02T01:01:04.695736+02:00
307280592,de:11000:900110004:1:50,-0.8,2026-10-02T01:01:04.695736+02:00
307280592,de:11000:900110012:1:50,-0.7,2026-10-02T01:01:04.695736+02:00
307280592,de:11000:900120001:1:50,-0.7,2026-10-02T01:01:04.695736+02:00
307280592,de:11000:900120003:5:58,-0.1,2026-10-02T01:01:04.695736+02:00
307280592,de:11000:900190001:1:50,-0.4,2026-10-02T01:01:04.695736+02:00
307280592,de:11000:900077106:1:50,-0.4,2026-10-02T01:01:04.695736+02:00
307280592,de:11000:900078201:1:50,-0.3,2026-10-02T01:01:04.695736+02:00
307280592,de:11000:900079221:1:50,-0.2,2026-10-02T01:01:04.695736+02:00
307280592,de:11000:900068201:1:50,-0.8,2026-10-02T01:01:04.695736+02:00
307280592,de:11000:900058101:5:58,-0.1,2026-10-02T01:01:04.695736+02:00
307280592,de:11000:900054104:2:52,-0.2,2026-10-02T01:01:04.695736+02:00
307280592,de:11000:900054105:1:50,-0.9,2026-10-02T01:01:04.695736+02:00
307280592,de:11000:900044202:1:50,-0.7,2026-10-02T01:01:04.695736+02:00
307280592,de:11000:900045102:1:50,-0.7,2026-10-02T01:01:04.695736+02:00
307280592,de:11000:900044101:1:50,-0.8,2026-10-02T01:01:04.695736+02:00
307280592,de:11000:900040101:1:50,-0.8,2026-10-02T01:01:04.695736+02:00
307280455,de:11000:900020202:1:50,0.0,2026-10-02T01:01:04.695736+02:00
307280455,de:11000:900001201:1:50,-0.2,2026-10-02T01:01:04.695736+02:00
307280455,de:11000:900009104:1:50,-0.8,2026-10-02T01:01:04.695736+02:00
307280455,de:11000:900007102:2:52,-0.4,2026-10-02T01:01:04.695736+02:00
307280455,de:11000:900110001:1:50,-0.6,2026-10-02T01:01:04.695736+02:00
307280455,de:11000:900110002:1:50,-0.4,2026-10-02T01:01:04.695736+02:00
307280455,de:11000:900110003:1:50,-0.4,2026-10-02T01:01:04.695736+02:00
307280455,de:11000:900110004:1:50,-0.8,2026-10-02T01:01:04.695736+02:00
307280455,de:11000:900110012:1:50,-0.7,2026-10-02T01:01:04.695736+02:00
307280455,de:11000:900120001:1:50,-0.7,2026-10-02T01:01:04.695736+02:00
307280455,de:11000:900120003:5:58,-0.1,2026-10-02T01:01:04.695736+02:00
307280455,de:11000:900190001:1:50,-0.4,2026-10-02T01:01:04.695736+02:00
307280455,de:11000:900077106:1:50,-0.4,2026-10-02T01:01:04.695736+02:00
307280455,de:11000:900078201:1:50,-0.3,2026-10-02T01:01:04.695736+02:00
307280455,de:11000:900079221:1:50,-0.2,2026-10-02T01:01:04.695736+02:00
307280455,de:11000:900068201:1:50,-0.8,2026-10-02T01:01:04.695736+02:00
307280455,de:11000:900058101:5:58,-0.1,2026-10-02T01:01:04.695736+02:00
307280455,de:11000:900054104:2:52,-0.7,2026-10-02T01:01:04.695736+02:00
307280455,de:11000:900054105:1:50,-0.9,2026-10-02T01:01:04.695736+02:00
307280455,de:11000:900044202:1:50,-0.7,2026-10-02T01:01:04.695736+02:00
307280455,de:11000:900045102:1:50,-0.7,2026-10-02T01:01:04.695736+02:00
307280455,de:11000:900044101:1:50,-0.8,2026-10-02T01:01:04.695736+02:00
307280455,de:11000:900040101:1:50,-0.3,2026-10-02T01:01:04.695736+02:00
307280455,de:11000:900024101:3:54,-0.8,2026-10-02T01:01:04.695736+02:00
307280447,de:11000:900020202:1:50,0.0,2026-10-02T01:01:04.695736+02:00
307280447,de:11000:900001201:1:50,-0.2,2026-10-02T01:01:04.695736+02:00
307280447,de:11000:900009104:1:50,-0.8,2026-10-02T01:01:04.695736+02:00
307280447,de:11000:900007102:2:52,-0.4,2026-10-02T01:01:04.695736+02:00
307280447,de:11000:900110001:1:50,-0.6,2026-10-02T01:01:04.695736+02:00
307280447,de:11000:900110002:1:50,-0.4,2026-10-02T01:01:04.695736+02:00
307280447,de:11000:900110003:1:50,-0.4,2026-10-02T01:01:04.695736+02:00
307280447,de:11000:900110004:1:50,-0.8,2026-10-02T01:01:04.695736+02:00
307280447,de:11000:900110012:1:50,-0.7,2026-10-02T01:01:04.695736+02:00
307280447,de:11000:900120001:1:50,-0.7,2026-10-02T01:01:04.695736+02:00
307280447,de:11000:900120003:5:58,-0.1,2026-10-02T01:01:04.695736+02:00
307280447,de:11000:900190001:1:50,-0.4,2026-10-02T01:01:04.695736+02:00
307280447,de:11000:900077106:1:50,-0.4,2026-10-02T01:01:04.695736+02:00
307280447,de:11000:900078201:1:50,-0.3,2026-10-02T01:01:04.695736+02:00
307280447,de:11000:900079221:1:50,-0.2,2026-10-02T01:01:04.695736+02:00
307280447,de:11000:900068201:1:50,-0.8,2026-10-02T01:01:04.695736+02:00
307280447,de:11000:900058101:5:58,-0.1,2026-10-02T01:01:04.695736+02:00
307280447,de:11000:900054104:2:52,-0.7,2026-10-02T01:01:04.695736+02:00
307280447,de:11000:900054105:1:50,-0.9,2026-10-02T01:01:04.695736+02:00
307280447,de:11000:900044202:1:50,-0.7,2026-10-02T01:01:04.695736+02:00
307280447,de:11000:900045102:1:50,-0.7,2026-10-02T01:01:04.695736+02:00
307280447,de:11000:900044101:1:50,-0.8,2026-10-02T01:01:04.695736+02:00
307280447,de:11000:900040101:1:50,-0.3,2026-10-02T01:01:04.695736+02:00
307280447,de:11000:900024101:3:54,-0.8,2026-10-02T01:01:04.695736+02:00
307286637,de:11000:900024101:3:54,0.0,2026-10-02T01:01:04.695736+02:00
307286637,de:11000:900040101:1:50,-0.2,2026-10-02T01:01:04.695736+02:00
307286637,de:11000:900044101:1:50,-0.3,2026-10-02T01:01:04.695736+02:00
307286637,de:11000:900045102:1:51,-0.4,2026-10-02T01:01:04.695736+02:00
307286637,de:11000:900044202:1:51,-0.4,2026-10-02T01:01:04.695736+02:00
307286637,de:11000:900054105:1:51,-0.2,2026-10-02T01:01:04.695736+02:00
307286637,de:11000:900054104:2:53,-0.8,2026-10-02T01:01:04.695736+02:00
307286637,de:11000:900058101:5:59,-0.2,2026-10-02T01:01:04.695736+02:00
307286637,de:11000:900068201:1:51,-0.8,2026-10-02T01:01:04.695736+02:00
307286637,de:11000:900079221:1:51,-0.4,2026-10-02T01:01:04.695736+02:00
307286637,de:11000:900078201:1:51,-0.1,2026-10-02T01:01:04.695736+02:00
307286637,de:11000:900077106:1:51,0.0,2026-10-02T01:01:04.695736+02:00
307286637,de:11000:900190001:2:52,-0.9,2026-10-02T01:01:04.695736+02:00
307286637,de:11000:900120003:5:59,-0.4,2026-10-02T01:01:04.695736+02:00
307286637,de:11000:900120001:1:51,0.0,2026-10-02T01:01:04.695736+02:00
307286637,de:11000:900110012:1:51,-0.2,2026-10-02T01:01:04.695736+02:00
307286637,de:11000:900110004:1:51,-0.1,2026-10-02T01:01:04.695736+02:00
307286637,de:11000:900110003:1:51,-0.4,2026-10-02T01:01:04.695736+02:00
307286637,de:11000:900110002:1:51,-0.4,2026-10-02T01:01:04.695736+02:00
307286637,de:11000:900110001:1:51,-0.1,2026-10-02T01:01:04.695736+02:00
307286637,de:11000:900007102:1:51,-0.6,2026-10-02T01:01:04.695736+02:00
307286637,de:11000:900009104:1:51,-0.8,2026-10-02T01:01:04.695736+02:00
307286637,de:11000:900001201:1:51,-0.3,2026-10-02T01:01:04.695736+02:00
307286637,de:11000:900020202:1:51,-0.1,2026-10-02T01:01:04.695736+02:00
307286696,de:11000:900040101:1:50,0.0,2026-10-02T01:01:04.695736+02:00
307286696,de:11000:900044101:1:50,-0.8,2026-10-02T01:01:04.695736+02:00
307286696,de:11000:900045102:1:51,-0.9,2026-10-02T01:01:04.695736+02:00
307286696,de:11000:900044202:1:51,-0.9,2026-10-02T01:01:04.695736+02:00
307286696,de:11000:900054105:1:51,-0.7,2026-10-02T01:01:04.695736+02:00
307286696,de:11000:900054104:2:53,-0.3,2026-10-02T01:01:04.695736+02:00
307286696,de:11000:900058101:5:59,-0.2,2026-10-02T01:01:04.695736+02:00
307286696,de:11000:900068201:1:51,-0.8,2026-10-02T01:01:04.695736+02:00
307286696,de:11000:900079221:1:51,-0.4,2026-10-02T01:01:04.695736+02:00
307286696,de:11000:900078201:1:51,-0.1,2026-10-02T01:01:04.695736+02:00
307286696,de:11000:900077106:1:51,0.0,2026-10-02T01:01:04.695736+02:00
307286696,de:11000:900190001:2:52,-0.9,2026-10-02T01:01:04.695736+02:00
307286696,de:11000:900120003:5:59,-0.4,2026-10-02T01:01:04.695736+02:00
307286696,de:11000:900120001:1:51,0.0,2026-10-02T01:01:04.695736+02:00
307286696,de:11000:900110012:1:51,-0.2,2026-10-02T01:01:04.695736+02:00
307286696,de:11000:900110004:1:51,-0.1,2026-10-02T01:01:04.695736+02:00
307286696,de:11000:900110003:1:51,-0.4,2026-10-02T01:01:04.695736+02:00
307286696,de:11000:900110002:1:51,-0.4,2026-10-02T01:01:04.695736+02:00
307286696,de:11000:900110001:1:51,-0.1,2026-10-02T01:01:04.695736+02:00
307286696,de:11000:900007102:1:51,-0.6,2026-10-02T01:01:04.695736+02:00
307286696,de:11000:900009104:1:50,-0.8,2026-10-02T01:01:04.695736+02:00
307286696,de:11000:900001201:1:50,-0.3,2026-10-02T01:01:04.695736+02:00
307286696,de:11000:900020202:1:50,-0.1,2026-10-02T01:01:04.695736+02:00
307292230,de:11000:900044202:1:51,0.0,2026-10-02T01:01:04.695736+02:00
307292230,de:11000:900054105:1:51,-0.2,2026-10-02T01:01:04.695736+02:00
307292230,de:11000:900054104:2:53,-0.8,2026-10-02T01:01:04.695736+02:00
307292230,de:11000:900058101:5:59,-0.7,2026-10-02T01:01:04.695736+02:00
307292230,de:11000:900068201:1:51,-0.3,2026-10-02T01:01:04.695736+02:00
307292230,de:11000:900079221:1:51,-0.9,2026-10-02T01:01:04.695736+02:00
307292230,de:11000:900078201:1:51,-0.6,2026-10-02T01:01:04.695736+02:00
307292230,de:11000:900077155:1:51,-0.2,2026-10-02T01:01:04.695736+02:00
307292230,de:11000:900191001:2:51,-0.7,2026-10-02T01:01:04.695736+02:00
307292230,de:11000:900192001:2:52,-0.7,2026-10-02T01:01:04.695736+02:00
307292230,de:11000:900193001:1:50,-0.2,2026-10-02T01:01:04.695736+02:00
307292230,de:11000:900193002:1:50,-0.8,2026-10-02T01:01:04.695736+02:00
307292230,de:11000:900186001:1:50,-0.8,2026-10-02T01:01:04.695736+02:00
307292230,de:12061:900260004:1:50,-0.2,2026-10-02T01:01:04.695736+02:00
307292230,de:12061:900260003:1:50,-0.4,2026-10-02T01:01:04.695736+02:00
307292230,de:12061:900260002:1:51,-0.2,2026-10-02T01:01:04.695736+02:00
307292230,de:12061:900260001:2:52,-0.2,2026-10-02T01:01:04.695736+02:00
295928994,de:11000:900186001:2:52,0.0,2026-10-02T01:01:04.695736+02:00
295928994,de:11000:900193002:1:51,-0.2,2026-10-02T01:01:04.695736+02:00
295928994,de:11000:900193001:2:51,-0.8,2026-10-02T01:01:04.695736+02:00
295928994,de:11000:900192001:3:55,-0.7,2026-10-02T01:01:04.695736+02:00
295928994,de:11000:900191001:1:50,-0.4,2026-10-02T01:01:04.695736+02:00
295928994,de:11000:900077155:1:50,-0.9,2026-10-02T01:01:04.695736+02:00
295928994,de:11000:900078201:1:50,-0.9,2026-10-02T01:01:04.695736+02:00
295928994,de:11000:900079221:1:50,-0.7,2026-10-02T01:01:04.695736+02:00
295928978,de:11000:900186001:2:52,0.0,2026-10-02T01:01:04.695736+02:00
295928978,de:11000:900193002:1:51,-0.2,2026-10-02T01:01:04.695736+02:00
295928978,de:11000:900193001:2:51,-0.8,2026-10-02T01:01:04.695736+02:00
295928978,de:11000:900192001:3:55,-0.7,2026-10-02T01:01:04.695736+02:00
295928978,de:11000:900191001:1:50,-0.4,2026-10-02T01:01:04.695736+02:00
295928978,de:11000:900077155:1:50,-0.9,2026-10-02T01:01:04.695736+02:00
295928978,de:11000:900078201:1:50,-0.9,2026-10-02T01:01:04.695736+02:00
295928978,de:11000:900079221:1:50,-0.7,2026-10-02T01:01:04.695736+02:00
295928936,de:11000:900079221:1:51,0.0,2026-10-02T01:01:04.695736+02:00
295928936,de:11000:900078201:1:51,-0.6,2026-10-02T01:01:04.695736+02:00
295928936,de:11000:900077155:1:51,-0.2,2026-10-02T01:01:04.695736+02:00
295928936,de:11000:900191001:2:51,-0.7,2026-10-02T01:01:04.695736+02:00
295928936,de:11000:900192001:2:52,-0.7,2026-10-02T01:01:04.695736+02:00
295928936,de:11000:900193001:1:50,-0.2,2026-10-02T01:01:04.695736+02:00
295928936,de:11000:900193002:1:50,-0.8,2026-10-02T01:01:04.695736+02:00
295928936,de:11000:900186001:1:51,-0.8,2026-10-02T01:01:04.695736+02:00
295928934,de:11000:900079221:1:51,0.0,2026-10-02T01:01:04.695736+02:00
295928934,de:11000:900078201:1:51,-0.6,2026-10-02T01:01:04.695736+02:00
295928934,de:11000:900077155:1:51,-0.2,2026-10-02T01:01:04.695736+02:00
295928934,de:11000:900191001:2:51,-0.7,2026-10-02T01:01:04.695736+02:00
295928934,de:11000:900192001:2:52,-0.7,2026-10-02T01:01:04.695736+02:00
295928934,de:11000:900193001:1:50,-0.2,2026-10-02T01:01:04.695736+02:00
295928934,de:11000:900193002:1:50,-0.8,2026-10-02T01:01:04.695736+02:00
295928934,de:11000:900186001:1:51,-0.8,2026-10-02T01:01:04.695736+02:00
295928930,de:11000:900079221:1:51,0.0,2026-10-02T01:01:04.695736+02:00
295928930,de:11000:900078201:1:51,-0.6,2026-10-02T01:01:04.695736+02:00
295928930,de:11000:900077155:1:51,-0.2,2026-10-02T01:01:04.695736+02:00
295928930,de:11000:900191001:2:51,-0.7,2026-10-02T01:01:04.695736+02:00
295928930,de:11000:900192001:2:52,-0.7,2026-10-02T01:01:04.695736+02:00
295928930,de:11000:900193001:1:50,-0.2,2026-10-02T01:01:04.695736+02:00
295928930,de:11000:900193002:1:50,-0.8,2026-10-02T01:01:04.695736+02:00
295928930,de:11000:900186001:1:51,-0.8,2026-10-02T01:01:04.695736+02:00
295928964,de:11000:900186001:2:52,0.0,2026-10-02T01:01:04.695736+02:00
295928964,de:11000:900193002:1:51,-0.2,2026-10-02T01:01:04.695736+02:00
295928964,de:11000:900193001:2:51,-0.8,2026-10-02T01:01:04.695736+02:00
295928964,de:11000:900192001:3:55,-0.7,2026-10-02T01:01:04.695736+02:00
295928964,de:11000:900191001:1:50,-0.4,2026-10-02T01:01:04.695736+02:00
295928964,de:11000:900077155:1:50,-0.9,2026-10-02T01:01:04.695736+02:00
295928964,de:11000:900078201:1:50,-0.9,2026-10-02T01:01:04.695736+02:00
295928964,de:11000:900079221:1:50,-0.7,2026-10-02T01:01:04.695736+02:00
295928922,de:11000:900079221:1:51,0.0,2026-10-02T01:01:04.695736+02:00
295928922,de:11000:900078201:1:51,-0.6,2026-10-02T01:01:04.695736+02:00
295928922,de:11000:900077155:1:51,-0.2,2026-10-02T01:01:04.695736+02:00
295928922,de:11000:900191001:2:51,-0.7,2026-10-02T01:01:04.695736+02:00
295928922,de:11000:900192001:2:52,-0.7,2026-10-02T01:01:04.695736+02:00
295928922,de:11000:900193001:1:50,-0.2,2026-10-02T01:01:04.695736+02:00
295928922,de:11000:900193002:1:50,-0.8,2026-10-02T01:01:04.695736+02:00
295928922,de:11000:900186001:1:51,-0.8,2026-10-02T01:01:04.695736+02:00
295928960,de:11000:900186001:2:52,0.0,2026-10-02T01:01:04.695736+02:00
295928960,de:11000:900193002:1:51,-0.2,2026-10-02T01:01:04.695736+02:00
295928960,de:11000:900193001:2:51,-0.8,2026-10-02T01:01:04.695736+02:00
295928960,de:11000:900192001:3:55,-0.7,2026-10-02T01:01:04.695736+02:00
295928960,de:11000:900191001:1:50,-0.4,2026-10-02T01:01:04.695736+02:00
295928960,de:11000:900077155:1:50,-0.9,2026-10-02T01:01:04.695736+02:00
295928960,de:11000:900078201:1:50,-0.9,2026-10-02T01:01:04.695736+02:00
295928960,de:11000:900079221:1:50,-0.7,2026-10-02T01:01:04.695736+02:00
307294680,de:11000:900186001:2:52,0.0,2026-10-02T01:01:04.695736+02:00
307294680,de:11000:900193002:1:51,-0.2,2026-10-02T01:01:04.695736+02:00
307294680,de:11000:900193001:2:51,-0.8,2026-10-02T01:01:04.695736+02:00
307294680,de:11000:900192001:3:55,-0.7,2026-10-02T01:01:04.695736+02:00
307294680,de:11000:900191001:1:50,-0.4,2026-10-02T01:01:04.695736+02:00
307294680,de:11000:900077155:1:50,-0.9,2026-10-02T01:01:04.695736+02:00
307294680,de:11000:900078201:1:50,-0.9,2026-10-02T01:01:04.695736+02:00
307294680,de:11000:900079221:1:50,-0.7,2026-10-02T01:01:04.695736+02:00
295933174,de:11000:900180003:1:50,0.0,2026-10-02T01:01:04.695736+02:00
295933174,de:11000:900192002:1:50,-0.4,2026-10-02T01:01:04.695736+02:00
295933174,de:11000:900192001:3:54,-0.2,2026-10-02T01:01:04.695736+02:00
295933174,de:11000:900191001:1:50,-0.9,2026-10-02T01:01:04.695736+02:00
295933174,de:11000:900077155:1:50,-0.4,2026-10-02T01:01:04.695736+02:00
295933174,de:11000:900078201:1:50,-0.9,2026-10-02T01:01:04.695736+02:00
295933174,de:11000:900079221:1:50,-0.7,2026-10-02T01:01:04.695736+02:00
295933174,de:11000:900068201:1:50,-0.3,2026-10-02T01:01:04.695736+02:00
295933174,de:11000:900058101:5:58,-0.6,2026-10-02T01:01:04.695736+02:00
295936962,de:12064:900320001:1:50,0.0,2026-10-02T01:01:04.695736+02:00
295936962,de:12064:900320002:1:50,-0.3,2026-10-02T01:01:04.695736+02:00
295936962,de:12064:900320003:1:50,-0.1,2026-10-02T01:01:04.695736+02:00
295936962,de:12064:900320004:2:51,-0.8,2026-10-02T01:01:04.695736+02:00
295936962,de:12064:900320005:1:50,0.0,2026-10-02T01:01:04.695736+02:00
295936962,de:12064:900320006:1:51,-0.8,2026-10-02T01:01:04.695736+02:00
295936962,de:12064:900320007:1:50,-0.8,2026-10-02T01:01:04.695736+02:00
295936962,de:12064:900320008:1:51,-0.5,2026-10-02T01:01:04.695736+02:00
295936962,de:12064:900320026:1:50,-0.3,2026-10-02T01:01:04.695736+02:00
295936962,de:11000:900176001:1:51,-0.7,2026-10-02T01:01:04.695736+02:00
295936962,de:11000:900175002:1:50,-0.7,2026-10-02T01:01:04.695736+02:00
295936962,de:11000:900175001:1:50,-0.6,2026-10-02T01:01:04.695736+02:00
295936962,de:11000:900171001:1:50,-0.3,2026-10-02T01:01:04.695736+02:00
295936962,de:11000:900171002:1:51,-0.4,2026-10-02T01:01:04.695736+02:00
295936962,de:11000:900160004:1:51,-0.8,2026-10-02T01:01:04.695736+02:00
295936962,de:11000:900160003:1:51,-0.9,2026-10-02T01:01:04.695736+02:00
295936962,de:11000:900120003:3:55,-0.1,2026-10-02T01:01:04.695736+02:00
295936962,de:11000:900120004:2:53,-0.6,2026-10-02T01:01:04.695736+02:00
295936962,de:11000:900120005:5:58,-0.9,2026-10-02T01:01:04.695736+02:00
295936962,de:11000:900100004:1:51,-0.4,2026-10-02T01:01:04.695736+02:00
295936962,de:11000:900100003:2:53,-0.4,2026-10-02T01:01:04.695736+02:00
295936962,de:11000:900100002:1:51,-0.4,2026-10-02T01:01:04.695736+02:00
295936962,de:11000:900100001:3:55,-0.4,2026-10-02T01:01:04.695736+02:00
295936962,de:11000:900003201:3:55,-0.1,2026-10-02T01:01:04.695736+02:00
295936962,de:11000:900003102:1:51,-0.8,2026-10-02T01:01:04.695736+02:00
295936962,de:11000:900003103:1:51,-0.9,2026-10-02T01:01:04.695736+02:00
295936962,de:11000:900023201:3:55,-0.8,2026-10-02T01:01:04.695736+02:00
295936962,de:11000:900024203:1:51,-0.8,2026-10-02T01:01:04.695736+02:00
295936962,de:11000:900024101:4:57,-0.8,2026-10-02T01:01:04.695736+02:00
295936962,de:11000:900024102:1:51,-0.1,2026-10-02T01:01:04.695736+02:00
302803962,de:12061:900260856::2,0.0,2026-10-02T01:01:04.695736+02:00
302803962,de:12061:900260866::1,0.0,2026-10-02T01:01:04.695736+02:00
302803962,de:12061:900260908::1,0.0,2026-10-02T01:01:04.695736+02:00
302803962,de:12061:900260907::1,0.0,2026-10-02T01:01:04.695736+02:00
302803962,de:12061:900260906::1,0.0,2026-10-02T01:01:04.695736+02:00
302803962,de:12061:900260777::1,0.0,2026-10-02T01:01:04.695736+02:00
302803962,de:12061:900260773::1,0.0,2026-10-02T01:01:04.695736+02:00
302803962,de:12061:900260575::1,0.0,2026-10-02T01:01:04.695736+02:00
302803962,de:12061:900260783::1,-0.5,2026-10-02T01:01:04.695736+02:00
302803962,de:12061:900260566::1,0.0,2026-10-02T01:01:04.695736+02:00
302803962,de:12061:900260793::1,-0.5,2026-10-02T01:01:04.695736+02:00
302803962,de:12061:900260573::2,0.0,2026-10-02T01:01:04.695736+02:00
302803962,de:12061:900260001::4,0.0,2026-10-02T01:01:04.695736+02:00
302803962,de:12061:900260789::1,0.0,2026-10-02T01:01:04.695736+02:00
302803962,de:12061:900260567::1,0.0,2026-10-02T01:01:04.695736+02:00
302803962,de:12061:900260568::2,0.0,2026-10-02T01:01:04.695736+02:00
302803962,de:12061:900260002::2,0.0,2026-10-02T01:01:04.695736+02:00
302803962,de:12061:900261071::2,0.0,2026-10-02T01:01:04.695736+02:00
302803962,de:12061:900261077::2,0.0,2026-10-02T01:01:04.695736+02:00
302803962,de:12061:900261124::1,0.0,2026-10-02T01:01:04.695736+02:00
302803962,de:12061:900261025::1,0.0,2026-10-02T01:01:04.695736+02:00
302803962,de:12061:900260565::2,0.0,2026-10-02T01:01:04.695736+02:00
302803962,de:12061:900261015::1,-0.5,2026-10-02T01:01:04.695736+02:00
302803962,de:12061:900261013::1,0.0,2026-10-02T01:01:04.695736+02:00
302803962,de:12061:900261075::2,0.0,2026-10-02T01:01:04.695736+02:00
302803962,de:12061:900260034::2,0.0,2026-10-02T01:01:04.695736+02:00
302803962,de:12061:900260047::2,0.0,2026-10-02T01:01:04.695736+02:00
302803962,de:12061:900260038::2,0.0,2026-10-02T01:01:04.695736+02:00
302803962,de:12061:900260037::2,0.0,2026-10-02T01:01:04.695736+02:00
302803962,de:12061:900260060::2,0.0,2026-10-02T01:01:04.695736+02:00
302803962,de:12061:900261084::2,0.0,2026-10-02T01:01:04.695736+02:00
302803962,de:12061:900261085::2,0.0,2026-10-02T01:01:04.695736+02:00
302803962,de:12061:900260064::2,0.0,2026-10-02T01:01:04.695736+02:00
302803962,de:12061:900260601::2,0.0,2026-10-02T01:01:04.695736+02:00
302803962,de:12061:900260023::1,0.0,2026-10-02T01:01:04.695736+02:00
302803962,de:12061:900260506::1,0.0,2026-10-02T01:01:04.695736+02:00
302803962,de:12061:900260552::1,0.0,2026-10-02T01:01:04.695736+02:00
302803962,de:12061:900260538::2,0.0,2026-10-02T01:01:04.695736+02:00
302803962,de:12061:900260009::6,0.0,2026-10-02T01:01:04.695736+02:00
306896954,de:12067:900310880::1,0.0,2026-10-02T01:01:04.695736+02:00
306896954,de:12067:900310900::1,0.0,2026-10-02T01:01:04.695736+02:00
306896954,de:12067:900310917::1,0.0,2026-10-02T01:01:04.695736+02:00
306896954,de:12067:900310916::1,-0.5,2026-10-02T01:01:04.695736+02:00
306896954,de:12067:900310915::1,-0.5,2026-10-02T01:01:04.695736+02:00
306896954,de:12067:900310703::1,0.0,2026-10-02T01:01:04.695736+02:00
306896954,de:12067:900310979::1,0.0,2026-10-02T01:01:04.695736+02:00
306896954,de:12067:900310946::1,0.0,2026-10-02T01:01:04.695736+02:00
306896954,de:12067:900310110::1,0.0,2026-10-02T01:01:04.695736+02:00
306896954,de:12067:900310040::1,0.0,2026-10-02T01:01:04.695736+02:00
307302014,de:11000:900024102:2:52,0.0,2026-10-02T01:01:04.695736+02:00
307302014,de:11000:900024101:3:55,-0.8,2026-10-02T01:01:04.695736+02:00
307302014,de:11000:900024203:1:51,-0.8,2026-10-02T01:01:04.695736+02:00
307302014,de:11000:900023201:3:54,-0.7,2026-10-02T01:01:04.695736+02:00
307302014,de:11000:900003103:1:50,-0.8,2026-10-02T01:01:04.695736+02:00
307302014,de:11000:900003102:1:50,-0.9,2026-10-02T01:01:04.695736+02:00
307302014,de:11000:900003201:3:54,-0.5,2026-10-02T01:01:04.695736+02:00
307302014,de:11000:900100001:3:54,-0.1,2026-10-02T01:01:04.695736+02:00
307302014,de:11000:900100002:1:50,-0.4,2026-10-02T01:01:04.695736+02:00
307302014,de:11000:900100003:2:52,-0.1,2026-10-02T01:01:04.695736+02:00
307302014,de:11000:900100004:1:50,-0.4,2026-10-02T01:01:04.695736+02:00
307302014,de:11000:900120005:4:55,-0.6,2026-10-02T01:01:04.695736+02:00
307302014,de:11000:900120004:1:50,-0.1,2026-10-02T01:01:04.695736+02:00
307302014,de:11000:900120003:2:53,-0.4,2026-10-02T01:01:04.695736+02:00
307302014,de:11000:900160003:1:50,-0.7,2026-10-02T01:01:04.695736+02:00
307302014,de:11000:900160004:1:50,-0.7,2026-10-02T01:01:04.695736+02:00
307302014,de:11000:900171002:1:50,-0.2,2026-10-02T01:01:04.695736+02:00
307302014,de:11000:900171001:2:51,-0.3,2026-10-02T01:01:04.695736+02:00
307302014,de:11000:900175001:2:51,-0.5,2026-10-02T01:01:04.695736+02:00
307302014,de:11000:900175002:1:51,0.0,2026-10-02T01:01:04.695736+02:00
307302014,de:11000:900176001:2:52,-0.3,2026-10-02T01:01:04.695736+02:00
307302014,de:12064:900320026:1:51,-0.1,2026-10-02T01:01:04.695736+02:00
307302014,de:12064:900320008:1:50,-0.7,2026-10-02T01:01:04.695736+02:00
307302014,de:12064:900320007:1:50,-0.4,2026-10-02T01:01:04.695736+02:00
307302014,de:12064:900320006:1:50,-0.8,2026-10-02T01:01:04.695736+02:00
307302014,de:12064:900320005:1:50,-0.2,2026-10-02T01:01:04.695736+02:00
307302014,de:12064:900320004:2:51,-0.9,2026-10-02T01:01:04.695736+02:00
307302014,de:12064:900320003:1:50,-0.8,2026-10-02T01:01:04.695736+02:00
307302014,de:12064:900320002:1:50,-0.5,2026-10-02T01:01:04.695736+02:00
307302014,de:12064:900320001:1:50,-0.2,2026-10-02T01:01:04.695736+02:00
307301972,de:11000:900024102:2:52,0.0,2026-10-02T01:01:04.695736+02:00
307301972,de:11000:900024101:3:55,-0.8,2026-10-02T01:01:04.695736+02:00
307301972,de:11000:900024203:1:51,-0.8,2026-10-02T01:01:04.695736+02:00
307301972,de:11000:900023201:3:54,-0.7,2026-10-02T01:01:04.695736+02:00
307301972,de:11000:900003103:1:50,-0.8,2026-10-02T01:01:04.695736+02:00
307301972,de:11000:900003102:1:50,-0.9,2026-10-02T01:01:04.695736+02:00
307301972,de:11000:900003201:3:54,-0.5,2026-10-02T01:01:04.695736+02:00
307301972,de:11000:900100001:3:54,-0.1,2026-10-02T01:01:04.695736+02:00
307301972,de:11000:900100002:1:50,-0.4,2026-10-02T01:01:04.695736+02:00
307301972,de:11000:900100003:2:52,-0.1,2026-10-02T01:01:04.695736+02:00
307301972,de:11000:900100004:1:50,-0.4,2026-10-02T01:01:04.695736+02:00
307301972,de:11000:900120005:4:55,-0.6,2026-10-02T01:01:04.695736+02:00
307301972,de:11000:900120004:1:50,-0.1,2026-10-02T01:01:04.695736+02:00
307301972,de:11000:900120003:2:53,-0.4,2026-10-02T01:01:04.695736+02:00
307301972,de:11000:900160003:1:50,-0.7,2026-10-02T01:01:04.695736+02:00
307301972,de:11000:900160004:1:50,-0.7,2026-10-02T01:01:04.695736+02:00
307301972,de:11000:900171002:1:50,-0.2,2026-10-02T01:01:04.695736+02:00
307301972,de:11000:900171001:2:51,-0.3,2026-10-02T01:01:04.695736+02:00
307301972,de:11000:900175001:2:51,-0.5,2026-10-02T01:01:04.695736+02:00
307301972,de:11000:900175002:1:51,0.0,2026-10-02T01:01:04.695736+02:00
307301972,de:11000:900176001:2:53,-0.3,2026-10-02T01:01:04.695736+02:00
307301972,de:12064:900320026:1:51,-0.1,2026-10-02T01:01:04.695736+02:00
307301972,de:12064:900320008:1:50,-0.7,2026-10-02T01:01:04.695736+02:00
307301972,de:12064:900320007:1:50,-0.4,2026-10-02T01:01:04.695736+02:00
307301972,de:12064:900320006:1:50,-0.8,2026-10-02T01:01:04.695736+02:00
307301972,de:12064:900320005:1:50,-0.2,2026-10-02T01:01:04.695736+02:00
307301972,de:12064:900320004:2:51,-0.9,2026-10-02T01:01:04.695736+02:00
307301972,de:12064:900320003:1:50,-0.8,2026-10-02T01:01:04.695736+02:00
307301972,de:12064:900320002:1:50,-0.5,2026-10-02T01:01:04.695736+02:00
307301972,de:12064:900320001:1:50,-0.2,2026-10-02T01:01:04.695736+02:00
307301998,de:11000:900024102:2:52,0.0,2026-10-02T01:01:04.695736+02:00
307301998,de:11000:900024101:3:55,-0.8,2026-10-02T01:01:04.695736+02:00
307301998,de:11000:900024203:1:51,-0.8,2026-10-02T01:01:04.695736+02:00
307301998,de:11000:900023201:3:54,-0.7,2026-10-02T01:01:04.695736+02:00
307301998,de:11000:900003103:1:50,-0.8,2026-10-02T01:01:04.695736+02:00
307301998,de:11000:900003102:1:50,-0.9,2026-10-02T01:01:04.695736+02:00
307301998,de:11000:900003201:3:54,-0.5,2026-10-02T01:01:04.695736+02:00
307301998,de:11000:900100001:3:54,-0.1,2026-10-02T01:01:04.695736+02:00
307301998,de:11000:900100002:1:50,-0.4,2026-10-02T01:01:04.695736+02:00
307301998,de:11000:900100003:2:52,-0.1,2026-10-02T01:01:04.695736+02:00
307301998,de:11000:900100004:1:50,-0.4,2026-10-02T01:01:04.695736+02:00
307301998,de:11000:900120005:4:55,-0.6,2026-10-02T01:01:04.695736+02:00
307301998,de:11000:900120004:1:50,-0.1,2026-10-02T01:01:04.695736+02:00
307301998,de:11000:900120003:2:53,-0.4,2026-10-02T01:01:04.695736+02:00
307301998,de:11000:900160003:1:50,-0.7,2026-10-02T01:01:04.695736+02:00
307301998,de:11000:900160004:1:50,-0.7,2026-10-02T01:01:04.695736+02:00
307301998,de:11000:900171002:1:50,-0.2,2026-10-02T01:01:04.695736+02:00
307301998,de:11000:900171001:2:51,-0.3,2026-10-02T01:01:04.695736+02:00
307301998,de:11000:900175001:2:51,-0.5,2026-10-02T01:01:04.695736+02:00
307301998,de:11000:900175002:1:51,0.0,2026-10-02T01:01:04.695736+02:00
307301998,de:11000:900176001:2:52,-0.3,2026-10-02T01:01:04.695736+02:00
307301998,de:12064:900320026:1:51,-0.1,2026-10-02T01:01:04.695736+02:00
307301998,de:12064:900320008:1:50,-0.7,2026-10-02T01:01:04.695736+02:00
307301998,de:12064:900320007:1:50,-0.4,2026-10-02T01:01:04.695736+02:00
307301998,de:12064:900320006:1:50,-0.8,2026-10-02T01:01:04.695736+02:00
307301998,de:12064:900320005:1:50,-0.2,2026-10-02T01:01:04.695736+02:00
307301998,de:12064:900320004:2:51,-0.9,2026-10-02T01:01:04.695736+02:00
307301998,de:12064:900320003:1:50,-0.8,2026-10-02T01:01:04.695736+02:00
307301998,de:12064:900320002:1:50,-0.5,2026-10-02T01:01:04.695736+02:00
307301998,de:12064:900320001:1:50,-0.2,2026-10-02T01:01:04.695736+02:00
295940784,de:11000:900176001:1:50,0.0,2026-10-02T01:01:04.695736+02:00
295940784,de:11000:900175002:1:50,-0.7,2026-10-02T01:01:04.695736+02:00
295940784,de:11000:900175001:1:50,-0.6,2026-10-02T01:01:04.695736+02:00
295940784,de:11000:900171001:1:50,-0.3,2026-10-02T01:01:04.695736+02:00
295940784,de:11000:900171002:1:51,-0.4,2026-10-02T01:01:04.695736+02:00
295940784,de:11000:900160004:1:51,-0.8,2026-10-02T01:01:04.695736+02:00
295940784,de:11000:900160003:1:51,-0.8,2026-10-02T01:01:04.695736+02:00
295940784,de:11000:900120003:3:54,-0.9,2026-10-02T01:01:04.695736+02:00
295940784,de:11000:900120004:2:52,-0.6,2026-10-02T01:01:04.695736+02:00
295940784,de:11000:900120005:5:57,-0.9,2026-10-02T01:01:04.695736+02:00
295940274,de:12064:900320008:1:51,0.0,2026-10-02T01:01:04.695736+02:00
295940274,de:12064:900320026:1:50,-0.3,2026-10-02T01:01:04.695736+02:00
295940274,de:11000:900176001:1:51,-0.7,2026-10-02T01:01:04.695736+02:00
295940274,de:11000:900175002:1:50,-0.7,2026-10-02T01:01:04.695736+02:00
295940274,de:11000:900175001:1:50,-0.6,2026-10-02T01:01:04.695736+02:00
295940274,de:11000:900171001:1:50,-0.3,2026-10-02T01:01:04.695736+02:00
295940274,de:11000:900171002:1:51,-0.4,2026-10-02T01:01:04.695736+02:00
295940274,de:11000:900160004:1:51,-0.8,2026-10-02T01:01:04.695736+02:00
295940274,de:11000:900160003:1:51,-0.9,2026-10-02T01:01:04.695736+02:00
295940274,de:11000:900120003:3:55,-0.1,2026-10-02T01:01:04.695736+02:00
295940274,de:11000:900120004:2:53,-0.6,2026-10-02T01:01:04.695736+02:00
295940274,de:11000:900120005:5:58,-0.9,2026-10-02T01:01:04.695736+02:00
295940274,de:11000:900100004:1:51,-0.4,2026-10-02T01:01:04.695736+02:00
295940274,de:11000:900100003:2:53,-0.4,2026-10-02T01:01:04.695736+02:00
295940274,de:11000:900100002:1:51,-0.4,2026-10-02T01:01:04.695736+02:00
295940274,de:11000:900100001:3:55,-0.4,2026-10-02T01:01:04.695736+02:00
295940274,de:11000:900003201:3:55,-0.1,2026-10-02T01:01:04.695736+02:00
295940274,de:11000:900003102:1:51,-0.8,2026-10-02T01:01:04.695736+02:00
295940274,de:11000:900003103:1:51,-0.9,2026-10-02T01:01:04.695736+02:00
295940274,de:11000:900023201:3:55,-0.8,2026-10-02T01:01:04.695736+02:00
295940274,de:11000:900024203:1:51,-0.8,2026-10-02T01:01:04.695736+02:00
295940274,de:11000:900024101:4:57,-0.8,2026-10-02T01:01:04.695736+02:00
295940274,de:11000:900024102:1:51,-0.1,2026-10-02T01:01:04.695736+02:00
295942225,de:11000:900176001:1:50,0.0,2026-10-02T01:01:04.695736+02:00
295942225,de:11000:900175002:1:50,-0.7,2026-10-02T01:01:04.695736+02:00
295942225,de:11000:900175001:1:50,-0.6,2026-10-02T01:01:04.695736+02:00
295942225,de:11000:900171001:1:50,-0.3,2026-10-02T01:01:04.695736+02:00
295942225,de:11000:900171002:1:51,-0.4,2026-10-02T01:01:04.695736+02:00
295942225,de:11000:900160004:1:51,-0.8,2026-10-02T01:01:04.695736+02:00
295942225,de:11000:900160003:1:51,-0.8,2026-10-02T01:01:04.695736+02:00
295942225,de:11000:900120003:3:54,-0.9,2026-10-02T01:01:04.695736+02:00
295942225,de:11000:900120004:2:52,-0.1,2026-10-02T01:01:04.695736+02:00
295942200,de:11000:900120004:1:51,0.0,2026-10-02T01:01:04.695736+02:00
295942200,de:11000:900120003:2:52,-0.9,2026-10-02T01:01:04.695736+02:00
295942200,de:11000:900160003:1:50,-0.7,2026-10-02T01:01:04.695736+02:00
295942200,de:11000:900160004:1:50,-0.7,2026-10-02T01:01:04.695736+02:00
295942200,de:11000:900171002:1:50,-0.2,2026-10-02T01:01:04.695736+02:00
295942200,de:11000:900171001:2:51,-0.3,2026-10-02T01:01:04.695736+02:00
295942200,de:11000:900175001:2:51,-0.5,2026-10-02T01:01:04.695736+02:00
295942200,de:11000:900175002:1:51,0.0,2026-10-02T01:01:04.695736+02:00
295942200,de:11000:900176001:2:53,-0.7,2026-10-02T01:01:04.695736+02:00
295940253,de:12064:900320008:1:51,0.0,2026-10-02T01:01:04.695736+02:00
295940253,de:12064:900320026:1:50,-0.3,2026-10-02T01:01:04.695736+02:00
295940253,de:11000:900176001:1:51,-0.7,2026-10-02T01:01:04.695736+02:00
295940253,de:11000:900175002:1:50,-0.7,2026-10-02T01:01:04.695736+02:00
295940253,de:11000:900175001:1:50,-0.6,2026-10-02T01:01:04.695736+02:00
295940253,de:11000:900171001:1:50,-0.3,2026-10-02T01:01:04.695736+02:00
295940253,de:11000:900171002:1:51,-0.4,2026-10-02T01:01:04.695736+02:00
295940253,de:11000:900160004:1:51,-0.8,2026-10-02T01:01:04.695736+02:00
295940253,de:11000:900160003:1:51,-0.9,2026-10-02T01:01:04.695736+02:00
295940253,de:11000:900120003:3:55,-0.1,2026-10-02T01:01:04.695736+02:00
295940253,de:11000:900120004:2:53,-0.6,2026-10-02T01:01:04.695736+02:00
295940253,de:11000:900120005:5:58,-0.9,2026-10-02T01:01:04.695736+02:00
295940253,de:11000:900100004:1:51,-0.4,2026-10-02T01:01:04.695736+02:00
295940253,de:11000:900100003:2:53,-0.4,2026-10-02T01:01:04.695736+02:00
295940253,de:11000:900100002:1:51,-0.4,2026-10-02T01:01:04.695736+02:00
295940253,de:11000:900100001:3:55,-0.4,2026-10-02T01:01:04.695736+02:00
295940253,de:11000:900003201:3:55,-0.1,2026-10-02T01:01:04.695736+02:00
295940253,de:11000:900003102:1:51,-0.8,2026-10-02T01:01:04.695736+02:00
295940253,de:11000:900003103:1:51,-0.9,2026-10-02T01:01:04.695736+02:00
295940253,de:11000:900023201:3:55,-0.8,2026-10-02T01:01:04.695736+02:00
295940253,de:11000:900024203:1:51,-0.8,2026-10-02T01:01:04.695736+02:00
295940253,de:11000:900024101:4:57,-0.8,2026-10-02T01:01:04.695736+02:00
295940253,de:11000:900024102:1:51,-0.1,2026-10-02T01:01:04.695736+02:00
307433908,de:12071:900445010:2:52,-2.0,2026-10-02T01:01:04.695736+02:00
307433908,de:12071:900445122:1:50,0.0,2026-10-02T01:01:04.695736+02:00
307433908,de:12052:900470001:3:52,0.0,2026-10-02T01:01:04.695736+02:00
307433908,de:12052:900470000:3:53,0.0,2026-10-02T01:01:04.695736+02:00
307433916,de:12052:900470000:3:53,0.0,2026-10-02T01:01:04.695736+02:00
307433916,de:12052:900470001:3:52,0.0,2026-10-02T01:01:04.695736+02:00
307433916,de:12071:900445122:1:50,0.0,2026-10-02T01:01:04.695736+02:00
307433916,de:12071:900445010:2:52,0.0,2026-10-02T01:01:04.695736+02:00
306896437,de:12067:900310613::1,0.0,2026-10-02T01:01:04.695736+02:00
306896437,de:12067:900311078::2,0.0,2026-10-02T01:01:04.695736+02:00
306896437,de:12067:900311077::2,0.0,2026-10-02T01:01:04.695736+02:00
306896437,de:12067:900310751::1,0.0,2026-10-02T01:01:04.695736+02:00
306896437,de:12067:900311082::2,0.0,2026-10-02T01:01:04.695736+02:00
306896437,de:12067:900310107::2,0.0,2026-10-02T01:01:04.695736+02:00
306896437,de:12067:900310113::1,0.0,2026-10-02T01:01:04.695736+02:00
306896437,de:12067:900310102::2,0.0,2026-10-02T01:01:04.695736+02:00
306896437,de:12067:900310103::2,0.0,2026-10-02T01:01:04.695736+02:00
306896437,de:12067:900310114::2,0.0,2026-10-02T01:01:04.695736+02:00
306896437,de:12067:900310119::2,0.0,2026-10-02T01:01:04.695736+02:00
306896437,de:12067:900310115::2,0.0,2026-10-02T01:01:04.695736+02:00
306896437,de:12067:900310106::2,0.0,2026-10-02T01:01:04.695736+02:00
306896437,de:12067:900310109::1,0.0,2026-10-02T01:01:04.695736+02:00
306896437,de:12067:900310631::1,0.0,2026-10-02T01:01:04.695736+02:00
306896437,de:12067:900310040::2,0.0,2026-10-02T01:01:04.695736+02:00
306896437,de:12067:900310105::2,0.0,2026-10-02T01:01:04.695736+02:00
306896437,de:12067:900310970::2,0.0,2026-10-02T01:01:04.695736+02:00
306896437,de:12067:900310972::2,0.0,2026-10-02T01:01:04.695736+02:00
306896437,de:12067:900310810::1,0.0,2026-10-02T01:01:04.695736+02:00
306896437,de:12067:900310769::2,0.0,2026-10-02T01:01:04.695736+02:00
306896437,de:12067:900310695::3,0.0,2026-10-02T01:01:04.695736+02:00
306896437,de:12067:900310812::2,0.0,2026-10-02T01:01:04.695736+02:00
306896437,de:12067:900310630::2,0.0,2026-10-02T01:01:04.695736+02:00
306896437,de:12067:900310811::2,0.0,2026-10-02T01:01:04.695736+02:00
306896437,de:12067:900310771::2,0.0,2026-10-02T01:01:04.695736+02:00
306896437,de:12067:900310822::2,0.0,2026-10-02T01:01:04.695736+02:00
306896437,de:12067:900310781::2,0.0,2026-10-02T01:01:04.695736+02:00
306896437,de:12067:900310627::2,-0.5,2026-10-02T01:01:04.695736+02:00
306896437,de:12067:900310816::2,0.0,2026-10-02T01:01:04.695736+02:00
306896437,de:12067:900310022::1,0.0,2026-10-02T01:01:04.695736+02:00
306896437,de:12067:900310001::11,0.0,2026-10-02T01:01:04.695736+02:00
306896895,de:12067:900310001::4,0.0,2026-10-02T01:01:04.695736+02:00
306896895,de:12067:900310816::1,0.0,2026-10-02T01:01:04.695736+02:00
306896895,de:12067:900310627::1,0.0,2026-10-02T01:01:04.695736+02:00
306896895,de:12067:900310781::1,0.0,2026-10-02T01:01:04.695736+02:00
306896895,de:12067:900310822::1,0.0,2026-10-02T01:01:04.695736+02:00
306896895,de:12067:900310771::1,0.0,2026-10-02T01:01:04.695736+02:00
306896895,de:12067:900310800::1,0.0,2026-10-02T01:01:04.695736+02:00
306896895,de:12067:900310879::1,0.0,2026-10-02T01:01:04.695736+02:00
306896895,de:12067:900310010::4,0.0,2026-10-02T01:01:04.695736+02:00
306896895,de:12067:900310880::1,0.0,2026-10-02T01:01:04.695736+02:00
306896895,de:12067:900310900::1,0.0,2026-10-02T01:01:04.695736+02:00
306896895,de:12067:900310917::1,0.0,2026-10-02T01:01:04.695736+02:00
306896895,de:12067:900310916::1,-0.5,2026-10-02T01:01:04.695736+02:00
306896895,de:12067:900310915::1,-0.5,2026-10-02T01:01:04.695736+02:00
306896895,de:12067:900310703::4,0.0,2026-10-02T01:01:04.695736+02:00
306896895,de:12067:900310914::1,0.0,2026-10-02T01:01:04.695736+02:00
306896895,de:12067:900310974::1,0.0,2026-10-02T01:01:04.695736+02:00
306896895,de:12067:900310975::1,0.0,2026-10-02T01:01:04.695736+02:00
306896895,de:12067:900310908::1,0.0,2026-10-02T01:01:04.695736+02:00
306896895,de:12067:900311002::1,0.0,2026-10-02T01:01:04.695736+02:00
306896895,de:12067:900310841::1,0.0,2026-10-02T01:01:04.695736+02:00
306896895,de:12067:900310722::1,-0.5,2026-10-02T01:01:04.695736+02:00
306896895,de:12067:900310637::1,0.0,2026-10-02T01:01:04.695736+02:00
306896895,de:12067:900311129::7,0.0,2026-10-02T01:01:04.695736+02:00
306896895,de:12067:900311129::4,0.0,2026-10-02T01:01:04.695736+02:00
306896895,de:12067:900310727::3,0.0,2026-10-02T01:01:04.695736+02:00
306896895,de:12067:900310755::2,0.0,2026-10-02T01:01:04.695736+02:00
306896895,de:12067:900310728::3,0.0,2026-10-02T01:01:04.695736+02:00
306896895,de:12067:900311129::6,0.0,2026-10-02T01:01:04.695736+02:00
307420464,de:11000:900120003:7:61,0.0,2026-10-02T01:01:04.695736+02:00
307420464,de:11000:900160004:2:52,0.0,2026-10-02T01:01:04.695736+02:00
307420464,de:12064:900320004:1:50,0.0,2026-10-02T01:01:04.695736+02:00
307420464,de:12064:900320011:2:51,0.0,2026-10-02T01:01:04.695736+02:00
307420464,de:12064:900320012:1:50,0.0,2026-10-02T01:01:04.695736+02:00
307420464,de:12064:900320014:1:51,0.0,2026-10-02T01:01:04.695736+02:00
295946212,de:12054:900230999:3:54,0.0,2026-10-02T01:01:04.695736+02:00
295946212,de:12054:900230000:1:50,-0.3,2026-10-02T01:01:04.695736+02:00
295946212,de:12054:900230003:1:54,-0.3,2026-10-02T01:01:04.695736+02:00
295946212,de:11000:900053301:2:53,-0.4,2026-10-02T01:01:04.695736+02:00
295946212,de:11000:900052201:2:53,-0.7,2026-10-02T01:01:04.695736+02:00
295946212,de:11000:900048101:2:53,-0.9,2026-10-02T01:01:04.695736+02:00
295946212,de:11000:900024102:2:53,-0.9,2026-10-02T01:01:04.695736+02:00
295946212,de:11000:900024101:3:55,-0.3,2026-10-02T01:01:04.695736+02:00
295946212,de:11000:900024203:1:51,-0.3,2026-10-02T01:01:04.695736+02:00
295946212,de:11000:900023201:3:54,-0.2,2026-10-02T01:01:04.695736+02:00
295946212,de:11000:900003103:1:50,-0.3,2026-10-02T01:01:04.695736+02:00
295946212,de:11000:900003102:1:50,-0.4,2026-10-02T01:01:04.695736+02:00
295946212,de:11000:900003201:3:54,0.0,2026-10-02T01:01:04.695736+02:00
295946212,de:11000:900100001:3:54,-0.6,2026-10-02T01:01:04.695736+02:00
295946212,de:11000:900100002:1:50,-0.9,2026-10-02T01:01:04.695736+02:00
295946212,de:11000:900100003:2:52,-0.6,2026-10-02T01:01:04.695736+02:00
295946212,de:11000:900100004:1:50,-0.9,2026-10-02T01:01:04.695736+02:00
295946212,de:11000:900120005:4:55,-0.1,2026-10-02T01:01:04.695736+02:00
295946212,de:11000:900120004:1:50,-0.6,2026-10-02T01:01:04.695736+02:00
295946212,de:11000:900120003:2:53,-0.9,2026-10-02T01:01:04.695736+02:00
295946212,de:11000:900160003:1:50,-0.2,2026-10-02T01:01:04.695736+02:00
295946212,de:11000:900160004:1:50,-0.2,2026-10-02T01:01:04.695736+02:00
295946212,de:11000:900171002:1:50,-0.7,2026-10-02T01:01:04.695736+02:00
295946212,de:11000:900171003:1:50,-0.8,2026-10-02T01:01:04.695736+02:00
295946212,de:11000:900170005:1:50,-0.3,2026-10-02T01:01:04.695736+02:00
295946212,de:11000:900170001:1:50,-0.1,2026-10-02T01:01:04.695736+02:00
295946212,de:11000:900170002:1:50,-0.9,2026-10-02T01:01:04.695736+02:00
295946212,de:11000:900170003:1:50,-0.7,2026-10-02T01:01:04.695736+02:00
295946212,de:11000:900170004:1:50,-0.9,2026-10-02T01:01:04.695736+02:00
295946206,de:12054:900230999:3:54,0.0,2026-10-02T01:01:04.695736+02:00
295946206,de:12054:900230000:1:50,-0.3,2026-10-02T01:01:04.695736+02:00
295946206,de:12054:900230003:1:54,-0.3,2026-10-02T01:01:04.695736+02:00
295946206,de:11000:900053301:2:53,-0.4,2026-10-02T01:01:04.695736+02:00
295946206,de:11000:900052201:2:53,-0.7,2026-10-02T01:01:04.695736+02:00
295946206,de:11000:900048101:2:53,-0.9,2026-10-02T01:01:04.695736+02:00
295946206,de:11000:900024102:2:53,-0.9,2026-10-02T01:01:04.695736+02:00
295946206,de:11000:900024101:3:55,-0.3,2026-10-02T01:01:04.695736+02:00
295946206,de:11000:900024203:1:51,-0.3,2026-10-02T01:01:04.695736+02:00
295946206,de:11000:900023201:3:54,-0.2,2026-10-02T01:01:04.695736+02:00
295946206,de:11000:900003103:1:50,-0.3,2026-10-02T01:01:04.695736+02:00
295946206,de:11000:900003102:1:50,-0.4,2026-10-02T01:01:04.695736+02:00
295946206,de:11000:900003201:3:54,0.0,2026-10-02T01:01:04.695736+02:00
295946206,de:11000:900100001:3:54,-0.6,2026-10-02T01:01:04.695736+02:00
295946206,de:11000:900100002:1:50,-0.9,2026-10-02T01:01:04.695736+02:00
295946206,de:11000:900100003:2:52,-0.6,2026-10-02T01:01:04.695736+02:00
295946206,de:11000:900100004:1:50,-0.9,2026-10-02T01:01:04.695736+02:00
295946206,de:11000:900120005:4:55,-0.1,2026-10-02T01:01:04.695736+02:00
295946206,de:11000:900120004:1:50,-0.6,2026-10-02T01:01:04.695736+02:00
295946206,de:11000:900120003:2:53,-0.9,2026-10-02T01:01:04.695736+02:00
295946206,de:11000:900160003:1:50,-0.2,2026-10-02T01:01:04.695736+02:00
295946206,de:11000:900160004:1:50,-0.2,2026-10-02T01:01:04.695736+02:00
295946206,de:11000:900171002:1:50,-0.7,2026-10-02T01:01:04.695736+02:00
295946206,de:11000:900171003:1:50,-0.8,2026-10-02T01:01:04.695736+02:00
295946206,de:11000:900170005:1:50,-0.3,2026-10-02T01:01:04.695736+02:00
295946206,de:11000:900170001:1:50,-0.1,2026-10-02T01:01:04.695736+02:00
295946206,de:11000:900170002:1:50,-0.9,2026-10-02T01:01:04.695736+02:00
295946206,de:11000:900170003:1:50,-0.7,2026-10-02T01:01:04.695736+02:00
295946206,de:11000:900170004:1:50,-0.9,2026-10-02T01:01:04.695736+02:00
295946190,de:12054:900230999:3:54,0.0,2026-10-02T01:01:04.695736+02:00
295946190,de:12054:900230000:1:50,-0.3,2026-10-02T01:01:04.695736+02:00
295946190,de:12054:900230003:1:54,-0.3,2026-10-02T01:01:04.695736+02:00
295946190,de:11000:900053301:2:53,-0.4,2026-10-02T01:01:04.695736+02:00
295946190,de:11000:900052201:2:53,-0.7,2026-10-02T01:01:04.695736+02:00
295946190,de:11000:900048101:2:53,-0.9,2026-10-02T01:01:04.695736+02:00
295946190,de:11000:900024102:2:53,-0.9,2026-10-02T01:01:04.695736+02:00
295946190,de:11000:900024101:3:55,-0.3,2026-10-02T01:01:04.695736+02:00
295946190,de:11000:900024203:1:51,-0.3,2026-10-02T01:01:04.695736+02:00
295946190,de:11000:900023201:3:54,-0.2,2026-10-02T01:01:04.695736+02:00
295946190,de:11000:900003103:1:50,-0.3,2026-10-02T01:01:04.695736+02:00
295946190,de:11000:900003102:1:50,-0.4,2026-10-02T01:01:04.695736+02:00
295946190,de:11000:900003201:3:54,0.0,2026-10-02T01:01:04.695736+02:00
295946190,de:11000:900100001:3:54,-0.6,2026-10-02T01:01:04.695736+02:00
295946190,de:11000:900100002:1:50,-0.9,2026-10-02T01:01:04.695736+02:00
295946190,de:11000:900100003:2:52,-0.6,2026-10-02T01:01:04.695736+02:00
295946190,de:11000:900100004:1:50,-0.9,2026-10-02T01:01:04.695736+02:00
295946190,de:11000:900120005:4:55,-0.1,2026-10-02T01:01:04.695736+02:00
295946190,de:11000:900120004:1:50,-0.6,2026-10-02T01:01:04.695736+02:00
295946190,de:11000:900120003:2:53,-0.9,2026-10-02T01:01:04.695736+02:00
295946190,de:11000:900160003:1:50,-0.2,2026-10-02T01:01:04.695736+02:00
295946190,de:11000:900160004:1:50,-0.2,2026-10-02T01:01:04.695736+02:00
295946190,de:11000:900171002:1:50,-0.7,2026-10-02T01:01:04.695736+02:00
295946190,de:11000:900171003:1:50,-0.8,2026-10-02T01:01:04.695736+02:00
295946190,de:11000:900170005:1:50,-0.3,2026-10-02T01:01:04.695736+02:00
295946190,de:11000:900170001:1:50,-0.1,2026-10-02T01:01:04.695736+02:00
295946190,de:11000:900170002:1:50,-0.9,2026-10-02T01:01:04.695736+02:00
295946190,de:11000:900170003:1:50,-0.7,2026-10-02T01:01:04.695736+02:00
295946190,de:11000:900170004:1:50,-0.9,2026-10-02T01:01:04.695736+02:00
307318476,de:11000:900120005:4:55,0.0,2026-10-02T01:01:04.695736+02:00
307318476,de:11000:900120004:1:50,-0.3,2026-10-02T01:01:04.695736+02:00
307318476,de:11000:900120003:2:52,-0.6,2026-10-02T01:01:04.695736+02:00
307318476,de:11000:900160003:1:50,-0.7,2026-10-02T01:01:04.695736+02:00
307318476,de:11000:900160004:1:50,-0.7,2026-10-02T01:01:04.695736+02:00
307318476,de:11000:900171002:1:50,-0.2,2026-10-02T01:01:04.695736+02:00
307318476,de:11000:900171003:1:50,-0.3,2026-10-02T01:01:04.695736+02:00
307318476,de:11000:900152002:1:50,-0.1,2026-10-02T01:01:04.695736+02:00
307318476,de:11000:900152001:1:50,-0.3,2026-10-02T01:01:04.695736+02:00
307318476,de:11000:900151001:1:51,-0.9,2026-10-02T01:01:04.695736+02:00
295953536,de:11000:900151001:1:51,0.0,2026-10-02T01:01:04.695736+02:00
295953536,de:11000:900152001:1:51,-0.6,2026-10-02T01:01:04.695736+02:00
295953536,de:11000:900152002:1:51,-0.2,2026-10-02T01:01:04.695736+02:00
295953536,de:11000:900171003:1:51,-0.9,2026-10-02T01:01:04.695736+02:00
295953536,de:11000:900171002:1:51,-0.9,2026-10-02T01:01:04.695736+02:00
295953536,de:11000:900160004:1:51,-0.3,2026-10-02T01:01:04.695736+02:00
295953536,de:11000:900160003:1:51,-0.4,2026-10-02T01:01:04.695736+02:00
295953536,de:11000:900120003:3:55,-0.6,2026-10-02T01:01:04.695736+02:00
295953536,de:11000:900120004:2:53,-0.1,2026-10-02T01:01:04.695736+02:00
295953536,de:11000:900120005:5:57,-0.4,2026-10-02T01:01:04.695736+02:00
295953521,de:11000:900151001:1:51,0.0,2026-10-02T01:01:04.695736+02:00
295953521,de:11000:900152001:1:51,-0.6,2026-10-02T01:01:04.695736+02:00
295953521,de:11000:900152002:1:51,-0.2,2026-10-02T01:01:04.695736+02:00
295953521,de:11000:900171003:1:51,-0.9,2026-10-02T01:01:04.695736+02:00
295953521,de:11000:900171002:1:51,-0.9,2026-10-02T01:01:04.695736+02:00
295953521,de:11000:900160004:1:51,-0.3,2026-10-02T01:01:04.695736+02:00
295953521,de:11000:900160003:1:51,-0.4,2026-10-02T01:01:04.695736+02:00
295953521,de:11000:900120003:3:55,-0.6,2026-10-02T01:01:04.695736+02:00
295953521,de:11000:900120004:2:53,-0.1,2026-10-02T01:01:04.695736+02:00
295953521,de:11000:900120005:4:56,-0.4,2026-10-02T01:01:04.695736+02:00
295949467,de:12054:900230999:3:55,0.0,2026-10-02T01:01:04.695736+02:00
295949467,de:12054:900230000:1:50,-0.3,2026-10-02T01:01:04.695736+02:00
295949467,de:12054:900230003:1:54,-0.3,2026-10-02T01:01:04.695736+02:00
295949467,de:11000:900053301:2:53,-0.4,2026-10-02T01:01:04.695736+02:00
295949467,de:11000:900052201:2:53,-0.7,2026-10-02T01:01:04.695736+02:00
295949467,de:11000:900048101:2:53,-0.9,2026-10-02T01:01:04.695736+02:00
295949467,de:11000:900024102:2:53,-0.9,2026-10-02T01:01:04.695736+02:00
295949467,de:11000:900024101:3:55,-0.3,2026-10-02T01:01:04.695736+02:00
295949467,de:11000:900024203:1:51,-0.3,2026-10-02T01:01:04.695736+02:00
295949467,de:11000:900023201:3:54,-0.2,2026-10-02T01:01:04.695736+02:00
295949467,de:11000:900003103:1:50,-0.3,2026-10-02T01:01:04.695736+02:00
295949467,de:11000:900003102:1:50,-0.4,2026-10-02T01:01:04.695736+02:00
295949467,de:11000:900003201:3:54,0.0,2026-10-02T01:01:04.695736+02:00
295949467,de:11000:900100001:3:54,-0.6,2026-10-02T01:01:04.695736+02:00
295949467,de:11000:900100002:1:50,-0.9,2026-10-02T01:01:04.695736+02:00
295949467,de:11000:900100003:2:52,-0.6,2026-10-02T01:01:04.695736+02:00
295949467,de:11000:900100004:1:50,-0.9,2026-10-02T01:01:04.695736+02:00
295949467,de:11000:900120005:4:55,-0.1,2026-10-02T01:01:04.695736+02:00
295949467,de:11000:900120004:1:50,-0.6,2026-10-02T01:01:04.695736+02:00
295949467,de:11000:900120003:2:53,-0.9,2026-10-02T01:01:04.695736+02:00
295949467,de:11000:900160003:1:50,-0.2,2026-10-02T01:01:04.695736+02:00
295949467,de:11000:900160004:1:50,-0.2,2026-10-02T01:01:04.695736+02:00
295949467,de:11000:900171002:1:50,-0.7,2026-10-02T01:01:04.695736+02:00
295949467,de:11000:900171003:1:50,-0.8,2026-10-02T01:01:04.695736+02:00
295949467,de:11000:900170005:1:50,-0.3,2026-10-02T01:01:04.695736+02:00
295949467,de:11000:900170001:1:50,-0.1,2026-10-02T01:01:04.695736+02:00
295949467,de:11000:900170002:1:50,-0.9,2026-10-02T01:01:04.695736+02:00
295949467,de:11000:900170003:1:50,-0.7,2026-10-02T01:01:04.695736+02:00
295949467,de:11000:900170004:2:52,-0.9,2026-10-02T01:01:04.695736+02:00
295956036,de:11000:900120004:1:51,0.0,2026-10-02T01:01:04.695736+02:00
295956036,de:11000:900120003:2:52,-0.9,2026-10-02T01:01:04.695736+02:00
295956036,de:11000:900160003:1:50,-0.2,2026-10-02T01:01:04.695736+02:00
295956036,de:11000:900160004:1:50,-0.2,2026-10-02T01:01:04.695736+02:00
295956036,de:11000:900171002:1:50,-0.7,2026-10-02T01:01:04.695736+02:00
295956036,de:11000:900171003:1:50,-0.8,2026-10-02T01:01:04.695736+02:00
295956036,de:11000:900152002:1:50,-0.4,2026-10-02T01:01:04.695736+02:00
295956036,de:11000:900152001:1:50,-0.6,2026-10-02T01:01:04.695736+02:00
295956036,de:11000:900151001:1:50,-0.9,2026-10-02T01:01:04.695736+02:00
306895473,de:12067:900310807::1,0.0,2026-10-02T01:01:04.695736+02:00
306895473,de:12067:900310815::2,0.0,2026-10-02T01:01:04.695736+02:00
306895473,de:12067:900310880::2,0.0,2026-10-02T01:01:04.695736+02:00
306895473,de:12067:900310010::2,0.0,2026-10-02T01:01:04.695736+02:00
306895473,de:12067:900310770::2,0.0,2026-10-02T01:01:04.695736+02:00
306895473,de:12067:900310812::2,0.0,2026-10-02T01:01:04.695736+02:00
306895473,de:12067:900310806::2,0.0,2026-10-02T01:01:04.695736+02:00
306895473,de:12067:900310821::2,0.0,2026-10-02T01:01:04.695736+02:00
306895473,de:12067:900310794::2,0.0,2026-10-02T01:01:04.695736+02:00
306895473,de:12067:900310808::2,0.0,2026-10-02T01:01:04.695736+02:00
306895473,de:12067:900310822::2,0.0,2026-10-02T01:01:04.695736+02:00
306895473,de:12067:900310781::2,0.0,2026-10-02T01:01:04.695736+02:00
306895473,de:12067:900310627::2,0.0,2026-10-02T01:01:04.695736+02:00
306895473,de:12067:900310816::2,0.0,2026-10-02T01:01:04.695736+02:00
306895473,de:12067:900310022::1,0.0,2026-10-02T01:01:04.695736+02:00
306895473,de:12067:900310001::11,0.0,2026-10-02T01:01:04.695736+02:00
306895473,de:12067:900310001::1,0.0,2026-10-02T01:01:04.695736+02:00
306895473,de:12067:900310696::1,0.0,2026-10-02T01:01:04.695736+02:00
306895473,de:12067:900310788::1,0.0,2026-10-02T01:01:04.695736+02:00
306895473,de:12067:900310790::1,0.0,2026-10-02T01:01:04.695736+02:00
306895473,de:12067:900310787::1,0.0,2026-10-02T01:01:04.695736+02:00
306895473,de:12067:900310809::1,0.0,2026-10-02T01:01:04.695736+02:00
306895473,de:12067:900310825::1,0.0,2026-10-02T01:01:04.695736+02:00
306895473,de:12067:900310792::2,0.0,2026-10-02T01:01:04.695736+02:00
306895473,de:12067:900310774::2,0.0,2026-10-02T01:01:04.695736+02:00
306895473,de:12067:900310793::1,0.0,2026-10-02T01:01:04.695736+02:00
306895473,de:12067:900310628::1,0.0,2026-10-02T01:01:04.695736+02:00
306895473,de:12067:900310814::1,0.0,2026-10-02T01:01:04.695736+02:00
306895473,de:12067:900311083::3,0.0,2026-10-02T01:01:04.695736+02:00
307436874,de:12061:900261512:2:52,0.0,2026-10-02T01:01:04.695736+02:00
307436874,de:12066:900435602:2:51,0.0,2026-10-02T01:01:04.695736+02:00
307436874,de:12066:900435459:2:52,0.0,2026-10-02T01:01:04.695736+02:00
307436874,de:12066:900435818:1:50,0.0,2026-10-02T01:01:04.695736+02:00
307436874,de:12066:900435209:1:50,0.0,2026-10-02T01:01:04.695736+02:00
307436874,de:12066:900435339:1:50,0.0,2026-10-02T01:01:04.695736+02:00
307436874,de:12066:900435001:3:53,0.0,2026-10-02T01:01:04.695736+02:00
307436874,de:12066:900435000:2:53,0.0,2026-10-02T01:01:04.695736+02:00
306895489,de:12067:900310807::1,0.0,2026-10-02T01:01:04.695736+02:00
306895489,de:12067:900310815::2,0.0,2026-10-02T01:01:04.695736+02:00
306895489,de:12067:900310880::2,0.0,2026-10-02T01:01:04.695736+02:00
306895489,de:12067:900310010::2,0.0,2026-10-02T01:01:04.695736+02:00
306895489,de:12067:900310770::2,0.0,2026-10-02T01:01:04.695736+02:00
306895489,de:12067:900310812::2,0.0,2026-10-02T01:01:04.695736+02:00
306895489,de:12067:900310806::2,0.0,2026-10-02T01:01:04.695736+02:00
306895489,de:12067:900310821::2,0.0,2026-10-02T01:01:04.695736+02:00
306895489,de:12067:900310794::2,0.0,2026-10-02T01:01:04.695736+02:00
306895489,de:12067:900310808::2,0.0,2026-10-02T01:01:04.695736+02:00
306895489,de:12067:900310822::2,0.0,2026-10-02T01:01:04.695736+02:00
306895489,de:12067:900310781::2,0.0,2026-10-02T01:01:04.695736+02:00
306895489,de:12067:900310627::2,0.0,2026-10-02T01:01:04.695736+02:00
306895489,de:12067:900310816::2,0.0,2026-10-02T01:01:04.695736+02:00
306895489,de:12067:900310022::1,0.0,2026-10-02T01:01:04.695736+02:00
306895489,de:12067:900310001::11,0.0,2026-10-02T01:01:04.695736+02:00
306895489,de:12067:900310001::1,0.0,2026-10-02T01:01:04.695736+02:00
306895489,de:12067:900310696::1,0.0,2026-10-02T01:01:04.695736+02:00
306895489,de:12067:900310788::1,0.0,2026-10-02T01:01:04.695736+02:00
306895489,de:12067:900310790::1,0.0,2026-10-02T01:01:04.695736+02:00
306895489,de:12067:900310787::1,0.0,2026-10-02T01:01:04.695736+02:00
306895489,de:12067:900310809::1,0.0,2026-10-02T01:01:04.695736+02:00
306895489,de:12067:900310825::1,0.0,2026-10-02T01:01:04.695736+02:00
306895489,de:12067:900310792::2,0.0,2026-10-02T01:01:04.695736+02:00
306895489,de:12067:900310774::2,0.0,2026-10-02T01:01:04.695736+02:00
306895489,de:12067:900310793::1,0.0,2026-10-02T01:01:04.695736+02:00
306895489,de:12067:900310628::1,0.0,2026-10-02T01:01:04.695736+02:00
306895489,de:12067:900310814::1,0.0,2026-10-02T01:01:04.695736+02:00
306895489,de:12067:900311083::3,0.0,2026-10-02T01:01:04.695736+02:00
306895547,de:12067:900311083::3,0.0,2026-10-02T01:01:04.695736+02:00
306895547,de:12067:900310775::1,0.0,2026-10-02T01:01:04.695736+02:00
306895547,de:12067:900311083::2,0.0,2026-10-02T01:01:04.695736+02:00
306895547,de:12067:900310814::2,0.0,2026-10-02T01:01:04.695736+02:00
306895547,de:12067:900310804::2,0.0,2026-10-02T01:01:04.695736+02:00
306895547,de:12067:900311150::2,0.0,2026-10-02T01:01:04.695736+02:00
306895547,de:12067:900311135::2,0.0,2026-10-02T01:01:04.695736+02:00
306895547,de:12067:900311149::2,0.0,2026-10-02T01:01:04.695736+02:00
306895547,de:12067:900310001::11,0.0,2026-10-02T01:01:04.695736+02:00
306895547,de:12067:900310001::2,0.0,2026-10-02T01:01:04.695736+02:00
306895547,de:12067:900310816::1,0.0,2026-10-02T01:01:04.695736+02:00
306895547,de:12067:900310627::1,0.0,2026-10-02T01:01:04.695736+02:00
306895547,de:12067:900311151::1,0.0,2026-10-02T01:01:04.695736+02:00
306895547,de:12067:900311152::1,0.0,2026-10-02T01:01:04.695736+02:00
306895547,de:12067:900310823::1,0.0,2026-10-02T01:01:04.695736+02:00
306895547,de:12067:900310773::1,0.0,2026-10-02T01:01:04.695736+02:00
306895547,de:12067:900311109::1,0.0,2026-10-02T01:01:04.695736+02:00
306895547,de:12067:900310782::1,0.0,2026-10-02T01:01:04.695736+02:00
306895547,de:12067:900310010::2,0.0,2026-10-02T01:01:04.695736+02:00
306895547,de:12067:900310770::2,0.0,2026-10-02T01:01:04.695736+02:00
306895547,de:12067:900310695::2,0.0,2026-10-02T01:01:04.695736+02:00
306895547,de:12067:900310769::1,0.0,2026-10-02T01:01:04.695736+02:00
306895547,de:12067:900310810::2,0.0,2026-10-02T01:01:04.695736+02:00
306895547,de:12067:900310980::1,0.0,2026-10-02T01:01:04.695736+02:00
306895553,de:12067:900311083::3,0.0,2026-10-02T01:01:04.695736+02:00
306895553,de:12067:900310775::1,0.0,2026-10-02T01:01:04.695736+02:00
306895553,de:12067:900311083::2,0.0,2026-10-02T01:01:04.695736+02:00
306895553,de:12067:900310814::2,0.0,2026-10-02T01:01:04.695736+02:00
306895553,de:12067:900310804::2,0.0,2026-10-02T01:01:04.695736+02:00
306895553,de:12067:900311150::2,0.0,2026-10-02T01:01:04.695736+02:00
306895553,de:12067:900311135::2,0.0,2026-10-02T01:01:04.695736+02:00
306895553,de:12067:900311149::2,0.0,2026-10-02T01:01:04.695736+02:00
306895553,de:12067:900310001::11,0.0,2026-10-02T01:01:04.695736+02:00
306895553,de:12067:900310001::2,0.0,2026-10-02T01:01:04.695736+02:00
306895553,de:12067:900310816::1,0.0,2026-10-02T01:01:04.695736+02:00
306895553,de:12067:900310627::1,0.0,2026-10-02T01:01:04.695736+02:00
306895553,de:12067:900311151::1,0.0,2026-10-02T01:01:04.695736+02:00
306895553,de:12067:900311152::1,0.0,2026-10-02T01:01:04.695736+02:00
306895553,de:12067:900310823::1,0.0,2026-10-02T01:01:04.695736+02:00
306895553,de:12067:900310773::1,0.0,2026-10-02T01:01:04.695736+02:00
306895553,de:12067:900311109::1,0.0,2026-10-02T01:01:04.695736+02:00
306895553,de:12067:900310782::1,0.0,2026-10-02T01:01:04.695736+02:00
306895553,de:12067:900310010::2,0.0,2026-10-02T01:01:04.695736+02:00
306895553,de:12067:900310770::2,0.0,2026-10-02T01:01:04.695736+02:00
306895553,de:12067:900310695::2,0.0,2026-10-02T01:01:04.695736+02:00
306895553,de:12067:900310769::1,0.0,2026-10-02T01:01:04.695736+02:00
306895553,de:12067:900310810::2,0.0,2026-10-02T01:01:04.695736+02:00
306895553,de:12067:900310980::1,0.0,2026-10-02T01:01:04.695736+02:00
306895555,de:12067:900311083::3,0.0,2026-10-02T01:01:04.695736+02:00
306895555,de:12067:900310775::1,0.0,2026-10-02T01:01:04.695736+02:00
306895555,de:12067:900311083::2,0.0,2026-10-02T01:01:04.695736+02:00
306895555,de:12067:900310814::2,0.0,2026-10-02T01:01:04.695736+02:00
306895555,de:12067:900310804::2,0.0,2026-10-02T01:01:04.695736+02:00
306895555,de:12067:900311150::2,0.0,2026-10-02T01:01:04.695736+02:00
306895555,de:12067:900311135::2,0.0,2026-10-02T01:01:04.695736+02:00
306895555,de:12067:900311149::2,0.0,2026-10-02T01:01:04.695736+02:00
306895555,de:12067:900310001::11,0.0,2026-10-02T01:01:04.695736+02:00
306895555,de:12067:900310001::2,0.0,2026-10-02T01:01:04.695736+02:00
306895555,de:12067:900310816::1,0.0,2026-10-02T01:01:04.695736+02:00
306895555,de:12067:900310627::1,0.0,2026-10-02T01:01:04.695736+02:00
306895555,de:12067:900311151::1,0.0,2026-10-02T01:01:04.695736+02:00
306895555,de:12067:900311152::1,0.0,2026-10-02T01:01:04.695736+02:00
306895555,de:12067:900310823::1,0.0,2026-10-02T01:01:04.695736+02:00
306895555,de:12067:900310773::1,0.0,2026-10-02T01:01:04.695736+02:00
306895555,de:12067:900311109::1,0.0,2026-10-02T01:01:04.695736+02:00
306895555,de:12067:900310782::1,0.0,2026-10-02T01:01:04.695736+02:00
306895555,de:12067:900310010::2,0.0,2026-10-02T01:01:04.695736+02:00
306895555,de:12067:900310770::2,0.0,2026-10-02T01:01:04.695736+02:00
306895555,de:12067:900310695::2,0.0,2026-10-02T01:01:04.695736+02:00
306895555,de:12067:900310769::1,0.0,2026-10-02T01:01:04.695736+02:00
306895555,de:12067:900310810::2,0.0,2026-10-02T01:01:04.695736+02:00
306895555,de:12067:900310980::1,0.0,2026-10-02T01:01:04.695736+02:00
295963752,de:12061:900260009:3:56,0.0,2026-10-02T01:01:04.695736+02:00
295963752,de:12061:900260080:1:51,-0.7,2026-10-02T01:01:04.695736+02:00
295963752,de:12061:900260005:3:55,0.0,2026-10-02T01:01:04.695736+02:00
295963752,de:11000:900196001:1:51,0.0,2026-10-02T01:01:04.695736+02:00
295963752,de:11000:900195510:1:50,-0.4,2026-10-02T01:01:04.695736+02:00
295963752,de:11000:900193002:1:51,-0.6,2026-10-02T01:01:04.695736+02:00
295963752,de:11000:900193001:2:51,-0.3,2026-10-02T01:01:04.695736+02:00
295963752,de:11000:900192001:3:55,-0.2,2026-10-02T01:01:04.695736+02:00
295963752,de:11000:900191001:1:50,-0.9,2026-10-02T01:01:04.695736+02:00
295963752,de:11000:900191002:1:51,-0.3,2026-10-02T01:01:04.695736+02:00
295963752,de:11000:900190001:2:53,-0.1,2026-10-02T01:01:04.695736+02:00
295963752,de:11000:900120003:5:59,-0.3,2026-10-02T01:01:04.695736+02:00
295963752,de:11000:900120001:1:51,-0.6,2026-10-02T01:01:04.695736+02:00
295963752,de:11000:900110012:1:51,-0.8,2026-10-02T01:01:04.695736+02:00
295963752,de:11000:900110004:1:51,-0.7,2026-10-02T01:01:04.695736+02:00
295963752,de:11000:900110003:1:51,0.0,2026-10-02T01:01:04.695736+02:00
295963752,de:11000:900110002:1:51,0.0,2026-10-02T01:01:04.695736+02:00
295963752,de:11000:900110001:1:51,-0.7,2026-10-02T01:01:04.695736+02:00
295963752,de:11000:900110011:2:53,-0.4,2026-10-02T01:01:04.695736+02:00
295963752,de:11000:900085201:1:50,-0.8,2026-10-02T01:01:04.695736+02:00
295963752,de:11000:900084101:1:50,-0.7,2026-10-02T01:01:04.695736+02:00
295963752,de:11000:900096101:1:50,-0.8,2026-10-02T01:01:04.695736+02:00
295963752,de:11000:900094101:1:50,-0.3,2026-10-02T01:01:04.695736+02:00
295963752,de:11000:900093201:1:50,-0.4,2026-10-02T01:01:04.695736+02:00
295963752,de:11000:900092201:1:51,-0.2,2026-10-02T01:01:04.695736+02:00
295963714,de:12061:900260009:3:56,0.0,2026-10-02T01:01:04.695736+02:00
295963714,de:12061:900260080:1:51,-0.7,2026-10-02T01:01:04.695736+02:00
295963714,de:12061:900260005:3:55,0.0,2026-10-02T01:01:04.695736+02:00
295963714,de:11000:900196001:1:51,0.0,2026-10-02T01:01:04.695736+02:00
295963714,de:11000:900195510:1:50,-0.4,2026-10-02T01:01:04.695736+02:00
295963714,de:11000:900193002:1:51,-0.6,2026-10-02T01:01:04.695736+02:00
295963714,de:11000:900193001:2:51,-0.3,2026-10-02T01:01:04.695736+02:00
295963714,de:11000:900192001:3:55,-0.2,2026-10-02T01:01:04.695736+02:00
295963714,de:11000:900191001:1:50,-0.9,2026-10-02T01:01:04.695736+02:00
295963714,de:11000:900191002:1:51,-0.3,2026-10-02T01:01:04.695736+02:00
295963714,de:11000:900190001:2:53,-0.1,2026-10-02T01:01:04.695736+02:00
295963714,de:11000:900120003:5:59,-0.3,2026-10-02T01:01:04.695736+02:00
295963714,de:11000:900120001:1:51,-0.6,2026-10-02T01:01:04.695736+02:00
295963714,de:11000:900110012:1:51,-0.8,2026-10-02T01:01:04.695736+02:00
295963714,de:11000:900110004:1:51,-0.7,2026-10-02T01:01:04.695736+02:00
295963714,de:11000:900110003:1:51,0.0,2026-10-02T01:01:04.695736+02:00
295963714,de:11000:900110002:1:51,0.0,2026-10-02T01:01:04.695736+02:00
295963714,de:11000:900110001:1:51,-0.7,2026-10-02T01:01:04.695736+02:00
295963714,de:11000:900110011:2:53,-0.4,2026-10-02T01:01:04.695736+02:00
295963714,de:11000:900085201:1:50,-0.8,2026-10-02T01:01:04.695736+02:00
295963714,de:11000:900084101:1:50,-0.7,2026-10-02T01:01:04.695736+02:00
295963714,de:11000:900096101:1:50,-0.8,2026-10-02T01:01:04.695736+02:00
295963714,de:11000:900094101:1:50,-0.3,2026-10-02T01:01:04.695736+02:00
295963714,de:11000:900093201:1:50,-0.4,2026-10-02T01:01:04.695736+02:00
295963714,de:11000:900092201:1:51,-0.2,2026-10-02T01:01:04.695736+02:00
295967968,de:12061:900260009:3:55,0.0,2026-10-02T01:01:04.695736+02:00
295967968,de:12061:900260080:1:51,-0.7,2026-10-02T01:01:04.695736+02:00
295967968,de:12061:900260005:3:55,0.0,2026-10-02T01:01:04.695736+02:00
295967968,de:11000:900196001:1:51,0.0,2026-10-02T01:01:04.695736+02:00
295967968,de:11000:900195510:1:50,-0.4,2026-10-02T01:01:04.695736+02:00
295967968,de:11000:900193002:1:51,-0.6,2026-10-02T01:01:04.695736+02:00
295967968,de:11000:900193001:2:51,-0.3,2026-10-02T01:01:04.695736+02:00
295967968,de:11000:900192001:3:55,-0.2,2026-10-02T01:01:04.695736+02:00
295967968,de:11000:900191001:1:50,0.0,2026-10-02T01:01:04.695736+02:00
295967968,de:11000:900191002:1:51,-0.7,2026-10-02T01:01:04.695736+02:00
295967968,de:11000:900190001:2:53,-0.4,2026-10-02T01:01:04.695736+02:00
295967968,de:11000:900120004:2:53,-0.9,2026-10-02T01:01:04.695736+02:00
295967968,de:11000:900120005:5:58,-0.1,2026-10-02T01:01:04.695736+02:00
295967968,de:11000:900100004:1:51,-0.4,2026-10-02T01:01:04.695736+02:00
295967968,de:11000:900100003:2:53,-0.4,2026-10-02T01:01:04.695736+02:00
295967968,de:11000:900100002:1:51,-0.4,2026-10-02T01:01:04.695736+02:00
295967968,de:11000:900100001:3:55,-0.4,2026-10-02T01:01:04.695736+02:00
295967968,de:11000:900003201:3:55,-0.1,2026-10-02T01:01:04.695736+02:00
295967968,de:11000:900003102:1:51,-0.8,2026-10-02T01:01:04.695736+02:00
295967968,de:11000:900003103:1:51,-0.9,2026-10-02T01:01:04.695736+02:00
295967968,de:11000:900023201:3:55,-0.8,2026-10-02T01:01:04.695736+02:00
295967968,de:11000:900024203:1:51,-0.8,2026-10-02T01:01:04.695736+02:00
295967968,de:11000:900024101:4:57,-0.8,2026-10-02T01:01:04.695736+02:00
295967968,de:11000:900024102:1:50,-0.1,2026-10-02T01:01:04.695736+02:00
295967968,de:11000:900025423:1:50,-0.4,2026-10-02T01:01:04.695736+02:00
295967968,de:11000:900026105:1:50,-0.7,2026-10-02T01:01:04.695736+02:00
295967968,de:11000:900025321:1:50,-0.3,2026-10-02T01:01:04.695736+02:00
295967968,de:11000:900025424:1:50,-0.3,2026-10-02T01:01:04.695736+02:00
295967968,de:11000:900030202:1:50,-0.9,2026-10-02T01:01:04.695736+02:00
295967968,de:11000:900029101:1:51,-0.9,2026-10-02T01:01:04.695736+02:00
307332687,de:11000:900029101:1:51,0.0,2026-10-02T01:01:04.695736+02:00
307332687,de:11000:900030202:1:50,-0.3,2026-10-02T01:01:04.695736+02:00
307332687,de:11000:900025424:1:51,-0.2,2026-10-02T01:01:04.695736+02:00
307332687,de:11000:900025321:1:51,-0.2,2026-10-02T01:01:04.695736+02:00
307332687,de:11000:900026105:1:50,-0.4,2026-10-02T01:01:04.695736+02:00
307332687,de:11000:900025423:1:50,-0.7,2026-10-02T01:01:04.695736+02:00
307332687,de:11000:900024102:2:53,-0.7,2026-10-02T01:01:04.695736+02:00
307332687,de:11000:900024101:3:55,-0.3,2026-10-02T01:01:04.695736+02:00
307332687,de:11000:900024203:1:51,-0.8,2026-10-02T01:01:04.695736+02:00
307332687,de:11000:900023201:3:54,-0.7,2026-10-02T01:01:04.695736+02:00
307332687,de:11000:900003103:1:50,-0.8,2026-10-02T01:01:04.695736+02:00
307332687,de:11000:900003102:1:50,-0.9,2026-10-02T01:01:04.695736+02:00
307332687,de:11000:900003201:3:54,-0.5,2026-10-02T01:01:04.695736+02:00
307332687,de:11000:900100001:3:54,-0.1,2026-10-02T01:01:04.695736+02:00
307332687,de:11000:900100002:1:50,-0.4,2026-10-02T01:01:04.695736+02:00
307332687,de:11000:900100003:2:52,-0.1,2026-10-02T01:01:04.695736+02:00
307332687,de:11000:900100004:1:50,-0.4,2026-10-02T01:01:04.695736+02:00
307332687,de:11000:900120005:4:56,-0.6,2026-10-02T01:01:04.695736+02:00
307332687,de:11000:900120004:1:51,-0.1,2026-10-02T01:01:04.695736+02:00
307332687,de:11000:900190001:1:51,-0.2,2026-10-02T01:01:04.695736+02:00
307332687,de:11000:900191002:1:50,0.0,2026-10-02T01:01:04.695736+02:00
307332687,de:11000:900191001:2:52,-0.4,2026-10-02T01:01:04.695736+02:00
307332687,de:11000:900192001:2:52,-0.7,2026-10-02T01:01:04.695736+02:00
307332687,de:11000:900193001:1:50,-0.2,2026-10-02T01:01:04.695736+02:00
307332687,de:11000:900193002:1:50,-0.8,2026-10-02T01:01:04.695736+02:00
307332687,de:11000:900195510:1:51,-0.2,2026-10-02T01:01:04.695736+02:00
307332687,de:11000:900196001:1:50,-0.4,2026-10-02T01:01:04.695736+02:00
307332687,de:12061:900260005:3:54,-0.2,2026-10-02T01:01:04.695736+02:00
307332687,de:12061:900260080:1:50,-0.7,2026-10-02T01:01:04.695736+02:00
307332687,de:12061:900260009:3:55,-0.9,2026-10-02T01:01:04.695736+02:00
295967901,de:12061:900260009:3:55,0.0,2026-10-02T01:01:04.695736+02:00
295967901,de:12061:900260080:1:51,-0.7,2026-10-02T01:01:04.695736+02:00
295967901,de:12061:900260005:3:55,0.0,2026-10-02T01:01:04.695736+02:00
295967901,de:11000:900196001:1:51,0.0,2026-10-02T01:01:04.695736+02:00
295967901,de:11000:900195510:1:50,-0.4,2026-10-02T01:01:04.695736+02:00
295967901,de:11000:900193002:1:51,-0.6,2026-10-02T01:01:04.695736+02:00
295967901,de:11000:900193001:2:51,-0.3,2026-10-02T01:01:04.695736+02:00
295967901,de:11000:900192001:3:55,-0.2,2026-10-02T01:01:04.695736+02:00
295967901,de:11000:900191001:1:50,0.0,2026-10-02T01:01:04.695736+02:00
295967901,de:11000:900191002:1:51,-0.7,2026-10-02T01:01:04.695736+02:00
295967901,de:11000:900190001:2:53,-0.4,2026-10-02T01:01:04.695736+02:00
295967901,de:11000:900120004:2:52,-0.9,2026-10-02T01:01:04.695736+02:00
295967901,de:11000:900120005:5:57,-0.1,2026-10-02T01:01:04.695736+02:00
295967901,de:11000:900100004:1:51,-0.4,2026-10-02T01:01:04.695736+02:00
295967901,de:11000:900100003:2:53,-0.4,2026-10-02T01:01:04.695736+02:00
295967901,de:11000:900100002:1:51,-0.4,2026-10-02T01:01:04.695736+02:00
295967901,de:11000:900100001:3:55,-0.4,2026-10-02T01:01:04.695736+02:00
295967901,de:11000:900003201:3:55,-0.1,2026-10-02T01:01:04.695736+02:00
295967901,de:11000:900003102:1:51,-0.8,2026-10-02T01:01:04.695736+02:00
295967901,de:11000:900003103:1:51,-0.9,2026-10-02T01:01:04.695736+02:00
295967901,de:11000:900023201:3:55,-0.8,2026-10-02T01:01:04.695736+02:00
295967901,de:11000:900024203:1:51,-0.8,2026-10-02T01:01:04.695736+02:00
295967901,de:11000:900024101:4:57,-0.8,2026-10-02T01:01:04.695736+02:00
295967901,de:11000:900024102:1:50,-0.1,2026-10-02T01:01:04.695736+02:00
295967901,de:11000:900025423:1:50,-0.4,2026-10-02T01:01:04.695736+02:00
295967901,de:11000:900026105:1:50,-0.7,2026-10-02T01:01:04.695736+02:00
295967901,de:11000:900025321:1:50,-0.3,2026-10-02T01:01:04.695736+02:00
295967901,de:11000:900025424:1:50,-0.3,2026-10-02T01:01:04.695736+02:00
295967901,de:11000:900030202:1:50,-0.9,2026-10-02T01:01:04.695736+02:00
295967901,de:11000:900029101:1:51,-0.9,2026-10-02T01:01:04.695736+02:00
307332673,de:11000:900029101:1:51,0.0,2026-10-02T01:01:04.695736+02:00
307332673,de:11000:900030202:1:50,-0.3,2026-10-02T01:01:04.695736+02:00
307332673,de:11000:900025424:1:51,-0.2,2026-10-02T01:01:04.695736+02:00
307332673,de:11000:900025321:1:51,-0.2,2026-10-02T01:01:04.695736+02:00
307332673,de:11000:900026105:1:50,-0.4,2026-10-02T01:01:04.695736+02:00
307332673,de:11000:900025423:1:50,-0.7,2026-10-02T01:01:04.695736+02:00
307332673,de:11000:900024102:2:53,-0.7,2026-10-02T01:01:04.695736+02:00
307332673,de:11000:900024101:3:55,-0.3,2026-10-02T01:01:04.695736+02:00
307332673,de:11000:900024203:1:51,-0.8,2026-10-02T01:01:04.695736+02:00
307332673,de:11000:900023201:3:54,-0.7,2026-10-02T01:01:04.695736+02:00
307332673,de:11000:900003103:1:50,-0.8,2026-10-02T01:01:04.695736+02:00
307332673,de:11000:900003102:1:50,-0.9,2026-10-02T01:01:04.695736+02:00
307332673,de:11000:900003201:3:54,-0.5,2026-10-02T01:01:04.695736+02:00
307332673,de:11000:900100001:3:54,-0.1,2026-10-02T01:01:04.695736+02:00
307332673,de:11000:900100002:1:50,-0.4,2026-10-02T01:01:04.695736+02:00
307332673,de:11000:900100003:2:52,-0.1,2026-10-02T01:01:04.695736+02:00
307332673,de:11000:900100004:1:50,-0.4,2026-10-02T01:01:04.695736+02:00
307332673,de:11000:900120005:4:56,-0.6,2026-10-02T01:01:04.695736+02:00
307332673,de:11000:900120004:1:51,-0.1,2026-10-02T01:01:04.695736+02:00
307332673,de:11000:900190001:1:51,-0.2,2026-10-02T01:01:04.695736+02:00
307332673,de:11000:900191002:1:50,0.0,2026-10-02T01:01:04.695736+02:00
307332673,de:11000:900191001:2:52,-0.4,2026-10-02T01:01:04.695736+02:00
307332673,de:11000:900192001:2:52,-0.7,2026-10-02T01:01:04.695736+02:00
307332673,de:11000:900193001:1:50,-0.2,2026-10-02T01:01:04.695736+02:00
307332673,de:11000:900193002:1:50,-0.8,2026-10-02T01:01:04.695736+02:00
307332673,de:11000:900195510:1:51,-0.2,2026-10-02T01:01:04.695736+02:00
307332673,de:11000:900196001:1:50,-0.4,2026-10-02T01:01:04.695736+02:00
307332673,de:12061:900260005:3:54,-0.2,2026-10-02T01:01:04.695736+02:00
307332673,de:12061:900260080:1:50,-0.7,2026-10-02T01:01:04.695736+02:00
307332673,de:12061:900260009:3:55,-0.9,2026-10-02T01:01:04.695736+02:00
307332666,de:11000:900029101:1:51,0.0,2026-10-02T01:01:04.695736+02:00
307332666,de:11000:900030202:1:50,-0.3,2026-10-02T01:01:04.695736+02:00
307332666,de:11000:900025424:1:51,-0.2,2026-10-02T01:01:04.695736+02:00
307332666,de:11000:900025321:1:51,-0.2,2026-10-02T01:01:04.695736+02:00
307332666,de:11000:900026105:1:50,-0.4,2026-10-02T01:01:04.695736+02:00
307332666,de:11000:900025423:1:50,-0.7,2026-10-02T01:01:04.695736+02:00
307332666,de:11000:900024102:2:53,-0.7,2026-10-02T01:01:04.695736+02:00
307332666,de:11000:900024101:3:55,-0.3,2026-10-02T01:01:04.695736+02:00
307332666,de:11000:900024203:1:51,-0.8,2026-10-02T01:01:04.695736+02:00
307332666,de:11000:900023201:3:54,-0.7,2026-10-02T01:01:04.695736+02:00
307332666,de:11000:900003103:1:50,-0.8,2026-10-02T01:01:04.695736+02:00
307332666,de:11000:900003102:1:50,-0.9,2026-10-02T01:01:04.695736+02:00
307332666,de:11000:900003201:3:54,-0.5,2026-10-02T01:01:04.695736+02:00
307332666,de:11000:900100001:3:54,-0.1,2026-10-02T01:01:04.695736+02:00
307332666,de:11000:900100002:1:50,-0.4,2026-10-02T01:01:04.695736+02:00
307332666,de:11000:900100003:2:52,-0.1,2026-10-02T01:01:04.695736+02:00
307332666,de:11000:900100004:1:50,-0.4,2026-10-02T01:01:04.695736+02:00
307332666,de:11000:900120005:4:56,-0.6,2026-10-02T01:01:04.695736+02:00
307332666,de:11000:900120004:1:51,-0.1,2026-10-02T01:01:04.695736+02:00
307332666,de:11000:900190001:1:51,-0.2,2026-10-02T01:01:04.695736+02:00
307332666,de:11000:900191002:1:50,0.0,2026-10-02T01:01:04.695736+02:00
307332666,de:11000:900191001:2:52,-0.4,2026-10-02T01:01:04.695736+02:00
307332666,de:11000:900192001:2:52,-0.7,2026-10-02T01:01:04.695736+02:00
307332666,de:11000:900193001:1:50,-0.2,2026-10-02T01:01:04.695736+02:00
307332666,de:11000:900193002:1:50,-0.8,2026-10-02T01:01:04.695736+02:00
307332666,de:11000:900195510:1:51,-0.2,2026-10-02T01:01:04.695736+02:00
307332666,de:11000:900196001:1:50,-0.4,2026-10-02T01:01:04.695736+02:00
307332666,de:12061:900260005:3:54,-0.2,2026-10-02T01:01:04.695736+02:00
307332666,de:12061:900260080:1:50,-0.7,2026-10-02T01:01:04.695736+02:00
307332666,de:12061:900260009:3:55,-0.9,2026-10-02T01:01:04.695736+02:00
306054064,de:12064:900321742::3,0.0,2026-10-02T01:01:04.695736+02:00
306054064,de:12064:900321747::1,0.0,2026-10-02T01:01:04.695736+02:00
306054064,de:12064:900321750::1,0.0,2026-10-02T01:01:04.695736+02:00
306054064,de:12064:900321471::1,0.0,2026-10-02T01:01:04.695736+02:00
306054064,de:12064:900321603::1,0.0,2026-10-02T01:01:04.695736+02:00
306054064,de:12064:900321604::1,0.0,2026-10-02T01:01:04.695736+02:00
306054064,de:12064:900321433::1,0.0,2026-10-02T01:01:04.695736+02:00
306054064,de:12064:900321582::1,0.0,2026-10-02T01:01:04.695736+02:00
306054064,de:12064:900321582::1,-14.0,2026-10-02T01:01:04.695736+02:00
306054064,de:12064:900321583::1,0.0,2026-10-02T01:01:04.695736+02:00
306054064,de:12064:900321520::1,0.0,2026-10-02T01:01:04.695736+02:00
306054064,de:12064:900321518::1,0.0,2026-10-02T01:01:04.695736+02:00
306054064,de:12064:900321521::1,0.0,2026-10-02T01:01:04.695736+02:00
306054064,de:12064:900321518::2,0.0,2026-10-02T01:01:04.695736+02:00
306054064,de:12064:900321520::2,0.0,2026-10-02T01:01:04.695736+02:00
306054064,de:12064:900321583::2,0.0,2026-10-02T01:01:04.695736+02:00
306054064,de:12064:900321582::1,14.0,2026-10-02T01:01:04.695736+02:00
306054064,de:12064:900321582::1,0.0,2026-10-02T01:01:04.695736+02:00
306054064,de:12064:900321581::2,0.0,2026-10-02T01:01:04.695736+02:00
306054064,de:12064:900321474::1,0.0,2026-10-02T01:01:04.695736+02:00
306054064,de:12064:900321707::1,0.0,2026-10-02T01:01:04.695736+02:00
306054064,de:12064:900321705::1,0.0,2026-10-02T01:01:04.695736+02:00
306054064,de:12064:900321472::1,0.0,2026-10-02T01:01:04.695736+02:00
306054064,de:12064:900321688::1,0.0,2026-10-02T01:01:04.695736+02:00
306054064,de:12064:900321689::1,0.0,2026-10-02T01:01:04.695736+02:00
306054064,de:12064:900321686::1,0.0,2026-10-02T01:01:04.695736+02:00
306054064,de:12064:900321685::1,0.0,2026-10-02T01:01:04.695736+02:00
306054064,de:12064:900321687::1,0.0,2026-10-02T01:01:04.695736+02:00
306054064,de:12064:900321530::1,0.0,2026-10-02T01:01:04.695736+02:00
306054064,de:12064:900321536::1,0.0,2026-10-02T01:01:04.695736+02:00
306054064,de:12064:900321532::2,0.0,2026-10-02T01:01:04.695736+02:00
306054064,de:12064:900321534::2,0.0,2026-10-02T01:01:04.695736+02:00
306054064,de:12064:900321535::2,0.0,2026-10-02T01:01:04.695736+02:00
306054064,de:12053:900360209::2,0.0,2026-10-02T01:01:04.695736+02:00
306054064,de:12053:900360024::2,0.0,2026-10-02T01:01:04.695736+02:00
306054064,de:12053:900360214::2,0.0,2026-10-02T01:01:04.695736+02:00
306054064,de:12053:900360141::3,0.0,2026-10-02T01:01:04.695736+02:00
306054064,de:12053:900360123::2,0.0,2026-10-02T01:01:04.695736+02:00
306054064,de:12053:900360000::3,0.0,2026-10-02T01:01:04.695736+02:00
306895764,de:12067:900310001::5,0.0,2026-10-02T01:01:04.695736+02:00
306895764,de:12067:900311149::1,0.0,2026-10-02T01:01:04.695736+02:00
306895764,de:12067:900310835::1,0.0,2026-10-02T01:01:04.695736+02:00
306895764,de:12067:900310825::1,0.0,2026-10-02T01:01:04.695736+02:00
306895764,de:12067:900310805::1,0.0,2026-10-02T01:01:04.695736+02:00
306897244,de:12067:900311482::3,0.0,2026-10-02T01:01:04.695736+02:00
306897244,de:12067:900311490::2,0.0,2026-10-02T01:01:04.695736+02:00
306897244,de:12067:900311478::2,0.0,2026-10-02T01:01:04.695736+02:00
306897244,de:12067:900311477::2,0.0,2026-10-02T01:01:04.695736+02:00
306897244,de:12067:900311442::2,0.0,2026-10-02T01:01:04.695736+02:00
306897244,de:12067:900311560::1,0.0,2026-10-02T01:01:04.695736+02:00
306897244,de:12067:900311401::2,0.0,2026-10-02T01:01:04.695736+02:00
306897244,de:12067:900311543::2,0.0,2026-10-02T01:01:04.695736+02:00
306897244,de:12067:900311542::1,0.0,2026-10-02T01:01:04.695736+02:00
306897244,de:12067:900311530::2,0.0,2026-10-02T01:01:04.695736+02:00
306897244,de:12067:900311531::2,0.0,2026-10-02T01:01:04.695736+02:00
306897244,de:12067:900311306::2,0.0,2026-10-02T01:01:04.695736+02:00
306897244,de:12067:900311356::2,0.0,2026-10-02T01:01:04.695736+02:00
306897244,de:12067:900311311::2,0.0,2026-10-02T01:01:04.695736+02:00
306897244,de:12067:900311312::2,0.0,2026-10-02T01:01:04.695736+02:00
306897244,de:12067:900311383::5,0.0,2026-10-02T01:01:04.695736+02:00
306897244,de:12067:900311315::2,0.0,2026-10-02T01:01:04.695736+02:00
306897244,de:12067:900311348::2,0.0,2026-10-02T01:01:04.695736+02:00
306897244,de:12067:900311308::4,0.0,2026-10-02T01:01:04.695736+02:00
295879396,de:11000:900053301:2:52,0.0,2026-10-02T01:01:04.695736+02:00
295879396,de:11000:900052201:1:51,0.0,2026-10-02T01:01:04.695736+02:00
295879396,de:11000:900050355:1:51,-0.3,2026-10-02T01:01:04.695736+02:00
295879396,de:11000:900050301:1:51,-0.4,2026-10-02T01:01:04.695736+02:00
295879396,de:11000:900049201:1:51,0.0,2026-10-02T01:01:04.695736+02:00
295879396,de:11000:900049202:1:51,0.0,2026-10-02T01:01:04.695736+02:00
295879396,de:11000:900066101:1:51,-0.3,2026-10-02T01:01:04.695736+02:00
295879396,de:11000:900066102:1:51,-0.2,2026-10-02T01:01:04.695736+02:00
295879396,de:11000:900062202:1:51,-0.2,2026-10-02T01:01:04.695736+02:00
295879396,de:11000:900063101:1:51,-0.2,2026-10-02T01:01:04.695736+02:00
295879396,de:11000:900060101:1:51,-0.9,2026-10-02T01:01:04.695736+02:00
295879396,de:11000:900054104:1:51,-0.9,2026-10-02T01:01:04.695736+02:00
295879396,de:11000:900057104:1:50,-0.4,2026-10-02T01:01:04.695736+02:00
295879396,de:11000:900057102:1:51,-0.1,2026-10-02T01:01:04.695736+02:00
295879396,de:11000:900012101:2:52,-0.9,2026-10-02T01:01:04.695736+02:00
295879396,de:11000:900100020:4:57,-0.3,2026-10-02T01:01:04.695736+02:00
295879396,de:11000:900100025:1:51,-0.4,2026-10-02T01:01:04.695736+02:00
295879396,de:11000:900100001:4:57,-0.1,2026-10-02T01:01:04.695736+02:00
295879396,de:11000:900100007:1:51,-0.2,2026-10-02T01:01:04.695736+02:00
295879396,de:11000:900007104:2:52,-0.2,2026-10-02T01:01:04.695736+02:00
295879396,de:11000:900008101:1:51,-0.9,2026-10-02T01:01:04.695736+02:00
295879396,de:11000:900007102:2:53,-0.6,2026-10-02T01:01:04.695736+02:00
295879396,de:11000:900110011:2:53,-0.9,2026-10-02T01:01:04.695736+02:00
295879396,de:11000:900085201:1:50,-0.9,2026-10-02T01:01:04.695736+02:00
295879396,de:11000:900084101:1:50,-0.7,2026-10-02T01:01:04.695736+02:00
295879396,de:11000:900096101:1:50,-0.8,2026-10-02T01:01:04.695736+02:00
295879396,de:11000:900094101:1:50,-0.1,2026-10-02T01:01:04.695736+02:00
295879396,de:11000:900093201:1:50,-0.4,2026-10-02T01:01:04.695736+02:00
295879396,de:11000:900092201:1:50,-0.2,2026-10-02T01:01:04.695736+02:00
295879396,de:12065:900200009:1:50,-0.7,2026-10-02T01:01:04.695736+02:00
295879396,de:12065:900200008:1:50,-0.7,2026-10-02T01:01:04.695736+02:00
295879396,de:12065:900200007:1:50,-0.2,2026-10-02T01:01:04.695736+02:00
295879396,de:12065:900200006:1:50,-0.5,2026-10-02T01:01:04.695736+02:00
295879396,de:12065:900200005:3:1,-0.9,2026-10-02T01:01:04.695736+02:00
306895875,de:12067:900310001::5,0.0,2026-10-02T01:01:04.695736+02:00
306895875,de:12067:900311149::1,0.0,2026-10-02T01:01:04.695736+02:00
306895875,de:12067:900310781::1,0.0,2026-10-02T01:01:04.695736+02:00
306895875,de:12067:900310789::1,0.0,2026-10-02T01:01:04.695736+02:00
306895875,de:12067:900310797::1,0.0,2026-10-02T01:01:04.695736+02:00
306895875,de:12067:900310773::1,0.0,2026-10-02T01:01:04.695736+02:00
306895875,de:12067:900311115::1,0.0,2026-10-02T01:01:04.695736+02:00
306895929,de:12067:900310001::5,0.0,2026-10-02T01:01:04.695736+02:00
306895929,de:12067:900311149::1,0.0,2026-10-02T01:01:04.695736+02:00
306895929,de:12067:900310781::1,0.0,2026-10-02T01:01:04.695736+02:00
306895929,de:12067:900310822::1,0.0,2026-10-02T01:01:04.695736+02:00
306895929,de:12067:900310808::1,0.0,2026-10-02T01:01:04.695736+02:00
306895929,de:12067:900310777::1,0.0,2026-10-02T01:01:04.695736+02:00
306895929,de:12067:900310796::1,0.0,2026-10-02T01:01:04.695736+02:00
306895929,de:12067:900310875::1,0.0,2026-10-02T01:01:04.695736+02:00
306895929,de:12067:900310837::1,0.0,2026-10-02T01:01:04.695736+02:00
306895929,de:12067:900310817::1,0.0,2026-10-02T01:01:04.695736+02:00
306895929,de:12067:900311145::1,0.0,2026-10-02T01:01:04.695736+02:00
306895977,de:12067:900310565::1,0.0,2026-10-02T01:01:04.695736+02:00
306895977,de:12067:900310561::2,0.0,2026-10-02T01:01:04.695736+02:00
306895977,de:12067:900310567::2,0.0,2026-10-02T01:01:04.695736+02:00
306895977,de:12067:900310581::2,0.0,2026-10-02T01:01:04.695736+02:00
306895977,de:12067:900310573::2,0.0,2026-10-02T01:01:04.695736+02:00
306895977,de:12067:900310560::2,0.0,2026-10-02T01:01:04.695736+02:00
306895977,de:12067:900310559::1,0.0,2026-10-02T01:01:04.695736+02:00
306895977,de:12067:900310558::3,0.0,2026-10-02T01:01:04.695736+02:00
306895977,de:12067:900310553::2,0.0,2026-10-02T01:01:04.695736+02:00
306895977,de:12067:900310579::2,0.0,2026-10-02T01:01:04.695736+02:00
306895977,de:12067:900310571::2,0.0,2026-10-02T01:01:04.695736+02:00
306895977,de:12067:900310569::2,0.0,2026-10-02T01:01:04.695736+02:00
306895977,de:12067:900310563::1,0.0,2026-10-02T01:01:04.695736+02:00
306895977,de:12067:900310563::4,0.0,2026-10-02T01:01:04.695736+02:00
306895977,de:12067:900310013::2,0.0,2026-10-02T01:01:04.695736+02:00
306895977,de:12067:900310572::1,0.0,2026-10-02T01:01:04.695736+02:00
306895977,de:11000:900310550::1,0.0,2026-10-02T01:01:04.695736+02:00
306895977,de:12067:900310534::1,0.0,2026-10-02T01:01:04.695736+02:00
306895977,de:12067:900310580::1,0.0,2026-10-02T01:01:04.695736+02:00
306895977,de:12067:900311095::1,0.0,2026-10-02T01:01:04.695736+02:00
306895977,de:12067:900311097::1,0.0,2026-10-02T01:01:04.695736+02:00
306895977,de:12067:900311096::2,0.0,2026-10-02T01:01:04.695736+02:00
306895977,de:12067:900311096::1,0.0,2026-10-02T01:01:04.695736+02:00
306895977,de:12067:900311097::2,0.0,2026-10-02T01:01:04.695736+02:00
306895977,de:12067:900311095::2,0.0,2026-10-02T01:01:04.695736+02:00
306895977,de:12067:900310580::2,0.0,2026-10-02T01:01:04.695736+02:00
306895977,de:12067:900310578::4,0.0,2026-10-02T01:01:04.695736+02:00
306895977,de:12067:900310508::2,0.0,2026-10-02T01:01:04.695736+02:00
306895977,de:12067:900310509::2,0.0,2026-10-02T01:01:04.695736+02:00
306895977,de:12067:900310017::3,0.0,2026-10-02T01:01:04.695736+02:00
306895977,de:12064:900320267::1,0.0,2026-10-02T01:01:04.695736+02:00
306895977,de:12064:900320250::1,0.0,2026-10-02T01:01:04.695736+02:00
306896203,de:12067:900311039::1,0.0,2026-10-02T01:01:04.695736+02:00
306896203,de:12067:900311034::2,0.0,2026-10-02T01:01:04.695736+02:00
306896203,de:12067:900311035::2,0.0,2026-10-02T01:01:04.695736+02:00
306896203,de:12067:900310964::2,0.0,2026-10-02T01:01:04.695736+02:00
306896203,de:12067:900311021::1,0.0,2026-10-02T01:01:04.695736+02:00
306896203,de:12067:900311022::2,0.0,2026-10-02T01:01:04.695736+02:00
306896203,de:12067:900310635::2,0.0,2026-10-02T01:01:04.695736+02:00
306896203,de:12067:900310636::2,0.0,2026-10-02T01:01:04.695736+02:00
306896203,de:12067:900311025::2,0.0,2026-10-02T01:01:04.695736+02:00
306896203,de:12067:900311024::2,0.0,2026-10-02T01:01:04.695736+02:00
306896203,de:12067:900311023::1,-0.5,2026-10-02T01:01:04.695736+02:00
306896203,de:12067:900311114::1,0.0,2026-10-02T01:01:04.695736+02:00
306896203,de:12067:900310031::1,0.0,2026-10-02T01:01:04.695736+02:00
306896203,de:12067:900310555::2,0.0,2026-10-02T01:01:04.695736+02:00
306896203,de:12067:900310557::2,0.0,2026-10-02T01:01:04.695736+02:00
306896203,de:12067:900310013::7,0.0,2026-10-02T01:01:04.695736+02:00
295883536,de:11000:900053301:2:53,0.0,2026-10-02T01:01:04.695736+02:00
295883536,de:11000:900052201:1:51,0.0,2026-10-02T01:01:04.695736+02:00
295883536,de:11000:900050355:1:51,-0.3,2026-10-02T01:01:04.695736+02:00
295883536,de:11000:900050301:1:51,-0.4,2026-10-02T01:01:04.695736+02:00
295883536,de:11000:900049201:1:51,0.0,2026-10-02T01:01:04.695736+02:00
295883536,de:11000:900049202:1:51,0.0,2026-10-02T01:01:04.695736+02:00
295883536,de:11000:900066101:1:51,-0.3,2026-10-02T01:01:04.695736+02:00
295883536,de:11000:900066102:1:51,-0.2,2026-10-02T01:01:04.695736+02:00
295883536,de:11000:900062202:1:51,-0.2,2026-10-02T01:01:04.695736+02:00
295883536,de:11000:900063101:1:51,-0.2,2026-10-02T01:01:04.695736+02:00
295883536,de:11000:900060101:1:51,-0.9,2026-10-02T01:01:04.695736+02:00
295883536,de:11000:900054104:1:51,-0.9,2026-10-02T01:01:04.695736+02:00
295883536,de:11000:900057104:1:50,-0.4,2026-10-02T01:01:04.695736+02:00
295883536,de:11000:900057102:1:51,-0.1,2026-10-02T01:01:04.695736+02:00
295883536,de:11000:900012101:2:52,-0.8,2026-10-02T01:01:04.695736+02:00
295883536,de:11000:900100020:4:57,-0.9,2026-10-02T01:01:04.695736+02:00
295883531,de:11000:900049201:1:51,0.0,2026-10-02T01:01:04.695736+02:00
295883531,de:11000:900049202:1:51,0.0,2026-10-02T01:01:04.695736+02:00
295883531,de:11000:900066101:1:51,-0.3,2026-10-02T01:01:04.695736+02:00
295883531,de:11000:900066102:1:51,-0.2,2026-10-02T01:01:04.695736+02:00
295883531,de:11000:900062202:1:51,-0.2,2026-10-02T01:01:04.695736+02:00
295883531,de:11000:900063101:1:51,-0.2,2026-10-02T01:01:04.695736+02:00
295883531,de:11000:900060101:1:51,-0.9,2026-10-02T01:01:04.695736+02:00
295883531,de:11000:900054104:1:51,-0.9,2026-10-02T01:01:04.695736+02:00
295883531,de:11000:900057104:1:50,-0.4,2026-10-02T01:01:04.695736+02:00
295883531,de:11000:900057102:1:51,-0.1,2026-10-02T01:01:04.695736+02:00
295883531,de:11000:900012101:2:52,-0.8,2026-10-02T01:01:04.695736+02:00
295883531,de:11000:900100020:4:57,-0.9,2026-10-02T01:01:04.695736+02:00
307252142,de:11000:900007102:1:51,0.0,2026-10-02T01:01:04.695736+02:00
307252142,de:11000:900009104:1:51,-0.8,2026-10-02T01:01:04.695736+02:00
307252142,de:11000:900003200:5:58,-0.7,2026-10-02T01:01:04.695736+02:00
307252347,de:11000:900003200:5:58,0.0,2026-10-02T01:01:04.695736+02:00
307252347,de:11000:900009104:1:50,-0.8,2026-10-02T01:01:04.695736+02:00
307252347,de:11000:900007102:2:52,-0.4,2026-10-02T01:01:04.695736+02:00
307252342,de:11000:900003200:5:58,0.0,2026-10-02T01:01:04.695736+02:00
307252342,de:11000:900009104:1:50,-0.8,2026-10-02T01:01:04.695736+02:00
307252342,de:11000:900007102:2:52,-0.4,2026-10-02T01:01:04.695736+02:00
307252340,de:11000:900003200:5:58,0.0,2026-10-02T01:01:04.695736+02:00
307252340,de:11000:900009104:1:50,-0.8,2026-10-02T01:01:04.695736+02:00
307252340,de:11000:900007102:2:52,-0.4,2026-10-02T01:01:04.695736+02:00
307252335,de:11000:900003200:5:58,0.0,2026-10-02T01:01:04.695736+02:00
307252335,de:11000:900009104:1:50,-0.8,2026-10-02T01:01:04.695736+02:00
307252335,de:11000:900007102:2:52,-0.4,2026-10-02T01:01:04.695736+02:00
306896775,de:12067:900310001::4,0.0,2026-10-02T01:01:04.695736+02:00
306896775,de:12067:900310696::1,0.0,2026-10-02T01:01:04.695736+02:00
306896775,de:12067:900310788::1,0.0,2026-10-02T01:01:04.695736+02:00
306896775,de:12067:900310936::1,0.0,2026-10-02T01:01:04.695736+02:00
306896775,de:12067:900311125::1,0.0,2026-10-02T01:01:04.695736+02:00
306896775,de:12067:900310860::1,0.0,2026-10-02T01:01:04.695736+02:00
306896775,de:12067:900311157::1,0.0,2026-10-02T01:01:04.695736+02:00
306896775,de:12067:900310864::1,0.0,2026-10-02T01:01:04.695736+02:00
306896775,de:12067:900310861::1,0.0,2026-10-02T01:01:04.695736+02:00
306896775,de:12067:900310002::1,0.0,2026-10-02T01:01:04.695736+02:00
306896775,de:12067:900311114::1,0.0,2026-10-02T01:01:04.695736+02:00
306896775,de:12067:900310031::3,0.0,2026-10-02T01:01:04.695736+02:00
306896775,de:12067:900310555::2,0.0,2026-10-02T01:01:04.695736+02:00
306896775,de:12067:900310557::2,0.0,2026-10-02T01:01:04.695736+02:00
306896775,de:12067:900310013::7,0.0,2026-10-02T01:01:04.695736+02:00
306896833,de:12067:900310001::4,0.0,2026-10-02T01:01:04.695736+02:00
306896833,de:12067:900310696::1,0.0,2026-10-02T01:01:04.695736+02:00
306896833,de:12067:900310788::1,0.0,2026-10-02T01:01:04.695736+02:00
306896833,de:12067:900310936::1,0.0,2026-10-02T01:01:04.695736+02:00
306896833,de:12067:900311125::1,0.0,2026-10-02T01:01:04.695736+02:00
306896833,de:12067:900310860::1,0.0,2026-10-02T01:01:04.695736+02:00
306896833,de:12067:900311157::1,0.0,2026-10-02T01:01:04.695736+02:00
306896833,de:12067:900310864::1,0.0,2026-10-02T01:01:04.695736+02:00
306896833,de:12067:900310861::1,0.0,2026-10-02T01:01:04.695736+02:00
306896833,de:12067:900310002::3,0.0,2026-10-02T01:01:04.695736+02:00
306896833,de:12067:900310895::1,0.0,2026-10-02T01:01:04.695736+02:00
306896833,de:12067:900310896::1,0.0,2026-10-02T01:01:04.695736+02:00
306896833,de:12067:900310897::1,0.0,2026-10-02T01:01:04.695736+02:00
306896833,de:12067:900310894::1,0.0,2026-10-02T01:01:04.695736+02:00
306896833,de:12064:900320888::4,0.0,2026-10-02T01:01:04.695736+02:00
306896833,de:12064:900320886::1,0.0,2026-10-02T01:01:04.695736+02:00
306896833,de:12064:900320284::1,0.0,2026-10-02T01:01:04.695736+02:00
306896833,de:12064:900320278::1,0.0,2026-10-02T01:01:04.695736+02:00
306896833,de:12064:900320274::1,0.0,2026-10-02T01:01:04.695736+02:00
306896842,de:12067:900311129::4,0.0,2026-10-02T01:01:04.695736+02:00
306896842,de:12067:900311129::4,-12.0,2026-10-02T01:01:04.695736+02:00
306896842,de:12067:900310727::3,0.0,2026-10-02T01:01:04.695736+02:00
306896842,de:12067:900310755::2,0.0,2026-10-02T01:01:04.695736+02:00
306896842,de:12067:900310728::3,0.0,2026-10-02T01:01:04.695736+02:00
306896842,de:12067:900311129::7,0.0,2026-10-02T01:01:04.695736+02:00
306896842,de:12067:900311129::4,12.0,2026-10-02T01:01:04.695736+02:00
306896842,de:12067:900311129::4,0.0,2026-10-02T01:01:04.695736+02:00
306896842,de:12067:900310637::2,0.0,2026-10-02T01:01:04.695736+02:00
306896842,de:12067:900310722::2,-0.5,2026-10-02T01:01:04.695736+02:00
306896842,de:12067:900310841::2,0.0,2026-10-02T01:01:04.695736+02:00
306896842,de:12067:900311002::3,0.0,2026-10-02T01:01:04.695736+02:00
306896842,de:12067:900310908::2,0.0,2026-10-02T01:01:04.695736+02:00
306896842,de:12067:900310975::2,0.0,2026-10-02T01:01:04.695736+02:00
306896842,de:12067:900310974::2,0.0,2026-10-02T01:01:04.695736+02:00
306896842,de:12067:900310914::2,0.0,2026-10-02T01:01:04.695736+02:00
306896842,de:12067:900310703::3,0.0,2026-10-02T01:01:04.695736+02:00
306896842,de:12067:900310915::2,-0.5,2026-10-02T01:01:04.695736+02:00
306896842,de:12067:900310916::2,-0.5,2026-10-02T01:01:04.695736+02:00
306896842,de:12067:900310917::2,0.0,2026-10-02T01:01:04.695736+02:00
306896842,de:12067:900310900::2,0.0,2026-10-02T01:01:04.695736+02:00
306896842,de:12067:900310880::2,0.0,2026-10-02T01:01:04.695736+02:00
306896842,de:12067:900310010::1,0.0,2026-10-02T01:01:04.695736+02:00
306896842,de:12067:900310879::2,0.0,2026-10-02T01:01:04.695736+02:00
306896842,de:12067:900310800::2,0.0,2026-10-02T01:01:04.695736+02:00
306896842,de:12067:900310771::2,0.0,2026-10-02T01:01:04.695736+02:00
306896842,de:12067:900310822::2,0.0,2026-10-02T01:01:04.695736+02:00
306896842,de:12067:900310781::2,0.0,2026-10-02T01:01:04.695736+02:00
306896842,de:12067:900310627::2,-0.5,2026-10-02T01:01:04.695736+02:00
306896842,de:12067:900310816::2,0.0,2026-10-02T01:01:04.695736+02:00
306896842,de:12067:900310022::1,0.0,2026-10-02T01:01:04.695736+02:00
306896842,de:12067:900310001::11,0.0,2026-10-02T01:01:04.695736+02:00
295882583,de:11000:900053301:2:52,0.0,2026-10-02T01:01:04.695736+02:00
295882583,de:11000:900052201:1:51,0.0,2026-10-02T01:01:04.695736+02:00
295882583,de:11000:900050355:1:51,-0.3,2026-10-02T01:01:04.695736+02:00
295882583,de:11000:900050301:1:51,-0.4,2026-10-02T01:01:04.695736+02:00
295882583,de:11000:900049201:1:51,0.0,2026-10-02T01:01:04.695736+02:00
295882583,de:11000:900049202:1:51,0.0,2026-10-02T01:01:04.695736+02:00
295882583,de:11000:900066101:1:51,-0.3,2026-10-02T01:01:04.695736+02:00
295882583,de:11000:900066102:1:51,-0.2,2026-10-02T01:01:04.695736+02:00
295882583,de:11000:900062202:1:51,-0.2,2026-10-02T01:01:04.695736+02:00
295882583,de:11000:900063101:1:51,-0.2,2026-10-02T01:01:04.695736+02:00
295882583,de:11000:900060101:1:51,-0.9,2026-10-02T01:01:04.695736+02:00
295882583,de:11000:900054104:1:51,-0.9,2026-10-02T01:01:04.695736+02:00
295882583,de:11000:900057104:1:50,-0.4,2026-10-02T01:01:04.695736+02:00
295882583,de:11000:900057102:1:51,-0.1,2026-10-02T01:01:04.695736+02:00
295882583,de:11000:900012101:2:52,-0.9,2026-10-02T01:01:04.695736+02:00
295882583,de:11000:900100020:4:57,-0.3,2026-10-02T01:01:04.695736+02:00
295882583,de:11000:900100025:1:51,-0.4,2026-10-02T01:01:04.695736+02:00
295882583,de:11000:900100001:4:57,-0.1,2026-10-02T01:01:04.695736+02:00
295882583,de:11000:900100007:1:51,-0.2,2026-10-02T01:01:04.695736+02:00
295882583,de:11000:900007104:2:52,-0.2,2026-10-02T01:01:04.695736+02:00
295882583,de:11000:900008101:1:51,-0.9,2026-10-02T01:01:04.695736+02:00
295882583,de:11000:900007102:2:53,-0.6,2026-10-02T01:01:04.695736+02:00
295882583,de:11000:900110011:2:53,-0.9,2026-10-02T01:01:04.695736+02:00
295882583,de:11000:900085201:1:50,-0.9,2026-10-02T01:01:04.695736+02:00
295882583,de:11000:900084101:1:50,-0.7,2026-10-02T01:01:04.695736+02:00
295882583,de:11000:900096101:1:50,-0.8,2026-10-02T01:01:04.695736+02:00
295882583,de:11000:900094101:1:50,-0.1,2026-10-02T01:01:04.695736+02:00
295882583,de:11000:900093201:1:50,-0.4,2026-10-02T01:01:04.695736+02:00
295882583,de:11000:900092201:1:50,-0.2,2026-10-02T01:01:04.695736+02:00
306896893,de:12067:900310001::4,0.0,2026-10-02T01:01:04.695736+02:00
306896893,de:12067:900310816::1,0.0,2026-10-02T01:01:04.695736+02:00
306896893,de:12067:900310627::1,0.0,2026-10-02T01:01:04.695736+02:00
306896893,de:12067:900310781::1,0.0,2026-10-02T01:01:04.695736+02:00
306896893,de:12067:900310822::1,0.0,2026-10-02T01:01:04.695736+02:00
306896893,de:12067:900310771::1,0.0,2026-10-02T01:01:04.695736+02:00
306896893,de:12067:900310800::1,0.0,2026-10-02T01:01:04.695736+02:00
306896893,de:12067:900310879::1,0.0,2026-10-02T01:01:04.695736+02:00
306896893,de:12067:900310010::4,0.0,2026-10-02T01:01:04.695736+02:00
306896893,de:12067:900310880::1,0.0,2026-10-02T01:01:04.695736+02:00
306896893,de:12067:900310900::1,0.0,2026-10-02T01:01:04.695736+02:00
306896893,de:12067:900310917::1,0.0,2026-10-02T01:01:04.695736+02:00
306896893,de:12067:900310916::1,-0.5,2026-10-02T01:01:04.695736+02:00
306896893,de:12067:900310915::1,-0.5,2026-10-02T01:01:04.695736+02:00
306896893,de:12067:900310703::4,0.0,2026-10-02T01:01:04.695736+02:00
306896893,de:12067:900310914::1,0.0,2026-10-02T01:01:04.695736+02:00
306896893,de:12067:900310974::1,0.0,2026-10-02T01:01:04.695736+02:00
306896893,de:12067:900310975::1,0.0,2026-10-02T01:01:04.695736+02:00
306896893,de:12067:900310908::1,0.0,2026-10-02T01:01:04.695736+02:00
306896893,de:12067:900311002::1,0.0,2026-10-02T01:01:04.695736+02:00
306896893,de:12067:900310841::1,0.0,2026-10-02T01:01:04.695736+02:00
306896893,de:12067:900310722::1,-0.5,2026-10-02T01:01:04.695736+02:00
306896893,de:12067:900310637::1,0.0,2026-10-02T01:01:04.695736+02:00
306896893,de:12067:900311129::7,0.0,2026-10-02T01:01:04.695736+02:00
306896893,de:12067:900311129::4,0.0,2026-10-02T01:01:04.695736+02:00
306896893,de:12067:900310727::3,0.0,2026-10-02T01:01:04.695736+02:00
306896893,de:12067:900310755::2,0.0,2026-10-02T01:01:04.695736+02:00
306896893,de:12067:900310728::3,0.0,2026-10-02T01:01:04.695736+02:00
306896893,de:12067:900311129::6,0.0,2026-10-02T01:01:04.695736+02:00
306896971,de:12067:900311308::6,0.0,2026-10-02T01:01:04.695736+02:00
306896971,de:12067:900311335::1,0.0,2026-10-02T01:01:04.695736+02:00
306896971,de:12067:900311341::1,0.0,2026-10-02T01:01:04.695736+02:00
306896971,de:12067:900311345::1,0.0,2026-10-02T01:01:04.695736+02:00
306896971,de:12067:900311359::1,0.0,2026-10-02T01:01:04.695736+02:00
306896971,de:12067:900310027::1,0.0,2026-10-02T01:01:04.695736+02:00
306896971,de:12067:900311317::1,0.0,2026-10-02T01:01:04.695736+02:00
306896971,de:12067:900311384::1,0.0,2026-10-02T01:01:04.695736+02:00
306896971,de:12067:900311316::1,0.0,2026-10-02T01:01:04.695736+02:00
306896971,de:12067:900311376::1,0.0,2026-10-02T01:01:04.695736+02:00
306896971,de:12067:900311377::1,0.0,2026-10-02T01:01:04.695736+02:00
306896971,de:12067:900311362::1,0.0,2026-10-02T01:01:04.695736+02:00
306896971,de:12067:900311363::1,0.0,2026-10-02T01:01:04.695736+02:00
306896971,de:12067:900311365::1,0.0,2026-10-02T01:01:04.695736+02:00
306896971,de:12067:900311374::1,0.0,2026-10-02T01:01:04.695736+02:00
306896971,de:12067:900311364::2,0.0,2026-10-02T01:01:04.695736+02:00
306896971,de:12067:900311371::2,0.0,2026-10-02T01:01:04.695736+02:00
306896971,de:12067:900311336::1,0.0,2026-10-02T01:01:04.695736+02:00
306896971,de:12067:900311352::1,0.0,2026-10-02T01:01:04.695736+02:00
306896971,de:12067:900311333::1,0.0,2026-10-02T01:01:04.695736+02:00
306896971,de:12067:900311334::1,0.0,2026-10-02T01:01:04.695736+02:00
306896971,de:12067:900311304::1,0.0,2026-10-02T01:01:04.695736+02:00
306896971,de:12067:900311305::2,0.0,2026-10-02T01:01:04.695736+02:00
306896971,de:12067:900311383::6,0.0,2026-10-02T01:01:04.695736+02:00
306896971,de:12067:900311353::1,0.0,2026-10-02T01:01:04.695736+02:00
306896971,de:12067:900311321::1,0.0,2026-10-02T01:01:04.695736+02:00
306896971,de:12067:900311350::2,0.0,2026-10-02T01:01:04.695736+02:00
306896971,de:12067:900311348::2,0.0,2026-10-02T01:01:04.695736+02:00
306896971,de:12067:900311308::4,0.0,2026-10-02T01:01:04.695736+02:00
295882542,de:11000:900053301:2:52,0.0,2026-10-02T01:01:04.695736+02:00
295882542,de:11000:900052201:1:51,0.0,2026-10-02T01:01:04.695736+02:00
295882542,de:11000:900050355:1:51,-0.3,2026-10-02T01:01:04.695736+02:00
295882542,de:11000:900050301:1:51,-0.4,2026-10-02T01:01:04.695736+02:00
295882542,de:11000:900049201:1:51,0.0,2026-10-02T01:01:04.695736+02:00
295882542,de:11000:900049202:1:51,0.0,2026-10-02T01:01:04.695736+02:00
295882542,de:11000:900066101:1:51,-0.3,2026-10-02T01:01:04.695736+02:00
295882542,de:11000:900066102:1:51,-0.2,2026-10-02T01:01:04.695736+02:00
295882542,de:11000:900062202:1:51,-0.2,2026-10-02T01:01:04.695736+02:00
295882542,de:11000:900063101:1:51,-0.2,2026-10-02T01:01:04.695736+02:00
295882542,de:11000:900060101:1:51,-0.9,2026-10-02T01:01:04.695736+02:00
295882542,de:11000:900054104:1:51,-0.9,2026-10-02T01:01:04.695736+02:00
295882542,de:11000:900057104:1:50,-0.4,2026-10-02T01:01:04.695736+02:00
295882542,de:11000:900057102:1:51,-0.1,2026-10-02T01:01:04.695736+02:00
295882542,de:11000:900012101:2:52,-0.9,2026-10-02T01:01:04.695736+02:00
295882542,de:11000:900100020:4:57,-0.3,2026-10-02T01:01:04.695736+02:00
295882542,de:11000:900100025:1:51,-0.4,2026-10-02T01:01:04.695736+02:00
295882542,de:11000:900100001:4:57,-0.1,2026-10-02T01:01:04.695736+02:00
295882542,de:11000:900100007:1:51,-0.2,2026-10-02T01:01:04.695736+02:00
295882542,de:11000:900007104:2:52,-0.2,2026-10-02T01:01:04.695736+02:00
295882542,de:11000:900008101:1:51,-0.9,2026-10-02T01:01:04.695736+02:00
295882542,de:11000:900007102:2:53,-0.6,2026-10-02T01:01:04.695736+02:00
295882542,de:11000:900110011:2:53,-0.9,2026-10-02T01:01:04.695736+02:00
295882542,de:11000:900085201:1:50,-0.9,2026-10-02T01:01:04.695736+02:00
295882542,de:11000:900084101:1:50,-0.7,2026-10-02T01:01:04.695736+02:00
295882542,de:11000:900096101:1:50,-0.8,2026-10-02T01:01:04.695736+02:00
295882542,de:11000:900094101:1:50,-0.1,2026-10-02T01:01:04.695736+02:00
295882542,de:11000:900093201:1:50,-0.4,2026-10-02T01:01:04.695736+02:00
295882542,de:11000:900092201:1:50,-0.2,2026-10-02T01:01:04.695736+02:00
306897221,de:12053:900360000::4,0.0,2026-10-02T01:01:04.695736+02:00
306897221,de:12053:900360021::4,0.0,2026-10-02T01:01:04.695736+02:00
306897221,de:12053:900360059::4,0.0,2026-10-02T01:01:04.695736+02:00
306897221,de:12053:900360041::4,0.0,2026-10-02T01:01:04.695736+02:00
306897221,de:12053:900360135::2,0.0,2026-10-02T01:01:04.695736+02:00
306897221,de:12053:900360083::2,0.0,2026-10-02T01:01:04.695736+02:00
306897221,de:12053:900360096::4,0.0,2026-10-02T01:01:04.695736+02:00
306897221,de:12053:900360213::4,0.0,2026-10-02T01:01:04.695736+02:00
306897221,de:12053:900360062::2,0.0,2026-10-02T01:01:04.695736+02:00
306897221,de:12067:900311485::1,0.0,2026-10-02T01:01:04.695736+02:00
306897221,de:12067:900311482::2,0.0,2026-10-02T01:01:04.695736+02:00
306897221,de:12067:900311489::1,0.0,2026-10-02T01:01:04.695736+02:00
306897221,de:12067:900311483::2,0.0,2026-10-02T01:01:04.695736+02:00
306897221,de:12067:900310935::1,0.0,2026-10-02T01:01:04.695736+02:00
306897221,de:12067:900310933::1,0.0,2026-10-02T01:01:04.695736+02:00
306897221,de:12067:900311540::2,0.0,2026-10-02T01:01:04.695736+02:00
306897221,de:12067:900310615::2,0.0,2026-10-02T01:01:04.695736+02:00
306897221,de:12067:900310725::2,0.0,2026-10-02T01:01:04.695736+02:00
306897221,de:12067:900310738::2,0.0,2026-10-02T01:01:04.695736+02:00
306897221,de:12067:900310639::1,0.0,2026-10-02T01:01:04.695736+02:00
306897221,de:12067:900310626::1,0.0,2026-10-02T01:01:04.695736+02:00
306897221,de:12067:900311129::6,0.0,2026-10-02T01:01:04.695736+02:00
306896164,de:12067:900310838::1,0.0,2026-10-02T01:01:04.695736+02:00
306896164,de:12067:900310836::2,0.0,2026-10-02T01:01:04.695736+02:00
306896164,de:12067:900310015::1,0.0,2026-10-02T01:01:04.695736+02:00
306896164,de:12067:900310025::2,0.0,2026-10-02T01:01:04.695736+02:00
306896164,de:12067:900310952::2,0.0,2026-10-02T01:01:04.695736+02:00
306896164,de:12067:900310949::2,0.0,2026-10-02T01:01:04.695736+02:00
306896164,de:12067:900310955::2,0.0,2026-10-02T01:01:04.695736+02:00
306896164,de:12067:900310568::2,0.0,2026-10-02T01:01:04.695736+02:00
306896164,de:12067:900310556::2,0.0,2026-10-02T01:01:04.695736+02:00
306896164,de:12067:900310558::4,0.0,2026-10-02T01:01:04.695736+02:00
306896164,de:12067:900310559::2,0.0,2026-10-02T01:01:04.695736+02:00
306896164,de:12067:900310563::4,0.0,2026-10-02T01:01:04.695736+02:00
306896164,de:12067:900310013::7,0.0,2026-10-02T01:01:04.695736+02:00
307438364,de:12052:900470000:1:50,0.0,2026-10-02T01:01:04.695736+02:00
307438364,de:12066:900435001:2:52,0.0,2026-10-02T01:01:04.695736+02:00
307438364,de:12066:900435000:2:53,0.0,2026-10-02T01:01:04.695736+02:00
306896493,de:12064:900320228::1,0.0,2026-10-02T01:01:04.695736+02:00
306896493,de:12064:900320280::2,0.0,2026-10-02T01:01:04.695736+02:00
306896493,de:12064:900320229::2,-0.5,2026-10-02T01:01:04.695736+02:00
306896493,de:12064:900320279::2,-0.5,2026-10-02T01:01:04.695736+02:00
306896493,de:12064:900320277::2,0.0,2026-10-02T01:01:04.695736+02:00
306896493,de:12067:900311015::2,0.0,2026-10-02T01:01:04.695736+02:00
306896493,de:12067:900310711::2,0.0,2026-10-02T01:01:04.695736+02:00
306896493,de:12067:900310712::2,0.0,2026-10-02T01:01:04.695736+02:00
306896493,de:12067:900310802::2,0.0,2026-10-02T01:01:04.695736+02:00
306896493,de:12067:900310803::2,0.0,2026-10-02T01:01:04.695736+02:00
306896493,de:12067:900310813::2,0.0,2026-10-02T01:01:04.695736+02:00
306896493,de:12067:900310825::1,0.0,2026-10-02T01:01:04.695736+02:00
306896493,de:12067:900310835::2,0.0,2026-10-02T01:01:04.695736+02:00
306896493,de:12067:900310001::9,0.0,2026-10-02T01:01:04.695736+02:00
306896493,de:12067:900311149::2,0.0,2026-10-02T01:01:04.695736+02:00
306896493,de:12067:900310001::11,0.0,2026-10-02T01:01:04.695736+02:00
307433587,de:12072:900245029:2:52,0.0,2026-10-02T01:01:04.695736+02:00
307433587,de:12072:900245030:2:51,0.0,2026-10-02T01:01:04.695736+02:00
307433587,de:12061:900260009:2:54,0.0,2026-10-02T01:01:04.695736+02:00
307433587,de:11000:900192001:1:51,0.0,2026-10-02T01:01:04.695736+02:00
307433587,de:11000:900120003:4:57,0.0,2026-10-02T01:01:04.695736+02:00
307433587,de:11000:900160004:3:54,0.0,2026-10-02T01:01:04.695736+02:00
307433587,de:11000:900152001:2:52,0.0,2026-10-02T01:01:04.695736+02:00
307433587,de:12065:900200005:2:1,0.0,2026-10-02T01:01:04.695736+02:00
307433583,de:12072:900245029:2:52,0.0,2026-10-02T01:01:04.695736+02:00
307433583,de:12072:900245030:2:51,0.0,2026-10-02T01:01:04.695736+02:00
307433583,de:12061:900260009:2:54,0.0,2026-10-02T01:01:04.695736+02:00
307433583,de:11000:900192001:1:51,0.0,2026-10-02T01:01:04.695736+02:00
307433583,de:11000:900120003:4:57,0.0,2026-10-02T01:01:04.695736+02:00
307433583,de:11000:900160004:4:56,0.0,2026-10-02T01:01:04.695736+02:00
307433583,de:11000:900152001:2:52,0.0,2026-10-02T01:01:04.695736+02:00
307433583,de:12065:900200005:2:1,0.0,2026-10-02T01:01:04.695736+02:00
307433806,de:11000:900160004:4:56,0.0,2026-10-02T01:01:04.695736+02:00
307433806,de:11000:900120003:4:56,0.0,2026-10-02T01:01:04.695736+02:00
307433806,de:11000:900192001:1:50,0.0,2026-10-02T01:01:04.695736+02:00
307433806,de:12061:900260009:2:54,0.0,2026-10-02T01:01:04.695736+02:00
307433806,de:12072:900245030:1:50,0.0,2026-10-02T01:01:04.695736+02:00
307433806,de:12072:900245029:1:51,0.0,2026-10-02T01:01:04.695736+02:00
307437551,de:12062:900415345:4:55,0.0,2026-10-02T01:01:04.695736+02:00
307437551,de:12062:900415467:2:51,0.0,2026-10-02T01:01:04.695736+02:00
307437551,de:12062:900415357:1:50,0.0,2026-10-02T01:01:04.695736+02:00
307437551,de:12062:900415466:1:50,0.0,2026-10-02T01:01:04.695736+02:00
307437551,de:12062:900415112:4:53,0.0,2026-10-02T01:01:04.695736+02:00
307437551,de:12062:900415005:1:50,0.0,2026-10-02T01:01:04.695736+02:00
307437551,de:12066:900435527:2:51,0.0,2026-10-02T01:01:04.695736+02:00
307437551,de:12066:900435459:2:51,0.0,2026-10-02T01:01:04.695736+02:00
307437551,de:12071:900445885:2:51,0.0,2026-10-02T01:01:04.695736+02:00
307437551,de:12052:900470000:3:54,0.0,2026-10-02T01:01:04.695736+02:00
307437551,de:12052:900470001:2:51,0.0,2026-10-02T01:01:04.695736+02:00
307437551,de:12052:900470163:2:51,0.0,2026-10-02T01:01:04.695736+02:00
307437551,de:12052:900470307:2:51,0.0,2026-10-02T01:01:04.695736+02:00
307437551,de:12071:900446411:2:51,0.0,2026-10-02T01:01:04.695736+02:00
307437551,de:12071:900446103:2:51,0.0,2026-10-02T01:01:04.695736+02:00
307437551,de:12071:900445750:1:50,0.0,2026-10-02T01:01:04.695736+02:00
307437551,de:12071:900445751:1:50,0.0,2026-10-02T01:01:04.695736+02:00
307437551,de:12071:900445801:1:50,0.0,2026-10-02T01:01:04.695736+02:00
307437551,de:12071:900445593:2:52,0.0,2026-10-02T01:01:04.695736+02:00
307437551,de:12067:900311250:1:50,0.0,2026-10-02T01:01:04.695736+02:00
307437551,de:12067:900311612:1:50,0.0,2026-10-02T01:01:04.695736+02:00
307437551,de:12067:900310601:1:51,0.0,2026-10-02T01:01:04.695736+02:00
307437551,de:12067:900311307:1:51,0.0,2026-10-02T01:01:04.695736+02:00
307437551,de:12067:900311631:1:51,0.0,2026-10-02T01:01:04.695736+02:00
307437551,de:12067:900311620:2:51,0.0,2026-10-02T01:01:04.695736+02:00
307437551,de:12067:900311232:2:51,0.0,2026-10-02T01:01:04.695736+02:00
307437551,de:12067:900311233:2:51,0.0,2026-10-02T01:01:04.695736+02:00
307437551,de:12053:900360000:3:54,0.0,2026-10-02T01:01:04.695736+02:00
306896709,de:12067:900311039::1,0.0,2026-10-02T01:01:04.695736+02:00
306896709,de:12067:900311031::2,-0.5,2026-10-02T01:01:04.695736+02:00
306896709,de:12067:900311040::2,-0.5,2026-10-02T01:01:04.695736+02:00
306896709,de:12067:900311038::2,-0.5,2026-10-02T01:01:04.695736+02:00
306896709,de:12067:900311041::2,-0.5,2026-10-02T01:01:04.695736+02:00
306896709,de:12067:900311032::2,-0.5,2026-10-02T01:01:04.695736+02:00
306896709,de:12067:900311037::2,-0.5,2026-10-02T01:01:04.695736+02:00
306896709,de:12067:900310928::2,-0.5,2026-10-02T01:01:04.695736+02:00
306896709,de:12067:900310930::2,0.0,2026-10-02T01:01:04.695736+02:00
306896709,de:12067:900310929::2,-0.5,2026-10-02T01:01:04.695736+02:00
306896709,de:12067:900310742::2,0.0,2026-10-02T01:01:04.695736+02:00
306896709,de:12067:900310741::2,-0.5,2026-10-02T01:01:04.695736+02:00
306896709,de:12067:900310743::2,-0.5,2026-10-02T01:01:04.695736+02:00
306896709,de:12067:900310785::2,-0.5,2026-10-02T01:01:04.695736+02:00
306896709,de:12067:900310819::2,-0.5,2026-10-02T01:01:04.695736+02:00
306896709,de:12067:900310817::2,-0.5,2026-10-02T01:01:04.695736+02:00
306896709,de:12067:900310837::2,-0.5,2026-10-02T01:01:04.695736+02:00
306896709,de:12067:900310875::2,-0.5,2026-10-02T01:01:04.695736+02:00
306896709,de:12067:900310796::2,-0.5,2026-10-02T01:01:04.695736+02:00
306896709,de:12067:900310777::2,-0.5,2026-10-02T01:01:04.695736+02:00
306896709,de:12067:900310808::2,-0.5,2026-10-02T01:01:04.695736+02:00
306896709,de:12067:900310822::2,-0.5,2026-10-02T01:01:04.695736+02:00
306896709,de:12067:900310781::2,-0.5,2026-10-02T01:01:04.695736+02:00
306896709,de:12067:900310627::2,-0.5,2026-10-02T01:01:04.695736+02:00
306896709,de:12067:900310816::2,0.0,2026-10-02T01:01:04.695736+02:00
306896709,de:12067:900310022::1,0.0,2026-10-02T01:01:04.695736+02:00
306896709,de:12067:900310001::11,0.0,2026-10-02T01:01:04.695736+02:00
307440026,de:12071:900445360:1:50,0.0,2026-10-02T01:01:04.695736+02:00
307440026,de:12066:900435347:1:50,0.0,2026-10-02T01:01:04.695736+02:00
307440026,de:12066:900435001:2:52,0.0,2026-10-02T01:01:04.695736+02:00
307440026,de:12066:900435000:2:52,0.0,2026-10-02T01:01:04.695736+02:00
307440026,de:12066:900435061:2:51,0.0,2026-10-02T01:01:04.695736+02:00
307440026,de:12066:900435801:1:50,0.0,2026-10-02T01:01:04.695736+02:00
307440026,de:14627:5440,0.0,2026-10-02T01:01:04.695736+02:00
307440026,de:14627:5021,0.0,2026-10-02T01:01:04.695736+02:00
307440026,de:14627:5100,0.0,2026-10-02T01:01:04.695736+02:00
307440026,de:14627:4401,0.0,2026-10-02T01:01:04.695736+02:00
307440026,de:14627:4180,0.0,2026-10-02T01:01:04.695736+02:00
307440026,de:14612:16,0.0,2026-10-02T01:01:04.695736+02:00
307430567,de:12054:900230003:4:53,0.0,2026-10-02T01:01:04.695736+02:00
307430567,de:12054:900230999:1:51,0.0,2026-10-02T01:01:04.695736+02:00
307430567,de:12054:900230006:1:50,0.0,2026-10-02T01:01:04.695736+02:00
307430567,de:12054:900230007:1:50,0.0,2026-10-02T01:01:04.695736+02:00
307430567,de:12054:900220010:1:50,0.0,2026-10-02T01:01:04.695736+02:00
307430567,de:12054:900220012:2:51,0.0,2026-10-02T01:01:04.695736+02:00
307430567,de:12063:900210001:2:51,0.0,2026-10-02T01:01:04.695736+02:00
307430567,de:12065:900200000:1:51,0.0,2026-10-02T01:01:04.695736+02:00
307430567,de:12065:900200010:1:50,0.0,2026-10-02T01:01:04.695736+02:00
307430567,de:12065:900200008:1:50,0.0,2026-10-02T01:01:04.695736+02:00
307430567,de:12065:900200005:1:2,0.0,2026-10-02T01:01:04.695736+02:00
307430673,de:12065:900200005:1:2,0.0,2026-10-02T01:01:04.695736+02:00
307430673,de:12065:900200008:1:50,0.0,2026-10-02T01:01:04.695736+02:00
307430673,de:12065:900200010:1:50,0.0,2026-10-02T01:01:04.695736+02:00
307430673,de:12065:900200000:1:50,0.0,2026-10-02T01:01:04.695736+02:00
307430673,de:12063:900210001:1:50,0.0,2026-10-02T01:01:04.695736+02:00
307430673,de:12054:900220012:1:50,0.0,2026-10-02T01:01:04.695736+02:00
307430673,de:12054:900220010:2:51,0.0,2026-10-02T01:01:04.695736+02:00
307430673,de:12054:900230007:2:52,0.0,2026-10-02T01:01:04.695736+02:00
307430673,de:12054:900230006:2:51,0.0,2026-10-02T01:01:04.695736+02:00
307430673,de:12054:900230999:2:53,0.0,2026-10-02T01:01:04.695736+02:00
307430673,de:12054:900230003:4:53,0.0,2026-10-02T01:01:04.695736+02:00
307430551,de:12054:900230003:4:53,0.0,2026-10-02T01:01:04.695736+02:00
307430551,de:12054:900230999:1:51,0.0,2026-10-02T01:01:04.695736+02:00
307430551,de:12054:900230006:1:50,0.0,2026-10-02T01:01:04.695736+02:00
307430551,de:12054:900230007:1:50,0.0,2026-10-02T01:01:04.695736+02:00
307430551,de:12054:900220010:1:50,0.0,2026-10-02T01:01:04.695736+02:00
307430551,de:12054:900220012:2:51,0.0,2026-10-02T01:01:04.695736+02:00
307430551,de:12063:900210001:2:51,0.0,2026-10-02T01:01:04.695736+02:00
307430551,de:12065:900200000:1:51,0.0,2026-10-02T01:01:04.695736+02:00
307430551,de:12065:900200010:1:50,0.0,2026-10-02T01:01:04.695736+02:00
307430551,de:12065:900200008:1:50,0.0,2026-10-02T01:01:04.695736+02:00
307430551,de:12065:900200005:1:2,0.0,2026-10-02T01:01:04.695736+02:00
306897159,de:12067:900311224::2,0.0,2026-10-02T01:01:04.695736+02:00
306897159,de:12067:900311225::2,0.0,2026-10-02T01:01:04.695736+02:00
306897159,de:12067:900311419::2,0.0,2026-10-02T01:01:04.695736+02:00
306897159,de:12067:900311221::4,0.0,2026-10-02T01:01:04.695736+02:00
306897159,de:12067:900311221::2,0.0,2026-10-02T01:01:04.695736+02:00
306897159,de:12067:900311430::1,0.0,2026-10-02T01:01:04.695736+02:00
306897159,de:12067:900311221::1,0.0,2026-10-02T01:01:04.695736+02:00
306897159,de:12067:900311520::2,0.0,2026-10-02T01:01:04.695736+02:00
306897159,de:12067:900311563::1,0.0,2026-10-02T01:01:04.695736+02:00
306897159,de:12067:900311512::2,0.0,2026-10-02T01:01:04.695736+02:00
306897159,de:12067:900311510::2,0.0,2026-10-02T01:01:04.695736+02:00
306897159,de:12067:900311513::2,0.0,2026-10-02T01:01:04.695736+02:00
306897159,de:12067:900311513::1,0.0,2026-10-02T01:01:04.695736+02:00
306897159,de:12067:900311511::2,0.0,2026-10-02T01:01:04.695736+02:00
306897159,de:12067:900310601::2,0.0,2026-10-02T01:01:04.695736+02:00
306897159,de:12067:900311460::1,0.0,2026-10-02T01:01:04.695736+02:00
306897159,de:12067:900311364::2,0.0,2026-10-02T01:01:04.695736+02:00
306897159,de:12067:900311371::2,0.0,2026-10-02T01:01:04.695736+02:00
306897159,de:12067:900311349::2,0.0,2026-10-02T01:01:04.695736+02:00
306897159,de:12067:900311350::2,0.0,2026-10-02T01:01:04.695736+02:00
306897159,de:12067:900311348::2,0.0,2026-10-02T01:01:04.695736+02:00
306897159,de:12067:900311308::4,0.0,2026-10-02T01:01:04.695736+02:00
306896206,de:12067:900310013::5,0.0,2026-10-02T01:01:04.695736+02:00
306896206,de:12067:900310557::3,0.0,2026-10-02T01:01:04.695736+02:00
306896206,de:12067:900310555::1,0.0,2026-10-02T01:01:04.695736+02:00
306896206,de:12067:900311114::1,0.0,2026-10-02T01:01:04.695736+02:00
306896206,de:12067:900311023::1,0.0,2026-10-02T01:01:04.695736+02:00
306896206,de:12067:900311024::1,-0.5,2026-10-02T01:01:04.695736+02:00
306896206,de:12067:900311025::1,0.0,2026-10-02T01:01:04.695736+02:00
306896206,de:12067:900310636::1,0.0,2026-10-02T01:01:04.695736+02:00
306896206,de:12067:900310635::1,0.0,2026-10-02T01:01:04.695736+02:00
306896206,de:12067:900311022::1,0.0,2026-10-02T01:01:04.695736+02:00
306896206,de:12067:900311021::1,0.0,2026-10-02T01:01:04.695736+02:00
306896206,de:12067:900310964::1,0.0,2026-10-02T01:01:04.695736+02:00
306896206,de:12067:900310868::1,0.0,2026-10-02T01:01:04.695736+02:00
306896206,de:12067:900310867::2,0.0,2026-10-02T01:01:04.695736+02:00
306896206,de:12067:900311036::2,0.0,2026-10-02T01:01:04.695736+02:00
306896206,de:12067:900311052::1,0.0,2026-10-02T01:01:04.695736+02:00
306896206,de:12067:900311034::1,0.0,2026-10-02T01:01:04.695736+02:00
306896206,de:12067:900311039::1,0.0,2026-10-02T01:01:04.695736+02:00
295893107,de:12072:900245027:2:52,0.0,2026-10-02T01:01:04.695736+02:00
295893107,de:12072:900245028:1:50,-0.9,2026-10-02T01:01:04.695736+02:00
295893107,de:11000:900074201:1:50,-0.9,2026-10-02T01:01:04.695736+02:00
295893107,de:11000:900074202:2:51,-0.1,2026-10-02T01:01:04.695736+02:00
295893107,de:11000:900072101:2:51,-0.1,2026-10-02T01:01:04.695736+02:00
295893107,de:11000:900073101:1:51,-0.4,2026-10-02T01:01:04.695736+02:00
295893107,de:11000:900068301:1:51,-0.7,2026-10-02T01:01:04.695736+02:00
295893107,de:11000:900058102:2:51,-0.7,2026-10-02T01:01:04.695736+02:00
295893107,de:11000:900058101:1:51,-0.3,2026-10-02T01:01:04.695736+02:00
295893107,de:11000:900058103:1:51,-0.1,2026-10-02T01:01:04.695736+02:00
295893107,de:11000:900012101:2:53,-0.7,2026-10-02T01:01:04.695736+02:00
295893107,de:11000:900100020:4:57,-0.8,2026-10-02T01:01:04.695736+02:00
295893107,de:11000:900100025:1:51,-0.9,2026-10-02T01:01:04.695736+02:00
295893107,de:11000:900100001:4:57,-0.6,2026-10-02T01:01:04.695736+02:00
295893107,de:11000:900100007:1:51,-0.7,2026-10-02T01:01:04.695736+02:00
295893107,de:11000:900007104:2:52,-0.7,2026-10-02T01:01:04.695736+02:00
295893107,de:11000:900008101:1:51,-0.4,2026-10-02T01:01:04.695736+02:00
295893107,de:11000:900007102:2:53,-0.1,2026-10-02T01:01:04.695736+02:00
295893107,de:11000:900110011:2:52,-0.4,2026-10-02T01:01:04.695736+02:00
295893107,de:11000:900130002:1:50,-0.7,2026-10-02T01:01:04.695736+02:00
295893107,de:11000:900130001:1:50,-0.4,2026-10-02T01:01:04.695736+02:00
295893107,de:11000:900142001:1:50,-0.9,2026-10-02T01:01:04.695736+02:00
295893107,de:11000:900143001:1:51,-0.7,2026-10-02T01:01:04.695736+02:00
295893107,de:11000:900135001:1:50,-0.4,2026-10-02T01:01:04.695736+02:00
295893107,de:12060:900350162:1:50,0.0,2026-10-02T01:01:04.695736+02:00
295893107,de:12060:900350163:1:51,-0.4,2026-10-02T01:01:04.695736+02:00
295893107,de:12060:900350161:1:50,-0.7,2026-10-02T01:01:04.695736+02:00
295893107,de:12060:900350160:1:51,-0.4,2026-10-02T01:01:04.695736+02:00
295893094,de:12072:900245027:2:52,0.0,2026-10-02T01:01:04.695736+02:00
295893094,de:12072:900245028:1:50,-0.9,2026-10-02T01:01:04.695736+02:00
295893094,de:11000:900074201:1:50,-0.9,2026-10-02T01:01:04.695736+02:00
295893094,de:11000:900074202:2:51,-0.1,2026-10-02T01:01:04.695736+02:00
295893094,de:11000:900072101:2:51,-0.1,2026-10-02T01:01:04.695736+02:00
295893094,de:11000:900073101:1:51,-0.4,2026-10-02T01:01:04.695736+02:00
295893094,de:11000:900068301:1:51,-0.7,2026-10-02T01:01:04.695736+02:00
295893094,de:11000:900058102:2:51,-0.7,2026-10-02T01:01:04.695736+02:00
295893094,de:11000:900058101:1:51,-0.3,2026-10-02T01:01:04.695736+02:00
295893094,de:11000:900058103:1:51,-0.1,2026-10-02T01:01:04.695736+02:00
295893094,de:11000:900012101:2:53,-0.7,2026-10-02T01:01:04.695736+02:00
295893094,de:11000:900100020:4:57,-0.8,2026-10-02T01:01:04.695736+02:00
295893094,de:11000:900100025:1:51,-0.9,2026-10-02T01:01:04.695736+02:00
295893094,de:11000:900100001:4:57,-0.6,2026-10-02T01:01:04.695736+02:00
295893094,de:11000:900100007:1:51,-0.7,2026-10-02T01:01:04.695736+02:00
295893094,de:11000:900007104:2:52,-0.7,2026-10-02T01:01:04.695736+02:00
295893094,de:11000:900008101:1:51,-0.4,2026-10-02T01:01:04.695736+02:00
295893094,de:11000:900007102:2:53,-0.1,2026-10-02T01:01:04.695736+02:00
295893094,de:11000:900110011:2:52,-0.4,2026-10-02T01:01:04.695736+02:00
295893094,de:11000:900130002:1:50,-0.7,2026-10-02T01:01:04.695736+02:00
295893094,de:11000:900130001:1:50,-0.4,2026-10-02T01:01:04.695736+02:00
295893094,de:11000:900142001:1:50,-0.9,2026-10-02T01:01:04.695736+02:00
295893094,de:11000:900143001:1:51,-0.7,2026-10-02T01:01:04.695736+02:00
295893094,de:11000:900135001:1:50,-0.4,2026-10-02T01:01:04.695736+02:00
295893094,de:12060:900350162:1:50,0.0,2026-10-02T01:01:04.695736+02:00
295893094,de:12060:900350163:1:51,-0.4,2026-10-02T01:01:04.695736+02:00
295893094,de:12060:900350161:1:50,-0.7,2026-10-02T01:01:04.695736+02:00
295893094,de:12060:900350160:1:51,-0.4,2026-10-02T01:01:04.695736+02:00
295893087,de:12072:900245027:2:52,0.0,2026-10-02T01:01:04.695736+02:00
295893087,de:12072:900245028:1:50,-0.9,2026-10-02T01:01:04.695736+02:00
295893087,de:11000:900074201:1:50,-0.9,2026-10-02T01:01:04.695736+02:00
295893087,de:11000:900074202:2:51,-0.1,2026-10-02T01:01:04.695736+02:00
295893087,de:11000:900072101:2:51,-0.1,2026-10-02T01:01:04.695736+02:00
295893087,de:11000:900073101:1:51,-0.4,2026-10-02T01:01:04.695736+02:00
295893087,de:11000:900068301:1:51,-0.7,2026-10-02T01:01:04.695736+02:00
295893087,de:11000:900058102:2:51,-0.7,2026-10-02T01:01:04.695736+02:00
295893087,de:11000:900058101:1:51,-0.3,2026-10-02T01:01:04.695736+02:00
295893087,de:11000:900058103:1:51,-0.1,2026-10-02T01:01:04.695736+02:00
295893087,de:11000:900012101:2:53,-0.7,2026-10-02T01:01:04.695736+02:00
295893087,de:11000:900100020:4:57,-0.8,2026-10-02T01:01:04.695736+02:00
295893087,de:11000:900100025:1:51,-0.9,2026-10-02T01:01:04.695736+02:00
295893087,de:11000:900100001:4:57,-0.6,2026-10-02T01:01:04.695736+02:00
295893087,de:11000:900100007:1:51,-0.7,2026-10-02T01:01:04.695736+02:00
295893087,de:11000:900007104:2:52,-0.7,2026-10-02T01:01:04.695736+02:00
295893087,de:11000:900008101:1:51,-0.4,2026-10-02T01:01:04.695736+02:00
295893087,de:11000:900007102:2:53,-0.1,2026-10-02T01:01:04.695736+02:00
295893087,de:11000:900110011:2:52,-0.4,2026-10-02T01:01:04.695736+02:00
295893087,de:11000:900130002:1:50,-0.7,2026-10-02T01:01:04.695736+02:00
295893087,de:11000:900130001:1:50,-0.4,2026-10-02T01:01:04.695736+02:00
295893087,de:11000:900142001:1:50,-0.9,2026-10-02T01:01:04.695736+02:00
295893087,de:11000:900143001:1:51,-0.7,2026-10-02T01:01:04.695736+02:00
295893087,de:11000:900135001:1:50,-0.4,2026-10-02T01:01:04.695736+02:00
295893087,de:12060:900350162:1:50,0.0,2026-10-02T01:01:04.695736+02:00
295893087,de:12060:900350163:1:51,-0.4,2026-10-02T01:01:04.695736+02:00
295893087,de:12060:900350161:1:50,-0.7,2026-10-02T01:01:04.695736+02:00
295893087,de:12060:900350160:1:51,-0.4,2026-10-02T01:01:04.695736+02:00
307430181,de:11000:900003200:1:50,0.0,2026-10-02T01:01:04.695736+02:00
307430181,de:11000:900100020:1:50,0.0,2026-10-02T01:01:04.695736+02:00
307430181,de:11000:900058101:2:52,0.0,2026-10-02T01:01:04.695736+02:00
307430181,de:12061:900260009:2:54,0.0,2026-10-02T01:01:04.695736+02:00
307430314,de:12061:900260009:1:52,0.0,2026-10-02T01:01:04.695736+02:00
307430314,de:11000:900058101:4:57,0.0,2026-10-02T01:01:04.695736+02:00
307430314,de:11000:900100020:2:53,0.0,2026-10-02T01:01:04.695736+02:00
307430314,de:11000:900003200:4:57,0.0,2026-10-02T01:01:04.695736+02:00
295900291,de:12065:900200000:4:54,0.0,2026-10-02T01:01:04.695736+02:00
295900291,de:11000:900091203:1:50,0.0,2026-10-02T01:01:04.695736+02:00
295900291,de:11000:900091205:1:50,-0.2,2026-10-02T01:01:04.695736+02:00
295900291,de:11000:900089303:1:51,-0.5,2026-10-02T01:01:04.695736+02:00
295900291,de:11000:900096405:1:50,-0.8,2026-10-02T01:01:04.695736+02:00
295900291,de:11000:900096458:1:50,-0.5,2026-10-02T01:01:04.695736+02:00
295900291,de:11000:900085105:1:50,-0.8,2026-10-02T01:01:04.695736+02:00
295900291,de:11000:900085201:1:51,0.0,2026-10-02T01:01:04.695736+02:00
295900291,de:11000:900130003:1:51,-0.8,2026-10-02T01:01:04.695736+02:00
295900291,de:11000:900110011:1:50,-0.9,2026-10-02T01:01:04.695736+02:00
295900291,de:11000:900007102:1:50,-0.7,2026-10-02T01:01:04.695736+02:00
295900291,de:11000:900008101:1:50,-0.4,2026-10-02T01:01:04.695736+02:00
295900291,de:11000:900007104:1:51,-0.2,2026-10-02T01:01:04.695736+02:00
295900291,de:11000:900100007:1:50,-0.2,2026-10-02T01:01:04.695736+02:00
295900291,de:11000:900100001:4:56,0.0,2026-10-02T01:01:04.695736+02:00
295900291,de:11000:900100025:1:50,-0.9,2026-10-02T01:01:04.695736+02:00
295900291,de:11000:900100020:3:54,-0.9,2026-10-02T01:01:04.695736+02:00
295900291,de:11000:900012101:1:51,0.0,2026-10-02T01:01:04.695736+02:00
295900291,de:11000:900058103:1:50,-0.7,2026-10-02T01:01:04.695736+02:00
295900291,de:11000:900058101:1:50,-0.3,2026-10-02T01:01:04.695736+02:00
295900291,de:11000:900058102:1:52,0.0,2026-10-02T01:01:04.695736+02:00
295900291,de:11000:900063452:1:50,-0.1,2026-10-02T01:01:04.695736+02:00
295900291,de:11000:900067221:1:50,-0.2,2026-10-02T01:01:04.695736+02:00
295900291,de:11000:900064301:3:52,-0.2,2026-10-02T01:01:04.695736+02:00
295900291,de:11000:900064256:1:50,-0.7,2026-10-02T01:01:04.695736+02:00
295900291,de:11000:900064201:1:50,-0.6,2026-10-02T01:01:04.695736+02:00
295900291,de:12069:900220114:1:51,-0.9,2026-10-02T01:01:04.695736+02:00
295900260,de:12065:900200000:1:55,0.0,2026-10-02T01:01:04.695736+02:00
295900260,de:11000:900091203:1:50,0.0,2026-10-02T01:01:04.695736+02:00
295900260,de:11000:900091205:1:50,-0.2,2026-10-02T01:01:04.695736+02:00
295900260,de:11000:900089303:1:51,-0.5,2026-10-02T01:01:04.695736+02:00
295900260,de:11000:900096405:1:50,-0.8,2026-10-02T01:01:04.695736+02:00
295900260,de:11000:900096458:1:50,-0.5,2026-10-02T01:01:04.695736+02:00
295900260,de:11000:900085105:1:50,-0.8,2026-10-02T01:01:04.695736+02:00
295900260,de:11000:900085201:1:51,0.0,2026-10-02T01:01:04.695736+02:00
295900260,de:11000:900130003:1:51,-0.8,2026-10-02T01:01:04.695736+02:00
295900260,de:11000:900110011:1:50,-0.9,2026-10-02T01:01:04.695736+02:00
295900260,de:11000:900007102:1:50,-0.7,2026-10-02T01:01:04.695736+02:00
295900260,de:11000:900008101:1:50,-0.4,2026-10-02T01:01:04.695736+02:00
295900260,de:11000:900007104:1:51,-0.2,2026-10-02T01:01:04.695736+02:00
295900260,de:11000:900100007:1:50,-0.2,2026-10-02T01:01:04.695736+02:00
295900260,de:11000:900100001:4:56,0.0,2026-10-02T01:01:04.695736+02:00
295900260,de:11000:900100025:1:50,-0.9,2026-10-02T01:01:04.695736+02:00
295900260,de:11000:900100020:3:54,-0.9,2026-10-02T01:01:04.695736+02:00
295900260,de:11000:900012101:1:51,0.0,2026-10-02T01:01:04.695736+02:00
295900260,de:11000:900058103:1:50,-0.7,2026-10-02T01:01:04.695736+02:00
295900260,de:11000:900058101:1:50,-0.3,2026-10-02T01:01:04.695736+02:00
295900260,de:11000:900058102:1:52,0.0,2026-10-02T01:01:04.695736+02:00
295900260,de:11000:900063452:1:50,-0.1,2026-10-02T01:01:04.695736+02:00
295900260,de:11000:900067221:1:50,-0.2,2026-10-02T01:01:04.695736+02:00
295900260,de:11000:900064301:3:52,-0.2,2026-10-02T01:01:04.695736+02:00
295900260,de:11000:900064256:1:50,-0.7,2026-10-02T01:01:04.695736+02:00
295900260,de:11000:900064201:1:50,-0.6,2026-10-02T01:01:04.695736+02:00
295900260,de:12069:900220114:1:51,-0.9,2026-10-02T01:01:04.695736+02:00
306896434,de:12067:900310113::1,0.0,2026-10-02T01:01:04.695736+02:00
306896434,de:12067:900310116::2,0.0,2026-10-02T01:01:04.695736+02:00
306896434,de:12067:900310104::2,0.0,2026-10-02T01:01:04.695736+02:00
306896434,de:12067:900310102::2,0.0,2026-10-02T01:01:04.695736+02:00
306896434,de:12067:900310103::2,0.0,2026-10-02T01:01:04.695736+02:00
306896434,de:12067:900310114::2,0.0,2026-10-02T01:01:04.695736+02:00
306896434,de:12067:900310119::2,0.0,2026-10-02T01:01:04.695736+02:00
306896434,de:12067:900310115::2,0.0,2026-10-02T01:01:04.695736+02:00
306896434,de:12067:900310106::2,0.0,2026-10-02T01:01:04.695736+02:00
306896434,de:12067:900310109::1,0.0,2026-10-02T01:01:04.695736+02:00
306896434,de:12067:900310631::1,0.0,2026-10-02T01:01:04.695736+02:00
306896434,de:12067:900310040::2,0.0,2026-10-02T01:01:04.695736+02:00
306896434,de:12067:900310105::2,0.0,2026-10-02T01:01:04.695736+02:00
306896434,de:12067:900310970::2,0.0,2026-10-02T01:01:04.695736+02:00
306896434,de:12067:900310972::2,0.0,2026-10-02T01:01:04.695736+02:00
306896434,de:12067:900310810::1,0.0,2026-10-02T01:01:04.695736+02:00
306896434,de:12067:900310769::2,0.0,2026-10-02T01:01:04.695736+02:00
306896434,de:12067:900310695::3,0.0,2026-10-02T01:01:04.695736+02:00
306896434,de:12067:900310812::2,0.0,2026-10-02T01:01:04.695736+02:00
306896434,de:12067:900310630::2,0.0,2026-10-02T01:01:04.695736+02:00
306896434,de:12067:900310811::2,0.0,2026-10-02T01:01:04.695736+02:00
306896434,de:12067:900310771::2,0.0,2026-10-02T01:01:04.695736+02:00
306896434,de:12067:900310822::2,0.0,2026-10-02T01:01:04.695736+02:00
306896434,de:12067:900310781::2,0.0,2026-10-02T01:01:04.695736+02:00
306896434,de:12067:900310627::2,-0.5,2026-10-02T01:01:04.695736+02:00
306896434,de:12067:900310816::2,0.0,2026-10-02T01:01:04.695736+02:00
306896434,de:12067:900310022::1,0.0,2026-10-02T01:01:04.695736+02:00
306896434,de:12067:900310001::11,0.0,2026-10-02T01:01:04.695736+02:00
295900259,de:12065:900200000:1:55,0.0,2026-10-02T01:01:04.695736+02:00
295900259,de:11000:900091203:1:50,0.0,2026-10-02T01:01:04.695736+02:00
295900259,de:11000:900091205:1:50,-0.2,2026-10-02T01:01:04.695736+02:00
295900259,de:11000:900089303:1:51,-0.5,2026-10-02T01:01:04.695736+02:00
295900259,de:11000:900096405:1:50,-0.8,2026-10-02T01:01:04.695736+02:00
295900259,de:11000:900096458:1:50,-0.5,2026-10-02T01:01:04.695736+02:00
295900259,de:11000:900085105:1:50,-0.8,2026-10-02T01:01:04.695736+02:00
295900259,de:11000:900085201:1:51,0.0,2026-10-02T01:01:04.695736+02:00
295900259,de:11000:900130003:1:51,-0.8,2026-10-02T01:01:04.695736+02:00
295900259,de:11000:900110011:1:50,-0.9,2026-10-02T01:01:04.695736+02:00
295900259,de:11000:900007102:1:50,-0.7,2026-10-02T01:01:04.695736+02:00
295900259,de:11000:900008101:1:50,-0.4,2026-10-02T01:01:04.695736+02:00
295900259,de:11000:900007104:1:51,-0.2,2026-10-02T01:01:04.695736+02:00
295900259,de:11000:900100007:1:50,-0.2,2026-10-02T01:01:04.695736+02:00
295900259,de:11000:900100001:4:56,0.0,2026-10-02T01:01:04.695736+02:00
295900259,de:11000:900100025:1:50,-0.9,2026-10-02T01:01:04.695736+02:00
295900259,de:11000:900100020:3:54,-0.9,2026-10-02T01:01:04.695736+02:00
295900259,de:11000:900012101:1:51,0.0,2026-10-02T01:01:04.695736+02:00
295900259,de:11000:900058103:1:50,-0.7,2026-10-02T01:01:04.695736+02:00
295900259,de:11000:900058101:1:50,-0.3,2026-10-02T01:01:04.695736+02:00
295900259,de:11000:900058102:1:52,0.0,2026-10-02T01:01:04.695736+02:00
295900259,de:11000:900063452:1:50,-0.1,2026-10-02T01:01:04.695736+02:00
295900259,de:11000:900067221:1:50,-0.2,2026-10-02T01:01:04.695736+02:00
295900259,de:11000:900064301:3:52,-0.2,2026-10-02T01:01:04.695736+02:00
295900259,de:11000:900064256:1:50,-0.7,2026-10-02T01:01:04.695736+02:00
295900259,de:11000:900064201:1:50,-0.6,2026-10-02T01:01:04.695736+02:00
295900259,de:12069:900220114:1:51,-0.9,2026-10-02T01:01:04.695736+02:00
295896065,de:11000:900135001:1:50,0.0,2026-10-02T01:01:04.695736+02:00
295896065,de:11000:900143001:1:51,-0.8,2026-10-02T01:01:04.695736+02:00
295896065,de:11000:900142001:1:51,-0.3,2026-10-02T01:01:04.695736+02:00
295896065,de:11000:900130001:1:51,-0.8,2026-10-02T01:01:04.695736+02:00
295896065,de:11000:900130002:1:51,-0.3,2026-10-02T01:01:04.695736+02:00
295896065,de:11000:900110011:1:51,-0.7,2026-10-02T01:01:04.695736+02:00
295896065,de:11000:900007102:1:50,-0.7,2026-10-02T01:01:04.695736+02:00
295896065,de:11000:900008101:1:50,-0.5,2026-10-02T01:01:04.695736+02:00
295896065,de:11000:900007104:1:51,-0.2,2026-10-02T01:01:04.695736+02:00
295896065,de:11000:900100007:1:50,-0.2,2026-10-02T01:01:04.695736+02:00
295896065,de:11000:900100001:4:56,0.0,2026-10-02T01:01:04.695736+02:00
295896065,de:11000:900100025:1:50,-0.9,2026-10-02T01:01:04.695736+02:00
295896065,de:11000:900100020:3:54,-0.9,2026-10-02T01:01:04.695736+02:00
295896065,de:11000:900012101:1:51,0.0,2026-10-02T01:01:04.695736+02:00
295896065,de:11000:900058103:1:50,-0.8,2026-10-02T01:01:04.695736+02:00
295896065,de:11000:900058101:1:50,-0.4,2026-10-02T01:01:04.695736+02:00
295896065,de:11000:900058102:1:50,-0.4,2026-10-02T01:01:04.695736+02:00
295896065,de:11000:900068301:1:50,-0.7,2026-10-02T01:01:04.695736+02:00
295896065,de:11000:900073101:1:50,-0.9,2026-10-02T01:01:04.695736+02:00
295896065,de:11000:900072101:1:50,-0.2,2026-10-02T01:01:04.695736+02:00
295896065,de:11000:900074202:1:50,-0.2,2026-10-02T01:01:04.695736+02:00
295896065,de:11000:900074201:1:50,-0.4,2026-10-02T01:01:04.695736+02:00
295903016,de:11000:900142001:1:51,0.0,2026-10-02T01:01:04.695736+02:00
295903016,de:11000:900130001:1:51,-0.2,2026-10-02T01:01:04.695736+02:00
295903016,de:11000:900130002:1:51,-0.7,2026-10-02T01:01:04.695736+02:00
295903016,de:11000:900110011:1:51,-0.2,2026-10-02T01:01:04.695736+02:00
295903016,de:11000:900007102:1:50,-0.7,2026-10-02T01:01:04.695736+02:00
295903016,de:11000:900008101:1:50,-0.4,2026-10-02T01:01:04.695736+02:00
295903016,de:11000:900007104:1:51,-0.2,2026-10-02T01:01:04.695736+02:00
295903016,de:11000:900100007:1:50,-0.2,2026-10-02T01:01:04.695736+02:00
295903016,de:11000:900100001:4:56,0.0,2026-10-02T01:01:04.695736+02:00
295903016,de:11000:900100025:1:50,-0.9,2026-10-02T01:01:04.695736+02:00
295903016,de:11000:900100020:3:54,-0.9,2026-10-02T01:01:04.695736+02:00
295903016,de:11000:900012101:1:51,0.0,2026-10-02T01:01:04.695736+02:00
295903016,de:11000:900058103:1:50,-0.7,2026-10-02T01:01:04.695736+02:00
295903016,de:11000:900058101:1:50,-0.3,2026-10-02T01:01:04.695736+02:00
295903016,de:11000:900058102:1:52,0.0,2026-10-02T01:01:04.695736+02:00
295903016,de:11000:900063452:1:50,-0.1,2026-10-02T01:01:04.695736+02:00
295903016,de:11000:900067221:1:50,-0.2,2026-10-02T01:01:04.695736+02:00
295903016,de:11000:900064301:3:52,-0.2,2026-10-02T01:01:04.695736+02:00
295903016,de:11000:900064256:1:50,-0.7,2026-10-02T01:01:04.695736+02:00
295903016,de:11000:900064201:1:50,-0.6,2026-10-02T01:01:04.695736+02:00
295903016,de:12069:900220114:1:50,-0.9,2026-10-02T01:01:04.695736+02:00
295903007,de:11000:900142001:1:51,0.0,2026-10-02T01:01:04.695736+02:00
295903007,de:11000:900130001:1:51,-0.2,2026-10-02T01:01:04.695736+02:00
295903007,de:11000:900130002:1:51,-0.7,2026-10-02T01:01:04.695736+02:00
295903007,de:11000:900110011:1:51,-0.2,2026-10-02T01:01:04.695736+02:00
295903007,de:11000:900007102:1:50,-0.7,2026-10-02T01:01:04.695736+02:00
295903007,de:11000:900008101:1:50,-0.4,2026-10-02T01:01:04.695736+02:00
295903007,de:11000:900007104:1:51,-0.2,2026-10-02T01:01:04.695736+02:00
295903007,de:11000:900100007:1:50,-0.2,2026-10-02T01:01:04.695736+02:00
295903007,de:11000:900100001:4:56,0.0,2026-10-02T01:01:04.695736+02:00
295903007,de:11000:900100025:1:50,-0.9,2026-10-02T01:01:04.695736+02:00
295903007,de:11000:900100020:3:54,-0.9,2026-10-02T01:01:04.695736+02:00
295903007,de:11000:900012101:1:51,0.0,2026-10-02T01:01:04.695736+02:00
295903007,de:11000:900058103:1:50,-0.7,2026-10-02T01:01:04.695736+02:00
295903007,de:11000:900058101:1:50,-0.3,2026-10-02T01:01:04.695736+02:00
295903007,de:11000:900058102:1:52,0.0,2026-10-02T01:01:04.695736+02:00
295903007,de:11000:900063452:1:50,-0.1,2026-10-02T01:01:04.695736+02:00
295903007,de:11000:900067221:1:50,-0.2,2026-10-02T01:01:04.695736+02:00
295903007,de:11000:900064301:3:52,-0.2,2026-10-02T01:01:04.695736+02:00
295903007,de:11000:900064256:1:50,-0.7,2026-10-02T01:01:04.695736+02:00
295903007,de:11000:900064201:1:50,-0.6,2026-10-02T01:01:04.695736+02:00
295903007,de:12069:900220114:1:50,-0.9,2026-10-02T01:01:04.695736+02:00
295903002,de:11000:900142001:1:51,0.0,2026-10-02T01:01:04.695736+02:00
295903002,de:11000:900130001:1:51,-0.2,2026-10-02T01:01:04.695736+02:00
295903002,de:11000:900130002:1:51,-0.7,2026-10-02T01:01:04.695736+02:00
295903002,de:11000:900110011:1:51,-0.2,2026-10-02T01:01:04.695736+02:00
295903002,de:11000:900007102:1:50,-0.7,2026-10-02T01:01:04.695736+02:00
295903002,de:11000:900008101:1:50,-0.4,2026-10-02T01:01:04.695736+02:00
295903002,de:11000:900007104:1:51,-0.2,2026-10-02T01:01:04.695736+02:00
295903002,de:11000:900100007:1:50,-0.2,2026-10-02T01:01:04.695736+02:00
295903002,de:11000:900100001:4:56,0.0,2026-10-02T01:01:04.695736+02:00
295903002,de:11000:900100025:1:50,-0.9,2026-10-02T01:01:04.695736+02:00
295903002,de:11000:900100020:3:54,-0.9,2026-10-02T01:01:04.695736+02:00
295903002,de:11000:900012101:1:51,0.0,2026-10-02T01:01:04.695736+02:00
295903002,de:11000:900058103:1:50,-0.7,2026-10-02T01:01:04.695736+02:00
295903002,de:11000:900058101:1:50,-0.3,2026-10-02T01:01:04.695736+02:00
295903002,de:11000:900058102:1:52,0.0,2026-10-02T01:01:04.695736+02:00
295903002,de:11000:900063452:1:50,-0.1,2026-10-02T01:01:04.695736+02:00
295903002,de:11000:900067221:1:50,-0.2,2026-10-02T01:01:04.695736+02:00
295903002,de:11000:900064301:3:52,-0.2,2026-10-02T01:01:04.695736+02:00
295903002,de:11000:900064256:1:50,-0.7,2026-10-02T01:01:04.695736+02:00
295903002,de:11000:900064201:1:50,-0.6,2026-10-02T01:01:04.695736+02:00
295903002,de:12069:900220114:1:50,-0.9,2026-10-02T01:01:04.695736+02:00
295903122,de:12069:900220114:1:50,0.0,2026-10-02T01:01:04.695736+02:00
295903122,de:11000:900064201:1:51,-0.1,2026-10-02T01:01:04.695736+02:00
295903122,de:11000:900064256:1:51,0.0,2026-10-02T01:01:04.695736+02:00
295903122,de:11000:900064301:3:53,-0.3,2026-10-02T01:01:04.695736+02:00
295903122,de:11000:900067221:1:50,-0.3,2026-10-02T01:01:04.695736+02:00
295903122,de:11000:900063452:1:51,-0.4,2026-10-02T01:01:04.695736+02:00
295903122,de:11000:900058102:2:53,-0.5,2026-10-02T01:01:04.695736+02:00
295903122,de:11000:900058101:1:51,-0.3,2026-10-02T01:01:04.695736+02:00
295903122,de:11000:900058103:1:51,0.0,2026-10-02T01:01:04.695736+02:00
295903122,de:11000:900012101:2:53,-0.7,2026-10-02T01:01:04.695736+02:00
295903122,de:11000:900100020:4:57,-0.8,2026-10-02T01:01:04.695736+02:00
295903122,de:11000:900100025:1:51,-0.9,2026-10-02T01:01:04.695736+02:00
295903122,de:11000:900100001:4:57,-0.6,2026-10-02T01:01:04.695736+02:00
295903122,de:11000:900100007:1:51,-0.7,2026-10-02T01:01:04.695736+02:00
295903122,de:11000:900007104:2:52,-0.7,2026-10-02T01:01:04.695736+02:00
295903122,de:11000:900008101:1:51,-0.4,2026-10-02T01:01:04.695736+02:00
295903122,de:11000:900007102:2:53,-0.2,2026-10-02T01:01:04.695736+02:00
295903122,de:11000:900110011:2:52,-0.4,2026-10-02T01:01:04.695736+02:00
295903122,de:11000:900130002:1:50,0.0,2026-10-02T01:01:04.695736+02:00
295903122,de:11000:900130001:1:50,-0.7,2026-10-02T01:01:04.695736+02:00
295903122,de:11000:900142001:1:50,-0.2,2026-10-02T01:01:04.695736+02:00
295907211,de:12067:900310004:3:52,0.0,2026-10-02T01:01:04.695736+02:00
295907211,de:11000:900183002:1:50,-0.1,2026-10-02T01:01:04.695736+02:00
295907211,de:11000:900183001:1:50,-0.4,2026-10-02T01:01:04.695736+02:00
295907211,de:11000:900182002:1:50,0.0,2026-10-02T01:01:04.695736+02:00
295907211,de:11000:900182001:1:50,-0.2,2026-10-02T01:01:04.695736+02:00
295907211,de:11000:900180001:1:50,-0.7,2026-10-02T01:01:04.695736+02:00
295907211,de:11000:900180002:1:50,-0.7,2026-10-02T01:01:04.695736+02:00
295907211,de:11000:900162001:1:50,-0.9,2026-10-02T01:01:04.695736+02:00
295907211,de:11000:900160002:1:50,0.0,2026-10-02T01:01:04.695736+02:00
295907211,de:11000:900160001:1:50,-0.3,2026-10-02T01:01:04.695736+02:00
295907211,de:11000:900120003:3:55,-0.1,2026-10-02T01:01:04.695736+02:00
295907211,de:11000:900120004:2:53,-0.6,2026-10-02T01:01:04.695736+02:00
295907211,de:11000:900120005:5:58,-0.9,2026-10-02T01:01:04.695736+02:00
295907211,de:11000:900100004:1:51,-0.4,2026-10-02T01:01:04.695736+02:00
295907211,de:11000:900100003:2:53,-0.4,2026-10-02T01:01:04.695736+02:00
295907211,de:11000:900100002:1:51,-0.4,2026-10-02T01:01:04.695736+02:00
295907211,de:11000:900100001:3:55,-0.4,2026-10-02T01:01:04.695736+02:00
295907211,de:11000:900003201:3:55,-0.1,2026-10-02T01:01:04.695736+02:00
295907211,de:11000:900003102:1:51,-0.8,2026-10-02T01:01:04.695736+02:00
295907211,de:11000:900003103:1:51,-0.9,2026-10-02T01:01:04.695736+02:00
295907211,de:11000:900023201:3:55,-0.8,2026-10-02T01:01:04.695736+02:00
295907211,de:11000:900024203:1:51,-0.8,2026-10-02T01:01:04.695736+02:00
295907211,de:11000:900024101:4:57,-0.8,2026-10-02T01:01:04.695736+02:00
295907211,de:11000:900024102:1:50,-0.1,2026-10-02T01:01:04.695736+02:00
295907211,de:11000:900025423:1:50,-0.4,2026-10-02T01:01:04.695736+02:00
295907211,de:11000:900026105:1:50,-0.7,2026-10-02T01:01:04.695736+02:00
295907211,de:11000:900025321:1:50,-0.3,2026-10-02T01:01:04.695736+02:00
295907211,de:11000:900025424:1:50,-0.3,2026-10-02T01:01:04.695736+02:00
295907211,de:11000:900030202:1:50,-0.9,2026-10-02T01:01:04.695736+02:00
295907211,de:11000:900029101:1:50,-0.9,2026-10-02T01:01:04.695736+02:00
295906936,de:11000:900029101:1:50,0.0,2026-10-02T01:01:04.695736+02:00
295906936,de:11000:900030202:1:50,-0.3,2026-10-02T01:01:04.695736+02:00
295906936,de:11000:900025424:1:51,-0.2,2026-10-02T01:01:04.695736+02:00
295906936,de:11000:900025321:1:51,-0.2,2026-10-02T01:01:04.695736+02:00
295906936,de:11000:900026105:1:50,-0.4,2026-10-02T01:01:04.695736+02:00
295906936,de:11000:900025423:1:50,-0.7,2026-10-02T01:01:04.695736+02:00
295906936,de:11000:900024102:2:53,-0.7,2026-10-02T01:01:04.695736+02:00
295906936,de:11000:900024101:3:55,-0.3,2026-10-02T01:01:04.695736+02:00
295906936,de:11000:900024203:1:51,-0.8,2026-10-02T01:01:04.695736+02:00
295906936,de:11000:900023201:3:54,-0.7,2026-10-02T01:01:04.695736+02:00
295906936,de:11000:900003103:1:50,-0.8,2026-10-02T01:01:04.695736+02:00
295906936,de:11000:900003102:1:50,-0.9,2026-10-02T01:01:04.695736+02:00
295906936,de:11000:900003201:3:54,-0.5,2026-10-02T01:01:04.695736+02:00
295906936,de:11000:900100001:3:54,-0.1,2026-10-02T01:01:04.695736+02:00
295906936,de:11000:900100002:1:50,-0.4,2026-10-02T01:01:04.695736+02:00
295906936,de:11000:900100003:2:52,-0.1,2026-10-02T01:01:04.695736+02:00
295906936,de:11000:900100004:1:50,-0.4,2026-10-02T01:01:04.695736+02:00
295906936,de:11000:900120005:4:55,-0.6,2026-10-02T01:01:04.695736+02:00
295906936,de:11000:900120004:1:50,-0.1,2026-10-02T01:01:04.695736+02:00
295906936,de:11000:900120003:2:53,-0.4,2026-10-02T01:01:04.695736+02:00
295906936,de:11000:900160001:1:51,-0.4,2026-10-02T01:01:04.695736+02:00
295906936,de:11000:900160002:1:50,-0.7,2026-10-02T01:01:04.695736+02:00
295906936,de:11000:900162001:1:51,-0.3,2026-10-02T01:01:04.695736+02:00
295906936,de:11000:900180002:1:51,-0.3,2026-10-02T01:01:04.695736+02:00
295906936,de:11000:900180001:1:50,-0.7,2026-10-02T01:01:04.695736+02:00
295906936,de:11000:900182001:1:51,-0.2,2026-10-02T01:01:04.695736+02:00
295906936,de:11000:900182002:1:51,-0.4,2026-10-02T01:01:04.695736+02:00
295906936,de:11000:900183001:1:51,0.0,2026-10-02T01:01:04.695736+02:00
295906936,de:11000:900183002:1:51,-0.3,2026-10-02T01:01:04.695736+02:00
295906936,de:12067:900310004:3:53,-0.5,2026-10-02T01:01:04.695736+02:00
307434440,de:11000:900192001:1:50,0.0,2026-10-02T01:01:04.695736+02:00
307434440,de:11000:900120003:4:57,0.0,2026-10-02T01:01:04.695736+02:00
307434440,de:11000:900007102:4:56,0.0,2026-10-02T01:01:04.695736+02:00
307434440,de:11000:900029101:2:52,0.0,2026-10-02T01:01:04.695736+02:00
307434440,de:11000:900037168:1:50,0.0,2026-10-02T01:01:04.695736+02:00
307434440,de:12063:900210180:1:50,0.0,2026-10-02T01:01:04.695736+02:00
307434440,de:12063:900210010:1:50,0.0,2026-10-02T01:01:04.695736+02:00
307434440,de:12063:900210011:1:50,0.0,2026-10-02T01:01:04.695736+02:00
307434440,de:12063:900210326:1:50,0.0,2026-10-02T01:01:04.695736+02:00
307434440,de:12063:900210005:1:50,0.0,2026-10-02T01:01:04.695736+02:00
295907191,de:12067:900310004:3:52,0.0,2026-10-02T01:01:04.695736+02:00
295907191,de:11000:900183002:1:50,-0.1,2026-10-02T01:01:04.695736+02:00
295907191,de:11000:900183001:1:50,-0.4,2026-10-02T01:01:04.695736+02:00
295907191,de:11000:900182002:1:50,0.0,2026-10-02T01:01:04.695736+02:00
295907191,de:11000:900182001:1:50,-0.2,2026-10-02T01:01:04.695736+02:00
295907191,de:11000:900180001:1:50,-0.7,2026-10-02T01:01:04.695736+02:00
295907191,de:11000:900180002:1:50,-0.7,2026-10-02T01:01:04.695736+02:00
295907191,de:11000:900162001:1:50,-0.9,2026-10-02T01:01:04.695736+02:00
295907191,de:11000:900160002:1:50,0.0,2026-10-02T01:01:04.695736+02:00
295907191,de:11000:900160001:1:50,-0.3,2026-10-02T01:01:04.695736+02:00
295907191,de:11000:900120003:3:55,-0.1,2026-10-02T01:01:04.695736+02:00
295907191,de:11000:900120004:2:53,-0.6,2026-10-02T01:01:04.695736+02:00
295907191,de:11000:900120005:5:58,-0.9,2026-10-02T01:01:04.695736+02:00
295907191,de:11000:900100004:1:51,-0.4,2026-10-02T01:01:04.695736+02:00
295907191,de:11000:900100003:2:53,-0.4,2026-10-02T01:01:04.695736+02:00
295907191,de:11000:900100002:1:51,-0.4,2026-10-02T01:01:04.695736+02:00
295907191,de:11000:900100001:3:55,-0.4,2026-10-02T01:01:04.695736+02:00
295907191,de:11000:900003201:3:55,-0.1,2026-10-02T01:01:04.695736+02:00
295907191,de:11000:900003102:1:51,-0.8,2026-10-02T01:01:04.695736+02:00
295907191,de:11000:900003103:1:51,-0.9,2026-10-02T01:01:04.695736+02:00
295907191,de:11000:900023201:3:55,-0.8,2026-10-02T01:01:04.695736+02:00
295907191,de:11000:900024203:1:51,-0.8,2026-10-02T01:01:04.695736+02:00
295907191,de:11000:900024101:4:57,-0.8,2026-10-02T01:01:04.695736+02:00
295907191,de:11000:900024102:1:50,-0.1,2026-10-02T01:01:04.695736+02:00
295907191,de:11000:900025423:1:50,-0.4,2026-10-02T01:01:04.695736+02:00
295907191,de:11000:900026105:1:50,-0.7,2026-10-02T01:01:04.695736+02:00
295907191,de:11000:900025321:1:50,-0.3,2026-10-02T01:01:04.695736+02:00
295907191,de:11000:900025424:1:50,-0.3,2026-10-02T01:01:04.695736+02:00
295907191,de:11000:900030202:1:50,-0.9,2026-10-02T01:01:04.695736+02:00
295907191,de:11000:900029101:1:50,-0.9,2026-10-02T01:01:04.695736+02:00
307444209,de:12062:900415345:2:51,0.0,2026-10-02T01:01:04.695736+02:00
307444209,de:12062:900415683:1:50,0.0,2026-10-02T01:01:04.695736+02:00
307444209,000300839001,0.0,2026-10-02T01:01:04.695736+02:00
307444209,000300838001,0.0,2026-10-02T01:01:04.695736+02:00
307444209,de:12072:900245303:1:50,0.0,2026-10-02T01:01:04.695736+02:00
307444209,de:12072:900245019:2:51,0.0,2026-10-02T01:01:04.695736+02:00
307444209,de:12072:900245002:3:53,0.0,2026-10-02T01:01:04.695736+02:00
307444209,de:12072:900245016:2:51,0.0,2026-10-02T01:01:04.695736+02:00
307444209,de:12072:900245010:2:51,0.0,2026-10-02T01:01:04.695736+02:00
307444209,de:12072:900245037:2:51,0.0,2026-10-02T01:01:04.695736+02:00
307444209,de:12072:900245029:2:53,0.0,2026-10-02T01:01:04.695736+02:00
307444209,de:11000:900064301:2:51,0.0,2026-10-02T01:01:04.695736+02:00
307444209,de:11000:900058101:3:55,0.0,2026-10-02T01:01:04.695736+02:00
307444209,de:11000:900100020:2:52,0.0,2026-10-02T01:01:04.695736+02:00
307444209,de:11000:900003200:4:56,0.0,2026-10-02T01:01:04.695736+02:00
307444209,de:11000:900020201:1:51,0.0,2026-10-02T01:01:04.695736+02:00
307444209,de:11000:900029101:2:53,0.0,2026-10-02T01:01:04.695736+02:00
307444164,de:12072:900245002:2:52,0.0,2026-10-02T01:01:04.695736+02:00
307444164,de:12072:900245016:2:51,0.0,2026-10-02T01:01:04.695736+02:00
307444164,de:12072:900245010:2:51,0.0,2026-10-02T01:01:04.695736+02:00
307444164,de:12072:900245037:2:51,0.0,2026-10-02T01:01:04.695736+02:00
307444164,de:12072:900245029:2:53,0.0,2026-10-02T01:01:04.695736+02:00
307444164,de:11000:900064301:2:51,0.0,2026-10-02T01:01:04.695736+02:00
307444164,de:11000:900058101:3:55,0.0,2026-10-02T01:01:04.695736+02:00
307444164,de:11000:900100020:2:52,0.0,2026-10-02T01:01:04.695736+02:00
307444164,de:11000:900003200:4:56,0.0,2026-10-02T01:01:04.695736+02:00
307444164,de:11000:900020201:1:51,0.0,2026-10-02T01:01:04.695736+02:00
307444164,de:11000:900029101:2:53,0.0,2026-10-02T01:01:04.695736+02:00
295911042,de:11000:900162001:1:50,0.0,2026-10-02T01:01:04.695736+02:00
295911042,de:11000:900160002:1:50,-0.7,2026-10-02T01:01:04.695736+02:00
295911042,de:11000:900160001:1:50,0.0,2026-10-02T01:01:04.695736+02:00
295911042,de:11000:900120003:3:55,-0.7,2026-10-02T01:01:04.695736+02:00
295911042,de:11000:900120004:2:53,0.0,2026-10-02T01:01:04.695736+02:00
295911042,de:11000:900120005:4:56,-0.2,2026-10-02T01:01:04.695736+02:00
306895347,de:12067:900311065::1,0.0,2026-10-02T01:01:04.695736+02:00
306895347,de:12067:900311064::2,0.0,2026-10-02T01:01:04.695736+02:00
306895347,de:12067:900310760::1,0.0,2026-10-02T01:01:04.695736+02:00
306895347,de:12067:900310832::1,0.0,2026-10-02T01:01:04.695736+02:00
306895347,de:12067:900310981::1,0.0,2026-10-02T01:01:04.695736+02:00
306895347,de:12067:900310701::2,0.0,2026-10-02T01:01:04.695736+02:00
306895347,de:12067:900310700::1,0.0,2026-10-02T01:01:04.695736+02:00
306895347,de:12067:900310731::2,0.0,2026-10-02T01:01:04.695736+02:00
306895347,de:12067:900311079::2,0.0,2026-10-02T01:01:04.695736+02:00
306895347,de:12067:900311009::1,0.0,2026-10-02T01:01:04.695736+02:00
306895347,de:12067:900311076::1,0.0,2026-10-02T01:01:04.695736+02:00
306895347,de:12067:900310612::1,0.0,2026-10-02T01:01:04.695736+02:00
306895347,de:12067:900311050::2,0.0,2026-10-02T01:01:04.695736+02:00
306895347,de:12067:900310748::2,0.0,2026-10-02T01:01:04.695736+02:00
306895347,de:12067:900310749::1,0.0,2026-10-02T01:01:04.695736+02:00
306895347,de:12067:900310893::1,0.0,2026-10-02T01:01:04.695736+02:00
306895347,de:12067:900310749::2,0.0,2026-10-02T01:01:04.695736+02:00
306895347,de:12067:900310748::1,0.0,2026-10-02T01:01:04.695736+02:00
306895347,de:12067:900311050::1,0.0,2026-10-02T01:01:04.695736+02:00
306895347,de:12067:900311056::1,0.0,2026-10-02T01:01:04.695736+02:00
306895347,de:12067:900311058::1,0.0,2026-10-02T01:01:04.695736+02:00
306895347,de:12067:900310611::2,0.0,2026-10-02T01:01:04.695736+02:00
307440831,de:12070:900216026:3:53,0.0,2026-10-02T01:01:04.695736+02:00
307440831,de:12070:900216013:1:50,0.0,2026-10-02T01:01:04.695736+02:00
307440831,de:12070:900215696:1:50,0.0,2026-10-02T01:01:04.695736+02:00
307440831,de:12070:900215350:1:50,0.0,2026-10-02T01:01:04.695736+02:00
307440831,de:12070:900215723:1:50,0.0,2026-10-02T01:01:04.695736+02:00
307440831,de:12068:900205322:1:50,0.0,2026-10-02T01:01:04.695736+02:00
307440831,de:12068:900205130:1:50,0.0,2026-10-02T01:01:04.695736+02:00
307440831,de:12068:900205617:2:51,0.0,2026-10-02T01:01:04.695736+02:00
307440831,de:12068:900205090:1:50,0.0,2026-10-02T01:01:04.695736+02:00
307440831,de:12068:900205092:1:50,0.0,2026-10-02T01:01:04.695736+02:00
307440831,de:12068:900205022:1:50,0.0,2026-10-02T01:01:04.695736+02:00
307440831,de:12068:900205023:1:50,0.0,2026-10-02T01:01:04.695736+02:00
307440831,de:12068:900205006:1:50,0.0,2026-10-02T01:01:04.695736+02:00
307440831,de:12068:900205005:1:50,0.0,2026-10-02T01:01:04.695736+02:00
307440831,de:12065:900203491:1:50,0.0,2026-10-02T01:01:04.695736+02:00
307440831,de:12065:900203452:1:50,0.0,2026-10-02T01:01:04.695736+02:00
307440831,de:12065:900200004:1:51,0.0,2026-10-02T01:01:04.695736+02:00
307440831,de:12065:900200000:1:50,0.0,2026-10-02T01:01:04.695736+02:00
307437137,de:12069:900220143:1:50,0.0,2026-10-02T01:01:04.695736+02:00
307437137,de:12069:900220142:1:50,0.0,2026-10-02T01:01:04.695736+02:00
307437137,de:12069:900220141:1:50,0.0,2026-10-02T01:01:04.695736+02:00
307437137,de:12069:900222030:2:51,0.0,2026-10-02T01:01:04.695736+02:00
307437137,de:12069:900220005:2:51,0.0,2026-10-02T01:01:04.695736+02:00
307437137,de:12069:900220004:2:51,0.0,2026-10-02T01:01:04.695736+02:00
307437137,de:12069:900220003:1:51,0.0,2026-10-02T01:01:04.695736+02:00
307437137,de:12069:900220006:2:51,0.0,2026-10-02T01:01:04.695736+02:00
307437137,de:12069:900220008:2:51,0.0,2026-10-02T01:01:04.695736+02:00
307437137,de:12054:900230001:2:51,0.0,2026-10-02T01:01:04.695736+02:00
307437137,de:11000:900053301:3:55,0.0,2026-10-02T01:01:04.695736+02:00
307437137,de:11000:900024101:1:50,0.0,2026-10-02T01:01:04.695736+02:00
306896334,de:12067:900310013::4,0.0,2026-10-02T01:01:04.695736+02:00
306896334,de:12067:900310557::3,0.0,2026-10-02T01:01:04.695736+02:00
306896334,de:12067:900310555::1,0.0,2026-10-02T01:01:04.695736+02:00
306896334,de:12067:900310852::1,0.0,2026-10-02T01:01:04.695736+02:00
306896334,de:12067:900310850::1,0.0,2026-10-02T01:01:04.695736+02:00
306896334,de:12067:900310851::1,0.0,2026-10-02T01:01:04.695736+02:00
306896334,de:12067:900310849::1,0.0,2026-10-02T01:01:04.695736+02:00
306896334,de:12067:900310856::1,0.0,2026-10-02T01:01:04.695736+02:00
306896334,de:12067:900310844::1,0.0,2026-10-02T01:01:04.695736+02:00
306896334,de:12067:900310855::1,0.0,2026-10-02T01:01:04.695736+02:00
306896334,de:12067:900311970::1,0.0,2026-10-02T01:01:04.695736+02:00
306896334,de:12067:900310853::1,0.0,2026-10-02T01:01:04.695736+02:00
306896334,de:12067:900310845::1,0.0,2026-10-02T01:01:04.695736+02:00
306896334,de:12067:900310857::1,0.0,2026-10-02T01:01:04.695736+02:00
306896334,de:12067:900310854::1,0.0,2026-10-02T01:01:04.695736+02:00
306896334,de:12067:900310846::1,0.0,2026-10-02T01:01:04.695736+02:00
306896334,de:12067:900310847::1,0.0,2026-10-02T01:01:04.695736+02:00
306896334,de:12067:900310890::1,0.0,2026-10-02T01:01:04.695736+02:00
306896334,de:12067:900310889::1,0.0,2026-10-02T01:01:04.695736+02:00
306896334,de:12067:900310882::1,0.0,2026-10-02T01:01:04.695736+02:00
306896334,de:12067:900310920::1,0.0,2026-10-02T01:01:04.695736+02:00
306896334,de:12067:900310883::1,0.0,2026-10-02T01:01:04.695736+02:00
306896334,de:12067:900310885::1,0.0,2026-10-02T01:01:04.695736+02:00
306896334,de:12067:900310881::1,0.0,2026-10-02T01:01:04.695736+02:00
306896334,de:12067:900310888::1,0.0,2026-10-02T01:01:04.695736+02:00
307280467,de:11000:900020202:1:50,0.0,2026-10-02T01:01:04.695736+02:00
307280467,de:11000:900001201:1:50,-0.2,2026-10-02T01:01:04.695736+02:00
307280467,de:11000:900009104:1:50,-0.8,2026-10-02T01:01:04.695736+02:00
307280467,de:11000:900007102:2:52,-0.4,2026-10-02T01:01:04.695736+02:00
307280467,de:11000:900110001:1:50,-0.6,2026-10-02T01:01:04.695736+02:00
307280467,de:11000:900110002:1:50,-0.4,2026-10-02T01:01:04.695736+02:00
307280467,de:11000:900110003:1:50,-0.4,2026-10-02T01:01:04.695736+02:00
307280467,de:11000:900110004:1:50,-0.8,2026-10-02T01:01:04.695736+02:00
307280467,de:11000:900110012:1:50,-0.7,2026-10-02T01:01:04.695736+02:00
307280467,de:11000:900120001:1:50,-0.7,2026-10-02T01:01:04.695736+02:00
307280467,de:11000:900120003:5:58,-0.1,2026-10-02T01:01:04.695736+02:00
307280467,de:11000:900190001:1:50,-0.4,2026-10-02T01:01:04.695736+02:00
307280467,de:11000:900077106:1:50,-0.4,2026-10-02T01:01:04.695736+02:00
307280467,de:11000:900078201:1:50,-0.3,2026-10-02T01:01:04.695736+02:00
307280467,de:11000:900079221:1:50,-0.2,2026-10-02T01:01:04.695736+02:00
307280467,de:11000:900068201:1:50,-0.8,2026-10-02T01:01:04.695736+02:00
307280467,de:11000:900058101:5:58,-0.1,2026-10-02T01:01:04.695736+02:00
307280467,de:11000:900054104:2:52,-0.7,2026-10-02T01:01:04.695736+02:00
307280467,de:11000:900054105:1:50,-0.9,2026-10-02T01:01:04.695736+02:00
307280467,de:11000:900044202:1:50,-0.7,2026-10-02T01:01:04.695736+02:00
307280467,de:11000:900045102:1:50,-0.7,2026-10-02T01:01:04.695736+02:00
307280467,de:11000:900044101:1:50,-0.8,2026-10-02T01:01:04.695736+02:00
307280467,de:11000:900040101:1:50,-0.3,2026-10-02T01:01:04.695736+02:00
307280467,de:11000:900024101:3:54,-0.8,2026-10-02T01:01:04.695736+02:00
307280434,de:11000:900020202:1:50,0.0,2026-10-02T01:01:04.695736+02:00
307280434,de:11000:900001201:1:50,-0.2,2026-10-02T01:01:04.695736+02:00
307280434,de:11000:900009104:1:50,-0.8,2026-10-02T01:01:04.695736+02:00
307280434,de:11000:900007102:2:52,-0.4,2026-10-02T01:01:04.695736+02:00
307280434,de:11000:900110001:1:50,-0.6,2026-10-02T01:01:04.695736+02:00
307280434,de:11000:900110002:1:50,-0.4,2026-10-02T01:01:04.695736+02:00
307280434,de:11000:900110003:1:50,-0.4,2026-10-02T01:01:04.695736+02:00
307280434,de:11000:900110004:1:50,-0.8,2026-10-02T01:01:04.695736+02:00
307280434,de:11000:900110012:1:50,-0.7,2026-10-02T01:01:04.695736+02:00
307280434,de:11000:900120001:1:50,-0.7,2026-10-02T01:01:04.695736+02:00
307280434,de:11000:900120003:5:58,-0.1,2026-10-02T01:01:04.695736+02:00
307280434,de:11000:900190001:1:50,-0.4,2026-10-02T01:01:04.695736+02:00
307280434,de:11000:900077106:1:50,-0.4,2026-10-02T01:01:04.695736+02:00
307280434,de:11000:900078201:1:50,-0.3,2026-10-02T01:01:04.695736+02:00
307280434,de:11000:900079221:1:50,-0.2,2026-10-02T01:01:04.695736+02:00
307280434,de:11000:900068201:1:50,-0.8,2026-10-02T01:01:04.695736+02:00
307280434,de:11000:900058101:5:58,-0.1,2026-10-02T01:01:04.695736+02:00
307280434,de:11000:900054104:2:52,-0.7,2026-10-02T01:01:04.695736+02:00
307280434,de:11000:900054105:1:50,-0.9,2026-10-02T01:01:04.695736+02:00
307280434,de:11000:900044202:1:50,-0.7,2026-10-02T01:01:04.695736+02:00
307280434,de:11000:900045102:1:50,-0.7,2026-10-02T01:01:04.695736+02:00
307280434,de:11000:900044101:1:50,-0.8,2026-10-02T01:01:04.695736+02:00
307280434,de:11000:900040101:1:50,-0.3,2026-10-02T01:01:04.695736+02:00
307280434,de:11000:900024101:3:54,-0.8,2026-10-02T01:01:04.695736+02:00
307283030,de:11000:900009104:1:51,0.0,2026-10-02T01:01:04.695736+02:00
307283030,de:11000:900007102:2:52,-0.9,2026-10-02T01:01:04.695736+02:00
307283030,de:11000:900110001:1:50,-0.6,2026-10-02T01:01:04.695736+02:00
307283030,de:11000:900110002:1:50,-0.4,2026-10-02T01:01:04.695736+02:00
307283030,de:11000:900110003:1:50,-0.4,2026-10-02T01:01:04.695736+02:00
307283030,de:11000:900110004:1:50,-0.8,2026-10-02T01:01:04.695736+02:00
307283030,de:11000:900110012:1:50,-0.7,2026-10-02T01:01:04.695736+02:00
307283030,de:11000:900120001:1:50,-0.7,2026-10-02T01:01:04.695736+02:00
307283030,de:11000:900120003:5:58,-0.1,2026-10-02T01:01:04.695736+02:00
307283030,de:11000:900190001:1:50,-0.4,2026-10-02T01:01:04.695736+02:00
307283030,de:11000:900077106:1:50,-0.4,2026-10-02T01:01:04.695736+02:00
307283030,de:11000:900078201:1:50,-0.3,2026-10-02T01:01:04.695736+02:00
307283030,de:11000:900079221:1:50,-0.2,2026-10-02T01:01:04.695736+02:00
307286590,de:11000:900007102:1:51,0.0,2026-10-02T01:01:04.695736+02:00
307286590,de:11000:900009104:1:50,-0.8,2026-10-02T01:01:04.695736+02:00
307286590,de:11000:900001201:1:50,-0.3,2026-10-02T01:01:04.695736+02:00
307286590,de:11000:900020202:1:50,-0.1,2026-10-02T01:01:04.695736+02:00
307286640,de:11000:900024101:3:54,0.0,2026-10-02T01:01:04.695736+02:00
307286640,de:11000:900040101:1:50,-0.2,2026-10-02T01:01:04.695736+02:00
307286640,de:11000:900044101:1:50,-0.3,2026-10-02T01:01:04.695736+02:00
307286640,de:11000:900045102:1:51,-0.4,2026-10-02T01:01:04.695736+02:00
307286640,de:11000:900044202:1:51,-0.4,2026-10-02T01:01:04.695736+02:00
307286640,de:11000:900054105:1:51,-0.2,2026-10-02T01:01:04.695736+02:00
307286640,de:11000:900054104:2:53,-0.8,2026-10-02T01:01:04.695736+02:00
307286640,de:11000:900058101:5:59,-0.2,2026-10-02T01:01:04.695736+02:00
307286640,de:11000:900068201:1:51,-0.8,2026-10-02T01:01:04.695736+02:00
307286640,de:11000:900079221:1:51,-0.4,2026-10-02T01:01:04.695736+02:00
307286640,de:11000:900078201:1:51,-0.1,2026-10-02T01:01:04.695736+02:00
307286640,de:11000:900077106:1:51,0.0,2026-10-02T01:01:04.695736+02:00
307286640,de:11000:900190001:2:52,-0.9,2026-10-02T01:01:04.695736+02:00
307286640,de:11000:900120003:5:59,-0.4,2026-10-02T01:01:04.695736+02:00
307286640,de:11000:900120001:1:51,0.0,2026-10-02T01:01:04.695736+02:00
307286640,de:11000:900110012:1:51,-0.2,2026-10-02T01:01:04.695736+02:00
307286640,de:11000:900110004:1:51,-0.1,2026-10-02T01:01:04.695736+02:00
307286640,de:11000:900110003:1:51,-0.4,2026-10-02T01:01:04.695736+02:00
307286640,de:11000:900110002:1:51,-0.4,2026-10-02T01:01:04.695736+02:00
307286640,de:11000:900110001:1:51,-0.1,2026-10-02T01:01:04.695736+02:00
307286640,de:11000:900007102:1:51,-0.6,2026-10-02T01:01:04.695736+02:00
307286640,de:11000:900009104:1:51,-0.8,2026-10-02T01:01:04.695736+02:00
307286640,de:11000:900001201:1:51,-0.3,2026-10-02T01:01:04.695736+02:00
307286640,de:11000:900020202:1:51,-0.1,2026-10-02T01:01:04.695736+02:00
307286614,de:11000:900024101:3:54,0.0,2026-10-02T01:01:04.695736+02:00
307286614,de:11000:900040101:1:50,-0.2,2026-10-02T01:01:04.695736+02:00
307286614,de:11000:900044101:1:50,-0.3,2026-10-02T01:01:04.695736+02:00
307286614,de:11000:900045102:1:51,-0.4,2026-10-02T01:01:04.695736+02:00
307286614,de:11000:900044202:1:51,-0.4,2026-10-02T01:01:04.695736+02:00
307286614,de:11000:900054105:1:51,-0.2,2026-10-02T01:01:04.695736+02:00
307286614,de:11000:900054104:2:53,-0.8,2026-10-02T01:01:04.695736+02:00
307286614,de:11000:900058101:5:59,-0.2,2026-10-02T01:01:04.695736+02:00
307286614,de:11000:900068201:1:51,-0.8,2026-10-02T01:01:04.695736+02:00
307286614,de:11000:900079221:1:51,-0.4,2026-10-02T01:01:04.695736+02:00
307286614,de:11000:900078201:1:51,-0.1,2026-10-02T01:01:04.695736+02:00
307286614,de:11000:900077106:1:51,0.0,2026-10-02T01:01:04.695736+02:00
307286614,de:11000:900190001:2:52,-0.9,2026-10-02T01:01:04.695736+02:00
307286614,de:11000:900120003:5:59,-0.4,2026-10-02T01:01:04.695736+02:00
307286614,de:11000:900120001:1:51,0.0,2026-10-02T01:01:04.695736+02:00
307286614,de:11000:900110012:1:51,-0.2,2026-10-02T01:01:04.695736+02:00
307286614,de:11000:900110004:1:51,-0.1,2026-10-02T01:01:04.695736+02:00
307286614,de:11000:900110003:1:51,-0.4,2026-10-02T01:01:04.695736+02:00
307286614,de:11000:900110002:1:51,-0.4,2026-10-02T01:01:04.695736+02:00
307286614,de:11000:900110001:1:51,-0.1,2026-10-02T01:01:04.695736+02:00
307286614,de:11000:900007102:1:51,-0.6,2026-10-02T01:01:04.695736+02:00
307286614,de:11000:900009104:1:51,-0.8,2026-10-02T01:01:04.695736+02:00
307286614,de:11000:900001201:1:51,-0.3,2026-10-02T01:01:04.695736+02:00
307286614,de:11000:900020202:1:51,-0.1,2026-10-02T01:01:04.695736+02:00
307292253,de:11000:900044202:1:51,0.0,2026-10-02T01:01:04.695736+02:00
307292253,de:11000:900054105:1:51,-0.2,2026-10-02T01:01:04.695736+02:00
307292253,de:11000:900054104:2:53,-0.8,2026-10-02T01:01:04.695736+02:00
307292253,de:11000:900058101:5:59,-0.7,2026-10-02T01:01:04.695736+02:00
307292253,de:11000:900068201:1:51,-0.3,2026-10-02T01:01:04.695736+02:00
307292253,de:11000:900079221:1:51,-0.9,2026-10-02T01:01:04.695736+02:00
307292253,de:11000:900078201:1:51,-0.6,2026-10-02T01:01:04.695736+02:00
307292253,de:11000:900077155:1:51,-0.2,2026-10-02T01:01:04.695736+02:00
307292253,de:11000:900191001:2:51,-0.7,2026-10-02T01:01:04.695736+02:00
307292253,de:11000:900192001:2:52,-0.7,2026-10-02T01:01:04.695736+02:00
307292253,de:11000:900193001:1:50,-0.2,2026-10-02T01:01:04.695736+02:00
307292253,de:11000:900193002:1:50,-0.8,2026-10-02T01:01:04.695736+02:00
307292253,de:11000:900186001:1:50,-0.8,2026-10-02T01:01:04.695736+02:00
307292253,de:12061:900260004:1:50,-0.2,2026-10-02T01:01:04.695736+02:00
307292253,de:12061:900260003:1:50,-0.4,2026-10-02T01:01:04.695736+02:00
307292253,de:12061:900260002:1:51,-0.2,2026-10-02T01:01:04.695736+02:00
307292253,de:12061:900260001:2:52,-0.2,2026-10-02T01:01:04.695736+02:00
307292235,de:11000:900044202:1:51,0.0,2026-10-02T01:01:04.695736+02:00
307292235,de:11000:900054105:1:51,-0.2,2026-10-02T01:01:04.695736+02:00
307292235,de:11000:900054104:2:53,-0.8,2026-10-02T01:01:04.695736+02:00
307292235,de:11000:900058101:5:59,-0.7,2026-10-02T01:01:04.695736+02:00
307292235,de:11000:900068201:1:51,-0.3,2026-10-02T01:01:04.695736+02:00
307292235,de:11000:900079221:1:51,-0.9,2026-10-02T01:01:04.695736+02:00
307292235,de:11000:900078201:1:51,-0.6,2026-10-02T01:01:04.695736+02:00
307292235,de:11000:900077155:1:51,-0.2,2026-10-02T01:01:04.695736+02:00
307292235,de:11000:900191001:2:51,-0.7,2026-10-02T01:01:04.695736+02:00
307292235,de:11000:900192001:2:52,-0.7,2026-10-02T01:01:04.695736+02:00
307292235,de:11000:900193001:1:50,-0.2,2026-10-02T01:01:04.695736+02:00
307292235,de:11000:900193002:1:50,-0.8,2026-10-02T01:01:04.695736+02:00
307292235,de:11000:900186001:1:50,-0.8,2026-10-02T01:01:04.695736+02:00
307292235,de:12061:900260004:1:50,-0.2,2026-10-02T01:01:04.695736+02:00
307292235,de:12061:900260003:1:50,-0.4,2026-10-02T01:01:04.695736+02:00
307292235,de:12061:900260002:1:51,-0.2,2026-10-02T01:01:04.695736+02:00
307292235,de:12061:900260001:2:52,-0.2,2026-10-02T01:01:04.695736+02:00
307292221,de:11000:900044202:1:51,0.0,2026-10-02T01:01:04.695736+02:00
307292221,de:11000:900054105:1:51,-0.2,2026-10-02T01:01:04.695736+02:00
307292221,de:11000:900054104:2:53,-0.8,2026-10-02T01:01:04.695736+02:00
307292221,de:11000:900058101:5:59,-0.7,2026-10-02T01:01:04.695736+02:00
307292221,de:11000:900068201:1:51,-0.3,2026-10-02T01:01:04.695736+02:00
307292221,de:11000:900079221:1:51,-0.9,2026-10-02T01:01:04.695736+02:00
307292221,de:11000:900078201:1:51,-0.6,2026-10-02T01:01:04.695736+02:00
307292221,de:11000:900077155:1:51,-0.2,2026-10-02T01:01:04.695736+02:00
307292221,de:11000:900191001:2:51,-0.7,2026-10-02T01:01:04.695736+02:00
307292221,de:11000:900192001:2:52,-0.7,2026-10-02T01:01:04.695736+02:00
307292221,de:11000:900193001:1:50,-0.2,2026-10-02T01:01:04.695736+02:00
307292221,de:11000:900193002:1:50,-0.8,2026-10-02T01:01:04.695736+02:00
307292221,de:11000:900186001:1:50,-0.8,2026-10-02T01:01:04.695736+02:00
307292221,de:12061:900260004:1:50,-0.2,2026-10-02T01:01:04.695736+02:00
307292221,de:12061:900260003:1:50,-0.4,2026-10-02T01:01:04.695736+02:00
307292221,de:12061:900260002:1:51,-0.2,2026-10-02T01:01:04.695736+02:00
307292221,de:12061:900260001:2:52,-0.2,2026-10-02T01:01:04.695736+02:00
307292216,de:11000:900044202:1:51,0.0,2026-10-02T01:01:04.695736+02:00
307292216,de:11000:900054105:1:51,-0.2,2026-10-02T01:01:04.695736+02:00
307292216,de:11000:900054104:2:53,-0.8,2026-10-02T01:01:04.695736+02:00
307292216,de:11000:900058101:5:59,-0.7,2026-10-02T01:01:04.695736+02:00
307292216,de:11000:900068201:1:51,-0.3,2026-10-02T01:01:04.695736+02:00
307292216,de:11000:900079221:1:51,-0.9,2026-10-02T01:01:04.695736+02:00
307292216,de:11000:900078201:1:51,-0.6,2026-10-02T01:01:04.695736+02:00
307292216,de:11000:900077155:1:51,-0.2,2026-10-02T01:01:04.695736+02:00
307292216,de:11000:900191001:2:51,-0.7,2026-10-02T01:01:04.695736+02:00
307292216,de:11000:900192001:2:52,-0.7,2026-10-02T01:01:04.695736+02:00
307292216,de:11000:900193001:1:50,-0.2,2026-10-02T01:01:04.695736+02:00
307292216,de:11000:900193002:1:50,-0.8,2026-10-02T01:01:04.695736+02:00
307292216,de:11000:900186001:1:50,-0.8,2026-10-02T01:01:04.695736+02:00
307292216,de:12061:900260004:1:50,-0.2,2026-10-02T01:01:04.695736+02:00
307292216,de:12061:900260003:1:50,-0.4,2026-10-02T01:01:04.695736+02:00
307292216,de:12061:900260002:1:51,-0.2,2026-10-02T01:01:04.695736+02:00
307292216,de:12061:900260001:2:52,-0.2,2026-10-02T01:01:04.695736+02:00
307292644,de:12061:900260001:2:52,0.0,2026-10-02T01:01:04.695736+02:00
307292644,de:12061:900260002:1:51,-0.8,2026-10-02T01:01:04.695736+02:00
307292644,de:12061:900260003:1:51,-0.7,2026-10-02T01:01:04.695736+02:00
307292644,de:12061:900260004:1:51,-0.9,2026-10-02T01:01:04.695736+02:00
307292644,de:11000:900186001:2:53,-0.2,2026-10-02T01:01:04.695736+02:00
307292644,de:11000:900193002:1:51,-0.2,2026-10-02T01:01:04.695736+02:00
307292644,de:11000:900193001:2:51,-0.8,2026-10-02T01:01:04.695736+02:00
307292644,de:11000:900192001:3:55,-0.7,2026-10-02T01:01:04.695736+02:00
307292644,de:11000:900191001:1:50,-0.4,2026-10-02T01:01:04.695736+02:00
307292644,de:11000:900077155:1:50,-0.9,2026-10-02T01:01:04.695736+02:00
307292644,de:11000:900078201:1:50,-0.4,2026-10-02T01:01:04.695736+02:00
307292644,de:11000:900079221:1:50,-0.2,2026-10-02T01:01:04.695736+02:00
307292644,de:11000:900068201:1:50,-0.8,2026-10-02T01:01:04.695736+02:00
307292644,de:11000:900058101:5:58,-0.1,2026-10-02T01:01:04.695736+02:00
307292644,de:11000:900054104:2:52,-0.2,2026-10-02T01:01:04.695736+02:00
307292644,de:11000:900054105:1:50,-0.9,2026-10-02T01:01:04.695736+02:00
307292644,de:11000:900044202:1:50,-0.7,2026-10-02T01:01:04.695736+02:00
295928955,de:11000:900192001:2:53,0.0,2026-10-02T01:01:04.695736+02:00
295928955,de:11000:900193001:1:50,-0.2,2026-10-02T01:01:04.695736+02:00
295928955,de:11000:900193002:1:50,-0.8,2026-10-02T01:01:04.695736+02:00
295928955,de:11000:900186001:1:51,-0.8,2026-10-02T01:01:04.695736+02:00
295928951,de:11000:900079221:1:51,0.0,2026-10-02T01:01:04.695736+02:00
295928951,de:11000:900078201:1:51,-0.6,2026-10-02T01:01:04.695736+02:00
295928951,de:11000:900077155:1:51,-0.2,2026-10-02T01:01:04.695736+02:00
295928951,de:11000:900191001:2:51,-0.7,2026-10-02T01:01:04.695736+02:00
295928951,de:11000:900192001:2:52,-0.7,2026-10-02T01:01:04.695736+02:00
295928951,de:11000:900193001:1:50,-0.2,2026-10-02T01:01:04.695736+02:00
295928951,de:11000:900193002:1:50,-0.8,2026-10-02T01:01:04.695736+02:00
295928951,de:11000:900186001:1:51,-0.8,2026-10-02T01:01:04.695736+02:00
295928944,de:11000:900079221:1:51,0.0,2026-10-02T01:01:04.695736+02:00
295928944,de:11000:900078201:1:51,-0.6,2026-10-02T01:01:04.695736+02:00
295928944,de:11000:900077155:1:51,-0.2,2026-10-02T01:01:04.695736+02:00
295928944,de:11000:900191001:2:51,-0.7,2026-10-02T01:01:04.695736+02:00
295928944,de:11000:900192001:2:52,-0.7,2026-10-02T01:01:04.695736+02:00
295928944,de:11000:900193001:1:50,-0.2,2026-10-02T01:01:04.695736+02:00
295928944,de:11000:900193002:1:50,-0.8,2026-10-02T01:01:04.695736+02:00
295928944,de:11000:900186001:1:51,-0.8,2026-10-02T01:01:04.695736+02:00
295928973,de:11000:900186001:2:52,0.0,2026-10-02T01:01:04.695736+02:00
295928973,de:11000:900193002:1:51,-0.2,2026-10-02T01:01:04.695736+02:00
295928973,de:11000:900193001:2:51,-0.8,2026-10-02T01:01:04.695736+02:00
295928973,de:11000:900192001:3:55,-0.7,2026-10-02T01:01:04.695736+02:00
295928973,de:11000:900191001:1:50,-0.4,2026-10-02T01:01:04.695736+02:00
295928973,de:11000:900077155:1:50,-0.9,2026-10-02T01:01:04.695736+02:00
295928973,de:11000:900078201:1:50,-0.9,2026-10-02T01:01:04.695736+02:00
295928973,de:11000:900079221:1:50,-0.7,2026-10-02T01:01:04.695736+02:00
295933107,de:11000:900180003:1:50,0.0,2026-10-02T01:01:04.695736+02:00
295933107,de:11000:900192002:1:50,-0.4,2026-10-02T01:01:04.695736+02:00
295933107,de:11000:900192001:3:54,-0.2,2026-10-02T01:01:04.695736+02:00
295933107,de:11000:900191001:1:50,-0.9,2026-10-02T01:01:04.695736+02:00
295933107,de:11000:900077155:1:50,-0.4,2026-10-02T01:01:04.695736+02:00
295933107,de:11000:900078201:1:50,-0.9,2026-10-02T01:01:04.695736+02:00
295933107,de:11000:900079221:1:50,-0.7,2026-10-02T01:01:04.695736+02:00
295933107,de:11000:900068201:1:50,-0.3,2026-10-02T01:01:04.695736+02:00
295933107,de:11000:900058101:5:58,-0.6,2026-10-02T01:01:04.695736+02:00
295933089,de:11000:900180003:1:50,0.0,2026-10-02T01:01:04.695736+02:00
295933089,de:11000:900192002:1:50,-0.4,2026-10-02T01:01:04.695736+02:00
295933089,de:11000:900192001:3:54,-0.2,2026-10-02T01:01:04.695736+02:00
295933089,de:11000:900191001:1:50,-0.9,2026-10-02T01:01:04.695736+02:00
295933089,de:11000:900077155:1:50,-0.4,2026-10-02T01:01:04.695736+02:00
295933089,de:11000:900078201:1:50,-0.9,2026-10-02T01:01:04.695736+02:00
295933089,de:11000:900079221:1:50,-0.7,2026-10-02T01:01:04.695736+02:00
295933089,de:11000:900068201:1:50,-0.3,2026-10-02T01:01:04.695736+02:00
295933089,de:11000:900058101:5:58,-0.6,2026-10-02T01:01:04.695736+02:00
295933084,de:11000:900180003:1:50,0.0,2026-10-02T01:01:04.695736+02:00
295933084,de:11000:900192002:1:50,-0.4,2026-10-02T01:01:04.695736+02:00
295933084,de:11000:900192001:3:54,-0.2,2026-10-02T01:01:04.695736+02:00
295933084,de:11000:900191001:1:50,-0.9,2026-10-02T01:01:04.695736+02:00
295933084,de:11000:900077155:1:50,-0.4,2026-10-02T01:01:04.695736+02:00
295933084,de:11000:900078201:1:50,-0.9,2026-10-02T01:01:04.695736+02:00
295933084,de:11000:900079221:1:50,-0.7,2026-10-02T01:01:04.695736+02:00
295933084,de:11000:900068201:1:50,-0.3,2026-10-02T01:01:04.695736+02:00
295933084,de:11000:900058101:5:58,-0.6,2026-10-02T01:01:04.695736+02:00
295933082,de:11000:900180003:1:50,0.0,2026-10-02T01:01:04.695736+02:00
295933082,de:11000:900192002:1:50,-0.4,2026-10-02T01:01:04.695736+02:00
295933082,de:11000:900192001:3:54,-0.2,2026-10-02T01:01:04.695736+02:00
295933082,de:11000:900191001:1:50,-0.9,2026-10-02T01:01:04.695736+02:00
295933082,de:11000:900077155:1:50,-0.4,2026-10-02T01:01:04.695736+02:00
295933082,de:11000:900078201:1:50,-0.9,2026-10-02T01:01:04.695736+02:00
295933082,de:11000:900079221:1:50,-0.7,2026-10-02T01:01:04.695736+02:00
295933082,de:11000:900068201:1:50,-0.3,2026-10-02T01:01:04.695736+02:00
295933082,de:11000:900058101:5:58,-0.6,2026-10-02T01:01:04.695736+02:00
295932951,de:11000:900058101:5:59,0.0,2026-10-02T01:01:04.695736+02:00
295932951,de:11000:900068201:1:51,-0.3,2026-10-02T01:01:04.695736+02:00
295932951,de:11000:900079221:1:51,-0.9,2026-10-02T01:01:04.695736+02:00
295932951,de:11000:900078201:1:51,-0.6,2026-10-02T01:01:04.695736+02:00
295932951,de:11000:900077155:1:51,-0.2,2026-10-02T01:01:04.695736+02:00
295932951,de:11000:900191001:2:51,-0.7,2026-10-02T01:01:04.695736+02:00
295932951,de:11000:900192001:2:53,-0.7,2026-10-02T01:01:04.695736+02:00
307302017,de:11000:900024102:2:52,0.0,2026-10-02T01:01:04.695736+02:00
307302017,de:11000:900024101:3:55,-0.8,2026-10-02T01:01:04.695736+02:00
307302017,de:11000:900024203:1:51,-0.8,2026-10-02T01:01:04.695736+02:00
307302017,de:11000:900023201:3:54,-0.7,2026-10-02T01:01:04.695736+02:00
307302017,de:11000:900003103:1:50,-0.8,2026-10-02T01:01:04.695736+02:00
307302017,de:11000:900003102:1:50,-0.9,2026-10-02T01:01:04.695736+02:00
307302017,de:11000:900003201:3:54,-0.5,2026-10-02T01:01:04.695736+02:00
307302017,de:11000:900100001:3:54,-0.1,2026-10-02T01:01:04.695736+02:00
307302017,de:11000:900100002:1:50,-0.4,2026-10-02T01:01:04.695736+02:00
307302017,de:11000:900100003:2:52,-0.1,2026-10-02T01:01:04.695736+02:00
307302017,de:11000:900100004:1:50,-0.4,2026-10-02T01:01:04.695736+02:00
307302017,de:11000:900120005:4:55,-0.6,2026-10-02T01:01:04.695736+02:00
307302017,de:11000:900120004:1:50,-0.1,2026-10-02T01:01:04.695736+02:00
307302017,de:11000:900120003:2:53,-0.4,2026-10-02T01:01:04.695736+02:00
307302017,de:11000:900160003:1:50,-0.7,2026-10-02T01:01:04.695736+02:00
307302017,de:11000:900160004:1:50,-0.7,2026-10-02T01:01:04.695736+02:00
307302017,de:11000:900171002:1:50,-0.2,2026-10-02T01:01:04.695736+02:00
307302017,de:11000:900171001:2:51,-0.3,2026-10-02T01:01:04.695736+02:00
307302017,de:11000:900175001:2:51,-0.5,2026-10-02T01:01:04.695736+02:00
307302017,de:11000:900175002:1:51,0.0,2026-10-02T01:01:04.695736+02:00
307302017,de:11000:900176001:2:52,-0.3,2026-10-02T01:01:04.695736+02:00
307302017,de:12064:900320026:1:51,-0.1,2026-10-02T01:01:04.695736+02:00
307302017,de:12064:900320008:1:50,-0.7,2026-10-02T01:01:04.695736+02:00
307302017,de:12064:900320007:1:50,-0.4,2026-10-02T01:01:04.695736+02:00
307302017,de:12064:900320006:1:50,-0.8,2026-10-02T01:01:04.695736+02:00
307302017,de:12064:900320005:1:50,-0.2,2026-10-02T01:01:04.695736+02:00
307302017,de:12064:900320004:2:51,-0.9,2026-10-02T01:01:04.695736+02:00
307302017,de:12064:900320003:1:50,-0.8,2026-10-02T01:01:04.695736+02:00
307302017,de:12064:900320002:1:50,-0.5,2026-10-02T01:01:04.695736+02:00
307302017,de:12064:900320001:1:50,-0.2,2026-10-02T01:01:04.695736+02:00
295936954,de:12064:900320001:1:50,0.0,2026-10-02T01:01:04.695736+02:00
295936954,de:12064:900320002:1:50,-0.3,2026-10-02T01:01:04.695736+02:00
295936954,de:12064:900320003:1:50,-0.1,2026-10-02T01:01:04.695736+02:00
295936954,de:12064:900320004:2:51,-0.8,2026-10-02T01:01:04.695736+02:00
295936954,de:12064:900320005:1:50,0.0,2026-10-02T01:01:04.695736+02:00
295936954,de:12064:900320006:1:51,-0.8,2026-10-02T01:01:04.695736+02:00
295936954,de:12064:900320007:1:50,-0.8,2026-10-02T01:01:04.695736+02:00
295936954,de:12064:900320008:1:51,-0.5,2026-10-02T01:01:04.695736+02:00
295936954,de:12064:900320026:1:50,-0.3,2026-10-02T01:01:04.695736+02:00
295936954,de:11000:900176001:1:51,-0.7,2026-10-02T01:01:04.695736+02:00
295936954,de:11000:900175002:1:50,-0.7,2026-10-02T01:01:04.695736+02:00
295936954,de:11000:900175001:1:50,-0.6,2026-10-02T01:01:04.695736+02:00
295936954,de:11000:900171001:1:50,-0.3,2026-10-02T01:01:04.695736+02:00
295936954,de:11000:900171002:1:51,-0.4,2026-10-02T01:01:04.695736+02:00
295936954,de:11000:900160004:1:51,-0.8,2026-10-02T01:01:04.695736+02:00
295936954,de:11000:900160003:1:51,-0.9,2026-10-02T01:01:04.695736+02:00
295936954,de:11000:900120003:3:55,-0.1,2026-10-02T01:01:04.695736+02:00
295936954,de:11000:900120004:2:53,-0.6,2026-10-02T01:01:04.695736+02:00
295936954,de:11000:900120005:5:58,-0.9,2026-10-02T01:01:04.695736+02:00
295936954,de:11000:900100004:1:51,-0.4,2026-10-02T01:01:04.695736+02:00
295936954,de:11000:900100003:2:53,-0.4,2026-10-02T01:01:04.695736+02:00
295936954,de:11000:900100002:1:51,-0.4,2026-10-02T01:01:04.695736+02:00
295936954,de:11000:900100001:3:55,-0.4,2026-10-02T01:01:04.695736+02:00
295936954,de:11000:900003201:3:55,-0.1,2026-10-02T01:01:04.695736+02:00
295936954,de:11000:900003102:1:51,-0.8,2026-10-02T01:01:04.695736+02:00
295936954,de:11000:900003103:1:51,-0.9,2026-10-02T01:01:04.695736+02:00
295936954,de:11000:900023201:3:55,-0.8,2026-10-02T01:01:04.695736+02:00
295936954,de:11000:900024203:1:51,-0.8,2026-10-02T01:01:04.695736+02:00
295936954,de:11000:900024101:4:57,-0.8,2026-10-02T01:01:04.695736+02:00
295936954,de:11000:900024102:1:51,-0.1,2026-10-02T01:01:04.695736+02:00
295936941,de:12064:900320001:1:50,0.0,2026-10-02T01:01:04.695736+02:00
295936941,de:12064:900320002:1:50,-0.3,2026-10-02T01:01:04.695736+02:00
295936941,de:12064:900320003:1:50,-0.1,2026-10-02T01:01:04.695736+02:00
295936941,de:12064:900320004:2:51,-0.8,2026-10-02T01:01:04.695736+02:00
295936941,de:12064:900320005:1:50,0.0,2026-10-02T01:01:04.695736+02:00
295936941,de:12064:900320006:1:51,-0.8,2026-10-02T01:01:04.695736+02:00
295936941,de:12064:900320007:1:50,-0.8,2026-10-02T01:01:04.695736+02:00
295936941,de:12064:900320008:1:51,-0.5,2026-10-02T01:01:04.695736+02:00
295936941,de:12064:900320026:1:50,-0.3,2026-10-02T01:01:04.695736+02:00
295936941,de:11000:900176001:1:51,-0.7,2026-10-02T01:01:04.695736+02:00
295936941,de:11000:900175002:1:50,-0.7,2026-10-02T01:01:04.695736+02:00
295936941,de:11000:900175001:1:50,-0.6,2026-10-02T01:01:04.695736+02:00
295936941,de:11000:900171001:1:50,-0.3,2026-10-02T01:01:04.695736+02:00
295936941,de:11000:900171002:1:51,-0.4,2026-10-02T01:01:04.695736+02:00
295936941,de:11000:900160004:1:51,-0.8,2026-10-02T01:01:04.695736+02:00
295936941,de:11000:900160003:1:51,-0.9,2026-10-02T01:01:04.695736+02:00
295936941,de:11000:900120003:3:55,-0.1,2026-10-02T01:01:04.695736+02:00
295936941,de:11000:900120004:2:53,-0.6,2026-10-02T01:01:04.695736+02:00
295936941,de:11000:900120005:5:58,-0.9,2026-10-02T01:01:04.695736+02:00
295936941,de:11000:900100004:1:51,-0.4,2026-10-02T01:01:04.695736+02:00
295936941,de:11000:900100003:2:53,-0.4,2026-10-02T01:01:04.695736+02:00
295936941,de:11000:900100002:1:51,-0.4,2026-10-02T01:01:04.695736+02:00
295936941,de:11000:900100001:3:55,-0.4,2026-10-02T01:01:04.695736+02:00
295936941,de:11000:900003201:3:55,-0.1,2026-10-02T01:01:04.695736+02:00
295936941,de:11000:900003102:1:51,-0.8,2026-10-02T01:01:04.695736+02:00
295936941,de:11000:900003103:1:51,-0.9,2026-10-02T01:01:04.695736+02:00
295936941,de:11000:900023201:3:55,-0.8,2026-10-02T01:01:04.695736+02:00
295936941,de:11000:900024203:1:51,-0.8,2026-10-02T01:01:04.695736+02:00
295936941,de:11000:900024101:4:57,-0.8,2026-10-02T01:01:04.695736+02:00
295936941,de:11000:900024102:1:51,-0.1,2026-10-02T01:01:04.695736+02:00
295936934,de:12064:900320001:1:50,0.0,2026-10-02T01:01:04.695736+02:00
295936934,de:12064:900320002:1:50,-0.3,2026-10-02T01:01:04.695736+02:00
295936934,de:12064:900320003:1:50,-0.1,2026-10-02T01:01:04.695736+02:00
295936934,de:12064:900320004:2:51,-0.8,2026-10-02T01:01:04.695736+02:00
295936934,de:12064:900320005:1:50,0.0,2026-10-02T01:01:04.695736+02:00
295936934,de:12064:900320006:1:51,-0.8,2026-10-02T01:01:04.695736+02:00
295936934,de:12064:900320007:1:50,-0.8,2026-10-02T01:01:04.695736+02:00
295936934,de:12064:900320008:1:51,-0.5,2026-10-02T01:01:04.695736+02:00
295936934,de:12064:900320026:1:50,-0.3,2026-10-02T01:01:04.695736+02:00
295936934,de:11000:900176001:1:51,-0.7,2026-10-02T01:01:04.695736+02:00
295936934,de:11000:900175002:1:50,-0.7,2026-10-02T01:01:04.695736+02:00
295936934,de:11000:900175001:1:50,-0.6,2026-10-02T01:01:04.695736+02:00
295936934,de:11000:900171001:1:50,-0.3,2026-10-02T01:01:04.695736+02:00
295936934,de:11000:900171002:1:51,-0.4,2026-10-02T01:01:04.695736+02:00
295936934,de:11000:900160004:1:51,-0.8,2026-10-02T01:01:04.695736+02:00
295936934,de:11000:900160003:1:51,-0.9,2026-10-02T01:01:04.695736+02:00
295936934,de:11000:900120003:3:55,-0.1,2026-10-02T01:01:04.695736+02:00
295936934,de:11000:900120004:2:53,-0.6,2026-10-02T01:01:04.695736+02:00
295936934,de:11000:900120005:5:58,-0.9,2026-10-02T01:01:04.695736+02:00
295936934,de:11000:900100004:1:51,-0.4,2026-10-02T01:01:04.695736+02:00
295936934,de:11000:900100003:2:53,-0.4,2026-10-02T01:01:04.695736+02:00
295936934,de:11000:900100002:1:51,-0.4,2026-10-02T01:01:04.695736+02:00
295936934,de:11000:900100001:3:55,-0.4,2026-10-02T01:01:04.695736+02:00
295936934,de:11000:900003201:3:55,-0.1,2026-10-02T01:01:04.695736+02:00
295936934,de:11000:900003102:1:51,-0.8,2026-10-02T01:01:04.695736+02:00
295936934,de:11000:900003103:1:51,-0.9,2026-10-02T01:01:04.695736+02:00
295936934,de:11000:900023201:3:55,-0.8,2026-10-02T01:01:04.695736+02:00
295936934,de:11000:900024203:1:51,-0.8,2026-10-02T01:01:04.695736+02:00
295936934,de:11000:900024101:4:57,-0.8,2026-10-02T01:01:04.695736+02:00
295936934,de:11000:900024102:1:51,-0.1,2026-10-02T01:01:04.695736+02:00
295940758,de:11000:900120005:4:56,0.0,2026-10-02T01:01:04.695736+02:00
295940758,de:11000:900120004:1:51,-0.1,2026-10-02T01:01:04.695736+02:00
295940758,de:11000:900120003:2:52,-0.4,2026-10-02T01:01:04.695736+02:00
295940758,de:11000:900160003:1:50,-0.7,2026-10-02T01:01:04.695736+02:00
295940758,de:11000:900160004:1:50,-0.7,2026-10-02T01:01:04.695736+02:00
295940758,de:11000:900171002:1:50,-0.2,2026-10-02T01:01:04.695736+02:00
295940758,de:11000:900171001:2:51,-0.3,2026-10-02T01:01:04.695736+02:00
295940758,de:11000:900175001:2:51,-0.5,2026-10-02T01:01:04.695736+02:00
295940758,de:11000:900175002:1:51,0.0,2026-10-02T01:01:04.695736+02:00
295940758,de:11000:900176001:1:50,-0.7,2026-10-02T01:01:04.695736+02:00
295940321,de:11000:900176001:1:51,0.0,2026-10-02T01:01:04.695736+02:00
295940321,de:11000:900175002:1:50,-0.7,2026-10-02T01:01:04.695736+02:00
295940321,de:11000:900175001:1:50,-0.6,2026-10-02T01:01:04.695736+02:00
295940321,de:11000:900171001:1:50,-0.3,2026-10-02T01:01:04.695736+02:00
295940321,de:11000:900171002:1:51,-0.4,2026-10-02T01:01:04.695736+02:00
295940321,de:11000:900160004:1:51,-0.8,2026-10-02T01:01:04.695736+02:00
295940321,de:11000:900160003:1:51,-0.9,2026-10-02T01:01:04.695736+02:00
295940321,de:11000:900120003:3:55,-0.1,2026-10-02T01:01:04.695736+02:00
295940321,de:11000:900120004:2:53,-0.6,2026-10-02T01:01:04.695736+02:00
295940321,de:11000:900120005:5:58,-0.9,2026-10-02T01:01:04.695736+02:00
295940321,de:11000:900100004:1:51,-0.4,2026-10-02T01:01:04.695736+02:00
295940321,de:11000:900100003:2:53,-0.4,2026-10-02T01:01:04.695736+02:00
295940321,de:11000:900100002:1:51,-0.4,2026-10-02T01:01:04.695736+02:00
295940321,de:11000:900100001:3:55,-0.4,2026-10-02T01:01:04.695736+02:00
295940321,de:11000:900003201:3:55,-0.1,2026-10-02T01:01:04.695736+02:00
295940321,de:11000:900003102:1:51,-0.8,2026-10-02T01:01:04.695736+02:00
295940321,de:11000:900003103:1:51,-0.9,2026-10-02T01:01:04.695736+02:00
295940321,de:11000:900023201:3:55,-0.8,2026-10-02T01:01:04.695736+02:00
295940321,de:11000:900024203:1:51,-0.8,2026-10-02T01:01:04.695736+02:00
295940321,de:11000:900024101:4:57,-0.8,2026-10-02T01:01:04.695736+02:00
295940321,de:11000:900024102:1:51,-0.1,2026-10-02T01:01:04.695736+02:00
295942232,de:11000:900176001:1:50,0.0,2026-10-02T01:01:04.695736+02:00
295942232,de:11000:900175002:1:50,-0.7,2026-10-02T01:01:04.695736+02:00
295942232,de:11000:900175001:1:50,-0.6,2026-10-02T01:01:04.695736+02:00
295942232,de:11000:900171001:1:50,-0.3,2026-10-02T01:01:04.695736+02:00
295942232,de:11000:900171002:1:51,-0.4,2026-10-02T01:01:04.695736+02:00
295942232,de:11000:900160004:1:51,-0.8,2026-10-02T01:01:04.695736+02:00
295942232,de:11000:900160003:1:51,-0.8,2026-10-02T01:01:04.695736+02:00
295942232,de:11000:900120003:3:54,-0.9,2026-10-02T01:01:04.695736+02:00
295942232,de:11000:900120004:2:52,-0.1,2026-10-02T01:01:04.695736+02:00
295942227,de:11000:900176001:1:50,0.0,2026-10-02T01:01:04.695736+02:00
295942227,de:11000:900175002:1:50,-0.7,2026-10-02T01:01:04.695736+02:00
295942227,de:11000:900175001:1:50,-0.6,2026-10-02T01:01:04.695736+02:00
295942227,de:11000:900171001:1:50,-0.3,2026-10-02T01:01:04.695736+02:00
295942227,de:11000:900171002:1:51,-0.4,2026-10-02T01:01:04.695736+02:00
295942227,de:11000:900160004:1:51,-0.8,2026-10-02T01:01:04.695736+02:00
295942227,de:11000:900160003:1:51,-0.8,2026-10-02T01:01:04.695736+02:00
295942227,de:11000:900120003:3:54,-0.9,2026-10-02T01:01:04.695736+02:00
295942227,de:11000:900120004:2:52,-0.1,2026-10-02T01:01:04.695736+02:00
295940160,de:11000:900024102:2:52,0.0,2026-10-02T01:01:04.695736+02:00
295940160,de:11000:900024101:3:54,-0.8,2026-10-02T01:01:04.695736+02:00
295940160,de:11000:900024203:1:51,-0.8,2026-10-02T01:01:04.695736+02:00
295940160,de:11000:900023201:3:54,-0.7,2026-10-02T01:01:04.695736+02:00
295940160,de:11000:900003103:1:50,-0.8,2026-10-02T01:01:04.695736+02:00
295940160,de:11000:900003102:1:50,-0.9,2026-10-02T01:01:04.695736+02:00
295940160,de:11000:900003201:3:54,-0.5,2026-10-02T01:01:04.695736+02:00
295940160,de:11000:900100001:3:54,-0.1,2026-10-02T01:01:04.695736+02:00
295940160,de:11000:900100002:1:50,-0.4,2026-10-02T01:01:04.695736+02:00
295940160,de:11000:900100003:2:52,-0.1,2026-10-02T01:01:04.695736+02:00
295940160,de:11000:900100004:1:50,-0.4,2026-10-02T01:01:04.695736+02:00
295940160,de:11000:900120005:4:55,-0.6,2026-10-02T01:01:04.695736+02:00
295940160,de:11000:900120004:1:50,-0.1,2026-10-02T01:01:04.695736+02:00
295940160,de:11000:900120003:2:53,-0.4,2026-10-02T01:01:04.695736+02:00
295940160,de:11000:900160003:1:50,-0.7,2026-10-02T01:01:04.695736+02:00
295940160,de:11000:900160004:1:50,-0.7,2026-10-02T01:01:04.695736+02:00
295940160,de:11000:900171002:1:50,-0.2,2026-10-02T01:01:04.695736+02:00
295940160,de:11000:900171001:2:51,-0.3,2026-10-02T01:01:04.695736+02:00
295940160,de:11000:900175001:2:51,-0.5,2026-10-02T01:01:04.695736+02:00
295940160,de:11000:900175002:1:51,0.0,2026-10-02T01:01:04.695736+02:00
295940160,de:11000:900176001:2:52,-0.3,2026-10-02T01:01:04.695736+02:00
295940160,de:12064:900320026:1:51,-0.1,2026-10-02T01:01:04.695736+02:00
295940160,de:12064:900320008:1:50,-0.7,2026-10-02T01:01:04.695736+02:00
306897081,de:12067:900310009::1,0.0,2026-10-02T01:01:04.695736+02:00
306897081,de:12067:900310007::2,0.0,2026-10-02T01:01:04.695736+02:00
306897081,de:12067:900310735::1,0.0,2026-10-02T01:01:04.695736+02:00
306897081,de:12067:900311270::1,0.0,2026-10-02T01:01:04.695736+02:00
306897081,de:12067:900311484::1,0.0,2026-10-02T01:01:04.695736+02:00
306897081,de:12067:900311485::1,0.0,2026-10-02T01:01:04.695736+02:00
306897081,de:12067:900311482::1,0.0,2026-10-02T01:01:04.695736+02:00
306895359,de:12067:900310611::1,0.0,2026-10-02T01:01:04.695736+02:00
306895359,de:12067:900311058::2,0.0,2026-10-02T01:01:04.695736+02:00
306895359,de:12067:900311110::4,0.0,2026-10-02T01:01:04.695736+02:00
306895359,de:12067:900311055::1,0.0,2026-10-02T01:01:04.695736+02:00
306895359,de:12067:900311054::1,0.0,2026-10-02T01:01:04.695736+02:00
306895359,de:12067:900311110::1,0.0,2026-10-02T01:01:04.695736+02:00
306895359,de:12067:900311059::2,0.0,2026-10-02T01:01:04.695736+02:00
306895359,de:12067:900310945::1,0.0,2026-10-02T01:01:04.695736+02:00
306895359,de:12067:900311001::1,0.0,2026-10-02T01:01:04.695736+02:00
306895359,de:12067:900310913::1,0.0,2026-10-02T01:01:04.695736+02:00
306895359,de:12067:900310912::1,0.0,2026-10-02T01:01:04.695736+02:00
306895359,de:12067:900310912::1,-6.0,2026-10-02T01:01:04.695736+02:00
306895359,de:12061:900261019::1,0.0,2026-10-02T01:01:04.695736+02:00
306895359,de:12067:900310912::1,6.0,2026-10-02T01:01:04.695736+02:00
306895359,de:12067:900310912::1,0.0,2026-10-02T01:01:04.695736+02:00
306895359,de:12067:900310707::1,0.0,2026-10-02T01:01:04.695736+02:00
306895359,de:12067:900310948::1,0.0,2026-10-02T01:01:04.695736+02:00
306895359,de:12067:900311033::1,0.0,2026-10-02T01:01:04.695736+02:00
306895359,de:12067:900311032::1,0.0,2026-10-02T01:01:04.695736+02:00
306895359,de:12067:900311041::1,0.0,2026-10-02T01:01:04.695736+02:00
306895359,de:12067:900311038::1,0.0,2026-10-02T01:01:04.695736+02:00
306895359,de:12067:900311040::1,0.0,2026-10-02T01:01:04.695736+02:00
306895359,de:12067:900311031::1,0.0,2026-10-02T01:01:04.695736+02:00
306895359,de:12067:900311039::1,0.0,2026-10-02T01:01:04.695736+02:00
306897250,de:12067:900311383::5,0.0,2026-10-02T01:01:04.695736+02:00
306897250,de:12067:900311325::1,0.0,2026-10-02T01:01:04.695736+02:00
306897250,de:12067:900311306::1,0.0,2026-10-02T01:01:04.695736+02:00
306897250,de:12067:900311531::1,0.0,2026-10-02T01:01:04.695736+02:00
306897250,de:12067:900311530::1,0.0,2026-10-02T01:01:04.695736+02:00
306897250,de:12067:900311542::2,0.0,2026-10-02T01:01:04.695736+02:00
306897250,de:12067:900311543::1,0.0,2026-10-02T01:01:04.695736+02:00
306897250,de:12067:900311401::1,0.0,2026-10-02T01:01:04.695736+02:00
306897250,de:12067:900311560::1,0.0,2026-10-02T01:01:04.695736+02:00
306897250,de:12067:900311401::2,0.0,2026-10-02T01:01:04.695736+02:00
306897250,de:12067:900311403::2,0.0,2026-10-02T01:01:04.695736+02:00
306897250,de:12067:900311405::1,0.0,2026-10-02T01:01:04.695736+02:00
306895238,de:12067:900311129::2,0.0,2026-10-02T01:01:04.695736+02:00
306895238,de:12067:900310755::1,0.0,2026-10-02T01:01:04.695736+02:00
306895238,de:12067:900310738::1,0.0,2026-10-02T01:01:04.695736+02:00
306895238,de:12067:900310725::1,0.0,2026-10-02T01:01:04.695736+02:00
306895238,de:12067:900310714::2,0.0,2026-10-02T01:01:04.695736+02:00
306895238,de:12067:900310911::1,0.0,2026-10-02T01:01:04.695736+02:00
306895238,de:12067:900310918::1,0.0,2026-10-02T01:01:04.695736+02:00
306895238,de:12067:900310918::1,-12.0,2026-10-02T01:01:04.695736+02:00
306895238,de:12067:900310830::1,0.0,2026-10-02T01:01:04.695736+02:00
306895238,de:12067:900311004::1,0.0,2026-10-02T01:01:04.695736+02:00
306895238,de:12067:900310918::1,12.0,2026-10-02T01:01:04.695736+02:00
306895238,de:12067:900310918::1,0.0,2026-10-02T01:01:04.695736+02:00
306895238,de:12067:900310765::1,0.0,2026-10-02T01:01:04.695736+02:00
306895238,de:12067:900310766::1,0.0,2026-10-02T01:01:04.695736+02:00
306895238,de:12067:900310926::2,0.0,2026-10-02T01:01:04.695736+02:00
306895238,de:12067:900310859::1,0.0,2026-10-02T01:01:04.695736+02:00
306895238,de:12067:900311073::1,0.0,2026-10-02T01:01:04.695736+02:00
306895238,de:12067:900311075::1,0.0,2026-10-02T01:01:04.695736+02:00
306895238,de:12067:900311074::2,0.0,2026-10-02T01:01:04.695736+02:00
306895238,de:12067:900310840::1,0.0,2026-10-02T01:01:04.695736+02:00
306895238,de:12067:900311094::2,0.0,2026-10-02T01:01:04.695736+02:00
306895238,de:12067:900311071::2,0.0,2026-10-02T01:01:04.695736+02:00
306895238,de:12067:900311070::2,0.0,2026-10-02T01:01:04.695736+02:00
306895238,de:12067:900310901::2,0.0,2026-10-02T01:01:04.695736+02:00
306895238,de:12067:900311471::2,0.0,2026-10-02T01:01:04.695736+02:00
306895238,de:12067:900311473::2,0.0,2026-10-02T01:01:04.695736+02:00
306895238,de:12067:900311318::2,0.0,2026-10-02T01:01:04.695736+02:00
306895238,de:12067:900311320::2,0.0,2026-10-02T01:01:04.695736+02:00
306895238,de:12067:900311305::2,0.0,2026-10-02T01:01:04.695736+02:00
306895238,de:12067:900311383::4,0.0,2026-10-02T01:01:04.695736+02:00
306895238,de:12067:900311315::2,0.0,2026-10-02T01:01:04.695736+02:00
306895238,de:12067:900311348::2,0.0,2026-10-02T01:01:04.695736+02:00
306895238,de:12067:900311308::4,0.0,2026-10-02T01:01:04.695736+02:00
295946203,de:12054:900230999:3:54,0.0,2026-10-02T01:01:04.695736+02:00
295946203,de:12054:900230000:1:50,-0.3,2026-10-02T01:01:04.695736+02:00
295946203,de:12054:900230003:1:54,-0.3,2026-10-02T01:01:04.695736+02:00
295946203,de:11000:900053301:2:53,-0.4,2026-10-02T01:01:04.695736+02:00
295946203,de:11000:900052201:2:53,-0.7,2026-10-02T01:01:04.695736+02:00
295946203,de:11000:900048101:2:53,-0.9,2026-10-02T01:01:04.695736+02:00
295946203,de:11000:900024102:2:53,-0.9,2026-10-02T01:01:04.695736+02:00
295946203,de:11000:900024101:3:55,-0.3,2026-10-02T01:01:04.695736+02:00
295946203,de:11000:900024203:1:51,-0.3,2026-10-02T01:01:04.695736+02:00
295946203,de:11000:900023201:3:54,-0.2,2026-10-02T01:01:04.695736+02:00
295946203,de:11000:900003103:1:50,-0.3,2026-10-02T01:01:04.695736+02:00
295946203,de:11000:900003102:1:50,-0.4,2026-10-02T01:01:04.695736+02:00
295946203,de:11000:900003201:3:54,0.0,2026-10-02T01:01:04.695736+02:00
295946203,de:11000:900100001:3:54,-0.6,2026-10-02T01:01:04.695736+02:00
295946203,de:11000:900100002:1:50,-0.9,2026-10-02T01:01:04.695736+02:00
295946203,de:11000:900100003:2:52,-0.6,2026-10-02T01:01:04.695736+02:00
295946203,de:11000:900100004:1:50,-0.9,2026-10-02T01:01:04.695736+02:00
295946203,de:11000:900120005:4:55,-0.1,2026-10-02T01:01:04.695736+02:00
295946203,de:11000:900120004:1:50,-0.6,2026-10-02T01:01:04.695736+02:00
295946203,de:11000:900120003:2:53,-0.9,2026-10-02T01:01:04.695736+02:00
295946203,de:11000:900160003:1:50,-0.2,2026-10-02T01:01:04.695736+02:00
295946203,de:11000:900160004:1:50,-0.2,2026-10-02T01:01:04.695736+02:00
295946203,de:11000:900171002:1:50,-0.7,2026-10-02T01:01:04.695736+02:00
295946203,de:11000:900171003:1:50,-0.8,2026-10-02T01:01:04.695736+02:00
295946203,de:11000:900170005:1:50,-0.3,2026-10-02T01:01:04.695736+02:00
295946203,de:11000:900170001:1:50,-0.1,2026-10-02T01:01:04.695736+02:00
295946203,de:11000:900170002:1:50,-0.9,2026-10-02T01:01:04.695736+02:00
295946203,de:11000:900170003:1:50,-0.7,2026-10-02T01:01:04.695736+02:00
295946203,de:11000:900170004:1:50,-0.9,2026-10-02T01:01:04.695736+02:00
295949482,de:12054:900230999:3:55,0.0,2026-10-02T01:01:04.695736+02:00
295949482,de:12054:900230000:1:50,-0.3,2026-10-02T01:01:04.695736+02:00
295949482,de:12054:900230003:1:54,-0.3,2026-10-02T01:01:04.695736+02:00
295949482,de:11000:900053301:2:53,-0.4,2026-10-02T01:01:04.695736+02:00
295949482,de:11000:900052201:2:53,-0.7,2026-10-02T01:01:04.695736+02:00
295949482,de:11000:900048101:2:53,-0.9,2026-10-02T01:01:04.695736+02:00
295949482,de:11000:900024102:2:53,-0.9,2026-10-02T01:01:04.695736+02:00
295949482,de:11000:900024101:3:55,-0.3,2026-10-02T01:01:04.695736+02:00
295949482,de:11000:900024203:1:51,-0.3,2026-10-02T01:01:04.695736+02:00
295949482,de:11000:900023201:3:54,-0.2,2026-10-02T01:01:04.695736+02:00
295949482,de:11000:900003103:1:50,-0.3,2026-10-02T01:01:04.695736+02:00
295949482,de:11000:900003102:1:50,-0.4,2026-10-02T01:01:04.695736+02:00
295949482,de:11000:900003201:3:54,0.0,2026-10-02T01:01:04.695736+02:00
295949482,de:11000:900100001:3:54,-0.6,2026-10-02T01:01:04.695736+02:00
295949482,de:11000:900100002:1:50,-0.9,2026-10-02T01:01:04.695736+02:00
295949482,de:11000:900100003:2:52,-0.6,2026-10-02T01:01:04.695736+02:00
295949482,de:11000:900100004:1:50,-0.9,2026-10-02T01:01:04.695736+02:00
295949482,de:11000:900120005:4:55,-0.1,2026-10-02T01:01:04.695736+02:00
295949482,de:11000:900120004:1:50,-0.6,2026-10-02T01:01:04.695736+02:00
295949482,de:11000:900120003:2:53,-0.9,2026-10-02T01:01:04.695736+02:00
295949482,de:11000:900160003:1:50,-0.2,2026-10-02T01:01:04.695736+02:00
295949482,de:11000:900160004:1:50,-0.2,2026-10-02T01:01:04.695736+02:00
295949482,de:11000:900171002:1:50,-0.7,2026-10-02T01:01:04.695736+02:00
295949482,de:11000:900171003:1:50,-0.8,2026-10-02T01:01:04.695736+02:00
295949482,de:11000:900170005:1:50,-0.3,2026-10-02T01:01:04.695736+02:00
295949482,de:11000:900170001:1:50,-0.1,2026-10-02T01:01:04.695736+02:00
295949482,de:11000:900170002:1:50,-0.9,2026-10-02T01:01:04.695736+02:00
295949482,de:11000:900170003:1:50,-0.7,2026-10-02T01:01:04.695736+02:00
295949482,de:11000:900170004:2:52,-0.9,2026-10-02T01:01:04.695736+02:00
295949473,de:12054:900230999:3:55,0.0,2026-10-02T01:01:04.695736+02:00
295949473,de:12054:900230000:1:50,-0.3,2026-10-02T01:01:04.695736+02:00
295949473,de:12054:900230003:1:54,-0.3,2026-10-02T01:01:04.695736+02:00
295949473,de:11000:900053301:2:53,-0.4,2026-10-02T01:01:04.695736+02:00
295949473,de:11000:900052201:2:53,-0.7,2026-10-02T01:01:04.695736+02:00
295949473,de:11000:900048101:2:53,-0.9,2026-10-02T01:01:04.695736+02:00
295949473,de:11000:900024102:2:53,-0.9,2026-10-02T01:01:04.695736+02:00
295949473,de:11000:900024101:3:55,-0.3,2026-10-02T01:01:04.695736+02:00
295949473,de:11000:900024203:1:51,-0.3,2026-10-02T01:01:04.695736+02:00
295949473,de:11000:900023201:3:54,-0.2,2026-10-02T01:01:04.695736+02:00
295949473,de:11000:900003103:1:50,-0.3,2026-10-02T01:01:04.695736+02:00
295949473,de:11000:900003102:1:50,-0.4,2026-10-02T01:01:04.695736+02:00
295949473,de:11000:900003201:3:54,0.0,2026-10-02T01:01:04.695736+02:00
295949473,de:11000:900100001:3:54,-0.6,2026-10-02T01:01:04.695736+02:00
295949473,de:11000:900100002:1:50,-0.9,2026-10-02T01:01:04.695736+02:00
295949473,de:11000:900100003:2:52,-0.6,2026-10-02T01:01:04.695736+02:00
295949473,de:11000:900100004:1:50,-0.9,2026-10-02T01:01:04.695736+02:00
295949473,de:11000:900120005:4:55,-0.1,2026-10-02T01:01:04.695736+02:00
295949473,de:11000:900120004:1:50,-0.6,2026-10-02T01:01:04.695736+02:00
295949473,de:11000:900120003:2:53,-0.9,2026-10-02T01:01:04.695736+02:00
295949473,de:11000:900160003:1:50,-0.2,2026-10-02T01:01:04.695736+02:00
295949473,de:11000:900160004:1:50,-0.2,2026-10-02T01:01:04.695736+02:00
295949473,de:11000:900171002:1:50,-0.7,2026-10-02T01:01:04.695736+02:00
295949473,de:11000:900171003:1:50,-0.8,2026-10-02T01:01:04.695736+02:00
295949473,de:11000:900170005:1:50,-0.3,2026-10-02T01:01:04.695736+02:00
295949473,de:11000:900170001:1:50,-0.1,2026-10-02T01:01:04.695736+02:00
295949473,de:11000:900170002:1:50,-0.9,2026-10-02T01:01:04.695736+02:00
295949473,de:11000:900170003:1:50,-0.7,2026-10-02T01:01:04.695736+02:00
295949473,de:11000:900170004:2:52,-0.9,2026-10-02T01:01:04.695736+02:00
306895471,de:12067:900310807::1,0.0,2026-10-02T01:01:04.695736+02:00
306895471,de:12067:900310815::2,0.0,2026-10-02T01:01:04.695736+02:00
306895471,de:12067:900310880::2,0.0,2026-10-02T01:01:04.695736+02:00
306895471,de:12067:900310010::2,0.0,2026-10-02T01:01:04.695736+02:00
306895471,de:12067:900310770::2,0.0,2026-10-02T01:01:04.695736+02:00
306895471,de:12067:900310812::2,0.0,2026-10-02T01:01:04.695736+02:00
306895471,de:12067:900310806::2,0.0,2026-10-02T01:01:04.695736+02:00
306895471,de:12067:900310821::2,0.0,2026-10-02T01:01:04.695736+02:00
306895471,de:12067:900310794::2,0.0,2026-10-02T01:01:04.695736+02:00
306895471,de:12067:900310808::2,0.0,2026-10-02T01:01:04.695736+02:00
306895471,de:12067:900310822::2,0.0,2026-10-02T01:01:04.695736+02:00
306895471,de:12067:900310781::2,0.0,2026-10-02T01:01:04.695736+02:00
306895471,de:12067:900310627::2,0.0,2026-10-02T01:01:04.695736+02:00
306895471,de:12067:900310816::2,0.0,2026-10-02T01:01:04.695736+02:00
306895471,de:12067:900310022::1,0.0,2026-10-02T01:01:04.695736+02:00
306895471,de:12067:900310001::11,0.0,2026-10-02T01:01:04.695736+02:00
306895471,de:12067:900310001::1,0.0,2026-10-02T01:01:04.695736+02:00
306895471,de:12067:900310696::1,0.0,2026-10-02T01:01:04.695736+02:00
306895471,de:12067:900310788::1,0.0,2026-10-02T01:01:04.695736+02:00
306895471,de:12067:900310790::1,0.0,2026-10-02T01:01:04.695736+02:00
306895471,de:12067:900310787::1,0.0,2026-10-02T01:01:04.695736+02:00
306895471,de:12067:900310809::1,0.0,2026-10-02T01:01:04.695736+02:00
306895471,de:12067:900310825::1,0.0,2026-10-02T01:01:04.695736+02:00
306895471,de:12067:900310792::2,0.0,2026-10-02T01:01:04.695736+02:00
306895471,de:12067:900310774::2,0.0,2026-10-02T01:01:04.695736+02:00
306895471,de:12067:900310793::1,0.0,2026-10-02T01:01:04.695736+02:00
306895471,de:12067:900310628::1,0.0,2026-10-02T01:01:04.695736+02:00
306895471,de:12067:900310814::1,0.0,2026-10-02T01:01:04.695736+02:00
306895471,de:12067:900311083::3,0.0,2026-10-02T01:01:04.695736+02:00
295956002,de:11000:900120004:1:51,0.0,2026-10-02T01:01:04.695736+02:00
295956002,de:11000:900120003:2:52,-0.9,2026-10-02T01:01:04.695736+02:00
295956002,de:11000:900160003:1:50,-0.2,2026-10-02T01:01:04.695736+02:00
295956002,de:11000:900160004:1:50,-0.2,2026-10-02T01:01:04.695736+02:00
295956002,de:11000:900171002:1:50,-0.7,2026-10-02T01:01:04.695736+02:00
295956002,de:11000:900171003:1:50,-0.8,2026-10-02T01:01:04.695736+02:00
295956002,de:11000:900152002:1:50,-0.4,2026-10-02T01:01:04.695736+02:00
295956002,de:11000:900152001:1:50,-0.6,2026-10-02T01:01:04.695736+02:00
295956002,de:11000:900151001:1:50,-0.9,2026-10-02T01:01:04.695736+02:00
295949513,de:11000:900170004:2:52,0.0,2026-10-02T01:01:04.695736+02:00
295949513,de:11000:900170003:1:51,-0.3,2026-10-02T01:01:04.695736+02:00
295949513,de:11000:900170002:1:51,-0.1,2026-10-02T01:01:04.695736+02:00
295949513,de:11000:900170001:1:51,-0.9,2026-10-02T01:01:04.695736+02:00
295949513,de:11000:900170005:1:51,-0.7,2026-10-02T01:01:04.695736+02:00
295949513,de:11000:900171003:1:51,-0.6,2026-10-02T01:01:04.695736+02:00
295949513,de:11000:900171002:1:51,-0.9,2026-10-02T01:01:04.695736+02:00
295949513,de:11000:900160004:1:51,-0.3,2026-10-02T01:01:04.695736+02:00
295949513,de:11000:900160003:1:51,-0.4,2026-10-02T01:01:04.695736+02:00
295949513,de:11000:900120003:3:55,-0.6,2026-10-02T01:01:04.695736+02:00
295949513,de:11000:900120004:2:53,-0.1,2026-10-02T01:01:04.695736+02:00
295949513,de:11000:900120005:5:58,-0.4,2026-10-02T01:01:04.695736+02:00
295949513,de:11000:900100004:1:51,-0.9,2026-10-02T01:01:04.695736+02:00
295949513,de:11000:900100003:2:53,-0.9,2026-10-02T01:01:04.695736+02:00
295949513,de:11000:900100002:1:51,-0.9,2026-10-02T01:01:04.695736+02:00
295949513,de:11000:900100001:3:55,-0.9,2026-10-02T01:01:04.695736+02:00
295949513,de:11000:900003201:3:55,-0.6,2026-10-02T01:01:04.695736+02:00
295949513,de:11000:900003102:1:51,-0.3,2026-10-02T01:01:04.695736+02:00
295949513,de:11000:900003103:1:51,-0.4,2026-10-02T01:01:04.695736+02:00
295949513,de:11000:900023201:3:55,-0.3,2026-10-02T01:01:04.695736+02:00
295949513,de:11000:900024203:1:51,-0.3,2026-10-02T01:01:04.695736+02:00
295949513,de:11000:900024101:4:57,-0.3,2026-10-02T01:01:04.695736+02:00
295949513,de:11000:900024102:1:50,-0.6,2026-10-02T01:01:04.695736+02:00
295949513,de:11000:900048101:1:50,-0.8,2026-10-02T01:01:04.695736+02:00
295949513,de:11000:900052201:2:52,0.0,2026-10-02T01:01:04.695736+02:00
295949513,de:11000:900053301:1:50,-0.4,2026-10-02T01:01:04.695736+02:00
295949513,de:12054:900230003:1:50,-0.4,2026-10-02T01:01:04.695736+02:00
295949513,de:12054:900230000:1:51,-0.4,2026-10-02T01:01:04.695736+02:00
295949513,de:12054:900230999:3:54,-0.9,2026-10-02T01:01:04.695736+02:00
295949509,de:11000:900170004:2:52,0.0,2026-10-02T01:01:04.695736+02:00
295949509,de:11000:900170003:1:51,-0.3,2026-10-02T01:01:04.695736+02:00
295949509,de:11000:900170002:1:51,-0.1,2026-10-02T01:01:04.695736+02:00
295949509,de:11000:900170001:1:51,-0.9,2026-10-02T01:01:04.695736+02:00
295949509,de:11000:900170005:1:51,-0.7,2026-10-02T01:01:04.695736+02:00
295949509,de:11000:900171003:1:51,-0.6,2026-10-02T01:01:04.695736+02:00
295949509,de:11000:900171002:1:51,-0.9,2026-10-02T01:01:04.695736+02:00
295949509,de:11000:900160004:1:51,-0.3,2026-10-02T01:01:04.695736+02:00
295949509,de:11000:900160003:1:51,-0.4,2026-10-02T01:01:04.695736+02:00
295949509,de:11000:900120003:3:55,-0.6,2026-10-02T01:01:04.695736+02:00
295949509,de:11000:900120004:2:53,-0.1,2026-10-02T01:01:04.695736+02:00
295949509,de:11000:900120005:5:58,-0.4,2026-10-02T01:01:04.695736+02:00
295949509,de:11000:900100004:1:51,-0.9,2026-10-02T01:01:04.695736+02:00
295949509,de:11000:900100003:2:53,-0.9,2026-10-02T01:01:04.695736+02:00
295949509,de:11000:900100002:1:51,-0.9,2026-10-02T01:01:04.695736+02:00
295949509,de:11000:900100001:3:55,-0.9,2026-10-02T01:01:04.695736+02:00
295949509,de:11000:900003201:3:55,-0.6,2026-10-02T01:01:04.695736+02:00
295949509,de:11000:900003102:1:51,-0.3,2026-10-02T01:01:04.695736+02:00
295949509,de:11000:900003103:1:51,-0.4,2026-10-02T01:01:04.695736+02:00
295949509,de:11000:900023201:3:55,-0.3,2026-10-02T01:01:04.695736+02:00
295949509,de:11000:900024203:1:51,-0.3,2026-10-02T01:01:04.695736+02:00
295949509,de:11000:900024101:4:57,-0.3,2026-10-02T01:01:04.695736+02:00
295949509,de:11000:900024102:1:50,-0.6,2026-10-02T01:01:04.695736+02:00
295949509,de:11000:900048101:1:50,-0.8,2026-10-02T01:01:04.695736+02:00
295949509,de:11000:900052201:2:52,0.0,2026-10-02T01:01:04.695736+02:00
295949509,de:11000:900053301:1:50,-0.4,2026-10-02T01:01:04.695736+02:00
295949509,de:12054:900230003:1:50,-0.4,2026-10-02T01:01:04.695736+02:00
295949509,de:12054:900230000:1:51,-0.4,2026-10-02T01:01:04.695736+02:00
295949509,de:12054:900230999:3:54,-0.9,2026-10-02T01:01:04.695736+02:00
306895505,de:12067:900310807::1,0.0,2026-10-02T01:01:04.695736+02:00
306895505,de:12067:900310815::2,0.0,2026-10-02T01:01:04.695736+02:00
306895505,de:12067:900310880::2,0.0,2026-10-02T01:01:04.695736+02:00
306895505,de:12067:900310010::2,0.0,2026-10-02T01:01:04.695736+02:00
306895505,de:12067:900310770::2,0.0,2026-10-02T01:01:04.695736+02:00
306895505,de:12067:900310812::2,0.0,2026-10-02T01:01:04.695736+02:00
306895505,de:12067:900310806::2,0.0,2026-10-02T01:01:04.695736+02:00
306895505,de:12067:900310778::2,0.0,2026-10-02T01:01:04.695736+02:00
306895505,de:12067:900310768::2,0.0,2026-10-02T01:01:04.695736+02:00
306895505,de:12067:900310786::2,0.0,2026-10-02T01:01:04.695736+02:00
306895505,de:12067:900310784::2,0.0,2026-10-02T01:01:04.695736+02:00
306895505,de:12067:900311104::2,0.0,2026-10-02T01:01:04.695736+02:00
306895505,de:12067:900310995::1,0.0,2026-10-02T01:01:04.695736+02:00
306895505,de:12067:900310779::2,0.0,2026-10-02T01:01:04.695736+02:00
306895505,de:12067:900310808::2,0.0,2026-10-02T01:01:04.695736+02:00
306895505,de:12067:900310822::2,0.0,2026-10-02T01:01:04.695736+02:00
306895505,de:12067:900310781::2,0.0,2026-10-02T01:01:04.695736+02:00
306895505,de:12067:900310627::2,0.0,2026-10-02T01:01:04.695736+02:00
306895505,de:12067:900310816::2,0.0,2026-10-02T01:01:04.695736+02:00
306895505,de:12067:900310022::1,0.0,2026-10-02T01:01:04.695736+02:00
306895505,de:12067:900310001::11,0.0,2026-10-02T01:01:04.695736+02:00
306895505,de:12067:900310001::1,0.0,2026-10-02T01:01:04.695736+02:00
306895505,de:12067:900310696::1,0.0,2026-10-02T01:01:04.695736+02:00
306895505,de:12067:900310788::1,0.0,2026-10-02T01:01:04.695736+02:00
306895505,de:12067:900310790::1,0.0,2026-10-02T01:01:04.695736+02:00
306895505,de:12067:900310787::1,0.0,2026-10-02T01:01:04.695736+02:00
306895505,de:12067:900310809::1,0.0,2026-10-02T01:01:04.695736+02:00
306895505,de:12067:900310825::1,0.0,2026-10-02T01:01:04.695736+02:00
306895505,de:12067:900310792::2,0.0,2026-10-02T01:01:04.695736+02:00
306895505,de:12067:900310774::2,0.0,2026-10-02T01:01:04.695736+02:00
306895505,de:12067:900310793::1,0.0,2026-10-02T01:01:04.695736+02:00
306895505,de:12067:900310628::1,0.0,2026-10-02T01:01:04.695736+02:00
306895505,de:12067:900310814::1,0.0,2026-10-02T01:01:04.695736+02:00
306895505,de:12067:900311083::3,0.0,2026-10-02T01:01:04.695736+02:00
306895551,de:12067:900311083::3,0.0,2026-10-02T01:01:04.695736+02:00
306895551,de:12067:900310775::1,0.0,2026-10-02T01:01:04.695736+02:00
306895551,de:12067:900311083::2,0.0,2026-10-02T01:01:04.695736+02:00
306895551,de:12067:900310814::2,0.0,2026-10-02T01:01:04.695736+02:00
306895551,de:12067:900310804::2,0.0,2026-10-02T01:01:04.695736+02:00
306895551,de:12067:900311150::2,0.0,2026-10-02T01:01:04.695736+02:00
306895551,de:12067:900311135::2,0.0,2026-10-02T01:01:04.695736+02:00
306895551,de:12067:900311149::2,0.0,2026-10-02T01:01:04.695736+02:00
306895551,de:12067:900310001::11,0.0,2026-10-02T01:01:04.695736+02:00
306895551,de:12067:900310001::2,0.0,2026-10-02T01:01:04.695736+02:00
306895551,de:12067:900310816::1,0.0,2026-10-02T01:01:04.695736+02:00
306895551,de:12067:900310627::1,0.0,2026-10-02T01:01:04.695736+02:00
306895551,de:12067:900311151::1,0.0,2026-10-02T01:01:04.695736+02:00
306895551,de:12067:900311152::1,0.0,2026-10-02T01:01:04.695736+02:00
306895551,de:12067:900310823::1,0.0,2026-10-02T01:01:04.695736+02:00
306895551,de:12067:900310773::1,0.0,2026-10-02T01:01:04.695736+02:00
306895551,de:12067:900311109::1,0.0,2026-10-02T01:01:04.695736+02:00
306895551,de:12067:900310782::1,0.0,2026-10-02T01:01:04.695736+02:00
306895551,de:12067:900310010::2,0.0,2026-10-02T01:01:04.695736+02:00
306895551,de:12067:900310770::2,0.0,2026-10-02T01:01:04.695736+02:00
306895551,de:12067:900310695::2,0.0,2026-10-02T01:01:04.695736+02:00
306895551,de:12067:900310769::1,0.0,2026-10-02T01:01:04.695736+02:00
306895551,de:12067:900310810::2,0.0,2026-10-02T01:01:04.695736+02:00
306895551,de:12067:900310980::1,0.0,2026-10-02T01:01:04.695736+02:00
295963744,de:12061:900260009:3:56,0.0,2026-10-02T01:01:04.695736+02:00
295963744,de:12061:900260080:1:51,-0.7,2026-10-02T01:01:04.695736+02:00
295963744,de:12061:900260005:3:55,0.0,2026-10-02T01:01:04.695736+02:00
295963744,de:11000:900196001:1:51,0.0,2026-10-02T01:01:04.695736+02:00
295963744,de:11000:900195510:1:50,-0.4,2026-10-02T01:01:04.695736+02:00
295963744,de:11000:900193002:1:51,-0.6,2026-10-02T01:01:04.695736+02:00
295963744,de:11000:900193001:2:51,-0.3,2026-10-02T01:01:04.695736+02:00
295963744,de:11000:900192001:3:55,-0.2,2026-10-02T01:01:04.695736+02:00
295963744,de:11000:900191001:1:50,-0.9,2026-10-02T01:01:04.695736+02:00
295963744,de:11000:900191002:1:51,-0.3,2026-10-02T01:01:04.695736+02:00
295963744,de:11000:900190001:2:53,-0.1,2026-10-02T01:01:04.695736+02:00
295963744,de:11000:900120003:5:59,-0.3,2026-10-02T01:01:04.695736+02:00
295963744,de:11000:900120001:1:51,-0.6,2026-10-02T01:01:04.695736+02:00
295963744,de:11000:900110012:1:51,-0.8,2026-10-02T01:01:04.695736+02:00
295963744,de:11000:900110004:1:51,-0.7,2026-10-02T01:01:04.695736+02:00
295963744,de:11000:900110003:1:51,0.0,2026-10-02T01:01:04.695736+02:00
295963744,de:11000:900110002:1:51,0.0,2026-10-02T01:01:04.695736+02:00
295963744,de:11000:900110001:1:51,-0.7,2026-10-02T01:01:04.695736+02:00
295963744,de:11000:900110011:2:53,-0.4,2026-10-02T01:01:04.695736+02:00
295963744,de:11000:900085201:1:50,-0.8,2026-10-02T01:01:04.695736+02:00
295963744,de:11000:900084101:1:50,-0.7,2026-10-02T01:01:04.695736+02:00
295963744,de:11000:900096101:1:50,-0.8,2026-10-02T01:01:04.695736+02:00
295963744,de:11000:900094101:1:50,-0.3,2026-10-02T01:01:04.695736+02:00
295963744,de:11000:900093201:1:50,-0.4,2026-10-02T01:01:04.695736+02:00
295963744,de:11000:900092201:1:51,-0.2,2026-10-02T01:01:04.695736+02:00
295963737,de:12061:900260009:3:56,0.0,2026-10-02T01:01:04.695736+02:00
295963737,de:12061:900260080:1:51,-0.7,2026-10-02T01:01:04.695736+02:00
295963737,de:12061:900260005:3:55,0.0,2026-10-02T01:01:04.695736+02:00
295963737,de:11000:900196001:1:51,0.0,2026-10-02T01:01:04.695736+02:00
295963737,de:11000:900195510:1:50,-0.4,2026-10-02T01:01:04.695736+02:00
295963737,de:11000:900193002:1:51,-0.6,2026-10-02T01:01:04.695736+02:00
295963737,de:11000:900193001:2:51,-0.3,2026-10-02T01:01:04.695736+02:00
295963737,de:11000:900192001:3:55,-0.2,2026-10-02T01:01:04.695736+02:00
295963737,de:11000:900191001:1:50,-0.9,2026-10-02T01:01:04.695736+02:00
295963737,de:11000:900191002:1:51,-0.3,2026-10-02T01:01:04.695736+02:00
295963737,de:11000:900190001:2:53,-0.1,2026-10-02T01:01:04.695736+02:00
295963737,de:11000:900120003:5:59,-0.3,2026-10-02T01:01:04.695736+02:00
295963737,de:11000:900120001:1:51,-0.6,2026-10-02T01:01:04.695736+02:00
295963737,de:11000:900110012:1:51,-0.8,2026-10-02T01:01:04.695736+02:00
295963737,de:11000:900110004:1:51,-0.7,2026-10-02T01:01:04.695736+02:00
295963737,de:11000:900110003:1:51,0.0,2026-10-02T01:01:04.695736+02:00
295963737,de:11000:900110002:1:51,0.0,2026-10-02T01:01:04.695736+02:00
295963737,de:11000:900110001:1:51,-0.7,2026-10-02T01:01:04.695736+02:00
295963737,de:11000:900110011:2:53,-0.4,2026-10-02T01:01:04.695736+02:00
295963737,de:11000:900085201:1:50,-0.8,2026-10-02T01:01:04.695736+02:00
295963737,de:11000:900084101:1:50,-0.7,2026-10-02T01:01:04.695736+02:00
295963737,de:11000:900096101:1:50,-0.8,2026-10-02T01:01:04.695736+02:00
295963737,de:11000:900094101:1:50,-0.3,2026-10-02T01:01:04.695736+02:00
295963737,de:11000:900093201:1:50,-0.4,2026-10-02T01:01:04.695736+02:00
295963737,de:11000:900092201:1:51,-0.2,2026-10-02T01:01:04.695736+02:00
306895617,de:12067:900311083::3,0.0,2026-10-02T01:01:04.695736+02:00
306895617,de:12067:900310775::1,0.0,2026-10-02T01:01:04.695736+02:00
306895617,de:12067:900311083::2,0.0,2026-10-02T01:01:04.695736+02:00
306895617,de:12067:900310814::2,0.0,2026-10-02T01:01:04.695736+02:00
306895617,de:12067:900310804::2,0.0,2026-10-02T01:01:04.695736+02:00
306895617,de:12067:900311150::2,0.0,2026-10-02T01:01:04.695736+02:00
306895617,de:12067:900311135::2,0.0,2026-10-02T01:01:04.695736+02:00
306895617,de:12067:900311149::2,0.0,2026-10-02T01:01:04.695736+02:00
306895617,de:12067:900310001::11,0.0,2026-10-02T01:01:04.695736+02:00
306895617,de:12067:900310001::2,0.0,2026-10-02T01:01:04.695736+02:00
306895617,de:12067:900310816::1,0.0,2026-10-02T01:01:04.695736+02:00
306895617,de:12067:900310627::1,0.0,2026-10-02T01:01:04.695736+02:00
306895617,de:12067:900310781::1,0.0,2026-10-02T01:01:04.695736+02:00
306895617,de:12067:900310822::1,0.0,2026-10-02T01:01:04.695736+02:00
306895617,de:12067:900310771::1,0.0,2026-10-02T01:01:04.695736+02:00
306895617,de:12067:900310811::1,0.0,2026-10-02T01:01:04.695736+02:00
306895617,de:12067:900310630::1,0.0,2026-10-02T01:01:04.695736+02:00
306895617,de:12067:900310812::1,0.0,2026-10-02T01:01:04.695736+02:00
306895617,de:12067:900310770::1,0.0,2026-10-02T01:01:04.695736+02:00
306895617,de:12067:900310010::3,0.0,2026-10-02T01:01:04.695736+02:00
306895617,de:12067:900310880::1,0.0,2026-10-02T01:01:04.695736+02:00
306895617,de:12067:900310815::1,0.0,2026-10-02T01:01:04.695736+02:00
306895617,de:12067:900310807::1,0.0,2026-10-02T01:01:04.695736+02:00
295967956,de:12061:900260009:3:55,0.0,2026-10-02T01:01:04.695736+02:00
295967956,de:12061:900260080:1:51,-0.7,2026-10-02T01:01:04.695736+02:00
295967956,de:12061:900260005:3:55,0.0,2026-10-02T01:01:04.695736+02:00
295967956,de:11000:900196001:1:51,0.0,2026-10-02T01:01:04.695736+02:00
295967956,de:11000:900195510:1:50,-0.4,2026-10-02T01:01:04.695736+02:00
295967956,de:11000:900193002:1:51,-0.6,2026-10-02T01:01:04.695736+02:00
295967956,de:11000:900193001:2:51,-0.3,2026-10-02T01:01:04.695736+02:00
295967956,de:11000:900192001:3:55,-0.2,2026-10-02T01:01:04.695736+02:00
295967956,de:11000:900191001:1:50,0.0,2026-10-02T01:01:04.695736+02:00
295967956,de:11000:900191002:1:51,-0.7,2026-10-02T01:01:04.695736+02:00
295967956,de:11000:900190001:2:53,-0.4,2026-10-02T01:01:04.695736+02:00
295967956,de:11000:900120004:2:53,-0.9,2026-10-02T01:01:04.695736+02:00
295967956,de:11000:900120005:5:58,-0.1,2026-10-02T01:01:04.695736+02:00
295967956,de:11000:900100004:1:51,-0.4,2026-10-02T01:01:04.695736+02:00
295967956,de:11000:900100003:2:53,-0.4,2026-10-02T01:01:04.695736+02:00
295967956,de:11000:900100002:1:51,-0.4,2026-10-02T01:01:04.695736+02:00
295967956,de:11000:900100001:3:55,-0.4,2026-10-02T01:01:04.695736+02:00
295967956,de:11000:900003201:3:55,-0.1,2026-10-02T01:01:04.695736+02:00
295967956,de:11000:900003102:1:51,-0.8,2026-10-02T01:01:04.695736+02:00
295967956,de:11000:900003103:1:51,-0.9,2026-10-02T01:01:04.695736+02:00
295967956,de:11000:900023201:3:55,-0.8,2026-10-02T01:01:04.695736+02:00
295967956,de:11000:900024203:1:51,-0.8,2026-10-02T01:01:04.695736+02:00
295967956,de:11000:900024101:4:57,-0.8,2026-10-02T01:01:04.695736+02:00
295967956,de:11000:900024102:1:50,-0.1,2026-10-02T01:01:04.695736+02:00
295967956,de:11000:900025423:1:50,-0.4,2026-10-02T01:01:04.695736+02:00
295967956,de:11000:900026105:1:50,-0.7,2026-10-02T01:01:04.695736+02:00
295967956,de:11000:900025321:1:50,-0.3,2026-10-02T01:01:04.695736+02:00
295967956,de:11000:900025424:1:50,-0.3,2026-10-02T01:01:04.695736+02:00
295967956,de:11000:900030202:1:50,-0.9,2026-10-02T01:01:04.695736+02:00
295967956,de:11000:900029101:1:51,-0.9,2026-10-02T01:01:04.695736+02:00
306895631,de:12067:900311083::3,0.0,2026-10-02T01:01:04.695736+02:00
306895631,de:12067:900310775::1,0.0,2026-10-02T01:01:04.695736+02:00
306895631,de:12067:900311083::2,0.0,2026-10-02T01:01:04.695736+02:00
306895631,de:12067:900310814::2,0.0,2026-10-02T01:01:04.695736+02:00
306895631,de:12067:900310804::2,0.0,2026-10-02T01:01:04.695736+02:00
306895631,de:12067:900311150::2,0.0,2026-10-02T01:01:04.695736+02:00
306895631,de:12067:900311135::2,0.0,2026-10-02T01:01:04.695736+02:00
306895631,de:12067:900311149::2,0.0,2026-10-02T01:01:04.695736+02:00
306895631,de:12067:900310001::11,0.0,2026-10-02T01:01:04.695736+02:00
306895631,de:12067:900310001::2,0.0,2026-10-02T01:01:04.695736+02:00
306895631,de:12067:900310816::1,0.0,2026-10-02T01:01:04.695736+02:00
306895631,de:12067:900310627::1,0.0,2026-10-02T01:01:04.695736+02:00
306895631,de:12067:900310781::1,0.0,2026-10-02T01:01:04.695736+02:00
306895631,de:12067:900310822::1,0.0,2026-10-02T01:01:04.695736+02:00
306895631,de:12067:900310771::1,0.0,2026-10-02T01:01:04.695736+02:00
306895631,de:12067:900310811::1,0.0,2026-10-02T01:01:04.695736+02:00
306895631,de:12067:900310630::1,0.0,2026-10-02T01:01:04.695736+02:00
306895631,de:12067:900310812::1,0.0,2026-10-02T01:01:04.695736+02:00
306895631,de:12067:900310770::1,0.0,2026-10-02T01:01:04.695736+02:00
306895631,de:12067:900310010::3,0.0,2026-10-02T01:01:04.695736+02:00
306895631,de:12067:900310880::1,0.0,2026-10-02T01:01:04.695736+02:00
306895631,de:12067:900310815::1,0.0,2026-10-02T01:01:04.695736+02:00
306895631,de:12067:900310807::1,0.0,2026-10-02T01:01:04.695736+02:00
306895633,de:12067:900311083::3,0.0,2026-10-02T01:01:04.695736+02:00
306895633,de:12067:900310775::1,0.0,2026-10-02T01:01:04.695736+02:00
306895633,de:12067:900311083::2,0.0,2026-10-02T01:01:04.695736+02:00
306895633,de:12067:900310814::2,0.0,2026-10-02T01:01:04.695736+02:00
306895633,de:12067:900310804::2,0.0,2026-10-02T01:01:04.695736+02:00
306895633,de:12067:900311150::2,0.0,2026-10-02T01:01:04.695736+02:00
306895633,de:12067:900311135::2,0.0,2026-10-02T01:01:04.695736+02:00
306895633,de:12067:900311149::2,0.0,2026-10-02T01:01:04.695736+02:00
306895633,de:12067:900310001::11,0.0,2026-10-02T01:01:04.695736+02:00
306895633,de:12067:900310001::2,0.0,2026-10-02T01:01:04.695736+02:00
306895633,de:12067:900310816::1,0.0,2026-10-02T01:01:04.695736+02:00
306895633,de:12067:900310627::1,0.0,2026-10-02T01:01:04.695736+02:00
306895633,de:12067:900310781::1,0.0,2026-10-02T01:01:04.695736+02:00
306895633,de:12067:900310822::1,0.0,2026-10-02T01:01:04.695736+02:00
306895633,de:12067:900310771::1,0.0,2026-10-02T01:01:04.695736+02:00
306895633,de:12067:900310811::1,0.0,2026-10-02T01:01:04.695736+02:00
306895633,de:12067:900310630::1,0.0,2026-10-02T01:01:04.695736+02:00
306895633,de:12067:900310812::1,0.0,2026-10-02T01:01:04.695736+02:00
306895633,de:12067:900310770::1,0.0,2026-10-02T01:01:04.695736+02:00
306895633,de:12067:900310010::3,0.0,2026-10-02T01:01:04.695736+02:00
306895633,de:12067:900310880::1,0.0,2026-10-02T01:01:04.695736+02:00
306895633,de:12067:900310815::1,0.0,2026-10-02T01:01:04.695736+02:00
306895633,de:12067:900310807::1,0.0,2026-10-02T01:01:04.695736+02:00
307435208,de:12061:900260611:1:50,0.0,2026-10-02T01:01:04.695736+02:00
307435208,de:12061:900260019:1:50,0.0,2026-10-02T01:01:04.695736+02:00
307435208,de:12061:900261512:2:51,0.0,2026-10-02T01:01:04.695736+02:00
307435208,de:12066:900435602:2:51,0.0,2026-10-02T01:01:04.695736+02:00
307435208,de:12066:900435697:1:50,0.0,2026-10-02T01:01:04.695736+02:00
307435208,de:12066:900435884:1:50,0.0,2026-10-02T01:01:04.695736+02:00
307435208,de:12071:900445956:1:50,0.0,2026-10-02T01:01:04.695736+02:00
307435208,de:12071:900445884:1:50,0.0,2026-10-02T01:01:04.695736+02:00
307435208,de:12052:900470000:2:51,0.0,2026-10-02T01:01:04.695736+02:00
295967899,de:12061:900260009:3:55,0.0,2026-10-02T01:01:04.695736+02:00
295967899,de:12061:900260080:1:51,-0.7,2026-10-02T01:01:04.695736+02:00
295967899,de:12061:900260005:3:55,0.0,2026-10-02T01:01:04.695736+02:00
295967899,de:11000:900196001:1:51,0.0,2026-10-02T01:01:04.695736+02:00
295967899,de:11000:900195510:1:50,-0.4,2026-10-02T01:01:04.695736+02:00
295967899,de:11000:900193002:1:51,-0.6,2026-10-02T01:01:04.695736+02:00
295967899,de:11000:900193001:2:51,-0.3,2026-10-02T01:01:04.695736+02:00
295967899,de:11000:900192001:3:55,-0.2,2026-10-02T01:01:04.695736+02:00
295967899,de:11000:900191001:1:50,0.0,2026-10-02T01:01:04.695736+02:00
295967899,de:11000:900191002:1:51,-0.7,2026-10-02T01:01:04.695736+02:00
295967899,de:11000:900190001:2:53,-0.4,2026-10-02T01:01:04.695736+02:00
295967899,de:11000:900120004:2:52,-0.9,2026-10-02T01:01:04.695736+02:00
295967899,de:11000:900120005:5:57,-0.1,2026-10-02T01:01:04.695736+02:00
295967899,de:11000:900100004:1:51,-0.4,2026-10-02T01:01:04.695736+02:00
295967899,de:11000:900100003:2:53,-0.4,2026-10-02T01:01:04.695736+02:00
295967899,de:11000:900100002:1:51,-0.4,2026-10-02T01:01:04.695736+02:00
295967899,de:11000:900100001:3:55,-0.4,2026-10-02T01:01:04.695736+02:00
295967899,de:11000:900003201:3:55,-0.1,2026-10-02T01:01:04.695736+02:00
295967899,de:11000:900003102:1:51,-0.8,2026-10-02T01:01:04.695736+02:00
295967899,de:11000:900003103:1:51,-0.9,2026-10-02T01:01:04.695736+02:00
295967899,de:11000:900023201:3:55,-0.8,2026-10-02T01:01:04.695736+02:00
295967899,de:11000:900024203:1:51,-0.8,2026-10-02T01:01:04.695736+02:00
295967899,de:11000:900024101:4:57,-0.8,2026-10-02T01:01:04.695736+02:00
295967899,de:11000:900024102:1:50,-0.1,2026-10-02T01:01:04.695736+02:00
295967899,de:11000:900025423:1:50,-0.4,2026-10-02T01:01:04.695736+02:00
295967899,de:11000:900026105:1:50,-0.7,2026-10-02T01:01:04.695736+02:00
295967899,de:11000:900025321:1:50,-0.3,2026-10-02T01:01:04.695736+02:00
295967899,de:11000:900025424:1:50,-0.3,2026-10-02T01:01:04.695736+02:00
295967899,de:11000:900030202:1:50,-0.9,2026-10-02T01:01:04.695736+02:00
295967899,de:11000:900029101:1:51,-0.9,2026-10-02T01:01:04.695736+02:00
307332678,de:11000:900029101:1:51,0.0,2026-10-02T01:01:04.695736+02:00
307332678,de:11000:900030202:1:50,-0.3,2026-10-02T01:01:04.695736+02:00
307332678,de:11000:900025424:1:51,-0.2,2026-10-02T01:01:04.695736+02:00
307332678,de:11000:900025321:1:51,-0.2,2026-10-02T01:01:04.695736+02:00
307332678,de:11000:900026105:1:50,-0.4,2026-10-02T01:01:04.695736+02:00
307332678,de:11000:900025423:1:50,-0.7,2026-10-02T01:01:04.695736+02:00
307332678,de:11000:900024102:2:53,-0.7,2026-10-02T01:01:04.695736+02:00
307332678,de:11000:900024101:3:55,-0.3,2026-10-02T01:01:04.695736+02:00
307332678,de:11000:900024203:1:51,-0.8,2026-10-02T01:01:04.695736+02:00
307332678,de:11000:900023201:3:54,-0.7,2026-10-02T01:01:04.695736+02:00
307332678,de:11000:900003103:1:50,-0.8,2026-10-02T01:01:04.695736+02:00
307332678,de:11000:900003102:1:50,-0.9,2026-10-02T01:01:04.695736+02:00
307332678,de:11000:900003201:3:54,-0.5,2026-10-02T01:01:04.695736+02:00
307332678,de:11000:900100001:3:54,-0.1,2026-10-02T01:01:04.695736+02:00
307332678,de:11000:900100002:1:50,-0.4,2026-10-02T01:01:04.695736+02:00
307332678,de:11000:900100003:2:52,-0.1,2026-10-02T01:01:04.695736+02:00
307332678,de:11000:900100004:1:50,-0.4,2026-10-02T01:01:04.695736+02:00
307332678,de:11000:900120005:4:56,-0.6,2026-10-02T01:01:04.695736+02:00
307332678,de:11000:900120004:1:51,-0.1,2026-10-02T01:01:04.695736+02:00
307332678,de:11000:900190001:1:51,-0.2,2026-10-02T01:01:04.695736+02:00
307332678,de:11000:900191002:1:50,0.0,2026-10-02T01:01:04.695736+02:00
307332678,de:11000:900191001:2:52,-0.4,2026-10-02T01:01:04.695736+02:00
307332678,de:11000:900192001:2:52,-0.7,2026-10-02T01:01:04.695736+02:00
307332678,de:11000:900193001:1:50,-0.2,2026-10-02T01:01:04.695736+02:00
307332678,de:11000:900193002:1:50,-0.8,2026-10-02T01:01:04.695736+02:00
307332678,de:11000:900195510:1:51,-0.2,2026-10-02T01:01:04.695736+02:00
307332678,de:11000:900196001:1:50,-0.4,2026-10-02T01:01:04.695736+02:00
307332678,de:12061:900260005:3:54,-0.2,2026-10-02T01:01:04.695736+02:00
307332678,de:12061:900260080:1:50,-0.7,2026-10-02T01:01:04.695736+02:00
307332678,de:12061:900260009:3:55,-0.9,2026-10-02T01:01:04.695736+02:00
307332675,de:11000:900029101:1:51,0.0,2026-10-02T01:01:04.695736+02:00
307332675,de:11000:900030202:1:50,-0.3,2026-10-02T01:01:04.695736+02:00
307332675,de:11000:900025424:1:51,-0.2,2026-10-02T01:01:04.695736+02:00
307332675,de:11000:900025321:1:51,-0.2,2026-10-02T01:01:04.695736+02:00
307332675,de:11000:900026105:1:50,-0.4,2026-10-02T01:01:04.695736+02:00
307332675,de:11000:900025423:1:50,-0.7,2026-10-02T01:01:04.695736+02:00
307332675,de:11000:900024102:2:53,-0.7,2026-10-02T01:01:04.695736+02:00
307332675,de:11000:900024101:3:55,-0.3,2026-10-02T01:01:04.695736+02:00
307332675,de:11000:900024203:1:51,-0.8,2026-10-02T01:01:04.695736+02:00
307332675,de:11000:900023201:3:54,-0.7,2026-10-02T01:01:04.695736+02:00
307332675,de:11000:900003103:1:50,-0.8,2026-10-02T01:01:04.695736+02:00
307332675,de:11000:900003102:1:50,-0.9,2026-10-02T01:01:04.695736+02:00
307332675,de:11000:900003201:3:54,-0.5,2026-10-02T01:01:04.695736+02:00
307332675,de:11000:900100001:3:54,-0.1,2026-10-02T01:01:04.695736+02:00
307332675,de:11000:900100002:1:50,-0.4,2026-10-02T01:01:04.695736+02:00
307332675,de:11000:900100003:2:52,-0.1,2026-10-02T01:01:04.695736+02:00
307332675,de:11000:900100004:1:50,-0.4,2026-10-02T01:01:04.695736+02:00
307332675,de:11000:900120005:4:56,-0.6,2026-10-02T01:01:04.695736+02:00
307332675,de:11000:900120004:1:51,-0.1,2026-10-02T01:01:04.695736+02:00
307332675,de:11000:900190001:1:51,-0.2,2026-10-02T01:01:04.695736+02:00
307332675,de:11000:900191002:1:50,0.0,2026-10-02T01:01:04.695736+02:00
307332675,de:11000:900191001:2:52,-0.4,2026-10-02T01:01:04.695736+02:00
307332675,de:11000:900192001:2:52,-0.7,2026-10-02T01:01:04.695736+02:00
307332675,de:11000:900193001:1:50,-0.2,2026-10-02T01:01:04.695736+02:00
307332675,de:11000:900193002:1:50,-0.8,2026-10-02T01:01:04.695736+02:00
307332675,de:11000:900195510:1:51,-0.2,2026-10-02T01:01:04.695736+02:00
307332675,de:11000:900196001:1:50,-0.4,2026-10-02T01:01:04.695736+02:00
307332675,de:12061:900260005:3:54,-0.2,2026-10-02T01:01:04.695736+02:00
307332675,de:12061:900260080:1:50,-0.7,2026-10-02T01:01:04.695736+02:00
307332675,de:12061:900260009:3:55,-0.9,2026-10-02T01:01:04.695736+02:00
306895688,de:12067:900310807::1,0.0,2026-10-02T01:01:04.695736+02:00
306895688,de:12067:900310815::2,0.0,2026-10-02T01:01:04.695736+02:00
306895688,de:12067:900310880::2,0.0,2026-10-02T01:01:04.695736+02:00
306895688,de:12067:900310010::2,0.0,2026-10-02T01:01:04.695736+02:00
306895688,de:12067:900310770::2,0.0,2026-10-02T01:01:04.695736+02:00
306895688,de:12067:900310812::2,0.0,2026-10-02T01:01:04.695736+02:00
306895688,de:12067:900310630::2,0.0,2026-10-02T01:01:04.695736+02:00
306895688,de:12067:900310811::2,0.0,2026-10-02T01:01:04.695736+02:00
306895688,de:12067:900310771::2,0.0,2026-10-02T01:01:04.695736+02:00
306895688,de:12067:900310822::2,0.0,2026-10-02T01:01:04.695736+02:00
306895688,de:12067:900310781::2,0.0,2026-10-02T01:01:04.695736+02:00
306895688,de:12067:900310627::2,-0.5,2026-10-02T01:01:04.695736+02:00
306895688,de:12067:900310816::2,0.0,2026-10-02T01:01:04.695736+02:00
306895688,de:12067:900310022::1,0.0,2026-10-02T01:01:04.695736+02:00
306895688,de:12067:900310001::11,0.0,2026-10-02T01:01:04.695736+02:00
306895688,de:12067:900310001::1,0.0,2026-10-02T01:01:04.695736+02:00
306895688,de:12067:900311149::1,0.0,2026-10-02T01:01:04.695736+02:00
306895688,de:12067:900311135::1,0.0,2026-10-02T01:01:04.695736+02:00
306895688,de:12067:900311150::1,0.0,2026-10-02T01:01:04.695736+02:00
306895688,de:12067:900310804::1,0.0,2026-10-02T01:01:04.695736+02:00
306895688,de:12067:900310814::1,0.0,2026-10-02T01:01:04.695736+02:00
306895688,de:12067:900311083::3,0.0,2026-10-02T01:01:04.695736+02:00
306051650,de:12064:900320006::1,0.0,2026-10-02T01:01:04.695736+02:00
306051650,de:12064:900320639::2,0.0,2026-10-02T01:01:04.695736+02:00
306051650,de:12064:900320650::1,0.0,2026-10-02T01:01:04.695736+02:00
306051650,de:12064:900320652::1,0.0,2026-10-02T01:01:04.695736+02:00
306051650,de:12064:900320657::1,0.0,2026-10-02T01:01:04.695736+02:00
306051650,de:12064:900320658::1,0.0,2026-10-02T01:01:04.695736+02:00
306051650,de:12064:900320653::1,0.0,2026-10-02T01:01:04.695736+02:00
306051650,de:12064:900320654::1,0.0,2026-10-02T01:01:04.695736+02:00
306051650,de:12064:900320268::1,0.0,2026-10-02T01:01:04.695736+02:00
306051650,de:12064:900320257::1,0.0,2026-10-02T01:01:04.695736+02:00
306051650,de:12064:900320261::1,0.0,2026-10-02T01:01:04.695736+02:00
306051650,de:12064:900320265::1,0.0,2026-10-02T01:01:04.695736+02:00
306051650,de:12064:900320260::1,0.0,2026-10-02T01:01:04.695736+02:00
306051650,de:12064:900320246::4,0.0,2026-10-02T01:01:04.695736+02:00
306051650,de:12064:900320283::1,0.0,2026-10-02T01:01:04.695736+02:00
306051650,de:12064:900320252::1,0.0,2026-10-02T01:01:04.695736+02:00
306051650,de:12064:900320253::1,0.0,2026-10-02T01:01:04.695736+02:00
306051650,de:12064:900320255::1,0.0,2026-10-02T01:01:04.695736+02:00
306051650,de:12064:900320250::2,0.0,2026-10-02T01:01:04.695736+02:00
306049345,de:12064:900320005::2,0.0,2026-10-02T01:01:04.695736+02:00
306049345,de:12064:900320635::2,0.0,2026-10-02T01:01:04.695736+02:00
306049345,de:12064:900320611::2,0.0,2026-10-02T01:01:04.695736+02:00
306049345,de:12064:900320631::2,0.0,2026-10-02T01:01:04.695736+02:00
306049345,de:12064:900320701::2,0.0,2026-10-02T01:01:04.695736+02:00
306049345,de:12064:900320700::2,0.0,2026-10-02T01:01:04.695736+02:00
306049345,de:12064:900320684::2,0.0,2026-10-02T01:01:04.695736+02:00
306049345,de:12064:900320703::2,0.0,2026-10-02T01:01:04.695736+02:00
306049345,de:12064:900320683::2,0.0,2026-10-02T01:01:04.695736+02:00
306049345,de:12064:900320688::2,0.0,2026-10-02T01:01:04.695736+02:00
306049345,de:12064:900320677::2,0.0,2026-10-02T01:01:04.695736+02:00
306049345,de:12064:900320687::2,0.0,2026-10-02T01:01:04.695736+02:00
306049345,de:12064:900320681::2,0.0,2026-10-02T01:01:04.695736+02:00
306049345,de:12064:900320676::2,0.0,2026-10-02T01:01:04.695736+02:00
306049345,de:12064:900320009::1,0.0,2026-10-02T01:01:04.695736+02:00
306050741,de:12064:900320004::4,0.0,2026-10-02T01:01:04.695736+02:00
306050741,de:12064:900320561::1,0.0,2026-10-02T01:01:04.695736+02:00
306050741,de:12064:900320562::1,0.0,2026-10-02T01:01:04.695736+02:00
306050741,de:12064:900320999::1,0.0,2026-10-02T01:01:04.695736+02:00
306050741,de:12064:900320998::1,0.0,2026-10-02T01:01:04.695736+02:00
306050741,de:12064:900320960::1,0.0,2026-10-02T01:01:04.695736+02:00
306050741,de:12064:900320659::1,0.0,2026-10-02T01:01:04.695736+02:00
306050741,de:12064:900320273::1,0.0,2026-10-02T01:01:04.695736+02:00
306050741,de:12064:900320282::1,0.0,2026-10-02T01:01:04.695736+02:00
306050741,de:12064:900320274::1,0.0,2026-10-02T01:01:04.695736+02:00
306050741,de:12064:900320275::1,0.0,2026-10-02T01:01:04.695736+02:00
306050741,de:12064:900320262::1,0.0,2026-10-02T01:01:04.695736+02:00
306050741,de:12064:900320263::1,0.0,2026-10-02T01:01:04.695736+02:00
306050741,de:12064:900320264::1,0.0,2026-10-02T01:01:04.695736+02:00
306050741,de:12064:900320242::1,0.0,2026-10-02T01:01:04.695736+02:00
306050741,de:12064:900320249::3,0.0,2026-10-02T01:01:04.695736+02:00
306050741,de:12064:900320283::1,0.0,2026-10-02T01:01:04.695736+02:00
306050741,de:12064:900320252::1,0.0,2026-10-02T01:01:04.695736+02:00
306050741,de:12064:900320246::3,0.0,2026-10-02T01:01:04.695736+02:00
306050741,de:12064:900320254::1,0.0,2026-10-02T01:01:04.695736+02:00
306050741,de:12067:900310530::1,0.0,2026-10-02T01:01:04.695736+02:00
306050741,de:12067:900310531::1,0.0,2026-10-02T01:01:04.695736+02:00
306050741,de:12067:900310532::1,0.0,2026-10-02T01:01:04.695736+02:00
306050741,de:12067:900310533::1,0.0,2026-10-02T01:01:04.695736+02:00
306050741,de:12067:900310534::2,0.0,2026-10-02T01:01:04.695736+02:00
306050741,de:11000:900310550::2,0.0,2026-10-02T01:01:04.695736+02:00
306050741,de:12067:900310572::2,0.0,2026-10-02T01:01:04.695736+02:00
306050741,de:12067:900310013::2,0.0,2026-10-02T01:01:04.695736+02:00
306048761,de:12064:900320564::1,0.0,2026-10-02T01:01:04.695736+02:00
306048761,de:12064:900321108::1,0.0,2026-10-02T01:01:04.695736+02:00
295879433,de:11000:900053301:2:52,0.0,2026-10-02T01:01:04.695736+02:00
295879433,de:11000:900052201:1:51,0.0,2026-10-02T01:01:04.695736+02:00
295879433,de:11000:900050355:1:51,-0.3,2026-10-02T01:01:04.695736+02:00
295879433,de:11000:900050301:1:51,-0.4,2026-10-02T01:01:04.695736+02:00
295879433,de:11000:900049201:1:51,0.0,2026-10-02T01:01:04.695736+02:00
295879433,de:11000:900049202:1:51,0.0,2026-10-02T01:01:04.695736+02:00
295879433,de:11000:900066101:1:51,-0.3,2026-10-02T01:01:04.695736+02:00
295879433,de:11000:900066102:1:51,-0.2,2026-10-02T01:01:04.695736+02:00
295879433,de:11000:900062202:1:51,-0.2,2026-10-02T01:01:04.695736+02:00
295879433,de:11000:900063101:1:51,-0.2,2026-10-02T01:01:04.695736+02:00
295879433,de:11000:900060101:1:51,-0.9,2026-10-02T01:01:04.695736+02:00
295879433,de:11000:900054104:1:51,-0.9,2026-10-02T01:01:04.695736+02:00
295879433,de:11000:900057104:1:50,-0.4,2026-10-02T01:01:04.695736+02:00
295879433,de:11000:900057102:1:51,-0.1,2026-10-02T01:01:04.695736+02:00
295879433,de:11000:900012101:2:52,-0.9,2026-10-02T01:01:04.695736+02:00
295879433,de:11000:900100020:4:57,-0.3,2026-10-02T01:01:04.695736+02:00
295879433,de:11000:900100025:1:51,-0.4,2026-10-02T01:01:04.695736+02:00
295879433,de:11000:900100001:4:57,-0.1,2026-10-02T01:01:04.695736+02:00
295879433,de:11000:900100007:1:51,-0.2,2026-10-02T01:01:04.695736+02:00
295879433,de:11000:900007104:2:52,-0.2,2026-10-02T01:01:04.695736+02:00
295879433,de:11000:900008101:1:51,-0.9,2026-10-02T01:01:04.695736+02:00
295879433,de:11000:900007102:2:53,-0.6,2026-10-02T01:01:04.695736+02:00
295879433,de:11000:900110011:2:53,-0.9,2026-10-02T01:01:04.695736+02:00
295879433,de:11000:900085201:1:50,-0.9,2026-10-02T01:01:04.695736+02:00
295879433,de:11000:900084101:1:50,-0.7,2026-10-02T01:01:04.695736+02:00
295879433,de:11000:900096101:1:50,-0.8,2026-10-02T01:01:04.695736+02:00
295879433,de:11000:900094101:1:50,-0.1,2026-10-02T01:01:04.695736+02:00
295879433,de:11000:900093201:1:50,-0.4,2026-10-02T01:01:04.695736+02:00
295879433,de:11000:900092201:1:50,-0.2,2026-10-02T01:01:04.695736+02:00
295879433,de:12065:900200009:1:50,-0.7,2026-10-02T01:01:04.695736+02:00
295879433,de:12065:900200008:1:50,-0.7,2026-10-02T01:01:04.695736+02:00
295879433,de:12065:900200007:1:50,-0.2,2026-10-02T01:01:04.695736+02:00
295879433,de:12065:900200006:1:50,-0.5,2026-10-02T01:01:04.695736+02:00
295879433,de:12065:900200005:3:1,-0.9,2026-10-02T01:01:04.695736+02:00
306895300,de:12061:900261462::1,0.0,2026-10-02T01:01:04.695736+02:00
306895300,de:12061:900261465::2,0.0,2026-10-02T01:01:04.695736+02:00
306895300,de:12061:900261420::2,0.0,2026-10-02T01:01:04.695736+02:00
306895300,de:12061:900261210::1,0.0,2026-10-02T01:01:04.695736+02:00
306895300,de:12061:900261208::2,0.0,2026-10-02T01:01:04.695736+02:00
306895300,de:12061:900261734::1,0.0,2026-10-02T01:01:04.695736+02:00
306895300,de:12067:900310934::2,0.0,2026-10-02T01:01:04.695736+02:00
306895300,de:12067:900311068::2,0.0,2026-10-02T01:01:04.695736+02:00
306895300,de:12067:900311003::1,0.0,2026-10-02T01:01:04.695736+02:00
306895300,de:12067:900310986::2,0.0,2026-10-02T01:01:04.695736+02:00
306895300,de:12067:900310986::2,-23.0,2026-10-02T01:01:04.695736+02:00
306895300,de:12067:900311061::1,0.0,2026-10-02T01:01:04.695736+02:00
306895300,de:12067:900311063::2,0.0,2026-10-02T01:01:04.695736+02:00
306895300,de:12067:900311065::1,0.0,2026-10-02T01:01:04.695736+02:00
306895300,de:12067:900311063::1,0.0,2026-10-02T01:01:04.695736+02:00
306895300,de:12067:900311062::1,0.0,2026-10-02T01:01:04.695736+02:00
306895300,de:12067:900310987::2,0.0,2026-10-02T01:01:04.695736+02:00
306895300,de:12067:900310986::2,23.0,2026-10-02T01:01:04.695736+02:00
306895300,de:12067:900310986::2,0.0,2026-10-02T01:01:04.695736+02:00
306895300,de:12067:900310984::1,0.0,2026-10-02T01:01:04.695736+02:00
306895300,de:12067:900310716::2,0.0,2026-10-02T01:01:04.695736+02:00
306895300,de:12067:900310942::2,0.0,2026-10-02T01:01:04.695736+02:00
306895300,de:12067:900310721::1,0.0,2026-10-02T01:01:04.695736+02:00
306895300,de:12067:900310755::2,0.0,2026-10-02T01:01:04.695736+02:00
306895300,de:12067:900310728::2,0.0,2026-10-02T01:01:04.695736+02:00
306895300,de:12067:900311129::6,0.0,2026-10-02T01:01:04.695736+02:00
295879312,de:12065:900200005:3:1,0.0,2026-10-02T01:01:04.695736+02:00
295879312,de:12065:900200006:1:51,-0.3,2026-10-02T01:01:04.695736+02:00
295879312,de:12065:900200007:1:51,-0.7,2026-10-02T01:01:04.695736+02:00
295879312,de:12065:900200008:1:51,-0.2,2026-10-02T01:01:04.695736+02:00
295879312,de:12065:900200009:1:51,-0.1,2026-10-02T01:01:04.695736+02:00
295879312,de:11000:900092201:1:51,-0.7,2026-10-02T01:01:04.695736+02:00
295879312,de:11000:900093201:1:51,-0.4,2026-10-02T01:01:04.695736+02:00
295879312,de:11000:900094101:1:51,-0.8,2026-10-02T01:01:04.695736+02:00
295879312,de:11000:900096101:1:51,-0.1,2026-10-02T01:01:04.695736+02:00
295879312,de:11000:900084101:1:51,-0.2,2026-10-02T01:01:04.695736+02:00
295879312,de:11000:900085201:1:51,-0.8,2026-10-02T01:01:04.695736+02:00
295879312,de:11000:900130003:1:51,-0.8,2026-10-02T01:01:04.695736+02:00
295879312,de:11000:900110011:1:50,-0.9,2026-10-02T01:01:04.695736+02:00
295879312,de:11000:900007102:1:50,-0.9,2026-10-02T01:01:04.695736+02:00
295879312,de:11000:900008101:1:50,0.0,2026-10-02T01:01:04.695736+02:00
295879312,de:11000:900007104:1:51,-0.7,2026-10-02T01:01:04.695736+02:00
295879312,de:11000:900100007:1:50,-0.7,2026-10-02T01:01:04.695736+02:00
295879312,de:11000:900100001:4:56,-0.5,2026-10-02T01:01:04.695736+02:00
295879312,de:11000:900100025:1:50,-0.4,2026-10-02T01:01:04.695736+02:00
295879312,de:11000:900100020:3:54,-0.4,2026-10-02T01:01:04.695736+02:00
295879312,de:11000:900012101:1:51,-0.5,2026-10-02T01:01:04.695736+02:00
295879312,de:11000:900057102:1:50,-0.7,2026-10-02T01:01:04.695736+02:00
295879312,de:11000:900057104:2:51,-0.4,2026-10-02T01:01:04.695736+02:00
295879312,de:11000:900054104:1:50,-0.3,2026-10-02T01:01:04.695736+02:00
295879312,de:11000:900060101:1:50,-0.3,2026-10-02T01:01:04.695736+02:00
295879312,de:11000:900063101:1:50,-0.1,2026-10-02T01:01:04.695736+02:00
295879312,de:11000:900062202:1:50,-0.1,2026-10-02T01:01:04.695736+02:00
295879312,de:11000:900066102:1:50,-0.2,2026-10-02T01:01:04.695736+02:00
295879312,de:11000:900066101:1:50,-0.1,2026-10-02T01:01:04.695736+02:00
295879312,de:11000:900049202:1:50,-0.3,2026-10-02T01:01:04.695736+02:00
295879312,de:11000:900049201:1:50,-0.4,2026-10-02T01:01:04.695736+02:00
295879312,de:11000:900050301:1:50,0.0,2026-10-02T01:01:04.695736+02:00
295879312,de:11000:900050355:1:50,-0.1,2026-10-02T01:01:04.695736+02:00
295879312,de:11000:900052201:1:50,-0.5,2026-10-02T01:01:04.695736+02:00
295879312,de:11000:900053301:1:51,-0.9,2026-10-02T01:01:04.695736+02:00
295879417,de:11000:900053301:2:52,0.0,2026-10-02T01:01:04.695736+02:00
295879417,de:11000:900052201:1:51,0.0,2026-10-02T01:01:04.695736+02:00
295879417,de:11000:900050355:1:51,-0.3,2026-10-02T01:01:04.695736+02:00
295879417,de:11000:900050301:1:51,-0.4,2026-10-02T01:01:04.695736+02:00
295879417,de:11000:900049201:1:51,0.0,2026-10-02T01:01:04.695736+02:00
295879417,de:11000:900049202:1:51,0.0,2026-10-02T01:01:04.695736+02:00
295879417,de:11000:900066101:1:51,-0.3,2026-10-02T01:01:04.695736+02:00
295879417,de:11000:900066102:1:51,-0.2,2026-10-02T01:01:04.695736+02:00
295879417,de:11000:900062202:1:51,-0.2,2026-10-02T01:01:04.695736+02:00
295879417,de:11000:900063101:1:51,-0.2,2026-10-02T01:01:04.695736+02:00
295879417,de:11000:900060101:1:51,-0.9,2026-10-02T01:01:04.695736+02:00
295879417,de:11000:900054104:1:51,-0.9,2026-10-02T01:01:04.695736+02:00
295879417,de:11000:900057104:1:50,-0.4,2026-10-02T01:01:04.695736+02:00
295879417,de:11000:900057102:1:51,-0.1,2026-10-02T01:01:04.695736+02:00
295879417,de:11000:900012101:2:52,-0.9,2026-10-02T01:01:04.695736+02:00
295879417,de:11000:900100020:4:57,-0.3,2026-10-02T01:01:04.695736+02:00
295879417,de:11000:900100025:1:51,-0.4,2026-10-02T01:01:04.695736+02:00
295879417,de:11000:900100001:4:57,-0.1,2026-10-02T01:01:04.695736+02:00
295879417,de:11000:900100007:1:51,-0.2,2026-10-02T01:01:04.695736+02:00
295879417,de:11000:900007104:2:52,-0.2,2026-10-02T01:01:04.695736+02:00
295879417,de:11000:900008101:1:51,-0.9,2026-10-02T01:01:04.695736+02:00
295879417,de:11000:900007102:2:53,-0.6,2026-10-02T01:01:04.695736+02:00
295879417,de:11000:900110011:2:53,-0.9,2026-10-02T01:01:04.695736+02:00
295879417,de:11000:900085201:1:50,-0.9,2026-10-02T01:01:04.695736+02:00
295879417,de:11000:900084101:1:50,-0.7,2026-10-02T01:01:04.695736+02:00
295879417,de:11000:900096101:1:50,-0.8,2026-10-02T01:01:04.695736+02:00
295879417,de:11000:900094101:1:50,-0.1,2026-10-02T01:01:04.695736+02:00
295879417,de:11000:900093201:1:50,-0.4,2026-10-02T01:01:04.695736+02:00
295879417,de:11000:900092201:1:50,-0.2,2026-10-02T01:01:04.695736+02:00
295879417,de:12065:900200009:1:50,-0.7,2026-10-02T01:01:04.695736+02:00
295879417,de:12065:900200008:1:50,-0.7,2026-10-02T01:01:04.695736+02:00
295879417,de:12065:900200007:1:50,-0.2,2026-10-02T01:01:04.695736+02:00
295879417,de:12065:900200006:1:50,-0.5,2026-10-02T01:01:04.695736+02:00
295879417,de:12065:900200005:3:1,-0.9,2026-10-02T01:01:04.695736+02:00
295879308,de:12065:900200005:3:1,0.0,2026-10-02T01:01:04.695736+02:00
295879308,de:12065:900200006:1:51,-0.3,2026-10-02T01:01:04.695736+02:00
295879308,de:12065:900200007:1:51,-0.7,2026-10-02T01:01:04.695736+02:00
295879308,de:12065:900200008:1:51,-0.2,2026-10-02T01:01:04.695736+02:00
295879308,de:12065:900200009:1:51,-0.1,2026-10-02T01:01:04.695736+02:00
295879308,de:11000:900092201:1:51,-0.7,2026-10-02T01:01:04.695736+02:00
295879308,de:11000:900093201:1:51,-0.4,2026-10-02T01:01:04.695736+02:00
295879308,de:11000:900094101:1:51,-0.8,2026-10-02T01:01:04.695736+02:00
295879308,de:11000:900096101:1:51,-0.1,2026-10-02T01:01:04.695736+02:00
295879308,de:11000:900084101:1:51,-0.2,2026-10-02T01:01:04.695736+02:00
295879308,de:11000:900085201:1:51,-0.8,2026-10-02T01:01:04.695736+02:00
295879308,de:11000:900130003:1:51,-0.8,2026-10-02T01:01:04.695736+02:00
295879308,de:11000:900110011:1:50,-0.9,2026-10-02T01:01:04.695736+02:00
295879308,de:11000:900007102:1:50,-0.9,2026-10-02T01:01:04.695736+02:00
295879308,de:11000:900008101:1:50,0.0,2026-10-02T01:01:04.695736+02:00
295879308,de:11000:900007104:1:51,-0.7,2026-10-02T01:01:04.695736+02:00
295879308,de:11000:900100007:1:50,-0.7,2026-10-02T01:01:04.695736+02:00
295879308,de:11000:900100001:4:56,-0.5,2026-10-02T01:01:04.695736+02:00
295879308,de:11000:900100025:1:50,-0.4,2026-10-02T01:01:04.695736+02:00
295879308,de:11000:900100020:3:54,-0.4,2026-10-02T01:01:04.695736+02:00
295879308,de:11000:900012101:1:51,-0.5,2026-10-02T01:01:04.695736+02:00
295879308,de:11000:900057102:1:50,-0.7,2026-10-02T01:01:04.695736+02:00
295879308,de:11000:900057104:2:51,-0.4,2026-10-02T01:01:04.695736+02:00
295879308,de:11000:900054104:1:50,-0.3,2026-10-02T01:01:04.695736+02:00
295879308,de:11000:900060101:1:50,-0.3,2026-10-02T01:01:04.695736+02:00
295879308,de:11000:900063101:1:50,-0.1,2026-10-02T01:01:04.695736+02:00
295879308,de:11000:900062202:1:50,-0.1,2026-10-02T01:01:04.695736+02:00
295879308,de:11000:900066102:1:50,-0.2,2026-10-02T01:01:04.695736+02:00
295879308,de:11000:900066101:1:50,-0.1,2026-10-02T01:01:04.695736+02:00
295879308,de:11000:900049202:1:50,-0.3,2026-10-02T01:01:04.695736+02:00
295879308,de:11000:900049201:1:50,-0.4,2026-10-02T01:01:04.695736+02:00
295879308,de:11000:900050301:1:50,0.0,2026-10-02T01:01:04.695736+02:00
295879308,de:11000:900050355:1:50,-0.1,2026-10-02T01:01:04.695736+02:00
295879308,de:11000:900052201:1:50,-0.5,2026-10-02T01:01:04.695736+02:00
295879308,de:11000:900053301:1:51,-0.9,2026-10-02T01:01:04.695736+02:00
306895968,de:12064:900320250::1,0.0,2026-10-02T01:01:04.695736+02:00
306895968,de:12064:900320267::2,0.0,2026-10-02T01:01:04.695736+02:00
306895968,de:12067:900310017::2,0.0,2026-10-02T01:01:04.695736+02:00
306895968,de:12067:900310509::1,0.0,2026-10-02T01:01:04.695736+02:00
306895968,de:12067:900310508::1,0.0,2026-10-02T01:01:04.695736+02:00
306895968,de:12067:900310580::1,0.0,2026-10-02T01:01:04.695736+02:00
306895968,de:12067:900311095::1,0.0,2026-10-02T01:01:04.695736+02:00
306895968,de:12067:900311097::1,0.0,2026-10-02T01:01:04.695736+02:00
306895968,de:12067:900311096::2,0.0,2026-10-02T01:01:04.695736+02:00
306895968,de:12067:900311096::1,0.0,2026-10-02T01:01:04.695736+02:00
306895968,de:12067:900311097::2,0.0,2026-10-02T01:01:04.695736+02:00
306895968,de:12067:900311095::2,0.0,2026-10-02T01:01:04.695736+02:00
306895968,de:12067:900310580::2,0.0,2026-10-02T01:01:04.695736+02:00
306895968,de:12067:900310578::4,0.0,2026-10-02T01:01:04.695736+02:00
306895968,de:12067:900310534::2,0.0,2026-10-02T01:01:04.695736+02:00
306895968,de:11000:900310550::2,0.0,2026-10-02T01:01:04.695736+02:00
306895968,de:12067:900310572::2,0.0,2026-10-02T01:01:04.695736+02:00
306895968,de:12067:900310013::2,0.0,2026-10-02T01:01:04.695736+02:00
306895968,de:12067:900310563::3,0.0,2026-10-02T01:01:04.695736+02:00
306895968,de:12067:900310563::2,0.0,2026-10-02T01:01:04.695736+02:00
306895968,de:12067:900310569::1,0.0,2026-10-02T01:01:04.695736+02:00
306895968,de:12067:900310571::1,0.0,2026-10-02T01:01:04.695736+02:00
306895968,de:12067:900310579::1,0.0,2026-10-02T01:01:04.695736+02:00
306895968,de:12067:900310553::1,0.0,2026-10-02T01:01:04.695736+02:00
306895968,de:12067:900310558::2,0.0,2026-10-02T01:01:04.695736+02:00
306895968,de:12067:900310559::2,0.0,2026-10-02T01:01:04.695736+02:00
306895968,de:12067:900310560::1,0.0,2026-10-02T01:01:04.695736+02:00
306895968,de:12067:900310573::1,0.0,2026-10-02T01:01:04.695736+02:00
306895968,de:12067:900310581::1,0.0,2026-10-02T01:01:04.695736+02:00
306896116,de:12067:900310031::2,0.0,2026-10-02T01:01:04.695736+02:00
306896116,de:12067:900311114::1,0.0,2026-10-02T01:01:04.695736+02:00
306896116,de:12067:900311024::1,0.0,2026-10-02T01:01:04.695736+02:00
306896116,de:12067:900311025::2,0.0,2026-10-02T01:01:04.695736+02:00
306896248,de:12061:900260001::6,0.0,2026-10-02T01:01:04.695736+02:00
306896248,de:12061:900260798::1,0.0,2026-10-02T01:01:04.695736+02:00
306896248,de:12061:900260890::1,0.0,2026-10-02T01:01:04.695736+02:00
306896248,de:12061:900260887::1,0.0,2026-10-02T01:01:04.695736+02:00
306896248,de:12061:900260886::1,0.0,2026-10-02T01:01:04.695736+02:00
306896248,de:12061:900260888::1,0.0,2026-10-02T01:01:04.695736+02:00
306896248,de:12061:900260889::1,0.0,2026-10-02T01:01:04.695736+02:00
306896248,de:12061:900261047::1,0.0,2026-10-02T01:01:04.695736+02:00
306896248,de:12061:900261048::1,0.0,2026-10-02T01:01:04.695736+02:00
306896248,de:12061:900261051::1,0.0,2026-10-02T01:01:04.695736+02:00
306896248,de:12061:900261050::2,0.0,2026-10-02T01:01:04.695736+02:00
306896248,de:12061:900260170::1,0.0,2026-10-02T01:01:04.695736+02:00
306896248,de:12061:900260167::1,0.0,2026-10-02T01:01:04.695736+02:00
306896248,de:12061:900260168::1,0.0,2026-10-02T01:01:04.695736+02:00
306896248,de:12061:900260171::1,0.0,2026-10-02T01:01:04.695736+02:00
306896248,de:12061:900260166::1,0.0,2026-10-02T01:01:04.695736+02:00
306896248,de:12061:900260169::4,0.0,2026-10-02T01:01:04.695736+02:00
306896248,de:12061:900260165::1,0.0,2026-10-02T01:01:04.695736+02:00
306896248,de:12067:900310950::2,0.0,2026-10-02T01:01:04.695736+02:00
306896248,de:12067:900310955::2,0.0,2026-10-02T01:01:04.695736+02:00
306896248,de:12067:900310568::2,0.0,2026-10-02T01:01:04.695736+02:00
306896248,de:12067:900310556::2,0.0,2026-10-02T01:01:04.695736+02:00
306896248,de:12067:900310558::4,0.0,2026-10-02T01:01:04.695736+02:00
306896248,de:12067:900310559::2,0.0,2026-10-02T01:01:04.695736+02:00
306896248,de:12067:900310563::4,0.0,2026-10-02T01:01:04.695736+02:00
306896248,de:12067:900310013::7,0.0,2026-10-02T01:01:04.695736+02:00
306896404,de:12067:900310001::3,0.0,2026-10-02T01:01:04.695736+02:00
306896404,de:12067:900310816::1,0.0,2026-10-02T01:01:04.695736+02:00
306896404,de:12067:900310627::1,0.0,2026-10-02T01:01:04.695736+02:00
306896404,de:12067:900310781::1,0.0,2026-10-02T01:01:04.695736+02:00
306896404,de:12067:900310822::1,0.0,2026-10-02T01:01:04.695736+02:00
306896404,de:12067:900310771::1,0.0,2026-10-02T01:01:04.695736+02:00
306896404,de:12067:900310811::1,0.0,2026-10-02T01:01:04.695736+02:00
306896404,de:12067:900310630::1,0.0,2026-10-02T01:01:04.695736+02:00
306896404,de:12067:900310812::1,0.0,2026-10-02T01:01:04.695736+02:00
306896404,de:12067:900310695::2,0.0,2026-10-02T01:01:04.695736+02:00
306896404,de:12067:900310769::1,0.0,2026-10-02T01:01:04.695736+02:00
306896404,de:12067:900310810::2,0.0,2026-10-02T01:01:04.695736+02:00
306896404,de:12067:900310972::1,0.0,2026-10-02T01:01:04.695736+02:00
306896404,de:12067:900310970::1,0.0,2026-10-02T01:01:04.695736+02:00
306896404,de:12067:900310105::1,0.0,2026-10-02T01:01:04.695736+02:00
306896404,de:12067:900310040::1,0.0,2026-10-02T01:01:04.695736+02:00
306896404,de:12067:900310109::1,0.0,2026-10-02T01:01:04.695736+02:00
306896404,de:12067:900310112::1,0.0,2026-10-02T01:01:04.695736+02:00
306896404,de:12067:900310101::1,0.0,2026-10-02T01:01:04.695736+02:00
306896404,de:12067:900310111::1,0.0,2026-10-02T01:01:04.695736+02:00
306896404,de:12067:900310108::1,0.0,2026-10-02T01:01:04.695736+02:00
306896404,de:12067:900310100::1,0.0,2026-10-02T01:01:04.695736+02:00
306896404,de:12067:900310118::1,0.0,2026-10-02T01:01:04.695736+02:00
306896404,de:12067:900310756::1,0.0,2026-10-02T01:01:04.695736+02:00
306896404,de:12067:900310757::1,0.0,2026-10-02T01:01:04.695736+02:00
306896404,de:12067:900310982::1,0.0,2026-10-02T01:01:04.695736+02:00
306896404,de:12067:900310827::1,0.0,2026-10-02T01:01:04.695736+02:00
306896404,de:12067:900310829::1,0.0,2026-10-02T01:01:04.695736+02:00
306896404,de:12067:900310600::1,0.0,2026-10-02T01:01:04.695736+02:00
306896404,de:12067:900310925::1,0.0,2026-10-02T01:01:04.695736+02:00
306896404,de:12067:900310924::1,0.0,2026-10-02T01:01:04.695736+02:00
306896404,de:12067:900310747::1,0.0,2026-10-02T01:01:04.695736+02:00
306896404,de:12067:900310739::1,0.0,2026-10-02T01:01:04.695736+02:00
306896404,de:12067:900310740::1,0.0,2026-10-02T01:01:04.695736+02:00
306896404,de:12067:900310716::2,0.0,2026-10-02T01:01:04.695736+02:00
306896404,de:12067:900310942::2,0.0,2026-10-02T01:01:04.695736+02:00
306896404,de:12067:900310721::1,0.0,2026-10-02T01:01:04.695736+02:00
306896404,de:12067:900310755::2,0.0,2026-10-02T01:01:04.695736+02:00
306896404,de:12067:900310728::3,0.0,2026-10-02T01:01:04.695736+02:00
306896404,de:12067:900311129::6,0.0,2026-10-02T01:01:04.695736+02:00
307252365,de:11000:900003200:5:58,0.0,2026-10-02T01:01:04.695736+02:00
307252365,de:11000:900009104:1:50,-0.8,2026-10-02T01:01:04.695736+02:00
307252365,de:11000:900007102:2:52,-0.4,2026-10-02T01:01:04.695736+02:00
307252358,de:11000:900003200:5:58,0.0,2026-10-02T01:01:04.695736+02:00
307252358,de:11000:900009104:1:50,-0.8,2026-10-02T01:01:04.695736+02:00
307252358,de:11000:900007102:2:52,-0.4,2026-10-02T01:01:04.695736+02:00
306896684,de:12067:900310001::4,0.0,2026-10-02T01:01:04.695736+02:00
306896684,de:12067:900310816::1,0.0,2026-10-02T01:01:04.695736+02:00
306896684,de:12067:900310627::1,0.0,2026-10-02T01:01:04.695736+02:00
306896684,de:12067:900310781::1,0.0,2026-10-02T01:01:04.695736+02:00
306896684,de:12067:900310822::1,0.0,2026-10-02T01:01:04.695736+02:00
306896684,de:12067:900310808::1,0.0,2026-10-02T01:01:04.695736+02:00
306896684,de:12067:900310779::1,0.0,2026-10-02T01:01:04.695736+02:00
306896684,de:12067:900310995::2,0.0,2026-10-02T01:01:04.695736+02:00
306896684,de:12067:900310992::1,-0.5,2026-10-02T01:01:04.695736+02:00
306896684,de:12067:900310989::1,0.0,2026-10-02T01:01:04.695736+02:00
306896684,de:12067:900310990::1,0.0,2026-10-02T01:01:04.695736+02:00
306896684,de:12067:900310991::1,0.0,2026-10-02T01:01:04.695736+02:00
306896684,de:12067:900310904::1,0.0,2026-10-02T01:01:04.695736+02:00
306896684,de:12067:900311118::1,0.0,2026-10-02T01:01:04.695736+02:00
306896684,de:12067:900310966::1,0.0,2026-10-02T01:01:04.695736+02:00
306896684,de:12067:900310997::1,0.0,2026-10-02T01:01:04.695736+02:00
306896684,de:12067:900310998::1,0.0,2026-10-02T01:01:04.695736+02:00
306896684,de:12067:900310997::2,0.0,2026-10-02T01:01:04.695736+02:00
306896684,de:12067:900310966::2,0.0,2026-10-02T01:01:04.695736+02:00
306896684,de:12067:900311118::2,0.0,2026-10-02T01:01:04.695736+02:00
306896684,de:12067:900311059::1,0.0,2026-10-02T01:01:04.695736+02:00
306896684,de:12067:900311110::3,0.0,2026-10-02T01:01:04.695736+02:00
306896684,de:12067:900311058::1,0.0,2026-10-02T01:01:04.695736+02:00
306896684,de:12067:900310611::2,0.0,2026-10-02T01:01:04.695736+02:00
306897256,de:12067:900311308::5,0.0,2026-10-02T01:01:04.695736+02:00
306897256,de:12067:900311380::1,0.0,2026-10-02T01:01:04.695736+02:00
306897256,de:12067:900311348::1,0.0,2026-10-02T01:01:04.695736+02:00
306897256,de:12067:900311315::1,0.0,2026-10-02T01:01:04.695736+02:00
306897256,de:12067:900311383::5,0.0,2026-10-02T01:01:04.695736+02:00
306897256,de:12067:900311312::1,0.0,2026-10-02T01:01:04.695736+02:00
306897256,de:12067:900311311::1,0.0,2026-10-02T01:01:04.695736+02:00
306897256,de:12067:900311356::1,0.0,2026-10-02T01:01:04.695736+02:00
306897256,de:12067:900311325::1,0.0,2026-10-02T01:01:04.695736+02:00
306897256,de:12067:900311306::1,0.0,2026-10-02T01:01:04.695736+02:00
306897256,de:12067:900311531::1,0.0,2026-10-02T01:01:04.695736+02:00
306897256,de:12067:900311530::1,0.0,2026-10-02T01:01:04.695736+02:00
306897256,de:12067:900311542::2,0.0,2026-10-02T01:01:04.695736+02:00
306897256,de:12067:900311543::1,0.0,2026-10-02T01:01:04.695736+02:00
306897256,de:12067:900311401::1,0.0,2026-10-02T01:01:04.695736+02:00
306897256,de:12067:900311560::1,0.0,2026-10-02T01:01:04.695736+02:00
306897256,de:12067:900311442::1,0.0,2026-10-02T01:01:04.695736+02:00
306897256,de:12067:900311477::1,0.0,2026-10-02T01:01:04.695736+02:00
306897256,de:12067:900311478::1,0.0,2026-10-02T01:01:04.695736+02:00
306897256,de:12067:900311490::1,0.0,2026-10-02T01:01:04.695736+02:00
306897256,de:12067:900311482::3,0.0,2026-10-02T01:01:04.695736+02:00
295882455,de:11000:900092201:1:50,0.0,2026-10-02T01:01:04.695736+02:00
295882455,de:11000:900093201:1:51,-0.4,2026-10-02T01:01:04.695736+02:00
295882455,de:11000:900094101:1:51,-0.3,2026-10-02T01:01:04.695736+02:00
295882455,de:11000:900096101:1:51,-0.1,2026-10-02T01:01:04.695736+02:00
295882455,de:11000:900084101:1:51,-0.2,2026-10-02T01:01:04.695736+02:00
295882455,de:11000:900085201:1:51,-0.8,2026-10-02T01:01:04.695736+02:00
295882455,de:11000:900130003:1:51,-0.8,2026-10-02T01:01:04.695736+02:00
295882455,de:11000:900110011:1:50,-0.9,2026-10-02T01:01:04.695736+02:00
295882455,de:11000:900007102:1:50,-0.9,2026-10-02T01:01:04.695736+02:00
295882455,de:11000:900008101:1:50,0.0,2026-10-02T01:01:04.695736+02:00
295882455,de:11000:900007104:1:51,-0.7,2026-10-02T01:01:04.695736+02:00
295882455,de:11000:900100007:1:50,-0.7,2026-10-02T01:01:04.695736+02:00
295882455,de:11000:900100001:4:56,-0.5,2026-10-02T01:01:04.695736+02:00
295882455,de:11000:900100025:1:50,-0.4,2026-10-02T01:01:04.695736+02:00
295882455,de:11000:900100020:3:54,-0.4,2026-10-02T01:01:04.695736+02:00
295882455,de:11000:900012101:1:51,-0.5,2026-10-02T01:01:04.695736+02:00
295882455,de:11000:900057102:1:50,-0.7,2026-10-02T01:01:04.695736+02:00
295882455,de:11000:900057104:2:51,-0.4,2026-10-02T01:01:04.695736+02:00
295882455,de:11000:900054104:1:50,-0.3,2026-10-02T01:01:04.695736+02:00
295882455,de:11000:900060101:1:50,-0.3,2026-10-02T01:01:04.695736+02:00
295882455,de:11000:900063101:1:50,-0.1,2026-10-02T01:01:04.695736+02:00
295882455,de:11000:900062202:1:50,-0.1,2026-10-02T01:01:04.695736+02:00
295882455,de:11000:900066102:1:50,-0.2,2026-10-02T01:01:04.695736+02:00
295882455,de:11000:900066101:1:50,-0.1,2026-10-02T01:01:04.695736+02:00
295882455,de:11000:900049202:1:50,-0.3,2026-10-02T01:01:04.695736+02:00
295882455,de:11000:900049201:1:50,-0.4,2026-10-02T01:01:04.695736+02:00
295882455,de:11000:900050301:1:50,0.0,2026-10-02T01:01:04.695736+02:00
295882455,de:11000:900050355:1:50,-0.1,2026-10-02T01:01:04.695736+02:00
295882455,de:11000:900052201:1:50,-0.5,2026-10-02T01:01:04.695736+02:00
295882455,de:11000:900053301:1:51,-0.9,2026-10-02T01:01:04.695736+02:00
306896163,de:12067:900310838::1,0.0,2026-10-02T01:01:04.695736+02:00
306896163,de:12067:900310836::2,0.0,2026-10-02T01:01:04.695736+02:00
306896163,de:12067:900310015::1,0.0,2026-10-02T01:01:04.695736+02:00
306896163,de:12067:900310025::2,0.0,2026-10-02T01:01:04.695736+02:00
306896163,de:12067:900310952::2,0.0,2026-10-02T01:01:04.695736+02:00
306896163,de:12067:900310949::2,0.0,2026-10-02T01:01:04.695736+02:00
306896163,de:12067:900310955::2,0.0,2026-10-02T01:01:04.695736+02:00
306896163,de:12067:900310568::2,0.0,2026-10-02T01:01:04.695736+02:00
306896163,de:12067:900310556::2,0.0,2026-10-02T01:01:04.695736+02:00
306896163,de:12067:900310558::4,0.0,2026-10-02T01:01:04.695736+02:00
306896163,de:12067:900310559::2,0.0,2026-10-02T01:01:04.695736+02:00
306896163,de:12067:900310563::4,0.0,2026-10-02T01:01:04.695736+02:00
306896163,de:12067:900310013::7,0.0,2026-10-02T01:01:04.695736+02:00
306896161,de:12067:900310838::1,0.0,2026-10-02T01:01:04.695736+02:00
306896161,de:12067:900310836::2,0.0,2026-10-02T01:01:04.695736+02:00
306896161,de:12067:900310015::1,0.0,2026-10-02T01:01:04.695736+02:00
306896161,de:12067:900310025::2,0.0,2026-10-02T01:01:04.695736+02:00
306896161,de:12067:900310952::2,0.0,2026-10-02T01:01:04.695736+02:00
306896161,de:12067:900310949::2,0.0,2026-10-02T01:01:04.695736+02:00
306896161,de:12067:900310955::2,0.0,2026-10-02T01:01:04.695736+02:00
306896161,de:12067:900310568::2,0.0,2026-10-02T01:01:04.695736+02:00
306896161,de:12067:900310556::2,0.0,2026-10-02T01:01:04.695736+02:00
306896161,de:12067:900310558::4,0.0,2026-10-02T01:01:04.695736+02:00
306896161,de:12067:900310559::2,0.0,2026-10-02T01:01:04.695736+02:00
306896161,de:12067:900310563::4,0.0,2026-10-02T01:01:04.695736+02:00
306896161,de:12067:900310013::7,0.0,2026-10-02T01:01:04.695736+02:00
306896436,de:12067:900310631::1,0.0,2026-10-02T01:01:04.695736+02:00
306896436,de:12067:900310040::2,0.0,2026-10-02T01:01:04.695736+02:00
306896436,de:12067:900310105::2,0.0,2026-10-02T01:01:04.695736+02:00
306896436,de:12067:900310970::2,0.0,2026-10-02T01:01:04.695736+02:00
306896436,de:12067:900310972::2,0.0,2026-10-02T01:01:04.695736+02:00
306896436,de:12067:900310810::1,0.0,2026-10-02T01:01:04.695736+02:00
306896436,de:12067:900310769::2,0.0,2026-10-02T01:01:04.695736+02:00
306896436,de:12067:900310695::3,0.0,2026-10-02T01:01:04.695736+02:00
306896436,de:12067:900310812::2,0.0,2026-10-02T01:01:04.695736+02:00
306896436,de:12067:900310630::2,0.0,2026-10-02T01:01:04.695736+02:00
306896436,de:12067:900310811::2,0.0,2026-10-02T01:01:04.695736+02:00
306896436,de:12067:900310771::2,0.0,2026-10-02T01:01:04.695736+02:00
306896436,de:12067:900310822::2,0.0,2026-10-02T01:01:04.695736+02:00
306896436,de:12067:900310781::2,0.0,2026-10-02T01:01:04.695736+02:00
306896436,de:12067:900310627::2,0.0,2026-10-02T01:01:04.695736+02:00
306896436,de:12067:900310816::2,0.0,2026-10-02T01:01:04.695736+02:00
306896436,de:12067:900310022::1,0.0,2026-10-02T01:01:04.695736+02:00
306896436,de:12067:900310001::11,0.0,2026-10-02T01:01:04.695736+02:00
307439714,de:14625:8000,0.0,2026-10-02T01:01:04.695736+02:00
307439714,de:14625:8144:1:Gleis1,0.0,2026-10-02T01:01:04.695736+02:00
307439714,de:14625:6810,0.0,2026-10-02T01:01:04.695736+02:00
307439714,de:12066:900435314:2:52,0.0,2026-10-02T01:01:04.695736+02:00
307439714,de:12066:900435061:2:52,0.0,2026-10-02T01:01:04.695736+02:00
307439714,de:12066:900435801:1:50,0.0,2026-10-02T01:01:04.695736+02:00
307439714,de:14627:5440,0.0,2026-10-02T01:01:04.695736+02:00
307439714,de:14627:5021,0.0,2026-10-02T01:01:04.695736+02:00
307439714,de:14627:5100,0.0,2026-10-02T01:01:04.695736+02:00
307439714,de:14627:4401,0.0,2026-10-02T01:01:04.695736+02:00
307439714,de:14627:4180,0.0,2026-10-02T01:01:04.695736+02:00
307439714,de:14612:16,0.0,2026-10-02T01:01:04.695736+02:00
307432912,de:12072:900245027:2:53,0.0,2026-10-02T01:01:04.695736+02:00
307432912,de:12061:900260009:2:54,0.0,2026-10-02T01:01:04.695736+02:00
307432912,de:11000:900192001:1:51,0.0,2026-10-02T01:01:04.695736+02:00
307432912,de:11000:900120003:4:57,0.0,2026-10-02T01:01:04.695736+02:00
307432912,de:11000:900160004:2:52,0.0,2026-10-02T01:01:04.695736+02:00
307432912,de:11000:900152001:2:52,0.0,2026-10-02T01:01:04.695736+02:00
307432912,de:12060:900350160:2:53,0.0,2026-10-02T01:01:04.695736+02:00
307432912,de:12060:900350158:1:50,0.0,2026-10-02T01:01:04.695736+02:00
307432912,de:12060:900350137:1:50,0.0,2026-10-02T01:01:04.695736+02:00
307432912,de:12060:900350126:1:50,0.0,2026-10-02T01:01:04.695736+02:00
307432912,de:12060:900350127:2:51,0.0,2026-10-02T01:01:04.695736+02:00
307437673,de:12053:900360000:3:54,0.0,2026-10-02T01:01:04.695736+02:00
307437673,de:12067:900311233:1:50,0.0,2026-10-02T01:01:04.695736+02:00
307437673,de:12067:900311232:1:50,0.0,2026-10-02T01:01:04.695736+02:00
307437673,de:12067:900311620:1:50,0.0,2026-10-02T01:01:04.695736+02:00
307437673,de:12067:900311631:1:50,0.0,2026-10-02T01:01:04.695736+02:00
307437673,de:12067:900311307:1:50,0.0,2026-10-02T01:01:04.695736+02:00
307437673,de:12067:900310601:1:50,0.0,2026-10-02T01:01:04.695736+02:00
307437673,de:12067:900311612:1:51,0.0,2026-10-02T01:01:04.695736+02:00
307437673,de:12067:900311250:2:51,0.0,2026-10-02T01:01:04.695736+02:00
307437673,de:12071:900445593:1:50,0.0,2026-10-02T01:01:04.695736+02:00
307437673,de:12071:900445801:2:51,0.0,2026-10-02T01:01:04.695736+02:00
307437673,de:12071:900445751:2:51,0.0,2026-10-02T01:01:04.695736+02:00
307437673,de:12071:900445750:2:51,0.0,2026-10-02T01:01:04.695736+02:00
307437673,de:12071:900446103:1:50,0.0,2026-10-02T01:01:04.695736+02:00
307437673,de:12071:900446411:1:50,0.0,2026-10-02T01:01:04.695736+02:00
307437673,de:12052:900470307:1:50,0.0,2026-10-02T01:01:04.695736+02:00
307437673,de:12052:900470163:1:50,0.0,2026-10-02T01:01:04.695736+02:00
307437673,de:12052:900470001:1:50,0.0,2026-10-02T01:01:04.695736+02:00
307437673,de:12052:900470000:4:55,0.0,2026-10-02T01:01:04.695736+02:00
307437673,de:12071:900445885:1:50,0.0,2026-10-02T01:01:04.695736+02:00
307437673,de:12066:900435459:2:51,0.0,2026-10-02T01:01:04.695736+02:00
307437673,de:12066:900435527:1:50,0.0,2026-10-02T01:01:04.695736+02:00
307437673,de:12062:900415005:2:51,0.0,2026-10-02T01:01:04.695736+02:00
307437673,de:12062:900415112:3:52,0.0,2026-10-02T01:01:04.695736+02:00
307437673,de:12062:900415466:2:51,0.0,2026-10-02T01:01:04.695736+02:00
307437673,de:12062:900415357:2:51,0.0,2026-10-02T01:01:04.695736+02:00
307437673,de:12062:900415467:1:50,0.0,2026-10-02T01:01:04.695736+02:00
307437673,de:12062:900415345:4:55,0.0,2026-10-02T01:01:04.695736+02:00
307435348,de:12061:900260009:2:54,0.0,2026-10-02T01:01:04.695736+02:00
307435348,de:11000:900058101:4:57,0.0,2026-10-02T01:01:04.695736+02:00
307435348,de:11000:900100020:2:53,0.0,2026-10-02T01:01:04.695736+02:00
307435348,de:11000:900003200:4:57,0.0,2026-10-02T01:01:04.695736+02:00
307440273,de:12065:900203452:1:51,0.0,2026-10-02T01:01:04.695736+02:00
307440273,de:12065:900204001:1:50,0.0,2026-10-02T01:01:04.695736+02:00
307440273,de:12065:900203671:1:50,0.0,2026-10-02T01:01:04.695736+02:00
307440273,de:12065:900204003:1:50,0.0,2026-10-02T01:01:04.695736+02:00
307440273,de:12065:900200004:1:51,0.0,2026-10-02T01:01:04.695736+02:00
307440273,de:12065:900200000:1:51,0.0,2026-10-02T01:01:04.695736+02:00
307440122,de:12065:900200000:1:51,0.0,2026-10-02T01:01:04.695736+02:00
307440122,de:12065:900200004:1:50,0.0,2026-10-02T01:01:04.695736+02:00
307440219,de:12065:900200004:1:50,0.0,2026-10-02T01:01:04.695736+02:00
307440219,de:12065:900200000:1:51,0.0,2026-10-02T01:01:04.695736+02:00
306897158,de:12067:900311224::2,0.0,2026-10-02T01:01:04.695736+02:00
306897158,de:12067:900311225::2,0.0,2026-10-02T01:01:04.695736+02:00
306897158,de:12067:900311419::2,0.0,2026-10-02T01:01:04.695736+02:00
306897158,de:12067:900311221::4,0.0,2026-10-02T01:01:04.695736+02:00
306897158,de:12067:900311221::2,0.0,2026-10-02T01:01:04.695736+02:00
306897158,de:12067:900311430::1,0.0,2026-10-02T01:01:04.695736+02:00
306897158,de:12067:900311221::1,0.0,2026-10-02T01:01:04.695736+02:00
306897158,de:12067:900311520::2,0.0,2026-10-02T01:01:04.695736+02:00
306897158,de:12067:900311563::1,0.0,2026-10-02T01:01:04.695736+02:00
306897158,de:12067:900311512::2,0.0,2026-10-02T01:01:04.695736+02:00
306897158,de:12067:900311510::2,0.0,2026-10-02T01:01:04.695736+02:00
306897158,de:12067:900311513::2,0.0,2026-10-02T01:01:04.695736+02:00
306897158,de:12067:900311513::1,0.0,2026-10-02T01:01:04.695736+02:00
306897158,de:12067:900311511::2,0.0,2026-10-02T01:01:04.695736+02:00
306897158,de:12067:900310601::2,0.0,2026-10-02T01:01:04.695736+02:00
306897158,de:12067:900311460::1,0.0,2026-10-02T01:01:04.695736+02:00
306897158,de:12067:900311364::2,0.0,2026-10-02T01:01:04.695736+02:00
306897158,de:12067:900311371::2,0.0,2026-10-02T01:01:04.695736+02:00
306897158,de:12067:900311349::2,0.0,2026-10-02T01:01:04.695736+02:00
306897158,de:12067:900311350::2,0.0,2026-10-02T01:01:04.695736+02:00
306897158,de:12067:900311348::2,0.0,2026-10-02T01:01:04.695736+02:00
306897158,de:12067:900311308::4,0.0,2026-10-02T01:01:04.695736+02:00
306895828,de:12067:900311115::2,0.0,2026-10-02T01:01:04.695736+02:00
306895828,de:12067:900310773::2,0.0,2026-10-02T01:01:04.695736+02:00
306895828,de:12067:900310797::2,0.0,2026-10-02T01:01:04.695736+02:00
306895828,de:12067:900310789::2,0.0,2026-10-02T01:01:04.695736+02:00
306895828,de:12067:900310781::2,0.0,2026-10-02T01:01:04.695736+02:00
306895828,de:12067:900311155::1,0.0,2026-10-02T01:01:04.695736+02:00
306895828,de:12067:900311149::2,0.0,2026-10-02T01:01:04.695736+02:00
306895828,de:12067:900310001::11,0.0,2026-10-02T01:01:04.695736+02:00
307430086,de:11000:900003200:1:50,0.0,2026-10-02T01:01:04.695736+02:00
307430086,de:11000:900100020:1:50,0.0,2026-10-02T01:01:04.695736+02:00
307430086,de:11000:900058101:2:52,0.0,2026-10-02T01:01:04.695736+02:00
307430086,de:12061:900260009:2:54,0.0,2026-10-02T01:01:04.695736+02:00
307430010,de:11000:900003200:1:50,0.0,2026-10-02T01:01:04.695736+02:00
307430010,de:11000:900007102:5:59,0.0,2026-10-02T01:01:04.695736+02:00
307430010,de:11000:900120003:4:56,0.0,2026-10-02T01:01:04.695736+02:00
307430010,de:11000:900192001:1:50,0.0,2026-10-02T01:01:04.695736+02:00
307430010,de:12061:900260009:2:54,0.0,2026-10-02T01:01:04.695736+02:00
295900398,de:12069:900220114:1:51,0.0,2026-10-02T01:01:04.695736+02:00
295900398,de:11000:900064201:1:51,-0.1,2026-10-02T01:01:04.695736+02:00
295900398,de:11000:900064256:1:51,0.0,2026-10-02T01:01:04.695736+02:00
295900398,de:11000:900064301:3:53,-0.3,2026-10-02T01:01:04.695736+02:00
295900398,de:11000:900067221:1:50,-0.3,2026-10-02T01:01:04.695736+02:00
295900398,de:11000:900063452:1:51,-0.4,2026-10-02T01:01:04.695736+02:00
295900398,de:11000:900058102:2:53,-0.5,2026-10-02T01:01:04.695736+02:00
295900398,de:11000:900058101:1:51,-0.3,2026-10-02T01:01:04.695736+02:00
295900398,de:11000:900058103:1:51,0.0,2026-10-02T01:01:04.695736+02:00
295900398,de:11000:900012101:2:53,-0.7,2026-10-02T01:01:04.695736+02:00
295900398,de:11000:900100020:4:57,-0.8,2026-10-02T01:01:04.695736+02:00
295900398,de:11000:900100025:1:51,-0.9,2026-10-02T01:01:04.695736+02:00
295900398,de:11000:900100001:4:57,-0.6,2026-10-02T01:01:04.695736+02:00
295900398,de:11000:900100007:1:51,-0.7,2026-10-02T01:01:04.695736+02:00
295900398,de:11000:900007104:2:52,-0.7,2026-10-02T01:01:04.695736+02:00
295900398,de:11000:900008101:1:51,-0.4,2026-10-02T01:01:04.695736+02:00
295900398,de:11000:900007102:2:53,-0.2,2026-10-02T01:01:04.695736+02:00
295900398,de:11000:900110011:2:53,-0.4,2026-10-02T01:01:04.695736+02:00
295900398,de:11000:900085201:1:50,-0.8,2026-10-02T01:01:04.695736+02:00
295900398,de:11000:900085105:1:50,-0.8,2026-10-02T01:01:04.695736+02:00
295900398,de:11000:900096458:1:50,-0.1,2026-10-02T01:01:04.695736+02:00
295900398,de:11000:900096405:1:50,-0.8,2026-10-02T01:01:04.695736+02:00
295900398,de:11000:900089303:1:50,-0.7,2026-10-02T01:01:04.695736+02:00
295900398,de:11000:900091205:1:50,-0.3,2026-10-02T01:01:04.695736+02:00
295900398,de:11000:900091203:1:50,-0.5,2026-10-02T01:01:04.695736+02:00
295900398,de:12065:900200000:4:54,-0.7,2026-10-02T01:01:04.695736+02:00
295900345,de:12069:900220114:1:51,0.0,2026-10-02T01:01:04.695736+02:00
295900345,de:11000:900064201:1:51,-0.1,2026-10-02T01:01:04.695736+02:00
295900345,de:11000:900064256:1:51,0.0,2026-10-02T01:01:04.695736+02:00
295900345,de:11000:900064301:3:53,-0.3,2026-10-02T01:01:04.695736+02:00
295900345,de:11000:900067221:1:50,-0.3,2026-10-02T01:01:04.695736+02:00
295900345,de:11000:900063452:1:51,-0.4,2026-10-02T01:01:04.695736+02:00
295900345,de:11000:900058102:2:53,-0.5,2026-10-02T01:01:04.695736+02:00
295900345,de:11000:900058101:1:51,-0.3,2026-10-02T01:01:04.695736+02:00
295900345,de:11000:900058103:1:51,0.0,2026-10-02T01:01:04.695736+02:00
295900345,de:11000:900012101:2:53,-0.7,2026-10-02T01:01:04.695736+02:00
295900345,de:11000:900100020:4:57,-0.8,2026-10-02T01:01:04.695736+02:00
295900345,de:11000:900100025:1:51,-0.9,2026-10-02T01:01:04.695736+02:00
295900345,de:11000:900100001:4:57,-0.6,2026-10-02T01:01:04.695736+02:00
295900345,de:11000:900100007:1:51,-0.7,2026-10-02T01:01:04.695736+02:00
295900345,de:11000:900007104:2:52,-0.7,2026-10-02T01:01:04.695736+02:00
295900345,de:11000:900008101:1:51,-0.4,2026-10-02T01:01:04.695736+02:00
295900345,de:11000:900007102:2:53,-0.2,2026-10-02T01:01:04.695736+02:00
295900345,de:11000:900110011:2:53,-0.4,2026-10-02T01:01:04.695736+02:00
295900345,de:11000:900085201:1:50,-0.8,2026-10-02T01:01:04.695736+02:00
295900345,de:11000:900085105:1:50,-0.8,2026-10-02T01:01:04.695736+02:00
295900345,de:11000:900096458:1:50,-0.1,2026-10-02T01:01:04.695736+02:00
295900345,de:11000:900096405:1:50,-0.8,2026-10-02T01:01:04.695736+02:00
295900345,de:11000:900089303:1:50,-0.7,2026-10-02T01:01:04.695736+02:00
295900345,de:11000:900091205:1:50,-0.3,2026-10-02T01:01:04.695736+02:00
295900345,de:11000:900091203:1:50,-0.5,2026-10-02T01:01:04.695736+02:00
295900345,de:12065:900200000:1:55,-0.7,2026-10-02T01:01:04.695736+02:00
295900250,de:12065:900200000:1:55,0.0,2026-10-02T01:01:04.695736+02:00
295900250,de:11000:900091203:1:50,0.0,2026-10-02T01:01:04.695736+02:00
295900250,de:11000:900091205:1:50,-0.2,2026-10-02T01:01:04.695736+02:00
295900250,de:11000:900089303:1:51,-0.5,2026-10-02T01:01:04.695736+02:00
295900250,de:11000:900096405:1:50,-0.8,2026-10-02T01:01:04.695736+02:00
295900250,de:11000:900096458:1:50,-0.5,2026-10-02T01:01:04.695736+02:00
295900250,de:11000:900085105:1:50,-0.8,2026-10-02T01:01:04.695736+02:00
295900250,de:11000:900085201:1:51,0.0,2026-10-02T01:01:04.695736+02:00
295900250,de:11000:900130003:1:51,-0.8,2026-10-02T01:01:04.695736+02:00
295900250,de:11000:900110011:1:50,-0.9,2026-10-02T01:01:04.695736+02:00
295900250,de:11000:900007102:1:50,-0.7,2026-10-02T01:01:04.695736+02:00
295900250,de:11000:900008101:1:50,-0.4,2026-10-02T01:01:04.695736+02:00
295900250,de:11000:900007104:1:51,-0.2,2026-10-02T01:01:04.695736+02:00
295900250,de:11000:900100007:1:50,-0.2,2026-10-02T01:01:04.695736+02:00
295900250,de:11000:900100001:4:56,0.0,2026-10-02T01:01:04.695736+02:00
295900250,de:11000:900100025:1:50,-0.9,2026-10-02T01:01:04.695736+02:00
295900250,de:11000:900100020:3:54,-0.9,2026-10-02T01:01:04.695736+02:00
295900250,de:11000:900012101:1:51,0.0,2026-10-02T01:01:04.695736+02:00
295900250,de:11000:900058103:1:50,-0.7,2026-10-02T01:01:04.695736+02:00
295900250,de:11000:900058101:1:50,-0.3,2026-10-02T01:01:04.695736+02:00
295900250,de:11000:900058102:1:52,0.0,2026-10-02T01:01:04.695736+02:00
295900250,de:11000:900063452:1:50,-0.1,2026-10-02T01:01:04.695736+02:00
295900250,de:11000:900067221:1:50,-0.2,2026-10-02T01:01:04.695736+02:00
295900250,de:11000:900064301:3:52,-0.2,2026-10-02T01:01:04.695736+02:00
295900250,de:11000:900064256:1:50,-0.7,2026-10-02T01:01:04.695736+02:00
295900250,de:11000:900064201:1:50,-0.6,2026-10-02T01:01:04.695736+02:00
295900250,de:12069:900220114:1:51,-0.9,2026-10-02T01:01:04.695736+02:00
306896840,de:12067:900310001::4,0.0,2026-10-02T01:01:04.695736+02:00
306896840,de:12067:900310696::1,0.0,2026-10-02T01:01:04.695736+02:00
306896840,de:12067:900310788::1,0.0,2026-10-02T01:01:04.695736+02:00
306896840,de:12067:900310936::1,0.0,2026-10-02T01:01:04.695736+02:00
306896840,de:12067:900311125::1,0.0,2026-10-02T01:01:04.695736+02:00
306896840,de:12067:900310860::1,0.0,2026-10-02T01:01:04.695736+02:00
306896840,de:12067:900311157::1,0.0,2026-10-02T01:01:04.695736+02:00
306896840,de:12067:900310864::1,0.0,2026-10-02T01:01:04.695736+02:00
306896840,de:12067:900310861::1,0.0,2026-10-02T01:01:04.695736+02:00
306896840,de:12067:900310002::3,0.0,2026-10-02T01:01:04.695736+02:00
306896840,de:12067:900310895::1,0.0,2026-10-02T01:01:04.695736+02:00
306896840,de:12067:900310896::1,0.0,2026-10-02T01:01:04.695736+02:00
306896840,de:12067:900310897::1,0.0,2026-10-02T01:01:04.695736+02:00
306896840,de:12067:900310894::1,0.0,2026-10-02T01:01:04.695736+02:00
306896840,de:12064:900320888::4,0.0,2026-10-02T01:01:04.695736+02:00
306896840,de:12064:900320886::1,0.0,2026-10-02T01:01:04.695736+02:00
306896840,de:12064:900320284::1,0.0,2026-10-02T01:01:04.695736+02:00
306896840,de:12064:900320278::1,0.0,2026-10-02T01:01:04.695736+02:00
306896840,de:12064:900320274::1,0.0,2026-10-02T01:01:04.695736+02:00
295896076,de:11000:900135001:1:50,0.0,2026-10-02T01:01:04.695736+02:00
295896076,de:11000:900143001:1:51,-0.8,2026-10-02T01:01:04.695736+02:00
295896076,de:11000:900142001:1:51,-0.3,2026-10-02T01:01:04.695736+02:00
295896076,de:11000:900130001:1:51,-0.8,2026-10-02T01:01:04.695736+02:00
295896076,de:11000:900130002:1:51,-0.3,2026-10-02T01:01:04.695736+02:00
295896076,de:11000:900110011:1:51,-0.7,2026-10-02T01:01:04.695736+02:00
295896076,de:11000:900007102:1:50,-0.7,2026-10-02T01:01:04.695736+02:00
295896076,de:11000:900008101:1:50,-0.5,2026-10-02T01:01:04.695736+02:00
295896076,de:11000:900007104:1:51,-0.2,2026-10-02T01:01:04.695736+02:00
295896076,de:11000:900100007:1:50,-0.2,2026-10-02T01:01:04.695736+02:00
295896076,de:11000:900100001:4:56,0.0,2026-10-02T01:01:04.695736+02:00
295896076,de:11000:900100025:1:50,-0.9,2026-10-02T01:01:04.695736+02:00
295896076,de:11000:900100020:3:54,-0.9,2026-10-02T01:01:04.695736+02:00
295896076,de:11000:900012101:1:51,0.0,2026-10-02T01:01:04.695736+02:00
295896076,de:11000:900058103:1:50,-0.8,2026-10-02T01:01:04.695736+02:00
295896076,de:11000:900058101:1:50,-0.4,2026-10-02T01:01:04.695736+02:00
295896076,de:11000:900058102:1:50,-0.4,2026-10-02T01:01:04.695736+02:00
295896076,de:11000:900068301:1:50,-0.7,2026-10-02T01:01:04.695736+02:00
295896076,de:11000:900073101:1:50,-0.9,2026-10-02T01:01:04.695736+02:00
295896076,de:11000:900072101:1:50,-0.2,2026-10-02T01:01:04.695736+02:00
295896076,de:11000:900074202:1:50,-0.2,2026-10-02T01:01:04.695736+02:00
295896076,de:11000:900074201:1:50,-0.4,2026-10-02T01:01:04.695736+02:00
306897233,de:12067:900311129::5,0.0,2026-10-02T01:01:04.695736+02:00
306897233,de:12067:900310755::1,0.0,2026-10-02T01:01:04.695736+02:00
306897233,de:12067:900310738::1,0.0,2026-10-02T01:01:04.695736+02:00
306897233,de:12067:900310725::1,0.0,2026-10-02T01:01:04.695736+02:00
306897233,de:12067:900310615::1,0.0,2026-10-02T01:01:04.695736+02:00
306897233,de:12067:900311540::1,0.0,2026-10-02T01:01:04.695736+02:00
306897233,de:12067:900310933::1,0.0,2026-10-02T01:01:04.695736+02:00
306897233,de:12067:900310935::1,0.0,2026-10-02T01:01:04.695736+02:00
306897233,de:12067:900311483::1,0.0,2026-10-02T01:01:04.695736+02:00
306897233,de:12067:900311480::1,0.0,2026-10-02T01:01:04.695736+02:00
306897233,de:12067:900311482::2,0.0,2026-10-02T01:01:04.695736+02:00
306897233,de:12067:900311485::2,0.0,2026-10-02T01:01:04.695736+02:00
306897233,de:12053:900360062::1,0.0,2026-10-02T01:01:04.695736+02:00
306897233,de:12053:900360213::3,0.0,2026-10-02T01:01:04.695736+02:00
306897233,de:12053:900360078::2,0.0,2026-10-02T01:01:04.695736+02:00
306897233,de:12053:900360096::3,0.0,2026-10-02T01:01:04.695736+02:00
306897233,de:12053:900360083::1,0.0,2026-10-02T01:01:04.695736+02:00
306897233,de:12053:900360135::1,0.0,2026-10-02T01:01:04.695736+02:00
306897233,de:12053:900360041::3,0.0,2026-10-02T01:01:04.695736+02:00
306897233,de:12053:900360059::3,0.0,2026-10-02T01:01:04.695736+02:00
306897233,de:12053:900360021::3,0.0,2026-10-02T01:01:04.695736+02:00
306897233,de:12053:900360000::9,0.0,2026-10-02T01:01:04.695736+02:00
295896056,de:11000:900135001:1:50,0.0,2026-10-02T01:01:04.695736+02:00
295896056,de:11000:900143001:1:51,-0.8,2026-10-02T01:01:04.695736+02:00
295896056,de:11000:900142001:1:51,-0.3,2026-10-02T01:01:04.695736+02:00
295896056,de:11000:900130001:1:51,-0.8,2026-10-02T01:01:04.695736+02:00
295896056,de:11000:900130002:1:51,-0.3,2026-10-02T01:01:04.695736+02:00
295896056,de:11000:900110011:1:51,-0.7,2026-10-02T01:01:04.695736+02:00
295896056,de:11000:900007102:1:50,-0.7,2026-10-02T01:01:04.695736+02:00
295896056,de:11000:900008101:1:50,-0.5,2026-10-02T01:01:04.695736+02:00
295896056,de:11000:900007104:1:51,-0.2,2026-10-02T01:01:04.695736+02:00
295896056,de:11000:900100007:1:50,-0.2,2026-10-02T01:01:04.695736+02:00
295896056,de:11000:900100001:4:56,0.0,2026-10-02T01:01:04.695736+02:00
295896056,de:11000:900100025:1:50,-0.9,2026-10-02T01:01:04.695736+02:00
295896056,de:11000:900100020:3:54,-0.9,2026-10-02T01:01:04.695736+02:00
295896056,de:11000:900012101:1:51,0.0,2026-10-02T01:01:04.695736+02:00
295896056,de:11000:900058103:1:50,-0.8,2026-10-02T01:01:04.695736+02:00
295896056,de:11000:900058101:1:50,-0.4,2026-10-02T01:01:04.695736+02:00
295896056,de:11000:900058102:1:50,-0.4,2026-10-02T01:01:04.695736+02:00
295896056,de:11000:900068301:1:50,-0.7,2026-10-02T01:01:04.695736+02:00
295896056,de:11000:900073101:1:50,-0.9,2026-10-02T01:01:04.695736+02:00
295896056,de:11000:900072101:1:50,-0.2,2026-10-02T01:01:04.695736+02:00
295896056,de:11000:900074202:1:50,-0.2,2026-10-02T01:01:04.695736+02:00
295896056,de:11000:900074201:1:50,-0.4,2026-10-02T01:01:04.695736+02:00
295896152,de:11000:900074201:1:50,0.0,2026-10-02T01:01:04.695736+02:00
295896152,de:11000:900074202:2:51,-0.1,2026-10-02T01:01:04.695736+02:00
295896152,de:11000:900072101:2:51,-0.1,2026-10-02T01:01:04.695736+02:00
295896152,de:11000:900073101:1:51,-0.4,2026-10-02T01:01:04.695736+02:00
295896152,de:11000:900068301:1:51,-0.7,2026-10-02T01:01:04.695736+02:00
295896152,de:11000:900058102:2:51,-0.7,2026-10-02T01:01:04.695736+02:00
295896152,de:11000:900058101:1:51,-0.3,2026-10-02T01:01:04.695736+02:00
295896152,de:11000:900058103:1:51,-0.1,2026-10-02T01:01:04.695736+02:00
295896152,de:11000:900012101:2:53,-0.7,2026-10-02T01:01:04.695736+02:00
295896152,de:11000:900100020:4:57,-0.8,2026-10-02T01:01:04.695736+02:00
295896152,de:11000:900100025:1:51,-0.9,2026-10-02T01:01:04.695736+02:00
295896152,de:11000:900100001:4:57,-0.6,2026-10-02T01:01:04.695736+02:00
295896152,de:11000:900100007:1:51,-0.7,2026-10-02T01:01:04.695736+02:00
295896152,de:11000:900007104:2:52,-0.7,2026-10-02T01:01:04.695736+02:00
295896152,de:11000:900008101:1:51,-0.4,2026-10-02T01:01:04.695736+02:00
295896152,de:11000:900007102:2:53,-0.1,2026-10-02T01:01:04.695736+02:00
295896152,de:11000:900110011:2:52,-0.4,2026-10-02T01:01:04.695736+02:00
295896152,de:11000:900130002:1:50,-0.7,2026-10-02T01:01:04.695736+02:00
295896152,de:11000:900130001:1:50,-0.4,2026-10-02T01:01:04.695736+02:00
295896152,de:11000:900142001:1:50,-0.9,2026-10-02T01:01:04.695736+02:00
295896152,de:11000:900143001:1:51,-0.7,2026-10-02T01:01:04.695736+02:00
295896152,de:11000:900135001:1:50,-0.4,2026-10-02T01:01:04.695736+02:00
295903032,de:11000:900142001:1:51,0.0,2026-10-02T01:01:04.695736+02:00
295903032,de:11000:900130001:1:51,-0.2,2026-10-02T01:01:04.695736+02:00
295903032,de:11000:900130002:1:51,-0.7,2026-10-02T01:01:04.695736+02:00
295903032,de:11000:900110011:1:51,-0.2,2026-10-02T01:01:04.695736+02:00
295903032,de:11000:900007102:1:50,-0.7,2026-10-02T01:01:04.695736+02:00
295903032,de:11000:900008101:1:50,-0.4,2026-10-02T01:01:04.695736+02:00
295903032,de:11000:900007104:1:51,-0.2,2026-10-02T01:01:04.695736+02:00
295903032,de:11000:900100007:1:50,-0.2,2026-10-02T01:01:04.695736+02:00
295903032,de:11000:900100001:4:56,0.0,2026-10-02T01:01:04.695736+02:00
295903032,de:11000:900100025:1:50,-0.9,2026-10-02T01:01:04.695736+02:00
295903032,de:11000:900100020:3:54,-0.9,2026-10-02T01:01:04.695736+02:00
295903032,de:11000:900012101:1:51,0.0,2026-10-02T01:01:04.695736+02:00
295903032,de:11000:900058103:1:50,-0.7,2026-10-02T01:01:04.695736+02:00
295903032,de:11000:900058101:1:50,-0.3,2026-10-02T01:01:04.695736+02:00
295903032,de:11000:900058102:1:52,0.0,2026-10-02T01:01:04.695736+02:00
295903032,de:11000:900063452:1:50,-0.1,2026-10-02T01:01:04.695736+02:00
295903032,de:11000:900067221:1:50,-0.2,2026-10-02T01:01:04.695736+02:00
295903032,de:11000:900064301:3:52,-0.2,2026-10-02T01:01:04.695736+02:00
295903032,de:11000:900064256:1:50,-0.7,2026-10-02T01:01:04.695736+02:00
295903032,de:11000:900064201:1:50,-0.6,2026-10-02T01:01:04.695736+02:00
295903032,de:12069:900220114:1:50,-0.9,2026-10-02T01:01:04.695736+02:00
295903156,de:12069:900220114:1:50,0.0,2026-10-02T01:01:04.695736+02:00
295903156,de:11000:900064201:1:51,-0.1,2026-10-02T01:01:04.695736+02:00
295903156,de:11000:900064256:1:51,0.0,2026-10-02T01:01:04.695736+02:00
295903156,de:11000:900064301:3:53,-0.3,2026-10-02T01:01:04.695736+02:00
295903156,de:11000:900067221:1:50,-0.3,2026-10-02T01:01:04.695736+02:00
295903156,de:11000:900063452:1:51,-0.4,2026-10-02T01:01:04.695736+02:00
295903156,de:11000:900058102:2:53,-0.5,2026-10-02T01:01:04.695736+02:00
295903156,de:11000:900058101:1:51,-0.3,2026-10-02T01:01:04.695736+02:00
295903156,de:11000:900058103:1:51,0.0,2026-10-02T01:01:04.695736+02:00
295903156,de:11000:900012101:2:53,-0.7,2026-10-02T01:01:04.695736+02:00
295903156,de:11000:900100020:4:57,-0.8,2026-10-02T01:01:04.695736+02:00
295903156,de:11000:900100025:1:51,-0.9,2026-10-02T01:01:04.695736+02:00
295903156,de:11000:900100001:4:57,-0.6,2026-10-02T01:01:04.695736+02:00
295903156,de:11000:900100007:1:51,-0.7,2026-10-02T01:01:04.695736+02:00
295903156,de:11000:900007104:2:52,-0.7,2026-10-02T01:01:04.695736+02:00
295903156,de:11000:900008101:1:51,-0.4,2026-10-02T01:01:04.695736+02:00
295903156,de:11000:900007102:2:53,-0.2,2026-10-02T01:01:04.695736+02:00
295903156,de:11000:900110011:2:52,-0.4,2026-10-02T01:01:04.695736+02:00
295903156,de:11000:900130002:1:50,0.0,2026-10-02T01:01:04.695736+02:00
295903156,de:11000:900130001:1:50,-0.7,2026-10-02T01:01:04.695736+02:00
295903156,de:11000:900142001:1:50,-0.2,2026-10-02T01:01:04.695736+02:00
295903115,de:12069:900220114:1:50,0.0,2026-10-02T01:01:04.695736+02:00
295903115,de:11000:900064201:1:51,-0.1,2026-10-02T01:01:04.695736+02:00
295903115,de:11000:900064256:1:51,0.0,2026-10-02T01:01:04.695736+02:00
295903115,de:11000:900064301:3:53,-0.3,2026-10-02T01:01:04.695736+02:00
295903115,de:11000:900067221:1:50,-0.3,2026-10-02T01:01:04.695736+02:00
295903115,de:11000:900063452:1:51,-0.4,2026-10-02T01:01:04.695736+02:00
295903115,de:11000:900058102:2:53,-0.5,2026-10-02T01:01:04.695736+02:00
295903115,de:11000:900058101:1:51,-0.3,2026-10-02T01:01:04.695736+02:00
295903115,de:11000:900058103:1:51,0.0,2026-10-02T01:01:04.695736+02:00
295903115,de:11000:900012101:2:53,-0.7,2026-10-02T01:01:04.695736+02:00
295903115,de:11000:900100020:4:57,-0.8,2026-10-02T01:01:04.695736+02:00
295903115,de:11000:900100025:1:51,-0.9,2026-10-02T01:01:04.695736+02:00
295903115,de:11000:900100001:4:57,-0.6,2026-10-02T01:01:04.695736+02:00
295903115,de:11000:900100007:1:51,-0.7,2026-10-02T01:01:04.695736+02:00
295903115,de:11000:900007104:2:52,-0.7,2026-10-02T01:01:04.695736+02:00
295903115,de:11000:900008101:1:51,-0.4,2026-10-02T01:01:04.695736+02:00
295903115,de:11000:900007102:2:53,-0.2,2026-10-02T01:01:04.695736+02:00
295903115,de:11000:900110011:2:52,-0.4,2026-10-02T01:01:04.695736+02:00
295903115,de:11000:900130002:1:51,-0.8,2026-10-02T01:01:04.695736+02:00
295903112,de:12069:900220114:1:50,0.0,2026-10-02T01:01:04.695736+02:00
295903112,de:11000:900064201:1:51,-0.1,2026-10-02T01:01:04.695736+02:00
295903112,de:11000:900064256:1:51,0.0,2026-10-02T01:01:04.695736+02:00
295903112,de:11000:900064301:3:53,-0.3,2026-10-02T01:01:04.695736+02:00
295903112,de:11000:900067221:1:50,-0.3,2026-10-02T01:01:04.695736+02:00
295903112,de:11000:900063452:1:51,-0.4,2026-10-02T01:01:04.695736+02:00
295903112,de:11000:900058102:2:53,-0.5,2026-10-02T01:01:04.695736+02:00
295903112,de:11000:900058101:1:51,-0.3,2026-10-02T01:01:04.695736+02:00
295903112,de:11000:900058103:1:51,0.0,2026-10-02T01:01:04.695736+02:00
295903112,de:11000:900012101:2:53,-0.7,2026-10-02T01:01:04.695736+02:00
295903112,de:11000:900100020:4:57,-0.8,2026-10-02T01:01:04.695736+02:00
295903112,de:11000:900100025:1:51,-0.9,2026-10-02T01:01:04.695736+02:00
295903112,de:11000:900100001:4:57,-0.6,2026-10-02T01:01:04.695736+02:00
295903112,de:11000:900100007:1:51,-0.7,2026-10-02T01:01:04.695736+02:00
295903112,de:11000:900007104:2:52,-0.7,2026-10-02T01:01:04.695736+02:00
295903112,de:11000:900008101:1:51,-0.4,2026-10-02T01:01:04.695736+02:00
295903112,de:11000:900007102:2:53,-0.2,2026-10-02T01:01:04.695736+02:00
295903112,de:11000:900110011:2:53,-0.4,2026-10-02T01:01:04.695736+02:00
295903112,de:11000:900085201:1:50,-0.8,2026-10-02T01:01:04.695736+02:00
295903112,de:11000:900084101:1:50,-0.7,2026-10-02T01:01:04.695736+02:00
295903112,de:11000:900096101:1:50,-0.8,2026-10-02T01:01:04.695736+02:00
295903112,de:11000:900094101:1:50,-0.3,2026-10-02T01:01:04.695736+02:00
295906975,de:11000:900029101:1:50,0.0,2026-10-02T01:01:04.695736+02:00
295906975,de:11000:900030202:1:50,-0.3,2026-10-02T01:01:04.695736+02:00
295906975,de:11000:900025424:1:51,-0.2,2026-10-02T01:01:04.695736+02:00
295906975,de:11000:900025321:1:51,-0.2,2026-10-02T01:01:04.695736+02:00
295906975,de:11000:900026105:1:50,-0.4,2026-10-02T01:01:04.695736+02:00
295906975,de:11000:900025423:1:50,-0.7,2026-10-02T01:01:04.695736+02:00
295906975,de:11000:900024102:2:53,-0.7,2026-10-02T01:01:04.695736+02:00
295906975,de:11000:900024101:3:55,-0.3,2026-10-02T01:01:04.695736+02:00
295906975,de:11000:900024203:1:51,-0.8,2026-10-02T01:01:04.695736+02:00
295906975,de:11000:900023201:3:54,-0.7,2026-10-02T01:01:04.695736+02:00
295906975,de:11000:900003103:1:50,-0.8,2026-10-02T01:01:04.695736+02:00
295906975,de:11000:900003102:1:50,-0.9,2026-10-02T01:01:04.695736+02:00
295906975,de:11000:900003201:3:54,-0.5,2026-10-02T01:01:04.695736+02:00
295906975,de:11000:900100001:3:54,-0.1,2026-10-02T01:01:04.695736+02:00
295906975,de:11000:900100002:1:50,-0.4,2026-10-02T01:01:04.695736+02:00
295906975,de:11000:900100003:2:52,-0.1,2026-10-02T01:01:04.695736+02:00
295906975,de:11000:900100004:1:50,-0.4,2026-10-02T01:01:04.695736+02:00
295906975,de:11000:900120005:4:55,-0.6,2026-10-02T01:01:04.695736+02:00
295906975,de:11000:900120004:1:50,-0.1,2026-10-02T01:01:04.695736+02:00
295906975,de:11000:900120003:2:53,-0.4,2026-10-02T01:01:04.695736+02:00
295906975,de:11000:900160001:1:51,-0.4,2026-10-02T01:01:04.695736+02:00
295906975,de:11000:900160002:1:50,-0.7,2026-10-02T01:01:04.695736+02:00
295906975,de:11000:900162001:1:51,-0.3,2026-10-02T01:01:04.695736+02:00
295906975,de:11000:900180002:1:51,-0.3,2026-10-02T01:01:04.695736+02:00
295906975,de:11000:900180001:1:50,-0.7,2026-10-02T01:01:04.695736+02:00
295906975,de:11000:900182001:1:51,-0.2,2026-10-02T01:01:04.695736+02:00
295906975,de:11000:900182002:1:51,-0.4,2026-10-02T01:01:04.695736+02:00
295906975,de:11000:900183001:1:51,0.0,2026-10-02T01:01:04.695736+02:00
295906975,de:11000:900183002:1:51,-0.3,2026-10-02T01:01:04.695736+02:00
295906975,de:12067:900310004:3:52,-0.5,2026-10-02T01:01:04.695736+02:00
295907146,de:12067:900310004:3:53,0.0,2026-10-02T01:01:04.695736+02:00
295907146,de:11000:900183002:1:50,-0.1,2026-10-02T01:01:04.695736+02:00
295907146,de:11000:900183001:1:50,-0.4,2026-10-02T01:01:04.695736+02:00
295907146,de:11000:900182002:1:50,0.0,2026-10-02T01:01:04.695736+02:00
295907146,de:11000:900182001:1:50,-0.2,2026-10-02T01:01:04.695736+02:00
295907146,de:11000:900180001:1:50,-0.7,2026-10-02T01:01:04.695736+02:00
295907146,de:11000:900180002:1:50,-0.7,2026-10-02T01:01:04.695736+02:00
295907146,de:11000:900162001:1:50,-0.9,2026-10-02T01:01:04.695736+02:00
295907146,de:11000:900160002:1:50,0.0,2026-10-02T01:01:04.695736+02:00
295907146,de:11000:900160001:1:50,-0.3,2026-10-02T01:01:04.695736+02:00
295907146,de:11000:900120003:3:55,-0.1,2026-10-02T01:01:04.695736+02:00
295907146,de:11000:900120004:2:53,-0.6,2026-10-02T01:01:04.695736+02:00
295907146,de:11000:900120005:5:58,-0.9,2026-10-02T01:01:04.695736+02:00
295907146,de:11000:900100004:1:51,-0.4,2026-10-02T01:01:04.695736+02:00
295907146,de:11000:900100003:2:53,-0.4,2026-10-02T01:01:04.695736+02:00
295907146,de:11000:900100002:1:51,-0.4,2026-10-02T01:01:04.695736+02:00
295907146,de:11000:900100001:3:55,-0.4,2026-10-02T01:01:04.695736+02:00
295907146,de:11000:900003201:3:55,-0.1,2026-10-02T01:01:04.695736+02:00
295907146,de:11000:900003102:1:51,-0.8,2026-10-02T01:01:04.695736+02:00
295907146,de:11000:900003103:1:51,-0.9,2026-10-02T01:01:04.695736+02:00
295907146,de:11000:900023201:3:55,-0.8,2026-10-02T01:01:04.695736+02:00
295907146,de:11000:900024203:1:51,-0.8,2026-10-02T01:01:04.695736+02:00
295907146,de:11000:900024101:4:57,-0.8,2026-10-02T01:01:04.695736+02:00
295907146,de:11000:900024102:1:50,-0.1,2026-10-02T01:01:04.695736+02:00
295907146,de:11000:900025423:1:50,-0.4,2026-10-02T01:01:04.695736+02:00
295907146,de:11000:900026105:1:50,-0.7,2026-10-02T01:01:04.695736+02:00
295907146,de:11000:900025321:1:50,-0.3,2026-10-02T01:01:04.695736+02:00
295907146,de:11000:900025424:1:50,-0.3,2026-10-02T01:01:04.695736+02:00
295907146,de:11000:900030202:1:50,-0.9,2026-10-02T01:01:04.695736+02:00
295907146,de:11000:900029101:1:50,-0.9,2026-10-02T01:01:04.695736+02:00
295906923,de:11000:900029101:1:50,0.0,2026-10-02T01:01:04.695736+02:00
295906923,de:11000:900030202:1:50,-0.3,2026-10-02T01:01:04.695736+02:00
295906923,de:11000:900025424:1:51,-0.2,2026-10-02T01:01:04.695736+02:00
295906923,de:11000:900025321:1:51,-0.2,2026-10-02T01:01:04.695736+02:00
295906923,de:11000:900026105:1:50,-0.4,2026-10-02T01:01:04.695736+02:00
295906923,de:11000:900025423:1:50,-0.7,2026-10-02T01:01:04.695736+02:00
295906923,de:11000:900024102:2:53,-0.7,2026-10-02T01:01:04.695736+02:00
295906923,de:11000:900024101:3:55,-0.3,2026-10-02T01:01:04.695736+02:00
295906923,de:11000:900024203:1:51,-0.8,2026-10-02T01:01:04.695736+02:00
295906923,de:11000:900023201:3:54,-0.7,2026-10-02T01:01:04.695736+02:00
295906923,de:11000:900003103:1:50,-0.8,2026-10-02T01:01:04.695736+02:00
295906923,de:11000:900003102:1:50,-0.9,2026-10-02T01:01:04.695736+02:00
295906923,de:11000:900003201:3:54,-0.5,2026-10-02T01:01:04.695736+02:00
295906923,de:11000:900100001:3:54,-0.1,2026-10-02T01:01:04.695736+02:00
295906923,de:11000:900100002:1:50,-0.4,2026-10-02T01:01:04.695736+02:00
295906923,de:11000:900100003:2:52,-0.1,2026-10-02T01:01:04.695736+02:00
295906923,de:11000:900100004:1:50,-0.4,2026-10-02T01:01:04.695736+02:00
295906923,de:11000:900120005:4:55,-0.6,2026-10-02T01:01:04.695736+02:00
295906923,de:11000:900120004:1:50,-0.1,2026-10-02T01:01:04.695736+02:00
295906923,de:11000:900120003:2:53,-0.4,2026-10-02T01:01:04.695736+02:00
295906923,de:11000:900160001:1:51,-0.4,2026-10-02T01:01:04.695736+02:00
295906923,de:11000:900160002:1:50,-0.7,2026-10-02T01:01:04.695736+02:00
295906923,de:11000:900162001:1:51,-0.3,2026-10-02T01:01:04.695736+02:00
295906923,de:11000:900180002:1:51,-0.3,2026-10-02T01:01:04.695736+02:00
295906923,de:11000:900180001:1:50,-0.7,2026-10-02T01:01:04.695736+02:00
295906923,de:11000:900182001:1:51,-0.2,2026-10-02T01:01:04.695736+02:00
295906923,de:11000:900182002:1:51,-0.4,2026-10-02T01:01:04.695736+02:00
295906923,de:11000:900183001:1:51,0.0,2026-10-02T01:01:04.695736+02:00
295906923,de:11000:900183002:1:51,-0.3,2026-10-02T01:01:04.695736+02:00
295906923,de:12067:900310004:3:53,-0.5,2026-10-02T01:01:04.695736+02:00
295907185,de:12067:900310004:3:52,0.0,2026-10-02T01:01:04.695736+02:00
295907185,de:11000:900183002:1:50,-0.1,2026-10-02T01:01:04.695736+02:00
295907185,de:11000:900183001:1:50,-0.4,2026-10-02T01:01:04.695736+02:00
295907185,de:11000:900182002:1:50,0.0,2026-10-02T01:01:04.695736+02:00
295907185,de:11000:900182001:1:50,-0.2,2026-10-02T01:01:04.695736+02:00
295907185,de:11000:900180001:1:50,-0.7,2026-10-02T01:01:04.695736+02:00
295907185,de:11000:900180002:1:50,-0.7,2026-10-02T01:01:04.695736+02:00
295907185,de:11000:900162001:1:50,-0.9,2026-10-02T01:01:04.695736+02:00
295907185,de:11000:900160002:1:50,0.0,2026-10-02T01:01:04.695736+02:00
295907185,de:11000:900160001:1:50,-0.3,2026-10-02T01:01:04.695736+02:00
295907185,de:11000:900120003:3:55,-0.1,2026-10-02T01:01:04.695736+02:00
295907185,de:11000:900120004:2:53,-0.6,2026-10-02T01:01:04.695736+02:00
295907185,de:11000:900120005:5:58,-0.9,2026-10-02T01:01:04.695736+02:00
295907185,de:11000:900100004:1:51,-0.4,2026-10-02T01:01:04.695736+02:00
295907185,de:11000:900100003:2:53,-0.4,2026-10-02T01:01:04.695736+02:00
295907185,de:11000:900100002:1:51,-0.4,2026-10-02T01:01:04.695736+02:00
295907185,de:11000:900100001:3:55,-0.4,2026-10-02T01:01:04.695736+02:00
295907185,de:11000:900003201:3:55,-0.1,2026-10-02T01:01:04.695736+02:00
295907185,de:11000:900003102:1:51,-0.8,2026-10-02T01:01:04.695736+02:00
295907185,de:11000:900003103:1:51,-0.9,2026-10-02T01:01:04.695736+02:00
295907185,de:11000:900023201:3:55,-0.8,2026-10-02T01:01:04.695736+02:00
295907185,de:11000:900024203:1:51,-0.8,2026-10-02T01:01:04.695736+02:00
295907185,de:11000:900024101:4:57,-0.8,2026-10-02T01:01:04.695736+02:00
295907185,de:11000:900024102:1:50,-0.1,2026-10-02T01:01:04.695736+02:00
295907185,de:11000:900025423:1:50,-0.4,2026-10-02T01:01:04.695736+02:00
295907185,de:11000:900026105:1:50,-0.7,2026-10-02T01:01:04.695736+02:00
295907185,de:11000:900025321:1:50,-0.3,2026-10-02T01:01:04.695736+02:00
295907185,de:11000:900025424:1:50,-0.3,2026-10-02T01:01:04.695736+02:00
295907185,de:11000:900030202:1:50,-0.9,2026-10-02T01:01:04.695736+02:00
295907185,de:11000:900029101:1:50,-0.9,2026-10-02T01:01:04.695736+02:00
307444525,de:11000:900029101:3:54,0.0,2026-10-02T01:01:04.695736+02:00
307444525,de:11000:900020201:1:50,0.0,2026-10-02T01:01:04.695736+02:00
307444525,de:11000:900003200:1:51,0.0,2026-10-02T01:01:04.695736+02:00
307444525,de:11000:900100020:1:51,0.0,2026-10-02T01:01:04.695736+02:00
307444525,de:11000:900058101:3:54,0.0,2026-10-02T01:01:04.695736+02:00
307444525,de:11000:900064301:1:50,0.0,2026-10-02T01:01:04.695736+02:00
307444525,de:12072:900245029:1:51,0.0,2026-10-02T01:01:04.695736+02:00
307444525,de:12072:900245037:1:50,0.0,2026-10-02T01:01:04.695736+02:00
307444525,de:12072:900245010:1:50,0.0,2026-10-02T01:01:04.695736+02:00
307444525,de:12072:900245016:1:50,0.0,2026-10-02T01:01:04.695736+02:00
307444525,de:12072:900245002:2:52,0.0,2026-10-02T01:01:04.695736+02:00
307442788,de:11000:900007102:5:58,0.0,2026-10-02T01:01:04.695736+02:00
307442788,de:12060:900350160:2:53,0.0,2026-10-02T01:01:04.695736+02:00
307442788,de:12060:900350127:2:51,0.0,2026-10-02T01:01:04.695736+02:00
307442788,de:12073:900340004:3:52,0.0,2026-10-02T01:01:04.695736+02:00
295911036,de:11000:900162001:1:50,0.0,2026-10-02T01:01:04.695736+02:00
295911036,de:11000:900160002:1:50,-0.7,2026-10-02T01:01:04.695736+02:00
295911036,de:11000:900160001:1:50,0.0,2026-10-02T01:01:04.695736+02:00
295911036,de:11000:900120003:3:55,-0.7,2026-10-02T01:01:04.695736+02:00
295911036,de:11000:900120004:2:53,0.0,2026-10-02T01:01:04.695736+02:00
295911036,de:11000:900120005:4:56,-0.2,2026-10-02T01:01:04.695736+02:00
307436297,de:11000:900024101:1:51,0.0,2026-10-02T01:01:04.695736+02:00
307436297,de:11000:900053301:3:54,0.0,2026-10-02T01:01:04.695736+02:00
307436297,de:12054:900230001:1:50,0.0,2026-10-02T01:01:04.695736+02:00
307436297,de:12069:900220008:1:50,0.0,2026-10-02T01:01:04.695736+02:00
307436297,de:12069:900220006:1:50,0.0,2026-10-02T01:01:04.695736+02:00
307436297,de:12069:900220003:1:50,0.0,2026-10-02T01:01:04.695736+02:00
307436297,de:12069:900220004:1:50,0.0,2026-10-02T01:01:04.695736+02:00
307436297,de:12069:900220005:1:50,0.0,2026-10-02T01:01:04.695736+02:00
307436297,de:12069:900222030:1:50,0.0,2026-10-02T01:01:04.695736+02:00
307436297,de:12069:900220141:1:50,0.0,2026-10-02T01:01:04.695736+02:00
307436297,de:12069:900220142:1:50,0.0,2026-10-02T01:01:04.695736+02:00
307436297,de:12069:900220143:1:50,0.0,2026-10-02T01:01:04.695736+02:00
295910332,de:12067:900310004:3:52,0.0,2026-10-02T01:01:04.695736+02:00
295910332,de:11000:900183002:1:50,-0.1,2026-10-02T01:01:04.695736+02:00
295910332,de:11000:900183001:1:50,-0.4,2026-10-02T01:01:04.695736+02:00
295910332,de:11000:900182002:1:50,0.0,2026-10-02T01:01:04.695736+02:00
295910332,de:11000:900182001:1:50,-0.2,2026-10-02T01:01:04.695736+02:00
295910332,de:11000:900180001:1:50,-0.7,2026-10-02T01:01:04.695736+02:00
295910332,de:11000:900180002:1:50,-0.7,2026-10-02T01:01:04.695736+02:00
295910332,de:11000:900162001:1:50,-0.9,2026-10-02T01:01:04.695736+02:00
295910332,de:11000:900160002:1:50,0.0,2026-10-02T01:01:04.695736+02:00
295910332,de:11000:900160001:1:50,-0.3,2026-10-02T01:01:04.695736+02:00
295910332,de:11000:900120003:3:55,-0.1,2026-10-02T01:01:04.695736+02:00
295910332,de:11000:900120004:2:53,-0.6,2026-10-02T01:01:04.695736+02:00
295910332,de:11000:900120005:5:58,-0.9,2026-10-02T01:01:04.695736+02:00
295910332,de:11000:900100004:1:51,-0.9,2026-10-02T01:01:04.695736+02:00
295910332,de:11000:900100003:2:53,-0.9,2026-10-02T01:01:04.695736+02:00
295910332,de:11000:900100002:1:51,-0.9,2026-10-02T01:01:04.695736+02:00
295910332,de:11000:900100001:3:55,-0.9,2026-10-02T01:01:04.695736+02:00
295910332,de:11000:900003201:3:55,-0.6,2026-10-02T01:01:04.695736+02:00
295910332,de:11000:900003102:1:51,-0.3,2026-10-02T01:01:04.695736+02:00
295910332,de:11000:900003103:1:51,-0.4,2026-10-02T01:01:04.695736+02:00
295910332,de:11000:900023201:3:55,-0.3,2026-10-02T01:01:04.695736+02:00
295910332,de:11000:900024203:1:51,-0.3,2026-10-02T01:01:04.695736+02:00
295910332,de:11000:900024101:4:56,-0.3,2026-10-02T01:01:04.695736+02:00
295910116,de:11000:900024101:3:55,0.0,2026-10-02T01:01:04.695736+02:00
295910116,de:11000:900024203:1:51,-0.3,2026-10-02T01:01:04.695736+02:00
295910116,de:11000:900023201:3:54,-0.2,2026-10-02T01:01:04.695736+02:00
295910116,de:11000:900003103:1:50,-0.3,2026-10-02T01:01:04.695736+02:00
295910116,de:11000:900003102:1:50,-0.4,2026-10-02T01:01:04.695736+02:00
295910116,de:11000:900003201:3:54,0.0,2026-10-02T01:01:04.695736+02:00
295910116,de:11000:900100001:3:54,-0.6,2026-10-02T01:01:04.695736+02:00
295910116,de:11000:900100002:1:50,-0.9,2026-10-02T01:01:04.695736+02:00
295910116,de:11000:900100003:2:52,-0.6,2026-10-02T01:01:04.695736+02:00
295910116,de:11000:900100004:1:50,-0.9,2026-10-02T01:01:04.695736+02:00
295910116,de:11000:900120005:4:55,-0.1,2026-10-02T01:01:04.695736+02:00
295910116,de:11000:900120004:1:50,-0.1,2026-10-02T01:01:04.695736+02:00
295910116,de:11000:900120003:2:53,-0.4,2026-10-02T01:01:04.695736+02:00
295910116,de:11000:900160001:1:51,-0.4,2026-10-02T01:01:04.695736+02:00
295910116,de:11000:900160002:1:50,-0.7,2026-10-02T01:01:04.695736+02:00
295910116,de:11000:900162001:1:51,-0.3,2026-10-02T01:01:04.695736+02:00
295910116,de:11000:900180002:1:51,-0.3,2026-10-02T01:01:04.695736+02:00
295910116,de:11000:900180001:1:50,-0.7,2026-10-02T01:01:04.695736+02:00
295910116,de:11000:900182001:1:51,-0.2,2026-10-02T01:01:04.695736+02:00
295910116,de:11000:900182002:1:51,-0.4,2026-10-02T01:01:04.695736+02:00
295910116,de:11000:900183001:1:51,0.0,2026-10-02T01:01:04.695736+02:00
295910116,de:11000:900183002:1:51,-0.3,2026-10-02T01:01:04.695736+02:00
295910116,de:12067:900310004:3:52,-0.5,2026-10-02T01:01:04.695736+02:00
307446028,de:12070:900216026:3:53,0.0,2026-10-02T01:01:04.695736+02:00
307446028,de:15090:8010121,0.0,2026-10-02T01:01:04.695736+02:00
307446028,de:15090:8012967,0.0,2026-10-02T01:01:04.695736+02:00
307446028,de:15090:8012568,0.0,2026-10-02T01:01:04.695736+02:00
307446028,de:15090:8011665,0.0,2026-10-02T01:01:04.695736+02:00
307446028,de:15090:8011460,0.0,2026-10-02T01:01:04.695736+02:00
307446028,000008013045,0.0,2026-10-02T01:01:04.695736+02:00
307446028,de:15090:8010335,0.0,2026-10-02T01:01:04.695736+02:00
307446028,de:15090:8010334,0.0,2026-10-02T01:01:04.695736+02:00
307446028,de:15090:8011355,0.0,2026-10-02T01:01:04.695736+02:00
307446028,de:15090:8013083,0.0,2026-10-02T01:01:04.695736+02:00
307446028,de:15083:8012295,0.0,2026-10-02T01:01:04.695736+02:00
307446028,de:15083:8011042,0.0,2026-10-02T01:01:04.695736+02:00
307446028,de:15083:8013402,0.0,2026-10-02T01:01:04.695736+02:00
307446028,de:15083:8073410,0.0,2026-10-02T01:01:04.695736+02:00
307446028,de:15083:8013344,0.0,2026-10-02T01:01:04.695736+02:00
307446028,de:15003:8010086,0.0,2026-10-02T01:01:04.695736+02:00
307446028,de:15003:8012289,0.0,2026-10-02T01:01:04.695736+02:00
307446028,de:15003:8010226,0.0,2026-10-02T01:01:04.695736+02:00
307446028,de:15003:8010224,0.0,2026-10-02T01:01:04.695736+02:00
307446028,de:15003:8013456,0.0,2026-10-02T01:01:04.695736+02:00
307446028,de:15003:8013485,0.0,2026-10-02T01:01:04.695736+02:00
307446028,de:15003:8012291,0.0,2026-10-02T01:01:04.695736+02:00
307446028,de:15003:8012287,0.0,2026-10-02T01:01:04.695736+02:00
307446028,de:15089:8081270,0.0,2026-10-02T01:01:04.695736+02:00
307446028,de:15089:8010318,0.0,2026-10-02T01:01:04.695736+02:00
307446028,de:15089:8081260,0.0,2026-10-02T01:01:04.695736+02:00
307446028,de:15089:8012907,0.0,2026-10-02T01:01:04.695736+02:00
307446025,de:12070:900216026:3:53,0.0,2026-10-02T01:01:04.695736+02:00
307446025,de:15090:8010121,0.0,2026-10-02T01:01:04.695736+02:00
307446025,de:15090:8012967,0.0,2026-10-02T01:01:04.695736+02:00
307446025,de:15090:8012568,0.0,2026-10-02T01:01:04.695736+02:00
307446025,de:15090:8011665,0.0,2026-10-02T01:01:04.695736+02:00
307446025,de:15090:8011460,0.0,2026-10-02T01:01:04.695736+02:00
307446025,000008013045,0.0,2026-10-02T01:01:04.695736+02:00
307446025,de:15090:8010335,0.0,2026-10-02T01:01:04.695736+02:00
307446025,de:15090:8010334,0.0,2026-10-02T01:01:04.695736+02:00
307446025,de:15090:8011355,0.0,2026-10-02T01:01:04.695736+02:00
307446025,de:15090:8013083,0.0,2026-10-02T01:01:04.695736+02:00
307446025,de:15083:8012295,0.0,2026-10-02T01:01:04.695736+02:00
307446025,de:15083:8011042,0.0,2026-10-02T01:01:04.695736+02:00
307446025,de:15083:8013402,0.0,2026-10-02T01:01:04.695736+02:00
307446025,de:15083:8073410,0.0,2026-10-02T01:01:04.695736+02:00
307446025,de:15083:8013344,0.0,2026-10-02T01:01:04.695736+02:00
307446025,de:15003:8010086,0.0,2026-10-02T01:01:04.695736+02:00
307446025,de:15003:8012289,0.0,2026-10-02T01:01:04.695736+02:00
307446025,de:15003:8010226,0.0,2026-10-02T01:01:04.695736+02:00
307446025,de:15003:8010224,0.0,2026-10-02T01:01:04.695736+02:00
307446025,de:15003:8013456,0.0,2026-10-02T01:01:04.695736+02:00
307446025,de:15003:8013485,0.0,2026-10-02T01:01:04.695736+02:00
307446025,de:15003:8012291,0.0,2026-10-02T01:01:04.695736+02:00
307446025,de:15003:8012287,0.0,2026-10-02T01:01:04.695736+02:00
307446025,de:15089:8081270,0.0,2026-10-02T01:01:04.695736+02:00
307446025,de:15089:8010318,0.0,2026-10-02T01:01:04.695736+02:00
307446025,de:15089:8081260,0.0,2026-10-02T01:01:04.695736+02:00
307446025,de:15089:8012907,0.0,2026-10-02T01:01:04.695736+02:00
307280460,de:11000:900020202:1:50,0.0,2026-10-02T01:01:04.695736+02:00
307280460,de:11000:900001201:1:50,-0.2,2026-10-02T01:01:04.695736+02:00
307280460,de:11000:900009104:1:50,-0.8,2026-10-02T01:01:04.695736+02:00
307280460,de:11000:900007102:2:52,-0.4,2026-10-02T01:01:04.695736+02:00
307280460,de:11000:900110001:1:50,-0.6,2026-10-02T01:01:04.695736+02:00
307280460,de:11000:900110002:1:50,-0.4,2026-10-02T01:01:04.695736+02:00
307280460,de:11000:900110003:1:50,-0.4,2026-10-02T01:01:04.695736+02:00
307280460,de:11000:900110004:1:50,-0.8,2026-10-02T01:01:04.695736+02:00
307280460,de:11000:900110012:1:50,-0.7,2026-10-02T01:01:04.695736+02:00
307280460,de:11000:900120001:1:50,-0.7,2026-10-02T01:01:04.695736+02:00
307280460,de:11000:900120003:5:58,-0.1,2026-10-02T01:01:04.695736+02:00
307280460,de:11000:900190001:1:50,-0.4,2026-10-02T01:01:04.695736+02:00
307280460,de:11000:900077106:1:50,-0.4,2026-10-02T01:01:04.695736+02:00
307280460,de:11000:900078201:1:50,-0.3,2026-10-02T01:01:04.695736+02:00
307280460,de:11000:900079221:1:50,-0.2,2026-10-02T01:01:04.695736+02:00
307280460,de:11000:900068201:1:50,-0.8,2026-10-02T01:01:04.695736+02:00
307280460,de:11000:900058101:5:58,-0.1,2026-10-02T01:01:04.695736+02:00
307280460,de:11000:900054104:2:52,-0.7,2026-10-02T01:01:04.695736+02:00
307280460,de:11000:900054105:1:50,-0.9,2026-10-02T01:01:04.695736+02:00
307280460,de:11000:900044202:1:50,-0.7,2026-10-02T01:01:04.695736+02:00
307280460,de:11000:900045102:1:50,-0.7,2026-10-02T01:01:04.695736+02:00
307280460,de:11000:900044101:1:50,-0.8,2026-10-02T01:01:04.695736+02:00
307280460,de:11000:900040101:1:50,-0.3,2026-10-02T01:01:04.695736+02:00
307280460,de:11000:900024101:3:54,-0.8,2026-10-02T01:01:04.695736+02:00
307280581,de:11000:900020202:1:51,0.0,2026-10-02T01:01:04.695736+02:00
307280581,de:11000:900001201:1:51,-0.2,2026-10-02T01:01:04.695736+02:00
307280581,de:11000:900009104:1:51,-0.8,2026-10-02T01:01:04.695736+02:00
307280581,de:11000:900007102:2:52,-0.9,2026-10-02T01:01:04.695736+02:00
307280581,de:11000:900110001:1:50,-0.6,2026-10-02T01:01:04.695736+02:00
307280581,de:11000:900110002:1:50,-0.4,2026-10-02T01:01:04.695736+02:00
307280581,de:11000:900110003:1:50,-0.4,2026-10-02T01:01:04.695736+02:00
307280581,de:11000:900110004:1:50,-0.8,2026-10-02T01:01:04.695736+02:00
307280581,de:11000:900110012:1:50,-0.7,2026-10-02T01:01:04.695736+02:00
307280581,de:11000:900120001:1:50,-0.7,2026-10-02T01:01:04.695736+02:00
307280581,de:11000:900120003:5:58,-0.1,2026-10-02T01:01:04.695736+02:00
307280581,de:11000:900190001:1:50,-0.4,2026-10-02T01:01:04.695736+02:00
307280581,de:11000:900077106:1:50,-0.4,2026-10-02T01:01:04.695736+02:00
307280581,de:11000:900078201:1:50,-0.3,2026-10-02T01:01:04.695736+02:00
307280581,de:11000:900079221:1:50,-0.2,2026-10-02T01:01:04.695736+02:00
307280581,de:11000:900068201:1:50,-0.8,2026-10-02T01:01:04.695736+02:00
307280581,de:11000:900058101:5:58,-0.1,2026-10-02T01:01:04.695736+02:00
307280581,de:11000:900054104:2:52,-0.2,2026-10-02T01:01:04.695736+02:00
307280581,de:11000:900054105:1:50,-0.9,2026-10-02T01:01:04.695736+02:00
307280581,de:11000:900044202:1:50,-0.7,2026-10-02T01:01:04.695736+02:00
307280581,de:11000:900045102:1:50,-0.7,2026-10-02T01:01:04.695736+02:00
307280581,de:11000:900044101:1:50,-0.8,2026-10-02T01:01:04.695736+02:00
307280581,de:11000:900040101:1:50,-0.8,2026-10-02T01:01:04.695736+02:00
307280560,de:11000:900020202:1:51,0.0,2026-10-02T01:01:04.695736+02:00
307280560,de:11000:900001201:1:51,-0.2,2026-10-02T01:01:04.695736+02:00
307280560,de:11000:900009104:1:51,-0.8,2026-10-02T01:01:04.695736+02:00
307280560,de:11000:900007102:2:52,-0.9,2026-10-02T01:01:04.695736+02:00
307280560,de:11000:900110001:1:50,-0.6,2026-10-02T01:01:04.695736+02:00
307280560,de:11000:900110002:1:50,-0.4,2026-10-02T01:01:04.695736+02:00
307280560,de:11000:900110003:1:50,-0.4,2026-10-02T01:01:04.695736+02:00
307280560,de:11000:900110004:1:50,-0.8,2026-10-02T01:01:04.695736+02:00
307280560,de:11000:900110012:1:50,-0.7,2026-10-02T01:01:04.695736+02:00
307280560,de:11000:900120001:1:50,-0.7,2026-10-02T01:01:04.695736+02:00
307280560,de:11000:900120003:5:58,-0.1,2026-10-02T01:01:04.695736+02:00
307280560,de:11000:900190001:1:50,-0.4,2026-10-02T01:01:04.695736+02:00
307280560,de:11000:900077106:1:50,-0.4,2026-10-02T01:01:04.695736+02:00
307280560,de:11000:900078201:1:50,-0.3,2026-10-02T01:01:04.695736+02:00
307280560,de:11000:900079221:1:50,-0.2,2026-10-02T01:01:04.695736+02:00
307280560,de:11000:900068201:1:50,-0.8,2026-10-02T01:01:04.695736+02:00
307280560,de:11000:900058101:5:58,-0.1,2026-10-02T01:01:04.695736+02:00
307280560,de:11000:900054104:2:52,-0.2,2026-10-02T01:01:04.695736+02:00
307280560,de:11000:900054105:1:50,-0.9,2026-10-02T01:01:04.695736+02:00
307280560,de:11000:900044202:1:50,-0.7,2026-10-02T01:01:04.695736+02:00
307280560,de:11000:900045102:1:50,-0.7,2026-10-02T01:01:04.695736+02:00
307280560,de:11000:900044101:1:50,-0.8,2026-10-02T01:01:04.695736+02:00
307280560,de:11000:900040101:1:50,-0.8,2026-10-02T01:01:04.695736+02:00
307280555,de:11000:900020202:1:51,0.0,2026-10-02T01:01:04.695736+02:00
307280555,de:11000:900001201:1:51,-0.2,2026-10-02T01:01:04.695736+02:00
307280555,de:11000:900009104:1:51,-0.8,2026-10-02T01:01:04.695736+02:00
307280555,de:11000:900007102:2:52,-0.9,2026-10-02T01:01:04.695736+02:00
307280555,de:11000:900110001:1:50,-0.6,2026-10-02T01:01:04.695736+02:00
307280555,de:11000:900110002:1:50,-0.4,2026-10-02T01:01:04.695736+02:00
307280555,de:11000:900110003:1:50,-0.4,2026-10-02T01:01:04.695736+02:00
307280555,de:11000:900110004:1:50,-0.8,2026-10-02T01:01:04.695736+02:00
307280555,de:11000:900110012:1:50,-0.7,2026-10-02T01:01:04.695736+02:00
307280555,de:11000:900120001:1:50,-0.7,2026-10-02T01:01:04.695736+02:00
307280555,de:11000:900120003:5:58,-0.1,2026-10-02T01:01:04.695736+02:00
307280555,de:11000:900190001:1:50,-0.4,2026-10-02T01:01:04.695736+02:00
307280555,de:11000:900077106:1:50,-0.4,2026-10-02T01:01:04.695736+02:00
307280555,de:11000:900078201:1:50,-0.3,2026-10-02T01:01:04.695736+02:00
307280555,de:11000:900079221:1:50,-0.2,2026-10-02T01:01:04.695736+02:00
307280555,de:11000:900068201:1:50,-0.8,2026-10-02T01:01:04.695736+02:00
307280555,de:11000:900058101:5:58,-0.1,2026-10-02T01:01:04.695736+02:00
307280555,de:11000:900054104:2:52,-0.2,2026-10-02T01:01:04.695736+02:00
307280555,de:11000:900054105:1:50,-0.9,2026-10-02T01:01:04.695736+02:00
307280555,de:11000:900044202:1:50,-0.7,2026-10-02T01:01:04.695736+02:00
307280555,de:11000:900045102:1:50,-0.7,2026-10-02T01:01:04.695736+02:00
307280555,de:11000:900044101:1:50,-0.8,2026-10-02T01:01:04.695736+02:00
307280555,de:11000:900040101:1:50,-0.8,2026-10-02T01:01:04.695736+02:00
307283064,de:11000:900009104:1:51,0.0,2026-10-02T01:01:04.695736+02:00
307283064,de:11000:900007102:2:52,-0.9,2026-10-02T01:01:04.695736+02:00
307283064,de:11000:900110001:1:50,-0.6,2026-10-02T01:01:04.695736+02:00
307283064,de:11000:900110002:1:50,-0.4,2026-10-02T01:01:04.695736+02:00
307283064,de:11000:900110003:1:50,-0.4,2026-10-02T01:01:04.695736+02:00
307283064,de:11000:900110004:1:50,-0.8,2026-10-02T01:01:04.695736+02:00
307283064,de:11000:900110012:1:50,-0.7,2026-10-02T01:01:04.695736+02:00
307283064,de:11000:900120001:1:50,-0.7,2026-10-02T01:01:04.695736+02:00
307283064,de:11000:900120003:5:58,-0.1,2026-10-02T01:01:04.695736+02:00
307283064,de:11000:900190001:1:50,-0.4,2026-10-02T01:01:04.695736+02:00
307283064,de:11000:900077106:1:50,-0.4,2026-10-02T01:01:04.695736+02:00
307283064,de:11000:900078201:1:50,-0.3,2026-10-02T01:01:04.695736+02:00
307283064,de:11000:900079221:1:50,-0.2,2026-10-02T01:01:04.695736+02:00
307283043,de:11000:900009104:1:51,0.0,2026-10-02T01:01:04.695736+02:00
307283043,de:11000:900007102:2:52,-0.9,2026-10-02T01:01:04.695736+02:00
307283043,de:11000:900110001:1:50,-0.6,2026-10-02T01:01:04.695736+02:00
307283043,de:11000:900110002:1:50,-0.4,2026-10-02T01:01:04.695736+02:00
307283043,de:11000:900110003:1:50,-0.4,2026-10-02T01:01:04.695736+02:00
307283043,de:11000:900110004:1:50,-0.8,2026-10-02T01:01:04.695736+02:00
307283043,de:11000:900110012:1:50,-0.7,2026-10-02T01:01:04.695736+02:00
307283043,de:11000:900120001:1:50,-0.7,2026-10-02T01:01:04.695736+02:00
307283043,de:11000:900120003:5:58,-0.1,2026-10-02T01:01:04.695736+02:00
307283043,de:11000:900190001:1:50,-0.4,2026-10-02T01:01:04.695736+02:00
307283043,de:11000:900077106:1:50,-0.4,2026-10-02T01:01:04.695736+02:00
307283043,de:11000:900078201:1:50,-0.3,2026-10-02T01:01:04.695736+02:00
307283043,de:11000:900079221:1:50,-0.2,2026-10-02T01:01:04.695736+02:00
307283038,de:11000:900009104:1:51,0.0,2026-10-02T01:01:04.695736+02:00
307283038,de:11000:900007102:2:52,-0.9,2026-10-02T01:01:04.695736+02:00
307283038,de:11000:900110001:1:50,-0.6,2026-10-02T01:01:04.695736+02:00
307283038,de:11000:900110002:1:50,-0.4,2026-10-02T01:01:04.695736+02:00
307283038,de:11000:900110003:1:50,-0.4,2026-10-02T01:01:04.695736+02:00
307283038,de:11000:900110004:1:50,-0.8,2026-10-02T01:01:04.695736+02:00
307283038,de:11000:900110012:1:50,-0.7,2026-10-02T01:01:04.695736+02:00
307283038,de:11000:900120001:1:50,-0.7,2026-10-02T01:01:04.695736+02:00
307283038,de:11000:900120003:5:58,-0.1,2026-10-02T01:01:04.695736+02:00
307283038,de:11000:900190001:1:50,-0.4,2026-10-02T01:01:04.695736+02:00
307283038,de:11000:900077106:1:50,-0.4,2026-10-02T01:01:04.695736+02:00
307283038,de:11000:900078201:1:50,-0.3,2026-10-02T01:01:04.695736+02:00
307283038,de:11000:900079221:1:50,-0.2,2026-10-02T01:01:04.695736+02:00
307283029,de:11000:900009104:1:51,0.0,2026-10-02T01:01:04.695736+02:00
307283029,de:11000:900007102:2:52,-0.9,2026-10-02T01:01:04.695736+02:00
307283029,de:11000:900110001:1:50,-0.6,2026-10-02T01:01:04.695736+02:00
307283029,de:11000:900110002:1:50,-0.4,2026-10-02T01:01:04.695736+02:00
307283029,de:11000:900110003:1:50,-0.4,2026-10-02T01:01:04.695736+02:00
307283029,de:11000:900110004:1:50,-0.8,2026-10-02T01:01:04.695736+02:00
307283029,de:11000:900110012:1:50,-0.7,2026-10-02T01:01:04.695736+02:00
307283029,de:11000:900120001:1:50,-0.7,2026-10-02T01:01:04.695736+02:00
307283029,de:11000:900120003:5:58,-0.1,2026-10-02T01:01:04.695736+02:00
307283029,de:11000:900190001:1:50,-0.4,2026-10-02T01:01:04.695736+02:00
307283029,de:11000:900077106:1:50,-0.4,2026-10-02T01:01:04.695736+02:00
307283029,de:11000:900078201:1:50,-0.3,2026-10-02T01:01:04.695736+02:00
307283029,de:11000:900079221:1:50,-0.2,2026-10-02T01:01:04.695736+02:00
307286712,de:11000:900040101:1:50,0.0,2026-10-02T01:01:04.695736+02:00
307286712,de:11000:900044101:1:50,-0.8,2026-10-02T01:01:04.695736+02:00
307286712,de:11000:900045102:1:51,-0.9,2026-10-02T01:01:04.695736+02:00
307286712,de:11000:900044202:1:51,-0.9,2026-10-02T01:01:04.695736+02:00
307286712,de:11000:900054105:1:51,-0.7,2026-10-02T01:01:04.695736+02:00
307286712,de:11000:900054104:2:53,-0.3,2026-10-02T01:01:04.695736+02:00
307286712,de:11000:900058101:5:59,-0.2,2026-10-02T01:01:04.695736+02:00
307286712,de:11000:900068201:1:51,-0.8,2026-10-02T01:01:04.695736+02:00
307286712,de:11000:900079221:1:51,-0.4,2026-10-02T01:01:04.695736+02:00
307286712,de:11000:900078201:1:51,-0.1,2026-10-02T01:01:04.695736+02:00
307286712,de:11000:900077106:1:51,0.0,2026-10-02T01:01:04.695736+02:00
307286712,de:11000:900190001:2:52,-0.9,2026-10-02T01:01:04.695736+02:00
307286712,de:11000:900120003:5:59,-0.4,2026-10-02T01:01:04.695736+02:00
307286712,de:11000:900120001:1:51,0.0,2026-10-02T01:01:04.695736+02:00
307286712,de:11000:900110012:1:51,-0.2,2026-10-02T01:01:04.695736+02:00
307286712,de:11000:900110004:1:51,-0.1,2026-10-02T01:01:04.695736+02:00
307286712,de:11000:900110003:1:51,-0.4,2026-10-02T01:01:04.695736+02:00
307286712,de:11000:900110002:1:51,-0.4,2026-10-02T01:01:04.695736+02:00
307286712,de:11000:900110001:1:51,-0.1,2026-10-02T01:01:04.695736+02:00
307286712,de:11000:900007102:1:51,-0.6,2026-10-02T01:01:04.695736+02:00
307286712,de:11000:900009104:1:50,-0.8,2026-10-02T01:01:04.695736+02:00
307286712,de:11000:900001201:1:50,-0.3,2026-10-02T01:01:04.695736+02:00
307286712,de:11000:900020202:1:50,-0.1,2026-10-02T01:01:04.695736+02:00
307286693,de:11000:900040101:1:50,0.0,2026-10-02T01:01:04.695736+02:00
307286693,de:11000:900044101:1:50,-0.8,2026-10-02T01:01:04.695736+02:00
307286693,de:11000:900045102:1:51,-0.9,2026-10-02T01:01:04.695736+02:00
307286693,de:11000:900044202:1:51,-0.9,2026-10-02T01:01:04.695736+02:00
307286693,de:11000:900054105:1:51,-0.7,2026-10-02T01:01:04.695736+02:00
307286693,de:11000:900054104:2:53,-0.3,2026-10-02T01:01:04.695736+02:00
307286693,de:11000:900058101:5:59,-0.2,2026-10-02T01:01:04.695736+02:00
307286693,de:11000:900068201:1:51,-0.8,2026-10-02T01:01:04.695736+02:00
307286693,de:11000:900079221:1:51,-0.4,2026-10-02T01:01:04.695736+02:00
307286693,de:11000:900078201:1:51,-0.1,2026-10-02T01:01:04.695736+02:00
307286693,de:11000:900077106:1:51,0.0,2026-10-02T01:01:04.695736+02:00
307286693,de:11000:900190001:2:52,-0.9,2026-10-02T01:01:04.695736+02:00
307286693,de:11000:900120003:5:59,-0.4,2026-10-02T01:01:04.695736+02:00
307286693,de:11000:900120001:1:51,0.0,2026-10-02T01:01:04.695736+02:00
307286693,de:11000:900110012:1:51,-0.2,2026-10-02T01:01:04.695736+02:00
307286693,de:11000:900110004:1:51,-0.1,2026-10-02T01:01:04.695736+02:00
307286693,de:11000:900110003:1:51,-0.4,2026-10-02T01:01:04.695736+02:00
307286693,de:11000:900110002:1:51,-0.4,2026-10-02T01:01:04.695736+02:00
307286693,de:11000:900110001:1:51,-0.1,2026-10-02T01:01:04.695736+02:00
307286693,de:11000:900007102:1:51,-0.6,2026-10-02T01:01:04.695736+02:00
307286693,de:11000:900009104:1:50,-0.8,2026-10-02T01:01:04.695736+02:00
307286693,de:11000:900001201:1:50,-0.3,2026-10-02T01:01:04.695736+02:00
307286693,de:11000:900020202:1:50,-0.1,2026-10-02T01:01:04.695736+02:00
307286605,de:11000:900024101:3:54,0.0,2026-10-02T01:01:04.695736+02:00
307286605,de:11000:900040101:1:50,-0.2,2026-10-02T01:01:04.695736+02:00
307286605,de:11000:900044101:1:50,-0.3,2026-10-02T01:01:04.695736+02:00
307286605,de:11000:900045102:1:51,-0.4,2026-10-02T01:01:04.695736+02:00
307286605,de:11000:900044202:1:51,-0.4,2026-10-02T01:01:04.695736+02:00
307286605,de:11000:900054105:1:51,-0.2,2026-10-02T01:01:04.695736+02:00
307286605,de:11000:900054104:2:53,-0.8,2026-10-02T01:01:04.695736+02:00
307286605,de:11000:900058101:5:59,-0.2,2026-10-02T01:01:04.695736+02:00
307286605,de:11000:900068201:1:51,-0.8,2026-10-02T01:01:04.695736+02:00
307286605,de:11000:900079221:1:51,-0.4,2026-10-02T01:01:04.695736+02:00
307286605,de:11000:900078201:1:51,-0.1,2026-10-02T01:01:04.695736+02:00
307286605,de:11000:900077106:1:51,0.0,2026-10-02T01:01:04.695736+02:00
307286605,de:11000:900190001:2:52,-0.9,2026-10-02T01:01:04.695736+02:00
307286605,de:11000:900120003:5:59,-0.4,2026-10-02T01:01:04.695736+02:00
307286605,de:11000:900120001:1:51,0.0,2026-10-02T01:01:04.695736+02:00
307286605,de:11000:900110012:1:51,-0.2,2026-10-02T01:01:04.695736+02:00
307286605,de:11000:900110004:1:51,-0.1,2026-10-02T01:01:04.695736+02:00
307286605,de:11000:900110003:1:51,-0.4,2026-10-02T01:01:04.695736+02:00
307286605,de:11000:900110002:1:51,-0.4,2026-10-02T01:01:04.695736+02:00
307286605,de:11000:900110001:1:51,-0.1,2026-10-02T01:01:04.695736+02:00
307286605,de:11000:900007102:1:51,-0.6,2026-10-02T01:01:04.695736+02:00
307286605,de:11000:900009104:1:51,-0.8,2026-10-02T01:01:04.695736+02:00
307286605,de:11000:900001201:1:51,-0.3,2026-10-02T01:01:04.695736+02:00
307286605,de:11000:900020202:1:51,-0.1,2026-10-02T01:01:04.695736+02:00
307292690,de:12061:900260001:2:52,0.0,2026-10-02T01:01:04.695736+02:00
307292690,de:12061:900260002:1:51,-0.8,2026-10-02T01:01:04.695736+02:00
307292690,de:12061:900260003:1:51,-0.7,2026-10-02T01:01:04.695736+02:00
307292690,de:12061:900260004:1:51,-0.9,2026-10-02T01:01:04.695736+02:00
307292690,de:11000:900186001:2:53,-0.2,2026-10-02T01:01:04.695736+02:00
307292690,de:11000:900193002:1:51,-0.2,2026-10-02T01:01:04.695736+02:00
307292690,de:11000:900193001:2:51,-0.8,2026-10-02T01:01:04.695736+02:00
307292690,de:11000:900192001:3:55,-0.7,2026-10-02T01:01:04.695736+02:00
307292690,de:11000:900191001:1:50,-0.4,2026-10-02T01:01:04.695736+02:00
307292690,de:11000:900077155:1:50,-0.9,2026-10-02T01:01:04.695736+02:00
307292690,de:11000:900078201:1:50,-0.4,2026-10-02T01:01:04.695736+02:00
307292690,de:11000:900079221:1:50,-0.2,2026-10-02T01:01:04.695736+02:00
307292690,de:11000:900068201:1:50,-0.8,2026-10-02T01:01:04.695736+02:00
307292690,de:11000:900058101:5:58,-0.1,2026-10-02T01:01:04.695736+02:00
307292690,de:11000:900054104:2:52,-0.2,2026-10-02T01:01:04.695736+02:00
307292690,de:11000:900054105:1:50,-0.9,2026-10-02T01:01:04.695736+02:00
307292690,de:11000:900044202:1:50,-0.7,2026-10-02T01:01:04.695736+02:00
307292686,de:12061:900260001:2:52,0.0,2026-10-02T01:01:04.695736+02:00
307292686,de:12061:900260002:1:51,-0.8,2026-10-02T01:01:04.695736+02:00
307292686,de:12061:900260003:1:51,-0.7,2026-10-02T01:01:04.695736+02:00
307292686,de:12061:900260004:1:51,-0.9,2026-10-02T01:01:04.695736+02:00
307292686,de:11000:900186001:2:53,-0.2,2026-10-02T01:01:04.695736+02:00
307292686,de:11000:900193002:1:51,-0.2,2026-10-02T01:01:04.695736+02:00
307292686,de:11000:900193001:2:51,-0.8,2026-10-02T01:01:04.695736+02:00
307292686,de:11000:900192001:3:55,-0.7,2026-10-02T01:01:04.695736+02:00
307292686,de:11000:900191001:1:50,-0.4,2026-10-02T01:01:04.695736+02:00
307292686,de:11000:900077155:1:50,-0.9,2026-10-02T01:01:04.695736+02:00
307292686,de:11000:900078201:1:50,-0.4,2026-10-02T01:01:04.695736+02:00
307292686,de:11000:900079221:1:50,-0.2,2026-10-02T01:01:04.695736+02:00
307292686,de:11000:900068201:1:50,-0.8,2026-10-02T01:01:04.695736+02:00
307292686,de:11000:900058101:5:58,-0.1,2026-10-02T01:01:04.695736+02:00
307292686,de:11000:900054104:2:52,-0.2,2026-10-02T01:01:04.695736+02:00
307292686,de:11000:900054105:1:50,-0.9,2026-10-02T01:01:04.695736+02:00
307292686,de:11000:900044202:1:50,-0.7,2026-10-02T01:01:04.695736+02:00
307292682,de:12061:900260001:2:52,0.0,2026-10-02T01:01:04.695736+02:00
307292682,de:12061:900260002:1:51,-0.8,2026-10-02T01:01:04.695736+02:00
307292682,de:12061:900260003:1:51,-0.7,2026-10-02T01:01:04.695736+02:00
307292682,de:12061:900260004:1:51,-0.9,2026-10-02T01:01:04.695736+02:00
307292682,de:11000:900186001:2:53,-0.2,2026-10-02T01:01:04.695736+02:00
307292682,de:11000:900193002:1:51,-0.2,2026-10-02T01:01:04.695736+02:00
307292682,de:11000:900193001:2:51,-0.8,2026-10-02T01:01:04.695736+02:00
307292682,de:11000:900192001:3:55,-0.7,2026-10-02T01:01:04.695736+02:00
307292682,de:11000:900191001:1:50,-0.4,2026-10-02T01:01:04.695736+02:00
307292682,de:11000:900077155:1:50,-0.9,2026-10-02T01:01:04.695736+02:00
307292682,de:11000:900078201:1:50,-0.4,2026-10-02T01:01:04.695736+02:00
307292682,de:11000:900079221:1:50,-0.2,2026-10-02T01:01:04.695736+02:00
307292682,de:11000:900068201:1:50,-0.8,2026-10-02T01:01:04.695736+02:00
307292682,de:11000:900058101:5:58,-0.1,2026-10-02T01:01:04.695736+02:00
307292682,de:11000:900054104:2:52,-0.2,2026-10-02T01:01:04.695736+02:00
307292682,de:11000:900054105:1:50,-0.9,2026-10-02T01:01:04.695736+02:00
307292682,de:11000:900044202:1:50,-0.7,2026-10-02T01:01:04.695736+02:00
295928965,de:11000:900186001:2:52,0.0,2026-10-02T01:01:04.695736+02:00
295928965,de:11000:900193002:1:51,-0.2,2026-10-02T01:01:04.695736+02:00
295928965,de:11000:900193001:2:51,-0.8,2026-10-02T01:01:04.695736+02:00
295928965,de:11000:900192001:3:55,-0.7,2026-10-02T01:01:04.695736+02:00
295928965,de:11000:900191001:1:50,-0.4,2026-10-02T01:01:04.695736+02:00
295928965,de:11000:900077155:1:50,-0.9,2026-10-02T01:01:04.695736+02:00
295928965,de:11000:900078201:1:50,-0.9,2026-10-02T01:01:04.695736+02:00
295928965,de:11000:900079221:1:50,-0.7,2026-10-02T01:01:04.695736+02:00
295928925,de:11000:900079221:1:51,0.0,2026-10-02T01:01:04.695736+02:00
295928925,de:11000:900078201:1:51,-0.6,2026-10-02T01:01:04.695736+02:00
295928925,de:11000:900077155:1:51,-0.2,2026-10-02T01:01:04.695736+02:00
295928925,de:11000:900191001:2:51,-0.7,2026-10-02T01:01:04.695736+02:00
295928925,de:11000:900192001:2:52,-0.7,2026-10-02T01:01:04.695736+02:00
295928925,de:11000:900193001:1:50,-0.2,2026-10-02T01:01:04.695736+02:00
295928925,de:11000:900193002:1:50,-0.8,2026-10-02T01:01:04.695736+02:00
295928925,de:11000:900186001:1:51,-0.8,2026-10-02T01:01:04.695736+02:00
306895336,de:12067:900310925::1,0.0,2026-10-02T01:01:04.695736+02:00
306895336,de:12067:900310600::2,0.0,2026-10-02T01:01:04.695736+02:00
306895336,de:12067:900310829::1,0.0,2026-10-02T01:01:04.695736+02:00
306895336,de:12067:900310828::1,0.0,2026-10-02T01:01:04.695736+02:00
306895336,de:12067:900311080::1,0.0,2026-10-02T01:01:04.695736+02:00
306895336,de:12067:900310612::1,0.0,2026-10-02T01:01:04.695736+02:00
306895336,de:12067:900311050::2,0.0,2026-10-02T01:01:04.695736+02:00
306895336,de:12067:900310748::2,0.0,2026-10-02T01:01:04.695736+02:00
306895336,de:12067:900310749::1,0.0,2026-10-02T01:01:04.695736+02:00
306895336,de:12067:900310893::1,0.0,2026-10-02T01:01:04.695736+02:00
306895336,de:12067:900310893::1,-2.0,2026-10-02T01:01:04.695736+02:00
306895336,de:12067:900311418::1,0.0,2026-10-02T01:01:04.695736+02:00
306895336,de:12067:900310893::1,2.0,2026-10-02T01:01:04.695736+02:00
306895336,de:12067:900310893::1,0.0,2026-10-02T01:01:04.695736+02:00
306895336,de:12067:900310749::2,0.0,2026-10-02T01:01:04.695736+02:00
306895336,de:12067:900310748::1,0.0,2026-10-02T01:01:04.695736+02:00
306895336,de:12067:900311050::1,0.0,2026-10-02T01:01:04.695736+02:00
306895336,de:12067:900311056::1,0.0,2026-10-02T01:01:04.695736+02:00
306895336,de:12067:900311058::1,0.0,2026-10-02T01:01:04.695736+02:00
306895336,de:12067:900310611::2,0.0,2026-10-02T01:01:04.695736+02:00
295932992,de:11000:900058101:5:59,0.0,2026-10-02T01:01:04.695736+02:00
295932992,de:11000:900068201:1:51,-0.3,2026-10-02T01:01:04.695736+02:00
295932992,de:11000:900079221:1:51,-0.9,2026-10-02T01:01:04.695736+02:00
295932992,de:11000:900078201:1:51,-0.6,2026-10-02T01:01:04.695736+02:00
295932992,de:11000:900077155:1:51,-0.2,2026-10-02T01:01:04.695736+02:00
295932992,de:11000:900191001:2:51,-0.7,2026-10-02T01:01:04.695736+02:00
295932992,de:11000:900192001:2:53,-0.7,2026-10-02T01:01:04.695736+02:00
295932992,de:11000:900192002:1:50,-0.5,2026-10-02T01:01:04.695736+02:00
295932992,de:11000:900180003:1:50,-0.7,2026-10-02T01:01:04.695736+02:00
295933103,de:11000:900180003:1:50,0.0,2026-10-02T01:01:04.695736+02:00
295933103,de:11000:900192002:1:50,-0.4,2026-10-02T01:01:04.695736+02:00
295933103,de:11000:900192001:3:54,-0.2,2026-10-02T01:01:04.695736+02:00
295933103,de:11000:900191001:1:50,-0.9,2026-10-02T01:01:04.695736+02:00
295933103,de:11000:900077155:1:50,-0.4,2026-10-02T01:01:04.695736+02:00
295933103,de:11000:900078201:1:50,-0.9,2026-10-02T01:01:04.695736+02:00
295933103,de:11000:900079221:1:50,-0.7,2026-10-02T01:01:04.695736+02:00
295933103,de:11000:900068201:1:50,-0.3,2026-10-02T01:01:04.695736+02:00
295933103,de:11000:900058101:5:58,-0.6,2026-10-02T01:01:04.695736+02:00
307301947,de:11000:900048101:2:53,0.0,2026-10-02T01:01:04.695736+02:00
307301947,de:11000:900024102:2:52,-0.4,2026-10-02T01:01:04.695736+02:00
307301947,de:11000:900024101:3:55,-0.8,2026-10-02T01:01:04.695736+02:00
307301947,de:11000:900024203:1:51,-0.8,2026-10-02T01:01:04.695736+02:00
307301947,de:11000:900023201:3:54,-0.7,2026-10-02T01:01:04.695736+02:00
307301947,de:11000:900003103:1:50,-0.8,2026-10-02T01:01:04.695736+02:00
307301947,de:11000:900003102:1:50,-0.9,2026-10-02T01:01:04.695736+02:00
307301947,de:11000:900003201:3:54,-0.5,2026-10-02T01:01:04.695736+02:00
307301947,de:11000:900100001:3:54,-0.1,2026-10-02T01:01:04.695736+02:00
307301947,de:11000:900100002:1:50,-0.4,2026-10-02T01:01:04.695736+02:00
307301947,de:11000:900100003:2:52,-0.1,2026-10-02T01:01:04.695736+02:00
307301947,de:11000:900100004:1:50,-0.4,2026-10-02T01:01:04.695736+02:00
307301947,de:11000:900120005:4:55,-0.6,2026-10-02T01:01:04.695736+02:00
307301947,de:11000:900120004:1:50,-0.1,2026-10-02T01:01:04.695736+02:00
307301947,de:11000:900120003:2:53,-0.4,2026-10-02T01:01:04.695736+02:00
307301947,de:11000:900160003:1:50,-0.7,2026-10-02T01:01:04.695736+02:00
307301947,de:11000:900160004:1:50,-0.7,2026-10-02T01:01:04.695736+02:00
307301947,de:11000:900171002:1:50,-0.2,2026-10-02T01:01:04.695736+02:00
307301947,de:11000:900171001:2:51,-0.3,2026-10-02T01:01:04.695736+02:00
307301947,de:11000:900175001:2:51,-0.5,2026-10-02T01:01:04.695736+02:00
307301947,de:11000:900175002:1:51,0.0,2026-10-02T01:01:04.695736+02:00
307301947,de:11000:900176001:2:52,-0.3,2026-10-02T01:01:04.695736+02:00
307301947,de:12064:900320026:1:51,-0.1,2026-10-02T01:01:04.695736+02:00
307301947,de:12064:900320008:1:50,-0.7,2026-10-02T01:01:04.695736+02:00
307301947,de:12064:900320007:1:50,-0.4,2026-10-02T01:01:04.695736+02:00
307301947,de:12064:900320006:1:50,-0.8,2026-10-02T01:01:04.695736+02:00
307301947,de:12064:900320005:1:50,-0.2,2026-10-02T01:01:04.695736+02:00
307301947,de:12064:900320004:2:51,-0.9,2026-10-02T01:01:04.695736+02:00
307301947,de:12064:900320003:1:50,-0.8,2026-10-02T01:01:04.695736+02:00
307301947,de:12064:900320002:1:50,-0.5,2026-10-02T01:01:04.695736+02:00
307301947,de:12064:900320001:1:50,-0.2,2026-10-02T01:01:04.695736+02:00
307302000,de:11000:900024102:2:52,0.0,2026-10-02T01:01:04.695736+02:00
307302000,de:11000:900024101:3:55,-0.8,2026-10-02T01:01:04.695736+02:00
307302000,de:11000:900024203:1:51,-0.8,2026-10-02T01:01:04.695736+02:00
307302000,de:11000:900023201:3:54,-0.7,2026-10-02T01:01:04.695736+02:00
307302000,de:11000:900003103:1:50,-0.8,2026-10-02T01:01:04.695736+02:00
307302000,de:11000:900003102:1:50,-0.9,2026-10-02T01:01:04.695736+02:00
307302000,de:11000:900003201:3:54,-0.5,2026-10-02T01:01:04.695736+02:00
307302000,de:11000:900100001:3:54,-0.1,2026-10-02T01:01:04.695736+02:00
307302000,de:11000:900100002:1:50,-0.4,2026-10-02T01:01:04.695736+02:00
307302000,de:11000:900100003:2:52,-0.1,2026-10-02T01:01:04.695736+02:00
307302000,de:11000:900100004:1:50,-0.4,2026-10-02T01:01:04.695736+02:00
307302000,de:11000:900120005:4:55,-0.6,2026-10-02T01:01:04.695736+02:00
307302000,de:11000:900120004:1:50,-0.1,2026-10-02T01:01:04.695736+02:00
307302000,de:11000:900120003:2:53,-0.4,2026-10-02T01:01:04.695736+02:00
307302000,de:11000:900160003:1:50,-0.7,2026-10-02T01:01:04.695736+02:00
307302000,de:11000:900160004:1:50,-0.7,2026-10-02T01:01:04.695736+02:00
307302000,de:11000:900171002:1:50,-0.2,2026-10-02T01:01:04.695736+02:00
307302000,de:11000:900171001:2:51,-0.3,2026-10-02T01:01:04.695736+02:00
307302000,de:11000:900175001:2:51,-0.5,2026-10-02T01:01:04.695736+02:00
307302000,de:11000:900175002:1:51,0.0,2026-10-02T01:01:04.695736+02:00
307302000,de:11000:900176001:2:52,-0.3,2026-10-02T01:01:04.695736+02:00
307302000,de:12064:900320026:1:51,-0.1,2026-10-02T01:01:04.695736+02:00
307302000,de:12064:900320008:1:50,-0.7,2026-10-02T01:01:04.695736+02:00
307302000,de:12064:900320007:1:50,-0.4,2026-10-02T01:01:04.695736+02:00
307302000,de:12064:900320006:1:50,-0.8,2026-10-02T01:01:04.695736+02:00
307302000,de:12064:900320005:1:50,-0.2,2026-10-02T01:01:04.695736+02:00
307302000,de:12064:900320004:2:51,-0.9,2026-10-02T01:01:04.695736+02:00
307302000,de:12064:900320003:1:50,-0.8,2026-10-02T01:01:04.695736+02:00
307302000,de:12064:900320002:1:50,-0.5,2026-10-02T01:01:04.695736+02:00
307302000,de:12064:900320001:1:50,-0.2,2026-10-02T01:01:04.695736+02:00
307301993,de:11000:900024102:2:52,0.0,2026-10-02T01:01:04.695736+02:00
307301993,de:11000:900024101:3:55,-0.8,2026-10-02T01:01:04.695736+02:00
307301993,de:11000:900024203:1:51,-0.8,2026-10-02T01:01:04.695736+02:00
307301993,de:11000:900023201:3:54,-0.7,2026-10-02T01:01:04.695736+02:00
307301993,de:11000:900003103:1:50,-0.8,2026-10-02T01:01:04.695736+02:00
307301993,de:11000:900003102:1:50,-0.9,2026-10-02T01:01:04.695736+02:00
307301993,de:11000:900003201:3:54,-0.5,2026-10-02T01:01:04.695736+02:00
307301993,de:11000:900100001:3:54,-0.1,2026-10-02T01:01:04.695736+02:00
307301993,de:11000:900100002:1:50,-0.4,2026-10-02T01:01:04.695736+02:00
307301993,de:11000:900100003:2:52,-0.1,2026-10-02T01:01:04.695736+02:00
307301993,de:11000:900100004:1:50,-0.4,2026-10-02T01:01:04.695736+02:00
307301993,de:11000:900120005:4:55,-0.6,2026-10-02T01:01:04.695736+02:00
307301993,de:11000:900120004:1:50,-0.1,2026-10-02T01:01:04.695736+02:00
307301993,de:11000:900120003:2:53,-0.4,2026-10-02T01:01:04.695736+02:00
307301993,de:11000:900160003:1:50,-0.7,2026-10-02T01:01:04.695736+02:00
307301993,de:11000:900160004:1:50,-0.7,2026-10-02T01:01:04.695736+02:00
307301993,de:11000:900171002:1:50,-0.2,2026-10-02T01:01:04.695736+02:00
307301993,de:11000:900171001:2:51,-0.3,2026-10-02T01:01:04.695736+02:00
307301993,de:11000:900175001:2:51,-0.5,2026-10-02T01:01:04.695736+02:00
307301993,de:11000:900175002:1:51,0.0,2026-10-02T01:01:04.695736+02:00
307301993,de:11000:900176001:2:52,-0.3,2026-10-02T01:01:04.695736+02:00
307301993,de:12064:900320026:1:51,-0.1,2026-10-02T01:01:04.695736+02:00
307301993,de:12064:900320008:1:50,-0.7,2026-10-02T01:01:04.695736+02:00
307301993,de:12064:900320007:1:50,-0.4,2026-10-02T01:01:04.695736+02:00
307301993,de:12064:900320006:1:50,-0.8,2026-10-02T01:01:04.695736+02:00
307301993,de:12064:900320005:1:50,-0.2,2026-10-02T01:01:04.695736+02:00
307301993,de:12064:900320004:2:51,-0.9,2026-10-02T01:01:04.695736+02:00
307301993,de:12064:900320003:1:50,-0.8,2026-10-02T01:01:04.695736+02:00
307301993,de:12064:900320002:1:50,-0.5,2026-10-02T01:01:04.695736+02:00
307301993,de:12064:900320001:1:50,-0.2,2026-10-02T01:01:04.695736+02:00
295940771,de:11000:900120005:4:56,0.0,2026-10-02T01:01:04.695736+02:00
295940771,de:11000:900120004:1:51,-0.1,2026-10-02T01:01:04.695736+02:00
295940771,de:11000:900120003:2:52,-0.4,2026-10-02T01:01:04.695736+02:00
295940771,de:11000:900160003:1:50,-0.7,2026-10-02T01:01:04.695736+02:00
295940771,de:11000:900160004:1:50,-0.7,2026-10-02T01:01:04.695736+02:00
295940771,de:11000:900171002:1:50,-0.2,2026-10-02T01:01:04.695736+02:00
295940771,de:11000:900171001:2:51,-0.3,2026-10-02T01:01:04.695736+02:00
295940771,de:11000:900175001:2:51,-0.5,2026-10-02T01:01:04.695736+02:00
295940771,de:11000:900175002:1:51,0.0,2026-10-02T01:01:04.695736+02:00
295940771,de:11000:900176001:1:50,-0.7,2026-10-02T01:01:04.695736+02:00
306895380,de:12061:900260968::1,0.0,2026-10-02T01:01:04.695736+02:00
306895380,de:12061:900260584::1,0.0,2026-10-02T01:01:04.695736+02:00
306895380,de:12067:900310843::2,0.0,2026-10-02T01:01:04.695736+02:00
306895380,de:12067:900310842::2,0.0,2026-10-02T01:01:04.695736+02:00
306895380,de:12067:900310611::2,0.0,2026-10-02T01:01:04.695736+02:00
295940265,de:12064:900320008:1:51,0.0,2026-10-02T01:01:04.695736+02:00
295940265,de:12064:900320026:1:50,-0.3,2026-10-02T01:01:04.695736+02:00
295940265,de:11000:900176001:1:51,-0.7,2026-10-02T01:01:04.695736+02:00
295940265,de:11000:900175002:1:50,-0.7,2026-10-02T01:01:04.695736+02:00
295940265,de:11000:900175001:1:50,-0.6,2026-10-02T01:01:04.695736+02:00
295940265,de:11000:900171001:1:50,-0.3,2026-10-02T01:01:04.695736+02:00
295940265,de:11000:900171002:1:51,-0.4,2026-10-02T01:01:04.695736+02:00
295940265,de:11000:900160004:1:51,-0.8,2026-10-02T01:01:04.695736+02:00
295940265,de:11000:900160003:1:51,-0.9,2026-10-02T01:01:04.695736+02:00
295940265,de:11000:900120003:3:55,-0.1,2026-10-02T01:01:04.695736+02:00
295940265,de:11000:900120004:2:53,-0.6,2026-10-02T01:01:04.695736+02:00
295940265,de:11000:900120005:5:58,-0.9,2026-10-02T01:01:04.695736+02:00
295940265,de:11000:900100004:1:51,-0.4,2026-10-02T01:01:04.695736+02:00
295940265,de:11000:900100003:2:53,-0.4,2026-10-02T01:01:04.695736+02:00
295940265,de:11000:900100002:1:51,-0.4,2026-10-02T01:01:04.695736+02:00
295940265,de:11000:900100001:3:55,-0.4,2026-10-02T01:01:04.695736+02:00
295940265,de:11000:900003201:3:55,-0.1,2026-10-02T01:01:04.695736+02:00
295940265,de:11000:900003102:1:51,-0.8,2026-10-02T01:01:04.695736+02:00
295940265,de:11000:900003103:1:51,-0.9,2026-10-02T01:01:04.695736+02:00
295940265,de:11000:900023201:3:55,-0.8,2026-10-02T01:01:04.695736+02:00
295940265,de:11000:900024203:1:51,-0.8,2026-10-02T01:01:04.695736+02:00
295940265,de:11000:900024101:4:57,-0.8,2026-10-02T01:01:04.695736+02:00
295940265,de:11000:900024102:1:51,-0.1,2026-10-02T01:01:04.695736+02:00
295940315,de:11000:900176001:1:50,0.0,2026-10-02T01:01:04.695736+02:00
295940315,de:11000:900175002:1:50,-0.7,2026-10-02T01:01:04.695736+02:00
295940315,de:11000:900175001:1:50,-0.6,2026-10-02T01:01:04.695736+02:00
295940315,de:11000:900171001:1:50,-0.3,2026-10-02T01:01:04.695736+02:00
295940315,de:11000:900171002:1:51,-0.4,2026-10-02T01:01:04.695736+02:00
295940315,de:11000:900160004:1:51,-0.8,2026-10-02T01:01:04.695736+02:00
295940315,de:11000:900160003:1:51,-0.9,2026-10-02T01:01:04.695736+02:00
295940315,de:11000:900120003:3:55,-0.1,2026-10-02T01:01:04.695736+02:00
295940315,de:11000:900120004:2:53,-0.6,2026-10-02T01:01:04.695736+02:00
295940315,de:11000:900120005:5:58,-0.9,2026-10-02T01:01:04.695736+02:00
295940315,de:11000:900100004:1:51,-0.4,2026-10-02T01:01:04.695736+02:00
295940315,de:11000:900100003:2:53,-0.4,2026-10-02T01:01:04.695736+02:00
295940315,de:11000:900100002:1:51,-0.4,2026-10-02T01:01:04.695736+02:00
295940315,de:11000:900100001:3:55,-0.4,2026-10-02T01:01:04.695736+02:00
295940315,de:11000:900003201:3:55,-0.1,2026-10-02T01:01:04.695736+02:00
295940315,de:11000:900003102:1:51,-0.8,2026-10-02T01:01:04.695736+02:00
295940315,de:11000:900003103:1:51,-0.9,2026-10-02T01:01:04.695736+02:00
295940315,de:11000:900023201:3:55,-0.8,2026-10-02T01:01:04.695736+02:00
295940315,de:11000:900024203:1:51,-0.8,2026-10-02T01:01:04.695736+02:00
295940315,de:11000:900024101:4:57,-0.8,2026-10-02T01:01:04.695736+02:00
295940315,de:11000:900024102:1:51,-0.1,2026-10-02T01:01:04.695736+02:00
295940221,de:11000:900024102:2:52,0.0,2026-10-02T01:01:04.695736+02:00
295940221,de:11000:900024101:3:54,-0.8,2026-10-02T01:01:04.695736+02:00
295940221,de:11000:900024203:1:51,-0.8,2026-10-02T01:01:04.695736+02:00
295940221,de:11000:900023201:3:54,-0.7,2026-10-02T01:01:04.695736+02:00
295940221,de:11000:900003103:1:50,-0.8,2026-10-02T01:01:04.695736+02:00
295940221,de:11000:900003102:1:50,-0.9,2026-10-02T01:01:04.695736+02:00
295940221,de:11000:900003201:3:54,-0.5,2026-10-02T01:01:04.695736+02:00
295940221,de:11000:900100001:3:54,-0.1,2026-10-02T01:01:04.695736+02:00
295940221,de:11000:900100002:1:50,-0.4,2026-10-02T01:01:04.695736+02:00
295940221,de:11000:900100003:2:52,-0.1,2026-10-02T01:01:04.695736+02:00
295940221,de:11000:900100004:1:50,-0.4,2026-10-02T01:01:04.695736+02:00
295940221,de:11000:900120005:4:55,-0.6,2026-10-02T01:01:04.695736+02:00
295940221,de:11000:900120004:1:50,-0.1,2026-10-02T01:01:04.695736+02:00
295940221,de:11000:900120003:2:53,-0.4,2026-10-02T01:01:04.695736+02:00
295940221,de:11000:900160003:1:50,-0.7,2026-10-02T01:01:04.695736+02:00
295940221,de:11000:900160004:1:50,-0.7,2026-10-02T01:01:04.695736+02:00
295940221,de:11000:900171002:1:50,-0.2,2026-10-02T01:01:04.695736+02:00
295940221,de:11000:900171001:2:51,-0.3,2026-10-02T01:01:04.695736+02:00
295940221,de:11000:900175001:2:51,-0.5,2026-10-02T01:01:04.695736+02:00
295940221,de:11000:900175002:1:51,0.0,2026-10-02T01:01:04.695736+02:00
295940221,de:11000:900176001:1:50,-0.7,2026-10-02T01:01:04.695736+02:00
295940309,de:11000:900176001:1:50,0.0,2026-10-02T01:01:04.695736+02:00
295940309,de:11000:900175002:1:50,-0.7,2026-10-02T01:01:04.695736+02:00
295940309,de:11000:900175001:1:50,-0.6,2026-10-02T01:01:04.695736+02:00
295940309,de:11000:900171001:1:50,-0.3,2026-10-02T01:01:04.695736+02:00
295940309,de:11000:900171002:1:51,-0.4,2026-10-02T01:01:04.695736+02:00
295940309,de:11000:900160004:1:51,-0.8,2026-10-02T01:01:04.695736+02:00
295940309,de:11000:900160003:1:51,-0.9,2026-10-02T01:01:04.695736+02:00
295940309,de:11000:900120003:3:55,-0.1,2026-10-02T01:01:04.695736+02:00
295940309,de:11000:900120004:2:53,-0.6,2026-10-02T01:01:04.695736+02:00
295940309,de:11000:900120005:5:58,-0.9,2026-10-02T01:01:04.695736+02:00
295940309,de:11000:900100004:1:51,-0.4,2026-10-02T01:01:04.695736+02:00
295940309,de:11000:900100003:2:53,-0.4,2026-10-02T01:01:04.695736+02:00
295940309,de:11000:900100002:1:51,-0.4,2026-10-02T01:01:04.695736+02:00
295940309,de:11000:900100001:3:55,-0.4,2026-10-02T01:01:04.695736+02:00
295940309,de:11000:900003201:3:55,-0.1,2026-10-02T01:01:04.695736+02:00
295940309,de:11000:900003102:1:51,-0.8,2026-10-02T01:01:04.695736+02:00
295940309,de:11000:900003103:1:51,-0.9,2026-10-02T01:01:04.695736+02:00
295940309,de:11000:900023201:3:55,-0.8,2026-10-02T01:01:04.695736+02:00
295940309,de:11000:900024203:1:51,-0.8,2026-10-02T01:01:04.695736+02:00
295940309,de:11000:900024101:4:57,-0.8,2026-10-02T01:01:04.695736+02:00
295940309,de:11000:900024102:1:51,-0.1,2026-10-02T01:01:04.695736+02:00
306895204,de:12067:900311308::5,0.0,2026-10-02T01:01:04.695736+02:00
306895204,de:12067:900311380::1,0.0,2026-10-02T01:01:04.695736+02:00
306895204,de:12067:900311348::1,0.0,2026-10-02T01:01:04.695736+02:00
306895204,de:12067:900311315::1,0.0,2026-10-02T01:01:04.695736+02:00
306895204,de:12067:900311383::3,0.0,2026-10-02T01:01:04.695736+02:00
306895204,de:12067:900311312::1,0.0,2026-10-02T01:01:04.695736+02:00
306895204,de:12067:900311311::1,0.0,2026-10-02T01:01:04.695736+02:00
306895204,de:12067:900311402::2,0.0,2026-10-02T01:01:04.695736+02:00
306895204,de:12067:900311227::2,0.0,2026-10-02T01:01:04.695736+02:00
306895204,de:12067:900311239::1,0.0,2026-10-02T01:01:04.695736+02:00
306895204,de:12067:900311228::1,0.0,2026-10-02T01:01:04.695736+02:00
306895204,de:12067:900311269::1,0.0,2026-10-02T01:01:04.695736+02:00
306895204,de:12067:900310858::1,0.0,2026-10-02T01:01:04.695736+02:00
306895204,de:12067:900310060::1,0.0,2026-10-02T01:01:04.695736+02:00
306895204,de:12067:900310609::1,0.0,2026-10-02T01:01:04.695736+02:00
306895204,de:12067:900310909::1,0.0,2026-10-02T01:01:04.695736+02:00
306895204,de:12067:900310725::2,0.0,2026-10-02T01:01:04.695736+02:00
306895204,de:12067:900310738::2,0.0,2026-10-02T01:01:04.695736+02:00
306895204,de:12067:900310639::1,0.0,2026-10-02T01:01:04.695736+02:00
306895204,de:12067:900310626::1,0.0,2026-10-02T01:01:04.695736+02:00
306895204,de:12067:900311129::6,0.0,2026-10-02T01:01:04.695736+02:00
306895426,de:12067:900311083::3,0.0,2026-10-02T01:01:04.695736+02:00
306895426,de:12067:900310775::1,0.0,2026-10-02T01:01:04.695736+02:00
306895426,de:12067:900311083::2,0.0,2026-10-02T01:01:04.695736+02:00
306895426,de:12067:900310814::2,0.0,2026-10-02T01:01:04.695736+02:00
306895426,de:12067:900310628::2,0.0,2026-10-02T01:01:04.695736+02:00
306895426,de:12067:900310793::2,0.0,2026-10-02T01:01:04.695736+02:00
306895426,de:12067:900310774::1,0.0,2026-10-02T01:01:04.695736+02:00
306895426,de:12067:900310792::1,0.0,2026-10-02T01:01:04.695736+02:00
306895426,de:12067:900310825::1,0.0,2026-10-02T01:01:04.695736+02:00
306895426,de:12067:900310809::2,0.0,2026-10-02T01:01:04.695736+02:00
306895426,de:12067:900310787::2,0.0,2026-10-02T01:01:04.695736+02:00
306895426,de:12067:900310790::2,0.0,2026-10-02T01:01:04.695736+02:00
306895426,de:12067:900310788::2,0.0,2026-10-02T01:01:04.695736+02:00
306895426,de:12067:900310696::2,0.0,2026-10-02T01:01:04.695736+02:00
306895426,de:12067:900310001::11,0.0,2026-10-02T01:01:04.695736+02:00
306895426,de:12067:900310001::2,0.0,2026-10-02T01:01:04.695736+02:00
306895426,de:12067:900310816::1,0.0,2026-10-02T01:01:04.695736+02:00
306895426,de:12067:900310627::1,0.0,2026-10-02T01:01:04.695736+02:00
306895426,de:12067:900310781::1,0.0,2026-10-02T01:01:04.695736+02:00
306895426,de:12067:900310822::1,0.0,2026-10-02T01:01:04.695736+02:00
306895426,de:12067:900310808::1,0.0,2026-10-02T01:01:04.695736+02:00
306895426,de:12067:900310779::1,0.0,2026-10-02T01:01:04.695736+02:00
306895426,de:12067:900310995::1,0.0,2026-10-02T01:01:04.695736+02:00
306895426,de:12067:900311104::1,0.0,2026-10-02T01:01:04.695736+02:00
306895426,de:12067:900310784::1,0.0,2026-10-02T01:01:04.695736+02:00
306895426,de:12067:900310786::1,0.0,2026-10-02T01:01:04.695736+02:00
306895426,de:12067:900310768::1,0.0,2026-10-02T01:01:04.695736+02:00
306895426,de:12067:900310023::1,0.0,2026-10-02T01:01:04.695736+02:00
306895426,de:12067:900310778::1,0.0,2026-10-02T01:01:04.695736+02:00
306895426,de:12067:900310806::1,0.0,2026-10-02T01:01:04.695736+02:00
306895426,de:12067:900310812::1,0.0,2026-10-02T01:01:04.695736+02:00
306895426,de:12067:900310770::1,0.0,2026-10-02T01:01:04.695736+02:00
306895426,de:12067:900310010::3,0.0,2026-10-02T01:01:04.695736+02:00
306895426,de:12067:900310880::1,0.0,2026-10-02T01:01:04.695736+02:00
306895426,de:12067:900310815::1,0.0,2026-10-02T01:01:04.695736+02:00
306895426,de:12067:900310807::1,0.0,2026-10-02T01:01:04.695736+02:00
295953605,de:11000:900151001:1:51,0.0,2026-10-02T01:01:04.695736+02:00
295953605,de:11000:900152001:1:51,-0.6,2026-10-02T01:01:04.695736+02:00
295953605,de:11000:900152002:1:51,-0.2,2026-10-02T01:01:04.695736+02:00
295953605,de:11000:900171003:1:51,-0.9,2026-10-02T01:01:04.695736+02:00
295953605,de:11000:900171002:1:51,-0.9,2026-10-02T01:01:04.695736+02:00
295953605,de:11000:900160004:1:51,-0.3,2026-10-02T01:01:04.695736+02:00
295953605,de:11000:900160003:1:51,-0.4,2026-10-02T01:01:04.695736+02:00
295953605,de:11000:900120003:3:54,-0.6,2026-10-02T01:01:04.695736+02:00
295953605,de:11000:900120004:2:52,-0.1,2026-10-02T01:01:04.695736+02:00
295953499,de:11000:900120004:1:51,0.0,2026-10-02T01:01:04.695736+02:00
295953499,de:11000:900120003:2:52,-0.9,2026-10-02T01:01:04.695736+02:00
295953499,de:11000:900160003:1:50,-0.2,2026-10-02T01:01:04.695736+02:00
295953499,de:11000:900160004:1:50,-0.2,2026-10-02T01:01:04.695736+02:00
295953499,de:11000:900171002:1:50,-0.7,2026-10-02T01:01:04.695736+02:00
295953499,de:11000:900171003:1:50,-0.8,2026-10-02T01:01:04.695736+02:00
295953499,de:11000:900152002:1:50,-0.4,2026-10-02T01:01:04.695736+02:00
295953499,de:11000:900152001:1:50,-0.6,2026-10-02T01:01:04.695736+02:00
295953499,de:11000:900151001:1:51,-0.9,2026-10-02T01:01:04.695736+02:00
295953494,de:11000:900120004:1:51,0.0,2026-10-02T01:01:04.695736+02:00
295953494,de:11000:900120003:2:52,-0.9,2026-10-02T01:01:04.695736+02:00
295953494,de:11000:900160003:1:50,-0.2,2026-10-02T01:01:04.695736+02:00
295953494,de:11000:900160004:1:50,-0.2,2026-10-02T01:01:04.695736+02:00
295953494,de:11000:900171002:1:50,-0.7,2026-10-02T01:01:04.695736+02:00
295953494,de:11000:900171003:1:50,-0.8,2026-10-02T01:01:04.695736+02:00
295953494,de:11000:900152002:1:50,-0.4,2026-10-02T01:01:04.695736+02:00
295953494,de:11000:900152001:1:50,-0.6,2026-10-02T01:01:04.695736+02:00
295953494,de:11000:900151001:1:51,-0.9,2026-10-02T01:01:04.695736+02:00
295953583,de:11000:900151001:1:51,0.0,2026-10-02T01:01:04.695736+02:00
295953583,de:11000:900152001:1:51,-0.6,2026-10-02T01:01:04.695736+02:00
295953583,de:11000:900152002:1:51,-0.2,2026-10-02T01:01:04.695736+02:00
295953583,de:11000:900171003:1:51,-0.9,2026-10-02T01:01:04.695736+02:00
295953583,de:11000:900171002:1:51,-0.9,2026-10-02T01:01:04.695736+02:00
295953583,de:11000:900160004:1:51,-0.3,2026-10-02T01:01:04.695736+02:00
295953583,de:11000:900160003:1:51,-0.4,2026-10-02T01:01:04.695736+02:00
295953583,de:11000:900120003:3:54,-0.6,2026-10-02T01:01:04.695736+02:00
295953583,de:11000:900120004:2:52,-0.1,2026-10-02T01:01:04.695736+02:00
295953577,de:11000:900151001:1:51,0.0,2026-10-02T01:01:04.695736+02:00
295953577,de:11000:900152001:1:51,-0.6,2026-10-02T01:01:04.695736+02:00
295953577,de:11000:900152002:1:51,-0.2,2026-10-02T01:01:04.695736+02:00
295953577,de:11000:900171003:1:51,-0.9,2026-10-02T01:01:04.695736+02:00
295953577,de:11000:900171002:1:51,-0.9,2026-10-02T01:01:04.695736+02:00
295953577,de:11000:900160004:1:51,-0.3,2026-10-02T01:01:04.695736+02:00
295953577,de:11000:900160003:1:51,-0.4,2026-10-02T01:01:04.695736+02:00
295953577,de:11000:900120003:3:54,-0.6,2026-10-02T01:01:04.695736+02:00
295953577,de:11000:900120004:2:52,-0.1,2026-10-02T01:01:04.695736+02:00
295949484,de:12054:900230999:3:55,0.0,2026-10-02T01:01:04.695736+02:00
295949484,de:12054:900230000:1:50,-0.3,2026-10-02T01:01:04.695736+02:00
295949484,de:12054:900230003:1:54,-0.3,2026-10-02T01:01:04.695736+02:00
295949484,de:11000:900053301:2:53,-0.4,2026-10-02T01:01:04.695736+02:00
295949484,de:11000:900052201:2:53,-0.7,2026-10-02T01:01:04.695736+02:00
295949484,de:11000:900048101:2:53,-0.9,2026-10-02T01:01:04.695736+02:00
295949484,de:11000:900024102:2:53,-0.9,2026-10-02T01:01:04.695736+02:00
295949484,de:11000:900024101:3:55,-0.3,2026-10-02T01:01:04.695736+02:00
295949484,de:11000:900024203:1:51,-0.3,2026-10-02T01:01:04.695736+02:00
295949484,de:11000:900023201:3:54,-0.2,2026-10-02T01:01:04.695736+02:00
295949484,de:11000:900003103:1:50,-0.3,2026-10-02T01:01:04.695736+02:00
295949484,de:11000:900003102:1:50,-0.4,2026-10-02T01:01:04.695736+02:00
295949484,de:11000:900003201:3:54,0.0,2026-10-02T01:01:04.695736+02:00
295949484,de:11000:900100001:3:54,-0.6,2026-10-02T01:01:04.695736+02:00
295949484,de:11000:900100002:1:50,-0.9,2026-10-02T01:01:04.695736+02:00
295949484,de:11000:900100003:2:52,-0.6,2026-10-02T01:01:04.695736+02:00
295949484,de:11000:900100004:1:50,-0.9,2026-10-02T01:01:04.695736+02:00
295949484,de:11000:900120005:4:55,-0.1,2026-10-02T01:01:04.695736+02:00
295949484,de:11000:900120004:1:50,-0.6,2026-10-02T01:01:04.695736+02:00
295949484,de:11000:900120003:2:53,-0.9,2026-10-02T01:01:04.695736+02:00
295949484,de:11000:900160003:1:50,-0.2,2026-10-02T01:01:04.695736+02:00
295949484,de:11000:900160004:1:50,-0.2,2026-10-02T01:01:04.695736+02:00
295949484,de:11000:900171002:1:50,-0.7,2026-10-02T01:01:04.695736+02:00
295949484,de:11000:900171003:1:50,-0.8,2026-10-02T01:01:04.695736+02:00
295949484,de:11000:900170005:1:50,-0.3,2026-10-02T01:01:04.695736+02:00
295949484,de:11000:900170001:1:50,-0.1,2026-10-02T01:01:04.695736+02:00
295949484,de:11000:900170002:1:50,-0.9,2026-10-02T01:01:04.695736+02:00
295949484,de:11000:900170003:1:50,-0.7,2026-10-02T01:01:04.695736+02:00
295949484,de:11000:900170004:2:52,-0.9,2026-10-02T01:01:04.695736+02:00
295953541,de:11000:900151001:1:51,0.0,2026-10-02T01:01:04.695736+02:00
295953541,de:11000:900152001:1:51,-0.6,2026-10-02T01:01:04.695736+02:00
295953541,de:11000:900152002:1:51,-0.2,2026-10-02T01:01:04.695736+02:00
295953541,de:11000:900171003:1:51,-0.9,2026-10-02T01:01:04.695736+02:00
295953541,de:11000:900171002:1:51,-0.9,2026-10-02T01:01:04.695736+02:00
295953541,de:11000:900160004:1:51,-0.3,2026-10-02T01:01:04.695736+02:00
295953541,de:11000:900160003:1:51,-0.4,2026-10-02T01:01:04.695736+02:00
295953541,de:11000:900120003:3:55,-0.6,2026-10-02T01:01:04.695736+02:00
295953541,de:11000:900120004:2:53,-0.1,2026-10-02T01:01:04.695736+02:00
295953541,de:11000:900120005:5:57,-0.4,2026-10-02T01:01:04.695736+02:00
295953427,de:11000:900120005:4:56,0.0,2026-10-02T01:01:04.695736+02:00
295953427,de:11000:900120004:1:50,-0.6,2026-10-02T01:01:04.695736+02:00
295953427,de:11000:900120003:2:53,-0.9,2026-10-02T01:01:04.695736+02:00
295953427,de:11000:900160003:1:50,-0.2,2026-10-02T01:01:04.695736+02:00
295953427,de:11000:900160004:1:50,-0.2,2026-10-02T01:01:04.695736+02:00
295953427,de:11000:900171002:1:50,-0.7,2026-10-02T01:01:04.695736+02:00
295953427,de:11000:900171003:1:50,-0.8,2026-10-02T01:01:04.695736+02:00
295953427,de:11000:900152002:1:50,-0.4,2026-10-02T01:01:04.695736+02:00
295953427,de:11000:900152001:1:50,-0.6,2026-10-02T01:01:04.695736+02:00
295953427,de:11000:900151001:1:51,-0.9,2026-10-02T01:01:04.695736+02:00
306895469,de:12067:900311083::3,0.0,2026-10-02T01:01:04.695736+02:00
306895469,de:12067:900310775::1,0.0,2026-10-02T01:01:04.695736+02:00
306895469,de:12067:900311083::2,0.0,2026-10-02T01:01:04.695736+02:00
306895469,de:12067:900310814::2,0.0,2026-10-02T01:01:04.695736+02:00
306895469,de:12067:900310628::2,0.0,2026-10-02T01:01:04.695736+02:00
306895469,de:12067:900310793::2,0.0,2026-10-02T01:01:04.695736+02:00
306895469,de:12067:900310774::1,0.0,2026-10-02T01:01:04.695736+02:00
306895469,de:12067:900310792::1,0.0,2026-10-02T01:01:04.695736+02:00
306895469,de:12067:900310825::1,0.0,2026-10-02T01:01:04.695736+02:00
306895469,de:12067:900310809::2,0.0,2026-10-02T01:01:04.695736+02:00
306895469,de:12067:900310787::2,0.0,2026-10-02T01:01:04.695736+02:00
306895469,de:12067:900310790::2,0.0,2026-10-02T01:01:04.695736+02:00
306895469,de:12067:900310788::2,0.0,2026-10-02T01:01:04.695736+02:00
306895469,de:12067:900310696::2,0.0,2026-10-02T01:01:04.695736+02:00
306895469,de:12067:900310001::11,0.0,2026-10-02T01:01:04.695736+02:00
306895469,de:12067:900310001::2,0.0,2026-10-02T01:01:04.695736+02:00
306895469,de:12067:900310816::1,0.0,2026-10-02T01:01:04.695736+02:00
306895469,de:12067:900310627::1,0.0,2026-10-02T01:01:04.695736+02:00
306895469,de:12067:900310781::1,0.0,2026-10-02T01:01:04.695736+02:00
306895469,de:12067:900310822::1,0.0,2026-10-02T01:01:04.695736+02:00
306895469,de:12067:900310808::1,0.0,2026-10-02T01:01:04.695736+02:00
306895469,de:12067:900310794::1,0.0,2026-10-02T01:01:04.695736+02:00
306895469,de:12067:900310821::1,0.0,2026-10-02T01:01:04.695736+02:00
306895469,de:12067:900310806::1,0.0,2026-10-02T01:01:04.695736+02:00
306895469,de:12067:900310812::1,0.0,2026-10-02T01:01:04.695736+02:00
306895469,de:12067:900310770::1,0.0,2026-10-02T01:01:04.695736+02:00
306895469,de:12067:900310010::3,0.0,2026-10-02T01:01:04.695736+02:00
306895469,de:12067:900310880::1,0.0,2026-10-02T01:01:04.695736+02:00
306895469,de:12067:900310815::1,0.0,2026-10-02T01:01:04.695736+02:00
306895469,de:12067:900310807::1,0.0,2026-10-02T01:01:04.695736+02:00
295956077,de:11000:900151001:1:50,0.0,2026-10-02T01:01:04.695736+02:00
295956077,de:11000:900152001:1:51,-0.6,2026-10-02T01:01:04.695736+02:00
295956077,de:11000:900152002:1:51,-0.2,2026-10-02T01:01:04.695736+02:00
295956077,de:11000:900171003:1:51,-0.9,2026-10-02T01:01:04.695736+02:00
295956077,de:11000:900171002:1:51,-0.9,2026-10-02T01:01:04.695736+02:00
295956077,de:11000:900160004:1:51,-0.3,2026-10-02T01:01:04.695736+02:00
295956077,de:11000:900160003:1:51,-0.4,2026-10-02T01:01:04.695736+02:00
295956077,de:11000:900120003:3:54,-0.6,2026-10-02T01:01:04.695736+02:00
295956077,de:11000:900120004:2:52,-0.1,2026-10-02T01:01:04.695736+02:00
295956020,de:11000:900120004:1:51,0.0,2026-10-02T01:01:04.695736+02:00
295956020,de:11000:900120003:2:52,-0.9,2026-10-02T01:01:04.695736+02:00
295956020,de:11000:900160003:1:50,-0.2,2026-10-02T01:01:04.695736+02:00
295956020,de:11000:900160004:1:50,-0.2,2026-10-02T01:01:04.695736+02:00
295956020,de:11000:900171002:1:50,-0.7,2026-10-02T01:01:04.695736+02:00
295956020,de:11000:900171003:1:50,-0.8,2026-10-02T01:01:04.695736+02:00
295956020,de:11000:900152002:1:50,-0.4,2026-10-02T01:01:04.695736+02:00
295956020,de:11000:900152001:1:50,-0.6,2026-10-02T01:01:04.695736+02:00
295956020,de:11000:900151001:1:50,-0.9,2026-10-02T01:01:04.695736+02:00
295956019,de:11000:900120004:1:51,0.0,2026-10-02T01:01:04.695736+02:00
295956019,de:11000:900120003:2:52,-0.9,2026-10-02T01:01:04.695736+02:00
295956019,de:11000:900160003:1:50,-0.2,2026-10-02T01:01:04.695736+02:00
295956019,de:11000:900160004:1:50,-0.2,2026-10-02T01:01:04.695736+02:00
295956019,de:11000:900171002:1:50,-0.7,2026-10-02T01:01:04.695736+02:00
295956019,de:11000:900171003:1:50,-0.8,2026-10-02T01:01:04.695736+02:00
295956019,de:11000:900152002:1:50,-0.4,2026-10-02T01:01:04.695736+02:00
295956019,de:11000:900152001:1:50,-0.6,2026-10-02T01:01:04.695736+02:00
295956019,de:11000:900151001:1:50,-0.9,2026-10-02T01:01:04.695736+02:00
295956073,de:11000:900151001:1:50,0.0,2026-10-02T01:01:04.695736+02:00
295956073,de:11000:900152001:1:51,-0.6,2026-10-02T01:01:04.695736+02:00
295956073,de:11000:900152002:1:51,-0.2,2026-10-02T01:01:04.695736+02:00
295956073,de:11000:900171003:1:51,-0.9,2026-10-02T01:01:04.695736+02:00
295956073,de:11000:900171002:1:51,-0.9,2026-10-02T01:01:04.695736+02:00
295956073,de:11000:900160004:1:51,-0.3,2026-10-02T01:01:04.695736+02:00
295956073,de:11000:900160003:1:51,-0.4,2026-10-02T01:01:04.695736+02:00
295956073,de:11000:900120003:3:54,-0.6,2026-10-02T01:01:04.695736+02:00
295956073,de:11000:900120004:2:52,-0.1,2026-10-02T01:01:04.695736+02:00
295949462,de:12054:900230999:3:55,0.0,2026-10-02T01:01:04.695736+02:00
295949462,de:12054:900230000:1:50,-0.3,2026-10-02T01:01:04.695736+02:00
295949462,de:12054:900230003:1:54,-0.3,2026-10-02T01:01:04.695736+02:00
295949462,de:11000:900053301:2:53,-0.4,2026-10-02T01:01:04.695736+02:00
295949462,de:11000:900052201:2:53,-0.7,2026-10-02T01:01:04.695736+02:00
295949462,de:11000:900048101:2:53,-0.9,2026-10-02T01:01:04.695736+02:00
295949462,de:11000:900024102:2:53,-0.9,2026-10-02T01:01:04.695736+02:00
295949462,de:11000:900024101:3:55,-0.3,2026-10-02T01:01:04.695736+02:00
295949462,de:11000:900024203:1:51,-0.3,2026-10-02T01:01:04.695736+02:00
295949462,de:11000:900023201:3:54,-0.2,2026-10-02T01:01:04.695736+02:00
295949462,de:11000:900003103:1:50,-0.3,2026-10-02T01:01:04.695736+02:00
295949462,de:11000:900003102:1:50,-0.4,2026-10-02T01:01:04.695736+02:00
295949462,de:11000:900003201:3:54,0.0,2026-10-02T01:01:04.695736+02:00
295949462,de:11000:900100001:3:54,-0.6,2026-10-02T01:01:04.695736+02:00
295949462,de:11000:900100002:1:50,-0.9,2026-10-02T01:01:04.695736+02:00
295949462,de:11000:900100003:2:52,-0.6,2026-10-02T01:01:04.695736+02:00
295949462,de:11000:900100004:1:50,-0.9,2026-10-02T01:01:04.695736+02:00
295949462,de:11000:900120005:4:55,-0.1,2026-10-02T01:01:04.695736+02:00
295949462,de:11000:900120004:1:50,-0.6,2026-10-02T01:01:04.695736+02:00
295949462,de:11000:900120003:2:53,-0.9,2026-10-02T01:01:04.695736+02:00
295949462,de:11000:900160003:1:50,-0.2,2026-10-02T01:01:04.695736+02:00
295949462,de:11000:900160004:1:50,-0.2,2026-10-02T01:01:04.695736+02:00
295949462,de:11000:900171002:1:50,-0.7,2026-10-02T01:01:04.695736+02:00
295949462,de:11000:900171003:1:50,-0.8,2026-10-02T01:01:04.695736+02:00
295949462,de:11000:900170005:1:50,-0.3,2026-10-02T01:01:04.695736+02:00
295949462,de:11000:900170001:1:50,-0.1,2026-10-02T01:01:04.695736+02:00
295949462,de:11000:900170002:1:50,-0.9,2026-10-02T01:01:04.695736+02:00
295949462,de:11000:900170003:1:50,-0.7,2026-10-02T01:01:04.695736+02:00
295949462,de:11000:900170004:2:52,-0.9,2026-10-02T01:01:04.695736+02:00
295956057,de:11000:900151001:1:50,0.0,2026-10-02T01:01:04.695736+02:00
295956057,de:11000:900152001:1:51,-0.6,2026-10-02T01:01:04.695736+02:00
295956057,de:11000:900152002:1:51,-0.2,2026-10-02T01:01:04.695736+02:00
295956057,de:11000:900171003:1:51,-0.9,2026-10-02T01:01:04.695736+02:00
295956057,de:11000:900171002:1:51,-0.9,2026-10-02T01:01:04.695736+02:00
295956057,de:11000:900160004:1:51,-0.3,2026-10-02T01:01:04.695736+02:00
295956057,de:11000:900160003:1:51,-0.4,2026-10-02T01:01:04.695736+02:00
295956057,de:11000:900120003:3:54,-0.6,2026-10-02T01:01:04.695736+02:00
295956057,de:11000:900120004:2:52,-0.1,2026-10-02T01:01:04.695736+02:00
295949522,de:11000:900170004:2:52,0.0,2026-10-02T01:01:04.695736+02:00
295949522,de:11000:900170003:1:51,-0.3,2026-10-02T01:01:04.695736+02:00
295949522,de:11000:900170002:1:51,-0.1,2026-10-02T01:01:04.695736+02:00
295949522,de:11000:900170001:1:51,-0.9,2026-10-02T01:01:04.695736+02:00
295949522,de:11000:900170005:1:51,-0.7,2026-10-02T01:01:04.695736+02:00
295949522,de:11000:900171003:1:51,-0.6,2026-10-02T01:01:04.695736+02:00
295949522,de:11000:900171002:1:51,-0.9,2026-10-02T01:01:04.695736+02:00
295949522,de:11000:900160004:1:51,-0.3,2026-10-02T01:01:04.695736+02:00
295949522,de:11000:900160003:1:51,-0.4,2026-10-02T01:01:04.695736+02:00
295949522,de:11000:900120003:3:55,-0.6,2026-10-02T01:01:04.695736+02:00
295949522,de:11000:900120004:2:53,-0.1,2026-10-02T01:01:04.695736+02:00
295949522,de:11000:900120005:5:58,-0.4,2026-10-02T01:01:04.695736+02:00
295949522,de:11000:900100004:1:51,-0.9,2026-10-02T01:01:04.695736+02:00
295949522,de:11000:900100003:2:53,-0.9,2026-10-02T01:01:04.695736+02:00
295949522,de:11000:900100002:1:51,-0.9,2026-10-02T01:01:04.695736+02:00
295949522,de:11000:900100001:3:55,-0.9,2026-10-02T01:01:04.695736+02:00
295949522,de:11000:900003201:3:55,-0.6,2026-10-02T01:01:04.695736+02:00
295949522,de:11000:900003102:1:51,-0.3,2026-10-02T01:01:04.695736+02:00
295949522,de:11000:900003103:1:51,-0.4,2026-10-02T01:01:04.695736+02:00
295949522,de:11000:900023201:3:55,-0.3,2026-10-02T01:01:04.695736+02:00
295949522,de:11000:900024203:1:51,-0.3,2026-10-02T01:01:04.695736+02:00
295949522,de:11000:900024101:4:57,-0.3,2026-10-02T01:01:04.695736+02:00
295949522,de:11000:900024102:1:50,-0.6,2026-10-02T01:01:04.695736+02:00
295949522,de:11000:900048101:1:50,-0.8,2026-10-02T01:01:04.695736+02:00
295949522,de:11000:900052201:2:52,0.0,2026-10-02T01:01:04.695736+02:00
295949522,de:11000:900053301:1:50,-0.4,2026-10-02T01:01:04.695736+02:00
295949522,de:12054:900230003:1:50,-0.4,2026-10-02T01:01:04.695736+02:00
295949522,de:12054:900230000:1:51,-0.4,2026-10-02T01:01:04.695736+02:00
295949522,de:12054:900230999:3:54,-0.9,2026-10-02T01:01:04.695736+02:00
306895289,de:12067:900310001::3,0.0,2026-10-02T01:01:04.695736+02:00
306895289,de:12067:900310816::1,0.0,2026-10-02T01:01:04.695736+02:00
306895289,de:12067:900310627::1,0.0,2026-10-02T01:01:04.695736+02:00
306895289,de:12067:900310781::1,0.0,2026-10-02T01:01:04.695736+02:00
306895289,de:12067:900310822::1,0.0,2026-10-02T01:01:04.695736+02:00
306895289,de:12067:900310771::1,0.0,2026-10-02T01:01:04.695736+02:00
306895289,de:12067:900310800::1,0.0,2026-10-02T01:01:04.695736+02:00
306895289,de:12067:900310879::1,0.0,2026-10-02T01:01:04.695736+02:00
306895289,de:12067:900310010::4,0.0,2026-10-02T01:01:04.695736+02:00
306895289,de:12067:900310880::1,0.0,2026-10-02T01:01:04.695736+02:00
306895289,de:12067:900310900::1,0.0,2026-10-02T01:01:04.695736+02:00
306895289,de:12067:900310917::1,0.0,2026-10-02T01:01:04.695736+02:00
306895289,de:12067:900310916::1,-0.5,2026-10-02T01:01:04.695736+02:00
306895289,de:12067:900310915::1,-0.5,2026-10-02T01:01:04.695736+02:00
306895289,de:12067:900310703::4,0.0,2026-10-02T01:01:04.695736+02:00
306895289,de:12067:900310914::1,0.0,2026-10-02T01:01:04.695736+02:00
306895289,de:12067:900310974::1,0.0,2026-10-02T01:01:04.695736+02:00
306895289,de:12067:900311084::1,0.0,2026-10-02T01:01:04.695736+02:00
306895289,de:12067:900311092::1,0.0,2026-10-02T01:01:04.695736+02:00
306895289,de:12067:900310866::2,0.0,2026-10-02T01:01:04.695736+02:00
306895289,de:12067:900311160::1,0.0,2026-10-02T01:01:04.695736+02:00
306895289,de:12067:900310874::1,0.0,2026-10-02T01:01:04.695736+02:00
306895289,de:12067:900310874::1,-6.0,2026-10-02T01:01:04.695736+02:00
306895289,de:12067:900310925::1,0.0,2026-10-02T01:01:04.695736+02:00
306895289,de:12067:900310874::1,6.0,2026-10-02T01:01:04.695736+02:00
306895289,de:12067:900310874::1,0.0,2026-10-02T01:01:04.695736+02:00
306895289,de:12067:900311085::2,0.0,2026-10-02T01:01:04.695736+02:00
306895289,de:12067:900310908::1,0.0,2026-10-02T01:01:04.695736+02:00
306895289,de:12067:900311020::1,0.0,2026-10-02T01:01:04.695736+02:00
306895289,de:12067:900310834::1,0.0,2026-10-02T01:01:04.695736+02:00
306895289,de:12067:900311020::2,0.0,2026-10-02T01:01:04.695736+02:00
306895289,de:12067:900311002::1,0.0,2026-10-02T01:01:04.695736+02:00
306895289,de:12067:900310841::1,0.0,2026-10-02T01:01:04.695736+02:00
306895289,de:12067:900310737::1,0.0,2026-10-02T01:01:04.695736+02:00
306895289,de:12067:900310736::1,0.0,2026-10-02T01:01:04.695736+02:00
306895289,de:12067:900310740::1,0.0,2026-10-02T01:01:04.695736+02:00
306895289,de:12067:900310716::2,0.0,2026-10-02T01:01:04.695736+02:00
306895289,de:12067:900310942::2,0.0,2026-10-02T01:01:04.695736+02:00
306895289,de:12067:900310721::1,0.0,2026-10-02T01:01:04.695736+02:00
306895289,de:12067:900310755::2,0.0,2026-10-02T01:01:04.695736+02:00
306895289,de:12067:900310728::3,0.0,2026-10-02T01:01:04.695736+02:00
306895289,de:12067:900311129::6,0.0,2026-10-02T01:01:04.695736+02:00
295960054,de:12061:900260002:1:50,0.0,2026-10-02T01:01:04.695736+02:00
295960054,de:12061:900260003:1:51,-0.7,2026-10-02T01:01:04.695736+02:00
295960054,de:12061:900260004:1:51,-0.9,2026-10-02T01:01:04.695736+02:00
295960054,de:11000:900186001:2:53,-0.2,2026-10-02T01:01:04.695736+02:00
295960054,de:11000:900193002:1:51,-0.2,2026-10-02T01:01:04.695736+02:00
295960054,de:11000:900193001:2:51,-0.8,2026-10-02T01:01:04.695736+02:00
295960054,de:11000:900192001:3:55,-0.7,2026-10-02T01:01:04.695736+02:00
295960054,de:11000:900191001:1:50,-0.4,2026-10-02T01:01:04.695736+02:00
295960054,de:11000:900191002:1:51,-0.8,2026-10-02T01:01:04.695736+02:00
295960054,de:11000:900190001:2:53,-0.6,2026-10-02T01:01:04.695736+02:00
295960054,de:11000:900120003:5:59,0.0,2026-10-02T01:01:04.695736+02:00
295960054,de:11000:900120001:1:51,-0.6,2026-10-02T01:01:04.695736+02:00
295960054,de:11000:900110012:1:51,-0.8,2026-10-02T01:01:04.695736+02:00
295960054,de:11000:900110004:1:51,-0.7,2026-10-02T01:01:04.695736+02:00
295960054,de:11000:900110003:1:51,0.0,2026-10-02T01:01:04.695736+02:00
295960054,de:11000:900110002:1:51,0.0,2026-10-02T01:01:04.695736+02:00
295960054,de:11000:900110001:1:51,-0.7,2026-10-02T01:01:04.695736+02:00
295960054,de:11000:900110011:2:52,-0.4,2026-10-02T01:01:04.695736+02:00
295960054,de:11000:900130002:1:50,0.0,2026-10-02T01:01:04.695736+02:00
295960054,de:11000:900130001:1:50,-0.7,2026-10-02T01:01:04.695736+02:00
295960054,de:11000:900142001:1:50,-0.2,2026-10-02T01:01:04.695736+02:00
295960054,de:12065:900200013:1:50,-0.3,2026-10-02T01:01:04.695736+02:00
295960054,de:12065:900200012:1:50,-0.9,2026-10-02T01:01:04.695736+02:00
295960054,de:12065:900200011:1:50,-0.4,2026-10-02T01:01:04.695736+02:00
295960054,de:12065:900200009:1:50,-0.9,2026-10-02T01:01:04.695736+02:00
295960054,de:12065:900200008:1:50,-0.9,2026-10-02T01:01:04.695736+02:00
295959988,de:12065:900200008:1:51,0.0,2026-10-02T01:01:04.695736+02:00
295959988,de:12065:900200009:1:51,-0.7,2026-10-02T01:01:04.695736+02:00
295959988,de:12065:900200011:1:51,-0.3,2026-10-02T01:01:04.695736+02:00
295959988,de:12065:900200012:1:51,-0.8,2026-10-02T01:01:04.695736+02:00
295959988,de:12065:900200013:1:50,-0.4,2026-10-02T01:01:04.695736+02:00
295959988,de:11000:900142001:1:51,-0.7,2026-10-02T01:01:04.695736+02:00
295959988,de:11000:900130001:1:51,-0.2,2026-10-02T01:01:04.695736+02:00
295959988,de:11000:900130002:1:51,-0.7,2026-10-02T01:01:04.695736+02:00
295959988,de:11000:900110011:1:51,-0.2,2026-10-02T01:01:04.695736+02:00
295959988,de:11000:900110001:1:50,-0.2,2026-10-02T01:01:04.695736+02:00
295959988,de:11000:900110002:1:50,-0.9,2026-10-02T01:01:04.695736+02:00
295959988,de:11000:900110003:1:50,-0.9,2026-10-02T01:01:04.695736+02:00
295959988,de:11000:900110004:1:50,-0.3,2026-10-02T01:01:04.695736+02:00
295959988,de:11000:900110012:1:50,-0.2,2026-10-02T01:01:04.695736+02:00
295959988,de:11000:900120001:1:50,-0.2,2026-10-02T01:01:04.695736+02:00
295959988,de:11000:900120003:5:58,-0.6,2026-10-02T01:01:04.695736+02:00
295959988,de:11000:900190001:1:50,-0.1,2026-10-02T01:01:04.695736+02:00
295959988,de:11000:900191002:1:50,0.0,2026-10-02T01:01:04.695736+02:00
295959988,de:11000:900191001:2:52,-0.4,2026-10-02T01:01:04.695736+02:00
295959988,de:11000:900192001:2:52,-0.2,2026-10-02T01:01:04.695736+02:00
295959988,de:11000:900193001:1:50,-0.7,2026-10-02T01:01:04.695736+02:00
295959988,de:11000:900193002:1:50,-0.3,2026-10-02T01:01:04.695736+02:00
295959988,de:11000:900186001:1:50,-0.3,2026-10-02T01:01:04.695736+02:00
295959988,de:12061:900260004:1:50,-0.7,2026-10-02T01:01:04.695736+02:00
295959988,de:12061:900260003:1:50,-0.9,2026-10-02T01:01:04.695736+02:00
295959988,de:12061:900260002:1:50,-0.9,2026-10-02T01:01:04.695736+02:00
295959958,de:12065:900200008:1:51,0.0,2026-10-02T01:01:04.695736+02:00
295959958,de:12065:900200009:1:51,-0.7,2026-10-02T01:01:04.695736+02:00
295959958,de:12065:900200011:1:51,-0.3,2026-10-02T01:01:04.695736+02:00
295959958,de:12065:900200012:1:51,-0.8,2026-10-02T01:01:04.695736+02:00
295959958,de:12065:900200013:1:50,-0.4,2026-10-02T01:01:04.695736+02:00
295959958,de:11000:900142001:1:51,-0.7,2026-10-02T01:01:04.695736+02:00
295959958,de:11000:900130001:1:51,-0.2,2026-10-02T01:01:04.695736+02:00
295959958,de:11000:900130002:1:51,-0.7,2026-10-02T01:01:04.695736+02:00
295959958,de:11000:900110011:1:51,-0.2,2026-10-02T01:01:04.695736+02:00
295959958,de:11000:900110001:1:50,-0.2,2026-10-02T01:01:04.695736+02:00
295959958,de:11000:900110002:1:50,-0.9,2026-10-02T01:01:04.695736+02:00
295959958,de:11000:900110003:1:50,-0.9,2026-10-02T01:01:04.695736+02:00
295959958,de:11000:900110004:1:50,-0.3,2026-10-02T01:01:04.695736+02:00
295959958,de:11000:900110012:1:50,-0.2,2026-10-02T01:01:04.695736+02:00
295959958,de:11000:900120001:1:50,-0.2,2026-10-02T01:01:04.695736+02:00
295959958,de:11000:900120003:5:58,-0.6,2026-10-02T01:01:04.695736+02:00
295959958,de:11000:900190001:1:50,-0.1,2026-10-02T01:01:04.695736+02:00
295959958,de:11000:900191002:1:50,0.0,2026-10-02T01:01:04.695736+02:00
295959958,de:11000:900191001:2:52,-0.4,2026-10-02T01:01:04.695736+02:00
295959958,de:11000:900192001:2:52,-0.2,2026-10-02T01:01:04.695736+02:00
295959958,de:11000:900193001:1:50,-0.7,2026-10-02T01:01:04.695736+02:00
295959958,de:11000:900193002:1:50,-0.3,2026-10-02T01:01:04.695736+02:00
295959958,de:11000:900186001:1:51,-0.3,2026-10-02T01:01:04.695736+02:00
295963743,de:12061:900260009:3:56,0.0,2026-10-02T01:01:04.695736+02:00
295963743,de:12061:900260080:1:51,-0.7,2026-10-02T01:01:04.695736+02:00
295963743,de:12061:900260005:3:55,0.0,2026-10-02T01:01:04.695736+02:00
295963743,de:11000:900196001:1:51,0.0,2026-10-02T01:01:04.695736+02:00
295963743,de:11000:900195510:1:50,-0.4,2026-10-02T01:01:04.695736+02:00
295963743,de:11000:900193002:1:51,-0.6,2026-10-02T01:01:04.695736+02:00
295963743,de:11000:900193001:2:51,-0.3,2026-10-02T01:01:04.695736+02:00
295963743,de:11000:900192001:3:55,-0.2,2026-10-02T01:01:04.695736+02:00
295963743,de:11000:900191001:1:50,-0.9,2026-10-02T01:01:04.695736+02:00
295963743,de:11000:900191002:1:51,-0.3,2026-10-02T01:01:04.695736+02:00
295963743,de:11000:900190001:2:53,-0.1,2026-10-02T01:01:04.695736+02:00
295963743,de:11000:900120003:5:59,-0.3,2026-10-02T01:01:04.695736+02:00
295963743,de:11000:900120001:1:51,-0.6,2026-10-02T01:01:04.695736+02:00
295963743,de:11000:900110012:1:51,-0.8,2026-10-02T01:01:04.695736+02:00
295963743,de:11000:900110004:1:51,-0.7,2026-10-02T01:01:04.695736+02:00
295963743,de:11000:900110003:1:51,0.0,2026-10-02T01:01:04.695736+02:00
295963743,de:11000:900110002:1:51,0.0,2026-10-02T01:01:04.695736+02:00
295963743,de:11000:900110001:1:51,-0.7,2026-10-02T01:01:04.695736+02:00
295963743,de:11000:900110011:2:53,-0.4,2026-10-02T01:01:04.695736+02:00
295963743,de:11000:900085201:1:50,-0.8,2026-10-02T01:01:04.695736+02:00
295963743,de:11000:900084101:1:50,-0.7,2026-10-02T01:01:04.695736+02:00
295963743,de:11000:900096101:1:50,-0.8,2026-10-02T01:01:04.695736+02:00
295963743,de:11000:900094101:1:50,-0.3,2026-10-02T01:01:04.695736+02:00
295963743,de:11000:900093201:1:50,-0.4,2026-10-02T01:01:04.695736+02:00
295963743,de:11000:900092201:1:51,-0.2,2026-10-02T01:01:04.695736+02:00
295963734,de:12061:900260009:3:56,0.0,2026-10-02T01:01:04.695736+02:00
295963734,de:12061:900260080:1:51,-0.7,2026-10-02T01:01:04.695736+02:00
295963734,de:12061:900260005:3:55,0.0,2026-10-02T01:01:04.695736+02:00
295963734,de:11000:900196001:1:51,0.0,2026-10-02T01:01:04.695736+02:00
295963734,de:11000:900195510:1:50,-0.4,2026-10-02T01:01:04.695736+02:00
295963734,de:11000:900193002:1:51,-0.6,2026-10-02T01:01:04.695736+02:00
295963734,de:11000:900193001:2:51,-0.3,2026-10-02T01:01:04.695736+02:00
295963734,de:11000:900192001:3:55,-0.2,2026-10-02T01:01:04.695736+02:00
295963734,de:11000:900191001:1:50,-0.9,2026-10-02T01:01:04.695736+02:00
295963734,de:11000:900191002:1:51,-0.3,2026-10-02T01:01:04.695736+02:00
295963734,de:11000:900190001:2:53,-0.1,2026-10-02T01:01:04.695736+02:00
295963734,de:11000:900120003:5:59,-0.3,2026-10-02T01:01:04.695736+02:00
295963734,de:11000:900120001:1:51,-0.6,2026-10-02T01:01:04.695736+02:00
295963734,de:11000:900110012:1:51,-0.8,2026-10-02T01:01:04.695736+02:00
295963734,de:11000:900110004:1:51,-0.7,2026-10-02T01:01:04.695736+02:00
295963734,de:11000:900110003:1:51,0.0,2026-10-02T01:01:04.695736+02:00
295963734,de:11000:900110002:1:51,0.0,2026-10-02T01:01:04.695736+02:00
295963734,de:11000:900110001:1:51,-0.7,2026-10-02T01:01:04.695736+02:00
295963734,de:11000:900110011:2:53,-0.4,2026-10-02T01:01:04.695736+02:00
295963734,de:11000:900085201:1:50,-0.8,2026-10-02T01:01:04.695736+02:00
295963734,de:11000:900084101:1:50,-0.7,2026-10-02T01:01:04.695736+02:00
295963734,de:11000:900096101:1:50,-0.8,2026-10-02T01:01:04.695736+02:00
295963734,de:11000:900094101:1:50,-0.3,2026-10-02T01:01:04.695736+02:00
295963734,de:11000:900093201:1:50,-0.4,2026-10-02T01:01:04.695736+02:00
295963734,de:11000:900092201:1:51,-0.2,2026-10-02T01:01:04.695736+02:00
295963721,de:12061:900260009:3:56,0.0,2026-10-02T01:01:04.695736+02:00
295963721,de:12061:900260080:1:51,-0.7,2026-10-02T01:01:04.695736+02:00
295963721,de:12061:900260005:3:55,0.0,2026-10-02T01:01:04.695736+02:00
295963721,de:11000:900196001:1:51,0.0,2026-10-02T01:01:04.695736+02:00
295963721,de:11000:900195510:1:50,-0.4,2026-10-02T01:01:04.695736+02:00
295963721,de:11000:900193002:1:51,-0.6,2026-10-02T01:01:04.695736+02:00
295963721,de:11000:900193001:2:51,-0.3,2026-10-02T01:01:04.695736+02:00
295963721,de:11000:900192001:3:55,-0.2,2026-10-02T01:01:04.695736+02:00
295963721,de:11000:900191001:1:50,-0.9,2026-10-02T01:01:04.695736+02:00
295963721,de:11000:900191002:1:51,-0.3,2026-10-02T01:01:04.695736+02:00
295963721,de:11000:900190001:2:53,-0.1,2026-10-02T01:01:04.695736+02:00
295963721,de:11000:900120003:5:59,-0.3,2026-10-02T01:01:04.695736+02:00
295963721,de:11000:900120001:1:51,-0.6,2026-10-02T01:01:04.695736+02:00
295963721,de:11000:900110012:1:51,-0.8,2026-10-02T01:01:04.695736+02:00
295963721,de:11000:900110004:1:51,-0.7,2026-10-02T01:01:04.695736+02:00
295963721,de:11000:900110003:1:51,0.0,2026-10-02T01:01:04.695736+02:00
295963721,de:11000:900110002:1:51,0.0,2026-10-02T01:01:04.695736+02:00
295963721,de:11000:900110001:1:51,-0.7,2026-10-02T01:01:04.695736+02:00
295963721,de:11000:900110011:2:53,-0.4,2026-10-02T01:01:04.695736+02:00
295963721,de:11000:900085201:1:50,-0.8,2026-10-02T01:01:04.695736+02:00
295963721,de:11000:900084101:1:50,-0.7,2026-10-02T01:01:04.695736+02:00
295963721,de:11000:900096101:1:50,-0.8,2026-10-02T01:01:04.695736+02:00
295963721,de:11000:900094101:1:50,-0.3,2026-10-02T01:01:04.695736+02:00
295963721,de:11000:900093201:1:50,-0.4,2026-10-02T01:01:04.695736+02:00
295963721,de:11000:900092201:1:51,-0.2,2026-10-02T01:01:04.695736+02:00
295967951,de:12061:900260009:3:55,0.0,2026-10-02T01:01:04.695736+02:00
295967951,de:12061:900260080:1:51,-0.7,2026-10-02T01:01:04.695736+02:00
295967951,de:12061:900260005:3:55,0.0,2026-10-02T01:01:04.695736+02:00
295967951,de:11000:900196001:1:51,0.0,2026-10-02T01:01:04.695736+02:00
295967951,de:11000:900195510:1:50,-0.4,2026-10-02T01:01:04.695736+02:00
295967951,de:11000:900193002:1:51,-0.6,2026-10-02T01:01:04.695736+02:00
295967951,de:11000:900193001:2:51,-0.3,2026-10-02T01:01:04.695736+02:00
295967951,de:11000:900192001:3:55,-0.2,2026-10-02T01:01:04.695736+02:00
295967951,de:11000:900191001:1:50,0.0,2026-10-02T01:01:04.695736+02:00
295967951,de:11000:900191002:1:51,-0.7,2026-10-02T01:01:04.695736+02:00
295967951,de:11000:900190001:2:53,-0.4,2026-10-02T01:01:04.695736+02:00
295967951,de:11000:900120004:2:53,-0.9,2026-10-02T01:01:04.695736+02:00
295967951,de:11000:900120005:5:58,-0.1,2026-10-02T01:01:04.695736+02:00
295967951,de:11000:900100004:1:51,-0.4,2026-10-02T01:01:04.695736+02:00
295967951,de:11000:900100003:2:53,-0.4,2026-10-02T01:01:04.695736+02:00
295967951,de:11000:900100002:1:51,-0.4,2026-10-02T01:01:04.695736+02:00
295967951,de:11000:900100001:3:55,-0.4,2026-10-02T01:01:04.695736+02:00
295967951,de:11000:900003201:3:55,-0.1,2026-10-02T01:01:04.695736+02:00
295967951,de:11000:900003102:1:51,-0.8,2026-10-02T01:01:04.695736+02:00
295967951,de:11000:900003103:1:51,-0.9,2026-10-02T01:01:04.695736+02:00
295967951,de:11000:900023201:3:55,-0.8,2026-10-02T01:01:04.695736+02:00
295967951,de:11000:900024203:1:51,-0.8,2026-10-02T01:01:04.695736+02:00
295967951,de:11000:900024101:4:57,-0.8,2026-10-02T01:01:04.695736+02:00
295967951,de:11000:900024102:1:50,-0.1,2026-10-02T01:01:04.695736+02:00
295967951,de:11000:900025423:1:50,-0.4,2026-10-02T01:01:04.695736+02:00
295967951,de:11000:900026105:1:50,-0.7,2026-10-02T01:01:04.695736+02:00
295967951,de:11000:900025321:1:50,-0.3,2026-10-02T01:01:04.695736+02:00
295967951,de:11000:900025424:1:50,-0.3,2026-10-02T01:01:04.695736+02:00
295967951,de:11000:900030202:1:50,-0.9,2026-10-02T01:01:04.695736+02:00
295967951,de:11000:900029101:1:51,-0.9,2026-10-02T01:01:04.695736+02:00
307435205,de:12061:900260611:1:50,0.0,2026-10-02T01:01:04.695736+02:00
307435205,de:12061:900260019:1:50,0.0,2026-10-02T01:01:04.695736+02:00
307435205,de:12061:900261512:2:51,0.0,2026-10-02T01:01:04.695736+02:00
307435205,de:12066:900435602:2:51,0.0,2026-10-02T01:01:04.695736+02:00
307435205,de:12066:900435697:1:50,0.0,2026-10-02T01:01:04.695736+02:00
307435205,de:12066:900435884:1:50,0.0,2026-10-02T01:01:04.695736+02:00
307435205,de:12071:900445956:1:50,0.0,2026-10-02T01:01:04.695736+02:00
307435205,de:12071:900445884:1:50,0.0,2026-10-02T01:01:04.695736+02:00
307435205,de:12052:900470000:2:52,0.0,2026-10-02T01:01:04.695736+02:00
295967887,de:12061:900260009:3:55,0.0,2026-10-02T01:01:04.695736+02:00
295967887,de:12061:900260080:1:51,-0.7,2026-10-02T01:01:04.695736+02:00
295967887,de:12061:900260005:3:55,0.0,2026-10-02T01:01:04.695736+02:00
295967887,de:11000:900196001:1:51,0.0,2026-10-02T01:01:04.695736+02:00
295967887,de:11000:900195510:1:50,-0.4,2026-10-02T01:01:04.695736+02:00
295967887,de:11000:900193002:1:51,-0.6,2026-10-02T01:01:04.695736+02:00
295967887,de:11000:900193001:2:51,-0.3,2026-10-02T01:01:04.695736+02:00
295967887,de:11000:900192001:3:55,-0.2,2026-10-02T01:01:04.695736+02:00
295967887,de:11000:900191001:1:50,0.0,2026-10-02T01:01:04.695736+02:00
295967887,de:11000:900191002:1:51,-0.7,2026-10-02T01:01:04.695736+02:00
295967887,de:11000:900190001:2:53,-0.4,2026-10-02T01:01:04.695736+02:00
295967887,de:11000:900120004:2:52,-0.9,2026-10-02T01:01:04.695736+02:00
295967887,de:11000:900120005:5:57,-0.1,2026-10-02T01:01:04.695736+02:00
295967887,de:11000:900100004:1:51,-0.4,2026-10-02T01:01:04.695736+02:00
295967887,de:11000:900100003:2:53,-0.4,2026-10-02T01:01:04.695736+02:00
295967887,de:11000:900100002:1:51,-0.4,2026-10-02T01:01:04.695736+02:00
295967887,de:11000:900100001:3:55,-0.4,2026-10-02T01:01:04.695736+02:00
295967887,de:11000:900003201:3:55,-0.1,2026-10-02T01:01:04.695736+02:00
295967887,de:11000:900003102:1:51,-0.8,2026-10-02T01:01:04.695736+02:00
295967887,de:11000:900003103:1:51,-0.9,2026-10-02T01:01:04.695736+02:00
295967887,de:11000:900023201:3:55,-0.8,2026-10-02T01:01:04.695736+02:00
295967887,de:11000:900024203:1:51,-0.8,2026-10-02T01:01:04.695736+02:00
295967887,de:11000:900024101:4:57,-0.8,2026-10-02T01:01:04.695736+02:00
295967887,de:11000:900024102:1:50,-0.1,2026-10-02T01:01:04.695736+02:00
295967887,de:11000:900025423:1:50,-0.4,2026-10-02T01:01:04.695736+02:00
295967887,de:11000:900026105:1:50,-0.7,2026-10-02T01:01:04.695736+02:00
295967887,de:11000:900025321:1:50,-0.3,2026-10-02T01:01:04.695736+02:00
295967887,de:11000:900025424:1:50,-0.3,2026-10-02T01:01:04.695736+02:00
295967887,de:11000:900030202:1:50,-0.9,2026-10-02T01:01:04.695736+02:00
295967887,de:11000:900029101:1:51,-0.9,2026-10-02T01:01:04.695736+02:00
306895690,de:12067:900310807::1,0.0,2026-10-02T01:01:04.695736+02:00
306895690,de:12067:900310815::2,0.0,2026-10-02T01:01:04.695736+02:00
306895690,de:12067:900310880::2,0.0,2026-10-02T01:01:04.695736+02:00
306895690,de:12067:900310010::2,0.0,2026-10-02T01:01:04.695736+02:00
306895690,de:12067:900310770::2,0.0,2026-10-02T01:01:04.695736+02:00
306895690,de:12067:900310812::2,0.0,2026-10-02T01:01:04.695736+02:00
306895690,de:12067:900310630::2,0.0,2026-10-02T01:01:04.695736+02:00
306895690,de:12067:900310811::2,0.0,2026-10-02T01:01:04.695736+02:00
306895690,de:12067:900310771::2,0.0,2026-10-02T01:01:04.695736+02:00
306895690,de:12067:900310822::2,0.0,2026-10-02T01:01:04.695736+02:00
306895690,de:12067:900310781::2,0.0,2026-10-02T01:01:04.695736+02:00
306895690,de:12067:900310627::2,-0.5,2026-10-02T01:01:04.695736+02:00
306895690,de:12067:900310816::2,0.0,2026-10-02T01:01:04.695736+02:00
306895690,de:12067:900310022::1,0.0,2026-10-02T01:01:04.695736+02:00
306895690,de:12067:900310001::11,0.0,2026-10-02T01:01:04.695736+02:00
306895690,de:12067:900310001::1,0.0,2026-10-02T01:01:04.695736+02:00
306895690,de:12067:900311149::1,0.0,2026-10-02T01:01:04.695736+02:00
306895690,de:12067:900311135::1,0.0,2026-10-02T01:01:04.695736+02:00
306895690,de:12067:900311150::1,0.0,2026-10-02T01:01:04.695736+02:00
306895690,de:12067:900310804::1,0.0,2026-10-02T01:01:04.695736+02:00
306895690,de:12067:900310814::1,0.0,2026-10-02T01:01:04.695736+02:00
306895690,de:12067:900311083::3,0.0,2026-10-02T01:01:04.695736+02:00
306045592,de:12064:900320119::2,0.0,2026-10-02T01:01:04.695736+02:00
306045592,de:12064:900320120::4,0.0,2026-10-02T01:01:04.695736+02:00
306045592,de:12064:900320132::2,0.0,2026-10-02T01:01:04.695736+02:00
306045592,de:12064:900320114::2,0.0,2026-10-02T01:01:04.695736+02:00
306045592,de:12064:900320116::2,0.0,2026-10-02T01:01:04.695736+02:00
306045592,de:12064:900320115::2,0.0,2026-10-02T01:01:04.695736+02:00
306045592,de:12064:900320007::2,0.0,2026-10-02T01:01:04.695736+02:00
306045592,de:12064:900320113::2,0.0,2026-10-02T01:01:04.695736+02:00
306045592,de:12064:900320124::2,0.0,2026-10-02T01:01:04.695736+02:00
306045592,de:12064:900320112::2,0.0,2026-10-02T01:01:04.695736+02:00
306045592,de:12064:900320111::2,0.0,2026-10-02T01:01:04.695736+02:00
306045592,de:12064:900320110::2,0.0,2026-10-02T01:01:04.695736+02:00
306045592,de:12064:900320109::2,0.0,2026-10-02T01:01:04.695736+02:00
306045592,de:12064:900320108::2,0.0,2026-10-02T01:01:04.695736+02:00
306045592,de:12064:900320107::2,0.0,2026-10-02T01:01:04.695736+02:00
306045592,de:12064:900320106::2,0.0,2026-10-02T01:01:04.695736+02:00
306045592,de:12064:900320104::2,0.0,2026-10-02T01:01:04.695736+02:00
306045592,de:12064:900320103::2,0.0,2026-10-02T01:01:04.695736+02:00
306045592,de:12064:900320102::2,0.0,2026-10-02T01:01:04.695736+02:00
306045592,de:12064:900320101::2,0.0,2026-10-02T01:01:04.695736+02:00
306045592,de:12064:900320100::2,0.0,2026-10-02T01:01:04.695736+02:00
306045592,de:12064:900320008::1,-1.0,2026-10-02T01:01:04.695736+02:00
306053987,de:12053:900360000::6,0.0,2026-10-02T01:01:04.695736+02:00
306053987,de:12053:900360123::1,0.0,2026-10-02T01:01:04.695736+02:00
306053987,de:12053:900360214::1,0.0,2026-10-02T01:01:04.695736+02:00
306053987,de:12053:900360209::1,0.0,2026-10-02T01:01:04.695736+02:00
306053987,de:12064:900321535::1,0.0,2026-10-02T01:01:04.695736+02:00
306053987,de:12064:900321534::1,0.0,2026-10-02T01:01:04.695736+02:00
306053987,de:12064:900321532::1,0.0,2026-10-02T01:01:04.695736+02:00
306053987,de:12064:900321530::2,0.0,2026-10-02T01:01:04.695736+02:00
306053987,de:12064:900321687::2,0.0,2026-10-02T01:01:04.695736+02:00
306053987,de:12064:900321685::2,0.0,2026-10-02T01:01:04.695736+02:00
306053987,de:12064:900321686::2,0.0,2026-10-02T01:01:04.695736+02:00
306053987,de:12064:900321689::2,0.0,2026-10-02T01:01:04.695736+02:00
306053987,de:12064:900321688::2,0.0,2026-10-02T01:01:04.695736+02:00
306053987,de:12064:900321472::2,0.0,2026-10-02T01:01:04.695736+02:00
306053987,de:12064:900321705::3,0.0,2026-10-02T01:01:04.695736+02:00
306053987,de:12064:900321712::1,0.0,2026-10-02T01:01:04.695736+02:00
306053987,de:12064:900321713::1,0.0,2026-10-02T01:01:04.695736+02:00
306054037,de:12064:900321431::1,0.0,2026-10-02T01:01:04.695736+02:00
306054037,de:12064:900321436::1,0.0,2026-10-02T01:01:04.695736+02:00
306054037,de:12064:900321435::1,0.0,2026-10-02T01:01:04.695736+02:00
306054037,de:12064:900321582::1,0.0,2026-10-02T01:01:04.695736+02:00
306054037,de:12064:900321581::2,0.0,2026-10-02T01:01:04.695736+02:00
306054037,de:12064:900321474::1,0.0,2026-10-02T01:01:04.695736+02:00
306054037,de:12064:900321707::1,0.0,2026-10-02T01:01:04.695736+02:00
306054037,de:12064:900321705::3,0.0,2026-10-02T01:01:04.695736+02:00
306054037,de:12064:900321712::1,0.0,2026-10-02T01:01:04.695736+02:00
306054037,de:12064:900321713::1,0.0,2026-10-02T01:01:04.695736+02:00
306054037,de:12064:900321712::2,0.0,2026-10-02T01:01:04.695736+02:00
306054037,de:12064:900321704::1,0.0,2026-10-02T01:01:04.695736+02:00
306054037,de:12064:900321705::1,0.0,2026-10-02T01:01:04.695736+02:00
306054037,de:12064:900321472::1,0.0,2026-10-02T01:01:04.695736+02:00
306054037,de:12064:900321688::1,0.0,2026-10-02T01:01:04.695736+02:00
306054037,de:12064:900321689::1,0.0,2026-10-02T01:01:04.695736+02:00
306054037,de:12064:900321686::1,0.0,2026-10-02T01:01:04.695736+02:00
306054037,de:12064:900321685::1,0.0,2026-10-02T01:01:04.695736+02:00
306054037,de:12064:900321687::1,0.0,2026-10-02T01:01:04.695736+02:00
306054037,de:12064:900321530::1,0.0,2026-10-02T01:01:04.695736+02:00
306054037,de:12064:900321536::1,0.0,2026-10-02T01:01:04.695736+02:00
306054037,de:12064:900321532::2,0.0,2026-10-02T01:01:04.695736+02:00
306054037,de:12064:900321534::2,0.0,2026-10-02T01:01:04.695736+02:00
306054037,de:12064:900321535::2,0.0,2026-10-02T01:01:04.695736+02:00
306054037,de:12053:900360209::2,0.0,2026-10-02T01:01:04.695736+02:00
306054037,de:12053:900360024::2,0.0,2026-10-02T01:01:04.695736+02:00
306054037,de:12053:900360214::2,0.0,2026-10-02T01:01:04.695736+02:00
306054037,de:12053:900360141::3,0.0,2026-10-02T01:01:04.695736+02:00
306054037,de:12053:900360123::2,0.0,2026-10-02T01:01:04.695736+02:00
306054037,de:12053:900360000::3,0.0,2026-10-02T01:01:04.695736+02:00
306042877,de:12064:900320014::2,0.0,2026-10-02T01:01:04.695736+02:00
306042877,de:12064:900320828::1,0.0,2026-10-02T01:01:04.695736+02:00
306042877,de:12064:900320828::1,-4.0,2026-10-02T01:01:04.695736+02:00
306042877,de:12064:900320802::1,0.0,2026-10-02T01:01:04.695736+02:00
306042877,de:12064:900320828::1,4.0,2026-10-02T01:01:04.695736+02:00
306042877,de:12064:900320828::1,0.0,2026-10-02T01:01:04.695736+02:00
306042877,de:12064:900320803::2,0.0,2026-10-02T01:01:04.695736+02:00
306042877,de:12064:900320827::2,0.0,2026-10-02T01:01:04.695736+02:00
306042877,de:12064:900320824::2,0.0,2026-10-02T01:01:04.695736+02:00
306042877,de:12064:900320825::2,0.0,2026-10-02T01:01:04.695736+02:00
306042877,de:12064:900320822::2,0.0,2026-10-02T01:01:04.695736+02:00
306042877,de:12064:900320821::2,0.0,2026-10-02T01:01:04.695736+02:00
306042877,de:12064:900320819::1,0.0,2026-10-02T01:01:04.695736+02:00
306052378,de:12064:900321636::1,0.0,2026-10-02T01:01:04.695736+02:00
306052378,de:12064:900321142::2,0.0,2026-10-02T01:01:04.695736+02:00
306052378,de:12064:900321637::2,0.0,2026-10-02T01:01:04.695736+02:00
306052378,de:12064:900321850::2,0.0,2026-10-02T01:01:04.695736+02:00
306052378,de:12064:900321849::2,0.0,2026-10-02T01:01:04.695736+02:00
306052378,de:12064:900321760::1,0.0,2026-10-02T01:01:04.695736+02:00
306052378,de:12064:900321511::1,0.0,2026-10-02T01:01:04.695736+02:00
306052378,de:12064:900321512::2,0.0,2026-10-02T01:01:04.695736+02:00
306052378,de:12064:900321678::1,0.0,2026-10-02T01:01:04.695736+02:00
306052378,de:12064:900321679::2,0.0,2026-10-02T01:01:04.695736+02:00
306052378,de:12064:900321677::2,0.0,2026-10-02T01:01:04.695736+02:00
306052378,de:12064:900321445::2,0.0,2026-10-02T01:01:04.695736+02:00
306052378,de:12064:900321443::2,0.0,2026-10-02T01:01:04.695736+02:00
306052378,de:12064:900321444::2,0.0,2026-10-02T01:01:04.695736+02:00
306052378,de:12064:900321442::1,0.0,2026-10-02T01:01:04.695736+02:00
306052378,de:12064:900321744::2,0.0,2026-10-02T01:01:04.695736+02:00
306052378,de:12064:900321742::5,0.0,2026-10-02T01:01:04.695736+02:00
306046375,de:11000:900175010::4,0.0,2026-10-02T01:01:04.695736+02:00
306046375,de:12064:900320520::1,0.0,2026-10-02T01:01:04.695736+02:00
306046375,de:11000:900320502::1,0.0,2026-10-02T01:01:04.695736+02:00
306046375,de:11000:900176011::1,0.0,2026-10-02T01:01:04.695736+02:00
306046375,de:11000:900176519::1,0.0,2026-10-02T01:01:04.695736+02:00
306046375,de:12064:900320026::1,0.0,2026-10-02T01:01:04.695736+02:00
306046375,de:12064:900320501::1,0.0,2026-10-02T01:01:04.695736+02:00
306046375,de:12064:900320019::1,0.0,2026-10-02T01:01:04.695736+02:00
306046375,de:12064:900320018::1,0.0,2026-10-02T01:01:04.695736+02:00
306046375,de:12064:900320034::1,0.0,2026-10-02T01:01:04.695736+02:00
306046375,de:12064:900320028::1,0.0,2026-10-02T01:01:04.695736+02:00
306895286,de:12067:900310834::1,0.0,2026-10-02T01:01:04.695736+02:00
306895286,de:12067:900311020::2,0.0,2026-10-02T01:01:04.695736+02:00
306895286,de:12067:900311002::1,0.0,2026-10-02T01:01:04.695736+02:00
306895286,de:12067:900310841::1,0.0,2026-10-02T01:01:04.695736+02:00
306895286,de:12067:900310737::1,0.0,2026-10-02T01:01:04.695736+02:00
306895286,de:12067:900310736::1,0.0,2026-10-02T01:01:04.695736+02:00
306895286,de:12067:900310740::1,0.0,2026-10-02T01:01:04.695736+02:00
306895286,de:12067:900310716::2,0.0,2026-10-02T01:01:04.695736+02:00
306895286,de:12067:900310942::2,0.0,2026-10-02T01:01:04.695736+02:00
306895286,de:12067:900310721::1,0.0,2026-10-02T01:01:04.695736+02:00
306895286,de:12067:900310755::2,0.0,2026-10-02T01:01:04.695736+02:00
306895286,de:12067:900310728::3,0.0,2026-10-02T01:01:04.695736+02:00
306895286,de:12067:900311129::6,0.0,2026-10-02T01:01:04.695736+02:00
307243304,de:11000:900092201:1:51,0.0,2026-10-02T01:01:04.695736+02:00
307243304,de:11000:900093201:1:51,-0.4,2026-10-02T01:01:04.695736+02:00
307243304,de:11000:900094101:1:51,-0.8,2026-10-02T01:01:04.695736+02:00
307243304,de:11000:900096101:1:51,-0.1,2026-10-02T01:01:04.695736+02:00
307243304,de:11000:900084101:1:51,-0.2,2026-10-02T01:01:04.695736+02:00
307243304,de:11000:900085201:1:51,-0.8,2026-10-02T01:01:04.695736+02:00
307243304,de:11000:900130003:1:51,-0.8,2026-10-02T01:01:04.695736+02:00
307243304,de:11000:900110011:1:50,-0.9,2026-10-02T01:01:04.695736+02:00
307243304,de:11000:900007102:1:50,-0.9,2026-10-02T01:01:04.695736+02:00
307243304,de:11000:900008101:1:50,0.0,2026-10-02T01:01:04.695736+02:00
307243304,de:11000:900007104:1:51,-0.7,2026-10-02T01:01:04.695736+02:00
307243304,de:11000:900100007:1:50,-0.7,2026-10-02T01:01:04.695736+02:00
307243304,de:11000:900100001:4:56,-0.5,2026-10-02T01:01:04.695736+02:00
307243304,de:11000:900100025:1:50,-0.4,2026-10-02T01:01:04.695736+02:00
307243304,de:11000:900100020:3:54,-0.4,2026-10-02T01:01:04.695736+02:00
307243304,de:11000:900012101:1:51,-0.5,2026-10-02T01:01:04.695736+02:00
307243304,de:11000:900057102:1:50,-0.7,2026-10-02T01:01:04.695736+02:00
307243304,de:11000:900057104:2:51,-0.4,2026-10-02T01:01:04.695736+02:00
307243304,de:11000:900054104:1:50,-0.3,2026-10-02T01:01:04.695736+02:00
307243304,de:11000:900060101:1:50,-0.3,2026-10-02T01:01:04.695736+02:00
307243304,de:11000:900063101:1:50,-0.1,2026-10-02T01:01:04.695736+02:00
307243304,de:11000:900062202:1:50,-0.1,2026-10-02T01:01:04.695736+02:00
307243304,de:11000:900066102:1:50,-0.2,2026-10-02T01:01:04.695736+02:00
307243304,de:11000:900066101:1:50,-0.1,2026-10-02T01:01:04.695736+02:00
307243304,de:11000:900049202:1:50,-0.3,2026-10-02T01:01:04.695736+02:00
307243304,de:11000:900049201:1:50,-0.4,2026-10-02T01:01:04.695736+02:00
307243304,de:11000:900050301:1:50,0.0,2026-10-02T01:01:04.695736+02:00
307243304,de:11000:900050355:1:50,-0.1,2026-10-02T01:01:04.695736+02:00
307243304,de:11000:900052201:1:50,-0.5,2026-10-02T01:01:04.695736+02:00
307243304,de:11000:900053301:1:51,-0.9,2026-10-02T01:01:04.695736+02:00
295879450,de:11000:900053301:2:52,0.0,2026-10-02T01:01:04.695736+02:00
295879450,de:11000:900052201:1:51,0.0,2026-10-02T01:01:04.695736+02:00
295879450,de:11000:900050355:1:51,-0.3,2026-10-02T01:01:04.695736+02:00
295879450,de:11000:900050301:1:51,-0.4,2026-10-02T01:01:04.695736+02:00
295879450,de:11000:900049201:1:51,0.0,2026-10-02T01:01:04.695736+02:00
295879450,de:11000:900049202:1:51,0.0,2026-10-02T01:01:04.695736+02:00
295879450,de:11000:900066101:1:51,-0.3,2026-10-02T01:01:04.695736+02:00
295879450,de:11000:900066102:1:51,-0.2,2026-10-02T01:01:04.695736+02:00
295879450,de:11000:900062202:1:51,-0.2,2026-10-02T01:01:04.695736+02:00
295879450,de:11000:900063101:1:51,-0.2,2026-10-02T01:01:04.695736+02:00
295879450,de:11000:900060101:1:51,-0.9,2026-10-02T01:01:04.695736+02:00
295879450,de:11000:900054104:1:51,-0.9,2026-10-02T01:01:04.695736+02:00
295879450,de:11000:900057104:1:50,-0.4,2026-10-02T01:01:04.695736+02:00
295879450,de:11000:900057102:1:51,-0.1,2026-10-02T01:01:04.695736+02:00
295879450,de:11000:900012101:2:52,-0.9,2026-10-02T01:01:04.695736+02:00
295879450,de:11000:900100020:4:57,-0.3,2026-10-02T01:01:04.695736+02:00
295879450,de:11000:900100025:1:51,-0.4,2026-10-02T01:01:04.695736+02:00
295879450,de:11000:900100001:4:57,-0.1,2026-10-02T01:01:04.695736+02:00
295879450,de:11000:900100007:1:51,-0.2,2026-10-02T01:01:04.695736+02:00
295879450,de:11000:900007104:2:52,-0.2,2026-10-02T01:01:04.695736+02:00
295879450,de:11000:900008101:1:51,-0.9,2026-10-02T01:01:04.695736+02:00
295879450,de:11000:900007102:2:53,-0.6,2026-10-02T01:01:04.695736+02:00
295879450,de:11000:900110011:2:53,-0.9,2026-10-02T01:01:04.695736+02:00
295879450,de:11000:900085201:1:50,-0.9,2026-10-02T01:01:04.695736+02:00
295879450,de:11000:900084101:1:50,-0.7,2026-10-02T01:01:04.695736+02:00
295879450,de:11000:900096101:1:50,-0.8,2026-10-02T01:01:04.695736+02:00
295879450,de:11000:900094101:1:50,-0.1,2026-10-02T01:01:04.695736+02:00
295879450,de:11000:900093201:1:50,-0.4,2026-10-02T01:01:04.695736+02:00
295879450,de:11000:900092201:1:50,-0.2,2026-10-02T01:01:04.695736+02:00
295879450,de:12065:900200009:1:50,-0.7,2026-10-02T01:01:04.695736+02:00
295879450,de:12065:900200008:1:50,-0.7,2026-10-02T01:01:04.695736+02:00
295879450,de:12065:900200007:1:50,-0.2,2026-10-02T01:01:04.695736+02:00
295879450,de:12065:900200006:1:50,-0.5,2026-10-02T01:01:04.695736+02:00
295879450,de:12065:900200005:3:1,-0.9,2026-10-02T01:01:04.695736+02:00
295879337,de:12065:900200005:3:1,0.0,2026-10-02T01:01:04.695736+02:00
295879337,de:12065:900200006:1:51,-0.3,2026-10-02T01:01:04.695736+02:00
295879337,de:12065:900200007:1:51,-0.7,2026-10-02T01:01:04.695736+02:00
295879337,de:12065:900200008:1:51,-0.2,2026-10-02T01:01:04.695736+02:00
295879337,de:12065:900200009:1:51,-0.1,2026-10-02T01:01:04.695736+02:00
295879337,de:11000:900092201:1:51,-0.7,2026-10-02T01:01:04.695736+02:00
295879337,de:11000:900093201:1:51,-0.4,2026-10-02T01:01:04.695736+02:00
295879337,de:11000:900094101:1:51,-0.8,2026-10-02T01:01:04.695736+02:00
295879337,de:11000:900096101:1:51,-0.1,2026-10-02T01:01:04.695736+02:00
295879337,de:11000:900084101:1:51,-0.2,2026-10-02T01:01:04.695736+02:00
295879337,de:11000:900085201:1:51,-0.8,2026-10-02T01:01:04.695736+02:00
295879337,de:11000:900130003:1:51,-0.8,2026-10-02T01:01:04.695736+02:00
295879337,de:11000:900110011:1:50,-0.9,2026-10-02T01:01:04.695736+02:00
295879337,de:11000:900007102:1:50,-0.9,2026-10-02T01:01:04.695736+02:00
295879337,de:11000:900008101:1:50,0.0,2026-10-02T01:01:04.695736+02:00
295879337,de:11000:900007104:1:51,-0.7,2026-10-02T01:01:04.695736+02:00
295879337,de:11000:900100007:1:50,-0.7,2026-10-02T01:01:04.695736+02:00
295879337,de:11000:900100001:4:56,-0.5,2026-10-02T01:01:04.695736+02:00
295879337,de:11000:900100025:1:50,-0.4,2026-10-02T01:01:04.695736+02:00
295879337,de:11000:900100020:3:54,-0.4,2026-10-02T01:01:04.695736+02:00
295879337,de:11000:900012101:1:51,-0.5,2026-10-02T01:01:04.695736+02:00
295879337,de:11000:900057102:1:50,-0.7,2026-10-02T01:01:04.695736+02:00
295879337,de:11000:900057104:2:51,-0.4,2026-10-02T01:01:04.695736+02:00
295879337,de:11000:900054104:1:50,-0.3,2026-10-02T01:01:04.695736+02:00
295879337,de:11000:900060101:1:50,-0.3,2026-10-02T01:01:04.695736+02:00
295879337,de:11000:900063101:1:50,-0.1,2026-10-02T01:01:04.695736+02:00
295879337,de:11000:900062202:1:50,-0.1,2026-10-02T01:01:04.695736+02:00
295879337,de:11000:900066102:1:50,-0.2,2026-10-02T01:01:04.695736+02:00
295879337,de:11000:900066101:1:50,-0.1,2026-10-02T01:01:04.695736+02:00
295879337,de:11000:900049202:1:50,-0.3,2026-10-02T01:01:04.695736+02:00
295879337,de:11000:900049201:1:50,-0.4,2026-10-02T01:01:04.695736+02:00
295879337,de:11000:900050301:1:50,0.0,2026-10-02T01:01:04.695736+02:00
295879337,de:11000:900050355:1:50,-0.1,2026-10-02T01:01:04.695736+02:00
295879337,de:11000:900052201:1:50,-0.5,2026-10-02T01:01:04.695736+02:00
295879337,de:11000:900053301:1:51,-0.9,2026-10-02T01:01:04.695736+02:00
306895873,de:12067:900310001::5,0.0,2026-10-02T01:01:04.695736+02:00
306895873,de:12067:900311149::1,0.0,2026-10-02T01:01:04.695736+02:00
306895873,de:12067:900310781::1,0.0,2026-10-02T01:01:04.695736+02:00
306895873,de:12067:900310789::1,0.0,2026-10-02T01:01:04.695736+02:00
306895873,de:12067:900310797::1,0.0,2026-10-02T01:01:04.695736+02:00
306895873,de:12067:900310773::1,0.0,2026-10-02T01:01:04.695736+02:00
306895873,de:12067:900311115::1,0.0,2026-10-02T01:01:04.695736+02:00
306895302,de:12061:900261210::1,0.0,2026-10-02T01:01:04.695736+02:00
306895302,de:12061:900261208::2,0.0,2026-10-02T01:01:04.695736+02:00
306895302,de:12061:900261734::1,0.0,2026-10-02T01:01:04.695736+02:00
306895302,de:12067:900310934::2,0.0,2026-10-02T01:01:04.695736+02:00
306895302,de:12067:900311068::2,0.0,2026-10-02T01:01:04.695736+02:00
306895302,de:12067:900311003::1,0.0,2026-10-02T01:01:04.695736+02:00
306895302,de:12067:900310986::2,0.0,2026-10-02T01:01:04.695736+02:00
306895302,de:12067:900310986::2,-23.0,2026-10-02T01:01:04.695736+02:00
306895302,de:12067:900311061::1,0.0,2026-10-02T01:01:04.695736+02:00
306895302,de:12067:900311063::2,0.0,2026-10-02T01:01:04.695736+02:00
306895302,de:12067:900311065::1,0.0,2026-10-02T01:01:04.695736+02:00
306895302,de:12067:900311063::1,0.0,2026-10-02T01:01:04.695736+02:00
306895302,de:12067:900311062::1,0.0,2026-10-02T01:01:04.695736+02:00
306895302,de:12067:900310987::2,0.0,2026-10-02T01:01:04.695736+02:00
306895302,de:12067:900310986::2,23.0,2026-10-02T01:01:04.695736+02:00
306895302,de:12067:900310986::2,0.0,2026-10-02T01:01:04.695736+02:00
306895302,de:12067:900310984::1,0.0,2026-10-02T01:01:04.695736+02:00
306895302,de:12067:900310716::2,0.0,2026-10-02T01:01:04.695736+02:00
306895302,de:12067:900310942::2,0.0,2026-10-02T01:01:04.695736+02:00
306895302,de:12067:900310721::1,0.0,2026-10-02T01:01:04.695736+02:00
306895302,de:12067:900310755::2,0.0,2026-10-02T01:01:04.695736+02:00
306895302,de:12067:900310728::2,0.0,2026-10-02T01:01:04.695736+02:00
306895302,de:12067:900311129::6,0.0,2026-10-02T01:01:04.695736+02:00
295879295,de:12065:900200005:3:1,0.0,2026-10-02T01:01:04.695736+02:00
295879295,de:12065:900200006:1:51,-0.3,2026-10-02T01:01:04.695736+02:00
295879295,de:12065:900200007:1:51,-0.7,2026-10-02T01:01:04.695736+02:00
295879295,de:12065:900200008:1:51,-0.2,2026-10-02T01:01:04.695736+02:00
295879295,de:12065:900200009:1:51,-0.1,2026-10-02T01:01:04.695736+02:00
295879295,de:11000:900092201:1:51,-0.7,2026-10-02T01:01:04.695736+02:00
295879295,de:11000:900093201:1:51,-0.4,2026-10-02T01:01:04.695736+02:00
295879295,de:11000:900094101:1:51,-0.8,2026-10-02T01:01:04.695736+02:00
295879295,de:11000:900096101:1:51,-0.1,2026-10-02T01:01:04.695736+02:00
295879295,de:11000:900084101:1:51,-0.2,2026-10-02T01:01:04.695736+02:00
295879295,de:11000:900085201:1:51,-0.8,2026-10-02T01:01:04.695736+02:00
295879295,de:11000:900130003:1:51,-0.8,2026-10-02T01:01:04.695736+02:00
295879295,de:11000:900110011:1:50,-0.9,2026-10-02T01:01:04.695736+02:00
295879295,de:11000:900007102:1:50,-0.9,2026-10-02T01:01:04.695736+02:00
295879295,de:11000:900008101:1:50,0.0,2026-10-02T01:01:04.695736+02:00
295879295,de:11000:900007104:1:51,-0.7,2026-10-02T01:01:04.695736+02:00
295879295,de:11000:900100007:1:50,-0.7,2026-10-02T01:01:04.695736+02:00
295879295,de:11000:900100001:4:56,-0.5,2026-10-02T01:01:04.695736+02:00
295879295,de:11000:900100025:1:50,-0.4,2026-10-02T01:01:04.695736+02:00
295879295,de:11000:900100020:3:54,-0.4,2026-10-02T01:01:04.695736+02:00
295879295,de:11000:900012101:1:51,-0.5,2026-10-02T01:01:04.695736+02:00
295879295,de:11000:900057102:1:50,-0.7,2026-10-02T01:01:04.695736+02:00
295879295,de:11000:900057104:2:51,-0.4,2026-10-02T01:01:04.695736+02:00
295879295,de:11000:900054104:1:50,-0.3,2026-10-02T01:01:04.695736+02:00
295879295,de:11000:900060101:1:50,-0.3,2026-10-02T01:01:04.695736+02:00
295879295,de:11000:900063101:1:50,-0.1,2026-10-02T01:01:04.695736+02:00
295879295,de:11000:900062202:1:50,-0.1,2026-10-02T01:01:04.695736+02:00
295879295,de:11000:900066102:1:50,-0.2,2026-10-02T01:01:04.695736+02:00
295879295,de:11000:900066101:1:50,-0.1,2026-10-02T01:01:04.695736+02:00
295879295,de:11000:900049202:1:50,-0.3,2026-10-02T01:01:04.695736+02:00
295879295,de:11000:900049201:1:50,-0.4,2026-10-02T01:01:04.695736+02:00
295879295,de:11000:900050301:1:50,0.0,2026-10-02T01:01:04.695736+02:00
295879295,de:11000:900050355:1:50,-0.1,2026-10-02T01:01:04.695736+02:00
295879295,de:11000:900052201:1:50,-0.5,2026-10-02T01:01:04.695736+02:00
295879295,de:11000:900053301:1:51,-0.9,2026-10-02T01:01:04.695736+02:00
306895985,de:12067:900310565::1,0.0,2026-10-02T01:01:04.695736+02:00
306895985,de:12067:900310561::2,0.0,2026-10-02T01:01:04.695736+02:00
306895985,de:12067:900310567::2,0.0,2026-10-02T01:01:04.695736+02:00
306895985,de:12067:900310581::2,0.0,2026-10-02T01:01:04.695736+02:00
306895985,de:12067:900310573::2,0.0,2026-10-02T01:01:04.695736+02:00
306895985,de:12067:900310560::2,0.0,2026-10-02T01:01:04.695736+02:00
306895985,de:12067:900310563::4,0.0,2026-10-02T01:01:04.695736+02:00
306895985,de:12067:900310013::2,0.0,2026-10-02T01:01:04.695736+02:00
306895985,de:12067:900310572::1,0.0,2026-10-02T01:01:04.695736+02:00
306895985,de:11000:900310550::1,0.0,2026-10-02T01:01:04.695736+02:00
306895985,de:12067:900310534::1,0.0,2026-10-02T01:01:04.695736+02:00
306895985,de:12067:900310580::2,0.0,2026-10-02T01:01:04.695736+02:00
306895985,de:12067:900310578::4,0.0,2026-10-02T01:01:04.695736+02:00
306895985,de:12067:900310508::2,0.0,2026-10-02T01:01:04.695736+02:00
306895985,de:12067:900310509::2,0.0,2026-10-02T01:01:04.695736+02:00
306895985,de:12067:900310017::3,0.0,2026-10-02T01:01:04.695736+02:00
306895985,de:12064:900320267::1,0.0,2026-10-02T01:01:04.695736+02:00
306895985,de:12064:900320250::1,0.0,2026-10-02T01:01:04.695736+02:00
306896106,de:12067:900310031::2,0.0,2026-10-02T01:01:04.695736+02:00
306896106,de:12067:900310031::2,-19.0,2026-10-02T01:01:04.695736+02:00
306896106,de:12067:900311114::1,0.0,2026-10-02T01:01:04.695736+02:00
306896106,de:12067:900310031::2,19.0,2026-10-02T01:01:04.695736+02:00
306896106,de:12067:900310031::2,0.0,2026-10-02T01:01:04.695736+02:00
306896106,de:12067:900310555::2,0.0,2026-10-02T01:01:04.695736+02:00
306896106,de:12067:900310557::2,0.0,2026-10-02T01:01:04.695736+02:00
306896106,de:12067:900310013::7,0.0,2026-10-02T01:01:04.695736+02:00
295883538,de:11000:900053301:2:53,0.0,2026-10-02T01:01:04.695736+02:00
295883538,de:11000:900052201:1:51,0.0,2026-10-02T01:01:04.695736+02:00
295883538,de:11000:900050355:1:51,-0.3,2026-10-02T01:01:04.695736+02:00
295883538,de:11000:900050301:1:51,-0.4,2026-10-02T01:01:04.695736+02:00
295883538,de:11000:900049201:1:51,0.0,2026-10-02T01:01:04.695736+02:00
295883538,de:11000:900049202:1:51,0.0,2026-10-02T01:01:04.695736+02:00
295883538,de:11000:900066101:1:51,-0.3,2026-10-02T01:01:04.695736+02:00
295883538,de:11000:900066102:1:51,-0.2,2026-10-02T01:01:04.695736+02:00
295883538,de:11000:900062202:1:51,-0.2,2026-10-02T01:01:04.695736+02:00
295883538,de:11000:900063101:1:51,-0.2,2026-10-02T01:01:04.695736+02:00
295883538,de:11000:900060101:1:51,-0.9,2026-10-02T01:01:04.695736+02:00
295883538,de:11000:900054104:1:51,-0.9,2026-10-02T01:01:04.695736+02:00
295883538,de:11000:900057104:1:50,-0.4,2026-10-02T01:01:04.695736+02:00
295883538,de:11000:900057102:1:51,-0.1,2026-10-02T01:01:04.695736+02:00
295883538,de:11000:900012101:2:52,-0.8,2026-10-02T01:01:04.695736+02:00
295883538,de:11000:900100020:4:57,-0.9,2026-10-02T01:01:04.695736+02:00
306896250,de:12061:900260001::6,0.0,2026-10-02T01:01:04.695736+02:00
306896250,de:12061:900260798::1,0.0,2026-10-02T01:01:04.695736+02:00
306896250,de:12061:900260890::1,0.0,2026-10-02T01:01:04.695736+02:00
306896250,de:12061:900260887::1,0.0,2026-10-02T01:01:04.695736+02:00
306896250,de:12061:900260886::1,0.0,2026-10-02T01:01:04.695736+02:00
306896250,de:12061:900260888::1,0.0,2026-10-02T01:01:04.695736+02:00
306896250,de:12061:900260889::1,0.0,2026-10-02T01:01:04.695736+02:00
306896250,de:12061:900261047::1,0.0,2026-10-02T01:01:04.695736+02:00
306896250,de:12061:900261048::1,0.0,2026-10-02T01:01:04.695736+02:00
306896250,de:12061:900261051::1,0.0,2026-10-02T01:01:04.695736+02:00
306896250,de:12061:900261050::2,0.0,2026-10-02T01:01:04.695736+02:00
306896250,de:12061:900260170::1,0.0,2026-10-02T01:01:04.695736+02:00
306896250,de:12061:900260167::1,0.0,2026-10-02T01:01:04.695736+02:00
306896250,de:12061:900260168::1,0.0,2026-10-02T01:01:04.695736+02:00
306896250,de:12061:900260171::1,0.0,2026-10-02T01:01:04.695736+02:00
306896250,de:12061:900260166::1,0.0,2026-10-02T01:01:04.695736+02:00
306896250,de:12061:900260169::4,0.0,2026-10-02T01:01:04.695736+02:00
306896250,de:12061:900260165::1,0.0,2026-10-02T01:01:04.695736+02:00
306896250,de:12067:900310950::2,0.0,2026-10-02T01:01:04.695736+02:00
306896250,de:12067:900310955::2,0.0,2026-10-02T01:01:04.695736+02:00
306896250,de:12067:900310568::2,0.0,2026-10-02T01:01:04.695736+02:00
306896250,de:12067:900310556::2,0.0,2026-10-02T01:01:04.695736+02:00
306896250,de:12067:900310558::4,0.0,2026-10-02T01:01:04.695736+02:00
306896250,de:12067:900310559::2,0.0,2026-10-02T01:01:04.695736+02:00
306896250,de:12067:900310563::4,0.0,2026-10-02T01:01:04.695736+02:00
306896250,de:12067:900310013::7,0.0,2026-10-02T01:01:04.695736+02:00
306896324,de:12067:900310013::4,0.0,2026-10-02T01:01:04.695736+02:00
306896324,de:12067:900310557::3,0.0,2026-10-02T01:01:04.695736+02:00
306896324,de:12067:900310555::1,0.0,2026-10-02T01:01:04.695736+02:00
306896324,de:12067:900310852::1,0.0,2026-10-02T01:01:04.695736+02:00
306896324,de:12067:900310850::1,0.0,2026-10-02T01:01:04.695736+02:00
306896324,de:12067:900310851::1,0.0,2026-10-02T01:01:04.695736+02:00
306896324,de:12067:900310849::1,0.0,2026-10-02T01:01:04.695736+02:00
306896324,de:12067:900310856::1,0.0,2026-10-02T01:01:04.695736+02:00
306896324,de:12067:900310844::1,0.0,2026-10-02T01:01:04.695736+02:00
306896324,de:12067:900310622::1,0.0,2026-10-02T01:01:04.695736+02:00
306896324,de:12067:900310846::2,0.0,2026-10-02T01:01:04.695736+02:00
295883510,de:11000:900049201:1:51,0.0,2026-10-02T01:01:04.695736+02:00
295883510,de:11000:900049202:1:51,0.0,2026-10-02T01:01:04.695736+02:00
295883510,de:11000:900066101:1:51,-0.3,2026-10-02T01:01:04.695736+02:00
295883510,de:11000:900066102:1:51,-0.2,2026-10-02T01:01:04.695736+02:00
295883510,de:11000:900062202:1:51,-0.2,2026-10-02T01:01:04.695736+02:00
295883510,de:11000:900063101:1:51,-0.2,2026-10-02T01:01:04.695736+02:00
295883510,de:11000:900060101:1:51,-0.9,2026-10-02T01:01:04.695736+02:00
295883510,de:11000:900054104:1:51,-0.9,2026-10-02T01:01:04.695736+02:00
295883510,de:11000:900057104:1:50,-0.4,2026-10-02T01:01:04.695736+02:00
295883510,de:11000:900057102:1:51,-0.1,2026-10-02T01:01:04.695736+02:00
295883510,de:11000:900012101:2:52,-0.8,2026-10-02T01:01:04.695736+02:00
295883510,de:11000:900100020:4:57,-0.9,2026-10-02T01:01:04.695736+02:00
307252179,de:11000:900007102:1:51,0.0,2026-10-02T01:01:04.695736+02:00
307252179,de:11000:900009104:1:51,-0.8,2026-10-02T01:01:04.695736+02:00
307252179,de:11000:900003200:5:58,-0.7,2026-10-02T01:01:04.695736+02:00
306896682,de:12067:900310001::4,0.0,2026-10-02T01:01:04.695736+02:00
306896682,de:12067:900310816::1,0.0,2026-10-02T01:01:04.695736+02:00
306896682,de:12067:900310627::1,0.0,2026-10-02T01:01:04.695736+02:00
306896682,de:12067:900310781::1,0.0,2026-10-02T01:01:04.695736+02:00
306896682,de:12067:900310822::1,0.0,2026-10-02T01:01:04.695736+02:00
306896682,de:12067:900310808::1,0.0,2026-10-02T01:01:04.695736+02:00
306896682,de:12067:900310779::1,0.0,2026-10-02T01:01:04.695736+02:00
306896682,de:12067:900310995::2,0.0,2026-10-02T01:01:04.695736+02:00
306896682,de:12067:900310992::1,-0.5,2026-10-02T01:01:04.695736+02:00
306896682,de:12067:900310989::1,0.0,2026-10-02T01:01:04.695736+02:00
306896682,de:12067:900310990::1,0.0,2026-10-02T01:01:04.695736+02:00
306896682,de:12067:900310991::1,0.0,2026-10-02T01:01:04.695736+02:00
306896682,de:12067:900310904::1,0.0,2026-10-02T01:01:04.695736+02:00
306896682,de:12067:900311118::1,0.0,2026-10-02T01:01:04.695736+02:00
306896682,de:12067:900310966::1,0.0,2026-10-02T01:01:04.695736+02:00
306896682,de:12067:900310997::1,0.0,2026-10-02T01:01:04.695736+02:00
306896682,de:12067:900310998::1,0.0,2026-10-02T01:01:04.695736+02:00
306896682,de:12067:900310997::2,0.0,2026-10-02T01:01:04.695736+02:00
306896682,de:12067:900310966::2,0.0,2026-10-02T01:01:04.695736+02:00
306896682,de:12067:900311118::2,0.0,2026-10-02T01:01:04.695736+02:00
306896682,de:12067:900311059::1,0.0,2026-10-02T01:01:04.695736+02:00
306896682,de:12067:900311110::3,0.0,2026-10-02T01:01:04.695736+02:00
306896682,de:12067:900311058::1,0.0,2026-10-02T01:01:04.695736+02:00
306896682,de:12067:900310611::2,0.0,2026-10-02T01:01:04.695736+02:00
306896683,de:12067:900310001::4,0.0,2026-10-02T01:01:04.695736+02:00
306896683,de:12067:900310816::1,0.0,2026-10-02T01:01:04.695736+02:00
306896683,de:12067:900310627::1,0.0,2026-10-02T01:01:04.695736+02:00
306896683,de:12067:900310781::1,0.0,2026-10-02T01:01:04.695736+02:00
306896683,de:12067:900310822::1,0.0,2026-10-02T01:01:04.695736+02:00
306896683,de:12067:900310808::1,0.0,2026-10-02T01:01:04.695736+02:00
306896683,de:12067:900310779::1,0.0,2026-10-02T01:01:04.695736+02:00
306896683,de:12067:900310995::2,0.0,2026-10-02T01:01:04.695736+02:00
306896683,de:12067:900310992::1,-0.5,2026-10-02T01:01:04.695736+02:00
306896683,de:12067:900310989::1,0.0,2026-10-02T01:01:04.695736+02:00
306896683,de:12067:900310990::1,0.0,2026-10-02T01:01:04.695736+02:00
306896683,de:12067:900310991::1,0.0,2026-10-02T01:01:04.695736+02:00
306896683,de:12067:900310904::1,0.0,2026-10-02T01:01:04.695736+02:00
306896683,de:12067:900311118::1,0.0,2026-10-02T01:01:04.695736+02:00
306896683,de:12067:900310966::1,0.0,2026-10-02T01:01:04.695736+02:00
306896683,de:12067:900310997::1,0.0,2026-10-02T01:01:04.695736+02:00
306896683,de:12067:900310998::1,0.0,2026-10-02T01:01:04.695736+02:00
306896683,de:12067:900310997::2,0.0,2026-10-02T01:01:04.695736+02:00
306896683,de:12067:900310966::2,0.0,2026-10-02T01:01:04.695736+02:00
306896683,de:12067:900311118::2,0.0,2026-10-02T01:01:04.695736+02:00
306896683,de:12067:900311059::1,0.0,2026-10-02T01:01:04.695736+02:00
306896683,de:12067:900311110::3,0.0,2026-10-02T01:01:04.695736+02:00
306896683,de:12067:900311058::1,0.0,2026-10-02T01:01:04.695736+02:00
306896683,de:12067:900310611::2,0.0,2026-10-02T01:01:04.695736+02:00
295882523,de:11000:900094101:1:51,0.0,2026-10-02T01:01:04.695736+02:00
295882523,de:11000:900096101:1:51,-0.1,2026-10-02T01:01:04.695736+02:00
295882523,de:11000:900084101:1:51,-0.2,2026-10-02T01:01:04.695736+02:00
295882523,de:11000:900085201:1:51,-0.8,2026-10-02T01:01:04.695736+02:00
295882523,de:11000:900130003:1:51,-0.8,2026-10-02T01:01:04.695736+02:00
295882523,de:11000:900110011:1:50,-0.9,2026-10-02T01:01:04.695736+02:00
295882523,de:11000:900007102:1:50,-0.9,2026-10-02T01:01:04.695736+02:00
295882523,de:11000:900008101:1:50,0.0,2026-10-02T01:01:04.695736+02:00
295882523,de:11000:900007104:1:51,-0.7,2026-10-02T01:01:04.695736+02:00
295882523,de:11000:900100007:1:50,-0.7,2026-10-02T01:01:04.695736+02:00
295882523,de:11000:900100001:4:56,-0.5,2026-10-02T01:01:04.695736+02:00
295882523,de:11000:900100025:1:50,-0.4,2026-10-02T01:01:04.695736+02:00
295882523,de:11000:900100020:3:54,-0.4,2026-10-02T01:01:04.695736+02:00
295882523,de:11000:900012101:1:51,-0.5,2026-10-02T01:01:04.695736+02:00
295882523,de:11000:900057102:1:50,-0.7,2026-10-02T01:01:04.695736+02:00
295882523,de:11000:900057104:2:51,-0.4,2026-10-02T01:01:04.695736+02:00
295882523,de:11000:900054104:1:50,-0.3,2026-10-02T01:01:04.695736+02:00
295882523,de:11000:900060101:1:50,-0.3,2026-10-02T01:01:04.695736+02:00
295882523,de:11000:900063101:1:50,-0.1,2026-10-02T01:01:04.695736+02:00
295882523,de:11000:900062202:1:50,-0.1,2026-10-02T01:01:04.695736+02:00
295882523,de:11000:900066102:1:50,-0.2,2026-10-02T01:01:04.695736+02:00
295882523,de:11000:900066101:1:50,-0.1,2026-10-02T01:01:04.695736+02:00
295882523,de:11000:900049202:1:50,-0.3,2026-10-02T01:01:04.695736+02:00
295882523,de:11000:900049201:1:50,-0.4,2026-10-02T01:01:04.695736+02:00
295882523,de:11000:900050301:1:50,0.0,2026-10-02T01:01:04.695736+02:00
295882523,de:11000:900050355:1:50,-0.1,2026-10-02T01:01:04.695736+02:00
295882523,de:11000:900052201:1:50,-0.5,2026-10-02T01:01:04.695736+02:00
295882523,de:11000:900053301:1:51,-0.9,2026-10-02T01:01:04.695736+02:00
306896844,de:12067:900311129::4,0.0,2026-10-02T01:01:04.695736+02:00
306896844,de:12067:900311129::4,-12.0,2026-10-02T01:01:04.695736+02:00
306896844,de:12067:900310727::3,0.0,2026-10-02T01:01:04.695736+02:00
306896844,de:12067:900310755::2,0.0,2026-10-02T01:01:04.695736+02:00
306896844,de:12067:900310728::3,0.0,2026-10-02T01:01:04.695736+02:00
306896844,de:12067:900311129::7,0.0,2026-10-02T01:01:04.695736+02:00
306896844,de:12067:900311129::4,12.0,2026-10-02T01:01:04.695736+02:00
306896844,de:12067:900311129::4,0.0,2026-10-02T01:01:04.695736+02:00
306896844,de:12067:900310637::2,0.0,2026-10-02T01:01:04.695736+02:00
306896844,de:12067:900310722::2,-0.5,2026-10-02T01:01:04.695736+02:00
306896844,de:12067:900310841::2,0.0,2026-10-02T01:01:04.695736+02:00
306896844,de:12067:900311002::3,0.0,2026-10-02T01:01:04.695736+02:00
306896844,de:12067:900310908::2,0.0,2026-10-02T01:01:04.695736+02:00
306896844,de:12067:900310975::2,0.0,2026-10-02T01:01:04.695736+02:00
306896844,de:12067:900310974::2,0.0,2026-10-02T01:01:04.695736+02:00
306896844,de:12067:900310914::2,0.0,2026-10-02T01:01:04.695736+02:00
306896844,de:12067:900310703::3,0.0,2026-10-02T01:01:04.695736+02:00
306896844,de:12067:900310915::2,-0.5,2026-10-02T01:01:04.695736+02:00
306896844,de:12067:900310916::2,-0.5,2026-10-02T01:01:04.695736+02:00
306896844,de:12067:900310917::2,0.0,2026-10-02T01:01:04.695736+02:00
306896844,de:12067:900310900::2,0.0,2026-10-02T01:01:04.695736+02:00
306896844,de:12067:900310880::2,0.0,2026-10-02T01:01:04.695736+02:00
306896844,de:12067:900310010::1,0.0,2026-10-02T01:01:04.695736+02:00
306896844,de:12067:900310879::2,0.0,2026-10-02T01:01:04.695736+02:00
306896844,de:12067:900310800::2,0.0,2026-10-02T01:01:04.695736+02:00
306896844,de:12067:900310771::2,0.0,2026-10-02T01:01:04.695736+02:00
306896844,de:12067:900310822::2,0.0,2026-10-02T01:01:04.695736+02:00
306896844,de:12067:900310781::2,0.0,2026-10-02T01:01:04.695736+02:00
306896844,de:12067:900310627::2,-0.5,2026-10-02T01:01:04.695736+02:00
306896844,de:12067:900310816::2,0.0,2026-10-02T01:01:04.695736+02:00
306896844,de:12067:900310022::1,0.0,2026-10-02T01:01:04.695736+02:00
306896844,de:12067:900310001::11,0.0,2026-10-02T01:01:04.695736+02:00
295882565,de:11000:900053301:2:52,0.0,2026-10-02T01:01:04.695736+02:00
295882565,de:11000:900052201:1:51,0.0,2026-10-02T01:01:04.695736+02:00
295882565,de:11000:900050355:1:51,-0.3,2026-10-02T01:01:04.695736+02:00
295882565,de:11000:900050301:1:51,-0.4,2026-10-02T01:01:04.695736+02:00
295882565,de:11000:900049201:1:51,0.0,2026-10-02T01:01:04.695736+02:00
295882565,de:11000:900049202:1:51,0.0,2026-10-02T01:01:04.695736+02:00
295882565,de:11000:900066101:1:51,-0.3,2026-10-02T01:01:04.695736+02:00
295882565,de:11000:900066102:1:51,-0.2,2026-10-02T01:01:04.695736+02:00
295882565,de:11000:900062202:1:51,-0.2,2026-10-02T01:01:04.695736+02:00
295882565,de:11000:900063101:1:51,-0.2,2026-10-02T01:01:04.695736+02:00
295882565,de:11000:900060101:1:51,-0.9,2026-10-02T01:01:04.695736+02:00
295882565,de:11000:900054104:1:51,-0.9,2026-10-02T01:01:04.695736+02:00
295882565,de:11000:900057104:1:50,-0.4,2026-10-02T01:01:04.695736+02:00
295882565,de:11000:900057102:1:51,-0.1,2026-10-02T01:01:04.695736+02:00
295882565,de:11000:900012101:2:52,-0.9,2026-10-02T01:01:04.695736+02:00
295882565,de:11000:900100020:4:57,-0.3,2026-10-02T01:01:04.695736+02:00
295882565,de:11000:900100025:1:51,-0.4,2026-10-02T01:01:04.695736+02:00
295882565,de:11000:900100001:4:57,-0.1,2026-10-02T01:01:04.695736+02:00
295882565,de:11000:900100007:1:51,-0.2,2026-10-02T01:01:04.695736+02:00
295882565,de:11000:900007104:2:52,-0.2,2026-10-02T01:01:04.695736+02:00
295882565,de:11000:900008101:1:51,-0.9,2026-10-02T01:01:04.695736+02:00
295882565,de:11000:900007102:2:53,-0.6,2026-10-02T01:01:04.695736+02:00
295882565,de:11000:900110011:2:53,-0.9,2026-10-02T01:01:04.695736+02:00
295882565,de:11000:900085201:1:50,-0.9,2026-10-02T01:01:04.695736+02:00
295882565,de:11000:900084101:1:50,-0.7,2026-10-02T01:01:04.695736+02:00
295882565,de:11000:900096101:1:50,-0.8,2026-10-02T01:01:04.695736+02:00
295882565,de:11000:900094101:1:50,-0.1,2026-10-02T01:01:04.695736+02:00
295882565,de:11000:900093201:1:50,-0.4,2026-10-02T01:01:04.695736+02:00
295882565,de:11000:900092201:1:50,-0.2,2026-10-02T01:01:04.695736+02:00
306896970,de:12067:900311308::6,0.0,2026-10-02T01:01:04.695736+02:00
306896970,de:12067:900311335::1,0.0,2026-10-02T01:01:04.695736+02:00
306896970,de:12067:900311341::1,0.0,2026-10-02T01:01:04.695736+02:00
306896970,de:12067:900311345::1,0.0,2026-10-02T01:01:04.695736+02:00
306896970,de:12067:900311359::1,0.0,2026-10-02T01:01:04.695736+02:00
306896970,de:12067:900310027::1,0.0,2026-10-02T01:01:04.695736+02:00
306896970,de:12067:900311317::1,0.0,2026-10-02T01:01:04.695736+02:00
306896970,de:12067:900311384::1,0.0,2026-10-02T01:01:04.695736+02:00
306896970,de:12067:900311316::1,0.0,2026-10-02T01:01:04.695736+02:00
306896970,de:12067:900311376::1,0.0,2026-10-02T01:01:04.695736+02:00
306896970,de:12067:900311377::1,0.0,2026-10-02T01:01:04.695736+02:00
306896970,de:12067:900311362::1,0.0,2026-10-02T01:01:04.695736+02:00
306896970,de:12067:900311363::1,0.0,2026-10-02T01:01:04.695736+02:00
306896970,de:12067:900311365::1,0.0,2026-10-02T01:01:04.695736+02:00
306896970,de:12067:900311374::1,0.0,2026-10-02T01:01:04.695736+02:00
306896970,de:12067:900311364::2,0.0,2026-10-02T01:01:04.695736+02:00
306896970,de:12067:900311371::2,0.0,2026-10-02T01:01:04.695736+02:00
306896970,de:12067:900311336::1,0.0,2026-10-02T01:01:04.695736+02:00
306896970,de:12067:900311352::1,0.0,2026-10-02T01:01:04.695736+02:00
306896970,de:12067:900311333::1,0.0,2026-10-02T01:01:04.695736+02:00
306896970,de:12067:900311334::1,0.0,2026-10-02T01:01:04.695736+02:00
306896970,de:12067:900311304::1,0.0,2026-10-02T01:01:04.695736+02:00
306896970,de:12067:900311305::2,0.0,2026-10-02T01:01:04.695736+02:00
306896970,de:12067:900311383::6,0.0,2026-10-02T01:01:04.695736+02:00
306896970,de:12067:900311353::1,0.0,2026-10-02T01:01:04.695736+02:00
306896970,de:12067:900311321::1,0.0,2026-10-02T01:01:04.695736+02:00
306896970,de:12067:900311350::2,0.0,2026-10-02T01:01:04.695736+02:00
306896970,de:12067:900311348::2,0.0,2026-10-02T01:01:04.695736+02:00
306896970,de:12067:900311308::4,0.0,2026-10-02T01:01:04.695736+02:00
306896067,de:12067:900310021::2,0.0,2026-10-02T01:01:04.695736+02:00
306896067,de:12067:900311096::1,0.0,2026-10-02T01:01:04.695736+02:00
306896067,de:12067:900311097::2,0.0,2026-10-02T01:01:04.695736+02:00
306896067,de:12067:900311095::2,0.0,2026-10-02T01:01:04.695736+02:00
306896067,de:12067:900310580::2,0.0,2026-10-02T01:01:04.695736+02:00
306896067,de:12067:900310578::4,0.0,2026-10-02T01:01:04.695736+02:00
306896067,de:12067:900310534::2,0.0,2026-10-02T01:01:04.695736+02:00
306896067,de:11000:900310550::2,0.0,2026-10-02T01:01:04.695736+02:00
306896067,de:12067:900310572::2,0.0,2026-10-02T01:01:04.695736+02:00
306896067,de:12067:900310013::7,0.0,2026-10-02T01:01:04.695736+02:00
295882442,de:11000:900092201:1:50,0.0,2026-10-02T01:01:04.695736+02:00
295882442,de:11000:900093201:1:51,-0.4,2026-10-02T01:01:04.695736+02:00
295882442,de:11000:900094101:1:51,-0.3,2026-10-02T01:01:04.695736+02:00
295882442,de:11000:900096101:1:51,-0.1,2026-10-02T01:01:04.695736+02:00
295882442,de:11000:900084101:1:51,-0.2,2026-10-02T01:01:04.695736+02:00
295882442,de:11000:900085201:1:51,-0.8,2026-10-02T01:01:04.695736+02:00
295882442,de:11000:900130003:1:51,-0.8,2026-10-02T01:01:04.695736+02:00
295882442,de:11000:900110011:1:50,-0.9,2026-10-02T01:01:04.695736+02:00
295882442,de:11000:900007102:1:50,-0.9,2026-10-02T01:01:04.695736+02:00
295882442,de:11000:900008101:1:50,0.0,2026-10-02T01:01:04.695736+02:00
295882442,de:11000:900007104:1:51,-0.7,2026-10-02T01:01:04.695736+02:00
295882442,de:11000:900100007:1:50,-0.7,2026-10-02T01:01:04.695736+02:00
295882442,de:11000:900100001:4:56,-0.5,2026-10-02T01:01:04.695736+02:00
295882442,de:11000:900100025:1:50,-0.4,2026-10-02T01:01:04.695736+02:00
295882442,de:11000:900100020:3:54,-0.4,2026-10-02T01:01:04.695736+02:00
295882442,de:11000:900012101:1:51,-0.5,2026-10-02T01:01:04.695736+02:00
295882442,de:11000:900057102:1:50,-0.7,2026-10-02T01:01:04.695736+02:00
295882442,de:11000:900057104:2:51,-0.4,2026-10-02T01:01:04.695736+02:00
295882442,de:11000:900054104:1:50,-0.3,2026-10-02T01:01:04.695736+02:00
295882442,de:11000:900060101:1:50,-0.3,2026-10-02T01:01:04.695736+02:00
295882442,de:11000:900063101:1:50,-0.1,2026-10-02T01:01:04.695736+02:00
295882442,de:11000:900062202:1:50,-0.1,2026-10-02T01:01:04.695736+02:00
295882442,de:11000:900066102:1:50,-0.2,2026-10-02T01:01:04.695736+02:00
295882442,de:11000:900066101:1:50,-0.1,2026-10-02T01:01:04.695736+02:00
295882442,de:11000:900049202:1:50,-0.3,2026-10-02T01:01:04.695736+02:00
295882442,de:11000:900049201:1:50,-0.4,2026-10-02T01:01:04.695736+02:00
295882442,de:11000:900050301:1:50,0.0,2026-10-02T01:01:04.695736+02:00
295882442,de:11000:900050355:1:50,-0.1,2026-10-02T01:01:04.695736+02:00
295882442,de:11000:900052201:1:50,-0.5,2026-10-02T01:01:04.695736+02:00
295882442,de:11000:900053301:1:51,-0.9,2026-10-02T01:01:04.695736+02:00
307432331,de:12054:900230003:4:53,0.0,2026-10-02T01:01:04.695736+02:00
307432331,de:12054:900230999:1:51,0.0,2026-10-02T01:01:04.695736+02:00
307432331,de:12054:900230006:1:50,0.0,2026-10-02T01:01:04.695736+02:00
307432331,de:12054:900230007:2:52,0.0,2026-10-02T01:01:04.695736+02:00
307432331,de:12054:900220010:1:50,0.0,2026-10-02T01:01:04.695736+02:00
307432331,de:12054:900230002:1:52,0.0,2026-10-02T01:01:04.695736+02:00
307432331,de:12069:900220002:1:50,0.0,2026-10-02T01:01:04.695736+02:00
307432331,de:12072:900245836:1:50,0.0,2026-10-02T01:01:04.695736+02:00
307432331,de:12061:900260009:2:54,0.0,2026-10-02T01:01:04.695736+02:00
307433849,de:12065:900200005:1:2,0.0,2026-10-02T01:01:04.695736+02:00
307433849,de:11000:900152001:3:53,0.0,2026-10-02T01:01:04.695736+02:00
307433849,de:11000:900160004:4:56,0.0,2026-10-02T01:01:04.695736+02:00
307433849,de:11000:900120003:4:56,0.0,2026-10-02T01:01:04.695736+02:00
307433849,de:11000:900192001:1:50,0.0,2026-10-02T01:01:04.695736+02:00
307433849,de:12061:900260009:2:54,0.0,2026-10-02T01:01:04.695736+02:00
307433849,de:12072:900245030:2:51,0.0,2026-10-02T01:01:04.695736+02:00
307433849,de:12072:900245029:2:52,0.0,2026-10-02T01:01:04.695736+02:00
307433847,de:12065:900200005:2:1,0.0,2026-10-02T01:01:04.695736+02:00
307433847,de:11000:900152001:3:53,0.0,2026-10-02T01:01:04.695736+02:00
307433847,de:11000:900160004:4:56,0.0,2026-10-02T01:01:04.695736+02:00
307433847,de:11000:900120003:4:56,0.0,2026-10-02T01:01:04.695736+02:00
307433847,de:11000:900192001:1:50,0.0,2026-10-02T01:01:04.695736+02:00
307433847,de:12061:900260009:2:54,0.0,2026-10-02T01:01:04.695736+02:00
307433847,de:12072:900245030:2:51,0.0,2026-10-02T01:01:04.695736+02:00
307433847,de:12072:900245029:2:52,0.0,2026-10-02T01:01:04.695736+02:00
307431123,de:12063:900210001:1:50,0.0,2026-10-02T01:01:04.695736+02:00
307431123,de:12054:900220012:1:50,0.0,2026-10-02T01:01:04.695736+02:00
307431123,de:12054:900220010:2:51,0.0,2026-10-02T01:01:04.695736+02:00
307431123,de:12054:900230007:2:52,0.0,2026-10-02T01:01:04.695736+02:00
307431123,de:12054:900230006:2:51,0.0,2026-10-02T01:01:04.695736+02:00
307431123,de:12054:900230999:2:53,0.0,2026-10-02T01:01:04.695736+02:00
307431123,de:12054:900230003:4:53,0.0,2026-10-02T01:01:04.695736+02:00
307431123,de:11000:900053301:3:55,0.0,2026-10-02T01:01:04.695736+02:00
307431123,de:11000:900024101:2:52,0.0,2026-10-02T01:01:04.695736+02:00
307431123,de:11000:900029101:2:52,0.0,2026-10-02T01:01:04.695736+02:00
307431123,de:12063:900210010:1:50,0.0,2026-10-02T01:01:04.695736+02:00
307431123,de:12065:900200000:1:51,0.0,2026-10-02T01:01:04.695736+02:00
307437549,de:12062:900415345:4:55,0.0,2026-10-02T01:01:04.695736+02:00
307437549,de:12062:900415467:2:51,0.0,2026-10-02T01:01:04.695736+02:00
307437549,de:12062:900415357:1:50,0.0,2026-10-02T01:01:04.695736+02:00
307437549,de:12062:900415466:1:50,0.0,2026-10-02T01:01:04.695736+02:00
307437549,de:12062:900415112:4:53,0.0,2026-10-02T01:01:04.695736+02:00
307437549,de:12062:900415005:1:50,0.0,2026-10-02T01:01:04.695736+02:00
307437549,de:12066:900435527:2:51,0.0,2026-10-02T01:01:04.695736+02:00
307437549,de:12066:900435459:2:51,0.0,2026-10-02T01:01:04.695736+02:00
307437549,de:12071:900445885:2:51,0.0,2026-10-02T01:01:04.695736+02:00
307437549,de:12052:900470000:3:54,0.0,2026-10-02T01:01:04.695736+02:00
307437549,de:12052:900470001:2:51,0.0,2026-10-02T01:01:04.695736+02:00
307437549,de:12052:900470163:2:51,0.0,2026-10-02T01:01:04.695736+02:00
307437549,de:12052:900470307:2:51,0.0,2026-10-02T01:01:04.695736+02:00
307437549,de:12071:900446411:2:51,0.0,2026-10-02T01:01:04.695736+02:00
307437549,de:12071:900446103:2:51,0.0,2026-10-02T01:01:04.695736+02:00
307437549,de:12071:900445750:1:50,0.0,2026-10-02T01:01:04.695736+02:00
307437549,de:12071:900445751:1:50,0.0,2026-10-02T01:01:04.695736+02:00
307437549,de:12071:900445801:1:50,0.0,2026-10-02T01:01:04.695736+02:00
307437549,de:12071:900445593:2:52,0.0,2026-10-02T01:01:04.695736+02:00
307437549,de:12067:900311250:1:50,0.0,2026-10-02T01:01:04.695736+02:00
307437549,de:12067:900311612:1:50,0.0,2026-10-02T01:01:04.695736+02:00
307437549,de:12067:900310601:1:51,0.0,2026-10-02T01:01:04.695736+02:00
307437549,de:12067:900311307:1:51,0.0,2026-10-02T01:01:04.695736+02:00
307437549,de:12067:900311631:1:51,0.0,2026-10-02T01:01:04.695736+02:00
307437549,de:12067:900311620:2:51,0.0,2026-10-02T01:01:04.695736+02:00
307437549,de:12067:900311232:2:51,0.0,2026-10-02T01:01:04.695736+02:00
307437549,de:12067:900311233:2:51,0.0,2026-10-02T01:01:04.695736+02:00
307437549,de:12053:900360000:3:54,0.0,2026-10-02T01:01:04.695736+02:00
307438164,de:12052:900470000:5:57,0.0,2026-10-02T01:01:04.695736+02:00
307438164,de:12052:900470001:2:51,0.0,2026-10-02T01:01:04.695736+02:00
307438164,de:12052:900470163:2:51,0.0,2026-10-02T01:01:04.695736+02:00
307438164,de:12052:900470307:2:51,0.0,2026-10-02T01:01:04.695736+02:00
307438164,de:12071:900446411:2:51,0.0,2026-10-02T01:01:04.695736+02:00
307438164,de:12071:900446103:2:51,0.0,2026-10-02T01:01:04.695736+02:00
307438164,de:12071:900445750:1:50,0.0,2026-10-02T01:01:04.695736+02:00
307438164,de:12071:900445751:1:50,0.0,2026-10-02T01:01:04.695736+02:00
307438164,de:12071:900445801:1:50,0.0,2026-10-02T01:01:04.695736+02:00
307438164,de:12071:900445593:2:52,0.0,2026-10-02T01:01:04.695736+02:00
307438164,de:12067:900311250:1:50,0.0,2026-10-02T01:01:04.695736+02:00
307438164,de:12067:900311612:1:50,0.0,2026-10-02T01:01:04.695736+02:00
307438164,de:12067:900310601:1:51,0.0,2026-10-02T01:01:04.695736+02:00
307438164,de:12067:900311307:1:51,0.0,2026-10-02T01:01:04.695736+02:00
307438164,de:12067:900311631:1:51,0.0,2026-10-02T01:01:04.695736+02:00
307438164,de:12067:900311620:2:51,0.0,2026-10-02T01:01:04.695736+02:00
307438164,de:12067:900311232:2:51,0.0,2026-10-02T01:01:04.695736+02:00
307438164,de:12067:900311233:2:51,0.0,2026-10-02T01:01:04.695736+02:00
307438164,de:12053:900360000:2:52,0.0,2026-10-02T01:01:04.695736+02:00
307430667,de:12065:900200005:1:2,0.0,2026-10-02T01:01:04.695736+02:00
307430667,de:12065:900200008:1:50,0.0,2026-10-02T01:01:04.695736+02:00
307430667,de:12065:900200010:1:50,0.0,2026-10-02T01:01:04.695736+02:00
307430667,de:12065:900200000:1:50,0.0,2026-10-02T01:01:04.695736+02:00
307430667,de:12063:900210001:1:50,0.0,2026-10-02T01:01:04.695736+02:00
307430667,de:12054:900220012:1:50,0.0,2026-10-02T01:01:04.695736+02:00
307430667,de:12054:900220010:2:51,0.0,2026-10-02T01:01:04.695736+02:00
307430667,de:12054:900230007:2:52,0.0,2026-10-02T01:01:04.695736+02:00
307430667,de:12054:900230006:2:51,0.0,2026-10-02T01:01:04.695736+02:00
307430667,de:12054:900230999:2:53,0.0,2026-10-02T01:01:04.695736+02:00
307430667,de:12054:900230003:4:53,0.0,2026-10-02T01:01:04.695736+02:00
307430663,de:12065:900200005:1:2,0.0,2026-10-02T01:01:04.695736+02:00
307430663,de:12065:900200008:1:50,0.0,2026-10-02T01:01:04.695736+02:00
307430663,de:12065:900200010:1:50,0.0,2026-10-02T01:01:04.695736+02:00
307430663,de:12065:900200000:1:50,0.0,2026-10-02T01:01:04.695736+02:00
307430663,de:12063:900210001:1:50,0.0,2026-10-02T01:01:04.695736+02:00
307430663,de:12054:900220012:1:50,0.0,2026-10-02T01:01:04.695736+02:00
307430663,de:12054:900220010:2:51,0.0,2026-10-02T01:01:04.695736+02:00
307430663,de:12054:900230007:2:52,0.0,2026-10-02T01:01:04.695736+02:00
307430663,de:12054:900230006:2:51,0.0,2026-10-02T01:01:04.695736+02:00
307430663,de:12054:900230999:2:53,0.0,2026-10-02T01:01:04.695736+02:00
307430663,de:12054:900230003:4:53,0.0,2026-10-02T01:01:04.695736+02:00
306896947,de:12067:900310613::1,0.0,2026-10-02T01:01:04.695736+02:00
306896947,de:12067:900311078::2,0.0,2026-10-02T01:01:04.695736+02:00
306896947,de:12067:900311077::2,0.0,2026-10-02T01:01:04.695736+02:00
306896947,de:12067:900310751::1,0.0,2026-10-02T01:01:04.695736+02:00
306896947,de:12067:900311082::2,0.0,2026-10-02T01:01:04.695736+02:00
306896947,de:12067:900310107::2,0.0,2026-10-02T01:01:04.695736+02:00
306896947,de:12067:900310113::1,0.0,2026-10-02T01:01:04.695736+02:00
306896947,de:12067:900310102::2,0.0,2026-10-02T01:01:04.695736+02:00
306896947,de:12067:900310103::2,0.0,2026-10-02T01:01:04.695736+02:00
306896947,de:12067:900310114::2,0.0,2026-10-02T01:01:04.695736+02:00
306896947,de:12067:900310119::2,0.0,2026-10-02T01:01:04.695736+02:00
306896947,de:12067:900310115::2,0.0,2026-10-02T01:01:04.695736+02:00
306896947,de:12067:900310106::2,0.0,2026-10-02T01:01:04.695736+02:00
306896947,de:12067:900310109::1,0.0,2026-10-02T01:01:04.695736+02:00
306896947,de:12067:900310631::1,0.0,2026-10-02T01:01:04.695736+02:00
306896947,de:12067:900310040::2,0.0,2026-10-02T01:01:04.695736+02:00
306896947,de:12067:900310110::2,0.0,2026-10-02T01:01:04.695736+02:00
306896947,de:12067:900310946::2,0.0,2026-10-02T01:01:04.695736+02:00
306896947,de:12067:900310979::2,0.0,2026-10-02T01:01:04.695736+02:00
306896947,de:12067:900310703::2,0.0,2026-10-02T01:01:04.695736+02:00
306896947,de:12067:900310915::2,-0.5,2026-10-02T01:01:04.695736+02:00
306896947,de:12067:900310916::2,-0.5,2026-10-02T01:01:04.695736+02:00
306896947,de:12067:900310917::2,0.0,2026-10-02T01:01:04.695736+02:00
306896947,de:12067:900310900::2,0.0,2026-10-02T01:01:04.695736+02:00
306896947,de:12067:900310880::2,0.0,2026-10-02T01:01:04.695736+02:00
306896947,de:12067:900310010::1,0.0,2026-10-02T01:01:04.695736+02:00
306896947,de:12067:900310879::2,0.0,2026-10-02T01:01:04.695736+02:00
306896947,de:12067:900310800::2,0.0,2026-10-02T01:01:04.695736+02:00
306896947,de:12067:900310771::2,0.0,2026-10-02T01:01:04.695736+02:00
306896947,de:12067:900310822::2,0.0,2026-10-02T01:01:04.695736+02:00
306896947,de:12067:900310781::2,-0.5,2026-10-02T01:01:04.695736+02:00
306896947,de:12067:900310627::2,0.0,2026-10-02T01:01:04.695736+02:00
306896947,de:12067:900310816::2,0.0,2026-10-02T01:01:04.695736+02:00
306896947,de:12067:900310022::1,0.0,2026-10-02T01:01:04.695736+02:00
306896947,de:12067:900310001::11,0.0,2026-10-02T01:01:04.695736+02:00
306896949,de:12067:900310613::1,0.0,2026-10-02T01:01:04.695736+02:00
306896949,de:12067:900311078::2,-0.5,2026-10-02T01:01:04.695736+02:00
306896949,de:12067:900311077::2,-0.5,2026-10-02T01:01:04.695736+02:00
306896949,de:12067:900311082::2,-0.5,2026-10-02T01:01:04.695736+02:00
306896949,de:12067:900310107::2,-0.5,2026-10-02T01:01:04.695736+02:00
306896949,de:12067:900310113::1,-0.5,2026-10-02T01:01:04.695736+02:00
306896949,de:12067:900310102::2,-0.5,2026-10-02T01:01:04.695736+02:00
306896949,de:12067:900310103::2,-0.5,2026-10-02T01:01:04.695736+02:00
306896949,de:12067:900310114::2,-0.5,2026-10-02T01:01:04.695736+02:00
306896949,de:12067:900310119::2,-0.5,2026-10-02T01:01:04.695736+02:00
306896949,de:12067:900310115::2,-0.5,2026-10-02T01:01:04.695736+02:00
306896949,de:12067:900310106::2,-0.5,2026-10-02T01:01:04.695736+02:00
306896949,de:12067:900310109::1,0.0,2026-10-02T01:01:04.695736+02:00
306896949,de:12067:900310631::1,-0.5,2026-10-02T01:01:04.695736+02:00
306896949,de:12067:900310040::2,0.0,2026-10-02T01:01:04.695736+02:00
306896949,de:12067:900310110::2,-0.5,2026-10-02T01:01:04.695736+02:00
306896949,de:12067:900310946::2,-0.5,2026-10-02T01:01:04.695736+02:00
306896949,de:12067:900310979::2,-0.5,2026-10-02T01:01:04.695736+02:00
306896949,de:12067:900310703::2,-0.5,2026-10-02T01:01:04.695736+02:00
306896949,de:12067:900310915::2,0.0,2026-10-02T01:01:04.695736+02:00
306896949,de:12067:900310916::2,0.0,2026-10-02T01:01:04.695736+02:00
306896949,de:12067:900310917::2,-0.5,2026-10-02T01:01:04.695736+02:00
306896949,de:12067:900310900::2,-0.5,2026-10-02T01:01:04.695736+02:00
306896949,de:12067:900310880::2,-0.5,2026-10-02T01:01:04.695736+02:00
306896949,de:12067:900310010::1,-0.5,2026-10-02T01:01:04.695736+02:00
306896949,de:12067:900310879::2,-0.5,2026-10-02T01:01:04.695736+02:00
306896949,de:12067:900310800::2,-0.5,2026-10-02T01:01:04.695736+02:00
306896949,de:12067:900310771::2,-0.5,2026-10-02T01:01:04.695736+02:00
306896949,de:12067:900310822::2,-0.5,2026-10-02T01:01:04.695736+02:00
306896949,de:12067:900310781::2,0.0,2026-10-02T01:01:04.695736+02:00
306896949,de:12067:900310627::2,-0.5,2026-10-02T01:01:04.695736+02:00
306896949,de:12067:900310816::2,0.0,2026-10-02T01:01:04.695736+02:00
306896949,de:12067:900310022::1,0.0,2026-10-02T01:01:04.695736+02:00
306896949,de:12067:900310001::11,0.0,2026-10-02T01:01:04.695736+02:00
307435334,de:12061:900260009:2:54,0.0,2026-10-02T01:01:04.695736+02:00
307435334,de:11000:900058101:4:57,0.0,2026-10-02T01:01:04.695736+02:00
307435334,de:11000:900100020:2:53,0.0,2026-10-02T01:01:04.695736+02:00
307435334,de:11000:900003200:4:57,0.0,2026-10-02T01:01:04.695736+02:00
306897110,de:12067:900311238::1,0.0,2026-10-02T01:01:04.695736+02:00
306897110,de:12067:900311236::2,0.0,2026-10-02T01:01:04.695736+02:00
306897110,de:12067:900311232::1,0.0,2026-10-02T01:01:04.695736+02:00
306897110,de:12067:900311624::2,0.0,2026-10-02T01:01:04.695736+02:00
306897110,de:12067:900311621::2,0.0,2026-10-02T01:01:04.695736+02:00
306897110,de:12067:900311635::1,0.0,2026-10-02T01:01:04.695736+02:00
306897110,de:12067:900311633::2,0.0,2026-10-02T01:01:04.695736+02:00
306897110,de:12067:900311634::1,0.0,2026-10-02T01:01:04.695736+02:00
306897110,de:12067:900311591::1,0.0,2026-10-02T01:01:04.695736+02:00
306897110,de:12067:900311590::2,0.0,2026-10-02T01:01:04.695736+02:00
306897110,de:12067:900311370::2,0.0,2026-10-02T01:01:04.695736+02:00
306897110,de:12067:900311373::2,0.0,2026-10-02T01:01:04.695736+02:00
306897110,de:12067:900311301::2,0.0,2026-10-02T01:01:04.695736+02:00
306897110,de:12067:900311339::2,0.0,2026-10-02T01:01:04.695736+02:00
306897110,de:12067:900311309::1,0.0,2026-10-02T01:01:04.695736+02:00
306897110,de:12067:900311310::1,0.0,2026-10-02T01:01:04.695736+02:00
306897110,de:12067:900311307::1,0.0,2026-10-02T01:01:04.695736+02:00
306897110,de:12067:900311308::4,0.0,2026-10-02T01:01:04.695736+02:00
307440271,de:12065:900203452:1:51,0.0,2026-10-02T01:01:04.695736+02:00
307440271,de:12065:900204001:1:50,0.0,2026-10-02T01:01:04.695736+02:00
307440271,de:12065:900203671:1:50,0.0,2026-10-02T01:01:04.695736+02:00
307440271,de:12065:900204003:1:50,0.0,2026-10-02T01:01:04.695736+02:00
307440271,de:12065:900200004:1:51,0.0,2026-10-02T01:01:04.695736+02:00
307440271,de:12065:900200000:1:51,0.0,2026-10-02T01:01:04.695736+02:00
307440148,de:12065:900200000:1:51,0.0,2026-10-02T01:01:04.695736+02:00
307440148,de:12065:900200004:1:50,0.0,2026-10-02T01:01:04.695736+02:00
307440148,de:12065:900204003:1:50,0.0,2026-10-02T01:01:04.695736+02:00
307440148,de:12065:900203671:1:50,0.0,2026-10-02T01:01:04.695736+02:00
307440148,de:12065:900204001:1:50,0.0,2026-10-02T01:01:04.695736+02:00
307440148,de:12065:900203452:1:51,0.0,2026-10-02T01:01:04.695736+02:00
307440145,de:12065:900200000:1:51,0.0,2026-10-02T01:01:04.695736+02:00
307440145,de:12065:900200004:1:50,0.0,2026-10-02T01:01:04.695736+02:00
307440145,de:12065:900204003:1:50,0.0,2026-10-02T01:01:04.695736+02:00
307440145,de:12065:900203671:1:50,0.0,2026-10-02T01:01:04.695736+02:00
307440145,de:12065:900204001:1:50,0.0,2026-10-02T01:01:04.695736+02:00
307440145,de:12065:900203452:1:51,0.0,2026-10-02T01:01:04.695736+02:00
307430389,de:11000:900029101:2:53,0.0,2026-10-02T01:01:04.695736+02:00
307430389,de:11000:900037168:1:50,0.0,2026-10-02T01:01:04.695736+02:00
307430389,de:12063:900210180:1:50,0.0,2026-10-02T01:01:04.695736+02:00
307430389,de:12063:900210010:1:50,0.0,2026-10-02T01:01:04.695736+02:00
307430389,de:12063:900210011:1:50,0.0,2026-10-02T01:01:04.695736+02:00
307430389,de:12063:900210326:1:50,0.0,2026-10-02T01:01:04.695736+02:00
307430389,de:12063:900210005:2:53,0.0,2026-10-02T01:01:04.695736+02:00
307436768,de:12069:900220143:1:50,0.0,2026-10-02T01:01:04.695736+02:00
307436768,de:12069:900220142:2:51,0.0,2026-10-02T01:01:04.695736+02:00
307436768,de:12069:900220141:2:51,0.0,2026-10-02T01:01:04.695736+02:00
307436768,de:12069:900222030:2:51,0.0,2026-10-02T01:01:04.695736+02:00
307436768,de:12069:900220005:2:51,0.0,2026-10-02T01:01:04.695736+02:00
307436768,de:12069:900220004:2:51,0.0,2026-10-02T01:01:04.695736+02:00
307436768,de:12069:900220003:1:51,0.0,2026-10-02T01:01:04.695736+02:00
307436768,de:12069:900220006:2:51,0.0,2026-10-02T01:01:04.695736+02:00
307436768,de:12069:900220008:2:51,0.0,2026-10-02T01:01:04.695736+02:00
307436768,de:12054:900230001:2:51,0.0,2026-10-02T01:01:04.695736+02:00
307436768,de:11000:900053301:3:55,0.0,2026-10-02T01:01:04.695736+02:00
307435917,de:11000:900053301:3:54,0.0,2026-10-02T01:01:04.695736+02:00
307435917,de:12054:900230001:1:50,0.0,2026-10-02T01:01:04.695736+02:00
307435917,de:12069:900220008:1:50,0.0,2026-10-02T01:01:04.695736+02:00
307435917,de:12069:900220006:1:50,0.0,2026-10-02T01:01:04.695736+02:00
307435917,de:12069:900220003:1:50,0.0,2026-10-02T01:01:04.695736+02:00
307435917,de:12069:900220004:1:50,0.0,2026-10-02T01:01:04.695736+02:00
307435917,de:12069:900220005:1:50,0.0,2026-10-02T01:01:04.695736+02:00
307435917,de:12069:900222030:1:50,0.0,2026-10-02T01:01:04.695736+02:00
307435917,de:12069:900220141:1:50,0.0,2026-10-02T01:01:04.695736+02:00
307435917,de:12069:900220142:1:50,0.0,2026-10-02T01:01:04.695736+02:00
307435917,de:12069:900220143:1:50,0.0,2026-10-02T01:01:04.695736+02:00
295893013,de:12060:900350160:1:51,0.0,2026-10-02T01:01:04.695736+02:00
295893013,de:12060:900350161:1:50,-0.3,2026-10-02T01:01:04.695736+02:00
295893013,de:12060:900350163:1:50,-0.1,2026-10-02T01:01:04.695736+02:00
295893013,de:12060:900350162:1:50,-0.8,2026-10-02T01:01:04.695736+02:00
295893013,de:11000:900135001:1:50,-0.3,2026-10-02T01:01:04.695736+02:00
295893013,de:11000:900143001:1:51,-0.8,2026-10-02T01:01:04.695736+02:00
295893013,de:11000:900142001:1:51,-0.3,2026-10-02T01:01:04.695736+02:00
295893013,de:11000:900130001:1:51,-0.8,2026-10-02T01:01:04.695736+02:00
295893013,de:11000:900130002:1:51,-0.3,2026-10-02T01:01:04.695736+02:00
295893013,de:11000:900110011:1:51,-0.7,2026-10-02T01:01:04.695736+02:00
295893013,de:11000:900007102:1:50,-0.7,2026-10-02T01:01:04.695736+02:00
295893013,de:11000:900008101:1:50,-0.5,2026-10-02T01:01:04.695736+02:00
295893013,de:11000:900007104:1:51,-0.2,2026-10-02T01:01:04.695736+02:00
295893013,de:11000:900100007:1:50,-0.2,2026-10-02T01:01:04.695736+02:00
295893013,de:11000:900100001:4:56,0.0,2026-10-02T01:01:04.695736+02:00
295893013,de:11000:900100025:1:50,-0.9,2026-10-02T01:01:04.695736+02:00
295893013,de:11000:900100020:3:54,-0.9,2026-10-02T01:01:04.695736+02:00
295893013,de:11000:900012101:1:51,0.0,2026-10-02T01:01:04.695736+02:00
295893013,de:11000:900058103:1:50,-0.8,2026-10-02T01:01:04.695736+02:00
295893013,de:11000:900058101:1:50,-0.4,2026-10-02T01:01:04.695736+02:00
295893013,de:11000:900058102:1:50,-0.4,2026-10-02T01:01:04.695736+02:00
295893013,de:11000:900068301:1:50,-0.7,2026-10-02T01:01:04.695736+02:00
295893013,de:11000:900073101:1:50,-0.9,2026-10-02T01:01:04.695736+02:00
295893013,de:11000:900072101:1:50,-0.2,2026-10-02T01:01:04.695736+02:00
295893013,de:11000:900074202:1:50,-0.2,2026-10-02T01:01:04.695736+02:00
295893013,de:11000:900074201:1:50,-0.4,2026-10-02T01:01:04.695736+02:00
295893013,de:12072:900245028:1:51,-0.9,2026-10-02T01:01:04.695736+02:00
295893013,de:12072:900245027:2:52,-0.9,2026-10-02T01:01:04.695736+02:00
295893062,de:12072:900245027:2:52,0.0,2026-10-02T01:01:04.695736+02:00
295893062,de:12072:900245028:1:50,-0.9,2026-10-02T01:01:04.695736+02:00
295893062,de:11000:900074201:1:50,-0.9,2026-10-02T01:01:04.695736+02:00
295893062,de:11000:900074202:2:51,-0.1,2026-10-02T01:01:04.695736+02:00
295893062,de:11000:900072101:2:51,-0.1,2026-10-02T01:01:04.695736+02:00
295893062,de:11000:900073101:1:51,-0.4,2026-10-02T01:01:04.695736+02:00
295893062,de:11000:900068301:1:51,-0.7,2026-10-02T01:01:04.695736+02:00
295893062,de:11000:900058102:2:51,-0.7,2026-10-02T01:01:04.695736+02:00
295893062,de:11000:900058101:1:51,-0.3,2026-10-02T01:01:04.695736+02:00
295893062,de:11000:900058103:1:51,-0.1,2026-10-02T01:01:04.695736+02:00
295893062,de:11000:900012101:2:53,-0.7,2026-10-02T01:01:04.695736+02:00
295893062,de:11000:900100020:4:57,-0.8,2026-10-02T01:01:04.695736+02:00
295893062,de:11000:900100025:1:51,-0.9,2026-10-02T01:01:04.695736+02:00
295893062,de:11000:900100001:4:57,-0.6,2026-10-02T01:01:04.695736+02:00
295893062,de:11000:900100007:1:51,-0.7,2026-10-02T01:01:04.695736+02:00
295893062,de:11000:900007104:2:52,-0.7,2026-10-02T01:01:04.695736+02:00
295893062,de:11000:900008101:1:51,-0.4,2026-10-02T01:01:04.695736+02:00
295893062,de:11000:900007102:2:53,-0.1,2026-10-02T01:01:04.695736+02:00
295893062,de:11000:900110011:2:52,-0.4,2026-10-02T01:01:04.695736+02:00
295893062,de:11000:900130002:1:50,-0.7,2026-10-02T01:01:04.695736+02:00
295893062,de:11000:900130001:1:50,-0.4,2026-10-02T01:01:04.695736+02:00
295893062,de:11000:900142001:1:50,-0.9,2026-10-02T01:01:04.695736+02:00
295893062,de:11000:900143001:1:51,-0.7,2026-10-02T01:01:04.695736+02:00
295893062,de:11000:900135001:1:50,-0.4,2026-10-02T01:01:04.695736+02:00
295893062,de:12060:900350162:1:50,0.0,2026-10-02T01:01:04.695736+02:00
295893062,de:12060:900350163:1:51,-0.4,2026-10-02T01:01:04.695736+02:00
295893062,de:12060:900350161:1:50,-0.7,2026-10-02T01:01:04.695736+02:00
295893062,de:12060:900350160:1:51,-0.4,2026-10-02T01:01:04.695736+02:00
307430160,de:11000:900003200:1:50,0.0,2026-10-02T01:01:04.695736+02:00
307430160,de:11000:900100020:1:50,0.0,2026-10-02T01:01:04.695736+02:00
307430160,de:11000:900058101:2:52,0.0,2026-10-02T01:01:04.695736+02:00
307430160,de:12061:900260009:2:53,0.0,2026-10-02T01:01:04.695736+02:00
307430287,de:12061:900260009:2:53,0.0,2026-10-02T01:01:04.695736+02:00
307430287,de:11000:900058101:4:57,0.0,2026-10-02T01:01:04.695736+02:00
307430287,de:11000:900100020:2:53,0.0,2026-10-02T01:01:04.695736+02:00
307430287,de:11000:900003200:4:56,0.0,2026-10-02T01:01:04.695736+02:00
306896743,de:12067:900310001::4,0.0,2026-10-02T01:01:04.695736+02:00
306896743,de:12067:900310816::1,0.0,2026-10-02T01:01:04.695736+02:00
306896743,de:12067:900310627::1,0.0,2026-10-02T01:01:04.695736+02:00
306896743,de:12067:900310781::1,0.0,2026-10-02T01:01:04.695736+02:00
306896743,de:12067:900310822::1,0.0,2026-10-02T01:01:04.695736+02:00
306896743,de:12067:900310808::1,0.0,2026-10-02T01:01:04.695736+02:00
306896743,de:12067:900310777::1,0.0,2026-10-02T01:01:04.695736+02:00
306896743,de:12067:900310796::1,0.0,2026-10-02T01:01:04.695736+02:00
306896743,de:12067:900310875::1,0.0,2026-10-02T01:01:04.695736+02:00
306896743,de:12067:900310837::1,0.0,2026-10-02T01:01:04.695736+02:00
306896743,de:12067:900310817::1,0.0,2026-10-02T01:01:04.695736+02:00
306896743,de:12067:900310819::1,-0.5,2026-10-02T01:01:04.695736+02:00
306896743,de:12067:900310785::1,-0.5,2026-10-02T01:01:04.695736+02:00
306896743,de:12067:900310743::1,-0.5,2026-10-02T01:01:04.695736+02:00
306896743,de:12067:900310741::1,-0.5,2026-10-02T01:01:04.695736+02:00
306896743,de:12067:900310742::1,0.0,2026-10-02T01:01:04.695736+02:00
306896743,de:12067:900310929::1,-0.5,2026-10-02T01:01:04.695736+02:00
306896743,de:12067:900310930::1,0.0,2026-10-02T01:01:04.695736+02:00
306896743,de:12067:900310928::1,-0.5,2026-10-02T01:01:04.695736+02:00
306896743,de:12067:900311037::1,-0.5,2026-10-02T01:01:04.695736+02:00
306896743,de:12067:900311032::1,-0.5,2026-10-02T01:01:04.695736+02:00
306896743,de:12067:900311041::1,-0.5,2026-10-02T01:01:04.695736+02:00
306896743,de:12067:900311038::1,-0.5,2026-10-02T01:01:04.695736+02:00
306896743,de:12067:900311040::1,-0.5,2026-10-02T01:01:04.695736+02:00
306896743,de:12067:900311031::1,-0.5,2026-10-02T01:01:04.695736+02:00
306896743,de:12067:900311039::1,-0.5,2026-10-02T01:01:04.695736+02:00
295900343,de:12069:900220114:1:51,0.0,2026-10-02T01:01:04.695736+02:00
295900343,de:11000:900064201:1:51,-0.1,2026-10-02T01:01:04.695736+02:00
295900343,de:11000:900064256:1:51,0.0,2026-10-02T01:01:04.695736+02:00
295900343,de:11000:900064301:3:53,-0.3,2026-10-02T01:01:04.695736+02:00
295900343,de:11000:900067221:1:50,-0.3,2026-10-02T01:01:04.695736+02:00
295900343,de:11000:900063452:1:51,-0.4,2026-10-02T01:01:04.695736+02:00
295900343,de:11000:900058102:2:53,-0.5,2026-10-02T01:01:04.695736+02:00
295900343,de:11000:900058101:1:51,-0.3,2026-10-02T01:01:04.695736+02:00
295900343,de:11000:900058103:1:51,0.0,2026-10-02T01:01:04.695736+02:00
295900343,de:11000:900012101:2:53,-0.7,2026-10-02T01:01:04.695736+02:00
295900343,de:11000:900100020:4:57,-0.8,2026-10-02T01:01:04.695736+02:00
295900343,de:11000:900100025:1:51,-0.9,2026-10-02T01:01:04.695736+02:00
295900343,de:11000:900100001:4:57,-0.6,2026-10-02T01:01:04.695736+02:00
295900343,de:11000:900100007:1:51,-0.7,2026-10-02T01:01:04.695736+02:00
295900343,de:11000:900007104:2:52,-0.7,2026-10-02T01:01:04.695736+02:00
295900343,de:11000:900008101:1:51,-0.4,2026-10-02T01:01:04.695736+02:00
295900343,de:11000:900007102:2:53,-0.2,2026-10-02T01:01:04.695736+02:00
295900343,de:11000:900110011:2:53,-0.4,2026-10-02T01:01:04.695736+02:00
295900343,de:11000:900085201:1:50,-0.8,2026-10-02T01:01:04.695736+02:00
295900343,de:11000:900085105:1:50,-0.8,2026-10-02T01:01:04.695736+02:00
295900343,de:11000:900096458:1:50,-0.1,2026-10-02T01:01:04.695736+02:00
295900343,de:11000:900096405:1:50,-0.8,2026-10-02T01:01:04.695736+02:00
295900343,de:11000:900089303:1:50,-0.7,2026-10-02T01:01:04.695736+02:00
295900343,de:11000:900091205:1:50,-0.3,2026-10-02T01:01:04.695736+02:00
295900343,de:11000:900091203:1:50,-0.5,2026-10-02T01:01:04.695736+02:00
295900343,de:12065:900200000:1:55,-0.7,2026-10-02T01:01:04.695736+02:00
295896072,de:11000:900135001:1:50,0.0,2026-10-02T01:01:04.695736+02:00
295896072,de:11000:900143001:1:51,-0.8,2026-10-02T01:01:04.695736+02:00
295896072,de:11000:900142001:1:51,-0.3,2026-10-02T01:01:04.695736+02:00
295896072,de:11000:900130001:1:51,-0.8,2026-10-02T01:01:04.695736+02:00
295896072,de:11000:900130002:1:51,-0.3,2026-10-02T01:01:04.695736+02:00
295896072,de:11000:900110011:1:51,-0.7,2026-10-02T01:01:04.695736+02:00
295896072,de:11000:900007102:1:50,-0.7,2026-10-02T01:01:04.695736+02:00
295896072,de:11000:900008101:1:50,-0.5,2026-10-02T01:01:04.695736+02:00
295896072,de:11000:900007104:1:51,-0.2,2026-10-02T01:01:04.695736+02:00
295896072,de:11000:900100007:1:50,-0.2,2026-10-02T01:01:04.695736+02:00
295896072,de:11000:900100001:4:56,0.0,2026-10-02T01:01:04.695736+02:00
295896072,de:11000:900100025:1:50,-0.9,2026-10-02T01:01:04.695736+02:00
295896072,de:11000:900100020:3:54,-0.9,2026-10-02T01:01:04.695736+02:00
295896072,de:11000:900012101:1:51,0.0,2026-10-02T01:01:04.695736+02:00
295896072,de:11000:900058103:1:50,-0.8,2026-10-02T01:01:04.695736+02:00
295896072,de:11000:900058101:1:50,-0.4,2026-10-02T01:01:04.695736+02:00
295896072,de:11000:900058102:1:50,-0.4,2026-10-02T01:01:04.695736+02:00
295896072,de:11000:900068301:1:50,-0.7,2026-10-02T01:01:04.695736+02:00
295896072,de:11000:900073101:1:50,-0.9,2026-10-02T01:01:04.695736+02:00
295896072,de:11000:900072101:1:50,-0.2,2026-10-02T01:01:04.695736+02:00
295896072,de:11000:900074202:1:50,-0.2,2026-10-02T01:01:04.695736+02:00
295896072,de:11000:900074201:1:50,-0.4,2026-10-02T01:01:04.695736+02:00
295896070,de:11000:900135001:1:50,0.0,2026-10-02T01:01:04.695736+02:00
295896070,de:11000:900143001:1:51,-0.8,2026-10-02T01:01:04.695736+02:00
295896070,de:11000:900142001:1:51,-0.3,2026-10-02T01:01:04.695736+02:00
295896070,de:11000:900130001:1:51,-0.8,2026-10-02T01:01:04.695736+02:00
295896070,de:11000:900130002:1:51,-0.3,2026-10-02T01:01:04.695736+02:00
295896070,de:11000:900110011:1:51,-0.7,2026-10-02T01:01:04.695736+02:00
295896070,de:11000:900007102:1:50,-0.7,2026-10-02T01:01:04.695736+02:00
295896070,de:11000:900008101:1:50,-0.5,2026-10-02T01:01:04.695736+02:00
295896070,de:11000:900007104:1:51,-0.2,2026-10-02T01:01:04.695736+02:00
295896070,de:11000:900100007:1:50,-0.2,2026-10-02T01:01:04.695736+02:00
295896070,de:11000:900100001:4:56,0.0,2026-10-02T01:01:04.695736+02:00
295896070,de:11000:900100025:1:50,-0.9,2026-10-02T01:01:04.695736+02:00
295896070,de:11000:900100020:3:54,-0.9,2026-10-02T01:01:04.695736+02:00
295896070,de:11000:900012101:1:51,0.0,2026-10-02T01:01:04.695736+02:00
295896070,de:11000:900058103:1:50,-0.8,2026-10-02T01:01:04.695736+02:00
295896070,de:11000:900058101:1:50,-0.4,2026-10-02T01:01:04.695736+02:00
295896070,de:11000:900058102:1:50,-0.4,2026-10-02T01:01:04.695736+02:00
295896070,de:11000:900068301:1:50,-0.7,2026-10-02T01:01:04.695736+02:00
295896070,de:11000:900073101:1:50,-0.9,2026-10-02T01:01:04.695736+02:00
295896070,de:11000:900072101:1:50,-0.2,2026-10-02T01:01:04.695736+02:00
295896070,de:11000:900074202:1:50,-0.2,2026-10-02T01:01:04.695736+02:00
295896070,de:11000:900074201:1:50,-0.4,2026-10-02T01:01:04.695736+02:00
295896170,de:11000:900074201:1:50,0.0,2026-10-02T01:01:04.695736+02:00
295896170,de:11000:900074202:2:51,-0.1,2026-10-02T01:01:04.695736+02:00
295896170,de:11000:900072101:2:51,-0.1,2026-10-02T01:01:04.695736+02:00
295896170,de:11000:900073101:1:51,-0.4,2026-10-02T01:01:04.695736+02:00
295896170,de:11000:900068301:1:51,-0.7,2026-10-02T01:01:04.695736+02:00
295896170,de:11000:900058102:2:51,-0.7,2026-10-02T01:01:04.695736+02:00
295896170,de:11000:900058101:1:51,-0.3,2026-10-02T01:01:04.695736+02:00
295896170,de:11000:900058103:1:51,-0.1,2026-10-02T01:01:04.695736+02:00
295896170,de:11000:900012101:2:53,-0.7,2026-10-02T01:01:04.695736+02:00
295896170,de:11000:900100020:4:57,-0.8,2026-10-02T01:01:04.695736+02:00
295896170,de:11000:900100025:1:51,-0.9,2026-10-02T01:01:04.695736+02:00
295896170,de:11000:900100001:4:57,-0.6,2026-10-02T01:01:04.695736+02:00
295896170,de:11000:900100007:1:51,-0.7,2026-10-02T01:01:04.695736+02:00
295896170,de:11000:900007104:2:52,-0.7,2026-10-02T01:01:04.695736+02:00
295896170,de:11000:900008101:1:51,-0.4,2026-10-02T01:01:04.695736+02:00
295896170,de:11000:900007102:2:53,-0.1,2026-10-02T01:01:04.695736+02:00
295896170,de:11000:900110011:2:52,-0.4,2026-10-02T01:01:04.695736+02:00
295896170,de:11000:900130002:1:50,-0.7,2026-10-02T01:01:04.695736+02:00
295896170,de:11000:900130001:1:50,-0.4,2026-10-02T01:01:04.695736+02:00
295896170,de:11000:900142001:1:50,-0.9,2026-10-02T01:01:04.695736+02:00
295896170,de:11000:900143001:1:51,-0.7,2026-10-02T01:01:04.695736+02:00
295896170,de:11000:900135001:1:50,-0.4,2026-10-02T01:01:04.695736+02:00
306897047,de:12067:900311238::1,0.0,2026-10-02T01:01:04.695736+02:00
306897047,de:12067:900311236::2,0.0,2026-10-02T01:01:04.695736+02:00
306897047,de:12067:900311232::1,0.0,2026-10-02T01:01:04.695736+02:00
306897047,de:12067:900311237::1,0.0,2026-10-02T01:01:04.695736+02:00
306897047,de:12067:900311424::2,0.0,2026-10-02T01:01:04.695736+02:00
306897047,de:12067:900311423::2,0.0,2026-10-02T01:01:04.695736+02:00
306897047,de:12067:900311422::1,0.0,2026-10-02T01:01:04.695736+02:00
306897047,de:12067:900311420::2,0.0,2026-10-02T01:01:04.695736+02:00
306897047,de:12067:900311421::2,0.0,2026-10-02T01:01:04.695736+02:00
306897047,de:12067:900311610::2,0.0,2026-10-02T01:01:04.695736+02:00
306897047,de:12067:900311562::2,0.0,2026-10-02T01:01:04.695736+02:00
306897047,de:12067:900311440::2,0.0,2026-10-02T01:01:04.695736+02:00
306897047,de:12067:900311481::1,0.0,2026-10-02T01:01:04.695736+02:00
306897047,de:12067:900311485::1,0.0,2026-10-02T01:01:04.695736+02:00
306897047,de:12067:900311482::1,0.0,2026-10-02T01:01:04.695736+02:00
306897047,de:12067:900311489::1,0.0,2026-10-02T01:01:04.695736+02:00
306897047,de:12067:900311480::1,0.0,2026-10-02T01:01:04.695736+02:00
295907212,de:12067:900310004:3:52,0.0,2026-10-02T01:01:04.695736+02:00
295907212,de:11000:900183002:1:50,-0.1,2026-10-02T01:01:04.695736+02:00
295907212,de:11000:900183001:1:50,-0.4,2026-10-02T01:01:04.695736+02:00
295907212,de:11000:900182002:1:50,0.0,2026-10-02T01:01:04.695736+02:00
295907212,de:11000:900182001:1:50,-0.2,2026-10-02T01:01:04.695736+02:00
295907212,de:11000:900180001:1:50,-0.7,2026-10-02T01:01:04.695736+02:00
295907212,de:11000:900180002:1:50,-0.7,2026-10-02T01:01:04.695736+02:00
295907212,de:11000:900162001:1:50,-0.9,2026-10-02T01:01:04.695736+02:00
295907212,de:11000:900160002:1:50,0.0,2026-10-02T01:01:04.695736+02:00
295907212,de:11000:900160001:1:50,-0.3,2026-10-02T01:01:04.695736+02:00
295907212,de:11000:900120003:3:55,-0.1,2026-10-02T01:01:04.695736+02:00
295907212,de:11000:900120004:2:53,-0.6,2026-10-02T01:01:04.695736+02:00
295907212,de:11000:900120005:5:58,-0.9,2026-10-02T01:01:04.695736+02:00
295907212,de:11000:900100004:1:51,-0.4,2026-10-02T01:01:04.695736+02:00
295907212,de:11000:900100003:2:53,-0.4,2026-10-02T01:01:04.695736+02:00
295907212,de:11000:900100002:1:51,-0.4,2026-10-02T01:01:04.695736+02:00
295907212,de:11000:900100001:3:55,-0.4,2026-10-02T01:01:04.695736+02:00
295907212,de:11000:900003201:3:55,-0.1,2026-10-02T01:01:04.695736+02:00
295907212,de:11000:900003102:1:51,-0.8,2026-10-02T01:01:04.695736+02:00
295907212,de:11000:900003103:1:51,-0.9,2026-10-02T01:01:04.695736+02:00
295907212,de:11000:900023201:3:55,-0.8,2026-10-02T01:01:04.695736+02:00
295907212,de:11000:900024203:1:51,-0.8,2026-10-02T01:01:04.695736+02:00
295907212,de:11000:900024101:4:57,-0.8,2026-10-02T01:01:04.695736+02:00
295907212,de:11000:900024102:1:50,-0.1,2026-10-02T01:01:04.695736+02:00
295907212,de:11000:900025423:1:50,-0.4,2026-10-02T01:01:04.695736+02:00
295907212,de:11000:900026105:1:50,-0.7,2026-10-02T01:01:04.695736+02:00
295907212,de:11000:900025321:1:50,-0.3,2026-10-02T01:01:04.695736+02:00
295907212,de:11000:900025424:1:50,-0.3,2026-10-02T01:01:04.695736+02:00
295907212,de:11000:900030202:1:50,-0.9,2026-10-02T01:01:04.695736+02:00
295907212,de:11000:900029101:1:50,-0.9,2026-10-02T01:01:04.695736+02:00
307434501,de:11000:900192001:1:50,0.0,2026-10-02T01:01:04.695736+02:00
307434501,de:11000:900120003:4:57,0.0,2026-10-02T01:01:04.695736+02:00
307434501,de:11000:900007102:4:56,0.0,2026-10-02T01:01:04.695736+02:00
307434501,de:11000:900020201:1:51,0.0,2026-10-02T01:01:04.695736+02:00
307434501,de:11000:900029101:2:52,0.0,2026-10-02T01:01:04.695736+02:00
307434501,de:11000:900037168:1:50,0.0,2026-10-02T01:01:04.695736+02:00
307434501,de:12063:900210180:1:50,0.0,2026-10-02T01:01:04.695736+02:00
307434501,de:12063:900210010:1:50,0.0,2026-10-02T01:01:04.695736+02:00
307434501,de:12063:900210011:1:50,0.0,2026-10-02T01:01:04.695736+02:00
307434501,de:12063:900210326:1:50,0.0,2026-10-02T01:01:04.695736+02:00
307434501,de:12063:900210005:1:50,0.0,2026-10-02T01:01:04.695736+02:00
307435080,de:12063:900210005:1:50,0.0,2026-10-02T01:01:04.695736+02:00
307435080,de:12063:900210326:2:51,0.0,2026-10-02T01:01:04.695736+02:00
307435080,de:12063:900210011:2:51,0.0,2026-10-02T01:01:04.695736+02:00
307435080,de:12063:900210010:2:51,0.0,2026-10-02T01:01:04.695736+02:00
307435080,de:12063:900210180:2:51,0.0,2026-10-02T01:01:04.695736+02:00
307435080,de:11000:900037168:2:51,0.0,2026-10-02T01:01:04.695736+02:00
307435080,de:11000:900029101:3:54,0.0,2026-10-02T01:01:04.695736+02:00
307435080,de:11000:900007102:5:59,0.0,2026-10-02T01:01:04.695736+02:00
307435080,de:11000:900120003:4:56,0.0,2026-10-02T01:01:04.695736+02:00
307435080,de:11000:900192001:1:50,0.0,2026-10-02T01:01:04.695736+02:00
307443342,000300570037,0.0,2026-10-02T01:01:04.695736+02:00
307443342,de:12060:900350127:3:53,0.0,2026-10-02T01:01:04.695736+02:00
307443342,de:12060:900350160:2:52,0.0,2026-10-02T01:01:04.695736+02:00
307443342,de:11000:900007102:5:58,0.0,2026-10-02T01:01:04.695736+02:00
295909930,de:11000:900120005:4:56,0.0,2026-10-02T01:01:04.695736+02:00
295909930,de:11000:900120004:1:51,-0.1,2026-10-02T01:01:04.695736+02:00
295909930,de:11000:900120003:2:53,-0.4,2026-10-02T01:01:04.695736+02:00
295909930,de:11000:900160001:1:51,-0.4,2026-10-02T01:01:04.695736+02:00
295909930,de:11000:900160002:1:50,-0.7,2026-10-02T01:01:04.695736+02:00
295909930,de:11000:900162001:1:51,-0.3,2026-10-02T01:01:04.695736+02:00
295909930,de:11000:900180002:1:51,-0.3,2026-10-02T01:01:04.695736+02:00
295909930,de:11000:900180001:1:50,-0.7,2026-10-02T01:01:04.695736+02:00
295909930,de:11000:900182001:1:51,-0.2,2026-10-02T01:01:04.695736+02:00
295909930,de:11000:900182002:1:51,-0.4,2026-10-02T01:01:04.695736+02:00
307446734,de:12062:900415345:5:56,0.0,2026-10-02T01:01:04.695736+02:00
307446734,de:12062:900416072:1:50,0.0,2026-10-02T01:01:04.695736+02:00
307446734,de:14730:8011131,0.0,2026-10-02T01:01:04.695736+02:00
307446734,de:14730:8010351,0.0,2026-10-02T01:01:04.695736+02:00
307446734,de:14730:8012371,0.0,2026-10-02T01:01:04.695736+02:00
307446734,de:14730:8011387,0.0,2026-10-02T01:01:04.695736+02:00
307446734,de:14730:8010161,0.0,2026-10-02T01:01:04.695736+02:00
307446734,de:14730:8010095,0.0,2026-10-02T01:01:04.695736+02:00
307446734,de:14730:8011959,0.0,2026-10-02T01:01:04.695736+02:00
307446734,de:14730:8012656,0.0,2026-10-02T01:01:04.695736+02:00
307446734,de:14730:8013093,0.0,2026-10-02T01:01:04.695736+02:00
307446734,de:14713:8012190,0.0,2026-10-02T01:01:04.695736+02:00
307446734,de:14713:8012195,0.0,2026-10-02T01:01:04.695736+02:00
307446734,000008012273,0.0,2026-10-02T01:01:04.695736+02:00
307446734,de:14713:8012196,0.0,2026-10-02T01:01:04.695736+02:00
307446734,de:14713:8098205,0.0,2026-10-02T01:01:04.695736+02:00
307446734,de:14713:8012186,0.0,2026-10-02T01:01:04.695736+02:00
307446734,de:14713:8012202,0.0,2026-10-02T01:01:04.695736+02:00
307446734,de:14713:8012184,0.0,2026-10-02T01:01:04.695736+02:00
307446734,de:14713:8012187,0.0,2026-10-02T01:01:04.695736+02:00
307446734,de:14713:8012343,0.0,2026-10-02T01:01:04.695736+02:00
307446734,de:14713:8012194,0.0,2026-10-02T01:01:04.695736+02:00
307446734,de:14713:8010008,0.0,2026-10-02T01:01:04.695736+02:00
307446734,de:14713:8011491,0.0,2026-10-02T01:01:04.695736+02:00
307446734,de:14729:8010059,0.0,2026-10-02T01:01:04.695736+02:00
307446734,de:14729:8011626,0.0,2026-10-02T01:01:04.695736+02:00
307446734,de:14729:8012284,0.0,2026-10-02T01:01:04.695736+02:00
307446734,de:14729:8011018,0.0,2026-10-02T01:01:04.695736+02:00
307446734,de:14729:8013362,0.0,2026-10-02T01:01:04.695736+02:00
307446734,de:14729:8013361,0.0,2026-10-02T01:01:04.695736+02:00
295910120,de:11000:900024101:3:55,0.0,2026-10-02T01:01:04.695736+02:00
295910120,de:11000:900024203:1:51,-0.3,2026-10-02T01:01:04.695736+02:00
295910120,de:11000:900023201:3:54,-0.2,2026-10-02T01:01:04.695736+02:00
295910120,de:11000:900003103:1:50,-0.3,2026-10-02T01:01:04.695736+02:00
295910120,de:11000:900003102:1:50,-0.4,2026-10-02T01:01:04.695736+02:00
295910120,de:11000:900003201:3:54,0.0,2026-10-02T01:01:04.695736+02:00
295910120,de:11000:900100001:3:54,-0.6,2026-10-02T01:01:04.695736+02:00
295910120,de:11000:900100002:1:50,-0.9,2026-10-02T01:01:04.695736+02:00
295910120,de:11000:900100003:2:52,-0.6,2026-10-02T01:01:04.695736+02:00
295910120,de:11000:900100004:1:50,-0.9,2026-10-02T01:01:04.695736+02:00
295910120,de:11000:900120005:4:55,-0.1,2026-10-02T01:01:04.695736+02:00
295910120,de:11000:900120004:1:50,-0.1,2026-10-02T01:01:04.695736+02:00
295910120,de:11000:900120003:2:53,-0.4,2026-10-02T01:01:04.695736+02:00
295910120,de:11000:900160001:1:51,-0.4,2026-10-02T01:01:04.695736+02:00
295910120,de:11000:900160002:1:50,-0.7,2026-10-02T01:01:04.695736+02:00
295910120,de:11000:900162001:1:51,-0.3,2026-10-02T01:01:04.695736+02:00
295910120,de:11000:900180002:1:51,-0.3,2026-10-02T01:01:04.695736+02:00
295910120,de:11000:900180001:1:50,-0.7,2026-10-02T01:01:04.695736+02:00
295910120,de:11000:900182001:1:51,-0.2,2026-10-02T01:01:04.695736+02:00
295910120,de:11000:900182002:1:51,-0.4,2026-10-02T01:01:04.695736+02:00
295910120,de:11000:900183001:1:51,0.0,2026-10-02T01:01:04.695736+02:00
295910120,de:11000:900183002:1:51,-0.3,2026-10-02T01:01:04.695736+02:00
295910120,de:12067:900310004:3:52,-0.5,2026-10-02T01:01:04.695736+02:00
295910339,de:12067:900310004:3:53,0.0,2026-10-02T01:01:04.695736+02:00
295910339,de:11000:900183002:1:50,-0.1,2026-10-02T01:01:04.695736+02:00
295910339,de:11000:900183001:1:50,-0.4,2026-10-02T01:01:04.695736+02:00
295910339,de:11000:900182002:1:50,0.0,2026-10-02T01:01:04.695736+02:00
295910339,de:11000:900182001:1:50,-0.2,2026-10-02T01:01:04.695736+02:00
295910339,de:11000:900180001:1:50,-0.7,2026-10-02T01:01:04.695736+02:00
295910339,de:11000:900180002:1:50,-0.7,2026-10-02T01:01:04.695736+02:00
295910339,de:11000:900162001:1:50,-0.9,2026-10-02T01:01:04.695736+02:00
295910339,de:11000:900160002:1:50,0.0,2026-10-02T01:01:04.695736+02:00
295910339,de:11000:900160001:1:50,-0.3,2026-10-02T01:01:04.695736+02:00
295910339,de:11000:900120003:3:55,-0.1,2026-10-02T01:01:04.695736+02:00
295910339,de:11000:900120004:2:53,-0.6,2026-10-02T01:01:04.695736+02:00
295910339,de:11000:900120005:5:58,-0.9,2026-10-02T01:01:04.695736+02:00
295910339,de:11000:900100004:1:51,-0.9,2026-10-02T01:01:04.695736+02:00
295910339,de:11000:900100003:2:53,-0.9,2026-10-02T01:01:04.695736+02:00
295910339,de:11000:900100002:1:51,-0.9,2026-10-02T01:01:04.695736+02:00
295910339,de:11000:900100001:3:55,-0.9,2026-10-02T01:01:04.695736+02:00
295910339,de:11000:900003201:3:55,-0.6,2026-10-02T01:01:04.695736+02:00
295910339,de:11000:900003102:1:51,-0.3,2026-10-02T01:01:04.695736+02:00
295910339,de:11000:900003103:1:51,-0.4,2026-10-02T01:01:04.695736+02:00
295910339,de:11000:900023201:3:55,-0.3,2026-10-02T01:01:04.695736+02:00
295910339,de:11000:900024203:1:51,-0.3,2026-10-02T01:01:04.695736+02:00
295910339,de:11000:900024101:4:56,-0.3,2026-10-02T01:01:04.695736+02:00
306896856,de:12067:900311129::4,0.0,2026-10-02T01:01:04.695736+02:00
306896856,de:12067:900311129::4,-12.0,2026-10-02T01:01:04.695736+02:00
306896856,de:12067:900310727::3,0.0,2026-10-02T01:01:04.695736+02:00
306896856,de:12067:900310755::2,0.0,2026-10-02T01:01:04.695736+02:00
306896856,de:12067:900310728::3,0.0,2026-10-02T01:01:04.695736+02:00
306896856,de:12067:900311129::7,0.0,2026-10-02T01:01:04.695736+02:00
306896856,de:12067:900311129::4,12.0,2026-10-02T01:01:04.695736+02:00
306896856,de:12067:900311129::4,0.0,2026-10-02T01:01:04.695736+02:00
306896856,de:12067:900310637::2,0.0,2026-10-02T01:01:04.695736+02:00
306896856,de:12067:900310722::2,-0.5,2026-10-02T01:01:04.695736+02:00
306896856,de:12067:900310841::2,0.0,2026-10-02T01:01:04.695736+02:00
306896856,de:12067:900311002::3,0.0,2026-10-02T01:01:04.695736+02:00
306896856,de:12067:900310908::2,0.0,2026-10-02T01:01:04.695736+02:00
306896856,de:12067:900310975::2,0.0,2026-10-02T01:01:04.695736+02:00
306896856,de:12067:900310974::2,0.0,2026-10-02T01:01:04.695736+02:00
306896856,de:12067:900310914::2,0.0,2026-10-02T01:01:04.695736+02:00
306896856,de:12067:900310703::3,0.0,2026-10-02T01:01:04.695736+02:00
306896856,de:12067:900310915::2,-0.5,2026-10-02T01:01:04.695736+02:00
306896856,de:12067:900310916::2,-0.5,2026-10-02T01:01:04.695736+02:00
306896856,de:12067:900310917::2,0.0,2026-10-02T01:01:04.695736+02:00
306896856,de:12067:900310900::2,0.0,2026-10-02T01:01:04.695736+02:00
306896856,de:12067:900310880::2,0.0,2026-10-02T01:01:04.695736+02:00
306896856,de:12067:900310010::1,0.0,2026-10-02T01:01:04.695736+02:00
306896856,de:12067:900310879::2,0.0,2026-10-02T01:01:04.695736+02:00
306896856,de:12067:900310800::2,0.0,2026-10-02T01:01:04.695736+02:00
306896856,de:12067:900310771::2,0.0,2026-10-02T01:01:04.695736+02:00
306896856,de:12067:900310822::2,0.0,2026-10-02T01:01:04.695736+02:00
306896856,de:12067:900310781::2,0.0,2026-10-02T01:01:04.695736+02:00
306896856,de:12067:900310627::2,-0.5,2026-10-02T01:01:04.695736+02:00
306896856,de:12067:900310816::2,0.0,2026-10-02T01:01:04.695736+02:00
306896856,de:12067:900310022::1,0.0,2026-10-02T01:01:04.695736+02:00
306896856,de:12067:900310001::11,0.0,2026-10-02T01:01:04.695736+02:00
307446027,de:12070:900216026:3:53,0.0,2026-10-02T01:01:04.695736+02:00
307446027,de:15090:8010121,0.0,2026-10-02T01:01:04.695736+02:00
307446027,de:15090:8012967,0.0,2026-10-02T01:01:04.695736+02:00
307446027,de:15090:8012568,0.0,2026-10-02T01:01:04.695736+02:00
307446027,de:15090:8011665,0.0,2026-10-02T01:01:04.695736+02:00
307446027,de:15090:8011460,0.0,2026-10-02T01:01:04.695736+02:00
307446027,000008013045,0.0,2026-10-02T01:01:04.695736+02:00
307446027,de:15090:8010335,0.0,2026-10-02T01:01:04.695736+02:00
307446027,de:15090:8010334,0.0,2026-10-02T01:01:04.695736+02:00
307446027,de:15090:8011355,0.0,2026-10-02T01:01:04.695736+02:00
307446027,de:15090:8013083,0.0,2026-10-02T01:01:04.695736+02:00
307446027,de:15083:8012295,0.0,2026-10-02T01:01:04.695736+02:00
307446027,de:15083:8011042,0.0,2026-10-02T01:01:04.695736+02:00
307446027,de:15083:8013402,0.0,2026-10-02T01:01:04.695736+02:00
307446027,de:15083:8073410,0.0,2026-10-02T01:01:04.695736+02:00
307446027,de:15083:8013344,0.0,2026-10-02T01:01:04.695736+02:00
307446027,de:15003:8010086,0.0,2026-10-02T01:01:04.695736+02:00
307446027,de:15003:8012289,0.0,2026-10-02T01:01:04.695736+02:00
307446027,de:15003:8010226,0.0,2026-10-02T01:01:04.695736+02:00
307446027,de:15003:8010224,0.0,2026-10-02T01:01:04.695736+02:00
307446027,de:15003:8013456,0.0,2026-10-02T01:01:04.695736+02:00
307446027,de:15003:8013485,0.0,2026-10-02T01:01:04.695736+02:00
307446027,de:15003:8012291,0.0,2026-10-02T01:01:04.695736+02:00
307446027,de:15003:8012287,0.0,2026-10-02T01:01:04.695736+02:00
307446027,de:15089:8081270,0.0,2026-10-02T01:01:04.695736+02:00
307446027,de:15089:8010318,0.0,2026-10-02T01:01:04.695736+02:00
307446027,de:15089:8081260,0.0,2026-10-02T01:01:04.695736+02:00
307446027,de:15089:8012907,0.0,2026-10-02T01:01:04.695736+02:00
307280551,de:11000:900020202:1:51,0.0,2026-10-02T01:01:04.695736+02:00
307280551,de:11000:900001201:1:51,-0.2,2026-10-02T01:01:04.695736+02:00
307280551,de:11000:900009104:1:51,-0.8,2026-10-02T01:01:04.695736+02:00
307280551,de:11000:900007102:2:52,-0.9,2026-10-02T01:01:04.695736+02:00
307280551,de:11000:900110001:1:50,-0.6,2026-10-02T01:01:04.695736+02:00
307280551,de:11000:900110002:1:50,-0.4,2026-10-02T01:01:04.695736+02:00
307280551,de:11000:900110003:1:50,-0.4,2026-10-02T01:01:04.695736+02:00
307280551,de:11000:900110004:1:50,-0.8,2026-10-02T01:01:04.695736+02:00
307280551,de:11000:900110012:1:50,-0.7,2026-10-02T01:01:04.695736+02:00
307280551,de:11000:900120001:1:50,-0.7,2026-10-02T01:01:04.695736+02:00
307280551,de:11000:900120003:5:58,-0.1,2026-10-02T01:01:04.695736+02:00
307280551,de:11000:900190001:1:50,-0.4,2026-10-02T01:01:04.695736+02:00
307280551,de:11000:900077106:1:50,-0.4,2026-10-02T01:01:04.695736+02:00
307280551,de:11000:900078201:1:50,-0.3,2026-10-02T01:01:04.695736+02:00
307280551,de:11000:900079221:1:50,-0.2,2026-10-02T01:01:04.695736+02:00
307280551,de:11000:900068201:1:50,-0.8,2026-10-02T01:01:04.695736+02:00
307280551,de:11000:900058101:5:58,-0.1,2026-10-02T01:01:04.695736+02:00
307280551,de:11000:900054104:2:52,-0.2,2026-10-02T01:01:04.695736+02:00
307280551,de:11000:900054105:1:50,-0.9,2026-10-02T01:01:04.695736+02:00
307280551,de:11000:900044202:1:50,-0.7,2026-10-02T01:01:04.695736+02:00
307280551,de:11000:900045102:1:50,-0.7,2026-10-02T01:01:04.695736+02:00
307280551,de:11000:900044101:1:50,-0.8,2026-10-02T01:01:04.695736+02:00
307280551,de:11000:900040101:1:50,-0.8,2026-10-02T01:01:04.695736+02:00
307283069,de:11000:900009104:1:51,0.0,2026-10-02T01:01:04.695736+02:00
307283069,de:11000:900007102:2:52,-0.9,2026-10-02T01:01:04.695736+02:00
307283069,de:11000:900110001:1:50,-0.6,2026-10-02T01:01:04.695736+02:00
307283069,de:11000:900110002:1:50,-0.4,2026-10-02T01:01:04.695736+02:00
307283069,de:11000:900110003:1:50,-0.4,2026-10-02T01:01:04.695736+02:00
307283069,de:11000:900110004:1:50,-0.8,2026-10-02T01:01:04.695736+02:00
307283069,de:11000:900110012:1:50,-0.7,2026-10-02T01:01:04.695736+02:00
307283069,de:11000:900120001:1:50,-0.7,2026-10-02T01:01:04.695736+02:00
307283069,de:11000:900120003:5:58,-0.1,2026-10-02T01:01:04.695736+02:00
307283069,de:11000:900190001:1:50,-0.4,2026-10-02T01:01:04.695736+02:00
307283069,de:11000:900077106:1:50,-0.4,2026-10-02T01:01:04.695736+02:00
307283069,de:11000:900078201:1:50,-0.3,2026-10-02T01:01:04.695736+02:00
307283069,de:11000:900079221:1:50,-0.2,2026-10-02T01:01:04.695736+02:00
307283059,de:11000:900009104:1:51,0.0,2026-10-02T01:01:04.695736+02:00
307283059,de:11000:900007102:2:52,-0.9,2026-10-02T01:01:04.695736+02:00
307283059,de:11000:900110001:1:50,-0.6,2026-10-02T01:01:04.695736+02:00
307283059,de:11000:900110002:1:50,-0.4,2026-10-02T01:01:04.695736+02:00
307283059,de:11000:900110003:1:50,-0.4,2026-10-02T01:01:04.695736+02:00
307283059,de:11000:900110004:1:50,-0.8,2026-10-02T01:01:04.695736+02:00
307283059,de:11000:900110012:1:50,-0.7,2026-10-02T01:01:04.695736+02:00
307283059,de:11000:900120001:1:50,-0.7,2026-10-02T01:01:04.695736+02:00
307283059,de:11000:900120003:5:58,-0.1,2026-10-02T01:01:04.695736+02:00
307283059,de:11000:900190001:1:50,-0.4,2026-10-02T01:01:04.695736+02:00
307283059,de:11000:900077106:1:50,-0.4,2026-10-02T01:01:04.695736+02:00
307283059,de:11000:900078201:1:50,-0.3,2026-10-02T01:01:04.695736+02:00
307283059,de:11000:900079221:1:50,-0.2,2026-10-02T01:01:04.695736+02:00
307283025,de:11000:900009104:1:51,0.0,2026-10-02T01:01:04.695736+02:00
307283025,de:11000:900007102:2:52,-0.9,2026-10-02T01:01:04.695736+02:00
307283025,de:11000:900110001:1:50,-0.6,2026-10-02T01:01:04.695736+02:00
307283025,de:11000:900110002:1:50,-0.4,2026-10-02T01:01:04.695736+02:00
307283025,de:11000:900110003:1:50,-0.4,2026-10-02T01:01:04.695736+02:00
307283025,de:11000:900110004:1:50,-0.8,2026-10-02T01:01:04.695736+02:00
307283025,de:11000:900110012:1:50,-0.7,2026-10-02T01:01:04.695736+02:00
307283025,de:11000:900120001:1:50,-0.7,2026-10-02T01:01:04.695736+02:00
307283025,de:11000:900120003:5:58,-0.1,2026-10-02T01:01:04.695736+02:00
307283025,de:11000:900190001:1:50,-0.4,2026-10-02T01:01:04.695736+02:00
307283025,de:11000:900077106:1:50,-0.4,2026-10-02T01:01:04.695736+02:00
307283025,de:11000:900078201:1:50,-0.3,2026-10-02T01:01:04.695736+02:00
307283025,de:11000:900079221:1:50,-0.2,2026-10-02T01:01:04.695736+02:00
307286715,de:11000:900040101:1:50,0.0,2026-10-02T01:01:04.695736+02:00
307286715,de:11000:900044101:1:50,-0.8,2026-10-02T01:01:04.695736+02:00
307286715,de:11000:900045102:1:51,-0.9,2026-10-02T01:01:04.695736+02:00
307286715,de:11000:900044202:1:51,-0.9,2026-10-02T01:01:04.695736+02:00
307286715,de:11000:900054105:1:51,-0.7,2026-10-02T01:01:04.695736+02:00
307286715,de:11000:900054104:2:53,-0.3,2026-10-02T01:01:04.695736+02:00
307286715,de:11000:900058101:5:59,-0.2,2026-10-02T01:01:04.695736+02:00
307286715,de:11000:900068201:1:51,-0.8,2026-10-02T01:01:04.695736+02:00
307286715,de:11000:900079221:1:51,-0.4,2026-10-02T01:01:04.695736+02:00
307286715,de:11000:900078201:1:51,-0.1,2026-10-02T01:01:04.695736+02:00
307286715,de:11000:900077106:1:51,0.0,2026-10-02T01:01:04.695736+02:00
307286715,de:11000:900190001:2:52,-0.9,2026-10-02T01:01:04.695736+02:00
307286715,de:11000:900120003:5:59,-0.4,2026-10-02T01:01:04.695736+02:00
307286715,de:11000:900120001:1:51,0.0,2026-10-02T01:01:04.695736+02:00
307286715,de:11000:900110012:1:51,-0.2,2026-10-02T01:01:04.695736+02:00
307286715,de:11000:900110004:1:51,-0.1,2026-10-02T01:01:04.695736+02:00
307286715,de:11000:900110003:1:51,-0.4,2026-10-02T01:01:04.695736+02:00
307286715,de:11000:900110002:1:51,-0.4,2026-10-02T01:01:04.695736+02:00
307286715,de:11000:900110001:1:51,-0.1,2026-10-02T01:01:04.695736+02:00
307286715,de:11000:900007102:1:51,-0.6,2026-10-02T01:01:04.695736+02:00
307286715,de:11000:900009104:1:50,-0.8,2026-10-02T01:01:04.695736+02:00
307286715,de:11000:900001201:1:50,-0.3,2026-10-02T01:01:04.695736+02:00
307286715,de:11000:900020202:1:50,-0.1,2026-10-02T01:01:04.695736+02:00
307286707,de:11000:900040101:1:50,0.0,2026-10-02T01:01:04.695736+02:00
307286707,de:11000:900044101:1:50,-0.8,2026-10-02T01:01:04.695736+02:00
307286707,de:11000:900045102:1:51,-0.9,2026-10-02T01:01:04.695736+02:00
307286707,de:11000:900044202:1:51,-0.9,2026-10-02T01:01:04.695736+02:00
307286707,de:11000:900054105:1:51,-0.7,2026-10-02T01:01:04.695736+02:00
307286707,de:11000:900054104:2:53,-0.3,2026-10-02T01:01:04.695736+02:00
307286707,de:11000:900058101:5:59,-0.2,2026-10-02T01:01:04.695736+02:00
307286707,de:11000:900068201:1:51,-0.8,2026-10-02T01:01:04.695736+02:00
307286707,de:11000:900079221:1:51,-0.4,2026-10-02T01:01:04.695736+02:00
307286707,de:11000:900078201:1:51,-0.1,2026-10-02T01:01:04.695736+02:00
307286707,de:11000:900077106:1:51,0.0,2026-10-02T01:01:04.695736+02:00
307286707,de:11000:900190001:2:52,-0.9,2026-10-02T01:01:04.695736+02:00
307286707,de:11000:900120003:5:59,-0.4,2026-10-02T01:01:04.695736+02:00
307286707,de:11000:900120001:1:51,0.0,2026-10-02T01:01:04.695736+02:00
307286707,de:11000:900110012:1:51,-0.2,2026-10-02T01:01:04.695736+02:00
307286707,de:11000:900110004:1:51,-0.1,2026-10-02T01:01:04.695736+02:00
307286707,de:11000:900110003:1:51,-0.4,2026-10-02T01:01:04.695736+02:00
307286707,de:11000:900110002:1:51,-0.4,2026-10-02T01:01:04.695736+02:00
307286707,de:11000:900110001:1:51,-0.1,2026-10-02T01:01:04.695736+02:00
307286707,de:11000:900007102:1:51,-0.6,2026-10-02T01:01:04.695736+02:00
307286707,de:11000:900009104:1:50,-0.8,2026-10-02T01:01:04.695736+02:00
307286707,de:11000:900001201:1:50,-0.3,2026-10-02T01:01:04.695736+02:00
307286707,de:11000:900020202:1:50,-0.1,2026-10-02T01:01:04.695736+02:00
307286635,de:11000:900024101:3:54,0.0,2026-10-02T01:01:04.695736+02:00
307286635,de:11000:900040101:1:50,-0.2,2026-10-02T01:01:04.695736+02:00
307286635,de:11000:900044101:1:50,-0.3,2026-10-02T01:01:04.695736+02:00
307286635,de:11000:900045102:1:51,-0.4,2026-10-02T01:01:04.695736+02:00
307286635,de:11000:900044202:1:51,-0.4,2026-10-02T01:01:04.695736+02:00
307286635,de:11000:900054105:1:51,-0.2,2026-10-02T01:01:04.695736+02:00
307286635,de:11000:900054104:2:53,-0.8,2026-10-02T01:01:04.695736+02:00
307286635,de:11000:900058101:5:59,-0.2,2026-10-02T01:01:04.695736+02:00
307286635,de:11000:900068201:1:51,-0.8,2026-10-02T01:01:04.695736+02:00
307286635,de:11000:900079221:1:51,-0.4,2026-10-02T01:01:04.695736+02:00
307286635,de:11000:900078201:1:51,-0.1,2026-10-02T01:01:04.695736+02:00
307286635,de:11000:900077106:1:51,0.0,2026-10-02T01:01:04.695736+02:00
307286635,de:11000:900190001:2:52,-0.9,2026-10-02T01:01:04.695736+02:00
307286635,de:11000:900120003:5:59,-0.4,2026-10-02T01:01:04.695736+02:00
307286635,de:11000:900120001:1:51,0.0,2026-10-02T01:01:04.695736+02:00
307286635,de:11000:900110012:1:51,-0.2,2026-10-02T01:01:04.695736+02:00
307286635,de:11000:900110004:1:51,-0.1,2026-10-02T01:01:04.695736+02:00
307286635,de:11000:900110003:1:51,-0.4,2026-10-02T01:01:04.695736+02:00
307286635,de:11000:900110002:1:51,-0.4,2026-10-02T01:01:04.695736+02:00
307286635,de:11000:900110001:1:51,-0.1,2026-10-02T01:01:04.695736+02:00
307286635,de:11000:900007102:1:51,-0.6,2026-10-02T01:01:04.695736+02:00
307286635,de:11000:900009104:1:51,-0.8,2026-10-02T01:01:04.695736+02:00
307286635,de:11000:900001201:1:51,-0.3,2026-10-02T01:01:04.695736+02:00
307286635,de:11000:900020202:1:51,-0.1,2026-10-02T01:01:04.695736+02:00
307286694,de:11000:900040101:1:50,0.0,2026-10-02T01:01:04.695736+02:00
307286694,de:11000:900044101:1:50,-0.8,2026-10-02T01:01:04.695736+02:00
307286694,de:11000:900045102:1:51,-0.9,2026-10-02T01:01:04.695736+02:00
307286694,de:11000:900044202:1:51,-0.9,2026-10-02T01:01:04.695736+02:00
307286694,de:11000:900054105:1:51,-0.7,2026-10-02T01:01:04.695736+02:00
307286694,de:11000:900054104:2:53,-0.3,2026-10-02T01:01:04.695736+02:00
307286694,de:11000:900058101:5:59,-0.2,2026-10-02T01:01:04.695736+02:00
307286694,de:11000:900068201:1:51,-0.8,2026-10-02T01:01:04.695736+02:00
307286694,de:11000:900079221:1:51,-0.4,2026-10-02T01:01:04.695736+02:00
307286694,de:11000:900078201:1:51,-0.1,2026-10-02T01:01:04.695736+02:00
307286694,de:11000:900077106:1:51,0.0,2026-10-02T01:01:04.695736+02:00
307286694,de:11000:900190001:2:52,-0.9,2026-10-02T01:01:04.695736+02:00
307286694,de:11000:900120003:5:59,-0.4,2026-10-02T01:01:04.695736+02:00
307286694,de:11000:900120001:1:51,0.0,2026-10-02T01:01:04.695736+02:00
307286694,de:11000:900110012:1:51,-0.2,2026-10-02T01:01:04.695736+02:00
307286694,de:11000:900110004:1:51,-0.1,2026-10-02T01:01:04.695736+02:00
307286694,de:11000:900110003:1:51,-0.4,2026-10-02T01:01:04.695736+02:00
307286694,de:11000:900110002:1:51,-0.4,2026-10-02T01:01:04.695736+02:00
307286694,de:11000:900110001:1:51,-0.1,2026-10-02T01:01:04.695736+02:00
307286694,de:11000:900007102:1:51,-0.6,2026-10-02T01:01:04.695736+02:00
307286694,de:11000:900009104:1:50,-0.8,2026-10-02T01:01:04.695736+02:00
307286694,de:11000:900001201:1:50,-0.3,2026-10-02T01:01:04.695736+02:00
307286694,de:11000:900020202:1:50,-0.1,2026-10-02T01:01:04.695736+02:00
295928991,de:11000:900186001:2:52,0.0,2026-10-02T01:01:04.695736+02:00
295928991,de:11000:900193002:1:51,-0.2,2026-10-02T01:01:04.695736+02:00
295928991,de:11000:900193001:2:51,-0.8,2026-10-02T01:01:04.695736+02:00
295928991,de:11000:900192001:3:55,-0.7,2026-10-02T01:01:04.695736+02:00
295928991,de:11000:900191001:1:50,-0.4,2026-10-02T01:01:04.695736+02:00
295928991,de:11000:900077155:1:50,-0.9,2026-10-02T01:01:04.695736+02:00
295928991,de:11000:900078201:1:50,-0.9,2026-10-02T01:01:04.695736+02:00
295928991,de:11000:900079221:1:50,-0.7,2026-10-02T01:01:04.695736+02:00
295928940,de:11000:900079221:1:51,0.0,2026-10-02T01:01:04.695736+02:00
295928940,de:11000:900078201:1:51,-0.6,2026-10-02T01:01:04.695736+02:00
295928940,de:11000:900077155:1:51,-0.2,2026-10-02T01:01:04.695736+02:00
295928940,de:11000:900191001:2:51,-0.7,2026-10-02T01:01:04.695736+02:00
295928940,de:11000:900192001:2:52,-0.7,2026-10-02T01:01:04.695736+02:00
295928940,de:11000:900193001:1:50,-0.2,2026-10-02T01:01:04.695736+02:00
295928940,de:11000:900193002:1:50,-0.8,2026-10-02T01:01:04.695736+02:00
295928940,de:11000:900186001:1:51,-0.8,2026-10-02T01:01:04.695736+02:00
295932996,de:11000:900058101:5:59,0.0,2026-10-02T01:01:04.695736+02:00
295932996,de:11000:900068201:1:51,-0.3,2026-10-02T01:01:04.695736+02:00
295932996,de:11000:900079221:1:51,-0.9,2026-10-02T01:01:04.695736+02:00
295932996,de:11000:900078201:1:51,-0.6,2026-10-02T01:01:04.695736+02:00
295932996,de:11000:900077155:1:51,-0.2,2026-10-02T01:01:04.695736+02:00
295932996,de:11000:900191001:2:51,-0.7,2026-10-02T01:01:04.695736+02:00
295932996,de:11000:900192001:2:53,-0.7,2026-10-02T01:01:04.695736+02:00
295932996,de:11000:900192002:1:50,-0.5,2026-10-02T01:01:04.695736+02:00
295932996,de:11000:900180003:1:50,-0.7,2026-10-02T01:01:04.695736+02:00
295932979,de:11000:900058101:5:59,0.0,2026-10-02T01:01:04.695736+02:00
295932979,de:11000:900068201:1:51,-0.3,2026-10-02T01:01:04.695736+02:00
295932979,de:11000:900079221:1:51,-0.9,2026-10-02T01:01:04.695736+02:00
295932979,de:11000:900078201:1:51,-0.6,2026-10-02T01:01:04.695736+02:00
295932979,de:11000:900077155:1:51,-0.2,2026-10-02T01:01:04.695736+02:00
295932979,de:11000:900191001:2:51,-0.7,2026-10-02T01:01:04.695736+02:00
295932979,de:11000:900192001:2:53,-0.7,2026-10-02T01:01:04.695736+02:00
295932979,de:11000:900192002:1:50,-0.5,2026-10-02T01:01:04.695736+02:00
295932979,de:11000:900180003:1:50,-0.7,2026-10-02T01:01:04.695736+02:00
295932970,de:11000:900058101:5:59,0.0,2026-10-02T01:01:04.695736+02:00
295932970,de:11000:900068201:1:51,-0.3,2026-10-02T01:01:04.695736+02:00
295932970,de:11000:900079221:1:51,-0.9,2026-10-02T01:01:04.695736+02:00
295932970,de:11000:900078201:1:51,-0.6,2026-10-02T01:01:04.695736+02:00
295932970,de:11000:900077155:1:51,-0.2,2026-10-02T01:01:04.695736+02:00
295932970,de:11000:900191001:2:51,-0.7,2026-10-02T01:01:04.695736+02:00
295932970,de:11000:900192001:2:53,-0.7,2026-10-02T01:01:04.695736+02:00
295932970,de:11000:900192002:1:50,-0.5,2026-10-02T01:01:04.695736+02:00
295932970,de:11000:900180003:1:50,-0.7,2026-10-02T01:01:04.695736+02:00
295932959,de:11000:900058101:5:59,0.0,2026-10-02T01:01:04.695736+02:00
295932959,de:11000:900068201:1:51,-0.3,2026-10-02T01:01:04.695736+02:00
295932959,de:11000:900079221:1:51,-0.9,2026-10-02T01:01:04.695736+02:00
295932959,de:11000:900078201:1:51,-0.6,2026-10-02T01:01:04.695736+02:00
295932959,de:11000:900077155:1:51,-0.2,2026-10-02T01:01:04.695736+02:00
295932959,de:11000:900191001:2:51,-0.7,2026-10-02T01:01:04.695736+02:00
295932959,de:11000:900192001:2:53,-0.7,2026-10-02T01:01:04.695736+02:00
295932959,de:11000:900192002:1:50,-0.5,2026-10-02T01:01:04.695736+02:00
295932959,de:11000:900180003:1:50,-0.7,2026-10-02T01:01:04.695736+02:00
306896327,de:12067:900310013::4,0.0,2026-10-02T01:01:04.695736+02:00
306896327,de:12067:900310557::3,0.0,2026-10-02T01:01:04.695736+02:00
306896327,de:12067:900310555::1,0.0,2026-10-02T01:01:04.695736+02:00
306896327,de:12067:900310852::1,0.0,2026-10-02T01:01:04.695736+02:00
306896327,de:12067:900310850::1,0.0,2026-10-02T01:01:04.695736+02:00
306896327,de:12067:900310851::1,0.0,2026-10-02T01:01:04.695736+02:00
306896327,de:12067:900310849::1,0.0,2026-10-02T01:01:04.695736+02:00
306896327,de:12067:900310856::1,0.0,2026-10-02T01:01:04.695736+02:00
306896327,de:12067:900310844::1,0.0,2026-10-02T01:01:04.695736+02:00
306896327,de:12067:900310855::1,0.0,2026-10-02T01:01:04.695736+02:00
306896327,de:12067:900311970::1,0.0,2026-10-02T01:01:04.695736+02:00
306896327,de:12067:900310853::1,0.0,2026-10-02T01:01:04.695736+02:00
306896327,de:12067:900310845::1,0.0,2026-10-02T01:01:04.695736+02:00
306896327,de:12067:900310857::1,0.0,2026-10-02T01:01:04.695736+02:00
306896327,de:12067:900310854::1,0.0,2026-10-02T01:01:04.695736+02:00
306896327,de:12067:900310846::1,0.0,2026-10-02T01:01:04.695736+02:00
306896327,de:12067:900310847::1,0.0,2026-10-02T01:01:04.695736+02:00
306896327,de:12067:900310890::1,0.0,2026-10-02T01:01:04.695736+02:00
306896327,de:12067:900310889::1,0.0,2026-10-02T01:01:04.695736+02:00
306896327,de:12067:900310882::1,0.0,2026-10-02T01:01:04.695736+02:00
306896327,de:12067:900310920::1,0.0,2026-10-02T01:01:04.695736+02:00
306896327,de:12067:900310883::1,0.0,2026-10-02T01:01:04.695736+02:00
306896327,de:12067:900310885::1,0.0,2026-10-02T01:01:04.695736+02:00
306896327,de:12067:900310881::1,0.0,2026-10-02T01:01:04.695736+02:00
306896327,de:12067:900310888::1,0.0,2026-10-02T01:01:04.695736+02:00
295936959,de:12064:900320001:1:50,0.0,2026-10-02T01:01:04.695736+02:00
295936959,de:12064:900320002:1:50,-0.3,2026-10-02T01:01:04.695736+02:00
295936959,de:12064:900320003:1:50,-0.1,2026-10-02T01:01:04.695736+02:00
295936959,de:12064:900320004:2:51,-0.8,2026-10-02T01:01:04.695736+02:00
295936959,de:12064:900320005:1:50,0.0,2026-10-02T01:01:04.695736+02:00
295936959,de:12064:900320006:1:51,-0.8,2026-10-02T01:01:04.695736+02:00
295936959,de:12064:900320007:1:50,-0.8,2026-10-02T01:01:04.695736+02:00
295936959,de:12064:900320008:1:51,-0.5,2026-10-02T01:01:04.695736+02:00
295936959,de:12064:900320026:1:50,-0.3,2026-10-02T01:01:04.695736+02:00
295936959,de:11000:900176001:1:51,-0.7,2026-10-02T01:01:04.695736+02:00
295936959,de:11000:900175002:1:50,-0.7,2026-10-02T01:01:04.695736+02:00
295936959,de:11000:900175001:1:50,-0.6,2026-10-02T01:01:04.695736+02:00
295936959,de:11000:900171001:1:50,-0.3,2026-10-02T01:01:04.695736+02:00
295936959,de:11000:900171002:1:51,-0.4,2026-10-02T01:01:04.695736+02:00
295936959,de:11000:900160004:1:51,-0.8,2026-10-02T01:01:04.695736+02:00
295936959,de:11000:900160003:1:51,-0.9,2026-10-02T01:01:04.695736+02:00
295936959,de:11000:900120003:3:55,-0.1,2026-10-02T01:01:04.695736+02:00
295936959,de:11000:900120004:2:53,-0.6,2026-10-02T01:01:04.695736+02:00
295936959,de:11000:900120005:5:58,-0.9,2026-10-02T01:01:04.695736+02:00
295936959,de:11000:900100004:1:51,-0.4,2026-10-02T01:01:04.695736+02:00
295936959,de:11000:900100003:2:53,-0.4,2026-10-02T01:01:04.695736+02:00
295936959,de:11000:900100002:1:51,-0.4,2026-10-02T01:01:04.695736+02:00
295936959,de:11000:900100001:3:55,-0.4,2026-10-02T01:01:04.695736+02:00
295936959,de:11000:900003201:3:55,-0.1,2026-10-02T01:01:04.695736+02:00
295936959,de:11000:900003102:1:51,-0.8,2026-10-02T01:01:04.695736+02:00
295936959,de:11000:900003103:1:51,-0.9,2026-10-02T01:01:04.695736+02:00
295936959,de:11000:900023201:3:55,-0.8,2026-10-02T01:01:04.695736+02:00
295936959,de:11000:900024203:1:51,-0.8,2026-10-02T01:01:04.695736+02:00
295936959,de:11000:900024101:4:57,-0.8,2026-10-02T01:01:04.695736+02:00
295936959,de:11000:900024102:1:51,-0.1,2026-10-02T01:01:04.695736+02:00
307302015,de:11000:900024102:2:52,0.0,2026-10-02T01:01:04.695736+02:00
307302015,de:11000:900024101:3:55,-0.8,2026-10-02T01:01:04.695736+02:00
307302015,de:11000:900024203:1:51,-0.8,2026-10-02T01:01:04.695736+02:00
307302015,de:11000:900023201:3:54,-0.7,2026-10-02T01:01:04.695736+02:00
307302015,de:11000:900003103:1:50,-0.8,2026-10-02T01:01:04.695736+02:00
307302015,de:11000:900003102:1:50,-0.9,2026-10-02T01:01:04.695736+02:00
307302015,de:11000:900003201:3:54,-0.5,2026-10-02T01:01:04.695736+02:00
307302015,de:11000:900100001:3:54,-0.1,2026-10-02T01:01:04.695736+02:00
307302015,de:11000:900100002:1:50,-0.4,2026-10-02T01:01:04.695736+02:00
307302015,de:11000:900100003:2:52,-0.1,2026-10-02T01:01:04.695736+02:00
307302015,de:11000:900100004:1:50,-0.4,2026-10-02T01:01:04.695736+02:00
307302015,de:11000:900120005:4:55,-0.6,2026-10-02T01:01:04.695736+02:00
307302015,de:11000:900120004:1:50,-0.1,2026-10-02T01:01:04.695736+02:00
307302015,de:11000:900120003:2:53,-0.4,2026-10-02T01:01:04.695736+02:00
307302015,de:11000:900160003:1:50,-0.7,2026-10-02T01:01:04.695736+02:00
307302015,de:11000:900160004:1:50,-0.7,2026-10-02T01:01:04.695736+02:00
307302015,de:11000:900171002:1:50,-0.2,2026-10-02T01:01:04.695736+02:00
307302015,de:11000:900171001:2:51,-0.3,2026-10-02T01:01:04.695736+02:00
307302015,de:11000:900175001:2:51,-0.5,2026-10-02T01:01:04.695736+02:00
307302015,de:11000:900175002:1:51,0.0,2026-10-02T01:01:04.695736+02:00
307302015,de:11000:900176001:2:52,-0.3,2026-10-02T01:01:04.695736+02:00
307302015,de:12064:900320026:1:51,-0.1,2026-10-02T01:01:04.695736+02:00
307302015,de:12064:900320008:1:50,-0.7,2026-10-02T01:01:04.695736+02:00
307302015,de:12064:900320007:1:50,-0.4,2026-10-02T01:01:04.695736+02:00
307302015,de:12064:900320006:1:50,-0.8,2026-10-02T01:01:04.695736+02:00
307302015,de:12064:900320005:1:50,-0.2,2026-10-02T01:01:04.695736+02:00
307302015,de:12064:900320004:2:51,-0.9,2026-10-02T01:01:04.695736+02:00
307302015,de:12064:900320003:1:50,-0.8,2026-10-02T01:01:04.695736+02:00
307302015,de:12064:900320002:1:50,-0.5,2026-10-02T01:01:04.695736+02:00
307302015,de:12064:900320001:1:50,-0.2,2026-10-02T01:01:04.695736+02:00
307301987,de:11000:900024102:2:52,0.0,2026-10-02T01:01:04.695736+02:00
307301987,de:11000:900024101:3:55,-0.8,2026-10-02T01:01:04.695736+02:00
307301987,de:11000:900024203:1:51,-0.8,2026-10-02T01:01:04.695736+02:00
307301987,de:11000:900023201:3:54,-0.7,2026-10-02T01:01:04.695736+02:00
307301987,de:11000:900003103:1:50,-0.8,2026-10-02T01:01:04.695736+02:00
307301987,de:11000:900003102:1:50,-0.9,2026-10-02T01:01:04.695736+02:00
307301987,de:11000:900003201:3:54,-0.5,2026-10-02T01:01:04.695736+02:00
307301987,de:11000:900100001:3:54,-0.1,2026-10-02T01:01:04.695736+02:00
307301987,de:11000:900100002:1:50,-0.4,2026-10-02T01:01:04.695736+02:00
307301987,de:11000:900100003:2:52,-0.1,2026-10-02T01:01:04.695736+02:00
307301987,de:11000:900100004:1:50,-0.4,2026-10-02T01:01:04.695736+02:00
307301987,de:11000:900120005:4:55,-0.6,2026-10-02T01:01:04.695736+02:00
307301987,de:11000:900120004:1:50,-0.1,2026-10-02T01:01:04.695736+02:00
307301987,de:11000:900120003:2:53,-0.4,2026-10-02T01:01:04.695736+02:00
307301987,de:11000:900160003:1:50,-0.7,2026-10-02T01:01:04.695736+02:00
307301987,de:11000:900160004:1:50,-0.7,2026-10-02T01:01:04.695736+02:00
307301987,de:11000:900171002:1:50,-0.2,2026-10-02T01:01:04.695736+02:00
307301987,de:11000:900171001:2:51,-0.3,2026-10-02T01:01:04.695736+02:00
307301987,de:11000:900175001:2:51,-0.5,2026-10-02T01:01:04.695736+02:00
307301987,de:11000:900175002:1:51,0.0,2026-10-02T01:01:04.695736+02:00
307301987,de:11000:900176001:2:52,-0.3,2026-10-02T01:01:04.695736+02:00
307301987,de:12064:900320026:1:51,-0.1,2026-10-02T01:01:04.695736+02:00
307301987,de:12064:900320008:1:50,-0.7,2026-10-02T01:01:04.695736+02:00
307301987,de:12064:900320007:1:50,-0.4,2026-10-02T01:01:04.695736+02:00
307301987,de:12064:900320006:1:50,-0.8,2026-10-02T01:01:04.695736+02:00
307301987,de:12064:900320005:1:50,-0.2,2026-10-02T01:01:04.695736+02:00
307301987,de:12064:900320004:2:51,-0.9,2026-10-02T01:01:04.695736+02:00
307301987,de:12064:900320003:1:50,-0.8,2026-10-02T01:01:04.695736+02:00
307301987,de:12064:900320002:1:50,-0.5,2026-10-02T01:01:04.695736+02:00
307301987,de:12064:900320001:1:50,-0.2,2026-10-02T01:01:04.695736+02:00
295940791,de:11000:900176001:1:50,0.0,2026-10-02T01:01:04.695736+02:00
295940791,de:11000:900175002:1:50,-0.7,2026-10-02T01:01:04.695736+02:00
295940791,de:11000:900175001:1:50,-0.6,2026-10-02T01:01:04.695736+02:00
295940791,de:11000:900171001:1:50,-0.3,2026-10-02T01:01:04.695736+02:00
295940791,de:11000:900171002:1:51,-0.4,2026-10-02T01:01:04.695736+02:00
295940791,de:11000:900160004:1:51,-0.8,2026-10-02T01:01:04.695736+02:00
295940791,de:11000:900160003:1:51,-0.8,2026-10-02T01:01:04.695736+02:00
295940791,de:11000:900120003:3:54,-0.9,2026-10-02T01:01:04.695736+02:00
295940791,de:11000:900120004:2:52,-0.6,2026-10-02T01:01:04.695736+02:00
295940791,de:11000:900120005:5:57,-0.9,2026-10-02T01:01:04.695736+02:00
295940176,de:11000:900024102:2:52,0.0,2026-10-02T01:01:04.695736+02:00
295940176,de:11000:900024101:3:54,-0.8,2026-10-02T01:01:04.695736+02:00
295940176,de:11000:900024203:1:51,-0.8,2026-10-02T01:01:04.695736+02:00
295940176,de:11000:900023201:3:54,-0.7,2026-10-02T01:01:04.695736+02:00
295940176,de:11000:900003103:1:50,-0.8,2026-10-02T01:01:04.695736+02:00
295940176,de:11000:900003102:1:50,-0.9,2026-10-02T01:01:04.695736+02:00
295940176,de:11000:900003201:3:54,-0.5,2026-10-02T01:01:04.695736+02:00
295940176,de:11000:900100001:3:54,-0.1,2026-10-02T01:01:04.695736+02:00
295940176,de:11000:900100002:1:50,-0.4,2026-10-02T01:01:04.695736+02:00
295940176,de:11000:900100003:2:52,-0.1,2026-10-02T01:01:04.695736+02:00
295940176,de:11000:900100004:1:50,-0.4,2026-10-02T01:01:04.695736+02:00
295940176,de:11000:900120005:4:55,-0.6,2026-10-02T01:01:04.695736+02:00
295940176,de:11000:900120004:1:50,-0.1,2026-10-02T01:01:04.695736+02:00
295940176,de:11000:900120003:2:53,-0.4,2026-10-02T01:01:04.695736+02:00
295940176,de:11000:900160003:1:50,-0.7,2026-10-02T01:01:04.695736+02:00
295940176,de:11000:900160004:1:50,-0.7,2026-10-02T01:01:04.695736+02:00
295940176,de:11000:900171002:1:50,-0.2,2026-10-02T01:01:04.695736+02:00
295940176,de:11000:900171001:2:51,-0.3,2026-10-02T01:01:04.695736+02:00
295940176,de:11000:900175001:2:51,-0.5,2026-10-02T01:01:04.695736+02:00
295940176,de:11000:900175002:1:51,0.0,2026-10-02T01:01:04.695736+02:00
295940176,de:11000:900176001:2:52,-0.3,2026-10-02T01:01:04.695736+02:00
295940176,de:12064:900320026:1:51,-0.1,2026-10-02T01:01:04.695736+02:00
295940176,de:12064:900320008:1:50,-0.7,2026-10-02T01:01:04.695736+02:00
295942207,de:11000:900120004:1:51,0.0,2026-10-02T01:01:04.695736+02:00
295942207,de:11000:900120003:2:52,-0.9,2026-10-02T01:01:04.695736+02:00
295942207,de:11000:900160003:1:50,-0.7,2026-10-02T01:01:04.695736+02:00
295942207,de:11000:900160004:1:50,-0.7,2026-10-02T01:01:04.695736+02:00
295942207,de:11000:900171002:1:50,-0.2,2026-10-02T01:01:04.695736+02:00
295942207,de:11000:900171001:2:51,-0.3,2026-10-02T01:01:04.695736+02:00
295942207,de:11000:900175001:2:51,-0.5,2026-10-02T01:01:04.695736+02:00
295942207,de:11000:900175002:1:51,0.0,2026-10-02T01:01:04.695736+02:00
295942207,de:11000:900176001:1:50,-0.7,2026-10-02T01:01:04.695736+02:00
295940150,de:11000:900024102:2:52,0.0,2026-10-02T01:01:04.695736+02:00
295940150,de:11000:900024101:3:54,-0.8,2026-10-02T01:01:04.695736+02:00
295940150,de:11000:900024203:1:51,-0.8,2026-10-02T01:01:04.695736+02:00
295940150,de:11000:900023201:3:54,-0.7,2026-10-02T01:01:04.695736+02:00
295940150,de:11000:900003103:1:50,-0.8,2026-10-02T01:01:04.695736+02:00
295940150,de:11000:900003102:1:50,-0.9,2026-10-02T01:01:04.695736+02:00
295940150,de:11000:900003201:3:54,-0.5,2026-10-02T01:01:04.695736+02:00
295940150,de:11000:900100001:3:54,-0.1,2026-10-02T01:01:04.695736+02:00
295940150,de:11000:900100002:1:50,-0.4,2026-10-02T01:01:04.695736+02:00
295940150,de:11000:900100003:2:52,-0.1,2026-10-02T01:01:04.695736+02:00
295940150,de:11000:900100004:1:50,-0.4,2026-10-02T01:01:04.695736+02:00
295940150,de:11000:900120005:4:55,-0.6,2026-10-02T01:01:04.695736+02:00
295940150,de:11000:900120004:1:50,-0.1,2026-10-02T01:01:04.695736+02:00
295940150,de:11000:900120003:2:53,-0.4,2026-10-02T01:01:04.695736+02:00
295940150,de:11000:900160003:1:50,-0.7,2026-10-02T01:01:04.695736+02:00
295940150,de:11000:900160004:1:50,-0.7,2026-10-02T01:01:04.695736+02:00
295940150,de:11000:900171002:1:50,-0.2,2026-10-02T01:01:04.695736+02:00
295940150,de:11000:900171001:2:51,-0.3,2026-10-02T01:01:04.695736+02:00
295940150,de:11000:900175001:2:51,-0.5,2026-10-02T01:01:04.695736+02:00
295940150,de:11000:900175002:1:51,0.0,2026-10-02T01:01:04.695736+02:00
295940150,de:11000:900176001:2:53,-0.3,2026-10-02T01:01:04.695736+02:00
306897243,de:12067:900311482::3,0.0,2026-10-02T01:01:04.695736+02:00
306897243,de:12067:900311490::2,0.0,2026-10-02T01:01:04.695736+02:00
306897243,de:12067:900311478::2,0.0,2026-10-02T01:01:04.695736+02:00
306897243,de:12067:900311477::2,0.0,2026-10-02T01:01:04.695736+02:00
306897243,de:12067:900311442::2,0.0,2026-10-02T01:01:04.695736+02:00
306897243,de:12067:900311560::1,0.0,2026-10-02T01:01:04.695736+02:00
306897243,de:12067:900311401::2,0.0,2026-10-02T01:01:04.695736+02:00
306897243,de:12067:900311543::2,0.0,2026-10-02T01:01:04.695736+02:00
306897243,de:12067:900311542::1,0.0,2026-10-02T01:01:04.695736+02:00
306897243,de:12067:900311530::2,0.0,2026-10-02T01:01:04.695736+02:00
306897243,de:12067:900311531::2,0.0,2026-10-02T01:01:04.695736+02:00
306897243,de:12067:900311306::2,0.0,2026-10-02T01:01:04.695736+02:00
306897243,de:12067:900311356::2,0.0,2026-10-02T01:01:04.695736+02:00
306897243,de:12067:900311311::2,0.0,2026-10-02T01:01:04.695736+02:00
306897243,de:12067:900311312::2,0.0,2026-10-02T01:01:04.695736+02:00
306897243,de:12067:900311383::5,0.0,2026-10-02T01:01:04.695736+02:00
306897243,de:12067:900311315::2,0.0,2026-10-02T01:01:04.695736+02:00
306897243,de:12067:900311348::2,0.0,2026-10-02T01:01:04.695736+02:00
306897243,de:12067:900311308::4,0.0,2026-10-02T01:01:04.695736+02:00
295946285,de:11000:900170004:1:50,0.0,2026-10-02T01:01:04.695736+02:00
295946285,de:11000:900170003:1:51,-0.3,2026-10-02T01:01:04.695736+02:00
295946285,de:11000:900170002:1:51,-0.1,2026-10-02T01:01:04.695736+02:00
295946285,de:11000:900170001:1:51,-0.9,2026-10-02T01:01:04.695736+02:00
295946285,de:11000:900170005:1:51,-0.7,2026-10-02T01:01:04.695736+02:00
295946285,de:11000:900171003:1:51,-0.6,2026-10-02T01:01:04.695736+02:00
295946285,de:11000:900171002:1:51,-0.9,2026-10-02T01:01:04.695736+02:00
295946285,de:11000:900160004:1:51,-0.3,2026-10-02T01:01:04.695736+02:00
295946285,de:11000:900160003:1:51,-0.4,2026-10-02T01:01:04.695736+02:00
295946285,de:11000:900120003:3:55,-0.6,2026-10-02T01:01:04.695736+02:00
295946285,de:11000:900120004:2:53,-0.1,2026-10-02T01:01:04.695736+02:00
295946285,de:11000:900120005:5:58,-0.4,2026-10-02T01:01:04.695736+02:00
295946285,de:11000:900100004:1:51,-0.9,2026-10-02T01:01:04.695736+02:00
295946285,de:11000:900100003:2:53,-0.9,2026-10-02T01:01:04.695736+02:00
295946285,de:11000:900100002:1:51,-0.9,2026-10-02T01:01:04.695736+02:00
295946285,de:11000:900100001:3:55,-0.9,2026-10-02T01:01:04.695736+02:00
295946285,de:11000:900003201:3:55,-0.6,2026-10-02T01:01:04.695736+02:00
295946285,de:11000:900003102:1:51,-0.3,2026-10-02T01:01:04.695736+02:00
295946285,de:11000:900003103:1:51,-0.4,2026-10-02T01:01:04.695736+02:00
295946285,de:11000:900023201:3:55,-0.3,2026-10-02T01:01:04.695736+02:00
295946285,de:11000:900024203:1:51,-0.3,2026-10-02T01:01:04.695736+02:00
295946285,de:11000:900024101:4:57,-0.3,2026-10-02T01:01:04.695736+02:00
295946285,de:11000:900024102:1:50,-0.6,2026-10-02T01:01:04.695736+02:00
295946285,de:11000:900048101:1:50,-0.8,2026-10-02T01:01:04.695736+02:00
295946285,de:11000:900052201:2:52,0.0,2026-10-02T01:01:04.695736+02:00
295946285,de:11000:900053301:1:50,-0.4,2026-10-02T01:01:04.695736+02:00
295946285,de:12054:900230003:1:50,-0.4,2026-10-02T01:01:04.695736+02:00
295946285,de:12054:900230000:1:51,-0.4,2026-10-02T01:01:04.695736+02:00
295946285,de:12054:900230999:3:55,-0.9,2026-10-02T01:01:04.695736+02:00
306895428,de:12067:900311083::3,0.0,2026-10-02T01:01:04.695736+02:00
306895428,de:12067:900310775::1,0.0,2026-10-02T01:01:04.695736+02:00
306895428,de:12067:900311083::2,0.0,2026-10-02T01:01:04.695736+02:00
306895428,de:12067:900310814::2,0.0,2026-10-02T01:01:04.695736+02:00
306895428,de:12067:900310628::2,0.0,2026-10-02T01:01:04.695736+02:00
306895428,de:12067:900310793::2,0.0,2026-10-02T01:01:04.695736+02:00
306895428,de:12067:900310774::1,0.0,2026-10-02T01:01:04.695736+02:00
306895428,de:12067:900310792::1,0.0,2026-10-02T01:01:04.695736+02:00
306895428,de:12067:900310825::1,0.0,2026-10-02T01:01:04.695736+02:00
306895428,de:12067:900310809::2,0.0,2026-10-02T01:01:04.695736+02:00
306895428,de:12067:900310787::2,0.0,2026-10-02T01:01:04.695736+02:00
306895428,de:12067:900310790::2,0.0,2026-10-02T01:01:04.695736+02:00
306895428,de:12067:900310788::2,0.0,2026-10-02T01:01:04.695736+02:00
306895428,de:12067:900310696::2,0.0,2026-10-02T01:01:04.695736+02:00
306895428,de:12067:900310001::11,0.0,2026-10-02T01:01:04.695736+02:00
306895428,de:12067:900310001::2,0.0,2026-10-02T01:01:04.695736+02:00
306895428,de:12067:900310816::1,0.0,2026-10-02T01:01:04.695736+02:00
306895428,de:12067:900310627::1,0.0,2026-10-02T01:01:04.695736+02:00
306895428,de:12067:900310781::1,0.0,2026-10-02T01:01:04.695736+02:00
306895428,de:12067:900310822::1,0.0,2026-10-02T01:01:04.695736+02:00
306895428,de:12067:900310808::1,0.0,2026-10-02T01:01:04.695736+02:00
306895428,de:12067:900310779::1,0.0,2026-10-02T01:01:04.695736+02:00
306895428,de:12067:900310995::1,0.0,2026-10-02T01:01:04.695736+02:00
306895428,de:12067:900311104::1,0.0,2026-10-02T01:01:04.695736+02:00
306895428,de:12067:900310784::1,0.0,2026-10-02T01:01:04.695736+02:00
306895428,de:12067:900310786::1,0.0,2026-10-02T01:01:04.695736+02:00
306895428,de:12067:900310768::1,0.0,2026-10-02T01:01:04.695736+02:00
306895428,de:12067:900310023::1,0.0,2026-10-02T01:01:04.695736+02:00
306895428,de:12067:900310778::1,0.0,2026-10-02T01:01:04.695736+02:00
306895428,de:12067:900310806::1,0.0,2026-10-02T01:01:04.695736+02:00
306895428,de:12067:900310812::1,0.0,2026-10-02T01:01:04.695736+02:00
306895428,de:12067:900310770::1,0.0,2026-10-02T01:01:04.695736+02:00
306895428,de:12067:900310010::3,0.0,2026-10-02T01:01:04.695736+02:00
306895428,de:12067:900310880::1,0.0,2026-10-02T01:01:04.695736+02:00
306895428,de:12067:900310815::1,0.0,2026-10-02T01:01:04.695736+02:00
306895428,de:12067:900310807::1,0.0,2026-10-02T01:01:04.695736+02:00
306895268,de:12067:900311129::4,0.0,2026-10-02T01:01:04.695736+02:00
306895268,de:12067:900310729::2,0.0,2026-10-02T01:01:04.695736+02:00
306895268,de:12067:900310718::2,0.0,2026-10-02T01:01:04.695736+02:00
306895268,de:12067:900310719::2,0.0,2026-10-02T01:01:04.695736+02:00
306895268,de:12067:900310717::2,0.0,2026-10-02T01:01:04.695736+02:00
306895268,de:12067:900310726::1,0.0,2026-10-02T01:01:04.695736+02:00
306895268,de:12067:900310730::1,0.0,2026-10-02T01:01:04.695736+02:00
306895268,de:12067:900310717::1,0.0,2026-10-02T01:01:04.695736+02:00
306895268,de:12067:900310737::1,0.0,2026-10-02T01:01:04.695736+02:00
306895268,de:12067:900310736::1,0.0,2026-10-02T01:01:04.695736+02:00
306895268,de:12067:900310737::2,0.0,2026-10-02T01:01:04.695736+02:00
306895268,de:12067:900310841::2,0.0,2026-10-02T01:01:04.695736+02:00
306895268,de:12067:900311002::3,0.0,2026-10-02T01:01:04.695736+02:00
306895268,de:12067:900311020::1,0.0,2026-10-02T01:01:04.695736+02:00
306895268,de:12067:900310834::1,0.0,2026-10-02T01:01:04.695736+02:00
306895268,de:12067:900311020::2,0.0,2026-10-02T01:01:04.695736+02:00
306895268,de:12067:900310908::2,0.0,2026-10-02T01:01:04.695736+02:00
306895268,de:12067:900311085::1,0.0,2026-10-02T01:01:04.695736+02:00
306895268,de:12067:900310874::1,0.0,2026-10-02T01:01:04.695736+02:00
306895268,de:12067:900310874::1,-7.0,2026-10-02T01:01:04.695736+02:00
306895268,de:12067:900310925::1,0.0,2026-10-02T01:01:04.695736+02:00
306895268,de:12067:900310874::1,7.0,2026-10-02T01:01:04.695736+02:00
306895268,de:12067:900310874::1,0.0,2026-10-02T01:01:04.695736+02:00
306895268,de:12067:900310866::1,0.0,2026-10-02T01:01:04.695736+02:00
306895268,de:12067:900311092::1,0.0,2026-10-02T01:01:04.695736+02:00
306895268,de:12067:900311084::2,0.0,2026-10-02T01:01:04.695736+02:00
306895268,de:12067:900310974::2,0.0,2026-10-02T01:01:04.695736+02:00
306895268,de:12067:900310914::2,0.0,2026-10-02T01:01:04.695736+02:00
306895268,de:12067:900310703::3,0.0,2026-10-02T01:01:04.695736+02:00
306895268,de:12067:900310915::2,-0.5,2026-10-02T01:01:04.695736+02:00
306895268,de:12067:900310916::2,-0.5,2026-10-02T01:01:04.695736+02:00
306895268,de:12067:900310917::2,0.0,2026-10-02T01:01:04.695736+02:00
306895268,de:12067:900310900::2,0.0,2026-10-02T01:01:04.695736+02:00
306895268,de:12067:900310880::2,0.0,2026-10-02T01:01:04.695736+02:00
306895268,de:12067:900310010::1,0.0,2026-10-02T01:01:04.695736+02:00
306895268,de:12067:900310879::2,0.0,2026-10-02T01:01:04.695736+02:00
306895268,de:12067:900310800::2,0.0,2026-10-02T01:01:04.695736+02:00
306895268,de:12067:900310771::2,0.0,2026-10-02T01:01:04.695736+02:00
306895268,de:12067:900310822::2,0.0,2026-10-02T01:01:04.695736+02:00
306895268,de:12067:900310781::2,0.0,2026-10-02T01:01:04.695736+02:00
306895268,de:12067:900310627::2,-0.5,2026-10-02T01:01:04.695736+02:00
306895268,de:12067:900310816::2,0.0,2026-10-02T01:01:04.695736+02:00
306895268,de:12067:900310022::1,0.0,2026-10-02T01:01:04.695736+02:00
306895268,de:12067:900310001::11,0.0,2026-10-02T01:01:04.695736+02:00
295953490,de:11000:900120004:1:51,0.0,2026-10-02T01:01:04.695736+02:00
295953490,de:11000:900120003:2:52,-0.9,2026-10-02T01:01:04.695736+02:00
295953490,de:11000:900160003:1:50,-0.2,2026-10-02T01:01:04.695736+02:00
295953490,de:11000:900160004:1:50,-0.2,2026-10-02T01:01:04.695736+02:00
295953490,de:11000:900171002:1:50,-0.7,2026-10-02T01:01:04.695736+02:00
295953490,de:11000:900171003:1:50,-0.8,2026-10-02T01:01:04.695736+02:00
295953490,de:11000:900152002:1:50,-0.4,2026-10-02T01:01:04.695736+02:00
295953490,de:11000:900152001:1:50,-0.6,2026-10-02T01:01:04.695736+02:00
295953490,de:11000:900151001:1:51,-0.9,2026-10-02T01:01:04.695736+02:00
295956041,de:11000:900120004:1:51,0.0,2026-10-02T01:01:04.695736+02:00
295956041,de:11000:900120003:2:52,-0.9,2026-10-02T01:01:04.695736+02:00
295956041,de:11000:900160003:1:50,-0.2,2026-10-02T01:01:04.695736+02:00
295956041,de:11000:900160004:1:50,-0.2,2026-10-02T01:01:04.695736+02:00
295956041,de:11000:900171002:1:50,-0.7,2026-10-02T01:01:04.695736+02:00
295956041,de:11000:900171003:1:50,-0.8,2026-10-02T01:01:04.695736+02:00
295956041,de:11000:900152002:1:50,-0.4,2026-10-02T01:01:04.695736+02:00
295956041,de:11000:900152001:1:50,-0.6,2026-10-02T01:01:04.695736+02:00
295956041,de:11000:900151001:1:50,-0.9,2026-10-02T01:01:04.695736+02:00
295956095,de:11000:900151001:1:50,0.0,2026-10-02T01:01:04.695736+02:00
295956095,de:11000:900152001:1:51,-0.6,2026-10-02T01:01:04.695736+02:00
295956095,de:11000:900152002:1:51,-0.2,2026-10-02T01:01:04.695736+02:00
295956095,de:11000:900171003:1:51,-0.9,2026-10-02T01:01:04.695736+02:00
295956095,de:11000:900171002:1:51,-0.9,2026-10-02T01:01:04.695736+02:00
295956095,de:11000:900160004:1:51,-0.3,2026-10-02T01:01:04.695736+02:00
295956095,de:11000:900160003:1:51,-0.4,2026-10-02T01:01:04.695736+02:00
295956095,de:11000:900120003:3:54,-0.6,2026-10-02T01:01:04.695736+02:00
295956095,de:11000:900120004:2:52,-0.1,2026-10-02T01:01:04.695736+02:00
295956086,de:11000:900151001:1:50,0.0,2026-10-02T01:01:04.695736+02:00
295956086,de:11000:900152001:1:51,-0.6,2026-10-02T01:01:04.695736+02:00
295956086,de:11000:900152002:1:51,-0.2,2026-10-02T01:01:04.695736+02:00
295956086,de:11000:900171003:1:51,-0.9,2026-10-02T01:01:04.695736+02:00
295956086,de:11000:900171002:1:51,-0.9,2026-10-02T01:01:04.695736+02:00
295956086,de:11000:900160004:1:51,-0.3,2026-10-02T01:01:04.695736+02:00
295956086,de:11000:900160003:1:51,-0.4,2026-10-02T01:01:04.695736+02:00
295956086,de:11000:900120003:3:54,-0.6,2026-10-02T01:01:04.695736+02:00
295956086,de:11000:900120004:2:52,-0.1,2026-10-02T01:01:04.695736+02:00
307436067,de:12066:900435000:2:53,0.0,2026-10-02T01:01:04.695736+02:00
307436067,de:12066:900435001:2:51,0.0,2026-10-02T01:01:04.695736+02:00
307436067,de:12066:900435339:1:50,0.0,2026-10-02T01:01:04.695736+02:00
307436067,de:12066:900435209:1:50,0.0,2026-10-02T01:01:04.695736+02:00
307436067,de:12066:900435818:1:50,0.0,2026-10-02T01:01:04.695736+02:00
307436067,de:12066:900435459:1:50,0.0,2026-10-02T01:01:04.695736+02:00
307436067,de:12066:900435602:2:51,0.0,2026-10-02T01:01:04.695736+02:00
307436067,de:12061:900261512:2:52,0.0,2026-10-02T01:01:04.695736+02:00
306895486,de:12067:900310807::1,0.0,2026-10-02T01:01:04.695736+02:00
306895486,de:12067:900310815::2,0.0,2026-10-02T01:01:04.695736+02:00
306895486,de:12067:900310880::2,0.0,2026-10-02T01:01:04.695736+02:00
306895486,de:12067:900310010::2,0.0,2026-10-02T01:01:04.695736+02:00
306895486,de:12067:900310770::2,0.0,2026-10-02T01:01:04.695736+02:00
306895486,de:12067:900310812::2,0.0,2026-10-02T01:01:04.695736+02:00
306895486,de:12067:900310806::2,0.0,2026-10-02T01:01:04.695736+02:00
306895486,de:12067:900310821::2,0.0,2026-10-02T01:01:04.695736+02:00
306895486,de:12067:900310794::2,0.0,2026-10-02T01:01:04.695736+02:00
306895486,de:12067:900310808::2,0.0,2026-10-02T01:01:04.695736+02:00
306895486,de:12067:900310822::2,0.0,2026-10-02T01:01:04.695736+02:00
306895486,de:12067:900310781::2,0.0,2026-10-02T01:01:04.695736+02:00
306895486,de:12067:900310627::2,0.0,2026-10-02T01:01:04.695736+02:00
306895486,de:12067:900310816::2,0.0,2026-10-02T01:01:04.695736+02:00
306895486,de:12067:900310022::1,0.0,2026-10-02T01:01:04.695736+02:00
306895486,de:12067:900310001::11,0.0,2026-10-02T01:01:04.695736+02:00
306895486,de:12067:900310001::1,0.0,2026-10-02T01:01:04.695736+02:00
306895486,de:12067:900310696::1,0.0,2026-10-02T01:01:04.695736+02:00
306895486,de:12067:900310788::1,0.0,2026-10-02T01:01:04.695736+02:00
306895486,de:12067:900310790::1,0.0,2026-10-02T01:01:04.695736+02:00
306895486,de:12067:900310787::1,0.0,2026-10-02T01:01:04.695736+02:00
306895486,de:12067:900310809::1,0.0,2026-10-02T01:01:04.695736+02:00
306895486,de:12067:900310825::1,0.0,2026-10-02T01:01:04.695736+02:00
306895486,de:12067:900310792::2,0.0,2026-10-02T01:01:04.695736+02:00
306895486,de:12067:900310774::2,0.0,2026-10-02T01:01:04.695736+02:00
306895486,de:12067:900310793::1,0.0,2026-10-02T01:01:04.695736+02:00
306895486,de:12067:900310628::1,0.0,2026-10-02T01:01:04.695736+02:00
306895486,de:12067:900310814::1,0.0,2026-10-02T01:01:04.695736+02:00
306895486,de:12067:900311083::3,0.0,2026-10-02T01:01:04.695736+02:00
295959993,de:12065:900200008:1:51,0.0,2026-10-02T01:01:04.695736+02:00
295959993,de:12065:900200009:1:51,-0.7,2026-10-02T01:01:04.695736+02:00
295959993,de:12065:900200011:1:51,-0.3,2026-10-02T01:01:04.695736+02:00
295959993,de:12065:900200012:1:51,-0.8,2026-10-02T01:01:04.695736+02:00
295959993,de:12065:900200013:1:50,-0.4,2026-10-02T01:01:04.695736+02:00
295959993,de:11000:900142001:1:51,-0.7,2026-10-02T01:01:04.695736+02:00
295959993,de:11000:900130001:1:51,-0.2,2026-10-02T01:01:04.695736+02:00
295959993,de:11000:900130002:1:51,-0.7,2026-10-02T01:01:04.695736+02:00
295959993,de:11000:900110011:1:51,-0.2,2026-10-02T01:01:04.695736+02:00
295959993,de:11000:900110001:1:50,-0.2,2026-10-02T01:01:04.695736+02:00
295959993,de:11000:900110002:1:50,-0.9,2026-10-02T01:01:04.695736+02:00
295959993,de:11000:900110003:1:50,-0.9,2026-10-02T01:01:04.695736+02:00
295959993,de:11000:900110004:1:50,-0.3,2026-10-02T01:01:04.695736+02:00
295959993,de:11000:900110012:1:50,-0.2,2026-10-02T01:01:04.695736+02:00
295959993,de:11000:900120001:1:50,-0.2,2026-10-02T01:01:04.695736+02:00
295959993,de:11000:900120003:5:58,-0.6,2026-10-02T01:01:04.695736+02:00
295959993,de:11000:900190001:1:50,-0.1,2026-10-02T01:01:04.695736+02:00
295959993,de:11000:900191002:1:50,0.0,2026-10-02T01:01:04.695736+02:00
295959993,de:11000:900191001:2:52,-0.4,2026-10-02T01:01:04.695736+02:00
295959993,de:11000:900192001:2:52,-0.2,2026-10-02T01:01:04.695736+02:00
295959993,de:11000:900193001:1:50,-0.7,2026-10-02T01:01:04.695736+02:00
295959993,de:11000:900193002:1:50,-0.3,2026-10-02T01:01:04.695736+02:00
295959993,de:11000:900186001:1:50,-0.3,2026-10-02T01:01:04.695736+02:00
295959993,de:12061:900260004:1:50,-0.7,2026-10-02T01:01:04.695736+02:00
295959993,de:12061:900260003:1:50,-0.9,2026-10-02T01:01:04.695736+02:00
295959993,de:12061:900260002:1:50,-0.9,2026-10-02T01:01:04.695736+02:00
295959966,de:12065:900200008:1:51,0.0,2026-10-02T01:01:04.695736+02:00
295959966,de:12065:900200009:1:51,-0.7,2026-10-02T01:01:04.695736+02:00
295959966,de:12065:900200011:1:51,-0.3,2026-10-02T01:01:04.695736+02:00
295959966,de:12065:900200012:1:51,-0.8,2026-10-02T01:01:04.695736+02:00
295959966,de:12065:900200013:1:50,-0.4,2026-10-02T01:01:04.695736+02:00
295959966,de:11000:900142001:1:51,-0.7,2026-10-02T01:01:04.695736+02:00
295959966,de:11000:900130001:1:51,-0.2,2026-10-02T01:01:04.695736+02:00
295959966,de:11000:900130002:1:51,-0.7,2026-10-02T01:01:04.695736+02:00
295959966,de:11000:900110011:1:51,-0.2,2026-10-02T01:01:04.695736+02:00
295959966,de:11000:900110001:1:50,-0.2,2026-10-02T01:01:04.695736+02:00
295959966,de:11000:900110002:1:50,-0.9,2026-10-02T01:01:04.695736+02:00
295959966,de:11000:900110003:1:50,-0.9,2026-10-02T01:01:04.695736+02:00
295959966,de:11000:900110004:1:50,-0.3,2026-10-02T01:01:04.695736+02:00
295959966,de:11000:900110012:1:50,-0.2,2026-10-02T01:01:04.695736+02:00
295959966,de:11000:900120001:1:50,-0.2,2026-10-02T01:01:04.695736+02:00
295959966,de:11000:900120003:5:58,-0.6,2026-10-02T01:01:04.695736+02:00
295959966,de:11000:900190001:1:50,-0.1,2026-10-02T01:01:04.695736+02:00
295959966,de:11000:900191002:1:50,0.0,2026-10-02T01:01:04.695736+02:00
295959966,de:11000:900191001:2:52,-0.4,2026-10-02T01:01:04.695736+02:00
295959966,de:11000:900192001:2:52,-0.2,2026-10-02T01:01:04.695736+02:00
295959966,de:11000:900193001:1:50,-0.7,2026-10-02T01:01:04.695736+02:00
295959966,de:11000:900193002:1:50,-0.3,2026-10-02T01:01:04.695736+02:00
295959966,de:11000:900186001:1:51,-0.3,2026-10-02T01:01:04.695736+02:00
295963631,de:11000:900192001:2:53,0.0,2026-10-02T01:01:04.695736+02:00
295963631,de:11000:900193001:1:50,-0.7,2026-10-02T01:01:04.695736+02:00
295963631,de:11000:900193002:1:50,-0.3,2026-10-02T01:01:04.695736+02:00
295963631,de:11000:900195510:1:51,-0.7,2026-10-02T01:01:04.695736+02:00
295963631,de:11000:900196001:1:50,-0.9,2026-10-02T01:01:04.695736+02:00
295963631,de:12061:900260005:3:54,-0.7,2026-10-02T01:01:04.695736+02:00
295963631,de:12061:900260080:1:50,0.0,2026-10-02T01:01:04.695736+02:00
295963631,de:12061:900260009:3:56,-0.2,2026-10-02T01:01:04.695736+02:00
295963615,de:11000:900092201:1:51,0.0,2026-10-02T01:01:04.695736+02:00
295963615,de:11000:900093201:1:51,-0.4,2026-10-02T01:01:04.695736+02:00
295963615,de:11000:900094101:1:51,-0.3,2026-10-02T01:01:04.695736+02:00
295963615,de:11000:900096101:1:51,-0.1,2026-10-02T01:01:04.695736+02:00
295963615,de:11000:900084101:1:51,-0.2,2026-10-02T01:01:04.695736+02:00
295963615,de:11000:900085201:1:51,-0.8,2026-10-02T01:01:04.695736+02:00
295963615,de:11000:900130003:1:51,-0.8,2026-10-02T01:01:04.695736+02:00
295963615,de:11000:900110011:1:50,-0.9,2026-10-02T01:01:04.695736+02:00
295963615,de:11000:900110001:1:50,-0.2,2026-10-02T01:01:04.695736+02:00
295963615,de:11000:900110002:1:50,-0.9,2026-10-02T01:01:04.695736+02:00
295963615,de:11000:900110003:1:50,-0.9,2026-10-02T01:01:04.695736+02:00
295963615,de:11000:900110004:1:50,-0.3,2026-10-02T01:01:04.695736+02:00
295963615,de:11000:900110012:1:50,-0.2,2026-10-02T01:01:04.695736+02:00
295963615,de:11000:900120001:1:50,-0.2,2026-10-02T01:01:04.695736+02:00
295963615,de:11000:900120003:5:58,-0.6,2026-10-02T01:01:04.695736+02:00
295963615,de:11000:900190001:1:51,-0.1,2026-10-02T01:01:04.695736+02:00
295963615,de:11000:900191002:1:50,0.0,2026-10-02T01:01:04.695736+02:00
295963615,de:11000:900191001:2:52,-0.4,2026-10-02T01:01:04.695736+02:00
295963615,de:11000:900192001:2:52,-0.2,2026-10-02T01:01:04.695736+02:00
295963615,de:11000:900193001:1:50,-0.7,2026-10-02T01:01:04.695736+02:00
295963615,de:11000:900193002:1:50,-0.3,2026-10-02T01:01:04.695736+02:00
295963615,de:11000:900195510:1:51,-0.7,2026-10-02T01:01:04.695736+02:00
295963615,de:11000:900196001:1:50,-0.9,2026-10-02T01:01:04.695736+02:00
295963615,de:12061:900260005:3:54,-0.7,2026-10-02T01:01:04.695736+02:00
295963615,de:12061:900260080:1:50,0.0,2026-10-02T01:01:04.695736+02:00
295963615,de:12061:900260009:3:56,-0.2,2026-10-02T01:01:04.695736+02:00
295963725,de:12061:900260009:3:56,0.0,2026-10-02T01:01:04.695736+02:00
295963725,de:12061:900260080:1:51,-0.7,2026-10-02T01:01:04.695736+02:00
295963725,de:12061:900260005:3:55,0.0,2026-10-02T01:01:04.695736+02:00
295963725,de:11000:900196001:1:51,0.0,2026-10-02T01:01:04.695736+02:00
295963725,de:11000:900195510:1:50,-0.4,2026-10-02T01:01:04.695736+02:00
295963725,de:11000:900193002:1:51,-0.6,2026-10-02T01:01:04.695736+02:00
295963725,de:11000:900193001:2:51,-0.3,2026-10-02T01:01:04.695736+02:00
295963725,de:11000:900192001:3:55,-0.2,2026-10-02T01:01:04.695736+02:00
295963725,de:11000:900191001:1:50,-0.9,2026-10-02T01:01:04.695736+02:00
295963725,de:11000:900191002:1:51,-0.3,2026-10-02T01:01:04.695736+02:00
295963725,de:11000:900190001:2:53,-0.1,2026-10-02T01:01:04.695736+02:00
295963725,de:11000:900120003:5:59,-0.3,2026-10-02T01:01:04.695736+02:00
295963725,de:11000:900120001:1:51,-0.6,2026-10-02T01:01:04.695736+02:00
295963725,de:11000:900110012:1:51,-0.8,2026-10-02T01:01:04.695736+02:00
295963725,de:11000:900110004:1:51,-0.7,2026-10-02T01:01:04.695736+02:00
295963725,de:11000:900110003:1:51,0.0,2026-10-02T01:01:04.695736+02:00
295963725,de:11000:900110002:1:51,0.0,2026-10-02T01:01:04.695736+02:00
295963725,de:11000:900110001:1:51,-0.7,2026-10-02T01:01:04.695736+02:00
295963725,de:11000:900110011:2:53,-0.4,2026-10-02T01:01:04.695736+02:00
295963725,de:11000:900085201:1:50,-0.8,2026-10-02T01:01:04.695736+02:00
295963725,de:11000:900084101:1:50,-0.7,2026-10-02T01:01:04.695736+02:00
295963725,de:11000:900096101:1:50,-0.8,2026-10-02T01:01:04.695736+02:00
295963725,de:11000:900094101:1:50,-0.3,2026-10-02T01:01:04.695736+02:00
295963725,de:11000:900093201:1:50,-0.4,2026-10-02T01:01:04.695736+02:00
295963725,de:11000:900092201:1:51,-0.2,2026-10-02T01:01:04.695736+02:00
295963593,de:11000:900092201:1:51,0.0,2026-10-02T01:01:04.695736+02:00
295963593,de:11000:900093201:1:51,-0.4,2026-10-02T01:01:04.695736+02:00
295963593,de:11000:900094101:1:51,-0.3,2026-10-02T01:01:04.695736+02:00
295963593,de:11000:900096101:1:51,-0.1,2026-10-02T01:01:04.695736+02:00
295963593,de:11000:900084101:1:51,-0.2,2026-10-02T01:01:04.695736+02:00
295963593,de:11000:900085201:1:51,-0.8,2026-10-02T01:01:04.695736+02:00
295963593,de:11000:900130003:1:51,-0.8,2026-10-02T01:01:04.695736+02:00
295963593,de:11000:900110011:1:50,-0.9,2026-10-02T01:01:04.695736+02:00
295963593,de:11000:900110001:1:50,-0.2,2026-10-02T01:01:04.695736+02:00
295963593,de:11000:900110002:1:50,-0.9,2026-10-02T01:01:04.695736+02:00
295963593,de:11000:900110003:1:50,-0.9,2026-10-02T01:01:04.695736+02:00
295963593,de:11000:900110004:1:50,-0.3,2026-10-02T01:01:04.695736+02:00
295963593,de:11000:900110012:1:50,-0.2,2026-10-02T01:01:04.695736+02:00
295963593,de:11000:900120001:1:50,-0.2,2026-10-02T01:01:04.695736+02:00
295963593,de:11000:900120003:5:58,-0.6,2026-10-02T01:01:04.695736+02:00
295963593,de:11000:900190001:1:51,-0.1,2026-10-02T01:01:04.695736+02:00
295963593,de:11000:900191002:1:50,0.0,2026-10-02T01:01:04.695736+02:00
295963593,de:11000:900191001:2:52,-0.4,2026-10-02T01:01:04.695736+02:00
295963593,de:11000:900192001:2:52,-0.2,2026-10-02T01:01:04.695736+02:00
295963593,de:11000:900193001:1:50,-0.7,2026-10-02T01:01:04.695736+02:00
295963593,de:11000:900193002:1:50,-0.3,2026-10-02T01:01:04.695736+02:00
295963593,de:11000:900195510:1:51,-0.7,2026-10-02T01:01:04.695736+02:00
295963593,de:11000:900196001:1:50,-0.9,2026-10-02T01:01:04.695736+02:00
295963593,de:12061:900260005:3:54,-0.7,2026-10-02T01:01:04.695736+02:00
295963593,de:12061:900260080:1:50,0.0,2026-10-02T01:01:04.695736+02:00
295963593,de:12061:900260009:3:56,-0.2,2026-10-02T01:01:04.695736+02:00
295963717,de:12061:900260009:3:56,0.0,2026-10-02T01:01:04.695736+02:00
295963717,de:12061:900260080:1:51,-0.7,2026-10-02T01:01:04.695736+02:00
295963717,de:12061:900260005:3:55,0.0,2026-10-02T01:01:04.695736+02:00
295963717,de:11000:900196001:1:51,0.0,2026-10-02T01:01:04.695736+02:00
295963717,de:11000:900195510:1:50,-0.4,2026-10-02T01:01:04.695736+02:00
295963717,de:11000:900193002:1:51,-0.6,2026-10-02T01:01:04.695736+02:00
295963717,de:11000:900193001:2:51,-0.3,2026-10-02T01:01:04.695736+02:00
295963717,de:11000:900192001:3:55,-0.2,2026-10-02T01:01:04.695736+02:00
295963717,de:11000:900191001:1:50,-0.9,2026-10-02T01:01:04.695736+02:00
295963717,de:11000:900191002:1:51,-0.3,2026-10-02T01:01:04.695736+02:00
295963717,de:11000:900190001:2:53,-0.1,2026-10-02T01:01:04.695736+02:00
295963717,de:11000:900120003:5:59,-0.3,2026-10-02T01:01:04.695736+02:00
295963717,de:11000:900120001:1:51,-0.6,2026-10-02T01:01:04.695736+02:00
295963717,de:11000:900110012:1:51,-0.8,2026-10-02T01:01:04.695736+02:00
295963717,de:11000:900110004:1:51,-0.7,2026-10-02T01:01:04.695736+02:00
295963717,de:11000:900110003:1:51,0.0,2026-10-02T01:01:04.695736+02:00
295963717,de:11000:900110002:1:51,0.0,2026-10-02T01:01:04.695736+02:00
295963717,de:11000:900110001:1:51,-0.7,2026-10-02T01:01:04.695736+02:00
295963717,de:11000:900110011:2:53,-0.4,2026-10-02T01:01:04.695736+02:00
295963717,de:11000:900085201:1:50,-0.8,2026-10-02T01:01:04.695736+02:00
295963717,de:11000:900084101:1:50,-0.7,2026-10-02T01:01:04.695736+02:00
295963717,de:11000:900096101:1:50,-0.8,2026-10-02T01:01:04.695736+02:00
295963717,de:11000:900094101:1:50,-0.3,2026-10-02T01:01:04.695736+02:00
295963717,de:11000:900093201:1:50,-0.4,2026-10-02T01:01:04.695736+02:00
295963717,de:11000:900092201:1:51,-0.2,2026-10-02T01:01:04.695736+02:00
307332428,de:11000:900029101:1:51,0.0,2026-10-02T01:01:04.695736+02:00
307332428,de:11000:900030202:1:50,-0.3,2026-10-02T01:01:04.695736+02:00
307332428,de:11000:900025424:1:51,-0.2,2026-10-02T01:01:04.695736+02:00
307332428,de:11000:900025321:1:51,-0.2,2026-10-02T01:01:04.695736+02:00
307332428,de:11000:900026105:1:50,-0.4,2026-10-02T01:01:04.695736+02:00
307332428,de:11000:900025423:1:50,-0.7,2026-10-02T01:01:04.695736+02:00
307332428,de:11000:900024102:2:53,-0.7,2026-10-02T01:01:04.695736+02:00
307332428,de:11000:900024101:3:55,-0.3,2026-10-02T01:01:04.695736+02:00
307332428,de:11000:900024203:1:51,-0.8,2026-10-02T01:01:04.695736+02:00
307332428,de:11000:900023201:3:54,-0.7,2026-10-02T01:01:04.695736+02:00
307332428,de:11000:900003103:1:50,-0.8,2026-10-02T01:01:04.695736+02:00
307332428,de:11000:900003102:1:50,-0.9,2026-10-02T01:01:04.695736+02:00
307332428,de:11000:900003201:3:54,-0.5,2026-10-02T01:01:04.695736+02:00
307332428,de:11000:900100001:3:54,-0.1,2026-10-02T01:01:04.695736+02:00
307332428,de:11000:900100002:1:50,-0.4,2026-10-02T01:01:04.695736+02:00
307332428,de:11000:900100003:2:52,-0.1,2026-10-02T01:01:04.695736+02:00
307332428,de:11000:900100004:1:50,-0.4,2026-10-02T01:01:04.695736+02:00
307332428,de:11000:900120005:4:55,-0.6,2026-10-02T01:01:04.695736+02:00
307332428,de:11000:900120004:1:50,-0.1,2026-10-02T01:01:04.695736+02:00
307332428,de:11000:900190001:1:51,-0.2,2026-10-02T01:01:04.695736+02:00
307332428,de:11000:900191002:1:50,0.0,2026-10-02T01:01:04.695736+02:00
307332428,de:11000:900191001:2:52,-0.4,2026-10-02T01:01:04.695736+02:00
307332428,de:11000:900192001:2:52,-0.7,2026-10-02T01:01:04.695736+02:00
307332428,de:11000:900193001:1:50,-0.2,2026-10-02T01:01:04.695736+02:00
307332428,de:11000:900193002:1:50,-0.8,2026-10-02T01:01:04.695736+02:00
307332428,de:11000:900195510:1:51,-0.2,2026-10-02T01:01:04.695736+02:00
307332428,de:11000:900196001:1:50,-0.4,2026-10-02T01:01:04.695736+02:00
307332428,de:12061:900260005:3:54,-0.2,2026-10-02T01:01:04.695736+02:00
307332428,de:12061:900260080:1:50,-0.7,2026-10-02T01:01:04.695736+02:00
307332428,de:12061:900260009:3:55,-0.9,2026-10-02T01:01:04.695736+02:00
307435214,de:12061:900260611:1:50,0.0,2026-10-02T01:01:04.695736+02:00
307435214,de:12061:900260019:1:50,0.0,2026-10-02T01:01:04.695736+02:00
307435214,de:12061:900261512:2:51,0.0,2026-10-02T01:01:04.695736+02:00
307435214,de:12066:900435602:2:51,0.0,2026-10-02T01:01:04.695736+02:00
307435214,de:12066:900435697:1:50,0.0,2026-10-02T01:01:04.695736+02:00
307435214,de:12066:900435884:2:51,0.0,2026-10-02T01:01:04.695736+02:00
307435214,de:12071:900445956:1:50,0.0,2026-10-02T01:01:04.695736+02:00
307435214,de:12071:900445884:1:50,0.0,2026-10-02T01:01:04.695736+02:00
307435214,de:12052:900470000:2:51,0.0,2026-10-02T01:01:04.695736+02:00
295967894,de:12061:900260009:3:55,0.0,2026-10-02T01:01:04.695736+02:00
295967894,de:12061:900260080:1:51,-0.7,2026-10-02T01:01:04.695736+02:00
295967894,de:12061:900260005:3:55,0.0,2026-10-02T01:01:04.695736+02:00
295967894,de:11000:900196001:1:51,0.0,2026-10-02T01:01:04.695736+02:00
295967894,de:11000:900195510:1:50,-0.4,2026-10-02T01:01:04.695736+02:00
295967894,de:11000:900193002:1:51,-0.6,2026-10-02T01:01:04.695736+02:00
295967894,de:11000:900193001:2:51,-0.3,2026-10-02T01:01:04.695736+02:00
295967894,de:11000:900192001:3:55,-0.2,2026-10-02T01:01:04.695736+02:00
295967894,de:11000:900191001:1:50,0.0,2026-10-02T01:01:04.695736+02:00
295967894,de:11000:900191002:1:51,-0.7,2026-10-02T01:01:04.695736+02:00
295967894,de:11000:900190001:2:53,-0.4,2026-10-02T01:01:04.695736+02:00
295967894,de:11000:900120004:2:52,-0.9,2026-10-02T01:01:04.695736+02:00
295967894,de:11000:900120005:5:57,-0.1,2026-10-02T01:01:04.695736+02:00
295967894,de:11000:900100004:1:51,-0.4,2026-10-02T01:01:04.695736+02:00
295967894,de:11000:900100003:2:53,-0.4,2026-10-02T01:01:04.695736+02:00
295967894,de:11000:900100002:1:51,-0.4,2026-10-02T01:01:04.695736+02:00
295967894,de:11000:900100001:3:55,-0.4,2026-10-02T01:01:04.695736+02:00
295967894,de:11000:900003201:3:55,-0.1,2026-10-02T01:01:04.695736+02:00
295967894,de:11000:900003102:1:51,-0.8,2026-10-02T01:01:04.695736+02:00
295967894,de:11000:900003103:1:51,-0.9,2026-10-02T01:01:04.695736+02:00
295967894,de:11000:900023201:3:55,-0.8,2026-10-02T01:01:04.695736+02:00
295967894,de:11000:900024203:1:51,-0.8,2026-10-02T01:01:04.695736+02:00
295967894,de:11000:900024101:4:57,-0.8,2026-10-02T01:01:04.695736+02:00
295967894,de:11000:900024102:1:50,-0.1,2026-10-02T01:01:04.695736+02:00
295967894,de:11000:900025423:1:50,-0.4,2026-10-02T01:01:04.695736+02:00
295967894,de:11000:900026105:1:50,-0.7,2026-10-02T01:01:04.695736+02:00
295967894,de:11000:900025321:1:50,-0.3,2026-10-02T01:01:04.695736+02:00
295967894,de:11000:900025424:1:50,-0.3,2026-10-02T01:01:04.695736+02:00
295967894,de:11000:900030202:1:50,-0.9,2026-10-02T01:01:04.695736+02:00
295967894,de:11000:900029101:1:51,-0.9,2026-10-02T01:01:04.695736+02:00
307435173,de:11000:900192001:1:50,0.0,2026-10-02T01:01:04.695736+02:00
307435173,de:12061:900260005:2:52,0.0,2026-10-02T01:01:04.695736+02:00
306895691,de:12067:900310807::1,0.0,2026-10-02T01:01:04.695736+02:00
306895691,de:12067:900310815::2,0.0,2026-10-02T01:01:04.695736+02:00
306895691,de:12067:900310880::2,0.0,2026-10-02T01:01:04.695736+02:00
306895691,de:12067:900310010::2,0.0,2026-10-02T01:01:04.695736+02:00
306895691,de:12067:900310770::2,0.0,2026-10-02T01:01:04.695736+02:00
306895691,de:12067:900310812::2,0.0,2026-10-02T01:01:04.695736+02:00
306895691,de:12067:900310630::2,0.0,2026-10-02T01:01:04.695736+02:00
306895691,de:12067:900310811::2,0.0,2026-10-02T01:01:04.695736+02:00
306895691,de:12067:900310771::2,0.0,2026-10-02T01:01:04.695736+02:00
306895691,de:12067:900310822::2,0.0,2026-10-02T01:01:04.695736+02:00
306895691,de:12067:900310781::2,0.0,2026-10-02T01:01:04.695736+02:00
306895691,de:12067:900310627::2,-0.5,2026-10-02T01:01:04.695736+02:00
306895691,de:12067:900310816::2,0.0,2026-10-02T01:01:04.695736+02:00
306895691,de:12067:900310022::1,0.0,2026-10-02T01:01:04.695736+02:00
306895691,de:12067:900310001::11,0.0,2026-10-02T01:01:04.695736+02:00
306895691,de:12067:900310001::1,0.0,2026-10-02T01:01:04.695736+02:00
306895691,de:12067:900311149::1,0.0,2026-10-02T01:01:04.695736+02:00
306895691,de:12067:900311135::1,0.0,2026-10-02T01:01:04.695736+02:00
306895691,de:12067:900311150::1,0.0,2026-10-02T01:01:04.695736+02:00
306895691,de:12067:900310804::1,0.0,2026-10-02T01:01:04.695736+02:00
306895691,de:12067:900310814::1,0.0,2026-10-02T01:01:04.695736+02:00
306895691,de:12067:900311083::3,0.0,2026-10-02T01:01:04.695736+02:00
306046373,de:11000:900175010::4,0.0,2026-10-02T01:01:04.695736+02:00
306046373,de:12064:900320520::1,0.0,2026-10-02T01:01:04.695736+02:00
306046373,de:11000:900320502::1,0.0,2026-10-02T01:01:04.695736+02:00
306046373,de:11000:900176011::1,0.0,2026-10-02T01:01:04.695736+02:00
306046373,de:11000:900176519::1,0.0,2026-10-02T01:01:04.695736+02:00
306046373,de:12064:900320026::1,0.0,2026-10-02T01:01:04.695736+02:00
306046373,de:12064:900320501::1,0.0,2026-10-02T01:01:04.695736+02:00
306046373,de:12064:900320019::1,0.0,2026-10-02T01:01:04.695736+02:00
306046373,de:12064:900320018::1,0.0,2026-10-02T01:01:04.695736+02:00
306046373,de:12064:900320034::1,0.0,2026-10-02T01:01:04.695736+02:00
306046373,de:12064:900320028::1,0.0,2026-10-02T01:01:04.695736+02:00
306049342,de:12064:900320005::2,0.0,2026-10-02T01:01:04.695736+02:00
306049342,de:12064:900320635::2,0.0,2026-10-02T01:01:04.695736+02:00
306049342,de:12064:900320611::2,0.0,2026-10-02T01:01:04.695736+02:00
306049342,de:12064:900320631::2,0.0,2026-10-02T01:01:04.695736+02:00
306049342,de:12064:900320701::2,0.0,2026-10-02T01:01:04.695736+02:00
306049342,de:12064:900320700::2,0.0,2026-10-02T01:01:04.695736+02:00
306049342,de:12064:900320684::2,0.0,2026-10-02T01:01:04.695736+02:00
306049342,de:12064:900320703::2,0.0,2026-10-02T01:01:04.695736+02:00
306049342,de:12064:900320683::2,0.0,2026-10-02T01:01:04.695736+02:00
306049342,de:12064:900320688::2,0.0,2026-10-02T01:01:04.695736+02:00
306049342,de:12064:900320677::2,0.0,2026-10-02T01:01:04.695736+02:00
306049342,de:12064:900320687::2,0.0,2026-10-02T01:01:04.695736+02:00
306049342,de:12064:900320681::2,0.0,2026-10-02T01:01:04.695736+02:00
306049342,de:12064:900320676::2,0.0,2026-10-02T01:01:04.695736+02:00
306049342,de:12064:900320009::1,0.0,2026-10-02T01:01:04.695736+02:00
295879446,de:11000:900053301:2:52,0.0,2026-10-02T01:01:04.695736+02:00
295879446,de:11000:900052201:1:51,0.0,2026-10-02T01:01:04.695736+02:00
295879446,de:11000:900050355:1:51,-0.3,2026-10-02T01:01:04.695736+02:00
295879446,de:11000:900050301:1:51,-0.4,2026-10-02T01:01:04.695736+02:00
295879446,de:11000:900049201:1:51,0.0,2026-10-02T01:01:04.695736+02:00
295879446,de:11000:900049202:1:51,0.0,2026-10-02T01:01:04.695736+02:00
295879446,de:11000:900066101:1:51,-0.3,2026-10-02T01:01:04.695736+02:00
295879446,de:11000:900066102:1:51,-0.2,2026-10-02T01:01:04.695736+02:00
295879446,de:11000:900062202:1:51,-0.2,2026-10-02T01:01:04.695736+02:00
295879446,de:11000:900063101:1:51,-0.2,2026-10-02T01:01:04.695736+02:00
295879446,de:11000:900060101:1:51,-0.9,2026-10-02T01:01:04.695736+02:00
295879446,de:11000:900054104:1:51,-0.9,2026-10-02T01:01:04.695736+02:00
295879446,de:11000:900057104:1:50,-0.4,2026-10-02T01:01:04.695736+02:00
295879446,de:11000:900057102:1:51,-0.1,2026-10-02T01:01:04.695736+02:00
295879446,de:11000:900012101:2:52,-0.9,2026-10-02T01:01:04.695736+02:00
295879446,de:11000:900100020:4:57,-0.3,2026-10-02T01:01:04.695736+02:00
295879446,de:11000:900100025:1:51,-0.4,2026-10-02T01:01:04.695736+02:00
295879446,de:11000:900100001:4:57,-0.1,2026-10-02T01:01:04.695736+02:00
295879446,de:11000:900100007:1:51,-0.2,2026-10-02T01:01:04.695736+02:00
295879446,de:11000:900007104:2:52,-0.2,2026-10-02T01:01:04.695736+02:00
295879446,de:11000:900008101:1:51,-0.9,2026-10-02T01:01:04.695736+02:00
295879446,de:11000:900007102:2:53,-0.6,2026-10-02T01:01:04.695736+02:00
295879446,de:11000:900110011:2:53,-0.9,2026-10-02T01:01:04.695736+02:00
295879446,de:11000:900085201:1:50,-0.9,2026-10-02T01:01:04.695736+02:00
295879446,de:11000:900084101:1:50,-0.7,2026-10-02T01:01:04.695736+02:00
295879446,de:11000:900096101:1:50,-0.8,2026-10-02T01:01:04.695736+02:00
295879446,de:11000:900094101:1:50,-0.1,2026-10-02T01:01:04.695736+02:00
295879446,de:11000:900093201:1:50,-0.4,2026-10-02T01:01:04.695736+02:00
295879446,de:11000:900092201:1:50,-0.2,2026-10-02T01:01:04.695736+02:00
295879446,de:12065:900200009:1:50,-0.7,2026-10-02T01:01:04.695736+02:00
295879446,de:12065:900200008:1:50,-0.7,2026-10-02T01:01:04.695736+02:00
295879446,de:12065:900200007:1:50,-0.2,2026-10-02T01:01:04.695736+02:00
295879446,de:12065:900200006:1:50,-0.5,2026-10-02T01:01:04.695736+02:00
295879446,de:12065:900200005:3:1,-0.9,2026-10-02T01:01:04.695736+02:00
295879282,de:12065:900200005:3:1,0.0,2026-10-02T01:01:04.695736+02:00
295879282,de:12065:900200006:1:51,-0.3,2026-10-02T01:01:04.695736+02:00
295879282,de:12065:900200007:1:51,-0.7,2026-10-02T01:01:04.695736+02:00
295879282,de:12065:900200008:1:51,-0.2,2026-10-02T01:01:04.695736+02:00
295879282,de:12065:900200009:1:51,-0.1,2026-10-02T01:01:04.695736+02:00
295879282,de:11000:900092201:1:51,-0.7,2026-10-02T01:01:04.695736+02:00
295879282,de:11000:900093201:1:51,-0.4,2026-10-02T01:01:04.695736+02:00
295879282,de:11000:900094101:1:51,-0.8,2026-10-02T01:01:04.695736+02:00
295879282,de:11000:900096101:1:51,-0.1,2026-10-02T01:01:04.695736+02:00
295879282,de:11000:900084101:1:51,-0.2,2026-10-02T01:01:04.695736+02:00
295879282,de:11000:900085201:1:51,-0.8,2026-10-02T01:01:04.695736+02:00
295879282,de:11000:900130003:1:51,-0.8,2026-10-02T01:01:04.695736+02:00
295879282,de:11000:900110011:1:50,-0.9,2026-10-02T01:01:04.695736+02:00
295879282,de:11000:900007102:1:50,-0.9,2026-10-02T01:01:04.695736+02:00
295879282,de:11000:900008101:1:50,0.0,2026-10-02T01:01:04.695736+02:00
295879282,de:11000:900007104:1:51,-0.7,2026-10-02T01:01:04.695736+02:00
295879282,de:11000:900100007:1:50,-0.7,2026-10-02T01:01:04.695736+02:00
295879282,de:11000:900100001:4:56,-0.5,2026-10-02T01:01:04.695736+02:00
295879282,de:11000:900100025:1:50,-0.4,2026-10-02T01:01:04.695736+02:00
295879282,de:11000:900100020:3:54,-0.4,2026-10-02T01:01:04.695736+02:00
295879282,de:11000:900012101:1:51,-0.5,2026-10-02T01:01:04.695736+02:00
295879282,de:11000:900057102:1:50,-0.7,2026-10-02T01:01:04.695736+02:00
295879282,de:11000:900057104:2:51,-0.4,2026-10-02T01:01:04.695736+02:00
295879282,de:11000:900054104:1:50,-0.3,2026-10-02T01:01:04.695736+02:00
295879282,de:11000:900060101:1:50,-0.3,2026-10-02T01:01:04.695736+02:00
295879282,de:11000:900063101:1:50,-0.1,2026-10-02T01:01:04.695736+02:00
295879282,de:11000:900062202:1:50,-0.1,2026-10-02T01:01:04.695736+02:00
295879282,de:11000:900066102:1:50,-0.2,2026-10-02T01:01:04.695736+02:00
295879282,de:11000:900066101:1:50,-0.1,2026-10-02T01:01:04.695736+02:00
295879282,de:11000:900049202:1:50,-0.3,2026-10-02T01:01:04.695736+02:00
295879282,de:11000:900049201:1:50,-0.4,2026-10-02T01:01:04.695736+02:00
295879282,de:11000:900050301:1:50,0.0,2026-10-02T01:01:04.695736+02:00
295879282,de:11000:900050355:1:50,-0.1,2026-10-02T01:01:04.695736+02:00
295879282,de:11000:900052201:1:50,-0.5,2026-10-02T01:01:04.695736+02:00
295879282,de:11000:900053301:1:51,-0.9,2026-10-02T01:01:04.695736+02:00
306895884,de:12067:900310001::5,0.0,2026-10-02T01:01:04.695736+02:00
306895884,de:12067:900311149::1,0.0,2026-10-02T01:01:04.695736+02:00
306895884,de:12067:900310781::1,0.0,2026-10-02T01:01:04.695736+02:00
306895884,de:12067:900310789::1,0.0,2026-10-02T01:01:04.695736+02:00
306895884,de:12067:900310797::1,0.0,2026-10-02T01:01:04.695736+02:00
306895884,de:12067:900310773::1,0.0,2026-10-02T01:01:04.695736+02:00
306895884,de:12067:900311115::1,0.0,2026-10-02T01:01:04.695736+02:00
306895301,de:12061:900261210::1,0.0,2026-10-02T01:01:04.695736+02:00
306895301,de:12061:900261208::2,0.0,2026-10-02T01:01:04.695736+02:00
306895301,de:12061:900261734::1,0.0,2026-10-02T01:01:04.695736+02:00
306895301,de:12067:900310934::2,0.0,2026-10-02T01:01:04.695736+02:00
306895301,de:12067:900311068::2,0.0,2026-10-02T01:01:04.695736+02:00
306895301,de:12067:900311003::1,0.0,2026-10-02T01:01:04.695736+02:00
306895301,de:12067:900310744::1,0.0,2026-10-02T01:01:04.695736+02:00
306895301,de:12067:900310907::1,0.0,2026-10-02T01:01:04.695736+02:00
306895301,de:12061:900261694::1,0.0,2026-10-02T01:01:04.695736+02:00
306895301,de:12067:900311081::1,0.0,2026-10-02T01:01:04.695736+02:00
306895301,de:12067:900310907::2,0.0,2026-10-02T01:01:04.695736+02:00
306895301,de:12067:900310905::1,0.0,2026-10-02T01:01:04.695736+02:00
306895301,de:12067:900310906::2,0.0,2026-10-02T01:01:04.695736+02:00
306895301,de:12067:900310826::2,0.0,2026-10-02T01:01:04.695736+02:00
306895301,de:12067:900311065::1,0.0,2026-10-02T01:01:04.695736+02:00
306895301,de:12067:900311063::1,0.0,2026-10-02T01:01:04.695736+02:00
306895301,de:12067:900311062::1,0.0,2026-10-02T01:01:04.695736+02:00
306895301,de:12067:900310987::2,0.0,2026-10-02T01:01:04.695736+02:00
306895301,de:12067:900310986::2,0.0,2026-10-02T01:01:04.695736+02:00
306895301,de:12067:900310984::1,0.0,2026-10-02T01:01:04.695736+02:00
306895301,de:12067:900310716::2,0.0,2026-10-02T01:01:04.695736+02:00
306895301,de:12067:900310942::2,0.0,2026-10-02T01:01:04.695736+02:00
306895301,de:12067:900310721::1,0.0,2026-10-02T01:01:04.695736+02:00
306895301,de:12067:900310755::2,0.0,2026-10-02T01:01:04.695736+02:00
306895301,de:12067:900310728::2,0.0,2026-10-02T01:01:04.695736+02:00
306895301,de:12067:900311129::6,0.0,2026-10-02T01:01:04.695736+02:00
306895989,de:12067:900310581::2,0.0,2026-10-02T01:01:04.695736+02:00
306895989,de:12067:900310573::2,0.0,2026-10-02T01:01:04.695736+02:00
306895989,de:12067:900310560::2,0.0,2026-10-02T01:01:04.695736+02:00
306895989,de:12067:900310563::4,0.0,2026-10-02T01:01:04.695736+02:00
306895989,de:12067:900310013::2,0.0,2026-10-02T01:01:04.695736+02:00
306895989,de:12067:900310572::1,0.0,2026-10-02T01:01:04.695736+02:00
306895989,de:11000:900310550::1,0.0,2026-10-02T01:01:04.695736+02:00
306895989,de:12067:900310534::1,0.0,2026-10-02T01:01:04.695736+02:00
306895989,de:12067:900310580::2,0.0,2026-10-02T01:01:04.695736+02:00
306895989,de:12067:900310578::4,0.0,2026-10-02T01:01:04.695736+02:00
306895989,de:12067:900310508::2,0.0,2026-10-02T01:01:04.695736+02:00
306895989,de:12067:900310509::2,0.0,2026-10-02T01:01:04.695736+02:00
306895989,de:12067:900310017::3,0.0,2026-10-02T01:01:04.695736+02:00
306895989,de:12064:900320267::1,0.0,2026-10-02T01:01:04.695736+02:00
306895989,de:12064:900320250::1,0.0,2026-10-02T01:01:04.695736+02:00
295883495,de:11000:900100020:3:55,0.0,2026-10-02T01:01:04.695736+02:00
295883495,de:11000:900012101:1:51,-0.5,2026-10-02T01:01:04.695736+02:00
295883495,de:11000:900057102:1:50,-0.7,2026-10-02T01:01:04.695736+02:00
295883495,de:11000:900057104:2:51,-0.4,2026-10-02T01:01:04.695736+02:00
295883495,de:11000:900054104:1:50,-0.3,2026-10-02T01:01:04.695736+02:00
295883495,de:11000:900060101:1:50,-0.3,2026-10-02T01:01:04.695736+02:00
295883495,de:11000:900063101:1:50,-0.1,2026-10-02T01:01:04.695736+02:00
295883495,de:11000:900062202:1:50,-0.1,2026-10-02T01:01:04.695736+02:00
295883495,de:11000:900066102:1:50,-0.2,2026-10-02T01:01:04.695736+02:00
295883495,de:11000:900066101:1:50,-0.1,2026-10-02T01:01:04.695736+02:00
295883495,de:11000:900049202:1:50,-0.3,2026-10-02T01:01:04.695736+02:00
295883495,de:11000:900049201:1:50,-0.4,2026-10-02T01:01:04.695736+02:00
295883529,de:11000:900049201:1:51,0.0,2026-10-02T01:01:04.695736+02:00
295883529,de:11000:900049202:1:51,0.0,2026-10-02T01:01:04.695736+02:00
295883529,de:11000:900066101:1:51,-0.3,2026-10-02T01:01:04.695736+02:00
295883529,de:11000:900066102:1:51,-0.2,2026-10-02T01:01:04.695736+02:00
295883529,de:11000:900062202:1:51,-0.2,2026-10-02T01:01:04.695736+02:00
295883529,de:11000:900063101:1:51,-0.2,2026-10-02T01:01:04.695736+02:00
295883529,de:11000:900060101:1:51,-0.9,2026-10-02T01:01:04.695736+02:00
295883529,de:11000:900054104:1:51,-0.9,2026-10-02T01:01:04.695736+02:00
295883529,de:11000:900057104:1:50,-0.4,2026-10-02T01:01:04.695736+02:00
295883529,de:11000:900057102:1:51,-0.1,2026-10-02T01:01:04.695736+02:00
295883529,de:11000:900012101:2:52,-0.8,2026-10-02T01:01:04.695736+02:00
295883529,de:11000:900100020:4:57,-0.9,2026-10-02T01:01:04.695736+02:00
306896294,de:12067:900310013::3,0.0,2026-10-02T01:01:04.695736+02:00
306896294,de:12067:900310563::3,0.0,2026-10-02T01:01:04.695736+02:00
306896294,de:12067:900310559::1,0.0,2026-10-02T01:01:04.695736+02:00
306896294,de:12067:900310558::1,0.0,2026-10-02T01:01:04.695736+02:00
306896294,de:12067:900310556::1,0.0,2026-10-02T01:01:04.695736+02:00
306896294,de:12067:900310621::1,0.0,2026-10-02T01:01:04.695736+02:00
306896294,de:12067:900310568::1,0.0,2026-10-02T01:01:04.695736+02:00
306896294,de:12067:900310955::1,0.0,2026-10-02T01:01:04.695736+02:00
306896294,de:12067:900310950::1,0.0,2026-10-02T01:01:04.695736+02:00
306896294,de:12061:900260165::2,0.0,2026-10-02T01:01:04.695736+02:00
306896294,de:12061:900260169::3,0.0,2026-10-02T01:01:04.695736+02:00
306896294,de:12061:900260166::2,0.0,2026-10-02T01:01:04.695736+02:00
306896294,de:12061:900260171::2,0.0,2026-10-02T01:01:04.695736+02:00
306896294,de:12061:900260168::2,0.0,2026-10-02T01:01:04.695736+02:00
306896294,de:12061:900260167::2,0.0,2026-10-02T01:01:04.695736+02:00
306896294,de:12061:900260170::2,0.0,2026-10-02T01:01:04.695736+02:00
306896294,de:12061:900261050::1,0.0,2026-10-02T01:01:04.695736+02:00
306896294,de:12061:900261051::2,0.0,2026-10-02T01:01:04.695736+02:00
306896294,de:12061:900261048::2,0.0,2026-10-02T01:01:04.695736+02:00
306896294,de:12061:900261047::2,0.0,2026-10-02T01:01:04.695736+02:00
306896294,de:12061:900260889::2,0.0,2026-10-02T01:01:04.695736+02:00
306896294,de:12061:900260888::2,0.0,2026-10-02T01:01:04.695736+02:00
306896294,de:12061:900260886::2,0.0,2026-10-02T01:01:04.695736+02:00
306896294,de:12061:900260887::2,0.0,2026-10-02T01:01:04.695736+02:00
306896294,de:12061:900260890::2,0.0,2026-10-02T01:01:04.695736+02:00
306896294,de:12061:900260798::2,0.0,2026-10-02T01:01:04.695736+02:00
306896294,de:12061:900260001::8,0.0,2026-10-02T01:01:04.695736+02:00
307252206,de:11000:900007102:1:51,0.0,2026-10-02T01:01:04.695736+02:00
307252206,de:11000:900009104:1:51,-0.8,2026-10-02T01:01:04.695736+02:00
307252206,de:11000:900003200:5:58,-0.7,2026-10-02T01:01:04.695736+02:00
307252325,de:11000:900003200:5:58,0.0,2026-10-02T01:01:04.695736+02:00
307252325,de:11000:900009104:1:50,-0.8,2026-10-02T01:01:04.695736+02:00
307252325,de:11000:900007102:2:52,-0.4,2026-10-02T01:01:04.695736+02:00
306896681,de:12067:900310001::4,0.0,2026-10-02T01:01:04.695736+02:00
306896681,de:12067:900310816::1,0.0,2026-10-02T01:01:04.695736+02:00
306896681,de:12067:900310627::1,0.0,2026-10-02T01:01:04.695736+02:00
306896681,de:12067:900310781::1,0.0,2026-10-02T01:01:04.695736+02:00
306896681,de:12067:900310822::1,0.0,2026-10-02T01:01:04.695736+02:00
306896681,de:12067:900310808::1,0.0,2026-10-02T01:01:04.695736+02:00
306896681,de:12067:900310779::1,0.0,2026-10-02T01:01:04.695736+02:00
306896681,de:12067:900310995::2,0.0,2026-10-02T01:01:04.695736+02:00
306896681,de:12067:900310992::1,-0.5,2026-10-02T01:01:04.695736+02:00
306896681,de:12067:900310989::1,0.0,2026-10-02T01:01:04.695736+02:00
306896681,de:12067:900310990::1,0.0,2026-10-02T01:01:04.695736+02:00
306896681,de:12067:900310991::1,0.0,2026-10-02T01:01:04.695736+02:00
306896681,de:12067:900310904::1,0.0,2026-10-02T01:01:04.695736+02:00
306896681,de:12067:900311118::1,0.0,2026-10-02T01:01:04.695736+02:00
306896681,de:12067:900310966::1,0.0,2026-10-02T01:01:04.695736+02:00
306896681,de:12067:900310997::1,0.0,2026-10-02T01:01:04.695736+02:00
306896681,de:12067:900310998::1,0.0,2026-10-02T01:01:04.695736+02:00
306896681,de:12067:900310997::2,0.0,2026-10-02T01:01:04.695736+02:00
306896681,de:12067:900310966::2,0.0,2026-10-02T01:01:04.695736+02:00
306896681,de:12067:900311118::2,0.0,2026-10-02T01:01:04.695736+02:00
306896681,de:12067:900311059::1,0.0,2026-10-02T01:01:04.695736+02:00
306896681,de:12067:900311110::3,0.0,2026-10-02T01:01:04.695736+02:00
306896681,de:12067:900311058::1,0.0,2026-10-02T01:01:04.695736+02:00
306896681,de:12067:900310611::2,0.0,2026-10-02T01:01:04.695736+02:00
306896760,de:12067:900310013::5,0.0,2026-10-02T01:01:04.695736+02:00
306896760,de:12067:900310557::3,0.0,2026-10-02T01:01:04.695736+02:00
306896760,de:12067:900310555::1,0.0,2026-10-02T01:01:04.695736+02:00
306896760,de:12067:900311114::1,0.0,2026-10-02T01:01:04.695736+02:00
306896760,de:12067:900310002::7,0.0,2026-10-02T01:01:04.695736+02:00
306896760,de:12067:900310864::1,0.0,2026-10-02T01:01:04.695736+02:00
306896760,de:12067:900310861::1,0.0,2026-10-02T01:01:04.695736+02:00
306896760,de:12067:900311157::2,0.0,2026-10-02T01:01:04.695736+02:00
306896760,de:12067:900310860::2,0.0,2026-10-02T01:01:04.695736+02:00
306896760,de:12067:900311125::2,0.0,2026-10-02T01:01:04.695736+02:00
306896760,de:12067:900310936::2,0.0,2026-10-02T01:01:04.695736+02:00
306896760,de:12067:900310788::2,0.0,2026-10-02T01:01:04.695736+02:00
306896760,de:12067:900310696::2,0.0,2026-10-02T01:01:04.695736+02:00
306896760,de:12067:900310001::11,0.0,2026-10-02T01:01:04.695736+02:00
295882566,de:11000:900053301:2:52,0.0,2026-10-02T01:01:04.695736+02:00
295882566,de:11000:900052201:1:51,0.0,2026-10-02T01:01:04.695736+02:00
295882566,de:11000:900050355:1:51,-0.3,2026-10-02T01:01:04.695736+02:00
295882566,de:11000:900050301:1:51,-0.4,2026-10-02T01:01:04.695736+02:00
295882566,de:11000:900049201:1:51,0.0,2026-10-02T01:01:04.695736+02:00
295882566,de:11000:900049202:1:51,0.0,2026-10-02T01:01:04.695736+02:00
295882566,de:11000:900066101:1:51,-0.3,2026-10-02T01:01:04.695736+02:00
295882566,de:11000:900066102:1:51,-0.2,2026-10-02T01:01:04.695736+02:00
295882566,de:11000:900062202:1:51,-0.2,2026-10-02T01:01:04.695736+02:00
295882566,de:11000:900063101:1:51,-0.2,2026-10-02T01:01:04.695736+02:00
295882566,de:11000:900060101:1:51,-0.9,2026-10-02T01:01:04.695736+02:00
295882566,de:11000:900054104:1:51,-0.9,2026-10-02T01:01:04.695736+02:00
295882566,de:11000:900057104:1:50,-0.4,2026-10-02T01:01:04.695736+02:00
295882566,de:11000:900057102:1:51,-0.1,2026-10-02T01:01:04.695736+02:00
295882566,de:11000:900012101:2:52,-0.9,2026-10-02T01:01:04.695736+02:00
295882566,de:11000:900100020:4:57,-0.3,2026-10-02T01:01:04.695736+02:00
295882566,de:11000:900100025:1:51,-0.4,2026-10-02T01:01:04.695736+02:00
295882566,de:11000:900100001:4:57,-0.1,2026-10-02T01:01:04.695736+02:00
295882566,de:11000:900100007:1:51,-0.2,2026-10-02T01:01:04.695736+02:00
295882566,de:11000:900007104:2:52,-0.2,2026-10-02T01:01:04.695736+02:00
295882566,de:11000:900008101:1:51,-0.9,2026-10-02T01:01:04.695736+02:00
295882566,de:11000:900007102:2:53,-0.6,2026-10-02T01:01:04.695736+02:00
295882566,de:11000:900110011:2:53,-0.9,2026-10-02T01:01:04.695736+02:00
295882566,de:11000:900085201:1:50,-0.9,2026-10-02T01:01:04.695736+02:00
295882566,de:11000:900084101:1:50,-0.7,2026-10-02T01:01:04.695736+02:00
295882566,de:11000:900096101:1:50,-0.8,2026-10-02T01:01:04.695736+02:00
295882566,de:11000:900094101:1:50,-0.1,2026-10-02T01:01:04.695736+02:00
295882566,de:11000:900093201:1:50,-0.4,2026-10-02T01:01:04.695736+02:00
295882566,de:11000:900092201:1:50,-0.2,2026-10-02T01:01:04.695736+02:00
306897200,de:12067:900311308::5,0.0,2026-10-02T01:01:04.695736+02:00
306897200,de:12067:900311335::1,0.0,2026-10-02T01:01:04.695736+02:00
306897200,de:12067:900311341::1,0.0,2026-10-02T01:01:04.695736+02:00
306897200,de:12067:900311345::1,0.0,2026-10-02T01:01:04.695736+02:00
306897200,de:12067:900311359::1,0.0,2026-10-02T01:01:04.695736+02:00
306897200,de:12067:900310027::1,0.0,2026-10-02T01:01:04.695736+02:00
306897200,de:12067:900311317::1,0.0,2026-10-02T01:01:04.695736+02:00
306897200,de:12067:900311384::1,0.0,2026-10-02T01:01:04.695736+02:00
306897200,de:12067:900311316::1,0.0,2026-10-02T01:01:04.695736+02:00
306897200,de:12067:900311376::1,0.0,2026-10-02T01:01:04.695736+02:00
306897200,de:12067:900311377::1,0.0,2026-10-02T01:01:04.695736+02:00
306897200,de:12067:900311349::1,0.0,2026-10-02T01:01:04.695736+02:00
306897200,de:12067:900311371::1,0.0,2026-10-02T01:01:04.695736+02:00
306897200,de:12067:900311364::1,0.0,2026-10-02T01:01:04.695736+02:00
306897200,de:12067:900310601::1,0.0,2026-10-02T01:01:04.695736+02:00
306897200,de:12067:900311511::1,0.0,2026-10-02T01:01:04.695736+02:00
306897200,de:12067:900311513::2,0.0,2026-10-02T01:01:04.695736+02:00
306897200,de:12067:900311513::1,0.0,2026-10-02T01:01:04.695736+02:00
306897200,de:12067:900311613::1,0.0,2026-10-02T01:01:04.695736+02:00
306897200,de:12067:900311616::1,0.0,2026-10-02T01:01:04.695736+02:00
306897200,de:12067:900311614::1,0.0,2026-10-02T01:01:04.695736+02:00
306897200,de:12067:900311612::1,0.0,2026-10-02T01:01:04.695736+02:00
306897200,de:12067:900311617::1,0.0,2026-10-02T01:01:04.695736+02:00
306897200,de:12067:900311615::1,0.0,2026-10-02T01:01:04.695736+02:00
306897200,de:12067:900311541::1,0.0,2026-10-02T01:01:04.695736+02:00
306897200,de:12067:900311541::2,0.0,2026-10-02T01:01:04.695736+02:00
306897200,de:12067:900311615::2,0.0,2026-10-02T01:01:04.695736+02:00
306897200,de:12067:900311230::1,0.0,2026-10-02T01:01:04.695736+02:00
306897200,de:12067:900311251::1,0.0,2026-10-02T01:01:04.695736+02:00
306897200,de:12067:900311567::1,0.0,2026-10-02T01:01:04.695736+02:00
306897200,de:12067:900311565::2,0.0,2026-10-02T01:01:04.695736+02:00
306897209,de:12067:900311308::5,0.0,2026-10-02T01:01:04.695736+02:00
306897209,de:12067:900311380::1,0.0,2026-10-02T01:01:04.695736+02:00
306897209,de:12067:900311348::1,0.0,2026-10-02T01:01:04.695736+02:00
306897209,de:12067:900311315::1,0.0,2026-10-02T01:01:04.695736+02:00
306897209,de:12067:900311383::1,0.0,2026-10-02T01:01:04.695736+02:00
306897209,de:12067:900311305::1,0.0,2026-10-02T01:01:04.695736+02:00
306897209,de:12067:900311320::1,0.0,2026-10-02T01:01:04.695736+02:00
306897209,de:12067:900311354::2,0.0,2026-10-02T01:01:04.695736+02:00
306897209,de:12067:900311352::2,0.0,2026-10-02T01:01:04.695736+02:00
306897209,de:12067:900311336::2,0.0,2026-10-02T01:01:04.695736+02:00
306897209,de:12067:900311371::1,0.0,2026-10-02T01:01:04.695736+02:00
306897209,de:12067:900311364::1,0.0,2026-10-02T01:01:04.695736+02:00
306897209,de:12067:900311460::1,0.0,2026-10-02T01:01:04.695736+02:00
306897209,de:12067:900310601::1,0.0,2026-10-02T01:01:04.695736+02:00
306897209,de:12067:900311511::1,0.0,2026-10-02T01:01:04.695736+02:00
306897209,de:12067:900311513::2,0.0,2026-10-02T01:01:04.695736+02:00
306897209,de:12067:900311513::1,0.0,2026-10-02T01:01:04.695736+02:00
306897209,de:12067:900311568::1,0.0,2026-10-02T01:01:04.695736+02:00
306897209,de:12067:900311613::1,0.0,2026-10-02T01:01:04.695736+02:00
306897209,de:12067:900311616::1,0.0,2026-10-02T01:01:04.695736+02:00
306897209,de:12067:900311614::1,0.0,2026-10-02T01:01:04.695736+02:00
306897209,de:12067:900311612::1,0.0,2026-10-02T01:01:04.695736+02:00
306897209,de:12067:900311617::1,0.0,2026-10-02T01:01:04.695736+02:00
306897209,de:12067:900311615::1,0.0,2026-10-02T01:01:04.695736+02:00
306897209,de:12067:900311541::1,0.0,2026-10-02T01:01:04.695736+02:00
306897209,de:12067:900311541::2,0.0,2026-10-02T01:01:04.695736+02:00
306897209,de:12067:900311615::2,0.0,2026-10-02T01:01:04.695736+02:00
306897209,de:12067:900311230::1,0.0,2026-10-02T01:01:04.695736+02:00
306897209,de:12067:900311251::1,0.0,2026-10-02T01:01:04.695736+02:00
306897209,de:12067:900311567::1,0.0,2026-10-02T01:01:04.695736+02:00
306897209,de:12067:900311565::2,0.0,2026-10-02T01:01:04.695736+02:00
306896382,de:12067:900311129::4,0.0,2026-10-02T01:01:04.695736+02:00
306896382,de:12067:900310755::2,0.0,2026-10-02T01:01:04.695736+02:00
306896382,de:12067:900310728::3,0.0,2026-10-02T01:01:04.695736+02:00
306896382,de:12067:900310727::3,0.0,2026-10-02T01:01:04.695736+02:00
306896382,de:12067:900310942::1,0.0,2026-10-02T01:01:04.695736+02:00
306896382,de:12067:900310716::1,0.0,2026-10-02T01:01:04.695736+02:00
306896382,de:12067:900310740::1,0.0,2026-10-02T01:01:04.695736+02:00
306896382,de:12067:900310739::2,0.0,2026-10-02T01:01:04.695736+02:00
306896382,de:12067:900310747::2,0.0,2026-10-02T01:01:04.695736+02:00
306896382,de:12067:900310924::2,0.0,2026-10-02T01:01:04.695736+02:00
306896382,de:12067:900310925::1,0.0,2026-10-02T01:01:04.695736+02:00
306896382,de:12067:900310600::2,0.0,2026-10-02T01:01:04.695736+02:00
306896382,de:12067:900310829::1,0.0,2026-10-02T01:01:04.695736+02:00
306896382,de:12067:900310827::2,0.0,2026-10-02T01:01:04.695736+02:00
306896382,de:12067:900310982::1,0.0,2026-10-02T01:01:04.695736+02:00
306896382,de:12067:900310757::2,0.0,2026-10-02T01:01:04.695736+02:00
306896382,de:12067:900310756::2,0.0,2026-10-02T01:01:04.695736+02:00
306896382,de:12067:900310118::2,0.0,2026-10-02T01:01:04.695736+02:00
306896382,de:12067:900310100::2,0.0,2026-10-02T01:01:04.695736+02:00
306896382,de:12067:900310108::2,0.0,2026-10-02T01:01:04.695736+02:00
306896382,de:12067:900310111::2,0.0,2026-10-02T01:01:04.695736+02:00
306896382,de:12067:900310101::2,0.0,2026-10-02T01:01:04.695736+02:00
306896382,de:12067:900310112::2,0.0,2026-10-02T01:01:04.695736+02:00
306896382,de:12067:900310109::1,0.0,2026-10-02T01:01:04.695736+02:00
306896382,de:12067:900310040::2,0.0,2026-10-02T01:01:04.695736+02:00
306895369,de:12067:900310611::1,0.0,2026-10-02T01:01:04.695736+02:00
306895369,de:12067:900311058::2,0.0,2026-10-02T01:01:04.695736+02:00
306895369,de:12067:900311110::4,0.0,2026-10-02T01:01:04.695736+02:00
306895369,de:12067:900311055::1,0.0,2026-10-02T01:01:04.695736+02:00
306895369,de:12067:900311054::1,0.0,2026-10-02T01:01:04.695736+02:00
306895369,de:12067:900311110::1,0.0,2026-10-02T01:01:04.695736+02:00
306895369,de:12067:900311059::2,0.0,2026-10-02T01:01:04.695736+02:00
306895369,de:12067:900311069::1,0.0,2026-10-02T01:01:04.695736+02:00
306895369,de:12067:900311118::1,0.0,2026-10-02T01:01:04.695736+02:00
306895369,de:12067:900310966::1,0.0,2026-10-02T01:01:04.695736+02:00
306895369,de:12067:900310997::1,0.0,2026-10-02T01:01:04.695736+02:00
306895369,de:12067:900310998::1,0.0,2026-10-02T01:01:04.695736+02:00
306895369,de:12067:900310996::2,0.0,2026-10-02T01:01:04.695736+02:00
306895369,de:12067:900310103::2,0.0,2026-10-02T01:01:04.695736+02:00
306895369,de:12067:900310114::2,0.0,2026-10-02T01:01:04.695736+02:00
306895369,de:12067:900310119::2,0.0,2026-10-02T01:01:04.695736+02:00
306895369,de:12067:900310115::2,0.0,2026-10-02T01:01:04.695736+02:00
306895369,de:12067:900310106::2,0.0,2026-10-02T01:01:04.695736+02:00
306895369,de:12067:900310109::1,0.0,2026-10-02T01:01:04.695736+02:00
306895369,de:12067:900310631::1,0.0,2026-10-02T01:01:04.695736+02:00
306895369,de:12067:900310040::2,0.0,2026-10-02T01:01:04.695736+02:00
295882438,de:11000:900092201:1:50,0.0,2026-10-02T01:01:04.695736+02:00
295882438,de:11000:900093201:1:51,-0.4,2026-10-02T01:01:04.695736+02:00
295882438,de:11000:900094101:1:51,-0.3,2026-10-02T01:01:04.695736+02:00
295882438,de:11000:900096101:1:51,-0.1,2026-10-02T01:01:04.695736+02:00
295882438,de:11000:900084101:1:51,-0.2,2026-10-02T01:01:04.695736+02:00
295882438,de:11000:900085201:1:51,-0.8,2026-10-02T01:01:04.695736+02:00
295882438,de:11000:900130003:1:51,-0.8,2026-10-02T01:01:04.695736+02:00
295882438,de:11000:900110011:1:50,-0.9,2026-10-02T01:01:04.695736+02:00
295882438,de:11000:900007102:1:50,-0.9,2026-10-02T01:01:04.695736+02:00
295882438,de:11000:900008101:1:50,0.0,2026-10-02T01:01:04.695736+02:00
295882438,de:11000:900007104:1:51,-0.7,2026-10-02T01:01:04.695736+02:00
295882438,de:11000:900100007:1:50,-0.7,2026-10-02T01:01:04.695736+02:00
295882438,de:11000:900100001:4:56,-0.5,2026-10-02T01:01:04.695736+02:00
295882438,de:11000:900100025:1:50,-0.4,2026-10-02T01:01:04.695736+02:00
295882438,de:11000:900100020:3:54,-0.4,2026-10-02T01:01:04.695736+02:00
295882438,de:11000:900012101:1:51,-0.5,2026-10-02T01:01:04.695736+02:00
295882438,de:11000:900057102:1:50,-0.7,2026-10-02T01:01:04.695736+02:00
295882438,de:11000:900057104:2:51,-0.4,2026-10-02T01:01:04.695736+02:00
295882438,de:11000:900054104:1:50,-0.3,2026-10-02T01:01:04.695736+02:00
295882438,de:11000:900060101:1:50,-0.3,2026-10-02T01:01:04.695736+02:00
295882438,de:11000:900063101:1:50,-0.1,2026-10-02T01:01:04.695736+02:00
295882438,de:11000:900062202:1:50,-0.1,2026-10-02T01:01:04.695736+02:00
295882438,de:11000:900066102:1:50,-0.2,2026-10-02T01:01:04.695736+02:00
295882438,de:11000:900066101:1:50,-0.1,2026-10-02T01:01:04.695736+02:00
295882438,de:11000:900049202:1:50,-0.3,2026-10-02T01:01:04.695736+02:00
295882438,de:11000:900049201:1:50,-0.4,2026-10-02T01:01:04.695736+02:00
295882438,de:11000:900050301:1:50,0.0,2026-10-02T01:01:04.695736+02:00
295882438,de:11000:900050355:1:50,-0.1,2026-10-02T01:01:04.695736+02:00
295882438,de:11000:900052201:1:50,-0.5,2026-10-02T01:01:04.695736+02:00
295882438,de:11000:900053301:1:51,-0.9,2026-10-02T01:01:04.695736+02:00
307433560,de:12061:900260009:2:54,0.0,2026-10-02T01:01:04.695736+02:00
307433560,de:11000:900192001:1:51,0.0,2026-10-02T01:01:04.695736+02:00
307433560,de:11000:900120003:4:57,0.0,2026-10-02T01:01:04.695736+02:00
307433560,de:11000:900160004:4:56,0.0,2026-10-02T01:01:04.695736+02:00
307433560,de:11000:900152001:2:52,0.0,2026-10-02T01:01:04.695736+02:00
307433560,de:12065:900200005:2:1,0.0,2026-10-02T01:01:04.695736+02:00
307431157,de:11000:900024101:2:52,0.0,2026-10-02T01:01:04.695736+02:00
307431157,de:11000:900029101:2:52,0.0,2026-10-02T01:01:04.695736+02:00
307431157,de:11000:900037168:1:50,0.0,2026-10-02T01:01:04.695736+02:00
307431157,de:12063:900210180:1:50,0.0,2026-10-02T01:01:04.695736+02:00
307431157,de:12063:900210010:1:50,0.0,2026-10-02T01:01:04.695736+02:00
307431157,de:12063:900210011:1:50,0.0,2026-10-02T01:01:04.695736+02:00
307431157,de:12065:900200000:1:51,0.0,2026-10-02T01:01:04.695736+02:00
307439736,de:14625:8000,0.0,2026-10-02T01:01:04.695736+02:00
307439736,de:14625:8144:1:Gleis1,0.0,2026-10-02T01:01:04.695736+02:00
307439736,de:14625:6810,0.0,2026-10-02T01:01:04.695736+02:00
307439736,de:12066:900435314:2:52,0.0,2026-10-02T01:01:04.695736+02:00
307439736,de:12066:900435061:2:52,0.0,2026-10-02T01:01:04.695736+02:00
307439736,de:12066:900435801:1:50,0.0,2026-10-02T01:01:04.695736+02:00
307439736,de:14627:5440,0.0,2026-10-02T01:01:04.695736+02:00
307439736,de:14627:5021,0.0,2026-10-02T01:01:04.695736+02:00
307439736,de:14627:5100,0.0,2026-10-02T01:01:04.695736+02:00
307439736,de:14627:4401,0.0,2026-10-02T01:01:04.695736+02:00
307439736,de:14627:4180,0.0,2026-10-02T01:01:04.695736+02:00
307439736,de:14612:16,0.0,2026-10-02T01:01:04.695736+02:00
307437877,de:12062:900415345:2:52,0.0,2026-10-02T01:01:04.695736+02:00
307437877,de:12062:900415240:1:50,0.0,2026-10-02T01:01:04.695736+02:00
307437877,de:12062:900415167:1:50,0.0,2026-10-02T01:01:04.695736+02:00
307437877,de:12062:900416008:2:51,0.0,2026-10-02T01:01:04.695736+02:00
307437877,de:12066:900435203:1:50,0.0,2026-10-02T01:01:04.695736+02:00
307437877,de:12066:900435061:3:54,0.0,2026-10-02T01:01:04.695736+02:00
307437877,de:12066:900435802:1:50,0.0,2026-10-02T01:01:04.695736+02:00
307437877,de:12066:900435000:1:50,0.0,2026-10-02T01:01:04.695736+02:00
307437877,de:12066:900435001:1:50,0.0,2026-10-02T01:01:04.695736+02:00
307437877,de:12066:900435800:2:51,0.0,2026-10-02T01:01:04.695736+02:00
307437877,de:12066:900435347:2:51,0.0,2026-10-02T01:01:04.695736+02:00
307437877,de:12071:900445360:1:51,0.0,2026-10-02T01:01:04.695736+02:00
307437877,de:12071:900445986:1:50,0.0,2026-10-02T01:01:04.695736+02:00
307437877,de:12052:900470000:1:50,0.0,2026-10-02T01:01:04.695736+02:00
307437788,de:12071:900445360:1:50,0.0,2026-10-02T01:01:04.695736+02:00
307437788,de:12066:900435347:1:50,0.0,2026-10-02T01:01:04.695736+02:00
307437788,de:12066:900435800:1:50,0.0,2026-10-02T01:01:04.695736+02:00
307437788,de:12066:900435001:2:52,0.0,2026-10-02T01:01:04.695736+02:00
307437788,de:12066:900435000:2:52,0.0,2026-10-02T01:01:04.695736+02:00
307437788,de:12066:900435802:2:51,0.0,2026-10-02T01:01:04.695736+02:00
307437788,de:12066:900435061:2:51,0.0,2026-10-02T01:01:04.695736+02:00
307437788,de:12066:900435203:2:51,0.0,2026-10-02T01:01:04.695736+02:00
307437788,de:12062:900416008:1:50,0.0,2026-10-02T01:01:04.695736+02:00
307437788,de:12062:900415167:1:50,0.0,2026-10-02T01:01:04.695736+02:00
307437788,de:12062:900415240:1:50,0.0,2026-10-02T01:01:04.695736+02:00
307437788,de:12062:900415345:2:52,0.0,2026-10-02T01:01:04.695736+02:00
306897067,de:12067:900310925::1,0.0,2026-10-02T01:01:04.695736+02:00
306897067,de:12067:900310874::1,0.0,2026-10-02T01:01:04.695736+02:00
307440222,de:12065:900200004:1:50,0.0,2026-10-02T01:01:04.695736+02:00
307440222,de:12065:900200000:1:51,0.0,2026-10-02T01:01:04.695736+02:00
307440115,de:12065:900200000:1:51,0.0,2026-10-02T01:01:04.695736+02:00
307440115,de:12065:900200004:1:50,0.0,2026-10-02T01:01:04.695736+02:00
307435939,de:11000:900053301:3:54,0.0,2026-10-02T01:01:04.695736+02:00
307435939,de:12054:900230001:1:50,0.0,2026-10-02T01:01:04.695736+02:00
307435939,de:12069:900220008:1:50,0.0,2026-10-02T01:01:04.695736+02:00
307435939,de:12069:900220006:1:50,0.0,2026-10-02T01:01:04.695736+02:00
307435939,de:12069:900220003:1:50,0.0,2026-10-02T01:01:04.695736+02:00
307435939,de:12069:900220004:1:50,0.0,2026-10-02T01:01:04.695736+02:00
307435939,de:12069:900220005:1:50,0.0,2026-10-02T01:01:04.695736+02:00
307435939,de:12069:900222030:1:50,0.0,2026-10-02T01:01:04.695736+02:00
307435939,de:12069:900220141:1:50,0.0,2026-10-02T01:01:04.695736+02:00
307435939,de:12069:900220142:1:50,0.0,2026-10-02T01:01:04.695736+02:00
307435939,de:12069:900220143:1:50,0.0,2026-10-02T01:01:04.695736+02:00
306895825,de:12067:900311115::2,0.0,2026-10-02T01:01:04.695736+02:00
306895825,de:12067:900310773::2,0.0,2026-10-02T01:01:04.695736+02:00
306895825,de:12067:900310797::2,0.0,2026-10-02T01:01:04.695736+02:00
306895825,de:12067:900310789::2,0.0,2026-10-02T01:01:04.695736+02:00
306895825,de:12067:900310781::2,0.0,2026-10-02T01:01:04.695736+02:00
306895825,de:12067:900311155::1,0.0,2026-10-02T01:01:04.695736+02:00
306895825,de:12067:900311149::2,0.0,2026-10-02T01:01:04.695736+02:00
306895825,de:12067:900310001::11,0.0,2026-10-02T01:01:04.695736+02:00
306896719,de:12067:900311039::1,0.0,2026-10-02T01:01:04.695736+02:00
306896719,de:12067:900311031::2,0.0,2026-10-02T01:01:04.695736+02:00
306896719,de:12067:900311040::2,0.0,2026-10-02T01:01:04.695736+02:00
306896719,de:12067:900311038::2,0.0,2026-10-02T01:01:04.695736+02:00
306896719,de:12067:900311041::2,0.0,2026-10-02T01:01:04.695736+02:00
306896719,de:12067:900311032::2,0.0,2026-10-02T01:01:04.695736+02:00
306896719,de:12067:900311037::2,0.0,2026-10-02T01:01:04.695736+02:00
306896719,de:12067:900310928::2,0.0,2026-10-02T01:01:04.695736+02:00
306896719,de:12067:900310930::2,-0.5,2026-10-02T01:01:04.695736+02:00
306896719,de:12067:900310929::2,0.0,2026-10-02T01:01:04.695736+02:00
306896719,de:12067:900310742::2,-0.5,2026-10-02T01:01:04.695736+02:00
306896719,de:12067:900310741::2,0.0,2026-10-02T01:01:04.695736+02:00
306896719,de:12067:900310743::2,0.0,2026-10-02T01:01:04.695736+02:00
306896719,de:12067:900310785::2,0.0,2026-10-02T01:01:04.695736+02:00
306896719,de:12067:900310819::2,0.0,2026-10-02T01:01:04.695736+02:00
306896719,de:12067:900310817::2,0.0,2026-10-02T01:01:04.695736+02:00
306896719,de:12067:900310837::2,0.0,2026-10-02T01:01:04.695736+02:00
306896719,de:12067:900310875::2,0.0,2026-10-02T01:01:04.695736+02:00
306896719,de:12067:900310796::2,0.0,2026-10-02T01:01:04.695736+02:00
306896719,de:12067:900310777::2,0.0,2026-10-02T01:01:04.695736+02:00
306896719,de:12067:900310808::2,0.0,2026-10-02T01:01:04.695736+02:00
306896719,de:12067:900310822::2,0.0,2026-10-02T01:01:04.695736+02:00
306896719,de:12067:900310781::2,0.0,2026-10-02T01:01:04.695736+02:00
306896719,de:12067:900310627::2,0.0,2026-10-02T01:01:04.695736+02:00
306896719,de:12067:900310816::2,-0.5,2026-10-02T01:01:04.695736+02:00
306896719,de:12067:900310022::1,-0.5,2026-10-02T01:01:04.695736+02:00
306896719,de:12067:900310001::11,-0.5,2026-10-02T01:01:04.695736+02:00
295892977,de:12060:900350160:1:51,0.0,2026-10-02T01:01:04.695736+02:00
295892977,de:12060:900350161:1:50,-0.3,2026-10-02T01:01:04.695736+02:00
295892977,de:12060:900350163:1:50,-0.1,2026-10-02T01:01:04.695736+02:00
295892977,de:12060:900350162:1:50,-0.8,2026-10-02T01:01:04.695736+02:00
295892977,de:11000:900135001:1:50,-0.3,2026-10-02T01:01:04.695736+02:00
295892977,de:11000:900143001:1:51,-0.8,2026-10-02T01:01:04.695736+02:00
295892977,de:11000:900142001:1:51,-0.3,2026-10-02T01:01:04.695736+02:00
295892977,de:11000:900130001:1:51,-0.8,2026-10-02T01:01:04.695736+02:00
295892977,de:11000:900130002:1:51,-0.3,2026-10-02T01:01:04.695736+02:00
295892977,de:11000:900110011:1:51,-0.7,2026-10-02T01:01:04.695736+02:00
295892977,de:11000:900007102:1:50,-0.7,2026-10-02T01:01:04.695736+02:00
295892977,de:11000:900008101:1:50,-0.5,2026-10-02T01:01:04.695736+02:00
295892977,de:11000:900007104:1:51,-0.2,2026-10-02T01:01:04.695736+02:00
295892977,de:11000:900100007:1:50,-0.2,2026-10-02T01:01:04.695736+02:00
295892977,de:11000:900100001:4:56,0.0,2026-10-02T01:01:04.695736+02:00
295892977,de:11000:900100025:1:50,-0.9,2026-10-02T01:01:04.695736+02:00
295892977,de:11000:900100020:3:54,-0.9,2026-10-02T01:01:04.695736+02:00
295892977,de:11000:900012101:1:51,0.0,2026-10-02T01:01:04.695736+02:00
295892977,de:11000:900058103:1:50,-0.8,2026-10-02T01:01:04.695736+02:00
295892977,de:11000:900058101:1:50,-0.4,2026-10-02T01:01:04.695736+02:00
295892977,de:11000:900058102:1:50,-0.4,2026-10-02T01:01:04.695736+02:00
295892977,de:11000:900068301:1:50,-0.7,2026-10-02T01:01:04.695736+02:00
295892977,de:11000:900073101:1:50,-0.9,2026-10-02T01:01:04.695736+02:00
295892977,de:11000:900072101:1:50,-0.2,2026-10-02T01:01:04.695736+02:00
295892977,de:11000:900074202:1:50,-0.2,2026-10-02T01:01:04.695736+02:00
295892977,de:11000:900074201:1:50,-0.4,2026-10-02T01:01:04.695736+02:00
295892977,de:12072:900245028:1:51,-0.9,2026-10-02T01:01:04.695736+02:00
295892977,de:12072:900245027:2:52,-0.9,2026-10-02T01:01:04.695736+02:00
295892976,de:12060:900350160:1:51,0.0,2026-10-02T01:01:04.695736+02:00
295892976,de:12060:900350161:1:50,-0.3,2026-10-02T01:01:04.695736+02:00
295892976,de:12060:900350163:1:50,-0.1,2026-10-02T01:01:04.695736+02:00
295892976,de:12060:900350162:1:50,-0.8,2026-10-02T01:01:04.695736+02:00
295892976,de:11000:900135001:1:50,-0.3,2026-10-02T01:01:04.695736+02:00
295892976,de:11000:900143001:1:51,-0.8,2026-10-02T01:01:04.695736+02:00
295892976,de:11000:900142001:1:51,-0.3,2026-10-02T01:01:04.695736+02:00
295892976,de:11000:900130001:1:51,-0.8,2026-10-02T01:01:04.695736+02:00
295892976,de:11000:900130002:1:51,-0.3,2026-10-02T01:01:04.695736+02:00
295892976,de:11000:900110011:1:51,-0.7,2026-10-02T01:01:04.695736+02:00
295892976,de:11000:900007102:1:50,-0.7,2026-10-02T01:01:04.695736+02:00
295892976,de:11000:900008101:1:50,-0.5,2026-10-02T01:01:04.695736+02:00
295892976,de:11000:900007104:1:51,-0.2,2026-10-02T01:01:04.695736+02:00
295892976,de:11000:900100007:1:50,-0.2,2026-10-02T01:01:04.695736+02:00
295892976,de:11000:900100001:4:56,0.0,2026-10-02T01:01:04.695736+02:00
295892976,de:11000:900100025:1:50,-0.9,2026-10-02T01:01:04.695736+02:00
295892976,de:11000:900100020:3:54,-0.9,2026-10-02T01:01:04.695736+02:00
295892976,de:11000:900012101:1:51,0.0,2026-10-02T01:01:04.695736+02:00
295892976,de:11000:900058103:1:50,-0.8,2026-10-02T01:01:04.695736+02:00
295892976,de:11000:900058101:1:50,-0.4,2026-10-02T01:01:04.695736+02:00
295892976,de:11000:900058102:1:50,-0.4,2026-10-02T01:01:04.695736+02:00
295892976,de:11000:900068301:1:50,-0.7,2026-10-02T01:01:04.695736+02:00
295892976,de:11000:900073101:1:50,-0.9,2026-10-02T01:01:04.695736+02:00
295892976,de:11000:900072101:1:50,-0.2,2026-10-02T01:01:04.695736+02:00
295892976,de:11000:900074202:1:50,-0.2,2026-10-02T01:01:04.695736+02:00
295892976,de:11000:900074201:1:50,-0.4,2026-10-02T01:01:04.695736+02:00
295892976,de:12072:900245028:1:51,-0.9,2026-10-02T01:01:04.695736+02:00
295892976,de:12072:900245027:2:52,-0.9,2026-10-02T01:01:04.695736+02:00
307430165,de:11000:900003200:1:50,0.0,2026-10-02T01:01:04.695736+02:00
307430165,de:11000:900100020:1:50,0.0,2026-10-02T01:01:04.695736+02:00
307430165,de:11000:900058101:2:52,0.0,2026-10-02T01:01:04.695736+02:00
307430165,de:12061:900260009:2:54,0.0,2026-10-02T01:01:04.695736+02:00
307430085,de:11000:900003200:1:50,0.0,2026-10-02T01:01:04.695736+02:00
307430085,de:11000:900100020:1:50,0.0,2026-10-02T01:01:04.695736+02:00
307430085,de:11000:900058101:2:52,0.0,2026-10-02T01:01:04.695736+02:00
307430085,de:12061:900260009:2:54,0.0,2026-10-02T01:01:04.695736+02:00
307430084,de:11000:900003200:1:50,0.0,2026-10-02T01:01:04.695736+02:00
307430084,de:11000:900100020:1:50,0.0,2026-10-02T01:01:04.695736+02:00
307430084,de:11000:900058101:2:52,0.0,2026-10-02T01:01:04.695736+02:00
307430084,de:12061:900260009:2:54,0.0,2026-10-02T01:01:04.695736+02:00
295896130,de:11000:900135001:1:50,0.0,2026-10-02T01:01:04.695736+02:00
295896130,de:11000:900143001:1:51,-0.8,2026-10-02T01:01:04.695736+02:00
295896130,de:11000:900142001:1:51,-0.3,2026-10-02T01:01:04.695736+02:00
295896130,de:11000:900130001:1:51,-0.8,2026-10-02T01:01:04.695736+02:00
295896130,de:11000:900130002:1:51,-0.3,2026-10-02T01:01:04.695736+02:00
295896130,de:11000:900110011:1:51,-0.7,2026-10-02T01:01:04.695736+02:00
295896130,de:11000:900007102:1:50,-0.7,2026-10-02T01:01:04.695736+02:00
295896130,de:11000:900008101:1:50,-0.5,2026-10-02T01:01:04.695736+02:00
295896130,de:11000:900007104:1:51,-0.2,2026-10-02T01:01:04.695736+02:00
295896130,de:11000:900100007:1:50,-0.2,2026-10-02T01:01:04.695736+02:00
295896130,de:11000:900100001:4:56,0.0,2026-10-02T01:01:04.695736+02:00
295896130,de:11000:900100025:1:50,-0.9,2026-10-02T01:01:04.695736+02:00
295896130,de:11000:900100020:3:54,-0.9,2026-10-02T01:01:04.695736+02:00
295896130,de:11000:900012101:1:51,0.0,2026-10-02T01:01:04.695736+02:00
295896130,de:11000:900058103:1:50,-0.8,2026-10-02T01:01:04.695736+02:00
295896130,de:11000:900058101:1:50,-0.4,2026-10-02T01:01:04.695736+02:00
295896130,de:11000:900058102:1:50,-0.4,2026-10-02T01:01:04.695736+02:00
295896130,de:11000:900068301:1:50,-0.7,2026-10-02T01:01:04.695736+02:00
295896130,de:11000:900073101:1:50,-0.9,2026-10-02T01:01:04.695736+02:00
295896130,de:11000:900072101:1:50,-0.2,2026-10-02T01:01:04.695736+02:00
295896130,de:11000:900074202:1:50,-0.2,2026-10-02T01:01:04.695736+02:00
295896130,de:11000:900074201:1:50,-0.4,2026-10-02T01:01:04.695736+02:00
295896081,de:11000:900135001:1:50,0.0,2026-10-02T01:01:04.695736+02:00
295896081,de:11000:900143001:1:51,-0.8,2026-10-02T01:01:04.695736+02:00
295896081,de:11000:900142001:1:51,-0.3,2026-10-02T01:01:04.695736+02:00
295896081,de:11000:900130001:1:51,-0.8,2026-10-02T01:01:04.695736+02:00
295896081,de:11000:900130002:1:51,-0.3,2026-10-02T01:01:04.695736+02:00
295896081,de:11000:900110011:1:51,-0.7,2026-10-02T01:01:04.695736+02:00
295896081,de:11000:900007102:1:50,-0.7,2026-10-02T01:01:04.695736+02:00
295896081,de:11000:900008101:1:50,-0.5,2026-10-02T01:01:04.695736+02:00
295896081,de:11000:900007104:1:51,-0.2,2026-10-02T01:01:04.695736+02:00
295896081,de:11000:900100007:1:50,-0.2,2026-10-02T01:01:04.695736+02:00
295896081,de:11000:900100001:4:56,0.0,2026-10-02T01:01:04.695736+02:00
295896081,de:11000:900100025:1:50,-0.9,2026-10-02T01:01:04.695736+02:00
295896081,de:11000:900100020:3:54,-0.9,2026-10-02T01:01:04.695736+02:00
295896081,de:11000:900012101:1:51,0.0,2026-10-02T01:01:04.695736+02:00
295896081,de:11000:900058103:1:50,-0.8,2026-10-02T01:01:04.695736+02:00
295896081,de:11000:900058101:1:50,-0.4,2026-10-02T01:01:04.695736+02:00
295896081,de:11000:900058102:1:50,-0.4,2026-10-02T01:01:04.695736+02:00
295896081,de:11000:900068301:1:50,-0.7,2026-10-02T01:01:04.695736+02:00
295896081,de:11000:900073101:1:50,-0.9,2026-10-02T01:01:04.695736+02:00
295896081,de:11000:900072101:1:50,-0.2,2026-10-02T01:01:04.695736+02:00
295896081,de:11000:900074202:1:50,-0.2,2026-10-02T01:01:04.695736+02:00
295896081,de:11000:900074201:1:50,-0.4,2026-10-02T01:01:04.695736+02:00
295896052,de:11000:900135001:1:50,0.0,2026-10-02T01:01:04.695736+02:00
295896052,de:11000:900143001:1:51,-0.8,2026-10-02T01:01:04.695736+02:00
295896052,de:11000:900142001:1:51,-0.3,2026-10-02T01:01:04.695736+02:00
295896052,de:11000:900130001:1:51,-0.8,2026-10-02T01:01:04.695736+02:00
295896052,de:11000:900130002:1:51,-0.3,2026-10-02T01:01:04.695736+02:00
295896052,de:11000:900110011:1:51,-0.7,2026-10-02T01:01:04.695736+02:00
295896052,de:11000:900007102:1:50,-0.7,2026-10-02T01:01:04.695736+02:00
295896052,de:11000:900008101:1:50,-0.5,2026-10-02T01:01:04.695736+02:00
295896052,de:11000:900007104:1:51,-0.2,2026-10-02T01:01:04.695736+02:00
295896052,de:11000:900100007:1:50,-0.2,2026-10-02T01:01:04.695736+02:00
295896052,de:11000:900100001:4:56,0.0,2026-10-02T01:01:04.695736+02:00
295896052,de:11000:900100025:1:50,-0.9,2026-10-02T01:01:04.695736+02:00
295896052,de:11000:900100020:3:54,-0.9,2026-10-02T01:01:04.695736+02:00
295896052,de:11000:900012101:1:51,0.0,2026-10-02T01:01:04.695736+02:00
295896052,de:11000:900058103:1:50,-0.8,2026-10-02T01:01:04.695736+02:00
295896052,de:11000:900058101:1:50,-0.4,2026-10-02T01:01:04.695736+02:00
295896052,de:11000:900058102:1:50,-0.4,2026-10-02T01:01:04.695736+02:00
295896052,de:11000:900068301:1:50,-0.7,2026-10-02T01:01:04.695736+02:00
295896052,de:11000:900073101:1:50,-0.9,2026-10-02T01:01:04.695736+02:00
295896052,de:11000:900072101:1:50,-0.2,2026-10-02T01:01:04.695736+02:00
295896052,de:11000:900074202:1:50,-0.2,2026-10-02T01:01:04.695736+02:00
295896052,de:11000:900074201:1:50,-0.4,2026-10-02T01:01:04.695736+02:00
295903025,de:11000:900142001:1:51,0.0,2026-10-02T01:01:04.695736+02:00
295903025,de:11000:900130001:1:51,-0.2,2026-10-02T01:01:04.695736+02:00
295903025,de:11000:900130002:1:51,-0.7,2026-10-02T01:01:04.695736+02:00
295903025,de:11000:900110011:1:51,-0.2,2026-10-02T01:01:04.695736+02:00
295903025,de:11000:900007102:1:50,-0.7,2026-10-02T01:01:04.695736+02:00
295903025,de:11000:900008101:1:50,-0.4,2026-10-02T01:01:04.695736+02:00
295903025,de:11000:900007104:1:51,-0.2,2026-10-02T01:01:04.695736+02:00
295903025,de:11000:900100007:1:50,-0.2,2026-10-02T01:01:04.695736+02:00
295903025,de:11000:900100001:4:56,0.0,2026-10-02T01:01:04.695736+02:00
295903025,de:11000:900100025:1:50,-0.9,2026-10-02T01:01:04.695736+02:00
295903025,de:11000:900100020:3:54,-0.9,2026-10-02T01:01:04.695736+02:00
295903025,de:11000:900012101:1:51,0.0,2026-10-02T01:01:04.695736+02:00
295903025,de:11000:900058103:1:50,-0.7,2026-10-02T01:01:04.695736+02:00
295903025,de:11000:900058101:1:50,-0.3,2026-10-02T01:01:04.695736+02:00
295903025,de:11000:900058102:1:52,0.0,2026-10-02T01:01:04.695736+02:00
295903025,de:11000:900063452:1:50,-0.1,2026-10-02T01:01:04.695736+02:00
295903025,de:11000:900067221:1:50,-0.2,2026-10-02T01:01:04.695736+02:00
295903025,de:11000:900064301:3:52,-0.2,2026-10-02T01:01:04.695736+02:00
295903025,de:11000:900064256:1:50,-0.7,2026-10-02T01:01:04.695736+02:00
295903025,de:11000:900064201:1:50,-0.6,2026-10-02T01:01:04.695736+02:00
295903025,de:12069:900220114:1:50,-0.9,2026-10-02T01:01:04.695736+02:00
295903138,de:12069:900220114:1:50,0.0,2026-10-02T01:01:04.695736+02:00
295903138,de:11000:900064201:1:51,-0.1,2026-10-02T01:01:04.695736+02:00
295903138,de:11000:900064256:1:51,0.0,2026-10-02T01:01:04.695736+02:00
295903138,de:11000:900064301:3:53,-0.3,2026-10-02T01:01:04.695736+02:00
295903138,de:11000:900067221:1:50,-0.3,2026-10-02T01:01:04.695736+02:00
295903138,de:11000:900063452:1:51,-0.4,2026-10-02T01:01:04.695736+02:00
295903138,de:11000:900058102:2:53,-0.5,2026-10-02T01:01:04.695736+02:00
295903138,de:11000:900058101:1:51,-0.3,2026-10-02T01:01:04.695736+02:00
295903138,de:11000:900058103:1:51,0.0,2026-10-02T01:01:04.695736+02:00
295903138,de:11000:900012101:2:53,-0.7,2026-10-02T01:01:04.695736+02:00
295903138,de:11000:900100020:4:57,-0.8,2026-10-02T01:01:04.695736+02:00
295903138,de:11000:900100025:1:51,-0.9,2026-10-02T01:01:04.695736+02:00
295903138,de:11000:900100001:4:57,-0.6,2026-10-02T01:01:04.695736+02:00
295903138,de:11000:900100007:1:51,-0.7,2026-10-02T01:01:04.695736+02:00
295903138,de:11000:900007104:2:52,-0.7,2026-10-02T01:01:04.695736+02:00
295903138,de:11000:900008101:1:51,-0.4,2026-10-02T01:01:04.695736+02:00
295903138,de:11000:900007102:2:53,-0.2,2026-10-02T01:01:04.695736+02:00
295903138,de:11000:900110011:2:52,-0.4,2026-10-02T01:01:04.695736+02:00
295903138,de:11000:900130002:1:50,0.0,2026-10-02T01:01:04.695736+02:00
295903138,de:11000:900130001:1:50,-0.7,2026-10-02T01:01:04.695736+02:00
295903138,de:11000:900142001:1:50,-0.2,2026-10-02T01:01:04.695736+02:00
306897193,de:12067:900311565::1,0.0,2026-10-02T01:01:04.695736+02:00
306897193,de:12067:900311567::2,0.0,2026-10-02T01:01:04.695736+02:00
306897193,de:12067:900311251::1,0.0,2026-10-02T01:01:04.695736+02:00
306897193,de:12067:900311230::2,0.0,2026-10-02T01:01:04.695736+02:00
306897193,de:12067:900311612::2,0.0,2026-10-02T01:01:04.695736+02:00
306897193,de:12067:900311614::2,0.0,2026-10-02T01:01:04.695736+02:00
306897193,de:12067:900311400::1,0.0,2026-10-02T01:01:04.695736+02:00
306897193,de:12067:900311513::2,0.0,2026-10-02T01:01:04.695736+02:00
306897193,de:12067:900311513::1,0.0,2026-10-02T01:01:04.695736+02:00
306897193,de:12067:900311511::2,0.0,2026-10-02T01:01:04.695736+02:00
306897193,de:12067:900310601::2,0.0,2026-10-02T01:01:04.695736+02:00
306897193,de:12067:900311364::2,0.0,2026-10-02T01:01:04.695736+02:00
306897193,de:12067:900311371::2,0.0,2026-10-02T01:01:04.695736+02:00
306897193,de:12067:900311349::2,0.0,2026-10-02T01:01:04.695736+02:00
306897193,de:12067:900311377::2,0.0,2026-10-02T01:01:04.695736+02:00
306897193,de:12067:900311376::2,0.0,2026-10-02T01:01:04.695736+02:00
306897193,de:12067:900311316::2,0.0,2026-10-02T01:01:04.695736+02:00
306897193,de:12067:900311384::2,0.0,2026-10-02T01:01:04.695736+02:00
306897193,de:12067:900311317::2,0.0,2026-10-02T01:01:04.695736+02:00
295902992,de:11000:900142001:1:51,0.0,2026-10-02T01:01:04.695736+02:00
295902992,de:11000:900130001:1:51,-0.2,2026-10-02T01:01:04.695736+02:00
295902992,de:11000:900130002:1:51,-0.7,2026-10-02T01:01:04.695736+02:00
295902992,de:11000:900110011:1:51,-0.2,2026-10-02T01:01:04.695736+02:00
295902992,de:11000:900007102:1:50,-0.7,2026-10-02T01:01:04.695736+02:00
295902992,de:11000:900008101:1:50,-0.4,2026-10-02T01:01:04.695736+02:00
295902992,de:11000:900007104:1:51,-0.2,2026-10-02T01:01:04.695736+02:00
295902992,de:11000:900100007:1:50,-0.2,2026-10-02T01:01:04.695736+02:00
295902992,de:11000:900100001:4:56,0.0,2026-10-02T01:01:04.695736+02:00
295902992,de:11000:900100025:1:50,-0.9,2026-10-02T01:01:04.695736+02:00
295902992,de:11000:900100020:3:54,-0.9,2026-10-02T01:01:04.695736+02:00
295902992,de:11000:900012101:1:51,0.0,2026-10-02T01:01:04.695736+02:00
295902992,de:11000:900058103:1:50,-0.7,2026-10-02T01:01:04.695736+02:00
295902992,de:11000:900058101:1:50,-0.3,2026-10-02T01:01:04.695736+02:00
295902992,de:11000:900058102:1:52,0.0,2026-10-02T01:01:04.695736+02:00
295902992,de:11000:900063452:1:50,-0.1,2026-10-02T01:01:04.695736+02:00
295902992,de:11000:900067221:1:50,-0.2,2026-10-02T01:01:04.695736+02:00
295902992,de:11000:900064301:3:52,-0.2,2026-10-02T01:01:04.695736+02:00
295902992,de:11000:900064256:1:50,-0.7,2026-10-02T01:01:04.695736+02:00
295902992,de:11000:900064201:1:50,-0.6,2026-10-02T01:01:04.695736+02:00
295902992,de:12069:900220114:1:50,-0.9,2026-10-02T01:01:04.695736+02:00
306895384,de:12061:900260968::1,0.0,2026-10-02T01:01:04.695736+02:00
306895384,de:12061:900260584::1,0.0,2026-10-02T01:01:04.695736+02:00
306895384,de:12061:900260758::1,0.0,2026-10-02T01:01:04.695736+02:00
306895384,de:12061:900261095::1,0.0,2026-10-02T01:01:04.695736+02:00
306895384,de:12061:900260904::1,0.0,2026-10-02T01:01:04.695736+02:00
306895384,de:12061:900260915::2,0.0,2026-10-02T01:01:04.695736+02:00
306895384,de:12061:900260901::1,0.0,2026-10-02T01:01:04.695736+02:00
306895384,de:12061:900260903::1,0.0,2026-10-02T01:01:04.695736+02:00
306895384,de:12061:900260800::2,0.0,2026-10-02T01:01:04.695736+02:00
306895384,de:12061:900260500::2,0.0,2026-10-02T01:01:04.695736+02:00
306895384,de:12067:900310833::1,0.0,2026-10-02T01:01:04.695736+02:00
306895384,de:12067:900310024::1,0.0,2026-10-02T01:01:04.695736+02:00
306895384,de:12067:900310976::1,0.0,2026-10-02T01:01:04.695736+02:00
306895384,de:12067:900310977::2,0.0,2026-10-02T01:01:04.695736+02:00
306895384,de:12067:900311049::2,0.0,2026-10-02T01:01:04.695736+02:00
306895384,de:12067:900310611::2,0.0,2026-10-02T01:01:04.695736+02:00
295906987,de:11000:900120005:4:56,0.0,2026-10-02T01:01:04.695736+02:00
295906987,de:11000:900120004:1:50,-0.1,2026-10-02T01:01:04.695736+02:00
295906987,de:11000:900120003:2:53,-0.4,2026-10-02T01:01:04.695736+02:00
295906987,de:11000:900160001:1:51,-0.4,2026-10-02T01:01:04.695736+02:00
295906987,de:11000:900160002:1:50,-0.7,2026-10-02T01:01:04.695736+02:00
295906987,de:11000:900162001:1:51,-0.3,2026-10-02T01:01:04.695736+02:00
295906987,de:11000:900180002:1:51,-0.3,2026-10-02T01:01:04.695736+02:00
295906987,de:11000:900180001:1:50,-0.7,2026-10-02T01:01:04.695736+02:00
295906987,de:11000:900182001:1:51,-0.2,2026-10-02T01:01:04.695736+02:00
295906987,de:11000:900182002:1:51,-0.4,2026-10-02T01:01:04.695736+02:00
295906987,de:11000:900183001:1:51,0.0,2026-10-02T01:01:04.695736+02:00
295906987,de:11000:900183002:1:51,-0.3,2026-10-02T01:01:04.695736+02:00
295906987,de:12067:900310004:3:53,-0.5,2026-10-02T01:01:04.695736+02:00
295906986,de:11000:900048101:2:53,0.0,2026-10-02T01:01:04.695736+02:00
295906986,de:11000:900024102:2:52,-0.7,2026-10-02T01:01:04.695736+02:00
295906986,de:11000:900024101:3:55,-0.3,2026-10-02T01:01:04.695736+02:00
295906986,de:11000:900024203:1:51,-0.8,2026-10-02T01:01:04.695736+02:00
295906986,de:11000:900023201:3:54,-0.7,2026-10-02T01:01:04.695736+02:00
295906986,de:11000:900003103:1:50,-0.8,2026-10-02T01:01:04.695736+02:00
295906986,de:11000:900003102:1:50,-0.9,2026-10-02T01:01:04.695736+02:00
295906986,de:11000:900003201:3:54,-0.5,2026-10-02T01:01:04.695736+02:00
295906986,de:11000:900100001:3:54,-0.1,2026-10-02T01:01:04.695736+02:00
295906986,de:11000:900100002:1:50,-0.4,2026-10-02T01:01:04.695736+02:00
295906986,de:11000:900100003:2:52,-0.1,2026-10-02T01:01:04.695736+02:00
295906986,de:11000:900100004:1:50,-0.4,2026-10-02T01:01:04.695736+02:00
295906986,de:11000:900120005:4:55,-0.6,2026-10-02T01:01:04.695736+02:00
295906986,de:11000:900120004:1:50,-0.1,2026-10-02T01:01:04.695736+02:00
295906986,de:11000:900120003:2:53,-0.4,2026-10-02T01:01:04.695736+02:00
295906986,de:11000:900160001:1:51,-0.4,2026-10-02T01:01:04.695736+02:00
295906986,de:11000:900160002:1:50,-0.7,2026-10-02T01:01:04.695736+02:00
295906986,de:11000:900162001:1:51,-0.3,2026-10-02T01:01:04.695736+02:00
295906986,de:11000:900180002:1:51,-0.3,2026-10-02T01:01:04.695736+02:00
295906986,de:11000:900180001:1:50,-0.7,2026-10-02T01:01:04.695736+02:00
295906986,de:11000:900182001:1:51,-0.2,2026-10-02T01:01:04.695736+02:00
295906986,de:11000:900182002:1:51,-0.4,2026-10-02T01:01:04.695736+02:00
295906986,de:11000:900183001:1:51,0.0,2026-10-02T01:01:04.695736+02:00
295906986,de:11000:900183002:1:51,-0.3,2026-10-02T01:01:04.695736+02:00
295906986,de:12067:900310004:3:53,-0.5,2026-10-02T01:01:04.695736+02:00
295907161,de:12067:900310004:3:53,0.0,2026-10-02T01:01:04.695736+02:00
295907161,de:11000:900183002:1:50,-0.1,2026-10-02T01:01:04.695736+02:00
295907161,de:11000:900183001:1:50,-0.4,2026-10-02T01:01:04.695736+02:00
295907161,de:11000:900182002:1:50,0.0,2026-10-02T01:01:04.695736+02:00
295907161,de:11000:900182001:1:50,-0.2,2026-10-02T01:01:04.695736+02:00
295907161,de:11000:900180001:1:50,-0.7,2026-10-02T01:01:04.695736+02:00
295907161,de:11000:900180002:1:50,-0.7,2026-10-02T01:01:04.695736+02:00
295907161,de:11000:900162001:1:50,-0.9,2026-10-02T01:01:04.695736+02:00
295907161,de:11000:900160002:1:50,0.0,2026-10-02T01:01:04.695736+02:00
295907161,de:11000:900160001:1:50,-0.3,2026-10-02T01:01:04.695736+02:00
295907161,de:11000:900120003:3:55,-0.1,2026-10-02T01:01:04.695736+02:00
295907161,de:11000:900120004:2:53,-0.6,2026-10-02T01:01:04.695736+02:00
295907161,de:11000:900120005:5:58,-0.9,2026-10-02T01:01:04.695736+02:00
295907161,de:11000:900100004:1:51,-0.4,2026-10-02T01:01:04.695736+02:00
295907161,de:11000:900100003:2:53,-0.4,2026-10-02T01:01:04.695736+02:00
295907161,de:11000:900100002:1:51,-0.4,2026-10-02T01:01:04.695736+02:00
295907161,de:11000:900100001:3:55,-0.4,2026-10-02T01:01:04.695736+02:00
295907161,de:11000:900003201:3:55,-0.1,2026-10-02T01:01:04.695736+02:00
295907161,de:11000:900003102:1:51,-0.8,2026-10-02T01:01:04.695736+02:00
295907161,de:11000:900003103:1:51,-0.9,2026-10-02T01:01:04.695736+02:00
295907161,de:11000:900023201:3:55,-0.8,2026-10-02T01:01:04.695736+02:00
295907161,de:11000:900024203:1:51,-0.8,2026-10-02T01:01:04.695736+02:00
295907161,de:11000:900024101:4:57,-0.8,2026-10-02T01:01:04.695736+02:00
295907161,de:11000:900024102:1:50,-0.1,2026-10-02T01:01:04.695736+02:00
295907161,de:11000:900025423:1:50,-0.4,2026-10-02T01:01:04.695736+02:00
295907161,de:11000:900026105:1:50,-0.7,2026-10-02T01:01:04.695736+02:00
295907161,de:11000:900025321:1:50,-0.3,2026-10-02T01:01:04.695736+02:00
295907161,de:11000:900025424:1:50,-0.3,2026-10-02T01:01:04.695736+02:00
295907161,de:11000:900030202:1:50,-0.9,2026-10-02T01:01:04.695736+02:00
295907161,de:11000:900029101:1:50,-0.9,2026-10-02T01:01:04.695736+02:00
295907148,de:12067:900310004:3:53,0.0,2026-10-02T01:01:04.695736+02:00
295907148,de:11000:900183002:1:50,-0.1,2026-10-02T01:01:04.695736+02:00
295907148,de:11000:900183001:1:50,-0.4,2026-10-02T01:01:04.695736+02:00
295907148,de:11000:900182002:1:50,0.0,2026-10-02T01:01:04.695736+02:00
295907148,de:11000:900182001:1:50,-0.2,2026-10-02T01:01:04.695736+02:00
295907148,de:11000:900180001:1:50,-0.7,2026-10-02T01:01:04.695736+02:00
295907148,de:11000:900180002:1:50,-0.7,2026-10-02T01:01:04.695736+02:00
295907148,de:11000:900162001:1:50,-0.9,2026-10-02T01:01:04.695736+02:00
295907148,de:11000:900160002:1:50,0.0,2026-10-02T01:01:04.695736+02:00
295907148,de:11000:900160001:1:50,-0.3,2026-10-02T01:01:04.695736+02:00
295907148,de:11000:900120003:3:55,-0.1,2026-10-02T01:01:04.695736+02:00
295907148,de:11000:900120004:2:53,-0.6,2026-10-02T01:01:04.695736+02:00
295907148,de:11000:900120005:5:58,-0.9,2026-10-02T01:01:04.695736+02:00
295907148,de:11000:900100004:1:51,-0.4,2026-10-02T01:01:04.695736+02:00
295907148,de:11000:900100003:2:53,-0.4,2026-10-02T01:01:04.695736+02:00
295907148,de:11000:900100002:1:51,-0.4,2026-10-02T01:01:04.695736+02:00
295907148,de:11000:900100001:3:55,-0.4,2026-10-02T01:01:04.695736+02:00
295907148,de:11000:900003201:3:55,-0.1,2026-10-02T01:01:04.695736+02:00
295907148,de:11000:900003102:1:51,-0.8,2026-10-02T01:01:04.695736+02:00
295907148,de:11000:900003103:1:51,-0.9,2026-10-02T01:01:04.695736+02:00
295907148,de:11000:900023201:3:55,-0.8,2026-10-02T01:01:04.695736+02:00
295907148,de:11000:900024203:1:51,-0.8,2026-10-02T01:01:04.695736+02:00
295907148,de:11000:900024101:4:57,-0.8,2026-10-02T01:01:04.695736+02:00
295907148,de:11000:900024102:1:50,-0.1,2026-10-02T01:01:04.695736+02:00
295907148,de:11000:900025423:1:50,-0.4,2026-10-02T01:01:04.695736+02:00
295907148,de:11000:900026105:1:50,-0.7,2026-10-02T01:01:04.695736+02:00
295907148,de:11000:900025321:1:50,-0.3,2026-10-02T01:01:04.695736+02:00
295907148,de:11000:900025424:1:50,-0.3,2026-10-02T01:01:04.695736+02:00
295907148,de:11000:900030202:1:50,-0.9,2026-10-02T01:01:04.695736+02:00
295907148,de:11000:900029101:1:50,-0.9,2026-10-02T01:01:04.695736+02:00
295906930,de:11000:900029101:1:50,0.0,2026-10-02T01:01:04.695736+02:00
295906930,de:11000:900030202:1:50,-0.3,2026-10-02T01:01:04.695736+02:00
295906930,de:11000:900025424:1:51,-0.2,2026-10-02T01:01:04.695736+02:00
295906930,de:11000:900025321:1:51,-0.2,2026-10-02T01:01:04.695736+02:00
295906930,de:11000:900026105:1:50,-0.4,2026-10-02T01:01:04.695736+02:00
295906930,de:11000:900025423:1:50,-0.7,2026-10-02T01:01:04.695736+02:00
295906930,de:11000:900024102:2:53,-0.7,2026-10-02T01:01:04.695736+02:00
295906930,de:11000:900024101:3:55,-0.3,2026-10-02T01:01:04.695736+02:00
295906930,de:11000:900024203:1:51,-0.8,2026-10-02T01:01:04.695736+02:00
295906930,de:11000:900023201:3:54,-0.7,2026-10-02T01:01:04.695736+02:00
295906930,de:11000:900003103:1:50,-0.8,2026-10-02T01:01:04.695736+02:00
295906930,de:11000:900003102:1:50,-0.9,2026-10-02T01:01:04.695736+02:00
295906930,de:11000:900003201:3:54,-0.5,2026-10-02T01:01:04.695736+02:00
295906930,de:11000:900100001:3:54,-0.1,2026-10-02T01:01:04.695736+02:00
295906930,de:11000:900100002:1:50,-0.4,2026-10-02T01:01:04.695736+02:00
295906930,de:11000:900100003:2:52,-0.1,2026-10-02T01:01:04.695736+02:00
295906930,de:11000:900100004:1:50,-0.4,2026-10-02T01:01:04.695736+02:00
295906930,de:11000:900120005:4:55,-0.6,2026-10-02T01:01:04.695736+02:00
295906930,de:11000:900120004:1:50,-0.1,2026-10-02T01:01:04.695736+02:00
295906930,de:11000:900120003:2:53,-0.4,2026-10-02T01:01:04.695736+02:00
295906930,de:11000:900160001:1:51,-0.4,2026-10-02T01:01:04.695736+02:00
295906930,de:11000:900160002:1:50,-0.7,2026-10-02T01:01:04.695736+02:00
295906930,de:11000:900162001:1:51,-0.3,2026-10-02T01:01:04.695736+02:00
295906930,de:11000:900180002:1:51,-0.3,2026-10-02T01:01:04.695736+02:00
295906930,de:11000:900180001:1:50,-0.7,2026-10-02T01:01:04.695736+02:00
295906930,de:11000:900182001:1:51,-0.2,2026-10-02T01:01:04.695736+02:00
295906930,de:11000:900182002:1:51,-0.4,2026-10-02T01:01:04.695736+02:00
295906930,de:11000:900183001:1:51,0.0,2026-10-02T01:01:04.695736+02:00
295906930,de:11000:900183002:1:51,-0.3,2026-10-02T01:01:04.695736+02:00
295906930,de:12067:900310004:3:53,-0.5,2026-10-02T01:01:04.695736+02:00
295907198,de:12067:900310004:3:52,0.0,2026-10-02T01:01:04.695736+02:00
295907198,de:11000:900183002:1:50,-0.1,2026-10-02T01:01:04.695736+02:00
295907198,de:11000:900183001:1:50,-0.4,2026-10-02T01:01:04.695736+02:00
295907198,de:11000:900182002:1:50,0.0,2026-10-02T01:01:04.695736+02:00
295907198,de:11000:900182001:1:50,-0.2,2026-10-02T01:01:04.695736+02:00
295907198,de:11000:900180001:1:50,-0.7,2026-10-02T01:01:04.695736+02:00
295907198,de:11000:900180002:1:50,-0.7,2026-10-02T01:01:04.695736+02:00
295907198,de:11000:900162001:1:50,-0.9,2026-10-02T01:01:04.695736+02:00
295907198,de:11000:900160002:1:50,0.0,2026-10-02T01:01:04.695736+02:00
295907198,de:11000:900160001:1:50,-0.3,2026-10-02T01:01:04.695736+02:00
295907198,de:11000:900120003:3:55,-0.1,2026-10-02T01:01:04.695736+02:00
295907198,de:11000:900120004:2:53,-0.6,2026-10-02T01:01:04.695736+02:00
295907198,de:11000:900120005:5:58,-0.9,2026-10-02T01:01:04.695736+02:00
295907198,de:11000:900100004:1:51,-0.4,2026-10-02T01:01:04.695736+02:00
295907198,de:11000:900100003:2:53,-0.4,2026-10-02T01:01:04.695736+02:00
295907198,de:11000:900100002:1:51,-0.4,2026-10-02T01:01:04.695736+02:00
295907198,de:11000:900100001:3:55,-0.4,2026-10-02T01:01:04.695736+02:00
295907198,de:11000:900003201:3:55,-0.1,2026-10-02T01:01:04.695736+02:00
295907198,de:11000:900003102:1:51,-0.8,2026-10-02T01:01:04.695736+02:00
295907198,de:11000:900003103:1:51,-0.9,2026-10-02T01:01:04.695736+02:00
295907198,de:11000:900023201:3:55,-0.8,2026-10-02T01:01:04.695736+02:00
295907198,de:11000:900024203:1:51,-0.8,2026-10-02T01:01:04.695736+02:00
295907198,de:11000:900024101:4:57,-0.8,2026-10-02T01:01:04.695736+02:00
295907198,de:11000:900024102:1:50,-0.1,2026-10-02T01:01:04.695736+02:00
295907198,de:11000:900025423:1:50,-0.4,2026-10-02T01:01:04.695736+02:00
295907198,de:11000:900026105:1:50,-0.7,2026-10-02T01:01:04.695736+02:00
295907198,de:11000:900025321:1:50,-0.3,2026-10-02T01:01:04.695736+02:00
295907198,de:11000:900025424:1:50,-0.3,2026-10-02T01:01:04.695736+02:00
295907198,de:11000:900030202:1:50,-0.9,2026-10-02T01:01:04.695736+02:00
295907198,de:11000:900029101:1:50,-0.9,2026-10-02T01:01:04.695736+02:00
307444190,de:12062:900415345:2:51,0.0,2026-10-02T01:01:04.695736+02:00
307444190,de:12062:900415683:1:50,0.0,2026-10-02T01:01:04.695736+02:00
307444190,000300839001,0.0,2026-10-02T01:01:04.695736+02:00
307444190,000300838001,0.0,2026-10-02T01:01:04.695736+02:00
307444190,de:12072:900245303:1:50,0.0,2026-10-02T01:01:04.695736+02:00
307444190,de:12072:900245019:2:51,0.0,2026-10-02T01:01:04.695736+02:00
307444190,de:12072:900245002:3:53,0.0,2026-10-02T01:01:04.695736+02:00
307444190,de:12072:900245016:2:51,0.0,2026-10-02T01:01:04.695736+02:00
307444190,de:12072:900245010:2:51,0.0,2026-10-02T01:01:04.695736+02:00
307444190,de:12072:900245037:2:51,0.0,2026-10-02T01:01:04.695736+02:00
307444190,de:12072:900245029:2:53,0.0,2026-10-02T01:01:04.695736+02:00
307444190,de:11000:900064301:2:51,0.0,2026-10-02T01:01:04.695736+02:00
307444190,de:11000:900058101:3:55,0.0,2026-10-02T01:01:04.695736+02:00
307444190,de:11000:900100020:2:52,0.0,2026-10-02T01:01:04.695736+02:00
307444190,de:11000:900003200:4:56,0.0,2026-10-02T01:01:04.695736+02:00
307444190,de:11000:900020201:1:51,0.0,2026-10-02T01:01:04.695736+02:00
307444190,de:11000:900029101:2:53,0.0,2026-10-02T01:01:04.695736+02:00
307444170,de:12072:900245002:2:52,0.0,2026-10-02T01:01:04.695736+02:00
307444170,de:12072:900245016:2:51,0.0,2026-10-02T01:01:04.695736+02:00
307444170,de:12072:900245010:2:51,0.0,2026-10-02T01:01:04.695736+02:00
307444170,de:12072:900245037:2:51,0.0,2026-10-02T01:01:04.695736+02:00
307444170,de:12072:900245029:2:53,0.0,2026-10-02T01:01:04.695736+02:00
307444170,de:11000:900064301:2:51,0.0,2026-10-02T01:01:04.695736+02:00
307444170,de:11000:900058101:4:56,0.0,2026-10-02T01:01:04.695736+02:00
307444170,de:11000:900100020:2:52,0.0,2026-10-02T01:01:04.695736+02:00
307444170,de:11000:900003200:4:56,0.0,2026-10-02T01:01:04.695736+02:00
307444170,de:11000:900020201:1:51,0.0,2026-10-02T01:01:04.695736+02:00
307444170,de:11000:900029101:2:53,0.0,2026-10-02T01:01:04.695736+02:00
307443351,000300570037,0.0,2026-10-02T01:01:04.695736+02:00
307443351,de:12060:900350125:2:51,0.0,2026-10-02T01:01:04.695736+02:00
307443351,de:12060:900350124:2:51,0.0,2026-10-02T01:01:04.695736+02:00
307443351,de:12060:900350127:3:54,0.0,2026-10-02T01:01:04.695736+02:00
307443351,de:12060:900350137:2:51,0.0,2026-10-02T01:01:04.695736+02:00
307443351,de:12060:900350160:2:52,0.0,2026-10-02T01:01:04.695736+02:00
307443351,de:11000:900007102:5:59,0.0,2026-10-02T01:01:04.695736+02:00
306895767,de:12067:900310001::5,0.0,2026-10-02T01:01:04.695736+02:00
306895767,de:12067:900311149::1,0.0,2026-10-02T01:01:04.695736+02:00
306895767,de:12067:900311135::1,0.0,2026-10-02T01:01:04.695736+02:00
306895767,de:12067:900311150::1,0.0,2026-10-02T01:01:04.695736+02:00
306895767,de:12067:900310798::1,0.0,2026-10-02T01:01:04.695736+02:00
306895767,de:12067:900310774::1,0.0,2026-10-02T01:01:04.695736+02:00
306895767,de:12067:900310792::1,0.0,2026-10-02T01:01:04.695736+02:00
306895767,de:12067:900310825::1,0.0,2026-10-02T01:01:04.695736+02:00
306895767,de:12067:900310937::1,0.0,2026-10-02T01:01:04.695736+02:00
306895767,de:12067:900310801::1,0.0,2026-10-02T01:01:04.695736+02:00
306895767,de:12067:900310805::1,0.0,2026-10-02T01:01:04.695736+02:00
307275170,de:11000:900024101:3:55,0.0,2026-10-02T01:01:04.695736+02:00
307275170,de:11000:900024203:1:51,-0.3,2026-10-02T01:01:04.695736+02:00
307275170,de:11000:900023201:3:54,-0.2,2026-10-02T01:01:04.695736+02:00
307275170,de:11000:900003103:1:50,-0.3,2026-10-02T01:01:04.695736+02:00
307275170,de:11000:900003102:1:50,-0.4,2026-10-02T01:01:04.695736+02:00
307275170,de:11000:900003201:3:54,0.0,2026-10-02T01:01:04.695736+02:00
307275170,de:11000:900100001:3:54,-0.6,2026-10-02T01:01:04.695736+02:00
307275170,de:11000:900100002:1:50,-0.9,2026-10-02T01:01:04.695736+02:00
307275170,de:11000:900100003:2:52,-0.6,2026-10-02T01:01:04.695736+02:00
307275170,de:11000:900100004:1:50,-0.9,2026-10-02T01:01:04.695736+02:00
307275170,de:11000:900120005:4:56,-0.1,2026-10-02T01:01:04.695736+02:00
307275170,de:11000:900120004:1:51,-0.1,2026-10-02T01:01:04.695736+02:00
307275170,de:11000:900120003:2:53,-0.4,2026-10-02T01:01:04.695736+02:00
307275170,de:11000:900160001:1:51,-0.4,2026-10-02T01:01:04.695736+02:00
307275170,de:11000:900160002:1:50,-0.7,2026-10-02T01:01:04.695736+02:00
307275170,de:11000:900162001:1:51,-0.3,2026-10-02T01:01:04.695736+02:00
307275170,de:11000:900180002:1:51,-0.3,2026-10-02T01:01:04.695736+02:00
307275170,de:11000:900180001:1:50,-0.7,2026-10-02T01:01:04.695736+02:00
307275170,de:11000:900182001:1:51,-0.2,2026-10-02T01:01:04.695736+02:00
307275170,de:11000:900182002:1:51,-0.4,2026-10-02T01:01:04.695736+02:00
307275447,de:11000:900182002:1:50,0.0,2026-10-02T01:01:04.695736+02:00
307275447,de:11000:900182001:1:50,-0.2,2026-10-02T01:01:04.695736+02:00
307275447,de:11000:900180001:1:50,-0.7,2026-10-02T01:01:04.695736+02:00
307275447,de:11000:900180002:1:50,-0.7,2026-10-02T01:01:04.695736+02:00
307275447,de:11000:900162001:1:50,-0.9,2026-10-02T01:01:04.695736+02:00
307275447,de:11000:900160002:1:50,0.0,2026-10-02T01:01:04.695736+02:00
307275447,de:11000:900160001:1:50,-0.3,2026-10-02T01:01:04.695736+02:00
307275447,de:11000:900120003:3:54,-0.1,2026-10-02T01:01:04.695736+02:00
307275447,de:11000:900120004:2:52,-0.6,2026-10-02T01:01:04.695736+02:00
307275447,de:11000:900120005:5:57,-0.9,2026-10-02T01:01:04.695736+02:00
307275447,de:11000:900100004:1:51,-0.9,2026-10-02T01:01:04.695736+02:00
307275447,de:11000:900100003:2:53,-0.9,2026-10-02T01:01:04.695736+02:00
307275447,de:11000:900100002:1:51,-0.9,2026-10-02T01:01:04.695736+02:00
307275447,de:11000:900100001:3:55,-0.9,2026-10-02T01:01:04.695736+02:00
307275447,de:11000:900003201:3:55,-0.6,2026-10-02T01:01:04.695736+02:00
307275447,de:11000:900003102:1:51,-0.3,2026-10-02T01:01:04.695736+02:00
307275447,de:11000:900003103:1:51,-0.4,2026-10-02T01:01:04.695736+02:00
307275447,de:11000:900023201:3:55,-0.3,2026-10-02T01:01:04.695736+02:00
307275447,de:11000:900024203:1:51,-0.3,2026-10-02T01:01:04.695736+02:00
307275447,de:11000:900024101:4:56,-0.3,2026-10-02T01:01:04.695736+02:00
295910408,de:11000:900182002:1:50,0.0,2026-10-02T01:01:04.695736+02:00
295910408,de:11000:900182001:1:50,-0.2,2026-10-02T01:01:04.695736+02:00
295910408,de:11000:900180001:1:50,-0.7,2026-10-02T01:01:04.695736+02:00
295910408,de:11000:900180002:1:50,-0.7,2026-10-02T01:01:04.695736+02:00
295910408,de:11000:900162001:1:50,-0.9,2026-10-02T01:01:04.695736+02:00
295910408,de:11000:900160002:1:50,0.0,2026-10-02T01:01:04.695736+02:00
295910408,de:11000:900160001:1:50,-0.3,2026-10-02T01:01:04.695736+02:00
295910408,de:11000:900120003:3:54,-0.1,2026-10-02T01:01:04.695736+02:00
295910408,de:11000:900120004:2:52,-0.6,2026-10-02T01:01:04.695736+02:00
295910408,de:11000:900120005:4:56,-0.9,2026-10-02T01:01:04.695736+02:00
307440600,de:12065:900200000:1:50,0.0,2026-10-02T01:01:04.695736+02:00
307440600,de:12065:900200004:1:50,0.0,2026-10-02T01:01:04.695736+02:00
307440600,de:12065:900203452:1:50,0.0,2026-10-02T01:01:04.695736+02:00
307440600,de:12065:900203491:1:50,0.0,2026-10-02T01:01:04.695736+02:00
307440600,de:12068:900205512:1:50,0.0,2026-10-02T01:01:04.695736+02:00
307440600,de:12068:900205005:2:51,0.0,2026-10-02T01:01:04.695736+02:00
307440600,de:12068:900205006:2:51,0.0,2026-10-02T01:01:04.695736+02:00
307440600,de:12068:900205617:1:50,0.0,2026-10-02T01:01:04.695736+02:00
307440600,de:12068:900205130:1:50,0.0,2026-10-02T01:01:04.695736+02:00
307440600,de:12068:900205322:1:50,0.0,2026-10-02T01:01:04.695736+02:00
307440600,de:12070:900215723:1:50,0.0,2026-10-02T01:01:04.695736+02:00
307440600,de:12070:900215350:2:51,0.0,2026-10-02T01:01:04.695736+02:00
307440600,de:12070:900215696:1:50,0.0,2026-10-02T01:01:04.695736+02:00
307440600,de:12070:900216013:1:50,0.0,2026-10-02T01:01:04.695736+02:00
307440600,de:12070:900216026:3:53,0.0,2026-10-02T01:01:04.695736+02:00
307440519,de:12065:900200000:1:50,0.0,2026-10-02T01:01:04.695736+02:00
307440519,de:12065:900200004:1:50,0.0,2026-10-02T01:01:04.695736+02:00
307440519,de:12065:900203452:1:50,0.0,2026-10-02T01:01:04.695736+02:00
307440519,de:12065:900203491:1:50,0.0,2026-10-02T01:01:04.695736+02:00
307440519,de:12068:900205512:1:50,0.0,2026-10-02T01:01:04.695736+02:00
307440519,de:12068:900205005:2:51,0.0,2026-10-02T01:01:04.695736+02:00
307440519,de:12068:900205006:2:51,0.0,2026-10-02T01:01:04.695736+02:00
307440519,de:12068:900205023:1:50,0.0,2026-10-02T01:01:04.695736+02:00
307440519,de:12068:900205022:1:50,0.0,2026-10-02T01:01:04.695736+02:00
307440519,de:12068:900205092:1:50,0.0,2026-10-02T01:01:04.695736+02:00
307440519,de:12068:900205090:1:50,0.0,2026-10-02T01:01:04.695736+02:00
307440519,de:12068:900205617:1:50,0.0,2026-10-02T01:01:04.695736+02:00
307440519,de:12068:900205130:1:50,0.0,2026-10-02T01:01:04.695736+02:00
307440519,de:12068:900205322:1:50,0.0,2026-10-02T01:01:04.695736+02:00
307440519,de:12070:900215723:1:50,0.0,2026-10-02T01:01:04.695736+02:00
307440519,de:12070:900215350:2:51,0.0,2026-10-02T01:01:04.695736+02:00
307440519,de:12070:900215696:1:50,0.0,2026-10-02T01:01:04.695736+02:00
307440519,de:12070:900216013:1:50,0.0,2026-10-02T01:01:04.695736+02:00
307440519,de:12070:900216026:3:53,0.0,2026-10-02T01:01:04.695736+02:00
306895784,de:12067:900310775::1,0.0,2026-10-02T01:01:04.695736+02:00
306895784,de:12067:900310805::1,0.0,2026-10-02T01:01:04.695736+02:00
307436293,de:11000:900024101:1:51,0.0,2026-10-02T01:01:04.695736+02:00
307436293,de:11000:900053301:3:54,0.0,2026-10-02T01:01:04.695736+02:00
307436293,de:12054:900230001:1:50,0.0,2026-10-02T01:01:04.695736+02:00
307436293,de:12069:900220008:1:50,0.0,2026-10-02T01:01:04.695736+02:00
307436293,de:12069:900220006:1:50,0.0,2026-10-02T01:01:04.695736+02:00
307436293,de:12069:900220003:1:50,0.0,2026-10-02T01:01:04.695736+02:00
307436293,de:12069:900220004:1:50,0.0,2026-10-02T01:01:04.695736+02:00
307436293,de:12069:900220005:1:50,0.0,2026-10-02T01:01:04.695736+02:00
307436293,de:12069:900222030:1:50,0.0,2026-10-02T01:01:04.695736+02:00
307436293,de:12069:900220141:1:50,0.0,2026-10-02T01:01:04.695736+02:00
307436293,de:12069:900220142:1:50,0.0,2026-10-02T01:01:04.695736+02:00
307436293,de:12069:900220143:1:50,0.0,2026-10-02T01:01:04.695736+02:00
295910353,de:12067:900310004:3:53,0.0,2026-10-02T01:01:04.695736+02:00
295910353,de:11000:900183002:1:50,-0.1,2026-10-02T01:01:04.695736+02:00
295910353,de:11000:900183001:1:50,-0.4,2026-10-02T01:01:04.695736+02:00
295910353,de:11000:900182002:1:50,0.0,2026-10-02T01:01:04.695736+02:00
295910353,de:11000:900182001:1:50,-0.2,2026-10-02T01:01:04.695736+02:00
295910353,de:11000:900180001:1:50,-0.7,2026-10-02T01:01:04.695736+02:00
295910353,de:11000:900180002:1:50,-0.7,2026-10-02T01:01:04.695736+02:00
295910353,de:11000:900162001:1:50,-0.9,2026-10-02T01:01:04.695736+02:00
295910353,de:11000:900160002:1:50,0.0,2026-10-02T01:01:04.695736+02:00
295910353,de:11000:900160001:1:50,-0.3,2026-10-02T01:01:04.695736+02:00
295910353,de:11000:900120003:3:55,-0.1,2026-10-02T01:01:04.695736+02:00
295910353,de:11000:900120004:2:53,-0.6,2026-10-02T01:01:04.695736+02:00
295910353,de:11000:900120005:5:58,-0.9,2026-10-02T01:01:04.695736+02:00
295910353,de:11000:900100004:1:51,-0.9,2026-10-02T01:01:04.695736+02:00
295910353,de:11000:900100003:2:53,-0.9,2026-10-02T01:01:04.695736+02:00
295910353,de:11000:900100002:1:51,-0.9,2026-10-02T01:01:04.695736+02:00
295910353,de:11000:900100001:3:55,-0.9,2026-10-02T01:01:04.695736+02:00
295910353,de:11000:900003201:3:55,-0.6,2026-10-02T01:01:04.695736+02:00
295910353,de:11000:900003102:1:51,-0.3,2026-10-02T01:01:04.695736+02:00
295910353,de:11000:900003103:1:51,-0.4,2026-10-02T01:01:04.695736+02:00
295910353,de:11000:900023201:3:55,-0.3,2026-10-02T01:01:04.695736+02:00
295910353,de:11000:900024203:1:51,-0.3,2026-10-02T01:01:04.695736+02:00
295910353,de:11000:900024101:4:56,-0.3,2026-10-02T01:01:04.695736+02:00
307436286,de:11000:900024101:1:51,0.0,2026-10-02T01:01:04.695736+02:00
307436286,de:11000:900053301:3:54,0.0,2026-10-02T01:01:04.695736+02:00
307436286,de:12054:900230001:1:50,0.0,2026-10-02T01:01:04.695736+02:00
307436286,de:12069:900220008:1:50,0.0,2026-10-02T01:01:04.695736+02:00
307436286,de:12069:900220006:1:50,0.0,2026-10-02T01:01:04.695736+02:00
307436286,de:12069:900220003:1:50,0.0,2026-10-02T01:01:04.695736+02:00
307436286,de:12069:900220004:1:50,0.0,2026-10-02T01:01:04.695736+02:00
307436286,de:12069:900220005:1:50,0.0,2026-10-02T01:01:04.695736+02:00
307436286,de:12069:900222030:1:50,0.0,2026-10-02T01:01:04.695736+02:00
307436286,de:12069:900220141:1:50,0.0,2026-10-02T01:01:04.695736+02:00
307436286,de:12069:900220142:1:50,0.0,2026-10-02T01:01:04.695736+02:00
307436286,de:12069:900220143:1:50,0.0,2026-10-02T01:01:04.695736+02:00
307446645,de:12062:900415345:5:56,0.0,2026-10-02T01:01:04.695736+02:00
307446645,de:12062:900416072:1:50,0.0,2026-10-02T01:01:04.695736+02:00
307446645,de:14730:8011131,0.0,2026-10-02T01:01:04.695736+02:00
307446645,de:14730:8010351,0.0,2026-10-02T01:01:04.695736+02:00
307446645,de:14730:8012371,0.0,2026-10-02T01:01:04.695736+02:00
307446645,de:14730:8011387,0.0,2026-10-02T01:01:04.695736+02:00
307446645,de:14730:8010161,0.0,2026-10-02T01:01:04.695736+02:00
307446645,de:14730:8010095,0.0,2026-10-02T01:01:04.695736+02:00
307446645,de:14730:8011959,0.0,2026-10-02T01:01:04.695736+02:00
307446645,de:14730:8012656,0.0,2026-10-02T01:01:04.695736+02:00
307446645,de:14730:8013093,0.0,2026-10-02T01:01:04.695736+02:00
307446645,de:14713:8012190,0.0,2026-10-02T01:01:04.695736+02:00
307446645,de:14713:8012195,0.0,2026-10-02T01:01:04.695736+02:00
307446645,000008012273,0.0,2026-10-02T01:01:04.695736+02:00
307446645,de:14713:8012196,0.0,2026-10-02T01:01:04.695736+02:00
307446645,de:14713:8098205,0.0,2026-10-02T01:01:04.695736+02:00
307446645,de:14713:8012186,0.0,2026-10-02T01:01:04.695736+02:00
307446645,de:14713:8012202,0.0,2026-10-02T01:01:04.695736+02:00
307446645,de:14713:8012184,0.0,2026-10-02T01:01:04.695736+02:00
307446645,de:14713:8012187,0.0,2026-10-02T01:01:04.695736+02:00
307446645,de:14713:8012343,0.0,2026-10-02T01:01:04.695736+02:00
307446645,de:14713:8012194,0.0,2026-10-02T01:01:04.695736+02:00
307446645,de:14713:8010008,0.0,2026-10-02T01:01:04.695736+02:00
307446645,de:14713:8011491,0.0,2026-10-02T01:01:04.695736+02:00
307446645,de:14729:8010059,0.0,2026-10-02T01:01:04.695736+02:00
307446645,de:14729:8011626,0.0,2026-10-02T01:01:04.695736+02:00
307446645,de:14729:8012284,0.0,2026-10-02T01:01:04.695736+02:00
307446645,de:14729:8011018,0.0,2026-10-02T01:01:04.695736+02:00
307446645,de:14729:8013362,0.0,2026-10-02T01:01:04.695736+02:00
307446645,de:14729:8013361,0.0,2026-10-02T01:01:04.695736+02:00
307446645,de:14729:8012117,0.0,2026-10-02T01:01:04.695736+02:00
307446645,de:14730:8011339,0.0,2026-10-02T01:01:04.695736+02:00
307446645,de:14730:8013461,0.0,2026-10-02T01:01:04.695736+02:00
306895234,de:12067:900311129::2,0.0,2026-10-02T01:01:04.695736+02:00
306895234,de:12067:900310755::2,0.0,2026-10-02T01:01:04.695736+02:00
306895234,de:12067:900310728::1,0.0,2026-10-02T01:01:04.695736+02:00
306895234,de:12067:900310727::1,0.0,2026-10-02T01:01:04.695736+02:00
306895234,de:12067:900310755::1,0.0,2026-10-02T01:01:04.695736+02:00
306895234,de:12067:900310738::1,0.0,2026-10-02T01:01:04.695736+02:00
306895234,de:12067:900310725::1,0.0,2026-10-02T01:01:04.695736+02:00
306895234,de:12067:900310714::2,0.0,2026-10-02T01:01:04.695736+02:00
306895234,de:12067:900310911::1,0.0,2026-10-02T01:01:04.695736+02:00
306895234,de:12067:900310918::1,0.0,2026-10-02T01:01:04.695736+02:00
306895234,de:12067:900310918::1,-12.0,2026-10-02T01:01:04.695736+02:00
306895234,de:12067:900310830::1,0.0,2026-10-02T01:01:04.695736+02:00
306895234,de:12067:900311004::1,0.0,2026-10-02T01:01:04.695736+02:00
306895234,de:12067:900310918::1,12.0,2026-10-02T01:01:04.695736+02:00
306895234,de:12067:900310918::1,0.0,2026-10-02T01:01:04.695736+02:00
306895234,de:12067:900310765::1,0.0,2026-10-02T01:01:04.695736+02:00
306895234,de:12067:900310766::1,0.0,2026-10-02T01:01:04.695736+02:00
306895234,de:12067:900310926::2,0.0,2026-10-02T01:01:04.695736+02:00
306895234,de:12067:900310859::1,0.0,2026-10-02T01:01:04.695736+02:00
306895234,de:12067:900311073::1,0.0,2026-10-02T01:01:04.695736+02:00
306895234,de:12067:900311075::1,0.0,2026-10-02T01:01:04.695736+02:00
306895234,de:12067:900311074::2,0.0,2026-10-02T01:01:04.695736+02:00
306895234,de:12067:900310750::1,0.0,2026-10-02T01:01:04.695736+02:00
306895234,de:12067:900310840::1,0.0,2026-10-02T01:01:04.695736+02:00
306895234,de:12067:900310840::1,-8.0,2026-10-02T01:01:04.695736+02:00
306895234,de:12067:900310011::1,0.0,2026-10-02T01:01:04.695736+02:00
306895234,de:12067:900310899::1,0.0,2026-10-02T01:01:04.695736+02:00
306895234,de:12067:900310011::2,0.0,2026-10-02T01:01:04.695736+02:00
306895234,de:12067:900310840::1,8.0,2026-10-02T01:01:04.695736+02:00
306895234,de:12067:900310840::1,0.0,2026-10-02T01:01:04.695736+02:00
306895234,de:12067:900311094::2,0.0,2026-10-02T01:01:04.695736+02:00
306895234,de:12067:900311071::2,0.0,2026-10-02T01:01:04.695736+02:00
306895234,de:12067:900311070::2,0.0,2026-10-02T01:01:04.695736+02:00
306895234,de:12067:900310901::2,0.0,2026-10-02T01:01:04.695736+02:00
306895234,de:12067:900311471::2,0.0,2026-10-02T01:01:04.695736+02:00
306895234,de:12067:900311473::2,0.0,2026-10-02T01:01:04.695736+02:00
306895234,de:12067:900311318::2,0.0,2026-10-02T01:01:04.695736+02:00
306895234,de:12067:900311320::2,0.0,2026-10-02T01:01:04.695736+02:00
306895234,de:12067:900311305::2,0.0,2026-10-02T01:01:04.695736+02:00
306895234,de:12067:900311383::4,0.0,2026-10-02T01:01:04.695736+02:00
306895234,de:12067:900311315::2,0.0,2026-10-02T01:01:04.695736+02:00
306895234,de:12067:900311348::2,0.0,2026-10-02T01:01:04.695736+02:00
306895234,de:12067:900311308::4,0.0,2026-10-02T01:01:04.695736+02:00
307280468,de:11000:900020202:1:50,0.0,2026-10-02T01:01:04.695736+02:00
307280468,de:11000:900001201:1:50,-0.2,2026-10-02T01:01:04.695736+02:00
307280468,de:11000:900009104:1:50,-0.8,2026-10-02T01:01:04.695736+02:00
307280468,de:11000:900007102:2:52,-0.4,2026-10-02T01:01:04.695736+02:00
307280468,de:11000:900110001:1:50,-0.6,2026-10-02T01:01:04.695736+02:00
307280468,de:11000:900110002:1:50,-0.4,2026-10-02T01:01:04.695736+02:00
307280468,de:11000:900110003:1:50,-0.4,2026-10-02T01:01:04.695736+02:00
307280468,de:11000:900110004:1:50,-0.8,2026-10-02T01:01:04.695736+02:00
307280468,de:11000:900110012:1:50,-0.7,2026-10-02T01:01:04.695736+02:00
307280468,de:11000:900120001:1:50,-0.7,2026-10-02T01:01:04.695736+02:00
307280468,de:11000:900120003:5:58,-0.1,2026-10-02T01:01:04.695736+02:00
307280468,de:11000:900190001:1:50,-0.4,2026-10-02T01:01:04.695736+02:00
307280468,de:11000:900077106:1:50,-0.4,2026-10-02T01:01:04.695736+02:00
307280468,de:11000:900078201:1:50,-0.3,2026-10-02T01:01:04.695736+02:00
307280468,de:11000:900079221:1:50,-0.2,2026-10-02T01:01:04.695736+02:00
307280468,de:11000:900068201:1:50,-0.8,2026-10-02T01:01:04.695736+02:00
307280468,de:11000:900058101:5:58,-0.1,2026-10-02T01:01:04.695736+02:00
307280468,de:11000:900054104:2:52,-0.7,2026-10-02T01:01:04.695736+02:00
307280468,de:11000:900054105:1:50,-0.9,2026-10-02T01:01:04.695736+02:00
307280468,de:11000:900044202:1:50,-0.7,2026-10-02T01:01:04.695736+02:00
307280468,de:11000:900045102:1:50,-0.7,2026-10-02T01:01:04.695736+02:00
307280468,de:11000:900044101:1:50,-0.8,2026-10-02T01:01:04.695736+02:00
307280468,de:11000:900040101:1:50,-0.3,2026-10-02T01:01:04.695736+02:00
307280468,de:11000:900024101:3:54,-0.8,2026-10-02T01:01:04.695736+02:00
307283027,de:11000:900009104:1:51,0.0,2026-10-02T01:01:04.695736+02:00
307283027,de:11000:900007102:2:52,-0.9,2026-10-02T01:01:04.695736+02:00
307283027,de:11000:900110001:1:50,-0.6,2026-10-02T01:01:04.695736+02:00
307283027,de:11000:900110002:1:50,-0.4,2026-10-02T01:01:04.695736+02:00
307283027,de:11000:900110003:1:50,-0.4,2026-10-02T01:01:04.695736+02:00
307283027,de:11000:900110004:1:50,-0.8,2026-10-02T01:01:04.695736+02:00
307283027,de:11000:900110012:1:50,-0.7,2026-10-02T01:01:04.695736+02:00
307283027,de:11000:900120001:1:50,-0.7,2026-10-02T01:01:04.695736+02:00
307283027,de:11000:900120003:5:58,-0.1,2026-10-02T01:01:04.695736+02:00
307283027,de:11000:900190001:1:50,-0.4,2026-10-02T01:01:04.695736+02:00
307283027,de:11000:900077106:1:50,-0.4,2026-10-02T01:01:04.695736+02:00
307283027,de:11000:900078201:1:50,-0.3,2026-10-02T01:01:04.695736+02:00
307283027,de:11000:900079221:1:50,-0.2,2026-10-02T01:01:04.695736+02:00
307286702,de:11000:900040101:1:50,0.0,2026-10-02T01:01:04.695736+02:00
307286702,de:11000:900044101:1:50,-0.8,2026-10-02T01:01:04.695736+02:00
307286702,de:11000:900045102:1:51,-0.9,2026-10-02T01:01:04.695736+02:00
307286702,de:11000:900044202:1:51,-0.9,2026-10-02T01:01:04.695736+02:00
307286702,de:11000:900054105:1:51,-0.7,2026-10-02T01:01:04.695736+02:00
307286702,de:11000:900054104:2:53,-0.3,2026-10-02T01:01:04.695736+02:00
307286702,de:11000:900058101:5:59,-0.2,2026-10-02T01:01:04.695736+02:00
307286702,de:11000:900068201:1:51,-0.8,2026-10-02T01:01:04.695736+02:00
307286702,de:11000:900079221:1:51,-0.4,2026-10-02T01:01:04.695736+02:00
307286702,de:11000:900078201:1:51,-0.1,2026-10-02T01:01:04.695736+02:00
307286702,de:11000:900077106:1:51,0.0,2026-10-02T01:01:04.695736+02:00
307286702,de:11000:900190001:2:52,-0.9,2026-10-02T01:01:04.695736+02:00
307286702,de:11000:900120003:5:59,-0.4,2026-10-02T01:01:04.695736+02:00
307286702,de:11000:900120001:1:51,0.0,2026-10-02T01:01:04.695736+02:00
307286702,de:11000:900110012:1:51,-0.2,2026-10-02T01:01:04.695736+02:00
307286702,de:11000:900110004:1:51,-0.1,2026-10-02T01:01:04.695736+02:00
307286702,de:11000:900110003:1:51,-0.4,2026-10-02T01:01:04.695736+02:00
307286702,de:11000:900110002:1:51,-0.4,2026-10-02T01:01:04.695736+02:00
307286702,de:11000:900110001:1:51,-0.1,2026-10-02T01:01:04.695736+02:00
307286702,de:11000:900007102:1:51,-0.6,2026-10-02T01:01:04.695736+02:00
307286702,de:11000:900009104:1:50,-0.8,2026-10-02T01:01:04.695736+02:00
307286702,de:11000:900001201:1:50,-0.3,2026-10-02T01:01:04.695736+02:00
307286702,de:11000:900020202:1:50,-0.1,2026-10-02T01:01:04.695736+02:00
307286624,de:11000:900024101:3:54,0.0,2026-10-02T01:01:04.695736+02:00
307286624,de:11000:900040101:1:50,-0.2,2026-10-02T01:01:04.695736+02:00
307286624,de:11000:900044101:1:50,-0.3,2026-10-02T01:01:04.695736+02:00
307286624,de:11000:900045102:1:51,-0.4,2026-10-02T01:01:04.695736+02:00
307286624,de:11000:900044202:1:51,-0.4,2026-10-02T01:01:04.695736+02:00
307286624,de:11000:900054105:1:51,-0.2,2026-10-02T01:01:04.695736+02:00
307286624,de:11000:900054104:2:53,-0.8,2026-10-02T01:01:04.695736+02:00
307286624,de:11000:900058101:5:59,-0.2,2026-10-02T01:01:04.695736+02:00
307286624,de:11000:900068201:1:51,-0.8,2026-10-02T01:01:04.695736+02:00
307286624,de:11000:900079221:1:51,-0.4,2026-10-02T01:01:04.695736+02:00
307286624,de:11000:900078201:1:51,-0.1,2026-10-02T01:01:04.695736+02:00
307286624,de:11000:900077106:1:51,0.0,2026-10-02T01:01:04.695736+02:00
307286624,de:11000:900190001:2:52,-0.9,2026-10-02T01:01:04.695736+02:00
307286624,de:11000:900120003:5:59,-0.4,2026-10-02T01:01:04.695736+02:00
307286624,de:11000:900120001:1:51,0.0,2026-10-02T01:01:04.695736+02:00
307286624,de:11000:900110012:1:51,-0.2,2026-10-02T01:01:04.695736+02:00
307286624,de:11000:900110004:1:51,-0.1,2026-10-02T01:01:04.695736+02:00
307286624,de:11000:900110003:1:51,-0.4,2026-10-02T01:01:04.695736+02:00
307286624,de:11000:900110002:1:51,-0.4,2026-10-02T01:01:04.695736+02:00
307286624,de:11000:900110001:1:51,-0.1,2026-10-02T01:01:04.695736+02:00
307286624,de:11000:900007102:1:51,-0.6,2026-10-02T01:01:04.695736+02:00
307286624,de:11000:900009104:1:51,-0.8,2026-10-02T01:01:04.695736+02:00
307286624,de:11000:900001201:1:51,-0.3,2026-10-02T01:01:04.695736+02:00
307286624,de:11000:900020202:1:51,-0.1,2026-10-02T01:01:04.695736+02:00
307286619,de:11000:900024101:3:54,0.0,2026-10-02T01:01:04.695736+02:00
307286619,de:11000:900040101:1:50,-0.2,2026-10-02T01:01:04.695736+02:00
307286619,de:11000:900044101:1:50,-0.3,2026-10-02T01:01:04.695736+02:00
307286619,de:11000:900045102:1:51,-0.4,2026-10-02T01:01:04.695736+02:00
307286619,de:11000:900044202:1:51,-0.4,2026-10-02T01:01:04.695736+02:00
307286619,de:11000:900054105:1:51,-0.2,2026-10-02T01:01:04.695736+02:00
307286619,de:11000:900054104:2:53,-0.8,2026-10-02T01:01:04.695736+02:00
307286619,de:11000:900058101:5:59,-0.2,2026-10-02T01:01:04.695736+02:00
307286619,de:11000:900068201:1:51,-0.8,2026-10-02T01:01:04.695736+02:00
307286619,de:11000:900079221:1:51,-0.4,2026-10-02T01:01:04.695736+02:00
307286619,de:11000:900078201:1:51,-0.1,2026-10-02T01:01:04.695736+02:00
307286619,de:11000:900077106:1:51,0.0,2026-10-02T01:01:04.695736+02:00
307286619,de:11000:900190001:2:52,-0.9,2026-10-02T01:01:04.695736+02:00
307286619,de:11000:900120003:5:59,-0.4,2026-10-02T01:01:04.695736+02:00
307286619,de:11000:900120001:1:51,0.0,2026-10-02T01:01:04.695736+02:00
307286619,de:11000:900110012:1:51,-0.2,2026-10-02T01:01:04.695736+02:00
307286619,de:11000:900110004:1:51,-0.1,2026-10-02T01:01:04.695736+02:00
307286619,de:11000:900110003:1:51,-0.4,2026-10-02T01:01:04.695736+02:00
307286619,de:11000:900110002:1:51,-0.4,2026-10-02T01:01:04.695736+02:00
307286619,de:11000:900110001:1:51,-0.1,2026-10-02T01:01:04.695736+02:00
307286619,de:11000:900007102:1:51,-0.6,2026-10-02T01:01:04.695736+02:00
307286619,de:11000:900009104:1:51,-0.8,2026-10-02T01:01:04.695736+02:00
307286619,de:11000:900001201:1:51,-0.3,2026-10-02T01:01:04.695736+02:00
307286619,de:11000:900020202:1:51,-0.1,2026-10-02T01:01:04.695736+02:00
307289052,de:11000:900079221:1:51,0.0,2026-10-02T01:01:04.695736+02:00
307289052,de:11000:900078201:1:51,-0.1,2026-10-02T01:01:04.695736+02:00
307289052,de:11000:900077106:1:51,0.0,2026-10-02T01:01:04.695736+02:00
307289052,de:11000:900190001:2:52,-0.9,2026-10-02T01:01:04.695736+02:00
307289052,de:11000:900120003:5:59,-0.4,2026-10-02T01:01:04.695736+02:00
307289052,de:11000:900120001:1:51,0.0,2026-10-02T01:01:04.695736+02:00
307289052,de:11000:900110012:1:51,-0.2,2026-10-02T01:01:04.695736+02:00
307289052,de:11000:900110004:1:51,-0.1,2026-10-02T01:01:04.695736+02:00
307289052,de:11000:900110003:1:51,-0.4,2026-10-02T01:01:04.695736+02:00
307289052,de:11000:900110002:1:51,-0.4,2026-10-02T01:01:04.695736+02:00
307289052,de:11000:900110001:1:51,-0.1,2026-10-02T01:01:04.695736+02:00
307289052,de:11000:900007102:1:51,-0.6,2026-10-02T01:01:04.695736+02:00
307289052,de:11000:900009104:1:51,-0.3,2026-10-02T01:01:04.695736+02:00
307289034,de:11000:900079221:1:51,0.0,2026-10-02T01:01:04.695736+02:00
307289034,de:11000:900078201:1:51,-0.1,2026-10-02T01:01:04.695736+02:00
307289034,de:11000:900077106:1:51,0.0,2026-10-02T01:01:04.695736+02:00
307289034,de:11000:900190001:2:52,-0.9,2026-10-02T01:01:04.695736+02:00
307289034,de:11000:900120003:5:59,-0.4,2026-10-02T01:01:04.695736+02:00
307289034,de:11000:900120001:1:51,0.0,2026-10-02T01:01:04.695736+02:00
307289034,de:11000:900110012:1:51,-0.2,2026-10-02T01:01:04.695736+02:00
307289034,de:11000:900110004:1:51,-0.1,2026-10-02T01:01:04.695736+02:00
307289034,de:11000:900110003:1:51,-0.4,2026-10-02T01:01:04.695736+02:00
307289034,de:11000:900110002:1:51,-0.4,2026-10-02T01:01:04.695736+02:00
307289034,de:11000:900110001:1:51,-0.1,2026-10-02T01:01:04.695736+02:00
307289034,de:11000:900007102:1:51,-0.6,2026-10-02T01:01:04.695736+02:00
307289034,de:11000:900009104:1:51,-0.3,2026-10-02T01:01:04.695736+02:00
306897049,de:12067:900311480::1,0.0,2026-10-02T01:01:04.695736+02:00
306897049,de:12067:900311482::1,0.0,2026-10-02T01:01:04.695736+02:00
306897049,de:12067:900311481::2,0.0,2026-10-02T01:01:04.695736+02:00
306897049,de:12067:900311440::1,0.0,2026-10-02T01:01:04.695736+02:00
306897049,de:12067:900311562::1,0.0,2026-10-02T01:01:04.695736+02:00
306897049,de:12067:900311610::1,0.0,2026-10-02T01:01:04.695736+02:00
306897049,de:12067:900311421::1,0.0,2026-10-02T01:01:04.695736+02:00
306897049,de:12067:900311420::1,0.0,2026-10-02T01:01:04.695736+02:00
306897049,de:12067:900311422::1,0.0,2026-10-02T01:01:04.695736+02:00
306897049,de:12067:900311423::1,0.0,2026-10-02T01:01:04.695736+02:00
306897049,de:12067:900311424::1,0.0,2026-10-02T01:01:04.695736+02:00
306897049,de:12067:900311237::2,0.0,2026-10-02T01:01:04.695736+02:00
306897049,de:12067:900311232::2,0.0,2026-10-02T01:01:04.695736+02:00
306897049,de:12067:900311236::1,0.0,2026-10-02T01:01:04.695736+02:00
306897049,de:12067:900311234::1,0.0,2026-10-02T01:01:04.695736+02:00
306897049,de:12067:900311238::1,0.0,2026-10-02T01:01:04.695736+02:00
306897049,de:12067:900311235::2,0.0,2026-10-02T01:01:04.695736+02:00
306897049,de:12053:900360092::2,0.0,2026-10-02T01:01:04.695736+02:00
306897049,de:12053:900360093::1,0.0,2026-10-02T01:01:04.695736+02:00
295927558,de:11000:900068201:1:51,0.0,2026-10-02T01:01:04.695736+02:00
295927558,de:11000:900079221:1:51,-0.9,2026-10-02T01:01:04.695736+02:00
295927558,de:11000:900078201:1:51,-0.6,2026-10-02T01:01:04.695736+02:00
295927558,de:11000:900077155:1:51,-0.2,2026-10-02T01:01:04.695736+02:00
295927558,de:11000:900191001:2:51,-0.7,2026-10-02T01:01:04.695736+02:00
295927558,de:11000:900192001:2:52,-0.7,2026-10-02T01:01:04.695736+02:00
295927558,de:11000:900193001:1:50,-0.2,2026-10-02T01:01:04.695736+02:00
295927558,de:11000:900193002:1:50,-0.8,2026-10-02T01:01:04.695736+02:00
295927558,de:11000:900186001:1:50,-0.8,2026-10-02T01:01:04.695736+02:00
295927558,de:12061:900260004:1:50,-0.2,2026-10-02T01:01:04.695736+02:00
295927558,de:12061:900260003:1:50,-0.4,2026-10-02T01:01:04.695736+02:00
295927558,de:12061:900260002:1:51,-0.2,2026-10-02T01:01:04.695736+02:00
295927558,de:12061:900260001:2:52,-0.2,2026-10-02T01:01:04.695736+02:00
295928992,de:11000:900186001:2:52,0.0,2026-10-02T01:01:04.695736+02:00
295928992,de:11000:900193002:1:51,-0.2,2026-10-02T01:01:04.695736+02:00
295928992,de:11000:900193001:2:51,-0.8,2026-10-02T01:01:04.695736+02:00
295928992,de:11000:900192001:3:55,-0.7,2026-10-02T01:01:04.695736+02:00
295928992,de:11000:900191001:1:50,-0.4,2026-10-02T01:01:04.695736+02:00
295928992,de:11000:900077155:1:50,-0.9,2026-10-02T01:01:04.695736+02:00
295928992,de:11000:900078201:1:50,-0.9,2026-10-02T01:01:04.695736+02:00
295928992,de:11000:900079221:1:50,-0.7,2026-10-02T01:01:04.695736+02:00
306895251,de:12067:900311129::2,0.0,2026-10-02T01:01:04.695736+02:00
306895251,de:12067:900310755::2,0.0,2026-10-02T01:01:04.695736+02:00
306895251,de:12067:900310728::1,0.0,2026-10-02T01:01:04.695736+02:00
306895251,de:12067:900310727::1,0.0,2026-10-02T01:01:04.695736+02:00
306895251,de:12067:900310755::1,0.0,2026-10-02T01:01:04.695736+02:00
306895251,de:12067:900310738::1,0.0,2026-10-02T01:01:04.695736+02:00
306895251,de:12067:900310725::1,0.0,2026-10-02T01:01:04.695736+02:00
306895251,de:12067:900311099::1,0.0,2026-10-02T01:01:04.695736+02:00
306895251,de:12067:900311101::1,0.0,2026-10-02T01:01:04.695736+02:00
306895251,de:12067:900311100::1,0.0,2026-10-02T01:01:04.695736+02:00
306895251,de:12067:900310910::2,0.0,2026-10-02T01:01:04.695736+02:00
306895251,de:12067:900310764::1,0.0,2026-10-02T01:01:04.695736+02:00
306895251,de:12067:900310765::1,0.0,2026-10-02T01:01:04.695736+02:00
306895251,de:12067:900310766::1,0.0,2026-10-02T01:01:04.695736+02:00
306895251,de:12067:900310767::1,0.0,2026-10-02T01:01:04.695736+02:00
306895251,de:12067:900310891::1,0.0,2026-10-02T01:01:04.695736+02:00
306895251,de:12067:900310767::2,0.0,2026-10-02T01:01:04.695736+02:00
306895251,de:12067:900310939::1,0.0,2026-10-02T01:01:04.695736+02:00
306895251,de:12067:900310967::1,-0.5,2026-10-02T01:01:04.695736+02:00
306895251,de:12067:900310978::1,0.0,2026-10-02T01:01:04.695736+02:00
306895251,de:12061:900261908::1,0.0,2026-10-02T01:01:04.695736+02:00
306895251,de:12061:900261908::2,0.0,2026-10-02T01:01:04.695736+02:00
306895251,de:12067:900310978::2,0.0,2026-10-02T01:01:04.695736+02:00
306895251,de:12067:900311006::1,-0.5,2026-10-02T01:01:04.695736+02:00
306895251,de:12061:900261192::1,0.0,2026-10-02T01:01:04.695736+02:00
306895251,de:12061:900261610::2,-0.5,2026-10-02T01:01:04.695736+02:00
306895251,de:12061:900261459::2,0.0,2026-10-02T01:01:04.695736+02:00
306895251,de:12061:900261462::1,0.0,2026-10-02T01:01:04.695736+02:00
295932965,de:11000:900058101:5:59,0.0,2026-10-02T01:01:04.695736+02:00
295932965,de:11000:900068201:1:51,-0.3,2026-10-02T01:01:04.695736+02:00
295932965,de:11000:900079221:1:51,-0.9,2026-10-02T01:01:04.695736+02:00
295932965,de:11000:900078201:1:51,-0.6,2026-10-02T01:01:04.695736+02:00
295932965,de:11000:900077155:1:51,-0.2,2026-10-02T01:01:04.695736+02:00
295932965,de:11000:900191001:2:51,-0.7,2026-10-02T01:01:04.695736+02:00
295932965,de:11000:900192001:2:53,-0.7,2026-10-02T01:01:04.695736+02:00
295932965,de:11000:900192002:1:50,-0.5,2026-10-02T01:01:04.695736+02:00
295932965,de:11000:900180003:1:50,-0.7,2026-10-02T01:01:04.695736+02:00
307301989,de:11000:900024102:2:52,0.0,2026-10-02T01:01:04.695736+02:00
307301989,de:11000:900024101:3:55,-0.8,2026-10-02T01:01:04.695736+02:00
307301989,de:11000:900024203:1:51,-0.8,2026-10-02T01:01:04.695736+02:00
307301989,de:11000:900023201:3:54,-0.7,2026-10-02T01:01:04.695736+02:00
307301989,de:11000:900003103:1:50,-0.8,2026-10-02T01:01:04.695736+02:00
307301989,de:11000:900003102:1:50,-0.9,2026-10-02T01:01:04.695736+02:00
307301989,de:11000:900003201:3:54,-0.5,2026-10-02T01:01:04.695736+02:00
307301989,de:11000:900100001:3:54,-0.1,2026-10-02T01:01:04.695736+02:00
307301989,de:11000:900100002:1:50,-0.4,2026-10-02T01:01:04.695736+02:00
307301989,de:11000:900100003:2:52,-0.1,2026-10-02T01:01:04.695736+02:00
307301989,de:11000:900100004:1:50,-0.4,2026-10-02T01:01:04.695736+02:00
307301989,de:11000:900120005:4:55,-0.6,2026-10-02T01:01:04.695736+02:00
307301989,de:11000:900120004:1:50,-0.1,2026-10-02T01:01:04.695736+02:00
307301989,de:11000:900120003:2:53,-0.4,2026-10-02T01:01:04.695736+02:00
307301989,de:11000:900160003:1:50,-0.7,2026-10-02T01:01:04.695736+02:00
307301989,de:11000:900160004:1:50,-0.7,2026-10-02T01:01:04.695736+02:00
307301989,de:11000:900171002:1:50,-0.2,2026-10-02T01:01:04.695736+02:00
307301989,de:11000:900171001:2:51,-0.3,2026-10-02T01:01:04.695736+02:00
307301989,de:11000:900175001:2:51,-0.5,2026-10-02T01:01:04.695736+02:00
307301989,de:11000:900175002:1:51,0.0,2026-10-02T01:01:04.695736+02:00
307301989,de:11000:900176001:2:52,-0.3,2026-10-02T01:01:04.695736+02:00
307301989,de:12064:900320026:1:51,-0.1,2026-10-02T01:01:04.695736+02:00
307301989,de:12064:900320008:1:50,-0.7,2026-10-02T01:01:04.695736+02:00
307301989,de:12064:900320007:1:50,-0.4,2026-10-02T01:01:04.695736+02:00
307301989,de:12064:900320006:1:50,-0.8,2026-10-02T01:01:04.695736+02:00
307301989,de:12064:900320005:1:50,-0.2,2026-10-02T01:01:04.695736+02:00
307301989,de:12064:900320004:2:51,-0.9,2026-10-02T01:01:04.695736+02:00
307301989,de:12064:900320003:1:50,-0.8,2026-10-02T01:01:04.695736+02:00
307301989,de:12064:900320002:1:50,-0.5,2026-10-02T01:01:04.695736+02:00
307301989,de:12064:900320001:1:50,-0.2,2026-10-02T01:01:04.695736+02:00
307301983,de:11000:900024102:2:52,0.0,2026-10-02T01:01:04.695736+02:00
307301983,de:11000:900024101:3:55,-0.8,2026-10-02T01:01:04.695736+02:00
307301983,de:11000:900024203:1:51,-0.8,2026-10-02T01:01:04.695736+02:00
307301983,de:11000:900023201:3:54,-0.7,2026-10-02T01:01:04.695736+02:00
307301983,de:11000:900003103:1:50,-0.8,2026-10-02T01:01:04.695736+02:00
307301983,de:11000:900003102:1:50,-0.9,2026-10-02T01:01:04.695736+02:00
307301983,de:11000:900003201:3:54,-0.5,2026-10-02T01:01:04.695736+02:00
307301983,de:11000:900100001:3:54,-0.1,2026-10-02T01:01:04.695736+02:00
307301983,de:11000:900100002:1:50,-0.4,2026-10-02T01:01:04.695736+02:00
307301983,de:11000:900100003:2:52,-0.1,2026-10-02T01:01:04.695736+02:00
307301983,de:11000:900100004:1:50,-0.4,2026-10-02T01:01:04.695736+02:00
307301983,de:11000:900120005:4:55,-0.6,2026-10-02T01:01:04.695736+02:00
307301983,de:11000:900120004:1:50,-0.1,2026-10-02T01:01:04.695736+02:00
307301983,de:11000:900120003:2:53,-0.4,2026-10-02T01:01:04.695736+02:00
307301983,de:11000:900160003:1:50,-0.7,2026-10-02T01:01:04.695736+02:00
307301983,de:11000:900160004:1:50,-0.7,2026-10-02T01:01:04.695736+02:00
307301983,de:11000:900171002:1:50,-0.2,2026-10-02T01:01:04.695736+02:00
307301983,de:11000:900171001:2:51,-0.3,2026-10-02T01:01:04.695736+02:00
307301983,de:11000:900175001:2:51,-0.5,2026-10-02T01:01:04.695736+02:00
307301983,de:11000:900175002:1:51,0.0,2026-10-02T01:01:04.695736+02:00
307301983,de:11000:900176001:2:52,-0.3,2026-10-02T01:01:04.695736+02:00
307301983,de:12064:900320026:1:51,-0.1,2026-10-02T01:01:04.695736+02:00
307301983,de:12064:900320008:1:50,-0.7,2026-10-02T01:01:04.695736+02:00
307301983,de:12064:900320007:1:50,-0.4,2026-10-02T01:01:04.695736+02:00
307301983,de:12064:900320006:1:50,-0.8,2026-10-02T01:01:04.695736+02:00
307301983,de:12064:900320005:1:50,-0.2,2026-10-02T01:01:04.695736+02:00
307301983,de:12064:900320004:2:51,-0.9,2026-10-02T01:01:04.695736+02:00
307301983,de:12064:900320003:1:50,-0.8,2026-10-02T01:01:04.695736+02:00
307301983,de:12064:900320002:1:50,-0.5,2026-10-02T01:01:04.695736+02:00
307301983,de:12064:900320001:1:50,-0.2,2026-10-02T01:01:04.695736+02:00
306896788,de:12067:900310611::1,0.0,2026-10-02T01:01:04.695736+02:00
306896788,de:12067:900311058::2,0.0,2026-10-02T01:01:04.695736+02:00
306896788,de:12067:900311110::4,0.0,2026-10-02T01:01:04.695736+02:00
306896788,de:12067:900311055::1,0.0,2026-10-02T01:01:04.695736+02:00
306896788,de:12067:900311054::1,0.0,2026-10-02T01:01:04.695736+02:00
306896788,de:12067:900311110::1,0.0,2026-10-02T01:01:04.695736+02:00
306896788,de:12067:900311059::2,0.0,2026-10-02T01:01:04.695736+02:00
306896788,de:12067:900311113::2,0.0,2026-10-02T01:01:04.695736+02:00
306896788,de:12067:900311057::2,0.0,2026-10-02T01:01:04.695736+02:00
306896788,de:12067:900311118::2,0.0,2026-10-02T01:01:04.695736+02:00
306896788,de:12067:900310904::2,0.0,2026-10-02T01:01:04.695736+02:00
306896788,de:12067:900310991::2,0.0,2026-10-02T01:01:04.695736+02:00
306896788,de:12067:900310990::1,0.0,2026-10-02T01:01:04.695736+02:00
306896788,de:12067:900310989::2,0.0,2026-10-02T01:01:04.695736+02:00
306896788,de:12067:900310992::2,-0.5,2026-10-02T01:01:04.695736+02:00
306896788,de:12067:900310995::1,0.0,2026-10-02T01:01:04.695736+02:00
306896788,de:12067:900310779::2,0.0,2026-10-02T01:01:04.695736+02:00
306896788,de:12067:900310808::2,0.0,2026-10-02T01:01:04.695736+02:00
306896788,de:12067:900310822::2,0.0,2026-10-02T01:01:04.695736+02:00
306896788,de:12067:900310781::2,0.0,2026-10-02T01:01:04.695736+02:00
306896788,de:12067:900310627::2,0.0,2026-10-02T01:01:04.695736+02:00
306896788,de:12067:900310816::2,0.0,2026-10-02T01:01:04.695736+02:00
306896788,de:12067:900310022::1,0.0,2026-10-02T01:01:04.695736+02:00
306896788,de:12067:900310001::11,0.0,2026-10-02T01:01:04.695736+02:00
295942216,de:11000:900120004:1:51,0.0,2026-10-02T01:01:04.695736+02:00
295942216,de:11000:900120003:2:52,-0.9,2026-10-02T01:01:04.695736+02:00
295942216,de:11000:900160003:1:50,-0.7,2026-10-02T01:01:04.695736+02:00
295942216,de:11000:900160004:1:50,-0.7,2026-10-02T01:01:04.695736+02:00
295942216,de:11000:900171002:1:50,-0.2,2026-10-02T01:01:04.695736+02:00
295942216,de:11000:900171001:2:51,-0.3,2026-10-02T01:01:04.695736+02:00
295942216,de:11000:900175001:2:51,-0.5,2026-10-02T01:01:04.695736+02:00
295942216,de:11000:900175002:1:51,0.0,2026-10-02T01:01:04.695736+02:00
295942216,de:11000:900176001:1:50,-0.7,2026-10-02T01:01:04.695736+02:00
295942206,de:11000:900120004:1:51,0.0,2026-10-02T01:01:04.695736+02:00
295942206,de:11000:900120003:2:52,-0.9,2026-10-02T01:01:04.695736+02:00
295942206,de:11000:900160003:1:50,-0.7,2026-10-02T01:01:04.695736+02:00
295942206,de:11000:900160004:1:50,-0.7,2026-10-02T01:01:04.695736+02:00
295942206,de:11000:900171002:1:50,-0.2,2026-10-02T01:01:04.695736+02:00
295942206,de:11000:900171001:2:51,-0.3,2026-10-02T01:01:04.695736+02:00
295942206,de:11000:900175001:2:51,-0.5,2026-10-02T01:01:04.695736+02:00
295942206,de:11000:900175002:1:51,0.0,2026-10-02T01:01:04.695736+02:00
295942206,de:11000:900176001:1:50,-0.7,2026-10-02T01:01:04.695736+02:00
295942204,de:11000:900120004:1:51,0.0,2026-10-02T01:01:04.695736+02:00
295942204,de:11000:900120003:2:52,-0.9,2026-10-02T01:01:04.695736+02:00
295942204,de:11000:900160003:1:50,-0.7,2026-10-02T01:01:04.695736+02:00
295942204,de:11000:900160004:1:50,-0.7,2026-10-02T01:01:04.695736+02:00
295942204,de:11000:900171002:1:50,-0.2,2026-10-02T01:01:04.695736+02:00
295942204,de:11000:900171001:2:51,-0.3,2026-10-02T01:01:04.695736+02:00
295942204,de:11000:900175001:2:51,-0.5,2026-10-02T01:01:04.695736+02:00
295942204,de:11000:900175002:1:51,0.0,2026-10-02T01:01:04.695736+02:00
295942204,de:11000:900176001:1:50,-0.7,2026-10-02T01:01:04.695736+02:00
295940257,de:12064:900320008:1:51,0.0,2026-10-02T01:01:04.695736+02:00
295940257,de:12064:900320026:1:50,-0.3,2026-10-02T01:01:04.695736+02:00
295940257,de:11000:900176001:1:51,-0.7,2026-10-02T01:01:04.695736+02:00
295940257,de:11000:900175002:1:50,-0.7,2026-10-02T01:01:04.695736+02:00
295940257,de:11000:900175001:1:50,-0.6,2026-10-02T01:01:04.695736+02:00
295940257,de:11000:900171001:1:50,-0.3,2026-10-02T01:01:04.695736+02:00
295940257,de:11000:900171002:1:51,-0.4,2026-10-02T01:01:04.695736+02:00
295940257,de:11000:900160004:1:51,-0.8,2026-10-02T01:01:04.695736+02:00
295940257,de:11000:900160003:1:51,-0.9,2026-10-02T01:01:04.695736+02:00
295940257,de:11000:900120003:3:55,-0.1,2026-10-02T01:01:04.695736+02:00
295940257,de:11000:900120004:2:53,-0.6,2026-10-02T01:01:04.695736+02:00
295940257,de:11000:900120005:5:58,-0.9,2026-10-02T01:01:04.695736+02:00
295940257,de:11000:900100004:1:51,-0.4,2026-10-02T01:01:04.695736+02:00
295940257,de:11000:900100003:2:53,-0.4,2026-10-02T01:01:04.695736+02:00
295940257,de:11000:900100002:1:51,-0.4,2026-10-02T01:01:04.695736+02:00
295940257,de:11000:900100001:3:55,-0.4,2026-10-02T01:01:04.695736+02:00
295940257,de:11000:900003201:3:55,-0.1,2026-10-02T01:01:04.695736+02:00
295940257,de:11000:900003102:1:51,-0.8,2026-10-02T01:01:04.695736+02:00
295940257,de:11000:900003103:1:51,-0.9,2026-10-02T01:01:04.695736+02:00
295940257,de:11000:900023201:3:55,-0.8,2026-10-02T01:01:04.695736+02:00
295940257,de:11000:900024203:1:51,-0.8,2026-10-02T01:01:04.695736+02:00
295940257,de:11000:900024101:4:57,-0.8,2026-10-02T01:01:04.695736+02:00
295940257,de:11000:900024102:1:51,-0.1,2026-10-02T01:01:04.695736+02:00
295940159,de:11000:900024102:2:52,0.0,2026-10-02T01:01:04.695736+02:00
295940159,de:11000:900024101:3:54,-0.8,2026-10-02T01:01:04.695736+02:00
295940159,de:11000:900024203:1:51,-0.8,2026-10-02T01:01:04.695736+02:00
295940159,de:11000:900023201:3:54,-0.7,2026-10-02T01:01:04.695736+02:00
295940159,de:11000:900003103:1:50,-0.8,2026-10-02T01:01:04.695736+02:00
295940159,de:11000:900003102:1:50,-0.9,2026-10-02T01:01:04.695736+02:00
295940159,de:11000:900003201:3:54,-0.5,2026-10-02T01:01:04.695736+02:00
295940159,de:11000:900100001:3:54,-0.1,2026-10-02T01:01:04.695736+02:00
295940159,de:11000:900100002:1:50,-0.4,2026-10-02T01:01:04.695736+02:00
295940159,de:11000:900100003:2:52,-0.1,2026-10-02T01:01:04.695736+02:00
295940159,de:11000:900100004:1:50,-0.4,2026-10-02T01:01:04.695736+02:00
295940159,de:11000:900120005:4:55,-0.6,2026-10-02T01:01:04.695736+02:00
295940159,de:11000:900120004:1:50,-0.1,2026-10-02T01:01:04.695736+02:00
295940159,de:11000:900120003:2:53,-0.4,2026-10-02T01:01:04.695736+02:00
295940159,de:11000:900160003:1:50,-0.7,2026-10-02T01:01:04.695736+02:00
295940159,de:11000:900160004:1:50,-0.7,2026-10-02T01:01:04.695736+02:00
295940159,de:11000:900171002:1:50,-0.2,2026-10-02T01:01:04.695736+02:00
295940159,de:11000:900171001:2:51,-0.3,2026-10-02T01:01:04.695736+02:00
295940159,de:11000:900175001:2:51,-0.5,2026-10-02T01:01:04.695736+02:00
295940159,de:11000:900175002:1:51,0.0,2026-10-02T01:01:04.695736+02:00
295940159,de:11000:900176001:2:52,-0.3,2026-10-02T01:01:04.695736+02:00
295940159,de:12064:900320026:1:51,-0.1,2026-10-02T01:01:04.695736+02:00
295940159,de:12064:900320008:1:50,-0.7,2026-10-02T01:01:04.695736+02:00
295940248,de:12064:900320008:1:51,0.0,2026-10-02T01:01:04.695736+02:00
295940248,de:12064:900320026:1:50,-0.3,2026-10-02T01:01:04.695736+02:00
295940248,de:11000:900176001:1:51,-0.7,2026-10-02T01:01:04.695736+02:00
295940248,de:11000:900175002:1:50,-0.7,2026-10-02T01:01:04.695736+02:00
295940248,de:11000:900175001:1:50,-0.6,2026-10-02T01:01:04.695736+02:00
295940248,de:11000:900171001:1:50,-0.3,2026-10-02T01:01:04.695736+02:00
295940248,de:11000:900171002:1:51,-0.4,2026-10-02T01:01:04.695736+02:00
295940248,de:11000:900160004:1:51,-0.8,2026-10-02T01:01:04.695736+02:00
295940248,de:11000:900160003:1:51,-0.9,2026-10-02T01:01:04.695736+02:00
295940248,de:11000:900120003:3:55,-0.1,2026-10-02T01:01:04.695736+02:00
295940248,de:11000:900120004:2:53,-0.6,2026-10-02T01:01:04.695736+02:00
295940248,de:11000:900120005:5:58,-0.9,2026-10-02T01:01:04.695736+02:00
295940248,de:11000:900100004:1:51,-0.4,2026-10-02T01:01:04.695736+02:00
295940248,de:11000:900100003:2:53,-0.4,2026-10-02T01:01:04.695736+02:00
295940248,de:11000:900100002:1:51,-0.4,2026-10-02T01:01:04.695736+02:00
295940248,de:11000:900100001:3:55,-0.4,2026-10-02T01:01:04.695736+02:00
295940248,de:11000:900003201:3:55,-0.1,2026-10-02T01:01:04.695736+02:00
295940248,de:11000:900003102:1:51,-0.8,2026-10-02T01:01:04.695736+02:00
295940248,de:11000:900003103:1:51,-0.9,2026-10-02T01:01:04.695736+02:00
295940248,de:11000:900023201:3:55,-0.8,2026-10-02T01:01:04.695736+02:00
295940248,de:11000:900024203:1:51,-0.8,2026-10-02T01:01:04.695736+02:00
295940248,de:11000:900024101:4:57,-0.8,2026-10-02T01:01:04.695736+02:00
295940248,de:11000:900024102:1:51,-0.1,2026-10-02T01:01:04.695736+02:00
307420170,de:12073:900340027:1:50,0.0,2026-10-02T01:01:04.695736+02:00
307420170,de:12073:900340026:1:50,0.0,2026-10-02T01:01:04.695736+02:00
307420170,de:12073:900340353:1:50,0.0,2026-10-02T01:01:04.695736+02:00
307420170,de:12065:900203956:1:50,0.0,2026-10-02T01:01:04.695736+02:00
307420170,de:12065:900203898:1:50,0.0,2026-10-02T01:01:04.695736+02:00
307420170,de:12065:900203853:2:51,0.0,2026-10-02T01:01:04.695736+02:00
307420170,de:12065:900203942:1:50,0.0,2026-10-02T01:01:04.695736+02:00
307420170,de:12065:900203780:2:52,0.0,2026-10-02T01:01:04.695736+02:00
307420170,de:12065:900203961:1:51,0.0,2026-10-02T01:01:04.695736+02:00
307420170,de:12065:900200043:2:51,0.0,2026-10-02T01:01:04.695736+02:00
307420170,de:12065:900200041:2:51,0.0,2026-10-02T01:01:04.695736+02:00
307420170,de:12065:900200005:2:2,0.0,2026-10-02T01:01:04.695736+02:00
307420170,de:11000:900152001:3:53,0.0,2026-10-02T01:01:04.695736+02:00
307420170,de:11000:900160004:3:55,0.0,2026-10-02T01:01:04.695736+02:00
307420170,de:11000:900120003:7:61,0.0,2026-10-02T01:01:04.695736+02:00
306895223,de:12067:900311308::5,0.0,2026-10-02T01:01:04.695736+02:00
306895223,de:12067:900311380::1,0.0,2026-10-02T01:01:04.695736+02:00
306895223,de:12067:900311348::1,0.0,2026-10-02T01:01:04.695736+02:00
306895223,de:12067:900311315::1,0.0,2026-10-02T01:01:04.695736+02:00
306895223,de:12067:900311383::3,0.0,2026-10-02T01:01:04.695736+02:00
306895223,de:12067:900311312::1,0.0,2026-10-02T01:01:04.695736+02:00
306895223,de:12067:900311311::1,0.0,2026-10-02T01:01:04.695736+02:00
306895223,de:12067:900311402::2,0.0,2026-10-02T01:01:04.695736+02:00
306895223,de:12067:900311227::2,0.0,2026-10-02T01:01:04.695736+02:00
306895223,de:12067:900311239::1,0.0,2026-10-02T01:01:04.695736+02:00
306895223,de:12067:900311228::1,0.0,2026-10-02T01:01:04.695736+02:00
306895223,de:12067:900311269::1,0.0,2026-10-02T01:01:04.695736+02:00
306895223,de:12067:900310858::1,0.0,2026-10-02T01:01:04.695736+02:00
306895223,de:12067:900310060::1,0.0,2026-10-02T01:01:04.695736+02:00
306895223,de:12067:900310609::1,0.0,2026-10-02T01:01:04.695736+02:00
306895223,de:12067:900310909::1,0.0,2026-10-02T01:01:04.695736+02:00
306895223,de:12067:900310725::2,0.0,2026-10-02T01:01:04.695736+02:00
306895223,de:12067:900310738::2,0.0,2026-10-02T01:01:04.695736+02:00
306895223,de:12067:900310639::1,0.0,2026-10-02T01:01:04.695736+02:00
306895223,de:12067:900310626::1,0.0,2026-10-02T01:01:04.695736+02:00
306895223,de:12067:900311129::6,0.0,2026-10-02T01:01:04.695736+02:00
295946309,de:11000:900170004:1:50,0.0,2026-10-02T01:01:04.695736+02:00
295946309,de:11000:900170003:1:51,-0.3,2026-10-02T01:01:04.695736+02:00
295946309,de:11000:900170002:1:51,-0.1,2026-10-02T01:01:04.695736+02:00
295946309,de:11000:900170001:1:51,-0.9,2026-10-02T01:01:04.695736+02:00
295946309,de:11000:900170005:1:51,-0.7,2026-10-02T01:01:04.695736+02:00
295946309,de:11000:900171003:1:51,-0.6,2026-10-02T01:01:04.695736+02:00
295946309,de:11000:900171002:1:51,-0.9,2026-10-02T01:01:04.695736+02:00
295946309,de:11000:900160004:1:51,-0.3,2026-10-02T01:01:04.695736+02:00
295946309,de:11000:900160003:1:51,-0.4,2026-10-02T01:01:04.695736+02:00
295946309,de:11000:900120003:3:55,-0.6,2026-10-02T01:01:04.695736+02:00
295946309,de:11000:900120004:2:53,-0.1,2026-10-02T01:01:04.695736+02:00
295946309,de:11000:900120005:5:58,-0.4,2026-10-02T01:01:04.695736+02:00
295946309,de:11000:900100004:1:51,-0.9,2026-10-02T01:01:04.695736+02:00
295946309,de:11000:900100003:2:53,-0.9,2026-10-02T01:01:04.695736+02:00
295946309,de:11000:900100002:1:51,-0.9,2026-10-02T01:01:04.695736+02:00
295946309,de:11000:900100001:3:55,-0.9,2026-10-02T01:01:04.695736+02:00
295946309,de:11000:900003201:3:55,-0.6,2026-10-02T01:01:04.695736+02:00
295946309,de:11000:900003102:1:51,-0.3,2026-10-02T01:01:04.695736+02:00
295946309,de:11000:900003103:1:51,-0.4,2026-10-02T01:01:04.695736+02:00
295946309,de:11000:900023201:3:55,-0.3,2026-10-02T01:01:04.695736+02:00
295946309,de:11000:900024203:1:51,-0.3,2026-10-02T01:01:04.695736+02:00
295946309,de:11000:900024101:4:57,-0.3,2026-10-02T01:01:04.695736+02:00
295946309,de:11000:900024102:1:50,-0.6,2026-10-02T01:01:04.695736+02:00
295946309,de:11000:900048101:1:50,-0.8,2026-10-02T01:01:04.695736+02:00
295946309,de:11000:900052201:2:52,0.0,2026-10-02T01:01:04.695736+02:00
295946309,de:11000:900053301:1:50,-0.4,2026-10-02T01:01:04.695736+02:00
295946309,de:12054:900230003:1:50,-0.4,2026-10-02T01:01:04.695736+02:00
295946309,de:12054:900230000:1:51,-0.4,2026-10-02T01:01:04.695736+02:00
295946309,de:12054:900230999:3:55,-0.9,2026-10-02T01:01:04.695736+02:00
306895290,de:12067:900310001::3,0.0,2026-10-02T01:01:04.695736+02:00
306895290,de:12067:900310816::1,0.0,2026-10-02T01:01:04.695736+02:00
306895290,de:12067:900310627::1,0.0,2026-10-02T01:01:04.695736+02:00
306895290,de:12067:900310781::1,0.0,2026-10-02T01:01:04.695736+02:00
306895290,de:12067:900310822::1,0.0,2026-10-02T01:01:04.695736+02:00
306895290,de:12067:900310771::1,0.0,2026-10-02T01:01:04.695736+02:00
306895290,de:12067:900310800::1,0.0,2026-10-02T01:01:04.695736+02:00
306895290,de:12067:900310879::1,0.0,2026-10-02T01:01:04.695736+02:00
306895290,de:12067:900310010::4,0.0,2026-10-02T01:01:04.695736+02:00
306895290,de:12067:900310880::1,0.0,2026-10-02T01:01:04.695736+02:00
306895290,de:12067:900310900::1,0.0,2026-10-02T01:01:04.695736+02:00
306895290,de:12067:900310917::1,0.0,2026-10-02T01:01:04.695736+02:00
306895290,de:12067:900310916::1,-0.5,2026-10-02T01:01:04.695736+02:00
306895290,de:12067:900310915::1,-0.5,2026-10-02T01:01:04.695736+02:00
306895290,de:12067:900310703::4,0.0,2026-10-02T01:01:04.695736+02:00
306895290,de:12067:900310914::1,0.0,2026-10-02T01:01:04.695736+02:00
306895290,de:12067:900310974::1,0.0,2026-10-02T01:01:04.695736+02:00
306895290,de:12067:900311084::1,0.0,2026-10-02T01:01:04.695736+02:00
306895290,de:12067:900311092::1,0.0,2026-10-02T01:01:04.695736+02:00
306895290,de:12067:900310866::2,0.0,2026-10-02T01:01:04.695736+02:00
306895290,de:12067:900311160::1,0.0,2026-10-02T01:01:04.695736+02:00
306895290,de:12067:900310874::1,0.0,2026-10-02T01:01:04.695736+02:00
306895290,de:12067:900310874::1,-6.0,2026-10-02T01:01:04.695736+02:00
306895290,de:12067:900310925::1,0.0,2026-10-02T01:01:04.695736+02:00
306895290,de:12067:900310874::1,6.0,2026-10-02T01:01:04.695736+02:00
306895290,de:12067:900310874::1,0.0,2026-10-02T01:01:04.695736+02:00
306895290,de:12067:900311085::2,0.0,2026-10-02T01:01:04.695736+02:00
306895290,de:12067:900310908::1,0.0,2026-10-02T01:01:04.695736+02:00
306895290,de:12067:900311020::1,0.0,2026-10-02T01:01:04.695736+02:00
306895290,de:12067:900310834::1,0.0,2026-10-02T01:01:04.695736+02:00
306895290,de:12067:900311020::2,0.0,2026-10-02T01:01:04.695736+02:00
306895290,de:12067:900311002::1,0.0,2026-10-02T01:01:04.695736+02:00
306895290,de:12067:900310841::1,0.0,2026-10-02T01:01:04.695736+02:00
306895290,de:12067:900310737::1,0.0,2026-10-02T01:01:04.695736+02:00
306895290,de:12067:900310736::1,0.0,2026-10-02T01:01:04.695736+02:00
306895290,de:12067:900310740::1,0.0,2026-10-02T01:01:04.695736+02:00
306895290,de:12067:900310716::2,0.0,2026-10-02T01:01:04.695736+02:00
306895290,de:12067:900310942::2,0.0,2026-10-02T01:01:04.695736+02:00
306895290,de:12067:900310721::1,0.0,2026-10-02T01:01:04.695736+02:00
306895290,de:12067:900310755::2,0.0,2026-10-02T01:01:04.695736+02:00
306895290,de:12067:900310728::3,0.0,2026-10-02T01:01:04.695736+02:00
306895290,de:12067:900311129::6,0.0,2026-10-02T01:01:04.695736+02:00
295946180,de:12054:900230999:3:54,0.0,2026-10-02T01:01:04.695736+02:00
295946180,de:12054:900230000:1:50,-0.3,2026-10-02T01:01:04.695736+02:00
295946180,de:12054:900230003:1:54,-0.3,2026-10-02T01:01:04.695736+02:00
295946180,de:11000:900053301:2:53,-0.4,2026-10-02T01:01:04.695736+02:00
295946180,de:11000:900052201:2:53,-0.7,2026-10-02T01:01:04.695736+02:00
295946180,de:11000:900048101:2:53,-0.9,2026-10-02T01:01:04.695736+02:00
295946180,de:11000:900024102:2:53,-0.9,2026-10-02T01:01:04.695736+02:00
295946180,de:11000:900024101:3:55,-0.3,2026-10-02T01:01:04.695736+02:00
295946180,de:11000:900024203:1:51,-0.3,2026-10-02T01:01:04.695736+02:00
295946180,de:11000:900023201:3:54,-0.2,2026-10-02T01:01:04.695736+02:00
295946180,de:11000:900003103:1:50,-0.3,2026-10-02T01:01:04.695736+02:00
295946180,de:11000:900003102:1:50,-0.4,2026-10-02T01:01:04.695736+02:00
295946180,de:11000:900003201:3:54,0.0,2026-10-02T01:01:04.695736+02:00
295946180,de:11000:900100001:3:54,-0.6,2026-10-02T01:01:04.695736+02:00
295946180,de:11000:900100002:1:50,-0.9,2026-10-02T01:01:04.695736+02:00
295946180,de:11000:900100003:2:52,-0.6,2026-10-02T01:01:04.695736+02:00
295946180,de:11000:900100004:1:50,-0.9,2026-10-02T01:01:04.695736+02:00
295946180,de:11000:900120005:4:55,-0.1,2026-10-02T01:01:04.695736+02:00
295946180,de:11000:900120004:1:50,-0.6,2026-10-02T01:01:04.695736+02:00
295946180,de:11000:900120003:2:53,-0.9,2026-10-02T01:01:04.695736+02:00
295946180,de:11000:900160003:1:50,-0.2,2026-10-02T01:01:04.695736+02:00
295946180,de:11000:900160004:1:50,-0.2,2026-10-02T01:01:04.695736+02:00
295946180,de:11000:900171002:1:50,-0.7,2026-10-02T01:01:04.695736+02:00
295946180,de:11000:900171003:1:50,-0.8,2026-10-02T01:01:04.695736+02:00
295946180,de:11000:900170005:1:50,-0.3,2026-10-02T01:01:04.695736+02:00
295946180,de:11000:900170001:1:50,-0.1,2026-10-02T01:01:04.695736+02:00
295946180,de:11000:900170002:1:50,-0.9,2026-10-02T01:01:04.695736+02:00
295946180,de:11000:900170003:1:50,-0.7,2026-10-02T01:01:04.695736+02:00
295946180,de:11000:900170004:1:50,-0.9,2026-10-02T01:01:04.695736+02:00
295953601,de:11000:900151001:1:51,0.0,2026-10-02T01:01:04.695736+02:00
295953601,de:11000:900152001:1:51,-0.6,2026-10-02T01:01:04.695736+02:00
295953601,de:11000:900152002:1:51,-0.2,2026-10-02T01:01:04.695736+02:00
295953601,de:11000:900171003:1:51,-0.9,2026-10-02T01:01:04.695736+02:00
295953601,de:11000:900171002:1:51,-0.9,2026-10-02T01:01:04.695736+02:00
295953601,de:11000:900160004:1:51,-0.3,2026-10-02T01:01:04.695736+02:00
295953601,de:11000:900160003:1:51,-0.4,2026-10-02T01:01:04.695736+02:00
295953601,de:11000:900120003:3:54,-0.6,2026-10-02T01:01:04.695736+02:00
295953601,de:11000:900120004:2:52,-0.1,2026-10-02T01:01:04.695736+02:00
295953588,de:11000:900151001:1:51,0.0,2026-10-02T01:01:04.695736+02:00
295953588,de:11000:900152001:1:51,-0.6,2026-10-02T01:01:04.695736+02:00
295953588,de:11000:900152002:1:51,-0.2,2026-10-02T01:01:04.695736+02:00
295953588,de:11000:900171003:1:51,-0.9,2026-10-02T01:01:04.695736+02:00
295953588,de:11000:900171002:1:51,-0.9,2026-10-02T01:01:04.695736+02:00
295953588,de:11000:900160004:1:51,-0.3,2026-10-02T01:01:04.695736+02:00
295953588,de:11000:900160003:1:51,-0.4,2026-10-02T01:01:04.695736+02:00
295953588,de:11000:900120003:3:54,-0.6,2026-10-02T01:01:04.695736+02:00
295953588,de:11000:900120004:2:52,-0.1,2026-10-02T01:01:04.695736+02:00
295953486,de:11000:900120004:1:51,0.0,2026-10-02T01:01:04.695736+02:00
295953486,de:11000:900120003:2:52,-0.9,2026-10-02T01:01:04.695736+02:00
295953486,de:11000:900160003:1:50,-0.2,2026-10-02T01:01:04.695736+02:00
295953486,de:11000:900160004:1:50,-0.2,2026-10-02T01:01:04.695736+02:00
295953486,de:11000:900171002:1:50,-0.7,2026-10-02T01:01:04.695736+02:00
295953486,de:11000:900171003:1:50,-0.8,2026-10-02T01:01:04.695736+02:00
295953486,de:11000:900152002:1:50,-0.4,2026-10-02T01:01:04.695736+02:00
295953486,de:11000:900152001:1:50,-0.6,2026-10-02T01:01:04.695736+02:00
295953486,de:11000:900151001:1:51,-0.9,2026-10-02T01:01:04.695736+02:00
295953585,de:11000:900151001:1:51,0.0,2026-10-02T01:01:04.695736+02:00
295953585,de:11000:900152001:1:51,-0.6,2026-10-02T01:01:04.695736+02:00
295953585,de:11000:900152002:1:51,-0.2,2026-10-02T01:01:04.695736+02:00
295953585,de:11000:900171003:1:51,-0.9,2026-10-02T01:01:04.695736+02:00
295953585,de:11000:900171002:1:51,-0.9,2026-10-02T01:01:04.695736+02:00
295953585,de:11000:900160004:1:51,-0.3,2026-10-02T01:01:04.695736+02:00
295953585,de:11000:900160003:1:51,-0.4,2026-10-02T01:01:04.695736+02:00
295953585,de:11000:900120003:3:54,-0.6,2026-10-02T01:01:04.695736+02:00
295953585,de:11000:900120004:2:52,-0.1,2026-10-02T01:01:04.695736+02:00
295953484,de:11000:900120004:1:51,0.0,2026-10-02T01:01:04.695736+02:00
295953484,de:11000:900120003:2:52,-0.9,2026-10-02T01:01:04.695736+02:00
295953484,de:11000:900160003:1:50,-0.2,2026-10-02T01:01:04.695736+02:00
295953484,de:11000:900160004:1:50,-0.2,2026-10-02T01:01:04.695736+02:00
295953484,de:11000:900171002:1:50,-0.7,2026-10-02T01:01:04.695736+02:00
295953484,de:11000:900171003:1:50,-0.8,2026-10-02T01:01:04.695736+02:00
295953484,de:11000:900152002:1:50,-0.4,2026-10-02T01:01:04.695736+02:00
295953484,de:11000:900152001:1:50,-0.6,2026-10-02T01:01:04.695736+02:00
295953484,de:11000:900151001:1:51,-0.9,2026-10-02T01:01:04.695736+02:00
295949480,de:12054:900230999:3:55,0.0,2026-10-02T01:01:04.695736+02:00
295949480,de:12054:900230000:1:50,-0.3,2026-10-02T01:01:04.695736+02:00
295949480,de:12054:900230003:1:54,-0.3,2026-10-02T01:01:04.695736+02:00
295949480,de:11000:900053301:2:53,-0.4,2026-10-02T01:01:04.695736+02:00
295949480,de:11000:900052201:2:53,-0.7,2026-10-02T01:01:04.695736+02:00
295949480,de:11000:900048101:2:53,-0.9,2026-10-02T01:01:04.695736+02:00
295949480,de:11000:900024102:2:53,-0.9,2026-10-02T01:01:04.695736+02:00
295949480,de:11000:900024101:3:55,-0.3,2026-10-02T01:01:04.695736+02:00
295949480,de:11000:900024203:1:51,-0.3,2026-10-02T01:01:04.695736+02:00
295949480,de:11000:900023201:3:54,-0.2,2026-10-02T01:01:04.695736+02:00
295949480,de:11000:900003103:1:50,-0.3,2026-10-02T01:01:04.695736+02:00
295949480,de:11000:900003102:1:50,-0.4,2026-10-02T01:01:04.695736+02:00
295949480,de:11000:900003201:3:54,0.0,2026-10-02T01:01:04.695736+02:00
295949480,de:11000:900100001:3:54,-0.6,2026-10-02T01:01:04.695736+02:00
295949480,de:11000:900100002:1:50,-0.9,2026-10-02T01:01:04.695736+02:00
295949480,de:11000:900100003:2:52,-0.6,2026-10-02T01:01:04.695736+02:00
295949480,de:11000:900100004:1:50,-0.9,2026-10-02T01:01:04.695736+02:00
295949480,de:11000:900120005:4:55,-0.1,2026-10-02T01:01:04.695736+02:00
295949480,de:11000:900120004:1:50,-0.6,2026-10-02T01:01:04.695736+02:00
295949480,de:11000:900120003:2:53,-0.9,2026-10-02T01:01:04.695736+02:00
295949480,de:11000:900160003:1:50,-0.2,2026-10-02T01:01:04.695736+02:00
295949480,de:11000:900160004:1:50,-0.2,2026-10-02T01:01:04.695736+02:00
295949480,de:11000:900171002:1:50,-0.7,2026-10-02T01:01:04.695736+02:00
295949480,de:11000:900171003:1:50,-0.8,2026-10-02T01:01:04.695736+02:00
295949480,de:11000:900170005:1:50,-0.3,2026-10-02T01:01:04.695736+02:00
295949480,de:11000:900170001:1:50,-0.1,2026-10-02T01:01:04.695736+02:00
295949480,de:11000:900170002:1:50,-0.9,2026-10-02T01:01:04.695736+02:00
295949480,de:11000:900170003:1:50,-0.7,2026-10-02T01:01:04.695736+02:00
295949480,de:11000:900170004:2:52,-0.9,2026-10-02T01:01:04.695736+02:00
295956037,de:11000:900120004:1:51,0.0,2026-10-02T01:01:04.695736+02:00
295956037,de:11000:900120003:2:52,-0.9,2026-10-02T01:01:04.695736+02:00
295956037,de:11000:900160003:1:50,-0.2,2026-10-02T01:01:04.695736+02:00
295956037,de:11000:900160004:1:50,-0.2,2026-10-02T01:01:04.695736+02:00
295956037,de:11000:900171002:1:50,-0.7,2026-10-02T01:01:04.695736+02:00
295956037,de:11000:900171003:1:50,-0.8,2026-10-02T01:01:04.695736+02:00
295956037,de:11000:900152002:1:50,-0.4,2026-10-02T01:01:04.695736+02:00
295956037,de:11000:900152001:1:50,-0.6,2026-10-02T01:01:04.695736+02:00
295956037,de:11000:900151001:1:50,-0.9,2026-10-02T01:01:04.695736+02:00
295956009,de:11000:900120004:1:51,0.0,2026-10-02T01:01:04.695736+02:00
295956009,de:11000:900120003:2:52,-0.9,2026-10-02T01:01:04.695736+02:00
295956009,de:11000:900160003:1:50,-0.2,2026-10-02T01:01:04.695736+02:00
295956009,de:11000:900160004:1:50,-0.2,2026-10-02T01:01:04.695736+02:00
295956009,de:11000:900171002:1:50,-0.7,2026-10-02T01:01:04.695736+02:00
295956009,de:11000:900171003:1:50,-0.8,2026-10-02T01:01:04.695736+02:00
295956009,de:11000:900152002:1:50,-0.4,2026-10-02T01:01:04.695736+02:00
295956009,de:11000:900152001:1:50,-0.6,2026-10-02T01:01:04.695736+02:00
295956009,de:11000:900151001:1:50,-0.9,2026-10-02T01:01:04.695736+02:00
295949457,de:12054:900230999:3:55,0.0,2026-10-02T01:01:04.695736+02:00
295949457,de:12054:900230000:1:50,-0.3,2026-10-02T01:01:04.695736+02:00
295949457,de:12054:900230003:1:54,-0.3,2026-10-02T01:01:04.695736+02:00
295949457,de:11000:900053301:2:53,-0.4,2026-10-02T01:01:04.695736+02:00
295949457,de:11000:900052201:2:53,-0.7,2026-10-02T01:01:04.695736+02:00
295949457,de:11000:900048101:2:53,-0.9,2026-10-02T01:01:04.695736+02:00
295949457,de:11000:900024102:2:53,-0.9,2026-10-02T01:01:04.695736+02:00
295949457,de:11000:900024101:3:55,-0.3,2026-10-02T01:01:04.695736+02:00
295949457,de:11000:900024203:1:51,-0.3,2026-10-02T01:01:04.695736+02:00
295949457,de:11000:900023201:3:54,-0.2,2026-10-02T01:01:04.695736+02:00
295949457,de:11000:900003103:1:50,-0.3,2026-10-02T01:01:04.695736+02:00
295949457,de:11000:900003102:1:50,-0.4,2026-10-02T01:01:04.695736+02:00
295949457,de:11000:900003201:3:54,0.0,2026-10-02T01:01:04.695736+02:00
295949457,de:11000:900100001:3:54,-0.6,2026-10-02T01:01:04.695736+02:00
295949457,de:11000:900100002:1:50,-0.9,2026-10-02T01:01:04.695736+02:00
295949457,de:11000:900100003:2:52,-0.6,2026-10-02T01:01:04.695736+02:00
295949457,de:11000:900100004:1:50,-0.9,2026-10-02T01:01:04.695736+02:00
295949457,de:11000:900120005:4:55,-0.1,2026-10-02T01:01:04.695736+02:00
295949457,de:11000:900120004:1:50,-0.6,2026-10-02T01:01:04.695736+02:00
295949457,de:11000:900120003:2:53,-0.9,2026-10-02T01:01:04.695736+02:00
295949457,de:11000:900160003:1:50,-0.2,2026-10-02T01:01:04.695736+02:00
295949457,de:11000:900160004:1:50,-0.2,2026-10-02T01:01:04.695736+02:00
295949457,de:11000:900171002:1:50,-0.7,2026-10-02T01:01:04.695736+02:00
295949457,de:11000:900171003:1:50,-0.8,2026-10-02T01:01:04.695736+02:00
295949457,de:11000:900170005:1:50,-0.3,2026-10-02T01:01:04.695736+02:00
295949457,de:11000:900170001:1:50,-0.1,2026-10-02T01:01:04.695736+02:00
295949457,de:11000:900170002:1:50,-0.9,2026-10-02T01:01:04.695736+02:00
295949457,de:11000:900170003:1:50,-0.7,2026-10-02T01:01:04.695736+02:00
295949457,de:11000:900170004:2:52,-0.9,2026-10-02T01:01:04.695736+02:00
307436885,de:12061:900261512:2:52,0.0,2026-10-02T01:01:04.695736+02:00
307436885,de:12066:900435602:2:51,0.0,2026-10-02T01:01:04.695736+02:00
307436885,de:12066:900435459:2:52,0.0,2026-10-02T01:01:04.695736+02:00
307436885,de:12066:900435818:1:50,0.0,2026-10-02T01:01:04.695736+02:00
307436885,de:12066:900435209:1:50,0.0,2026-10-02T01:01:04.695736+02:00
307436885,de:12066:900435339:1:50,0.0,2026-10-02T01:01:04.695736+02:00
307436885,de:12066:900435001:3:53,0.0,2026-10-02T01:01:04.695736+02:00
307436885,de:12066:900435000:2:53,0.0,2026-10-02T01:01:04.695736+02:00
295949515,de:11000:900170004:2:52,0.0,2026-10-02T01:01:04.695736+02:00
295949515,de:11000:900170003:1:51,-0.3,2026-10-02T01:01:04.695736+02:00
295949515,de:11000:900170002:1:51,-0.1,2026-10-02T01:01:04.695736+02:00
295949515,de:11000:900170001:1:51,-0.9,2026-10-02T01:01:04.695736+02:00
295949515,de:11000:900170005:1:51,-0.7,2026-10-02T01:01:04.695736+02:00
295949515,de:11000:900171003:1:51,-0.6,2026-10-02T01:01:04.695736+02:00
295949515,de:11000:900171002:1:51,-0.9,2026-10-02T01:01:04.695736+02:00
295949515,de:11000:900160004:1:51,-0.3,2026-10-02T01:01:04.695736+02:00
295949515,de:11000:900160003:1:51,-0.4,2026-10-02T01:01:04.695736+02:00
295949515,de:11000:900120003:3:55,-0.6,2026-10-02T01:01:04.695736+02:00
295949515,de:11000:900120004:2:53,-0.1,2026-10-02T01:01:04.695736+02:00
295949515,de:11000:900120005:5:58,-0.4,2026-10-02T01:01:04.695736+02:00
295949515,de:11000:900100004:1:51,-0.9,2026-10-02T01:01:04.695736+02:00
295949515,de:11000:900100003:2:53,-0.9,2026-10-02T01:01:04.695736+02:00
295949515,de:11000:900100002:1:51,-0.9,2026-10-02T01:01:04.695736+02:00
295949515,de:11000:900100001:3:55,-0.9,2026-10-02T01:01:04.695736+02:00
295949515,de:11000:900003201:3:55,-0.6,2026-10-02T01:01:04.695736+02:00
295949515,de:11000:900003102:1:51,-0.3,2026-10-02T01:01:04.695736+02:00
295949515,de:11000:900003103:1:51,-0.4,2026-10-02T01:01:04.695736+02:00
295949515,de:11000:900023201:3:55,-0.3,2026-10-02T01:01:04.695736+02:00
295949515,de:11000:900024203:1:51,-0.3,2026-10-02T01:01:04.695736+02:00
295949515,de:11000:900024101:4:57,-0.3,2026-10-02T01:01:04.695736+02:00
295949515,de:11000:900024102:1:50,-0.6,2026-10-02T01:01:04.695736+02:00
295949515,de:11000:900048101:1:50,-0.8,2026-10-02T01:01:04.695736+02:00
295949515,de:11000:900052201:2:52,0.0,2026-10-02T01:01:04.695736+02:00
295949515,de:11000:900053301:1:50,-0.4,2026-10-02T01:01:04.695736+02:00
295949515,de:12054:900230003:1:50,-0.4,2026-10-02T01:01:04.695736+02:00
295949515,de:12054:900230000:1:51,-0.4,2026-10-02T01:01:04.695736+02:00
295949515,de:12054:900230999:3:54,-0.9,2026-10-02T01:01:04.695736+02:00
306895498,de:12067:900310807::1,0.0,2026-10-02T01:01:04.695736+02:00
306895498,de:12067:900310815::2,0.0,2026-10-02T01:01:04.695736+02:00
306895498,de:12067:900310880::2,0.0,2026-10-02T01:01:04.695736+02:00
306895498,de:12067:900310010::2,0.0,2026-10-02T01:01:04.695736+02:00
306895498,de:12067:900310770::2,0.0,2026-10-02T01:01:04.695736+02:00
306895498,de:12067:900310812::2,0.0,2026-10-02T01:01:04.695736+02:00
306895498,de:12067:900310806::2,0.0,2026-10-02T01:01:04.695736+02:00
306895498,de:12067:900310778::2,0.0,2026-10-02T01:01:04.695736+02:00
306895498,de:12067:900310768::2,0.0,2026-10-02T01:01:04.695736+02:00
306895498,de:12067:900310786::2,0.0,2026-10-02T01:01:04.695736+02:00
306895498,de:12067:900310784::2,0.0,2026-10-02T01:01:04.695736+02:00
306895498,de:12067:900311104::2,0.0,2026-10-02T01:01:04.695736+02:00
306895498,de:12067:900310995::1,0.0,2026-10-02T01:01:04.695736+02:00
306895498,de:12067:900310779::2,0.0,2026-10-02T01:01:04.695736+02:00
306895498,de:12067:900310808::2,0.0,2026-10-02T01:01:04.695736+02:00
306895498,de:12067:900310822::2,0.0,2026-10-02T01:01:04.695736+02:00
306895498,de:12067:900310781::2,0.0,2026-10-02T01:01:04.695736+02:00
306895498,de:12067:900310627::2,0.0,2026-10-02T01:01:04.695736+02:00
306895498,de:12067:900310816::2,0.0,2026-10-02T01:01:04.695736+02:00
306895498,de:12067:900310022::1,0.0,2026-10-02T01:01:04.695736+02:00
306895498,de:12067:900310001::11,0.0,2026-10-02T01:01:04.695736+02:00
306895498,de:12067:900310001::1,0.0,2026-10-02T01:01:04.695736+02:00
306895498,de:12067:900310696::1,0.0,2026-10-02T01:01:04.695736+02:00
306895498,de:12067:900310788::1,0.0,2026-10-02T01:01:04.695736+02:00
306895498,de:12067:900310790::1,0.0,2026-10-02T01:01:04.695736+02:00
306895498,de:12067:900310787::1,0.0,2026-10-02T01:01:04.695736+02:00
306895498,de:12067:900310809::1,0.0,2026-10-02T01:01:04.695736+02:00
306895498,de:12067:900310825::1,0.0,2026-10-02T01:01:04.695736+02:00
306895498,de:12067:900310792::2,0.0,2026-10-02T01:01:04.695736+02:00
306895498,de:12067:900310774::2,0.0,2026-10-02T01:01:04.695736+02:00
306895498,de:12067:900310793::1,0.0,2026-10-02T01:01:04.695736+02:00
306895498,de:12067:900310628::1,0.0,2026-10-02T01:01:04.695736+02:00
306895498,de:12067:900310814::1,0.0,2026-10-02T01:01:04.695736+02:00
306895498,de:12067:900311083::3,0.0,2026-10-02T01:01:04.695736+02:00
295960043,de:12061:900260002:1:50,0.0,2026-10-02T01:01:04.695736+02:00
295960043,de:12061:900260003:1:51,-0.7,2026-10-02T01:01:04.695736+02:00
295960043,de:12061:900260004:1:51,-0.9,2026-10-02T01:01:04.695736+02:00
295960043,de:11000:900186001:2:53,-0.2,2026-10-02T01:01:04.695736+02:00
295960043,de:11000:900193002:1:51,-0.2,2026-10-02T01:01:04.695736+02:00
295960043,de:11000:900193001:2:51,-0.8,2026-10-02T01:01:04.695736+02:00
295960043,de:11000:900192001:3:55,-0.7,2026-10-02T01:01:04.695736+02:00
295960043,de:11000:900191001:1:50,-0.4,2026-10-02T01:01:04.695736+02:00
295960043,de:11000:900191002:1:51,-0.8,2026-10-02T01:01:04.695736+02:00
295960043,de:11000:900190001:2:53,-0.6,2026-10-02T01:01:04.695736+02:00
295960043,de:11000:900120003:5:59,0.0,2026-10-02T01:01:04.695736+02:00
295960043,de:11000:900120001:1:51,-0.6,2026-10-02T01:01:04.695736+02:00
295960043,de:11000:900110012:1:51,-0.8,2026-10-02T01:01:04.695736+02:00
295960043,de:11000:900110004:1:51,-0.7,2026-10-02T01:01:04.695736+02:00
295960043,de:11000:900110003:1:51,0.0,2026-10-02T01:01:04.695736+02:00
295960043,de:11000:900110002:1:51,0.0,2026-10-02T01:01:04.695736+02:00
295960043,de:11000:900110001:1:51,-0.7,2026-10-02T01:01:04.695736+02:00
295960043,de:11000:900110011:2:52,-0.4,2026-10-02T01:01:04.695736+02:00
295960043,de:11000:900130002:1:50,0.0,2026-10-02T01:01:04.695736+02:00
295960043,de:11000:900130001:1:50,-0.7,2026-10-02T01:01:04.695736+02:00
295960043,de:11000:900142001:1:50,-0.2,2026-10-02T01:01:04.695736+02:00
295960043,de:12065:900200013:1:50,-0.3,2026-10-02T01:01:04.695736+02:00
295960043,de:12065:900200012:1:50,-0.9,2026-10-02T01:01:04.695736+02:00
295960043,de:12065:900200011:1:50,-0.4,2026-10-02T01:01:04.695736+02:00
295960043,de:12065:900200009:1:50,-0.9,2026-10-02T01:01:04.695736+02:00
295960043,de:12065:900200008:1:50,-0.9,2026-10-02T01:01:04.695736+02:00
295963592,de:11000:900092201:1:51,0.0,2026-10-02T01:01:04.695736+02:00
295963592,de:11000:900093201:1:51,-0.4,2026-10-02T01:01:04.695736+02:00
295963592,de:11000:900094101:1:51,-0.3,2026-10-02T01:01:04.695736+02:00
295963592,de:11000:900096101:1:51,-0.1,2026-10-02T01:01:04.695736+02:00
295963592,de:11000:900084101:1:51,-0.2,2026-10-02T01:01:04.695736+02:00
295963592,de:11000:900085201:1:51,-0.8,2026-10-02T01:01:04.695736+02:00
295963592,de:11000:900130003:1:51,-0.8,2026-10-02T01:01:04.695736+02:00
295963592,de:11000:900110011:1:50,-0.9,2026-10-02T01:01:04.695736+02:00
295963592,de:11000:900110001:1:50,-0.2,2026-10-02T01:01:04.695736+02:00
295963592,de:11000:900110002:1:50,-0.9,2026-10-02T01:01:04.695736+02:00
295963592,de:11000:900110003:1:50,-0.9,2026-10-02T01:01:04.695736+02:00
295963592,de:11000:900110004:1:50,-0.3,2026-10-02T01:01:04.695736+02:00
295963592,de:11000:900110012:1:50,-0.2,2026-10-02T01:01:04.695736+02:00
295963592,de:11000:900120001:1:50,-0.2,2026-10-02T01:01:04.695736+02:00
295963592,de:11000:900120003:5:58,-0.6,2026-10-02T01:01:04.695736+02:00
295963592,de:11000:900190001:1:51,-0.1,2026-10-02T01:01:04.695736+02:00
295963592,de:11000:900191002:1:50,0.0,2026-10-02T01:01:04.695736+02:00
295963592,de:11000:900191001:2:52,-0.4,2026-10-02T01:01:04.695736+02:00
295963592,de:11000:900192001:2:52,-0.2,2026-10-02T01:01:04.695736+02:00
295963592,de:11000:900193001:1:50,-0.7,2026-10-02T01:01:04.695736+02:00
295963592,de:11000:900193002:1:50,-0.3,2026-10-02T01:01:04.695736+02:00
295963592,de:11000:900195510:1:51,-0.7,2026-10-02T01:01:04.695736+02:00
295963592,de:11000:900196001:1:50,-0.9,2026-10-02T01:01:04.695736+02:00
295963592,de:12061:900260005:3:54,-0.7,2026-10-02T01:01:04.695736+02:00
295963592,de:12061:900260080:1:50,0.0,2026-10-02T01:01:04.695736+02:00
295963592,de:12061:900260009:3:56,-0.2,2026-10-02T01:01:04.695736+02:00
295963712,de:12061:900260009:3:56,0.0,2026-10-02T01:01:04.695736+02:00
295963712,de:12061:900260080:1:51,-0.7,2026-10-02T01:01:04.695736+02:00
295963712,de:12061:900260005:3:55,0.0,2026-10-02T01:01:04.695736+02:00
295963712,de:11000:900196001:1:51,0.0,2026-10-02T01:01:04.695736+02:00
295963712,de:11000:900195510:1:50,-0.4,2026-10-02T01:01:04.695736+02:00
295963712,de:11000:900193002:1:51,-0.6,2026-10-02T01:01:04.695736+02:00
295963712,de:11000:900193001:2:51,-0.3,2026-10-02T01:01:04.695736+02:00
295963712,de:11000:900192001:3:55,-0.2,2026-10-02T01:01:04.695736+02:00
295963712,de:11000:900191001:1:50,-0.9,2026-10-02T01:01:04.695736+02:00
295963712,de:11000:900191002:1:51,-0.3,2026-10-02T01:01:04.695736+02:00
295963712,de:11000:900190001:2:53,-0.1,2026-10-02T01:01:04.695736+02:00
295963712,de:11000:900120003:5:59,-0.3,2026-10-02T01:01:04.695736+02:00
295963712,de:11000:900120001:1:51,-0.6,2026-10-02T01:01:04.695736+02:00
295963712,de:11000:900110012:1:51,-0.8,2026-10-02T01:01:04.695736+02:00
295963712,de:11000:900110004:1:51,-0.7,2026-10-02T01:01:04.695736+02:00
295963712,de:11000:900110003:1:51,0.0,2026-10-02T01:01:04.695736+02:00
295963712,de:11000:900110002:1:51,0.0,2026-10-02T01:01:04.695736+02:00
295963712,de:11000:900110001:1:51,-0.7,2026-10-02T01:01:04.695736+02:00
295963712,de:11000:900110011:2:53,-0.4,2026-10-02T01:01:04.695736+02:00
295963712,de:11000:900085201:1:50,-0.8,2026-10-02T01:01:04.695736+02:00
295963712,de:11000:900084101:1:50,-0.7,2026-10-02T01:01:04.695736+02:00
295963712,de:11000:900096101:1:50,-0.8,2026-10-02T01:01:04.695736+02:00
295963712,de:11000:900094101:1:50,-0.3,2026-10-02T01:01:04.695736+02:00
295963712,de:11000:900093201:1:50,-0.4,2026-10-02T01:01:04.695736+02:00
295963712,de:11000:900092201:1:51,-0.2,2026-10-02T01:01:04.695736+02:00
306895572,de:12067:900310980::1,0.0,2026-10-02T01:01:04.695736+02:00
306895572,de:12067:900310810::1,0.0,2026-10-02T01:01:04.695736+02:00
306895572,de:12067:900310769::2,0.0,2026-10-02T01:01:04.695736+02:00
306895572,de:12067:900311153::1,0.0,2026-10-02T01:01:04.695736+02:00
306895572,de:12067:900310695::3,0.0,2026-10-02T01:01:04.695736+02:00
306895572,de:12067:900310770::1,0.0,2026-10-02T01:01:04.695736+02:00
306895572,de:12067:900310010::3,0.0,2026-10-02T01:01:04.695736+02:00
306895572,de:12067:900310782::2,0.0,2026-10-02T01:01:04.695736+02:00
306895572,de:12067:900311109::2,0.0,2026-10-02T01:01:04.695736+02:00
306895572,de:12067:900310773::2,0.0,2026-10-02T01:01:04.695736+02:00
306895572,de:12067:900310823::2,0.0,2026-10-02T01:01:04.695736+02:00
306895572,de:12067:900311152::2,0.0,2026-10-02T01:01:04.695736+02:00
306895572,de:12067:900311151::2,0.0,2026-10-02T01:01:04.695736+02:00
306895572,de:12067:900310627::2,0.0,2026-10-02T01:01:04.695736+02:00
306895572,de:12067:900310816::2,0.0,2026-10-02T01:01:04.695736+02:00
306895572,de:12067:900310022::1,0.0,2026-10-02T01:01:04.695736+02:00
306895572,de:12067:900310001::11,0.0,2026-10-02T01:01:04.695736+02:00
306895572,de:12067:900310001::1,0.0,2026-10-02T01:01:04.695736+02:00
306895572,de:12067:900311149::1,0.0,2026-10-02T01:01:04.695736+02:00
306895572,de:12067:900311135::1,0.0,2026-10-02T01:01:04.695736+02:00
306895572,de:12067:900311150::1,0.0,2026-10-02T01:01:04.695736+02:00
306895572,de:12067:900310804::1,0.0,2026-10-02T01:01:04.695736+02:00
306895572,de:12067:900310814::1,0.0,2026-10-02T01:01:04.695736+02:00
306895572,de:12067:900311083::3,0.0,2026-10-02T01:01:04.695736+02:00
307332424,de:11000:900029101:1:51,0.0,2026-10-02T01:01:04.695736+02:00
307332424,de:11000:900030202:1:50,-0.3,2026-10-02T01:01:04.695736+02:00
307332424,de:11000:900025424:1:51,-0.2,2026-10-02T01:01:04.695736+02:00
307332424,de:11000:900025321:1:51,-0.2,2026-10-02T01:01:04.695736+02:00
307332424,de:11000:900026105:1:50,-0.4,2026-10-02T01:01:04.695736+02:00
307332424,de:11000:900025423:1:50,-0.7,2026-10-02T01:01:04.695736+02:00
307332424,de:11000:900024102:2:53,-0.7,2026-10-02T01:01:04.695736+02:00
307332424,de:11000:900024101:3:55,-0.3,2026-10-02T01:01:04.695736+02:00
307332424,de:11000:900024203:1:51,-0.8,2026-10-02T01:01:04.695736+02:00
307332424,de:11000:900023201:3:54,-0.7,2026-10-02T01:01:04.695736+02:00
307332424,de:11000:900003103:1:50,-0.8,2026-10-02T01:01:04.695736+02:00
307332424,de:11000:900003102:1:50,-0.9,2026-10-02T01:01:04.695736+02:00
307332424,de:11000:900003201:3:54,-0.5,2026-10-02T01:01:04.695736+02:00
307332424,de:11000:900100001:3:54,-0.1,2026-10-02T01:01:04.695736+02:00
307332424,de:11000:900100002:1:50,-0.4,2026-10-02T01:01:04.695736+02:00
307332424,de:11000:900100003:2:52,-0.1,2026-10-02T01:01:04.695736+02:00
307332424,de:11000:900100004:1:50,-0.4,2026-10-02T01:01:04.695736+02:00
307332424,de:11000:900120005:4:55,-0.6,2026-10-02T01:01:04.695736+02:00
307332424,de:11000:900120004:1:50,-0.1,2026-10-02T01:01:04.695736+02:00
307332424,de:11000:900190001:1:51,-0.2,2026-10-02T01:01:04.695736+02:00
307332424,de:11000:900191002:1:50,0.0,2026-10-02T01:01:04.695736+02:00
307332424,de:11000:900191001:2:52,-0.4,2026-10-02T01:01:04.695736+02:00
307332424,de:11000:900192001:2:52,-0.7,2026-10-02T01:01:04.695736+02:00
307332424,de:11000:900193001:1:50,-0.2,2026-10-02T01:01:04.695736+02:00
307332424,de:11000:900193002:1:50,-0.8,2026-10-02T01:01:04.695736+02:00
307332424,de:11000:900195510:1:51,-0.2,2026-10-02T01:01:04.695736+02:00
307332424,de:11000:900196001:1:50,-0.4,2026-10-02T01:01:04.695736+02:00
307332424,de:12061:900260005:3:54,-0.2,2026-10-02T01:01:04.695736+02:00
307332424,de:12061:900260080:1:50,-0.7,2026-10-02T01:01:04.695736+02:00
307332424,de:12061:900260009:3:55,-0.9,2026-10-02T01:01:04.695736+02:00
307434573,de:12052:900470000:2:51,0.0,2026-10-02T01:01:04.695736+02:00
307434573,de:12071:900445884:1:50,0.0,2026-10-02T01:01:04.695736+02:00
307434573,de:12071:900445956:1:50,0.0,2026-10-02T01:01:04.695736+02:00
307434573,de:12066:900435884:1:50,0.0,2026-10-02T01:01:04.695736+02:00
307434573,de:12066:900435697:1:50,0.0,2026-10-02T01:01:04.695736+02:00
307434573,de:12066:900435602:1:50,0.0,2026-10-02T01:01:04.695736+02:00
307434573,de:12061:900261512:1:50,0.0,2026-10-02T01:01:04.695736+02:00
307434573,de:12061:900260019:1:50,0.0,2026-10-02T01:01:04.695736+02:00
307434573,de:12061:900260611:2:51,0.0,2026-10-02T01:01:04.695736+02:00
307434551,de:12052:900470000:2:52,0.0,2026-10-02T01:01:04.695736+02:00
307434551,de:12071:900445884:1:50,0.0,2026-10-02T01:01:04.695736+02:00
307434551,de:12066:900435884:1:50,0.0,2026-10-02T01:01:04.695736+02:00
307434551,de:12066:900435697:1:50,0.0,2026-10-02T01:01:04.695736+02:00
307434551,de:12066:900435602:1:50,0.0,2026-10-02T01:01:04.695736+02:00
307434551,de:12061:900261512:1:50,0.0,2026-10-02T01:01:04.695736+02:00
307434551,de:12061:900260019:1:50,0.0,2026-10-02T01:01:04.695736+02:00
307434551,de:12061:900260611:2:51,0.0,2026-10-02T01:01:04.695736+02:00
295967903,de:12061:900260009:3:55,0.0,2026-10-02T01:01:04.695736+02:00
295967903,de:12061:900260080:1:51,-0.7,2026-10-02T01:01:04.695736+02:00
295967903,de:12061:900260005:3:55,0.0,2026-10-02T01:01:04.695736+02:00
295967903,de:11000:900196001:1:51,0.0,2026-10-02T01:01:04.695736+02:00
295967903,de:11000:900195510:1:50,-0.4,2026-10-02T01:01:04.695736+02:00
295967903,de:11000:900193002:1:51,-0.6,2026-10-02T01:01:04.695736+02:00
295967903,de:11000:900193001:2:51,-0.3,2026-10-02T01:01:04.695736+02:00
295967903,de:11000:900192001:3:55,-0.2,2026-10-02T01:01:04.695736+02:00
295967903,de:11000:900191001:1:50,0.0,2026-10-02T01:01:04.695736+02:00
295967903,de:11000:900191002:1:51,-0.7,2026-10-02T01:01:04.695736+02:00
295967903,de:11000:900190001:2:53,-0.4,2026-10-02T01:01:04.695736+02:00
295967903,de:11000:900120004:2:52,-0.9,2026-10-02T01:01:04.695736+02:00
295967903,de:11000:900120005:5:57,-0.1,2026-10-02T01:01:04.695736+02:00
295967903,de:11000:900100004:1:51,-0.4,2026-10-02T01:01:04.695736+02:00
295967903,de:11000:900100003:2:53,-0.4,2026-10-02T01:01:04.695736+02:00
295967903,de:11000:900100002:1:51,-0.4,2026-10-02T01:01:04.695736+02:00
295967903,de:11000:900100001:3:55,-0.4,2026-10-02T01:01:04.695736+02:00
295967903,de:11000:900003201:3:55,-0.1,2026-10-02T01:01:04.695736+02:00
295967903,de:11000:900003102:1:51,-0.8,2026-10-02T01:01:04.695736+02:00
295967903,de:11000:900003103:1:51,-0.9,2026-10-02T01:01:04.695736+02:00
295967903,de:11000:900023201:3:55,-0.8,2026-10-02T01:01:04.695736+02:00
295967903,de:11000:900024203:1:51,-0.8,2026-10-02T01:01:04.695736+02:00
295967903,de:11000:900024101:4:57,-0.8,2026-10-02T01:01:04.695736+02:00
295967903,de:11000:900024102:1:50,-0.1,2026-10-02T01:01:04.695736+02:00
295967903,de:11000:900025423:1:50,-0.4,2026-10-02T01:01:04.695736+02:00
295967903,de:11000:900026105:1:50,-0.7,2026-10-02T01:01:04.695736+02:00
295967903,de:11000:900025321:1:50,-0.3,2026-10-02T01:01:04.695736+02:00
295967903,de:11000:900025424:1:50,-0.3,2026-10-02T01:01:04.695736+02:00
295967903,de:11000:900030202:1:50,-0.9,2026-10-02T01:01:04.695736+02:00
295967903,de:11000:900029101:1:51,-0.9,2026-10-02T01:01:04.695736+02:00
307435163,de:12061:900260005:1:50,0.0,2026-10-02T01:01:04.695736+02:00
307435163,de:11000:900192001:1:51,0.0,2026-10-02T01:01:04.695736+02:00
307435175,de:11000:900192001:1:50,0.0,2026-10-02T01:01:04.695736+02:00
307435175,de:12061:900260005:2:52,0.0,2026-10-02T01:01:04.695736+02:00
307332670,de:11000:900029101:1:51,0.0,2026-10-02T01:01:04.695736+02:00
307332670,de:11000:900030202:1:50,-0.3,2026-10-02T01:01:04.695736+02:00
307332670,de:11000:900025424:1:51,-0.2,2026-10-02T01:01:04.695736+02:00
307332670,de:11000:900025321:1:51,-0.2,2026-10-02T01:01:04.695736+02:00
307332670,de:11000:900026105:1:50,-0.4,2026-10-02T01:01:04.695736+02:00
307332670,de:11000:900025423:1:50,-0.7,2026-10-02T01:01:04.695736+02:00
307332670,de:11000:900024102:2:53,-0.7,2026-10-02T01:01:04.695736+02:00
307332670,de:11000:900024101:3:55,-0.3,2026-10-02T01:01:04.695736+02:00
307332670,de:11000:900024203:1:51,-0.8,2026-10-02T01:01:04.695736+02:00
307332670,de:11000:900023201:3:54,-0.7,2026-10-02T01:01:04.695736+02:00
307332670,de:11000:900003103:1:50,-0.8,2026-10-02T01:01:04.695736+02:00
307332670,de:11000:900003102:1:50,-0.9,2026-10-02T01:01:04.695736+02:00
307332670,de:11000:900003201:3:54,-0.5,2026-10-02T01:01:04.695736+02:00
307332670,de:11000:900100001:3:54,-0.1,2026-10-02T01:01:04.695736+02:00
307332670,de:11000:900100002:1:50,-0.4,2026-10-02T01:01:04.695736+02:00
307332670,de:11000:900100003:2:52,-0.1,2026-10-02T01:01:04.695736+02:00
307332670,de:11000:900100004:1:50,-0.4,2026-10-02T01:01:04.695736+02:00
307332670,de:11000:900120005:4:56,-0.6,2026-10-02T01:01:04.695736+02:00
307332670,de:11000:900120004:1:51,-0.1,2026-10-02T01:01:04.695736+02:00
307332670,de:11000:900190001:1:51,-0.2,2026-10-02T01:01:04.695736+02:00
307332670,de:11000:900191002:1:50,0.0,2026-10-02T01:01:04.695736+02:00
307332670,de:11000:900191001:2:52,-0.4,2026-10-02T01:01:04.695736+02:00
307332670,de:11000:900192001:2:52,-0.7,2026-10-02T01:01:04.695736+02:00
307332670,de:11000:900193001:1:50,-0.2,2026-10-02T01:01:04.695736+02:00
307332670,de:11000:900193002:1:50,-0.8,2026-10-02T01:01:04.695736+02:00
307332670,de:11000:900195510:1:51,-0.2,2026-10-02T01:01:04.695736+02:00
307332670,de:11000:900196001:1:50,-0.4,2026-10-02T01:01:04.695736+02:00
307332670,de:12061:900260005:3:54,-0.2,2026-10-02T01:01:04.695736+02:00
307332670,de:12061:900260080:1:50,-0.7,2026-10-02T01:01:04.695736+02:00
307332670,de:12061:900260009:3:55,-0.9,2026-10-02T01:01:04.695736+02:00
307332655,de:11000:900029101:1:51,0.0,2026-10-02T01:01:04.695736+02:00
307332655,de:11000:900030202:1:50,-0.3,2026-10-02T01:01:04.695736+02:00
307332655,de:11000:900025424:1:51,-0.2,2026-10-02T01:01:04.695736+02:00
307332655,de:11000:900025321:1:51,-0.2,2026-10-02T01:01:04.695736+02:00
307332655,de:11000:900026105:1:50,-0.4,2026-10-02T01:01:04.695736+02:00
307332655,de:11000:900025423:1:50,-0.7,2026-10-02T01:01:04.695736+02:00
307332655,de:11000:900024102:2:53,-0.7,2026-10-02T01:01:04.695736+02:00
307332655,de:11000:900024101:3:55,-0.3,2026-10-02T01:01:04.695736+02:00
307332655,de:11000:900024203:1:51,-0.8,2026-10-02T01:01:04.695736+02:00
307332655,de:11000:900023201:3:54,-0.7,2026-10-02T01:01:04.695736+02:00
307332655,de:11000:900003103:1:50,-0.8,2026-10-02T01:01:04.695736+02:00
307332655,de:11000:900003102:1:50,-0.9,2026-10-02T01:01:04.695736+02:00
307332655,de:11000:900003201:3:54,-0.5,2026-10-02T01:01:04.695736+02:00
307332655,de:11000:900100001:3:54,-0.1,2026-10-02T01:01:04.695736+02:00
307332655,de:11000:900100002:1:50,-0.4,2026-10-02T01:01:04.695736+02:00
307332655,de:11000:900100003:2:52,-0.1,2026-10-02T01:01:04.695736+02:00
307332655,de:11000:900100004:1:50,-0.4,2026-10-02T01:01:04.695736+02:00
307332655,de:11000:900120005:4:56,-0.6,2026-10-02T01:01:04.695736+02:00
307332655,de:11000:900120004:1:51,-0.1,2026-10-02T01:01:04.695736+02:00
307332655,de:11000:900190001:1:51,-0.2,2026-10-02T01:01:04.695736+02:00
307332655,de:11000:900191002:1:50,0.0,2026-10-02T01:01:04.695736+02:00
307332655,de:11000:900191001:2:52,-0.4,2026-10-02T01:01:04.695736+02:00
307332655,de:11000:900192001:2:52,-0.7,2026-10-02T01:01:04.695736+02:00
307332655,de:11000:900193001:1:50,-0.2,2026-10-02T01:01:04.695736+02:00
307332655,de:11000:900193002:1:50,-0.8,2026-10-02T01:01:04.695736+02:00
307332655,de:11000:900195510:1:51,-0.2,2026-10-02T01:01:04.695736+02:00
307332655,de:11000:900196001:1:50,-0.4,2026-10-02T01:01:04.695736+02:00
307332655,de:12061:900260005:3:54,-0.2,2026-10-02T01:01:04.695736+02:00
307332655,de:12061:900260080:1:50,-0.7,2026-10-02T01:01:04.695736+02:00
307332655,de:12061:900260009:3:55,-0.9,2026-10-02T01:01:04.695736+02:00
306047875,de:12064:900320900::2,0.0,2026-10-02T01:01:04.695736+02:00
306047875,de:12064:900320902::2,0.0,2026-10-02T01:01:04.695736+02:00
306047875,de:12064:900320903::2,0.0,2026-10-02T01:01:04.695736+02:00
306047875,de:12064:900320906::2,0.0,2026-10-02T01:01:04.695736+02:00
306047875,de:12064:900320905::2,0.0,2026-10-02T01:01:04.695736+02:00
306047875,de:12064:900320123::2,0.0,2026-10-02T01:01:04.695736+02:00
306047875,de:12064:900320122::2,0.0,2026-10-02T01:01:04.695736+02:00
306047875,de:12064:900320121::2,0.0,2026-10-02T01:01:04.695736+02:00
306047875,de:12064:900320117::2,0.0,2026-10-02T01:01:04.695736+02:00
306047875,de:12064:900320118::2,0.0,2026-10-02T01:01:04.695736+02:00
306047875,de:12064:900320050::1,0.0,2026-10-02T01:01:04.695736+02:00
306047875,de:12064:900320008::1,0.0,2026-10-02T01:01:04.695736+02:00
306043396,de:12064:900320004::1,0.0,2026-10-02T01:01:04.695736+02:00
306043396,de:12064:900320616::1,0.0,2026-10-02T01:01:04.695736+02:00
306043396,de:12064:900320600::2,0.0,2026-10-02T01:01:04.695736+02:00
306043396,de:12064:900320608::1,0.0,2026-10-02T01:01:04.695736+02:00
306043396,de:12064:900320601::2,0.0,2026-10-02T01:01:04.695736+02:00
306043396,de:12064:900320602::2,0.0,2026-10-02T01:01:04.695736+02:00
306043396,de:12064:900320607::2,0.0,2026-10-02T01:01:04.695736+02:00
306043396,de:12064:900320614::2,0.0,2026-10-02T01:01:04.695736+02:00
306043396,de:12064:900320606::2,0.0,2026-10-02T01:01:04.695736+02:00
306043396,de:12064:900320613::1,0.0,2026-10-02T01:01:04.695736+02:00
306043396,de:12064:900320605::2,0.0,2026-10-02T01:01:04.695736+02:00
306043396,de:12064:900320604::2,0.0,2026-10-02T01:01:04.695736+02:00
306043396,de:12064:900320603::2,0.0,2026-10-02T01:01:04.695736+02:00
306043396,de:12064:900320615::2,0.0,2026-10-02T01:01:04.695736+02:00
306043396,de:12064:900320602::1,0.0,2026-10-02T01:01:04.695736+02:00
306043396,de:12064:900320601::1,0.0,2026-10-02T01:01:04.695736+02:00
306043396,de:12064:900320608::2,0.0,2026-10-02T01:01:04.695736+02:00
306043396,de:12064:900320627::2,0.0,2026-10-02T01:01:04.695736+02:00
306043396,de:12064:900320629::2,0.0,2026-10-02T01:01:04.695736+02:00
306043396,de:12064:900320628::2,0.0,2026-10-02T01:01:04.695736+02:00
306043396,de:12064:900320005::2,0.0,2026-10-02T01:01:04.695736+02:00
306053551,de:12053:900360000::6,0.0,2026-10-02T01:01:04.695736+02:00
306053551,de:12053:900360123::1,0.0,2026-10-02T01:01:04.695736+02:00
306053551,de:12053:900360214::1,0.0,2026-10-02T01:01:04.695736+02:00
306053551,de:12053:900360209::1,0.0,2026-10-02T01:01:04.695736+02:00
306053551,de:12064:900321535::1,0.0,2026-10-02T01:01:04.695736+02:00
306053551,de:12064:900321534::1,0.0,2026-10-02T01:01:04.695736+02:00
306053551,de:12064:900321532::1,0.0,2026-10-02T01:01:04.695736+02:00
306053551,de:12064:900321531::2,0.0,2026-10-02T01:01:04.695736+02:00
306053551,de:12064:900321733::1,0.0,2026-10-02T01:01:04.695736+02:00
306053551,de:12064:900321360::2,0.0,2026-10-02T01:01:04.695736+02:00
306053551,de:12064:900321555::2,0.0,2026-10-02T01:01:04.695736+02:00
306053551,de:12064:900321385::1,0.0,2026-10-02T01:01:04.695736+02:00
306053551,de:12064:900321731::1,0.0,2026-10-02T01:01:04.695736+02:00
306053551,de:12064:900321385::2,0.0,2026-10-02T01:01:04.695736+02:00
306053551,de:12064:900321386::2,0.0,2026-10-02T01:01:04.695736+02:00
306053551,de:12064:900321404::2,0.0,2026-10-02T01:01:04.695736+02:00
306053551,de:12064:900321746::2,0.0,2026-10-02T01:01:04.695736+02:00
306053551,de:12064:900321742::6,0.0,2026-10-02T01:01:04.695736+02:00
306053239,de:12064:900321742::2,0.0,2026-10-02T01:01:04.695736+02:00
306053239,de:12064:900321746::1,0.0,2026-10-02T01:01:04.695736+02:00
306053239,de:12064:900321876::1,0.0,2026-10-02T01:01:04.695736+02:00
306053239,de:12064:900321566::1,0.0,2026-10-02T01:01:04.695736+02:00
306053239,de:12064:900321565::1,0.0,2026-10-02T01:01:04.695736+02:00
306053239,de:12064:900321563::1,0.0,2026-10-02T01:01:04.695736+02:00
306053239,de:12064:900321561::1,0.0,2026-10-02T01:01:04.695736+02:00
306053239,de:12064:900321562::1,0.0,2026-10-02T01:01:04.695736+02:00
306053239,de:12064:900321560::1,0.0,2026-10-02T01:01:04.695736+02:00
306053239,de:12064:900321403::1,0.0,2026-10-02T01:01:04.695736+02:00
306053239,de:12064:900321401::1,0.0,2026-10-02T01:01:04.695736+02:00
306053239,de:12064:900321402::1,0.0,2026-10-02T01:01:04.695736+02:00
306053239,de:12064:900321709::1,0.0,2026-10-02T01:01:04.695736+02:00
306053239,de:12064:900321402::2,0.0,2026-10-02T01:01:04.695736+02:00
306053239,de:12064:900321401::2,0.0,2026-10-02T01:01:04.695736+02:00
306053239,de:12064:900321403::2,0.0,2026-10-02T01:01:04.695736+02:00
306053239,de:12064:900321400::1,0.0,2026-10-02T01:01:04.695736+02:00
306053239,de:12064:900321673::1,0.0,2026-10-02T01:01:04.695736+02:00
306895781,de:12067:900310807::1,0.0,2026-10-02T01:01:04.695736+02:00
306895781,de:12067:900310815::2,0.0,2026-10-02T01:01:04.695736+02:00
306895781,de:12067:900310880::2,0.0,2026-10-02T01:01:04.695736+02:00
306895781,de:12067:900310010::1,0.0,2026-10-02T01:01:04.695736+02:00
306895781,de:12067:900310879::2,0.0,2026-10-02T01:01:04.695736+02:00
306895781,de:12067:900310800::2,0.0,2026-10-02T01:01:04.695736+02:00
306895781,de:12067:900310771::2,0.0,2026-10-02T01:01:04.695736+02:00
306895781,de:12067:900310822::2,0.0,2026-10-02T01:01:04.695736+02:00
306895781,de:12067:900310781::2,0.0,2026-10-02T01:01:04.695736+02:00
306895781,de:12067:900310627::2,-0.5,2026-10-02T01:01:04.695736+02:00
306895781,de:12067:900310816::2,0.0,2026-10-02T01:01:04.695736+02:00
306895781,de:12067:900310022::1,0.0,2026-10-02T01:01:04.695736+02:00
306895781,de:12067:900310001::11,0.0,2026-10-02T01:01:04.695736+02:00
306895781,de:12067:900310001::5,0.0,2026-10-02T01:01:04.695736+02:00
306895781,de:12067:900311149::1,0.0,2026-10-02T01:01:04.695736+02:00
306895781,de:12067:900310835::1,0.0,2026-10-02T01:01:04.695736+02:00
306895781,de:12067:900310825::1,0.0,2026-10-02T01:01:04.695736+02:00
306895781,de:12067:900310805::1,0.0,2026-10-02T01:01:04.695736+02:00
295879332,de:12065:900200005:3:1,0.0,2026-10-02T01:01:04.695736+02:00
295879332,de:12065:900200006:1:51,-0.3,2026-10-02T01:01:04.695736+02:00
295879332,de:12065:900200007:1:51,-0.7,2026-10-02T01:01:04.695736+02:00
295879332,de:12065:900200008:1:51,-0.2,2026-10-02T01:01:04.695736+02:00
295879332,de:12065:900200009:1:51,-0.1,2026-10-02T01:01:04.695736+02:00
295879332,de:11000:900092201:1:51,-0.7,2026-10-02T01:01:04.695736+02:00
295879332,de:11000:900093201:1:51,-0.4,2026-10-02T01:01:04.695736+02:00
295879332,de:11000:900094101:1:51,-0.8,2026-10-02T01:01:04.695736+02:00
295879332,de:11000:900096101:1:51,-0.1,2026-10-02T01:01:04.695736+02:00
295879332,de:11000:900084101:1:51,-0.2,2026-10-02T01:01:04.695736+02:00
295879332,de:11000:900085201:1:51,-0.8,2026-10-02T01:01:04.695736+02:00
295879332,de:11000:900130003:1:51,-0.8,2026-10-02T01:01:04.695736+02:00
295879332,de:11000:900110011:1:50,-0.9,2026-10-02T01:01:04.695736+02:00
295879332,de:11000:900007102:1:50,-0.9,2026-10-02T01:01:04.695736+02:00
295879332,de:11000:900008101:1:50,0.0,2026-10-02T01:01:04.695736+02:00
295879332,de:11000:900007104:1:51,-0.7,2026-10-02T01:01:04.695736+02:00
295879332,de:11000:900100007:1:50,-0.7,2026-10-02T01:01:04.695736+02:00
295879332,de:11000:900100001:4:56,-0.5,2026-10-02T01:01:04.695736+02:00
295879332,de:11000:900100025:1:50,-0.4,2026-10-02T01:01:04.695736+02:00
295879332,de:11000:900100020:3:54,-0.4,2026-10-02T01:01:04.695736+02:00
295879332,de:11000:900012101:1:51,-0.5,2026-10-02T01:01:04.695736+02:00
295879332,de:11000:900057102:1:50,-0.7,2026-10-02T01:01:04.695736+02:00
295879332,de:11000:900057104:2:51,-0.4,2026-10-02T01:01:04.695736+02:00
295879332,de:11000:900054104:1:50,-0.3,2026-10-02T01:01:04.695736+02:00
295879332,de:11000:900060101:1:50,-0.3,2026-10-02T01:01:04.695736+02:00
295879332,de:11000:900063101:1:50,-0.1,2026-10-02T01:01:04.695736+02:00
295879332,de:11000:900062202:1:50,-0.1,2026-10-02T01:01:04.695736+02:00
295879332,de:11000:900066102:1:50,-0.2,2026-10-02T01:01:04.695736+02:00
295879332,de:11000:900066101:1:50,-0.1,2026-10-02T01:01:04.695736+02:00
295879332,de:11000:900049202:1:50,-0.3,2026-10-02T01:01:04.695736+02:00
295879332,de:11000:900049201:1:50,-0.4,2026-10-02T01:01:04.695736+02:00
295879332,de:11000:900050301:1:50,0.0,2026-10-02T01:01:04.695736+02:00
295879332,de:11000:900050355:1:50,-0.1,2026-10-02T01:01:04.695736+02:00
295879332,de:11000:900052201:1:50,-0.5,2026-10-02T01:01:04.695736+02:00
295879332,de:11000:900053301:1:51,-0.9,2026-10-02T01:01:04.695736+02:00
306895409,de:12067:900311129::3,0.0,2026-10-02T01:01:04.695736+02:00
306895409,de:12067:900310755::2,0.0,2026-10-02T01:01:04.695736+02:00
306895409,de:12067:900310728::2,0.0,2026-10-02T01:01:04.695736+02:00
306895409,de:12067:900310727::2,0.0,2026-10-02T01:01:04.695736+02:00
306895409,de:12067:900310942::1,0.0,2026-10-02T01:01:04.695736+02:00
306895409,de:12067:900310902::1,0.0,2026-10-02T01:01:04.695736+02:00
306895409,de:12067:900311064::1,0.0,2026-10-02T01:01:04.695736+02:00
306895409,de:12067:900311065::1,0.0,2026-10-02T01:01:04.695736+02:00
306895409,de:12067:900310826::1,0.0,2026-10-02T01:01:04.695736+02:00
306895409,de:12067:900311098::1,0.0,2026-10-02T01:01:04.695736+02:00
306895409,de:12067:900310832::1,0.0,2026-10-02T01:01:04.695736+02:00
306895409,de:12067:900310981::1,0.0,2026-10-02T01:01:04.695736+02:00
306895409,de:12067:900310701::2,0.0,2026-10-02T01:01:04.695736+02:00
306895409,de:12067:900310700::1,0.0,2026-10-02T01:01:04.695736+02:00
306895409,de:12067:900310731::2,0.0,2026-10-02T01:01:04.695736+02:00
306895409,de:12067:900311079::2,0.0,2026-10-02T01:01:04.695736+02:00
306895409,de:12067:900311009::1,0.0,2026-10-02T01:01:04.695736+02:00
306895409,de:12067:900311076::1,0.0,2026-10-02T01:01:04.695736+02:00
306895409,de:12067:900310613::1,0.0,2026-10-02T01:01:04.695736+02:00
295879323,de:12065:900200005:3:1,0.0,2026-10-02T01:01:04.695736+02:00
295879323,de:12065:900200006:1:51,-0.3,2026-10-02T01:01:04.695736+02:00
295879323,de:12065:900200007:1:51,-0.7,2026-10-02T01:01:04.695736+02:00
295879323,de:12065:900200008:1:51,-0.2,2026-10-02T01:01:04.695736+02:00
295879323,de:12065:900200009:1:51,-0.1,2026-10-02T01:01:04.695736+02:00
295879323,de:11000:900092201:1:51,-0.7,2026-10-02T01:01:04.695736+02:00
295879323,de:11000:900093201:1:51,-0.4,2026-10-02T01:01:04.695736+02:00
295879323,de:11000:900094101:1:51,-0.8,2026-10-02T01:01:04.695736+02:00
295879323,de:11000:900096101:1:51,-0.1,2026-10-02T01:01:04.695736+02:00
295879323,de:11000:900084101:1:51,-0.2,2026-10-02T01:01:04.695736+02:00
295879323,de:11000:900085201:1:51,-0.8,2026-10-02T01:01:04.695736+02:00
295879323,de:11000:900130003:1:51,-0.8,2026-10-02T01:01:04.695736+02:00
295879323,de:11000:900110011:1:50,-0.9,2026-10-02T01:01:04.695736+02:00
295879323,de:11000:900007102:1:50,-0.9,2026-10-02T01:01:04.695736+02:00
295879323,de:11000:900008101:1:50,0.0,2026-10-02T01:01:04.695736+02:00
295879323,de:11000:900007104:1:51,-0.7,2026-10-02T01:01:04.695736+02:00
295879323,de:11000:900100007:1:50,-0.7,2026-10-02T01:01:04.695736+02:00
295879323,de:11000:900100001:4:56,-0.5,2026-10-02T01:01:04.695736+02:00
295879323,de:11000:900100025:1:50,-0.4,2026-10-02T01:01:04.695736+02:00
295879323,de:11000:900100020:3:54,-0.4,2026-10-02T01:01:04.695736+02:00
295879323,de:11000:900012101:1:51,-0.5,2026-10-02T01:01:04.695736+02:00
295879323,de:11000:900057102:1:50,-0.7,2026-10-02T01:01:04.695736+02:00
295879323,de:11000:900057104:2:51,-0.4,2026-10-02T01:01:04.695736+02:00
295879323,de:11000:900054104:1:50,-0.3,2026-10-02T01:01:04.695736+02:00
295879323,de:11000:900060101:1:50,-0.3,2026-10-02T01:01:04.695736+02:00
295879323,de:11000:900063101:1:50,-0.1,2026-10-02T01:01:04.695736+02:00
295879323,de:11000:900062202:1:50,-0.1,2026-10-02T01:01:04.695736+02:00
295879323,de:11000:900066102:1:50,-0.2,2026-10-02T01:01:04.695736+02:00
295879323,de:11000:900066101:1:50,-0.1,2026-10-02T01:01:04.695736+02:00
295879323,de:11000:900049202:1:50,-0.3,2026-10-02T01:01:04.695736+02:00
295879323,de:11000:900049201:1:50,-0.4,2026-10-02T01:01:04.695736+02:00
295879323,de:11000:900050301:1:50,0.0,2026-10-02T01:01:04.695736+02:00
295879323,de:11000:900050355:1:50,-0.1,2026-10-02T01:01:04.695736+02:00
295879323,de:11000:900052201:1:50,-0.5,2026-10-02T01:01:04.695736+02:00
295879323,de:11000:900053301:1:51,-0.9,2026-10-02T01:01:04.695736+02:00
295879426,de:11000:900053301:2:52,0.0,2026-10-02T01:01:04.695736+02:00
295879426,de:11000:900052201:1:51,0.0,2026-10-02T01:01:04.695736+02:00
295879426,de:11000:900050355:1:51,-0.3,2026-10-02T01:01:04.695736+02:00
295879426,de:11000:900050301:1:51,-0.4,2026-10-02T01:01:04.695736+02:00
295879426,de:11000:900049201:1:51,0.0,2026-10-02T01:01:04.695736+02:00
295879426,de:11000:900049202:1:51,0.0,2026-10-02T01:01:04.695736+02:00
295879426,de:11000:900066101:1:51,-0.3,2026-10-02T01:01:04.695736+02:00
295879426,de:11000:900066102:1:51,-0.2,2026-10-02T01:01:04.695736+02:00
295879426,de:11000:900062202:1:51,-0.2,2026-10-02T01:01:04.695736+02:00
295879426,de:11000:900063101:1:51,-0.2,2026-10-02T01:01:04.695736+02:00
295879426,de:11000:900060101:1:51,-0.9,2026-10-02T01:01:04.695736+02:00
295879426,de:11000:900054104:1:51,-0.9,2026-10-02T01:01:04.695736+02:00
295879426,de:11000:900057104:1:50,-0.4,2026-10-02T01:01:04.695736+02:00
295879426,de:11000:900057102:1:51,-0.1,2026-10-02T01:01:04.695736+02:00
295879426,de:11000:900012101:2:52,-0.9,2026-10-02T01:01:04.695736+02:00
295879426,de:11000:900100020:4:57,-0.3,2026-10-02T01:01:04.695736+02:00
295879426,de:11000:900100025:1:51,-0.4,2026-10-02T01:01:04.695736+02:00
295879426,de:11000:900100001:4:57,-0.1,2026-10-02T01:01:04.695736+02:00
295879426,de:11000:900100007:1:51,-0.2,2026-10-02T01:01:04.695736+02:00
295879426,de:11000:900007104:2:52,-0.2,2026-10-02T01:01:04.695736+02:00
295879426,de:11000:900008101:1:51,-0.9,2026-10-02T01:01:04.695736+02:00
295879426,de:11000:900007102:2:53,-0.6,2026-10-02T01:01:04.695736+02:00
295879426,de:11000:900110011:2:53,-0.9,2026-10-02T01:01:04.695736+02:00
295879426,de:11000:900085201:1:50,-0.9,2026-10-02T01:01:04.695736+02:00
295879426,de:11000:900084101:1:50,-0.7,2026-10-02T01:01:04.695736+02:00
295879426,de:11000:900096101:1:50,-0.8,2026-10-02T01:01:04.695736+02:00
295879426,de:11000:900094101:1:50,-0.1,2026-10-02T01:01:04.695736+02:00
295879426,de:11000:900093201:1:50,-0.4,2026-10-02T01:01:04.695736+02:00
295879426,de:11000:900092201:1:50,-0.2,2026-10-02T01:01:04.695736+02:00
295879426,de:12065:900200009:1:50,-0.7,2026-10-02T01:01:04.695736+02:00
295879426,de:12065:900200008:1:50,-0.7,2026-10-02T01:01:04.695736+02:00
295879426,de:12065:900200007:1:50,-0.2,2026-10-02T01:01:04.695736+02:00
295879426,de:12065:900200006:1:50,-0.5,2026-10-02T01:01:04.695736+02:00
295879426,de:12065:900200005:3:1,-0.9,2026-10-02T01:01:04.695736+02:00
295879317,de:12065:900200005:3:1,0.0,2026-10-02T01:01:04.695736+02:00
295879317,de:12065:900200006:1:51,-0.3,2026-10-02T01:01:04.695736+02:00
295879317,de:12065:900200007:1:51,-0.7,2026-10-02T01:01:04.695736+02:00
295879317,de:12065:900200008:1:51,-0.2,2026-10-02T01:01:04.695736+02:00
295879317,de:12065:900200009:1:51,-0.1,2026-10-02T01:01:04.695736+02:00
295879317,de:11000:900092201:1:51,-0.7,2026-10-02T01:01:04.695736+02:00
295879317,de:11000:900093201:1:51,-0.4,2026-10-02T01:01:04.695736+02:00
295879317,de:11000:900094101:1:51,-0.8,2026-10-02T01:01:04.695736+02:00
295879317,de:11000:900096101:1:51,-0.1,2026-10-02T01:01:04.695736+02:00
295879317,de:11000:900084101:1:51,-0.2,2026-10-02T01:01:04.695736+02:00
295879317,de:11000:900085201:1:51,-0.8,2026-10-02T01:01:04.695736+02:00
295879317,de:11000:900130003:1:51,-0.8,2026-10-02T01:01:04.695736+02:00
295879317,de:11000:900110011:1:50,-0.9,2026-10-02T01:01:04.695736+02:00
295879317,de:11000:900007102:1:50,-0.9,2026-10-02T01:01:04.695736+02:00
295879317,de:11000:900008101:1:50,0.0,2026-10-02T01:01:04.695736+02:00
295879317,de:11000:900007104:1:51,-0.7,2026-10-02T01:01:04.695736+02:00
295879317,de:11000:900100007:1:50,-0.7,2026-10-02T01:01:04.695736+02:00
295879317,de:11000:900100001:4:56,-0.5,2026-10-02T01:01:04.695736+02:00
295879317,de:11000:900100025:1:50,-0.4,2026-10-02T01:01:04.695736+02:00
295879317,de:11000:900100020:3:54,-0.4,2026-10-02T01:01:04.695736+02:00
295879317,de:11000:900012101:1:51,-0.5,2026-10-02T01:01:04.695736+02:00
295879317,de:11000:900057102:1:50,-0.7,2026-10-02T01:01:04.695736+02:00
295879317,de:11000:900057104:2:51,-0.4,2026-10-02T01:01:04.695736+02:00
295879317,de:11000:900054104:1:50,-0.3,2026-10-02T01:01:04.695736+02:00
295879317,de:11000:900060101:1:50,-0.3,2026-10-02T01:01:04.695736+02:00
295879317,de:11000:900063101:1:50,-0.1,2026-10-02T01:01:04.695736+02:00
295879317,de:11000:900062202:1:50,-0.1,2026-10-02T01:01:04.695736+02:00
295879317,de:11000:900066102:1:50,-0.2,2026-10-02T01:01:04.695736+02:00
295879317,de:11000:900066101:1:50,-0.1,2026-10-02T01:01:04.695736+02:00
295879317,de:11000:900049202:1:50,-0.3,2026-10-02T01:01:04.695736+02:00
295879317,de:11000:900049201:1:50,-0.4,2026-10-02T01:01:04.695736+02:00
295879317,de:11000:900050301:1:50,0.0,2026-10-02T01:01:04.695736+02:00
295879317,de:11000:900050355:1:50,-0.1,2026-10-02T01:01:04.695736+02:00
295879317,de:11000:900052201:1:50,-0.5,2026-10-02T01:01:04.695736+02:00
295879317,de:11000:900053301:1:51,-0.9,2026-10-02T01:01:04.695736+02:00
295879303,de:12065:900200005:3:1,0.0,2026-10-02T01:01:04.695736+02:00
295879303,de:12065:900200006:1:51,-0.3,2026-10-02T01:01:04.695736+02:00
295879303,de:12065:900200007:1:51,-0.7,2026-10-02T01:01:04.695736+02:00
295879303,de:12065:900200008:1:51,-0.2,2026-10-02T01:01:04.695736+02:00
295879303,de:12065:900200009:1:51,-0.1,2026-10-02T01:01:04.695736+02:00
295879303,de:11000:900092201:1:51,-0.7,2026-10-02T01:01:04.695736+02:00
295879303,de:11000:900093201:1:51,-0.4,2026-10-02T01:01:04.695736+02:00
295879303,de:11000:900094101:1:51,-0.8,2026-10-02T01:01:04.695736+02:00
295879303,de:11000:900096101:1:51,-0.1,2026-10-02T01:01:04.695736+02:00
295879303,de:11000:900084101:1:51,-0.2,2026-10-02T01:01:04.695736+02:00
295879303,de:11000:900085201:1:51,-0.8,2026-10-02T01:01:04.695736+02:00
295879303,de:11000:900130003:1:51,-0.8,2026-10-02T01:01:04.695736+02:00
295879303,de:11000:900110011:1:50,-0.9,2026-10-02T01:01:04.695736+02:00
295879303,de:11000:900007102:1:50,-0.9,2026-10-02T01:01:04.695736+02:00
295879303,de:11000:900008101:1:50,0.0,2026-10-02T01:01:04.695736+02:00
295879303,de:11000:900007104:1:51,-0.7,2026-10-02T01:01:04.695736+02:00
295879303,de:11000:900100007:1:50,-0.7,2026-10-02T01:01:04.695736+02:00
295879303,de:11000:900100001:4:56,-0.5,2026-10-02T01:01:04.695736+02:00
295879303,de:11000:900100025:1:50,-0.4,2026-10-02T01:01:04.695736+02:00
295879303,de:11000:900100020:3:54,-0.4,2026-10-02T01:01:04.695736+02:00
295879303,de:11000:900012101:1:51,-0.5,2026-10-02T01:01:04.695736+02:00
295879303,de:11000:900057102:1:50,-0.7,2026-10-02T01:01:04.695736+02:00
295879303,de:11000:900057104:2:51,-0.4,2026-10-02T01:01:04.695736+02:00
295879303,de:11000:900054104:1:50,-0.3,2026-10-02T01:01:04.695736+02:00
295879303,de:11000:900060101:1:50,-0.3,2026-10-02T01:01:04.695736+02:00
295879303,de:11000:900063101:1:50,-0.1,2026-10-02T01:01:04.695736+02:00
295879303,de:11000:900062202:1:50,-0.1,2026-10-02T01:01:04.695736+02:00
295879303,de:11000:900066102:1:50,-0.2,2026-10-02T01:01:04.695736+02:00
295879303,de:11000:900066101:1:50,-0.1,2026-10-02T01:01:04.695736+02:00
295879303,de:11000:900049202:1:50,-0.3,2026-10-02T01:01:04.695736+02:00
295879303,de:11000:900049201:1:50,-0.4,2026-10-02T01:01:04.695736+02:00
295879303,de:11000:900050301:1:50,0.0,2026-10-02T01:01:04.695736+02:00
295879303,de:11000:900050355:1:50,-0.1,2026-10-02T01:01:04.695736+02:00
295879303,de:11000:900052201:1:50,-0.5,2026-10-02T01:01:04.695736+02:00
295879303,de:11000:900053301:1:51,-0.9,2026-10-02T01:01:04.695736+02:00
306896136,de:12067:900310013::3,0.0,2026-10-02T01:01:04.695736+02:00
306896136,de:12067:900310563::3,0.0,2026-10-02T01:01:04.695736+02:00
306896136,de:12067:900310559::1,0.0,2026-10-02T01:01:04.695736+02:00
306896136,de:12067:900310558::1,0.0,2026-10-02T01:01:04.695736+02:00
306896136,de:12067:900310556::1,0.0,2026-10-02T01:01:04.695736+02:00
306896136,de:12067:900310621::1,0.0,2026-10-02T01:01:04.695736+02:00
306896136,de:12067:900310568::1,0.0,2026-10-02T01:01:04.695736+02:00
306896136,de:12067:900310955::1,0.0,2026-10-02T01:01:04.695736+02:00
306896136,de:12067:900310951::1,0.0,2026-10-02T01:01:04.695736+02:00
306896136,de:12067:900310956::1,0.0,2026-10-02T01:01:04.695736+02:00
306896136,de:12067:900310954::1,0.0,2026-10-02T01:01:04.695736+02:00
306896136,de:12067:900310953::1,0.0,2026-10-02T01:01:04.695736+02:00
306896174,de:12067:900310013::3,0.0,2026-10-02T01:01:04.695736+02:00
306896174,de:12067:900310563::3,0.0,2026-10-02T01:01:04.695736+02:00
306896174,de:12067:900310559::1,0.0,2026-10-02T01:01:04.695736+02:00
306896174,de:12067:900310558::1,0.0,2026-10-02T01:01:04.695736+02:00
306896174,de:12067:900310556::1,0.0,2026-10-02T01:01:04.695736+02:00
306896174,de:12067:900310621::1,0.0,2026-10-02T01:01:04.695736+02:00
306896174,de:12067:900310568::1,0.0,2026-10-02T01:01:04.695736+02:00
306896174,de:12067:900310955::1,0.0,2026-10-02T01:01:04.695736+02:00
306896174,de:12067:900310949::1,0.0,2026-10-02T01:01:04.695736+02:00
306896174,de:12067:900310952::1,0.0,2026-10-02T01:01:04.695736+02:00
306896174,de:12067:900310025::1,0.0,2026-10-02T01:01:04.695736+02:00
306896174,de:12067:900310015::1,0.0,2026-10-02T01:01:04.695736+02:00
306896202,de:12067:900311025::2,0.0,2026-10-02T01:01:04.695736+02:00
306896202,de:12067:900311024::2,0.0,2026-10-02T01:01:04.695736+02:00
306896202,de:12067:900311023::1,0.0,2026-10-02T01:01:04.695736+02:00
306896202,de:12067:900311114::1,0.0,2026-10-02T01:01:04.695736+02:00
306896202,de:12067:900310031::1,0.0,2026-10-02T01:01:04.695736+02:00
306896202,de:12067:900310852::1,0.0,2026-10-02T01:01:04.695736+02:00
306896202,de:12067:900310850::1,0.0,2026-10-02T01:01:04.695736+02:00
306896202,de:12067:900310851::1,0.0,2026-10-02T01:01:04.695736+02:00
306896202,de:12067:900310849::1,0.0,2026-10-02T01:01:04.695736+02:00
306896202,de:12067:900310856::1,0.0,2026-10-02T01:01:04.695736+02:00
306896202,de:12067:900310849::2,0.0,2026-10-02T01:01:04.695736+02:00
306896202,de:12067:900310851::2,0.0,2026-10-02T01:01:04.695736+02:00
306896202,de:12067:900310850::2,0.0,2026-10-02T01:01:04.695736+02:00
306896202,de:12067:900310852::2,0.0,2026-10-02T01:01:04.695736+02:00
306896202,de:12067:900310555::2,0.0,2026-10-02T01:01:04.695736+02:00
306896202,de:12067:900310557::2,0.0,2026-10-02T01:01:04.695736+02:00
306896202,de:12067:900310013::7,0.0,2026-10-02T01:01:04.695736+02:00
306896257,de:12061:900260001::6,0.0,2026-10-02T01:01:04.695736+02:00
306896257,de:12061:900260798::1,0.0,2026-10-02T01:01:04.695736+02:00
306896257,de:12061:900260890::1,0.0,2026-10-02T01:01:04.695736+02:00
306896257,de:12061:900260887::1,0.0,2026-10-02T01:01:04.695736+02:00
306896257,de:12061:900260886::1,0.0,2026-10-02T01:01:04.695736+02:00
306896257,de:12061:900260888::1,0.0,2026-10-02T01:01:04.695736+02:00
306896257,de:12061:900260889::1,0.0,2026-10-02T01:01:04.695736+02:00
306896257,de:12061:900261047::1,0.0,2026-10-02T01:01:04.695736+02:00
306896257,de:12061:900261048::1,0.0,2026-10-02T01:01:04.695736+02:00
306896257,de:12061:900261051::1,0.0,2026-10-02T01:01:04.695736+02:00
306896257,de:12061:900261050::2,0.0,2026-10-02T01:01:04.695736+02:00
306896257,de:12061:900260170::1,0.0,2026-10-02T01:01:04.695736+02:00
306896257,de:12061:900260167::1,0.0,2026-10-02T01:01:04.695736+02:00
306896257,de:12061:900260168::1,0.0,2026-10-02T01:01:04.695736+02:00
306896257,de:12061:900260171::1,0.0,2026-10-02T01:01:04.695736+02:00
306896257,de:12061:900260166::1,0.0,2026-10-02T01:01:04.695736+02:00
306896257,de:12061:900260169::4,0.0,2026-10-02T01:01:04.695736+02:00
306896257,de:12061:900260165::1,0.0,2026-10-02T01:01:04.695736+02:00
306896257,de:12067:900310950::2,0.0,2026-10-02T01:01:04.695736+02:00
306896257,de:12067:900310955::2,0.0,2026-10-02T01:01:04.695736+02:00
306896257,de:12067:900310568::2,0.0,2026-10-02T01:01:04.695736+02:00
306896257,de:12067:900310556::2,0.0,2026-10-02T01:01:04.695736+02:00
306896257,de:12067:900310558::4,0.0,2026-10-02T01:01:04.695736+02:00
306896257,de:12067:900310559::2,0.0,2026-10-02T01:01:04.695736+02:00
306896257,de:12067:900310563::4,0.0,2026-10-02T01:01:04.695736+02:00
306896257,de:12067:900310013::7,0.0,2026-10-02T01:01:04.695736+02:00
295883486,de:11000:900100020:3:55,0.0,2026-10-02T01:01:04.695736+02:00
295883486,de:11000:900012101:1:51,-0.5,2026-10-02T01:01:04.695736+02:00
295883486,de:11000:900057102:1:50,-0.7,2026-10-02T01:01:04.695736+02:00
295883486,de:11000:900057104:2:51,-0.4,2026-10-02T01:01:04.695736+02:00
295883486,de:11000:900054104:1:50,-0.3,2026-10-02T01:01:04.695736+02:00
295883486,de:11000:900060101:1:50,-0.3,2026-10-02T01:01:04.695736+02:00
295883486,de:11000:900063101:1:50,-0.1,2026-10-02T01:01:04.695736+02:00
295883486,de:11000:900062202:1:50,-0.1,2026-10-02T01:01:04.695736+02:00
295883486,de:11000:900066102:1:50,-0.2,2026-10-02T01:01:04.695736+02:00
295883486,de:11000:900066101:1:50,-0.1,2026-10-02T01:01:04.695736+02:00
295883486,de:11000:900049202:1:50,-0.3,2026-10-02T01:01:04.695736+02:00
295883486,de:11000:900049201:1:50,-0.4,2026-10-02T01:01:04.695736+02:00
295883467,de:11000:900100020:3:55,0.0,2026-10-02T01:01:04.695736+02:00
295883467,de:11000:900012101:1:51,-0.5,2026-10-02T01:01:04.695736+02:00
295883467,de:11000:900057102:1:50,-0.7,2026-10-02T01:01:04.695736+02:00
295883467,de:11000:900057104:2:51,-0.4,2026-10-02T01:01:04.695736+02:00
295883467,de:11000:900054104:1:50,-0.3,2026-10-02T01:01:04.695736+02:00
295883467,de:11000:900060101:1:50,-0.3,2026-10-02T01:01:04.695736+02:00
295883467,de:11000:900063101:1:50,-0.1,2026-10-02T01:01:04.695736+02:00
295883467,de:11000:900062202:1:50,-0.1,2026-10-02T01:01:04.695736+02:00
295883467,de:11000:900066102:1:50,-0.2,2026-10-02T01:01:04.695736+02:00
295883467,de:11000:900066101:1:50,-0.1,2026-10-02T01:01:04.695736+02:00
295883467,de:11000:900049202:1:50,-0.3,2026-10-02T01:01:04.695736+02:00
295883467,de:11000:900049201:1:50,-0.4,2026-10-02T01:01:04.695736+02:00
295883462,de:11000:900100020:3:55,0.0,2026-10-02T01:01:04.695736+02:00
295883462,de:11000:900012101:1:51,-0.5,2026-10-02T01:01:04.695736+02:00
295883462,de:11000:900057102:1:50,-0.7,2026-10-02T01:01:04.695736+02:00
295883462,de:11000:900057104:2:51,-0.4,2026-10-02T01:01:04.695736+02:00
295883462,de:11000:900054104:1:50,-0.3,2026-10-02T01:01:04.695736+02:00
295883462,de:11000:900060101:1:50,-0.3,2026-10-02T01:01:04.695736+02:00
295883462,de:11000:900063101:1:50,-0.1,2026-10-02T01:01:04.695736+02:00
295883462,de:11000:900062202:1:50,-0.1,2026-10-02T01:01:04.695736+02:00
295883462,de:11000:900066102:1:50,-0.2,2026-10-02T01:01:04.695736+02:00
295883462,de:11000:900066101:1:50,-0.1,2026-10-02T01:01:04.695736+02:00
295883462,de:11000:900049202:1:50,-0.3,2026-10-02T01:01:04.695736+02:00
295883462,de:11000:900049201:1:50,-0.4,2026-10-02T01:01:04.695736+02:00
306896602,de:12067:900310001::3,0.0,2026-10-02T01:01:04.695736+02:00
306896602,de:12067:900310816::1,0.0,2026-10-02T01:01:04.695736+02:00
306896602,de:12067:900310627::1,0.0,2026-10-02T01:01:04.695736+02:00
306896602,de:12067:900310781::1,0.0,2026-10-02T01:01:04.695736+02:00
306896602,de:12067:900310789::1,0.0,2026-10-02T01:01:04.695736+02:00
306896602,de:12067:900310797::1,0.0,2026-10-02T01:01:04.695736+02:00
306896602,de:12067:900310773::1,0.0,2026-10-02T01:01:04.695736+02:00
306896602,de:12067:900311109::1,0.0,2026-10-02T01:01:04.695736+02:00
306896602,de:12067:900310782::1,0.0,2026-10-02T01:01:04.695736+02:00
306896602,de:12067:900310824::1,0.0,2026-10-02T01:01:04.695736+02:00
306896602,de:12067:900310734::1,0.0,2026-10-02T01:01:04.695736+02:00
306896602,de:12067:900310733::1,0.0,2026-10-02T01:01:04.695736+02:00
306896602,de:12067:900310005::1,0.0,2026-10-02T01:01:04.695736+02:00
306896602,de:12067:900310754::1,0.0,2026-10-02T01:01:04.695736+02:00
306896602,de:12067:900310761::1,-0.5,2026-10-02T01:01:04.695736+02:00
306896602,de:12067:900310763::1,0.0,2026-10-02T01:01:04.695736+02:00
306896602,de:12067:900310762::1,0.0,2026-10-02T01:01:04.695736+02:00
306896602,de:12067:900311090::1,0.0,2026-10-02T01:01:04.695736+02:00
306896602,de:12067:900311088::2,0.0,2026-10-02T01:01:04.695736+02:00
306896602,de:12067:900311089::2,0.0,2026-10-02T01:01:04.695736+02:00
306896602,de:12067:900310706::2,0.0,2026-10-02T01:01:04.695736+02:00
306896602,de:12067:900310705::1,0.0,2026-10-02T01:01:04.695736+02:00
306896602,de:12067:900310704::2,0.0,2026-10-02T01:01:04.695736+02:00
306896602,de:12067:900310947::1,0.0,2026-10-02T01:01:04.695736+02:00
306896602,de:12067:900311086::0,0.0,2026-10-02T01:01:04.695736+02:00
306896602,de:12067:900310745::1,0.0,2026-10-02T01:01:04.695736+02:00
306896602,de:12067:900310973::2,0.0,2026-10-02T01:01:04.695736+02:00
306896602,de:12067:900310969::1,0.0,2026-10-02T01:01:04.695736+02:00
306896602,de:12067:900310876::1,0.0,2026-10-02T01:01:04.695736+02:00
306896602,de:12067:900310007::1,0.0,2026-10-02T01:01:04.695736+02:00
306896602,de:12067:900310735::1,0.0,2026-10-02T01:01:04.695736+02:00
306896602,de:12067:900310009::1,0.0,2026-10-02T01:01:04.695736+02:00
295882588,de:11000:900053301:2:52,0.0,2026-10-02T01:01:04.695736+02:00
295882588,de:11000:900052201:1:51,0.0,2026-10-02T01:01:04.695736+02:00
295882588,de:11000:900050355:1:51,-0.3,2026-10-02T01:01:04.695736+02:00
295882588,de:11000:900050301:1:51,-0.4,2026-10-02T01:01:04.695736+02:00
295882588,de:11000:900049201:1:51,0.0,2026-10-02T01:01:04.695736+02:00
295882588,de:11000:900049202:1:51,0.0,2026-10-02T01:01:04.695736+02:00
295882588,de:11000:900066101:1:51,-0.3,2026-10-02T01:01:04.695736+02:00
295882588,de:11000:900066102:1:51,-0.2,2026-10-02T01:01:04.695736+02:00
295882588,de:11000:900062202:1:51,-0.2,2026-10-02T01:01:04.695736+02:00
295882588,de:11000:900063101:1:51,-0.2,2026-10-02T01:01:04.695736+02:00
295882588,de:11000:900060101:1:51,-0.9,2026-10-02T01:01:04.695736+02:00
295882588,de:11000:900054104:1:51,-0.9,2026-10-02T01:01:04.695736+02:00
295882588,de:11000:900057104:1:50,-0.4,2026-10-02T01:01:04.695736+02:00
295882588,de:11000:900057102:1:51,-0.1,2026-10-02T01:01:04.695736+02:00
295882588,de:11000:900012101:2:52,-0.9,2026-10-02T01:01:04.695736+02:00
295882588,de:11000:900100020:4:57,-0.3,2026-10-02T01:01:04.695736+02:00
295882588,de:11000:900100025:1:51,-0.4,2026-10-02T01:01:04.695736+02:00
295882588,de:11000:900100001:4:57,-0.1,2026-10-02T01:01:04.695736+02:00
295882588,de:11000:900100007:1:51,-0.2,2026-10-02T01:01:04.695736+02:00
295882588,de:11000:900007104:2:52,-0.2,2026-10-02T01:01:04.695736+02:00
295882588,de:11000:900008101:1:51,-0.9,2026-10-02T01:01:04.695736+02:00
295882588,de:11000:900007102:2:53,-0.6,2026-10-02T01:01:04.695736+02:00
295882588,de:11000:900110011:2:53,-0.9,2026-10-02T01:01:04.695736+02:00
295882588,de:11000:900085201:1:50,-0.9,2026-10-02T01:01:04.695736+02:00
295882588,de:11000:900084101:1:50,-0.7,2026-10-02T01:01:04.695736+02:00
295882588,de:11000:900096101:1:50,-0.8,2026-10-02T01:01:04.695736+02:00
295882588,de:11000:900094101:1:50,-0.1,2026-10-02T01:01:04.695736+02:00
295882588,de:11000:900093201:1:50,-0.4,2026-10-02T01:01:04.695736+02:00
295882588,de:11000:900092201:1:50,-0.2,2026-10-02T01:01:04.695736+02:00
306896235,de:12067:900310013::5,0.0,2026-10-02T01:01:04.695736+02:00
306896235,de:12067:900310563::3,0.0,2026-10-02T01:01:04.695736+02:00
306896235,de:12067:900310563::4,0.0,2026-10-02T01:01:04.695736+02:00
306896235,de:12067:900310557::3,0.0,2026-10-02T01:01:04.695736+02:00
306896235,de:12067:900310555::1,0.0,2026-10-02T01:01:04.695736+02:00
306896235,de:12067:900310852::1,0.0,2026-10-02T01:01:04.695736+02:00
306896235,de:12067:900310850::1,0.0,2026-10-02T01:01:04.695736+02:00
306896235,de:12067:900310851::1,0.0,2026-10-02T01:01:04.695736+02:00
306896235,de:12067:900310849::1,0.0,2026-10-02T01:01:04.695736+02:00
306896235,de:12067:900310856::1,0.0,2026-10-02T01:01:04.695736+02:00
306896235,de:12067:900310849::2,0.0,2026-10-02T01:01:04.695736+02:00
306896235,de:12067:900310851::2,0.0,2026-10-02T01:01:04.695736+02:00
306896235,de:12067:900310850::2,0.0,2026-10-02T01:01:04.695736+02:00
306896235,de:12067:900310852::2,0.0,2026-10-02T01:01:04.695736+02:00
306896235,de:12067:900310002::7,0.0,2026-10-02T01:01:04.695736+02:00
306896235,de:12067:900310864::1,0.0,2026-10-02T01:01:04.695736+02:00
295882550,de:11000:900053301:2:52,0.0,2026-10-02T01:01:04.695736+02:00
295882550,de:11000:900052201:1:51,0.0,2026-10-02T01:01:04.695736+02:00
295882550,de:11000:900050355:1:51,-0.3,2026-10-02T01:01:04.695736+02:00
295882550,de:11000:900050301:1:51,-0.4,2026-10-02T01:01:04.695736+02:00
295882550,de:11000:900049201:1:51,0.0,2026-10-02T01:01:04.695736+02:00
295882550,de:11000:900049202:1:51,0.0,2026-10-02T01:01:04.695736+02:00
295882550,de:11000:900066101:1:51,-0.3,2026-10-02T01:01:04.695736+02:00
295882550,de:11000:900066102:1:51,-0.2,2026-10-02T01:01:04.695736+02:00
295882550,de:11000:900062202:1:51,-0.2,2026-10-02T01:01:04.695736+02:00
295882550,de:11000:900063101:1:51,-0.2,2026-10-02T01:01:04.695736+02:00
295882550,de:11000:900060101:1:51,-0.9,2026-10-02T01:01:04.695736+02:00
295882550,de:11000:900054104:1:51,-0.9,2026-10-02T01:01:04.695736+02:00
295882550,de:11000:900057104:1:50,-0.4,2026-10-02T01:01:04.695736+02:00
295882550,de:11000:900057102:1:51,-0.1,2026-10-02T01:01:04.695736+02:00
295882550,de:11000:900012101:2:52,-0.9,2026-10-02T01:01:04.695736+02:00
295882550,de:11000:900100020:4:57,-0.3,2026-10-02T01:01:04.695736+02:00
295882550,de:11000:900100025:1:51,-0.4,2026-10-02T01:01:04.695736+02:00
295882550,de:11000:900100001:4:57,-0.1,2026-10-02T01:01:04.695736+02:00
295882550,de:11000:900100007:1:51,-0.2,2026-10-02T01:01:04.695736+02:00
295882550,de:11000:900007104:2:52,-0.2,2026-10-02T01:01:04.695736+02:00
295882550,de:11000:900008101:1:51,-0.9,2026-10-02T01:01:04.695736+02:00
295882550,de:11000:900007102:2:53,-0.6,2026-10-02T01:01:04.695736+02:00
295882550,de:11000:900110011:2:53,-0.9,2026-10-02T01:01:04.695736+02:00
295882550,de:11000:900085201:1:50,-0.9,2026-10-02T01:01:04.695736+02:00
295882550,de:11000:900084101:1:50,-0.7,2026-10-02T01:01:04.695736+02:00
295882550,de:11000:900096101:1:50,-0.8,2026-10-02T01:01:04.695736+02:00
295882550,de:11000:900094101:1:50,-0.1,2026-10-02T01:01:04.695736+02:00
295882550,de:11000:900093201:1:50,-0.4,2026-10-02T01:01:04.695736+02:00
295882550,de:11000:900092201:1:50,-0.2,2026-10-02T01:01:04.695736+02:00
295882517,de:11000:900092201:1:51,0.0,2026-10-02T01:01:04.695736+02:00
295882517,de:11000:900093201:1:51,-0.4,2026-10-02T01:01:04.695736+02:00
295882517,de:11000:900094101:1:51,-0.8,2026-10-02T01:01:04.695736+02:00
295882517,de:11000:900096101:1:51,-0.1,2026-10-02T01:01:04.695736+02:00
295882517,de:11000:900084101:1:51,-0.2,2026-10-02T01:01:04.695736+02:00
295882517,de:11000:900085201:1:51,-0.8,2026-10-02T01:01:04.695736+02:00
295882517,de:11000:900130003:1:51,-0.8,2026-10-02T01:01:04.695736+02:00
295882517,de:11000:900110011:1:50,-0.9,2026-10-02T01:01:04.695736+02:00
295882517,de:11000:900007102:1:50,-0.9,2026-10-02T01:01:04.695736+02:00
295882517,de:11000:900008101:1:50,0.0,2026-10-02T01:01:04.695736+02:00
295882517,de:11000:900007104:1:51,-0.7,2026-10-02T01:01:04.695736+02:00
295882517,de:11000:900100007:1:50,-0.7,2026-10-02T01:01:04.695736+02:00
295882517,de:11000:900100001:4:56,-0.5,2026-10-02T01:01:04.695736+02:00
295882517,de:11000:900100025:1:50,-0.4,2026-10-02T01:01:04.695736+02:00
295882517,de:11000:900100020:3:54,-0.4,2026-10-02T01:01:04.695736+02:00
295882517,de:11000:900012101:1:51,-0.5,2026-10-02T01:01:04.695736+02:00
295882517,de:11000:900057102:1:50,-0.7,2026-10-02T01:01:04.695736+02:00
295882517,de:11000:900057104:2:51,-0.4,2026-10-02T01:01:04.695736+02:00
295882517,de:11000:900054104:1:50,-0.3,2026-10-02T01:01:04.695736+02:00
295882517,de:11000:900060101:1:50,-0.3,2026-10-02T01:01:04.695736+02:00
295882517,de:11000:900063101:1:50,-0.1,2026-10-02T01:01:04.695736+02:00
295882517,de:11000:900062202:1:50,-0.1,2026-10-02T01:01:04.695736+02:00
295882517,de:11000:900066102:1:50,-0.2,2026-10-02T01:01:04.695736+02:00
295882517,de:11000:900066101:1:50,-0.1,2026-10-02T01:01:04.695736+02:00
295882517,de:11000:900049202:1:50,-0.3,2026-10-02T01:01:04.695736+02:00
295882517,de:11000:900049201:1:50,-0.4,2026-10-02T01:01:04.695736+02:00
295882517,de:11000:900050301:1:50,0.0,2026-10-02T01:01:04.695736+02:00
295882517,de:11000:900050355:1:50,-0.1,2026-10-02T01:01:04.695736+02:00
295882517,de:11000:900052201:1:50,-0.5,2026-10-02T01:01:04.695736+02:00
295882517,de:11000:900053301:1:51,-0.9,2026-10-02T01:01:04.695736+02:00
295882460,de:11000:900092201:1:50,0.0,2026-10-02T01:01:04.695736+02:00
295882460,de:11000:900093201:1:51,-0.4,2026-10-02T01:01:04.695736+02:00
295882460,de:11000:900094101:1:51,-0.3,2026-10-02T01:01:04.695736+02:00
295882460,de:11000:900096101:1:51,-0.1,2026-10-02T01:01:04.695736+02:00
295882460,de:11000:900084101:1:51,-0.2,2026-10-02T01:01:04.695736+02:00
295882460,de:11000:900085201:1:51,-0.8,2026-10-02T01:01:04.695736+02:00
295882460,de:11000:900130003:1:51,-0.8,2026-10-02T01:01:04.695736+02:00
295882460,de:11000:900110011:1:50,-0.9,2026-10-02T01:01:04.695736+02:00
295882460,de:11000:900007102:1:50,-0.9,2026-10-02T01:01:04.695736+02:00
295882460,de:11000:900008101:1:50,0.0,2026-10-02T01:01:04.695736+02:00
295882460,de:11000:900007104:1:51,-0.7,2026-10-02T01:01:04.695736+02:00
295882460,de:11000:900100007:1:50,-0.7,2026-10-02T01:01:04.695736+02:00
295882460,de:11000:900100001:4:56,-0.5,2026-10-02T01:01:04.695736+02:00
295882460,de:11000:900100025:1:50,-0.4,2026-10-02T01:01:04.695736+02:00
295882460,de:11000:900100020:3:54,-0.4,2026-10-02T01:01:04.695736+02:00
295882460,de:11000:900012101:1:51,-0.5,2026-10-02T01:01:04.695736+02:00
295882460,de:11000:900057102:1:50,-0.7,2026-10-02T01:01:04.695736+02:00
295882460,de:11000:900057104:2:51,-0.4,2026-10-02T01:01:04.695736+02:00
295882460,de:11000:900054104:1:50,-0.3,2026-10-02T01:01:04.695736+02:00
295882460,de:11000:900060101:1:50,-0.3,2026-10-02T01:01:04.695736+02:00
295882460,de:11000:900063101:1:50,-0.1,2026-10-02T01:01:04.695736+02:00
295882460,de:11000:900062202:1:50,-0.1,2026-10-02T01:01:04.695736+02:00
295882460,de:11000:900066102:1:50,-0.2,2026-10-02T01:01:04.695736+02:00
295882460,de:11000:900066101:1:50,-0.1,2026-10-02T01:01:04.695736+02:00
295882460,de:11000:900049202:1:50,-0.3,2026-10-02T01:01:04.695736+02:00
295882460,de:11000:900049201:1:50,-0.4,2026-10-02T01:01:04.695736+02:00
295882460,de:11000:900050301:1:50,0.0,2026-10-02T01:01:04.695736+02:00
295882460,de:11000:900050355:1:50,-0.1,2026-10-02T01:01:04.695736+02:00
295882460,de:11000:900052201:1:50,-0.5,2026-10-02T01:01:04.695736+02:00
295882460,de:11000:900053301:1:51,-0.9,2026-10-02T01:01:04.695736+02:00
306896066,de:12067:900310021::2,0.0,2026-10-02T01:01:04.695736+02:00
306896066,de:12067:900311096::1,0.0,2026-10-02T01:01:04.695736+02:00
306896066,de:12067:900311097::2,0.0,2026-10-02T01:01:04.695736+02:00
306896066,de:12067:900311095::2,0.0,2026-10-02T01:01:04.695736+02:00
306896066,de:12067:900310580::2,0.0,2026-10-02T01:01:04.695736+02:00
306896066,de:12067:900310578::4,0.0,2026-10-02T01:01:04.695736+02:00
306896066,de:12067:900310534::2,0.0,2026-10-02T01:01:04.695736+02:00
306896066,de:11000:900310550::2,0.0,2026-10-02T01:01:04.695736+02:00
306896066,de:12067:900310572::2,0.0,2026-10-02T01:01:04.695736+02:00
306896066,de:12067:900310013::7,0.0,2026-10-02T01:01:04.695736+02:00
307431392,de:12065:900200000:1:51,0.0,2026-10-02T01:01:04.695736+02:00
307431392,de:12063:900210010:2:51,0.0,2026-10-02T01:01:04.695736+02:00
307431392,de:11000:900029101:3:54,0.0,2026-10-02T01:01:04.695736+02:00
307431392,de:11000:900024101:1:51,0.0,2026-10-02T01:01:04.695736+02:00
307431392,de:11000:900053301:3:54,0.0,2026-10-02T01:01:04.695736+02:00
307431392,de:12054:900230003:3:52,0.0,2026-10-02T01:01:04.695736+02:00
307431392,de:12054:900230999:1:51,0.0,2026-10-02T01:01:04.695736+02:00
307431392,de:12054:900230006:1:50,0.0,2026-10-02T01:01:04.695736+02:00
307431392,de:12054:900230007:1:50,0.0,2026-10-02T01:01:04.695736+02:00
307431392,de:12054:900220010:1:50,0.0,2026-10-02T01:01:04.695736+02:00
307431392,de:12054:900220012:2:51,0.0,2026-10-02T01:01:04.695736+02:00
307431392,de:12063:900210001:2:51,0.0,2026-10-02T01:01:04.695736+02:00
307439734,de:14625:8000,0.0,2026-10-02T01:01:04.695736+02:00
307439734,de:14625:8144:1:Gleis1,0.0,2026-10-02T01:01:04.695736+02:00
307439734,de:14625:6810,0.0,2026-10-02T01:01:04.695736+02:00
307439734,de:12066:900435314:2:52,0.0,2026-10-02T01:01:04.695736+02:00
307439734,de:12066:900435061:2:52,0.0,2026-10-02T01:01:04.695736+02:00
307439734,de:12066:900435801:1:50,0.0,2026-10-02T01:01:04.695736+02:00
307439734,de:14627:5440,0.0,2026-10-02T01:01:04.695736+02:00
307439734,de:14627:5021,0.0,2026-10-02T01:01:04.695736+02:00
307439734,de:14627:5100,0.0,2026-10-02T01:01:04.695736+02:00
307439734,de:14627:4401,0.0,2026-10-02T01:01:04.695736+02:00
307439734,de:14627:4180,0.0,2026-10-02T01:01:04.695736+02:00
307439734,de:14612:16,0.0,2026-10-02T01:01:04.695736+02:00
307438017,de:12053:900360000:3:54,0.0,2026-10-02T01:01:04.695736+02:00
307438017,de:12067:900311233:1:50,0.0,2026-10-02T01:01:04.695736+02:00
307438017,de:12067:900311232:1:50,0.0,2026-10-02T01:01:04.695736+02:00
307438017,de:12067:900311620:1:50,0.0,2026-10-02T01:01:04.695736+02:00
307438017,de:12067:900311631:1:50,0.0,2026-10-02T01:01:04.695736+02:00
307438017,de:12067:900311307:1:50,0.0,2026-10-02T01:01:04.695736+02:00
307438017,de:12067:900310601:1:50,0.0,2026-10-02T01:01:04.695736+02:00
307438017,de:12067:900311612:1:51,0.0,2026-10-02T01:01:04.695736+02:00
307438017,de:12067:900311250:2:51,0.0,2026-10-02T01:01:04.695736+02:00
307438017,de:12071:900445593:1:50,0.0,2026-10-02T01:01:04.695736+02:00
307438017,de:12071:900445801:2:51,0.0,2026-10-02T01:01:04.695736+02:00
307438017,de:12071:900445751:2:51,0.0,2026-10-02T01:01:04.695736+02:00
307438017,de:12071:900445750:2:51,0.0,2026-10-02T01:01:04.695736+02:00
307438017,de:12071:900446103:1:50,0.0,2026-10-02T01:01:04.695736+02:00
307438017,de:12071:900446411:1:50,0.0,2026-10-02T01:01:04.695736+02:00
307438017,de:12052:900470307:1:50,0.0,2026-10-02T01:01:04.695736+02:00
307438017,de:12052:900470163:1:50,0.0,2026-10-02T01:01:04.695736+02:00
307438017,de:12052:900470001:1:50,0.0,2026-10-02T01:01:04.695736+02:00
307438017,de:12052:900470000:6:59,0.0,2026-10-02T01:01:04.695736+02:00
307438017,de:12066:900435459:2:51,0.0,2026-10-02T01:01:04.695736+02:00
307438017,de:12062:900415005:2:51,0.0,2026-10-02T01:01:04.695736+02:00
307438017,de:12062:900415112:3:52,0.0,2026-10-02T01:01:04.695736+02:00
307438017,de:12062:900415345:4:55,0.0,2026-10-02T01:01:04.695736+02:00
307438017,de:14730:8011131,0.0,2026-10-02T01:01:04.695736+02:00
307438017,de:14730:8010351,0.0,2026-10-02T01:01:04.695736+02:00
307438017,de:14730:8010095,0.0,2026-10-02T01:01:04.695736+02:00
307438017,de:14730:8013093,0.0,2026-10-02T01:01:04.695736+02:00
307438017,de:14713:8010205,0.0,2026-10-02T01:01:04.695736+02:00
307440027,de:12071:900445360:1:50,0.0,2026-10-02T01:01:04.695736+02:00
307440027,de:12066:900435347:1:50,0.0,2026-10-02T01:01:04.695736+02:00
307440027,de:12066:900435001:2:52,0.0,2026-10-02T01:01:04.695736+02:00
307440027,de:12066:900435000:2:52,0.0,2026-10-02T01:01:04.695736+02:00
307440027,de:12066:900435061:2:51,0.0,2026-10-02T01:01:04.695736+02:00
307440027,de:12066:900435801:1:50,0.0,2026-10-02T01:01:04.695736+02:00
307440027,de:14627:5440,0.0,2026-10-02T01:01:04.695736+02:00
307440027,de:14627:5021,0.0,2026-10-02T01:01:04.695736+02:00
307440027,de:14627:5100,0.0,2026-10-02T01:01:04.695736+02:00
307440027,de:14627:4401,0.0,2026-10-02T01:01:04.695736+02:00
307440027,de:14627:4180,0.0,2026-10-02T01:01:04.695736+02:00
307440027,de:14612:16,0.0,2026-10-02T01:01:04.695736+02:00
307437792,de:12052:900470000:1:50,0.0,2026-10-02T01:01:04.695736+02:00
307437792,de:12071:900445986:2:51,0.0,2026-10-02T01:01:04.695736+02:00
307437792,de:12071:900445360:1:50,0.0,2026-10-02T01:01:04.695736+02:00
307437792,de:12066:900435347:1:50,0.0,2026-10-02T01:01:04.695736+02:00
307437792,de:12066:900435800:1:50,0.0,2026-10-02T01:01:04.695736+02:00
307437792,de:12066:900435001:2:52,0.0,2026-10-02T01:01:04.695736+02:00
307437792,de:12066:900435000:1:50,0.0,2026-10-02T01:01:04.695736+02:00
307437792,de:12066:900435802:2:51,0.0,2026-10-02T01:01:04.695736+02:00
307437792,de:12066:900435061:2:51,0.0,2026-10-02T01:01:04.695736+02:00
307437792,de:12066:900435203:2:51,0.0,2026-10-02T01:01:04.695736+02:00
307437792,de:12062:900416008:1:50,0.0,2026-10-02T01:01:04.695736+02:00
307437792,de:12062:900415167:1:50,0.0,2026-10-02T01:01:04.695736+02:00
307437792,de:12062:900415240:1:50,0.0,2026-10-02T01:01:04.695736+02:00
307437792,de:12062:900415345:2:52,0.0,2026-10-02T01:01:04.695736+02:00
307437872,de:12062:900415345:2:52,0.0,2026-10-02T01:01:04.695736+02:00
307437872,de:12062:900415240:1:50,0.0,2026-10-02T01:01:04.695736+02:00
307437872,de:12062:900415167:1:50,0.0,2026-10-02T01:01:04.695736+02:00
307437872,de:12062:900416008:2:51,0.0,2026-10-02T01:01:04.695736+02:00
307437872,de:12066:900435203:1:50,0.0,2026-10-02T01:01:04.695736+02:00
307437872,de:12066:900435061:3:54,0.0,2026-10-02T01:01:04.695736+02:00
307437872,de:12066:900435802:1:50,0.0,2026-10-02T01:01:04.695736+02:00
307437872,de:12066:900435000:1:51,0.0,2026-10-02T01:01:04.695736+02:00
307437872,de:12066:900435001:1:50,0.0,2026-10-02T01:01:04.695736+02:00
307437872,de:12066:900435800:2:51,0.0,2026-10-02T01:01:04.695736+02:00
307437872,de:12066:900435347:2:51,0.0,2026-10-02T01:01:04.695736+02:00
307437872,de:12071:900445360:1:51,0.0,2026-10-02T01:01:04.695736+02:00
307435463,de:11000:900003200:1:50,0.0,2026-10-02T01:01:04.695736+02:00
307435463,de:11000:900100020:1:50,0.0,2026-10-02T01:01:04.695736+02:00
307435463,de:11000:900058101:2:52,0.0,2026-10-02T01:01:04.695736+02:00
307435463,de:12061:900260009:2:54,0.0,2026-10-02T01:01:04.695736+02:00
307435463,de:12061:900260001:1:50,0.0,2026-10-02T01:01:04.695736+02:00
307435463,de:12061:900261512:2:51,0.0,2026-10-02T01:01:04.695736+02:00
307435463,de:12066:900435602:2:51,0.0,2026-10-02T01:01:04.695736+02:00
307435463,de:12066:900435884:1:50,0.0,2026-10-02T01:01:04.695736+02:00
307435463,de:12052:900470000:2:51,0.0,2026-10-02T01:01:04.695736+02:00
307440166,de:12065:900200000:1:51,0.0,2026-10-02T01:01:04.695736+02:00
307440166,de:12065:900200004:1:50,0.0,2026-10-02T01:01:04.695736+02:00
307440166,de:12065:900204003:1:50,0.0,2026-10-02T01:01:04.695736+02:00
307440166,de:12065:900203671:1:50,0.0,2026-10-02T01:01:04.695736+02:00
307440166,de:12065:900204001:1:50,0.0,2026-10-02T01:01:04.695736+02:00
307440166,de:12065:900203452:1:51,0.0,2026-10-02T01:01:04.695736+02:00
307430424,de:12063:900210005:2:53,0.0,2026-10-02T01:01:04.695736+02:00
307430424,de:12063:900210326:2:51,0.0,2026-10-02T01:01:04.695736+02:00
307430424,de:12063:900210011:2:51,0.0,2026-10-02T01:01:04.695736+02:00
307430424,de:12063:900210010:2:51,0.0,2026-10-02T01:01:04.695736+02:00
307430424,de:12063:900210180:2:51,0.0,2026-10-02T01:01:04.695736+02:00
307430424,de:11000:900037168:2:51,0.0,2026-10-02T01:01:04.695736+02:00
307430424,de:11000:900029101:3:54,0.0,2026-10-02T01:01:04.695736+02:00
307430390,de:11000:900029101:2:53,0.0,2026-10-02T01:01:04.695736+02:00
307430390,de:11000:900037168:1:50,0.0,2026-10-02T01:01:04.695736+02:00
307430390,de:12063:900210180:1:50,0.0,2026-10-02T01:01:04.695736+02:00
307430390,de:12063:900210010:1:50,0.0,2026-10-02T01:01:04.695736+02:00
307430390,de:12063:900210011:1:50,0.0,2026-10-02T01:01:04.695736+02:00
307430390,de:12063:900210326:1:50,0.0,2026-10-02T01:01:04.695736+02:00
307430390,de:12063:900210005:2:53,0.0,2026-10-02T01:01:04.695736+02:00
307430418,de:12063:900210005:2:53,0.0,2026-10-02T01:01:04.695736+02:00
307430418,de:12063:900210326:2:51,0.0,2026-10-02T01:01:04.695736+02:00
307430418,de:12063:900210011:2:51,0.0,2026-10-02T01:01:04.695736+02:00
307430418,de:12063:900210010:2:51,0.0,2026-10-02T01:01:04.695736+02:00
307430418,de:12063:900210180:2:51,0.0,2026-10-02T01:01:04.695736+02:00
307430418,de:11000:900037168:2:51,0.0,2026-10-02T01:01:04.695736+02:00
307430418,de:11000:900029101:3:54,0.0,2026-10-02T01:01:04.695736+02:00
306895827,de:12067:900311115::2,0.0,2026-10-02T01:01:04.695736+02:00
306895827,de:12067:900310773::2,0.0,2026-10-02T01:01:04.695736+02:00
306895827,de:12067:900310797::2,0.0,2026-10-02T01:01:04.695736+02:00
306895827,de:12067:900310789::2,0.0,2026-10-02T01:01:04.695736+02:00
306895827,de:12067:900310781::2,0.0,2026-10-02T01:01:04.695736+02:00
306895827,de:12067:900311155::1,0.0,2026-10-02T01:01:04.695736+02:00
306895827,de:12067:900311149::2,0.0,2026-10-02T01:01:04.695736+02:00
306895827,de:12067:900310001::11,0.0,2026-10-02T01:01:04.695736+02:00
295893008,de:12060:900350160:1:51,0.0,2026-10-02T01:01:04.695736+02:00
295893008,de:12060:900350161:1:50,-0.3,2026-10-02T01:01:04.695736+02:00
295893008,de:12060:900350163:1:50,-0.1,2026-10-02T01:01:04.695736+02:00
295893008,de:12060:900350162:1:50,-0.8,2026-10-02T01:01:04.695736+02:00
295893008,de:11000:900135001:1:50,-0.3,2026-10-02T01:01:04.695736+02:00
295893008,de:11000:900143001:1:51,-0.8,2026-10-02T01:01:04.695736+02:00
295893008,de:11000:900142001:1:51,-0.3,2026-10-02T01:01:04.695736+02:00
295893008,de:11000:900130001:1:51,-0.8,2026-10-02T01:01:04.695736+02:00
295893008,de:11000:900130002:1:51,-0.3,2026-10-02T01:01:04.695736+02:00
295893008,de:11000:900110011:1:51,-0.7,2026-10-02T01:01:04.695736+02:00
295893008,de:11000:900007102:1:50,-0.7,2026-10-02T01:01:04.695736+02:00
295893008,de:11000:900008101:1:50,-0.5,2026-10-02T01:01:04.695736+02:00
295893008,de:11000:900007104:1:51,-0.2,2026-10-02T01:01:04.695736+02:00
295893008,de:11000:900100007:1:50,-0.2,2026-10-02T01:01:04.695736+02:00
295893008,de:11000:900100001:4:56,0.0,2026-10-02T01:01:04.695736+02:00
295893008,de:11000:900100025:1:50,-0.9,2026-10-02T01:01:04.695736+02:00
295893008,de:11000:900100020:3:54,-0.9,2026-10-02T01:01:04.695736+02:00
295893008,de:11000:900012101:1:51,0.0,2026-10-02T01:01:04.695736+02:00
295893008,de:11000:900058103:1:50,-0.8,2026-10-02T01:01:04.695736+02:00
295893008,de:11000:900058101:1:50,-0.4,2026-10-02T01:01:04.695736+02:00
295893008,de:11000:900058102:1:50,-0.4,2026-10-02T01:01:04.695736+02:00
295893008,de:11000:900068301:1:50,-0.7,2026-10-02T01:01:04.695736+02:00
295893008,de:11000:900073101:1:50,-0.9,2026-10-02T01:01:04.695736+02:00
295893008,de:11000:900072101:1:50,-0.2,2026-10-02T01:01:04.695736+02:00
295893008,de:11000:900074202:1:50,-0.2,2026-10-02T01:01:04.695736+02:00
295893008,de:11000:900074201:1:50,-0.4,2026-10-02T01:01:04.695736+02:00
295893008,de:12072:900245028:1:51,-0.9,2026-10-02T01:01:04.695736+02:00
295893008,de:12072:900245027:2:52,-0.9,2026-10-02T01:01:04.695736+02:00
295893085,de:12072:900245027:2:52,0.0,2026-10-02T01:01:04.695736+02:00
295893085,de:12072:900245028:1:50,-0.9,2026-10-02T01:01:04.695736+02:00
295893085,de:11000:900074201:1:50,-0.9,2026-10-02T01:01:04.695736+02:00
295893085,de:11000:900074202:2:51,-0.1,2026-10-02T01:01:04.695736+02:00
295893085,de:11000:900072101:2:51,-0.1,2026-10-02T01:01:04.695736+02:00
295893085,de:11000:900073101:1:51,-0.4,2026-10-02T01:01:04.695736+02:00
295893085,de:11000:900068301:1:51,-0.7,2026-10-02T01:01:04.695736+02:00
295893085,de:11000:900058102:2:51,-0.7,2026-10-02T01:01:04.695736+02:00
295893085,de:11000:900058101:1:51,-0.3,2026-10-02T01:01:04.695736+02:00
295893085,de:11000:900058103:1:51,-0.1,2026-10-02T01:01:04.695736+02:00
295893085,de:11000:900012101:2:53,-0.7,2026-10-02T01:01:04.695736+02:00
295893085,de:11000:900100020:4:57,-0.8,2026-10-02T01:01:04.695736+02:00
295893085,de:11000:900100025:1:51,-0.9,2026-10-02T01:01:04.695736+02:00
295893085,de:11000:900100001:4:57,-0.6,2026-10-02T01:01:04.695736+02:00
295893085,de:11000:900100007:1:51,-0.7,2026-10-02T01:01:04.695736+02:00
295893085,de:11000:900007104:2:52,-0.7,2026-10-02T01:01:04.695736+02:00
295893085,de:11000:900008101:1:51,-0.4,2026-10-02T01:01:04.695736+02:00
295893085,de:11000:900007102:2:53,-0.1,2026-10-02T01:01:04.695736+02:00
295893085,de:11000:900110011:2:52,-0.4,2026-10-02T01:01:04.695736+02:00
295893085,de:11000:900130002:1:50,-0.7,2026-10-02T01:01:04.695736+02:00
295893085,de:11000:900130001:1:50,-0.4,2026-10-02T01:01:04.695736+02:00
295893085,de:11000:900142001:1:50,-0.9,2026-10-02T01:01:04.695736+02:00
295893085,de:11000:900143001:1:51,-0.7,2026-10-02T01:01:04.695736+02:00
295893085,de:11000:900135001:1:50,-0.4,2026-10-02T01:01:04.695736+02:00
295893085,de:12060:900350162:1:50,0.0,2026-10-02T01:01:04.695736+02:00
295893085,de:12060:900350163:1:51,-0.4,2026-10-02T01:01:04.695736+02:00
295893085,de:12060:900350161:1:50,-0.7,2026-10-02T01:01:04.695736+02:00
295893085,de:12060:900350160:1:51,-0.4,2026-10-02T01:01:04.695736+02:00
307258813,de:12072:900245027:2:52,0.0,2026-10-02T01:01:04.695736+02:00
307258813,de:12072:900245028:1:51,-0.9,2026-10-02T01:01:04.695736+02:00
307258813,de:11000:900074201:1:50,-0.9,2026-10-02T01:01:04.695736+02:00
307258813,de:11000:900074202:2:51,-0.1,2026-10-02T01:01:04.695736+02:00
307258813,de:11000:900072101:2:51,-0.1,2026-10-02T01:01:04.695736+02:00
307258813,de:11000:900073101:1:51,-0.4,2026-10-02T01:01:04.695736+02:00
307258813,de:11000:900068301:1:51,-0.7,2026-10-02T01:01:04.695736+02:00
307258813,de:11000:900058102:2:51,-0.7,2026-10-02T01:01:04.695736+02:00
307258813,de:11000:900058101:1:51,-0.3,2026-10-02T01:01:04.695736+02:00
307258813,de:11000:900058103:1:51,-0.1,2026-10-02T01:01:04.695736+02:00
307258813,de:11000:900012101:2:53,-0.7,2026-10-02T01:01:04.695736+02:00
307258813,de:11000:900100020:4:57,-0.8,2026-10-02T01:01:04.695736+02:00
307258813,de:11000:900100025:1:51,-0.9,2026-10-02T01:01:04.695736+02:00
307258813,de:11000:900100001:4:57,-0.6,2026-10-02T01:01:04.695736+02:00
307258813,de:11000:900100007:1:51,-0.7,2026-10-02T01:01:04.695736+02:00
307258813,de:11000:900007104:2:52,-0.7,2026-10-02T01:01:04.695736+02:00
307258813,de:11000:900008101:1:51,-0.4,2026-10-02T01:01:04.695736+02:00
307258813,de:11000:900007102:2:53,-0.1,2026-10-02T01:01:04.695736+02:00
307258813,de:11000:900110011:2:52,-0.4,2026-10-02T01:01:04.695736+02:00
307258813,de:11000:900130002:1:50,-0.7,2026-10-02T01:01:04.695736+02:00
307258813,de:11000:900130001:1:50,-0.4,2026-10-02T01:01:04.695736+02:00
307258813,de:11000:900142001:1:50,-0.9,2026-10-02T01:01:04.695736+02:00
307258813,de:11000:900143001:1:51,-0.2,2026-10-02T01:01:04.695736+02:00
307430074,de:12061:900260009:2:54,0.0,2026-10-02T01:01:04.695736+02:00
307430074,de:11000:900058101:4:57,0.0,2026-10-02T01:01:04.695736+02:00
307430074,de:11000:900100020:2:53,0.0,2026-10-02T01:01:04.695736+02:00
307430074,de:11000:900003200:3:55,0.0,2026-10-02T01:01:04.695736+02:00
307430305,de:12061:900260009:2:53,0.0,2026-10-02T01:01:04.695736+02:00
307430305,de:11000:900058101:4:57,0.0,2026-10-02T01:01:04.695736+02:00
307430305,de:11000:900100020:2:53,0.0,2026-10-02T01:01:04.695736+02:00
307430305,de:11000:900003200:3:55,0.0,2026-10-02T01:01:04.695736+02:00
307430060,de:12061:900260009:2:54,0.0,2026-10-02T01:01:04.695736+02:00
307430060,de:11000:900058101:4:57,0.0,2026-10-02T01:01:04.695736+02:00
307430060,de:11000:900100020:2:53,0.0,2026-10-02T01:01:04.695736+02:00
307430060,de:11000:900003200:3:55,0.0,2026-10-02T01:01:04.695736+02:00
306896188,de:12067:900311039::1,0.0,2026-10-02T01:01:04.695736+02:00
306896188,de:12067:900311034::2,0.0,2026-10-02T01:01:04.695736+02:00
306896188,de:12067:900311052::2,0.0,2026-10-02T01:01:04.695736+02:00
306896188,de:12067:900311036::1,0.0,2026-10-02T01:01:04.695736+02:00
306896188,de:12067:900310867::1,0.0,2026-10-02T01:01:04.695736+02:00
306896188,de:12067:900310868::2,0.0,2026-10-02T01:01:04.695736+02:00
306896188,de:12067:900310964::2,0.0,2026-10-02T01:01:04.695736+02:00
306896188,de:12067:900311021::1,0.0,2026-10-02T01:01:04.695736+02:00
306896188,de:12067:900311022::2,0.0,2026-10-02T01:01:04.695736+02:00
306896188,de:12067:900310635::2,0.0,2026-10-02T01:01:04.695736+02:00
306896188,de:12067:900310636::2,0.0,2026-10-02T01:01:04.695736+02:00
306896188,de:12067:900311025::2,0.0,2026-10-02T01:01:04.695736+02:00
306896188,de:12067:900311024::2,0.0,2026-10-02T01:01:04.695736+02:00
306896188,de:12067:900311023::1,-0.5,2026-10-02T01:01:04.695736+02:00
306896188,de:12067:900311114::1,0.0,2026-10-02T01:01:04.695736+02:00
306896188,de:12067:900310031::1,0.0,2026-10-02T01:01:04.695736+02:00
295900246,de:12065:900200000:1:55,0.0,2026-10-02T01:01:04.695736+02:00
295900246,de:11000:900091203:1:50,0.0,2026-10-02T01:01:04.695736+02:00
295900246,de:11000:900091205:1:50,-0.2,2026-10-02T01:01:04.695736+02:00
295900246,de:11000:900089303:1:51,-0.5,2026-10-02T01:01:04.695736+02:00
295900246,de:11000:900096405:1:50,-0.8,2026-10-02T01:01:04.695736+02:00
295900246,de:11000:900096458:1:50,-0.5,2026-10-02T01:01:04.695736+02:00
295900246,de:11000:900085105:1:50,-0.8,2026-10-02T01:01:04.695736+02:00
295900246,de:11000:900085201:1:51,0.0,2026-10-02T01:01:04.695736+02:00
295900246,de:11000:900130003:1:51,-0.8,2026-10-02T01:01:04.695736+02:00
295900246,de:11000:900110011:1:50,-0.9,2026-10-02T01:01:04.695736+02:00
295900246,de:11000:900007102:1:50,-0.7,2026-10-02T01:01:04.695736+02:00
295900246,de:11000:900008101:1:50,-0.4,2026-10-02T01:01:04.695736+02:00
295900246,de:11000:900007104:1:51,-0.2,2026-10-02T01:01:04.695736+02:00
295900246,de:11000:900100007:1:50,-0.2,2026-10-02T01:01:04.695736+02:00
295900246,de:11000:900100001:4:56,0.0,2026-10-02T01:01:04.695736+02:00
295900246,de:11000:900100025:1:50,-0.9,2026-10-02T01:01:04.695736+02:00
295900246,de:11000:900100020:3:54,-0.9,2026-10-02T01:01:04.695736+02:00
295900246,de:11000:900012101:1:51,0.0,2026-10-02T01:01:04.695736+02:00
295900246,de:11000:900058103:1:50,-0.7,2026-10-02T01:01:04.695736+02:00
295900246,de:11000:900058101:1:50,-0.3,2026-10-02T01:01:04.695736+02:00
295900246,de:11000:900058102:1:52,0.0,2026-10-02T01:01:04.695736+02:00
295900246,de:11000:900063452:1:50,-0.1,2026-10-02T01:01:04.695736+02:00
295900246,de:11000:900067221:1:50,-0.2,2026-10-02T01:01:04.695736+02:00
295900246,de:11000:900064301:3:52,-0.2,2026-10-02T01:01:04.695736+02:00
295900246,de:11000:900064256:1:50,-0.7,2026-10-02T01:01:04.695736+02:00
295900246,de:11000:900064201:1:50,-0.6,2026-10-02T01:01:04.695736+02:00
295900246,de:12069:900220114:1:51,-0.9,2026-10-02T01:01:04.695736+02:00
295896238,de:11000:900074201:1:50,0.0,2026-10-02T01:01:04.695736+02:00
295896238,de:11000:900074202:2:51,-0.1,2026-10-02T01:01:04.695736+02:00
295896238,de:11000:900072101:2:51,-0.1,2026-10-02T01:01:04.695736+02:00
295896238,de:11000:900073101:1:51,-0.4,2026-10-02T01:01:04.695736+02:00
295896238,de:11000:900068301:1:51,-0.7,2026-10-02T01:01:04.695736+02:00
295896238,de:11000:900058102:2:51,-0.7,2026-10-02T01:01:04.695736+02:00
295896238,de:11000:900058101:1:51,-0.3,2026-10-02T01:01:04.695736+02:00
295896238,de:11000:900058103:1:51,-0.1,2026-10-02T01:01:04.695736+02:00
295896238,de:11000:900012101:2:53,-0.7,2026-10-02T01:01:04.695736+02:00
295896238,de:11000:900100020:4:57,-0.8,2026-10-02T01:01:04.695736+02:00
295896238,de:11000:900100025:1:51,-0.9,2026-10-02T01:01:04.695736+02:00
295896238,de:11000:900100001:4:57,-0.6,2026-10-02T01:01:04.695736+02:00
295896238,de:11000:900100007:1:51,-0.7,2026-10-02T01:01:04.695736+02:00
295896238,de:11000:900007104:2:52,-0.7,2026-10-02T01:01:04.695736+02:00
295896238,de:11000:900008101:1:51,-0.4,2026-10-02T01:01:04.695736+02:00
295896238,de:11000:900007102:2:53,-0.1,2026-10-02T01:01:04.695736+02:00
295896238,de:11000:900110011:2:52,-0.4,2026-10-02T01:01:04.695736+02:00
295896238,de:11000:900130002:1:50,-0.7,2026-10-02T01:01:04.695736+02:00
295896238,de:11000:900130001:1:50,-0.4,2026-10-02T01:01:04.695736+02:00
295896238,de:11000:900142001:1:50,-0.9,2026-10-02T01:01:04.695736+02:00
295896238,de:11000:900143001:1:51,-0.7,2026-10-02T01:01:04.695736+02:00
295896238,de:11000:900135001:1:50,-0.4,2026-10-02T01:01:04.695736+02:00
295896234,de:11000:900074201:1:50,0.0,2026-10-02T01:01:04.695736+02:00
295896234,de:11000:900074202:2:51,-0.1,2026-10-02T01:01:04.695736+02:00
295896234,de:11000:900072101:2:51,-0.1,2026-10-02T01:01:04.695736+02:00
295896234,de:11000:900073101:1:51,-0.4,2026-10-02T01:01:04.695736+02:00
295896234,de:11000:900068301:1:51,-0.7,2026-10-02T01:01:04.695736+02:00
295896234,de:11000:900058102:2:51,-0.7,2026-10-02T01:01:04.695736+02:00
295896234,de:11000:900058101:1:51,-0.3,2026-10-02T01:01:04.695736+02:00
295896234,de:11000:900058103:1:51,-0.1,2026-10-02T01:01:04.695736+02:00
295896234,de:11000:900012101:2:53,-0.7,2026-10-02T01:01:04.695736+02:00
295896234,de:11000:900100020:4:57,-0.8,2026-10-02T01:01:04.695736+02:00
295896234,de:11000:900100025:1:51,-0.9,2026-10-02T01:01:04.695736+02:00
295896234,de:11000:900100001:4:57,-0.6,2026-10-02T01:01:04.695736+02:00
295896234,de:11000:900100007:1:51,-0.7,2026-10-02T01:01:04.695736+02:00
295896234,de:11000:900007104:2:52,-0.7,2026-10-02T01:01:04.695736+02:00
295896234,de:11000:900008101:1:51,-0.4,2026-10-02T01:01:04.695736+02:00
295896234,de:11000:900007102:2:53,-0.1,2026-10-02T01:01:04.695736+02:00
295896234,de:11000:900110011:2:52,-0.4,2026-10-02T01:01:04.695736+02:00
295896234,de:11000:900130002:1:50,-0.7,2026-10-02T01:01:04.695736+02:00
295896234,de:11000:900130001:1:50,-0.4,2026-10-02T01:01:04.695736+02:00
295896234,de:11000:900142001:1:50,-0.9,2026-10-02T01:01:04.695736+02:00
295896234,de:11000:900143001:1:51,-0.7,2026-10-02T01:01:04.695736+02:00
295896234,de:11000:900135001:1:50,-0.4,2026-10-02T01:01:04.695736+02:00
295896083,de:11000:900135001:1:50,0.0,2026-10-02T01:01:04.695736+02:00
295896083,de:11000:900143001:1:51,-0.8,2026-10-02T01:01:04.695736+02:00
295896083,de:11000:900142001:1:51,-0.3,2026-10-02T01:01:04.695736+02:00
295896083,de:11000:900130001:1:51,-0.8,2026-10-02T01:01:04.695736+02:00
295896083,de:11000:900130002:1:51,-0.3,2026-10-02T01:01:04.695736+02:00
295896083,de:11000:900110011:1:51,-0.7,2026-10-02T01:01:04.695736+02:00
295896083,de:11000:900007102:1:50,-0.7,2026-10-02T01:01:04.695736+02:00
295896083,de:11000:900008101:1:50,-0.5,2026-10-02T01:01:04.695736+02:00
295896083,de:11000:900007104:1:51,-0.2,2026-10-02T01:01:04.695736+02:00
295896083,de:11000:900100007:1:50,-0.2,2026-10-02T01:01:04.695736+02:00
295896083,de:11000:900100001:4:56,0.0,2026-10-02T01:01:04.695736+02:00
295896083,de:11000:900100025:1:50,-0.9,2026-10-02T01:01:04.695736+02:00
295896083,de:11000:900100020:3:54,-0.9,2026-10-02T01:01:04.695736+02:00
295896083,de:11000:900012101:1:51,0.0,2026-10-02T01:01:04.695736+02:00
295896083,de:11000:900058103:1:50,-0.8,2026-10-02T01:01:04.695736+02:00
295896083,de:11000:900058101:1:50,-0.4,2026-10-02T01:01:04.695736+02:00
295896083,de:11000:900058102:1:50,-0.4,2026-10-02T01:01:04.695736+02:00
295896083,de:11000:900068301:1:50,-0.7,2026-10-02T01:01:04.695736+02:00
295896083,de:11000:900073101:1:50,-0.9,2026-10-02T01:01:04.695736+02:00
295896083,de:11000:900072101:1:50,-0.2,2026-10-02T01:01:04.695736+02:00
295896083,de:11000:900074202:1:50,-0.2,2026-10-02T01:01:04.695736+02:00
295896083,de:11000:900074201:1:50,-0.4,2026-10-02T01:01:04.695736+02:00
306897190,de:12067:900311614::1,0.0,2026-10-02T01:01:04.695736+02:00
306897190,de:12067:900311612::1,0.0,2026-10-02T01:01:04.695736+02:00
306897190,de:12067:900311617::1,0.0,2026-10-02T01:01:04.695736+02:00
306897190,de:12067:900311615::1,0.0,2026-10-02T01:01:04.695736+02:00
306897190,de:12067:900311541::1,0.0,2026-10-02T01:01:04.695736+02:00
306897190,de:12067:900311541::2,0.0,2026-10-02T01:01:04.695736+02:00
306897190,de:12067:900311615::2,0.0,2026-10-02T01:01:04.695736+02:00
306897190,de:12067:900311612::2,0.0,2026-10-02T01:01:04.695736+02:00
306897190,de:12067:900311614::2,0.0,2026-10-02T01:01:04.695736+02:00
306897190,de:12067:900311616::2,0.0,2026-10-02T01:01:04.695736+02:00
306897190,de:12067:900311613::2,0.0,2026-10-02T01:01:04.695736+02:00
306897190,de:12067:900311511::2,0.0,2026-10-02T01:01:04.695736+02:00
306897190,de:12067:900310601::2,0.0,2026-10-02T01:01:04.695736+02:00
306897190,de:12067:900311364::2,0.0,2026-10-02T01:01:04.695736+02:00
306897190,de:12067:900311371::2,0.0,2026-10-02T01:01:04.695736+02:00
306897190,de:12067:900311349::2,0.0,2026-10-02T01:01:04.695736+02:00
306897190,de:12067:900311350::2,0.0,2026-10-02T01:01:04.695736+02:00
306897190,de:12067:900311348::2,0.0,2026-10-02T01:01:04.695736+02:00
306897190,de:12067:900311308::4,0.0,2026-10-02T01:01:04.695736+02:00
295903161,de:11000:900064201:1:51,0.0,2026-10-02T01:01:04.695736+02:00
295903161,de:11000:900064256:1:51,0.0,2026-10-02T01:01:04.695736+02:00
295903161,de:11000:900064301:3:53,-0.3,2026-10-02T01:01:04.695736+02:00
295903161,de:11000:900067221:1:50,-0.3,2026-10-02T01:01:04.695736+02:00
295903161,de:11000:900063452:1:51,-0.4,2026-10-02T01:01:04.695736+02:00
295903161,de:11000:900058102:2:53,-0.5,2026-10-02T01:01:04.695736+02:00
295903161,de:11000:900058101:1:51,-0.3,2026-10-02T01:01:04.695736+02:00
295903161,de:11000:900058103:1:51,0.0,2026-10-02T01:01:04.695736+02:00
295903161,de:11000:900012101:2:53,-0.7,2026-10-02T01:01:04.695736+02:00
295903161,de:11000:900100020:4:57,-0.8,2026-10-02T01:01:04.695736+02:00
295903161,de:11000:900100025:1:51,-0.9,2026-10-02T01:01:04.695736+02:00
295903161,de:11000:900100001:4:57,-0.6,2026-10-02T01:01:04.695736+02:00
295903161,de:11000:900100007:1:51,-0.7,2026-10-02T01:01:04.695736+02:00
295903161,de:11000:900007104:2:52,-0.7,2026-10-02T01:01:04.695736+02:00
295903161,de:11000:900008101:1:51,-0.4,2026-10-02T01:01:04.695736+02:00
295903161,de:11000:900007102:2:53,-0.2,2026-10-02T01:01:04.695736+02:00
295903161,de:11000:900110011:2:52,-0.4,2026-10-02T01:01:04.695736+02:00
295903161,de:11000:900130002:1:50,0.0,2026-10-02T01:01:04.695736+02:00
295903161,de:11000:900130001:1:50,-0.7,2026-10-02T01:01:04.695736+02:00
295903161,de:11000:900142001:1:50,-0.2,2026-10-02T01:01:04.695736+02:00
295903033,de:11000:900007104:1:50,0.0,2026-10-02T01:01:04.695736+02:00
295903033,de:11000:900100007:1:50,-0.2,2026-10-02T01:01:04.695736+02:00
295903033,de:11000:900100001:4:56,0.0,2026-10-02T01:01:04.695736+02:00
295903033,de:11000:900100025:1:50,-0.9,2026-10-02T01:01:04.695736+02:00
295903033,de:11000:900100020:3:54,-0.9,2026-10-02T01:01:04.695736+02:00
295903033,de:11000:900012101:1:51,0.0,2026-10-02T01:01:04.695736+02:00
295903033,de:11000:900058103:1:50,-0.7,2026-10-02T01:01:04.695736+02:00
295903033,de:11000:900058101:1:50,-0.3,2026-10-02T01:01:04.695736+02:00
295903033,de:11000:900058102:1:52,0.0,2026-10-02T01:01:04.695736+02:00
295903033,de:11000:900063452:1:50,-0.1,2026-10-02T01:01:04.695736+02:00
295903033,de:11000:900067221:1:50,-0.2,2026-10-02T01:01:04.695736+02:00
295903033,de:11000:900064301:3:52,-0.2,2026-10-02T01:01:04.695736+02:00
295903033,de:11000:900064256:1:50,-0.7,2026-10-02T01:01:04.695736+02:00
295903033,de:11000:900064201:1:50,-0.6,2026-10-02T01:01:04.695736+02:00
295903033,de:12069:900220114:1:50,-0.9,2026-10-02T01:01:04.695736+02:00
306897026,de:12067:900311330::2,0.0,2026-10-02T01:01:04.695736+02:00
306897026,de:12067:900311328::1,0.0,2026-10-02T01:01:04.695736+02:00
306897026,de:12067:900311300::2,0.0,2026-10-02T01:01:04.695736+02:00
306897026,de:12067:900311356::2,0.0,2026-10-02T01:01:04.695736+02:00
306897026,de:12067:900311311::2,0.0,2026-10-02T01:01:04.695736+02:00
306897026,de:12067:900311312::2,0.0,2026-10-02T01:01:04.695736+02:00
306897026,de:12067:900311383::6,0.0,2026-10-02T01:01:04.695736+02:00
306897026,de:12067:900311305::1,0.0,2026-10-02T01:01:04.695736+02:00
306897026,de:12067:900311320::1,0.0,2026-10-02T01:01:04.695736+02:00
306897026,de:12067:900311354::2,0.0,2026-10-02T01:01:04.695736+02:00
306897026,de:12067:900311352::2,0.0,2026-10-02T01:01:04.695736+02:00
306897026,de:12067:900311336::2,0.0,2026-10-02T01:01:04.695736+02:00
306897026,de:12067:900311349::2,0.0,2026-10-02T01:01:04.695736+02:00
306897026,de:12067:900311377::2,0.0,2026-10-02T01:01:04.695736+02:00
306897026,de:12067:900311376::2,0.0,2026-10-02T01:01:04.695736+02:00
306897026,de:12067:900311308::4,0.0,2026-10-02T01:01:04.695736+02:00
306896913,de:12067:900310001::4,0.0,2026-10-02T01:01:04.695736+02:00
306896913,de:12067:900310816::1,0.0,2026-10-02T01:01:04.695736+02:00
306896913,de:12067:900310627::1,0.0,2026-10-02T01:01:04.695736+02:00
306896913,de:12067:900310781::1,0.0,2026-10-02T01:01:04.695736+02:00
306896913,de:12067:900310822::1,0.0,2026-10-02T01:01:04.695736+02:00
306896913,de:12067:900310771::1,0.0,2026-10-02T01:01:04.695736+02:00
306896913,de:12067:900310800::1,0.0,2026-10-02T01:01:04.695736+02:00
306896913,de:12067:900310879::1,0.0,2026-10-02T01:01:04.695736+02:00
306896913,de:12067:900310010::4,0.0,2026-10-02T01:01:04.695736+02:00
306896913,de:12067:900310880::1,0.0,2026-10-02T01:01:04.695736+02:00
306896913,de:12067:900310900::1,0.0,2026-10-02T01:01:04.695736+02:00
306896913,de:12067:900310917::1,0.0,2026-10-02T01:01:04.695736+02:00
306896913,de:12067:900310916::1,-0.5,2026-10-02T01:01:04.695736+02:00
306896913,de:12067:900310915::1,-0.5,2026-10-02T01:01:04.695736+02:00
306896913,de:12067:900310703::4,0.0,2026-10-02T01:01:04.695736+02:00
306896913,de:12067:900310914::1,0.0,2026-10-02T01:01:04.695736+02:00
306896913,de:12067:900310974::1,0.0,2026-10-02T01:01:04.695736+02:00
306896913,de:12067:900310975::1,0.0,2026-10-02T01:01:04.695736+02:00
306896913,de:12067:900310908::1,0.0,2026-10-02T01:01:04.695736+02:00
306896913,de:12067:900311002::1,0.0,2026-10-02T01:01:04.695736+02:00
306896913,de:12067:900310841::1,0.0,2026-10-02T01:01:04.695736+02:00
306896913,de:12067:900310722::1,-0.5,2026-10-02T01:01:04.695736+02:00
306896913,de:12067:900310637::1,0.0,2026-10-02T01:01:04.695736+02:00
306896913,de:12067:900311129::7,0.0,2026-10-02T01:01:04.695736+02:00
306896913,de:12067:900311129::4,0.0,2026-10-02T01:01:04.695736+02:00
306896913,de:12067:900310727::3,0.0,2026-10-02T01:01:04.695736+02:00
306896913,de:12067:900310755::2,0.0,2026-10-02T01:01:04.695736+02:00
306896913,de:12067:900310728::3,0.0,2026-10-02T01:01:04.695736+02:00
306896913,de:12067:900311129::6,0.0,2026-10-02T01:01:04.695736+02:00
295906934,de:11000:900029101:1:50,0.0,2026-10-02T01:01:04.695736+02:00
295906934,de:11000:900030202:1:50,-0.3,2026-10-02T01:01:04.695736+02:00
295906934,de:11000:900025424:1:51,-0.2,2026-10-02T01:01:04.695736+02:00
295906934,de:11000:900025321:1:51,-0.2,2026-10-02T01:01:04.695736+02:00
295906934,de:11000:900026105:1:50,-0.4,2026-10-02T01:01:04.695736+02:00
295906934,de:11000:900025423:1:50,-0.7,2026-10-02T01:01:04.695736+02:00
295906934,de:11000:900024102:2:53,-0.7,2026-10-02T01:01:04.695736+02:00
295906934,de:11000:900024101:3:55,-0.3,2026-10-02T01:01:04.695736+02:00
295906934,de:11000:900024203:1:51,-0.8,2026-10-02T01:01:04.695736+02:00
295906934,de:11000:900023201:3:54,-0.7,2026-10-02T01:01:04.695736+02:00
295906934,de:11000:900003103:1:50,-0.8,2026-10-02T01:01:04.695736+02:00
295906934,de:11000:900003102:1:50,-0.9,2026-10-02T01:01:04.695736+02:00
295906934,de:11000:900003201:3:54,-0.5,2026-10-02T01:01:04.695736+02:00
295906934,de:11000:900100001:3:54,-0.1,2026-10-02T01:01:04.695736+02:00
295906934,de:11000:900100002:1:50,-0.4,2026-10-02T01:01:04.695736+02:00
295906934,de:11000:900100003:2:52,-0.1,2026-10-02T01:01:04.695736+02:00
295906934,de:11000:900100004:1:50,-0.4,2026-10-02T01:01:04.695736+02:00
295906934,de:11000:900120005:4:55,-0.6,2026-10-02T01:01:04.695736+02:00
295906934,de:11000:900120004:1:50,-0.1,2026-10-02T01:01:04.695736+02:00
295906934,de:11000:900120003:2:53,-0.4,2026-10-02T01:01:04.695736+02:00
295906934,de:11000:900160001:1:51,-0.4,2026-10-02T01:01:04.695736+02:00
295906934,de:11000:900160002:1:50,-0.7,2026-10-02T01:01:04.695736+02:00
295906934,de:11000:900162001:1:51,-0.3,2026-10-02T01:01:04.695736+02:00
295906934,de:11000:900180002:1:51,-0.3,2026-10-02T01:01:04.695736+02:00
295906934,de:11000:900180001:1:50,-0.7,2026-10-02T01:01:04.695736+02:00
295906934,de:11000:900182001:1:51,-0.2,2026-10-02T01:01:04.695736+02:00
295906934,de:11000:900182002:1:51,-0.4,2026-10-02T01:01:04.695736+02:00
295906934,de:11000:900183001:1:51,0.0,2026-10-02T01:01:04.695736+02:00
295906934,de:11000:900183002:1:51,-0.3,2026-10-02T01:01:04.695736+02:00
295906934,de:12067:900310004:3:53,-0.5,2026-10-02T01:01:04.695736+02:00
295906914,de:11000:900029101:1:50,0.0,2026-10-02T01:01:04.695736+02:00
295906914,de:11000:900030202:1:50,-0.3,2026-10-02T01:01:04.695736+02:00
295906914,de:11000:900025424:1:51,-0.2,2026-10-02T01:01:04.695736+02:00
295906914,de:11000:900025321:1:51,-0.2,2026-10-02T01:01:04.695736+02:00
295906914,de:11000:900026105:1:50,-0.4,2026-10-02T01:01:04.695736+02:00
295906914,de:11000:900025423:1:50,-0.7,2026-10-02T01:01:04.695736+02:00
295906914,de:11000:900024102:2:53,-0.7,2026-10-02T01:01:04.695736+02:00
295906914,de:11000:900024101:3:55,-0.3,2026-10-02T01:01:04.695736+02:00
295906914,de:11000:900024203:1:51,-0.8,2026-10-02T01:01:04.695736+02:00
295906914,de:11000:900023201:3:54,-0.7,2026-10-02T01:01:04.695736+02:00
295906914,de:11000:900003103:1:50,-0.8,2026-10-02T01:01:04.695736+02:00
295906914,de:11000:900003102:1:50,-0.9,2026-10-02T01:01:04.695736+02:00
295906914,de:11000:900003201:3:54,-0.5,2026-10-02T01:01:04.695736+02:00
295906914,de:11000:900100001:3:54,-0.1,2026-10-02T01:01:04.695736+02:00
295906914,de:11000:900100002:1:50,-0.4,2026-10-02T01:01:04.695736+02:00
295906914,de:11000:900100003:2:52,-0.1,2026-10-02T01:01:04.695736+02:00
295906914,de:11000:900100004:1:50,-0.4,2026-10-02T01:01:04.695736+02:00
295906914,de:11000:900120005:4:55,-0.6,2026-10-02T01:01:04.695736+02:00
295906914,de:11000:900120004:1:50,-0.1,2026-10-02T01:01:04.695736+02:00
295906914,de:11000:900120003:2:53,-0.4,2026-10-02T01:01:04.695736+02:00
295906914,de:11000:900160001:1:51,-0.4,2026-10-02T01:01:04.695736+02:00
295906914,de:11000:900160002:1:50,-0.7,2026-10-02T01:01:04.695736+02:00
295906914,de:11000:900162001:1:51,-0.3,2026-10-02T01:01:04.695736+02:00
295906914,de:11000:900180002:1:51,-0.3,2026-10-02T01:01:04.695736+02:00
295906914,de:11000:900180001:1:50,-0.7,2026-10-02T01:01:04.695736+02:00
295906914,de:11000:900182001:1:51,-0.2,2026-10-02T01:01:04.695736+02:00
295906914,de:11000:900182002:1:51,-0.4,2026-10-02T01:01:04.695736+02:00
295906914,de:11000:900183001:1:51,0.0,2026-10-02T01:01:04.695736+02:00
295906914,de:11000:900183002:1:51,-0.3,2026-10-02T01:01:04.695736+02:00
295906914,de:12067:900310004:3:53,-0.5,2026-10-02T01:01:04.695736+02:00
307272014,de:11000:900029101:1:50,0.0,2026-10-02T01:01:04.695736+02:00
307272014,de:11000:900030202:1:50,-0.3,2026-10-02T01:01:04.695736+02:00
307272014,de:11000:900025424:1:51,-0.2,2026-10-02T01:01:04.695736+02:00
307272014,de:11000:900025321:1:51,-0.2,2026-10-02T01:01:04.695736+02:00
307272014,de:11000:900026105:1:50,-0.4,2026-10-02T01:01:04.695736+02:00
307272014,de:11000:900025423:1:50,-0.7,2026-10-02T01:01:04.695736+02:00
307272014,de:11000:900024102:2:53,-0.7,2026-10-02T01:01:04.695736+02:00
307272014,de:11000:900024101:3:55,-0.3,2026-10-02T01:01:04.695736+02:00
307272014,de:11000:900024203:1:51,-0.8,2026-10-02T01:01:04.695736+02:00
307272014,de:11000:900023201:3:54,-0.7,2026-10-02T01:01:04.695736+02:00
307272014,de:11000:900003103:1:50,-0.8,2026-10-02T01:01:04.695736+02:00
307272014,de:11000:900003102:1:50,-0.9,2026-10-02T01:01:04.695736+02:00
307272014,de:11000:900003201:3:54,-0.5,2026-10-02T01:01:04.695736+02:00
307272014,de:11000:900100001:3:54,-0.1,2026-10-02T01:01:04.695736+02:00
307272014,de:11000:900100002:1:50,-0.4,2026-10-02T01:01:04.695736+02:00
307272014,de:11000:900100003:2:52,-0.1,2026-10-02T01:01:04.695736+02:00
307272014,de:11000:900100004:1:50,-0.3,2026-10-02T01:01:04.695736+02:00
307272014,de:11000:900120005:4:55,-0.5,2026-10-02T01:01:04.695736+02:00
295911029,de:11000:900162001:1:50,0.0,2026-10-02T01:01:04.695736+02:00
295911029,de:11000:900160002:1:50,-0.7,2026-10-02T01:01:04.695736+02:00
295911029,de:11000:900160001:1:50,0.0,2026-10-02T01:01:04.695736+02:00
295911029,de:11000:900120003:3:55,-0.7,2026-10-02T01:01:04.695736+02:00
295911029,de:11000:900120004:2:53,0.0,2026-10-02T01:01:04.695736+02:00
295911029,de:11000:900120005:4:56,-0.2,2026-10-02T01:01:04.695736+02:00
295911023,de:11000:900162001:1:50,0.0,2026-10-02T01:01:04.695736+02:00
295911023,de:11000:900160002:1:50,-0.7,2026-10-02T01:01:04.695736+02:00
295911023,de:11000:900160001:1:50,0.0,2026-10-02T01:01:04.695736+02:00
295911023,de:11000:900120003:3:55,-0.7,2026-10-02T01:01:04.695736+02:00
295911023,de:11000:900120004:2:53,0.0,2026-10-02T01:01:04.695736+02:00
295911023,de:11000:900120005:4:56,-0.2,2026-10-02T01:01:04.695736+02:00
307440904,de:12070:900216026:3:53,0.0,2026-10-02T01:01:04.695736+02:00
307440904,de:12070:900216013:1:50,0.0,2026-10-02T01:01:04.695736+02:00
307440904,de:12070:900215696:1:50,0.0,2026-10-02T01:01:04.695736+02:00
307440904,de:12070:900215350:1:50,0.0,2026-10-02T01:01:04.695736+02:00
307440904,de:12070:900215723:1:50,0.0,2026-10-02T01:01:04.695736+02:00
307440904,de:12068:900205322:1:50,0.0,2026-10-02T01:01:04.695736+02:00
307440904,de:12068:900205130:1:50,0.0,2026-10-02T01:01:04.695736+02:00
307440904,de:12068:900205617:2:51,0.0,2026-10-02T01:01:04.695736+02:00
307440904,de:12068:900205006:1:50,0.0,2026-10-02T01:01:04.695736+02:00
307440904,de:12068:900205005:1:50,0.0,2026-10-02T01:01:04.695736+02:00
307440904,de:12068:900205512:1:50,0.0,2026-10-02T01:01:04.695736+02:00
307440904,de:12065:900203491:1:50,0.0,2026-10-02T01:01:04.695736+02:00
307440904,de:12065:900203452:1:50,0.0,2026-10-02T01:01:04.695736+02:00
307440904,de:12065:900200004:1:51,0.0,2026-10-02T01:01:04.695736+02:00
307440904,de:12065:900200000:1:50,0.0,2026-10-02T01:01:04.695736+02:00
295910123,de:11000:900024101:3:55,0.0,2026-10-02T01:01:04.695736+02:00
295910123,de:11000:900024203:1:51,-0.3,2026-10-02T01:01:04.695736+02:00
295910123,de:11000:900023201:3:54,-0.2,2026-10-02T01:01:04.695736+02:00
295910123,de:11000:900003103:1:50,-0.3,2026-10-02T01:01:04.695736+02:00
295910123,de:11000:900003102:1:50,-0.4,2026-10-02T01:01:04.695736+02:00
295910123,de:11000:900003201:3:54,0.0,2026-10-02T01:01:04.695736+02:00
295910123,de:11000:900100001:3:54,-0.6,2026-10-02T01:01:04.695736+02:00
295910123,de:11000:900100002:1:50,-0.9,2026-10-02T01:01:04.695736+02:00
295910123,de:11000:900100003:2:52,-0.6,2026-10-02T01:01:04.695736+02:00
295910123,de:11000:900100004:1:50,-0.9,2026-10-02T01:01:04.695736+02:00
295910123,de:11000:900120005:4:55,-0.1,2026-10-02T01:01:04.695736+02:00
295910123,de:11000:900120004:1:50,-0.1,2026-10-02T01:01:04.695736+02:00
295910123,de:11000:900120003:2:53,-0.4,2026-10-02T01:01:04.695736+02:00
295910123,de:11000:900160001:1:51,-0.4,2026-10-02T01:01:04.695736+02:00
295910123,de:11000:900160002:1:50,-0.7,2026-10-02T01:01:04.695736+02:00
295910123,de:11000:900162001:1:51,-0.3,2026-10-02T01:01:04.695736+02:00
295910123,de:11000:900180002:1:51,-0.3,2026-10-02T01:01:04.695736+02:00
295910123,de:11000:900180001:1:50,-0.7,2026-10-02T01:01:04.695736+02:00
295910123,de:11000:900182001:1:51,-0.2,2026-10-02T01:01:04.695736+02:00
295910123,de:11000:900182002:1:51,-0.4,2026-10-02T01:01:04.695736+02:00
295910123,de:11000:900183001:1:51,0.0,2026-10-02T01:01:04.695736+02:00
295910123,de:11000:900183002:1:51,-0.3,2026-10-02T01:01:04.695736+02:00
295910123,de:12067:900310004:3:52,-0.5,2026-10-02T01:01:04.695736+02:00
295910109,de:11000:900024101:3:55,0.0,2026-10-02T01:01:04.695736+02:00
295910109,de:11000:900024203:1:51,-0.3,2026-10-02T01:01:04.695736+02:00
295910109,de:11000:900023201:3:54,-0.2,2026-10-02T01:01:04.695736+02:00
295910109,de:11000:900003103:1:50,-0.3,2026-10-02T01:01:04.695736+02:00
295910109,de:11000:900003102:1:50,-0.4,2026-10-02T01:01:04.695736+02:00
295910109,de:11000:900003201:3:54,0.0,2026-10-02T01:01:04.695736+02:00
295910109,de:11000:900100001:3:54,-0.6,2026-10-02T01:01:04.695736+02:00
295910109,de:11000:900100002:1:50,-0.9,2026-10-02T01:01:04.695736+02:00
295910109,de:11000:900100003:2:52,-0.6,2026-10-02T01:01:04.695736+02:00
295910109,de:11000:900100004:1:50,-0.9,2026-10-02T01:01:04.695736+02:00
295910109,de:11000:900120005:4:55,-0.1,2026-10-02T01:01:04.695736+02:00
295910109,de:11000:900120004:1:50,-0.1,2026-10-02T01:01:04.695736+02:00
295910109,de:11000:900120003:2:53,-0.4,2026-10-02T01:01:04.695736+02:00
295910109,de:11000:900160001:1:51,-0.4,2026-10-02T01:01:04.695736+02:00
295910109,de:11000:900160002:1:50,-0.7,2026-10-02T01:01:04.695736+02:00
295910109,de:11000:900162001:1:51,-0.3,2026-10-02T01:01:04.695736+02:00
295910109,de:11000:900180002:1:51,-0.3,2026-10-02T01:01:04.695736+02:00
295910109,de:11000:900180001:1:50,-0.7,2026-10-02T01:01:04.695736+02:00
295910109,de:11000:900182001:1:51,-0.2,2026-10-02T01:01:04.695736+02:00
295910109,de:11000:900182002:1:51,-0.4,2026-10-02T01:01:04.695736+02:00
295910109,de:11000:900183001:1:51,0.0,2026-10-02T01:01:04.695736+02:00
295910109,de:11000:900183002:1:51,-0.3,2026-10-02T01:01:04.695736+02:00
295910109,de:12067:900310004:3:52,-0.5,2026-10-02T01:01:04.695736+02:00
306896443,de:12067:900310613::1,0.0,2026-10-02T01:01:04.695736+02:00
306896443,de:12067:900311078::2,0.0,2026-10-02T01:01:04.695736+02:00
306896443,de:12067:900311077::2,0.0,2026-10-02T01:01:04.695736+02:00
306896443,de:12067:900311082::2,0.0,2026-10-02T01:01:04.695736+02:00
306896443,de:12067:900310107::2,0.0,2026-10-02T01:01:04.695736+02:00
306896443,de:12067:900310113::1,0.0,2026-10-02T01:01:04.695736+02:00
306896443,de:12067:900310116::2,0.0,2026-10-02T01:01:04.695736+02:00
306896443,de:12067:900310104::2,0.0,2026-10-02T01:01:04.695736+02:00
306896443,de:12067:900310102::2,0.0,2026-10-02T01:01:04.695736+02:00
306896443,de:12067:900310103::2,0.0,2026-10-02T01:01:04.695736+02:00
306896443,de:12067:900310114::2,0.0,2026-10-02T01:01:04.695736+02:00
306896443,de:12067:900310119::2,0.0,2026-10-02T01:01:04.695736+02:00
306896443,de:12067:900310115::2,0.0,2026-10-02T01:01:04.695736+02:00
306896443,de:12067:900310106::2,0.0,2026-10-02T01:01:04.695736+02:00
306896443,de:12067:900310109::1,0.0,2026-10-02T01:01:04.695736+02:00
306896443,de:12067:900310631::1,0.0,2026-10-02T01:01:04.695736+02:00
306896443,de:12067:900310040::2,0.0,2026-10-02T01:01:04.695736+02:00
306896443,de:12067:900310105::2,0.0,2026-10-02T01:01:04.695736+02:00
306896443,de:12067:900310970::2,0.0,2026-10-02T01:01:04.695736+02:00
306896443,de:12067:900310972::2,0.0,2026-10-02T01:01:04.695736+02:00
306896443,de:12067:900310810::1,0.0,2026-10-02T01:01:04.695736+02:00
306896443,de:12067:900310769::2,0.0,2026-10-02T01:01:04.695736+02:00
306896443,de:12067:900310695::3,0.0,2026-10-02T01:01:04.695736+02:00
306896443,de:12067:900310812::2,0.0,2026-10-02T01:01:04.695736+02:00
306896443,de:12067:900310630::2,0.0,2026-10-02T01:01:04.695736+02:00
306896443,de:12067:900310811::2,0.0,2026-10-02T01:01:04.695736+02:00
306896443,de:12067:900310771::2,0.0,2026-10-02T01:01:04.695736+02:00
306896443,de:12067:900310822::2,0.0,2026-10-02T01:01:04.695736+02:00
306896443,de:12067:900310781::2,0.0,2026-10-02T01:01:04.695736+02:00
306896443,de:12067:900310627::2,-0.5,2026-10-02T01:01:04.695736+02:00
306896443,de:12067:900310816::2,0.0,2026-10-02T01:01:04.695736+02:00
306896443,de:12067:900310022::1,0.0,2026-10-02T01:01:04.695736+02:00
306896443,de:12067:900310001::11,0.0,2026-10-02T01:01:04.695736+02:00
307280454,de:11000:900020202:1:50,0.0,2026-10-02T01:01:04.695736+02:00
307280454,de:11000:900001201:1:50,-0.2,2026-10-02T01:01:04.695736+02:00
307280454,de:11000:900009104:1:50,-0.8,2026-10-02T01:01:04.695736+02:00
307280454,de:11000:900007102:2:52,-0.4,2026-10-02T01:01:04.695736+02:00
307280454,de:11000:900110001:1:50,-0.6,2026-10-02T01:01:04.695736+02:00
307280454,de:11000:900110002:1:50,-0.4,2026-10-02T01:01:04.695736+02:00
307280454,de:11000:900110003:1:50,-0.4,2026-10-02T01:01:04.695736+02:00
307280454,de:11000:900110004:1:50,-0.8,2026-10-02T01:01:04.695736+02:00
307280454,de:11000:900110012:1:50,-0.7,2026-10-02T01:01:04.695736+02:00
307280454,de:11000:900120001:1:50,-0.7,2026-10-02T01:01:04.695736+02:00
307280454,de:11000:900120003:5:58,-0.1,2026-10-02T01:01:04.695736+02:00
307280454,de:11000:900190001:1:50,-0.4,2026-10-02T01:01:04.695736+02:00
307280454,de:11000:900077106:1:50,-0.4,2026-10-02T01:01:04.695736+02:00
307280454,de:11000:900078201:1:50,-0.3,2026-10-02T01:01:04.695736+02:00
307280454,de:11000:900079221:1:50,-0.2,2026-10-02T01:01:04.695736+02:00
307280454,de:11000:900068201:1:50,-0.8,2026-10-02T01:01:04.695736+02:00
307280454,de:11000:900058101:5:58,-0.1,2026-10-02T01:01:04.695736+02:00
307280454,de:11000:900054104:2:52,-0.7,2026-10-02T01:01:04.695736+02:00
307280454,de:11000:900054105:1:50,-0.9,2026-10-02T01:01:04.695736+02:00
307280454,de:11000:900044202:1:50,-0.7,2026-10-02T01:01:04.695736+02:00
307280454,de:11000:900045102:1:50,-0.7,2026-10-02T01:01:04.695736+02:00
307280454,de:11000:900044101:1:50,-0.8,2026-10-02T01:01:04.695736+02:00
307280454,de:11000:900040101:1:50,-0.3,2026-10-02T01:01:04.695736+02:00
307280454,de:11000:900024101:3:54,-0.8,2026-10-02T01:01:04.695736+02:00
307280574,de:11000:900020202:1:51,0.0,2026-10-02T01:01:04.695736+02:00
307280574,de:11000:900001201:1:51,-0.2,2026-10-02T01:01:04.695736+02:00
307280574,de:11000:900009104:1:51,-0.8,2026-10-02T01:01:04.695736+02:00
307280574,de:11000:900007102:2:52,-0.9,2026-10-02T01:01:04.695736+02:00
307280574,de:11000:900110001:1:50,-0.6,2026-10-02T01:01:04.695736+02:00
307280574,de:11000:900110002:1:50,-0.4,2026-10-02T01:01:04.695736+02:00
307280574,de:11000:900110003:1:50,-0.4,2026-10-02T01:01:04.695736+02:00
307280574,de:11000:900110004:1:50,-0.8,2026-10-02T01:01:04.695736+02:00
307280574,de:11000:900110012:1:50,-0.7,2026-10-02T01:01:04.695736+02:00
307280574,de:11000:900120001:1:50,-0.7,2026-10-02T01:01:04.695736+02:00
307280574,de:11000:900120003:5:58,-0.1,2026-10-02T01:01:04.695736+02:00
307280574,de:11000:900190001:1:50,-0.4,2026-10-02T01:01:04.695736+02:00
307280574,de:11000:900077106:1:50,-0.4,2026-10-02T01:01:04.695736+02:00
307280574,de:11000:900078201:1:50,-0.3,2026-10-02T01:01:04.695736+02:00
307280574,de:11000:900079221:1:50,-0.2,2026-10-02T01:01:04.695736+02:00
307280574,de:11000:900068201:1:50,-0.8,2026-10-02T01:01:04.695736+02:00
307280574,de:11000:900058101:5:58,-0.1,2026-10-02T01:01:04.695736+02:00
307280574,de:11000:900054104:2:52,-0.2,2026-10-02T01:01:04.695736+02:00
307280574,de:11000:900054105:1:50,-0.9,2026-10-02T01:01:04.695736+02:00
307280574,de:11000:900044202:1:50,-0.7,2026-10-02T01:01:04.695736+02:00
307280574,de:11000:900045102:1:50,-0.7,2026-10-02T01:01:04.695736+02:00
307280574,de:11000:900044101:1:50,-0.8,2026-10-02T01:01:04.695736+02:00
307280574,de:11000:900040101:1:50,-0.8,2026-10-02T01:01:04.695736+02:00
307280449,de:11000:900020202:1:50,0.0,2026-10-02T01:01:04.695736+02:00
307280449,de:11000:900001201:1:50,-0.2,2026-10-02T01:01:04.695736+02:00
307280449,de:11000:900009104:1:50,-0.8,2026-10-02T01:01:04.695736+02:00
307280449,de:11000:900007102:2:52,-0.4,2026-10-02T01:01:04.695736+02:00
307280449,de:11000:900110001:1:50,-0.6,2026-10-02T01:01:04.695736+02:00
307280449,de:11000:900110002:1:50,-0.4,2026-10-02T01:01:04.695736+02:00
307280449,de:11000:900110003:1:50,-0.4,2026-10-02T01:01:04.695736+02:00
307280449,de:11000:900110004:1:50,-0.8,2026-10-02T01:01:04.695736+02:00
307280449,de:11000:900110012:1:50,-0.7,2026-10-02T01:01:04.695736+02:00
307280449,de:11000:900120001:1:50,-0.7,2026-10-02T01:01:04.695736+02:00
307280449,de:11000:900120003:5:58,-0.1,2026-10-02T01:01:04.695736+02:00
307280449,de:11000:900190001:1:50,-0.4,2026-10-02T01:01:04.695736+02:00
307280449,de:11000:900077106:1:50,-0.4,2026-10-02T01:01:04.695736+02:00
307280449,de:11000:900078201:1:50,-0.3,2026-10-02T01:01:04.695736+02:00
307280449,de:11000:900079221:1:50,-0.2,2026-10-02T01:01:04.695736+02:00
307280449,de:11000:900068201:1:50,-0.8,2026-10-02T01:01:04.695736+02:00
307280449,de:11000:900058101:5:58,-0.1,2026-10-02T01:01:04.695736+02:00
307280449,de:11000:900054104:2:52,-0.7,2026-10-02T01:01:04.695736+02:00
307280449,de:11000:900054105:1:50,-0.9,2026-10-02T01:01:04.695736+02:00
307280449,de:11000:900044202:1:50,-0.7,2026-10-02T01:01:04.695736+02:00
307280449,de:11000:900045102:1:50,-0.7,2026-10-02T01:01:04.695736+02:00
307280449,de:11000:900044101:1:50,-0.8,2026-10-02T01:01:04.695736+02:00
307280449,de:11000:900040101:1:50,-0.3,2026-10-02T01:01:04.695736+02:00
307280449,de:11000:900024101:3:54,-0.8,2026-10-02T01:01:04.695736+02:00
307280567,de:11000:900020202:1:51,0.0,2026-10-02T01:01:04.695736+02:00
307280567,de:11000:900001201:1:51,-0.2,2026-10-02T01:01:04.695736+02:00
307280567,de:11000:900009104:1:51,-0.8,2026-10-02T01:01:04.695736+02:00
307280567,de:11000:900007102:2:52,-0.9,2026-10-02T01:01:04.695736+02:00
307280567,de:11000:900110001:1:50,-0.6,2026-10-02T01:01:04.695736+02:00
307280567,de:11000:900110002:1:50,-0.4,2026-10-02T01:01:04.695736+02:00
307280567,de:11000:900110003:1:50,-0.4,2026-10-02T01:01:04.695736+02:00
307280567,de:11000:900110004:1:50,-0.8,2026-10-02T01:01:04.695736+02:00
307280567,de:11000:900110012:1:50,-0.7,2026-10-02T01:01:04.695736+02:00
307280567,de:11000:900120001:1:50,-0.7,2026-10-02T01:01:04.695736+02:00
307280567,de:11000:900120003:5:58,-0.1,2026-10-02T01:01:04.695736+02:00
307280567,de:11000:900190001:1:50,-0.4,2026-10-02T01:01:04.695736+02:00
307280567,de:11000:900077106:1:50,-0.4,2026-10-02T01:01:04.695736+02:00
307280567,de:11000:900078201:1:50,-0.3,2026-10-02T01:01:04.695736+02:00
307280567,de:11000:900079221:1:50,-0.2,2026-10-02T01:01:04.695736+02:00
307280567,de:11000:900068201:1:50,-0.8,2026-10-02T01:01:04.695736+02:00
307280567,de:11000:900058101:5:58,-0.1,2026-10-02T01:01:04.695736+02:00
307280567,de:11000:900054104:2:52,-0.2,2026-10-02T01:01:04.695736+02:00
307280567,de:11000:900054105:1:50,-0.9,2026-10-02T01:01:04.695736+02:00
307280567,de:11000:900044202:1:50,-0.7,2026-10-02T01:01:04.695736+02:00
307280567,de:11000:900045102:1:50,-0.7,2026-10-02T01:01:04.695736+02:00
307280567,de:11000:900044101:1:50,-0.8,2026-10-02T01:01:04.695736+02:00
307280567,de:11000:900040101:1:50,-0.8,2026-10-02T01:01:04.695736+02:00
307283051,de:11000:900009104:1:51,0.0,2026-10-02T01:01:04.695736+02:00
307283051,de:11000:900007102:2:52,-0.9,2026-10-02T01:01:04.695736+02:00
307283051,de:11000:900110001:1:50,-0.6,2026-10-02T01:01:04.695736+02:00
307283051,de:11000:900110002:1:50,-0.4,2026-10-02T01:01:04.695736+02:00
307283051,de:11000:900110003:1:50,-0.4,2026-10-02T01:01:04.695736+02:00
307283051,de:11000:900110004:1:50,-0.8,2026-10-02T01:01:04.695736+02:00
307283051,de:11000:900110012:1:50,-0.7,2026-10-02T01:01:04.695736+02:00
307283051,de:11000:900120001:1:50,-0.7,2026-10-02T01:01:04.695736+02:00
307283051,de:11000:900120003:5:58,-0.1,2026-10-02T01:01:04.695736+02:00
307283051,de:11000:900190001:1:50,-0.4,2026-10-02T01:01:04.695736+02:00
307283051,de:11000:900077106:1:50,-0.4,2026-10-02T01:01:04.695736+02:00
307283051,de:11000:900078201:1:50,-0.3,2026-10-02T01:01:04.695736+02:00
307283051,de:11000:900079221:1:50,-0.2,2026-10-02T01:01:04.695736+02:00
307286612,de:11000:900024101:3:54,0.0,2026-10-02T01:01:04.695736+02:00
307286612,de:11000:900040101:1:50,-0.2,2026-10-02T01:01:04.695736+02:00
307286612,de:11000:900044101:1:50,-0.3,2026-10-02T01:01:04.695736+02:00
307286612,de:11000:900045102:1:51,-0.4,2026-10-02T01:01:04.695736+02:00
307286612,de:11000:900044202:1:51,-0.4,2026-10-02T01:01:04.695736+02:00
307286612,de:11000:900054105:1:51,-0.2,2026-10-02T01:01:04.695736+02:00
307286612,de:11000:900054104:2:53,-0.8,2026-10-02T01:01:04.695736+02:00
307286612,de:11000:900058101:5:59,-0.2,2026-10-02T01:01:04.695736+02:00
307286612,de:11000:900068201:1:51,-0.8,2026-10-02T01:01:04.695736+02:00
307286612,de:11000:900079221:1:51,-0.4,2026-10-02T01:01:04.695736+02:00
307286612,de:11000:900078201:1:51,-0.1,2026-10-02T01:01:04.695736+02:00
307286612,de:11000:900077106:1:51,0.0,2026-10-02T01:01:04.695736+02:00
307286612,de:11000:900190001:2:52,-0.9,2026-10-02T01:01:04.695736+02:00
307286612,de:11000:900120003:5:59,-0.4,2026-10-02T01:01:04.695736+02:00
307286612,de:11000:900120001:1:51,0.0,2026-10-02T01:01:04.695736+02:00
307286612,de:11000:900110012:1:51,-0.2,2026-10-02T01:01:04.695736+02:00
307286612,de:11000:900110004:1:51,-0.1,2026-10-02T01:01:04.695736+02:00
307286612,de:11000:900110003:1:51,-0.4,2026-10-02T01:01:04.695736+02:00
307286612,de:11000:900110002:1:51,-0.4,2026-10-02T01:01:04.695736+02:00
307286612,de:11000:900110001:1:51,-0.1,2026-10-02T01:01:04.695736+02:00
307286612,de:11000:900007102:1:51,-0.6,2026-10-02T01:01:04.695736+02:00
307286612,de:11000:900009104:1:51,-0.8,2026-10-02T01:01:04.695736+02:00
307286612,de:11000:900001201:1:51,-0.3,2026-10-02T01:01:04.695736+02:00
307286612,de:11000:900020202:1:51,-0.1,2026-10-02T01:01:04.695736+02:00
307289073,de:11000:900079221:1:51,0.0,2026-10-02T01:01:04.695736+02:00
307289073,de:11000:900078201:1:51,-0.1,2026-10-02T01:01:04.695736+02:00
307289073,de:11000:900077106:1:51,0.0,2026-10-02T01:01:04.695736+02:00
307289073,de:11000:900190001:2:52,-0.9,2026-10-02T01:01:04.695736+02:00
307289073,de:11000:900120003:5:59,-0.4,2026-10-02T01:01:04.695736+02:00
307289073,de:11000:900120001:1:51,0.0,2026-10-02T01:01:04.695736+02:00
307289073,de:11000:900110012:1:51,-0.2,2026-10-02T01:01:04.695736+02:00
307289073,de:11000:900110004:1:51,-0.1,2026-10-02T01:01:04.695736+02:00
307289073,de:11000:900110003:1:51,-0.4,2026-10-02T01:01:04.695736+02:00
307289073,de:11000:900110002:1:51,-0.4,2026-10-02T01:01:04.695736+02:00
307289073,de:11000:900110001:1:51,-0.1,2026-10-02T01:01:04.695736+02:00
307289073,de:11000:900007102:1:51,-0.6,2026-10-02T01:01:04.695736+02:00
307289073,de:11000:900009104:1:51,-0.3,2026-10-02T01:01:04.695736+02:00
307289047,de:11000:900079221:1:51,0.0,2026-10-02T01:01:04.695736+02:00
307289047,de:11000:900078201:1:51,-0.1,2026-10-02T01:01:04.695736+02:00
307289047,de:11000:900077106:1:51,0.0,2026-10-02T01:01:04.695736+02:00
307289047,de:11000:900190001:2:52,-0.9,2026-10-02T01:01:04.695736+02:00
307289047,de:11000:900120003:5:59,-0.4,2026-10-02T01:01:04.695736+02:00
307289047,de:11000:900120001:1:51,0.0,2026-10-02T01:01:04.695736+02:00
307289047,de:11000:900110012:1:51,-0.2,2026-10-02T01:01:04.695736+02:00
307289047,de:11000:900110004:1:51,-0.1,2026-10-02T01:01:04.695736+02:00
307289047,de:11000:900110003:1:51,-0.4,2026-10-02T01:01:04.695736+02:00
307289047,de:11000:900110002:1:51,-0.4,2026-10-02T01:01:04.695736+02:00
307289047,de:11000:900110001:1:51,-0.1,2026-10-02T01:01:04.695736+02:00
307289047,de:11000:900007102:1:51,-0.6,2026-10-02T01:01:04.695736+02:00
307289047,de:11000:900009104:1:51,-0.3,2026-10-02T01:01:04.695736+02:00
307292677,de:12061:900260001:2:52,0.0,2026-10-02T01:01:04.695736+02:00
307292677,de:12061:900260002:1:51,-0.8,2026-10-02T01:01:04.695736+02:00
307292677,de:12061:900260003:1:51,-0.7,2026-10-02T01:01:04.695736+02:00
307292677,de:12061:900260004:1:51,-0.9,2026-10-02T01:01:04.695736+02:00
307292677,de:11000:900186001:2:53,-0.2,2026-10-02T01:01:04.695736+02:00
307292677,de:11000:900193002:1:51,-0.2,2026-10-02T01:01:04.695736+02:00
307292677,de:11000:900193001:2:51,-0.8,2026-10-02T01:01:04.695736+02:00
307292677,de:11000:900192001:3:55,-0.7,2026-10-02T01:01:04.695736+02:00
307292677,de:11000:900191001:1:50,-0.4,2026-10-02T01:01:04.695736+02:00
307292677,de:11000:900077155:1:50,-0.9,2026-10-02T01:01:04.695736+02:00
307292677,de:11000:900078201:1:50,-0.4,2026-10-02T01:01:04.695736+02:00
307292677,de:11000:900079221:1:50,-0.2,2026-10-02T01:01:04.695736+02:00
307292677,de:11000:900068201:1:50,-0.8,2026-10-02T01:01:04.695736+02:00
307292677,de:11000:900058101:5:58,-0.1,2026-10-02T01:01:04.695736+02:00
307292677,de:11000:900054104:2:52,-0.2,2026-10-02T01:01:04.695736+02:00
307292677,de:11000:900054105:1:50,-0.9,2026-10-02T01:01:04.695736+02:00
307292677,de:11000:900044202:1:50,-0.7,2026-10-02T01:01:04.695736+02:00
307292654,de:12061:900260001:2:52,0.0,2026-10-02T01:01:04.695736+02:00
307292654,de:12061:900260002:1:51,-0.8,2026-10-02T01:01:04.695736+02:00
307292654,de:12061:900260003:1:51,-0.7,2026-10-02T01:01:04.695736+02:00
307292654,de:12061:900260004:1:51,-0.9,2026-10-02T01:01:04.695736+02:00
307292654,de:11000:900186001:2:53,-0.2,2026-10-02T01:01:04.695736+02:00
307292654,de:11000:900193002:1:51,-0.2,2026-10-02T01:01:04.695736+02:00
307292654,de:11000:900193001:2:51,-0.8,2026-10-02T01:01:04.695736+02:00
307292654,de:11000:900192001:3:55,-0.7,2026-10-02T01:01:04.695736+02:00
307292654,de:11000:900191001:1:50,-0.4,2026-10-02T01:01:04.695736+02:00
307292654,de:11000:900077155:1:50,-0.9,2026-10-02T01:01:04.695736+02:00
307292654,de:11000:900078201:1:50,-0.4,2026-10-02T01:01:04.695736+02:00
307292654,de:11000:900079221:1:50,-0.2,2026-10-02T01:01:04.695736+02:00
307292654,de:11000:900068201:1:50,-0.8,2026-10-02T01:01:04.695736+02:00
307292654,de:11000:900058101:5:58,-0.1,2026-10-02T01:01:04.695736+02:00
307292654,de:11000:900054104:2:52,-0.2,2026-10-02T01:01:04.695736+02:00
307292654,de:11000:900054105:1:50,-0.9,2026-10-02T01:01:04.695736+02:00
307292654,de:11000:900044202:1:50,-0.7,2026-10-02T01:01:04.695736+02:00
295928918,de:11000:900079221:1:51,0.0,2026-10-02T01:01:04.695736+02:00
295928918,de:11000:900078201:1:51,-0.6,2026-10-02T01:01:04.695736+02:00
295928918,de:11000:900077155:1:51,-0.2,2026-10-02T01:01:04.695736+02:00
295928918,de:11000:900191001:2:51,-0.7,2026-10-02T01:01:04.695736+02:00
295928918,de:11000:900192001:2:52,-0.7,2026-10-02T01:01:04.695736+02:00
295928918,de:11000:900193001:1:50,-0.2,2026-10-02T01:01:04.695736+02:00
295928918,de:11000:900193002:1:50,-0.8,2026-10-02T01:01:04.695736+02:00
295928918,de:11000:900186001:1:51,-0.8,2026-10-02T01:01:04.695736+02:00
306897025,de:12067:900311330::2,0.0,2026-10-02T01:01:04.695736+02:00
306897025,de:12067:900311328::1,0.0,2026-10-02T01:01:04.695736+02:00
306897025,de:12067:900311300::2,0.0,2026-10-02T01:01:04.695736+02:00
306897025,de:12067:900311356::2,0.0,2026-10-02T01:01:04.695736+02:00
306897025,de:12067:900311311::2,0.0,2026-10-02T01:01:04.695736+02:00
306897025,de:12067:900311312::2,0.0,2026-10-02T01:01:04.695736+02:00
306897025,de:12067:900311383::6,0.0,2026-10-02T01:01:04.695736+02:00
306897025,de:12067:900311305::1,0.0,2026-10-02T01:01:04.695736+02:00
306897025,de:12067:900311320::1,0.0,2026-10-02T01:01:04.695736+02:00
306897025,de:12067:900311354::2,0.0,2026-10-02T01:01:04.695736+02:00
306897025,de:12067:900311352::2,0.0,2026-10-02T01:01:04.695736+02:00
306897025,de:12067:900311336::2,0.0,2026-10-02T01:01:04.695736+02:00
306897025,de:12067:900311349::2,0.0,2026-10-02T01:01:04.695736+02:00
306897025,de:12067:900311377::2,0.0,2026-10-02T01:01:04.695736+02:00
306897025,de:12067:900311376::2,0.0,2026-10-02T01:01:04.695736+02:00
306897025,de:12067:900311308::4,0.0,2026-10-02T01:01:04.695736+02:00
295932997,de:11000:900058101:5:59,0.0,2026-10-02T01:01:04.695736+02:00
295932997,de:11000:900068201:1:51,-0.3,2026-10-02T01:01:04.695736+02:00
295932997,de:11000:900079221:1:51,-0.9,2026-10-02T01:01:04.695736+02:00
295932997,de:11000:900078201:1:51,-0.6,2026-10-02T01:01:04.695736+02:00
295932997,de:11000:900077155:1:51,-0.2,2026-10-02T01:01:04.695736+02:00
295932997,de:11000:900191001:2:51,-0.7,2026-10-02T01:01:04.695736+02:00
295932997,de:11000:900192001:2:53,-0.7,2026-10-02T01:01:04.695736+02:00
295932997,de:11000:900192002:1:50,-0.5,2026-10-02T01:01:04.695736+02:00
295932997,de:11000:900180003:1:50,-0.7,2026-10-02T01:01:04.695736+02:00
307301971,de:11000:900024102:2:52,0.0,2026-10-02T01:01:04.695736+02:00
307301971,de:11000:900024101:3:55,-0.8,2026-10-02T01:01:04.695736+02:00
307301971,de:11000:900024203:1:51,-0.8,2026-10-02T01:01:04.695736+02:00
307301971,de:11000:900023201:3:54,-0.7,2026-10-02T01:01:04.695736+02:00
307301971,de:11000:900003103:1:50,-0.8,2026-10-02T01:01:04.695736+02:00
307301971,de:11000:900003102:1:50,-0.9,2026-10-02T01:01:04.695736+02:00
307301971,de:11000:900003201:3:54,-0.5,2026-10-02T01:01:04.695736+02:00
307301971,de:11000:900100001:3:54,-0.1,2026-10-02T01:01:04.695736+02:00
307301971,de:11000:900100002:1:50,-0.4,2026-10-02T01:01:04.695736+02:00
307301971,de:11000:900100003:2:52,-0.1,2026-10-02T01:01:04.695736+02:00
307301971,de:11000:900100004:1:50,-0.4,2026-10-02T01:01:04.695736+02:00
307301971,de:11000:900120005:4:55,-0.6,2026-10-02T01:01:04.695736+02:00
307301971,de:11000:900120004:1:50,-0.1,2026-10-02T01:01:04.695736+02:00
307301971,de:11000:900120003:2:53,-0.4,2026-10-02T01:01:04.695736+02:00
307301971,de:11000:900160003:1:50,-0.7,2026-10-02T01:01:04.695736+02:00
307301971,de:11000:900160004:1:50,-0.7,2026-10-02T01:01:04.695736+02:00
307301971,de:11000:900171002:1:50,-0.2,2026-10-02T01:01:04.695736+02:00
307301971,de:11000:900171001:2:51,-0.3,2026-10-02T01:01:04.695736+02:00
307301971,de:11000:900175001:2:51,-0.5,2026-10-02T01:01:04.695736+02:00
307301971,de:11000:900175002:1:51,0.0,2026-10-02T01:01:04.695736+02:00
307301971,de:11000:900176001:2:52,-0.3,2026-10-02T01:01:04.695736+02:00
307301971,de:12064:900320026:1:51,-0.1,2026-10-02T01:01:04.695736+02:00
307301971,de:12064:900320008:1:50,-0.7,2026-10-02T01:01:04.695736+02:00
307301971,de:12064:900320007:1:50,-0.4,2026-10-02T01:01:04.695736+02:00
307301971,de:12064:900320006:1:50,-0.8,2026-10-02T01:01:04.695736+02:00
307301971,de:12064:900320005:1:50,-0.2,2026-10-02T01:01:04.695736+02:00
307301971,de:12064:900320004:2:51,-0.9,2026-10-02T01:01:04.695736+02:00
295940795,de:11000:900176001:1:50,0.0,2026-10-02T01:01:04.695736+02:00
295940795,de:11000:900175002:1:50,-0.7,2026-10-02T01:01:04.695736+02:00
295940795,de:11000:900175001:1:50,-0.6,2026-10-02T01:01:04.695736+02:00
295940795,de:11000:900171001:1:50,-0.3,2026-10-02T01:01:04.695736+02:00
295940795,de:11000:900171002:1:51,-0.4,2026-10-02T01:01:04.695736+02:00
295940795,de:11000:900160004:1:51,-0.8,2026-10-02T01:01:04.695736+02:00
295940795,de:11000:900160003:1:51,-0.8,2026-10-02T01:01:04.695736+02:00
295940795,de:11000:900120003:3:54,-0.9,2026-10-02T01:01:04.695736+02:00
295940795,de:11000:900120004:2:52,-0.6,2026-10-02T01:01:04.695736+02:00
295940795,de:11000:900120005:5:57,-0.9,2026-10-02T01:01:04.695736+02:00
295942221,de:11000:900176001:1:50,0.0,2026-10-02T01:01:04.695736+02:00
295942221,de:11000:900175002:1:50,-0.7,2026-10-02T01:01:04.695736+02:00
295942221,de:11000:900175001:1:50,-0.6,2026-10-02T01:01:04.695736+02:00
295942221,de:11000:900171001:1:50,-0.3,2026-10-02T01:01:04.695736+02:00
295942221,de:11000:900171002:1:51,-0.4,2026-10-02T01:01:04.695736+02:00
295942221,de:11000:900160004:1:51,-0.8,2026-10-02T01:01:04.695736+02:00
295942221,de:11000:900160003:1:51,-0.8,2026-10-02T01:01:04.695736+02:00
295942221,de:11000:900120003:3:55,-0.9,2026-10-02T01:01:04.695736+02:00
295942221,de:11000:900120004:2:53,-0.1,2026-10-02T01:01:04.695736+02:00
295942221,de:11000:900120005:4:56,-0.4,2026-10-02T01:01:04.695736+02:00
295940154,de:11000:900024102:2:52,0.0,2026-10-02T01:01:04.695736+02:00
295940154,de:11000:900024101:3:54,-0.8,2026-10-02T01:01:04.695736+02:00
295940154,de:11000:900024203:1:51,-0.8,2026-10-02T01:01:04.695736+02:00
295940154,de:11000:900023201:3:54,-0.7,2026-10-02T01:01:04.695736+02:00
295940154,de:11000:900003103:1:50,-0.8,2026-10-02T01:01:04.695736+02:00
295940154,de:11000:900003102:1:50,-0.9,2026-10-02T01:01:04.695736+02:00
295940154,de:11000:900003201:3:54,-0.5,2026-10-02T01:01:04.695736+02:00
295940154,de:11000:900100001:3:54,-0.1,2026-10-02T01:01:04.695736+02:00
295940154,de:11000:900100002:1:50,-0.4,2026-10-02T01:01:04.695736+02:00
295940154,de:11000:900100003:2:52,-0.1,2026-10-02T01:01:04.695736+02:00
295940154,de:11000:900100004:1:50,-0.4,2026-10-02T01:01:04.695736+02:00
295940154,de:11000:900120005:4:55,-0.6,2026-10-02T01:01:04.695736+02:00
295940154,de:11000:900120004:1:50,-0.1,2026-10-02T01:01:04.695736+02:00
295940154,de:11000:900120003:2:53,-0.4,2026-10-02T01:01:04.695736+02:00
295940154,de:11000:900160003:1:50,-0.7,2026-10-02T01:01:04.695736+02:00
295940154,de:11000:900160004:1:50,-0.7,2026-10-02T01:01:04.695736+02:00
295940154,de:11000:900171002:1:50,-0.2,2026-10-02T01:01:04.695736+02:00
295940154,de:11000:900171001:2:51,-0.3,2026-10-02T01:01:04.695736+02:00
295940154,de:11000:900175001:2:51,-0.5,2026-10-02T01:01:04.695736+02:00
295940154,de:11000:900175002:1:51,0.0,2026-10-02T01:01:04.695736+02:00
295940154,de:11000:900176001:2:52,-0.3,2026-10-02T01:01:04.695736+02:00
295940264,de:12064:900320008:1:51,0.0,2026-10-02T01:01:04.695736+02:00
295940264,de:12064:900320026:1:50,-0.3,2026-10-02T01:01:04.695736+02:00
295940264,de:11000:900176001:1:51,-0.7,2026-10-02T01:01:04.695736+02:00
295940264,de:11000:900175002:1:50,-0.7,2026-10-02T01:01:04.695736+02:00
295940264,de:11000:900175001:1:50,-0.6,2026-10-02T01:01:04.695736+02:00
295940264,de:11000:900171001:1:50,-0.3,2026-10-02T01:01:04.695736+02:00
295940264,de:11000:900171002:1:51,-0.4,2026-10-02T01:01:04.695736+02:00
295940264,de:11000:900160004:1:51,-0.8,2026-10-02T01:01:04.695736+02:00
295940264,de:11000:900160003:1:51,-0.9,2026-10-02T01:01:04.695736+02:00
295940264,de:11000:900120003:3:55,-0.1,2026-10-02T01:01:04.695736+02:00
295940264,de:11000:900120004:2:53,-0.6,2026-10-02T01:01:04.695736+02:00
295940264,de:11000:900120005:5:58,-0.9,2026-10-02T01:01:04.695736+02:00
295940264,de:11000:900100004:1:51,-0.4,2026-10-02T01:01:04.695736+02:00
295940264,de:11000:900100003:2:53,-0.4,2026-10-02T01:01:04.695736+02:00
295940264,de:11000:900100002:1:51,-0.4,2026-10-02T01:01:04.695736+02:00
295940264,de:11000:900100001:3:55,-0.4,2026-10-02T01:01:04.695736+02:00
295940264,de:11000:900003201:3:55,-0.1,2026-10-02T01:01:04.695736+02:00
295940264,de:11000:900003102:1:51,-0.8,2026-10-02T01:01:04.695736+02:00
295940264,de:11000:900003103:1:51,-0.9,2026-10-02T01:01:04.695736+02:00
295940264,de:11000:900023201:3:55,-0.8,2026-10-02T01:01:04.695736+02:00
295940264,de:11000:900024203:1:51,-0.8,2026-10-02T01:01:04.695736+02:00
295940264,de:11000:900024101:4:57,-0.8,2026-10-02T01:01:04.695736+02:00
295940264,de:11000:900024102:1:51,-0.1,2026-10-02T01:01:04.695736+02:00
306896449,de:12067:900311009::1,0.0,2026-10-02T01:01:04.695736+02:00
306896449,de:12067:900311076::1,0.0,2026-10-02T01:01:04.695736+02:00
306896449,de:12067:900310613::1,0.0,2026-10-02T01:01:04.695736+02:00
306896449,de:12067:900311078::2,0.0,2026-10-02T01:01:04.695736+02:00
306896449,de:12067:900311077::2,0.0,2026-10-02T01:01:04.695736+02:00
306896449,de:12067:900311082::2,0.0,2026-10-02T01:01:04.695736+02:00
306896449,de:12067:900310107::2,0.0,2026-10-02T01:01:04.695736+02:00
306896449,de:12067:900310113::1,0.0,2026-10-02T01:01:04.695736+02:00
306896449,de:12067:900310102::2,0.0,2026-10-02T01:01:04.695736+02:00
306896449,de:12067:900310103::2,0.0,2026-10-02T01:01:04.695736+02:00
306896449,de:12067:900310114::2,0.0,2026-10-02T01:01:04.695736+02:00
306896449,de:12067:900310119::2,0.0,2026-10-02T01:01:04.695736+02:00
306896449,de:12067:900310115::2,0.0,2026-10-02T01:01:04.695736+02:00
306896449,de:12067:900310970::2,0.0,2026-10-02T01:01:04.695736+02:00
306896449,de:12067:900310972::2,0.0,2026-10-02T01:01:04.695736+02:00
306896449,de:12067:900310810::1,0.0,2026-10-02T01:01:04.695736+02:00
306896449,de:12067:900310769::2,0.0,2026-10-02T01:01:04.695736+02:00
306896449,de:12067:900310695::3,0.0,2026-10-02T01:01:04.695736+02:00
306896449,de:12067:900310812::2,0.0,2026-10-02T01:01:04.695736+02:00
306896449,de:12067:900310630::2,0.0,2026-10-02T01:01:04.695736+02:00
306896449,de:12067:900310811::2,0.0,2026-10-02T01:01:04.695736+02:00
306896449,de:12067:900310771::2,0.0,2026-10-02T01:01:04.695736+02:00
306896449,de:12067:900310822::2,0.0,2026-10-02T01:01:04.695736+02:00
306896449,de:12067:900310781::2,0.0,2026-10-02T01:01:04.695736+02:00
306896449,de:12067:900310627::2,-0.5,2026-10-02T01:01:04.695736+02:00
306896449,de:12067:900310816::2,0.0,2026-10-02T01:01:04.695736+02:00
306896449,de:12067:900310022::1,0.0,2026-10-02T01:01:04.695736+02:00
306896449,de:12067:900310001::11,0.0,2026-10-02T01:01:04.695736+02:00
295941754,de:11000:900176001:2:53,0.0,2026-10-02T01:01:04.695736+02:00
295941754,de:12064:900320026:1:51,-0.1,2026-10-02T01:01:04.695736+02:00
295941754,de:12064:900320008:1:50,-0.7,2026-10-02T01:01:04.695736+02:00
295941754,de:12064:900320007:1:50,-0.4,2026-10-02T01:01:04.695736+02:00
295941754,de:12064:900320006:1:50,-0.8,2026-10-02T01:01:04.695736+02:00
295941754,de:12064:900320005:1:50,-0.2,2026-10-02T01:01:04.695736+02:00
295941754,de:12064:900320004:2:51,-0.9,2026-10-02T01:01:04.695736+02:00
306897214,de:12053:900360000::4,0.0,2026-10-02T01:01:04.695736+02:00
306897214,de:12053:900360021::4,0.0,2026-10-02T01:01:04.695736+02:00
306897214,de:12053:900360059::4,0.0,2026-10-02T01:01:04.695736+02:00
306897214,de:12053:900360041::4,0.0,2026-10-02T01:01:04.695736+02:00
306897214,de:12053:900360135::2,0.0,2026-10-02T01:01:04.695736+02:00
306897214,de:12053:900360083::2,0.0,2026-10-02T01:01:04.695736+02:00
306897214,de:12053:900360096::4,0.0,2026-10-02T01:01:04.695736+02:00
306897214,de:12053:900360213::4,0.0,2026-10-02T01:01:04.695736+02:00
306897214,de:12053:900360062::2,0.0,2026-10-02T01:01:04.695736+02:00
306897214,de:12067:900311485::1,0.0,2026-10-02T01:01:04.695736+02:00
306897214,de:12067:900311482::2,0.0,2026-10-02T01:01:04.695736+02:00
306897214,de:12067:900311489::1,0.0,2026-10-02T01:01:04.695736+02:00
306897214,de:12067:900311483::2,0.0,2026-10-02T01:01:04.695736+02:00
306897214,de:12067:900310935::1,0.0,2026-10-02T01:01:04.695736+02:00
306897214,de:12067:900310933::1,0.0,2026-10-02T01:01:04.695736+02:00
306897214,de:12067:900311540::2,0.0,2026-10-02T01:01:04.695736+02:00
306897214,de:12067:900310615::2,0.0,2026-10-02T01:01:04.695736+02:00
306897214,de:12067:900310725::2,0.0,2026-10-02T01:01:04.695736+02:00
306897214,de:12067:900310738::2,0.0,2026-10-02T01:01:04.695736+02:00
306897214,de:12067:900310639::1,0.0,2026-10-02T01:01:04.695736+02:00
306897214,de:12067:900310626::1,0.0,2026-10-02T01:01:04.695736+02:00
306897214,de:12067:900311129::6,0.0,2026-10-02T01:01:04.695736+02:00
295946284,de:11000:900170004:1:50,0.0,2026-10-02T01:01:04.695736+02:00
295946284,de:11000:900170003:1:51,-0.3,2026-10-02T01:01:04.695736+02:00
295946284,de:11000:900170002:1:51,-0.1,2026-10-02T01:01:04.695736+02:00
295946284,de:11000:900170001:1:51,-0.9,2026-10-02T01:01:04.695736+02:00
295946284,de:11000:900170005:1:51,-0.7,2026-10-02T01:01:04.695736+02:00
295946284,de:11000:900171003:1:51,-0.6,2026-10-02T01:01:04.695736+02:00
295946284,de:11000:900171002:1:51,-0.9,2026-10-02T01:01:04.695736+02:00
295946284,de:11000:900160004:1:51,-0.3,2026-10-02T01:01:04.695736+02:00
295946284,de:11000:900160003:1:51,-0.4,2026-10-02T01:01:04.695736+02:00
295946284,de:11000:900120003:3:55,-0.6,2026-10-02T01:01:04.695736+02:00
295946284,de:11000:900120004:2:53,-0.1,2026-10-02T01:01:04.695736+02:00
295946284,de:11000:900120005:5:58,-0.4,2026-10-02T01:01:04.695736+02:00
295946284,de:11000:900100004:1:51,-0.9,2026-10-02T01:01:04.695736+02:00
295946284,de:11000:900100003:2:53,-0.9,2026-10-02T01:01:04.695736+02:00
295946284,de:11000:900100002:1:51,-0.9,2026-10-02T01:01:04.695736+02:00
295946284,de:11000:900100001:3:55,-0.9,2026-10-02T01:01:04.695736+02:00
295946284,de:11000:900003201:3:55,-0.6,2026-10-02T01:01:04.695736+02:00
295946284,de:11000:900003102:1:51,-0.3,2026-10-02T01:01:04.695736+02:00
295946284,de:11000:900003103:1:51,-0.4,2026-10-02T01:01:04.695736+02:00
295946284,de:11000:900023201:3:55,-0.3,2026-10-02T01:01:04.695736+02:00
295946284,de:11000:900024203:1:51,-0.3,2026-10-02T01:01:04.695736+02:00
295946284,de:11000:900024101:4:57,-0.3,2026-10-02T01:01:04.695736+02:00
295946284,de:11000:900024102:1:50,-0.6,2026-10-02T01:01:04.695736+02:00
295946284,de:11000:900048101:1:50,-0.8,2026-10-02T01:01:04.695736+02:00
295946284,de:11000:900052201:2:52,0.0,2026-10-02T01:01:04.695736+02:00
295946284,de:11000:900053301:1:50,-0.4,2026-10-02T01:01:04.695736+02:00
295946284,de:12054:900230003:1:50,-0.4,2026-10-02T01:01:04.695736+02:00
295946284,de:12054:900230000:1:51,-0.4,2026-10-02T01:01:04.695736+02:00
295946284,de:12054:900230999:3:55,-0.9,2026-10-02T01:01:04.695736+02:00
295946280,de:11000:900170004:1:50,0.0,2026-10-02T01:01:04.695736+02:00
295946280,de:11000:900170003:1:51,-0.3,2026-10-02T01:01:04.695736+02:00
295946280,de:11000:900170002:1:51,-0.1,2026-10-02T01:01:04.695736+02:00
295946280,de:11000:900170001:1:51,-0.9,2026-10-02T01:01:04.695736+02:00
295946280,de:11000:900170005:1:51,-0.7,2026-10-02T01:01:04.695736+02:00
295946280,de:11000:900171003:1:51,-0.6,2026-10-02T01:01:04.695736+02:00
295946280,de:11000:900171002:1:51,-0.9,2026-10-02T01:01:04.695736+02:00
295946280,de:11000:900160004:1:51,-0.3,2026-10-02T01:01:04.695736+02:00
295946280,de:11000:900160003:1:51,-0.4,2026-10-02T01:01:04.695736+02:00
295946280,de:11000:900120003:3:55,-0.6,2026-10-02T01:01:04.695736+02:00
295946280,de:11000:900120004:2:53,-0.1,2026-10-02T01:01:04.695736+02:00
295946280,de:11000:900120005:5:58,-0.4,2026-10-02T01:01:04.695736+02:00
295946280,de:11000:900100004:1:51,-0.9,2026-10-02T01:01:04.695736+02:00
295946280,de:11000:900100003:2:53,-0.9,2026-10-02T01:01:04.695736+02:00
295946280,de:11000:900100002:1:51,-0.9,2026-10-02T01:01:04.695736+02:00
295946280,de:11000:900100001:3:55,-0.9,2026-10-02T01:01:04.695736+02:00
295946280,de:11000:900003201:3:55,-0.6,2026-10-02T01:01:04.695736+02:00
295946280,de:11000:900003102:1:51,-0.3,2026-10-02T01:01:04.695736+02:00
295946280,de:11000:900003103:1:51,-0.4,2026-10-02T01:01:04.695736+02:00
295946280,de:11000:900023201:3:55,-0.3,2026-10-02T01:01:04.695736+02:00
295946280,de:11000:900024203:1:51,-0.3,2026-10-02T01:01:04.695736+02:00
295946280,de:11000:900024101:4:57,-0.3,2026-10-02T01:01:04.695736+02:00
295946280,de:11000:900024102:1:50,-0.6,2026-10-02T01:01:04.695736+02:00
295946280,de:11000:900048101:1:50,-0.8,2026-10-02T01:01:04.695736+02:00
295946280,de:11000:900052201:2:52,0.0,2026-10-02T01:01:04.695736+02:00
295946280,de:11000:900053301:1:50,-0.4,2026-10-02T01:01:04.695736+02:00
295946280,de:12054:900230003:1:50,-0.4,2026-10-02T01:01:04.695736+02:00
295946280,de:12054:900230000:1:51,-0.4,2026-10-02T01:01:04.695736+02:00
295946280,de:12054:900230999:3:55,-0.9,2026-10-02T01:01:04.695736+02:00
295953495,de:11000:900120004:1:51,0.0,2026-10-02T01:01:04.695736+02:00
295953495,de:11000:900120003:2:52,-0.9,2026-10-02T01:01:04.695736+02:00
295953495,de:11000:900160003:1:50,-0.2,2026-10-02T01:01:04.695736+02:00
295953495,de:11000:900160004:1:50,-0.2,2026-10-02T01:01:04.695736+02:00
295953495,de:11000:900171002:1:50,-0.7,2026-10-02T01:01:04.695736+02:00
295953495,de:11000:900171003:1:50,-0.8,2026-10-02T01:01:04.695736+02:00
295953495,de:11000:900152002:1:50,-0.4,2026-10-02T01:01:04.695736+02:00
295953495,de:11000:900152001:1:50,-0.6,2026-10-02T01:01:04.695736+02:00
295953495,de:11000:900151001:1:51,-0.9,2026-10-02T01:01:04.695736+02:00
306895466,de:12067:900311083::3,0.0,2026-10-02T01:01:04.695736+02:00
306895466,de:12067:900310775::1,0.0,2026-10-02T01:01:04.695736+02:00
306895466,de:12067:900311083::2,0.0,2026-10-02T01:01:04.695736+02:00
306895466,de:12067:900310814::2,0.0,2026-10-02T01:01:04.695736+02:00
306895466,de:12067:900310628::2,0.0,2026-10-02T01:01:04.695736+02:00
306895466,de:12067:900310793::2,0.0,2026-10-02T01:01:04.695736+02:00
306895466,de:12067:900310774::1,0.0,2026-10-02T01:01:04.695736+02:00
306895466,de:12067:900310792::1,0.0,2026-10-02T01:01:04.695736+02:00
306895466,de:12067:900310825::1,0.0,2026-10-02T01:01:04.695736+02:00
306895466,de:12067:900310809::2,0.0,2026-10-02T01:01:04.695736+02:00
306895466,de:12067:900310787::2,0.0,2026-10-02T01:01:04.695736+02:00
306895466,de:12067:900310790::2,0.0,2026-10-02T01:01:04.695736+02:00
306895466,de:12067:900310788::2,0.0,2026-10-02T01:01:04.695736+02:00
306895466,de:12067:900310696::2,0.0,2026-10-02T01:01:04.695736+02:00
306895466,de:12067:900310001::11,0.0,2026-10-02T01:01:04.695736+02:00
306895466,de:12067:900310001::2,0.0,2026-10-02T01:01:04.695736+02:00
306895466,de:12067:900310816::1,0.0,2026-10-02T01:01:04.695736+02:00
306895466,de:12067:900310627::1,0.0,2026-10-02T01:01:04.695736+02:00
306895466,de:12067:900310781::1,0.0,2026-10-02T01:01:04.695736+02:00
306895466,de:12067:900310822::1,0.0,2026-10-02T01:01:04.695736+02:00
306895466,de:12067:900310808::1,0.0,2026-10-02T01:01:04.695736+02:00
306895466,de:12067:900310794::1,0.0,2026-10-02T01:01:04.695736+02:00
306895466,de:12067:900310821::1,0.0,2026-10-02T01:01:04.695736+02:00
306895466,de:12067:900310806::1,0.0,2026-10-02T01:01:04.695736+02:00
306895466,de:12067:900310812::1,0.0,2026-10-02T01:01:04.695736+02:00
306895466,de:12067:900310770::1,0.0,2026-10-02T01:01:04.695736+02:00
306895466,de:12067:900310010::3,0.0,2026-10-02T01:01:04.695736+02:00
306895466,de:12067:900310880::1,0.0,2026-10-02T01:01:04.695736+02:00
306895466,de:12067:900310815::1,0.0,2026-10-02T01:01:04.695736+02:00
306895466,de:12067:900310807::1,0.0,2026-10-02T01:01:04.695736+02:00
295953576,de:11000:900151001:1:51,0.0,2026-10-02T01:01:04.695736+02:00
295953576,de:11000:900152001:1:51,-0.6,2026-10-02T01:01:04.695736+02:00
295953576,de:11000:900152002:1:51,-0.2,2026-10-02T01:01:04.695736+02:00
295953576,de:11000:900171003:1:51,-0.9,2026-10-02T01:01:04.695736+02:00
295953576,de:11000:900171002:1:51,-0.9,2026-10-02T01:01:04.695736+02:00
295953576,de:11000:900160004:1:51,-0.3,2026-10-02T01:01:04.695736+02:00
295953576,de:11000:900160003:1:51,-0.4,2026-10-02T01:01:04.695736+02:00
295953576,de:11000:900120003:3:54,-0.6,2026-10-02T01:01:04.695736+02:00
295953576,de:11000:900120004:2:52,-0.1,2026-10-02T01:01:04.695736+02:00
295956032,de:11000:900120004:1:51,0.0,2026-10-02T01:01:04.695736+02:00
295956032,de:11000:900120003:2:52,-0.9,2026-10-02T01:01:04.695736+02:00
295956032,de:11000:900160003:1:50,-0.2,2026-10-02T01:01:04.695736+02:00
295956032,de:11000:900160004:1:50,-0.2,2026-10-02T01:01:04.695736+02:00
295956032,de:11000:900171002:1:50,-0.7,2026-10-02T01:01:04.695736+02:00
295956032,de:11000:900171003:1:50,-0.8,2026-10-02T01:01:04.695736+02:00
295956032,de:11000:900152002:1:50,-0.4,2026-10-02T01:01:04.695736+02:00
295956032,de:11000:900152001:1:50,-0.6,2026-10-02T01:01:04.695736+02:00
295956032,de:11000:900151001:1:50,-0.9,2026-10-02T01:01:04.695736+02:00
295949535,de:11000:900170004:2:52,0.0,2026-10-02T01:01:04.695736+02:00
295949535,de:11000:900170003:1:51,-0.3,2026-10-02T01:01:04.695736+02:00
295949535,de:11000:900170002:1:51,-0.1,2026-10-02T01:01:04.695736+02:00
295949535,de:11000:900170001:1:51,-0.9,2026-10-02T01:01:04.695736+02:00
295949535,de:11000:900170005:1:51,-0.7,2026-10-02T01:01:04.695736+02:00
295949535,de:11000:900171003:1:51,-0.6,2026-10-02T01:01:04.695736+02:00
295949535,de:11000:900171002:1:51,-0.9,2026-10-02T01:01:04.695736+02:00
295949535,de:11000:900160004:1:51,-0.3,2026-10-02T01:01:04.695736+02:00
295949535,de:11000:900160003:1:51,-0.4,2026-10-02T01:01:04.695736+02:00
295949535,de:11000:900120003:3:55,-0.6,2026-10-02T01:01:04.695736+02:00
295949535,de:11000:900120004:2:53,-0.1,2026-10-02T01:01:04.695736+02:00
295949535,de:11000:900120005:5:58,-0.4,2026-10-02T01:01:04.695736+02:00
295949535,de:11000:900100004:1:51,-0.9,2026-10-02T01:01:04.695736+02:00
295949535,de:11000:900100003:2:53,-0.9,2026-10-02T01:01:04.695736+02:00
295949535,de:11000:900100002:1:51,-0.9,2026-10-02T01:01:04.695736+02:00
295949535,de:11000:900100001:3:55,-0.9,2026-10-02T01:01:04.695736+02:00
295949535,de:11000:900003201:3:55,-0.6,2026-10-02T01:01:04.695736+02:00
295949535,de:11000:900003102:1:51,-0.3,2026-10-02T01:01:04.695736+02:00
295949535,de:11000:900003103:1:51,-0.4,2026-10-02T01:01:04.695736+02:00
295949535,de:11000:900023201:3:55,-0.3,2026-10-02T01:01:04.695736+02:00
295949535,de:11000:900024203:1:51,-0.3,2026-10-02T01:01:04.695736+02:00
295949535,de:11000:900024101:4:57,-0.3,2026-10-02T01:01:04.695736+02:00
295949535,de:11000:900024102:1:50,-0.6,2026-10-02T01:01:04.695736+02:00
295949535,de:11000:900048101:1:50,-0.8,2026-10-02T01:01:04.695736+02:00
295949535,de:11000:900052201:2:52,0.0,2026-10-02T01:01:04.695736+02:00
295949535,de:11000:900053301:1:50,-0.4,2026-10-02T01:01:04.695736+02:00
295949535,de:12054:900230003:1:50,-0.4,2026-10-02T01:01:04.695736+02:00
295949535,de:12054:900230000:1:51,-0.4,2026-10-02T01:01:04.695736+02:00
295949535,de:12054:900230999:3:54,-0.9,2026-10-02T01:01:04.695736+02:00
295956015,de:11000:900120004:1:51,0.0,2026-10-02T01:01:04.695736+02:00
295956015,de:11000:900120003:2:52,-0.9,2026-10-02T01:01:04.695736+02:00
295956015,de:11000:900160003:1:50,-0.2,2026-10-02T01:01:04.695736+02:00
295956015,de:11000:900160004:1:50,-0.2,2026-10-02T01:01:04.695736+02:00
295956015,de:11000:900171002:1:50,-0.7,2026-10-02T01:01:04.695736+02:00
295956015,de:11000:900171003:1:50,-0.8,2026-10-02T01:01:04.695736+02:00
295956015,de:11000:900152002:1:50,-0.4,2026-10-02T01:01:04.695736+02:00
295956015,de:11000:900152001:1:50,-0.6,2026-10-02T01:01:04.695736+02:00
295956015,de:11000:900151001:1:50,-0.9,2026-10-02T01:01:04.695736+02:00
295956068,de:11000:900151001:1:50,0.0,2026-10-02T01:01:04.695736+02:00
295956068,de:11000:900152001:1:51,-0.6,2026-10-02T01:01:04.695736+02:00
295956068,de:11000:900152002:1:51,-0.2,2026-10-02T01:01:04.695736+02:00
295956068,de:11000:900171003:1:51,-0.9,2026-10-02T01:01:04.695736+02:00
295956068,de:11000:900171002:1:51,-0.9,2026-10-02T01:01:04.695736+02:00
295956068,de:11000:900160004:1:51,-0.3,2026-10-02T01:01:04.695736+02:00
295956068,de:11000:900160003:1:51,-0.4,2026-10-02T01:01:04.695736+02:00
295956068,de:11000:900120003:3:54,-0.6,2026-10-02T01:01:04.695736+02:00
295956068,de:11000:900120004:2:52,-0.1,2026-10-02T01:01:04.695736+02:00
295956053,de:11000:900151001:1:50,0.0,2026-10-02T01:01:04.695736+02:00
295956053,de:11000:900152001:1:51,-0.6,2026-10-02T01:01:04.695736+02:00
295956053,de:11000:900152002:1:51,-0.2,2026-10-02T01:01:04.695736+02:00
295956053,de:11000:900171003:1:51,-0.9,2026-10-02T01:01:04.695736+02:00
295956053,de:11000:900171002:1:51,-0.9,2026-10-02T01:01:04.695736+02:00
295956053,de:11000:900160004:1:51,-0.3,2026-10-02T01:01:04.695736+02:00
295956053,de:11000:900160003:1:51,-0.4,2026-10-02T01:01:04.695736+02:00
295956053,de:11000:900120003:3:54,-0.6,2026-10-02T01:01:04.695736+02:00
295956053,de:11000:900120004:2:52,-0.1,2026-10-02T01:01:04.695736+02:00
295949531,de:11000:900170004:2:52,0.0,2026-10-02T01:01:04.695736+02:00
295949531,de:11000:900170003:1:51,-0.3,2026-10-02T01:01:04.695736+02:00
295949531,de:11000:900170002:1:51,-0.1,2026-10-02T01:01:04.695736+02:00
295949531,de:11000:900170001:1:51,-0.9,2026-10-02T01:01:04.695736+02:00
295949531,de:11000:900170005:1:51,-0.7,2026-10-02T01:01:04.695736+02:00
295949531,de:11000:900171003:1:51,-0.6,2026-10-02T01:01:04.695736+02:00
295949531,de:11000:900171002:1:51,-0.9,2026-10-02T01:01:04.695736+02:00
295949531,de:11000:900160004:1:51,-0.3,2026-10-02T01:01:04.695736+02:00
295949531,de:11000:900160003:1:51,-0.4,2026-10-02T01:01:04.695736+02:00
295949531,de:11000:900120003:3:55,-0.6,2026-10-02T01:01:04.695736+02:00
295949531,de:11000:900120004:2:53,-0.1,2026-10-02T01:01:04.695736+02:00
295949531,de:11000:900120005:5:58,-0.4,2026-10-02T01:01:04.695736+02:00
295949531,de:11000:900100004:1:51,-0.9,2026-10-02T01:01:04.695736+02:00
295949531,de:11000:900100003:2:53,-0.9,2026-10-02T01:01:04.695736+02:00
295949531,de:11000:900100002:1:51,-0.9,2026-10-02T01:01:04.695736+02:00
295949531,de:11000:900100001:3:55,-0.9,2026-10-02T01:01:04.695736+02:00
295949531,de:11000:900003201:3:55,-0.6,2026-10-02T01:01:04.695736+02:00
295949531,de:11000:900003102:1:51,-0.3,2026-10-02T01:01:04.695736+02:00
295949531,de:11000:900003103:1:51,-0.4,2026-10-02T01:01:04.695736+02:00
295949531,de:11000:900023201:3:55,-0.3,2026-10-02T01:01:04.695736+02:00
295949531,de:11000:900024203:1:51,-0.3,2026-10-02T01:01:04.695736+02:00
295949531,de:11000:900024101:4:57,-0.3,2026-10-02T01:01:04.695736+02:00
295949531,de:11000:900024102:1:50,-0.6,2026-10-02T01:01:04.695736+02:00
295949531,de:11000:900048101:1:50,-0.8,2026-10-02T01:01:04.695736+02:00
295949531,de:11000:900052201:2:52,0.0,2026-10-02T01:01:04.695736+02:00
295949531,de:11000:900053301:1:50,-0.4,2026-10-02T01:01:04.695736+02:00
295949531,de:12054:900230003:1:50,-0.4,2026-10-02T01:01:04.695736+02:00
295949531,de:12054:900230000:1:51,-0.4,2026-10-02T01:01:04.695736+02:00
295949531,de:12054:900230999:3:54,-0.9,2026-10-02T01:01:04.695736+02:00
307436882,de:12061:900261512:2:52,0.0,2026-10-02T01:01:04.695736+02:00
307436882,de:12066:900435602:2:51,0.0,2026-10-02T01:01:04.695736+02:00
307436882,de:12066:900435459:2:52,0.0,2026-10-02T01:01:04.695736+02:00
307436882,de:12066:900435818:1:50,0.0,2026-10-02T01:01:04.695736+02:00
307436882,de:12066:900435209:1:50,0.0,2026-10-02T01:01:04.695736+02:00
307436882,de:12066:900435339:1:50,0.0,2026-10-02T01:01:04.695736+02:00
307436882,de:12066:900435001:3:53,0.0,2026-10-02T01:01:04.695736+02:00
307436882,de:12066:900435000:2:53,0.0,2026-10-02T01:01:04.695736+02:00
295949517,de:11000:900170004:2:52,0.0,2026-10-02T01:01:04.695736+02:00
295949517,de:11000:900170003:1:51,-0.3,2026-10-02T01:01:04.695736+02:00
295949517,de:11000:900170002:1:51,-0.1,2026-10-02T01:01:04.695736+02:00
295949517,de:11000:900170001:1:51,-0.9,2026-10-02T01:01:04.695736+02:00
295949517,de:11000:900170005:1:51,-0.7,2026-10-02T01:01:04.695736+02:00
295949517,de:11000:900171003:1:51,-0.6,2026-10-02T01:01:04.695736+02:00
295949517,de:11000:900171002:1:51,-0.9,2026-10-02T01:01:04.695736+02:00
295949517,de:11000:900160004:1:51,-0.3,2026-10-02T01:01:04.695736+02:00
295949517,de:11000:900160003:1:51,-0.4,2026-10-02T01:01:04.695736+02:00
295949517,de:11000:900120003:3:55,-0.6,2026-10-02T01:01:04.695736+02:00
295949517,de:11000:900120004:2:53,-0.1,2026-10-02T01:01:04.695736+02:00
295949517,de:11000:900120005:5:58,-0.4,2026-10-02T01:01:04.695736+02:00
295949517,de:11000:900100004:1:51,-0.9,2026-10-02T01:01:04.695736+02:00
295949517,de:11000:900100003:2:53,-0.9,2026-10-02T01:01:04.695736+02:00
295949517,de:11000:900100002:1:51,-0.9,2026-10-02T01:01:04.695736+02:00
295949517,de:11000:900100001:3:55,-0.9,2026-10-02T01:01:04.695736+02:00
295949517,de:11000:900003201:3:55,-0.6,2026-10-02T01:01:04.695736+02:00
295949517,de:11000:900003102:1:51,-0.3,2026-10-02T01:01:04.695736+02:00
295949517,de:11000:900003103:1:51,-0.4,2026-10-02T01:01:04.695736+02:00
295949517,de:11000:900023201:3:55,-0.3,2026-10-02T01:01:04.695736+02:00
295949517,de:11000:900024203:1:51,-0.3,2026-10-02T01:01:04.695736+02:00
295949517,de:11000:900024101:4:57,-0.3,2026-10-02T01:01:04.695736+02:00
295949517,de:11000:900024102:1:50,-0.6,2026-10-02T01:01:04.695736+02:00
295949517,de:11000:900048101:1:50,-0.8,2026-10-02T01:01:04.695736+02:00
295949517,de:11000:900052201:2:52,0.0,2026-10-02T01:01:04.695736+02:00
295949517,de:11000:900053301:1:50,-0.4,2026-10-02T01:01:04.695736+02:00
295949517,de:12054:900230003:1:50,-0.4,2026-10-02T01:01:04.695736+02:00
295949517,de:12054:900230000:1:51,-0.4,2026-10-02T01:01:04.695736+02:00
295949517,de:12054:900230999:3:54,-0.9,2026-10-02T01:01:04.695736+02:00
306895496,de:12067:900310807::1,0.0,2026-10-02T01:01:04.695736+02:00
306895496,de:12067:900310815::2,0.0,2026-10-02T01:01:04.695736+02:00
306895496,de:12067:900310880::2,0.0,2026-10-02T01:01:04.695736+02:00
306895496,de:12067:900310010::2,0.0,2026-10-02T01:01:04.695736+02:00
306895496,de:12067:900310770::2,0.0,2026-10-02T01:01:04.695736+02:00
306895496,de:12067:900310812::2,0.0,2026-10-02T01:01:04.695736+02:00
306895496,de:12067:900310806::2,0.0,2026-10-02T01:01:04.695736+02:00
306895496,de:12067:900310778::2,0.0,2026-10-02T01:01:04.695736+02:00
306895496,de:12067:900310768::2,0.0,2026-10-02T01:01:04.695736+02:00
306895496,de:12067:900310786::2,0.0,2026-10-02T01:01:04.695736+02:00
306895496,de:12067:900310784::2,0.0,2026-10-02T01:01:04.695736+02:00
306895496,de:12067:900311104::2,0.0,2026-10-02T01:01:04.695736+02:00
306895496,de:12067:900310995::1,0.0,2026-10-02T01:01:04.695736+02:00
306895496,de:12067:900310779::2,0.0,2026-10-02T01:01:04.695736+02:00
306895496,de:12067:900310808::2,0.0,2026-10-02T01:01:04.695736+02:00
306895496,de:12067:900310822::2,0.0,2026-10-02T01:01:04.695736+02:00
306895496,de:12067:900310781::2,0.0,2026-10-02T01:01:04.695736+02:00
306895496,de:12067:900310627::2,0.0,2026-10-02T01:01:04.695736+02:00
306895496,de:12067:900310816::2,0.0,2026-10-02T01:01:04.695736+02:00
306895496,de:12067:900310022::1,0.0,2026-10-02T01:01:04.695736+02:00
306895496,de:12067:900310001::11,0.0,2026-10-02T01:01:04.695736+02:00
306895496,de:12067:900310001::1,0.0,2026-10-02T01:01:04.695736+02:00
306895496,de:12067:900310696::1,0.0,2026-10-02T01:01:04.695736+02:00
306895496,de:12067:900310788::1,0.0,2026-10-02T01:01:04.695736+02:00
306895496,de:12067:900310790::1,0.0,2026-10-02T01:01:04.695736+02:00
306895496,de:12067:900310787::1,0.0,2026-10-02T01:01:04.695736+02:00
306895496,de:12067:900310809::1,0.0,2026-10-02T01:01:04.695736+02:00
306895496,de:12067:900310825::1,0.0,2026-10-02T01:01:04.695736+02:00
306895496,de:12067:900310792::2,0.0,2026-10-02T01:01:04.695736+02:00
306895496,de:12067:900310774::2,0.0,2026-10-02T01:01:04.695736+02:00
306895496,de:12067:900310793::1,0.0,2026-10-02T01:01:04.695736+02:00
306895496,de:12067:900310628::1,0.0,2026-10-02T01:01:04.695736+02:00
306895496,de:12067:900310814::1,0.0,2026-10-02T01:01:04.695736+02:00
306895496,de:12067:900311083::3,0.0,2026-10-02T01:01:04.695736+02:00
306895267,de:12067:900311129::4,0.0,2026-10-02T01:01:04.695736+02:00
306895267,de:12067:900310729::2,0.0,2026-10-02T01:01:04.695736+02:00
306895267,de:12067:900310718::2,0.0,2026-10-02T01:01:04.695736+02:00
306895267,de:12067:900310719::2,0.0,2026-10-02T01:01:04.695736+02:00
306895267,de:12067:900310717::2,0.0,2026-10-02T01:01:04.695736+02:00
306895267,de:12067:900310726::1,0.0,2026-10-02T01:01:04.695736+02:00
306895267,de:12067:900310730::1,0.0,2026-10-02T01:01:04.695736+02:00
306895267,de:12067:900310717::1,0.0,2026-10-02T01:01:04.695736+02:00
306895267,de:12067:900310737::1,0.0,2026-10-02T01:01:04.695736+02:00
306895267,de:12067:900310736::1,0.0,2026-10-02T01:01:04.695736+02:00
306895267,de:12067:900310737::2,0.0,2026-10-02T01:01:04.695736+02:00
306895267,de:12067:900310841::2,0.0,2026-10-02T01:01:04.695736+02:00
306895267,de:12067:900311002::3,0.0,2026-10-02T01:01:04.695736+02:00
306895267,de:12067:900311020::1,0.0,2026-10-02T01:01:04.695736+02:00
306895267,de:12067:900310834::1,0.0,2026-10-02T01:01:04.695736+02:00
306895267,de:12067:900311020::2,0.0,2026-10-02T01:01:04.695736+02:00
306895267,de:12067:900310908::2,0.0,2026-10-02T01:01:04.695736+02:00
306895267,de:12067:900311085::1,0.0,2026-10-02T01:01:04.695736+02:00
306895267,de:12067:900310874::1,0.0,2026-10-02T01:01:04.695736+02:00
306895267,de:12067:900310874::1,-7.0,2026-10-02T01:01:04.695736+02:00
306895267,de:12067:900310925::1,0.0,2026-10-02T01:01:04.695736+02:00
306895267,de:12067:900310874::1,7.0,2026-10-02T01:01:04.695736+02:00
306895267,de:12067:900310874::1,0.0,2026-10-02T01:01:04.695736+02:00
306895267,de:12067:900310866::1,0.0,2026-10-02T01:01:04.695736+02:00
306895267,de:12067:900311092::1,0.0,2026-10-02T01:01:04.695736+02:00
306895267,de:12067:900311084::2,0.0,2026-10-02T01:01:04.695736+02:00
306895267,de:12067:900310974::2,0.0,2026-10-02T01:01:04.695736+02:00
306895267,de:12067:900310914::2,0.0,2026-10-02T01:01:04.695736+02:00
306895267,de:12067:900310703::3,0.0,2026-10-02T01:01:04.695736+02:00
306895267,de:12067:900310915::2,-0.5,2026-10-02T01:01:04.695736+02:00
306895267,de:12067:900310916::2,-0.5,2026-10-02T01:01:04.695736+02:00
306895267,de:12067:900310917::2,0.0,2026-10-02T01:01:04.695736+02:00
306895267,de:12067:900310900::2,0.0,2026-10-02T01:01:04.695736+02:00
306895267,de:12067:900310880::2,0.0,2026-10-02T01:01:04.695736+02:00
306895267,de:12067:900310010::1,0.0,2026-10-02T01:01:04.695736+02:00
306895267,de:12067:900310879::2,0.0,2026-10-02T01:01:04.695736+02:00
306895267,de:12067:900310800::2,0.0,2026-10-02T01:01:04.695736+02:00
306895267,de:12067:900310771::2,0.0,2026-10-02T01:01:04.695736+02:00
306895267,de:12067:900310822::2,0.0,2026-10-02T01:01:04.695736+02:00
306895267,de:12067:900310781::2,0.0,2026-10-02T01:01:04.695736+02:00
306895267,de:12067:900310627::2,-0.5,2026-10-02T01:01:04.695736+02:00
306895267,de:12067:900310816::2,0.0,2026-10-02T01:01:04.695736+02:00
306895267,de:12067:900310022::1,0.0,2026-10-02T01:01:04.695736+02:00
306895267,de:12067:900310001::11,0.0,2026-10-02T01:01:04.695736+02:00
295960057,de:12061:900260002:1:50,0.0,2026-10-02T01:01:04.695736+02:00
295960057,de:12061:900260003:1:51,-0.7,2026-10-02T01:01:04.695736+02:00
295960057,de:12061:900260004:1:51,-0.9,2026-10-02T01:01:04.695736+02:00
295960057,de:11000:900186001:2:53,-0.2,2026-10-02T01:01:04.695736+02:00
295960057,de:11000:900193002:1:51,-0.2,2026-10-02T01:01:04.695736+02:00
295960057,de:11000:900193001:2:51,-0.8,2026-10-02T01:01:04.695736+02:00
295960057,de:11000:900192001:3:55,-0.7,2026-10-02T01:01:04.695736+02:00
295960057,de:11000:900191001:1:50,-0.4,2026-10-02T01:01:04.695736+02:00
295960057,de:11000:900191002:1:51,-0.8,2026-10-02T01:01:04.695736+02:00
295960057,de:11000:900190001:2:53,-0.6,2026-10-02T01:01:04.695736+02:00
295960057,de:11000:900120003:5:59,0.0,2026-10-02T01:01:04.695736+02:00
295960057,de:11000:900120001:1:51,-0.6,2026-10-02T01:01:04.695736+02:00
295960057,de:11000:900110012:1:51,-0.8,2026-10-02T01:01:04.695736+02:00
295960057,de:11000:900110004:1:51,-0.7,2026-10-02T01:01:04.695736+02:00
295960057,de:11000:900110003:1:51,0.0,2026-10-02T01:01:04.695736+02:00
295960057,de:11000:900110002:1:51,0.0,2026-10-02T01:01:04.695736+02:00
295960057,de:11000:900110001:1:51,-0.7,2026-10-02T01:01:04.695736+02:00
295960057,de:11000:900110011:2:52,-0.4,2026-10-02T01:01:04.695736+02:00
295960057,de:11000:900130002:1:50,0.0,2026-10-02T01:01:04.695736+02:00
295960057,de:11000:900130001:1:50,-0.7,2026-10-02T01:01:04.695736+02:00
295960057,de:11000:900142001:1:50,-0.2,2026-10-02T01:01:04.695736+02:00
295960057,de:12065:900200013:1:50,-0.3,2026-10-02T01:01:04.695736+02:00
295960057,de:12065:900200012:1:50,-0.9,2026-10-02T01:01:04.695736+02:00
295960057,de:12065:900200011:1:50,-0.4,2026-10-02T01:01:04.695736+02:00
295960057,de:12065:900200009:1:50,-0.9,2026-10-02T01:01:04.695736+02:00
295960057,de:12065:900200008:1:50,-0.9,2026-10-02T01:01:04.695736+02:00
295959981,de:12065:900200008:1:51,0.0,2026-10-02T01:01:04.695736+02:00
295959981,de:12065:900200009:1:51,-0.7,2026-10-02T01:01:04.695736+02:00
295959981,de:12065:900200011:1:51,-0.3,2026-10-02T01:01:04.695736+02:00
295959981,de:12065:900200012:1:51,-0.8,2026-10-02T01:01:04.695736+02:00
295959981,de:12065:900200013:1:50,-0.4,2026-10-02T01:01:04.695736+02:00
295959981,de:11000:900142001:1:51,-0.7,2026-10-02T01:01:04.695736+02:00
295959981,de:11000:900130001:1:51,-0.2,2026-10-02T01:01:04.695736+02:00
295959981,de:11000:900130002:1:51,-0.7,2026-10-02T01:01:04.695736+02:00
295959981,de:11000:900110011:1:51,-0.2,2026-10-02T01:01:04.695736+02:00
295959981,de:11000:900110001:1:50,-0.2,2026-10-02T01:01:04.695736+02:00
295959981,de:11000:900110002:1:50,-0.9,2026-10-02T01:01:04.695736+02:00
295959981,de:11000:900110003:1:50,-0.9,2026-10-02T01:01:04.695736+02:00
295959981,de:11000:900110004:1:50,-0.3,2026-10-02T01:01:04.695736+02:00
295959981,de:11000:900110012:1:50,-0.2,2026-10-02T01:01:04.695736+02:00
295959981,de:11000:900120001:1:50,-0.2,2026-10-02T01:01:04.695736+02:00
295959981,de:11000:900120003:5:58,-0.6,2026-10-02T01:01:04.695736+02:00
295959981,de:11000:900190001:1:50,-0.1,2026-10-02T01:01:04.695736+02:00
295959981,de:11000:900191002:1:50,0.0,2026-10-02T01:01:04.695736+02:00
295959981,de:11000:900191001:2:52,-0.4,2026-10-02T01:01:04.695736+02:00
295959981,de:11000:900192001:2:52,-0.2,2026-10-02T01:01:04.695736+02:00
295959981,de:11000:900193001:1:50,-0.7,2026-10-02T01:01:04.695736+02:00
295959981,de:11000:900193002:1:50,-0.3,2026-10-02T01:01:04.695736+02:00
295959981,de:11000:900186001:1:50,-0.3,2026-10-02T01:01:04.695736+02:00
295959981,de:12061:900260004:1:50,-0.7,2026-10-02T01:01:04.695736+02:00
295959981,de:12061:900260003:1:50,-0.9,2026-10-02T01:01:04.695736+02:00
295959981,de:12061:900260002:1:50,-0.9,2026-10-02T01:01:04.695736+02:00
295959977,de:12065:900200008:1:51,0.0,2026-10-02T01:01:04.695736+02:00
295959977,de:12065:900200009:1:51,-0.7,2026-10-02T01:01:04.695736+02:00
295959977,de:12065:900200011:1:51,-0.3,2026-10-02T01:01:04.695736+02:00
295959977,de:12065:900200012:1:51,-0.8,2026-10-02T01:01:04.695736+02:00
295959977,de:12065:900200013:1:50,-0.4,2026-10-02T01:01:04.695736+02:00
295959977,de:11000:900142001:1:51,-0.7,2026-10-02T01:01:04.695736+02:00
295959977,de:11000:900130001:1:51,-0.2,2026-10-02T01:01:04.695736+02:00
295959977,de:11000:900130002:1:51,-0.7,2026-10-02T01:01:04.695736+02:00
295959977,de:11000:900110011:1:51,-0.2,2026-10-02T01:01:04.695736+02:00
295959977,de:11000:900110001:1:50,-0.2,2026-10-02T01:01:04.695736+02:00
295959977,de:11000:900110002:1:50,-0.9,2026-10-02T01:01:04.695736+02:00
295959977,de:11000:900110003:1:50,-0.9,2026-10-02T01:01:04.695736+02:00
295959977,de:11000:900110004:1:50,-0.3,2026-10-02T01:01:04.695736+02:00
295959977,de:11000:900110012:1:50,-0.2,2026-10-02T01:01:04.695736+02:00
295959977,de:11000:900120001:1:50,-0.2,2026-10-02T01:01:04.695736+02:00
295959977,de:11000:900120003:5:58,-0.6,2026-10-02T01:01:04.695736+02:00
295959977,de:11000:900190001:1:50,-0.1,2026-10-02T01:01:04.695736+02:00
295959977,de:11000:900191002:1:50,0.0,2026-10-02T01:01:04.695736+02:00
295959977,de:11000:900191001:2:52,-0.4,2026-10-02T01:01:04.695736+02:00
295959977,de:11000:900192001:2:52,-0.2,2026-10-02T01:01:04.695736+02:00
295959977,de:11000:900193001:1:50,-0.7,2026-10-02T01:01:04.695736+02:00
295959977,de:11000:900193002:1:50,-0.3,2026-10-02T01:01:04.695736+02:00
295959977,de:11000:900186001:1:50,-0.3,2026-10-02T01:01:04.695736+02:00
295959977,de:12061:900260004:1:50,-0.7,2026-10-02T01:01:04.695736+02:00
295959977,de:12061:900260003:1:50,-0.9,2026-10-02T01:01:04.695736+02:00
295959977,de:12061:900260002:1:50,-0.9,2026-10-02T01:01:04.695736+02:00
295963748,de:12061:900260009:3:56,0.0,2026-10-02T01:01:04.695736+02:00
295963748,de:12061:900260080:1:51,-0.7,2026-10-02T01:01:04.695736+02:00
295963748,de:12061:900260005:3:55,0.0,2026-10-02T01:01:04.695736+02:00
295963748,de:11000:900196001:1:51,0.0,2026-10-02T01:01:04.695736+02:00
295963748,de:11000:900195510:1:50,-0.4,2026-10-02T01:01:04.695736+02:00
295963748,de:11000:900193002:1:51,-0.6,2026-10-02T01:01:04.695736+02:00
295963748,de:11000:900193001:2:51,-0.3,2026-10-02T01:01:04.695736+02:00
295963748,de:11000:900192001:3:55,-0.2,2026-10-02T01:01:04.695736+02:00
295963748,de:11000:900191001:1:50,-0.9,2026-10-02T01:01:04.695736+02:00
295963748,de:11000:900191002:1:51,-0.3,2026-10-02T01:01:04.695736+02:00
295963748,de:11000:900190001:2:53,-0.1,2026-10-02T01:01:04.695736+02:00
295963748,de:11000:900120003:5:59,-0.3,2026-10-02T01:01:04.695736+02:00
295963748,de:11000:900120001:1:51,-0.6,2026-10-02T01:01:04.695736+02:00
295963748,de:11000:900110012:1:51,-0.8,2026-10-02T01:01:04.695736+02:00
295963748,de:11000:900110004:1:51,-0.7,2026-10-02T01:01:04.695736+02:00
295963748,de:11000:900110003:1:51,0.0,2026-10-02T01:01:04.695736+02:00
295963748,de:11000:900110002:1:51,0.0,2026-10-02T01:01:04.695736+02:00
295963748,de:11000:900110001:1:51,-0.7,2026-10-02T01:01:04.695736+02:00
295963748,de:11000:900110011:2:53,-0.4,2026-10-02T01:01:04.695736+02:00
295963748,de:11000:900085201:1:50,-0.8,2026-10-02T01:01:04.695736+02:00
295963748,de:11000:900084101:1:50,-0.7,2026-10-02T01:01:04.695736+02:00
295963748,de:11000:900096101:1:50,-0.8,2026-10-02T01:01:04.695736+02:00
295963748,de:11000:900094101:1:50,-0.3,2026-10-02T01:01:04.695736+02:00
295963748,de:11000:900093201:1:50,-0.4,2026-10-02T01:01:04.695736+02:00
295963748,de:11000:900092201:1:51,-0.2,2026-10-02T01:01:04.695736+02:00
295963620,de:11000:900092201:1:51,0.0,2026-10-02T01:01:04.695736+02:00
295963620,de:11000:900093201:1:51,-0.4,2026-10-02T01:01:04.695736+02:00
295963620,de:11000:900094101:1:51,-0.3,2026-10-02T01:01:04.695736+02:00
295963620,de:11000:900096101:1:51,-0.1,2026-10-02T01:01:04.695736+02:00
295963620,de:11000:900084101:1:51,-0.2,2026-10-02T01:01:04.695736+02:00
295963620,de:11000:900085201:1:51,-0.8,2026-10-02T01:01:04.695736+02:00
295963620,de:11000:900130003:1:51,-0.8,2026-10-02T01:01:04.695736+02:00
295963620,de:11000:900110011:1:50,-0.9,2026-10-02T01:01:04.695736+02:00
295963620,de:11000:900110001:1:50,-0.2,2026-10-02T01:01:04.695736+02:00
295963620,de:11000:900110002:1:50,-0.9,2026-10-02T01:01:04.695736+02:00
295963620,de:11000:900110003:1:50,-0.9,2026-10-02T01:01:04.695736+02:00
295963620,de:11000:900110004:1:50,-0.3,2026-10-02T01:01:04.695736+02:00
295963620,de:11000:900110012:1:50,-0.2,2026-10-02T01:01:04.695736+02:00
295963620,de:11000:900120001:1:50,-0.2,2026-10-02T01:01:04.695736+02:00
295963620,de:11000:900120003:5:58,-0.6,2026-10-02T01:01:04.695736+02:00
295963620,de:11000:900190001:1:51,-0.1,2026-10-02T01:01:04.695736+02:00
295963620,de:11000:900191002:1:50,0.0,2026-10-02T01:01:04.695736+02:00
295963620,de:11000:900191001:2:52,-0.4,2026-10-02T01:01:04.695736+02:00
295963620,de:11000:900192001:2:52,-0.2,2026-10-02T01:01:04.695736+02:00
295963620,de:11000:900193001:1:50,-0.7,2026-10-02T01:01:04.695736+02:00
295963620,de:11000:900193002:1:50,-0.3,2026-10-02T01:01:04.695736+02:00
295963620,de:11000:900195510:1:51,-0.7,2026-10-02T01:01:04.695736+02:00
295963620,de:11000:900196001:1:50,-0.9,2026-10-02T01:01:04.695736+02:00
295963620,de:12061:900260005:3:54,-0.7,2026-10-02T01:01:04.695736+02:00
295963620,de:12061:900260080:1:50,0.0,2026-10-02T01:01:04.695736+02:00
295963620,de:12061:900260009:3:56,-0.2,2026-10-02T01:01:04.695736+02:00
295963588,de:11000:900092201:1:51,0.0,2026-10-02T01:01:04.695736+02:00
295963588,de:11000:900093201:1:51,-0.4,2026-10-02T01:01:04.695736+02:00
295963588,de:11000:900094101:1:51,-0.3,2026-10-02T01:01:04.695736+02:00
295963588,de:11000:900096101:1:51,-0.1,2026-10-02T01:01:04.695736+02:00
295963588,de:11000:900084101:1:51,-0.2,2026-10-02T01:01:04.695736+02:00
295963588,de:11000:900085201:1:51,-0.8,2026-10-02T01:01:04.695736+02:00
295963588,de:11000:900130003:1:51,-0.8,2026-10-02T01:01:04.695736+02:00
295963588,de:11000:900110011:1:50,-0.9,2026-10-02T01:01:04.695736+02:00
295963588,de:11000:900110001:1:50,-0.2,2026-10-02T01:01:04.695736+02:00
295963588,de:11000:900110002:1:50,-0.9,2026-10-02T01:01:04.695736+02:00
295963588,de:11000:900110003:1:50,-0.9,2026-10-02T01:01:04.695736+02:00
295963588,de:11000:900110004:1:50,-0.3,2026-10-02T01:01:04.695736+02:00
295963588,de:11000:900110012:1:50,-0.2,2026-10-02T01:01:04.695736+02:00
295963588,de:11000:900120001:1:50,-0.2,2026-10-02T01:01:04.695736+02:00
295963588,de:11000:900120003:5:58,-0.6,2026-10-02T01:01:04.695736+02:00
295963588,de:11000:900190001:1:51,-0.1,2026-10-02T01:01:04.695736+02:00
295963588,de:11000:900191002:1:50,0.0,2026-10-02T01:01:04.695736+02:00
295963588,de:11000:900191001:2:52,-0.4,2026-10-02T01:01:04.695736+02:00
295963588,de:11000:900192001:2:52,-0.2,2026-10-02T01:01:04.695736+02:00
295963588,de:11000:900193001:1:50,-0.7,2026-10-02T01:01:04.695736+02:00
295963588,de:11000:900193002:1:50,-0.3,2026-10-02T01:01:04.695736+02:00
295963588,de:11000:900195510:1:51,-0.7,2026-10-02T01:01:04.695736+02:00
295963588,de:11000:900196001:1:50,-0.9,2026-10-02T01:01:04.695736+02:00
295963588,de:12061:900260005:3:54,-0.7,2026-10-02T01:01:04.695736+02:00
295963588,de:12061:900260080:1:50,0.0,2026-10-02T01:01:04.695736+02:00
295963588,de:12061:900260009:3:56,-0.2,2026-10-02T01:01:04.695736+02:00
306895570,de:12067:900310980::1,0.0,2026-10-02T01:01:04.695736+02:00
306895570,de:12067:900310810::1,0.0,2026-10-02T01:01:04.695736+02:00
306895570,de:12067:900310769::2,0.0,2026-10-02T01:01:04.695736+02:00
306895570,de:12067:900311153::1,0.0,2026-10-02T01:01:04.695736+02:00
306895570,de:12067:900310695::3,0.0,2026-10-02T01:01:04.695736+02:00
306895570,de:12067:900310770::1,0.0,2026-10-02T01:01:04.695736+02:00
306895570,de:12067:900310010::3,0.0,2026-10-02T01:01:04.695736+02:00
306895570,de:12067:900310782::2,0.0,2026-10-02T01:01:04.695736+02:00
306895570,de:12067:900311109::2,0.0,2026-10-02T01:01:04.695736+02:00
306895570,de:12067:900310773::2,0.0,2026-10-02T01:01:04.695736+02:00
306895570,de:12067:900310823::2,0.0,2026-10-02T01:01:04.695736+02:00
306895570,de:12067:900311152::2,0.0,2026-10-02T01:01:04.695736+02:00
306895570,de:12067:900311151::2,0.0,2026-10-02T01:01:04.695736+02:00
306895570,de:12067:900310627::2,0.0,2026-10-02T01:01:04.695736+02:00
306895570,de:12067:900310816::2,0.0,2026-10-02T01:01:04.695736+02:00
306895570,de:12067:900310022::1,0.0,2026-10-02T01:01:04.695736+02:00
306895570,de:12067:900310001::11,0.0,2026-10-02T01:01:04.695736+02:00
306895570,de:12067:900310001::1,0.0,2026-10-02T01:01:04.695736+02:00
306895570,de:12067:900311149::1,0.0,2026-10-02T01:01:04.695736+02:00
306895570,de:12067:900311135::1,0.0,2026-10-02T01:01:04.695736+02:00
306895570,de:12067:900311150::1,0.0,2026-10-02T01:01:04.695736+02:00
306895570,de:12067:900310804::1,0.0,2026-10-02T01:01:04.695736+02:00
306895570,de:12067:900310814::1,0.0,2026-10-02T01:01:04.695736+02:00
306895570,de:12067:900311083::3,0.0,2026-10-02T01:01:04.695736+02:00
306895596,de:12067:900310980::1,0.0,2026-10-02T01:01:04.695736+02:00
306895596,de:12067:900310810::1,0.0,2026-10-02T01:01:04.695736+02:00
306895596,de:12067:900310769::2,0.0,2026-10-02T01:01:04.695736+02:00
306895596,de:12067:900310695::3,0.0,2026-10-02T01:01:04.695736+02:00
306895596,de:12067:900310770::1,0.0,2026-10-02T01:01:04.695736+02:00
306895596,de:12067:900310010::3,0.0,2026-10-02T01:01:04.695736+02:00
306895596,de:12067:900310782::2,0.0,2026-10-02T01:01:04.695736+02:00
306895596,de:12067:900311109::2,0.0,2026-10-02T01:01:04.695736+02:00
306895596,de:12067:900310773::2,0.0,2026-10-02T01:01:04.695736+02:00
306895596,de:12067:900310823::2,0.0,2026-10-02T01:01:04.695736+02:00
306895596,de:12067:900311152::2,0.0,2026-10-02T01:01:04.695736+02:00
306895596,de:12067:900311151::2,0.0,2026-10-02T01:01:04.695736+02:00
306895596,de:12067:900310627::2,0.0,2026-10-02T01:01:04.695736+02:00
306895596,de:12067:900310816::2,0.0,2026-10-02T01:01:04.695736+02:00
306895596,de:12067:900310022::1,0.0,2026-10-02T01:01:04.695736+02:00
306895596,de:12067:900310001::11,0.0,2026-10-02T01:01:04.695736+02:00
306895596,de:12067:900310001::1,0.0,2026-10-02T01:01:04.695736+02:00
306895596,de:12067:900311149::1,0.0,2026-10-02T01:01:04.695736+02:00
306895596,de:12067:900311135::1,0.0,2026-10-02T01:01:04.695736+02:00
306895596,de:12067:900311150::1,0.0,2026-10-02T01:01:04.695736+02:00
306895596,de:12067:900310804::1,0.0,2026-10-02T01:01:04.695736+02:00
306895596,de:12067:900310814::1,0.0,2026-10-02T01:01:04.695736+02:00
306895596,de:12067:900311083::3,0.0,2026-10-02T01:01:04.695736+02:00
295967845,de:11000:900024102:2:53,0.0,2026-10-02T01:01:04.695736+02:00
295967845,de:11000:900024101:3:55,-0.3,2026-10-02T01:01:04.695736+02:00
295967845,de:11000:900024203:1:51,-0.8,2026-10-02T01:01:04.695736+02:00
295967845,de:11000:900023201:3:54,-0.7,2026-10-02T01:01:04.695736+02:00
295967845,de:11000:900003103:1:50,-0.8,2026-10-02T01:01:04.695736+02:00
295967845,de:11000:900003102:1:50,-0.9,2026-10-02T01:01:04.695736+02:00
295967845,de:11000:900003201:3:54,-0.5,2026-10-02T01:01:04.695736+02:00
295967845,de:11000:900100001:3:54,-0.1,2026-10-02T01:01:04.695736+02:00
295967845,de:11000:900100002:1:50,-0.4,2026-10-02T01:01:04.695736+02:00
295967845,de:11000:900100003:2:52,-0.1,2026-10-02T01:01:04.695736+02:00
295967845,de:11000:900100004:1:50,-0.4,2026-10-02T01:01:04.695736+02:00
295967845,de:11000:900120005:4:55,-0.6,2026-10-02T01:01:04.695736+02:00
295967845,de:11000:900120004:1:50,-0.1,2026-10-02T01:01:04.695736+02:00
295967845,de:11000:900190001:1:51,-0.2,2026-10-02T01:01:04.695736+02:00
295967845,de:11000:900191002:1:50,0.0,2026-10-02T01:01:04.695736+02:00
295967845,de:11000:900191001:2:52,-0.4,2026-10-02T01:01:04.695736+02:00
295967845,de:11000:900192001:2:52,-0.7,2026-10-02T01:01:04.695736+02:00
295967845,de:11000:900193001:1:50,-0.2,2026-10-02T01:01:04.695736+02:00
295967845,de:11000:900193002:1:50,-0.8,2026-10-02T01:01:04.695736+02:00
295967845,de:11000:900195510:1:51,-0.2,2026-10-02T01:01:04.695736+02:00
295967845,de:11000:900196001:1:50,-0.4,2026-10-02T01:01:04.695736+02:00
295967845,de:12061:900260005:3:54,-0.2,2026-10-02T01:01:04.695736+02:00
295967845,de:12061:900260080:1:50,-0.7,2026-10-02T01:01:04.695736+02:00
295967845,de:12061:900260009:3:55,-0.9,2026-10-02T01:01:04.695736+02:00
295967960,de:12061:900260009:3:55,0.0,2026-10-02T01:01:04.695736+02:00
295967960,de:12061:900260080:1:51,-0.7,2026-10-02T01:01:04.695736+02:00
295967960,de:12061:900260005:3:55,0.0,2026-10-02T01:01:04.695736+02:00
295967960,de:11000:900196001:1:51,0.0,2026-10-02T01:01:04.695736+02:00
295967960,de:11000:900195510:1:50,-0.4,2026-10-02T01:01:04.695736+02:00
295967960,de:11000:900193002:1:51,-0.6,2026-10-02T01:01:04.695736+02:00
295967960,de:11000:900193001:2:51,-0.3,2026-10-02T01:01:04.695736+02:00
295967960,de:11000:900192001:3:55,-0.2,2026-10-02T01:01:04.695736+02:00
295967960,de:11000:900191001:1:50,0.0,2026-10-02T01:01:04.695736+02:00
295967960,de:11000:900191002:1:51,-0.7,2026-10-02T01:01:04.695736+02:00
295967960,de:11000:900190001:2:53,-0.4,2026-10-02T01:01:04.695736+02:00
295967960,de:11000:900120004:2:53,-0.9,2026-10-02T01:01:04.695736+02:00
295967960,de:11000:900120005:5:58,-0.1,2026-10-02T01:01:04.695736+02:00
295967960,de:11000:900100004:1:51,-0.4,2026-10-02T01:01:04.695736+02:00
295967960,de:11000:900100003:2:53,-0.4,2026-10-02T01:01:04.695736+02:00
295967960,de:11000:900100002:1:51,-0.4,2026-10-02T01:01:04.695736+02:00
295967960,de:11000:900100001:3:55,-0.4,2026-10-02T01:01:04.695736+02:00
295967960,de:11000:900003201:3:55,-0.1,2026-10-02T01:01:04.695736+02:00
295967960,de:11000:900003102:1:51,-0.8,2026-10-02T01:01:04.695736+02:00
295967960,de:11000:900003103:1:51,-0.9,2026-10-02T01:01:04.695736+02:00
295967960,de:11000:900023201:3:55,-0.8,2026-10-02T01:01:04.695736+02:00
295967960,de:11000:900024203:1:51,-0.8,2026-10-02T01:01:04.695736+02:00
295967960,de:11000:900024101:4:57,-0.8,2026-10-02T01:01:04.695736+02:00
295967960,de:11000:900024102:1:50,-0.1,2026-10-02T01:01:04.695736+02:00
295967960,de:11000:900025423:1:50,-0.4,2026-10-02T01:01:04.695736+02:00
295967960,de:11000:900026105:1:50,-0.7,2026-10-02T01:01:04.695736+02:00
295967960,de:11000:900025321:1:50,-0.3,2026-10-02T01:01:04.695736+02:00
295967960,de:11000:900025424:1:50,-0.3,2026-10-02T01:01:04.695736+02:00
295967960,de:11000:900030202:1:50,-0.9,2026-10-02T01:01:04.695736+02:00
295967960,de:11000:900029101:1:51,-0.9,2026-10-02T01:01:04.695736+02:00
307434567,de:12052:900470000:2:52,0.0,2026-10-02T01:01:04.695736+02:00
307434567,de:12071:900445884:1:50,0.0,2026-10-02T01:01:04.695736+02:00
307434567,de:12066:900435884:1:50,0.0,2026-10-02T01:01:04.695736+02:00
307434567,de:12066:900435697:1:50,0.0,2026-10-02T01:01:04.695736+02:00
307434567,de:12066:900435602:1:50,0.0,2026-10-02T01:01:04.695736+02:00
307434567,de:12061:900261512:1:50,0.0,2026-10-02T01:01:04.695736+02:00
307434567,de:12061:900260019:1:50,0.0,2026-10-02T01:01:04.695736+02:00
307434567,de:12061:900260611:2:51,0.0,2026-10-02T01:01:04.695736+02:00
295967876,de:12061:900260009:3:55,0.0,2026-10-02T01:01:04.695736+02:00
295967876,de:12061:900260080:1:51,-0.7,2026-10-02T01:01:04.695736+02:00
295967876,de:12061:900260005:3:55,0.0,2026-10-02T01:01:04.695736+02:00
295967876,de:11000:900196001:1:51,0.0,2026-10-02T01:01:04.695736+02:00
295967876,de:11000:900195510:1:50,-0.4,2026-10-02T01:01:04.695736+02:00
295967876,de:11000:900193002:1:51,-0.6,2026-10-02T01:01:04.695736+02:00
295967876,de:11000:900193001:2:51,-0.3,2026-10-02T01:01:04.695736+02:00
295967876,de:11000:900192001:3:55,-0.2,2026-10-02T01:01:04.695736+02:00
295967876,de:11000:900191001:1:50,0.0,2026-10-02T01:01:04.695736+02:00
295967876,de:11000:900191002:1:51,-0.7,2026-10-02T01:01:04.695736+02:00
295967876,de:11000:900190001:2:53,-0.4,2026-10-02T01:01:04.695736+02:00
295967876,de:11000:900120004:2:52,-0.9,2026-10-02T01:01:04.695736+02:00
295967876,de:11000:900120005:5:57,-0.1,2026-10-02T01:01:04.695736+02:00
295967876,de:11000:900100004:1:51,-0.4,2026-10-02T01:01:04.695736+02:00
295967876,de:11000:900100003:2:53,-0.4,2026-10-02T01:01:04.695736+02:00
295967876,de:11000:900100002:1:51,-0.4,2026-10-02T01:01:04.695736+02:00
295967876,de:11000:900100001:3:55,-0.4,2026-10-02T01:01:04.695736+02:00
295967876,de:11000:900003201:3:55,-0.1,2026-10-02T01:01:04.695736+02:00
295967876,de:11000:900003102:1:51,-0.8,2026-10-02T01:01:04.695736+02:00
295967876,de:11000:900003103:1:51,-0.9,2026-10-02T01:01:04.695736+02:00
295967876,de:11000:900023201:3:55,-0.8,2026-10-02T01:01:04.695736+02:00
295967876,de:11000:900024203:1:51,-0.8,2026-10-02T01:01:04.695736+02:00
295967876,de:11000:900024101:4:57,-0.8,2026-10-02T01:01:04.695736+02:00
295967876,de:11000:900024102:1:50,-0.1,2026-10-02T01:01:04.695736+02:00
295967876,de:11000:900025423:1:50,-0.4,2026-10-02T01:01:04.695736+02:00
295967876,de:11000:900026105:1:50,-0.7,2026-10-02T01:01:04.695736+02:00
295967876,de:11000:900025321:1:50,-0.3,2026-10-02T01:01:04.695736+02:00
295967876,de:11000:900025424:1:50,-0.3,2026-10-02T01:01:04.695736+02:00
295967876,de:11000:900030202:1:50,-0.9,2026-10-02T01:01:04.695736+02:00
295967876,de:11000:900029101:1:51,-0.9,2026-10-02T01:01:04.695736+02:00
306895698,de:12067:900310807::1,0.0,2026-10-02T01:01:04.695736+02:00
306895698,de:12067:900310815::2,0.0,2026-10-02T01:01:04.695736+02:00
306895698,de:12067:900310880::2,0.0,2026-10-02T01:01:04.695736+02:00
306895698,de:12067:900310010::2,0.0,2026-10-02T01:01:04.695736+02:00
306895698,de:12067:900310770::2,0.0,2026-10-02T01:01:04.695736+02:00
306895698,de:12067:900310812::2,0.0,2026-10-02T01:01:04.695736+02:00
306895698,de:12067:900310630::2,0.0,2026-10-02T01:01:04.695736+02:00
306895698,de:12067:900310811::2,0.0,2026-10-02T01:01:04.695736+02:00
306895698,de:12067:900310771::2,0.0,2026-10-02T01:01:04.695736+02:00
306895698,de:12067:900310822::2,0.0,2026-10-02T01:01:04.695736+02:00
306895698,de:12067:900310781::2,0.0,2026-10-02T01:01:04.695736+02:00
306895698,de:12067:900310627::2,-0.5,2026-10-02T01:01:04.695736+02:00
306895698,de:12067:900310816::2,0.0,2026-10-02T01:01:04.695736+02:00
306895698,de:12067:900310022::1,0.0,2026-10-02T01:01:04.695736+02:00
306895698,de:12067:900310001::11,0.0,2026-10-02T01:01:04.695736+02:00
306895698,de:12067:900310001::1,0.0,2026-10-02T01:01:04.695736+02:00
306895698,de:12067:900311149::1,0.0,2026-10-02T01:01:04.695736+02:00
306895698,de:12067:900311135::1,0.0,2026-10-02T01:01:04.695736+02:00
306895698,de:12067:900311150::1,0.0,2026-10-02T01:01:04.695736+02:00
306895698,de:12067:900310804::1,0.0,2026-10-02T01:01:04.695736+02:00
306895698,de:12067:900310814::1,0.0,2026-10-02T01:01:04.695736+02:00
306895698,de:12067:900311083::3,0.0,2026-10-02T01:01:04.695736+02:00
306895699,de:12067:900310807::1,0.0,2026-10-02T01:01:04.695736+02:00
306895699,de:12067:900310815::2,0.0,2026-10-02T01:01:04.695736+02:00
306895699,de:12067:900310880::2,0.0,2026-10-02T01:01:04.695736+02:00
306895699,de:12067:900310010::2,0.0,2026-10-02T01:01:04.695736+02:00
306895699,de:12067:900310770::2,0.0,2026-10-02T01:01:04.695736+02:00
306895699,de:12067:900310812::2,0.0,2026-10-02T01:01:04.695736+02:00
306895699,de:12067:900310630::2,0.0,2026-10-02T01:01:04.695736+02:00
306895699,de:12067:900310811::2,0.0,2026-10-02T01:01:04.695736+02:00
306895699,de:12067:900310771::2,0.0,2026-10-02T01:01:04.695736+02:00
306895699,de:12067:900310822::2,0.0,2026-10-02T01:01:04.695736+02:00
306895699,de:12067:900310781::2,0.0,2026-10-02T01:01:04.695736+02:00
306895699,de:12067:900310627::2,-0.5,2026-10-02T01:01:04.695736+02:00
306895699,de:12067:900310816::2,0.0,2026-10-02T01:01:04.695736+02:00
306895699,de:12067:900310022::1,0.0,2026-10-02T01:01:04.695736+02:00
306895699,de:12067:900310001::11,0.0,2026-10-02T01:01:04.695736+02:00
306895699,de:12067:900310001::1,0.0,2026-10-02T01:01:04.695736+02:00
306895699,de:12067:900311149::1,0.0,2026-10-02T01:01:04.695736+02:00
306895699,de:12067:900311135::1,0.0,2026-10-02T01:01:04.695736+02:00
306895699,de:12067:900311150::1,0.0,2026-10-02T01:01:04.695736+02:00
306895699,de:12067:900310804::1,0.0,2026-10-02T01:01:04.695736+02:00
306895699,de:12067:900310814::1,0.0,2026-10-02T01:01:04.695736+02:00
306895699,de:12067:900311083::3,0.0,2026-10-02T01:01:04.695736+02:00
306895701,de:12067:900310807::1,0.0,2026-10-02T01:01:04.695736+02:00
306895701,de:12067:900310815::2,0.0,2026-10-02T01:01:04.695736+02:00
306895701,de:12067:900310880::2,0.0,2026-10-02T01:01:04.695736+02:00
306895701,de:12067:900310010::2,0.0,2026-10-02T01:01:04.695736+02:00
306895701,de:12067:900310770::2,0.0,2026-10-02T01:01:04.695736+02:00
306895701,de:12067:900310812::2,0.0,2026-10-02T01:01:04.695736+02:00
306895701,de:12067:900310630::2,0.0,2026-10-02T01:01:04.695736+02:00
306895701,de:12067:900310811::2,0.0,2026-10-02T01:01:04.695736+02:00
306895701,de:12067:900310771::2,0.0,2026-10-02T01:01:04.695736+02:00
306895701,de:12067:900310822::2,0.0,2026-10-02T01:01:04.695736+02:00
306895701,de:12067:900310781::2,0.0,2026-10-02T01:01:04.695736+02:00
306895701,de:12067:900310627::2,-0.5,2026-10-02T01:01:04.695736+02:00
306895701,de:12067:900310816::2,0.0,2026-10-02T01:01:04.695736+02:00
306895701,de:12067:900310022::1,0.0,2026-10-02T01:01:04.695736+02:00
306895701,de:12067:900310001::11,0.0,2026-10-02T01:01:04.695736+02:00
306895701,de:12067:900310001::1,0.0,2026-10-02T01:01:04.695736+02:00
306895701,de:12067:900311149::1,0.0,2026-10-02T01:01:04.695736+02:00
306895701,de:12067:900311135::1,0.0,2026-10-02T01:01:04.695736+02:00
306895701,de:12067:900311150::1,0.0,2026-10-02T01:01:04.695736+02:00
306895701,de:12067:900310804::1,0.0,2026-10-02T01:01:04.695736+02:00
306895701,de:12067:900310814::1,0.0,2026-10-02T01:01:04.695736+02:00
306895701,de:12067:900311083::3,0.0,2026-10-02T01:01:04.695736+02:00
306048255,de:12064:900320008::5,0.0,2026-10-02T01:01:04.695736+02:00
306048255,de:12064:900320046::2,0.0,2026-10-02T01:01:04.695736+02:00
306048255,de:12064:900320048::2,0.0,2026-10-02T01:01:04.695736+02:00
306048255,de:12064:900320045::2,0.0,2026-10-02T01:01:04.695736+02:00
306048255,de:12064:900320044::2,0.0,2026-10-02T01:01:04.695736+02:00
306048255,de:12064:900320043::2,0.0,2026-10-02T01:01:04.695736+02:00
306048255,de:12064:900320042::2,0.0,2026-10-02T01:01:04.695736+02:00
306048255,de:12064:900320027::2,0.0,2026-10-02T01:01:04.695736+02:00
306048255,de:12064:900320023::1,-2.0,2026-10-02T01:01:04.695736+02:00
306048255,de:12064:900320027::1,0.0,2026-10-02T01:01:04.695736+02:00
306048255,de:12064:900320231::1,0.0,2026-10-02T01:01:04.695736+02:00
306048255,de:12064:900320075::1,0.0,2026-10-02T01:01:04.695736+02:00
306048255,de:12064:900320074::1,0.0,2026-10-02T01:01:04.695736+02:00
306048255,de:12064:900320041::1,0.0,2026-10-02T01:01:04.695736+02:00
306048255,de:12064:900320042::1,0.0,2026-10-02T01:01:04.695736+02:00
306048255,de:12064:900320043::1,0.0,2026-10-02T01:01:04.695736+02:00
306048255,de:12064:900320044::1,0.0,2026-10-02T01:01:04.695736+02:00
306048255,de:12064:900320045::1,0.0,2026-10-02T01:01:04.695736+02:00
306048255,de:12064:900320048::1,0.0,2026-10-02T01:01:04.695736+02:00
306048255,de:12064:900320046::1,0.0,2026-10-02T01:01:04.695736+02:00
306048255,de:12064:900320008::1,0.0,2026-10-02T01:01:04.695736+02:00
306897272,de:12067:900311482::3,0.0,2026-10-02T01:01:04.695736+02:00
306897272,de:12067:900311489::1,0.0,2026-10-02T01:01:04.695736+02:00
306897272,de:12067:900311489::1,-3.0,2026-10-02T01:01:04.695736+02:00
306897272,de:12067:900311480::1,0.0,2026-10-02T01:01:04.695736+02:00
306897272,de:12067:900311489::1,3.0,2026-10-02T01:01:04.695736+02:00
306897272,de:12067:900311489::1,0.0,2026-10-02T01:01:04.695736+02:00
306897272,de:12067:900311483::2,0.0,2026-10-02T01:01:04.695736+02:00
306897272,de:12067:900310935::1,0.0,2026-10-02T01:01:04.695736+02:00
306897272,de:12067:900310858::1,0.0,2026-10-02T01:01:04.695736+02:00
306897272,de:12067:900310060::2,0.0,2026-10-02T01:01:04.695736+02:00
306897272,de:12067:900310858::3,0.0,2026-10-02T01:01:04.695736+02:00
306897272,de:12067:900311269::2,0.0,2026-10-02T01:01:04.695736+02:00
306897272,de:12067:900311228::2,0.0,2026-10-02T01:01:04.695736+02:00
306897272,de:12067:900311239::2,0.0,2026-10-02T01:01:04.695736+02:00
306897272,de:12067:900311229::2,0.0,2026-10-02T01:01:04.695736+02:00
306897272,de:12067:900311227::1,0.0,2026-10-02T01:01:04.695736+02:00
306897272,de:12067:900311405::1,0.0,2026-10-02T01:01:04.695736+02:00
306897272,de:12067:900311402::1,0.0,2026-10-02T01:01:04.695736+02:00
306897272,de:12067:900311311::2,0.0,2026-10-02T01:01:04.695736+02:00
306897272,de:12067:900311312::2,0.0,2026-10-02T01:01:04.695736+02:00
306897272,de:12067:900311383::2,0.0,2026-10-02T01:01:04.695736+02:00
306897272,de:12067:900311315::2,0.0,2026-10-02T01:01:04.695736+02:00
306897272,de:12067:900311348::2,0.0,2026-10-02T01:01:04.695736+02:00
306897272,de:12067:900311308::4,0.0,2026-10-02T01:01:04.695736+02:00
295879454,de:11000:900049201:1:51,0.0,2026-10-02T01:01:04.695736+02:00
295879454,de:11000:900049202:1:51,0.0,2026-10-02T01:01:04.695736+02:00
295879454,de:11000:900066101:1:51,-0.3,2026-10-02T01:01:04.695736+02:00
295879454,de:11000:900066102:1:51,-0.2,2026-10-02T01:01:04.695736+02:00
295879454,de:11000:900062202:1:51,-0.2,2026-10-02T01:01:04.695736+02:00
295879454,de:11000:900063101:1:51,-0.2,2026-10-02T01:01:04.695736+02:00
295879454,de:11000:900060101:1:51,-0.9,2026-10-02T01:01:04.695736+02:00
295879454,de:11000:900054104:1:51,-0.9,2026-10-02T01:01:04.695736+02:00
295879454,de:11000:900057104:1:50,-0.4,2026-10-02T01:01:04.695736+02:00
295879454,de:11000:900057102:1:51,-0.1,2026-10-02T01:01:04.695736+02:00
295879454,de:11000:900012101:2:52,-0.9,2026-10-02T01:01:04.695736+02:00
295879454,de:11000:900100020:4:57,-0.3,2026-10-02T01:01:04.695736+02:00
295879454,de:11000:900100025:1:51,-0.4,2026-10-02T01:01:04.695736+02:00
295879454,de:11000:900100001:4:57,-0.1,2026-10-02T01:01:04.695736+02:00
295879454,de:11000:900100007:1:51,-0.2,2026-10-02T01:01:04.695736+02:00
295879454,de:11000:900007104:2:52,-0.2,2026-10-02T01:01:04.695736+02:00
295879454,de:11000:900008101:1:51,-0.9,2026-10-02T01:01:04.695736+02:00
295879454,de:11000:900007102:2:53,-0.6,2026-10-02T01:01:04.695736+02:00
295879454,de:11000:900110011:2:53,-0.9,2026-10-02T01:01:04.695736+02:00
295879454,de:11000:900085201:1:50,-0.9,2026-10-02T01:01:04.695736+02:00
295879454,de:11000:900084101:1:50,-0.7,2026-10-02T01:01:04.695736+02:00
295879454,de:11000:900096101:1:50,-0.8,2026-10-02T01:01:04.695736+02:00
295879454,de:11000:900094101:1:50,-0.1,2026-10-02T01:01:04.695736+02:00
295879454,de:11000:900093201:1:50,-0.4,2026-10-02T01:01:04.695736+02:00
295879454,de:11000:900092201:1:50,-0.2,2026-10-02T01:01:04.695736+02:00
295879454,de:12065:900200009:1:50,-0.7,2026-10-02T01:01:04.695736+02:00
295879454,de:12065:900200008:1:50,-0.7,2026-10-02T01:01:04.695736+02:00
295879454,de:12065:900200007:1:50,-0.2,2026-10-02T01:01:04.695736+02:00
295879454,de:12065:900200006:1:50,-0.5,2026-10-02T01:01:04.695736+02:00
295879454,de:12065:900200005:3:1,-0.9,2026-10-02T01:01:04.695736+02:00
295879441,de:11000:900053301:2:52,0.0,2026-10-02T01:01:04.695736+02:00
295879441,de:11000:900052201:1:51,0.0,2026-10-02T01:01:04.695736+02:00
295879441,de:11000:900050355:1:51,-0.3,2026-10-02T01:01:04.695736+02:00
295879441,de:11000:900050301:1:51,-0.4,2026-10-02T01:01:04.695736+02:00
295879441,de:11000:900049201:1:51,0.0,2026-10-02T01:01:04.695736+02:00
295879441,de:11000:900049202:1:51,0.0,2026-10-02T01:01:04.695736+02:00
295879441,de:11000:900066101:1:51,-0.3,2026-10-02T01:01:04.695736+02:00
295879441,de:11000:900066102:1:51,-0.2,2026-10-02T01:01:04.695736+02:00
295879441,de:11000:900062202:1:51,-0.2,2026-10-02T01:01:04.695736+02:00
295879441,de:11000:900063101:1:51,-0.2,2026-10-02T01:01:04.695736+02:00
295879441,de:11000:900060101:1:51,-0.9,2026-10-02T01:01:04.695736+02:00
295879441,de:11000:900054104:1:51,-0.9,2026-10-02T01:01:04.695736+02:00
295879441,de:11000:900057104:1:50,-0.4,2026-10-02T01:01:04.695736+02:00
295879441,de:11000:900057102:1:51,-0.1,2026-10-02T01:01:04.695736+02:00
295879441,de:11000:900012101:2:52,-0.9,2026-10-02T01:01:04.695736+02:00
295879441,de:11000:900100020:4:57,-0.3,2026-10-02T01:01:04.695736+02:00
295879441,de:11000:900100025:1:51,-0.4,2026-10-02T01:01:04.695736+02:00
295879441,de:11000:900100001:4:57,-0.1,2026-10-02T01:01:04.695736+02:00
295879441,de:11000:900100007:1:51,-0.2,2026-10-02T01:01:04.695736+02:00
295879441,de:11000:900007104:2:52,-0.2,2026-10-02T01:01:04.695736+02:00
295879441,de:11000:900008101:1:51,-0.9,2026-10-02T01:01:04.695736+02:00
295879441,de:11000:900007102:2:53,-0.6,2026-10-02T01:01:04.695736+02:00
295879441,de:11000:900110011:2:53,-0.9,2026-10-02T01:01:04.695736+02:00
295879441,de:11000:900085201:1:50,-0.9,2026-10-02T01:01:04.695736+02:00
295879441,de:11000:900084101:1:50,-0.7,2026-10-02T01:01:04.695736+02:00
295879441,de:11000:900096101:1:50,-0.8,2026-10-02T01:01:04.695736+02:00
295879441,de:11000:900094101:1:50,-0.1,2026-10-02T01:01:04.695736+02:00
295879441,de:11000:900093201:1:50,-0.4,2026-10-02T01:01:04.695736+02:00
295879441,de:11000:900092201:1:50,-0.2,2026-10-02T01:01:04.695736+02:00
295879441,de:12065:900200009:1:50,-0.7,2026-10-02T01:01:04.695736+02:00
295879441,de:12065:900200008:1:50,-0.7,2026-10-02T01:01:04.695736+02:00
295879441,de:12065:900200007:1:50,-0.2,2026-10-02T01:01:04.695736+02:00
295879441,de:12065:900200006:1:50,-0.5,2026-10-02T01:01:04.695736+02:00
295879441,de:12065:900200005:3:1,-0.9,2026-10-02T01:01:04.695736+02:00
306896186,de:12067:900310013::3,0.0,2026-10-02T01:01:04.695736+02:00
306896186,de:12067:900310563::3,0.0,2026-10-02T01:01:04.695736+02:00
306896186,de:12067:900310559::1,0.0,2026-10-02T01:01:04.695736+02:00
306896186,de:12067:900310558::1,0.0,2026-10-02T01:01:04.695736+02:00
306896186,de:12067:900310556::1,0.0,2026-10-02T01:01:04.695736+02:00
306896186,de:12067:900310621::1,0.0,2026-10-02T01:01:04.695736+02:00
306896186,de:12067:900310568::1,0.0,2026-10-02T01:01:04.695736+02:00
306896186,de:12067:900310955::1,0.0,2026-10-02T01:01:04.695736+02:00
306896186,de:12067:900310949::1,0.0,2026-10-02T01:01:04.695736+02:00
306896186,de:12067:900310952::1,0.0,2026-10-02T01:01:04.695736+02:00
306896186,de:12067:900310025::1,0.0,2026-10-02T01:01:04.695736+02:00
306896186,de:12067:900310015::1,0.0,2026-10-02T01:01:04.695736+02:00
306896186,de:12067:900310836::1,0.0,2026-10-02T01:01:04.695736+02:00
306896186,de:12067:900310838::1,0.0,2026-10-02T01:01:04.695736+02:00
306896187,de:12067:900310013::3,0.0,2026-10-02T01:01:04.695736+02:00
306896187,de:12067:900310563::3,0.0,2026-10-02T01:01:04.695736+02:00
306896187,de:12067:900310559::1,0.0,2026-10-02T01:01:04.695736+02:00
306896187,de:12067:900310558::1,0.0,2026-10-02T01:01:04.695736+02:00
306896187,de:12067:900310556::1,0.0,2026-10-02T01:01:04.695736+02:00
306896187,de:12067:900310621::1,0.0,2026-10-02T01:01:04.695736+02:00
306896187,de:12067:900310568::1,0.0,2026-10-02T01:01:04.695736+02:00
306896187,de:12067:900310955::1,0.0,2026-10-02T01:01:04.695736+02:00
306896187,de:12067:900310949::1,0.0,2026-10-02T01:01:04.695736+02:00
306896187,de:12067:900310952::1,0.0,2026-10-02T01:01:04.695736+02:00
306896187,de:12067:900310025::1,0.0,2026-10-02T01:01:04.695736+02:00
306896187,de:12067:900310015::1,0.0,2026-10-02T01:01:04.695736+02:00
306896187,de:12067:900310836::1,0.0,2026-10-02T01:01:04.695736+02:00
306896187,de:12067:900310838::1,0.0,2026-10-02T01:01:04.695736+02:00
306896328,de:12067:900310013::4,0.0,2026-10-02T01:01:04.695736+02:00
306896328,de:12067:900310557::3,0.0,2026-10-02T01:01:04.695736+02:00
306896328,de:12067:900310555::1,0.0,2026-10-02T01:01:04.695736+02:00
306896328,de:12067:900310852::1,0.0,2026-10-02T01:01:04.695736+02:00
306896328,de:12067:900310850::1,0.0,2026-10-02T01:01:04.695736+02:00
306896328,de:12067:900310851::1,0.0,2026-10-02T01:01:04.695736+02:00
306896328,de:12067:900310849::1,0.0,2026-10-02T01:01:04.695736+02:00
306896328,de:12067:900310856::1,0.0,2026-10-02T01:01:04.695736+02:00
306896328,de:12067:900310844::1,0.0,2026-10-02T01:01:04.695736+02:00
306896328,de:12067:900310855::1,0.0,2026-10-02T01:01:04.695736+02:00
306896328,de:12067:900311970::1,0.0,2026-10-02T01:01:04.695736+02:00
306896328,de:12067:900310853::1,0.0,2026-10-02T01:01:04.695736+02:00
306896328,de:12067:900310845::1,0.0,2026-10-02T01:01:04.695736+02:00
306896328,de:12067:900310857::1,0.0,2026-10-02T01:01:04.695736+02:00
306896328,de:12067:900310854::1,0.0,2026-10-02T01:01:04.695736+02:00
306896328,de:12067:900310846::1,0.0,2026-10-02T01:01:04.695736+02:00
306896328,de:12067:900310847::1,0.0,2026-10-02T01:01:04.695736+02:00
306896328,de:12067:900310890::1,0.0,2026-10-02T01:01:04.695736+02:00
306896328,de:12067:900310889::1,0.0,2026-10-02T01:01:04.695736+02:00
306896328,de:12067:900310882::1,0.0,2026-10-02T01:01:04.695736+02:00
306896328,de:12067:900310920::1,0.0,2026-10-02T01:01:04.695736+02:00
306896328,de:12067:900310883::1,0.0,2026-10-02T01:01:04.695736+02:00
306896328,de:12067:900310885::1,0.0,2026-10-02T01:01:04.695736+02:00
306896328,de:12067:900310881::1,0.0,2026-10-02T01:01:04.695736+02:00
306896328,de:12067:900310888::1,0.0,2026-10-02T01:01:04.695736+02:00
306896329,de:12067:900310013::4,0.0,2026-10-02T01:01:04.695736+02:00
306896329,de:12067:900310557::3,0.0,2026-10-02T01:01:04.695736+02:00
306896329,de:12067:900310555::1,0.0,2026-10-02T01:01:04.695736+02:00
306896329,de:12067:900310852::1,0.0,2026-10-02T01:01:04.695736+02:00
306896329,de:12067:900310850::1,0.0,2026-10-02T01:01:04.695736+02:00
306896329,de:12067:900310851::1,0.0,2026-10-02T01:01:04.695736+02:00
306896329,de:12067:900310849::1,0.0,2026-10-02T01:01:04.695736+02:00
306896329,de:12067:900310856::1,0.0,2026-10-02T01:01:04.695736+02:00
306896329,de:12067:900310844::1,0.0,2026-10-02T01:01:04.695736+02:00
306896329,de:12067:900310855::1,0.0,2026-10-02T01:01:04.695736+02:00
306896329,de:12067:900311970::1,0.0,2026-10-02T01:01:04.695736+02:00
306896329,de:12067:900310853::1,0.0,2026-10-02T01:01:04.695736+02:00
306896329,de:12067:900310845::1,0.0,2026-10-02T01:01:04.695736+02:00
306896329,de:12067:900310857::1,0.0,2026-10-02T01:01:04.695736+02:00
306896329,de:12067:900310854::1,0.0,2026-10-02T01:01:04.695736+02:00
306896329,de:12067:900310846::1,0.0,2026-10-02T01:01:04.695736+02:00
306896329,de:12067:900310847::1,0.0,2026-10-02T01:01:04.695736+02:00
306896329,de:12067:900310890::1,0.0,2026-10-02T01:01:04.695736+02:00
306896329,de:12067:900310889::1,0.0,2026-10-02T01:01:04.695736+02:00
306896329,de:12067:900310882::1,0.0,2026-10-02T01:01:04.695736+02:00
306896329,de:12067:900310920::1,0.0,2026-10-02T01:01:04.695736+02:00
306896329,de:12067:900310883::1,0.0,2026-10-02T01:01:04.695736+02:00
306896329,de:12067:900310885::1,0.0,2026-10-02T01:01:04.695736+02:00
306896329,de:12067:900310881::1,0.0,2026-10-02T01:01:04.695736+02:00
306896329,de:12067:900310888::1,0.0,2026-10-02T01:01:04.695736+02:00
295883514,de:11000:900049201:1:51,0.0,2026-10-02T01:01:04.695736+02:00
295883514,de:11000:900049202:1:51,0.0,2026-10-02T01:01:04.695736+02:00
295883514,de:11000:900066101:1:51,-0.3,2026-10-02T01:01:04.695736+02:00
295883514,de:11000:900066102:1:51,-0.2,2026-10-02T01:01:04.695736+02:00
295883514,de:11000:900062202:1:51,-0.2,2026-10-02T01:01:04.695736+02:00
295883514,de:11000:900063101:1:51,-0.2,2026-10-02T01:01:04.695736+02:00
295883514,de:11000:900060101:1:51,-0.9,2026-10-02T01:01:04.695736+02:00
295883514,de:11000:900054104:1:51,-0.9,2026-10-02T01:01:04.695736+02:00
295883514,de:11000:900057104:1:50,-0.4,2026-10-02T01:01:04.695736+02:00
295883514,de:11000:900057102:1:51,-0.1,2026-10-02T01:01:04.695736+02:00
295883514,de:11000:900012101:2:52,-0.8,2026-10-02T01:01:04.695736+02:00
295883514,de:11000:900100020:4:57,-0.9,2026-10-02T01:01:04.695736+02:00
295883472,de:11000:900100020:3:55,0.0,2026-10-02T01:01:04.695736+02:00
295883472,de:11000:900012101:1:51,-0.5,2026-10-02T01:01:04.695736+02:00
295883472,de:11000:900057102:1:50,-0.7,2026-10-02T01:01:04.695736+02:00
295883472,de:11000:900057104:2:51,-0.4,2026-10-02T01:01:04.695736+02:00
295883472,de:11000:900054104:1:50,-0.3,2026-10-02T01:01:04.695736+02:00
295883472,de:11000:900060101:1:50,-0.3,2026-10-02T01:01:04.695736+02:00
295883472,de:11000:900063101:1:50,-0.1,2026-10-02T01:01:04.695736+02:00
295883472,de:11000:900062202:1:50,-0.1,2026-10-02T01:01:04.695736+02:00
295883472,de:11000:900066102:1:50,-0.2,2026-10-02T01:01:04.695736+02:00
295883472,de:11000:900066101:1:50,-0.1,2026-10-02T01:01:04.695736+02:00
295883472,de:11000:900049202:1:50,-0.3,2026-10-02T01:01:04.695736+02:00
295883472,de:11000:900049201:1:50,-0.4,2026-10-02T01:01:04.695736+02:00
306896567,de:12067:900310001::3,0.0,2026-10-02T01:01:04.695736+02:00
306896567,de:12067:900311149::1,0.0,2026-10-02T01:01:04.695736+02:00
306896567,de:12067:900311135::1,0.0,2026-10-02T01:01:04.695736+02:00
306896567,de:12067:900311150::1,0.0,2026-10-02T01:01:04.695736+02:00
306896567,de:12067:900310804::1,0.0,2026-10-02T01:01:04.695736+02:00
306896567,de:12067:900310628::2,0.0,2026-10-02T01:01:04.695736+02:00
306896567,de:12067:900310793::2,0.0,2026-10-02T01:01:04.695736+02:00
306896567,de:12067:900310774::1,0.0,2026-10-02T01:01:04.695736+02:00
306896567,de:12067:900310792::1,0.0,2026-10-02T01:01:04.695736+02:00
306896567,de:12067:900310825::1,0.0,2026-10-02T01:01:04.695736+02:00
306896567,de:12067:900310818::1,0.0,2026-10-02T01:01:04.695736+02:00
306896567,de:12067:900310961::1,0.0,2026-10-02T01:01:04.695736+02:00
306896567,de:12067:900310960::1,0.0,2026-10-02T01:01:04.695736+02:00
306896567,de:12067:900310746::1,0.0,2026-10-02T01:01:04.695736+02:00
306896567,de:12067:900311108::1,0.0,2026-10-02T01:01:04.695736+02:00
306896567,de:12067:900311044::1,0.0,2026-10-02T01:01:04.695736+02:00
306896567,de:12067:900311047::1,0.0,2026-10-02T01:01:04.695736+02:00
306896567,de:12067:900310633::1,0.0,2026-10-02T01:01:04.695736+02:00
306896567,de:12067:900311046::2,0.0,2026-10-02T01:01:04.695736+02:00
306896567,de:12067:900310632::1,0.0,2026-10-02T01:01:04.695736+02:00
306896567,de:12067:900310753::1,0.0,2026-10-02T01:01:04.695736+02:00
306896567,de:12067:900310752::1,0.0,2026-10-02T01:01:04.695736+02:00
306896567,de:12067:900310752::2,0.0,2026-10-02T01:01:04.695736+02:00
306896567,de:12067:900310753::2,0.0,2026-10-02T01:01:04.695736+02:00
306896567,de:12067:900310632::2,0.0,2026-10-02T01:01:04.695736+02:00
306896567,de:12067:900311046::1,0.0,2026-10-02T01:01:04.695736+02:00
306896567,de:12067:900310871::1,0.0,2026-10-02T01:01:04.695736+02:00
306896567,de:12067:900310872::1,0.0,2026-10-02T01:01:04.695736+02:00
306896567,de:12067:900310870::1,0.0,2026-10-02T01:01:04.695736+02:00
306896567,de:12067:900310869::1,0.0,2026-10-02T01:01:04.695736+02:00
306896567,de:12067:900310709::1,0.0,2026-10-02T01:01:04.695736+02:00
306896567,de:12067:900310710::1,0.0,2026-10-02T01:01:04.695736+02:00
306896567,de:12067:900310708::1,0.0,2026-10-02T01:01:04.695736+02:00
306896597,de:12067:900310001::3,0.0,2026-10-02T01:01:04.695736+02:00
306896597,de:12067:900310816::1,0.0,2026-10-02T01:01:04.695736+02:00
306896597,de:12067:900310627::1,0.0,2026-10-02T01:01:04.695736+02:00
306896597,de:12067:900310781::1,0.0,2026-10-02T01:01:04.695736+02:00
306896597,de:12067:900310789::1,0.0,2026-10-02T01:01:04.695736+02:00
306896597,de:12067:900310797::1,0.0,2026-10-02T01:01:04.695736+02:00
306896597,de:12067:900310773::1,0.0,2026-10-02T01:01:04.695736+02:00
306896597,de:12067:900311109::1,0.0,2026-10-02T01:01:04.695736+02:00
306896597,de:12067:900310782::1,0.0,2026-10-02T01:01:04.695736+02:00
306896597,de:12067:900310824::1,0.0,2026-10-02T01:01:04.695736+02:00
306896597,de:12067:900310734::1,0.0,2026-10-02T01:01:04.695736+02:00
306896597,de:12067:900310733::1,0.0,2026-10-02T01:01:04.695736+02:00
306896597,de:12067:900310005::1,0.0,2026-10-02T01:01:04.695736+02:00
306896597,de:12067:900310754::1,0.0,2026-10-02T01:01:04.695736+02:00
306896597,de:12067:900310761::1,-0.5,2026-10-02T01:01:04.695736+02:00
306896597,de:12067:900310763::1,0.0,2026-10-02T01:01:04.695736+02:00
306896597,de:12067:900310762::1,0.0,2026-10-02T01:01:04.695736+02:00
306896597,de:12067:900311090::1,0.0,2026-10-02T01:01:04.695736+02:00
306896597,de:12067:900311088::2,0.0,2026-10-02T01:01:04.695736+02:00
306896597,de:12067:900311089::2,0.0,2026-10-02T01:01:04.695736+02:00
306896597,de:12067:900310706::2,0.0,2026-10-02T01:01:04.695736+02:00
306896597,de:12067:900310705::1,0.0,2026-10-02T01:01:04.695736+02:00
306896597,de:12067:900310704::2,0.0,2026-10-02T01:01:04.695736+02:00
306896597,de:12067:900310947::1,0.0,2026-10-02T01:01:04.695736+02:00
306896597,de:12067:900311086::0,0.0,2026-10-02T01:01:04.695736+02:00
306896597,de:12067:900310745::1,0.0,2026-10-02T01:01:04.695736+02:00
306896597,de:12067:900310973::2,0.0,2026-10-02T01:01:04.695736+02:00
306896597,de:12067:900310969::1,0.0,2026-10-02T01:01:04.695736+02:00
306896597,de:12067:900310971::2,0.0,2026-10-02T01:01:04.695736+02:00
306896597,de:12067:900311019::1,0.0,2026-10-02T01:01:04.695736+02:00
306896597,de:12067:900310971::1,0.0,2026-10-02T01:01:04.695736+02:00
306896597,de:12067:900310876::1,0.0,2026-10-02T01:01:04.695736+02:00
306896597,de:12067:900310007::1,0.0,2026-10-02T01:01:04.695736+02:00
306896597,de:12067:900310735::1,0.0,2026-10-02T01:01:04.695736+02:00
306896597,de:12067:900310009::1,0.0,2026-10-02T01:01:04.695736+02:00
307252315,de:11000:900003200:5:58,0.0,2026-10-02T01:01:04.695736+02:00
307252315,de:11000:900009104:1:50,-0.8,2026-10-02T01:01:04.695736+02:00
307252315,de:11000:900007102:2:52,-0.4,2026-10-02T01:01:04.695736+02:00
307252174,de:11000:900007102:1:51,0.0,2026-10-02T01:01:04.695736+02:00
307252174,de:11000:900009104:1:51,-0.8,2026-10-02T01:01:04.695736+02:00
307252174,de:11000:900003200:5:58,-0.7,2026-10-02T01:01:04.695736+02:00
307252159,de:11000:900007102:1:51,0.0,2026-10-02T01:01:04.695736+02:00
307252159,de:11000:900009104:1:51,-0.8,2026-10-02T01:01:04.695736+02:00
307252159,de:11000:900003200:5:58,-0.7,2026-10-02T01:01:04.695736+02:00
295882570,de:11000:900053301:2:52,0.0,2026-10-02T01:01:04.695736+02:00
295882570,de:11000:900052201:1:51,0.0,2026-10-02T01:01:04.695736+02:00
295882570,de:11000:900050355:1:51,-0.3,2026-10-02T01:01:04.695736+02:00
295882570,de:11000:900050301:1:51,-0.4,2026-10-02T01:01:04.695736+02:00
295882570,de:11000:900049201:1:51,0.0,2026-10-02T01:01:04.695736+02:00
295882570,de:11000:900049202:1:51,0.0,2026-10-02T01:01:04.695736+02:00
295882570,de:11000:900066101:1:51,-0.3,2026-10-02T01:01:04.695736+02:00
295882570,de:11000:900066102:1:51,-0.2,2026-10-02T01:01:04.695736+02:00
295882570,de:11000:900062202:1:51,-0.2,2026-10-02T01:01:04.695736+02:00
295882570,de:11000:900063101:1:51,-0.2,2026-10-02T01:01:04.695736+02:00
295882570,de:11000:900060101:1:51,-0.9,2026-10-02T01:01:04.695736+02:00
295882570,de:11000:900054104:1:51,-0.9,2026-10-02T01:01:04.695736+02:00
295882570,de:11000:900057104:1:50,-0.4,2026-10-02T01:01:04.695736+02:00
295882570,de:11000:900057102:1:51,-0.1,2026-10-02T01:01:04.695736+02:00
295882570,de:11000:900012101:2:52,-0.9,2026-10-02T01:01:04.695736+02:00
295882570,de:11000:900100020:4:57,-0.3,2026-10-02T01:01:04.695736+02:00
295882570,de:11000:900100025:1:51,-0.4,2026-10-02T01:01:04.695736+02:00
295882570,de:11000:900100001:4:57,-0.1,2026-10-02T01:01:04.695736+02:00
295882570,de:11000:900100007:1:51,-0.2,2026-10-02T01:01:04.695736+02:00
295882570,de:11000:900007104:2:52,-0.2,2026-10-02T01:01:04.695736+02:00
295882570,de:11000:900008101:1:51,-0.9,2026-10-02T01:01:04.695736+02:00
295882570,de:11000:900007102:2:53,-0.6,2026-10-02T01:01:04.695736+02:00
295882570,de:11000:900110011:2:53,-0.9,2026-10-02T01:01:04.695736+02:00
295882570,de:11000:900085201:1:50,-0.9,2026-10-02T01:01:04.695736+02:00
295882570,de:11000:900084101:1:50,-0.7,2026-10-02T01:01:04.695736+02:00
295882570,de:11000:900096101:1:50,-0.8,2026-10-02T01:01:04.695736+02:00
295882570,de:11000:900094101:1:50,-0.1,2026-10-02T01:01:04.695736+02:00
295882570,de:11000:900093201:1:50,-0.4,2026-10-02T01:01:04.695736+02:00
295882570,de:11000:900092201:1:50,-0.2,2026-10-02T01:01:04.695736+02:00
306896816,de:12064:900320274::1,0.0,2026-10-02T01:01:04.695736+02:00
306896816,de:12064:900320278::2,0.0,2026-10-02T01:01:04.695736+02:00
306896816,de:12064:900320284::2,0.0,2026-10-02T01:01:04.695736+02:00
306896816,de:12064:900320886::2,0.0,2026-10-02T01:01:04.695736+02:00
306896816,de:12064:900320888::3,0.0,2026-10-02T01:01:04.695736+02:00
306896816,de:12067:900310894::2,0.0,2026-10-02T01:01:04.695736+02:00
306896816,de:12067:900310897::2,0.0,2026-10-02T01:01:04.695736+02:00
306896816,de:12067:900310896::2,0.0,2026-10-02T01:01:04.695736+02:00
306896816,de:12067:900310895::1,0.0,2026-10-02T01:01:04.695736+02:00
306896816,de:12067:900310002::2,0.0,2026-10-02T01:01:04.695736+02:00
306896816,de:12067:900310864::1,0.0,2026-10-02T01:01:04.695736+02:00
306896816,de:12067:900310861::1,0.0,2026-10-02T01:01:04.695736+02:00
306896816,de:12067:900311157::2,0.0,2026-10-02T01:01:04.695736+02:00
306896816,de:12067:900310860::2,0.0,2026-10-02T01:01:04.695736+02:00
306896816,de:12067:900311125::2,0.0,2026-10-02T01:01:04.695736+02:00
306896816,de:12067:900310936::2,0.0,2026-10-02T01:01:04.695736+02:00
306896816,de:12067:900310788::2,0.0,2026-10-02T01:01:04.695736+02:00
306896816,de:12067:900310696::2,0.0,2026-10-02T01:01:04.695736+02:00
306896816,de:12067:900310001::11,0.0,2026-10-02T01:01:04.695736+02:00
295882546,de:11000:900053301:2:52,0.0,2026-10-02T01:01:04.695736+02:00
295882546,de:11000:900052201:1:51,0.0,2026-10-02T01:01:04.695736+02:00
295882546,de:11000:900050355:1:51,-0.3,2026-10-02T01:01:04.695736+02:00
295882546,de:11000:900050301:1:51,-0.4,2026-10-02T01:01:04.695736+02:00
295882546,de:11000:900049201:1:51,0.0,2026-10-02T01:01:04.695736+02:00
295882546,de:11000:900049202:1:51,0.0,2026-10-02T01:01:04.695736+02:00
295882546,de:11000:900066101:1:51,-0.3,2026-10-02T01:01:04.695736+02:00
295882546,de:11000:900066102:1:51,-0.2,2026-10-02T01:01:04.695736+02:00
295882546,de:11000:900062202:1:51,-0.2,2026-10-02T01:01:04.695736+02:00
295882546,de:11000:900063101:1:51,-0.2,2026-10-02T01:01:04.695736+02:00
295882546,de:11000:900060101:1:51,-0.9,2026-10-02T01:01:04.695736+02:00
295882546,de:11000:900054104:1:51,-0.9,2026-10-02T01:01:04.695736+02:00
295882546,de:11000:900057104:1:50,-0.4,2026-10-02T01:01:04.695736+02:00
295882546,de:11000:900057102:1:51,-0.1,2026-10-02T01:01:04.695736+02:00
295882546,de:11000:900012101:2:52,-0.9,2026-10-02T01:01:04.695736+02:00
295882546,de:11000:900100020:4:57,-0.3,2026-10-02T01:01:04.695736+02:00
295882546,de:11000:900100025:1:51,-0.4,2026-10-02T01:01:04.695736+02:00
295882546,de:11000:900100001:4:57,-0.1,2026-10-02T01:01:04.695736+02:00
295882546,de:11000:900100007:1:51,-0.2,2026-10-02T01:01:04.695736+02:00
295882546,de:11000:900007104:2:52,-0.2,2026-10-02T01:01:04.695736+02:00
295882546,de:11000:900008101:1:51,-0.9,2026-10-02T01:01:04.695736+02:00
295882546,de:11000:900007102:2:53,-0.6,2026-10-02T01:01:04.695736+02:00
295882546,de:11000:900110011:2:53,-0.9,2026-10-02T01:01:04.695736+02:00
295882546,de:11000:900085201:1:50,-0.9,2026-10-02T01:01:04.695736+02:00
295882546,de:11000:900084101:1:50,-0.7,2026-10-02T01:01:04.695736+02:00
295882546,de:11000:900096101:1:50,-0.8,2026-10-02T01:01:04.695736+02:00
295882546,de:11000:900094101:1:50,-0.1,2026-10-02T01:01:04.695736+02:00
295882546,de:11000:900093201:1:50,-0.4,2026-10-02T01:01:04.695736+02:00
295882546,de:11000:900092201:1:50,-0.2,2026-10-02T01:01:04.695736+02:00
306896817,de:12064:900320274::1,0.0,2026-10-02T01:01:04.695736+02:00
306896817,de:12064:900320278::2,0.0,2026-10-02T01:01:04.695736+02:00
306896817,de:12064:900320284::2,0.0,2026-10-02T01:01:04.695736+02:00
306896817,de:12064:900320886::2,0.0,2026-10-02T01:01:04.695736+02:00
306896817,de:12064:900320888::3,0.0,2026-10-02T01:01:04.695736+02:00
306896817,de:12067:900310894::2,0.0,2026-10-02T01:01:04.695736+02:00
306896817,de:12067:900310897::2,0.0,2026-10-02T01:01:04.695736+02:00
306896817,de:12067:900310896::2,0.0,2026-10-02T01:01:04.695736+02:00
306896817,de:12067:900310895::1,0.0,2026-10-02T01:01:04.695736+02:00
306896817,de:12067:900310002::2,0.0,2026-10-02T01:01:04.695736+02:00
306896817,de:12067:900310864::1,0.0,2026-10-02T01:01:04.695736+02:00
306896817,de:12067:900310861::1,0.0,2026-10-02T01:01:04.695736+02:00
306896817,de:12067:900311157::2,0.0,2026-10-02T01:01:04.695736+02:00
306896817,de:12067:900310860::2,0.0,2026-10-02T01:01:04.695736+02:00
306896817,de:12067:900311125::2,0.0,2026-10-02T01:01:04.695736+02:00
306896817,de:12067:900310936::2,0.0,2026-10-02T01:01:04.695736+02:00
306896817,de:12067:900310788::2,0.0,2026-10-02T01:01:04.695736+02:00
306896817,de:12067:900310696::2,0.0,2026-10-02T01:01:04.695736+02:00
306896817,de:12067:900310001::11,0.0,2026-10-02T01:01:04.695736+02:00
306897201,de:12067:900311308::5,0.0,2026-10-02T01:01:04.695736+02:00
306897201,de:12067:900311335::1,0.0,2026-10-02T01:01:04.695736+02:00
306897201,de:12067:900311341::1,0.0,2026-10-02T01:01:04.695736+02:00
306897201,de:12067:900311345::1,0.0,2026-10-02T01:01:04.695736+02:00
306897201,de:12067:900311359::1,0.0,2026-10-02T01:01:04.695736+02:00
306897201,de:12067:900310027::1,0.0,2026-10-02T01:01:04.695736+02:00
306897201,de:12067:900311317::1,0.0,2026-10-02T01:01:04.695736+02:00
306897201,de:12067:900311384::1,0.0,2026-10-02T01:01:04.695736+02:00
306897201,de:12067:900311316::1,0.0,2026-10-02T01:01:04.695736+02:00
306897201,de:12067:900311376::1,0.0,2026-10-02T01:01:04.695736+02:00
306897201,de:12067:900311377::1,0.0,2026-10-02T01:01:04.695736+02:00
306897201,de:12067:900311349::1,0.0,2026-10-02T01:01:04.695736+02:00
306897201,de:12067:900311371::1,0.0,2026-10-02T01:01:04.695736+02:00
306897201,de:12067:900311364::1,0.0,2026-10-02T01:01:04.695736+02:00
306897201,de:12067:900310601::1,0.0,2026-10-02T01:01:04.695736+02:00
306897201,de:12067:900311511::1,0.0,2026-10-02T01:01:04.695736+02:00
306897201,de:12067:900311513::2,0.0,2026-10-02T01:01:04.695736+02:00
306897201,de:12067:900311513::1,0.0,2026-10-02T01:01:04.695736+02:00
306897201,de:12067:900311613::1,0.0,2026-10-02T01:01:04.695736+02:00
306897201,de:12067:900311616::1,0.0,2026-10-02T01:01:04.695736+02:00
306897201,de:12067:900311614::1,0.0,2026-10-02T01:01:04.695736+02:00
306897201,de:12067:900311612::1,0.0,2026-10-02T01:01:04.695736+02:00
306897201,de:12067:900311617::1,0.0,2026-10-02T01:01:04.695736+02:00
306897201,de:12067:900311615::1,0.0,2026-10-02T01:01:04.695736+02:00
306897201,de:12067:900311541::1,0.0,2026-10-02T01:01:04.695736+02:00
306897201,de:12067:900311541::2,0.0,2026-10-02T01:01:04.695736+02:00
306897201,de:12067:900311615::2,0.0,2026-10-02T01:01:04.695736+02:00
306897201,de:12067:900311230::1,0.0,2026-10-02T01:01:04.695736+02:00
306897201,de:12067:900311251::1,0.0,2026-10-02T01:01:04.695736+02:00
306897201,de:12067:900311567::1,0.0,2026-10-02T01:01:04.695736+02:00
306897201,de:12067:900311565::2,0.0,2026-10-02T01:01:04.695736+02:00
306897236,de:12067:900311405::1,0.0,2026-10-02T01:01:04.695736+02:00
306897236,de:12067:900311403::1,0.0,2026-10-02T01:01:04.695736+02:00
306897236,de:12067:900311401::1,0.0,2026-10-02T01:01:04.695736+02:00
306897236,de:12067:900311560::1,0.0,2026-10-02T01:01:04.695736+02:00
306897236,de:12067:900311401::2,0.0,2026-10-02T01:01:04.695736+02:00
306897236,de:12067:900311543::2,0.0,2026-10-02T01:01:04.695736+02:00
306897236,de:12067:900311542::1,0.0,2026-10-02T01:01:04.695736+02:00
306897236,de:12067:900311530::2,0.0,2026-10-02T01:01:04.695736+02:00
306897236,de:12067:900311531::2,0.0,2026-10-02T01:01:04.695736+02:00
306897236,de:12067:900311306::2,0.0,2026-10-02T01:01:04.695736+02:00
306897236,de:12067:900311356::2,0.0,2026-10-02T01:01:04.695736+02:00
306897236,de:12067:900311311::2,0.0,2026-10-02T01:01:04.695736+02:00
306897236,de:12067:900311312::2,0.0,2026-10-02T01:01:04.695736+02:00
306897236,de:12067:900311383::5,0.0,2026-10-02T01:01:04.695736+02:00
306897236,de:12067:900311315::2,0.0,2026-10-02T01:01:04.695736+02:00
306897236,de:12067:900311348::2,0.0,2026-10-02T01:01:04.695736+02:00
306897236,de:12067:900311308::4,0.0,2026-10-02T01:01:04.695736+02:00
306896827,de:12067:900310001::4,0.0,2026-10-02T01:01:04.695736+02:00
306896827,de:12067:900310696::1,0.0,2026-10-02T01:01:04.695736+02:00
306896827,de:12067:900310788::1,0.0,2026-10-02T01:01:04.695736+02:00
306896827,de:12067:900310936::1,0.0,2026-10-02T01:01:04.695736+02:00
306896827,de:12067:900311125::1,0.0,2026-10-02T01:01:04.695736+02:00
306896827,de:12067:900310860::1,0.0,2026-10-02T01:01:04.695736+02:00
306896827,de:12067:900311154::1,0.0,2026-10-02T01:01:04.695736+02:00
306896827,de:12067:900310864::1,0.0,2026-10-02T01:01:04.695736+02:00
306897259,de:12067:900311308::5,0.0,2026-10-02T01:01:04.695736+02:00
306897259,de:12067:900311380::1,0.0,2026-10-02T01:01:04.695736+02:00
306897259,de:12067:900311348::1,0.0,2026-10-02T01:01:04.695736+02:00
306897259,de:12067:900311315::1,0.0,2026-10-02T01:01:04.695736+02:00
306897259,de:12067:900311383::5,0.0,2026-10-02T01:01:04.695736+02:00
306897259,de:12067:900311312::1,0.0,2026-10-02T01:01:04.695736+02:00
306897259,de:12067:900311311::1,0.0,2026-10-02T01:01:04.695736+02:00
306897259,de:12067:900311356::1,0.0,2026-10-02T01:01:04.695736+02:00
306897259,de:12067:900311325::1,0.0,2026-10-02T01:01:04.695736+02:00
306897259,de:12067:900311306::1,0.0,2026-10-02T01:01:04.695736+02:00
306897259,de:12067:900311531::1,0.0,2026-10-02T01:01:04.695736+02:00
306897259,de:12067:900311530::1,0.0,2026-10-02T01:01:04.695736+02:00
306897259,de:12067:900311542::2,0.0,2026-10-02T01:01:04.695736+02:00
306897259,de:12067:900311543::1,0.0,2026-10-02T01:01:04.695736+02:00
306897259,de:12067:900311401::1,0.0,2026-10-02T01:01:04.695736+02:00
306897259,de:12067:900311560::1,0.0,2026-10-02T01:01:04.695736+02:00
306897259,de:12067:900311442::1,0.0,2026-10-02T01:01:04.695736+02:00
306897259,de:12067:900311477::1,0.0,2026-10-02T01:01:04.695736+02:00
306897259,de:12067:900311478::1,0.0,2026-10-02T01:01:04.695736+02:00
306897259,de:12067:900311490::1,0.0,2026-10-02T01:01:04.695736+02:00
306897259,de:12067:900311482::3,0.0,2026-10-02T01:01:04.695736+02:00
295882431,de:11000:900092201:1:50,0.0,2026-10-02T01:01:04.695736+02:00
295882431,de:11000:900093201:1:51,-0.4,2026-10-02T01:01:04.695736+02:00
295882431,de:11000:900094101:1:51,-0.3,2026-10-02T01:01:04.695736+02:00
295882431,de:11000:900096101:1:51,-0.1,2026-10-02T01:01:04.695736+02:00
295882431,de:11000:900084101:1:51,-0.2,2026-10-02T01:01:04.695736+02:00
295882431,de:11000:900085201:1:51,-0.8,2026-10-02T01:01:04.695736+02:00
295882431,de:11000:900130003:1:51,-0.8,2026-10-02T01:01:04.695736+02:00
295882431,de:11000:900110011:1:50,-0.9,2026-10-02T01:01:04.695736+02:00
295882431,de:11000:900007102:1:50,-0.9,2026-10-02T01:01:04.695736+02:00
295882431,de:11000:900008101:1:50,0.0,2026-10-02T01:01:04.695736+02:00
295882431,de:11000:900007104:1:51,-0.7,2026-10-02T01:01:04.695736+02:00
295882431,de:11000:900100007:1:50,-0.7,2026-10-02T01:01:04.695736+02:00
295882431,de:11000:900100001:4:56,-0.5,2026-10-02T01:01:04.695736+02:00
295882431,de:11000:900100025:1:50,-0.4,2026-10-02T01:01:04.695736+02:00
295882431,de:11000:900100020:3:54,-0.4,2026-10-02T01:01:04.695736+02:00
295882431,de:11000:900012101:1:51,-0.5,2026-10-02T01:01:04.695736+02:00
295882431,de:11000:900057102:1:50,-0.7,2026-10-02T01:01:04.695736+02:00
295882431,de:11000:900057104:2:51,-0.4,2026-10-02T01:01:04.695736+02:00
295882431,de:11000:900054104:1:50,-0.3,2026-10-02T01:01:04.695736+02:00
295882431,de:11000:900060101:1:50,-0.3,2026-10-02T01:01:04.695736+02:00
295882431,de:11000:900063101:1:50,-0.1,2026-10-02T01:01:04.695736+02:00
295882431,de:11000:900062202:1:50,-0.1,2026-10-02T01:01:04.695736+02:00
295882431,de:11000:900066102:1:50,-0.2,2026-10-02T01:01:04.695736+02:00
295882431,de:11000:900066101:1:50,-0.1,2026-10-02T01:01:04.695736+02:00
295882431,de:11000:900049202:1:50,-0.3,2026-10-02T01:01:04.695736+02:00
295882431,de:11000:900049201:1:50,-0.4,2026-10-02T01:01:04.695736+02:00
295882431,de:11000:900050301:1:50,0.0,2026-10-02T01:01:04.695736+02:00
295882431,de:11000:900050355:1:50,-0.1,2026-10-02T01:01:04.695736+02:00
295882431,de:11000:900052201:1:50,-0.5,2026-10-02T01:01:04.695736+02:00
295882431,de:11000:900053301:1:51,-0.9,2026-10-02T01:01:04.695736+02:00
307438443,de:12066:900435000:1:50,0.0,2026-10-02T01:01:04.695736+02:00
307438443,de:12066:900435001:1:50,0.0,2026-10-02T01:01:04.695736+02:00
307438443,de:12052:900470000:1:50,0.0,2026-10-02T01:01:04.695736+02:00
307432335,de:12054:900230003:4:53,0.0,2026-10-02T01:01:04.695736+02:00
307432335,de:12054:900230999:1:51,0.0,2026-10-02T01:01:04.695736+02:00
307432335,de:12054:900230006:1:50,0.0,2026-10-02T01:01:04.695736+02:00
307432335,de:12054:900230007:1:50,0.0,2026-10-02T01:01:04.695736+02:00
307432335,de:12054:900220010:1:50,0.0,2026-10-02T01:01:04.695736+02:00
307432335,de:12054:900230002:1:52,0.0,2026-10-02T01:01:04.695736+02:00
307432335,de:12069:900220002:1:50,0.0,2026-10-02T01:01:04.695736+02:00
307432335,de:12072:900245836:1:50,0.0,2026-10-02T01:01:04.695736+02:00
307432335,de:12061:900260009:2:54,0.0,2026-10-02T01:01:04.695736+02:00
307431838,de:12061:900260009:2:54,0.0,2026-10-02T01:01:04.695736+02:00
307431838,de:12072:900245836:2:51,0.0,2026-10-02T01:01:04.695736+02:00
307431838,de:12069:900220002:2:51,0.0,2026-10-02T01:01:04.695736+02:00
307431838,de:12054:900230002:1:50,0.0,2026-10-02T01:01:04.695736+02:00
307431838,de:12054:900220010:2:51,0.0,2026-10-02T01:01:04.695736+02:00
307431838,de:12054:900230007:2:52,0.0,2026-10-02T01:01:04.695736+02:00
307431838,de:12054:900230006:2:51,0.0,2026-10-02T01:01:04.695736+02:00
307431838,de:12054:900230999:2:53,0.0,2026-10-02T01:01:04.695736+02:00
307431838,de:12054:900230003:4:53,0.0,2026-10-02T01:01:04.695736+02:00
306896535,de:12067:900310708::1,0.0,2026-10-02T01:01:04.695736+02:00
306896535,de:12067:900310710::2,0.0,2026-10-02T01:01:04.695736+02:00
306896535,de:12067:900310709::2,0.0,2026-10-02T01:01:04.695736+02:00
306896535,de:12067:900310869::1,0.0,2026-10-02T01:01:04.695736+02:00
306896535,de:12067:900310870::2,0.0,2026-10-02T01:01:04.695736+02:00
306896535,de:12067:900310872::2,0.0,2026-10-02T01:01:04.695736+02:00
306896535,de:12067:900310871::2,0.0,2026-10-02T01:01:04.695736+02:00
306896535,de:12067:900311046::2,0.0,2026-10-02T01:01:04.695736+02:00
306896535,de:12067:900311045::2,0.0,2026-10-02T01:01:04.695736+02:00
306896535,de:12067:900310962::2,0.0,2026-10-02T01:01:04.695736+02:00
306896535,de:12067:900310959::2,0.0,2026-10-02T01:01:04.695736+02:00
306896535,de:12067:900310963::2,0.0,2026-10-02T01:01:04.695736+02:00
306896535,de:12067:900311083::2,0.0,2026-10-02T01:01:04.695736+02:00
306896535,de:12067:900310814::2,0.0,2026-10-02T01:01:04.695736+02:00
306896535,de:12067:900310804::2,0.0,2026-10-02T01:01:04.695736+02:00
306896535,de:12067:900311150::2,0.0,2026-10-02T01:01:04.695736+02:00
306896535,de:12067:900311135::2,0.0,2026-10-02T01:01:04.695736+02:00
306896535,de:12067:900311149::2,0.0,2026-10-02T01:01:04.695736+02:00
306896535,de:12067:900310001::11,0.0,2026-10-02T01:01:04.695736+02:00
307439737,de:14625:8000,0.0,2026-10-02T01:01:04.695736+02:00
307439737,de:14625:8144:1:Gleis1,0.0,2026-10-02T01:01:04.695736+02:00
307439737,de:14625:6810,0.0,2026-10-02T01:01:04.695736+02:00
307439737,de:12066:900435314:2:52,0.0,2026-10-02T01:01:04.695736+02:00
307439737,de:12066:900435061:2:52,0.0,2026-10-02T01:01:04.695736+02:00
307439737,de:12066:900435801:1:50,0.0,2026-10-02T01:01:04.695736+02:00
307439737,de:14627:5440,0.0,2026-10-02T01:01:04.695736+02:00
307439737,de:14627:5021,0.0,2026-10-02T01:01:04.695736+02:00
307439737,de:14627:5100,0.0,2026-10-02T01:01:04.695736+02:00
307439737,de:14627:4401,0.0,2026-10-02T01:01:04.695736+02:00
307439737,de:14627:4180,0.0,2026-10-02T01:01:04.695736+02:00
307439737,de:14612:16,0.0,2026-10-02T01:01:04.695736+02:00
307435504,de:11000:900003200:1:50,0.0,2026-10-02T01:01:04.695736+02:00
307435504,de:11000:900100020:1:50,0.0,2026-10-02T01:01:04.695736+02:00
307435504,de:11000:900058101:2:52,0.0,2026-10-02T01:01:04.695736+02:00
307435504,de:12061:900260009:2:54,0.0,2026-10-02T01:01:04.695736+02:00
307440235,de:12065:900203452:1:51,0.0,2026-10-02T01:01:04.695736+02:00
307440235,de:12065:900204001:1:50,0.0,2026-10-02T01:01:04.695736+02:00
307440235,de:12065:900203671:1:50,0.0,2026-10-02T01:01:04.695736+02:00
307440235,de:12065:900204003:1:50,0.0,2026-10-02T01:01:04.695736+02:00
307440235,de:12065:900200004:1:51,0.0,2026-10-02T01:01:04.695736+02:00
307440235,de:12065:900200000:1:51,0.0,2026-10-02T01:01:04.695736+02:00
307430407,de:12063:900210005:2:53,0.0,2026-10-02T01:01:04.695736+02:00
307430407,de:12063:900210326:2:51,0.0,2026-10-02T01:01:04.695736+02:00
307430407,de:12063:900210011:2:51,0.0,2026-10-02T01:01:04.695736+02:00
307430407,de:12063:900210010:2:51,0.0,2026-10-02T01:01:04.695736+02:00
307430407,de:12063:900210180:2:51,0.0,2026-10-02T01:01:04.695736+02:00
307430407,de:11000:900037168:2:51,0.0,2026-10-02T01:01:04.695736+02:00
307430407,de:11000:900029101:3:54,0.0,2026-10-02T01:01:04.695736+02:00
306895836,de:12067:900311115::2,0.0,2026-10-02T01:01:04.695736+02:00
306895836,de:12067:900310773::2,0.0,2026-10-02T01:01:04.695736+02:00
306895836,de:12067:900310797::2,0.0,2026-10-02T01:01:04.695736+02:00
306895836,de:12067:900310789::2,0.0,2026-10-02T01:01:04.695736+02:00
306895836,de:12067:900310781::2,0.0,2026-10-02T01:01:04.695736+02:00
306895836,de:12067:900311155::1,0.0,2026-10-02T01:01:04.695736+02:00
306895836,de:12067:900311149::2,0.0,2026-10-02T01:01:04.695736+02:00
306895836,de:12067:900310001::11,0.0,2026-10-02T01:01:04.695736+02:00
307430328,de:12061:900260009:2:53,0.0,2026-10-02T01:01:04.695736+02:00
307430328,de:11000:900192001:1:51,0.0,2026-10-02T01:01:04.695736+02:00
307430328,de:11000:900120003:4:57,0.0,2026-10-02T01:01:04.695736+02:00
307430328,de:11000:900160004:4:57,0.0,2026-10-02T01:01:04.695736+02:00
295892995,de:12060:900350160:1:51,0.0,2026-10-02T01:01:04.695736+02:00
295892995,de:12060:900350161:1:50,-0.3,2026-10-02T01:01:04.695736+02:00
295892995,de:12060:900350163:1:50,-0.1,2026-10-02T01:01:04.695736+02:00
295892995,de:12060:900350162:1:50,-0.8,2026-10-02T01:01:04.695736+02:00
295892995,de:11000:900135001:1:50,-0.3,2026-10-02T01:01:04.695736+02:00
295892995,de:11000:900143001:1:51,-0.8,2026-10-02T01:01:04.695736+02:00
295892995,de:11000:900142001:1:51,-0.3,2026-10-02T01:01:04.695736+02:00
295892995,de:11000:900130001:1:51,-0.8,2026-10-02T01:01:04.695736+02:00
295892995,de:11000:900130002:1:51,-0.3,2026-10-02T01:01:04.695736+02:00
295892995,de:11000:900110011:1:51,-0.7,2026-10-02T01:01:04.695736+02:00
295892995,de:11000:900007102:1:50,-0.7,2026-10-02T01:01:04.695736+02:00
295892995,de:11000:900008101:1:50,-0.5,2026-10-02T01:01:04.695736+02:00
295892995,de:11000:900007104:1:51,-0.2,2026-10-02T01:01:04.695736+02:00
295892995,de:11000:900100007:1:50,-0.2,2026-10-02T01:01:04.695736+02:00
295892995,de:11000:900100001:4:56,0.0,2026-10-02T01:01:04.695736+02:00
295892995,de:11000:900100025:1:50,-0.9,2026-10-02T01:01:04.695736+02:00
295892995,de:11000:900100020:3:54,-0.9,2026-10-02T01:01:04.695736+02:00
295892995,de:11000:900012101:1:51,0.0,2026-10-02T01:01:04.695736+02:00
295892995,de:11000:900058103:1:50,-0.8,2026-10-02T01:01:04.695736+02:00
295892995,de:11000:900058101:1:50,-0.4,2026-10-02T01:01:04.695736+02:00
295892995,de:11000:900058102:1:50,-0.4,2026-10-02T01:01:04.695736+02:00
295892995,de:11000:900068301:1:50,-0.7,2026-10-02T01:01:04.695736+02:00
295892995,de:11000:900073101:1:50,-0.9,2026-10-02T01:01:04.695736+02:00
295892995,de:11000:900072101:1:50,-0.2,2026-10-02T01:01:04.695736+02:00
295892995,de:11000:900074202:1:50,-0.2,2026-10-02T01:01:04.695736+02:00
295892995,de:11000:900074201:1:50,-0.4,2026-10-02T01:01:04.695736+02:00
295892995,de:12072:900245028:1:51,-0.9,2026-10-02T01:01:04.695736+02:00
295892995,de:12072:900245027:2:52,-0.9,2026-10-02T01:01:04.695736+02:00
295892981,de:12060:900350160:1:51,0.0,2026-10-02T01:01:04.695736+02:00
295892981,de:12060:900350161:1:50,-0.3,2026-10-02T01:01:04.695736+02:00
295892981,de:12060:900350163:1:50,-0.1,2026-10-02T01:01:04.695736+02:00
295892981,de:12060:900350162:1:50,-0.8,2026-10-02T01:01:04.695736+02:00
295892981,de:11000:900135001:1:50,-0.3,2026-10-02T01:01:04.695736+02:00
295892981,de:11000:900143001:1:51,-0.8,2026-10-02T01:01:04.695736+02:00
295892981,de:11000:900142001:1:51,-0.3,2026-10-02T01:01:04.695736+02:00
295892981,de:11000:900130001:1:51,-0.8,2026-10-02T01:01:04.695736+02:00
295892981,de:11000:900130002:1:51,-0.3,2026-10-02T01:01:04.695736+02:00
295892981,de:11000:900110011:1:51,-0.7,2026-10-02T01:01:04.695736+02:00
295892981,de:11000:900007102:1:50,-0.7,2026-10-02T01:01:04.695736+02:00
295892981,de:11000:900008101:1:50,-0.5,2026-10-02T01:01:04.695736+02:00
295892981,de:11000:900007104:1:51,-0.2,2026-10-02T01:01:04.695736+02:00
295892981,de:11000:900100007:1:50,-0.2,2026-10-02T01:01:04.695736+02:00
295892981,de:11000:900100001:4:56,0.0,2026-10-02T01:01:04.695736+02:00
295892981,de:11000:900100025:1:50,-0.9,2026-10-02T01:01:04.695736+02:00
295892981,de:11000:900100020:3:54,-0.9,2026-10-02T01:01:04.695736+02:00
295892981,de:11000:900012101:1:51,0.0,2026-10-02T01:01:04.695736+02:00
295892981,de:11000:900058103:1:50,-0.8,2026-10-02T01:01:04.695736+02:00
295892981,de:11000:900058101:1:50,-0.4,2026-10-02T01:01:04.695736+02:00
295892981,de:11000:900058102:1:50,-0.4,2026-10-02T01:01:04.695736+02:00
295892981,de:11000:900068301:1:50,-0.7,2026-10-02T01:01:04.695736+02:00
295892981,de:11000:900073101:1:50,-0.9,2026-10-02T01:01:04.695736+02:00
295892981,de:11000:900072101:1:50,-0.2,2026-10-02T01:01:04.695736+02:00
295892981,de:11000:900074202:1:50,-0.2,2026-10-02T01:01:04.695736+02:00
295892981,de:11000:900074201:1:50,-0.4,2026-10-02T01:01:04.695736+02:00
295892981,de:12072:900245028:1:51,-0.9,2026-10-02T01:01:04.695736+02:00
295892981,de:12072:900245027:2:52,-0.9,2026-10-02T01:01:04.695736+02:00
307430307,de:12061:900260009:2:53,0.0,2026-10-02T01:01:04.695736+02:00
307430307,de:11000:900058101:4:56,0.0,2026-10-02T01:01:04.695736+02:00
307430307,de:11000:900100020:2:53,0.0,2026-10-02T01:01:04.695736+02:00
307430307,de:11000:900003200:4:56,0.0,2026-10-02T01:01:04.695736+02:00
307430169,de:11000:900003200:1:50,0.0,2026-10-02T01:01:04.695736+02:00
307430169,de:11000:900100020:1:50,0.0,2026-10-02T01:01:04.695736+02:00
307430169,de:11000:900058101:2:52,0.0,2026-10-02T01:01:04.695736+02:00
307430169,de:12061:900260009:2:54,0.0,2026-10-02T01:01:04.695736+02:00
295896165,de:11000:900074201:1:50,0.0,2026-10-02T01:01:04.695736+02:00
295896165,de:11000:900074202:2:51,-0.1,2026-10-02T01:01:04.695736+02:00
295896165,de:11000:900072101:2:51,-0.1,2026-10-02T01:01:04.695736+02:00
295896165,de:11000:900073101:1:51,-0.4,2026-10-02T01:01:04.695736+02:00
295896165,de:11000:900068301:1:51,-0.7,2026-10-02T01:01:04.695736+02:00
295896165,de:11000:900058102:2:51,-0.7,2026-10-02T01:01:04.695736+02:00
295896165,de:11000:900058101:1:51,-0.3,2026-10-02T01:01:04.695736+02:00
295896165,de:11000:900058103:1:51,-0.1,2026-10-02T01:01:04.695736+02:00
295896165,de:11000:900012101:2:53,-0.7,2026-10-02T01:01:04.695736+02:00
295896165,de:11000:900100020:4:57,-0.8,2026-10-02T01:01:04.695736+02:00
295896165,de:11000:900100025:1:51,-0.9,2026-10-02T01:01:04.695736+02:00
295896165,de:11000:900100001:4:57,-0.6,2026-10-02T01:01:04.695736+02:00
295896165,de:11000:900100007:1:51,-0.7,2026-10-02T01:01:04.695736+02:00
295896165,de:11000:900007104:2:52,-0.7,2026-10-02T01:01:04.695736+02:00
295896165,de:11000:900008101:1:51,-0.4,2026-10-02T01:01:04.695736+02:00
295896165,de:11000:900007102:2:53,-0.1,2026-10-02T01:01:04.695736+02:00
295896165,de:11000:900110011:2:52,-0.4,2026-10-02T01:01:04.695736+02:00
295896165,de:11000:900130002:1:50,-0.7,2026-10-02T01:01:04.695736+02:00
295896165,de:11000:900130001:1:50,-0.4,2026-10-02T01:01:04.695736+02:00
295896165,de:11000:900142001:1:50,-0.9,2026-10-02T01:01:04.695736+02:00
295896165,de:11000:900143001:1:51,-0.7,2026-10-02T01:01:04.695736+02:00
295896165,de:11000:900135001:1:50,-0.4,2026-10-02T01:01:04.695736+02:00
295896061,de:11000:900135001:1:50,0.0,2026-10-02T01:01:04.695736+02:00
295896061,de:11000:900143001:1:51,-0.8,2026-10-02T01:01:04.695736+02:00
295896061,de:11000:900142001:1:51,-0.3,2026-10-02T01:01:04.695736+02:00
295896061,de:11000:900130001:1:51,-0.8,2026-10-02T01:01:04.695736+02:00
295896061,de:11000:900130002:1:51,-0.3,2026-10-02T01:01:04.695736+02:00
295896061,de:11000:900110011:1:51,-0.7,2026-10-02T01:01:04.695736+02:00
295896061,de:11000:900007102:1:50,-0.7,2026-10-02T01:01:04.695736+02:00
295896061,de:11000:900008101:1:50,-0.5,2026-10-02T01:01:04.695736+02:00
295896061,de:11000:900007104:1:51,-0.2,2026-10-02T01:01:04.695736+02:00
295896061,de:11000:900100007:1:50,-0.2,2026-10-02T01:01:04.695736+02:00
295896061,de:11000:900100001:4:56,0.0,2026-10-02T01:01:04.695736+02:00
295896061,de:11000:900100025:1:50,-0.9,2026-10-02T01:01:04.695736+02:00
295896061,de:11000:900100020:3:54,-0.9,2026-10-02T01:01:04.695736+02:00
295896061,de:11000:900012101:1:51,0.0,2026-10-02T01:01:04.695736+02:00
295896061,de:11000:900058103:1:50,-0.8,2026-10-02T01:01:04.695736+02:00
295896061,de:11000:900058101:1:50,-0.4,2026-10-02T01:01:04.695736+02:00
295896061,de:11000:900058102:1:50,-0.4,2026-10-02T01:01:04.695736+02:00
295896061,de:11000:900068301:1:50,-0.7,2026-10-02T01:01:04.695736+02:00
295896061,de:11000:900073101:1:50,-0.9,2026-10-02T01:01:04.695736+02:00
295896061,de:11000:900072101:1:50,-0.2,2026-10-02T01:01:04.695736+02:00
295896061,de:11000:900074202:1:50,-0.2,2026-10-02T01:01:04.695736+02:00
295896061,de:11000:900074201:1:50,-0.4,2026-10-02T01:01:04.695736+02:00
295896088,de:11000:900135001:1:50,0.0,2026-10-02T01:01:04.695736+02:00
295896088,de:11000:900143001:1:51,-0.8,2026-10-02T01:01:04.695736+02:00
295896088,de:11000:900142001:1:51,-0.3,2026-10-02T01:01:04.695736+02:00
295896088,de:11000:900130001:1:51,-0.8,2026-10-02T01:01:04.695736+02:00
295896088,de:11000:900130002:1:51,-0.3,2026-10-02T01:01:04.695736+02:00
295896088,de:11000:900110011:1:51,-0.7,2026-10-02T01:01:04.695736+02:00
295896088,de:11000:900007102:1:50,-0.7,2026-10-02T01:01:04.695736+02:00
295896088,de:11000:900008101:1:50,-0.5,2026-10-02T01:01:04.695736+02:00
295896088,de:11000:900007104:1:51,-0.2,2026-10-02T01:01:04.695736+02:00
295896088,de:11000:900100007:1:50,-0.2,2026-10-02T01:01:04.695736+02:00
295896088,de:11000:900100001:4:56,0.0,2026-10-02T01:01:04.695736+02:00
295896088,de:11000:900100025:1:50,-0.9,2026-10-02T01:01:04.695736+02:00
295896088,de:11000:900100020:3:54,-0.9,2026-10-02T01:01:04.695736+02:00
295896088,de:11000:900012101:1:51,0.0,2026-10-02T01:01:04.695736+02:00
295896088,de:11000:900058103:1:50,-0.8,2026-10-02T01:01:04.695736+02:00
295896088,de:11000:900058101:1:50,-0.4,2026-10-02T01:01:04.695736+02:00
295896088,de:11000:900058102:1:50,-0.4,2026-10-02T01:01:04.695736+02:00
295896088,de:11000:900068301:1:50,-0.7,2026-10-02T01:01:04.695736+02:00
295896088,de:11000:900073101:1:50,-0.9,2026-10-02T01:01:04.695736+02:00
295896088,de:11000:900072101:1:50,-0.2,2026-10-02T01:01:04.695736+02:00
295896088,de:11000:900074202:1:50,-0.2,2026-10-02T01:01:04.695736+02:00
295896088,de:11000:900074201:1:50,-0.4,2026-10-02T01:01:04.695736+02:00
295903009,de:11000:900142001:1:51,0.0,2026-10-02T01:01:04.695736+02:00
295903009,de:11000:900130001:1:51,-0.2,2026-10-02T01:01:04.695736+02:00
295903009,de:11000:900130002:1:51,-0.7,2026-10-02T01:01:04.695736+02:00
295903009,de:11000:900110011:1:51,-0.2,2026-10-02T01:01:04.695736+02:00
295903009,de:11000:900007102:1:50,-0.7,2026-10-02T01:01:04.695736+02:00
295903009,de:11000:900008101:1:50,-0.4,2026-10-02T01:01:04.695736+02:00
295903009,de:11000:900007104:1:51,-0.2,2026-10-02T01:01:04.695736+02:00
295903009,de:11000:900100007:1:50,-0.2,2026-10-02T01:01:04.695736+02:00
295903009,de:11000:900100001:4:56,0.0,2026-10-02T01:01:04.695736+02:00
295903009,de:11000:900100025:1:50,-0.9,2026-10-02T01:01:04.695736+02:00
295903009,de:11000:900100020:3:54,-0.9,2026-10-02T01:01:04.695736+02:00
295903009,de:11000:900012101:1:51,0.0,2026-10-02T01:01:04.695736+02:00
295903009,de:11000:900058103:1:50,-0.7,2026-10-02T01:01:04.695736+02:00
295903009,de:11000:900058101:1:50,-0.3,2026-10-02T01:01:04.695736+02:00
295903009,de:11000:900058102:1:52,0.0,2026-10-02T01:01:04.695736+02:00
295903009,de:11000:900063452:1:50,-0.1,2026-10-02T01:01:04.695736+02:00
295903009,de:11000:900067221:1:50,-0.2,2026-10-02T01:01:04.695736+02:00
295903009,de:11000:900064301:3:52,-0.2,2026-10-02T01:01:04.695736+02:00
295903009,de:11000:900064256:1:50,-0.7,2026-10-02T01:01:04.695736+02:00
295903009,de:11000:900064201:1:50,-0.6,2026-10-02T01:01:04.695736+02:00
295903009,de:12069:900220114:1:50,-0.9,2026-10-02T01:01:04.695736+02:00
306897261,de:12067:900311308::5,0.0,2026-10-02T01:01:04.695736+02:00
306897261,de:12067:900311380::1,0.0,2026-10-02T01:01:04.695736+02:00
306897261,de:12067:900311348::1,0.0,2026-10-02T01:01:04.695736+02:00
306897261,de:12067:900311315::1,0.0,2026-10-02T01:01:04.695736+02:00
306897261,de:12067:900311383::5,0.0,2026-10-02T01:01:04.695736+02:00
306897261,de:12067:900311312::1,0.0,2026-10-02T01:01:04.695736+02:00
306897261,de:12067:900311311::1,0.0,2026-10-02T01:01:04.695736+02:00
306897261,de:12067:900311356::1,0.0,2026-10-02T01:01:04.695736+02:00
306897261,de:12067:900311325::1,0.0,2026-10-02T01:01:04.695736+02:00
306897261,de:12067:900311306::1,0.0,2026-10-02T01:01:04.695736+02:00
306897261,de:12067:900311531::1,0.0,2026-10-02T01:01:04.695736+02:00
306897261,de:12067:900311530::1,0.0,2026-10-02T01:01:04.695736+02:00
306897261,de:12067:900311542::2,0.0,2026-10-02T01:01:04.695736+02:00
306897261,de:12067:900311543::1,0.0,2026-10-02T01:01:04.695736+02:00
306897261,de:12067:900311401::1,0.0,2026-10-02T01:01:04.695736+02:00
306897261,de:12067:900311560::1,0.0,2026-10-02T01:01:04.695736+02:00
306897261,de:12067:900311442::1,0.0,2026-10-02T01:01:04.695736+02:00
306897261,de:12067:900311477::1,0.0,2026-10-02T01:01:04.695736+02:00
306897261,de:12067:900311478::1,0.0,2026-10-02T01:01:04.695736+02:00
306897261,de:12067:900311490::1,0.0,2026-10-02T01:01:04.695736+02:00
306897261,de:12067:900311482::3,0.0,2026-10-02T01:01:04.695736+02:00
295906974,de:11000:900029101:1:50,0.0,2026-10-02T01:01:04.695736+02:00
295906974,de:11000:900030202:1:50,-0.3,2026-10-02T01:01:04.695736+02:00
295906974,de:11000:900025424:1:51,-0.2,2026-10-02T01:01:04.695736+02:00
295906974,de:11000:900025321:1:51,-0.2,2026-10-02T01:01:04.695736+02:00
295906974,de:11000:900026105:1:50,-0.4,2026-10-02T01:01:04.695736+02:00
295906974,de:11000:900025423:1:50,-0.7,2026-10-02T01:01:04.695736+02:00
295906974,de:11000:900024102:2:53,-0.7,2026-10-02T01:01:04.695736+02:00
295906974,de:11000:900024101:3:55,-0.3,2026-10-02T01:01:04.695736+02:00
295906974,de:11000:900024203:1:51,-0.8,2026-10-02T01:01:04.695736+02:00
295906974,de:11000:900023201:3:54,-0.7,2026-10-02T01:01:04.695736+02:00
295906974,de:11000:900003103:1:50,-0.8,2026-10-02T01:01:04.695736+02:00
295906974,de:11000:900003102:1:50,-0.9,2026-10-02T01:01:04.695736+02:00
295906974,de:11000:900003201:3:54,-0.5,2026-10-02T01:01:04.695736+02:00
295906974,de:11000:900100001:3:54,-0.1,2026-10-02T01:01:04.695736+02:00
295906974,de:11000:900100002:1:50,-0.4,2026-10-02T01:01:04.695736+02:00
295906974,de:11000:900100003:2:52,-0.1,2026-10-02T01:01:04.695736+02:00
295906974,de:11000:900100004:1:50,-0.4,2026-10-02T01:01:04.695736+02:00
295906974,de:11000:900120005:4:55,-0.6,2026-10-02T01:01:04.695736+02:00
295906974,de:11000:900120004:1:50,-0.1,2026-10-02T01:01:04.695736+02:00
295906974,de:11000:900120003:2:53,-0.4,2026-10-02T01:01:04.695736+02:00
295906974,de:11000:900160001:1:51,-0.4,2026-10-02T01:01:04.695736+02:00
295906974,de:11000:900160002:1:50,-0.7,2026-10-02T01:01:04.695736+02:00
295906974,de:11000:900162001:1:51,-0.3,2026-10-02T01:01:04.695736+02:00
295906974,de:11000:900180002:1:51,-0.3,2026-10-02T01:01:04.695736+02:00
295906974,de:11000:900180001:1:50,-0.7,2026-10-02T01:01:04.695736+02:00
295906974,de:11000:900182001:1:51,-0.2,2026-10-02T01:01:04.695736+02:00
295906974,de:11000:900182002:1:51,-0.4,2026-10-02T01:01:04.695736+02:00
295906974,de:11000:900183001:1:51,0.0,2026-10-02T01:01:04.695736+02:00
295906974,de:11000:900183002:1:51,-0.3,2026-10-02T01:01:04.695736+02:00
295906974,de:12067:900310004:3:52,-0.5,2026-10-02T01:01:04.695736+02:00
307434441,de:11000:900192001:1:50,0.0,2026-10-02T01:01:04.695736+02:00
307434441,de:11000:900120003:4:57,0.0,2026-10-02T01:01:04.695736+02:00
307434441,de:11000:900007102:4:56,0.0,2026-10-02T01:01:04.695736+02:00
307434441,de:11000:900029101:2:52,0.0,2026-10-02T01:01:04.695736+02:00
307434441,de:11000:900037168:1:50,0.0,2026-10-02T01:01:04.695736+02:00
307434441,de:12063:900210180:1:50,0.0,2026-10-02T01:01:04.695736+02:00
307434441,de:12063:900210010:1:50,0.0,2026-10-02T01:01:04.695736+02:00
307434441,de:12063:900210011:1:50,0.0,2026-10-02T01:01:04.695736+02:00
307434441,de:12063:900210326:1:50,0.0,2026-10-02T01:01:04.695736+02:00
307434441,de:12063:900210005:1:50,0.0,2026-10-02T01:01:04.695736+02:00
295907187,de:12067:900310004:3:52,0.0,2026-10-02T01:01:04.695736+02:00
295907187,de:11000:900183002:1:50,-0.1,2026-10-02T01:01:04.695736+02:00
295907187,de:11000:900183001:1:50,-0.4,2026-10-02T01:01:04.695736+02:00
295907187,de:11000:900182002:1:50,0.0,2026-10-02T01:01:04.695736+02:00
295907187,de:11000:900182001:1:50,-0.2,2026-10-02T01:01:04.695736+02:00
295907187,de:11000:900180001:1:50,-0.7,2026-10-02T01:01:04.695736+02:00
295907187,de:11000:900180002:1:50,-0.7,2026-10-02T01:01:04.695736+02:00
295907187,de:11000:900162001:1:50,-0.9,2026-10-02T01:01:04.695736+02:00
295907187,de:11000:900160002:1:50,0.0,2026-10-02T01:01:04.695736+02:00
295907187,de:11000:900160001:1:50,-0.3,2026-10-02T01:01:04.695736+02:00
295907187,de:11000:900120003:3:55,-0.1,2026-10-02T01:01:04.695736+02:00
295907187,de:11000:900120004:2:53,-0.6,2026-10-02T01:01:04.695736+02:00
295907187,de:11000:900120005:5:58,-0.9,2026-10-02T01:01:04.695736+02:00
295907187,de:11000:900100004:1:51,-0.4,2026-10-02T01:01:04.695736+02:00
295907187,de:11000:900100003:2:53,-0.4,2026-10-02T01:01:04.695736+02:00
295907187,de:11000:900100002:1:51,-0.4,2026-10-02T01:01:04.695736+02:00
295907187,de:11000:900100001:3:55,-0.4,2026-10-02T01:01:04.695736+02:00
295907187,de:11000:900003201:3:55,-0.1,2026-10-02T01:01:04.695736+02:00
295907187,de:11000:900003102:1:51,-0.8,2026-10-02T01:01:04.695736+02:00
295907187,de:11000:900003103:1:51,-0.9,2026-10-02T01:01:04.695736+02:00
295907187,de:11000:900023201:3:55,-0.8,2026-10-02T01:01:04.695736+02:00
295907187,de:11000:900024203:1:51,-0.8,2026-10-02T01:01:04.695736+02:00
295907187,de:11000:900024101:4:57,-0.8,2026-10-02T01:01:04.695736+02:00
295907187,de:11000:900024102:1:50,-0.1,2026-10-02T01:01:04.695736+02:00
295907187,de:11000:900025423:1:50,-0.4,2026-10-02T01:01:04.695736+02:00
295907187,de:11000:900026105:1:50,-0.7,2026-10-02T01:01:04.695736+02:00
295907187,de:11000:900025321:1:50,-0.3,2026-10-02T01:01:04.695736+02:00
295907187,de:11000:900025424:1:50,-0.3,2026-10-02T01:01:04.695736+02:00
295907187,de:11000:900030202:1:50,-0.9,2026-10-02T01:01:04.695736+02:00
295907187,de:11000:900029101:1:50,-0.9,2026-10-02T01:01:04.695736+02:00
307444212,de:12062:900415345:2:51,0.0,2026-10-02T01:01:04.695736+02:00
307444212,de:12062:900415683:1:50,0.0,2026-10-02T01:01:04.695736+02:00
307444212,000300839001,0.0,2026-10-02T01:01:04.695736+02:00
307444212,000300838001,0.0,2026-10-02T01:01:04.695736+02:00
307444212,de:12072:900245303:1:50,0.0,2026-10-02T01:01:04.695736+02:00
307444212,de:12072:900245019:2:51,0.0,2026-10-02T01:01:04.695736+02:00
307444212,de:12072:900245002:3:53,0.0,2026-10-02T01:01:04.695736+02:00
307444212,de:12072:900245016:2:51,0.0,2026-10-02T01:01:04.695736+02:00
307444212,de:12072:900245010:2:51,0.0,2026-10-02T01:01:04.695736+02:00
307444212,de:12072:900245037:2:51,0.0,2026-10-02T01:01:04.695736+02:00
307444212,de:12072:900245029:2:53,0.0,2026-10-02T01:01:04.695736+02:00
307444212,de:11000:900064301:2:51,0.0,2026-10-02T01:01:04.695736+02:00
307444212,de:11000:900058101:3:55,0.0,2026-10-02T01:01:04.695736+02:00
307444212,de:11000:900100020:2:52,0.0,2026-10-02T01:01:04.695736+02:00
307444212,de:11000:900003200:4:56,0.0,2026-10-02T01:01:04.695736+02:00
307444212,de:11000:900020201:1:51,0.0,2026-10-02T01:01:04.695736+02:00
307444212,de:11000:900029101:2:53,0.0,2026-10-02T01:01:04.695736+02:00
307444551,de:11000:900029101:3:54,0.0,2026-10-02T01:01:04.695736+02:00
307444551,de:11000:900020201:1:50,0.0,2026-10-02T01:01:04.695736+02:00
307444551,de:11000:900003200:1:51,0.0,2026-10-02T01:01:04.695736+02:00
307444551,de:11000:900100020:1:51,0.0,2026-10-02T01:01:04.695736+02:00
307444551,de:11000:900058101:2:53,0.0,2026-10-02T01:01:04.695736+02:00
307444551,de:11000:900064301:1:50,0.0,2026-10-02T01:01:04.695736+02:00
307444551,de:12072:900245029:1:50,0.0,2026-10-02T01:01:04.695736+02:00
307444551,de:12072:900245037:1:50,0.0,2026-10-02T01:01:04.695736+02:00
307444551,de:12072:900245010:1:50,0.0,2026-10-02T01:01:04.695736+02:00
307444551,de:12072:900245016:1:50,0.0,2026-10-02T01:01:04.695736+02:00
307444551,de:12072:900245002:2:52,0.0,2026-10-02T01:01:04.695736+02:00
307444551,de:12072:900245019:2:51,0.0,2026-10-02T01:01:04.695736+02:00
307444551,de:12072:900245303:1:50,0.0,2026-10-02T01:01:04.695736+02:00
307444551,000300838001,0.0,2026-10-02T01:01:04.695736+02:00
307444551,000300839001,0.0,2026-10-02T01:01:04.695736+02:00
307444551,de:12062:900415683:1:50,0.0,2026-10-02T01:01:04.695736+02:00
307444551,de:12062:900415345:1:50,0.0,2026-10-02T01:01:04.695736+02:00
307444168,de:12072:900245002:2:52,0.0,2026-10-02T01:01:04.695736+02:00
307444168,de:12072:900245016:2:51,0.0,2026-10-02T01:01:04.695736+02:00
307444168,de:12072:900245010:2:51,0.0,2026-10-02T01:01:04.695736+02:00
307444168,de:12072:900245037:2:51,0.0,2026-10-02T01:01:04.695736+02:00
307444168,de:12072:900245029:2:53,0.0,2026-10-02T01:01:04.695736+02:00
307444168,de:11000:900064301:2:51,0.0,2026-10-02T01:01:04.695736+02:00
307444168,de:11000:900058101:3:55,0.0,2026-10-02T01:01:04.695736+02:00
307444168,de:11000:900100020:2:52,0.0,2026-10-02T01:01:04.695736+02:00
307444168,de:11000:900003200:4:56,0.0,2026-10-02T01:01:04.695736+02:00
307444168,de:11000:900020201:1:51,0.0,2026-10-02T01:01:04.695736+02:00
307444168,de:11000:900029101:2:53,0.0,2026-10-02T01:01:04.695736+02:00
307443466,de:13075:6237,0.0,2026-10-02T01:01:04.695736+02:00
307443466,de:12073:900340979:2:51,0.0,2026-10-02T01:01:04.695736+02:00
307443466,de:12073:900340050:2:52,0.0,2026-10-02T01:01:04.695736+02:00
307443466,de:12073:900340055:1:50,0.0,2026-10-02T01:01:04.695736+02:00
307443466,de:12073:900340056:2:51,0.0,2026-10-02T01:01:04.695736+02:00
307443466,de:12073:900341270:2:51,0.0,2026-10-02T01:01:04.695736+02:00
307443466,de:12073:900340004:3:54,0.0,2026-10-02T01:01:04.695736+02:00
307443466,de:12060:900350125:2:51,0.0,2026-10-02T01:01:04.695736+02:00
307443466,de:12060:900350124:2:51,0.0,2026-10-02T01:01:04.695736+02:00
307443466,de:12060:900350127:3:53,0.0,2026-10-02T01:01:04.695736+02:00
307443466,de:12060:900350160:2:52,0.0,2026-10-02T01:01:04.695736+02:00
307443466,de:11000:900007102:4:57,0.0,2026-10-02T01:01:04.695736+02:00
307443466,de:11000:900003200:1:51,0.0,2026-10-02T01:01:04.695736+02:00
307443466,de:11000:900100020:1:51,0.0,2026-10-02T01:01:04.695736+02:00
307443466,de:11000:900058101:3:54,0.0,2026-10-02T01:01:04.695736+02:00
307443466,de:11000:900064301:1:50,0.0,2026-10-02T01:01:04.695736+02:00
307443466,de:12069:900220001:1:50,0.0,2026-10-02T01:01:04.695736+02:00
307443466,de:12072:900245032:1:50,0.0,2026-10-02T01:01:04.695736+02:00
307443466,de:12072:900245030:1:50,0.0,2026-10-02T01:01:04.695736+02:00
307443466,de:12072:900245029:1:50,0.0,2026-10-02T01:01:04.695736+02:00
307443466,de:12072:900245014:1:50,0.0,2026-10-02T01:01:04.695736+02:00
307443466,de:12072:900245016:1:50,0.0,2026-10-02T01:01:04.695736+02:00
307443466,de:12072:900245002:2:52,0.0,2026-10-02T01:01:04.695736+02:00
307443466,de:12072:900245017:1:50,0.0,2026-10-02T01:01:04.695736+02:00
307443466,de:12072:900245018:2:51,0.0,2026-10-02T01:01:04.695736+02:00
307443466,de:15091:8013371,0.0,2026-10-02T01:01:04.695736+02:00
307443466,de:15091:8011290,0.0,2026-10-02T01:01:04.695736+02:00
307443466,de:15091:8013418,0.0,2026-10-02T01:01:04.695736+02:00
307443466,de:15091:8010222,0.0,2026-10-02T01:01:04.695736+02:00
307440994,de:12070:900216026:3:53,0.0,2026-10-02T01:01:04.695736+02:00
307440994,de:12070:900216013:1:50,0.0,2026-10-02T01:01:04.695736+02:00
307440994,de:12070:900215696:1:50,0.0,2026-10-02T01:01:04.695736+02:00
307440994,de:12070:900215350:1:50,0.0,2026-10-02T01:01:04.695736+02:00
307440994,de:12070:900215723:1:50,0.0,2026-10-02T01:01:04.695736+02:00
307440994,de:12068:900205322:1:50,0.0,2026-10-02T01:01:04.695736+02:00
307440994,de:12068:900205130:1:50,0.0,2026-10-02T01:01:04.695736+02:00
307440994,de:12068:900205617:2:51,0.0,2026-10-02T01:01:04.695736+02:00
307440994,de:12068:900205090:1:50,0.0,2026-10-02T01:01:04.695736+02:00
307440994,de:12068:900205092:1:50,0.0,2026-10-02T01:01:04.695736+02:00
307440994,de:12068:900205022:1:50,0.0,2026-10-02T01:01:04.695736+02:00
307440994,de:12068:900205023:1:50,0.0,2026-10-02T01:01:04.695736+02:00
307440994,de:12068:900205006:1:50,0.0,2026-10-02T01:01:04.695736+02:00
307440994,de:12068:900205005:1:50,0.0,2026-10-02T01:01:04.695736+02:00
307440994,de:12065:900203491:1:50,0.0,2026-10-02T01:01:04.695736+02:00
307440994,de:12065:900203452:1:50,0.0,2026-10-02T01:01:04.695736+02:00
307440994,de:12065:900200004:1:51,0.0,2026-10-02T01:01:04.695736+02:00
307440994,de:12065:900200000:1:50,0.0,2026-10-02T01:01:04.695736+02:00
307437138,de:12069:900220143:1:50,0.0,2026-10-02T01:01:04.695736+02:00
307437138,de:12069:900220142:1:50,0.0,2026-10-02T01:01:04.695736+02:00
307437138,de:12069:900220141:1:50,0.0,2026-10-02T01:01:04.695736+02:00
307437138,de:12069:900222030:2:51,0.0,2026-10-02T01:01:04.695736+02:00
307437138,de:12069:900220005:2:51,0.0,2026-10-02T01:01:04.695736+02:00
307437138,de:12069:900220004:2:51,0.0,2026-10-02T01:01:04.695736+02:00
307437138,de:12069:900220003:1:51,0.0,2026-10-02T01:01:04.695736+02:00
307437138,de:12069:900220006:2:51,0.0,2026-10-02T01:01:04.695736+02:00
307437138,de:12069:900220008:2:51,0.0,2026-10-02T01:01:04.695736+02:00
307437138,de:12054:900230001:2:51,0.0,2026-10-02T01:01:04.695736+02:00
307437138,de:11000:900053301:3:55,0.0,2026-10-02T01:01:04.695736+02:00
307437138,de:11000:900024101:2:52,0.0,2026-10-02T01:01:04.695736+02:00
295910326,de:11000:900182002:1:50,0.0,2026-10-02T01:01:04.695736+02:00
295910326,de:11000:900182001:1:50,-0.2,2026-10-02T01:01:04.695736+02:00
295910326,de:11000:900180001:1:50,-0.7,2026-10-02T01:01:04.695736+02:00
295910326,de:11000:900180002:1:50,-0.7,2026-10-02T01:01:04.695736+02:00
295910326,de:11000:900162001:1:50,-0.9,2026-10-02T01:01:04.695736+02:00
295910326,de:11000:900160002:1:50,0.0,2026-10-02T01:01:04.695736+02:00
295910326,de:11000:900160001:1:50,-0.3,2026-10-02T01:01:04.695736+02:00
295910326,de:11000:900120003:3:55,-0.1,2026-10-02T01:01:04.695736+02:00
295910326,de:11000:900120004:2:53,-0.6,2026-10-02T01:01:04.695736+02:00
295910326,de:11000:900120005:5:58,-0.9,2026-10-02T01:01:04.695736+02:00
295910326,de:11000:900100004:1:51,-0.9,2026-10-02T01:01:04.695736+02:00
295910326,de:11000:900100003:2:53,-0.9,2026-10-02T01:01:04.695736+02:00
295910326,de:11000:900100002:1:51,-0.9,2026-10-02T01:01:04.695736+02:00
295910326,de:11000:900100001:3:55,-0.9,2026-10-02T01:01:04.695736+02:00
295910326,de:11000:900003201:3:55,-0.6,2026-10-02T01:01:04.695736+02:00
295910326,de:11000:900003102:1:51,-0.3,2026-10-02T01:01:04.695736+02:00
295910326,de:11000:900003103:1:51,-0.4,2026-10-02T01:01:04.695736+02:00
295910326,de:11000:900023201:3:55,-0.3,2026-10-02T01:01:04.695736+02:00
295910326,de:11000:900024203:1:51,-0.3,2026-10-02T01:01:04.695736+02:00
295910326,de:11000:900024101:4:56,-0.3,2026-10-02T01:01:04.695736+02:00
306896348,de:12067:900310013::4,0.0,2026-10-02T01:01:04.695736+02:00
306896348,de:12067:900310557::3,0.0,2026-10-02T01:01:04.695736+02:00
306896348,de:12067:900310555::1,0.0,2026-10-02T01:01:04.695736+02:00
306896348,de:12067:900310853::1,0.0,2026-10-02T01:01:04.695736+02:00
306896348,de:12067:900310845::1,0.0,2026-10-02T01:01:04.695736+02:00
306896348,de:12067:900310857::1,0.0,2026-10-02T01:01:04.695736+02:00
306896348,de:12067:900310854::1,0.0,2026-10-02T01:01:04.695736+02:00
306896348,de:12067:900310846::1,0.0,2026-10-02T01:01:04.695736+02:00
306896348,de:12067:900310847::1,0.0,2026-10-02T01:01:04.695736+02:00
306896348,de:12067:900310890::1,0.0,2026-10-02T01:01:04.695736+02:00
306896348,de:12064:900320274::1,0.0,2026-10-02T01:01:04.695736+02:00
295910345,de:12067:900310004:3:53,0.0,2026-10-02T01:01:04.695736+02:00
295910345,de:11000:900183002:1:50,-0.1,2026-10-02T01:01:04.695736+02:00
295910345,de:11000:900183001:1:50,-0.4,2026-10-02T01:01:04.695736+02:00
295910345,de:11000:900182002:1:50,0.0,2026-10-02T01:01:04.695736+02:00
295910345,de:11000:900182001:1:50,-0.2,2026-10-02T01:01:04.695736+02:00
295910345,de:11000:900180001:1:50,-0.7,2026-10-02T01:01:04.695736+02:00
295910345,de:11000:900180002:1:50,-0.7,2026-10-02T01:01:04.695736+02:00
295910345,de:11000:900162001:1:50,-0.9,2026-10-02T01:01:04.695736+02:00
295910345,de:11000:900160002:1:50,0.0,2026-10-02T01:01:04.695736+02:00
295910345,de:11000:900160001:1:50,-0.3,2026-10-02T01:01:04.695736+02:00
295910345,de:11000:900120003:3:55,-0.1,2026-10-02T01:01:04.695736+02:00
295910345,de:11000:900120004:2:53,-0.6,2026-10-02T01:01:04.695736+02:00
295910345,de:11000:900120005:5:58,-0.9,2026-10-02T01:01:04.695736+02:00
295910345,de:11000:900100004:1:51,-0.9,2026-10-02T01:01:04.695736+02:00
295910345,de:11000:900100003:2:53,-0.9,2026-10-02T01:01:04.695736+02:00
295910345,de:11000:900100002:1:51,-0.9,2026-10-02T01:01:04.695736+02:00
295910345,de:11000:900100001:3:55,-0.9,2026-10-02T01:01:04.695736+02:00
295910345,de:11000:900003201:3:55,-0.6,2026-10-02T01:01:04.695736+02:00
295910345,de:11000:900003102:1:51,-0.3,2026-10-02T01:01:04.695736+02:00
295910345,de:11000:900003103:1:51,-0.4,2026-10-02T01:01:04.695736+02:00
295910345,de:11000:900023201:3:55,-0.3,2026-10-02T01:01:04.695736+02:00
295910345,de:11000:900024203:1:51,-0.3,2026-10-02T01:01:04.695736+02:00
295910345,de:11000:900024101:4:56,-0.3,2026-10-02T01:01:04.695736+02:00
306895408,de:12067:900311129::3,0.0,2026-10-02T01:01:04.695736+02:00
306895408,de:12067:900310755::2,0.0,2026-10-02T01:01:04.695736+02:00
306895408,de:12067:900310728::2,0.0,2026-10-02T01:01:04.695736+02:00
306895408,de:12067:900310727::2,0.0,2026-10-02T01:01:04.695736+02:00
306895408,de:12067:900310942::1,0.0,2026-10-02T01:01:04.695736+02:00
306895408,de:12067:900310902::1,0.0,2026-10-02T01:01:04.695736+02:00
306895408,de:12067:900311064::1,0.0,2026-10-02T01:01:04.695736+02:00
306895408,de:12067:900311065::1,0.0,2026-10-02T01:01:04.695736+02:00
306895408,de:12067:900310826::1,0.0,2026-10-02T01:01:04.695736+02:00
306895408,de:12067:900311098::1,0.0,2026-10-02T01:01:04.695736+02:00
306895408,de:12067:900310832::1,0.0,2026-10-02T01:01:04.695736+02:00
306895408,de:12067:900310981::1,0.0,2026-10-02T01:01:04.695736+02:00
306895408,de:12067:900310701::2,0.0,2026-10-02T01:01:04.695736+02:00
306895408,de:12067:900310700::1,0.0,2026-10-02T01:01:04.695736+02:00
306895408,de:12067:900310731::2,0.0,2026-10-02T01:01:04.695736+02:00
306895408,de:12067:900311079::2,0.0,2026-10-02T01:01:04.695736+02:00
306895408,de:12067:900311009::1,0.0,2026-10-02T01:01:04.695736+02:00
306895408,de:12067:900311076::1,0.0,2026-10-02T01:01:04.695736+02:00
306895408,de:12067:900310613::1,0.0,2026-10-02T01:01:04.695736+02:00
306896297,de:12067:900310888::2,0.0,2026-10-02T01:01:04.695736+02:00
306896297,de:12067:900310881::2,0.0,2026-10-02T01:01:04.695736+02:00
306896297,de:12067:900310885::1,0.0,2026-10-02T01:01:04.695736+02:00
306896297,de:12067:900310883::2,0.0,2026-10-02T01:01:04.695736+02:00
306896297,de:12067:900310920::2,0.0,2026-10-02T01:01:04.695736+02:00
306896297,de:12067:900310882::2,0.0,2026-10-02T01:01:04.695736+02:00
306896297,de:12067:900310889::2,0.0,2026-10-02T01:01:04.695736+02:00
306896297,de:12067:900310890::2,0.0,2026-10-02T01:01:04.695736+02:00
306896297,de:12067:900310847::2,0.0,2026-10-02T01:01:04.695736+02:00
306896297,de:12067:900310846::2,0.0,2026-10-02T01:01:04.695736+02:00
306896297,de:12067:900310854::2,0.0,2026-10-02T01:01:04.695736+02:00
306896297,de:12067:900310857::2,0.0,2026-10-02T01:01:04.695736+02:00
306896297,de:12067:900311970::1,0.0,2026-10-02T01:01:04.695736+02:00
306896297,de:12067:900310853::1,0.0,2026-10-02T01:01:04.695736+02:00
306896297,de:12067:900310845::1,0.0,2026-10-02T01:01:04.695736+02:00
306896297,de:12067:900310855::2,0.0,2026-10-02T01:01:04.695736+02:00
306896297,de:12067:900310844::2,0.0,2026-10-02T01:01:04.695736+02:00
306896297,de:12067:900310856::1,0.0,2026-10-02T01:01:04.695736+02:00
306896297,de:12067:900310849::2,0.0,2026-10-02T01:01:04.695736+02:00
306896297,de:12067:900310851::2,0.0,2026-10-02T01:01:04.695736+02:00
306896297,de:12067:900310850::2,0.0,2026-10-02T01:01:04.695736+02:00
306896297,de:12067:900310852::2,0.0,2026-10-02T01:01:04.695736+02:00
306896297,de:12067:900310555::2,0.0,2026-10-02T01:01:04.695736+02:00
306896297,de:12067:900310557::2,0.0,2026-10-02T01:01:04.695736+02:00
306896297,de:12067:900310013::7,0.0,2026-10-02T01:01:04.695736+02:00
307280593,de:11000:900020202:1:51,0.0,2026-10-02T01:01:04.695736+02:00
307280593,de:11000:900001201:1:51,-0.2,2026-10-02T01:01:04.695736+02:00
307280593,de:11000:900009104:1:51,-0.8,2026-10-02T01:01:04.695736+02:00
307280593,de:11000:900007102:2:52,-0.9,2026-10-02T01:01:04.695736+02:00
307280593,de:11000:900110001:1:50,-0.6,2026-10-02T01:01:04.695736+02:00
307280593,de:11000:900110002:1:50,-0.4,2026-10-02T01:01:04.695736+02:00
307280593,de:11000:900110003:1:50,-0.4,2026-10-02T01:01:04.695736+02:00
307280593,de:11000:900110004:1:50,-0.8,2026-10-02T01:01:04.695736+02:00
307280593,de:11000:900110012:1:50,-0.7,2026-10-02T01:01:04.695736+02:00
307280593,de:11000:900120001:1:50,-0.7,2026-10-02T01:01:04.695736+02:00
307280593,de:11000:900120003:5:58,-0.1,2026-10-02T01:01:04.695736+02:00
307280593,de:11000:900190001:1:50,-0.4,2026-10-02T01:01:04.695736+02:00
307280593,de:11000:900077106:1:50,-0.4,2026-10-02T01:01:04.695736+02:00
307280593,de:11000:900078201:1:50,-0.3,2026-10-02T01:01:04.695736+02:00
307280593,de:11000:900079221:1:50,-0.2,2026-10-02T01:01:04.695736+02:00
307280593,de:11000:900068201:1:50,-0.8,2026-10-02T01:01:04.695736+02:00
307280593,de:11000:900058101:5:58,-0.1,2026-10-02T01:01:04.695736+02:00
307280593,de:11000:900054104:2:52,-0.2,2026-10-02T01:01:04.695736+02:00
307280593,de:11000:900054105:1:50,-0.9,2026-10-02T01:01:04.695736+02:00
307280593,de:11000:900044202:1:50,-0.7,2026-10-02T01:01:04.695736+02:00
307280593,de:11000:900045102:1:50,-0.7,2026-10-02T01:01:04.695736+02:00
307280593,de:11000:900044101:1:50,-0.8,2026-10-02T01:01:04.695736+02:00
307280593,de:11000:900040101:1:50,-0.8,2026-10-02T01:01:04.695736+02:00
307280562,de:11000:900020202:1:51,0.0,2026-10-02T01:01:04.695736+02:00
307280562,de:11000:900001201:1:51,-0.2,2026-10-02T01:01:04.695736+02:00
307280562,de:11000:900009104:1:51,-0.8,2026-10-02T01:01:04.695736+02:00
307280562,de:11000:900007102:2:52,-0.9,2026-10-02T01:01:04.695736+02:00
307280562,de:11000:900110001:1:50,-0.6,2026-10-02T01:01:04.695736+02:00
307280562,de:11000:900110002:1:50,-0.4,2026-10-02T01:01:04.695736+02:00
307280562,de:11000:900110003:1:50,-0.4,2026-10-02T01:01:04.695736+02:00
307280562,de:11000:900110004:1:50,-0.8,2026-10-02T01:01:04.695736+02:00
307280562,de:11000:900110012:1:50,-0.7,2026-10-02T01:01:04.695736+02:00
307280562,de:11000:900120001:1:50,-0.7,2026-10-02T01:01:04.695736+02:00
307280562,de:11000:900120003:5:58,-0.1,2026-10-02T01:01:04.695736+02:00
307280562,de:11000:900190001:1:50,-0.4,2026-10-02T01:01:04.695736+02:00
307280562,de:11000:900077106:1:50,-0.4,2026-10-02T01:01:04.695736+02:00
307280562,de:11000:900078201:1:50,-0.3,2026-10-02T01:01:04.695736+02:00
307280562,de:11000:900079221:1:50,-0.2,2026-10-02T01:01:04.695736+02:00
307280562,de:11000:900068201:1:50,-0.8,2026-10-02T01:01:04.695736+02:00
307280562,de:11000:900058101:5:58,-0.1,2026-10-02T01:01:04.695736+02:00
307280562,de:11000:900054104:2:52,-0.2,2026-10-02T01:01:04.695736+02:00
307280562,de:11000:900054105:1:50,-0.9,2026-10-02T01:01:04.695736+02:00
307280562,de:11000:900044202:1:50,-0.7,2026-10-02T01:01:04.695736+02:00
307280562,de:11000:900045102:1:50,-0.7,2026-10-02T01:01:04.695736+02:00
307280562,de:11000:900044101:1:50,-0.8,2026-10-02T01:01:04.695736+02:00
307280562,de:11000:900040101:1:50,-0.8,2026-10-02T01:01:04.695736+02:00
307280428,de:11000:900020202:1:50,0.0,2026-10-02T01:01:04.695736+02:00
307280428,de:11000:900001201:1:50,-0.2,2026-10-02T01:01:04.695736+02:00
307280428,de:11000:900009104:1:50,-0.8,2026-10-02T01:01:04.695736+02:00
307280428,de:11000:900007102:2:52,-0.4,2026-10-02T01:01:04.695736+02:00
307280428,de:11000:900110001:1:50,-0.6,2026-10-02T01:01:04.695736+02:00
307280428,de:11000:900110002:1:50,-0.4,2026-10-02T01:01:04.695736+02:00
307280428,de:11000:900110003:1:50,-0.4,2026-10-02T01:01:04.695736+02:00
307280428,de:11000:900110004:1:50,-0.8,2026-10-02T01:01:04.695736+02:00
307280428,de:11000:900110012:1:50,-0.7,2026-10-02T01:01:04.695736+02:00
307280428,de:11000:900120001:1:50,-0.7,2026-10-02T01:01:04.695736+02:00
307280428,de:11000:900120003:5:58,-0.1,2026-10-02T01:01:04.695736+02:00
307280428,de:11000:900190001:1:50,-0.4,2026-10-02T01:01:04.695736+02:00
307280428,de:11000:900077106:1:50,-0.4,2026-10-02T01:01:04.695736+02:00
307280428,de:11000:900078201:1:50,-0.3,2026-10-02T01:01:04.695736+02:00
307280428,de:11000:900079221:1:50,-0.2,2026-10-02T01:01:04.695736+02:00
307280428,de:11000:900068201:1:50,-0.8,2026-10-02T01:01:04.695736+02:00
307280428,de:11000:900058101:5:58,-0.1,2026-10-02T01:01:04.695736+02:00
307280428,de:11000:900054104:2:52,-0.7,2026-10-02T01:01:04.695736+02:00
307280428,de:11000:900054105:1:50,-0.9,2026-10-02T01:01:04.695736+02:00
307280428,de:11000:900044202:1:50,-0.7,2026-10-02T01:01:04.695736+02:00
307280428,de:11000:900045102:1:50,-0.7,2026-10-02T01:01:04.695736+02:00
307280428,de:11000:900044101:1:50,-0.8,2026-10-02T01:01:04.695736+02:00
307280428,de:11000:900040101:1:50,-0.3,2026-10-02T01:01:04.695736+02:00
307280428,de:11000:900024101:3:54,-0.8,2026-10-02T01:01:04.695736+02:00
307286645,de:11000:900024101:3:54,0.0,2026-10-02T01:01:04.695736+02:00
307286645,de:11000:900040101:1:50,-0.2,2026-10-02T01:01:04.695736+02:00
307286645,de:11000:900044101:1:50,-0.3,2026-10-02T01:01:04.695736+02:00
307286645,de:11000:900045102:1:51,-0.4,2026-10-02T01:01:04.695736+02:00
307286645,de:11000:900044202:1:51,-0.4,2026-10-02T01:01:04.695736+02:00
307286645,de:11000:900054105:1:51,-0.2,2026-10-02T01:01:04.695736+02:00
307286645,de:11000:900054104:2:53,-0.8,2026-10-02T01:01:04.695736+02:00
307286645,de:11000:900058101:5:59,-0.2,2026-10-02T01:01:04.695736+02:00
307286645,de:11000:900068201:1:51,-0.8,2026-10-02T01:01:04.695736+02:00
307286645,de:11000:900079221:1:51,-0.4,2026-10-02T01:01:04.695736+02:00
307286645,de:11000:900078201:1:51,-0.1,2026-10-02T01:01:04.695736+02:00
307286645,de:11000:900077106:1:51,0.0,2026-10-02T01:01:04.695736+02:00
307286645,de:11000:900190001:2:52,-0.9,2026-10-02T01:01:04.695736+02:00
307286645,de:11000:900120003:5:59,-0.4,2026-10-02T01:01:04.695736+02:00
307286645,de:11000:900120001:1:51,0.0,2026-10-02T01:01:04.695736+02:00
307286645,de:11000:900110012:1:51,-0.2,2026-10-02T01:01:04.695736+02:00
307286645,de:11000:900110004:1:51,-0.1,2026-10-02T01:01:04.695736+02:00
307286645,de:11000:900110003:1:51,-0.4,2026-10-02T01:01:04.695736+02:00
307286645,de:11000:900110002:1:51,-0.4,2026-10-02T01:01:04.695736+02:00
307286645,de:11000:900110001:1:51,-0.1,2026-10-02T01:01:04.695736+02:00
307286645,de:11000:900007102:1:51,-0.6,2026-10-02T01:01:04.695736+02:00
307286645,de:11000:900009104:1:51,-0.8,2026-10-02T01:01:04.695736+02:00
307286645,de:11000:900001201:1:51,-0.3,2026-10-02T01:01:04.695736+02:00
307286645,de:11000:900020202:1:51,-0.1,2026-10-02T01:01:04.695736+02:00
307286668,de:11000:900040101:1:50,0.0,2026-10-02T01:01:04.695736+02:00
307286668,de:11000:900044101:1:50,-0.8,2026-10-02T01:01:04.695736+02:00
307286668,de:11000:900045102:1:51,-0.9,2026-10-02T01:01:04.695736+02:00
307286668,de:11000:900044202:1:51,-0.9,2026-10-02T01:01:04.695736+02:00
307286668,de:11000:900054105:1:51,-0.7,2026-10-02T01:01:04.695736+02:00
307286668,de:11000:900054104:2:53,-0.3,2026-10-02T01:01:04.695736+02:00
307286668,de:11000:900058101:5:59,-0.2,2026-10-02T01:01:04.695736+02:00
307286668,de:11000:900068201:1:51,-0.8,2026-10-02T01:01:04.695736+02:00
307286668,de:11000:900079221:1:51,-0.4,2026-10-02T01:01:04.695736+02:00
307286668,de:11000:900078201:1:51,-0.1,2026-10-02T01:01:04.695736+02:00
307286668,de:11000:900077106:1:51,0.0,2026-10-02T01:01:04.695736+02:00
307286668,de:11000:900190001:2:52,-0.9,2026-10-02T01:01:04.695736+02:00
307286668,de:11000:900120003:5:59,-0.4,2026-10-02T01:01:04.695736+02:00
307286668,de:11000:900120001:1:51,0.0,2026-10-02T01:01:04.695736+02:00
307286668,de:11000:900110012:1:51,-0.2,2026-10-02T01:01:04.695736+02:00
307286668,de:11000:900110004:1:51,-0.1,2026-10-02T01:01:04.695736+02:00
307286668,de:11000:900110003:1:51,-0.4,2026-10-02T01:01:04.695736+02:00
307286668,de:11000:900110002:1:51,-0.4,2026-10-02T01:01:04.695736+02:00
307286668,de:11000:900110001:1:51,-0.1,2026-10-02T01:01:04.695736+02:00
307286668,de:11000:900007102:1:51,-0.6,2026-10-02T01:01:04.695736+02:00
307286668,de:11000:900009104:1:50,-0.8,2026-10-02T01:01:04.695736+02:00
307286668,de:11000:900001201:1:50,-0.3,2026-10-02T01:01:04.695736+02:00
307286668,de:11000:900020202:1:50,-0.1,2026-10-02T01:01:04.695736+02:00
307289079,de:11000:900079221:1:51,0.0,2026-10-02T01:01:04.695736+02:00
307289079,de:11000:900078201:1:51,-0.1,2026-10-02T01:01:04.695736+02:00
307289079,de:11000:900077106:1:51,0.0,2026-10-02T01:01:04.695736+02:00
307289079,de:11000:900190001:2:52,-0.9,2026-10-02T01:01:04.695736+02:00
307289079,de:11000:900120003:5:59,-0.4,2026-10-02T01:01:04.695736+02:00
307289079,de:11000:900120001:1:51,0.0,2026-10-02T01:01:04.695736+02:00
307289079,de:11000:900110012:1:51,-0.2,2026-10-02T01:01:04.695736+02:00
307289079,de:11000:900110004:1:51,-0.1,2026-10-02T01:01:04.695736+02:00
307289079,de:11000:900110003:1:51,-0.4,2026-10-02T01:01:04.695736+02:00
307289079,de:11000:900110002:1:51,-0.4,2026-10-02T01:01:04.695736+02:00
307289079,de:11000:900110001:1:51,-0.1,2026-10-02T01:01:04.695736+02:00
307289079,de:11000:900007102:1:51,-0.6,2026-10-02T01:01:04.695736+02:00
307289079,de:11000:900009104:1:51,-0.3,2026-10-02T01:01:04.695736+02:00
307289040,de:11000:900079221:1:51,0.0,2026-10-02T01:01:04.695736+02:00
307289040,de:11000:900078201:1:51,-0.1,2026-10-02T01:01:04.695736+02:00
307289040,de:11000:900077106:1:51,0.0,2026-10-02T01:01:04.695736+02:00
307289040,de:11000:900190001:2:52,-0.9,2026-10-02T01:01:04.695736+02:00
307289040,de:11000:900120003:5:59,-0.4,2026-10-02T01:01:04.695736+02:00
307289040,de:11000:900120001:1:51,0.0,2026-10-02T01:01:04.695736+02:00
307289040,de:11000:900110012:1:51,-0.2,2026-10-02T01:01:04.695736+02:00
307289040,de:11000:900110004:1:51,-0.1,2026-10-02T01:01:04.695736+02:00
307289040,de:11000:900110003:1:51,-0.4,2026-10-02T01:01:04.695736+02:00
307289040,de:11000:900110002:1:51,-0.4,2026-10-02T01:01:04.695736+02:00
307289040,de:11000:900110001:1:51,-0.1,2026-10-02T01:01:04.695736+02:00
307289040,de:11000:900007102:1:51,-0.6,2026-10-02T01:01:04.695736+02:00
307289040,de:11000:900009104:1:51,-0.3,2026-10-02T01:01:04.695736+02:00
307289038,de:11000:900079221:1:51,0.0,2026-10-02T01:01:04.695736+02:00
307289038,de:11000:900078201:1:51,-0.1,2026-10-02T01:01:04.695736+02:00
307289038,de:11000:900077106:1:51,0.0,2026-10-02T01:01:04.695736+02:00
307289038,de:11000:900190001:2:52,-0.9,2026-10-02T01:01:04.695736+02:00
307289038,de:11000:900120003:5:59,-0.4,2026-10-02T01:01:04.695736+02:00
307289038,de:11000:900120001:1:51,0.0,2026-10-02T01:01:04.695736+02:00
307289038,de:11000:900110012:1:51,-0.2,2026-10-02T01:01:04.695736+02:00
307289038,de:11000:900110004:1:51,-0.1,2026-10-02T01:01:04.695736+02:00
307289038,de:11000:900110003:1:51,-0.4,2026-10-02T01:01:04.695736+02:00
307289038,de:11000:900110002:1:51,-0.4,2026-10-02T01:01:04.695736+02:00
307289038,de:11000:900110001:1:51,-0.1,2026-10-02T01:01:04.695736+02:00
307289038,de:11000:900007102:1:51,-0.6,2026-10-02T01:01:04.695736+02:00
307289038,de:11000:900009104:1:51,-0.3,2026-10-02T01:01:04.695736+02:00
307292243,de:11000:900044202:1:51,0.0,2026-10-02T01:01:04.695736+02:00
307292243,de:11000:900054105:1:51,-0.2,2026-10-02T01:01:04.695736+02:00
307292243,de:11000:900054104:2:53,-0.8,2026-10-02T01:01:04.695736+02:00
307292243,de:11000:900058101:5:59,-0.7,2026-10-02T01:01:04.695736+02:00
307292243,de:11000:900068201:1:51,-0.3,2026-10-02T01:01:04.695736+02:00
307292243,de:11000:900079221:1:51,-0.9,2026-10-02T01:01:04.695736+02:00
307292243,de:11000:900078201:1:51,-0.6,2026-10-02T01:01:04.695736+02:00
307292243,de:11000:900077155:1:51,-0.2,2026-10-02T01:01:04.695736+02:00
307292243,de:11000:900191001:2:51,-0.7,2026-10-02T01:01:04.695736+02:00
307292243,de:11000:900192001:2:52,-0.7,2026-10-02T01:01:04.695736+02:00
307292243,de:11000:900193001:1:50,-0.2,2026-10-02T01:01:04.695736+02:00
307292243,de:11000:900193002:1:50,-0.8,2026-10-02T01:01:04.695736+02:00
307292243,de:11000:900186001:1:50,-0.8,2026-10-02T01:01:04.695736+02:00
307292243,de:12061:900260004:1:50,-0.2,2026-10-02T01:01:04.695736+02:00
307292243,de:12061:900260003:1:50,-0.4,2026-10-02T01:01:04.695736+02:00
307292243,de:12061:900260002:1:51,-0.2,2026-10-02T01:01:04.695736+02:00
307292243,de:12061:900260001:2:52,-0.2,2026-10-02T01:01:04.695736+02:00
307292664,de:12061:900260001:2:52,0.0,2026-10-02T01:01:04.695736+02:00
307292664,de:12061:900260002:1:51,-0.8,2026-10-02T01:01:04.695736+02:00
307292664,de:12061:900260003:1:51,-0.7,2026-10-02T01:01:04.695736+02:00
307292664,de:12061:900260004:1:51,-0.9,2026-10-02T01:01:04.695736+02:00
307292664,de:11000:900186001:2:53,-0.2,2026-10-02T01:01:04.695736+02:00
307292664,de:11000:900193002:1:51,-0.2,2026-10-02T01:01:04.695736+02:00
307292664,de:11000:900193001:2:51,-0.8,2026-10-02T01:01:04.695736+02:00
307292664,de:11000:900192001:3:55,-0.7,2026-10-02T01:01:04.695736+02:00
307292664,de:11000:900191001:1:50,-0.4,2026-10-02T01:01:04.695736+02:00
307292664,de:11000:900077155:1:50,-0.9,2026-10-02T01:01:04.695736+02:00
307292664,de:11000:900078201:1:50,-0.4,2026-10-02T01:01:04.695736+02:00
307292664,de:11000:900079221:1:50,-0.2,2026-10-02T01:01:04.695736+02:00
307292664,de:11000:900068201:1:50,-0.8,2026-10-02T01:01:04.695736+02:00
307292664,de:11000:900058101:5:58,-0.1,2026-10-02T01:01:04.695736+02:00
307292664,de:11000:900054104:2:52,-0.2,2026-10-02T01:01:04.695736+02:00
307292664,de:11000:900054105:1:50,-0.9,2026-10-02T01:01:04.695736+02:00
307292664,de:11000:900044202:1:50,-0.7,2026-10-02T01:01:04.695736+02:00
307292648,de:12061:900260001:2:52,0.0,2026-10-02T01:01:04.695736+02:00
307292648,de:12061:900260002:1:51,-0.8,2026-10-02T01:01:04.695736+02:00
307292648,de:12061:900260003:1:51,-0.7,2026-10-02T01:01:04.695736+02:00
307292648,de:12061:900260004:1:51,-0.9,2026-10-02T01:01:04.695736+02:00
307292648,de:11000:900186001:2:53,-0.2,2026-10-02T01:01:04.695736+02:00
307292648,de:11000:900193002:1:51,-0.2,2026-10-02T01:01:04.695736+02:00
307292648,de:11000:900193001:2:51,-0.8,2026-10-02T01:01:04.695736+02:00
307292648,de:11000:900192001:3:55,-0.7,2026-10-02T01:01:04.695736+02:00
307292648,de:11000:900191001:1:50,-0.4,2026-10-02T01:01:04.695736+02:00
307292648,de:11000:900077155:1:50,-0.9,2026-10-02T01:01:04.695736+02:00
307292648,de:11000:900078201:1:50,-0.4,2026-10-02T01:01:04.695736+02:00
307292648,de:11000:900079221:1:50,-0.2,2026-10-02T01:01:04.695736+02:00
307292648,de:11000:900068201:1:50,-0.8,2026-10-02T01:01:04.695736+02:00
307292648,de:11000:900058101:5:58,-0.1,2026-10-02T01:01:04.695736+02:00
307292648,de:11000:900054104:2:52,-0.2,2026-10-02T01:01:04.695736+02:00
307292648,de:11000:900054105:1:50,-0.9,2026-10-02T01:01:04.695736+02:00
307292648,de:11000:900044202:1:50,-0.7,2026-10-02T01:01:04.695736+02:00
295933076,de:11000:900180003:1:50,0.0,2026-10-02T01:01:04.695736+02:00
295933076,de:11000:900192002:1:50,-0.4,2026-10-02T01:01:04.695736+02:00
295933076,de:11000:900192001:3:54,-0.2,2026-10-02T01:01:04.695736+02:00
295933076,de:11000:900191001:1:50,-0.9,2026-10-02T01:01:04.695736+02:00
295933076,de:11000:900077155:1:50,-0.4,2026-10-02T01:01:04.695736+02:00
295933076,de:11000:900078201:1:50,-0.9,2026-10-02T01:01:04.695736+02:00
295933076,de:11000:900079221:1:50,-0.7,2026-10-02T01:01:04.695736+02:00
295933076,de:11000:900068201:1:50,-0.3,2026-10-02T01:01:04.695736+02:00
295933076,de:11000:900058101:5:58,-0.6,2026-10-02T01:01:04.695736+02:00
306895360,de:12067:900310611::1,0.0,2026-10-02T01:01:04.695736+02:00
306895360,de:12067:900311058::2,0.0,2026-10-02T01:01:04.695736+02:00
306895360,de:12067:900311110::4,0.0,2026-10-02T01:01:04.695736+02:00
306895360,de:12067:900311055::1,0.0,2026-10-02T01:01:04.695736+02:00
306895360,de:12067:900311054::1,0.0,2026-10-02T01:01:04.695736+02:00
306895360,de:12067:900311110::1,0.0,2026-10-02T01:01:04.695736+02:00
306895360,de:12067:900311059::2,0.0,2026-10-02T01:01:04.695736+02:00
306895360,de:12067:900310945::1,0.0,2026-10-02T01:01:04.695736+02:00
306895360,de:12067:900311001::1,0.0,2026-10-02T01:01:04.695736+02:00
306895360,de:12067:900310913::1,0.0,2026-10-02T01:01:04.695736+02:00
306895360,de:12067:900310912::1,0.0,2026-10-02T01:01:04.695736+02:00
306895360,de:12061:900261019::1,0.0,2026-10-02T01:01:04.695736+02:00
295936950,de:12064:900320001:1:50,0.0,2026-10-02T01:01:04.695736+02:00
295936950,de:12064:900320002:1:50,-0.3,2026-10-02T01:01:04.695736+02:00
295936950,de:12064:900320003:1:50,-0.1,2026-10-02T01:01:04.695736+02:00
295936950,de:12064:900320004:2:51,-0.8,2026-10-02T01:01:04.695736+02:00
295936950,de:12064:900320005:1:50,0.0,2026-10-02T01:01:04.695736+02:00
295936950,de:12064:900320006:1:51,-0.8,2026-10-02T01:01:04.695736+02:00
295936950,de:12064:900320007:1:50,-0.8,2026-10-02T01:01:04.695736+02:00
295936950,de:12064:900320008:1:51,-0.5,2026-10-02T01:01:04.695736+02:00
295936950,de:12064:900320026:1:50,-0.3,2026-10-02T01:01:04.695736+02:00
295936950,de:11000:900176001:1:51,-0.7,2026-10-02T01:01:04.695736+02:00
295936950,de:11000:900175002:1:50,-0.7,2026-10-02T01:01:04.695736+02:00
295936950,de:11000:900175001:1:50,-0.6,2026-10-02T01:01:04.695736+02:00
295936950,de:11000:900171001:1:50,-0.3,2026-10-02T01:01:04.695736+02:00
295936950,de:11000:900171002:1:51,-0.4,2026-10-02T01:01:04.695736+02:00
295936950,de:11000:900160004:1:51,-0.8,2026-10-02T01:01:04.695736+02:00
295936950,de:11000:900160003:1:51,-0.9,2026-10-02T01:01:04.695736+02:00
295936950,de:11000:900120003:3:55,-0.1,2026-10-02T01:01:04.695736+02:00
295936950,de:11000:900120004:2:53,-0.6,2026-10-02T01:01:04.695736+02:00
295936950,de:11000:900120005:5:58,-0.9,2026-10-02T01:01:04.695736+02:00
295936950,de:11000:900100004:1:51,-0.4,2026-10-02T01:01:04.695736+02:00
295936950,de:11000:900100003:2:53,-0.4,2026-10-02T01:01:04.695736+02:00
295936950,de:11000:900100002:1:51,-0.4,2026-10-02T01:01:04.695736+02:00
295936950,de:11000:900100001:3:55,-0.4,2026-10-02T01:01:04.695736+02:00
295936950,de:11000:900003201:3:55,-0.1,2026-10-02T01:01:04.695736+02:00
295936950,de:11000:900003102:1:51,-0.8,2026-10-02T01:01:04.695736+02:00
295936950,de:11000:900003103:1:51,-0.9,2026-10-02T01:01:04.695736+02:00
295936950,de:11000:900023201:3:55,-0.8,2026-10-02T01:01:04.695736+02:00
295936950,de:11000:900024203:1:51,-0.8,2026-10-02T01:01:04.695736+02:00
295936950,de:11000:900024101:4:57,-0.8,2026-10-02T01:01:04.695736+02:00
295936950,de:11000:900024102:1:51,-0.1,2026-10-02T01:01:04.695736+02:00
307301747,de:11000:900024102:2:52,0.0,2026-10-02T01:01:04.695736+02:00
307301747,de:11000:900024101:3:55,-0.8,2026-10-02T01:01:04.695736+02:00
307301747,de:11000:900024203:1:51,-0.8,2026-10-02T01:01:04.695736+02:00
307301747,de:11000:900023201:3:54,-0.7,2026-10-02T01:01:04.695736+02:00
307301747,de:11000:900003103:1:50,-0.8,2026-10-02T01:01:04.695736+02:00
307301747,de:11000:900003102:1:50,-0.9,2026-10-02T01:01:04.695736+02:00
307301747,de:11000:900003201:3:54,-0.5,2026-10-02T01:01:04.695736+02:00
307301747,de:11000:900100001:3:54,-0.1,2026-10-02T01:01:04.695736+02:00
307301747,de:11000:900100002:1:50,-0.4,2026-10-02T01:01:04.695736+02:00
307301747,de:11000:900100003:2:52,-0.1,2026-10-02T01:01:04.695736+02:00
307301747,de:11000:900100004:1:50,-0.4,2026-10-02T01:01:04.695736+02:00
307301747,de:11000:900120005:4:55,-0.6,2026-10-02T01:01:04.695736+02:00
307301747,de:11000:900120004:1:50,-0.1,2026-10-02T01:01:04.695736+02:00
307301747,de:11000:900120003:2:53,-0.4,2026-10-02T01:01:04.695736+02:00
307301747,de:11000:900160003:1:50,-0.7,2026-10-02T01:01:04.695736+02:00
307301747,de:11000:900160004:1:50,-0.7,2026-10-02T01:01:04.695736+02:00
307301747,de:11000:900171002:1:50,-0.2,2026-10-02T01:01:04.695736+02:00
307301747,de:11000:900171001:2:51,-0.3,2026-10-02T01:01:04.695736+02:00
307301747,de:11000:900175001:2:51,-0.5,2026-10-02T01:01:04.695736+02:00
307301747,de:11000:900175002:1:51,0.0,2026-10-02T01:01:04.695736+02:00
307301747,de:11000:900176001:2:52,-0.3,2026-10-02T01:01:04.695736+02:00
295940783,de:11000:900176001:1:50,0.0,2026-10-02T01:01:04.695736+02:00
295940783,de:11000:900175002:1:50,-0.7,2026-10-02T01:01:04.695736+02:00
295940783,de:11000:900175001:1:50,-0.6,2026-10-02T01:01:04.695736+02:00
295940783,de:11000:900171001:1:50,-0.3,2026-10-02T01:01:04.695736+02:00
295940783,de:11000:900171002:1:51,-0.4,2026-10-02T01:01:04.695736+02:00
295940783,de:11000:900160004:1:51,-0.8,2026-10-02T01:01:04.695736+02:00
295940783,de:11000:900160003:1:51,-0.8,2026-10-02T01:01:04.695736+02:00
295940783,de:11000:900120003:3:54,-0.9,2026-10-02T01:01:04.695736+02:00
295940783,de:11000:900120004:2:52,-0.6,2026-10-02T01:01:04.695736+02:00
295940783,de:11000:900120005:5:57,-0.9,2026-10-02T01:01:04.695736+02:00
295940764,de:11000:900120005:4:56,0.0,2026-10-02T01:01:04.695736+02:00
295940764,de:11000:900120004:1:51,-0.1,2026-10-02T01:01:04.695736+02:00
295940764,de:11000:900120003:2:52,-0.4,2026-10-02T01:01:04.695736+02:00
295940764,de:11000:900160003:1:50,-0.7,2026-10-02T01:01:04.695736+02:00
295940764,de:11000:900160004:1:50,-0.7,2026-10-02T01:01:04.695736+02:00
295940764,de:11000:900171002:1:50,-0.2,2026-10-02T01:01:04.695736+02:00
295940764,de:11000:900171001:2:51,-0.3,2026-10-02T01:01:04.695736+02:00
295940764,de:11000:900175001:2:51,-0.5,2026-10-02T01:01:04.695736+02:00
295940764,de:11000:900175002:1:51,0.0,2026-10-02T01:01:04.695736+02:00
295940764,de:11000:900176001:1:50,-0.7,2026-10-02T01:01:04.695736+02:00
295940313,de:11000:900176001:1:50,0.0,2026-10-02T01:01:04.695736+02:00
295940313,de:11000:900175002:1:50,-0.7,2026-10-02T01:01:04.695736+02:00
295940313,de:11000:900175001:1:50,-0.6,2026-10-02T01:01:04.695736+02:00
295940313,de:11000:900171001:1:50,-0.3,2026-10-02T01:01:04.695736+02:00
295940313,de:11000:900171002:1:51,-0.4,2026-10-02T01:01:04.695736+02:00
295940313,de:11000:900160004:1:51,-0.8,2026-10-02T01:01:04.695736+02:00
295940313,de:11000:900160003:1:51,-0.9,2026-10-02T01:01:04.695736+02:00
295940313,de:11000:900120003:3:55,-0.1,2026-10-02T01:01:04.695736+02:00
295940313,de:11000:900120004:2:53,-0.6,2026-10-02T01:01:04.695736+02:00
295940313,de:11000:900120005:5:58,-0.9,2026-10-02T01:01:04.695736+02:00
295940313,de:11000:900100004:1:51,-0.4,2026-10-02T01:01:04.695736+02:00
295940313,de:11000:900100003:2:53,-0.4,2026-10-02T01:01:04.695736+02:00
295940313,de:11000:900100002:1:51,-0.4,2026-10-02T01:01:04.695736+02:00
295940313,de:11000:900100001:3:55,-0.4,2026-10-02T01:01:04.695736+02:00
295940313,de:11000:900003201:3:55,-0.1,2026-10-02T01:01:04.695736+02:00
295940313,de:11000:900003102:1:51,-0.8,2026-10-02T01:01:04.695736+02:00
295940313,de:11000:900003103:1:51,-0.9,2026-10-02T01:01:04.695736+02:00
295940313,de:11000:900023201:3:55,-0.8,2026-10-02T01:01:04.695736+02:00
295940313,de:11000:900024203:1:51,-0.8,2026-10-02T01:01:04.695736+02:00
295940313,de:11000:900024101:4:57,-0.8,2026-10-02T01:01:04.695736+02:00
295940313,de:11000:900024102:1:51,-0.1,2026-10-02T01:01:04.695736+02:00
295940149,de:11000:900024102:2:52,0.0,2026-10-02T01:01:04.695736+02:00
295940149,de:11000:900024101:3:54,-0.8,2026-10-02T01:01:04.695736+02:00
295940149,de:11000:900024203:1:51,-0.8,2026-10-02T01:01:04.695736+02:00
295940149,de:11000:900023201:3:54,-0.7,2026-10-02T01:01:04.695736+02:00
295940149,de:11000:900003103:1:50,-0.8,2026-10-02T01:01:04.695736+02:00
295940149,de:11000:900003102:1:50,-0.9,2026-10-02T01:01:04.695736+02:00
295940149,de:11000:900003201:3:54,-0.5,2026-10-02T01:01:04.695736+02:00
295940149,de:11000:900100001:3:54,-0.1,2026-10-02T01:01:04.695736+02:00
295940149,de:11000:900100002:1:50,-0.4,2026-10-02T01:01:04.695736+02:00
295940149,de:11000:900100003:2:52,-0.1,2026-10-02T01:01:04.695736+02:00
295940149,de:11000:900100004:1:50,-0.4,2026-10-02T01:01:04.695736+02:00
295940149,de:11000:900120005:4:55,-0.6,2026-10-02T01:01:04.695736+02:00
295940149,de:11000:900120004:1:50,-0.1,2026-10-02T01:01:04.695736+02:00
295940149,de:11000:900120003:2:53,-0.4,2026-10-02T01:01:04.695736+02:00
295940149,de:11000:900160003:1:50,-0.7,2026-10-02T01:01:04.695736+02:00
295940149,de:11000:900160004:1:50,-0.7,2026-10-02T01:01:04.695736+02:00
295940149,de:11000:900171002:1:50,-0.2,2026-10-02T01:01:04.695736+02:00
295940149,de:11000:900171001:2:51,-0.3,2026-10-02T01:01:04.695736+02:00
295940149,de:11000:900175001:2:51,-0.5,2026-10-02T01:01:04.695736+02:00
295940149,de:11000:900175002:1:51,0.0,2026-10-02T01:01:04.695736+02:00
295940149,de:11000:900176001:2:53,-0.3,2026-10-02T01:01:04.695736+02:00
306897069,de:12067:900310940::1,0.0,2026-10-02T01:01:04.695736+02:00
306897069,de:12067:900310921::2,0.0,2026-10-02T01:01:04.695736+02:00
306897069,de:12067:900310941::2,0.0,2026-10-02T01:01:04.695736+02:00
306897069,de:12067:900310700::1,0.0,2026-10-02T01:01:04.695736+02:00
306897069,de:12067:900310925::1,0.0,2026-10-02T01:01:04.695736+02:00
306897069,de:12067:900310874::1,0.0,2026-10-02T01:01:04.695736+02:00
306897069,de:12067:900310866::1,0.0,2026-10-02T01:01:04.695736+02:00
306897069,de:12067:900311092::1,0.0,2026-10-02T01:01:04.695736+02:00
307420176,de:12073:900340027:1:50,0.0,2026-10-02T01:01:04.695736+02:00
307420176,de:12073:900340026:1:50,0.0,2026-10-02T01:01:04.695736+02:00
307420176,de:12073:900340353:1:50,0.0,2026-10-02T01:01:04.695736+02:00
307420176,de:12065:900203956:1:50,0.0,2026-10-02T01:01:04.695736+02:00
307420176,de:12065:900203898:1:50,0.0,2026-10-02T01:01:04.695736+02:00
307420176,de:12065:900203853:2:51,0.0,2026-10-02T01:01:04.695736+02:00
307420176,de:12065:900203942:1:50,0.0,2026-10-02T01:01:04.695736+02:00
307420176,de:12065:900203780:2:52,0.0,2026-10-02T01:01:04.695736+02:00
307420176,de:12065:900203961:1:51,0.0,2026-10-02T01:01:04.695736+02:00
307420176,de:12065:900200043:2:51,0.0,2026-10-02T01:01:04.695736+02:00
307420176,de:12065:900200041:2:51,0.0,2026-10-02T01:01:04.695736+02:00
307420176,de:12065:900200005:2:2,0.0,2026-10-02T01:01:04.695736+02:00
307420176,de:11000:900152001:3:53,0.0,2026-10-02T01:01:04.695736+02:00
307420176,de:11000:900160004:3:54,0.0,2026-10-02T01:01:04.695736+02:00
307420176,de:11000:900120003:6:60,0.0,2026-10-02T01:01:04.695736+02:00
306895239,de:12067:900311129::2,0.0,2026-10-02T01:01:04.695736+02:00
306895239,de:12067:900310755::2,0.0,2026-10-02T01:01:04.695736+02:00
306895239,de:12067:900310728::1,0.0,2026-10-02T01:01:04.695736+02:00
306895239,de:12067:900310727::1,0.0,2026-10-02T01:01:04.695736+02:00
306895239,de:12067:900310755::1,0.0,2026-10-02T01:01:04.695736+02:00
306895239,de:12067:900310738::1,0.0,2026-10-02T01:01:04.695736+02:00
306895239,de:12067:900310725::1,0.0,2026-10-02T01:01:04.695736+02:00
306895239,de:12067:900310714::2,0.0,2026-10-02T01:01:04.695736+02:00
306895239,de:12067:900310911::1,0.0,2026-10-02T01:01:04.695736+02:00
306895239,de:12067:900310918::1,0.0,2026-10-02T01:01:04.695736+02:00
306895239,de:12067:900310918::1,-12.0,2026-10-02T01:01:04.695736+02:00
306895239,de:12067:900310830::1,0.0,2026-10-02T01:01:04.695736+02:00
306895239,de:12067:900311004::1,0.0,2026-10-02T01:01:04.695736+02:00
306895239,de:12067:900310918::1,12.0,2026-10-02T01:01:04.695736+02:00
306895239,de:12067:900310918::1,0.0,2026-10-02T01:01:04.695736+02:00
306895239,de:12067:900310765::1,0.0,2026-10-02T01:01:04.695736+02:00
306895239,de:12067:900310766::1,0.0,2026-10-02T01:01:04.695736+02:00
306895239,de:12067:900310926::2,0.0,2026-10-02T01:01:04.695736+02:00
306895239,de:12067:900310859::1,0.0,2026-10-02T01:01:04.695736+02:00
306895239,de:12067:900311073::1,0.0,2026-10-02T01:01:04.695736+02:00
306895239,de:12067:900311075::1,0.0,2026-10-02T01:01:04.695736+02:00
306895239,de:12067:900311074::2,0.0,2026-10-02T01:01:04.695736+02:00
306895239,de:12067:900310750::1,0.0,2026-10-02T01:01:04.695736+02:00
306895239,de:12067:900310840::1,0.0,2026-10-02T01:01:04.695736+02:00
306895239,de:12067:900310011::1,0.0,2026-10-02T01:01:04.695736+02:00
306895239,de:12067:900310899::1,0.0,2026-10-02T01:01:04.695736+02:00
306895239,de:12061:900261964::2,0.0,2026-10-02T01:01:04.695736+02:00
306895239,de:12061:900261955::1,0.0,2026-10-02T01:01:04.695736+02:00
306895239,de:12061:900261192::1,0.0,2026-10-02T01:01:04.695736+02:00
306895239,de:12061:900261610::2,-0.5,2026-10-02T01:01:04.695736+02:00
306895239,de:12061:900261459::2,0.0,2026-10-02T01:01:04.695736+02:00
306895239,de:12061:900261462::1,0.0,2026-10-02T01:01:04.695736+02:00
295946199,de:12054:900230999:3:54,0.0,2026-10-02T01:01:04.695736+02:00
295946199,de:12054:900230000:1:50,-0.3,2026-10-02T01:01:04.695736+02:00
295946199,de:12054:900230003:1:54,-0.3,2026-10-02T01:01:04.695736+02:00
295946199,de:11000:900053301:2:53,-0.4,2026-10-02T01:01:04.695736+02:00
295946199,de:11000:900052201:2:53,-0.7,2026-10-02T01:01:04.695736+02:00
295946199,de:11000:900048101:2:53,-0.9,2026-10-02T01:01:04.695736+02:00
295946199,de:11000:900024102:2:53,-0.9,2026-10-02T01:01:04.695736+02:00
295946199,de:11000:900024101:3:55,-0.3,2026-10-02T01:01:04.695736+02:00
295946199,de:11000:900024203:1:51,-0.3,2026-10-02T01:01:04.695736+02:00
295946199,de:11000:900023201:3:54,-0.2,2026-10-02T01:01:04.695736+02:00
295946199,de:11000:900003103:1:50,-0.3,2026-10-02T01:01:04.695736+02:00
295946199,de:11000:900003102:1:50,-0.4,2026-10-02T01:01:04.695736+02:00
295946199,de:11000:900003201:3:54,0.0,2026-10-02T01:01:04.695736+02:00
295946199,de:11000:900100001:3:54,-0.6,2026-10-02T01:01:04.695736+02:00
295946199,de:11000:900100002:1:50,-0.9,2026-10-02T01:01:04.695736+02:00
295946199,de:11000:900100003:2:52,-0.6,2026-10-02T01:01:04.695736+02:00
295946199,de:11000:900100004:1:50,-0.9,2026-10-02T01:01:04.695736+02:00
295946199,de:11000:900120005:4:55,-0.1,2026-10-02T01:01:04.695736+02:00
295946199,de:11000:900120004:1:50,-0.6,2026-10-02T01:01:04.695736+02:00
295946199,de:11000:900120003:2:53,-0.9,2026-10-02T01:01:04.695736+02:00
295946199,de:11000:900160003:1:50,-0.2,2026-10-02T01:01:04.695736+02:00
295946199,de:11000:900160004:1:50,-0.2,2026-10-02T01:01:04.695736+02:00
295946199,de:11000:900171002:1:50,-0.7,2026-10-02T01:01:04.695736+02:00
295946199,de:11000:900171003:1:50,-0.8,2026-10-02T01:01:04.695736+02:00
295946199,de:11000:900170005:1:50,-0.3,2026-10-02T01:01:04.695736+02:00
295946199,de:11000:900170001:1:50,-0.1,2026-10-02T01:01:04.695736+02:00
295946199,de:11000:900170002:1:50,-0.9,2026-10-02T01:01:04.695736+02:00
295946199,de:11000:900170003:1:50,-0.7,2026-10-02T01:01:04.695736+02:00
295946199,de:11000:900170004:1:50,-0.9,2026-10-02T01:01:04.695736+02:00
306895430,de:12067:900311083::3,0.0,2026-10-02T01:01:04.695736+02:00
306895430,de:12067:900310775::1,0.0,2026-10-02T01:01:04.695736+02:00
306895430,de:12067:900311083::2,0.0,2026-10-02T01:01:04.695736+02:00
306895430,de:12067:900310814::2,0.0,2026-10-02T01:01:04.695736+02:00
306895430,de:12067:900310628::2,0.0,2026-10-02T01:01:04.695736+02:00
306895430,de:12067:900310793::2,0.0,2026-10-02T01:01:04.695736+02:00
306895430,de:12067:900310774::1,0.0,2026-10-02T01:01:04.695736+02:00
306895430,de:12067:900310792::1,0.0,2026-10-02T01:01:04.695736+02:00
306895430,de:12067:900310825::1,0.0,2026-10-02T01:01:04.695736+02:00
306895430,de:12067:900310809::2,0.0,2026-10-02T01:01:04.695736+02:00
306895430,de:12067:900310787::2,0.0,2026-10-02T01:01:04.695736+02:00
306895430,de:12067:900310790::2,0.0,2026-10-02T01:01:04.695736+02:00
306895430,de:12067:900310788::2,0.0,2026-10-02T01:01:04.695736+02:00
306895430,de:12067:900310696::2,0.0,2026-10-02T01:01:04.695736+02:00
306895430,de:12067:900310001::11,0.0,2026-10-02T01:01:04.695736+02:00
306895430,de:12067:900310001::2,0.0,2026-10-02T01:01:04.695736+02:00
306895430,de:12067:900310816::1,0.0,2026-10-02T01:01:04.695736+02:00
306895430,de:12067:900310627::1,0.0,2026-10-02T01:01:04.695736+02:00
306895430,de:12067:900310781::1,0.0,2026-10-02T01:01:04.695736+02:00
306895430,de:12067:900310822::1,0.0,2026-10-02T01:01:04.695736+02:00
306895430,de:12067:900310808::1,0.0,2026-10-02T01:01:04.695736+02:00
306895430,de:12067:900310779::1,0.0,2026-10-02T01:01:04.695736+02:00
306895430,de:12067:900310995::1,0.0,2026-10-02T01:01:04.695736+02:00
306895430,de:12067:900311104::1,0.0,2026-10-02T01:01:04.695736+02:00
306895430,de:12067:900310784::1,0.0,2026-10-02T01:01:04.695736+02:00
306895430,de:12067:900310786::1,0.0,2026-10-02T01:01:04.695736+02:00
306895430,de:12067:900310768::1,0.0,2026-10-02T01:01:04.695736+02:00
306895430,de:12067:900310023::1,0.0,2026-10-02T01:01:04.695736+02:00
306895430,de:12067:900310778::1,0.0,2026-10-02T01:01:04.695736+02:00
306895430,de:12067:900310806::1,0.0,2026-10-02T01:01:04.695736+02:00
306895430,de:12067:900310812::1,0.0,2026-10-02T01:01:04.695736+02:00
306895430,de:12067:900310770::1,0.0,2026-10-02T01:01:04.695736+02:00
306895430,de:12067:900310010::3,0.0,2026-10-02T01:01:04.695736+02:00
306895430,de:12067:900310880::1,0.0,2026-10-02T01:01:04.695736+02:00
306895430,de:12067:900310815::1,0.0,2026-10-02T01:01:04.695736+02:00
306895430,de:12067:900310807::1,0.0,2026-10-02T01:01:04.695736+02:00
295953592,de:11000:900151001:1:51,0.0,2026-10-02T01:01:04.695736+02:00
295953592,de:11000:900152001:1:51,-0.6,2026-10-02T01:01:04.695736+02:00
295953592,de:11000:900152002:1:51,-0.2,2026-10-02T01:01:04.695736+02:00
295953592,de:11000:900171003:1:51,-0.9,2026-10-02T01:01:04.695736+02:00
295953592,de:11000:900171002:1:51,-0.9,2026-10-02T01:01:04.695736+02:00
295953592,de:11000:900160004:1:51,-0.3,2026-10-02T01:01:04.695736+02:00
295953592,de:11000:900160003:1:51,-0.4,2026-10-02T01:01:04.695736+02:00
295953592,de:11000:900120003:3:54,-0.6,2026-10-02T01:01:04.695736+02:00
295953592,de:11000:900120004:2:52,-0.1,2026-10-02T01:01:04.695736+02:00
295953480,de:11000:900120004:1:51,0.0,2026-10-02T01:01:04.695736+02:00
295953480,de:11000:900120003:2:52,-0.9,2026-10-02T01:01:04.695736+02:00
295953480,de:11000:900160003:1:50,-0.2,2026-10-02T01:01:04.695736+02:00
295953480,de:11000:900160004:1:50,-0.2,2026-10-02T01:01:04.695736+02:00
295953480,de:11000:900171002:1:50,-0.7,2026-10-02T01:01:04.695736+02:00
295953480,de:11000:900171003:1:50,-0.8,2026-10-02T01:01:04.695736+02:00
295953480,de:11000:900152002:1:50,-0.4,2026-10-02T01:01:04.695736+02:00
295953480,de:11000:900152001:1:50,-0.6,2026-10-02T01:01:04.695736+02:00
295953480,de:11000:900151001:1:51,-0.9,2026-10-02T01:01:04.695736+02:00
295949475,de:12054:900230999:3:55,0.0,2026-10-02T01:01:04.695736+02:00
295949475,de:12054:900230000:1:50,-0.3,2026-10-02T01:01:04.695736+02:00
295949475,de:12054:900230003:1:54,-0.3,2026-10-02T01:01:04.695736+02:00
295949475,de:11000:900053301:2:53,-0.4,2026-10-02T01:01:04.695736+02:00
295949475,de:11000:900052201:2:53,-0.7,2026-10-02T01:01:04.695736+02:00
295949475,de:11000:900048101:2:53,-0.9,2026-10-02T01:01:04.695736+02:00
295949475,de:11000:900024102:2:53,-0.9,2026-10-02T01:01:04.695736+02:00
295949475,de:11000:900024101:3:55,-0.3,2026-10-02T01:01:04.695736+02:00
295949475,de:11000:900024203:1:51,-0.3,2026-10-02T01:01:04.695736+02:00
295949475,de:11000:900023201:3:54,-0.2,2026-10-02T01:01:04.695736+02:00
295949475,de:11000:900003103:1:50,-0.3,2026-10-02T01:01:04.695736+02:00
295949475,de:11000:900003102:1:50,-0.4,2026-10-02T01:01:04.695736+02:00
295949475,de:11000:900003201:3:54,0.0,2026-10-02T01:01:04.695736+02:00
295949475,de:11000:900100001:3:54,-0.6,2026-10-02T01:01:04.695736+02:00
295949475,de:11000:900100002:1:50,-0.9,2026-10-02T01:01:04.695736+02:00
295949475,de:11000:900100003:2:52,-0.6,2026-10-02T01:01:04.695736+02:00
295949475,de:11000:900100004:1:50,-0.9,2026-10-02T01:01:04.695736+02:00
295949475,de:11000:900120005:4:55,-0.1,2026-10-02T01:01:04.695736+02:00
295949475,de:11000:900120004:1:50,-0.6,2026-10-02T01:01:04.695736+02:00
295949475,de:11000:900120003:2:53,-0.9,2026-10-02T01:01:04.695736+02:00
295949475,de:11000:900160003:1:50,-0.2,2026-10-02T01:01:04.695736+02:00
295949475,de:11000:900160004:1:50,-0.2,2026-10-02T01:01:04.695736+02:00
295949475,de:11000:900171002:1:50,-0.7,2026-10-02T01:01:04.695736+02:00
295949475,de:11000:900171003:1:50,-0.8,2026-10-02T01:01:04.695736+02:00
295949475,de:11000:900170005:1:50,-0.3,2026-10-02T01:01:04.695736+02:00
295949475,de:11000:900170001:1:50,-0.1,2026-10-02T01:01:04.695736+02:00
295949475,de:11000:900170002:1:50,-0.9,2026-10-02T01:01:04.695736+02:00
295949475,de:11000:900170003:1:50,-0.7,2026-10-02T01:01:04.695736+02:00
295949475,de:11000:900170004:2:52,-0.9,2026-10-02T01:01:04.695736+02:00
295953433,de:11000:900120005:5:57,0.0,2026-10-02T01:01:04.695736+02:00
295953433,de:11000:900120004:1:50,-0.6,2026-10-02T01:01:04.695736+02:00
295953433,de:11000:900120003:2:53,-0.9,2026-10-02T01:01:04.695736+02:00
295953433,de:11000:900160003:1:50,-0.2,2026-10-02T01:01:04.695736+02:00
295953433,de:11000:900160004:1:50,-0.2,2026-10-02T01:01:04.695736+02:00
295953433,de:11000:900171002:1:50,-0.7,2026-10-02T01:01:04.695736+02:00
295953433,de:11000:900171003:1:50,-0.8,2026-10-02T01:01:04.695736+02:00
295953433,de:11000:900152002:1:50,-0.4,2026-10-02T01:01:04.695736+02:00
295953433,de:11000:900152001:1:50,-0.6,2026-10-02T01:01:04.695736+02:00
295953433,de:11000:900151001:1:51,-0.9,2026-10-02T01:01:04.695736+02:00
295953531,de:11000:900151001:1:51,0.0,2026-10-02T01:01:04.695736+02:00
295953531,de:11000:900152001:1:51,-0.6,2026-10-02T01:01:04.695736+02:00
295953531,de:11000:900152002:1:51,-0.2,2026-10-02T01:01:04.695736+02:00
295953531,de:11000:900171003:1:51,-0.9,2026-10-02T01:01:04.695736+02:00
295953531,de:11000:900171002:1:51,-0.9,2026-10-02T01:01:04.695736+02:00
295953531,de:11000:900160004:1:51,-0.3,2026-10-02T01:01:04.695736+02:00
295953531,de:11000:900160003:1:51,-0.4,2026-10-02T01:01:04.695736+02:00
295953531,de:11000:900120003:3:55,-0.6,2026-10-02T01:01:04.695736+02:00
295953531,de:11000:900120004:2:53,-0.1,2026-10-02T01:01:04.695736+02:00
295953531,de:11000:900120005:4:56,-0.4,2026-10-02T01:01:04.695736+02:00
295956082,de:11000:900151001:1:50,0.0,2026-10-02T01:01:04.695736+02:00
295956082,de:11000:900152001:1:51,-0.6,2026-10-02T01:01:04.695736+02:00
295956082,de:11000:900152002:1:51,-0.2,2026-10-02T01:01:04.695736+02:00
295956082,de:11000:900171003:1:51,-0.9,2026-10-02T01:01:04.695736+02:00
295956082,de:11000:900171002:1:51,-0.9,2026-10-02T01:01:04.695736+02:00
295956082,de:11000:900160004:1:51,-0.3,2026-10-02T01:01:04.695736+02:00
295956082,de:11000:900160003:1:51,-0.4,2026-10-02T01:01:04.695736+02:00
295956082,de:11000:900120003:3:54,-0.6,2026-10-02T01:01:04.695736+02:00
295956082,de:11000:900120004:2:52,-0.1,2026-10-02T01:01:04.695736+02:00
307436876,de:12061:900261512:2:52,0.0,2026-10-02T01:01:04.695736+02:00
307436876,de:12066:900435602:2:51,0.0,2026-10-02T01:01:04.695736+02:00
307436876,de:12066:900435459:2:52,0.0,2026-10-02T01:01:04.695736+02:00
307436876,de:12066:900435818:1:50,0.0,2026-10-02T01:01:04.695736+02:00
307436876,de:12066:900435209:1:50,0.0,2026-10-02T01:01:04.695736+02:00
307436876,de:12066:900435339:1:50,0.0,2026-10-02T01:01:04.695736+02:00
307436876,de:12066:900435001:3:53,0.0,2026-10-02T01:01:04.695736+02:00
307436876,de:12066:900435000:2:53,0.0,2026-10-02T01:01:04.695736+02:00
306895497,de:12067:900310807::1,0.0,2026-10-02T01:01:04.695736+02:00
306895497,de:12067:900310815::2,0.0,2026-10-02T01:01:04.695736+02:00
306895497,de:12067:900310880::2,0.0,2026-10-02T01:01:04.695736+02:00
306895497,de:12067:900310010::2,0.0,2026-10-02T01:01:04.695736+02:00
306895497,de:12067:900310770::2,0.0,2026-10-02T01:01:04.695736+02:00
306895497,de:12067:900310812::2,0.0,2026-10-02T01:01:04.695736+02:00
306895497,de:12067:900310806::2,0.0,2026-10-02T01:01:04.695736+02:00
306895497,de:12067:900310778::2,0.0,2026-10-02T01:01:04.695736+02:00
306895497,de:12067:900310768::2,0.0,2026-10-02T01:01:04.695736+02:00
306895497,de:12067:900310786::2,0.0,2026-10-02T01:01:04.695736+02:00
306895497,de:12067:900310784::2,0.0,2026-10-02T01:01:04.695736+02:00
306895497,de:12067:900311104::2,0.0,2026-10-02T01:01:04.695736+02:00
306895497,de:12067:900310995::1,0.0,2026-10-02T01:01:04.695736+02:00
306895497,de:12067:900310779::2,0.0,2026-10-02T01:01:04.695736+02:00
306895497,de:12067:900310808::2,0.0,2026-10-02T01:01:04.695736+02:00
306895497,de:12067:900310822::2,0.0,2026-10-02T01:01:04.695736+02:00
306895497,de:12067:900310781::2,0.0,2026-10-02T01:01:04.695736+02:00
306895497,de:12067:900310627::2,0.0,2026-10-02T01:01:04.695736+02:00
306895497,de:12067:900310816::2,0.0,2026-10-02T01:01:04.695736+02:00
306895497,de:12067:900310022::1,0.0,2026-10-02T01:01:04.695736+02:00
306895497,de:12067:900310001::11,0.0,2026-10-02T01:01:04.695736+02:00
306895497,de:12067:900310001::1,0.0,2026-10-02T01:01:04.695736+02:00
306895497,de:12067:900310696::1,0.0,2026-10-02T01:01:04.695736+02:00
306895497,de:12067:900310788::1,0.0,2026-10-02T01:01:04.695736+02:00
306895497,de:12067:900310790::1,0.0,2026-10-02T01:01:04.695736+02:00
306895497,de:12067:900310787::1,0.0,2026-10-02T01:01:04.695736+02:00
306895497,de:12067:900310809::1,0.0,2026-10-02T01:01:04.695736+02:00
306895497,de:12067:900310825::1,0.0,2026-10-02T01:01:04.695736+02:00
306895497,de:12067:900310792::2,0.0,2026-10-02T01:01:04.695736+02:00
306895497,de:12067:900310774::2,0.0,2026-10-02T01:01:04.695736+02:00
306895497,de:12067:900310793::1,0.0,2026-10-02T01:01:04.695736+02:00
306895497,de:12067:900310628::1,0.0,2026-10-02T01:01:04.695736+02:00
306895497,de:12067:900310814::1,0.0,2026-10-02T01:01:04.695736+02:00
306895497,de:12067:900311083::3,0.0,2026-10-02T01:01:04.695736+02:00
295960038,de:11000:900186001:2:53,0.0,2026-10-02T01:01:04.695736+02:00
295960038,de:11000:900193002:1:51,-0.2,2026-10-02T01:01:04.695736+02:00
295960038,de:11000:900193001:2:51,-0.8,2026-10-02T01:01:04.695736+02:00
295960038,de:11000:900192001:3:55,-0.7,2026-10-02T01:01:04.695736+02:00
295960038,de:11000:900191001:1:50,-0.4,2026-10-02T01:01:04.695736+02:00
295960038,de:11000:900191002:1:51,-0.8,2026-10-02T01:01:04.695736+02:00
295960038,de:11000:900190001:2:53,-0.6,2026-10-02T01:01:04.695736+02:00
295960038,de:11000:900120003:5:59,0.0,2026-10-02T01:01:04.695736+02:00
295960038,de:11000:900120001:1:51,-0.6,2026-10-02T01:01:04.695736+02:00
295960038,de:11000:900110012:1:51,-0.8,2026-10-02T01:01:04.695736+02:00
295960038,de:11000:900110004:1:51,-0.7,2026-10-02T01:01:04.695736+02:00
295960038,de:11000:900110003:1:51,0.0,2026-10-02T01:01:04.695736+02:00
295960038,de:11000:900110002:1:51,0.0,2026-10-02T01:01:04.695736+02:00
295960038,de:11000:900110001:1:51,-0.7,2026-10-02T01:01:04.695736+02:00
295960038,de:11000:900110011:2:52,-0.4,2026-10-02T01:01:04.695736+02:00
295960038,de:11000:900130002:1:50,0.0,2026-10-02T01:01:04.695736+02:00
295960038,de:11000:900130001:1:50,-0.7,2026-10-02T01:01:04.695736+02:00
295960038,de:11000:900142001:1:50,-0.2,2026-10-02T01:01:04.695736+02:00
295960038,de:12065:900200013:1:50,-0.3,2026-10-02T01:01:04.695736+02:00
295960038,de:12065:900200012:1:50,-0.9,2026-10-02T01:01:04.695736+02:00
295960038,de:12065:900200011:1:50,-0.4,2026-10-02T01:01:04.695736+02:00
295960038,de:12065:900200009:1:50,-0.9,2026-10-02T01:01:04.695736+02:00
295960038,de:12065:900200008:1:50,-0.9,2026-10-02T01:01:04.695736+02:00
295960046,de:12061:900260002:1:50,0.0,2026-10-02T01:01:04.695736+02:00
295960046,de:12061:900260003:1:51,-0.7,2026-10-02T01:01:04.695736+02:00
295960046,de:12061:900260004:1:51,-0.9,2026-10-02T01:01:04.695736+02:00
295960046,de:11000:900186001:2:53,-0.2,2026-10-02T01:01:04.695736+02:00
295960046,de:11000:900193002:1:51,-0.2,2026-10-02T01:01:04.695736+02:00
295960046,de:11000:900193001:2:51,-0.8,2026-10-02T01:01:04.695736+02:00
295960046,de:11000:900192001:3:55,-0.7,2026-10-02T01:01:04.695736+02:00
295960046,de:11000:900191001:1:50,-0.4,2026-10-02T01:01:04.695736+02:00
295960046,de:11000:900191002:1:51,-0.8,2026-10-02T01:01:04.695736+02:00
295960046,de:11000:900190001:2:53,-0.6,2026-10-02T01:01:04.695736+02:00
295960046,de:11000:900120003:5:59,0.0,2026-10-02T01:01:04.695736+02:00
295960046,de:11000:900120001:1:51,-0.6,2026-10-02T01:01:04.695736+02:00
295960046,de:11000:900110012:1:51,-0.8,2026-10-02T01:01:04.695736+02:00
295960046,de:11000:900110004:1:51,-0.7,2026-10-02T01:01:04.695736+02:00
295960046,de:11000:900110003:1:51,0.0,2026-10-02T01:01:04.695736+02:00
295960046,de:11000:900110002:1:51,0.0,2026-10-02T01:01:04.695736+02:00
295960046,de:11000:900110001:1:51,-0.7,2026-10-02T01:01:04.695736+02:00
295960046,de:11000:900110011:2:52,-0.4,2026-10-02T01:01:04.695736+02:00
295960046,de:11000:900130002:1:50,0.0,2026-10-02T01:01:04.695736+02:00
295960046,de:11000:900130001:1:50,-0.7,2026-10-02T01:01:04.695736+02:00
295960046,de:11000:900142001:1:50,-0.2,2026-10-02T01:01:04.695736+02:00
295960046,de:12065:900200013:1:50,-0.3,2026-10-02T01:01:04.695736+02:00
295960046,de:12065:900200012:1:50,-0.9,2026-10-02T01:01:04.695736+02:00
295960046,de:12065:900200011:1:50,-0.4,2026-10-02T01:01:04.695736+02:00
295960046,de:12065:900200009:1:50,-0.9,2026-10-02T01:01:04.695736+02:00
295960046,de:12065:900200008:1:50,-0.9,2026-10-02T01:01:04.695736+02:00
295960105,de:11000:900186001:2:52,0.0,2026-10-02T01:01:04.695736+02:00
295960105,de:11000:900193002:1:51,-0.2,2026-10-02T01:01:04.695736+02:00
295960105,de:11000:900193001:2:51,-0.8,2026-10-02T01:01:04.695736+02:00
295960105,de:11000:900192001:3:55,-0.7,2026-10-02T01:01:04.695736+02:00
295960105,de:11000:900191001:1:50,-0.4,2026-10-02T01:01:04.695736+02:00
295960105,de:11000:900191002:1:51,-0.8,2026-10-02T01:01:04.695736+02:00
295960105,de:11000:900190001:2:53,-0.6,2026-10-02T01:01:04.695736+02:00
295960105,de:11000:900120003:5:59,0.0,2026-10-02T01:01:04.695736+02:00
295960105,de:11000:900120001:1:51,-0.6,2026-10-02T01:01:04.695736+02:00
295960105,de:11000:900110012:1:51,-0.8,2026-10-02T01:01:04.695736+02:00
295960105,de:11000:900110004:1:51,-0.7,2026-10-02T01:01:04.695736+02:00
295960105,de:11000:900110003:1:51,0.0,2026-10-02T01:01:04.695736+02:00
295960105,de:11000:900110002:1:51,0.0,2026-10-02T01:01:04.695736+02:00
295960105,de:11000:900110001:1:51,-0.7,2026-10-02T01:01:04.695736+02:00
295960105,de:11000:900110011:2:52,-0.4,2026-10-02T01:01:04.695736+02:00
295960105,de:11000:900130002:1:50,0.0,2026-10-02T01:01:04.695736+02:00
295960105,de:11000:900130001:1:50,-0.7,2026-10-02T01:01:04.695736+02:00
295960105,de:11000:900142001:1:50,-0.2,2026-10-02T01:01:04.695736+02:00
295960105,de:12065:900200013:1:50,-0.3,2026-10-02T01:01:04.695736+02:00
295960105,de:12065:900200012:1:50,-0.9,2026-10-02T01:01:04.695736+02:00
295960105,de:12065:900200011:1:50,-0.4,2026-10-02T01:01:04.695736+02:00
295960105,de:12065:900200009:1:50,-0.9,2026-10-02T01:01:04.695736+02:00
295960105,de:12065:900200008:1:50,-0.9,2026-10-02T01:01:04.695736+02:00
306897079,de:12067:900310009::1,0.0,2026-10-02T01:01:04.695736+02:00
306897079,de:12067:900310007::2,0.0,2026-10-02T01:01:04.695736+02:00
306897079,de:12067:900310876::1,0.0,2026-10-02T01:01:04.695736+02:00
306897079,de:12067:900310007::1,0.0,2026-10-02T01:01:04.695736+02:00
306897079,de:12067:900310735::1,0.0,2026-10-02T01:01:04.695736+02:00
306897079,de:12067:900311270::1,0.0,2026-10-02T01:01:04.695736+02:00
306897079,de:12067:900311484::1,0.0,2026-10-02T01:01:04.695736+02:00
306897079,de:12067:900311485::1,0.0,2026-10-02T01:01:04.695736+02:00
306897079,de:12067:900311482::1,0.0,2026-10-02T01:01:04.695736+02:00
306897079,de:12067:900311489::1,0.0,2026-10-02T01:01:04.695736+02:00
306897079,de:12067:900311480::1,0.0,2026-10-02T01:01:04.695736+02:00
306897079,de:12067:900311222::1,0.0,2026-10-02T01:01:04.695736+02:00
306897079,de:12067:900311223::1,0.0,2026-10-02T01:01:04.695736+02:00
306897079,de:12067:900310957::1,0.0,2026-10-02T01:01:04.695736+02:00
306897079,de:12067:900310958::1,0.0,2026-10-02T01:01:04.695736+02:00
306897079,de:12067:900310988::2,0.0,2026-10-02T01:01:04.695736+02:00
306897079,de:12067:900310638::2,0.0,2026-10-02T01:01:04.695736+02:00
306897079,de:12067:900310834::1,0.0,2026-10-02T01:01:04.695736+02:00
295963730,de:12061:900260009:3:56,0.0,2026-10-02T01:01:04.695736+02:00
295963730,de:12061:900260080:1:51,-0.7,2026-10-02T01:01:04.695736+02:00
295963730,de:12061:900260005:3:55,0.0,2026-10-02T01:01:04.695736+02:00
295963730,de:11000:900196001:1:51,0.0,2026-10-02T01:01:04.695736+02:00
295963730,de:11000:900195510:1:50,-0.4,2026-10-02T01:01:04.695736+02:00
295963730,de:11000:900193002:1:51,-0.6,2026-10-02T01:01:04.695736+02:00
295963730,de:11000:900193001:2:51,-0.3,2026-10-02T01:01:04.695736+02:00
295963730,de:11000:900192001:3:55,-0.2,2026-10-02T01:01:04.695736+02:00
295963730,de:11000:900191001:1:50,-0.9,2026-10-02T01:01:04.695736+02:00
295963730,de:11000:900191002:1:51,-0.3,2026-10-02T01:01:04.695736+02:00
295963730,de:11000:900190001:2:53,-0.1,2026-10-02T01:01:04.695736+02:00
295963730,de:11000:900120003:5:59,-0.3,2026-10-02T01:01:04.695736+02:00
295963730,de:11000:900120001:1:51,-0.6,2026-10-02T01:01:04.695736+02:00
295963730,de:11000:900110012:1:51,-0.8,2026-10-02T01:01:04.695736+02:00
295963730,de:11000:900110004:1:51,-0.7,2026-10-02T01:01:04.695736+02:00
295963730,de:11000:900110003:1:51,0.0,2026-10-02T01:01:04.695736+02:00
295963730,de:11000:900110002:1:51,0.0,2026-10-02T01:01:04.695736+02:00
295963730,de:11000:900110001:1:51,-0.7,2026-10-02T01:01:04.695736+02:00
295963730,de:11000:900110011:2:53,-0.4,2026-10-02T01:01:04.695736+02:00
295963730,de:11000:900085201:1:50,-0.8,2026-10-02T01:01:04.695736+02:00
295963730,de:11000:900084101:1:50,-0.7,2026-10-02T01:01:04.695736+02:00
295963730,de:11000:900096101:1:50,-0.8,2026-10-02T01:01:04.695736+02:00
295963730,de:11000:900094101:1:50,-0.3,2026-10-02T01:01:04.695736+02:00
295963730,de:11000:900093201:1:50,-0.4,2026-10-02T01:01:04.695736+02:00
295963730,de:11000:900092201:1:51,-0.2,2026-10-02T01:01:04.695736+02:00
295963602,de:11000:900092201:1:51,0.0,2026-10-02T01:01:04.695736+02:00
295963602,de:11000:900093201:1:51,-0.4,2026-10-02T01:01:04.695736+02:00
295963602,de:11000:900094101:1:51,-0.3,2026-10-02T01:01:04.695736+02:00
295963602,de:11000:900096101:1:51,-0.1,2026-10-02T01:01:04.695736+02:00
295963602,de:11000:900084101:1:51,-0.2,2026-10-02T01:01:04.695736+02:00
295963602,de:11000:900085201:1:51,-0.8,2026-10-02T01:01:04.695736+02:00
295963602,de:11000:900130003:1:51,-0.8,2026-10-02T01:01:04.695736+02:00
295963602,de:11000:900110011:1:50,-0.9,2026-10-02T01:01:04.695736+02:00
295963602,de:11000:900110001:1:50,-0.2,2026-10-02T01:01:04.695736+02:00
295963602,de:11000:900110002:1:50,-0.9,2026-10-02T01:01:04.695736+02:00
295963602,de:11000:900110003:1:50,-0.9,2026-10-02T01:01:04.695736+02:00
295963602,de:11000:900110004:1:50,-0.3,2026-10-02T01:01:04.695736+02:00
295963602,de:11000:900110012:1:50,-0.2,2026-10-02T01:01:04.695736+02:00
295963602,de:11000:900120001:1:50,-0.2,2026-10-02T01:01:04.695736+02:00
295963602,de:11000:900120003:5:58,-0.6,2026-10-02T01:01:04.695736+02:00
295963602,de:11000:900190001:1:51,-0.1,2026-10-02T01:01:04.695736+02:00
295963602,de:11000:900191002:1:50,0.0,2026-10-02T01:01:04.695736+02:00
295963602,de:11000:900191001:2:52,-0.4,2026-10-02T01:01:04.695736+02:00
295963602,de:11000:900192001:2:52,-0.2,2026-10-02T01:01:04.695736+02:00
295963602,de:11000:900193001:1:50,-0.7,2026-10-02T01:01:04.695736+02:00
295963602,de:11000:900193002:1:50,-0.3,2026-10-02T01:01:04.695736+02:00
295963602,de:11000:900195510:1:51,-0.7,2026-10-02T01:01:04.695736+02:00
295963602,de:11000:900196001:1:50,-0.9,2026-10-02T01:01:04.695736+02:00
295963602,de:12061:900260005:3:54,-0.7,2026-10-02T01:01:04.695736+02:00
295963602,de:12061:900260080:1:50,0.0,2026-10-02T01:01:04.695736+02:00
295963602,de:12061:900260009:3:56,-0.2,2026-10-02T01:01:04.695736+02:00
295963716,de:12061:900260009:3:56,0.0,2026-10-02T01:01:04.695736+02:00
295963716,de:12061:900260080:1:51,-0.7,2026-10-02T01:01:04.695736+02:00
295963716,de:12061:900260005:3:55,0.0,2026-10-02T01:01:04.695736+02:00
295963716,de:11000:900196001:1:51,0.0,2026-10-02T01:01:04.695736+02:00
295963716,de:11000:900195510:1:50,-0.4,2026-10-02T01:01:04.695736+02:00
295963716,de:11000:900193002:1:51,-0.6,2026-10-02T01:01:04.695736+02:00
295963716,de:11000:900193001:2:51,-0.3,2026-10-02T01:01:04.695736+02:00
295963716,de:11000:900192001:3:55,-0.2,2026-10-02T01:01:04.695736+02:00
295963716,de:11000:900191001:1:50,-0.9,2026-10-02T01:01:04.695736+02:00
295963716,de:11000:900191002:1:51,-0.3,2026-10-02T01:01:04.695736+02:00
295963716,de:11000:900190001:2:53,-0.1,2026-10-02T01:01:04.695736+02:00
295963716,de:11000:900120003:5:59,-0.3,2026-10-02T01:01:04.695736+02:00
295963716,de:11000:900120001:1:51,-0.6,2026-10-02T01:01:04.695736+02:00
295963716,de:11000:900110012:1:51,-0.8,2026-10-02T01:01:04.695736+02:00
295963716,de:11000:900110004:1:51,-0.7,2026-10-02T01:01:04.695736+02:00
295963716,de:11000:900110003:1:51,0.0,2026-10-02T01:01:04.695736+02:00
295963716,de:11000:900110002:1:51,0.0,2026-10-02T01:01:04.695736+02:00
295963716,de:11000:900110001:1:51,-0.7,2026-10-02T01:01:04.695736+02:00
295963716,de:11000:900110011:2:53,-0.4,2026-10-02T01:01:04.695736+02:00
295963716,de:11000:900085201:1:50,-0.8,2026-10-02T01:01:04.695736+02:00
295963716,de:11000:900084101:1:50,-0.7,2026-10-02T01:01:04.695736+02:00
295963716,de:11000:900096101:1:50,-0.8,2026-10-02T01:01:04.695736+02:00
295963716,de:11000:900094101:1:50,-0.3,2026-10-02T01:01:04.695736+02:00
295963716,de:11000:900093201:1:50,-0.4,2026-10-02T01:01:04.695736+02:00
295963716,de:11000:900092201:1:51,-0.2,2026-10-02T01:01:04.695736+02:00
306895568,de:12067:900310980::1,0.0,2026-10-02T01:01:04.695736+02:00
306895568,de:12067:900310810::1,0.0,2026-10-02T01:01:04.695736+02:00
306895568,de:12067:900310769::2,0.0,2026-10-02T01:01:04.695736+02:00
306895568,de:12067:900311153::1,0.0,2026-10-02T01:01:04.695736+02:00
306895568,de:12067:900310695::3,0.0,2026-10-02T01:01:04.695736+02:00
306895568,de:12067:900310770::1,0.0,2026-10-02T01:01:04.695736+02:00
306895568,de:12067:900310010::3,0.0,2026-10-02T01:01:04.695736+02:00
306895568,de:12067:900310782::2,0.0,2026-10-02T01:01:04.695736+02:00
306895568,de:12067:900311109::2,0.0,2026-10-02T01:01:04.695736+02:00
306895568,de:12067:900310773::2,0.0,2026-10-02T01:01:04.695736+02:00
306895568,de:12067:900310823::2,0.0,2026-10-02T01:01:04.695736+02:00
306895568,de:12067:900311152::2,0.0,2026-10-02T01:01:04.695736+02:00
306895568,de:12067:900311151::2,0.0,2026-10-02T01:01:04.695736+02:00
306895568,de:12067:900310627::2,0.0,2026-10-02T01:01:04.695736+02:00
306895568,de:12067:900310816::2,0.0,2026-10-02T01:01:04.695736+02:00
306895568,de:12067:900310022::1,0.0,2026-10-02T01:01:04.695736+02:00
306895568,de:12067:900310001::11,0.0,2026-10-02T01:01:04.695736+02:00
306895568,de:12067:900310001::1,0.0,2026-10-02T01:01:04.695736+02:00
306895568,de:12067:900311149::1,0.0,2026-10-02T01:01:04.695736+02:00
306895568,de:12067:900311135::1,0.0,2026-10-02T01:01:04.695736+02:00
306895568,de:12067:900311150::1,0.0,2026-10-02T01:01:04.695736+02:00
306895568,de:12067:900310804::1,0.0,2026-10-02T01:01:04.695736+02:00
306895568,de:12067:900310814::1,0.0,2026-10-02T01:01:04.695736+02:00
306895568,de:12067:900311083::3,0.0,2026-10-02T01:01:04.695736+02:00
295963698,de:12061:900260009:3:56,0.0,2026-10-02T01:01:04.695736+02:00
295963698,de:12061:900260080:1:51,-0.7,2026-10-02T01:01:04.695736+02:00
295963698,de:12061:900260005:3:55,0.0,2026-10-02T01:01:04.695736+02:00
295963698,de:11000:900196001:1:51,0.0,2026-10-02T01:01:04.695736+02:00
295963698,de:11000:900195510:1:50,-0.4,2026-10-02T01:01:04.695736+02:00
295963698,de:11000:900193002:1:51,-0.6,2026-10-02T01:01:04.695736+02:00
295963698,de:11000:900193001:2:51,-0.3,2026-10-02T01:01:04.695736+02:00
295963698,de:11000:900192001:3:55,-0.2,2026-10-02T01:01:04.695736+02:00
295963698,de:11000:900191001:1:50,-0.9,2026-10-02T01:01:04.695736+02:00
295963698,de:11000:900191002:1:51,-0.3,2026-10-02T01:01:04.695736+02:00
295963698,de:11000:900190001:2:53,-0.1,2026-10-02T01:01:04.695736+02:00
295963698,de:11000:900120003:5:59,-0.3,2026-10-02T01:01:04.695736+02:00
295963698,de:11000:900120001:1:51,-0.6,2026-10-02T01:01:04.695736+02:00
295963698,de:11000:900110012:1:51,-0.8,2026-10-02T01:01:04.695736+02:00
295963698,de:11000:900110004:1:51,-0.7,2026-10-02T01:01:04.695736+02:00
295963698,de:11000:900110003:1:51,0.0,2026-10-02T01:01:04.695736+02:00
295963698,de:11000:900110002:1:51,0.0,2026-10-02T01:01:04.695736+02:00
295963698,de:11000:900110001:1:51,-0.7,2026-10-02T01:01:04.695736+02:00
295963698,de:11000:900110011:2:52,-0.4,2026-10-02T01:01:04.695736+02:00
295963698,de:11000:900130002:1:51,-0.8,2026-10-02T01:01:04.695736+02:00
295967972,de:12061:900260005:3:55,0.0,2026-10-02T01:01:04.695736+02:00
295967972,de:11000:900196001:1:51,0.0,2026-10-02T01:01:04.695736+02:00
295967972,de:11000:900195510:1:50,-0.4,2026-10-02T01:01:04.695736+02:00
295967972,de:11000:900193002:1:51,-0.6,2026-10-02T01:01:04.695736+02:00
295967972,de:11000:900193001:2:51,-0.3,2026-10-02T01:01:04.695736+02:00
295967972,de:11000:900192001:3:55,-0.2,2026-10-02T01:01:04.695736+02:00
295967972,de:11000:900191001:1:50,0.0,2026-10-02T01:01:04.695736+02:00
295967972,de:11000:900191002:1:51,-0.7,2026-10-02T01:01:04.695736+02:00
295967972,de:11000:900190001:2:53,-0.4,2026-10-02T01:01:04.695736+02:00
295967972,de:11000:900120004:2:53,-0.9,2026-10-02T01:01:04.695736+02:00
295967972,de:11000:900120005:5:58,-0.1,2026-10-02T01:01:04.695736+02:00
295967972,de:11000:900100004:1:51,-0.4,2026-10-02T01:01:04.695736+02:00
295967972,de:11000:900100003:2:53,-0.4,2026-10-02T01:01:04.695736+02:00
295967972,de:11000:900100002:1:51,-0.4,2026-10-02T01:01:04.695736+02:00
295967972,de:11000:900100001:3:55,-0.4,2026-10-02T01:01:04.695736+02:00
295967972,de:11000:900003201:3:55,-0.1,2026-10-02T01:01:04.695736+02:00
295967972,de:11000:900003102:1:51,-0.8,2026-10-02T01:01:04.695736+02:00
295967972,de:11000:900003103:1:51,-0.9,2026-10-02T01:01:04.695736+02:00
295967972,de:11000:900023201:3:55,-0.8,2026-10-02T01:01:04.695736+02:00
295967972,de:11000:900024203:1:51,-0.8,2026-10-02T01:01:04.695736+02:00
295967972,de:11000:900024101:4:57,-0.8,2026-10-02T01:01:04.695736+02:00
295967972,de:11000:900024102:1:50,-0.1,2026-10-02T01:01:04.695736+02:00
295967972,de:11000:900025423:1:50,-0.4,2026-10-02T01:01:04.695736+02:00
295967972,de:11000:900026105:1:50,-0.7,2026-10-02T01:01:04.695736+02:00
295967972,de:11000:900025321:1:50,-0.3,2026-10-02T01:01:04.695736+02:00
295967972,de:11000:900025424:1:50,-0.3,2026-10-02T01:01:04.695736+02:00
295967972,de:11000:900030202:1:50,-0.9,2026-10-02T01:01:04.695736+02:00
295967972,de:11000:900029101:1:51,-0.9,2026-10-02T01:01:04.695736+02:00
306895623,de:12067:900311083::3,0.0,2026-10-02T01:01:04.695736+02:00
306895623,de:12067:900310775::1,0.0,2026-10-02T01:01:04.695736+02:00
306895623,de:12067:900311083::2,0.0,2026-10-02T01:01:04.695736+02:00
306895623,de:12067:900310814::2,0.0,2026-10-02T01:01:04.695736+02:00
306895623,de:12067:900310804::2,0.0,2026-10-02T01:01:04.695736+02:00
306895623,de:12067:900311150::2,0.0,2026-10-02T01:01:04.695736+02:00
306895623,de:12067:900311135::2,0.0,2026-10-02T01:01:04.695736+02:00
306895623,de:12067:900311149::2,0.0,2026-10-02T01:01:04.695736+02:00
306895623,de:12067:900310001::11,0.0,2026-10-02T01:01:04.695736+02:00
306895623,de:12067:900310001::2,0.0,2026-10-02T01:01:04.695736+02:00
306895623,de:12067:900310816::1,0.0,2026-10-02T01:01:04.695736+02:00
306895623,de:12067:900310627::1,0.0,2026-10-02T01:01:04.695736+02:00
306895623,de:12067:900310781::1,0.0,2026-10-02T01:01:04.695736+02:00
306895623,de:12067:900310822::1,0.0,2026-10-02T01:01:04.695736+02:00
306895623,de:12067:900310771::1,0.0,2026-10-02T01:01:04.695736+02:00
306895623,de:12067:900310811::1,0.0,2026-10-02T01:01:04.695736+02:00
306895623,de:12067:900310630::1,0.0,2026-10-02T01:01:04.695736+02:00
306895623,de:12067:900310812::1,0.0,2026-10-02T01:01:04.695736+02:00
306895623,de:12067:900310770::1,0.0,2026-10-02T01:01:04.695736+02:00
306895623,de:12067:900310010::3,0.0,2026-10-02T01:01:04.695736+02:00
306895623,de:12067:900310880::1,0.0,2026-10-02T01:01:04.695736+02:00
306895623,de:12067:900310815::1,0.0,2026-10-02T01:01:04.695736+02:00
306895623,de:12067:900310807::1,0.0,2026-10-02T01:01:04.695736+02:00
307435170,de:11000:900192001:1:50,0.0,2026-10-02T01:01:04.695736+02:00
307435170,de:12061:900260005:2:52,0.0,2026-10-02T01:01:04.695736+02:00
306897064,de:12067:900310834::1,0.0,2026-10-02T01:01:04.695736+02:00
306897064,de:12067:900311020::2,0.0,2026-10-02T01:01:04.695736+02:00
306897064,de:12067:900310908::2,0.0,2026-10-02T01:01:04.695736+02:00
306897064,de:12067:900311085::1,0.0,2026-10-02T01:01:04.695736+02:00
306897064,de:12067:900310874::1,0.0,2026-10-02T01:01:04.695736+02:00
306897064,de:12067:900310925::1,0.0,2026-10-02T01:01:04.695736+02:00
306897278,de:12067:900311482::3,0.0,2026-10-02T01:01:04.695736+02:00
306897278,de:12067:900311489::1,0.0,2026-10-02T01:01:04.695736+02:00
306897278,de:12067:900311483::2,0.0,2026-10-02T01:01:04.695736+02:00
306897278,de:12067:900310935::1,0.0,2026-10-02T01:01:04.695736+02:00
306897278,de:12067:900310858::1,0.0,2026-10-02T01:01:04.695736+02:00
306897278,de:12067:900310060::2,0.0,2026-10-02T01:01:04.695736+02:00
306897278,de:12067:900310858::3,0.0,2026-10-02T01:01:04.695736+02:00
306897278,de:12067:900311269::2,0.0,2026-10-02T01:01:04.695736+02:00
306897278,de:12067:900311228::2,0.0,2026-10-02T01:01:04.695736+02:00
306897278,de:12067:900311239::2,0.0,2026-10-02T01:01:04.695736+02:00
306897278,de:12067:900311229::2,0.0,2026-10-02T01:01:04.695736+02:00
306897278,de:12067:900311227::1,0.0,2026-10-02T01:01:04.695736+02:00
306897278,de:12067:900311405::1,0.0,2026-10-02T01:01:04.695736+02:00
306897278,de:12067:900311402::1,0.0,2026-10-02T01:01:04.695736+02:00
306897278,de:12067:900311311::2,0.0,2026-10-02T01:01:04.695736+02:00
306897278,de:12067:900311312::2,0.0,2026-10-02T01:01:04.695736+02:00
306897278,de:12067:900311383::2,0.0,2026-10-02T01:01:04.695736+02:00
306897278,de:12067:900311305::1,0.0,2026-10-02T01:01:04.695736+02:00
306897278,de:12067:900311320::1,0.0,2026-10-02T01:01:04.695736+02:00
306897278,de:12067:900311354::2,0.0,2026-10-02T01:01:04.695736+02:00
306897278,de:12067:900311352::2,0.0,2026-10-02T01:01:04.695736+02:00
306897278,de:12067:900311336::2,0.0,2026-10-02T01:01:04.695736+02:00
306897278,de:12067:900311349::2,0.0,2026-10-02T01:01:04.695736+02:00
306897278,de:12067:900311377::2,0.0,2026-10-02T01:01:04.695736+02:00
306897278,de:12067:900311376::2,0.0,2026-10-02T01:01:04.695736+02:00
306897278,de:12067:900311316::2,0.0,2026-10-02T01:01:04.695736+02:00
306897278,de:12067:900311384::2,0.0,2026-10-02T01:01:04.695736+02:00
306897278,de:12067:900311317::2,0.0,2026-10-02T01:01:04.695736+02:00
306897278,de:12067:900310027::2,0.0,2026-10-02T01:01:04.695736+02:00
306897278,de:12067:900311359::2,0.0,2026-10-02T01:01:04.695736+02:00
306897278,de:12067:900311345::2,0.0,2026-10-02T01:01:04.695736+02:00
306897278,de:12067:900311341::2,0.0,2026-10-02T01:01:04.695736+02:00
306897278,de:12067:900311309::1,0.0,2026-10-02T01:01:04.695736+02:00
306897278,de:12067:900311310::1,0.0,2026-10-02T01:01:04.695736+02:00
306897278,de:12067:900311307::1,0.0,2026-10-02T01:01:04.695736+02:00
306897278,de:12067:900311308::4,0.0,2026-10-02T01:01:04.695736+02:00
306053588,de:12064:900321742::1,0.0,2026-10-02T01:01:04.695736+02:00
306053588,de:12064:900321746::1,0.0,2026-10-02T01:01:04.695736+02:00
306053588,de:12064:900321404::1,0.0,2026-10-02T01:01:04.695736+02:00
306053588,de:12064:900321386::1,0.0,2026-10-02T01:01:04.695736+02:00
306053588,de:12064:900321556::1,0.0,2026-10-02T01:01:04.695736+02:00
306053588,de:12064:900321300::1,0.0,2026-10-02T01:01:04.695736+02:00
306053588,de:12064:900321638::2,0.0,2026-10-02T01:01:04.695736+02:00
306053588,de:12064:900321384::1,0.0,2026-10-02T01:01:04.695736+02:00
306053588,de:12064:900321383::1,0.0,2026-10-02T01:01:04.695736+02:00
306053588,de:12064:900321384::2,0.0,2026-10-02T01:01:04.695736+02:00
306053588,de:12064:900321638::1,0.0,2026-10-02T01:01:04.695736+02:00
306053588,de:12064:900321640::1,0.0,2026-10-02T01:01:04.695736+02:00
306053588,de:12064:900321641::1,0.0,2026-10-02T01:01:04.695736+02:00
306053588,de:12064:900321642::1,0.0,2026-10-02T01:01:04.695736+02:00
306053588,de:12064:900321639::1,0.0,2026-10-02T01:01:04.695736+02:00
306053588,de:12064:900321306::1,0.0,2026-10-02T01:01:04.695736+02:00
306053588,de:12064:900321580::1,0.0,2026-10-02T01:01:04.695736+02:00
306053588,de:12064:900321733::1,0.0,2026-10-02T01:01:04.695736+02:00
306053588,de:12064:900321734::2,0.0,2026-10-02T01:01:04.695736+02:00
306053588,de:12064:900321845::1,0.0,2026-10-02T01:01:04.695736+02:00
306053588,de:12053:900360202::2,0.0,2026-10-02T01:01:04.695736+02:00
306053588,de:12053:900360203::2,0.0,2026-10-02T01:01:04.695736+02:00
306053588,de:12053:900360201::2,0.0,2026-10-02T01:01:04.695736+02:00
306053588,de:12053:900360033::2,0.0,2026-10-02T01:01:04.695736+02:00
306053588,de:12053:900360029::2,0.0,2026-10-02T01:01:04.695736+02:00
306053588,de:12053:900360075::2,0.0,2026-10-02T01:01:04.695736+02:00
306053588,de:12053:900360024::2,0.0,2026-10-02T01:01:04.695736+02:00
306053588,de:12053:900360070::1,0.0,2026-10-02T01:01:04.695736+02:00
306053588,de:12053:900360140::2,0.0,2026-10-02T01:01:04.695736+02:00
306053588,de:12053:900360000::3,0.0,2026-10-02T01:01:04.695736+02:00
306050660,de:12067:900310013::2,0.0,2026-10-02T01:01:04.695736+02:00
306050660,de:12067:900310572::1,0.0,2026-10-02T01:01:04.695736+02:00
306050660,de:11000:900310550::1,0.0,2026-10-02T01:01:04.695736+02:00
306050660,de:12067:900310534::1,0.0,2026-10-02T01:01:04.695736+02:00
306050660,de:12067:900310533::2,0.0,2026-10-02T01:01:04.695736+02:00
306050660,de:12067:900310532::2,0.0,2026-10-02T01:01:04.695736+02:00
306050660,de:12067:900310531::2,0.0,2026-10-02T01:01:04.695736+02:00
306050660,de:12067:900310530::2,0.0,2026-10-02T01:01:04.695736+02:00
306050660,de:12064:900320254::2,0.0,2026-10-02T01:01:04.695736+02:00
306050660,de:12064:900320246::4,0.0,2026-10-02T01:01:04.695736+02:00
306050660,de:12064:900320252::3,0.0,2026-10-02T01:01:04.695736+02:00
306050660,de:12064:900320283::2,0.0,2026-10-02T01:01:04.695736+02:00
306050660,de:12064:900320249::4,0.0,2026-10-02T01:01:04.695736+02:00
306050660,de:12064:900320242::2,0.0,2026-10-02T01:01:04.695736+02:00
306050660,de:12064:900320264::2,0.0,2026-10-02T01:01:04.695736+02:00
306050660,de:12064:900320263::2,0.0,2026-10-02T01:01:04.695736+02:00
306050660,de:12064:900320262::2,0.0,2026-10-02T01:01:04.695736+02:00
306050660,de:12064:900320275::2,0.0,2026-10-02T01:01:04.695736+02:00
306050660,de:12064:900320274::1,0.0,2026-10-02T01:01:04.695736+02:00
306050660,de:12064:900320282::2,0.0,2026-10-02T01:01:04.695736+02:00
306050660,de:12064:900320273::2,0.0,2026-10-02T01:01:04.695736+02:00
306050660,de:12064:900320659::2,0.0,2026-10-02T01:01:04.695736+02:00
306050660,de:12064:900320960::2,0.0,2026-10-02T01:01:04.695736+02:00
306050660,de:12064:900320998::2,0.0,2026-10-02T01:01:04.695736+02:00
306050660,de:12064:900320999::2,0.0,2026-10-02T01:01:04.695736+02:00
306050660,de:12064:900320562::2,0.0,2026-10-02T01:01:04.695736+02:00
306050660,de:12064:900320561::2,0.0,2026-10-02T01:01:04.695736+02:00
306050660,de:12064:900320004::4,0.0,2026-10-02T01:01:04.695736+02:00
307243457,de:11000:900100020:3:54,0.0,2026-10-02T01:01:04.695736+02:00
307243457,de:11000:900012101:1:51,-0.5,2026-10-02T01:01:04.695736+02:00
307243457,de:11000:900057102:1:50,-0.7,2026-10-02T01:01:04.695736+02:00
307243457,de:11000:900057104:2:51,-0.4,2026-10-02T01:01:04.695736+02:00
307243457,de:11000:900054104:1:50,-0.3,2026-10-02T01:01:04.695736+02:00
307243457,de:11000:900060101:1:50,-0.3,2026-10-02T01:01:04.695736+02:00
307243457,de:11000:900063101:1:50,-0.1,2026-10-02T01:01:04.695736+02:00
307243457,de:11000:900062202:1:50,-0.1,2026-10-02T01:01:04.695736+02:00
307243457,de:11000:900066102:1:50,-0.2,2026-10-02T01:01:04.695736+02:00
307243457,de:11000:900066101:1:50,-0.1,2026-10-02T01:01:04.695736+02:00
307243457,de:11000:900049202:1:50,-0.3,2026-10-02T01:01:04.695736+02:00
307243457,de:11000:900049201:1:50,-0.4,2026-10-02T01:01:04.695736+02:00
307243457,de:11000:900050301:1:50,0.0,2026-10-02T01:01:04.695736+02:00
307243457,de:11000:900050355:1:50,-0.1,2026-10-02T01:01:04.695736+02:00
307243457,de:11000:900052201:1:50,-0.5,2026-10-02T01:01:04.695736+02:00
307243457,de:11000:900053301:1:51,-0.9,2026-10-02T01:01:04.695736+02:00
295879341,de:12065:900200005:3:1,0.0,2026-10-02T01:01:04.695736+02:00
295879341,de:12065:900200006:1:51,-0.3,2026-10-02T01:01:04.695736+02:00
295879341,de:12065:900200007:1:51,-0.7,2026-10-02T01:01:04.695736+02:00
295879341,de:12065:900200008:1:51,-0.2,2026-10-02T01:01:04.695736+02:00
295879341,de:12065:900200009:1:51,-0.1,2026-10-02T01:01:04.695736+02:00
295879341,de:11000:900092201:1:51,-0.7,2026-10-02T01:01:04.695736+02:00
295879341,de:11000:900093201:1:51,-0.4,2026-10-02T01:01:04.695736+02:00
295879341,de:11000:900094101:1:51,-0.8,2026-10-02T01:01:04.695736+02:00
295879341,de:11000:900096101:1:51,-0.1,2026-10-02T01:01:04.695736+02:00
295879341,de:11000:900084101:1:51,-0.2,2026-10-02T01:01:04.695736+02:00
295879341,de:11000:900085201:1:51,-0.8,2026-10-02T01:01:04.695736+02:00
295879341,de:11000:900130003:1:51,-0.8,2026-10-02T01:01:04.695736+02:00
295879341,de:11000:900110011:1:50,-0.9,2026-10-02T01:01:04.695736+02:00
295879341,de:11000:900007102:1:50,-0.9,2026-10-02T01:01:04.695736+02:00
295879341,de:11000:900008101:1:50,0.0,2026-10-02T01:01:04.695736+02:00
295879341,de:11000:900007104:1:51,-0.7,2026-10-02T01:01:04.695736+02:00
295879341,de:11000:900100007:1:50,-0.7,2026-10-02T01:01:04.695736+02:00
295879341,de:11000:900100001:4:56,-0.5,2026-10-02T01:01:04.695736+02:00
295879341,de:11000:900100025:1:50,-0.4,2026-10-02T01:01:04.695736+02:00
295879341,de:11000:900100020:3:54,-0.4,2026-10-02T01:01:04.695736+02:00
295879341,de:11000:900012101:1:51,-0.5,2026-10-02T01:01:04.695736+02:00
295879341,de:11000:900057102:1:50,-0.7,2026-10-02T01:01:04.695736+02:00
295879341,de:11000:900057104:2:51,-0.4,2026-10-02T01:01:04.695736+02:00
295879341,de:11000:900054104:1:50,-0.3,2026-10-02T01:01:04.695736+02:00
295879341,de:11000:900060101:1:50,-0.3,2026-10-02T01:01:04.695736+02:00
295879341,de:11000:900063101:1:50,-0.1,2026-10-02T01:01:04.695736+02:00
295879341,de:11000:900062202:1:50,-0.1,2026-10-02T01:01:04.695736+02:00
295879341,de:11000:900066102:1:50,-0.2,2026-10-02T01:01:04.695736+02:00
295879341,de:11000:900066101:1:50,-0.1,2026-10-02T01:01:04.695736+02:00
295879341,de:11000:900049202:1:50,-0.3,2026-10-02T01:01:04.695736+02:00
295879341,de:11000:900049201:1:50,-0.4,2026-10-02T01:01:04.695736+02:00
295879341,de:11000:900050301:1:50,0.0,2026-10-02T01:01:04.695736+02:00
295879341,de:11000:900050355:1:50,-0.1,2026-10-02T01:01:04.695736+02:00
295879341,de:11000:900052201:1:50,-0.5,2026-10-02T01:01:04.695736+02:00
295879341,de:11000:900053301:1:51,-0.9,2026-10-02T01:01:04.695736+02:00
295879392,de:11000:900053301:2:52,0.0,2026-10-02T01:01:04.695736+02:00
295879392,de:11000:900052201:1:51,0.0,2026-10-02T01:01:04.695736+02:00
295879392,de:11000:900050355:1:51,-0.3,2026-10-02T01:01:04.695736+02:00
295879392,de:11000:900050301:1:51,-0.4,2026-10-02T01:01:04.695736+02:00
295879392,de:11000:900049201:1:51,0.0,2026-10-02T01:01:04.695736+02:00
295879392,de:11000:900049202:1:51,0.0,2026-10-02T01:01:04.695736+02:00
295879392,de:11000:900066101:1:51,-0.3,2026-10-02T01:01:04.695736+02:00
295879392,de:11000:900066102:1:51,-0.2,2026-10-02T01:01:04.695736+02:00
295879392,de:11000:900062202:1:51,-0.2,2026-10-02T01:01:04.695736+02:00
295879392,de:11000:900063101:1:51,-0.2,2026-10-02T01:01:04.695736+02:00
295879392,de:11000:900060101:1:51,-0.9,2026-10-02T01:01:04.695736+02:00
295879392,de:11000:900054104:1:51,-0.9,2026-10-02T01:01:04.695736+02:00
295879392,de:11000:900057104:1:50,-0.4,2026-10-02T01:01:04.695736+02:00
295879392,de:11000:900057102:1:51,-0.1,2026-10-02T01:01:04.695736+02:00
295879392,de:11000:900012101:2:52,-0.9,2026-10-02T01:01:04.695736+02:00
295879392,de:11000:900100020:4:57,-0.3,2026-10-02T01:01:04.695736+02:00
295879392,de:11000:900100025:1:51,-0.4,2026-10-02T01:01:04.695736+02:00
295879392,de:11000:900100001:4:57,-0.1,2026-10-02T01:01:04.695736+02:00
295879392,de:11000:900100007:1:51,-0.2,2026-10-02T01:01:04.695736+02:00
295879392,de:11000:900007104:2:52,-0.2,2026-10-02T01:01:04.695736+02:00
295879392,de:11000:900008101:1:51,-0.9,2026-10-02T01:01:04.695736+02:00
295879392,de:11000:900007102:2:53,-0.6,2026-10-02T01:01:04.695736+02:00
295879392,de:11000:900110011:2:53,-0.9,2026-10-02T01:01:04.695736+02:00
295879392,de:11000:900085201:1:50,-0.9,2026-10-02T01:01:04.695736+02:00
295879392,de:11000:900084101:1:50,-0.7,2026-10-02T01:01:04.695736+02:00
295879392,de:11000:900096101:1:50,-0.8,2026-10-02T01:01:04.695736+02:00
295879392,de:11000:900094101:1:50,-0.1,2026-10-02T01:01:04.695736+02:00
295879392,de:11000:900093201:1:50,-0.4,2026-10-02T01:01:04.695736+02:00
295879392,de:11000:900092201:1:50,-0.2,2026-10-02T01:01:04.695736+02:00
295879392,de:12065:900200009:1:50,-0.7,2026-10-02T01:01:04.695736+02:00
295879392,de:12065:900200008:1:50,-0.7,2026-10-02T01:01:04.695736+02:00
295879392,de:12065:900200007:1:50,-0.2,2026-10-02T01:01:04.695736+02:00
295879392,de:12065:900200006:1:50,-0.5,2026-10-02T01:01:04.695736+02:00
295879392,de:12065:900200005:3:2,-0.9,2026-10-02T01:01:04.695736+02:00
306895984,de:12067:900310565::1,0.0,2026-10-02T01:01:04.695736+02:00
306895984,de:12067:900310561::2,0.0,2026-10-02T01:01:04.695736+02:00
306895984,de:12067:900310567::2,0.0,2026-10-02T01:01:04.695736+02:00
306895984,de:12067:900310581::2,0.0,2026-10-02T01:01:04.695736+02:00
306895984,de:12067:900310573::2,0.0,2026-10-02T01:01:04.695736+02:00
306895984,de:12067:900310560::2,0.0,2026-10-02T01:01:04.695736+02:00
306895984,de:12067:900310563::4,0.0,2026-10-02T01:01:04.695736+02:00
306895984,de:12067:900310013::2,0.0,2026-10-02T01:01:04.695736+02:00
306895984,de:12067:900310572::1,0.0,2026-10-02T01:01:04.695736+02:00
306895984,de:11000:900310550::1,0.0,2026-10-02T01:01:04.695736+02:00
306895984,de:12067:900310534::1,0.0,2026-10-02T01:01:04.695736+02:00
306895984,de:12067:900310580::2,0.0,2026-10-02T01:01:04.695736+02:00
306895984,de:12067:900310578::4,0.0,2026-10-02T01:01:04.695736+02:00
306895984,de:12067:900310508::2,0.0,2026-10-02T01:01:04.695736+02:00
306895984,de:12067:900310509::2,0.0,2026-10-02T01:01:04.695736+02:00
306895984,de:12067:900310017::3,0.0,2026-10-02T01:01:04.695736+02:00
306895984,de:12064:900320267::1,0.0,2026-10-02T01:01:04.695736+02:00
306895984,de:12064:900320250::1,0.0,2026-10-02T01:01:04.695736+02:00
306896103,de:12067:900310031::2,0.0,2026-10-02T01:01:04.695736+02:00
306896103,de:12067:900310031::2,-19.0,2026-10-02T01:01:04.695736+02:00
306896103,de:12067:900311114::1,0.0,2026-10-02T01:01:04.695736+02:00
306896103,de:12067:900310031::2,19.0,2026-10-02T01:01:04.695736+02:00
306896103,de:12067:900310031::2,0.0,2026-10-02T01:01:04.695736+02:00
306896103,de:12067:900310555::2,0.0,2026-10-02T01:01:04.695736+02:00
306896103,de:12067:900310557::2,0.0,2026-10-02T01:01:04.695736+02:00
306896103,de:12067:900310013::7,0.0,2026-10-02T01:01:04.695736+02:00
306896132,de:12067:900310013::3,0.0,2026-10-02T01:01:04.695736+02:00
306896132,de:12067:900310563::3,0.0,2026-10-02T01:01:04.695736+02:00
306896132,de:12067:900310559::1,0.0,2026-10-02T01:01:04.695736+02:00
306896132,de:12067:900310558::1,0.0,2026-10-02T01:01:04.695736+02:00
306896132,de:12067:900310556::1,0.0,2026-10-02T01:01:04.695736+02:00
306896132,de:12067:900310621::1,0.0,2026-10-02T01:01:04.695736+02:00
306896132,de:12067:900310568::1,0.0,2026-10-02T01:01:04.695736+02:00
306896132,de:12067:900310955::1,0.0,2026-10-02T01:01:04.695736+02:00
306896132,de:12067:900310949::2,0.0,2026-10-02T01:01:04.695736+02:00
306896132,de:12067:900310951::1,0.0,2026-10-02T01:01:04.695736+02:00
306896132,de:12067:900310956::1,0.0,2026-10-02T01:01:04.695736+02:00
306896132,de:12067:900310954::1,0.0,2026-10-02T01:01:04.695736+02:00
306896132,de:12067:900310953::1,0.0,2026-10-02T01:01:04.695736+02:00
306896132,de:12067:900311042::1,0.0,2026-10-02T01:01:04.695736+02:00
306896132,de:12067:900311043::1,0.0,2026-10-02T01:01:04.695736+02:00
306896384,de:12067:900311129::4,0.0,2026-10-02T01:01:04.695736+02:00
306896384,de:12067:900310755::2,0.0,2026-10-02T01:01:04.695736+02:00
306896384,de:12067:900310728::3,0.0,2026-10-02T01:01:04.695736+02:00
306896384,de:12067:900310727::3,0.0,2026-10-02T01:01:04.695736+02:00
306896384,de:12067:900310942::1,0.0,2026-10-02T01:01:04.695736+02:00
306896384,de:12067:900310716::1,0.0,2026-10-02T01:01:04.695736+02:00
306896384,de:12067:900310740::1,0.0,2026-10-02T01:01:04.695736+02:00
306896384,de:12067:900310739::2,0.0,2026-10-02T01:01:04.695736+02:00
306896384,de:12067:900310747::2,0.0,2026-10-02T01:01:04.695736+02:00
306896384,de:12067:900310924::2,0.0,2026-10-02T01:01:04.695736+02:00
306896384,de:12067:900310925::1,0.0,2026-10-02T01:01:04.695736+02:00
306896384,de:12067:900310600::2,0.0,2026-10-02T01:01:04.695736+02:00
306896384,de:12067:900310829::1,0.0,2026-10-02T01:01:04.695736+02:00
306896384,de:12067:900310827::2,0.0,2026-10-02T01:01:04.695736+02:00
306896384,de:12067:900310982::1,0.0,2026-10-02T01:01:04.695736+02:00
306896384,de:12067:900310757::2,0.0,2026-10-02T01:01:04.695736+02:00
306896384,de:12067:900310756::2,0.0,2026-10-02T01:01:04.695736+02:00
306896384,de:12067:900310118::2,0.0,2026-10-02T01:01:04.695736+02:00
306896384,de:12067:900310100::2,0.0,2026-10-02T01:01:04.695736+02:00
306896384,de:12067:900310108::2,0.0,2026-10-02T01:01:04.695736+02:00
306896384,de:12067:900310111::2,0.0,2026-10-02T01:01:04.695736+02:00
306896384,de:12067:900310101::2,0.0,2026-10-02T01:01:04.695736+02:00
306896384,de:12067:900310112::2,0.0,2026-10-02T01:01:04.695736+02:00
306896384,de:12067:900310109::1,0.0,2026-10-02T01:01:04.695736+02:00
306896384,de:12067:900310040::2,0.0,2026-10-02T01:01:04.695736+02:00
306896256,de:12061:900260001::6,0.0,2026-10-02T01:01:04.695736+02:00
306896256,de:12061:900260798::1,0.0,2026-10-02T01:01:04.695736+02:00
306896256,de:12061:900260890::1,0.0,2026-10-02T01:01:04.695736+02:00
306896256,de:12061:900260887::1,0.0,2026-10-02T01:01:04.695736+02:00
306896256,de:12061:900260886::1,0.0,2026-10-02T01:01:04.695736+02:00
306896256,de:12061:900260888::1,0.0,2026-10-02T01:01:04.695736+02:00
306896256,de:12061:900260889::1,0.0,2026-10-02T01:01:04.695736+02:00
306896256,de:12061:900261047::1,0.0,2026-10-02T01:01:04.695736+02:00
306896256,de:12061:900261048::1,0.0,2026-10-02T01:01:04.695736+02:00
306896256,de:12061:900261051::1,0.0,2026-10-02T01:01:04.695736+02:00
306896256,de:12061:900261050::2,0.0,2026-10-02T01:01:04.695736+02:00
306896256,de:12061:900260170::1,0.0,2026-10-02T01:01:04.695736+02:00
306896256,de:12061:900260167::1,0.0,2026-10-02T01:01:04.695736+02:00
306896256,de:12061:900260168::1,0.0,2026-10-02T01:01:04.695736+02:00
306896256,de:12061:900260171::1,0.0,2026-10-02T01:01:04.695736+02:00
306896256,de:12061:900260166::1,0.0,2026-10-02T01:01:04.695736+02:00
306896256,de:12061:900260169::4,0.0,2026-10-02T01:01:04.695736+02:00
306896256,de:12061:900260165::1,0.0,2026-10-02T01:01:04.695736+02:00
306896256,de:12067:900310950::2,0.0,2026-10-02T01:01:04.695736+02:00
306896256,de:12067:900310955::2,0.0,2026-10-02T01:01:04.695736+02:00
306896256,de:12067:900310568::2,0.0,2026-10-02T01:01:04.695736+02:00
306896256,de:12067:900310556::2,0.0,2026-10-02T01:01:04.695736+02:00
306896256,de:12067:900310558::4,0.0,2026-10-02T01:01:04.695736+02:00
306896256,de:12067:900310559::2,0.0,2026-10-02T01:01:04.695736+02:00
306896256,de:12067:900310563::4,0.0,2026-10-02T01:01:04.695736+02:00
306896256,de:12067:900310013::7,0.0,2026-10-02T01:01:04.695736+02:00
306896263,de:12061:900260001::6,0.0,2026-10-02T01:01:04.695736+02:00
306896263,de:12061:900260798::1,0.0,2026-10-02T01:01:04.695736+02:00
306896263,de:12061:900260890::1,0.0,2026-10-02T01:01:04.695736+02:00
306896263,de:12061:900260887::1,0.0,2026-10-02T01:01:04.695736+02:00
306896263,de:12061:900260886::1,0.0,2026-10-02T01:01:04.695736+02:00
306896263,de:12061:900260888::1,0.0,2026-10-02T01:01:04.695736+02:00
306896263,de:12061:900260889::1,0.0,2026-10-02T01:01:04.695736+02:00
306896263,de:12061:900261047::1,0.0,2026-10-02T01:01:04.695736+02:00
306896263,de:12061:900261048::1,0.0,2026-10-02T01:01:04.695736+02:00
306896263,de:12061:900261051::1,0.0,2026-10-02T01:01:04.695736+02:00
306896263,de:12061:900261050::2,0.0,2026-10-02T01:01:04.695736+02:00
306896263,de:12061:900260170::1,0.0,2026-10-02T01:01:04.695736+02:00
306896263,de:12061:900260167::1,0.0,2026-10-02T01:01:04.695736+02:00
306896263,de:12061:900260168::1,0.0,2026-10-02T01:01:04.695736+02:00
306896263,de:12061:900260171::1,0.0,2026-10-02T01:01:04.695736+02:00
306896263,de:12061:900260166::1,0.0,2026-10-02T01:01:04.695736+02:00
306896263,de:12061:900260169::4,0.0,2026-10-02T01:01:04.695736+02:00
306896263,de:12061:900260165::1,0.0,2026-10-02T01:01:04.695736+02:00
306896263,de:12067:900310950::2,0.0,2026-10-02T01:01:04.695736+02:00
306896263,de:12067:900310955::2,0.0,2026-10-02T01:01:04.695736+02:00
306896263,de:12067:900310568::2,0.0,2026-10-02T01:01:04.695736+02:00
306896263,de:12067:900310556::2,0.0,2026-10-02T01:01:04.695736+02:00
306896263,de:12067:900310558::4,0.0,2026-10-02T01:01:04.695736+02:00
306896263,de:12067:900310559::2,0.0,2026-10-02T01:01:04.695736+02:00
306896263,de:12067:900310563::4,0.0,2026-10-02T01:01:04.695736+02:00
306896263,de:12067:900310013::7,0.0,2026-10-02T01:01:04.695736+02:00
306896275,de:12067:900310013::3,0.0,2026-10-02T01:01:04.695736+02:00
306896275,de:12067:900310563::3,0.0,2026-10-02T01:01:04.695736+02:00
306896275,de:12067:900310559::1,0.0,2026-10-02T01:01:04.695736+02:00
306896275,de:12067:900310558::1,0.0,2026-10-02T01:01:04.695736+02:00
306896275,de:12067:900310556::1,0.0,2026-10-02T01:01:04.695736+02:00
306896275,de:12067:900310621::1,0.0,2026-10-02T01:01:04.695736+02:00
306896275,de:12067:900310568::1,0.0,2026-10-02T01:01:04.695736+02:00
306896275,de:12067:900310955::1,0.0,2026-10-02T01:01:04.695736+02:00
306896275,de:12067:900310950::1,0.0,2026-10-02T01:01:04.695736+02:00
306896275,de:12061:900260165::2,0.0,2026-10-02T01:01:04.695736+02:00
306896275,de:12061:900260169::3,0.0,2026-10-02T01:01:04.695736+02:00
306896275,de:12061:900260166::2,0.0,2026-10-02T01:01:04.695736+02:00
306896275,de:12061:900260171::2,0.0,2026-10-02T01:01:04.695736+02:00
306896275,de:12061:900260168::2,0.0,2026-10-02T01:01:04.695736+02:00
306896275,de:12061:900260167::2,0.0,2026-10-02T01:01:04.695736+02:00
306896275,de:12061:900260170::2,0.0,2026-10-02T01:01:04.695736+02:00
306896275,de:12061:900261050::1,0.0,2026-10-02T01:01:04.695736+02:00
306896275,de:12061:900261051::2,0.0,2026-10-02T01:01:04.695736+02:00
306896275,de:12061:900261048::2,0.0,2026-10-02T01:01:04.695736+02:00
306896275,de:12061:900261047::2,0.0,2026-10-02T01:01:04.695736+02:00
306896275,de:12061:900260889::2,0.0,2026-10-02T01:01:04.695736+02:00
306896275,de:12061:900260888::2,0.0,2026-10-02T01:01:04.695736+02:00
306896275,de:12061:900260886::2,0.0,2026-10-02T01:01:04.695736+02:00
306896275,de:12061:900260887::2,0.0,2026-10-02T01:01:04.695736+02:00
306896275,de:12061:900260890::2,0.0,2026-10-02T01:01:04.695736+02:00
306896275,de:12061:900260798::2,0.0,2026-10-02T01:01:04.695736+02:00
306896275,de:12061:900260001::8,0.0,2026-10-02T01:01:04.695736+02:00
306896277,de:12067:900310013::3,0.0,2026-10-02T01:01:04.695736+02:00
306896277,de:12067:900310563::3,0.0,2026-10-02T01:01:04.695736+02:00
306896277,de:12067:900310559::1,0.0,2026-10-02T01:01:04.695736+02:00
306896277,de:12067:900310558::1,0.0,2026-10-02T01:01:04.695736+02:00
306896277,de:12067:900310556::1,0.0,2026-10-02T01:01:04.695736+02:00
306896277,de:12067:900310621::1,0.0,2026-10-02T01:01:04.695736+02:00
306896277,de:12067:900310568::1,0.0,2026-10-02T01:01:04.695736+02:00
306896277,de:12067:900310955::1,0.0,2026-10-02T01:01:04.695736+02:00
306896277,de:12067:900310950::1,0.0,2026-10-02T01:01:04.695736+02:00
306896277,de:12061:900260165::2,0.0,2026-10-02T01:01:04.695736+02:00
306896277,de:12061:900260169::3,0.0,2026-10-02T01:01:04.695736+02:00
306896277,de:12061:900260166::2,0.0,2026-10-02T01:01:04.695736+02:00
306896277,de:12061:900260171::2,0.0,2026-10-02T01:01:04.695736+02:00
306896277,de:12061:900260168::2,0.0,2026-10-02T01:01:04.695736+02:00
306896277,de:12061:900260167::2,0.0,2026-10-02T01:01:04.695736+02:00
306896277,de:12061:900260170::2,0.0,2026-10-02T01:01:04.695736+02:00
306896277,de:12061:900261050::1,0.0,2026-10-02T01:01:04.695736+02:00
306896277,de:12061:900261051::2,0.0,2026-10-02T01:01:04.695736+02:00
306896277,de:12061:900261048::2,0.0,2026-10-02T01:01:04.695736+02:00
306896277,de:12061:900261047::2,0.0,2026-10-02T01:01:04.695736+02:00
306896277,de:12061:900260889::2,0.0,2026-10-02T01:01:04.695736+02:00
306896277,de:12061:900260888::2,0.0,2026-10-02T01:01:04.695736+02:00
306896277,de:12061:900260886::2,0.0,2026-10-02T01:01:04.695736+02:00
306896277,de:12061:900260887::2,0.0,2026-10-02T01:01:04.695736+02:00
306896277,de:12061:900260890::2,0.0,2026-10-02T01:01:04.695736+02:00
306896277,de:12061:900260798::2,0.0,2026-10-02T01:01:04.695736+02:00
306896277,de:12061:900260001::8,0.0,2026-10-02T01:01:04.695736+02:00
295883519,de:11000:900049201:1:51,0.0,2026-10-02T01:01:04.695736+02:00
295883519,de:11000:900049202:1:51,0.0,2026-10-02T01:01:04.695736+02:00
295883519,de:11000:900066101:1:51,-0.3,2026-10-02T01:01:04.695736+02:00
295883519,de:11000:900066102:1:51,-0.2,2026-10-02T01:01:04.695736+02:00
295883519,de:11000:900062202:1:51,-0.2,2026-10-02T01:01:04.695736+02:00
295883519,de:11000:900063101:1:51,-0.2,2026-10-02T01:01:04.695736+02:00
295883519,de:11000:900060101:1:51,-0.9,2026-10-02T01:01:04.695736+02:00
295883519,de:11000:900054104:1:51,-0.9,2026-10-02T01:01:04.695736+02:00
295883519,de:11000:900057104:1:50,-0.4,2026-10-02T01:01:04.695736+02:00
295883519,de:11000:900057102:1:51,-0.1,2026-10-02T01:01:04.695736+02:00
295883519,de:11000:900012101:2:52,-0.8,2026-10-02T01:01:04.695736+02:00
295883519,de:11000:900100020:4:57,-0.9,2026-10-02T01:01:04.695736+02:00
306896563,de:12067:900310001::3,0.0,2026-10-02T01:01:04.695736+02:00
306896563,de:12067:900311149::1,0.0,2026-10-02T01:01:04.695736+02:00
306896563,de:12067:900311135::1,0.0,2026-10-02T01:01:04.695736+02:00
306896563,de:12067:900311150::1,0.0,2026-10-02T01:01:04.695736+02:00
306896563,de:12067:900310804::1,0.0,2026-10-02T01:01:04.695736+02:00
306896563,de:12067:900310628::2,0.0,2026-10-02T01:01:04.695736+02:00
306896563,de:12067:900310793::2,0.0,2026-10-02T01:01:04.695736+02:00
306896563,de:12067:900310774::1,0.0,2026-10-02T01:01:04.695736+02:00
306896563,de:12067:900310792::1,0.0,2026-10-02T01:01:04.695736+02:00
306896563,de:12067:900310825::1,0.0,2026-10-02T01:01:04.695736+02:00
306896563,de:12067:900310818::1,0.0,2026-10-02T01:01:04.695736+02:00
306896563,de:12067:900310961::1,0.0,2026-10-02T01:01:04.695736+02:00
306896563,de:12067:900310960::1,0.0,2026-10-02T01:01:04.695736+02:00
306896563,de:12067:900310746::1,0.0,2026-10-02T01:01:04.695736+02:00
306896563,de:12067:900311108::1,0.0,2026-10-02T01:01:04.695736+02:00
306896563,de:12067:900311044::1,0.0,2026-10-02T01:01:04.695736+02:00
306896563,de:12067:900311047::1,0.0,2026-10-02T01:01:04.695736+02:00
306896563,de:12067:900310633::1,0.0,2026-10-02T01:01:04.695736+02:00
306896563,de:12067:900311046::2,0.0,2026-10-02T01:01:04.695736+02:00
306896563,de:12067:900310632::1,0.0,2026-10-02T01:01:04.695736+02:00
306896563,de:12067:900310753::1,0.0,2026-10-02T01:01:04.695736+02:00
306896563,de:12067:900310752::1,0.0,2026-10-02T01:01:04.695736+02:00
306896563,de:12067:900310752::2,0.0,2026-10-02T01:01:04.695736+02:00
306896563,de:12067:900310753::2,0.0,2026-10-02T01:01:04.695736+02:00
306896563,de:12067:900310632::2,0.0,2026-10-02T01:01:04.695736+02:00
306896563,de:12067:900311046::1,0.0,2026-10-02T01:01:04.695736+02:00
306896563,de:12067:900310871::1,0.0,2026-10-02T01:01:04.695736+02:00
306896563,de:12067:900311066::1,0.0,2026-10-02T01:01:04.695736+02:00
306896563,de:12067:900311067::1,0.0,2026-10-02T01:01:04.695736+02:00
306896563,de:12067:900310050::1,0.0,2026-10-02T01:01:04.695736+02:00
306896563,de:12067:900310080::1,0.0,2026-10-02T01:01:04.695736+02:00
306896563,de:12067:900310710::1,0.0,2026-10-02T01:01:04.695736+02:00
306896563,de:12067:900310708::1,0.0,2026-10-02T01:01:04.695736+02:00
295883500,de:11000:900049201:1:51,0.0,2026-10-02T01:01:04.695736+02:00
295883500,de:11000:900049202:1:51,0.0,2026-10-02T01:01:04.695736+02:00
295883500,de:11000:900066101:1:51,-0.3,2026-10-02T01:01:04.695736+02:00
295883500,de:11000:900066102:1:51,-0.2,2026-10-02T01:01:04.695736+02:00
295883500,de:11000:900062202:1:51,-0.2,2026-10-02T01:01:04.695736+02:00
295883500,de:11000:900063101:1:51,-0.2,2026-10-02T01:01:04.695736+02:00
295883500,de:11000:900060101:1:51,-0.9,2026-10-02T01:01:04.695736+02:00
295883500,de:11000:900054104:1:51,-0.9,2026-10-02T01:01:04.695736+02:00
295883500,de:11000:900057104:1:50,-0.4,2026-10-02T01:01:04.695736+02:00
295883500,de:11000:900057102:1:51,-0.1,2026-10-02T01:01:04.695736+02:00
295883500,de:11000:900012101:2:52,-0.8,2026-10-02T01:01:04.695736+02:00
295883500,de:11000:900100020:4:57,-0.9,2026-10-02T01:01:04.695736+02:00
306896564,de:12067:900310001::3,0.0,2026-10-02T01:01:04.695736+02:00
306896564,de:12067:900311149::1,0.0,2026-10-02T01:01:04.695736+02:00
306896564,de:12067:900311135::1,0.0,2026-10-02T01:01:04.695736+02:00
306896564,de:12067:900311150::1,0.0,2026-10-02T01:01:04.695736+02:00
306896564,de:12067:900310804::1,0.0,2026-10-02T01:01:04.695736+02:00
306896564,de:12067:900310628::2,0.0,2026-10-02T01:01:04.695736+02:00
306896564,de:12067:900310793::2,0.0,2026-10-02T01:01:04.695736+02:00
306896564,de:12067:900310774::1,0.0,2026-10-02T01:01:04.695736+02:00
306896564,de:12067:900310792::1,0.0,2026-10-02T01:01:04.695736+02:00
306896564,de:12067:900310825::1,0.0,2026-10-02T01:01:04.695736+02:00
306896564,de:12067:900310818::1,0.0,2026-10-02T01:01:04.695736+02:00
306896564,de:12067:900310961::1,0.0,2026-10-02T01:01:04.695736+02:00
306896564,de:12067:900310960::1,0.0,2026-10-02T01:01:04.695736+02:00
306896564,de:12067:900310746::1,0.0,2026-10-02T01:01:04.695736+02:00
306896564,de:12067:900311108::1,0.0,2026-10-02T01:01:04.695736+02:00
306896564,de:12067:900311044::1,0.0,2026-10-02T01:01:04.695736+02:00
306896564,de:12067:900311047::1,0.0,2026-10-02T01:01:04.695736+02:00
306896564,de:12067:900310633::1,0.0,2026-10-02T01:01:04.695736+02:00
306896564,de:12067:900311046::2,0.0,2026-10-02T01:01:04.695736+02:00
306896564,de:12067:900310632::1,0.0,2026-10-02T01:01:04.695736+02:00
306896564,de:12067:900310753::1,0.0,2026-10-02T01:01:04.695736+02:00
306896564,de:12067:900310752::1,0.0,2026-10-02T01:01:04.695736+02:00
306896564,de:12067:900310752::2,0.0,2026-10-02T01:01:04.695736+02:00
306896564,de:12067:900310753::2,0.0,2026-10-02T01:01:04.695736+02:00
306896564,de:12067:900310632::2,0.0,2026-10-02T01:01:04.695736+02:00
306896564,de:12067:900311046::1,0.0,2026-10-02T01:01:04.695736+02:00
306896564,de:12067:900310871::1,0.0,2026-10-02T01:01:04.695736+02:00
306896564,de:12067:900311066::1,0.0,2026-10-02T01:01:04.695736+02:00
306896564,de:12067:900311067::1,0.0,2026-10-02T01:01:04.695736+02:00
306896564,de:12067:900310050::1,0.0,2026-10-02T01:01:04.695736+02:00
306896564,de:12067:900310080::1,0.0,2026-10-02T01:01:04.695736+02:00
306896564,de:12067:900310710::1,0.0,2026-10-02T01:01:04.695736+02:00
306896564,de:12067:900310708::1,0.0,2026-10-02T01:01:04.695736+02:00
306896598,de:12067:900310001::3,0.0,2026-10-02T01:01:04.695736+02:00
306896598,de:12067:900310816::1,0.0,2026-10-02T01:01:04.695736+02:00
306896598,de:12067:900310627::1,0.0,2026-10-02T01:01:04.695736+02:00
306896598,de:12067:900310781::1,0.0,2026-10-02T01:01:04.695736+02:00
306896598,de:12067:900310789::1,0.0,2026-10-02T01:01:04.695736+02:00
306896598,de:12067:900310797::1,0.0,2026-10-02T01:01:04.695736+02:00
306896598,de:12067:900310773::1,0.0,2026-10-02T01:01:04.695736+02:00
306896598,de:12067:900311109::1,0.0,2026-10-02T01:01:04.695736+02:00
306896598,de:12067:900310782::1,0.0,2026-10-02T01:01:04.695736+02:00
306896598,de:12067:900310824::1,0.0,2026-10-02T01:01:04.695736+02:00
306896598,de:12067:900310734::1,0.0,2026-10-02T01:01:04.695736+02:00
306896598,de:12067:900310733::1,0.0,2026-10-02T01:01:04.695736+02:00
306896598,de:12067:900310005::1,0.0,2026-10-02T01:01:04.695736+02:00
306896598,de:12067:900310754::1,0.0,2026-10-02T01:01:04.695736+02:00
306896598,de:12067:900310761::1,-0.5,2026-10-02T01:01:04.695736+02:00
306896598,de:12067:900310763::1,0.0,2026-10-02T01:01:04.695736+02:00
306896598,de:12067:900310762::1,0.0,2026-10-02T01:01:04.695736+02:00
306896598,de:12067:900311090::1,0.0,2026-10-02T01:01:04.695736+02:00
306896598,de:12067:900311088::2,0.0,2026-10-02T01:01:04.695736+02:00
306896598,de:12067:900311089::2,0.0,2026-10-02T01:01:04.695736+02:00
306896598,de:12067:900310706::2,0.0,2026-10-02T01:01:04.695736+02:00
306896598,de:12067:900310705::1,0.0,2026-10-02T01:01:04.695736+02:00
306896598,de:12067:900310704::2,0.0,2026-10-02T01:01:04.695736+02:00
306896598,de:12067:900310947::1,0.0,2026-10-02T01:01:04.695736+02:00
306896598,de:12067:900311086::0,0.0,2026-10-02T01:01:04.695736+02:00
306896598,de:12067:900310745::1,0.0,2026-10-02T01:01:04.695736+02:00
306896598,de:12067:900310973::2,0.0,2026-10-02T01:01:04.695736+02:00
306896598,de:12067:900310969::1,0.0,2026-10-02T01:01:04.695736+02:00
306896598,de:12067:900310971::2,0.0,2026-10-02T01:01:04.695736+02:00
306896598,de:12067:900311019::1,0.0,2026-10-02T01:01:04.695736+02:00
306896598,de:12067:900310971::1,0.0,2026-10-02T01:01:04.695736+02:00
306896598,de:12067:900310876::1,0.0,2026-10-02T01:01:04.695736+02:00
306896598,de:12067:900310007::1,0.0,2026-10-02T01:01:04.695736+02:00
306896598,de:12067:900310735::1,0.0,2026-10-02T01:01:04.695736+02:00
306896598,de:12067:900310009::1,0.0,2026-10-02T01:01:04.695736+02:00
306896224,de:12067:900311039::1,0.0,2026-10-02T01:01:04.695736+02:00
306896224,de:12067:900311034::2,0.0,2026-10-02T01:01:04.695736+02:00
306896224,de:12067:900311035::2,0.0,2026-10-02T01:01:04.695736+02:00
306896224,de:12067:900310964::2,0.0,2026-10-02T01:01:04.695736+02:00
306896224,de:12067:900311021::1,0.0,2026-10-02T01:01:04.695736+02:00
306896224,de:12067:900311028::2,0.0,2026-10-02T01:01:04.695736+02:00
306896224,de:12067:900311029::1,0.0,2026-10-02T01:01:04.695736+02:00
306896224,de:12067:900310965::2,0.0,2026-10-02T01:01:04.695736+02:00
306896224,de:12067:900311026::2,0.0,2026-10-02T01:01:04.695736+02:00
306896224,de:12067:900311027::2,0.0,2026-10-02T01:01:04.695736+02:00
306896224,de:12067:900310863::2,0.0,2026-10-02T01:01:04.695736+02:00
306896224,de:12067:900310862::2,0.0,2026-10-02T01:01:04.695736+02:00
306896224,de:12067:900310865::2,0.0,2026-10-02T01:01:04.695736+02:00
306896224,de:12067:900310002::7,0.0,2026-10-02T01:01:04.695736+02:00
306896224,de:12067:900310864::1,0.0,2026-10-02T01:01:04.695736+02:00
306896224,de:12067:900310861::1,0.0,2026-10-02T01:01:04.695736+02:00
306896224,de:12067:900310002::1,0.0,2026-10-02T01:01:04.695736+02:00
306896224,de:12067:900310031::3,0.0,2026-10-02T01:01:04.695736+02:00
306896224,de:12067:900310856::1,0.0,2026-10-02T01:01:04.695736+02:00
306896224,de:12067:900310849::2,0.0,2026-10-02T01:01:04.695736+02:00
306896224,de:12067:900310851::2,0.0,2026-10-02T01:01:04.695736+02:00
306896224,de:12067:900310850::2,0.0,2026-10-02T01:01:04.695736+02:00
306896224,de:12067:900310852::2,0.0,2026-10-02T01:01:04.695736+02:00
306896224,de:12067:900310555::2,0.0,2026-10-02T01:01:04.695736+02:00
306896224,de:12067:900310557::2,0.0,2026-10-02T01:01:04.695736+02:00
306896224,de:12067:900310013::7,0.0,2026-10-02T01:01:04.695736+02:00
307252197,de:11000:900007102:1:51,0.0,2026-10-02T01:01:04.695736+02:00
307252197,de:11000:900009104:1:51,-0.8,2026-10-02T01:01:04.695736+02:00
307252197,de:11000:900003200:5:58,-0.7,2026-10-02T01:01:04.695736+02:00
307252168,de:11000:900007102:1:51,0.0,2026-10-02T01:01:04.695736+02:00
307252168,de:11000:900009104:1:51,-0.8,2026-10-02T01:01:04.695736+02:00
307252168,de:11000:900003200:5:58,-0.7,2026-10-02T01:01:04.695736+02:00
295882594,de:11000:900049201:1:51,0.0,2026-10-02T01:01:04.695736+02:00
295882594,de:11000:900049202:1:51,0.0,2026-10-02T01:01:04.695736+02:00
295882594,de:11000:900066101:1:51,-0.3,2026-10-02T01:01:04.695736+02:00
295882594,de:11000:900066102:1:51,-0.2,2026-10-02T01:01:04.695736+02:00
295882594,de:11000:900062202:1:51,-0.2,2026-10-02T01:01:04.695736+02:00
295882594,de:11000:900063101:1:51,-0.2,2026-10-02T01:01:04.695736+02:00
295882594,de:11000:900060101:1:51,-0.9,2026-10-02T01:01:04.695736+02:00
295882594,de:11000:900054104:1:51,-0.9,2026-10-02T01:01:04.695736+02:00
295882594,de:11000:900057104:1:50,-0.4,2026-10-02T01:01:04.695736+02:00
295882594,de:11000:900057102:1:51,-0.1,2026-10-02T01:01:04.695736+02:00
295882594,de:11000:900012101:2:52,-0.9,2026-10-02T01:01:04.695736+02:00
295882594,de:11000:900100020:4:57,-0.3,2026-10-02T01:01:04.695736+02:00
295882594,de:11000:900100025:1:51,-0.4,2026-10-02T01:01:04.695736+02:00
295882594,de:11000:900100001:4:57,-0.1,2026-10-02T01:01:04.695736+02:00
295882594,de:11000:900100007:1:51,-0.2,2026-10-02T01:01:04.695736+02:00
295882594,de:11000:900007104:2:52,-0.2,2026-10-02T01:01:04.695736+02:00
295882594,de:11000:900008101:1:51,-0.9,2026-10-02T01:01:04.695736+02:00
295882594,de:11000:900007102:2:53,-0.6,2026-10-02T01:01:04.695736+02:00
295882594,de:11000:900110011:2:53,-0.9,2026-10-02T01:01:04.695736+02:00
295882594,de:11000:900085201:1:50,-0.9,2026-10-02T01:01:04.695736+02:00
295882594,de:11000:900084101:1:50,-0.7,2026-10-02T01:01:04.695736+02:00
295882594,de:11000:900096101:1:50,-0.8,2026-10-02T01:01:04.695736+02:00
295882594,de:11000:900094101:1:50,-0.1,2026-10-02T01:01:04.695736+02:00
295882594,de:11000:900093201:1:50,-0.4,2026-10-02T01:01:04.695736+02:00
295882594,de:11000:900092201:1:50,-0.2,2026-10-02T01:01:04.695736+02:00
295882575,de:11000:900053301:2:52,0.0,2026-10-02T01:01:04.695736+02:00
295882575,de:11000:900052201:1:51,0.0,2026-10-02T01:01:04.695736+02:00
295882575,de:11000:900050355:1:51,-0.3,2026-10-02T01:01:04.695736+02:00
295882575,de:11000:900050301:1:51,-0.4,2026-10-02T01:01:04.695736+02:00
295882575,de:11000:900049201:1:51,0.0,2026-10-02T01:01:04.695736+02:00
295882575,de:11000:900049202:1:51,0.0,2026-10-02T01:01:04.695736+02:00
295882575,de:11000:900066101:1:51,-0.3,2026-10-02T01:01:04.695736+02:00
295882575,de:11000:900066102:1:51,-0.2,2026-10-02T01:01:04.695736+02:00
295882575,de:11000:900062202:1:51,-0.2,2026-10-02T01:01:04.695736+02:00
295882575,de:11000:900063101:1:51,-0.2,2026-10-02T01:01:04.695736+02:00
295882575,de:11000:900060101:1:51,-0.9,2026-10-02T01:01:04.695736+02:00
295882575,de:11000:900054104:1:51,-0.9,2026-10-02T01:01:04.695736+02:00
295882575,de:11000:900057104:1:50,-0.4,2026-10-02T01:01:04.695736+02:00
295882575,de:11000:900057102:1:51,-0.1,2026-10-02T01:01:04.695736+02:00
295882575,de:11000:900012101:2:52,-0.9,2026-10-02T01:01:04.695736+02:00
295882575,de:11000:900100020:4:57,-0.3,2026-10-02T01:01:04.695736+02:00
295882575,de:11000:900100025:1:51,-0.4,2026-10-02T01:01:04.695736+02:00
295882575,de:11000:900100001:4:57,-0.1,2026-10-02T01:01:04.695736+02:00
295882575,de:11000:900100007:1:51,-0.2,2026-10-02T01:01:04.695736+02:00
295882575,de:11000:900007104:2:52,-0.2,2026-10-02T01:01:04.695736+02:00
295882575,de:11000:900008101:1:51,-0.9,2026-10-02T01:01:04.695736+02:00
295882575,de:11000:900007102:2:53,-0.6,2026-10-02T01:01:04.695736+02:00
295882575,de:11000:900110011:2:53,-0.9,2026-10-02T01:01:04.695736+02:00
295882575,de:11000:900085201:1:50,-0.9,2026-10-02T01:01:04.695736+02:00
295882575,de:11000:900084101:1:50,-0.7,2026-10-02T01:01:04.695736+02:00
295882575,de:11000:900096101:1:50,-0.8,2026-10-02T01:01:04.695736+02:00
295882575,de:11000:900094101:1:50,-0.1,2026-10-02T01:01:04.695736+02:00
295882575,de:11000:900093201:1:50,-0.4,2026-10-02T01:01:04.695736+02:00
295882575,de:11000:900092201:1:50,-0.2,2026-10-02T01:01:04.695736+02:00
295882561,de:11000:900053301:2:52,0.0,2026-10-02T01:01:04.695736+02:00
295882561,de:11000:900052201:1:51,0.0,2026-10-02T01:01:04.695736+02:00
295882561,de:11000:900050355:1:51,-0.3,2026-10-02T01:01:04.695736+02:00
295882561,de:11000:900050301:1:51,-0.4,2026-10-02T01:01:04.695736+02:00
295882561,de:11000:900049201:1:51,0.0,2026-10-02T01:01:04.695736+02:00
295882561,de:11000:900049202:1:51,0.0,2026-10-02T01:01:04.695736+02:00
295882561,de:11000:900066101:1:51,-0.3,2026-10-02T01:01:04.695736+02:00
295882561,de:11000:900066102:1:51,-0.2,2026-10-02T01:01:04.695736+02:00
295882561,de:11000:900062202:1:51,-0.2,2026-10-02T01:01:04.695736+02:00
295882561,de:11000:900063101:1:51,-0.2,2026-10-02T01:01:04.695736+02:00
295882561,de:11000:900060101:1:51,-0.9,2026-10-02T01:01:04.695736+02:00
295882561,de:11000:900054104:1:51,-0.9,2026-10-02T01:01:04.695736+02:00
295882561,de:11000:900057104:1:50,-0.4,2026-10-02T01:01:04.695736+02:00
295882561,de:11000:900057102:1:51,-0.1,2026-10-02T01:01:04.695736+02:00
295882561,de:11000:900012101:2:52,-0.9,2026-10-02T01:01:04.695736+02:00
295882561,de:11000:900100020:4:57,-0.3,2026-10-02T01:01:04.695736+02:00
295882561,de:11000:900100025:1:51,-0.4,2026-10-02T01:01:04.695736+02:00
295882561,de:11000:900100001:4:57,-0.1,2026-10-02T01:01:04.695736+02:00
295882561,de:11000:900100007:1:51,-0.2,2026-10-02T01:01:04.695736+02:00
295882561,de:11000:900007104:2:52,-0.2,2026-10-02T01:01:04.695736+02:00
295882561,de:11000:900008101:1:51,-0.9,2026-10-02T01:01:04.695736+02:00
295882561,de:11000:900007102:2:53,-0.6,2026-10-02T01:01:04.695736+02:00
295882561,de:11000:900110011:2:53,-0.9,2026-10-02T01:01:04.695736+02:00
295882561,de:11000:900085201:1:50,-0.9,2026-10-02T01:01:04.695736+02:00
295882561,de:11000:900084101:1:50,-0.7,2026-10-02T01:01:04.695736+02:00
295882561,de:11000:900096101:1:50,-0.8,2026-10-02T01:01:04.695736+02:00
295882561,de:11000:900094101:1:50,-0.1,2026-10-02T01:01:04.695736+02:00
295882561,de:11000:900093201:1:50,-0.4,2026-10-02T01:01:04.695736+02:00
295882561,de:11000:900092201:1:50,-0.2,2026-10-02T01:01:04.695736+02:00
306896975,de:12067:900311308::6,0.0,2026-10-02T01:01:04.695736+02:00
306896975,de:12067:900311335::1,0.0,2026-10-02T01:01:04.695736+02:00
306896975,de:12067:900311341::1,0.0,2026-10-02T01:01:04.695736+02:00
306896975,de:12067:900311345::1,0.0,2026-10-02T01:01:04.695736+02:00
306896975,de:12067:900311359::1,0.0,2026-10-02T01:01:04.695736+02:00
306896975,de:12067:900310027::1,0.0,2026-10-02T01:01:04.695736+02:00
306896975,de:12067:900311317::1,0.0,2026-10-02T01:01:04.695736+02:00
306896975,de:12067:900311384::1,0.0,2026-10-02T01:01:04.695736+02:00
306896975,de:12067:900311316::1,0.0,2026-10-02T01:01:04.695736+02:00
306896975,de:12067:900311376::1,0.0,2026-10-02T01:01:04.695736+02:00
306896975,de:12067:900311377::1,0.0,2026-10-02T01:01:04.695736+02:00
306896975,de:12067:900311362::1,0.0,2026-10-02T01:01:04.695736+02:00
306896975,de:12067:900311363::1,0.0,2026-10-02T01:01:04.695736+02:00
306896975,de:12067:900311365::1,0.0,2026-10-02T01:01:04.695736+02:00
306896975,de:12067:900311374::1,0.0,2026-10-02T01:01:04.695736+02:00
306896975,de:12067:900311364::2,0.0,2026-10-02T01:01:04.695736+02:00
306896975,de:12067:900311371::2,0.0,2026-10-02T01:01:04.695736+02:00
306896975,de:12067:900311336::1,0.0,2026-10-02T01:01:04.695736+02:00
306896975,de:12067:900311352::1,0.0,2026-10-02T01:01:04.695736+02:00
306896975,de:12067:900311333::1,0.0,2026-10-02T01:01:04.695736+02:00
306896975,de:12067:900311334::1,0.0,2026-10-02T01:01:04.695736+02:00
306896975,de:12067:900311304::1,0.0,2026-10-02T01:01:04.695736+02:00
306896975,de:12067:900311305::2,0.0,2026-10-02T01:01:04.695736+02:00
306896975,de:12067:900311383::6,0.0,2026-10-02T01:01:04.695736+02:00
306896975,de:12067:900311353::1,0.0,2026-10-02T01:01:04.695736+02:00
306896975,de:12067:900311321::1,0.0,2026-10-02T01:01:04.695736+02:00
306896975,de:12067:900311350::2,0.0,2026-10-02T01:01:04.695736+02:00
306896975,de:12067:900311348::2,0.0,2026-10-02T01:01:04.695736+02:00
306896975,de:12067:900311308::4,0.0,2026-10-02T01:01:04.695736+02:00
307447023,de:15003:8010224,0.0,2026-10-02T01:01:04.695736+02:00
307447023,de:15003:8010226,0.0,2026-10-02T01:01:04.695736+02:00
307447023,de:15086:8010047,0.0,2026-10-02T01:01:04.695736+02:00
307447023,de:15086:8011673,0.0,2026-10-02T01:01:04.695736+02:00
307447023,de:15082:8013389,0.0,2026-10-02T01:01:04.695736+02:00
307447023,de:15001:8012777,0.0,2026-10-02T01:01:04.695736+02:00
307447023,de:15001:8010302,0.0,2026-10-02T01:01:04.695736+02:00
307447023,de:15001:8010302,-15.0,2026-10-02T01:01:04.695736+02:00
307447023,de:15001:8010077,0.0,2026-10-02T01:01:04.695736+02:00
307447023,de:15001:8010302,15.0,2026-10-02T01:01:04.695736+02:00
307447023,de:15001:8010302,0.0,2026-10-02T01:01:04.695736+02:00
307447023,de:15091:8011322,0.0,2026-10-02T01:01:04.695736+02:00
307447023,de:15091:8012282,0.0,2026-10-02T01:01:04.695736+02:00
307447023,de:15091:8010222,0.0,2026-10-02T01:01:04.695736+02:00
307447023,de:15091:8013275,0.0,2026-10-02T01:01:04.695736+02:00
307447023,de:15091:8012393,0.0,2026-10-02T01:01:04.695736+02:00
307447023,de:15091:8011486,0.0,2026-10-02T01:01:04.695736+02:00
307447023,de:15091:8011960,0.0,2026-10-02T01:01:04.695736+02:00
307447023,de:15091:8011048,0.0,2026-10-02T01:01:04.695736+02:00
307447023,de:12062:900415464:1:50,0.0,2026-10-02T01:01:04.695736+02:00
307447023,de:12062:900415345:3:53,0.0,2026-10-02T01:01:04.695736+02:00
306895352,de:12067:900310874::1,0.0,2026-10-02T01:01:04.695736+02:00
306895352,de:12067:900310925::1,0.0,2026-10-02T01:01:04.695736+02:00
306895352,de:12067:900310700::1,0.0,2026-10-02T01:01:04.695736+02:00
306895352,de:12067:900310700::1,-11.0,2026-10-02T01:01:04.695736+02:00
306895352,de:12067:900310941::1,0.0,2026-10-02T01:01:04.695736+02:00
306895352,de:12067:900310921::1,0.0,2026-10-02T01:01:04.695736+02:00
306895352,de:12067:900310921::2,0.0,2026-10-02T01:01:04.695736+02:00
306895352,de:12067:900310941::2,0.0,2026-10-02T01:01:04.695736+02:00
306895352,de:12067:900310700::1,11.0,2026-10-02T01:01:04.695736+02:00
306895352,de:12067:900310700::1,0.0,2026-10-02T01:01:04.695736+02:00
306895352,de:12067:900310731::2,0.0,2026-10-02T01:01:04.695736+02:00
306895352,de:12067:900311079::2,0.0,2026-10-02T01:01:04.695736+02:00
306895352,de:12067:900311009::1,0.0,2026-10-02T01:01:04.695736+02:00
306895352,de:12067:900311076::1,0.0,2026-10-02T01:01:04.695736+02:00
306895352,de:12067:900310612::1,0.0,2026-10-02T01:01:04.695736+02:00
306895352,de:12067:900311050::2,0.0,2026-10-02T01:01:04.695736+02:00
306895352,de:12067:900310748::2,0.0,2026-10-02T01:01:04.695736+02:00
306895352,de:12067:900310749::1,0.0,2026-10-02T01:01:04.695736+02:00
306895352,de:12067:900310893::1,0.0,2026-10-02T01:01:04.695736+02:00
306895352,de:12067:900310749::2,0.0,2026-10-02T01:01:04.695736+02:00
306895352,de:12067:900310748::1,0.0,2026-10-02T01:01:04.695736+02:00
306895352,de:12067:900311050::1,0.0,2026-10-02T01:01:04.695736+02:00
306895352,de:12067:900311056::1,0.0,2026-10-02T01:01:04.695736+02:00
306895352,de:12067:900311058::1,0.0,2026-10-02T01:01:04.695736+02:00
306895352,de:12067:900310611::2,0.0,2026-10-02T01:01:04.695736+02:00
295882447,de:11000:900092201:1:50,0.0,2026-10-02T01:01:04.695736+02:00
295882447,de:11000:900093201:1:51,-0.4,2026-10-02T01:01:04.695736+02:00
295882447,de:11000:900094101:1:51,-0.3,2026-10-02T01:01:04.695736+02:00
295882447,de:11000:900096101:1:51,-0.1,2026-10-02T01:01:04.695736+02:00
295882447,de:11000:900084101:1:51,-0.2,2026-10-02T01:01:04.695736+02:00
295882447,de:11000:900085201:1:51,-0.8,2026-10-02T01:01:04.695736+02:00
295882447,de:11000:900130003:1:51,-0.8,2026-10-02T01:01:04.695736+02:00
295882447,de:11000:900110011:1:50,-0.9,2026-10-02T01:01:04.695736+02:00
295882447,de:11000:900007102:1:50,-0.9,2026-10-02T01:01:04.695736+02:00
295882447,de:11000:900008101:1:50,0.0,2026-10-02T01:01:04.695736+02:00
295882447,de:11000:900007104:1:51,-0.7,2026-10-02T01:01:04.695736+02:00
295882447,de:11000:900100007:1:50,-0.7,2026-10-02T01:01:04.695736+02:00
295882447,de:11000:900100001:4:56,-0.5,2026-10-02T01:01:04.695736+02:00
295882447,de:11000:900100025:1:50,-0.4,2026-10-02T01:01:04.695736+02:00
295882447,de:11000:900100020:3:54,-0.4,2026-10-02T01:01:04.695736+02:00
295882447,de:11000:900012101:1:51,-0.5,2026-10-02T01:01:04.695736+02:00
295882447,de:11000:900057102:1:50,-0.7,2026-10-02T01:01:04.695736+02:00
295882447,de:11000:900057104:2:51,-0.4,2026-10-02T01:01:04.695736+02:00
295882447,de:11000:900054104:1:50,-0.3,2026-10-02T01:01:04.695736+02:00
295882447,de:11000:900060101:1:50,-0.3,2026-10-02T01:01:04.695736+02:00
295882447,de:11000:900063101:1:50,-0.1,2026-10-02T01:01:04.695736+02:00
295882447,de:11000:900062202:1:50,-0.1,2026-10-02T01:01:04.695736+02:00
295882447,de:11000:900066102:1:50,-0.2,2026-10-02T01:01:04.695736+02:00
295882447,de:11000:900066101:1:50,-0.1,2026-10-02T01:01:04.695736+02:00
295882447,de:11000:900049202:1:50,-0.3,2026-10-02T01:01:04.695736+02:00
295882447,de:11000:900049201:1:50,-0.4,2026-10-02T01:01:04.695736+02:00
295882447,de:11000:900050301:1:50,0.0,2026-10-02T01:01:04.695736+02:00
295882447,de:11000:900050355:1:50,-0.1,2026-10-02T01:01:04.695736+02:00
295882447,de:11000:900052201:1:50,-0.5,2026-10-02T01:01:04.695736+02:00
295882447,de:11000:900053301:1:51,-0.9,2026-10-02T01:01:04.695736+02:00
307438372,de:12052:900470000:1:50,0.0,2026-10-02T01:01:04.695736+02:00
307438372,de:12066:900435001:2:52,0.0,2026-10-02T01:01:04.695736+02:00
307438372,de:12066:900435000:1:50,0.0,2026-10-02T01:01:04.695736+02:00
307438372,de:12066:900435061:2:51,0.0,2026-10-02T01:01:04.695736+02:00
307438372,de:12066:900435203:2:51,0.0,2026-10-02T01:01:04.695736+02:00
307438372,de:12062:900416008:1:50,0.0,2026-10-02T01:01:04.695736+02:00
307438372,de:12062:900415167:1:50,0.0,2026-10-02T01:01:04.695736+02:00
307433589,de:12072:900245029:2:52,0.0,2026-10-02T01:01:04.695736+02:00
307433589,de:12072:900245030:2:51,0.0,2026-10-02T01:01:04.695736+02:00
307433589,de:12061:900260009:2:54,0.0,2026-10-02T01:01:04.695736+02:00
307433589,de:11000:900192001:1:51,0.0,2026-10-02T01:01:04.695736+02:00
307433589,de:11000:900120003:4:57,0.0,2026-10-02T01:01:04.695736+02:00
307433589,de:11000:900160004:3:54,0.0,2026-10-02T01:01:04.695736+02:00
307433589,de:11000:900152001:2:52,0.0,2026-10-02T01:01:04.695736+02:00
307433589,de:12065:900200005:2:1,0.0,2026-10-02T01:01:04.695736+02:00
307431038,de:12063:900210001:1:50,0.0,2026-10-02T01:01:04.695736+02:00
307431038,de:12054:900220012:1:50,0.0,2026-10-02T01:01:04.695736+02:00
307431038,de:12054:900220010:2:51,0.0,2026-10-02T01:01:04.695736+02:00
307431038,de:12054:900230007:2:52,0.0,2026-10-02T01:01:04.695736+02:00
307431038,de:12054:900230006:2:51,0.0,2026-10-02T01:01:04.695736+02:00
307431038,de:12054:900230999:2:53,0.0,2026-10-02T01:01:04.695736+02:00
307431038,de:12054:900230003:4:53,0.0,2026-10-02T01:01:04.695736+02:00
307431038,de:11000:900053301:3:55,0.0,2026-10-02T01:01:04.695736+02:00
307431038,de:11000:900024101:1:50,0.0,2026-10-02T01:01:04.695736+02:00
307431038,de:11000:900029101:2:52,0.0,2026-10-02T01:01:04.695736+02:00
307431038,de:11000:900037168:1:50,0.0,2026-10-02T01:01:04.695736+02:00
307431038,de:12063:900210180:1:50,0.0,2026-10-02T01:01:04.695736+02:00
307431038,de:12063:900210010:1:50,0.0,2026-10-02T01:01:04.695736+02:00
307431038,de:12063:900210011:1:50,0.0,2026-10-02T01:01:04.695736+02:00
307431038,de:12065:900200000:1:51,0.0,2026-10-02T01:01:04.695736+02:00
307432915,de:12072:900245027:2:53,0.0,2026-10-02T01:01:04.695736+02:00
307432915,de:12061:900260009:2:54,0.0,2026-10-02T01:01:04.695736+02:00
307432915,de:11000:900192001:1:51,0.0,2026-10-02T01:01:04.695736+02:00
307432915,de:11000:900120003:4:57,0.0,2026-10-02T01:01:04.695736+02:00
307432915,de:11000:900160004:2:53,0.0,2026-10-02T01:01:04.695736+02:00
307432915,de:11000:900152001:2:52,0.0,2026-10-02T01:01:04.695736+02:00
307432915,de:12060:900350160:2:53,0.0,2026-10-02T01:01:04.695736+02:00
307432915,de:12060:900350158:1:50,0.0,2026-10-02T01:01:04.695736+02:00
307432915,de:12060:900350137:1:50,0.0,2026-10-02T01:01:04.695736+02:00
307432915,de:12060:900350126:1:50,0.0,2026-10-02T01:01:04.695736+02:00
307432915,de:12060:900350127:2:51,0.0,2026-10-02T01:01:04.695736+02:00
307433249,de:12060:900350127:2:51,0.0,2026-10-02T01:01:04.695736+02:00
307433249,de:12060:900350126:2:51,0.0,2026-10-02T01:01:04.695736+02:00
307433249,de:12060:900350137:2:51,0.0,2026-10-02T01:01:04.695736+02:00
307433249,de:12060:900350158:2:51,0.0,2026-10-02T01:01:04.695736+02:00
307433249,de:12060:900350160:2:52,0.0,2026-10-02T01:01:04.695736+02:00
307433249,de:11000:900152001:3:53,0.0,2026-10-02T01:01:04.695736+02:00
307433249,de:11000:900160004:4:56,0.0,2026-10-02T01:01:04.695736+02:00
307433249,de:11000:900120003:4:56,0.0,2026-10-02T01:01:04.695736+02:00
307433249,de:11000:900192001:1:50,0.0,2026-10-02T01:01:04.695736+02:00
307433249,de:12061:900260009:2:53,0.0,2026-10-02T01:01:04.695736+02:00
307433249,de:12072:900245027:2:53,-1.0,2026-10-02T01:01:04.695736+02:00
307437588,de:12052:900470000:4:55,0.0,2026-10-02T01:01:04.695736+02:00
307437588,de:12052:900470001:2:51,0.0,2026-10-02T01:01:04.695736+02:00
307437588,de:12052:900470163:2:51,0.0,2026-10-02T01:01:04.695736+02:00
307437588,de:12052:900470307:2:51,0.0,2026-10-02T01:01:04.695736+02:00
307437588,de:12071:900446411:2:51,0.0,2026-10-02T01:01:04.695736+02:00
307437588,de:12071:900446103:2:51,0.0,2026-10-02T01:01:04.695736+02:00
307437588,de:12071:900445750:1:50,0.0,2026-10-02T01:01:04.695736+02:00
307437588,de:12071:900445751:1:50,0.0,2026-10-02T01:01:04.695736+02:00
307437588,de:12071:900445801:1:50,0.0,2026-10-02T01:01:04.695736+02:00
307437588,de:12071:900445593:2:52,0.0,2026-10-02T01:01:04.695736+02:00
307437588,de:12067:900311250:1:50,0.0,2026-10-02T01:01:04.695736+02:00
307437588,de:12067:900311612:1:50,0.0,2026-10-02T01:01:04.695736+02:00
307437588,de:12067:900310601:1:51,0.0,2026-10-02T01:01:04.695736+02:00
307437588,de:12067:900311307:1:51,0.0,2026-10-02T01:01:04.695736+02:00
307437588,de:12067:900311631:1:51,0.0,2026-10-02T01:01:04.695736+02:00
307437588,de:12067:900311620:2:51,0.0,2026-10-02T01:01:04.695736+02:00
307437588,de:12067:900311232:2:51,0.0,2026-10-02T01:01:04.695736+02:00
307437588,de:12067:900311233:2:51,0.0,2026-10-02T01:01:04.695736+02:00
307437588,de:12053:900360000:3:54,0.0,2026-10-02T01:01:04.695736+02:00
307437675,de:12053:900360000:3:54,0.0,2026-10-02T01:01:04.695736+02:00
307437675,de:12067:900311233:1:50,0.0,2026-10-02T01:01:04.695736+02:00
307437675,de:12067:900311232:1:50,0.0,2026-10-02T01:01:04.695736+02:00
307437675,de:12067:900311620:1:50,0.0,2026-10-02T01:01:04.695736+02:00
307437675,de:12067:900311631:1:50,0.0,2026-10-02T01:01:04.695736+02:00
307437675,de:12067:900311307:1:50,0.0,2026-10-02T01:01:04.695736+02:00
307437675,de:12067:900310601:1:50,0.0,2026-10-02T01:01:04.695736+02:00
307437675,de:12067:900311612:1:51,0.0,2026-10-02T01:01:04.695736+02:00
307437675,de:12067:900311250:2:51,0.0,2026-10-02T01:01:04.695736+02:00
307437675,de:12071:900445593:1:50,0.0,2026-10-02T01:01:04.695736+02:00
307437675,de:12071:900445801:2:51,0.0,2026-10-02T01:01:04.695736+02:00
307437675,de:12071:900445751:2:51,0.0,2026-10-02T01:01:04.695736+02:00
307437675,de:12071:900445750:2:51,0.0,2026-10-02T01:01:04.695736+02:00
307437675,de:12071:900446103:1:50,0.0,2026-10-02T01:01:04.695736+02:00
307437675,de:12071:900446411:1:50,0.0,2026-10-02T01:01:04.695736+02:00
307437675,de:12052:900470307:1:50,0.0,2026-10-02T01:01:04.695736+02:00
307437675,de:12052:900470163:1:50,0.0,2026-10-02T01:01:04.695736+02:00
307437675,de:12052:900470001:1:50,0.0,2026-10-02T01:01:04.695736+02:00
307437675,de:12052:900470000:4:55,0.0,2026-10-02T01:01:04.695736+02:00
307437675,de:12071:900445885:1:50,0.0,2026-10-02T01:01:04.695736+02:00
307437675,de:12066:900435459:2:51,0.0,2026-10-02T01:01:04.695736+02:00
307437675,de:12066:900435527:1:50,0.0,2026-10-02T01:01:04.695736+02:00
307437675,de:12062:900415005:2:51,0.0,2026-10-02T01:01:04.695736+02:00
307437675,de:12062:900415112:3:52,0.0,2026-10-02T01:01:04.695736+02:00
307437675,de:12062:900415466:2:51,0.0,2026-10-02T01:01:04.695736+02:00
307437675,de:12062:900415357:2:51,0.0,2026-10-02T01:01:04.695736+02:00
307437675,de:12062:900415467:1:50,0.0,2026-10-02T01:01:04.695736+02:00
307437675,de:12062:900415345:4:55,0.0,2026-10-02T01:01:04.695736+02:00
307430555,de:12054:900230003:4:53,0.0,2026-10-02T01:01:04.695736+02:00
307430555,de:12054:900230999:1:51,0.0,2026-10-02T01:01:04.695736+02:00
307430555,de:12054:900230006:1:50,0.0,2026-10-02T01:01:04.695736+02:00
307430555,de:12054:900230007:1:50,0.0,2026-10-02T01:01:04.695736+02:00
307430555,de:12054:900220010:1:50,0.0,2026-10-02T01:01:04.695736+02:00
307430555,de:12054:900220012:2:51,0.0,2026-10-02T01:01:04.695736+02:00
307430555,de:12063:900210001:2:51,0.0,2026-10-02T01:01:04.695736+02:00
307430555,de:12065:900200000:1:51,0.0,2026-10-02T01:01:04.695736+02:00
307430555,de:12065:900200010:1:50,0.0,2026-10-02T01:01:04.695736+02:00
307430555,de:12065:900200008:1:50,0.0,2026-10-02T01:01:04.695736+02:00
307430555,de:12065:900200005:1:2,0.0,2026-10-02T01:01:04.695736+02:00
307440147,de:12065:900200000:1:51,0.0,2026-10-02T01:01:04.695736+02:00
307440147,de:12065:900200004:1:50,0.0,2026-10-02T01:01:04.695736+02:00
307440147,de:12065:900204003:1:50,0.0,2026-10-02T01:01:04.695736+02:00
307440147,de:12065:900203671:1:50,0.0,2026-10-02T01:01:04.695736+02:00
307440147,de:12065:900204001:1:50,0.0,2026-10-02T01:01:04.695736+02:00
307440147,de:12065:900203452:1:51,0.0,2026-10-02T01:01:04.695736+02:00
307430442,de:12063:900210005:2:53,0.0,2026-10-02T01:01:04.695736+02:00
307430442,de:12063:900210326:2:51,0.0,2026-10-02T01:01:04.695736+02:00
307430442,de:12063:900210011:2:51,0.0,2026-10-02T01:01:04.695736+02:00
307430442,de:12063:900210010:2:51,0.0,2026-10-02T01:01:04.695736+02:00
307430442,de:12063:900210180:2:51,0.0,2026-10-02T01:01:04.695736+02:00
307430442,de:11000:900037168:2:51,0.0,2026-10-02T01:01:04.695736+02:00
307430442,de:11000:900029101:3:54,0.0,2026-10-02T01:01:04.695736+02:00
306895826,de:12067:900311115::2,0.0,2026-10-02T01:01:04.695736+02:00
306895826,de:12067:900310773::2,0.0,2026-10-02T01:01:04.695736+02:00
306895826,de:12067:900310797::2,0.0,2026-10-02T01:01:04.695736+02:00
306895826,de:12067:900310789::2,0.0,2026-10-02T01:01:04.695736+02:00
306895826,de:12067:900310781::2,0.0,2026-10-02T01:01:04.695736+02:00
306895826,de:12067:900311155::1,0.0,2026-10-02T01:01:04.695736+02:00
306895826,de:12067:900311149::2,0.0,2026-10-02T01:01:04.695736+02:00
306895826,de:12067:900310001::11,0.0,2026-10-02T01:01:04.695736+02:00
295892953,de:12060:900350160:1:51,0.0,2026-10-02T01:01:04.695736+02:00
295892953,de:12060:900350161:1:50,-0.3,2026-10-02T01:01:04.695736+02:00
295892953,de:12060:900350163:1:50,-0.1,2026-10-02T01:01:04.695736+02:00
295892953,de:12060:900350162:1:50,-0.8,2026-10-02T01:01:04.695736+02:00
295892953,de:11000:900135001:1:50,-0.3,2026-10-02T01:01:04.695736+02:00
295892953,de:11000:900143001:1:51,-0.8,2026-10-02T01:01:04.695736+02:00
295892953,de:11000:900142001:1:51,-0.3,2026-10-02T01:01:04.695736+02:00
295892953,de:11000:900130001:1:51,-0.8,2026-10-02T01:01:04.695736+02:00
295892953,de:11000:900130002:1:51,-0.3,2026-10-02T01:01:04.695736+02:00
295892953,de:11000:900110011:1:51,-0.7,2026-10-02T01:01:04.695736+02:00
295892953,de:11000:900007102:1:50,-0.7,2026-10-02T01:01:04.695736+02:00
295892953,de:11000:900008101:1:50,-0.5,2026-10-02T01:01:04.695736+02:00
295892953,de:11000:900007104:1:51,-0.2,2026-10-02T01:01:04.695736+02:00
295892953,de:11000:900100007:1:50,-0.2,2026-10-02T01:01:04.695736+02:00
295892953,de:11000:900100001:4:56,0.0,2026-10-02T01:01:04.695736+02:00
295892953,de:11000:900100025:1:50,-0.9,2026-10-02T01:01:04.695736+02:00
295892953,de:11000:900100020:3:54,-0.9,2026-10-02T01:01:04.695736+02:00
295892953,de:11000:900012101:1:51,0.0,2026-10-02T01:01:04.695736+02:00
295892953,de:11000:900058103:1:50,-0.8,2026-10-02T01:01:04.695736+02:00
295892953,de:11000:900058101:1:50,-0.4,2026-10-02T01:01:04.695736+02:00
295892953,de:11000:900058102:1:50,-0.4,2026-10-02T01:01:04.695736+02:00
295892953,de:11000:900068301:1:50,-0.7,2026-10-02T01:01:04.695736+02:00
295892953,de:11000:900073101:1:50,-0.9,2026-10-02T01:01:04.695736+02:00
295892953,de:11000:900072101:1:50,-0.2,2026-10-02T01:01:04.695736+02:00
295892953,de:11000:900074202:1:50,-0.2,2026-10-02T01:01:04.695736+02:00
295892953,de:11000:900074201:1:50,-0.4,2026-10-02T01:01:04.695736+02:00
295892953,de:12072:900245028:1:50,-0.9,2026-10-02T01:01:04.695736+02:00
295892953,de:12072:900245027:2:52,-0.9,2026-10-02T01:01:04.695736+02:00
307430081,de:12061:900260009:2:53,0.0,2026-10-02T01:01:04.695736+02:00
307430081,de:11000:900058101:4:57,0.0,2026-10-02T01:01:04.695736+02:00
307430081,de:11000:900100020:2:53,0.0,2026-10-02T01:01:04.695736+02:00
307430081,de:11000:900003200:4:57,0.0,2026-10-02T01:01:04.695736+02:00
307430059,de:12061:900260009:2:54,0.0,2026-10-02T01:01:04.695736+02:00
307430059,de:11000:900058101:4:57,0.0,2026-10-02T01:01:04.695736+02:00
307430059,de:11000:900100020:2:53,0.0,2026-10-02T01:01:04.695736+02:00
307430059,de:11000:900003200:2:53,0.0,2026-10-02T01:01:04.695736+02:00
295900354,de:12069:900220114:1:51,0.0,2026-10-02T01:01:04.695736+02:00
295900354,de:11000:900064201:1:51,-0.1,2026-10-02T01:01:04.695736+02:00
295900354,de:11000:900064256:1:51,0.0,2026-10-02T01:01:04.695736+02:00
295900354,de:11000:900064301:3:53,-0.3,2026-10-02T01:01:04.695736+02:00
295900354,de:11000:900067221:1:50,-0.3,2026-10-02T01:01:04.695736+02:00
295900354,de:11000:900063452:1:51,-0.4,2026-10-02T01:01:04.695736+02:00
295900354,de:11000:900058102:2:53,-0.5,2026-10-02T01:01:04.695736+02:00
295900354,de:11000:900058101:1:51,-0.3,2026-10-02T01:01:04.695736+02:00
295900354,de:11000:900058103:1:51,0.0,2026-10-02T01:01:04.695736+02:00
295900354,de:11000:900012101:2:53,-0.7,2026-10-02T01:01:04.695736+02:00
295900354,de:11000:900100020:4:57,-0.8,2026-10-02T01:01:04.695736+02:00
295900354,de:11000:900100025:1:51,-0.9,2026-10-02T01:01:04.695736+02:00
295900354,de:11000:900100001:4:57,-0.6,2026-10-02T01:01:04.695736+02:00
295900354,de:11000:900100007:1:51,-0.7,2026-10-02T01:01:04.695736+02:00
295900354,de:11000:900007104:2:52,-0.7,2026-10-02T01:01:04.695736+02:00
295900354,de:11000:900008101:1:51,-0.4,2026-10-02T01:01:04.695736+02:00
295900354,de:11000:900007102:2:53,-0.2,2026-10-02T01:01:04.695736+02:00
295900354,de:11000:900110011:2:53,-0.4,2026-10-02T01:01:04.695736+02:00
295900354,de:11000:900085201:1:50,-0.8,2026-10-02T01:01:04.695736+02:00
295900354,de:11000:900085105:1:50,-0.8,2026-10-02T01:01:04.695736+02:00
295900354,de:11000:900096458:1:50,-0.1,2026-10-02T01:01:04.695736+02:00
295900354,de:11000:900096405:1:50,-0.8,2026-10-02T01:01:04.695736+02:00
295900354,de:11000:900089303:1:50,-0.7,2026-10-02T01:01:04.695736+02:00
295900354,de:11000:900091205:1:50,-0.3,2026-10-02T01:01:04.695736+02:00
295900354,de:11000:900091203:1:50,-0.5,2026-10-02T01:01:04.695736+02:00
295900354,de:12065:900200000:1:55,-0.7,2026-10-02T01:01:04.695736+02:00
295900387,de:12069:900220114:1:51,0.0,2026-10-02T01:01:04.695736+02:00
295900387,de:11000:900064201:1:51,-0.1,2026-10-02T01:01:04.695736+02:00
295900387,de:11000:900064256:1:51,0.0,2026-10-02T01:01:04.695736+02:00
295900387,de:11000:900064301:3:53,-0.3,2026-10-02T01:01:04.695736+02:00
295900387,de:11000:900067221:1:50,-0.3,2026-10-02T01:01:04.695736+02:00
295900387,de:11000:900063452:1:51,-0.4,2026-10-02T01:01:04.695736+02:00
295900387,de:11000:900058102:2:53,-0.5,2026-10-02T01:01:04.695736+02:00
295900387,de:11000:900058101:1:51,-0.3,2026-10-02T01:01:04.695736+02:00
295900387,de:11000:900058103:1:51,0.0,2026-10-02T01:01:04.695736+02:00
295900387,de:11000:900012101:2:53,-0.7,2026-10-02T01:01:04.695736+02:00
295900387,de:11000:900100020:4:57,-0.8,2026-10-02T01:01:04.695736+02:00
295900387,de:11000:900100025:1:51,-0.9,2026-10-02T01:01:04.695736+02:00
295900387,de:11000:900100001:4:57,-0.6,2026-10-02T01:01:04.695736+02:00
295900387,de:11000:900100007:1:51,-0.7,2026-10-02T01:01:04.695736+02:00
295900387,de:11000:900007104:2:52,-0.7,2026-10-02T01:01:04.695736+02:00
295900387,de:11000:900008101:1:51,-0.4,2026-10-02T01:01:04.695736+02:00
295900387,de:11000:900007102:2:53,-0.2,2026-10-02T01:01:04.695736+02:00
295900387,de:11000:900110011:2:53,-0.4,2026-10-02T01:01:04.695736+02:00
295900387,de:11000:900085201:1:50,-0.8,2026-10-02T01:01:04.695736+02:00
295900387,de:11000:900085105:1:50,-0.8,2026-10-02T01:01:04.695736+02:00
295900387,de:11000:900096458:1:50,-0.1,2026-10-02T01:01:04.695736+02:00
295900387,de:11000:900096405:1:50,-0.8,2026-10-02T01:01:04.695736+02:00
295900387,de:11000:900089303:1:50,-0.7,2026-10-02T01:01:04.695736+02:00
295900387,de:11000:900091205:1:50,-0.3,2026-10-02T01:01:04.695736+02:00
295900387,de:11000:900091203:1:50,-0.5,2026-10-02T01:01:04.695736+02:00
295900387,de:12065:900200000:4:54,-0.7,2026-10-02T01:01:04.695736+02:00
295900333,de:12069:900220114:1:51,0.0,2026-10-02T01:01:04.695736+02:00
295900333,de:11000:900064201:1:51,-0.1,2026-10-02T01:01:04.695736+02:00
295900333,de:11000:900064256:1:51,0.0,2026-10-02T01:01:04.695736+02:00
295900333,de:11000:900064301:3:53,-0.3,2026-10-02T01:01:04.695736+02:00
295900333,de:11000:900067221:1:50,-0.3,2026-10-02T01:01:04.695736+02:00
295900333,de:11000:900063452:1:51,-0.4,2026-10-02T01:01:04.695736+02:00
295900333,de:11000:900058102:2:53,-0.5,2026-10-02T01:01:04.695736+02:00
295900333,de:11000:900058101:1:51,-0.3,2026-10-02T01:01:04.695736+02:00
295900333,de:11000:900058103:1:51,0.0,2026-10-02T01:01:04.695736+02:00
295900333,de:11000:900012101:2:53,-0.7,2026-10-02T01:01:04.695736+02:00
295900333,de:11000:900100020:4:57,-0.8,2026-10-02T01:01:04.695736+02:00
295900333,de:11000:900100025:1:51,-0.9,2026-10-02T01:01:04.695736+02:00
295900333,de:11000:900100001:4:57,-0.6,2026-10-02T01:01:04.695736+02:00
295900333,de:11000:900100007:1:51,-0.7,2026-10-02T01:01:04.695736+02:00
295900333,de:11000:900007104:2:52,-0.7,2026-10-02T01:01:04.695736+02:00
295900333,de:11000:900008101:1:51,-0.4,2026-10-02T01:01:04.695736+02:00
295900333,de:11000:900007102:2:53,-0.2,2026-10-02T01:01:04.695736+02:00
295900333,de:11000:900110011:2:53,-0.4,2026-10-02T01:01:04.695736+02:00
295900333,de:11000:900085201:1:50,-0.8,2026-10-02T01:01:04.695736+02:00
295900333,de:11000:900085105:1:50,-0.8,2026-10-02T01:01:04.695736+02:00
295900333,de:11000:900096458:1:50,-0.1,2026-10-02T01:01:04.695736+02:00
295900333,de:11000:900096405:1:50,-0.8,2026-10-02T01:01:04.695736+02:00
295900333,de:11000:900089303:1:50,-0.7,2026-10-02T01:01:04.695736+02:00
295900333,de:11000:900091205:1:50,-0.3,2026-10-02T01:01:04.695736+02:00
295900333,de:11000:900091203:1:50,-0.5,2026-10-02T01:01:04.695736+02:00
295900333,de:12065:900200000:1:55,-0.7,2026-10-02T01:01:04.695736+02:00
295896176,de:11000:900074201:1:50,0.0,2026-10-02T01:01:04.695736+02:00
295896176,de:11000:900074202:2:51,-0.1,2026-10-02T01:01:04.695736+02:00
295896176,de:11000:900072101:2:51,-0.1,2026-10-02T01:01:04.695736+02:00
295896176,de:11000:900073101:1:51,-0.4,2026-10-02T01:01:04.695736+02:00
295896176,de:11000:900068301:1:51,-0.7,2026-10-02T01:01:04.695736+02:00
295896176,de:11000:900058102:2:51,-0.7,2026-10-02T01:01:04.695736+02:00
295896176,de:11000:900058101:1:51,-0.3,2026-10-02T01:01:04.695736+02:00
295896176,de:11000:900058103:1:51,-0.1,2026-10-02T01:01:04.695736+02:00
295896176,de:11000:900012101:2:53,-0.7,2026-10-02T01:01:04.695736+02:00
295896176,de:11000:900100020:4:57,-0.8,2026-10-02T01:01:04.695736+02:00
295896176,de:11000:900100025:1:51,-0.9,2026-10-02T01:01:04.695736+02:00
295896176,de:11000:900100001:4:57,-0.6,2026-10-02T01:01:04.695736+02:00
295896176,de:11000:900100007:1:51,-0.7,2026-10-02T01:01:04.695736+02:00
295896176,de:11000:900007104:2:52,-0.7,2026-10-02T01:01:04.695736+02:00
295896176,de:11000:900008101:1:51,-0.4,2026-10-02T01:01:04.695736+02:00
295896176,de:11000:900007102:2:53,-0.1,2026-10-02T01:01:04.695736+02:00
295896176,de:11000:900110011:2:52,-0.4,2026-10-02T01:01:04.695736+02:00
295896176,de:11000:900130002:1:50,-0.7,2026-10-02T01:01:04.695736+02:00
295896176,de:11000:900130001:1:50,-0.4,2026-10-02T01:01:04.695736+02:00
295896176,de:11000:900142001:1:50,-0.9,2026-10-02T01:01:04.695736+02:00
295896176,de:11000:900143001:1:51,-0.7,2026-10-02T01:01:04.695736+02:00
295896176,de:11000:900135001:1:50,-0.4,2026-10-02T01:01:04.695736+02:00
295896160,de:11000:900074201:1:50,0.0,2026-10-02T01:01:04.695736+02:00
295896160,de:11000:900074202:2:51,-0.1,2026-10-02T01:01:04.695736+02:00
295896160,de:11000:900072101:2:51,-0.1,2026-10-02T01:01:04.695736+02:00
295896160,de:11000:900073101:1:51,-0.4,2026-10-02T01:01:04.695736+02:00
295896160,de:11000:900068301:1:51,-0.7,2026-10-02T01:01:04.695736+02:00
295896160,de:11000:900058102:2:51,-0.7,2026-10-02T01:01:04.695736+02:00
295896160,de:11000:900058101:1:51,-0.3,2026-10-02T01:01:04.695736+02:00
295896160,de:11000:900058103:1:51,-0.1,2026-10-02T01:01:04.695736+02:00
295896160,de:11000:900012101:2:53,-0.7,2026-10-02T01:01:04.695736+02:00
295896160,de:11000:900100020:4:57,-0.8,2026-10-02T01:01:04.695736+02:00
295896160,de:11000:900100025:1:51,-0.9,2026-10-02T01:01:04.695736+02:00
295896160,de:11000:900100001:4:57,-0.6,2026-10-02T01:01:04.695736+02:00
295896160,de:11000:900100007:1:51,-0.7,2026-10-02T01:01:04.695736+02:00
295896160,de:11000:900007104:2:52,-0.7,2026-10-02T01:01:04.695736+02:00
295896160,de:11000:900008101:1:51,-0.4,2026-10-02T01:01:04.695736+02:00
295896160,de:11000:900007102:2:53,-0.1,2026-10-02T01:01:04.695736+02:00
295896160,de:11000:900110011:2:52,-0.4,2026-10-02T01:01:04.695736+02:00
295896160,de:11000:900130002:1:50,-0.7,2026-10-02T01:01:04.695736+02:00
295896160,de:11000:900130001:1:50,-0.4,2026-10-02T01:01:04.695736+02:00
295896160,de:11000:900142001:1:50,-0.9,2026-10-02T01:01:04.695736+02:00
295896160,de:11000:900143001:1:51,-0.7,2026-10-02T01:01:04.695736+02:00
295896160,de:11000:900135001:1:50,-0.4,2026-10-02T01:01:04.695736+02:00
295903129,de:12069:900220114:1:50,0.0,2026-10-02T01:01:04.695736+02:00
295903129,de:11000:900064201:1:51,-0.1,2026-10-02T01:01:04.695736+02:00
295903129,de:11000:900064256:1:51,0.0,2026-10-02T01:01:04.695736+02:00
295903129,de:11000:900064301:3:53,-0.3,2026-10-02T01:01:04.695736+02:00
295903129,de:11000:900067221:1:50,-0.3,2026-10-02T01:01:04.695736+02:00
295903129,de:11000:900063452:1:51,-0.4,2026-10-02T01:01:04.695736+02:00
295903129,de:11000:900058102:2:53,-0.5,2026-10-02T01:01:04.695736+02:00
295903129,de:11000:900058101:1:51,-0.3,2026-10-02T01:01:04.695736+02:00
295903129,de:11000:900058103:1:51,0.0,2026-10-02T01:01:04.695736+02:00
295903129,de:11000:900012101:2:53,-0.7,2026-10-02T01:01:04.695736+02:00
295903129,de:11000:900100020:4:57,-0.8,2026-10-02T01:01:04.695736+02:00
295903129,de:11000:900100025:1:51,-0.9,2026-10-02T01:01:04.695736+02:00
295903129,de:11000:900100001:4:57,-0.6,2026-10-02T01:01:04.695736+02:00
295903129,de:11000:900100007:1:51,-0.7,2026-10-02T01:01:04.695736+02:00
295903129,de:11000:900007104:2:52,-0.7,2026-10-02T01:01:04.695736+02:00
295903129,de:11000:900008101:1:51,-0.4,2026-10-02T01:01:04.695736+02:00
295903129,de:11000:900007102:2:53,-0.2,2026-10-02T01:01:04.695736+02:00
295903129,de:11000:900110011:2:52,-0.4,2026-10-02T01:01:04.695736+02:00
295903129,de:11000:900130002:1:50,0.0,2026-10-02T01:01:04.695736+02:00
295903129,de:11000:900130001:1:50,-0.7,2026-10-02T01:01:04.695736+02:00
295903129,de:11000:900142001:1:50,-0.2,2026-10-02T01:01:04.695736+02:00
306895309,de:12067:900311065::1,0.0,2026-10-02T01:01:04.695736+02:00
306895309,de:12067:900311063::1,0.0,2026-10-02T01:01:04.695736+02:00
306895309,de:12067:900311061::2,0.0,2026-10-02T01:01:04.695736+02:00
306895309,de:12067:900310986::1,0.0,2026-10-02T01:01:04.695736+02:00
306895309,de:12067:900311003::2,0.0,2026-10-02T01:01:04.695736+02:00
306895309,de:12067:900311068::1,0.0,2026-10-02T01:01:04.695736+02:00
306895309,de:12067:900310934::1,0.0,2026-10-02T01:01:04.695736+02:00
306895309,de:12061:900261734::2,0.0,2026-10-02T01:01:04.695736+02:00
306895309,de:12061:900261208::1,0.0,2026-10-02T01:01:04.695736+02:00
306895309,de:12061:900261207::1,0.0,2026-10-02T01:01:04.695736+02:00
306895309,de:12061:900261420::1,0.0,2026-10-02T01:01:04.695736+02:00
306895309,de:12061:900261465::1,0.0,2026-10-02T01:01:04.695736+02:00
306895309,de:12061:900261462::1,0.0,2026-10-02T01:01:04.695736+02:00
306897225,de:12067:900311129::5,0.0,2026-10-02T01:01:04.695736+02:00
306897225,de:12067:900310755::1,0.0,2026-10-02T01:01:04.695736+02:00
306897225,de:12067:900310738::1,0.0,2026-10-02T01:01:04.695736+02:00
306897225,de:12067:900310725::1,0.0,2026-10-02T01:01:04.695736+02:00
306897225,de:12067:900310615::1,0.0,2026-10-02T01:01:04.695736+02:00
306897225,de:12067:900311540::1,0.0,2026-10-02T01:01:04.695736+02:00
306897225,de:12067:900310933::1,0.0,2026-10-02T01:01:04.695736+02:00
306897225,de:12067:900310935::1,0.0,2026-10-02T01:01:04.695736+02:00
306897225,de:12067:900311483::1,0.0,2026-10-02T01:01:04.695736+02:00
306897225,de:12067:900311480::1,0.0,2026-10-02T01:01:04.695736+02:00
306897225,de:12067:900311482::2,0.0,2026-10-02T01:01:04.695736+02:00
306897068,de:12067:900310925::1,0.0,2026-10-02T01:01:04.695736+02:00
306897068,de:12067:900310874::1,0.0,2026-10-02T01:01:04.695736+02:00
306897068,de:12067:900311085::2,0.0,2026-10-02T01:01:04.695736+02:00
306897068,de:12067:900310908::1,0.0,2026-10-02T01:01:04.695736+02:00
306897068,de:12067:900311020::1,0.0,2026-10-02T01:01:04.695736+02:00
306897068,de:12067:900310834::1,0.0,2026-10-02T01:01:04.695736+02:00
306896779,de:12067:900310611::1,0.0,2026-10-02T01:01:04.695736+02:00
306896779,de:12067:900311058::2,0.0,2026-10-02T01:01:04.695736+02:00
306896779,de:12067:900311110::4,0.0,2026-10-02T01:01:04.695736+02:00
306896779,de:12067:900311059::2,0.0,2026-10-02T01:01:04.695736+02:00
306896779,de:12067:900311069::1,0.0,2026-10-02T01:01:04.695736+02:00
306896779,de:12067:900311118::1,0.0,2026-10-02T01:01:04.695736+02:00
306896779,de:12067:900310966::1,0.0,2026-10-02T01:01:04.695736+02:00
306896779,de:12067:900310997::1,0.0,2026-10-02T01:01:04.695736+02:00
306896779,de:12067:900310998::1,0.0,2026-10-02T01:01:04.695736+02:00
306896779,de:12067:900310997::2,0.0,2026-10-02T01:01:04.695736+02:00
306896779,de:12067:900310966::2,0.0,2026-10-02T01:01:04.695736+02:00
306896779,de:12067:900311118::2,0.0,2026-10-02T01:01:04.695736+02:00
306896779,de:12067:900310904::2,0.0,2026-10-02T01:01:04.695736+02:00
306896779,de:12067:900310991::2,0.0,2026-10-02T01:01:04.695736+02:00
306896779,de:12067:900310993::2,0.0,2026-10-02T01:01:04.695736+02:00
306896779,de:12067:900310994::2,0.0,2026-10-02T01:01:04.695736+02:00
306896779,de:12067:900310768::1,0.0,2026-10-02T01:01:04.695736+02:00
306896779,de:12067:900310023::1,0.0,2026-10-02T01:01:04.695736+02:00
306896779,de:12067:900310778::1,0.0,2026-10-02T01:01:04.695736+02:00
306896779,de:12067:900310806::1,0.0,2026-10-02T01:01:04.695736+02:00
306896779,de:12067:900310812::1,0.0,2026-10-02T01:01:04.695736+02:00
306896779,de:12067:900310770::1,0.0,2026-10-02T01:01:04.695736+02:00
306896779,de:12067:900310010::3,0.0,2026-10-02T01:01:04.695736+02:00
306896779,de:12067:900310010::1,0.0,2026-10-02T01:01:04.695736+02:00
306896779,de:12067:900310879::2,0.0,2026-10-02T01:01:04.695736+02:00
306896779,de:12067:900310800::2,0.0,2026-10-02T01:01:04.695736+02:00
306896779,de:12067:900310771::2,0.0,2026-10-02T01:01:04.695736+02:00
306896779,de:12067:900310822::2,0.0,2026-10-02T01:01:04.695736+02:00
306896779,de:12067:900310781::2,-0.5,2026-10-02T01:01:04.695736+02:00
306896779,de:12067:900310627::2,0.0,2026-10-02T01:01:04.695736+02:00
306896779,de:12067:900310816::2,-0.5,2026-10-02T01:01:04.695736+02:00
306896779,de:12067:900310022::1,-0.5,2026-10-02T01:01:04.695736+02:00
306896779,de:12067:900310001::11,-0.5,2026-10-02T01:01:04.695736+02:00
295907156,de:12067:900310004:3:53,0.0,2026-10-02T01:01:04.695736+02:00
295907156,de:11000:900183002:1:50,-0.1,2026-10-02T01:01:04.695736+02:00
295907156,de:11000:900183001:1:50,-0.4,2026-10-02T01:01:04.695736+02:00
295907156,de:11000:900182002:1:50,0.0,2026-10-02T01:01:04.695736+02:00
295907156,de:11000:900182001:1:50,-0.2,2026-10-02T01:01:04.695736+02:00
295907156,de:11000:900180001:1:50,-0.7,2026-10-02T01:01:04.695736+02:00
295907156,de:11000:900180002:1:50,-0.7,2026-10-02T01:01:04.695736+02:00
295907156,de:11000:900162001:1:50,-0.9,2026-10-02T01:01:04.695736+02:00
295907156,de:11000:900160002:1:50,0.0,2026-10-02T01:01:04.695736+02:00
295907156,de:11000:900160001:1:50,-0.3,2026-10-02T01:01:04.695736+02:00
295907156,de:11000:900120003:3:55,-0.1,2026-10-02T01:01:04.695736+02:00
295907156,de:11000:900120004:2:53,-0.6,2026-10-02T01:01:04.695736+02:00
295907156,de:11000:900120005:5:58,-0.9,2026-10-02T01:01:04.695736+02:00
295907156,de:11000:900100004:1:51,-0.4,2026-10-02T01:01:04.695736+02:00
295907156,de:11000:900100003:2:53,-0.4,2026-10-02T01:01:04.695736+02:00
295907156,de:11000:900100002:1:51,-0.4,2026-10-02T01:01:04.695736+02:00
295907156,de:11000:900100001:3:55,-0.4,2026-10-02T01:01:04.695736+02:00
295907156,de:11000:900003201:3:55,-0.1,2026-10-02T01:01:04.695736+02:00
295907156,de:11000:900003102:1:51,-0.8,2026-10-02T01:01:04.695736+02:00
295907156,de:11000:900003103:1:51,-0.9,2026-10-02T01:01:04.695736+02:00
295907156,de:11000:900023201:3:55,-0.8,2026-10-02T01:01:04.695736+02:00
295907156,de:11000:900024203:1:51,-0.8,2026-10-02T01:01:04.695736+02:00
295907156,de:11000:900024101:4:57,-0.8,2026-10-02T01:01:04.695736+02:00
295907156,de:11000:900024102:1:50,-0.1,2026-10-02T01:01:04.695736+02:00
295907156,de:11000:900025423:1:50,-0.4,2026-10-02T01:01:04.695736+02:00
295907156,de:11000:900026105:1:50,-0.7,2026-10-02T01:01:04.695736+02:00
295907156,de:11000:900025321:1:50,-0.3,2026-10-02T01:01:04.695736+02:00
295907156,de:11000:900025424:1:50,-0.3,2026-10-02T01:01:04.695736+02:00
295907156,de:11000:900030202:1:50,-0.9,2026-10-02T01:01:04.695736+02:00
295907156,de:11000:900029101:1:50,-0.9,2026-10-02T01:01:04.695736+02:00
295907147,de:12067:900310004:3:53,0.0,2026-10-02T01:01:04.695736+02:00
295907147,de:11000:900183002:1:50,-0.1,2026-10-02T01:01:04.695736+02:00
295907147,de:11000:900183001:1:50,-0.4,2026-10-02T01:01:04.695736+02:00
295907147,de:11000:900182002:1:50,0.0,2026-10-02T01:01:04.695736+02:00
295907147,de:11000:900182001:1:50,-0.2,2026-10-02T01:01:04.695736+02:00
295907147,de:11000:900180001:1:50,-0.7,2026-10-02T01:01:04.695736+02:00
295907147,de:11000:900180002:1:50,-0.7,2026-10-02T01:01:04.695736+02:00
295907147,de:11000:900162001:1:50,-0.9,2026-10-02T01:01:04.695736+02:00
295907147,de:11000:900160002:1:50,0.0,2026-10-02T01:01:04.695736+02:00
295907147,de:11000:900160001:1:50,-0.3,2026-10-02T01:01:04.695736+02:00
295907147,de:11000:900120003:3:55,-0.1,2026-10-02T01:01:04.695736+02:00
295907147,de:11000:900120004:2:53,-0.6,2026-10-02T01:01:04.695736+02:00
295907147,de:11000:900120005:5:58,-0.9,2026-10-02T01:01:04.695736+02:00
295907147,de:11000:900100004:1:51,-0.4,2026-10-02T01:01:04.695736+02:00
295907147,de:11000:900100003:2:53,-0.4,2026-10-02T01:01:04.695736+02:00
295907147,de:11000:900100002:1:51,-0.4,2026-10-02T01:01:04.695736+02:00
295907147,de:11000:900100001:3:55,-0.4,2026-10-02T01:01:04.695736+02:00
295907147,de:11000:900003201:3:55,-0.1,2026-10-02T01:01:04.695736+02:00
295907147,de:11000:900003102:1:51,-0.8,2026-10-02T01:01:04.695736+02:00
295907147,de:11000:900003103:1:51,-0.9,2026-10-02T01:01:04.695736+02:00
295907147,de:11000:900023201:3:55,-0.8,2026-10-02T01:01:04.695736+02:00
295907147,de:11000:900024203:1:51,-0.8,2026-10-02T01:01:04.695736+02:00
295907147,de:11000:900024101:4:57,-0.8,2026-10-02T01:01:04.695736+02:00
295907147,de:11000:900024102:1:50,-0.1,2026-10-02T01:01:04.695736+02:00
295907147,de:11000:900025423:1:50,-0.4,2026-10-02T01:01:04.695736+02:00
295907147,de:11000:900026105:1:50,-0.7,2026-10-02T01:01:04.695736+02:00
295907147,de:11000:900025321:1:50,-0.3,2026-10-02T01:01:04.695736+02:00
295907147,de:11000:900025424:1:50,-0.3,2026-10-02T01:01:04.695736+02:00
295907147,de:11000:900030202:1:50,-0.9,2026-10-02T01:01:04.695736+02:00
295907147,de:11000:900029101:1:50,-0.9,2026-10-02T01:01:04.695736+02:00
307435142,de:12063:900210005:1:50,0.0,2026-10-02T01:01:04.695736+02:00
307435142,de:12063:900210326:2:51,0.0,2026-10-02T01:01:04.695736+02:00
307435142,de:12063:900210011:2:51,0.0,2026-10-02T01:01:04.695736+02:00
307435142,de:12063:900210010:2:51,0.0,2026-10-02T01:01:04.695736+02:00
307435142,de:12063:900210180:2:51,0.0,2026-10-02T01:01:04.695736+02:00
307435142,de:11000:900037168:2:51,0.0,2026-10-02T01:01:04.695736+02:00
307435142,de:11000:900029101:3:54,0.0,2026-10-02T01:01:04.695736+02:00
307435142,de:11000:900020201:1:50,0.0,2026-10-02T01:01:04.695736+02:00
307435142,de:11000:900007102:5:59,0.0,2026-10-02T01:01:04.695736+02:00
307435142,de:11000:900120003:4:56,0.0,2026-10-02T01:01:04.695736+02:00
307435142,de:11000:900192001:1:50,0.0,2026-10-02T01:01:04.695736+02:00
307444520,de:11000:900029101:3:54,0.0,2026-10-02T01:01:04.695736+02:00
307444520,de:11000:900020201:1:50,0.0,2026-10-02T01:01:04.695736+02:00
307444520,de:11000:900003200:2:52,0.0,2026-10-02T01:01:04.695736+02:00
307444520,de:11000:900100020:1:51,0.0,2026-10-02T01:01:04.695736+02:00
307444520,de:11000:900058101:3:54,0.0,2026-10-02T01:01:04.695736+02:00
307444520,de:11000:900064301:1:50,0.0,2026-10-02T01:01:04.695736+02:00
307444520,de:12072:900245029:1:51,0.0,2026-10-02T01:01:04.695736+02:00
307444520,de:12072:900245037:1:50,0.0,2026-10-02T01:01:04.695736+02:00
307444520,de:12072:900245010:1:50,0.0,2026-10-02T01:01:04.695736+02:00
307444520,de:12072:900245016:1:50,0.0,2026-10-02T01:01:04.695736+02:00
307444520,de:12072:900245002:2:52,0.0,2026-10-02T01:01:04.695736+02:00
307444467,de:12072:900245002:3:53,0.0,2026-10-02T01:01:04.695736+02:00
307444467,de:12072:900245019:2:51,0.0,2026-10-02T01:01:04.695736+02:00
307444467,de:12072:900245303:1:50,0.0,2026-10-02T01:01:04.695736+02:00
307444467,000300838001,0.0,2026-10-02T01:01:04.695736+02:00
307444467,000300839001,0.0,2026-10-02T01:01:04.695736+02:00
307444467,de:12062:900415683:1:50,0.0,2026-10-02T01:01:04.695736+02:00
295910957,de:11000:900120005:4:56,0.0,2026-10-02T01:01:04.695736+02:00
295910957,de:11000:900120004:1:50,-0.9,2026-10-02T01:01:04.695736+02:00
295910957,de:11000:900120003:2:53,-0.1,2026-10-02T01:01:04.695736+02:00
295910957,de:11000:900160001:1:51,-0.9,2026-10-02T01:01:04.695736+02:00
295910957,de:11000:900160002:1:50,-0.2,2026-10-02T01:01:04.695736+02:00
295910957,de:11000:900162001:1:51,-0.3,2026-10-02T01:01:04.695736+02:00
307440928,de:12070:900216026:3:53,0.0,2026-10-02T01:01:04.695736+02:00
307440928,de:12070:900216013:1:50,0.0,2026-10-02T01:01:04.695736+02:00
307440928,de:12070:900215696:1:50,0.0,2026-10-02T01:01:04.695736+02:00
307440928,de:12070:900215350:1:50,0.0,2026-10-02T01:01:04.695736+02:00
307440928,de:12070:900215723:1:50,0.0,2026-10-02T01:01:04.695736+02:00
307440928,de:12068:900205322:1:50,0.0,2026-10-02T01:01:04.695736+02:00
307440928,de:12068:900205130:1:50,0.0,2026-10-02T01:01:04.695736+02:00
307440928,de:12068:900205617:2:51,0.0,2026-10-02T01:01:04.695736+02:00
307440928,de:12068:900205006:1:50,0.0,2026-10-02T01:01:04.695736+02:00
307440928,de:12068:900205005:1:50,0.0,2026-10-02T01:01:04.695736+02:00
307440928,de:12068:900205512:1:50,0.0,2026-10-02T01:01:04.695736+02:00
307440928,de:12065:900203491:1:50,0.0,2026-10-02T01:01:04.695736+02:00
307440928,de:12065:900203452:1:50,0.0,2026-10-02T01:01:04.695736+02:00
307440928,de:12065:900200004:1:51,0.0,2026-10-02T01:01:04.695736+02:00
307440928,de:12065:900200000:1:50,0.0,2026-10-02T01:01:04.695736+02:00
295910334,de:12067:900310004:3:52,0.0,2026-10-02T01:01:04.695736+02:00
295910334,de:11000:900183002:1:50,-0.1,2026-10-02T01:01:04.695736+02:00
295910334,de:11000:900183001:1:50,-0.4,2026-10-02T01:01:04.695736+02:00
295910334,de:11000:900182002:1:50,0.0,2026-10-02T01:01:04.695736+02:00
295910334,de:11000:900182001:1:50,-0.2,2026-10-02T01:01:04.695736+02:00
295910334,de:11000:900180001:1:50,-0.7,2026-10-02T01:01:04.695736+02:00
295910334,de:11000:900180002:1:50,-0.7,2026-10-02T01:01:04.695736+02:00
295910334,de:11000:900162001:1:50,-0.9,2026-10-02T01:01:04.695736+02:00
295910334,de:11000:900160002:1:50,0.0,2026-10-02T01:01:04.695736+02:00
295910334,de:11000:900160001:1:50,-0.3,2026-10-02T01:01:04.695736+02:00
295910334,de:11000:900120003:3:55,-0.1,2026-10-02T01:01:04.695736+02:00
295910334,de:11000:900120004:2:53,-0.6,2026-10-02T01:01:04.695736+02:00
295910334,de:11000:900120005:5:58,-0.9,2026-10-02T01:01:04.695736+02:00
295910334,de:11000:900100004:1:51,-0.9,2026-10-02T01:01:04.695736+02:00
295910334,de:11000:900100003:2:53,-0.9,2026-10-02T01:01:04.695736+02:00
295910334,de:11000:900100002:1:51,-0.9,2026-10-02T01:01:04.695736+02:00
295910334,de:11000:900100001:3:55,-0.9,2026-10-02T01:01:04.695736+02:00
295910334,de:11000:900003201:3:55,-0.6,2026-10-02T01:01:04.695736+02:00
295910334,de:11000:900003102:1:51,-0.3,2026-10-02T01:01:04.695736+02:00
295910334,de:11000:900003103:1:51,-0.4,2026-10-02T01:01:04.695736+02:00
295910334,de:11000:900023201:3:55,-0.3,2026-10-02T01:01:04.695736+02:00
295910334,de:11000:900024203:1:51,-0.3,2026-10-02T01:01:04.695736+02:00
295910334,de:11000:900024101:4:56,-0.3,2026-10-02T01:01:04.695736+02:00
295910130,de:11000:900024101:3:55,0.0,2026-10-02T01:01:04.695736+02:00
295910130,de:11000:900024203:1:51,-0.3,2026-10-02T01:01:04.695736+02:00
295910130,de:11000:900023201:3:54,-0.2,2026-10-02T01:01:04.695736+02:00
295910130,de:11000:900003103:1:50,-0.3,2026-10-02T01:01:04.695736+02:00
295910130,de:11000:900003102:1:50,-0.4,2026-10-02T01:01:04.695736+02:00
295910130,de:11000:900003201:3:54,0.0,2026-10-02T01:01:04.695736+02:00
295910130,de:11000:900100001:3:54,-0.6,2026-10-02T01:01:04.695736+02:00
295910130,de:11000:900100002:1:50,-0.9,2026-10-02T01:01:04.695736+02:00
295910130,de:11000:900100003:2:52,-0.6,2026-10-02T01:01:04.695736+02:00
295910130,de:11000:900100004:1:50,-0.9,2026-10-02T01:01:04.695736+02:00
295910130,de:11000:900120005:4:55,-0.1,2026-10-02T01:01:04.695736+02:00
295910130,de:11000:900120004:1:50,-0.1,2026-10-02T01:01:04.695736+02:00
295910130,de:11000:900120003:2:53,-0.4,2026-10-02T01:01:04.695736+02:00
295910130,de:11000:900160001:1:51,-0.4,2026-10-02T01:01:04.695736+02:00
295910130,de:11000:900160002:1:50,-0.7,2026-10-02T01:01:04.695736+02:00
295910130,de:11000:900162001:1:51,-0.3,2026-10-02T01:01:04.695736+02:00
295910130,de:11000:900180002:1:51,-0.3,2026-10-02T01:01:04.695736+02:00
295910130,de:11000:900180001:1:50,-0.7,2026-10-02T01:01:04.695736+02:00
295910130,de:11000:900182001:1:51,-0.2,2026-10-02T01:01:04.695736+02:00
295910130,de:11000:900182002:1:51,-0.4,2026-10-02T01:01:04.695736+02:00
295910130,de:11000:900183001:1:51,0.0,2026-10-02T01:01:04.695736+02:00
295910130,de:11000:900183002:1:51,-0.3,2026-10-02T01:01:04.695736+02:00
295910130,de:12067:900310004:3:53,-0.5,2026-10-02T01:01:04.695736+02:00
307280442,de:11000:900020202:1:50,0.0,2026-10-02T01:01:04.695736+02:00
307280442,de:11000:900001201:1:50,-0.2,2026-10-02T01:01:04.695736+02:00
307280442,de:11000:900009104:1:50,-0.8,2026-10-02T01:01:04.695736+02:00
307280442,de:11000:900007102:2:52,-0.4,2026-10-02T01:01:04.695736+02:00
307280442,de:11000:900110001:1:50,-0.6,2026-10-02T01:01:04.695736+02:00
307280442,de:11000:900110002:1:50,-0.4,2026-10-02T01:01:04.695736+02:00
307280442,de:11000:900110003:1:50,-0.4,2026-10-02T01:01:04.695736+02:00
307280442,de:11000:900110004:1:50,-0.8,2026-10-02T01:01:04.695736+02:00
307280442,de:11000:900110012:1:50,-0.7,2026-10-02T01:01:04.695736+02:00
307280442,de:11000:900120001:1:50,-0.7,2026-10-02T01:01:04.695736+02:00
307280442,de:11000:900120003:5:58,-0.1,2026-10-02T01:01:04.695736+02:00
307280442,de:11000:900190001:1:50,-0.4,2026-10-02T01:01:04.695736+02:00
307280442,de:11000:900077106:1:50,-0.4,2026-10-02T01:01:04.695736+02:00
307280442,de:11000:900078201:1:50,-0.3,2026-10-02T01:01:04.695736+02:00
307280442,de:11000:900079221:1:50,-0.2,2026-10-02T01:01:04.695736+02:00
307280442,de:11000:900068201:1:50,-0.8,2026-10-02T01:01:04.695736+02:00
307280442,de:11000:900058101:5:58,-0.1,2026-10-02T01:01:04.695736+02:00
307280442,de:11000:900054104:2:52,-0.7,2026-10-02T01:01:04.695736+02:00
307280442,de:11000:900054105:1:50,-0.9,2026-10-02T01:01:04.695736+02:00
307280442,de:11000:900044202:1:50,-0.7,2026-10-02T01:01:04.695736+02:00
307280442,de:11000:900045102:1:50,-0.7,2026-10-02T01:01:04.695736+02:00
307280442,de:11000:900044101:1:50,-0.8,2026-10-02T01:01:04.695736+02:00
307280442,de:11000:900040101:1:50,-0.3,2026-10-02T01:01:04.695736+02:00
307280442,de:11000:900024101:3:54,-0.8,2026-10-02T01:01:04.695736+02:00
307286714,de:11000:900040101:1:50,0.0,2026-10-02T01:01:04.695736+02:00
307286714,de:11000:900044101:1:50,-0.8,2026-10-02T01:01:04.695736+02:00
307286714,de:11000:900045102:1:51,-0.9,2026-10-02T01:01:04.695736+02:00
307286714,de:11000:900044202:1:51,-0.9,2026-10-02T01:01:04.695736+02:00
307286714,de:11000:900054105:1:51,-0.7,2026-10-02T01:01:04.695736+02:00
307286714,de:11000:900054104:2:53,-0.3,2026-10-02T01:01:04.695736+02:00
307286714,de:11000:900058101:5:59,-0.2,2026-10-02T01:01:04.695736+02:00
307286714,de:11000:900068201:1:51,-0.8,2026-10-02T01:01:04.695736+02:00
307286714,de:11000:900079221:1:51,-0.4,2026-10-02T01:01:04.695736+02:00
307286714,de:11000:900078201:1:51,-0.1,2026-10-02T01:01:04.695736+02:00
307286714,de:11000:900077106:1:51,0.0,2026-10-02T01:01:04.695736+02:00
307286714,de:11000:900190001:2:52,-0.9,2026-10-02T01:01:04.695736+02:00
307286714,de:11000:900120003:5:59,-0.4,2026-10-02T01:01:04.695736+02:00
307286714,de:11000:900120001:1:51,0.0,2026-10-02T01:01:04.695736+02:00
307286714,de:11000:900110012:1:51,-0.2,2026-10-02T01:01:04.695736+02:00
307286714,de:11000:900110004:1:51,-0.1,2026-10-02T01:01:04.695736+02:00
307286714,de:11000:900110003:1:51,-0.4,2026-10-02T01:01:04.695736+02:00
307286714,de:11000:900110002:1:51,-0.4,2026-10-02T01:01:04.695736+02:00
307286714,de:11000:900110001:1:51,-0.1,2026-10-02T01:01:04.695736+02:00
307286714,de:11000:900007102:1:51,-0.6,2026-10-02T01:01:04.695736+02:00
307286714,de:11000:900009104:1:50,-0.8,2026-10-02T01:01:04.695736+02:00
307286714,de:11000:900001201:1:50,-0.3,2026-10-02T01:01:04.695736+02:00
307286714,de:11000:900020202:1:50,-0.1,2026-10-02T01:01:04.695736+02:00
307286633,de:11000:900024101:3:54,0.0,2026-10-02T01:01:04.695736+02:00
307286633,de:11000:900040101:1:50,-0.2,2026-10-02T01:01:04.695736+02:00
307286633,de:11000:900044101:1:50,-0.3,2026-10-02T01:01:04.695736+02:00
307286633,de:11000:900045102:1:51,-0.4,2026-10-02T01:01:04.695736+02:00
307286633,de:11000:900044202:1:51,-0.4,2026-10-02T01:01:04.695736+02:00
307286633,de:11000:900054105:1:51,-0.2,2026-10-02T01:01:04.695736+02:00
307286633,de:11000:900054104:2:53,-0.8,2026-10-02T01:01:04.695736+02:00
307286633,de:11000:900058101:5:59,-0.2,2026-10-02T01:01:04.695736+02:00
307286633,de:11000:900068201:1:51,-0.8,2026-10-02T01:01:04.695736+02:00
307286633,de:11000:900079221:1:51,-0.4,2026-10-02T01:01:04.695736+02:00
307286633,de:11000:900078201:1:51,-0.1,2026-10-02T01:01:04.695736+02:00
307286633,de:11000:900077106:1:51,0.0,2026-10-02T01:01:04.695736+02:00
307286633,de:11000:900190001:2:52,-0.9,2026-10-02T01:01:04.695736+02:00
307286633,de:11000:900120003:5:59,-0.4,2026-10-02T01:01:04.695736+02:00
307286633,de:11000:900120001:1:51,0.0,2026-10-02T01:01:04.695736+02:00
307286633,de:11000:900110012:1:51,-0.2,2026-10-02T01:01:04.695736+02:00
307286633,de:11000:900110004:1:51,-0.1,2026-10-02T01:01:04.695736+02:00
307286633,de:11000:900110003:1:51,-0.4,2026-10-02T01:01:04.695736+02:00
307286633,de:11000:900110002:1:51,-0.4,2026-10-02T01:01:04.695736+02:00
307286633,de:11000:900110001:1:51,-0.1,2026-10-02T01:01:04.695736+02:00
307286633,de:11000:900007102:1:51,-0.6,2026-10-02T01:01:04.695736+02:00
307286633,de:11000:900009104:1:51,-0.8,2026-10-02T01:01:04.695736+02:00
307286633,de:11000:900001201:1:51,-0.3,2026-10-02T01:01:04.695736+02:00
307286633,de:11000:900020202:1:51,-0.1,2026-10-02T01:01:04.695736+02:00
307286631,de:11000:900024101:3:54,0.0,2026-10-02T01:01:04.695736+02:00
307286631,de:11000:900040101:1:50,-0.2,2026-10-02T01:01:04.695736+02:00
307286631,de:11000:900044101:1:50,-0.3,2026-10-02T01:01:04.695736+02:00
307286631,de:11000:900045102:1:51,-0.4,2026-10-02T01:01:04.695736+02:00
307286631,de:11000:900044202:1:51,-0.4,2026-10-02T01:01:04.695736+02:00
307286631,de:11000:900054105:1:51,-0.2,2026-10-02T01:01:04.695736+02:00
307286631,de:11000:900054104:2:53,-0.8,2026-10-02T01:01:04.695736+02:00
307286631,de:11000:900058101:5:59,-0.2,2026-10-02T01:01:04.695736+02:00
307286631,de:11000:900068201:1:51,-0.8,2026-10-02T01:01:04.695736+02:00
307286631,de:11000:900079221:1:51,-0.4,2026-10-02T01:01:04.695736+02:00
307286631,de:11000:900078201:1:51,-0.1,2026-10-02T01:01:04.695736+02:00
307286631,de:11000:900077106:1:51,0.0,2026-10-02T01:01:04.695736+02:00
307286631,de:11000:900190001:2:52,-0.9,2026-10-02T01:01:04.695736+02:00
307286631,de:11000:900120003:5:59,-0.4,2026-10-02T01:01:04.695736+02:00
307286631,de:11000:900120001:1:51,0.0,2026-10-02T01:01:04.695736+02:00
307286631,de:11000:900110012:1:51,-0.2,2026-10-02T01:01:04.695736+02:00
307286631,de:11000:900110004:1:51,-0.1,2026-10-02T01:01:04.695736+02:00
307286631,de:11000:900110003:1:51,-0.4,2026-10-02T01:01:04.695736+02:00
307286631,de:11000:900110002:1:51,-0.4,2026-10-02T01:01:04.695736+02:00
307286631,de:11000:900110001:1:51,-0.1,2026-10-02T01:01:04.695736+02:00
307286631,de:11000:900007102:1:51,-0.6,2026-10-02T01:01:04.695736+02:00
307286631,de:11000:900009104:1:51,-0.8,2026-10-02T01:01:04.695736+02:00
307286631,de:11000:900001201:1:51,-0.3,2026-10-02T01:01:04.695736+02:00
307286631,de:11000:900020202:1:51,-0.1,2026-10-02T01:01:04.695736+02:00
307444816,de:11000:900058101:2:53,0.0,2026-10-02T01:01:04.695736+02:00
307444816,de:11000:900100020:2:52,0.0,2026-10-02T01:01:04.695736+02:00
307444816,de:11000:900003200:3:54,0.0,2026-10-02T01:01:04.695736+02:00
307444816,de:11000:900007102:5:59,0.0,2026-10-02T01:01:04.695736+02:00
307444816,de:12065:900200005:1:2,0.0,2026-10-02T01:01:04.695736+02:00
307444816,de:12065:900203709:2:51,0.0,2026-10-02T01:01:04.695736+02:00
307444816,de:12065:900203749:1:50,0.0,2026-10-02T01:01:04.695736+02:00
307444816,de:12065:900203772:1:50,0.0,2026-10-02T01:01:04.695736+02:00
307444816,de:13071:80001,0.0,2026-10-02T01:01:04.695736+02:00
307444816,de:13071:5787,0.0,2026-10-02T01:01:04.695736+02:00
307444816,de:13071:17001,0.0,2026-10-02T01:01:04.695736+02:00
307444816,000008010201,0.0,2026-10-02T01:01:04.695736+02:00
307444816,000008010153,0.0,2026-10-02T01:01:04.695736+02:00
307444816,de:13003:1489,0.0,2026-10-02T01:01:04.695736+02:00
307292234,de:11000:900044202:1:51,0.0,2026-10-02T01:01:04.695736+02:00
307292234,de:11000:900054105:1:51,-0.2,2026-10-02T01:01:04.695736+02:00
307292234,de:11000:900054104:2:53,-0.8,2026-10-02T01:01:04.695736+02:00
307292234,de:11000:900058101:5:59,-0.7,2026-10-02T01:01:04.695736+02:00
307292234,de:11000:900068201:1:51,-0.3,2026-10-02T01:01:04.695736+02:00
307292234,de:11000:900079221:1:51,-0.9,2026-10-02T01:01:04.695736+02:00
307292234,de:11000:900078201:1:51,-0.6,2026-10-02T01:01:04.695736+02:00
307292234,de:11000:900077155:1:51,-0.2,2026-10-02T01:01:04.695736+02:00
307292234,de:11000:900191001:2:51,-0.7,2026-10-02T01:01:04.695736+02:00
307292234,de:11000:900192001:2:52,-0.7,2026-10-02T01:01:04.695736+02:00
307292234,de:11000:900193001:1:50,-0.2,2026-10-02T01:01:04.695736+02:00
307292234,de:11000:900193002:1:50,-0.8,2026-10-02T01:01:04.695736+02:00
307292234,de:11000:900186001:1:50,-0.8,2026-10-02T01:01:04.695736+02:00
307292234,de:12061:900260004:1:50,-0.2,2026-10-02T01:01:04.695736+02:00
307292234,de:12061:900260003:1:50,-0.4,2026-10-02T01:01:04.695736+02:00
307292234,de:12061:900260002:1:51,-0.2,2026-10-02T01:01:04.695736+02:00
307292234,de:12061:900260001:2:52,-0.2,2026-10-02T01:01:04.695736+02:00
307292208,de:11000:900044202:1:51,0.0,2026-10-02T01:01:04.695736+02:00
307292208,de:11000:900054105:1:51,-0.2,2026-10-02T01:01:04.695736+02:00
307292208,de:11000:900054104:2:53,-0.8,2026-10-02T01:01:04.695736+02:00
307292208,de:11000:900058101:5:59,-0.7,2026-10-02T01:01:04.695736+02:00
307292208,de:11000:900068201:1:51,-0.3,2026-10-02T01:01:04.695736+02:00
307292208,de:11000:900079221:1:51,-0.9,2026-10-02T01:01:04.695736+02:00
307292208,de:11000:900078201:1:51,-0.6,2026-10-02T01:01:04.695736+02:00
307292208,de:11000:900077155:1:51,-0.2,2026-10-02T01:01:04.695736+02:00
307292208,de:11000:900191001:2:51,-0.7,2026-10-02T01:01:04.695736+02:00
307292208,de:11000:900192001:2:52,-0.7,2026-10-02T01:01:04.695736+02:00
307292208,de:11000:900193001:1:50,-0.2,2026-10-02T01:01:04.695736+02:00
307292208,de:11000:900193002:1:50,-0.8,2026-10-02T01:01:04.695736+02:00
307292208,de:11000:900186001:1:50,-0.8,2026-10-02T01:01:04.695736+02:00
307292208,de:12061:900260004:1:50,-0.2,2026-10-02T01:01:04.695736+02:00
307292208,de:12061:900260003:1:50,-0.4,2026-10-02T01:01:04.695736+02:00
307292208,de:12061:900260002:1:51,-0.2,2026-10-02T01:01:04.695736+02:00
307292208,de:12061:900260001:2:52,-0.2,2026-10-02T01:01:04.695736+02:00
295928987,de:11000:900186001:2:52,0.0,2026-10-02T01:01:04.695736+02:00
295928987,de:11000:900193002:1:51,-0.2,2026-10-02T01:01:04.695736+02:00
295928987,de:11000:900193001:2:51,-0.8,2026-10-02T01:01:04.695736+02:00
295928987,de:11000:900192001:3:55,-0.7,2026-10-02T01:01:04.695736+02:00
295928987,de:11000:900191001:1:50,-0.4,2026-10-02T01:01:04.695736+02:00
295928987,de:11000:900077155:1:50,-0.9,2026-10-02T01:01:04.695736+02:00
295928987,de:11000:900078201:1:50,-0.9,2026-10-02T01:01:04.695736+02:00
295928987,de:11000:900079221:1:50,-0.7,2026-10-02T01:01:04.695736+02:00
295928974,de:11000:900186001:2:52,0.0,2026-10-02T01:01:04.695736+02:00
295928974,de:11000:900193002:1:51,-0.2,2026-10-02T01:01:04.695736+02:00
295928974,de:11000:900193001:2:51,-0.8,2026-10-02T01:01:04.695736+02:00
295928974,de:11000:900192001:3:55,-0.7,2026-10-02T01:01:04.695736+02:00
295928974,de:11000:900191001:1:50,-0.4,2026-10-02T01:01:04.695736+02:00
295928974,de:11000:900077155:1:50,-0.9,2026-10-02T01:01:04.695736+02:00
295928974,de:11000:900078201:1:50,-0.9,2026-10-02T01:01:04.695736+02:00
295928974,de:11000:900079221:1:50,-0.7,2026-10-02T01:01:04.695736+02:00
295928923,de:11000:900079221:1:51,0.0,2026-10-02T01:01:04.695736+02:00
295928923,de:11000:900078201:1:51,-0.6,2026-10-02T01:01:04.695736+02:00
295928923,de:11000:900077155:1:51,-0.2,2026-10-02T01:01:04.695736+02:00
295928923,de:11000:900191001:2:51,-0.7,2026-10-02T01:01:04.695736+02:00
295928923,de:11000:900192001:2:52,-0.7,2026-10-02T01:01:04.695736+02:00
295928923,de:11000:900193001:1:50,-0.2,2026-10-02T01:01:04.695736+02:00
295928923,de:11000:900193002:1:50,-0.8,2026-10-02T01:01:04.695736+02:00
295928923,de:11000:900186001:1:51,-0.8,2026-10-02T01:01:04.695736+02:00
295933111,de:11000:900180003:1:50,0.0,2026-10-02T01:01:04.695736+02:00
295933111,de:11000:900192002:1:50,-0.4,2026-10-02T01:01:04.695736+02:00
295933111,de:11000:900192001:3:54,-0.2,2026-10-02T01:01:04.695736+02:00
295933111,de:11000:900191001:1:50,-0.9,2026-10-02T01:01:04.695736+02:00
295933111,de:11000:900077155:1:50,-0.4,2026-10-02T01:01:04.695736+02:00
295933111,de:11000:900078201:1:50,-0.9,2026-10-02T01:01:04.695736+02:00
295933111,de:11000:900079221:1:50,-0.7,2026-10-02T01:01:04.695736+02:00
295933111,de:11000:900068201:1:50,-0.3,2026-10-02T01:01:04.695736+02:00
295933111,de:11000:900058101:5:58,-0.6,2026-10-02T01:01:04.695736+02:00
306896123,de:12067:900311043::1,0.0,2026-10-02T01:01:04.695736+02:00
306896123,de:12067:900311042::2,0.0,2026-10-02T01:01:04.695736+02:00
306896123,de:12067:900310953::2,0.0,2026-10-02T01:01:04.695736+02:00
306896123,de:12067:900310954::2,0.0,2026-10-02T01:01:04.695736+02:00
306896123,de:12067:900310956::2,0.0,2026-10-02T01:01:04.695736+02:00
306896123,de:12067:900310951::2,0.0,2026-10-02T01:01:04.695736+02:00
306896123,de:12067:900310949::2,0.0,2026-10-02T01:01:04.695736+02:00
307302032,de:11000:900160004:1:51,0.0,2026-10-02T01:01:04.695736+02:00
307302032,de:11000:900160003:1:51,-0.9,2026-10-02T01:01:04.695736+02:00
307302032,de:11000:900120003:3:54,-0.4,2026-10-02T01:01:04.695736+02:00
307302032,de:11000:900120004:2:53,-0.2,2026-10-02T01:01:04.695736+02:00
307302032,de:11000:900120005:5:58,-0.5,2026-10-02T01:01:04.695736+02:00
307302032,de:11000:900100004:1:51,0.0,2026-10-02T01:01:04.695736+02:00
307302032,de:11000:900100003:2:53,0.0,2026-10-02T01:01:04.695736+02:00
307302032,de:11000:900100002:1:51,0.0,2026-10-02T01:01:04.695736+02:00
307302032,de:11000:900100001:3:55,0.0,2026-10-02T01:01:04.695736+02:00
307302032,de:11000:900003201:3:55,-0.7,2026-10-02T01:01:04.695736+02:00
307302032,de:11000:900003102:1:51,-0.4,2026-10-02T01:01:04.695736+02:00
307302032,de:11000:900003103:1:51,-0.4,2026-10-02T01:01:04.695736+02:00
307302032,de:11000:900023201:3:55,-0.3,2026-10-02T01:01:04.695736+02:00
307302032,de:11000:900024203:1:51,-0.3,2026-10-02T01:01:04.695736+02:00
307302032,de:11000:900024101:4:57,-0.3,2026-10-02T01:01:04.695736+02:00
307302032,de:11000:900024102:1:51,-0.6,2026-10-02T01:01:04.695736+02:00
295936943,de:12064:900320001:1:50,0.0,2026-10-02T01:01:04.695736+02:00
295936943,de:12064:900320002:1:50,-0.3,2026-10-02T01:01:04.695736+02:00
295936943,de:12064:900320003:1:50,-0.1,2026-10-02T01:01:04.695736+02:00
295936943,de:12064:900320004:2:51,-0.8,2026-10-02T01:01:04.695736+02:00
295936943,de:12064:900320005:1:50,0.0,2026-10-02T01:01:04.695736+02:00
295936943,de:12064:900320006:1:51,-0.8,2026-10-02T01:01:04.695736+02:00
295936943,de:12064:900320007:1:50,-0.8,2026-10-02T01:01:04.695736+02:00
295936943,de:12064:900320008:1:51,-0.5,2026-10-02T01:01:04.695736+02:00
295936943,de:12064:900320026:1:50,-0.3,2026-10-02T01:01:04.695736+02:00
295936943,de:11000:900176001:1:51,-0.7,2026-10-02T01:01:04.695736+02:00
295936943,de:11000:900175002:1:50,-0.7,2026-10-02T01:01:04.695736+02:00
295936943,de:11000:900175001:1:50,-0.6,2026-10-02T01:01:04.695736+02:00
295936943,de:11000:900171001:1:50,-0.3,2026-10-02T01:01:04.695736+02:00
295936943,de:11000:900171002:1:51,-0.4,2026-10-02T01:01:04.695736+02:00
295936943,de:11000:900160004:1:51,-0.8,2026-10-02T01:01:04.695736+02:00
295936943,de:11000:900160003:1:51,-0.9,2026-10-02T01:01:04.695736+02:00
295936943,de:11000:900120003:3:55,-0.1,2026-10-02T01:01:04.695736+02:00
295936943,de:11000:900120004:2:53,-0.6,2026-10-02T01:01:04.695736+02:00
295936943,de:11000:900120005:5:58,-0.9,2026-10-02T01:01:04.695736+02:00
295936943,de:11000:900100004:1:51,-0.4,2026-10-02T01:01:04.695736+02:00
295936943,de:11000:900100003:2:53,-0.4,2026-10-02T01:01:04.695736+02:00
295936943,de:11000:900100002:1:51,-0.4,2026-10-02T01:01:04.695736+02:00
295936943,de:11000:900100001:3:55,-0.4,2026-10-02T01:01:04.695736+02:00
295936943,de:11000:900003201:3:55,-0.1,2026-10-02T01:01:04.695736+02:00
295936943,de:11000:900003102:1:51,-0.8,2026-10-02T01:01:04.695736+02:00
295936943,de:11000:900003103:1:51,-0.9,2026-10-02T01:01:04.695736+02:00
295936943,de:11000:900023201:3:55,-0.8,2026-10-02T01:01:04.695736+02:00
295936943,de:11000:900024203:1:51,-0.8,2026-10-02T01:01:04.695736+02:00
295936943,de:11000:900024101:4:57,-0.8,2026-10-02T01:01:04.695736+02:00
295936943,de:11000:900024102:1:51,-0.1,2026-10-02T01:01:04.695736+02:00
295936926,de:12064:900320001:1:50,0.0,2026-10-02T01:01:04.695736+02:00
295936926,de:12064:900320002:1:50,-0.3,2026-10-02T01:01:04.695736+02:00
295936926,de:12064:900320003:1:50,-0.1,2026-10-02T01:01:04.695736+02:00
295936926,de:12064:900320004:2:51,-0.8,2026-10-02T01:01:04.695736+02:00
295936926,de:12064:900320005:1:50,0.0,2026-10-02T01:01:04.695736+02:00
295936926,de:12064:900320006:1:51,-0.8,2026-10-02T01:01:04.695736+02:00
295936926,de:12064:900320007:1:50,-0.8,2026-10-02T01:01:04.695736+02:00
295936926,de:12064:900320008:1:51,-0.5,2026-10-02T01:01:04.695736+02:00
295936926,de:12064:900320026:1:50,-0.3,2026-10-02T01:01:04.695736+02:00
295936926,de:11000:900176001:1:51,-0.7,2026-10-02T01:01:04.695736+02:00
295936926,de:11000:900175002:1:50,-0.7,2026-10-02T01:01:04.695736+02:00
295936926,de:11000:900175001:1:50,-0.6,2026-10-02T01:01:04.695736+02:00
295936926,de:11000:900171001:1:50,-0.3,2026-10-02T01:01:04.695736+02:00
295936926,de:11000:900171002:1:51,-0.4,2026-10-02T01:01:04.695736+02:00
295936926,de:11000:900160004:1:51,-0.8,2026-10-02T01:01:04.695736+02:00
295936926,de:11000:900160003:1:51,-0.9,2026-10-02T01:01:04.695736+02:00
295936926,de:11000:900120003:3:55,-0.1,2026-10-02T01:01:04.695736+02:00
295936926,de:11000:900120004:2:53,-0.6,2026-10-02T01:01:04.695736+02:00
295936926,de:11000:900120005:5:58,-0.9,2026-10-02T01:01:04.695736+02:00
295936926,de:11000:900100004:1:51,-0.4,2026-10-02T01:01:04.695736+02:00
295936926,de:11000:900100003:2:53,-0.4,2026-10-02T01:01:04.695736+02:00
295936926,de:11000:900100002:1:51,-0.4,2026-10-02T01:01:04.695736+02:00
295936926,de:11000:900100001:3:55,-0.4,2026-10-02T01:01:04.695736+02:00
295936926,de:11000:900003201:3:55,-0.1,2026-10-02T01:01:04.695736+02:00
295936926,de:11000:900003102:1:51,-0.8,2026-10-02T01:01:04.695736+02:00
295936926,de:11000:900003103:1:51,-0.9,2026-10-02T01:01:04.695736+02:00
295936926,de:11000:900023201:3:55,-0.8,2026-10-02T01:01:04.695736+02:00
295936926,de:11000:900024203:1:51,-0.8,2026-10-02T01:01:04.695736+02:00
295936926,de:11000:900024101:4:57,-0.8,2026-10-02T01:01:04.695736+02:00
295936926,de:11000:900024102:1:51,-0.1,2026-10-02T01:01:04.695736+02:00
295940180,de:11000:900024102:2:52,0.0,2026-10-02T01:01:04.695736+02:00
295940180,de:11000:900024101:3:54,-0.8,2026-10-02T01:01:04.695736+02:00
295940180,de:11000:900024203:1:51,-0.8,2026-10-02T01:01:04.695736+02:00
295940180,de:11000:900023201:3:54,-0.7,2026-10-02T01:01:04.695736+02:00
295940180,de:11000:900003103:1:50,-0.8,2026-10-02T01:01:04.695736+02:00
295940180,de:11000:900003102:1:50,-0.9,2026-10-02T01:01:04.695736+02:00
295940180,de:11000:900003201:3:54,-0.5,2026-10-02T01:01:04.695736+02:00
295940180,de:11000:900100001:3:54,-0.1,2026-10-02T01:01:04.695736+02:00
295940180,de:11000:900100002:1:50,-0.4,2026-10-02T01:01:04.695736+02:00
295940180,de:11000:900100003:2:52,-0.1,2026-10-02T01:01:04.695736+02:00
295940180,de:11000:900100004:1:50,-0.4,2026-10-02T01:01:04.695736+02:00
295940180,de:11000:900120005:4:55,-0.6,2026-10-02T01:01:04.695736+02:00
295940180,de:11000:900120004:1:50,-0.1,2026-10-02T01:01:04.695736+02:00
295940180,de:11000:900120003:2:53,-0.4,2026-10-02T01:01:04.695736+02:00
295940180,de:11000:900160003:1:50,-0.7,2026-10-02T01:01:04.695736+02:00
295940180,de:11000:900160004:1:50,-0.7,2026-10-02T01:01:04.695736+02:00
295940180,de:11000:900171002:1:50,-0.2,2026-10-02T01:01:04.695736+02:00
295940180,de:11000:900171001:2:51,-0.3,2026-10-02T01:01:04.695736+02:00
295940180,de:11000:900175001:2:51,-0.5,2026-10-02T01:01:04.695736+02:00
295940180,de:11000:900175002:1:51,0.0,2026-10-02T01:01:04.695736+02:00
295940180,de:11000:900176001:2:52,-0.3,2026-10-02T01:01:04.695736+02:00
295940180,de:12064:900320026:1:51,-0.1,2026-10-02T01:01:04.695736+02:00
295940180,de:12064:900320008:1:50,-0.7,2026-10-02T01:01:04.695736+02:00
295942211,de:11000:900120004:1:51,0.0,2026-10-02T01:01:04.695736+02:00
295942211,de:11000:900120003:2:52,-0.9,2026-10-02T01:01:04.695736+02:00
295942211,de:11000:900160003:1:50,-0.7,2026-10-02T01:01:04.695736+02:00
295942211,de:11000:900160004:1:50,-0.7,2026-10-02T01:01:04.695736+02:00
295942211,de:11000:900171002:1:50,-0.2,2026-10-02T01:01:04.695736+02:00
295942211,de:11000:900171001:2:51,-0.3,2026-10-02T01:01:04.695736+02:00
295942211,de:11000:900175001:2:51,-0.5,2026-10-02T01:01:04.695736+02:00
295942211,de:11000:900175002:1:51,0.0,2026-10-02T01:01:04.695736+02:00
295942211,de:11000:900176001:1:50,-0.7,2026-10-02T01:01:04.695736+02:00
306896471,de:12067:900310001::3,0.0,2026-10-02T01:01:04.695736+02:00
306896471,de:12067:900310816::1,0.0,2026-10-02T01:01:04.695736+02:00
306896471,de:12067:900310627::1,0.0,2026-10-02T01:01:04.695736+02:00
306896471,de:12067:900310781::1,0.0,2026-10-02T01:01:04.695736+02:00
306896471,de:12067:900310822::1,0.0,2026-10-02T01:01:04.695736+02:00
306896471,de:12067:900310771::1,0.0,2026-10-02T01:01:04.695736+02:00
306896471,de:12067:900310811::1,0.0,2026-10-02T01:01:04.695736+02:00
306896471,de:12067:900310630::1,0.0,2026-10-02T01:01:04.695736+02:00
306896471,de:12067:900310812::1,0.0,2026-10-02T01:01:04.695736+02:00
306896471,de:12067:900310695::2,0.0,2026-10-02T01:01:04.695736+02:00
306896471,de:12067:900310769::1,0.0,2026-10-02T01:01:04.695736+02:00
306896471,de:12067:900310810::2,0.0,2026-10-02T01:01:04.695736+02:00
306896471,de:12067:900310972::1,0.0,2026-10-02T01:01:04.695736+02:00
306896471,de:12067:900310970::1,0.0,2026-10-02T01:01:04.695736+02:00
306896471,de:12067:900310105::1,0.0,2026-10-02T01:01:04.695736+02:00
306896471,de:12067:900310040::1,0.0,2026-10-02T01:01:04.695736+02:00
306896471,de:12067:900310109::1,0.0,2026-10-02T01:01:04.695736+02:00
306896471,de:12067:900310631::1,0.0,2026-10-02T01:01:04.695736+02:00
306896471,de:12067:900310106::1,0.0,2026-10-02T01:01:04.695736+02:00
306896471,de:12067:900310115::1,0.0,2026-10-02T01:01:04.695736+02:00
306896471,de:12067:900310119::1,0.0,2026-10-02T01:01:04.695736+02:00
306896471,de:12067:900310114::1,0.0,2026-10-02T01:01:04.695736+02:00
306896471,de:12067:900310103::1,0.0,2026-10-02T01:01:04.695736+02:00
306896471,de:12067:900310102::1,0.0,2026-10-02T01:01:04.695736+02:00
306896471,de:12067:900310104::1,0.0,2026-10-02T01:01:04.695736+02:00
306896471,de:12067:900310116::1,0.0,2026-10-02T01:01:04.695736+02:00
306896471,de:12067:900310113::1,0.0,2026-10-02T01:01:04.695736+02:00
306896471,de:12067:900310107::1,0.0,2026-10-02T01:01:04.695736+02:00
306896471,de:12067:900311082::1,0.0,2026-10-02T01:01:04.695736+02:00
306896471,de:12067:900310751::1,0.0,2026-10-02T01:01:04.695736+02:00
306896471,de:12067:900311077::1,0.0,2026-10-02T01:01:04.695736+02:00
306896471,de:12067:900311078::1,0.0,2026-10-02T01:01:04.695736+02:00
306896471,de:12067:900310613::1,0.0,2026-10-02T01:01:04.695736+02:00
295940262,de:12064:900320008:1:51,0.0,2026-10-02T01:01:04.695736+02:00
295940262,de:12064:900320026:1:50,-0.3,2026-10-02T01:01:04.695736+02:00
295940262,de:11000:900176001:1:51,-0.7,2026-10-02T01:01:04.695736+02:00
295940262,de:11000:900175002:1:50,-0.7,2026-10-02T01:01:04.695736+02:00
295940262,de:11000:900175001:1:50,-0.6,2026-10-02T01:01:04.695736+02:00
295940262,de:11000:900171001:1:50,-0.3,2026-10-02T01:01:04.695736+02:00
295940262,de:11000:900171002:1:51,-0.4,2026-10-02T01:01:04.695736+02:00
295940262,de:11000:900160004:1:51,-0.8,2026-10-02T01:01:04.695736+02:00
295940262,de:11000:900160003:1:51,-0.9,2026-10-02T01:01:04.695736+02:00
295940262,de:11000:900120003:3:55,-0.1,2026-10-02T01:01:04.695736+02:00
295940262,de:11000:900120004:2:53,-0.6,2026-10-02T01:01:04.695736+02:00
295940262,de:11000:900120005:5:58,-0.9,2026-10-02T01:01:04.695736+02:00
295940262,de:11000:900100004:1:51,-0.4,2026-10-02T01:01:04.695736+02:00
295940262,de:11000:900100003:2:53,-0.4,2026-10-02T01:01:04.695736+02:00
295940262,de:11000:900100002:1:51,-0.4,2026-10-02T01:01:04.695736+02:00
295940262,de:11000:900100001:3:55,-0.4,2026-10-02T01:01:04.695736+02:00
295940262,de:11000:900003201:3:55,-0.1,2026-10-02T01:01:04.695736+02:00
295940262,de:11000:900003102:1:51,-0.8,2026-10-02T01:01:04.695736+02:00
295940262,de:11000:900003103:1:51,-0.9,2026-10-02T01:01:04.695736+02:00
295940262,de:11000:900023201:3:55,-0.8,2026-10-02T01:01:04.695736+02:00
295940262,de:11000:900024203:1:51,-0.8,2026-10-02T01:01:04.695736+02:00
295940262,de:11000:900024101:4:57,-0.8,2026-10-02T01:01:04.695736+02:00
295940262,de:11000:900024102:1:51,-0.1,2026-10-02T01:01:04.695736+02:00
295940164,de:11000:900024102:2:52,0.0,2026-10-02T01:01:04.695736+02:00
295940164,de:11000:900024101:3:54,-0.8,2026-10-02T01:01:04.695736+02:00
295940164,de:11000:900024203:1:51,-0.8,2026-10-02T01:01:04.695736+02:00
295940164,de:11000:900023201:3:54,-0.7,2026-10-02T01:01:04.695736+02:00
295940164,de:11000:900003103:1:50,-0.8,2026-10-02T01:01:04.695736+02:00
295940164,de:11000:900003102:1:50,-0.9,2026-10-02T01:01:04.695736+02:00
295940164,de:11000:900003201:3:54,-0.5,2026-10-02T01:01:04.695736+02:00
295940164,de:11000:900100001:3:54,-0.1,2026-10-02T01:01:04.695736+02:00
295940164,de:11000:900100002:1:50,-0.4,2026-10-02T01:01:04.695736+02:00
295940164,de:11000:900100003:2:52,-0.1,2026-10-02T01:01:04.695736+02:00
295940164,de:11000:900100004:1:50,-0.4,2026-10-02T01:01:04.695736+02:00
295940164,de:11000:900120005:4:55,-0.6,2026-10-02T01:01:04.695736+02:00
295940164,de:11000:900120004:1:50,-0.1,2026-10-02T01:01:04.695736+02:00
295940164,de:11000:900120003:2:53,-0.4,2026-10-02T01:01:04.695736+02:00
295940164,de:11000:900160003:1:50,-0.7,2026-10-02T01:01:04.695736+02:00
295940164,de:11000:900160004:1:50,-0.7,2026-10-02T01:01:04.695736+02:00
295940164,de:11000:900171002:1:50,-0.2,2026-10-02T01:01:04.695736+02:00
295940164,de:11000:900171001:2:51,-0.3,2026-10-02T01:01:04.695736+02:00
295940164,de:11000:900175001:2:51,-0.5,2026-10-02T01:01:04.695736+02:00
295940164,de:11000:900175002:1:51,0.0,2026-10-02T01:01:04.695736+02:00
295940164,de:11000:900176001:2:52,-0.3,2026-10-02T01:01:04.695736+02:00
295940164,de:12064:900320026:1:51,-0.1,2026-10-02T01:01:04.695736+02:00
295940164,de:12064:900320008:1:50,-0.7,2026-10-02T01:01:04.695736+02:00
307420166,de:12073:900340027:1:50,0.0,2026-10-02T01:01:04.695736+02:00
307420166,de:12073:900340026:1:50,0.0,2026-10-02T01:01:04.695736+02:00
307420166,de:12073:900340353:1:50,0.0,2026-10-02T01:01:04.695736+02:00
307420166,de:12065:900203956:1:50,0.0,2026-10-02T01:01:04.695736+02:00
307420166,de:12065:900203898:1:50,0.0,2026-10-02T01:01:04.695736+02:00
307420166,de:12065:900203853:2:51,0.0,2026-10-02T01:01:04.695736+02:00
307420166,de:12065:900203942:1:50,0.0,2026-10-02T01:01:04.695736+02:00
307420166,de:12065:900203780:2:52,0.0,2026-10-02T01:01:04.695736+02:00
307420166,de:12065:900203961:1:51,0.0,2026-10-02T01:01:04.695736+02:00
307420166,de:12065:900200043:2:51,0.0,2026-10-02T01:01:04.695736+02:00
307420166,de:12065:900200041:2:51,0.0,2026-10-02T01:01:04.695736+02:00
307420166,de:12065:900200005:2:2,0.0,2026-10-02T01:01:04.695736+02:00
307420166,de:11000:900152001:3:53,0.0,2026-10-02T01:01:04.695736+02:00
307420166,de:11000:900160004:3:55,0.0,2026-10-02T01:01:04.695736+02:00
307420166,de:11000:900120003:7:61,0.0,2026-10-02T01:01:04.695736+02:00
306895197,de:12067:900311129::1,0.0,2026-10-02T01:01:04.695736+02:00
306895197,de:12067:900310755::1,0.0,2026-10-02T01:01:04.695736+02:00
306895197,de:12067:900310738::1,0.0,2026-10-02T01:01:04.695736+02:00
306895197,de:12067:900310725::1,0.0,2026-10-02T01:01:04.695736+02:00
306895197,de:12067:900310909::1,0.0,2026-10-02T01:01:04.695736+02:00
306895197,de:12067:900310609::1,0.0,2026-10-02T01:01:04.695736+02:00
306895197,de:12067:900310060::2,0.0,2026-10-02T01:01:04.695736+02:00
306895197,de:12067:900310858::3,0.0,2026-10-02T01:01:04.695736+02:00
306895197,de:12067:900311269::2,0.0,2026-10-02T01:01:04.695736+02:00
306895197,de:12067:900311228::2,0.0,2026-10-02T01:01:04.695736+02:00
306895197,de:12067:900311239::2,0.0,2026-10-02T01:01:04.695736+02:00
306895197,de:12067:900311227::1,0.0,2026-10-02T01:01:04.695736+02:00
306895197,de:12067:900311402::1,0.0,2026-10-02T01:01:04.695736+02:00
306895197,de:12067:900311311::2,0.0,2026-10-02T01:01:04.695736+02:00
306895197,de:12067:900311312::2,0.0,2026-10-02T01:01:04.695736+02:00
306895197,de:12067:900311383::3,0.0,2026-10-02T01:01:04.695736+02:00
306895197,de:12067:900311315::2,0.0,2026-10-02T01:01:04.695736+02:00
306895197,de:12067:900311348::2,0.0,2026-10-02T01:01:04.695736+02:00
306895197,de:12067:900311308::4,0.0,2026-10-02T01:01:04.695736+02:00
306895236,de:12067:900311129::2,0.0,2026-10-02T01:01:04.695736+02:00
306895236,de:12067:900310755::1,0.0,2026-10-02T01:01:04.695736+02:00
306895236,de:12067:900310738::1,0.0,2026-10-02T01:01:04.695736+02:00
306895236,de:12067:900310725::1,0.0,2026-10-02T01:01:04.695736+02:00
306895236,de:12067:900310714::2,0.0,2026-10-02T01:01:04.695736+02:00
306895236,de:12067:900310911::1,0.0,2026-10-02T01:01:04.695736+02:00
306895236,de:12067:900310918::1,0.0,2026-10-02T01:01:04.695736+02:00
306895236,de:12067:900310765::1,0.0,2026-10-02T01:01:04.695736+02:00
306895236,de:12067:900310926::2,0.0,2026-10-02T01:01:04.695736+02:00
306895236,de:12067:900310859::1,0.0,2026-10-02T01:01:04.695736+02:00
306895236,de:12067:900311073::1,0.0,2026-10-02T01:01:04.695736+02:00
306895236,de:12067:900311075::1,0.0,2026-10-02T01:01:04.695736+02:00
306895236,de:12067:900311074::2,0.0,2026-10-02T01:01:04.695736+02:00
306895236,de:12067:900310840::1,0.0,2026-10-02T01:01:04.695736+02:00
306895236,de:12067:900311094::2,0.0,2026-10-02T01:01:04.695736+02:00
306895236,de:12067:900311071::2,0.0,2026-10-02T01:01:04.695736+02:00
306895236,de:12067:900311070::2,0.0,2026-10-02T01:01:04.695736+02:00
306895236,de:12067:900310901::2,0.0,2026-10-02T01:01:04.695736+02:00
306895236,de:12067:900311471::2,0.0,2026-10-02T01:01:04.695736+02:00
306895236,de:12067:900311473::2,0.0,2026-10-02T01:01:04.695736+02:00
306895236,de:12067:900311318::2,0.0,2026-10-02T01:01:04.695736+02:00
306895236,de:12067:900311320::2,0.0,2026-10-02T01:01:04.695736+02:00
306895236,de:12067:900311305::2,0.0,2026-10-02T01:01:04.695736+02:00
306895236,de:12067:900311383::4,0.0,2026-10-02T01:01:04.695736+02:00
306895236,de:12067:900311315::2,0.0,2026-10-02T01:01:04.695736+02:00
306895236,de:12067:900311348::2,0.0,2026-10-02T01:01:04.695736+02:00
306895236,de:12067:900311308::4,0.0,2026-10-02T01:01:04.695736+02:00
295946165,de:12054:900230999:3:55,0.0,2026-10-02T01:01:04.695736+02:00
295946165,de:12054:900230000:1:50,-0.3,2026-10-02T01:01:04.695736+02:00
295946165,de:12054:900230003:1:54,-0.3,2026-10-02T01:01:04.695736+02:00
295946165,de:11000:900053301:2:53,-0.4,2026-10-02T01:01:04.695736+02:00
295946165,de:11000:900052201:2:53,-0.7,2026-10-02T01:01:04.695736+02:00
295946165,de:11000:900048101:2:53,-0.9,2026-10-02T01:01:04.695736+02:00
295946165,de:11000:900024102:2:53,-0.9,2026-10-02T01:01:04.695736+02:00
295946165,de:11000:900024101:3:55,-0.3,2026-10-02T01:01:04.695736+02:00
295946165,de:11000:900024203:1:51,-0.3,2026-10-02T01:01:04.695736+02:00
295946165,de:11000:900023201:3:54,-0.2,2026-10-02T01:01:04.695736+02:00
295946165,de:11000:900003103:1:50,-0.3,2026-10-02T01:01:04.695736+02:00
295946165,de:11000:900003102:1:50,-0.4,2026-10-02T01:01:04.695736+02:00
295946165,de:11000:900003201:3:54,0.0,2026-10-02T01:01:04.695736+02:00
295946165,de:11000:900100001:3:54,-0.6,2026-10-02T01:01:04.695736+02:00
295946165,de:11000:900100002:1:50,-0.9,2026-10-02T01:01:04.695736+02:00
295946165,de:11000:900100003:2:52,-0.6,2026-10-02T01:01:04.695736+02:00
295946165,de:11000:900100004:1:50,-0.9,2026-10-02T01:01:04.695736+02:00
295946165,de:11000:900120005:4:55,-0.1,2026-10-02T01:01:04.695736+02:00
295946165,de:11000:900120004:1:50,-0.6,2026-10-02T01:01:04.695736+02:00
295946165,de:11000:900120003:2:53,-0.9,2026-10-02T01:01:04.695736+02:00
295946165,de:11000:900160003:1:50,-0.2,2026-10-02T01:01:04.695736+02:00
295946165,de:11000:900160004:1:50,-0.2,2026-10-02T01:01:04.695736+02:00
295946165,de:11000:900171002:1:50,-0.7,2026-10-02T01:01:04.695736+02:00
295946165,de:11000:900171003:1:50,-0.8,2026-10-02T01:01:04.695736+02:00
295946165,de:11000:900170005:1:50,-0.3,2026-10-02T01:01:04.695736+02:00
295946165,de:11000:900170001:1:50,-0.1,2026-10-02T01:01:04.695736+02:00
295946165,de:11000:900170002:1:50,-0.9,2026-10-02T01:01:04.695736+02:00
295946165,de:11000:900170003:1:50,-0.7,2026-10-02T01:01:04.695736+02:00
295946165,de:11000:900170004:1:50,-0.9,2026-10-02T01:01:04.695736+02:00
295946291,de:11000:900170004:1:50,0.0,2026-10-02T01:01:04.695736+02:00
295946291,de:11000:900170003:1:51,-0.3,2026-10-02T01:01:04.695736+02:00
295946291,de:11000:900170002:1:51,-0.1,2026-10-02T01:01:04.695736+02:00
295946291,de:11000:900170001:1:51,-0.9,2026-10-02T01:01:04.695736+02:00
295946291,de:11000:900170005:1:51,-0.7,2026-10-02T01:01:04.695736+02:00
295946291,de:11000:900171003:1:51,-0.6,2026-10-02T01:01:04.695736+02:00
295946291,de:11000:900171002:1:51,-0.9,2026-10-02T01:01:04.695736+02:00
295946291,de:11000:900160004:1:51,-0.3,2026-10-02T01:01:04.695736+02:00
295946291,de:11000:900160003:1:51,-0.4,2026-10-02T01:01:04.695736+02:00
295946291,de:11000:900120003:3:55,-0.6,2026-10-02T01:01:04.695736+02:00
295946291,de:11000:900120004:2:53,-0.1,2026-10-02T01:01:04.695736+02:00
295946291,de:11000:900120005:5:58,-0.4,2026-10-02T01:01:04.695736+02:00
295946291,de:11000:900100004:1:51,-0.9,2026-10-02T01:01:04.695736+02:00
295946291,de:11000:900100003:2:53,-0.9,2026-10-02T01:01:04.695736+02:00
295946291,de:11000:900100002:1:51,-0.9,2026-10-02T01:01:04.695736+02:00
295946291,de:11000:900100001:3:55,-0.9,2026-10-02T01:01:04.695736+02:00
295946291,de:11000:900003201:3:55,-0.6,2026-10-02T01:01:04.695736+02:00
295946291,de:11000:900003102:1:51,-0.3,2026-10-02T01:01:04.695736+02:00
295946291,de:11000:900003103:1:51,-0.4,2026-10-02T01:01:04.695736+02:00
295946291,de:11000:900023201:3:55,-0.3,2026-10-02T01:01:04.695736+02:00
295946291,de:11000:900024203:1:51,-0.3,2026-10-02T01:01:04.695736+02:00
295946291,de:11000:900024101:4:57,-0.3,2026-10-02T01:01:04.695736+02:00
295946291,de:11000:900024102:1:50,-0.6,2026-10-02T01:01:04.695736+02:00
295946291,de:11000:900048101:1:50,-0.8,2026-10-02T01:01:04.695736+02:00
295946291,de:11000:900052201:2:52,0.0,2026-10-02T01:01:04.695736+02:00
295946291,de:11000:900053301:1:50,-0.4,2026-10-02T01:01:04.695736+02:00
295946291,de:12054:900230003:1:50,-0.4,2026-10-02T01:01:04.695736+02:00
295946291,de:12054:900230000:1:51,-0.4,2026-10-02T01:01:04.695736+02:00
295946291,de:12054:900230999:3:55,-0.9,2026-10-02T01:01:04.695736+02:00
295946184,de:12054:900230999:3:54,0.0,2026-10-02T01:01:04.695736+02:00
295946184,de:12054:900230000:1:50,-0.3,2026-10-02T01:01:04.695736+02:00
295946184,de:12054:900230003:1:54,-0.3,2026-10-02T01:01:04.695736+02:00
295946184,de:11000:900053301:2:53,-0.4,2026-10-02T01:01:04.695736+02:00
295946184,de:11000:900052201:2:53,-0.7,2026-10-02T01:01:04.695736+02:00
295946184,de:11000:900048101:2:53,-0.9,2026-10-02T01:01:04.695736+02:00
295946184,de:11000:900024102:2:53,-0.9,2026-10-02T01:01:04.695736+02:00
295946184,de:11000:900024101:3:55,-0.3,2026-10-02T01:01:04.695736+02:00
295946184,de:11000:900024203:1:51,-0.3,2026-10-02T01:01:04.695736+02:00
295946184,de:11000:900023201:3:54,-0.2,2026-10-02T01:01:04.695736+02:00
295946184,de:11000:900003103:1:50,-0.3,2026-10-02T01:01:04.695736+02:00
295946184,de:11000:900003102:1:50,-0.4,2026-10-02T01:01:04.695736+02:00
295946184,de:11000:900003201:3:54,0.0,2026-10-02T01:01:04.695736+02:00
295946184,de:11000:900100001:3:54,-0.6,2026-10-02T01:01:04.695736+02:00
295946184,de:11000:900100002:1:50,-0.9,2026-10-02T01:01:04.695736+02:00
295946184,de:11000:900100003:2:52,-0.6,2026-10-02T01:01:04.695736+02:00
295946184,de:11000:900100004:1:50,-0.9,2026-10-02T01:01:04.695736+02:00
295946184,de:11000:900120005:4:55,-0.1,2026-10-02T01:01:04.695736+02:00
295946184,de:11000:900120004:1:50,-0.6,2026-10-02T01:01:04.695736+02:00
295946184,de:11000:900120003:2:53,-0.9,2026-10-02T01:01:04.695736+02:00
295946184,de:11000:900160003:1:50,-0.2,2026-10-02T01:01:04.695736+02:00
295946184,de:11000:900160004:1:50,-0.2,2026-10-02T01:01:04.695736+02:00
295946184,de:11000:900171002:1:50,-0.7,2026-10-02T01:01:04.695736+02:00
295946184,de:11000:900171003:1:50,-0.8,2026-10-02T01:01:04.695736+02:00
295946184,de:11000:900170005:1:50,-0.3,2026-10-02T01:01:04.695736+02:00
295946184,de:11000:900170001:1:50,-0.1,2026-10-02T01:01:04.695736+02:00
295946184,de:11000:900170002:1:50,-0.9,2026-10-02T01:01:04.695736+02:00
295946184,de:11000:900170003:1:50,-0.7,2026-10-02T01:01:04.695736+02:00
295946184,de:11000:900170004:1:50,-0.9,2026-10-02T01:01:04.695736+02:00
295946170,de:12054:900230999:3:54,0.0,2026-10-02T01:01:04.695736+02:00
295946170,de:12054:900230000:1:50,-0.3,2026-10-02T01:01:04.695736+02:00
295946170,de:12054:900230003:1:54,-0.3,2026-10-02T01:01:04.695736+02:00
295946170,de:11000:900053301:2:53,-0.4,2026-10-02T01:01:04.695736+02:00
295946170,de:11000:900052201:2:53,-0.7,2026-10-02T01:01:04.695736+02:00
295946170,de:11000:900048101:2:53,-0.9,2026-10-02T01:01:04.695736+02:00
295946170,de:11000:900024102:2:53,-0.9,2026-10-02T01:01:04.695736+02:00
295946170,de:11000:900024101:3:55,-0.3,2026-10-02T01:01:04.695736+02:00
295946170,de:11000:900024203:1:51,-0.3,2026-10-02T01:01:04.695736+02:00
295946170,de:11000:900023201:3:54,-0.2,2026-10-02T01:01:04.695736+02:00
295946170,de:11000:900003103:1:50,-0.3,2026-10-02T01:01:04.695736+02:00
295946170,de:11000:900003102:1:50,-0.4,2026-10-02T01:01:04.695736+02:00
295946170,de:11000:900003201:3:54,0.0,2026-10-02T01:01:04.695736+02:00
295946170,de:11000:900100001:3:54,-0.6,2026-10-02T01:01:04.695736+02:00
295946170,de:11000:900100002:1:50,-0.9,2026-10-02T01:01:04.695736+02:00
295946170,de:11000:900100003:2:52,-0.6,2026-10-02T01:01:04.695736+02:00
295946170,de:11000:900100004:1:50,-0.9,2026-10-02T01:01:04.695736+02:00
295946170,de:11000:900120005:4:55,-0.1,2026-10-02T01:01:04.695736+02:00
295946170,de:11000:900120004:1:50,-0.6,2026-10-02T01:01:04.695736+02:00
295946170,de:11000:900120003:2:53,-0.9,2026-10-02T01:01:04.695736+02:00
295946170,de:11000:900160003:1:50,-0.2,2026-10-02T01:01:04.695736+02:00
295946170,de:11000:900160004:1:50,-0.2,2026-10-02T01:01:04.695736+02:00
295946170,de:11000:900171002:1:50,-0.7,2026-10-02T01:01:04.695736+02:00
295946170,de:11000:900171003:1:50,-0.8,2026-10-02T01:01:04.695736+02:00
295946170,de:11000:900170005:1:50,-0.3,2026-10-02T01:01:04.695736+02:00
295946170,de:11000:900170001:1:50,-0.1,2026-10-02T01:01:04.695736+02:00
295946170,de:11000:900170002:1:50,-0.9,2026-10-02T01:01:04.695736+02:00
295946170,de:11000:900170003:1:50,-0.7,2026-10-02T01:01:04.695736+02:00
295946170,de:11000:900170004:1:50,-0.9,2026-10-02T01:01:04.695736+02:00
306895431,de:12067:900311083::3,0.0,2026-10-02T01:01:04.695736+02:00
306895431,de:12067:900310775::1,0.0,2026-10-02T01:01:04.695736+02:00
306895431,de:12067:900311083::2,0.0,2026-10-02T01:01:04.695736+02:00
306895431,de:12067:900310814::2,0.0,2026-10-02T01:01:04.695736+02:00
306895431,de:12067:900310628::2,0.0,2026-10-02T01:01:04.695736+02:00
306895431,de:12067:900310793::2,0.0,2026-10-02T01:01:04.695736+02:00
306895431,de:12067:900310774::1,0.0,2026-10-02T01:01:04.695736+02:00
306895431,de:12067:900310792::1,0.0,2026-10-02T01:01:04.695736+02:00
306895431,de:12067:900310825::1,0.0,2026-10-02T01:01:04.695736+02:00
306895431,de:12067:900310809::2,0.0,2026-10-02T01:01:04.695736+02:00
306895431,de:12067:900310787::2,0.0,2026-10-02T01:01:04.695736+02:00
306895431,de:12067:900310790::2,0.0,2026-10-02T01:01:04.695736+02:00
306895431,de:12067:900310788::2,0.0,2026-10-02T01:01:04.695736+02:00
306895431,de:12067:900310696::2,0.0,2026-10-02T01:01:04.695736+02:00
306895431,de:12067:900310001::11,0.0,2026-10-02T01:01:04.695736+02:00
306895431,de:12067:900310001::2,0.0,2026-10-02T01:01:04.695736+02:00
306895431,de:12067:900310816::1,0.0,2026-10-02T01:01:04.695736+02:00
306895431,de:12067:900310627::1,0.0,2026-10-02T01:01:04.695736+02:00
306895431,de:12067:900310781::1,0.0,2026-10-02T01:01:04.695736+02:00
306895431,de:12067:900310822::1,0.0,2026-10-02T01:01:04.695736+02:00
306895431,de:12067:900310808::1,0.0,2026-10-02T01:01:04.695736+02:00
306895431,de:12067:900310779::1,0.0,2026-10-02T01:01:04.695736+02:00
306895431,de:12067:900310995::1,0.0,2026-10-02T01:01:04.695736+02:00
306895431,de:12067:900311104::1,0.0,2026-10-02T01:01:04.695736+02:00
306895431,de:12067:900310784::1,0.0,2026-10-02T01:01:04.695736+02:00
306895431,de:12067:900310786::1,0.0,2026-10-02T01:01:04.695736+02:00
306895431,de:12067:900310768::1,0.0,2026-10-02T01:01:04.695736+02:00
306895431,de:12067:900310023::1,0.0,2026-10-02T01:01:04.695736+02:00
306895431,de:12067:900310778::1,0.0,2026-10-02T01:01:04.695736+02:00
306895431,de:12067:900310806::1,0.0,2026-10-02T01:01:04.695736+02:00
306895431,de:12067:900310812::1,0.0,2026-10-02T01:01:04.695736+02:00
306895431,de:12067:900310770::1,0.0,2026-10-02T01:01:04.695736+02:00
306895431,de:12067:900310010::3,0.0,2026-10-02T01:01:04.695736+02:00
306895431,de:12067:900310880::1,0.0,2026-10-02T01:01:04.695736+02:00
306895431,de:12067:900310815::1,0.0,2026-10-02T01:01:04.695736+02:00
306895431,de:12067:900310807::1,0.0,2026-10-02T01:01:04.695736+02:00
306895432,de:12067:900311083::3,0.0,2026-10-02T01:01:04.695736+02:00
306895432,de:12067:900310775::1,0.0,2026-10-02T01:01:04.695736+02:00
306895432,de:12067:900311083::2,0.0,2026-10-02T01:01:04.695736+02:00
306895432,de:12067:900310814::2,0.0,2026-10-02T01:01:04.695736+02:00
306895432,de:12067:900310628::2,0.0,2026-10-02T01:01:04.695736+02:00
306895432,de:12067:900310793::2,0.0,2026-10-02T01:01:04.695736+02:00
306895432,de:12067:900310774::1,0.0,2026-10-02T01:01:04.695736+02:00
306895432,de:12067:900310792::1,0.0,2026-10-02T01:01:04.695736+02:00
306895432,de:12067:900310825::1,0.0,2026-10-02T01:01:04.695736+02:00
306895432,de:12067:900310809::2,0.0,2026-10-02T01:01:04.695736+02:00
306895432,de:12067:900310787::2,0.0,2026-10-02T01:01:04.695736+02:00
306895432,de:12067:900310790::2,0.0,2026-10-02T01:01:04.695736+02:00
306895432,de:12067:900310788::2,0.0,2026-10-02T01:01:04.695736+02:00
306895432,de:12067:900310696::2,0.0,2026-10-02T01:01:04.695736+02:00
306895432,de:12067:900310001::11,0.0,2026-10-02T01:01:04.695736+02:00
306895432,de:12067:900310001::2,0.0,2026-10-02T01:01:04.695736+02:00
306895432,de:12067:900310816::1,0.0,2026-10-02T01:01:04.695736+02:00
306895432,de:12067:900310627::1,0.0,2026-10-02T01:01:04.695736+02:00
306895432,de:12067:900310781::1,0.0,2026-10-02T01:01:04.695736+02:00
306895432,de:12067:900310822::1,0.0,2026-10-02T01:01:04.695736+02:00
306895432,de:12067:900310808::1,0.0,2026-10-02T01:01:04.695736+02:00
306895432,de:12067:900310779::1,0.0,2026-10-02T01:01:04.695736+02:00
306895432,de:12067:900310995::1,0.0,2026-10-02T01:01:04.695736+02:00
306895432,de:12067:900311104::1,0.0,2026-10-02T01:01:04.695736+02:00
306895432,de:12067:900310784::1,0.0,2026-10-02T01:01:04.695736+02:00
306895432,de:12067:900310786::1,0.0,2026-10-02T01:01:04.695736+02:00
306895432,de:12067:900310768::1,0.0,2026-10-02T01:01:04.695736+02:00
306895432,de:12067:900310023::1,0.0,2026-10-02T01:01:04.695736+02:00
306895432,de:12067:900310778::1,0.0,2026-10-02T01:01:04.695736+02:00
306895432,de:12067:900310806::1,0.0,2026-10-02T01:01:04.695736+02:00
306895432,de:12067:900310812::1,0.0,2026-10-02T01:01:04.695736+02:00
306895432,de:12067:900310770::1,0.0,2026-10-02T01:01:04.695736+02:00
306895432,de:12067:900310010::3,0.0,2026-10-02T01:01:04.695736+02:00
306895432,de:12067:900310880::1,0.0,2026-10-02T01:01:04.695736+02:00
306895432,de:12067:900310815::1,0.0,2026-10-02T01:01:04.695736+02:00
306895432,de:12067:900310807::1,0.0,2026-10-02T01:01:04.695736+02:00
295953438,de:11000:900120005:5:57,0.0,2026-10-02T01:01:04.695736+02:00
295953438,de:11000:900120004:1:50,-0.6,2026-10-02T01:01:04.695736+02:00
295953438,de:11000:900120003:2:53,-0.9,2026-10-02T01:01:04.695736+02:00
295953438,de:11000:900160003:1:50,-0.2,2026-10-02T01:01:04.695736+02:00
295953438,de:11000:900160004:1:50,-0.2,2026-10-02T01:01:04.695736+02:00
295953438,de:11000:900171002:1:50,-0.7,2026-10-02T01:01:04.695736+02:00
295953438,de:11000:900171003:1:50,-0.8,2026-10-02T01:01:04.695736+02:00
295953438,de:11000:900152002:1:50,-0.4,2026-10-02T01:01:04.695736+02:00
295953438,de:11000:900152001:1:50,-0.6,2026-10-02T01:01:04.695736+02:00
295953438,de:11000:900151001:1:51,-0.9,2026-10-02T01:01:04.695736+02:00
295953428,de:11000:900120005:4:56,0.0,2026-10-02T01:01:04.695736+02:00
295953428,de:11000:900120004:1:50,-0.6,2026-10-02T01:01:04.695736+02:00
295953428,de:11000:900120003:2:53,-0.9,2026-10-02T01:01:04.695736+02:00
295953428,de:11000:900160003:1:50,-0.2,2026-10-02T01:01:04.695736+02:00
295953428,de:11000:900160004:1:50,-0.2,2026-10-02T01:01:04.695736+02:00
295953428,de:11000:900171002:1:50,-0.7,2026-10-02T01:01:04.695736+02:00
295953428,de:11000:900171003:1:50,-0.8,2026-10-02T01:01:04.695736+02:00
295953428,de:11000:900152002:1:50,-0.4,2026-10-02T01:01:04.695736+02:00
295953428,de:11000:900152001:1:50,-0.6,2026-10-02T01:01:04.695736+02:00
295953428,de:11000:900151001:1:51,-0.9,2026-10-02T01:01:04.695736+02:00
295956010,de:11000:900120004:1:51,0.0,2026-10-02T01:01:04.695736+02:00
295956010,de:11000:900120003:2:52,-0.9,2026-10-02T01:01:04.695736+02:00
295956010,de:11000:900160003:1:50,-0.2,2026-10-02T01:01:04.695736+02:00
295956010,de:11000:900160004:1:50,-0.2,2026-10-02T01:01:04.695736+02:00
295956010,de:11000:900171002:1:50,-0.7,2026-10-02T01:01:04.695736+02:00
295956010,de:11000:900171003:1:50,-0.8,2026-10-02T01:01:04.695736+02:00
295956010,de:11000:900152002:1:50,-0.4,2026-10-02T01:01:04.695736+02:00
295956010,de:11000:900152001:1:50,-0.6,2026-10-02T01:01:04.695736+02:00
295956010,de:11000:900151001:1:50,-0.9,2026-10-02T01:01:04.695736+02:00
295956004,de:11000:900120004:1:51,0.0,2026-10-02T01:01:04.695736+02:00
295956004,de:11000:900120003:2:52,-0.9,2026-10-02T01:01:04.695736+02:00
295956004,de:11000:900160003:1:50,-0.2,2026-10-02T01:01:04.695736+02:00
295956004,de:11000:900160004:1:50,-0.2,2026-10-02T01:01:04.695736+02:00
295956004,de:11000:900171002:1:50,-0.7,2026-10-02T01:01:04.695736+02:00
295956004,de:11000:900171003:1:50,-0.8,2026-10-02T01:01:04.695736+02:00
295956004,de:11000:900152002:1:50,-0.4,2026-10-02T01:01:04.695736+02:00
295956004,de:11000:900152001:1:50,-0.6,2026-10-02T01:01:04.695736+02:00
295956004,de:11000:900151001:1:50,-0.9,2026-10-02T01:01:04.695736+02:00
295949526,de:11000:900170004:2:52,0.0,2026-10-02T01:01:04.695736+02:00
295949526,de:11000:900170003:1:51,-0.3,2026-10-02T01:01:04.695736+02:00
295949526,de:11000:900170002:1:51,-0.1,2026-10-02T01:01:04.695736+02:00
295949526,de:11000:900170001:1:51,-0.9,2026-10-02T01:01:04.695736+02:00
295949526,de:11000:900170005:1:51,-0.7,2026-10-02T01:01:04.695736+02:00
295949526,de:11000:900171003:1:51,-0.6,2026-10-02T01:01:04.695736+02:00
295949526,de:11000:900171002:1:51,-0.9,2026-10-02T01:01:04.695736+02:00
295949526,de:11000:900160004:1:51,-0.3,2026-10-02T01:01:04.695736+02:00
295949526,de:11000:900160003:1:51,-0.4,2026-10-02T01:01:04.695736+02:00
295949526,de:11000:900120003:3:55,-0.6,2026-10-02T01:01:04.695736+02:00
295949526,de:11000:900120004:2:53,-0.1,2026-10-02T01:01:04.695736+02:00
295949526,de:11000:900120005:5:58,-0.4,2026-10-02T01:01:04.695736+02:00
295949526,de:11000:900100004:1:51,-0.9,2026-10-02T01:01:04.695736+02:00
295949526,de:11000:900100003:2:53,-0.9,2026-10-02T01:01:04.695736+02:00
295949526,de:11000:900100002:1:51,-0.9,2026-10-02T01:01:04.695736+02:00
295949526,de:11000:900100001:3:55,-0.9,2026-10-02T01:01:04.695736+02:00
295949526,de:11000:900003201:3:55,-0.6,2026-10-02T01:01:04.695736+02:00
295949526,de:11000:900003102:1:51,-0.3,2026-10-02T01:01:04.695736+02:00
295949526,de:11000:900003103:1:51,-0.4,2026-10-02T01:01:04.695736+02:00
295949526,de:11000:900023201:3:55,-0.3,2026-10-02T01:01:04.695736+02:00
295949526,de:11000:900024203:1:51,-0.3,2026-10-02T01:01:04.695736+02:00
295949526,de:11000:900024101:4:57,-0.3,2026-10-02T01:01:04.695736+02:00
295949526,de:11000:900024102:1:50,-0.6,2026-10-02T01:01:04.695736+02:00
295949526,de:11000:900048101:1:50,-0.8,2026-10-02T01:01:04.695736+02:00
295949526,de:11000:900052201:2:52,0.0,2026-10-02T01:01:04.695736+02:00
295949526,de:11000:900053301:1:50,-0.4,2026-10-02T01:01:04.695736+02:00
295949526,de:12054:900230003:1:50,-0.4,2026-10-02T01:01:04.695736+02:00
295949526,de:12054:900230000:1:51,-0.4,2026-10-02T01:01:04.695736+02:00
295949526,de:12054:900230999:3:54,-0.9,2026-10-02T01:01:04.695736+02:00
295949441,de:12054:900230999:3:55,0.0,2026-10-02T01:01:04.695736+02:00
295949441,de:12054:900230000:1:50,-0.3,2026-10-02T01:01:04.695736+02:00
295949441,de:12054:900230003:1:54,-0.3,2026-10-02T01:01:04.695736+02:00
295949441,de:11000:900053301:2:53,-0.4,2026-10-02T01:01:04.695736+02:00
295949441,de:11000:900052201:2:53,-0.7,2026-10-02T01:01:04.695736+02:00
295949441,de:11000:900048101:2:53,-0.9,2026-10-02T01:01:04.695736+02:00
295949441,de:11000:900024102:2:53,-0.9,2026-10-02T01:01:04.695736+02:00
295949441,de:11000:900024101:3:55,-0.3,2026-10-02T01:01:04.695736+02:00
295949441,de:11000:900024203:1:51,-0.3,2026-10-02T01:01:04.695736+02:00
295949441,de:11000:900023201:3:54,-0.2,2026-10-02T01:01:04.695736+02:00
295949441,de:11000:900003103:1:50,-0.3,2026-10-02T01:01:04.695736+02:00
295949441,de:11000:900003102:1:50,-0.4,2026-10-02T01:01:04.695736+02:00
295949441,de:11000:900003201:3:54,0.0,2026-10-02T01:01:04.695736+02:00
295949441,de:11000:900100001:3:54,-0.6,2026-10-02T01:01:04.695736+02:00
295949441,de:11000:900100002:1:50,-0.9,2026-10-02T01:01:04.695736+02:00
295949441,de:11000:900100003:2:52,-0.6,2026-10-02T01:01:04.695736+02:00
295949441,de:11000:900100004:1:50,-0.9,2026-10-02T01:01:04.695736+02:00
295949441,de:11000:900120005:4:55,-0.1,2026-10-02T01:01:04.695736+02:00
295949441,de:11000:900120004:1:50,-0.6,2026-10-02T01:01:04.695736+02:00
295949441,de:11000:900120003:2:53,-0.9,2026-10-02T01:01:04.695736+02:00
295949441,de:11000:900160003:1:50,-0.2,2026-10-02T01:01:04.695736+02:00
295949441,de:11000:900160004:1:50,-0.2,2026-10-02T01:01:04.695736+02:00
295949441,de:11000:900171002:1:50,-0.7,2026-10-02T01:01:04.695736+02:00
295949441,de:11000:900171003:1:50,-0.8,2026-10-02T01:01:04.695736+02:00
295949441,de:11000:900170005:1:50,-0.3,2026-10-02T01:01:04.695736+02:00
295949441,de:11000:900170001:1:50,-0.1,2026-10-02T01:01:04.695736+02:00
295949441,de:11000:900170002:1:50,-0.9,2026-10-02T01:01:04.695736+02:00
295949441,de:11000:900170003:1:50,-0.7,2026-10-02T01:01:04.695736+02:00
295949441,de:11000:900170004:2:52,-0.9,2026-10-02T01:01:04.695736+02:00
295960008,de:11000:900142001:1:51,0.0,2026-10-02T01:01:04.695736+02:00
295960008,de:11000:900130001:1:51,-0.2,2026-10-02T01:01:04.695736+02:00
295960008,de:11000:900130002:1:51,-0.7,2026-10-02T01:01:04.695736+02:00
295960008,de:11000:900110011:1:51,-0.2,2026-10-02T01:01:04.695736+02:00
295960008,de:11000:900110001:1:50,-0.2,2026-10-02T01:01:04.695736+02:00
295960008,de:11000:900110002:1:50,-0.9,2026-10-02T01:01:04.695736+02:00
295960008,de:11000:900110003:1:50,-0.9,2026-10-02T01:01:04.695736+02:00
295960008,de:11000:900110004:1:50,-0.3,2026-10-02T01:01:04.695736+02:00
295960008,de:11000:900110012:1:50,-0.2,2026-10-02T01:01:04.695736+02:00
295960008,de:11000:900120001:1:50,-0.2,2026-10-02T01:01:04.695736+02:00
295960008,de:11000:900120003:5:58,-0.6,2026-10-02T01:01:04.695736+02:00
295960008,de:11000:900190001:1:50,-0.1,2026-10-02T01:01:04.695736+02:00
295960008,de:11000:900191002:1:50,0.0,2026-10-02T01:01:04.695736+02:00
295960008,de:11000:900191001:2:52,-0.4,2026-10-02T01:01:04.695736+02:00
295960008,de:11000:900192001:2:52,-0.2,2026-10-02T01:01:04.695736+02:00
295960008,de:11000:900193001:1:50,-0.7,2026-10-02T01:01:04.695736+02:00
295960008,de:11000:900193002:1:50,-0.3,2026-10-02T01:01:04.695736+02:00
295960008,de:11000:900186001:1:50,-0.3,2026-10-02T01:01:04.695736+02:00
295960008,de:12061:900260004:1:50,-0.7,2026-10-02T01:01:04.695736+02:00
295960008,de:12061:900260003:1:50,-0.9,2026-10-02T01:01:04.695736+02:00
295960008,de:12061:900260002:1:50,-0.9,2026-10-02T01:01:04.695736+02:00
295959971,de:12065:900200008:1:51,0.0,2026-10-02T01:01:04.695736+02:00
295959971,de:12065:900200009:1:51,-0.7,2026-10-02T01:01:04.695736+02:00
295959971,de:12065:900200011:1:51,-0.3,2026-10-02T01:01:04.695736+02:00
295959971,de:12065:900200012:1:51,-0.8,2026-10-02T01:01:04.695736+02:00
295959971,de:12065:900200013:1:50,-0.4,2026-10-02T01:01:04.695736+02:00
295959971,de:11000:900142001:1:51,-0.7,2026-10-02T01:01:04.695736+02:00
295959971,de:11000:900130001:1:51,-0.2,2026-10-02T01:01:04.695736+02:00
295959971,de:11000:900130002:1:51,-0.7,2026-10-02T01:01:04.695736+02:00
295959971,de:11000:900110011:1:51,-0.2,2026-10-02T01:01:04.695736+02:00
295959971,de:11000:900110001:1:50,-0.2,2026-10-02T01:01:04.695736+02:00
295959971,de:11000:900110002:1:50,-0.9,2026-10-02T01:01:04.695736+02:00
295959971,de:11000:900110003:1:50,-0.9,2026-10-02T01:01:04.695736+02:00
295959971,de:11000:900110004:1:50,-0.3,2026-10-02T01:01:04.695736+02:00
295959971,de:11000:900110012:1:50,-0.2,2026-10-02T01:01:04.695736+02:00
295959971,de:11000:900120001:1:50,-0.2,2026-10-02T01:01:04.695736+02:00
295959971,de:11000:900120003:5:58,-0.6,2026-10-02T01:01:04.695736+02:00
295959971,de:11000:900190001:1:50,-0.1,2026-10-02T01:01:04.695736+02:00
295959971,de:11000:900191002:1:50,0.0,2026-10-02T01:01:04.695736+02:00
295959971,de:11000:900191001:2:52,-0.4,2026-10-02T01:01:04.695736+02:00
295959971,de:11000:900192001:2:52,-0.2,2026-10-02T01:01:04.695736+02:00
295959971,de:11000:900193001:1:50,-0.7,2026-10-02T01:01:04.695736+02:00
295959971,de:11000:900193002:1:50,-0.3,2026-10-02T01:01:04.695736+02:00
295959971,de:11000:900186001:1:51,-0.3,2026-10-02T01:01:04.695736+02:00
295959962,de:12065:900200008:1:51,0.0,2026-10-02T01:01:04.695736+02:00
295959962,de:12065:900200009:1:51,-0.7,2026-10-02T01:01:04.695736+02:00
295959962,de:12065:900200011:1:51,-0.3,2026-10-02T01:01:04.695736+02:00
295959962,de:12065:900200012:1:51,-0.8,2026-10-02T01:01:04.695736+02:00
295959962,de:12065:900200013:1:50,-0.4,2026-10-02T01:01:04.695736+02:00
295959962,de:11000:900142001:1:51,-0.7,2026-10-02T01:01:04.695736+02:00
295959962,de:11000:900130001:1:51,-0.2,2026-10-02T01:01:04.695736+02:00
295959962,de:11000:900130002:1:51,-0.7,2026-10-02T01:01:04.695736+02:00
295959962,de:11000:900110011:1:51,-0.2,2026-10-02T01:01:04.695736+02:00
295959962,de:11000:900110001:1:50,-0.2,2026-10-02T01:01:04.695736+02:00
295959962,de:11000:900110002:1:50,-0.9,2026-10-02T01:01:04.695736+02:00
295959962,de:11000:900110003:1:50,-0.9,2026-10-02T01:01:04.695736+02:00
295959962,de:11000:900110004:1:50,-0.3,2026-10-02T01:01:04.695736+02:00
295959962,de:11000:900110012:1:50,-0.2,2026-10-02T01:01:04.695736+02:00
295959962,de:11000:900120001:1:50,-0.2,2026-10-02T01:01:04.695736+02:00
295959962,de:11000:900120003:5:58,-0.6,2026-10-02T01:01:04.695736+02:00
295959962,de:11000:900190001:1:50,-0.1,2026-10-02T01:01:04.695736+02:00
295959962,de:11000:900191002:1:50,0.0,2026-10-02T01:01:04.695736+02:00
295959962,de:11000:900191001:2:52,-0.4,2026-10-02T01:01:04.695736+02:00
295959962,de:11000:900192001:2:52,-0.2,2026-10-02T01:01:04.695736+02:00
295959962,de:11000:900193001:1:50,-0.7,2026-10-02T01:01:04.695736+02:00
295959962,de:11000:900193002:1:50,-0.3,2026-10-02T01:01:04.695736+02:00
295959962,de:11000:900186001:1:51,-0.3,2026-10-02T01:01:04.695736+02:00
295960137,de:12061:900260002:1:50,0.0,2026-10-02T01:01:04.695736+02:00
295960137,de:12061:900260003:1:51,-0.7,2026-10-02T01:01:04.695736+02:00
295960137,de:12061:900260004:1:51,-0.9,2026-10-02T01:01:04.695736+02:00
295960137,de:11000:900186001:2:53,-0.2,2026-10-02T01:01:04.695736+02:00
295960137,de:11000:900193002:1:51,-0.2,2026-10-02T01:01:04.695736+02:00
295960137,de:11000:900193001:2:51,-0.8,2026-10-02T01:01:04.695736+02:00
295960137,de:11000:900192001:3:55,-0.7,2026-10-02T01:01:04.695736+02:00
295960137,de:11000:900191001:1:50,-0.4,2026-10-02T01:01:04.695736+02:00
295960137,de:11000:900191002:1:51,-0.8,2026-10-02T01:01:04.695736+02:00
295960137,de:11000:900190001:2:53,-0.6,2026-10-02T01:01:04.695736+02:00
295960137,de:11000:900120003:5:59,0.0,2026-10-02T01:01:04.695736+02:00
295960137,de:11000:900120001:1:51,-0.6,2026-10-02T01:01:04.695736+02:00
295960137,de:11000:900110012:1:51,-0.8,2026-10-02T01:01:04.695736+02:00
295960137,de:11000:900110004:1:51,-0.7,2026-10-02T01:01:04.695736+02:00
295960137,de:11000:900110003:1:51,0.0,2026-10-02T01:01:04.695736+02:00
295960137,de:11000:900110002:1:51,0.0,2026-10-02T01:01:04.695736+02:00
295960137,de:11000:900110001:1:51,-0.7,2026-10-02T01:01:04.695736+02:00
295960137,de:11000:900110011:2:52,-0.4,2026-10-02T01:01:04.695736+02:00
295960137,de:11000:900130002:1:50,0.0,2026-10-02T01:01:04.695736+02:00
295960137,de:11000:900130001:1:50,-0.7,2026-10-02T01:01:04.695736+02:00
295960137,de:11000:900142001:1:50,-0.2,2026-10-02T01:01:04.695736+02:00
295960137,de:12065:900200013:1:50,-0.3,2026-10-02T01:01:04.695736+02:00
295960137,de:12065:900200012:1:50,-0.9,2026-10-02T01:01:04.695736+02:00
295960137,de:12065:900200011:1:50,-0.4,2026-10-02T01:01:04.695736+02:00
295960137,de:12065:900200009:1:50,-0.9,2026-10-02T01:01:04.695736+02:00
295960137,de:12065:900200008:1:50,-0.9,2026-10-02T01:01:04.695736+02:00
306895566,de:12067:900310980::1,0.0,2026-10-02T01:01:04.695736+02:00
306895566,de:12067:900310810::1,0.0,2026-10-02T01:01:04.695736+02:00
306895566,de:12067:900310769::2,0.0,2026-10-02T01:01:04.695736+02:00
306895566,de:12067:900311153::1,0.0,2026-10-02T01:01:04.695736+02:00
306895566,de:12067:900310695::3,0.0,2026-10-02T01:01:04.695736+02:00
306895566,de:12067:900310770::1,0.0,2026-10-02T01:01:04.695736+02:00
306895566,de:12067:900310010::3,0.0,2026-10-02T01:01:04.695736+02:00
306895566,de:12067:900310782::2,0.0,2026-10-02T01:01:04.695736+02:00
306895566,de:12067:900311109::2,0.0,2026-10-02T01:01:04.695736+02:00
306895566,de:12067:900310773::2,0.0,2026-10-02T01:01:04.695736+02:00
306895566,de:12067:900310823::2,0.0,2026-10-02T01:01:04.695736+02:00
306895566,de:12067:900311152::2,0.0,2026-10-02T01:01:04.695736+02:00
306895566,de:12067:900311151::2,0.0,2026-10-02T01:01:04.695736+02:00
306895566,de:12067:900310627::2,0.0,2026-10-02T01:01:04.695736+02:00
306895566,de:12067:900310816::2,0.0,2026-10-02T01:01:04.695736+02:00
306895566,de:12067:900310022::1,0.0,2026-10-02T01:01:04.695736+02:00
306895566,de:12067:900310001::11,0.0,2026-10-02T01:01:04.695736+02:00
306895566,de:12067:900310001::1,0.0,2026-10-02T01:01:04.695736+02:00
306895566,de:12067:900311149::1,0.0,2026-10-02T01:01:04.695736+02:00
306895566,de:12067:900311135::1,0.0,2026-10-02T01:01:04.695736+02:00
306895566,de:12067:900311150::1,0.0,2026-10-02T01:01:04.695736+02:00
306895566,de:12067:900310804::1,0.0,2026-10-02T01:01:04.695736+02:00
306895566,de:12067:900310814::1,0.0,2026-10-02T01:01:04.695736+02:00
306895566,de:12067:900311083::3,0.0,2026-10-02T01:01:04.695736+02:00
295963735,de:12061:900260009:3:56,0.0,2026-10-02T01:01:04.695736+02:00
295963735,de:12061:900260080:1:51,-0.7,2026-10-02T01:01:04.695736+02:00
295963735,de:12061:900260005:3:55,0.0,2026-10-02T01:01:04.695736+02:00
295963735,de:11000:900196001:1:51,0.0,2026-10-02T01:01:04.695736+02:00
295963735,de:11000:900195510:1:50,-0.4,2026-10-02T01:01:04.695736+02:00
295963735,de:11000:900193002:1:51,-0.6,2026-10-02T01:01:04.695736+02:00
295963735,de:11000:900193001:2:51,-0.3,2026-10-02T01:01:04.695736+02:00
295963735,de:11000:900192001:3:55,-0.2,2026-10-02T01:01:04.695736+02:00
295963735,de:11000:900191001:1:50,-0.9,2026-10-02T01:01:04.695736+02:00
295963735,de:11000:900191002:1:51,-0.3,2026-10-02T01:01:04.695736+02:00
295963735,de:11000:900190001:2:53,-0.1,2026-10-02T01:01:04.695736+02:00
295963735,de:11000:900120003:5:59,-0.3,2026-10-02T01:01:04.695736+02:00
295963735,de:11000:900120001:1:51,-0.6,2026-10-02T01:01:04.695736+02:00
295963735,de:11000:900110012:1:51,-0.8,2026-10-02T01:01:04.695736+02:00
295963735,de:11000:900110004:1:51,-0.7,2026-10-02T01:01:04.695736+02:00
295963735,de:11000:900110003:1:51,0.0,2026-10-02T01:01:04.695736+02:00
295963735,de:11000:900110002:1:51,0.0,2026-10-02T01:01:04.695736+02:00
295963735,de:11000:900110001:1:51,-0.7,2026-10-02T01:01:04.695736+02:00
295963735,de:11000:900110011:2:53,-0.4,2026-10-02T01:01:04.695736+02:00
295963735,de:11000:900085201:1:50,-0.8,2026-10-02T01:01:04.695736+02:00
295963735,de:11000:900084101:1:50,-0.7,2026-10-02T01:01:04.695736+02:00
295963735,de:11000:900096101:1:50,-0.8,2026-10-02T01:01:04.695736+02:00
295963735,de:11000:900094101:1:50,-0.3,2026-10-02T01:01:04.695736+02:00
295963735,de:11000:900093201:1:50,-0.4,2026-10-02T01:01:04.695736+02:00
295963735,de:11000:900092201:1:51,-0.2,2026-10-02T01:01:04.695736+02:00
295963597,de:11000:900092201:1:51,0.0,2026-10-02T01:01:04.695736+02:00
295963597,de:11000:900093201:1:51,-0.4,2026-10-02T01:01:04.695736+02:00
295963597,de:11000:900094101:1:51,-0.3,2026-10-02T01:01:04.695736+02:00
295963597,de:11000:900096101:1:51,-0.1,2026-10-02T01:01:04.695736+02:00
295963597,de:11000:900084101:1:51,-0.2,2026-10-02T01:01:04.695736+02:00
295963597,de:11000:900085201:1:51,-0.8,2026-10-02T01:01:04.695736+02:00
295963597,de:11000:900130003:1:51,-0.8,2026-10-02T01:01:04.695736+02:00
295963597,de:11000:900110011:1:50,-0.9,2026-10-02T01:01:04.695736+02:00
295963597,de:11000:900110001:1:50,-0.2,2026-10-02T01:01:04.695736+02:00
295963597,de:11000:900110002:1:50,-0.9,2026-10-02T01:01:04.695736+02:00
295963597,de:11000:900110003:1:50,-0.9,2026-10-02T01:01:04.695736+02:00
295963597,de:11000:900110004:1:50,-0.3,2026-10-02T01:01:04.695736+02:00
295963597,de:11000:900110012:1:50,-0.2,2026-10-02T01:01:04.695736+02:00
295963597,de:11000:900120001:1:50,-0.2,2026-10-02T01:01:04.695736+02:00
295963597,de:11000:900120003:5:58,-0.6,2026-10-02T01:01:04.695736+02:00
295963597,de:11000:900190001:1:51,-0.1,2026-10-02T01:01:04.695736+02:00
295963597,de:11000:900191002:1:50,0.0,2026-10-02T01:01:04.695736+02:00
295963597,de:11000:900191001:2:52,-0.4,2026-10-02T01:01:04.695736+02:00
295963597,de:11000:900192001:2:52,-0.2,2026-10-02T01:01:04.695736+02:00
295963597,de:11000:900193001:1:50,-0.7,2026-10-02T01:01:04.695736+02:00
295963597,de:11000:900193002:1:50,-0.3,2026-10-02T01:01:04.695736+02:00
295963597,de:11000:900195510:1:51,-0.7,2026-10-02T01:01:04.695736+02:00
295963597,de:11000:900196001:1:50,-0.9,2026-10-02T01:01:04.695736+02:00
295963597,de:12061:900260005:3:54,-0.7,2026-10-02T01:01:04.695736+02:00
295963597,de:12061:900260080:1:50,0.0,2026-10-02T01:01:04.695736+02:00
295963597,de:12061:900260009:3:56,-0.2,2026-10-02T01:01:04.695736+02:00
295963583,de:11000:900092201:1:51,0.0,2026-10-02T01:01:04.695736+02:00
295963583,de:11000:900093201:1:51,-0.4,2026-10-02T01:01:04.695736+02:00
295963583,de:11000:900094101:1:51,-0.3,2026-10-02T01:01:04.695736+02:00
295963583,de:11000:900096101:1:51,-0.1,2026-10-02T01:01:04.695736+02:00
295963583,de:11000:900084101:1:51,-0.2,2026-10-02T01:01:04.695736+02:00
295963583,de:11000:900085201:1:51,-0.8,2026-10-02T01:01:04.695736+02:00
295963583,de:11000:900130003:1:51,-0.8,2026-10-02T01:01:04.695736+02:00
295963583,de:11000:900110011:1:50,-0.9,2026-10-02T01:01:04.695736+02:00
295963583,de:11000:900110001:1:50,-0.2,2026-10-02T01:01:04.695736+02:00
295963583,de:11000:900110002:1:50,-0.9,2026-10-02T01:01:04.695736+02:00
295963583,de:11000:900110003:1:50,-0.9,2026-10-02T01:01:04.695736+02:00
295963583,de:11000:900110004:1:50,-0.3,2026-10-02T01:01:04.695736+02:00
295963583,de:11000:900110012:1:50,-0.2,2026-10-02T01:01:04.695736+02:00
295963583,de:11000:900120001:1:50,-0.2,2026-10-02T01:01:04.695736+02:00
295963583,de:11000:900120003:5:58,-0.6,2026-10-02T01:01:04.695736+02:00
295963583,de:11000:900190001:1:51,-0.1,2026-10-02T01:01:04.695736+02:00
295963583,de:11000:900191002:1:50,0.0,2026-10-02T01:01:04.695736+02:00
295963583,de:11000:900191001:2:52,-0.4,2026-10-02T01:01:04.695736+02:00
295963583,de:11000:900192001:2:52,-0.2,2026-10-02T01:01:04.695736+02:00
295963583,de:11000:900193001:1:50,-0.7,2026-10-02T01:01:04.695736+02:00
295963583,de:11000:900193002:1:50,-0.3,2026-10-02T01:01:04.695736+02:00
295963583,de:11000:900195510:1:51,-0.7,2026-10-02T01:01:04.695736+02:00
295963583,de:11000:900196001:1:50,-0.9,2026-10-02T01:01:04.695736+02:00
295963583,de:12061:900260005:3:54,-0.7,2026-10-02T01:01:04.695736+02:00
295963583,de:12061:900260080:1:50,0.0,2026-10-02T01:01:04.695736+02:00
295963583,de:12061:900260009:3:56,-0.2,2026-10-02T01:01:04.695736+02:00
306895618,de:12067:900311083::3,0.0,2026-10-02T01:01:04.695736+02:00
306895618,de:12067:900310775::1,0.0,2026-10-02T01:01:04.695736+02:00
306895618,de:12067:900311083::2,0.0,2026-10-02T01:01:04.695736+02:00
306895618,de:12067:900310814::2,0.0,2026-10-02T01:01:04.695736+02:00
306895618,de:12067:900310804::2,0.0,2026-10-02T01:01:04.695736+02:00
306895618,de:12067:900311150::2,0.0,2026-10-02T01:01:04.695736+02:00
306895618,de:12067:900311135::2,0.0,2026-10-02T01:01:04.695736+02:00
306895618,de:12067:900311149::2,0.0,2026-10-02T01:01:04.695736+02:00
306895618,de:12067:900310001::11,0.0,2026-10-02T01:01:04.695736+02:00
306895618,de:12067:900310001::2,0.0,2026-10-02T01:01:04.695736+02:00
306895618,de:12067:900310816::1,0.0,2026-10-02T01:01:04.695736+02:00
306895618,de:12067:900310627::1,0.0,2026-10-02T01:01:04.695736+02:00
306895618,de:12067:900310781::1,0.0,2026-10-02T01:01:04.695736+02:00
306895618,de:12067:900310822::1,0.0,2026-10-02T01:01:04.695736+02:00
306895618,de:12067:900310771::1,0.0,2026-10-02T01:01:04.695736+02:00
306895618,de:12067:900310811::1,0.0,2026-10-02T01:01:04.695736+02:00
306895618,de:12067:900310630::1,0.0,2026-10-02T01:01:04.695736+02:00
306895618,de:12067:900310812::1,0.0,2026-10-02T01:01:04.695736+02:00
306895618,de:12067:900310770::1,0.0,2026-10-02T01:01:04.695736+02:00
306895618,de:12067:900310010::3,0.0,2026-10-02T01:01:04.695736+02:00
306895618,de:12067:900310880::1,0.0,2026-10-02T01:01:04.695736+02:00
306895618,de:12067:900310815::1,0.0,2026-10-02T01:01:04.695736+02:00
306895618,de:12067:900310807::1,0.0,2026-10-02T01:01:04.695736+02:00
307332677,de:11000:900029101:1:51,0.0,2026-10-02T01:01:04.695736+02:00
307332677,de:11000:900030202:1:50,-0.3,2026-10-02T01:01:04.695736+02:00
307332677,de:11000:900025424:1:51,-0.2,2026-10-02T01:01:04.695736+02:00
307332677,de:11000:900025321:1:51,-0.2,2026-10-02T01:01:04.695736+02:00
307332677,de:11000:900026105:1:50,-0.4,2026-10-02T01:01:04.695736+02:00
307332677,de:11000:900025423:1:50,-0.7,2026-10-02T01:01:04.695736+02:00
307332677,de:11000:900024102:2:53,-0.7,2026-10-02T01:01:04.695736+02:00
307332677,de:11000:900024101:3:55,-0.3,2026-10-02T01:01:04.695736+02:00
307332677,de:11000:900024203:1:51,-0.8,2026-10-02T01:01:04.695736+02:00
307332677,de:11000:900023201:3:54,-0.7,2026-10-02T01:01:04.695736+02:00
307332677,de:11000:900003103:1:50,-0.8,2026-10-02T01:01:04.695736+02:00
307332677,de:11000:900003102:1:50,-0.9,2026-10-02T01:01:04.695736+02:00
307332677,de:11000:900003201:3:54,-0.5,2026-10-02T01:01:04.695736+02:00
307332677,de:11000:900100001:3:54,-0.1,2026-10-02T01:01:04.695736+02:00
307332677,de:11000:900100002:1:50,-0.4,2026-10-02T01:01:04.695736+02:00
307332677,de:11000:900100003:2:52,-0.1,2026-10-02T01:01:04.695736+02:00
307332677,de:11000:900100004:1:50,-0.4,2026-10-02T01:01:04.695736+02:00
307332677,de:11000:900120005:4:56,-0.6,2026-10-02T01:01:04.695736+02:00
307332677,de:11000:900120004:1:51,-0.1,2026-10-02T01:01:04.695736+02:00
307332677,de:11000:900190001:1:51,-0.2,2026-10-02T01:01:04.695736+02:00
307332677,de:11000:900191002:1:50,0.0,2026-10-02T01:01:04.695736+02:00
307332677,de:11000:900191001:2:52,-0.4,2026-10-02T01:01:04.695736+02:00
307332677,de:11000:900192001:2:52,-0.7,2026-10-02T01:01:04.695736+02:00
307332677,de:11000:900193001:1:50,-0.2,2026-10-02T01:01:04.695736+02:00
307332677,de:11000:900193002:1:50,-0.8,2026-10-02T01:01:04.695736+02:00
307332677,de:11000:900195510:1:51,-0.2,2026-10-02T01:01:04.695736+02:00
307332677,de:11000:900196001:1:50,-0.4,2026-10-02T01:01:04.695736+02:00
307332677,de:12061:900260005:3:54,-0.2,2026-10-02T01:01:04.695736+02:00
307332677,de:12061:900260080:1:50,-0.7,2026-10-02T01:01:04.695736+02:00
307332677,de:12061:900260009:3:55,-0.9,2026-10-02T01:01:04.695736+02:00
307435169,de:11000:900192001:1:50,0.0,2026-10-02T01:01:04.695736+02:00
307435169,de:12061:900260005:2:52,0.0,2026-10-02T01:01:04.695736+02:00
306895280,de:12067:900310834::1,0.0,2026-10-02T01:01:04.695736+02:00
306895280,de:12067:900310722::1,0.0,2026-10-02T01:01:04.695736+02:00
306895280,de:12067:900310637::1,-0.5,2026-10-02T01:01:04.695736+02:00
306895280,de:12067:900311129::6,-0.5,2026-10-02T01:01:04.695736+02:00
306895700,de:12067:900310807::1,0.0,2026-10-02T01:01:04.695736+02:00
306895700,de:12067:900310815::2,0.0,2026-10-02T01:01:04.695736+02:00
306895700,de:12067:900310880::2,0.0,2026-10-02T01:01:04.695736+02:00
306895700,de:12067:900310010::2,0.0,2026-10-02T01:01:04.695736+02:00
306895700,de:12067:900310770::2,0.0,2026-10-02T01:01:04.695736+02:00
306895700,de:12067:900310812::2,0.0,2026-10-02T01:01:04.695736+02:00
306895700,de:12067:900310630::2,0.0,2026-10-02T01:01:04.695736+02:00
306895700,de:12067:900310811::2,0.0,2026-10-02T01:01:04.695736+02:00
306895700,de:12067:900310771::2,0.0,2026-10-02T01:01:04.695736+02:00
306895700,de:12067:900310822::2,0.0,2026-10-02T01:01:04.695736+02:00
306895700,de:12067:900310781::2,0.0,2026-10-02T01:01:04.695736+02:00
306895700,de:12067:900310627::2,-0.5,2026-10-02T01:01:04.695736+02:00
306895700,de:12067:900310816::2,0.0,2026-10-02T01:01:04.695736+02:00
306895700,de:12067:900310022::1,0.0,2026-10-02T01:01:04.695736+02:00
306895700,de:12067:900310001::11,0.0,2026-10-02T01:01:04.695736+02:00
306895700,de:12067:900310001::1,0.0,2026-10-02T01:01:04.695736+02:00
306895700,de:12067:900311149::1,0.0,2026-10-02T01:01:04.695736+02:00
306895700,de:12067:900311135::1,0.0,2026-10-02T01:01:04.695736+02:00
306895700,de:12067:900311150::1,0.0,2026-10-02T01:01:04.695736+02:00
306895700,de:12067:900310804::1,0.0,2026-10-02T01:01:04.695736+02:00
306895700,de:12067:900310814::1,0.0,2026-10-02T01:01:04.695736+02:00
306895700,de:12067:900311083::3,0.0,2026-10-02T01:01:04.695736+02:00
306050018,de:12064:900320007::3,0.0,2026-10-02T01:01:04.695736+02:00
306050018,de:12064:900320134::2,0.0,2026-10-02T01:01:04.695736+02:00
306050018,de:12064:900320133::2,0.0,2026-10-02T01:01:04.695736+02:00
306050018,de:12064:900320679::2,0.0,2026-10-02T01:01:04.695736+02:00
306050018,de:12064:900320673::2,0.0,2026-10-02T01:01:04.695736+02:00
306050018,de:12064:900320672::2,0.0,2026-10-02T01:01:04.695736+02:00
306050018,de:12064:900320674::2,0.0,2026-10-02T01:01:04.695736+02:00
306050018,de:12064:900320675::2,0.0,2026-10-02T01:01:04.695736+02:00
306050018,de:12064:900320006::1,0.0,2026-10-02T01:01:04.695736+02:00
306050018,de:12064:900320639::2,0.0,2026-10-02T01:01:04.695736+02:00
306050018,de:12064:900320638::2,0.0,2026-10-02T01:01:04.695736+02:00
306050018,de:12064:900320685::2,0.0,2026-10-02T01:01:04.695736+02:00
306050018,de:12064:900320642::2,0.0,2026-10-02T01:01:04.695736+02:00
306050018,de:12064:900320647::2,0.0,2026-10-02T01:01:04.695736+02:00
306050018,de:12064:900320645::2,0.0,2026-10-02T01:01:04.695736+02:00
306050018,de:12064:900320643::2,0.0,2026-10-02T01:01:04.695736+02:00
306050018,de:12064:900320610::2,0.0,2026-10-02T01:01:04.695736+02:00
306050018,de:12064:900320005::2,0.0,2026-10-02T01:01:04.695736+02:00
306047296,de:12064:900320020::1,0.0,2026-10-02T01:01:04.695736+02:00
306047296,de:12064:900320506::1,0.0,2026-10-02T01:01:04.695736+02:00
306047296,de:12064:900320035::1,0.0,2026-10-02T01:01:04.695736+02:00
306047296,de:12064:900320505::1,0.0,2026-10-02T01:01:04.695736+02:00
306047296,de:12064:900320021::1,0.0,2026-10-02T01:01:04.695736+02:00
306047296,de:12064:900320022::1,0.0,2026-10-02T01:01:04.695736+02:00
306047296,de:11000:900175010::4,0.0,2026-10-02T01:01:04.695736+02:00
306047296,de:12064:900320520::1,0.0,2026-10-02T01:01:04.695736+02:00
306047296,de:12064:900320511::1,0.0,2026-10-02T01:01:04.695736+02:00
306047296,de:12064:900320510::1,0.0,2026-10-02T01:01:04.695736+02:00
306047296,de:12064:900320523::2,0.0,2026-10-02T01:01:04.695736+02:00
306047296,de:12064:900320017::2,0.0,2026-10-02T01:01:04.695736+02:00
306047296,de:12064:900320119::2,0.0,2026-10-02T01:01:04.695736+02:00
306047296,de:12064:900320120::4,0.0,2026-10-02T01:01:04.695736+02:00
306047296,de:12064:900320118::2,0.0,2026-10-02T01:01:04.695736+02:00
306047296,de:12064:900320050::1,0.0,2026-10-02T01:01:04.695736+02:00
306047296,de:12064:900320008::1,0.0,2026-10-02T01:01:04.695736+02:00
306052974,de:12064:900321742::4,0.0,2026-10-02T01:01:04.695736+02:00
306052974,de:12064:900321751::1,0.0,2026-10-02T01:01:04.695736+02:00
306052974,de:12064:900321380::1,0.0,2026-10-02T01:01:04.695736+02:00
306052974,de:12064:900321381::2,0.0,2026-10-02T01:01:04.695736+02:00
306052974,de:12064:900321833::1,0.0,2026-10-02T01:01:04.695736+02:00
306052974,de:12064:900321490::1,0.0,2026-10-02T01:01:04.695736+02:00
306052974,de:12064:900321493::1,0.0,2026-10-02T01:01:04.695736+02:00
306052974,de:12064:900321781::2,0.0,2026-10-02T01:01:04.695736+02:00
306052974,de:12064:900321780::2,0.0,2026-10-02T01:01:04.695736+02:00
306052974,de:12064:900321848::2,0.0,2026-10-02T01:01:04.695736+02:00
306052974,de:12064:900321847::2,0.0,2026-10-02T01:01:04.695736+02:00
306052974,de:12064:900321630::1,0.0,2026-10-02T01:01:04.695736+02:00
306052974,de:12064:900321627::1,0.0,2026-10-02T01:01:04.695736+02:00
306045651,de:12064:900320008::5,0.0,2026-10-02T01:01:04.695736+02:00
306045651,de:12064:900320100::1,0.0,2026-10-02T01:01:04.695736+02:00
306045651,de:12064:900320101::1,0.0,2026-10-02T01:01:04.695736+02:00
306045651,de:12064:900320102::1,0.0,2026-10-02T01:01:04.695736+02:00
306045651,de:12064:900320103::1,0.0,2026-10-02T01:01:04.695736+02:00
306045651,de:12064:900320104::1,0.0,2026-10-02T01:01:04.695736+02:00
306045651,de:12064:900320106::1,0.0,2026-10-02T01:01:04.695736+02:00
306045651,de:12064:900320107::1,0.0,2026-10-02T01:01:04.695736+02:00
306045651,de:12064:900320108::1,0.0,2026-10-02T01:01:04.695736+02:00
306045651,de:12064:900320109::1,0.0,2026-10-02T01:01:04.695736+02:00
306045651,de:12064:900320110::1,0.0,2026-10-02T01:01:04.695736+02:00
306045651,de:12064:900320111::1,0.0,2026-10-02T01:01:04.695736+02:00
306045651,de:12064:900320112::1,0.0,2026-10-02T01:01:04.695736+02:00
306045651,de:12064:900320124::1,0.0,2026-10-02T01:01:04.695736+02:00
306045651,de:12064:900320113::1,0.0,2026-10-02T01:01:04.695736+02:00
306045651,de:12064:900320130::1,0.0,2026-10-02T01:01:04.695736+02:00
306045651,de:12064:900320007::1,0.0,2026-10-02T01:01:04.695736+02:00
306045651,de:12064:900320115::1,0.0,2026-10-02T01:01:04.695736+02:00
306045651,de:12064:900320116::1,0.0,2026-10-02T01:01:04.695736+02:00
306045651,de:12064:900320114::1,0.0,2026-10-02T01:01:04.695736+02:00
306045651,de:12064:900320132::1,0.0,2026-10-02T01:01:04.695736+02:00
306045651,de:12064:900320118::2,0.0,2026-10-02T01:01:04.695736+02:00
306045651,de:12064:900320120::1,0.0,2026-10-02T01:01:04.695736+02:00
306045651,de:12064:900320119::2,0.0,2026-10-02T01:01:04.695736+02:00
306896968,de:12067:900311308::6,0.0,2026-10-02T01:01:04.695736+02:00
306896968,de:12067:900311335::1,0.0,2026-10-02T01:01:04.695736+02:00
306896968,de:12067:900311341::1,0.0,2026-10-02T01:01:04.695736+02:00
306896968,de:12067:900311345::1,0.0,2026-10-02T01:01:04.695736+02:00
306896968,de:12067:900311359::1,0.0,2026-10-02T01:01:04.695736+02:00
306896968,de:12067:900310027::1,0.0,2026-10-02T01:01:04.695736+02:00
306896968,de:12067:900311317::1,0.0,2026-10-02T01:01:04.695736+02:00
306896968,de:12067:900311384::1,0.0,2026-10-02T01:01:04.695736+02:00
306896968,de:12067:900311316::1,0.0,2026-10-02T01:01:04.695736+02:00
306896968,de:12067:900311376::1,0.0,2026-10-02T01:01:04.695736+02:00
306896968,de:12067:900311377::1,0.0,2026-10-02T01:01:04.695736+02:00
306896968,de:12067:900311362::1,0.0,2026-10-02T01:01:04.695736+02:00
306896968,de:12067:900311363::1,0.0,2026-10-02T01:01:04.695736+02:00
306896968,de:12067:900311365::1,0.0,2026-10-02T01:01:04.695736+02:00
306896968,de:12067:900311374::1,0.0,2026-10-02T01:01:04.695736+02:00
306896968,de:12067:900311364::2,0.0,2026-10-02T01:01:04.695736+02:00
306896968,de:12067:900311371::2,0.0,2026-10-02T01:01:04.695736+02:00
306896968,de:12067:900311336::1,0.0,2026-10-02T01:01:04.695736+02:00
306896968,de:12067:900311352::1,0.0,2026-10-02T01:01:04.695736+02:00
306896968,de:12067:900311333::1,0.0,2026-10-02T01:01:04.695736+02:00
306896968,de:12067:900311334::1,0.0,2026-10-02T01:01:04.695736+02:00
306896968,de:12067:900311304::1,0.0,2026-10-02T01:01:04.695736+02:00
306896968,de:12067:900311305::2,0.0,2026-10-02T01:01:04.695736+02:00
306896968,de:12067:900311383::6,0.0,2026-10-02T01:01:04.695736+02:00
306896968,de:12067:900311353::1,0.0,2026-10-02T01:01:04.695736+02:00
306896968,de:12067:900311321::1,0.0,2026-10-02T01:01:04.695736+02:00
306896968,de:12067:900311350::2,0.0,2026-10-02T01:01:04.695736+02:00
306896968,de:12067:900311348::2,0.0,2026-10-02T01:01:04.695736+02:00
306896968,de:12067:900311308::4,0.0,2026-10-02T01:01:04.695736+02:00
306043502,de:12064:900320900::1,0.0,2026-10-02T01:01:04.695736+02:00
306043502,de:12064:900320900::2,0.0,2026-10-02T01:01:04.695736+02:00
306043502,de:12064:900320902::2,0.0,2026-10-02T01:01:04.695736+02:00
306043502,de:12064:900320903::2,0.0,2026-10-02T01:01:04.695736+02:00
306043502,de:12064:900320906::2,0.0,2026-10-02T01:01:04.695736+02:00
306043502,de:12064:900320905::2,0.0,2026-10-02T01:01:04.695736+02:00
306043502,de:12064:900320919::2,0.0,2026-10-02T01:01:04.695736+02:00
306043502,de:12064:900320919::1,0.0,2026-10-02T01:01:04.695736+02:00
306043502,de:12064:900320800::2,0.0,2026-10-02T01:01:04.695736+02:00
306043502,de:12064:900320702::2,0.0,2026-10-02T01:01:04.695736+02:00
306043502,de:12064:900320703::2,0.0,2026-10-02T01:01:04.695736+02:00
306043502,de:12064:900320683::2,0.0,2026-10-02T01:01:04.695736+02:00
306043502,de:12064:900320688::2,0.0,2026-10-02T01:01:04.695736+02:00
306043502,de:12064:900320677::2,0.0,2026-10-02T01:01:04.695736+02:00
306043502,de:12064:900320687::2,0.0,2026-10-02T01:01:04.695736+02:00
306043502,de:12064:900320681::2,0.0,2026-10-02T01:01:04.695736+02:00
306043502,de:12064:900320676::2,0.0,2026-10-02T01:01:04.695736+02:00
306043502,de:12064:900320009::1,0.0,2026-10-02T01:01:04.695736+02:00
306043575,de:12064:900320859::2,0.0,2026-10-02T01:01:04.695736+02:00
306043575,de:12064:900320847::1,0.0,2026-10-02T01:01:04.695736+02:00
306043575,de:12064:900320853::1,0.0,2026-10-02T01:01:04.695736+02:00
306043575,de:12064:900320852::1,0.0,2026-10-02T01:01:04.695736+02:00
306043575,de:12064:900320856::1,0.0,2026-10-02T01:01:04.695736+02:00
306043575,de:12064:900320855::1,0.0,2026-10-02T01:01:04.695736+02:00
306043575,de:12064:900320856::2,0.0,2026-10-02T01:01:04.695736+02:00
306043575,de:12064:900320864::1,0.0,2026-10-02T01:01:04.695736+02:00
306043575,de:12064:900320852::2,0.0,2026-10-02T01:01:04.695736+02:00
306043575,de:12064:900320853::2,0.0,2026-10-02T01:01:04.695736+02:00
306043575,de:12064:900320866::1,0.0,2026-10-02T01:01:04.695736+02:00
306043575,de:12064:900320012::2,0.0,2026-10-02T01:01:04.695736+02:00
306043575,de:12064:900320899::1,0.0,2026-10-02T01:01:04.695736+02:00
306043575,de:12064:900320896::1,0.0,2026-10-02T01:01:04.695736+02:00
306043575,de:12064:900320640::1,0.0,2026-10-02T01:01:04.695736+02:00
306043575,de:12064:900320641::1,0.0,2026-10-02T01:01:04.695736+02:00
306043575,de:12064:900320004::1,0.0,2026-10-02T01:01:04.695736+02:00
306042980,de:12064:900320025::2,0.0,2026-10-02T01:01:04.695736+02:00
306042980,de:12064:900320002::1,-1.0,2026-10-02T01:01:04.695736+02:00
306042980,de:12064:900320551::2,0.0,2026-10-02T01:01:04.695736+02:00
306042980,de:12064:900320554::1,0.0,2026-10-02T01:01:04.695736+02:00
306042980,de:12064:900320001::2,0.0,2026-10-02T01:01:04.695736+02:00
306042980,de:12064:900320559::2,0.0,2026-10-02T01:01:04.695736+02:00
306042980,de:12064:900320564::1,0.0,2026-10-02T01:01:04.695736+02:00
306042980,de:12064:900321108::1,0.0,2026-10-02T01:01:04.695736+02:00
306042980,de:12064:900320754::1,0.0,2026-10-02T01:01:04.695736+02:00
306042980,de:12064:900320755::2,0.0,2026-10-02T01:01:04.695736+02:00
306042980,de:12064:900320842::1,0.0,2026-10-02T01:01:04.695736+02:00
306042980,de:12064:900320844::1,0.0,2026-10-02T01:01:04.695736+02:00
306042980,de:12064:900320835::1,0.0,2026-10-02T01:01:04.695736+02:00
306042980,de:12064:900320836::2,0.0,2026-10-02T01:01:04.695736+02:00
306042980,de:12064:900320910::2,0.0,2026-10-02T01:01:04.695736+02:00
306042980,de:12064:900320846::1,0.0,2026-10-02T01:01:04.695736+02:00
306042980,de:12064:900320848::2,0.0,2026-10-02T01:01:04.695736+02:00
306042980,de:12064:900320830::1,0.0,2026-10-02T01:01:04.695736+02:00
306042980,de:12064:900320820::1,0.0,2026-10-02T01:01:04.695736+02:00
306042980,de:12064:900320831::1,0.0,2026-10-02T01:01:04.695736+02:00
306042980,de:12064:900320819::1,0.0,2026-10-02T01:01:04.695736+02:00
306046305,de:12064:900320028::1,0.0,2026-10-02T01:01:04.695736+02:00
306046305,de:12064:900320018::2,0.0,2026-10-02T01:01:04.695736+02:00
306046305,de:12064:900320019::2,0.0,2026-10-02T01:01:04.695736+02:00
306046305,de:12064:900320501::2,0.0,2026-10-02T01:01:04.695736+02:00
306046305,de:12064:900320026::2,0.0,2026-10-02T01:01:04.695736+02:00
306046305,de:11000:900176519::2,0.0,2026-10-02T01:01:04.695736+02:00
306046305,de:11000:900176011::2,0.0,2026-10-02T01:01:04.695736+02:00
306046305,de:11000:900320502::2,0.0,2026-10-02T01:01:04.695736+02:00
306046305,de:12064:900320503::1,0.0,2026-10-02T01:01:04.695736+02:00
306046305,de:12064:900320504::1,0.0,2026-10-02T01:01:04.695736+02:00
306046305,de:11000:900175010::4,0.0,2026-10-02T01:01:04.695736+02:00
306052863,de:12064:900321742::3,0.0,2026-10-02T01:01:04.695736+02:00
306052863,de:12064:900321744::1,0.0,2026-10-02T01:01:04.695736+02:00
306052863,de:12064:900321442::1,0.0,2026-10-02T01:01:04.695736+02:00
295900240,de:12065:900200000:1:55,0.0,2026-10-02T01:01:04.695736+02:00
295900240,de:11000:900091203:1:50,0.0,2026-10-02T01:01:04.695736+02:00
295900240,de:11000:900091205:1:50,-0.2,2026-10-02T01:01:04.695736+02:00
295900240,de:11000:900089303:1:51,-0.5,2026-10-02T01:01:04.695736+02:00
295900240,de:11000:900096405:1:50,-0.8,2026-10-02T01:01:04.695736+02:00
295900240,de:11000:900096458:1:50,-0.5,2026-10-02T01:01:04.695736+02:00
295900240,de:11000:900085105:1:50,-0.8,2026-10-02T01:01:04.695736+02:00
295900240,de:11000:900085201:1:51,0.0,2026-10-02T01:01:04.695736+02:00
295900240,de:11000:900130003:1:51,-0.8,2026-10-02T01:01:04.695736+02:00
295900240,de:11000:900110011:1:50,-0.9,2026-10-02T01:01:04.695736+02:00
295900240,de:11000:900007102:1:50,-0.7,2026-10-02T01:01:04.695736+02:00
295900240,de:11000:900008101:1:50,-0.4,2026-10-02T01:01:04.695736+02:00
295900240,de:11000:900007104:1:51,-0.2,2026-10-02T01:01:04.695736+02:00
295900240,de:11000:900100007:1:50,-0.2,2026-10-02T01:01:04.695736+02:00
295900240,de:11000:900100001:4:56,0.0,2026-10-02T01:01:04.695736+02:00
295900240,de:11000:900100025:1:50,-0.9,2026-10-02T01:01:04.695736+02:00
295900240,de:11000:900100020:3:54,-0.9,2026-10-02T01:01:04.695736+02:00
295900240,de:11000:900012101:1:51,0.0,2026-10-02T01:01:04.695736+02:00
295900240,de:11000:900058103:1:50,-0.7,2026-10-02T01:01:04.695736+02:00
295900240,de:11000:900058101:1:50,-0.3,2026-10-02T01:01:04.695736+02:00
295900240,de:11000:900058102:1:52,0.0,2026-10-02T01:01:04.695736+02:00
295900240,de:11000:900063452:1:50,-0.1,2026-10-02T01:01:04.695736+02:00
295900240,de:11000:900067221:1:50,-0.2,2026-10-02T01:01:04.695736+02:00
295900240,de:11000:900064301:3:52,-0.2,2026-10-02T01:01:04.695736+02:00
295900240,de:11000:900064256:1:50,-0.7,2026-10-02T01:01:04.695736+02:00
295900240,de:11000:900064201:1:50,-0.6,2026-10-02T01:01:04.695736+02:00
295900240,de:12069:900220114:1:51,-0.9,2026-10-02T01:01:04.695736+02:00
307430006,de:12061:900260009:2:54,0.0,2026-10-02T01:01:04.695736+02:00
307430006,de:11000:900160004:2:53,0.0,2026-10-02T01:01:04.695736+02:00
307430006,de:11000:900007102:4:56,0.0,2026-10-02T01:01:04.695736+02:00
307430006,de:11000:900003200:4:57,0.0,2026-10-02T01:01:04.695736+02:00
306043094,de:12064:900320985::1,0.0,2026-10-02T01:01:04.695736+02:00
306043094,de:12064:900320990::1,0.0,2026-10-02T01:01:04.695736+02:00
306043094,de:12064:900320980::2,0.0,2026-10-02T01:01:04.695736+02:00
306043094,de:12064:900320172::2,0.0,2026-10-02T01:01:04.695736+02:00
306043094,de:12064:900320972::1,0.0,2026-10-02T01:01:04.695736+02:00
306043094,de:12064:900320974::1,0.0,2026-10-02T01:01:04.695736+02:00
306043094,de:12064:900320972::2,0.0,2026-10-02T01:01:04.695736+02:00
306043094,de:12064:900320973::1,0.0,2026-10-02T01:01:04.695736+02:00
306043094,de:12064:900320951::1,0.0,2026-10-02T01:01:04.695736+02:00
306043094,de:12064:900320901::2,0.0,2026-10-02T01:01:04.695736+02:00
306043094,de:12064:900320908::1,0.0,2026-10-02T01:01:04.695736+02:00
306043094,de:12064:900320909::1,0.0,2026-10-02T01:01:04.695736+02:00
306043094,de:12064:900320908::2,0.0,2026-10-02T01:01:04.695736+02:00
306043094,de:12064:900320907::2,0.0,2026-10-02T01:01:04.695736+02:00
306043094,de:12064:900320918::2,0.0,2026-10-02T01:01:04.695736+02:00
306043094,de:12064:900320914::2,0.0,2026-10-02T01:01:04.695736+02:00
306043094,de:12064:900320915::1,0.0,2026-10-02T01:01:04.695736+02:00
306043094,de:12064:900320903::1,0.0,2026-10-02T01:01:04.695736+02:00
306043094,de:12064:900320902::1,0.0,2026-10-02T01:01:04.695736+02:00
306043094,de:12064:900320900::1,0.0,2026-10-02T01:01:04.695736+02:00
295933126,de:11000:900180003:1:50,0.0,2026-10-02T01:01:04.695736+02:00
295933126,de:11000:900192002:1:50,-0.4,2026-10-02T01:01:04.695736+02:00
295933126,de:11000:900192001:3:54,-0.2,2026-10-02T01:01:04.695736+02:00
295933126,de:11000:900191001:1:50,-0.9,2026-10-02T01:01:04.695736+02:00
295933126,de:11000:900077155:1:50,-0.4,2026-10-02T01:01:04.695736+02:00
295933126,de:11000:900078201:1:50,-0.9,2026-10-02T01:01:04.695736+02:00
295933126,de:11000:900079221:1:50,-0.7,2026-10-02T01:01:04.695736+02:00
295933126,de:11000:900068201:1:50,-0.3,2026-10-02T01:01:04.695736+02:00
295933126,de:11000:900058101:5:58,-0.6,2026-10-02T01:01:04.695736+02:00
306051602,de:12064:900320661::1,0.0,2026-10-02T01:01:04.695736+02:00
306051602,de:12064:900320654::2,0.0,2026-10-02T01:01:04.695736+02:00
306051602,de:12064:900320653::2,0.0,2026-10-02T01:01:04.695736+02:00
306051602,de:12064:900320658::2,0.0,2026-10-02T01:01:04.695736+02:00
306051602,de:12064:900320657::2,0.0,2026-10-02T01:01:04.695736+02:00
306051602,de:12064:900320652::2,0.0,2026-10-02T01:01:04.695736+02:00
306051602,de:12064:900320650::2,0.0,2026-10-02T01:01:04.695736+02:00
306051602,de:12064:900320639::1,0.0,2026-10-02T01:01:04.695736+02:00
306051602,de:12064:900320006::1,0.0,2026-10-02T01:01:04.695736+02:00
307286664,de:11000:900040101:1:50,0.0,2026-10-02T01:01:04.695736+02:00
307286664,de:11000:900044101:1:50,-0.8,2026-10-02T01:01:04.695736+02:00
307286664,de:11000:900045102:1:51,-0.9,2026-10-02T01:01:04.695736+02:00
307286664,de:11000:900044202:1:51,-0.9,2026-10-02T01:01:04.695736+02:00
307286664,de:11000:900054105:1:51,-0.7,2026-10-02T01:01:04.695736+02:00
307286664,de:11000:900054104:2:53,-0.3,2026-10-02T01:01:04.695736+02:00
307286664,de:11000:900058101:5:59,-0.2,2026-10-02T01:01:04.695736+02:00
307286664,de:11000:900068201:1:51,-0.8,2026-10-02T01:01:04.695736+02:00
307286664,de:11000:900079221:1:51,-0.4,2026-10-02T01:01:04.695736+02:00
307286664,de:11000:900078201:1:51,-0.1,2026-10-02T01:01:04.695736+02:00
307286664,de:11000:900077106:1:51,0.0,2026-10-02T01:01:04.695736+02:00
307286664,de:11000:900190001:2:52,-0.9,2026-10-02T01:01:04.695736+02:00
307286664,de:11000:900120003:5:59,-0.4,2026-10-02T01:01:04.695736+02:00
307286664,de:11000:900120001:1:51,0.0,2026-10-02T01:01:04.695736+02:00
307286664,de:11000:900110012:1:51,-0.2,2026-10-02T01:01:04.695736+02:00
307286664,de:11000:900110004:1:51,-0.1,2026-10-02T01:01:04.695736+02:00
307286664,de:11000:900110003:1:51,-0.4,2026-10-02T01:01:04.695736+02:00
307286664,de:11000:900110002:1:51,-0.4,2026-10-02T01:01:04.695736+02:00
307286664,de:11000:900110001:1:51,-0.1,2026-10-02T01:01:04.695736+02:00
307286664,de:11000:900007102:1:51,-0.6,2026-10-02T01:01:04.695736+02:00
307286664,de:11000:900009104:1:50,-0.8,2026-10-02T01:01:04.695736+02:00
307286664,de:11000:900001201:1:50,-0.3,2026-10-02T01:01:04.695736+02:00
307286664,de:11000:900020202:1:50,-0.1,2026-10-02T01:01:04.695736+02:00
295949435,de:12054:900230999:3:55,0.0,2026-10-02T01:01:04.695736+02:00
295949435,de:12054:900230000:1:50,-0.3,2026-10-02T01:01:04.695736+02:00
295949435,de:12054:900230003:1:54,-0.3,2026-10-02T01:01:04.695736+02:00
295949435,de:11000:900053301:2:53,-0.4,2026-10-02T01:01:04.695736+02:00
295949435,de:11000:900052201:2:53,-0.7,2026-10-02T01:01:04.695736+02:00
295949435,de:11000:900048101:2:53,-0.9,2026-10-02T01:01:04.695736+02:00
295949435,de:11000:900024102:2:53,-0.9,2026-10-02T01:01:04.695736+02:00
295949435,de:11000:900024101:3:55,-0.3,2026-10-02T01:01:04.695736+02:00
295949435,de:11000:900024203:1:51,-0.3,2026-10-02T01:01:04.695736+02:00
295949435,de:11000:900023201:3:54,-0.2,2026-10-02T01:01:04.695736+02:00
295949435,de:11000:900003103:1:50,-0.3,2026-10-02T01:01:04.695736+02:00
295949435,de:11000:900003102:1:50,-0.4,2026-10-02T01:01:04.695736+02:00
295949435,de:11000:900003201:3:54,0.0,2026-10-02T01:01:04.695736+02:00
295949435,de:11000:900100001:3:54,-0.6,2026-10-02T01:01:04.695736+02:00
295949435,de:11000:900100002:1:50,-0.9,2026-10-02T01:01:04.695736+02:00
295949435,de:11000:900100003:2:52,-0.6,2026-10-02T01:01:04.695736+02:00
295949435,de:11000:900100004:1:50,-0.9,2026-10-02T01:01:04.695736+02:00
295949435,de:11000:900120005:4:55,-0.1,2026-10-02T01:01:04.695736+02:00
295949435,de:11000:900120004:1:50,-0.6,2026-10-02T01:01:04.695736+02:00
295949435,de:11000:900120003:2:53,-0.9,2026-10-02T01:01:04.695736+02:00
295949435,de:11000:900160003:1:50,-0.2,2026-10-02T01:01:04.695736+02:00
295949435,de:11000:900160004:1:50,-0.2,2026-10-02T01:01:04.695736+02:00
295949435,de:11000:900171002:1:50,-0.7,2026-10-02T01:01:04.695736+02:00
295949435,de:11000:900171003:1:50,-0.8,2026-10-02T01:01:04.695736+02:00
295949435,de:11000:900170005:1:50,-0.3,2026-10-02T01:01:04.695736+02:00
295949435,de:11000:900170001:1:50,-0.1,2026-10-02T01:01:04.695736+02:00
295949435,de:11000:900170002:1:50,-0.9,2026-10-02T01:01:04.695736+02:00
295949435,de:11000:900170003:1:50,-0.7,2026-10-02T01:01:04.695736+02:00
295949435,de:11000:900170004:2:52,-0.9,2026-10-02T01:01:04.695736+02:00
295946264,de:11000:900170004:2:52,0.0,2026-10-02T01:01:04.695736+02:00
295946264,de:11000:900170003:1:51,-0.3,2026-10-02T01:01:04.695736+02:00
295946264,de:11000:900170002:1:51,-0.1,2026-10-02T01:01:04.695736+02:00
295946264,de:11000:900170001:1:51,-0.9,2026-10-02T01:01:04.695736+02:00
295946264,de:11000:900170005:1:51,-0.7,2026-10-02T01:01:04.695736+02:00
295946264,de:11000:900171003:1:51,-0.6,2026-10-02T01:01:04.695736+02:00
295946264,de:11000:900171002:1:51,-0.9,2026-10-02T01:01:04.695736+02:00
295946264,de:11000:900160004:1:51,-0.3,2026-10-02T01:01:04.695736+02:00
295946264,de:11000:900160003:1:51,-0.4,2026-10-02T01:01:04.695736+02:00
295946264,de:11000:900120003:3:55,-0.6,2026-10-02T01:01:04.695736+02:00
295946264,de:11000:900120004:2:53,-0.1,2026-10-02T01:01:04.695736+02:00
295946264,de:11000:900120005:5:58,-0.4,2026-10-02T01:01:04.695736+02:00
295946264,de:11000:900100004:1:51,-0.9,2026-10-02T01:01:04.695736+02:00
295946264,de:11000:900100003:2:53,-0.9,2026-10-02T01:01:04.695736+02:00
295946264,de:11000:900100002:1:51,-0.9,2026-10-02T01:01:04.695736+02:00
295946264,de:11000:900100001:3:55,-0.9,2026-10-02T01:01:04.695736+02:00
295946264,de:11000:900003201:3:55,-0.6,2026-10-02T01:01:04.695736+02:00
295946264,de:11000:900003102:1:51,-0.3,2026-10-02T01:01:04.695736+02:00
295946264,de:11000:900003103:1:51,-0.4,2026-10-02T01:01:04.695736+02:00
295946264,de:11000:900023201:3:55,-0.3,2026-10-02T01:01:04.695736+02:00
295946264,de:11000:900024203:1:51,-0.3,2026-10-02T01:01:04.695736+02:00
295946264,de:11000:900024101:4:57,-0.3,2026-10-02T01:01:04.695736+02:00
295946264,de:11000:900024102:1:50,-0.6,2026-10-02T01:01:04.695736+02:00
295946264,de:11000:900048101:1:50,-0.8,2026-10-02T01:01:04.695736+02:00
295946264,de:11000:900052201:2:52,0.0,2026-10-02T01:01:04.695736+02:00
295946264,de:11000:900053301:1:50,-0.4,2026-10-02T01:01:04.695736+02:00
295946264,de:12054:900230003:1:50,-0.4,2026-10-02T01:01:04.695736+02:00
295946264,de:12054:900230000:1:51,-0.4,2026-10-02T01:01:04.695736+02:00
295946264,de:12054:900230999:3:54,-0.9,2026-10-02T01:01:04.695736+02:00
295940236,de:11000:900176001:2:52,0.0,2026-10-02T01:01:04.695736+02:00
295940236,de:11000:900175002:1:50,-0.7,2026-10-02T01:01:04.695736+02:00
295940236,de:11000:900175001:1:50,-0.6,2026-10-02T01:01:04.695736+02:00
295940236,de:11000:900171001:1:50,-0.3,2026-10-02T01:01:04.695736+02:00
295940236,de:11000:900171002:1:51,-0.4,2026-10-02T01:01:04.695736+02:00
295940236,de:11000:900160004:1:51,-0.8,2026-10-02T01:01:04.695736+02:00
295940236,de:11000:900160003:1:51,-0.9,2026-10-02T01:01:04.695736+02:00
295940236,de:11000:900120003:3:54,-0.1,2026-10-02T01:01:04.695736+02:00
295940236,de:11000:900120004:2:52,-0.6,2026-10-02T01:01:04.695736+02:00
295879292,de:12065:900200005:3:1,0.0,2026-10-02T01:01:04.695736+02:00
295879292,de:12065:900200006:1:51,-0.3,2026-10-02T01:01:04.695736+02:00
295879292,de:12065:900200007:1:51,-0.7,2026-10-02T01:01:04.695736+02:00
295879292,de:12065:900200008:1:51,-0.2,2026-10-02T01:01:04.695736+02:00
295879292,de:12065:900200009:1:51,-0.1,2026-10-02T01:01:04.695736+02:00
295879292,de:11000:900092201:1:51,-0.7,2026-10-02T01:01:04.695736+02:00
295879292,de:11000:900093201:1:51,-0.4,2026-10-02T01:01:04.695736+02:00
295879292,de:11000:900094101:1:51,-0.8,2026-10-02T01:01:04.695736+02:00
295879292,de:11000:900096101:1:51,-0.1,2026-10-02T01:01:04.695736+02:00
295879292,de:11000:900084101:1:51,-0.2,2026-10-02T01:01:04.695736+02:00
295879292,de:11000:900085201:1:51,-0.8,2026-10-02T01:01:04.695736+02:00
295879292,de:11000:900130003:1:51,-0.8,2026-10-02T01:01:04.695736+02:00
295879292,de:11000:900110011:1:50,-0.9,2026-10-02T01:01:04.695736+02:00
295879292,de:11000:900007102:1:50,-0.9,2026-10-02T01:01:04.695736+02:00
295879292,de:11000:900008101:1:50,0.0,2026-10-02T01:01:04.695736+02:00
295879292,de:11000:900007104:1:51,-0.7,2026-10-02T01:01:04.695736+02:00
295879292,de:11000:900100007:1:50,-0.7,2026-10-02T01:01:04.695736+02:00
295879292,de:11000:900100001:4:56,-0.5,2026-10-02T01:01:04.695736+02:00
295879292,de:11000:900100025:1:50,-0.4,2026-10-02T01:01:04.695736+02:00
295879292,de:11000:900100020:3:54,-0.4,2026-10-02T01:01:04.695736+02:00
295879292,de:11000:900012101:1:51,-0.5,2026-10-02T01:01:04.695736+02:00
295879292,de:11000:900057102:1:50,-0.7,2026-10-02T01:01:04.695736+02:00
295879292,de:11000:900057104:2:51,-0.4,2026-10-02T01:01:04.695736+02:00
295879292,de:11000:900054104:1:50,-0.3,2026-10-02T01:01:04.695736+02:00
295879292,de:11000:900060101:1:50,-0.3,2026-10-02T01:01:04.695736+02:00
295879292,de:11000:900063101:1:50,-0.1,2026-10-02T01:01:04.695736+02:00
295879292,de:11000:900062202:1:50,-0.1,2026-10-02T01:01:04.695736+02:00
295879292,de:11000:900066102:1:50,-0.2,2026-10-02T01:01:04.695736+02:00
295879292,de:11000:900066101:1:50,-0.1,2026-10-02T01:01:04.695736+02:00
295879292,de:11000:900049202:1:50,-0.3,2026-10-02T01:01:04.695736+02:00
295879292,de:11000:900049201:1:50,-0.4,2026-10-02T01:01:04.695736+02:00
295879292,de:11000:900050301:1:50,0.0,2026-10-02T01:01:04.695736+02:00
295879292,de:11000:900050355:1:50,-0.1,2026-10-02T01:01:04.695736+02:00
295879292,de:11000:900052201:1:50,-0.5,2026-10-02T01:01:04.695736+02:00
295879292,de:11000:900053301:1:51,-0.9,2026-10-02T01:01:04.695736+02:00
307307068,de:12064:900320001:1:50,0.0,2026-10-02T01:01:04.695736+02:00
307307068,de:12064:900320002:1:50,-0.3,2026-10-02T01:01:04.695736+02:00
307307068,de:12064:900320003:1:50,-0.1,2026-10-02T01:01:04.695736+02:00
307307068,de:12064:900320004:2:51,-0.8,2026-10-02T01:01:04.695736+02:00
307307068,de:12064:900320005:1:50,0.0,2026-10-02T01:01:04.695736+02:00
307307068,de:12064:900320006:1:51,-0.8,2026-10-02T01:01:04.695736+02:00
307307068,de:12064:900320007:1:50,-0.8,2026-10-02T01:01:04.695736+02:00
307307068,de:12064:900320008:1:51,-0.5,2026-10-02T01:01:04.695736+02:00
307307068,de:12064:900320026:1:50,-0.3,2026-10-02T01:01:04.695736+02:00
307307068,de:11000:900176001:2:53,-0.7,2026-10-02T01:01:04.695736+02:00
306047968,de:12064:900320008::2,0.0,2026-10-02T01:01:04.695736+02:00
306047968,de:12064:900320050::2,0.0,2026-10-02T01:01:04.695736+02:00
306047968,de:12064:900320118::1,0.0,2026-10-02T01:01:04.695736+02:00
306047968,de:12064:900320117::1,0.0,2026-10-02T01:01:04.695736+02:00
306047968,de:12064:900320121::1,0.0,2026-10-02T01:01:04.695736+02:00
306047968,de:12064:900320122::1,0.0,2026-10-02T01:01:04.695736+02:00
306047968,de:12064:900320123::1,0.0,2026-10-02T01:01:04.695736+02:00
306047968,de:12064:900320905::1,0.0,2026-10-02T01:01:04.695736+02:00
306047968,de:12064:900320906::1,0.0,2026-10-02T01:01:04.695736+02:00
306047968,de:12064:900320903::1,0.0,2026-10-02T01:01:04.695736+02:00
306047968,de:12064:900320902::1,0.0,2026-10-02T01:01:04.695736+02:00
306047968,de:12064:900320900::1,0.0,2026-10-02T01:01:04.695736+02:00
306051707,de:12064:900320006::1,0.0,2026-10-02T01:01:04.695736+02:00
306051707,de:12064:900320639::2,0.0,2026-10-02T01:01:04.695736+02:00
306051707,de:12064:900320650::1,0.0,2026-10-02T01:01:04.695736+02:00
306051707,de:12064:900320652::1,0.0,2026-10-02T01:01:04.695736+02:00
306051707,de:12064:900320657::1,0.0,2026-10-02T01:01:04.695736+02:00
306051707,de:12064:900320658::1,0.0,2026-10-02T01:01:04.695736+02:00
306051707,de:12064:900320653::1,0.0,2026-10-02T01:01:04.695736+02:00
306051707,de:12064:900320654::1,0.0,2026-10-02T01:01:04.695736+02:00
306051707,de:12064:900320655::1,0.0,2026-10-02T01:01:04.695736+02:00
306051707,de:12064:900320268::1,0.0,2026-10-02T01:01:04.695736+02:00
306051707,de:12064:900320257::1,0.0,2026-10-02T01:01:04.695736+02:00
306051707,de:12064:900320261::1,0.0,2026-10-02T01:01:04.695736+02:00
306051707,de:12064:900320256::1,0.0,2026-10-02T01:01:04.695736+02:00
306051707,de:12064:900320272::1,0.0,2026-10-02T01:01:04.695736+02:00
306051707,de:12064:900320256::2,0.0,2026-10-02T01:01:04.695736+02:00
306051707,de:12064:900320265::1,0.0,2026-10-02T01:01:04.695736+02:00
306051707,de:12064:900320260::1,0.0,2026-10-02T01:01:04.695736+02:00
306051707,de:12064:900320246::4,0.0,2026-10-02T01:01:04.695736+02:00
306051707,de:12064:900320283::1,0.0,2026-10-02T01:01:04.695736+02:00
306051707,de:12064:900320252::1,0.0,2026-10-02T01:01:04.695736+02:00
306051707,de:12064:900320253::1,0.0,2026-10-02T01:01:04.695736+02:00
306051707,de:12064:900320255::1,0.0,2026-10-02T01:01:04.695736+02:00
306051707,de:12064:900320250::2,0.0,2026-10-02T01:01:04.695736+02:00
307440501,de:12065:900200000:1:50,0.0,2026-10-02T01:01:04.695736+02:00
307440501,de:12065:900200004:1:50,0.0,2026-10-02T01:01:04.695736+02:00
307440501,de:12065:900203452:1:50,0.0,2026-10-02T01:01:04.695736+02:00
307440501,de:12065:900203491:1:50,0.0,2026-10-02T01:01:04.695736+02:00
307440501,de:12068:900205005:2:51,0.0,2026-10-02T01:01:04.695736+02:00
307440501,de:12068:900205006:2:51,0.0,2026-10-02T01:01:04.695736+02:00
306050737,de:12064:900320004::4,0.0,2026-10-02T01:01:04.695736+02:00
306050737,de:12064:900320561::1,0.0,2026-10-02T01:01:04.695736+02:00
306050737,de:12064:900320562::1,0.0,2026-10-02T01:01:04.695736+02:00
306050737,de:12064:900320999::1,0.0,2026-10-02T01:01:04.695736+02:00
306050737,de:12064:900320998::1,0.0,2026-10-02T01:01:04.695736+02:00
306050737,de:12064:900320960::1,0.0,2026-10-02T01:01:04.695736+02:00
306050737,de:12064:900320659::1,0.0,2026-10-02T01:01:04.695736+02:00
306050737,de:12064:900320273::1,0.0,2026-10-02T01:01:04.695736+02:00
306050737,de:12064:900320282::1,0.0,2026-10-02T01:01:04.695736+02:00
306050737,de:12064:900320274::1,0.0,2026-10-02T01:01:04.695736+02:00
306050737,de:12064:900320275::1,0.0,2026-10-02T01:01:04.695736+02:00
306050737,de:12064:900320262::1,0.0,2026-10-02T01:01:04.695736+02:00
306050737,de:12064:900320263::1,0.0,2026-10-02T01:01:04.695736+02:00
306050737,de:12064:900320264::1,0.0,2026-10-02T01:01:04.695736+02:00
306050737,de:12064:900320242::1,0.0,2026-10-02T01:01:04.695736+02:00
306050737,de:12064:900320249::3,0.0,2026-10-02T01:01:04.695736+02:00
306050737,de:12064:900320283::1,0.0,2026-10-02T01:01:04.695736+02:00
306050737,de:12064:900320252::1,0.0,2026-10-02T01:01:04.695736+02:00
306050737,de:12064:900320246::3,0.0,2026-10-02T01:01:04.695736+02:00
306050737,de:12064:900320254::1,0.0,2026-10-02T01:01:04.695736+02:00
306050737,de:12067:900310530::1,0.0,2026-10-02T01:01:04.695736+02:00
306050737,de:12067:900310531::1,0.0,2026-10-02T01:01:04.695736+02:00
306050737,de:12067:900310532::1,0.0,2026-10-02T01:01:04.695736+02:00
306050737,de:12067:900310533::1,0.0,2026-10-02T01:01:04.695736+02:00
306050737,de:12067:900310534::2,0.0,2026-10-02T01:01:04.695736+02:00
306050737,de:11000:900310550::2,0.0,2026-10-02T01:01:04.695736+02:00
306050737,de:12067:900310572::2,0.0,2026-10-02T01:01:04.695736+02:00
306050737,de:12067:900310013::2,0.0,2026-10-02T01:01:04.695736+02:00
306049341,de:12064:900320005::2,0.0,2026-10-02T01:01:04.695736+02:00
306049341,de:12064:900320635::2,0.0,2026-10-02T01:01:04.695736+02:00
306049341,de:12064:900320611::2,0.0,2026-10-02T01:01:04.695736+02:00
306049341,de:12064:900320631::2,0.0,2026-10-02T01:01:04.695736+02:00
306049341,de:12064:900320701::2,0.0,2026-10-02T01:01:04.695736+02:00
306049341,de:12064:900320700::2,0.0,2026-10-02T01:01:04.695736+02:00
306049341,de:12064:900320684::2,0.0,2026-10-02T01:01:04.695736+02:00
306049341,de:12064:900320703::2,0.0,2026-10-02T01:01:04.695736+02:00
306049341,de:12064:900320683::2,0.0,2026-10-02T01:01:04.695736+02:00
306049341,de:12064:900320688::2,0.0,2026-10-02T01:01:04.695736+02:00
306049341,de:12064:900320677::2,0.0,2026-10-02T01:01:04.695736+02:00
306049341,de:12064:900320687::2,0.0,2026-10-02T01:01:04.695736+02:00
306049341,de:12064:900320681::2,0.0,2026-10-02T01:01:04.695736+02:00
306049341,de:12064:900320676::2,0.0,2026-10-02T01:01:04.695736+02:00
306049341,de:12064:900320009::1,0.0,2026-10-02T01:01:04.695736+02:00
306052191,de:12064:900321742::3,0.0,2026-10-02T01:01:04.695736+02:00
306052191,de:12064:900321747::1,0.0,2026-10-02T01:01:04.695736+02:00
306052191,de:12064:900321750::1,0.0,2026-10-02T01:01:04.695736+02:00
306052191,de:12064:900321471::1,0.0,2026-10-02T01:01:04.695736+02:00
306052191,de:12064:900321603::1,0.0,2026-10-02T01:01:04.695736+02:00
306052191,de:12064:900321604::1,0.0,2026-10-02T01:01:04.695736+02:00
306052191,de:12064:900321433::1,0.0,2026-10-02T01:01:04.695736+02:00
306052191,de:12064:900321582::1,0.0,2026-10-02T01:01:04.695736+02:00
306052191,de:12064:900321435::2,0.0,2026-10-02T01:01:04.695736+02:00
306052191,de:12064:900321437::1,0.0,2026-10-02T01:01:04.695736+02:00
306052191,de:12064:900321434::1,0.0,2026-10-02T01:01:04.695736+02:00
306052191,de:12064:900321309::1,0.0,2026-10-02T01:01:04.695736+02:00
306053174,de:12064:900321673::1,0.0,2026-10-02T01:01:04.695736+02:00
306053174,de:12064:900321400::2,0.0,2026-10-02T01:01:04.695736+02:00
306053174,de:12064:900321403::1,0.0,2026-10-02T01:01:04.695736+02:00
306053174,de:12064:900321401::2,0.0,2026-10-02T01:01:04.695736+02:00
306053174,de:12064:900321403::2,0.0,2026-10-02T01:01:04.695736+02:00
306053174,de:12064:900321560::2,0.0,2026-10-02T01:01:04.695736+02:00
306053174,de:12064:900321562::2,0.0,2026-10-02T01:01:04.695736+02:00
306053174,de:12064:900321561::2,0.0,2026-10-02T01:01:04.695736+02:00
306053174,de:12064:900321563::2,0.0,2026-10-02T01:01:04.695736+02:00
306053174,de:12064:900321565::2,0.0,2026-10-02T01:01:04.695736+02:00
306053174,de:12064:900321566::2,0.0,2026-10-02T01:01:04.695736+02:00
306053174,de:12064:900321876::1,0.0,2026-10-02T01:01:04.695736+02:00
306053174,de:12064:900321746::2,0.0,2026-10-02T01:01:04.695736+02:00
306053174,de:12064:900321742::6,0.0,2026-10-02T01:01:04.695736+02:00
306051555,de:12064:900320250::2,0.0,2026-10-02T01:01:04.695736+02:00
306051555,de:12064:900320255::2,0.0,2026-10-02T01:01:04.695736+02:00
306051555,de:12064:900320253::2,0.0,2026-10-02T01:01:04.695736+02:00
306051555,de:12064:900320252::2,0.0,2026-10-02T01:01:04.695736+02:00
306051555,de:12064:900320283::2,0.0,2026-10-02T01:01:04.695736+02:00
306051555,de:12064:900320246::3,0.0,2026-10-02T01:01:04.695736+02:00
306051555,de:12064:900320260::2,0.0,2026-10-02T01:01:04.695736+02:00
306051555,de:12064:900320265::2,0.0,2026-10-02T01:01:04.695736+02:00
306051555,de:12064:900320256::1,0.0,2026-10-02T01:01:04.695736+02:00
306051555,de:12064:900320272::1,0.0,2026-10-02T01:01:04.695736+02:00
306051555,de:12064:900320256::2,0.0,2026-10-02T01:01:04.695736+02:00
306051555,de:12064:900320261::2,0.0,2026-10-02T01:01:04.695736+02:00
306051555,de:12064:900320257::2,0.0,2026-10-02T01:01:04.695736+02:00
306051555,de:12064:900320268::2,0.0,2026-10-02T01:01:04.695736+02:00
306051555,de:12064:900320655::1,0.0,2026-10-02T01:01:04.695736+02:00
306051555,de:12064:900320654::2,0.0,2026-10-02T01:01:04.695736+02:00
306051555,de:12064:900320653::2,0.0,2026-10-02T01:01:04.695736+02:00
306051555,de:12064:900320658::2,0.0,2026-10-02T01:01:04.695736+02:00
306051555,de:12064:900320657::2,0.0,2026-10-02T01:01:04.695736+02:00
306051555,de:12064:900320652::2,0.0,2026-10-02T01:01:04.695736+02:00
306051555,de:12064:900320650::2,0.0,2026-10-02T01:01:04.695736+02:00
306051555,de:12064:900320639::1,0.0,2026-10-02T01:01:04.695736+02:00
306051555,de:12064:900320006::1,0.0,2026-10-02T01:01:04.695736+02:00
307444498,de:11000:900029101:3:54,0.0,2026-10-02T01:01:04.695736+02:00
307444498,de:11000:900020201:1:50,0.0,2026-10-02T01:01:04.695736+02:00
307444498,de:11000:900003200:2:53,0.0,2026-10-02T01:01:04.695736+02:00
307444498,de:11000:900100020:1:51,0.0,2026-10-02T01:01:04.695736+02:00
307444498,de:11000:900058101:3:54,0.0,2026-10-02T01:01:04.695736+02:00
307444498,de:11000:900064301:1:50,0.0,2026-10-02T01:01:04.695736+02:00
307444498,de:12072:900245029:1:51,0.0,2026-10-02T01:01:04.695736+02:00
307444498,de:12072:900245037:1:50,0.0,2026-10-02T01:01:04.695736+02:00
307444498,de:12072:900245010:1:50,0.0,2026-10-02T01:01:04.695736+02:00
307444498,de:12072:900245016:1:50,0.0,2026-10-02T01:01:04.695736+02:00
307444498,de:12072:900245002:2:52,0.0,2026-10-02T01:01:04.695736+02:00
306046372,de:11000:900175010::4,0.0,2026-10-02T01:01:04.695736+02:00
306046372,de:12064:900320520::1,0.0,2026-10-02T01:01:04.695736+02:00
306046372,de:11000:900320502::1,0.0,2026-10-02T01:01:04.695736+02:00
306046372,de:11000:900176011::1,0.0,2026-10-02T01:01:04.695736+02:00
306046372,de:11000:900176519::1,0.0,2026-10-02T01:01:04.695736+02:00
306046372,de:12064:900320026::1,0.0,2026-10-02T01:01:04.695736+02:00
306046372,de:12064:900320501::1,0.0,2026-10-02T01:01:04.695736+02:00
306046372,de:12064:900320019::1,0.0,2026-10-02T01:01:04.695736+02:00
306046372,de:12064:900320018::1,0.0,2026-10-02T01:01:04.695736+02:00
306046372,de:12064:900320034::1,0.0,2026-10-02T01:01:04.695736+02:00
306046372,de:12064:900320028::1,0.0,2026-10-02T01:01:04.695736+02:00
306043904,de:12064:900320909::1,0.0,2026-10-02T01:01:04.695736+02:00
306043904,de:12064:900320908::2,0.0,2026-10-02T01:01:04.695736+02:00
306043904,de:12064:900320907::2,0.0,2026-10-02T01:01:04.695736+02:00
306043904,de:12064:900320918::2,0.0,2026-10-02T01:01:04.695736+02:00
306043904,de:12064:900320914::2,0.0,2026-10-02T01:01:04.695736+02:00
306043904,de:12064:900320915::1,0.0,2026-10-02T01:01:04.695736+02:00
306043904,de:12064:900320903::1,0.0,2026-10-02T01:01:04.695736+02:00
306043904,de:12064:900320902::1,0.0,2026-10-02T01:01:04.695736+02:00
306043904,de:12064:900320900::1,0.0,2026-10-02T01:01:04.695736+02:00
306043904,de:12064:900320900::2,0.0,2026-10-02T01:01:04.695736+02:00
306043904,de:12064:900320902::2,0.0,2026-10-02T01:01:04.695736+02:00
306043904,de:12064:900320903::2,0.0,2026-10-02T01:01:04.695736+02:00
306043904,de:12064:900320915::2,0.0,2026-10-02T01:01:04.695736+02:00
306043904,de:12064:900320917::1,0.0,2026-10-02T01:01:04.695736+02:00
306043904,de:12064:900320017::1,0.0,2026-10-02T01:01:04.695736+02:00
306043904,de:12064:900320525::1,0.0,2026-10-02T01:01:04.695736+02:00
306043904,de:12064:900320524::1,0.0,2026-10-02T01:01:04.695736+02:00
306043904,de:11000:900175010::6,0.0,2026-10-02T01:01:04.695736+02:00
306042939,de:12064:900320819::1,0.0,2026-10-02T01:01:04.695736+02:00
306042939,de:12064:900320821::1,0.0,2026-10-02T01:01:04.695736+02:00
306042939,de:12064:900320822::1,0.0,2026-10-02T01:01:04.695736+02:00
306042939,de:12064:900320825::1,0.0,2026-10-02T01:01:04.695736+02:00
306042939,de:12064:900320824::1,0.0,2026-10-02T01:01:04.695736+02:00
306042939,de:12064:900320827::1,0.0,2026-10-02T01:01:04.695736+02:00
306042939,de:12064:900320803::1,0.0,2026-10-02T01:01:04.695736+02:00
306042939,de:12064:900320828::1,0.0,2026-10-02T01:01:04.695736+02:00
306042939,de:12064:900320828::1,-4.0,2026-10-02T01:01:04.695736+02:00
306042939,de:12064:900320802::1,0.0,2026-10-02T01:01:04.695736+02:00
306042939,de:12064:900320828::1,4.0,2026-10-02T01:01:04.695736+02:00
306042939,de:12064:900320828::1,0.0,2026-10-02T01:01:04.695736+02:00
306042939,de:12064:900320014::1,0.0,2026-10-02T01:01:04.695736+02:00
307286600,de:11000:900024101:3:54,0.0,2026-10-02T01:01:04.695736+02:00
307286600,de:11000:900040101:1:50,-0.2,2026-10-02T01:01:04.695736+02:00
307286600,de:11000:900044101:1:50,-0.3,2026-10-02T01:01:04.695736+02:00
307286600,de:11000:900045102:1:51,-0.4,2026-10-02T01:01:04.695736+02:00
307286600,de:11000:900044202:1:51,-0.4,2026-10-02T01:01:04.695736+02:00
307286600,de:11000:900054105:1:51,-0.2,2026-10-02T01:01:04.695736+02:00
307286600,de:11000:900054104:2:53,-0.8,2026-10-02T01:01:04.695736+02:00
307286600,de:11000:900058101:5:59,-0.2,2026-10-02T01:01:04.695736+02:00
307286600,de:11000:900068201:1:51,-0.8,2026-10-02T01:01:04.695736+02:00
307286600,de:11000:900079221:1:51,-0.4,2026-10-02T01:01:04.695736+02:00
307286600,de:11000:900078201:1:51,-0.1,2026-10-02T01:01:04.695736+02:00
307286600,de:11000:900077106:1:51,0.0,2026-10-02T01:01:04.695736+02:00
307286600,de:11000:900190001:2:52,-0.9,2026-10-02T01:01:04.695736+02:00
307286600,de:11000:900120003:5:59,-0.4,2026-10-02T01:01:04.695736+02:00
307286600,de:11000:900120001:1:51,0.0,2026-10-02T01:01:04.695736+02:00
307286600,de:11000:900110012:1:51,-0.2,2026-10-02T01:01:04.695736+02:00
307286600,de:11000:900110004:1:51,-0.1,2026-10-02T01:01:04.695736+02:00
307286600,de:11000:900110003:1:51,-0.4,2026-10-02T01:01:04.695736+02:00
307286600,de:11000:900110002:1:51,-0.4,2026-10-02T01:01:04.695736+02:00
307286600,de:11000:900110001:1:51,-0.1,2026-10-02T01:01:04.695736+02:00
307286600,de:11000:900007102:1:51,-0.6,2026-10-02T01:01:04.695736+02:00
307286600,de:11000:900009104:1:51,-0.8,2026-10-02T01:01:04.695736+02:00
307286600,de:11000:900001201:1:51,-0.3,2026-10-02T01:01:04.695736+02:00
307286600,de:11000:900020202:1:51,-0.1,2026-10-02T01:01:04.695736+02:00
295941747,de:11000:900176001:2:53,0.0,2026-10-02T01:01:04.695736+02:00
295941747,de:12064:900320026:1:51,-0.1,2026-10-02T01:01:04.695736+02:00
295941747,de:12064:900320008:1:50,-0.7,2026-10-02T01:01:04.695736+02:00
295941747,de:12064:900320007:1:50,-0.4,2026-10-02T01:01:04.695736+02:00
295941747,de:12064:900320006:1:50,-0.8,2026-10-02T01:01:04.695736+02:00
295941747,de:12064:900320005:1:50,-0.2,2026-10-02T01:01:04.695736+02:00
295941747,de:12064:900320004:2:51,-0.9,2026-10-02T01:01:04.695736+02:00
295941747,de:12064:900320003:1:50,-0.8,2026-10-02T01:01:04.695736+02:00
295941747,de:12064:900320002:1:50,-0.5,2026-10-02T01:01:04.695736+02:00
295941747,de:12064:900320001:1:50,-0.2,2026-10-02T01:01:04.695736+02:00
307276851,de:12067:900310004:3:52,0.0,2026-10-02T01:01:04.695736+02:00
307276851,de:11000:900183002:1:50,-0.1,2026-10-02T01:01:04.695736+02:00
307276851,de:11000:900183001:1:50,-0.4,2026-10-02T01:01:04.695736+02:00
307276851,de:11000:900182002:1:50,0.0,2026-10-02T01:01:04.695736+02:00
307276851,de:11000:900182001:1:50,-0.2,2026-10-02T01:01:04.695736+02:00
307276851,de:11000:900180001:1:50,-0.3,2026-10-02T01:01:04.695736+02:00
307276851,de:11000:900180002:1:51,-0.1,2026-10-02T01:01:04.695736+02:00
307276851,de:11000:900162001:1:51,-0.9,2026-10-02T01:01:04.695736+02:00
295879403,de:11000:900053301:2:52,0.0,2026-10-02T01:01:04.695736+02:00
295879403,de:11000:900052201:1:51,0.0,2026-10-02T01:01:04.695736+02:00
295879403,de:11000:900050355:1:51,-0.3,2026-10-02T01:01:04.695736+02:00
295879403,de:11000:900050301:1:51,-0.4,2026-10-02T01:01:04.695736+02:00
295879403,de:11000:900049201:1:51,0.0,2026-10-02T01:01:04.695736+02:00
295879403,de:11000:900049202:1:51,0.0,2026-10-02T01:01:04.695736+02:00
295879403,de:11000:900066101:1:51,-0.3,2026-10-02T01:01:04.695736+02:00
295879403,de:11000:900066102:1:51,-0.2,2026-10-02T01:01:04.695736+02:00
295879403,de:11000:900062202:1:51,-0.2,2026-10-02T01:01:04.695736+02:00
295879403,de:11000:900063101:1:51,-0.2,2026-10-02T01:01:04.695736+02:00
295879403,de:11000:900060101:1:51,-0.9,2026-10-02T01:01:04.695736+02:00
295879403,de:11000:900054104:1:51,-0.9,2026-10-02T01:01:04.695736+02:00
295879403,de:11000:900057104:1:50,-0.4,2026-10-02T01:01:04.695736+02:00
295879403,de:11000:900057102:1:51,-0.1,2026-10-02T01:01:04.695736+02:00
295879403,de:11000:900012101:2:52,-0.9,2026-10-02T01:01:04.695736+02:00
295879403,de:11000:900100020:4:57,-0.3,2026-10-02T01:01:04.695736+02:00
295879403,de:11000:900100025:1:51,-0.4,2026-10-02T01:01:04.695736+02:00
295879403,de:11000:900100001:4:57,-0.1,2026-10-02T01:01:04.695736+02:00
295879403,de:11000:900100007:1:51,-0.2,2026-10-02T01:01:04.695736+02:00
295879403,de:11000:900007104:2:52,-0.2,2026-10-02T01:01:04.695736+02:00
295879403,de:11000:900008101:1:51,-0.9,2026-10-02T01:01:04.695736+02:00
295879403,de:11000:900007102:2:53,-0.6,2026-10-02T01:01:04.695736+02:00
295879403,de:11000:900110011:2:53,-0.9,2026-10-02T01:01:04.695736+02:00
295879403,de:11000:900085201:1:50,-0.9,2026-10-02T01:01:04.695736+02:00
295879403,de:11000:900084101:1:50,-0.7,2026-10-02T01:01:04.695736+02:00
295879403,de:11000:900096101:1:50,-0.8,2026-10-02T01:01:04.695736+02:00
295879403,de:11000:900094101:1:50,-0.1,2026-10-02T01:01:04.695736+02:00
295879403,de:11000:900093201:1:50,-0.4,2026-10-02T01:01:04.695736+02:00
295879403,de:11000:900092201:1:50,-0.2,2026-10-02T01:01:04.695736+02:00
295879403,de:12065:900200009:1:50,-0.7,2026-10-02T01:01:04.695736+02:00
295879403,de:12065:900200008:1:50,-0.7,2026-10-02T01:01:04.695736+02:00
295879403,de:12065:900200007:1:50,-0.2,2026-10-02T01:01:04.695736+02:00
295879403,de:12065:900200006:1:50,-0.5,2026-10-02T01:01:04.695736+02:00
295879403,de:12065:900200005:3:1,-0.9,2026-10-02T01:01:04.695736+02:00
307434479,de:11000:900192001:1:50,0.0,2026-10-02T01:01:04.695736+02:00
307434479,de:11000:900120003:4:57,0.0,2026-10-02T01:01:04.695736+02:00
307434479,de:11000:900007102:4:56,0.0,2026-10-02T01:01:04.695736+02:00
307434479,de:11000:900029101:2:52,-1.0,2026-10-02T01:01:04.695736+02:00
307434479,de:11000:900037168:1:50,0.0,2026-10-02T01:01:04.695736+02:00
307434479,de:12063:900210180:1:50,0.0,2026-10-02T01:01:04.695736+02:00
307434479,de:12063:900210010:1:50,0.0,2026-10-02T01:01:04.695736+02:00
307434479,de:12063:900210011:1:50,0.0,2026-10-02T01:01:04.695736+02:00
307434479,de:12063:900210326:1:50,0.0,2026-10-02T01:01:04.695736+02:00
307434479,de:12063:900210005:1:50,0.0,2026-10-02T01:01:04.695736+02:00
307430007,de:11000:900003200:1:50,0.0,2026-10-02T01:01:04.695736+02:00
307430007,de:11000:900007102:5:58,0.0,2026-10-02T01:01:04.695736+02:00
307430007,de:11000:900152001:2:52,0.0,2026-10-02T01:01:04.695736+02:00
307430007,de:12061:900260009:2:54,0.0,2026-10-02T01:01:04.695736+02:00
307258560,de:11000:900143001:1:51,0.0,2026-10-02T01:01:04.695736+02:00
307258560,de:11000:900142001:1:51,-0.3,2026-10-02T01:01:04.695736+02:00
307258560,de:11000:900130001:1:51,-0.8,2026-10-02T01:01:04.695736+02:00
307258560,de:11000:900130002:1:51,-0.3,2026-10-02T01:01:04.695736+02:00
307258560,de:11000:900110011:1:51,-0.7,2026-10-02T01:01:04.695736+02:00
307258560,de:11000:900007102:1:50,-0.7,2026-10-02T01:01:04.695736+02:00
307258560,de:11000:900008101:1:50,-0.5,2026-10-02T01:01:04.695736+02:00
307258560,de:11000:900007104:1:51,-0.2,2026-10-02T01:01:04.695736+02:00
307258560,de:11000:900100007:1:50,-0.2,2026-10-02T01:01:04.695736+02:00
307258560,de:11000:900100001:4:56,0.0,2026-10-02T01:01:04.695736+02:00
307258560,de:11000:900100025:1:50,-0.9,2026-10-02T01:01:04.695736+02:00
307258560,de:11000:900100020:3:54,-0.9,2026-10-02T01:01:04.695736+02:00
307258560,de:11000:900012101:1:51,0.0,2026-10-02T01:01:04.695736+02:00
307258560,de:11000:900058103:1:50,-0.8,2026-10-02T01:01:04.695736+02:00
307258560,de:11000:900058101:1:50,-0.4,2026-10-02T01:01:04.695736+02:00
307258560,de:11000:900058102:1:50,-0.4,2026-10-02T01:01:04.695736+02:00
307258560,de:11000:900068301:1:50,-0.7,2026-10-02T01:01:04.695736+02:00
307258560,de:11000:900073101:1:50,-0.9,2026-10-02T01:01:04.695736+02:00
307258560,de:11000:900072101:1:50,-0.2,2026-10-02T01:01:04.695736+02:00
307258560,de:11000:900074202:1:50,-0.2,2026-10-02T01:01:04.695736+02:00
307258560,de:11000:900074201:1:50,-0.4,2026-10-02T01:01:04.695736+02:00
307258560,de:12072:900245028:1:51,-0.9,2026-10-02T01:01:04.695736+02:00
307258560,de:12072:900245027:2:52,-0.9,2026-10-02T01:01:04.695736+02:00
307318856,de:11000:900151001:1:51,0.0,2026-10-02T01:01:04.695736+02:00
307318856,de:11000:900152001:1:51,-0.6,2026-10-02T01:01:04.695736+02:00
307318856,de:11000:900152002:1:51,-0.2,2026-10-02T01:01:04.695736+02:00
307318856,de:11000:900171003:1:51,-0.9,2026-10-02T01:01:04.695736+02:00
307318856,de:11000:900171002:1:51,-0.9,2026-10-02T01:01:04.695736+02:00
307318856,de:11000:900160004:1:51,-0.3,2026-10-02T01:01:04.695736+02:00
307318856,de:11000:900160003:1:51,-0.4,2026-10-02T01:01:04.695736+02:00
307318856,de:11000:900120003:3:54,-0.6,2026-10-02T01:01:04.695736+02:00
307318856,de:11000:900120004:2:52,-0.1,2026-10-02T01:01:04.695736+02:00
307280607,de:11000:900020202:1:51,0.0,2026-10-02T01:01:04.695736+02:00
307280607,de:11000:900001201:1:51,-0.2,2026-10-02T01:01:04.695736+02:00
307280607,de:11000:900009104:1:51,-0.8,2026-10-02T01:01:04.695736+02:00
307280607,de:11000:900007102:2:52,-0.9,2026-10-02T01:01:04.695736+02:00
307280607,de:11000:900110001:1:50,-0.6,2026-10-02T01:01:04.695736+02:00
307280607,de:11000:900110002:1:50,-0.4,2026-10-02T01:01:04.695736+02:00
307280607,de:11000:900110003:1:50,-0.4,2026-10-02T01:01:04.695736+02:00
307280607,de:11000:900110004:1:50,-0.8,2026-10-02T01:01:04.695736+02:00
307280607,de:11000:900110012:1:50,-0.7,2026-10-02T01:01:04.695736+02:00
307280607,de:11000:900120001:1:50,-0.7,2026-10-02T01:01:04.695736+02:00
307280607,de:11000:900120003:5:58,-0.1,2026-10-02T01:01:04.695736+02:00
307280607,de:11000:900190001:1:50,-0.4,2026-10-02T01:01:04.695736+02:00
307280607,de:11000:900077106:1:50,-0.4,2026-10-02T01:01:04.695736+02:00
307280607,de:11000:900078201:1:50,-0.3,2026-10-02T01:01:04.695736+02:00
307280607,de:11000:900079221:1:50,-0.2,2026-10-02T01:01:04.695736+02:00
307280607,de:11000:900068201:1:50,-0.8,2026-10-02T01:01:04.695736+02:00
307280607,de:11000:900058101:5:58,-0.1,2026-10-02T01:01:04.695736+02:00
307280607,de:11000:900054104:2:52,-0.2,2026-10-02T01:01:04.695736+02:00
307280607,de:11000:900054105:1:50,-0.9,2026-10-02T01:01:04.695736+02:00
307280607,de:11000:900044202:1:50,-0.7,2026-10-02T01:01:04.695736+02:00
307280607,de:11000:900045102:1:50,-0.7,2026-10-02T01:01:04.695736+02:00
307280607,de:11000:900044101:1:50,-0.8,2026-10-02T01:01:04.695736+02:00
307280607,de:11000:900040101:1:50,-0.8,2026-10-02T01:01:04.695736+02:00
307275442,de:11000:900182002:1:50,0.0,2026-10-02T01:01:04.695736+02:00
307275442,de:11000:900182001:1:50,-0.2,2026-10-02T01:01:04.695736+02:00
307275442,de:11000:900180001:1:50,-0.3,2026-10-02T01:01:04.695736+02:00
307275442,de:11000:900180002:1:50,-0.9,2026-10-02T01:01:04.695736+02:00
306046683,de:12064:900320008::4,0.0,2026-10-02T01:01:04.695736+02:00
306046683,de:12064:900320047::1,0.0,2026-10-02T01:01:04.695736+02:00
306046683,de:12064:900320041::1,0.0,2026-10-02T01:01:04.695736+02:00
306046683,de:12064:900320042::1,0.0,2026-10-02T01:01:04.695736+02:00
306046683,de:12064:900320043::1,0.0,2026-10-02T01:01:04.695736+02:00
306046683,de:12064:900320044::1,0.0,2026-10-02T01:01:04.695736+02:00
306046683,de:12064:900320045::1,0.0,2026-10-02T01:01:04.695736+02:00
306046683,de:12064:900320048::1,0.0,2026-10-02T01:01:04.695736+02:00
306046683,de:12064:900320046::1,0.0,2026-10-02T01:01:04.695736+02:00
306046683,de:12064:900320008::1,0.0,2026-10-02T01:01:04.695736+02:00
306048504,de:12064:900320025::3,0.0,2026-10-02T01:01:04.695736+02:00
306048504,de:12064:900320556::1,0.0,2026-10-02T01:01:04.695736+02:00
306048504,de:12064:900320560::1,0.0,2026-10-02T01:01:04.695736+02:00
306048504,de:12064:900320558::1,0.0,2026-10-02T01:01:04.695736+02:00
306048504,de:12064:900320557::1,0.0,2026-10-02T01:01:04.695736+02:00
306048504,de:12064:900320554::1,0.0,2026-10-02T01:01:04.695736+02:00
306048504,de:12064:900320001::3,0.0,2026-10-02T01:01:04.695736+02:00
306048504,de:12064:900320559::2,0.0,2026-10-02T01:01:04.695736+02:00
306048504,de:12064:900320564::1,0.0,2026-10-02T01:01:04.695736+02:00
306047344,de:12064:900320008::2,0.0,2026-10-02T01:01:04.695736+02:00
306047344,de:12064:900320050::2,0.0,2026-10-02T01:01:04.695736+02:00
306047344,de:12064:900320120::1,0.0,2026-10-02T01:01:04.695736+02:00
306047344,de:12064:900320119::1,0.0,2026-10-02T01:01:04.695736+02:00
306047344,de:12064:900320017::1,0.0,2026-10-02T01:01:04.695736+02:00
306047344,de:12064:900320523::1,0.0,2026-10-02T01:01:04.695736+02:00
306047344,de:12064:900320510::2,0.0,2026-10-02T01:01:04.695736+02:00
306047344,de:12064:900320511::2,0.0,2026-10-02T01:01:04.695736+02:00
306047344,de:12064:900320520::2,0.0,2026-10-02T01:01:04.695736+02:00
306047344,de:11000:900175010::5,-1.0,2026-10-02T01:01:04.695736+02:00
306047344,de:12064:900320022::2,0.0,2026-10-02T01:01:04.695736+02:00
306047344,de:12064:900320021::2,0.0,2026-10-02T01:01:04.695736+02:00
306047344,de:12064:900320505::2,0.0,2026-10-02T01:01:04.695736+02:00
306047344,de:12064:900320035::2,0.0,2026-10-02T01:01:04.695736+02:00
306047344,de:12064:900320506::2,0.0,2026-10-02T01:01:04.695736+02:00
306047344,de:12064:900320020::1,0.0,2026-10-02T01:01:04.695736+02:00
306049394,de:12064:900320009::1,0.0,2026-10-02T01:01:04.695736+02:00
306049394,de:12064:900320676::1,0.0,2026-10-02T01:01:04.695736+02:00
306049394,de:12064:900320681::1,0.0,2026-10-02T01:01:04.695736+02:00
306049394,de:12064:900320687::1,0.0,2026-10-02T01:01:04.695736+02:00
306049394,de:12064:900320677::1,0.0,2026-10-02T01:01:04.695736+02:00
306049394,de:12064:900320688::1,0.0,2026-10-02T01:01:04.695736+02:00
306049394,de:12064:900320683::1,0.0,2026-10-02T01:01:04.695736+02:00
306049394,de:12064:900320703::1,0.0,2026-10-02T01:01:04.695736+02:00
306049394,de:12064:900320684::1,0.0,2026-10-02T01:01:04.695736+02:00
306049394,de:12064:900320700::1,0.0,2026-10-02T01:01:04.695736+02:00
306049394,de:12064:900320701::1,0.0,2026-10-02T01:01:04.695736+02:00
306049394,de:12064:900320631::1,0.0,2026-10-02T01:01:04.695736+02:00
306049394,de:12064:900320611::1,0.0,2026-10-02T01:01:04.695736+02:00
306049394,de:12064:900320635::1,0.0,2026-10-02T01:01:04.695736+02:00
306049394,de:12064:900320005::1,0.0,2026-10-02T01:01:04.695736+02:00
306044959,de:12064:900320014::1,0.0,2026-10-02T01:01:04.695736+02:00
306044959,de:12064:900320227::1,0.0,2026-10-02T01:01:04.695736+02:00
306044959,de:12064:900320214::1,0.0,2026-10-02T01:01:04.695736+02:00
306044959,de:12064:900320211::1,0.0,2026-10-02T01:01:04.695736+02:00
306044959,de:12064:900320228::1,0.0,2026-10-02T01:01:04.695736+02:00
306054031,de:12064:900321742::3,0.0,2026-10-02T01:01:04.695736+02:00
306054031,de:12064:900321747::1,0.0,2026-10-02T01:01:04.695736+02:00
306054031,de:12064:900321741::1,0.0,2026-10-02T01:01:04.695736+02:00
306053234,de:12064:900321742::2,0.0,2026-10-02T01:01:04.695736+02:00
306053234,de:12064:900321746::1,0.0,2026-10-02T01:01:04.695736+02:00
306053234,de:12064:900321876::1,0.0,2026-10-02T01:01:04.695736+02:00
306053234,de:12064:900321566::1,0.0,2026-10-02T01:01:04.695736+02:00
306053234,de:12064:900321565::1,0.0,2026-10-02T01:01:04.695736+02:00
306053234,de:12064:900321563::1,0.0,2026-10-02T01:01:04.695736+02:00
306053234,de:12064:900321561::1,0.0,2026-10-02T01:01:04.695736+02:00
306053234,de:12064:900321562::1,0.0,2026-10-02T01:01:04.695736+02:00
306053234,de:12064:900321560::1,0.0,2026-10-02T01:01:04.695736+02:00
306053234,de:12064:900321403::1,0.0,2026-10-02T01:01:04.695736+02:00
306053234,de:12064:900321401::1,0.0,2026-10-02T01:01:04.695736+02:00
306053234,de:12064:900321402::1,0.0,2026-10-02T01:01:04.695736+02:00
306053234,de:12064:900321709::1,0.0,2026-10-02T01:01:04.695736+02:00
306053234,de:12064:900321402::2,0.0,2026-10-02T01:01:04.695736+02:00
306053234,de:12064:900321401::2,0.0,2026-10-02T01:01:04.695736+02:00
306053234,de:12064:900321403::2,0.0,2026-10-02T01:01:04.695736+02:00
306053234,de:12064:900321400::1,0.0,2026-10-02T01:01:04.695736+02:00
306053234,de:12064:900321673::1,0.0,2026-10-02T01:01:04.695736+02:00
306053234,de:12064:900321783::2,0.0,2026-10-02T01:01:04.695736+02:00
306053234,de:12064:900321784::2,0.0,2026-10-02T01:01:04.695736+02:00
306053234,de:12064:900321786::2,0.0,2026-10-02T01:01:04.695736+02:00
306053234,de:12064:900321787::1,0.0,2026-10-02T01:01:04.695736+02:00
306053234,de:12064:900321785::1,0.0,2026-10-02T01:01:04.695736+02:00
306053234,de:12064:900321305::1,0.0,2026-10-02T01:01:04.695736+02:00
306053234,de:12064:900321304::1,0.0,2026-10-02T01:01:04.695736+02:00
306053234,de:12064:900321307::1,0.0,2026-10-02T01:01:04.695736+02:00
306053234,de:12064:900321306::1,0.0,2026-10-02T01:01:04.695736+02:00
306049961,de:12064:900320005::1,0.0,2026-10-02T01:01:04.695736+02:00
306049961,de:12064:900320610::1,0.0,2026-10-02T01:01:04.695736+02:00
306049961,de:12064:900320643::1,0.0,2026-10-02T01:01:04.695736+02:00
306049961,de:12064:900320645::1,0.0,2026-10-02T01:01:04.695736+02:00
306049961,de:12064:900320647::1,0.0,2026-10-02T01:01:04.695736+02:00
306049961,de:12064:900320642::1,0.0,2026-10-02T01:01:04.695736+02:00
306049961,de:12064:900320685::1,0.0,2026-10-02T01:01:04.695736+02:00
306049961,de:12064:900320638::1,0.0,2026-10-02T01:01:04.695736+02:00
306049961,de:12064:900320639::1,0.0,2026-10-02T01:01:04.695736+02:00
306049961,de:12064:900320006::1,0.0,2026-10-02T01:01:04.695736+02:00
306049961,de:12064:900320675::1,0.0,2026-10-02T01:01:04.695736+02:00
306049961,de:12064:900320674::1,0.0,2026-10-02T01:01:04.695736+02:00
306049961,de:12064:900320672::1,0.0,2026-10-02T01:01:04.695736+02:00
306049961,de:12064:900320673::1,0.0,2026-10-02T01:01:04.695736+02:00
306049961,de:12064:900320679::1,0.0,2026-10-02T01:01:04.695736+02:00
306049961,de:12064:900320133::1,0.0,2026-10-02T01:01:04.695736+02:00
306049961,de:12064:900320134::1,0.0,2026-10-02T01:01:04.695736+02:00
306049961,de:12064:900320007::3,0.0,2026-10-02T01:01:04.695736+02:00
306045588,de:12064:900320119::2,0.0,2026-10-02T01:01:04.695736+02:00
306045588,de:12064:900320120::4,0.0,2026-10-02T01:01:04.695736+02:00
306045588,de:12064:900320132::2,0.0,2026-10-02T01:01:04.695736+02:00
306045588,de:12064:900320114::2,0.0,2026-10-02T01:01:04.695736+02:00
306045588,de:12064:900320116::2,0.0,2026-10-02T01:01:04.695736+02:00
306045588,de:12064:900320115::2,0.0,2026-10-02T01:01:04.695736+02:00
306045588,de:12064:900320007::2,0.0,2026-10-02T01:01:04.695736+02:00
306045588,de:12064:900320113::2,0.0,2026-10-02T01:01:04.695736+02:00
306045588,de:12064:900320124::2,0.0,2026-10-02T01:01:04.695736+02:00
306045588,de:12064:900320112::2,0.0,2026-10-02T01:01:04.695736+02:00
306045588,de:12064:900320111::2,0.0,2026-10-02T01:01:04.695736+02:00
306045588,de:12064:900320110::2,0.0,2026-10-02T01:01:04.695736+02:00
306045588,de:12064:900320109::2,0.0,2026-10-02T01:01:04.695736+02:00
306045588,de:12064:900320108::2,0.0,2026-10-02T01:01:04.695736+02:00
306045588,de:12064:900320107::2,0.0,2026-10-02T01:01:04.695736+02:00
306045588,de:12064:900320106::2,0.0,2026-10-02T01:01:04.695736+02:00
306045588,de:12064:900320104::2,0.0,2026-10-02T01:01:04.695736+02:00
306045588,de:12064:900320103::2,0.0,2026-10-02T01:01:04.695736+02:00
306045588,de:12064:900320102::2,0.0,2026-10-02T01:01:04.695736+02:00
306045588,de:12064:900320101::2,0.0,2026-10-02T01:01:04.695736+02:00
306045588,de:12064:900320100::2,0.0,2026-10-02T01:01:04.695736+02:00
306045588,de:12064:900320008::1,-1.0,2026-10-02T01:01:04.695736+02:00
307436843,de:12061:900261512:2:52,0.0,2026-10-02T01:01:04.695736+02:00
307436843,de:12066:900435602:2:51,0.0,2026-10-02T01:01:04.695736+02:00
307318475,de:11000:900120005:4:55,0.0,2026-10-02T01:01:04.695736+02:00
307318475,de:11000:900120004:1:50,-0.3,2026-10-02T01:01:04.695736+02:00
307318475,de:11000:900120003:2:53,-0.6,2026-10-02T01:01:04.695736+02:00
307318475,de:11000:900160003:1:50,-0.7,2026-10-02T01:01:04.695736+02:00
307318475,de:11000:900160004:1:50,-0.7,2026-10-02T01:01:04.695736+02:00
307318475,de:11000:900171002:1:50,-0.2,2026-10-02T01:01:04.695736+02:00
307318475,de:11000:900171003:1:50,-0.3,2026-10-02T01:01:04.695736+02:00
307318475,de:11000:900152002:1:50,-0.1,2026-10-02T01:01:04.695736+02:00
307318475,de:11000:900152001:1:50,-0.3,2026-10-02T01:01:04.695736+02:00
307318475,de:11000:900151001:1:51,-0.9,2026-10-02T01:01:04.695736+02:00
307252316,de:11000:900003200:5:58,0.0,2026-10-02T01:01:04.695736+02:00
307252316,de:11000:900009104:1:50,-0.8,2026-10-02T01:01:04.695736+02:00
307252316,de:11000:900007102:2:52,-0.4,2026-10-02T01:01:04.695736+02:00
307272012,de:11000:900029101:1:50,0.0,2026-10-02T01:01:04.695736+02:00
307272012,de:11000:900030202:1:50,-0.3,2026-10-02T01:01:04.695736+02:00
307272012,de:11000:900025424:1:51,-0.2,2026-10-02T01:01:04.695736+02:00
307272012,de:11000:900025321:1:51,-0.2,2026-10-02T01:01:04.695736+02:00
307272012,de:11000:900026105:1:50,-0.4,2026-10-02T01:01:04.695736+02:00
307272012,de:11000:900025423:1:50,-0.7,2026-10-02T01:01:04.695736+02:00
307272012,de:11000:900024102:2:53,-0.7,2026-10-02T01:01:04.695736+02:00
307272012,de:11000:900024101:3:55,-0.3,2026-10-02T01:01:04.695736+02:00
307272012,de:11000:900024203:1:51,-0.8,2026-10-02T01:01:04.695736+02:00
307272012,de:11000:900023201:3:54,-0.7,2026-10-02T01:01:04.695736+02:00
307272012,de:11000:900003103:1:50,-0.8,2026-10-02T01:01:04.695736+02:00
307272012,de:11000:900003102:1:50,-0.9,2026-10-02T01:01:04.695736+02:00
307272012,de:11000:900003201:3:54,-0.5,2026-10-02T01:01:04.695736+02:00
307272012,de:11000:900100001:3:54,-0.1,2026-10-02T01:01:04.695736+02:00
307272012,de:11000:900100002:1:50,-0.4,2026-10-02T01:01:04.695736+02:00
307272012,de:11000:900100003:2:52,-0.1,2026-10-02T01:01:04.695736+02:00
307272012,de:11000:900100004:1:50,-0.3,2026-10-02T01:01:04.695736+02:00
307272012,de:11000:900120005:4:55,-0.5,2026-10-02T01:01:04.695736+02:00
307431836,de:12061:900260009:2:54,0.0,2026-10-02T01:01:04.695736+02:00
307431836,de:12072:900245836:2:51,0.0,2026-10-02T01:01:04.695736+02:00
307431836,de:12069:900220002:2:51,0.0,2026-10-02T01:01:04.695736+02:00
307431836,de:12054:900230002:1:50,0.0,2026-10-02T01:01:04.695736+02:00
307431836,de:12054:900220010:2:51,0.0,2026-10-02T01:01:04.695736+02:00
307431836,de:12054:900230007:2:52,0.0,2026-10-02T01:01:04.695736+02:00
307431836,de:12054:900230006:2:51,0.0,2026-10-02T01:01:04.695736+02:00
307431836,de:12054:900230999:2:53,-1.0,2026-10-02T01:01:04.695736+02:00
307431836,de:12054:900230003:4:53,0.0,2026-10-02T01:01:04.695736+02:00
307433253,de:12060:900350127:2:51,0.0,2026-10-02T01:01:04.695736+02:00
307433253,de:12060:900350126:2:51,0.0,2026-10-02T01:01:04.695736+02:00
307433253,de:12060:900350137:2:51,0.0,2026-10-02T01:01:04.695736+02:00
307433253,de:12060:900350158:2:51,0.0,2026-10-02T01:01:04.695736+02:00
307433253,de:12060:900350160:2:52,0.0,2026-10-02T01:01:04.695736+02:00
307433253,de:11000:900152001:3:53,0.0,2026-10-02T01:01:04.695736+02:00
307433253,de:11000:900160004:4:56,0.0,2026-10-02T01:01:04.695736+02:00
307433253,de:11000:900120003:4:56,0.0,2026-10-02T01:01:04.695736+02:00
307433253,de:11000:900192001:1:50,0.0,2026-10-02T01:01:04.695736+02:00
307433253,de:12061:900260009:2:53,0.0,2026-10-02T01:01:04.695736+02:00
307433253,de:12072:900245027:2:53,-1.0,2026-10-02T01:01:04.695736+02:00
307430669,de:12065:900200005:1:2,0.0,2026-10-02T01:01:04.695736+02:00
307430669,de:12065:900200008:1:50,0.0,2026-10-02T01:01:04.695736+02:00
307430669,de:12065:900200010:1:50,0.0,2026-10-02T01:01:04.695736+02:00
307430669,de:12065:900200000:1:50,-1.0,2026-10-02T01:01:04.695736+02:00
307430669,de:12063:900210001:1:50,0.0,2026-10-02T01:01:04.695736+02:00
307430669,de:12054:900220012:1:50,0.0,2026-10-02T01:01:04.695736+02:00
307430669,de:12054:900220010:2:51,0.0,2026-10-02T01:01:04.695736+02:00
307430669,de:12054:900230007:2:52,0.0,2026-10-02T01:01:04.695736+02:00
307430669,de:12054:900230006:2:51,0.0,2026-10-02T01:01:04.695736+02:00
307430669,de:12054:900230999:2:53,-1.0,2026-10-02T01:01:04.695736+02:00
307430669,de:12054:900230003:4:53,0.0,2026-10-02T01:01:04.695736+02:00
307444471,de:12062:900415683:1:50,0.0,2026-10-02T01:01:04.695736+02:00
307444471,de:12062:900415345:2:52,-2.0,2026-10-02T01:01:04.695736+02:00
307434364,de:12052:900470000:2:51,0.0,2026-10-02T01:01:04.695736+02:00
307434364,de:12071:900445884:1:50,0.0,2026-10-02T01:01:04.695736+02:00
307434364,de:12066:900435884:1:50,0.0,2026-10-02T01:01:04.695736+02:00
307434364,de:12066:900435697:1:50,0.0,2026-10-02T01:01:04.695736+02:00
307434364,de:12066:900435602:1:50,0.0,2026-10-02T01:01:04.695736+02:00
307434364,de:12061:900261512:1:50,0.0,2026-10-02T01:01:04.695736+02:00
307434364,de:12061:900260019:1:50,0.0,2026-10-02T01:01:04.695736+02:00
307434364,de:12061:900260001:1:50,0.0,2026-10-02T01:01:04.695736+02:00
307434364,de:11000:900192001:1:51,0.0,2026-10-02T01:01:04.695736+02:00
307434364,de:11000:900120003:4:57,0.0,2026-10-02T01:01:04.695736+02:00
295932944,de:11000:900192001:2:52,0.0,2026-10-02T01:01:04.695736+02:00
295932944,de:11000:900192002:1:50,-0.5,2026-10-02T01:01:04.695736+02:00
295932944,de:11000:900180003:1:50,-0.7,2026-10-02T01:01:04.695736+02:00
295963576,de:11000:900130002:1:51,0.0,2026-10-02T01:01:04.695736+02:00
295963576,de:11000:900110011:1:51,-0.7,2026-10-02T01:01:04.695736+02:00
295963576,de:11000:900110001:1:50,-0.2,2026-10-02T01:01:04.695736+02:00
295963576,de:11000:900110002:1:50,-0.9,2026-10-02T01:01:04.695736+02:00
295963576,de:11000:900110003:1:50,-0.9,2026-10-02T01:01:04.695736+02:00
295963576,de:11000:900110004:1:50,-0.3,2026-10-02T01:01:04.695736+02:00
295963576,de:11000:900110012:1:50,-0.2,2026-10-02T01:01:04.695736+02:00
295963576,de:11000:900120001:1:50,-0.2,2026-10-02T01:01:04.695736+02:00
295963576,de:11000:900120003:5:58,-0.6,2026-10-02T01:01:04.695736+02:00
295963576,de:11000:900190001:1:51,-0.1,2026-10-02T01:01:04.695736+02:00
295963576,de:11000:900191002:1:50,0.0,2026-10-02T01:01:04.695736+02:00
295963576,de:11000:900191001:2:52,-0.4,2026-10-02T01:01:04.695736+02:00
295963576,de:11000:900192001:2:52,-0.2,2026-10-02T01:01:04.695736+02:00
295963576,de:11000:900193001:1:50,-0.7,2026-10-02T01:01:04.695736+02:00
295963576,de:11000:900193002:1:50,-0.3,2026-10-02T01:01:04.695736+02:00
295963576,de:11000:900195510:1:51,-0.7,2026-10-02T01:01:04.695736+02:00
295963576,de:11000:900196001:1:50,-0.9,2026-10-02T01:01:04.695736+02:00
295963576,de:12061:900260005:3:54,-0.7,2026-10-02T01:01:04.695736+02:00
295963576,de:12061:900260080:1:50,0.0,2026-10-02T01:01:04.695736+02:00
295963576,de:12061:900260009:3:56,-0.2,2026-10-02T01:01:04.695736+02:00
307292697,de:12061:900260001:2:52,0.0,2026-10-02T01:01:04.695736+02:00
307292697,de:12061:900260002:1:51,-0.8,2026-10-02T01:01:04.695736+02:00
307292697,de:12061:900260003:1:51,-0.7,2026-10-02T01:01:04.695736+02:00
307292697,de:12061:900260004:1:51,-0.9,2026-10-02T01:01:04.695736+02:00
307292697,de:11000:900186001:2:53,-0.2,2026-10-02T01:01:04.695736+02:00
307292697,de:11000:900193002:1:51,-0.2,2026-10-02T01:01:04.695736+02:00
307292697,de:11000:900193001:2:51,-0.8,2026-10-02T01:01:04.695736+02:00
307292697,de:11000:900192001:3:55,-0.7,2026-10-02T01:01:04.695736+02:00
307292697,de:11000:900191001:1:50,-0.4,2026-10-02T01:01:04.695736+02:00
307292697,de:11000:900077155:1:50,-0.9,2026-10-02T01:01:04.695736+02:00
307292697,de:11000:900078201:1:50,-0.4,2026-10-02T01:01:04.695736+02:00
307292697,de:11000:900079221:1:50,-0.2,2026-10-02T01:01:04.695736+02:00
307292697,de:11000:900068201:1:50,-0.8,2026-10-02T01:01:04.695736+02:00
307292697,de:11000:900058101:5:58,-0.1,2026-10-02T01:01:04.695736+02:00
307292697,de:11000:900054104:2:52,-0.2,2026-10-02T01:01:04.695736+02:00
307292697,de:11000:900054105:1:50,-0.9,2026-10-02T01:01:04.695736+02:00
307292697,de:11000:900044202:1:50,-0.7,2026-10-02T01:01:04.695736+02:00
295967950,de:12061:900260009:3:55,0.0,2026-10-02T01:01:04.695736+02:00
295967950,de:12061:900260080:1:51,-0.7,2026-10-02T01:01:04.695736+02:00
295967950,de:12061:900260005:3:55,0.0,2026-10-02T01:01:04.695736+02:00
295967950,de:11000:900196001:1:51,0.0,2026-10-02T01:01:04.695736+02:00
295967950,de:11000:900195510:1:50,-0.4,2026-10-02T01:01:04.695736+02:00
295967950,de:11000:900193002:1:51,-0.6,2026-10-02T01:01:04.695736+02:00
295967950,de:11000:900193001:2:51,-0.3,2026-10-02T01:01:04.695736+02:00
295967950,de:11000:900192001:3:55,-0.2,2026-10-02T01:01:04.695736+02:00
295967950,de:11000:900191001:1:50,0.0,2026-10-02T01:01:04.695736+02:00
295967950,de:11000:900191002:1:51,-0.7,2026-10-02T01:01:04.695736+02:00
295967950,de:11000:900190001:2:53,-0.4,2026-10-02T01:01:04.695736+02:00
295967950,de:11000:900120004:2:53,-0.9,2026-10-02T01:01:04.695736+02:00
295967950,de:11000:900120005:5:58,-0.1,2026-10-02T01:01:04.695736+02:00
295967950,de:11000:900100004:1:51,-0.4,2026-10-02T01:01:04.695736+02:00
295967950,de:11000:900100003:2:53,-0.4,2026-10-02T01:01:04.695736+02:00
295967950,de:11000:900100002:1:51,-0.4,2026-10-02T01:01:04.695736+02:00
295967950,de:11000:900100001:3:55,-0.4,2026-10-02T01:01:04.695736+02:00
295967950,de:11000:900003201:3:55,-0.1,2026-10-02T01:01:04.695736+02:00
295967950,de:11000:900003102:1:51,-0.8,2026-10-02T01:01:04.695736+02:00
295967950,de:11000:900003103:1:51,-0.9,2026-10-02T01:01:04.695736+02:00
295967950,de:11000:900023201:3:55,-0.8,2026-10-02T01:01:04.695736+02:00
295967950,de:11000:900024203:1:51,-0.8,2026-10-02T01:01:04.695736+02:00
295967950,de:11000:900024101:4:57,-0.8,2026-10-02T01:01:04.695736+02:00
295967950,de:11000:900024102:1:50,-0.1,2026-10-02T01:01:04.695736+02:00
295967950,de:11000:900025423:1:50,-0.4,2026-10-02T01:01:04.695736+02:00
295967950,de:11000:900026105:1:50,-0.7,2026-10-02T01:01:04.695736+02:00
295967950,de:11000:900025321:1:50,-0.3,2026-10-02T01:01:04.695736+02:00
295967950,de:11000:900025424:1:50,-0.3,2026-10-02T01:01:04.695736+02:00
295967950,de:11000:900030202:1:50,-0.9,2026-10-02T01:01:04.695736+02:00
295967950,de:11000:900029101:1:51,-0.9,2026-10-02T01:01:04.695736+02:00
307276677,de:11000:900162001:1:51,0.0,2026-10-02T01:01:04.695736+02:00
307276677,de:11000:900180002:1:51,-0.8,2026-10-02T01:01:04.695736+02:00
307276677,de:11000:900180001:1:50,-0.6,2026-10-02T01:01:04.695736+02:00
307276677,de:11000:900182001:1:51,-0.1,2026-10-02T01:01:04.695736+02:00
307276677,de:11000:900182002:1:51,-0.3,2026-10-02T01:01:04.695736+02:00
307276677,de:11000:900183001:1:51,0.0,2026-10-02T01:01:04.695736+02:00
307276677,de:11000:900183002:1:51,-0.3,2026-10-02T01:01:04.695736+02:00
307276677,de:12067:900310004:3:52,-0.5,2026-10-02T01:01:04.695736+02:00
295949507,de:11000:900170004:2:52,0.0,2026-10-02T01:01:04.695736+02:00
295949507,de:11000:900170003:1:51,-0.3,2026-10-02T01:01:04.695736+02:00
295949507,de:11000:900170002:1:51,-0.1,2026-10-02T01:01:04.695736+02:00
295949507,de:11000:900170001:1:51,-0.9,2026-10-02T01:01:04.695736+02:00
295949507,de:11000:900170005:1:51,-0.7,2026-10-02T01:01:04.695736+02:00
295949507,de:11000:900171003:1:51,-0.6,2026-10-02T01:01:04.695736+02:00
295949507,de:11000:900171002:1:51,-0.9,2026-10-02T01:01:04.695736+02:00
295949507,de:11000:900160004:1:51,-0.3,2026-10-02T01:01:04.695736+02:00
295949507,de:11000:900160003:1:51,-0.4,2026-10-02T01:01:04.695736+02:00
295949507,de:11000:900120003:3:55,-0.6,2026-10-02T01:01:04.695736+02:00
295949507,de:11000:900120004:2:53,-0.1,2026-10-02T01:01:04.695736+02:00
295949507,de:11000:900120005:5:58,-0.4,2026-10-02T01:01:04.695736+02:00
295949507,de:11000:900100004:1:51,-0.9,2026-10-02T01:01:04.695736+02:00
295949507,de:11000:900100003:2:53,-0.9,2026-10-02T01:01:04.695736+02:00
295949507,de:11000:900100002:1:51,-0.9,2026-10-02T01:01:04.695736+02:00
295949507,de:11000:900100001:3:55,-0.9,2026-10-02T01:01:04.695736+02:00
295949507,de:11000:900003201:3:55,-0.6,2026-10-02T01:01:04.695736+02:00
295949507,de:11000:900003102:1:51,-0.3,2026-10-02T01:01:04.695736+02:00
295949507,de:11000:900003103:1:51,-0.4,2026-10-02T01:01:04.695736+02:00
295949507,de:11000:900023201:3:55,-0.3,2026-10-02T01:01:04.695736+02:00
295949507,de:11000:900024203:1:51,-0.3,2026-10-02T01:01:04.695736+02:00
295949507,de:11000:900024101:4:57,-0.3,2026-10-02T01:01:04.695736+02:00
295949507,de:11000:900024102:1:50,-0.6,2026-10-02T01:01:04.695736+02:00
295949507,de:11000:900048101:1:50,-0.8,2026-10-02T01:01:04.695736+02:00
295949507,de:11000:900052201:2:52,0.0,2026-10-02T01:01:04.695736+02:00
295949507,de:11000:900053301:1:50,-0.4,2026-10-02T01:01:04.695736+02:00
295936913,de:11000:900176001:2:52,0.0,2026-10-02T01:01:04.695736+02:00
295936913,de:11000:900175002:1:50,-0.7,2026-10-02T01:01:04.695736+02:00
295936913,de:11000:900175001:1:50,-0.6,2026-10-02T01:01:04.695736+02:00
295936913,de:11000:900171001:1:50,-0.3,2026-10-02T01:01:04.695736+02:00
295936913,de:11000:900171002:1:51,-0.4,2026-10-02T01:01:04.695736+02:00
295936913,de:11000:900160004:1:51,-0.8,2026-10-02T01:01:04.695736+02:00
295936913,de:11000:900160003:1:51,-0.9,2026-10-02T01:01:04.695736+02:00
295936913,de:11000:900120003:3:55,-0.1,2026-10-02T01:01:04.695736+02:00
295936913,de:11000:900120004:2:53,-0.6,2026-10-02T01:01:04.695736+02:00
295936913,de:11000:900120005:5:58,-0.9,2026-10-02T01:01:04.695736+02:00
295936913,de:11000:900100004:1:51,-0.4,2026-10-02T01:01:04.695736+02:00
295936913,de:11000:900100003:2:53,-0.4,2026-10-02T01:01:04.695736+02:00
295936913,de:11000:900100002:1:51,-0.4,2026-10-02T01:01:04.695736+02:00
295936913,de:11000:900100001:3:55,-0.4,2026-10-02T01:01:04.695736+02:00
295936913,de:11000:900003201:3:55,-0.1,2026-10-02T01:01:04.695736+02:00
295936913,de:11000:900003102:1:51,-0.8,2026-10-02T01:01:04.695736+02:00
295936913,de:11000:900003103:1:51,-0.9,2026-10-02T01:01:04.695736+02:00
295936913,de:11000:900023201:3:55,-0.8,2026-10-02T01:01:04.695736+02:00
295936913,de:11000:900024203:1:51,-0.8,2026-10-02T01:01:04.695736+02:00
295936913,de:11000:900024101:4:57,-0.8,2026-10-02T01:01:04.695736+02:00
295936913,de:11000:900024102:1:51,-0.1,2026-10-02T01:01:04.695736+02:00
295882475,de:11000:900092201:1:51,0.0,2026-10-02T01:01:04.695736+02:00
295882475,de:11000:900093201:1:51,-0.4,2026-10-02T01:01:04.695736+02:00
295882475,de:11000:900094101:1:51,-0.8,2026-10-02T01:01:04.695736+02:00
295882475,de:11000:900096101:1:51,-0.1,2026-10-02T01:01:04.695736+02:00
295882475,de:11000:900084101:1:51,-0.2,2026-10-02T01:01:04.695736+02:00
295882475,de:11000:900085201:1:51,-0.8,2026-10-02T01:01:04.695736+02:00
295882475,de:11000:900130003:1:51,-0.8,2026-10-02T01:01:04.695736+02:00
295882475,de:11000:900110011:1:50,-0.9,2026-10-02T01:01:04.695736+02:00
295882475,de:11000:900007102:1:50,-0.9,2026-10-02T01:01:04.695736+02:00
295882475,de:11000:900008101:1:50,0.0,2026-10-02T01:01:04.695736+02:00
295882475,de:11000:900007104:1:51,-0.7,2026-10-02T01:01:04.695736+02:00
295882475,de:11000:900100007:1:50,-0.7,2026-10-02T01:01:04.695736+02:00
295882475,de:11000:900100001:4:56,-0.5,2026-10-02T01:01:04.695736+02:00
295882475,de:11000:900100025:1:50,-0.4,2026-10-02T01:01:04.695736+02:00
295882475,de:11000:900100020:3:54,-0.4,2026-10-02T01:01:04.695736+02:00
295882475,de:11000:900012101:1:51,-0.5,2026-10-02T01:01:04.695736+02:00
295882475,de:11000:900057102:1:50,-0.7,2026-10-02T01:01:04.695736+02:00
295882475,de:11000:900057104:2:51,-0.4,2026-10-02T01:01:04.695736+02:00
295882475,de:11000:900054104:1:50,-0.3,2026-10-02T01:01:04.695736+02:00
295882475,de:11000:900060101:1:50,-0.3,2026-10-02T01:01:04.695736+02:00
295882475,de:11000:900063101:1:50,-0.1,2026-10-02T01:01:04.695736+02:00
295882475,de:11000:900062202:1:50,-0.1,2026-10-02T01:01:04.695736+02:00
295882475,de:11000:900066102:1:50,-0.2,2026-10-02T01:01:04.695736+02:00
295882475,de:11000:900066101:1:50,-0.1,2026-10-02T01:01:04.695736+02:00
295882475,de:11000:900049202:1:50,-0.3,2026-10-02T01:01:04.695736+02:00
295882475,de:11000:900049201:1:50,-0.4,2026-10-02T01:01:04.695736+02:00
295946156,de:12054:900230999:3:54,0.0,2026-10-02T01:01:04.695736+02:00
295946156,de:12054:900230000:1:50,-0.3,2026-10-02T01:01:04.695736+02:00
295946156,de:12054:900230003:1:54,-0.3,2026-10-02T01:01:04.695736+02:00
295946156,de:11000:900053301:2:53,-0.4,2026-10-02T01:01:04.695736+02:00
295946156,de:11000:900052201:2:53,-0.7,2026-10-02T01:01:04.695736+02:00
295946156,de:11000:900048101:2:53,-0.9,2026-10-02T01:01:04.695736+02:00
295946156,de:11000:900024102:2:53,-0.9,2026-10-02T01:01:04.695736+02:00
295946156,de:11000:900024101:3:55,-0.3,2026-10-02T01:01:04.695736+02:00
295946156,de:11000:900024203:1:51,-0.3,2026-10-02T01:01:04.695736+02:00
295946156,de:11000:900023201:3:54,-0.2,2026-10-02T01:01:04.695736+02:00
295946156,de:11000:900003103:1:50,-0.3,2026-10-02T01:01:04.695736+02:00
295946156,de:11000:900003102:1:50,-0.4,2026-10-02T01:01:04.695736+02:00
295946156,de:11000:900003201:3:54,0.0,2026-10-02T01:01:04.695736+02:00
295946156,de:11000:900100001:3:54,-0.6,2026-10-02T01:01:04.695736+02:00
295946156,de:11000:900100002:1:50,-0.9,2026-10-02T01:01:04.695736+02:00
295946156,de:11000:900100003:2:52,-0.6,2026-10-02T01:01:04.695736+02:00
295946156,de:11000:900100004:1:50,-0.9,2026-10-02T01:01:04.695736+02:00
295946156,de:11000:900120005:4:55,-0.1,2026-10-02T01:01:04.695736+02:00
295946156,de:11000:900120004:1:50,-0.6,2026-10-02T01:01:04.695736+02:00
295946156,de:11000:900120003:2:53,-0.9,2026-10-02T01:01:04.695736+02:00
295946156,de:11000:900160003:1:50,-0.2,2026-10-02T01:01:04.695736+02:00
295946156,de:11000:900160004:1:50,-0.2,2026-10-02T01:01:04.695736+02:00
295946156,de:11000:900171002:1:50,-0.7,2026-10-02T01:01:04.695736+02:00
295946156,de:11000:900171003:1:50,-0.8,2026-10-02T01:01:04.695736+02:00
295946156,de:11000:900170005:1:50,-0.3,2026-10-02T01:01:04.695736+02:00
295946156,de:11000:900170001:1:50,-0.1,2026-10-02T01:01:04.695736+02:00
295946156,de:11000:900170002:1:50,-0.9,2026-10-02T01:01:04.695736+02:00
295946156,de:11000:900170003:1:50,-0.7,2026-10-02T01:01:04.695736+02:00
295946156,de:11000:900170004:2:52,-0.9,2026-10-02T01:01:04.695736+02:00
307261752,de:11000:900074201:1:50,0.0,2026-10-02T01:01:04.695736+02:00
307261752,de:11000:900074202:2:51,-0.1,2026-10-02T01:01:04.695736+02:00
307261752,de:11000:900072101:2:51,-0.1,2026-10-02T01:01:04.695736+02:00
307261752,de:11000:900073101:1:51,-0.4,2026-10-02T01:01:04.695736+02:00
307261752,de:11000:900068301:1:51,-0.7,2026-10-02T01:01:04.695736+02:00
307261752,de:11000:900058102:2:51,-0.7,2026-10-02T01:01:04.695736+02:00
307261752,de:11000:900058101:1:51,-0.3,2026-10-02T01:01:04.695736+02:00
307261752,de:11000:900058103:1:51,-0.1,2026-10-02T01:01:04.695736+02:00
307261752,de:11000:900012101:2:53,-0.7,2026-10-02T01:01:04.695736+02:00
307261752,de:11000:900100020:4:57,-0.8,2026-10-02T01:01:04.695736+02:00
307261752,de:11000:900100025:1:51,-0.9,2026-10-02T01:01:04.695736+02:00
307261752,de:11000:900100001:4:57,-0.6,2026-10-02T01:01:04.695736+02:00
307261752,de:11000:900100007:1:51,-0.7,2026-10-02T01:01:04.695736+02:00
307261752,de:11000:900007104:2:52,-0.7,2026-10-02T01:01:04.695736+02:00
307261752,de:11000:900008101:1:51,-0.4,2026-10-02T01:01:04.695736+02:00
307261752,de:11000:900007102:2:53,-0.1,2026-10-02T01:01:04.695736+02:00
307261752,de:11000:900110011:2:52,-0.4,2026-10-02T01:01:04.695736+02:00
307261752,de:11000:900130002:1:50,-0.7,2026-10-02T01:01:04.695736+02:00
307261752,de:11000:900130001:1:50,-0.4,2026-10-02T01:01:04.695736+02:00
307261752,de:11000:900142001:1:50,-0.9,2026-10-02T01:01:04.695736+02:00
307261752,de:11000:900143001:1:51,-0.2,2026-10-02T01:01:04.695736+02:00
295940146,de:11000:900120005:4:55,0.0,2026-10-02T01:01:04.695736+02:00
295940146,de:11000:900120004:1:51,-0.1,2026-10-02T01:01:04.695736+02:00
295940146,de:11000:900120003:2:52,-0.4,2026-10-02T01:01:04.695736+02:00
295940146,de:11000:900160003:1:50,-0.7,2026-10-02T01:01:04.695736+02:00
295940146,de:11000:900160004:1:50,-0.7,2026-10-02T01:01:04.695736+02:00
295940146,de:11000:900171002:1:50,-0.2,2026-10-02T01:01:04.695736+02:00
295940146,de:11000:900171001:2:51,-0.3,2026-10-02T01:01:04.695736+02:00
295940146,de:11000:900175001:2:51,-0.5,2026-10-02T01:01:04.695736+02:00
295940146,de:11000:900175002:1:51,0.0,2026-10-02T01:01:04.695736+02:00
295940146,de:11000:900176001:2:52,-0.7,2026-10-02T01:01:04.695736+02:00
295933008,de:11000:900058101:5:59,0.0,2026-10-02T01:01:04.695736+02:00
295933008,de:11000:900068201:1:51,-0.3,2026-10-02T01:01:04.695736+02:00
295933008,de:11000:900079221:1:51,-0.9,2026-10-02T01:01:04.695736+02:00
295933008,de:11000:900078201:1:51,-0.6,2026-10-02T01:01:04.695736+02:00
295933008,de:11000:900077155:1:51,-0.2,2026-10-02T01:01:04.695736+02:00
295933008,de:11000:900191001:2:51,-0.7,2026-10-02T01:01:04.695736+02:00
295933008,de:11000:900192001:2:53,-0.7,2026-10-02T01:01:04.695736+02:00
295933008,de:11000:900192002:1:50,-0.5,2026-10-02T01:01:04.695736+02:00
295933008,de:11000:900180003:1:50,-0.7,2026-10-02T01:01:04.695736+02:00
306044100,de:12064:900320004::4,0.0,2026-10-02T01:01:04.695736+02:00
306044100,de:12064:900320641::2,0.0,2026-10-02T01:01:04.695736+02:00
306044100,de:12064:900320640::2,0.0,2026-10-02T01:01:04.695736+02:00
306044100,de:12064:900320896::2,0.0,2026-10-02T01:01:04.695736+02:00
306044100,de:12064:900320898::2,0.0,2026-10-02T01:01:04.695736+02:00
306044100,de:12064:900320911::2,0.0,2026-10-02T01:01:04.695736+02:00
306044100,de:12064:900320859::2,0.0,2026-10-02T01:01:04.695736+02:00
306044100,de:12064:900320205::2,0.0,2026-10-02T01:01:04.695736+02:00
306044100,de:12064:900320206::1,0.0,2026-10-02T01:01:04.695736+02:00
306044100,de:12064:900320219::2,0.0,2026-10-02T01:01:04.695736+02:00
306044100,de:12064:900320217::1,0.0,2026-10-02T01:01:04.695736+02:00
306044100,de:12064:900320228::1,0.0,2026-10-02T01:01:04.695736+02:00
306044100,de:12064:900320226::1,0.0,2026-10-02T01:01:04.695736+02:00
306044100,de:12064:900320221::1,0.0,2026-10-02T01:01:04.695736+02:00
306048747,de:12064:900321108::1,0.0,2026-10-02T01:01:04.695736+02:00
306048747,de:12064:900320564::2,0.0,2026-10-02T01:01:04.695736+02:00
306048747,de:12064:900320559::1,0.0,2026-10-02T01:01:04.695736+02:00
306048747,de:12064:900320001::3,0.0,2026-10-02T01:01:04.695736+02:00
306047292,de:12064:900320020::1,0.0,2026-10-02T01:01:04.695736+02:00
306047292,de:12064:900320506::1,0.0,2026-10-02T01:01:04.695736+02:00
306047292,de:12064:900320035::1,0.0,2026-10-02T01:01:04.695736+02:00
306047292,de:12064:900320505::1,0.0,2026-10-02T01:01:04.695736+02:00
306047292,de:12064:900320021::1,0.0,2026-10-02T01:01:04.695736+02:00
306047292,de:12064:900320022::1,0.0,2026-10-02T01:01:04.695736+02:00
306047292,de:11000:900175010::4,0.0,2026-10-02T01:01:04.695736+02:00
306047292,de:12064:900320520::1,0.0,2026-10-02T01:01:04.695736+02:00
306047292,de:12064:900320511::1,0.0,2026-10-02T01:01:04.695736+02:00
306047292,de:12064:900320510::1,0.0,2026-10-02T01:01:04.695736+02:00
306047292,de:12064:900320523::2,0.0,2026-10-02T01:01:04.695736+02:00
306047292,de:12064:900320017::2,0.0,2026-10-02T01:01:04.695736+02:00
306047292,de:12064:900320119::2,0.0,2026-10-02T01:01:04.695736+02:00
306047292,de:12064:900320120::4,0.0,2026-10-02T01:01:04.695736+02:00
306047292,de:12064:900320118::2,0.0,2026-10-02T01:01:04.695736+02:00
306047292,de:12064:900320050::1,0.0,2026-10-02T01:01:04.695736+02:00
306047292,de:12064:900320008::1,0.0,2026-10-02T01:01:04.695736+02:00
306052396,de:12064:900321742::3,0.0,2026-10-02T01:01:04.695736+02:00
306052396,de:12064:900321744::1,0.0,2026-10-02T01:01:04.695736+02:00
306052396,de:12064:900321444::1,0.0,2026-10-02T01:01:04.695736+02:00
306052396,de:12064:900321443::1,0.0,2026-10-02T01:01:04.695736+02:00
306052396,de:12064:900321445::1,0.0,2026-10-02T01:01:04.695736+02:00
306052396,de:12064:900321677::1,0.0,2026-10-02T01:01:04.695736+02:00
306052396,de:12064:900321679::1,0.0,2026-10-02T01:01:04.695736+02:00
306052396,de:12064:900321626::1,0.0,2026-10-02T01:01:04.695736+02:00
306052396,de:12064:900321625::1,0.0,2026-10-02T01:01:04.695736+02:00
306052396,de:12064:900321629::1,0.0,2026-10-02T01:01:04.695736+02:00
306052396,de:12064:900321627::1,0.0,2026-10-02T01:01:04.695736+02:00
306052396,de:12064:900321629::2,0.0,2026-10-02T01:01:04.695736+02:00
306052396,de:12064:900321625::2,0.0,2026-10-02T01:01:04.695736+02:00
306052396,de:12064:900321340::1,0.0,2026-10-02T01:01:04.695736+02:00
306052396,de:12064:900321602::1,0.0,2026-10-02T01:01:04.695736+02:00
306052396,de:12064:900321512::1,0.0,2026-10-02T01:01:04.695736+02:00
306052396,de:12064:900321511::1,0.0,2026-10-02T01:01:04.695736+02:00
306052396,de:12064:900321760::1,0.0,2026-10-02T01:01:04.695736+02:00
306052396,de:12064:900321820::2,0.0,2026-10-02T01:01:04.695736+02:00
306052396,de:12064:900321550::2,0.0,2026-10-02T01:01:04.695736+02:00
306052396,de:12064:900321545::2,0.0,2026-10-02T01:01:04.695736+02:00
306052396,de:12064:900321547::1,0.0,2026-10-02T01:01:04.695736+02:00
307258812,de:12072:900245027:2:52,0.0,2026-10-02T01:01:04.695736+02:00
307258812,de:12072:900245028:1:51,-0.9,2026-10-02T01:01:04.695736+02:00
307258812,de:11000:900074201:1:50,-0.9,2026-10-02T01:01:04.695736+02:00
307258812,de:11000:900074202:2:51,-0.1,2026-10-02T01:01:04.695736+02:00
307258812,de:11000:900072101:2:51,-0.1,2026-10-02T01:01:04.695736+02:00
307258812,de:11000:900073101:1:51,-0.4,2026-10-02T01:01:04.695736+02:00
307258812,de:11000:900068301:1:51,-0.7,2026-10-02T01:01:04.695736+02:00
307258812,de:11000:900058102:2:51,-0.7,2026-10-02T01:01:04.695736+02:00
307258812,de:11000:900058101:1:51,-0.3,2026-10-02T01:01:04.695736+02:00
307258812,de:11000:900058103:1:51,-0.1,2026-10-02T01:01:04.695736+02:00
307258812,de:11000:900012101:2:53,-0.7,2026-10-02T01:01:04.695736+02:00
307258812,de:11000:900100020:4:57,-0.8,2026-10-02T01:01:04.695736+02:00
307258812,de:11000:900100025:1:51,-0.9,2026-10-02T01:01:04.695736+02:00
307258812,de:11000:900100001:4:57,-0.6,2026-10-02T01:01:04.695736+02:00
307258812,de:11000:900100007:1:51,-0.7,2026-10-02T01:01:04.695736+02:00
307258812,de:11000:900007104:2:52,-0.7,2026-10-02T01:01:04.695736+02:00
307258812,de:11000:900008101:1:51,-0.4,2026-10-02T01:01:04.695736+02:00
307258812,de:11000:900007102:2:53,-0.1,2026-10-02T01:01:04.695736+02:00
307258812,de:11000:900110011:2:52,-0.4,2026-10-02T01:01:04.695736+02:00
307258812,de:11000:900130002:1:50,-0.7,2026-10-02T01:01:04.695736+02:00
307258812,de:11000:900130001:1:50,-0.4,2026-10-02T01:01:04.695736+02:00
307258812,de:11000:900142001:1:50,-0.9,2026-10-02T01:01:04.695736+02:00
307258812,de:11000:900143001:1:51,-0.2,2026-10-02T01:01:04.695736+02:00
295882541,de:11000:900053301:2:52,0.0,2026-10-02T01:01:04.695736+02:00
295882541,de:11000:900052201:1:51,0.0,2026-10-02T01:01:04.695736+02:00
295882541,de:11000:900050355:1:51,-0.3,2026-10-02T01:01:04.695736+02:00
295882541,de:11000:900050301:1:51,-0.4,2026-10-02T01:01:04.695736+02:00
295882541,de:11000:900049201:1:51,0.0,2026-10-02T01:01:04.695736+02:00
295882541,de:11000:900049202:1:51,0.0,2026-10-02T01:01:04.695736+02:00
295882541,de:11000:900066101:1:51,-0.3,2026-10-02T01:01:04.695736+02:00
295882541,de:11000:900066102:1:51,-0.2,2026-10-02T01:01:04.695736+02:00
295882541,de:11000:900062202:1:51,-0.2,2026-10-02T01:01:04.695736+02:00
295882541,de:11000:900063101:1:51,-0.2,2026-10-02T01:01:04.695736+02:00
295882541,de:11000:900060101:1:51,-0.9,2026-10-02T01:01:04.695736+02:00
295882541,de:11000:900054104:1:51,-0.9,2026-10-02T01:01:04.695736+02:00
295882541,de:11000:900057104:1:50,-0.4,2026-10-02T01:01:04.695736+02:00
295882541,de:11000:900057102:1:51,-0.1,2026-10-02T01:01:04.695736+02:00
295882541,de:11000:900012101:2:52,-0.9,2026-10-02T01:01:04.695736+02:00
295882541,de:11000:900100020:4:57,-0.3,2026-10-02T01:01:04.695736+02:00
295882541,de:11000:900100025:1:51,-0.4,2026-10-02T01:01:04.695736+02:00
295882541,de:11000:900100001:4:57,-0.1,2026-10-02T01:01:04.695736+02:00
295882541,de:11000:900100007:1:51,-0.2,2026-10-02T01:01:04.695736+02:00
295882541,de:11000:900007104:2:52,-0.2,2026-10-02T01:01:04.695736+02:00
295882541,de:11000:900008101:1:51,-0.9,2026-10-02T01:01:04.695736+02:00
295882541,de:11000:900007102:2:53,-0.6,2026-10-02T01:01:04.695736+02:00
295882541,de:11000:900110011:2:53,-0.9,2026-10-02T01:01:04.695736+02:00
295882541,de:11000:900085201:1:50,-0.9,2026-10-02T01:01:04.695736+02:00
295882541,de:11000:900084101:1:50,-0.7,2026-10-02T01:01:04.695736+02:00
295882541,de:11000:900096101:1:50,-0.8,2026-10-02T01:01:04.695736+02:00
295882541,de:11000:900094101:1:50,-0.1,2026-10-02T01:01:04.695736+02:00
295882541,de:11000:900093201:1:50,-0.4,2026-10-02T01:01:04.695736+02:00
295882541,de:11000:900092201:1:50,-0.2,2026-10-02T01:01:04.695736+02:00
307332941,de:11000:900160004:1:51,0.0,2026-10-02T01:01:04.695736+02:00
307332941,de:11000:900160003:1:50,-0.4,2026-10-02T01:01:04.695736+02:00
307332941,de:11000:900120003:2:52,-0.6,2026-10-02T01:01:04.695736+02:00
307332941,de:11000:900120004:1:51,-0.9,2026-10-02T01:01:04.695736+02:00
307332941,de:11000:900120005:5:57,-0.1,2026-10-02T01:01:04.695736+02:00
307332941,de:11000:900100004:1:51,-0.4,2026-10-02T01:01:04.695736+02:00
307332941,de:11000:900100003:2:53,-0.4,2026-10-02T01:01:04.695736+02:00
307332941,de:11000:900100002:1:51,-0.4,2026-10-02T01:01:04.695736+02:00
307332941,de:11000:900100001:3:55,-0.4,2026-10-02T01:01:04.695736+02:00
307332941,de:11000:900003201:3:55,-0.1,2026-10-02T01:01:04.695736+02:00
307332941,de:11000:900003102:1:51,-0.8,2026-10-02T01:01:04.695736+02:00
307332941,de:11000:900003103:1:51,-0.9,2026-10-02T01:01:04.695736+02:00
307332941,de:11000:900023201:3:55,-0.8,2026-10-02T01:01:04.695736+02:00
307332941,de:11000:900024203:1:51,-0.8,2026-10-02T01:01:04.695736+02:00
307332941,de:11000:900024101:4:57,-0.8,2026-10-02T01:01:04.695736+02:00
307332941,de:11000:900024102:1:50,-0.1,2026-10-02T01:01:04.695736+02:00
307332941,de:11000:900025423:1:50,-0.4,2026-10-02T01:01:04.695736+02:00
307332941,de:11000:900026105:1:50,-0.7,2026-10-02T01:01:04.695736+02:00
307332941,de:11000:900025321:1:50,-0.3,2026-10-02T01:01:04.695736+02:00
307332941,de:11000:900025424:1:50,-0.3,2026-10-02T01:01:04.695736+02:00
307332941,de:11000:900030202:1:50,-0.9,2026-10-02T01:01:04.695736+02:00
307332941,de:11000:900029101:1:51,-0.9,2026-10-02T01:01:04.695736+02:00
307437860,de:12066:900435061:2:51,0.0,2026-10-02T01:01:04.695736+02:00
307437860,de:12066:900435802:1:50,0.0,2026-10-02T01:01:04.695736+02:00
307437860,de:12066:900435000:1:50,0.0,2026-10-02T01:01:04.695736+02:00
307437860,de:12066:900435001:1:50,0.0,2026-10-02T01:01:04.695736+02:00
307437860,de:12066:900435800:2:51,0.0,2026-10-02T01:01:04.695736+02:00
307437860,de:12066:900435347:2:51,0.0,2026-10-02T01:01:04.695736+02:00
307437860,de:12071:900445360:1:51,0.0,2026-10-02T01:01:04.695736+02:00
307437860,de:12071:900445986:1:50,0.0,2026-10-02T01:01:04.695736+02:00
307437860,de:12052:900470000:2:51,0.0,2026-10-02T01:01:04.695736+02:00
307252221,de:11000:900007102:1:51,0.0,2026-10-02T01:01:04.695736+02:00
307252221,de:11000:900009104:1:51,-0.8,2026-10-02T01:01:04.695736+02:00
307252221,de:11000:900003200:5:58,-0.7,2026-10-02T01:01:04.695736+02:00
307444473,de:12072:900245002:3:53,0.0,2026-10-02T01:01:04.695736+02:00
307444473,de:12072:900245019:2:51,0.0,2026-10-02T01:01:04.695736+02:00
307444473,de:12072:900245303:1:50,0.0,2026-10-02T01:01:04.695736+02:00
307444473,000300838001,0.0,2026-10-02T01:01:04.695736+02:00
307444473,000300839001,0.0,2026-10-02T01:01:04.695736+02:00
307444473,de:12062:900415683:1:50,0.0,2026-10-02T01:01:04.695736+02:00
307444473,de:12062:900415345:1:50,0.0,2026-10-02T01:01:04.695736+02:00
295900371,de:12069:900220114:1:51,0.0,2026-10-02T01:01:04.695736+02:00
295900371,de:11000:900064201:1:51,-0.1,2026-10-02T01:01:04.695736+02:00
295900371,de:11000:900064256:1:51,0.0,2026-10-02T01:01:04.695736+02:00
295900371,de:11000:900064301:3:53,-0.3,2026-10-02T01:01:04.695736+02:00
295900371,de:11000:900067221:1:50,-0.3,2026-10-02T01:01:04.695736+02:00
295900371,de:11000:900063452:1:51,-0.4,2026-10-02T01:01:04.695736+02:00
295900371,de:11000:900058102:2:53,-0.5,2026-10-02T01:01:04.695736+02:00
295900371,de:11000:900058101:1:51,-0.3,2026-10-02T01:01:04.695736+02:00
295900371,de:11000:900058103:1:51,0.0,2026-10-02T01:01:04.695736+02:00
295900371,de:11000:900012101:2:53,-0.7,2026-10-02T01:01:04.695736+02:00
295900371,de:11000:900100020:4:57,-0.8,2026-10-02T01:01:04.695736+02:00
295900371,de:11000:900100025:1:51,-0.9,2026-10-02T01:01:04.695736+02:00
295900371,de:11000:900100001:4:57,-0.6,2026-10-02T01:01:04.695736+02:00
295900371,de:11000:900100007:1:51,-0.7,2026-10-02T01:01:04.695736+02:00
295900371,de:11000:900007104:2:52,-0.7,2026-10-02T01:01:04.695736+02:00
295900371,de:11000:900008101:1:51,-0.4,2026-10-02T01:01:04.695736+02:00
295900371,de:11000:900007102:2:53,-0.2,2026-10-02T01:01:04.695736+02:00
295900371,de:11000:900110011:2:53,-0.4,2026-10-02T01:01:04.695736+02:00
295900371,de:11000:900085201:1:50,-0.8,2026-10-02T01:01:04.695736+02:00
295900371,de:11000:900085105:1:50,-0.8,2026-10-02T01:01:04.695736+02:00
295900371,de:11000:900096458:1:50,-0.1,2026-10-02T01:01:04.695736+02:00
295900371,de:11000:900096405:1:50,-0.8,2026-10-02T01:01:04.695736+02:00
295900371,de:11000:900089303:1:50,-0.7,2026-10-02T01:01:04.695736+02:00
295900371,de:11000:900091205:1:50,-0.3,2026-10-02T01:01:04.695736+02:00
295900371,de:11000:900091203:1:50,-0.5,2026-10-02T01:01:04.695736+02:00
295900371,de:12065:900200000:4:54,-0.7,2026-10-02T01:01:04.695736+02:00
306053536,de:12053:900360000::6,0.0,2026-10-02T01:01:04.695736+02:00
306053536,de:12053:900360123::1,0.0,2026-10-02T01:01:04.695736+02:00
306053536,de:12053:900360214::1,0.0,2026-10-02T01:01:04.695736+02:00
306053536,de:12053:900360209::1,0.0,2026-10-02T01:01:04.695736+02:00
306053536,de:12064:900321535::1,0.0,2026-10-02T01:01:04.695736+02:00
306053536,de:12064:900321534::1,0.0,2026-10-02T01:01:04.695736+02:00
306053536,de:12064:900321532::1,0.0,2026-10-02T01:01:04.695736+02:00
306053536,de:12064:900321531::2,0.0,2026-10-02T01:01:04.695736+02:00
306053536,de:12064:900321639::2,0.0,2026-10-02T01:01:04.695736+02:00
306053536,de:12064:900321642::2,0.0,2026-10-02T01:01:04.695736+02:00
306053536,de:12064:900321641::2,0.0,2026-10-02T01:01:04.695736+02:00
306053536,de:12064:900321640::2,0.0,2026-10-02T01:01:04.695736+02:00
306053536,de:12064:900321638::2,0.0,2026-10-02T01:01:04.695736+02:00
306053536,de:12064:900321384::1,0.0,2026-10-02T01:01:04.695736+02:00
306053536,de:12064:900321383::1,0.0,2026-10-02T01:01:04.695736+02:00
306053536,de:12064:900321384::2,0.0,2026-10-02T01:01:04.695736+02:00
306053536,de:12064:900321638::1,0.0,2026-10-02T01:01:04.695736+02:00
306053536,de:12064:900321300::2,0.0,2026-10-02T01:01:04.695736+02:00
306053536,de:12064:900321640::1,0.0,2026-10-02T01:01:04.695736+02:00
306053536,de:12064:900321641::1,0.0,2026-10-02T01:01:04.695736+02:00
306053536,de:12064:900321642::1,0.0,2026-10-02T01:01:04.695736+02:00
306053536,de:12064:900321639::1,0.0,2026-10-02T01:01:04.695736+02:00
306053536,de:12064:900321306::1,0.0,2026-10-02T01:01:04.695736+02:00
306053536,de:12064:900321307::1,0.0,2026-10-02T01:01:04.695736+02:00
306053536,de:12064:900321360::2,0.0,2026-10-02T01:01:04.695736+02:00
306053536,de:12064:900321555::2,0.0,2026-10-02T01:01:04.695736+02:00
306053536,de:12064:900321386::2,0.0,2026-10-02T01:01:04.695736+02:00
306053536,de:12064:900321404::2,0.0,2026-10-02T01:01:04.695736+02:00
306053536,de:12064:900321749::1,0.0,2026-10-02T01:01:04.695736+02:00
306053536,de:12064:900321748::2,0.0,2026-10-02T01:01:04.695736+02:00
306053536,de:12064:900321742::6,0.0,2026-10-02T01:01:04.695736+02:00
306053986,de:12053:900360000::6,0.0,2026-10-02T01:01:04.695736+02:00
306053986,de:12053:900360123::1,0.0,2026-10-02T01:01:04.695736+02:00
306053986,de:12053:900360214::1,0.0,2026-10-02T01:01:04.695736+02:00
306053986,de:12053:900360209::1,0.0,2026-10-02T01:01:04.695736+02:00
306053986,de:12064:900321535::1,0.0,2026-10-02T01:01:04.695736+02:00
306053986,de:12064:900321534::1,0.0,2026-10-02T01:01:04.695736+02:00
306053986,de:12064:900321532::1,0.0,2026-10-02T01:01:04.695736+02:00
306053986,de:12064:900321530::2,0.0,2026-10-02T01:01:04.695736+02:00
306053986,de:12064:900321687::2,0.0,2026-10-02T01:01:04.695736+02:00
306053986,de:12064:900321685::2,0.0,2026-10-02T01:01:04.695736+02:00
306053986,de:12064:900321686::2,0.0,2026-10-02T01:01:04.695736+02:00
306053986,de:12064:900321689::2,0.0,2026-10-02T01:01:04.695736+02:00
306053986,de:12064:900321688::2,0.0,2026-10-02T01:01:04.695736+02:00
306053986,de:12064:900321472::2,0.0,2026-10-02T01:01:04.695736+02:00
306053986,de:12064:900321705::3,0.0,2026-10-02T01:01:04.695736+02:00
306053986,de:12064:900321712::1,0.0,2026-10-02T01:01:04.695736+02:00
306053986,de:12064:900321713::1,0.0,2026-10-02T01:01:04.695736+02:00
306053986,de:12064:900321712::2,0.0,2026-10-02T01:01:04.695736+02:00
306053986,de:12064:900321704::1,0.0,2026-10-02T01:01:04.695736+02:00
306053986,de:12064:900321705::2,0.0,2026-10-02T01:01:04.695736+02:00
306053986,de:12064:900321707::2,0.0,2026-10-02T01:01:04.695736+02:00
306053986,de:12064:900321474::2,0.0,2026-10-02T01:01:04.695736+02:00
306053986,de:12064:900321584::1,0.0,2026-10-02T01:01:04.695736+02:00
306053986,de:12064:900321581::2,0.0,2026-10-02T01:01:04.695736+02:00
306053986,de:12064:900321582::1,0.0,2026-10-02T01:01:04.695736+02:00
306053986,de:12064:900321582::1,-14.0,2026-10-02T01:01:04.695736+02:00
306053986,de:12064:900321583::1,0.0,2026-10-02T01:01:04.695736+02:00
306053986,de:12064:900321520::1,0.0,2026-10-02T01:01:04.695736+02:00
306053986,de:12064:900321518::1,0.0,2026-10-02T01:01:04.695736+02:00
306053986,de:12064:900321521::1,0.0,2026-10-02T01:01:04.695736+02:00
306053986,de:12064:900321518::2,0.0,2026-10-02T01:01:04.695736+02:00
306053986,de:12064:900321520::2,0.0,2026-10-02T01:01:04.695736+02:00
306053986,de:12064:900321583::2,0.0,2026-10-02T01:01:04.695736+02:00
306053986,de:12064:900321582::1,14.0,2026-10-02T01:01:04.695736+02:00
306053986,de:12064:900321582::1,0.0,2026-10-02T01:01:04.695736+02:00
306053986,de:12064:900321433::2,0.0,2026-10-02T01:01:04.695736+02:00
306053986,de:12064:900321604::2,0.0,2026-10-02T01:01:04.695736+02:00
306053986,de:12064:900321603::2,0.0,2026-10-02T01:01:04.695736+02:00
306053986,de:12064:900321471::2,0.0,2026-10-02T01:01:04.695736+02:00
306053986,de:12064:900321750::2,0.0,2026-10-02T01:01:04.695736+02:00
306053986,de:12064:900321747::2,0.0,2026-10-02T01:01:04.695736+02:00
306053986,de:12064:900321745::1,0.0,2026-10-02T01:01:04.695736+02:00
306053986,de:12064:900321748::2,0.0,2026-10-02T01:01:04.695736+02:00
306053986,de:12064:900321742::5,0.0,2026-10-02T01:01:04.695736+02:00
306048742,de:12064:900320564::2,0.0,2026-10-02T01:01:04.695736+02:00
306048742,de:12064:900320559::1,0.0,2026-10-02T01:01:04.695736+02:00
306048742,de:12064:900320001::3,0.0,2026-10-02T01:01:04.695736+02:00
306048742,de:12064:900320554::2,0.0,2026-10-02T01:01:04.695736+02:00
306048742,de:12064:900320051::2,0.0,2026-10-02T01:01:04.695736+02:00
306048742,de:12064:900320604::2,0.0,2026-10-02T01:01:04.695736+02:00
306048742,de:12064:900320603::2,0.0,2026-10-02T01:01:04.695736+02:00
306048742,de:12064:900320615::2,0.0,2026-10-02T01:01:04.695736+02:00
306048742,de:12064:900320616::2,0.0,2026-10-02T01:01:04.695736+02:00
306048742,de:12064:900320004::1,0.0,2026-10-02T01:01:04.695736+02:00
306048207,de:12064:900320008::5,0.0,2026-10-02T01:01:04.695736+02:00
306048207,de:12064:900320046::2,0.0,2026-10-02T01:01:04.695736+02:00
306048207,de:12064:900320048::2,0.0,2026-10-02T01:01:04.695736+02:00
306048207,de:12064:900320045::2,0.0,2026-10-02T01:01:04.695736+02:00
306048207,de:12064:900320044::2,0.0,2026-10-02T01:01:04.695736+02:00
306048207,de:12064:900320043::2,0.0,2026-10-02T01:01:04.695736+02:00
306048207,de:12064:900320042::2,0.0,2026-10-02T01:01:04.695736+02:00
306048207,de:12064:900320027::2,0.0,2026-10-02T01:01:04.695736+02:00
306048207,de:12064:900320023::1,-2.0,2026-10-02T01:01:04.695736+02:00
306048207,de:12064:900320027::1,0.0,2026-10-02T01:01:04.695736+02:00
306048207,de:12064:900320231::1,0.0,2026-10-02T01:01:04.695736+02:00
306048207,de:12064:900320075::1,0.0,2026-10-02T01:01:04.695736+02:00
306048207,de:12064:900320074::1,0.0,2026-10-02T01:01:04.695736+02:00
306048207,de:12064:900320041::1,0.0,2026-10-02T01:01:04.695736+02:00
306048207,de:12064:900320042::1,0.0,2026-10-02T01:01:04.695736+02:00
306048207,de:12064:900320043::1,0.0,2026-10-02T01:01:04.695736+02:00
306048207,de:12064:900320044::1,0.0,2026-10-02T01:01:04.695736+02:00
306048207,de:12064:900320045::1,0.0,2026-10-02T01:01:04.695736+02:00
306048207,de:12064:900320048::1,0.0,2026-10-02T01:01:04.695736+02:00
306048207,de:12064:900320046::1,0.0,2026-10-02T01:01:04.695736+02:00
306048207,de:12064:900320008::1,0.0,2026-10-02T01:01:04.695736+02:00
307261707,de:11000:900143001:1:51,0.0,2026-10-02T01:01:04.695736+02:00
307261707,de:11000:900142001:1:51,-0.3,2026-10-02T01:01:04.695736+02:00
307261707,de:11000:900130001:1:51,-0.8,2026-10-02T01:01:04.695736+02:00
307261707,de:11000:900130002:1:51,-0.3,2026-10-02T01:01:04.695736+02:00
307261707,de:11000:900110011:1:51,-0.7,2026-10-02T01:01:04.695736+02:00
307261707,de:11000:900007102:1:50,-0.7,2026-10-02T01:01:04.695736+02:00
307261707,de:11000:900008101:1:50,-0.5,2026-10-02T01:01:04.695736+02:00
307261707,de:11000:900007104:1:51,-0.2,2026-10-02T01:01:04.695736+02:00
307261707,de:11000:900100007:1:50,-0.2,2026-10-02T01:01:04.695736+02:00
307261707,de:11000:900100001:4:56,0.0,2026-10-02T01:01:04.695736+02:00
307261707,de:11000:900100025:1:50,-0.9,2026-10-02T01:01:04.695736+02:00
307261707,de:11000:900100020:3:54,-0.9,2026-10-02T01:01:04.695736+02:00
307261707,de:11000:900012101:1:51,0.0,2026-10-02T01:01:04.695736+02:00
307261707,de:11000:900058103:1:50,-0.8,2026-10-02T01:01:04.695736+02:00
307261707,de:11000:900058101:1:50,-0.4,2026-10-02T01:01:04.695736+02:00
307261707,de:11000:900058102:1:50,-0.4,2026-10-02T01:01:04.695736+02:00
307261707,de:11000:900068301:1:50,-0.7,2026-10-02T01:01:04.695736+02:00
307261707,de:11000:900073101:1:50,-0.9,2026-10-02T01:01:04.695736+02:00
307261707,de:11000:900072101:1:50,-0.2,2026-10-02T01:01:04.695736+02:00
307261707,de:11000:900074202:1:50,-0.2,2026-10-02T01:01:04.695736+02:00
307261707,de:11000:900074201:1:50,-0.4,2026-10-02T01:01:04.695736+02:00
306042850,de:12064:900320014::2,0.0,2026-10-02T01:01:04.695736+02:00
306042850,de:12064:900320828::1,0.0,2026-10-02T01:01:04.695736+02:00
306042850,de:12064:900320828::1,-4.0,2026-10-02T01:01:04.695736+02:00
306042850,de:12064:900320802::1,0.0,2026-10-02T01:01:04.695736+02:00
306042850,de:12064:900320828::1,4.0,2026-10-02T01:01:04.695736+02:00
306042850,de:12064:900320828::1,0.0,2026-10-02T01:01:04.695736+02:00
306042850,de:12064:900320803::2,0.0,2026-10-02T01:01:04.695736+02:00
306042850,de:12064:900320827::2,0.0,2026-10-02T01:01:04.695736+02:00
306042850,de:12064:900320824::2,0.0,2026-10-02T01:01:04.695736+02:00
306042850,de:12064:900320825::2,0.0,2026-10-02T01:01:04.695736+02:00
306042850,de:12064:900320822::2,0.0,2026-10-02T01:01:04.695736+02:00
306042850,de:12064:900320821::2,0.0,2026-10-02T01:01:04.695736+02:00
306042850,de:12064:900320830::2,0.0,2026-10-02T01:01:04.695736+02:00
307318666,de:11000:900151001:1:51,0.0,2026-10-02T01:01:04.695736+02:00
307318666,de:11000:900152001:1:51,-0.1,2026-10-02T01:01:04.695736+02:00
307318666,de:11000:900152002:1:51,-0.4,2026-10-02T01:01:04.695736+02:00
307318666,de:11000:900171003:1:51,-0.1,2026-10-02T01:01:04.695736+02:00
307318666,de:11000:900171002:1:51,-0.3,2026-10-02T01:01:04.695736+02:00
307318666,de:11000:900160004:1:51,-0.7,2026-10-02T01:01:04.695736+02:00
307318666,de:11000:900160003:1:51,-0.8,2026-10-02T01:01:04.695736+02:00
307318666,de:11000:900120003:3:55,0.0,2026-10-02T01:01:04.695736+02:00
307318666,de:11000:900120004:2:53,-0.3,2026-10-02T01:01:04.695736+02:00
307318666,de:11000:900120005:5:58,-0.6,2026-10-02T01:01:04.695736+02:00
295960027,de:11000:900186001:2:52,0.0,2026-10-02T01:01:04.695736+02:00
295960027,de:11000:900193002:1:51,-0.2,2026-10-02T01:01:04.695736+02:00
295960027,de:11000:900193001:2:51,-0.8,2026-10-02T01:01:04.695736+02:00
295960027,de:11000:900192001:3:55,-0.7,2026-10-02T01:01:04.695736+02:00
295960027,de:11000:900191001:1:50,-0.4,2026-10-02T01:01:04.695736+02:00
295960027,de:11000:900191002:1:51,-0.8,2026-10-02T01:01:04.695736+02:00
295960027,de:11000:900190001:2:53,-0.6,2026-10-02T01:01:04.695736+02:00
295960027,de:11000:900120003:5:59,0.0,2026-10-02T01:01:04.695736+02:00
295960027,de:11000:900120001:1:51,-0.6,2026-10-02T01:01:04.695736+02:00
295960027,de:11000:900110012:1:51,-0.8,2026-10-02T01:01:04.695736+02:00
295960027,de:11000:900110004:1:51,-0.7,2026-10-02T01:01:04.695736+02:00
295960027,de:11000:900110003:1:51,0.0,2026-10-02T01:01:04.695736+02:00
295960027,de:11000:900110002:1:51,0.0,2026-10-02T01:01:04.695736+02:00
295960027,de:11000:900110001:1:51,-0.7,2026-10-02T01:01:04.695736+02:00
295960027,de:11000:900110011:2:52,-0.4,2026-10-02T01:01:04.695736+02:00
295960027,de:11000:900130002:1:50,0.0,2026-10-02T01:01:04.695736+02:00
295960027,de:11000:900130001:1:50,-0.7,2026-10-02T01:01:04.695736+02:00
295960027,de:11000:900142001:1:50,-0.2,2026-10-02T01:01:04.695736+02:00
306051594,de:12064:900320661::1,0.0,2026-10-02T01:01:04.695736+02:00
306051594,de:12064:900320655::1,0.0,2026-10-02T01:01:04.695736+02:00
306051594,de:12064:900320654::2,0.0,2026-10-02T01:01:04.695736+02:00
306051594,de:12064:900320653::2,0.0,2026-10-02T01:01:04.695736+02:00
306051594,de:12064:900320658::2,0.0,2026-10-02T01:01:04.695736+02:00
306051594,de:12064:900320657::2,0.0,2026-10-02T01:01:04.695736+02:00
306051594,de:12064:900320652::2,0.0,2026-10-02T01:01:04.695736+02:00
306051594,de:12064:900320650::2,0.0,2026-10-02T01:01:04.695736+02:00
306051594,de:12064:900320639::1,0.0,2026-10-02T01:01:04.695736+02:00
306051594,de:12064:900320006::1,0.0,2026-10-02T01:01:04.695736+02:00
295963697,de:12061:900260009:3:56,0.0,2026-10-02T01:01:04.695736+02:00
295963697,de:12061:900260080:1:51,-0.7,2026-10-02T01:01:04.695736+02:00
295963697,de:12061:900260005:3:55,0.0,2026-10-02T01:01:04.695736+02:00
295963697,de:11000:900196001:1:51,0.0,2026-10-02T01:01:04.695736+02:00
295963697,de:11000:900195510:1:50,-0.4,2026-10-02T01:01:04.695736+02:00
295963697,de:11000:900193002:1:51,-0.6,2026-10-02T01:01:04.695736+02:00
295963697,de:11000:900193001:2:51,-0.3,2026-10-02T01:01:04.695736+02:00
295963697,de:11000:900192001:3:55,-0.2,2026-10-02T01:01:04.695736+02:00
295963697,de:11000:900191001:1:50,-0.9,2026-10-02T01:01:04.695736+02:00
295963697,de:11000:900191002:1:51,-0.3,2026-10-02T01:01:04.695736+02:00
295963697,de:11000:900190001:2:53,-0.1,2026-10-02T01:01:04.695736+02:00
295963697,de:11000:900120003:5:59,-0.3,2026-10-02T01:01:04.695736+02:00
295963697,de:11000:900120001:1:51,-0.6,2026-10-02T01:01:04.695736+02:00
295963697,de:11000:900110012:1:51,-0.8,2026-10-02T01:01:04.695736+02:00
295963697,de:11000:900110004:1:51,-0.7,2026-10-02T01:01:04.695736+02:00
295963697,de:11000:900110003:1:51,0.0,2026-10-02T01:01:04.695736+02:00
295963697,de:11000:900110002:1:51,0.0,2026-10-02T01:01:04.695736+02:00
295963697,de:11000:900110001:1:51,-0.7,2026-10-02T01:01:04.695736+02:00
295963697,de:11000:900110011:2:52,-0.4,2026-10-02T01:01:04.695736+02:00
295963697,de:11000:900130002:1:51,-0.8,2026-10-02T01:01:04.695736+02:00
295959916,de:11000:900142001:1:51,0.0,2026-10-02T01:01:04.695736+02:00
295959916,de:11000:900130001:1:51,-0.2,2026-10-02T01:01:04.695736+02:00
295959916,de:11000:900130002:1:51,-0.7,2026-10-02T01:01:04.695736+02:00
295959916,de:11000:900110011:1:51,-0.2,2026-10-02T01:01:04.695736+02:00
295959916,de:11000:900110001:1:50,-0.2,2026-10-02T01:01:04.695736+02:00
295959916,de:11000:900110002:1:50,-0.9,2026-10-02T01:01:04.695736+02:00
295959916,de:11000:900110003:1:50,-0.9,2026-10-02T01:01:04.695736+02:00
295959916,de:11000:900110004:1:50,-0.3,2026-10-02T01:01:04.695736+02:00
295959916,de:11000:900110012:1:50,-0.2,2026-10-02T01:01:04.695736+02:00
295959916,de:11000:900120001:1:50,-0.2,2026-10-02T01:01:04.695736+02:00
295959916,de:11000:900120003:5:58,-0.6,2026-10-02T01:01:04.695736+02:00
295959916,de:11000:900190001:1:50,-0.1,2026-10-02T01:01:04.695736+02:00
295959916,de:11000:900191002:1:50,0.0,2026-10-02T01:01:04.695736+02:00
295959916,de:11000:900191001:2:52,-0.4,2026-10-02T01:01:04.695736+02:00
295959916,de:11000:900192001:2:52,-0.2,2026-10-02T01:01:04.695736+02:00
295959916,de:11000:900193001:1:50,-0.7,2026-10-02T01:01:04.695736+02:00
295959916,de:11000:900193002:1:50,-0.3,2026-10-02T01:01:04.695736+02:00
295959916,de:11000:900186001:1:51,-0.3,2026-10-02T01:01:04.695736+02:00
307280484,de:11000:900020202:1:50,0.0,2026-10-02T01:01:04.695736+02:00
307280484,de:11000:900001201:1:50,-0.2,2026-10-02T01:01:04.695736+02:00
307280484,de:11000:900009104:1:50,-0.8,2026-10-02T01:01:04.695736+02:00
307280484,de:11000:900007102:2:52,-0.4,2026-10-02T01:01:04.695736+02:00
307280484,de:11000:900110001:1:50,-0.6,2026-10-02T01:01:04.695736+02:00
307280484,de:11000:900110002:1:50,-0.4,2026-10-02T01:01:04.695736+02:00
307280484,de:11000:900110003:1:50,-0.4,2026-10-02T01:01:04.695736+02:00
307280484,de:11000:900110004:1:50,-0.8,2026-10-02T01:01:04.695736+02:00
307280484,de:11000:900110012:1:50,-0.7,2026-10-02T01:01:04.695736+02:00
307280484,de:11000:900120001:1:50,-0.7,2026-10-02T01:01:04.695736+02:00
307280484,de:11000:900120003:5:58,-0.1,2026-10-02T01:01:04.695736+02:00
307280484,de:11000:900190001:1:50,-0.4,2026-10-02T01:01:04.695736+02:00
307280484,de:11000:900077106:1:50,-0.4,2026-10-02T01:01:04.695736+02:00
307280484,de:11000:900078201:1:50,-0.3,2026-10-02T01:01:04.695736+02:00
307280484,de:11000:900079221:1:50,-0.2,2026-10-02T01:01:04.695736+02:00
307280484,de:11000:900068201:1:50,-0.8,2026-10-02T01:01:04.695736+02:00
307280484,de:11000:900058101:5:58,-0.1,2026-10-02T01:01:04.695736+02:00
307280484,de:11000:900054104:2:52,-0.7,2026-10-02T01:01:04.695736+02:00
307280484,de:11000:900054105:1:50,-0.9,2026-10-02T01:01:04.695736+02:00
307280484,de:11000:900044202:1:50,-0.7,2026-10-02T01:01:04.695736+02:00
307280484,de:11000:900045102:1:50,-0.7,2026-10-02T01:01:04.695736+02:00
307280484,de:11000:900044101:1:50,-0.8,2026-10-02T01:01:04.695736+02:00
307280484,de:11000:900040101:1:50,-0.3,2026-10-02T01:01:04.695736+02:00
307280484,de:11000:900024101:3:54,-0.8,2026-10-02T01:01:04.695736+02:00
307429991,de:11000:900003200:3:54,0.0,2026-10-02T01:01:04.695736+02:00
307429991,de:11000:900007102:5:59,0.0,2026-10-02T01:01:04.695736+02:00
307429991,de:11000:900160004:2:53,-1.0,2026-10-02T01:01:04.695736+02:00
307429991,de:12061:900260009:2:54,0.0,2026-10-02T01:01:04.695736+02:00
306045648,de:12064:900320008::5,0.0,2026-10-02T01:01:04.695736+02:00
306045648,de:12064:900320100::1,0.0,2026-10-02T01:01:04.695736+02:00
306045648,de:12064:900320101::1,0.0,2026-10-02T01:01:04.695736+02:00
306045648,de:12064:900320102::1,0.0,2026-10-02T01:01:04.695736+02:00
306045648,de:12064:900320103::1,0.0,2026-10-02T01:01:04.695736+02:00
306045648,de:12064:900320104::1,0.0,2026-10-02T01:01:04.695736+02:00
306045648,de:12064:900320106::1,0.0,2026-10-02T01:01:04.695736+02:00
306045648,de:12064:900320107::1,0.0,2026-10-02T01:01:04.695736+02:00
306045648,de:12064:900320108::1,0.0,2026-10-02T01:01:04.695736+02:00
306045648,de:12064:900320109::1,0.0,2026-10-02T01:01:04.695736+02:00
306045648,de:12064:900320110::1,0.0,2026-10-02T01:01:04.695736+02:00
306045648,de:12064:900320111::1,0.0,2026-10-02T01:01:04.695736+02:00
306045648,de:12064:900320112::1,0.0,2026-10-02T01:01:04.695736+02:00
306045648,de:12064:900320124::1,0.0,2026-10-02T01:01:04.695736+02:00
306045648,de:12064:900320113::1,0.0,2026-10-02T01:01:04.695736+02:00
306045648,de:12064:900320130::1,0.0,2026-10-02T01:01:04.695736+02:00
306045648,de:12064:900320007::1,0.0,2026-10-02T01:01:04.695736+02:00
306045648,de:12064:900320115::1,0.0,2026-10-02T01:01:04.695736+02:00
306045648,de:12064:900320116::1,0.0,2026-10-02T01:01:04.695736+02:00
306045648,de:12064:900320114::1,0.0,2026-10-02T01:01:04.695736+02:00
306045648,de:12064:900320132::1,0.0,2026-10-02T01:01:04.695736+02:00
306045648,de:12064:900320118::2,0.0,2026-10-02T01:01:04.695736+02:00
306045648,de:12064:900320120::1,0.0,2026-10-02T01:01:04.695736+02:00
306045648,de:12064:900320119::2,0.0,2026-10-02T01:01:04.695736+02:00
306043084,de:12064:900320916::2,0.0,2026-10-02T01:01:04.695736+02:00
306043084,de:12064:900320915::1,0.0,2026-10-02T01:01:04.695736+02:00
306043084,de:12064:900320903::1,0.0,2026-10-02T01:01:04.695736+02:00
306043084,de:12064:900320902::1,0.0,2026-10-02T01:01:04.695736+02:00
306043084,de:12064:900320900::1,0.0,2026-10-02T01:01:04.695736+02:00
306043084,de:12064:900320900::2,0.0,2026-10-02T01:01:04.695736+02:00
306043084,de:12064:900320800::2,0.0,2026-10-02T01:01:04.695736+02:00
306043084,de:12064:900320702::2,0.0,2026-10-02T01:01:04.695736+02:00
306043084,de:12064:900320700::1,0.0,2026-10-02T01:01:04.695736+02:00
306043084,de:12064:900320701::1,0.0,2026-10-02T01:01:04.695736+02:00
306043084,de:12064:900320632::1,0.0,2026-10-02T01:01:04.695736+02:00
306043084,de:12064:900320611::1,0.0,2026-10-02T01:01:04.695736+02:00
306043084,de:12064:900320635::1,0.0,2026-10-02T01:01:04.695736+02:00
306043084,de:12064:900320005::3,0.0,2026-10-02T01:01:04.695736+02:00
306043084,de:12064:900320628::1,0.0,2026-10-02T01:01:04.695736+02:00
306043084,de:12064:900320629::1,-1.0,2026-10-02T01:01:04.695736+02:00
306043084,de:12064:900320627::1,0.0,2026-10-02T01:01:04.695736+02:00
306043084,de:12064:900320608::1,0.0,2026-10-02T01:01:04.695736+02:00
306043084,de:12064:900320601::2,0.0,2026-10-02T01:01:04.695736+02:00
306043084,de:12064:900320607::2,0.0,2026-10-02T01:01:04.695736+02:00
306043084,de:12064:900320606::2,0.0,2026-10-02T01:01:04.695736+02:00
306043084,de:12064:900320605::2,0.0,2026-10-02T01:01:04.695736+02:00
306043084,de:12064:900320604::2,0.0,2026-10-02T01:01:04.695736+02:00
306043084,de:12064:900320603::2,0.0,2026-10-02T01:01:04.695736+02:00
306043084,de:12064:900320602::1,0.0,2026-10-02T01:01:04.695736+02:00
306043084,de:12064:900320601::1,0.0,2026-10-02T01:01:04.695736+02:00
306043084,de:12064:900320608::2,0.0,2026-10-02T01:01:04.695736+02:00
306043084,de:12064:900320600::1,0.0,2026-10-02T01:01:04.695736+02:00
306043084,de:12064:900320004::1,-1.0,2026-10-02T01:01:04.695736+02:00
307332416,de:11000:900029101:1:51,0.0,2026-10-02T01:01:04.695736+02:00
307332416,de:11000:900030202:1:50,-0.3,2026-10-02T01:01:04.695736+02:00
307332416,de:11000:900025424:1:51,-0.2,2026-10-02T01:01:04.695736+02:00
307332416,de:11000:900025321:1:51,-0.2,2026-10-02T01:01:04.695736+02:00
307332416,de:11000:900026105:1:50,-0.4,2026-10-02T01:01:04.695736+02:00
307332416,de:11000:900025423:1:50,-0.7,2026-10-02T01:01:04.695736+02:00
307332416,de:11000:900024102:2:53,-0.7,2026-10-02T01:01:04.695736+02:00
307332416,de:11000:900024101:3:55,-0.3,2026-10-02T01:01:04.695736+02:00
307332416,de:11000:900024203:1:51,-0.8,2026-10-02T01:01:04.695736+02:00
307332416,de:11000:900023201:3:54,-0.7,2026-10-02T01:01:04.695736+02:00
307332416,de:11000:900003103:1:50,-0.8,2026-10-02T01:01:04.695736+02:00
307332416,de:11000:900003102:1:50,-0.9,2026-10-02T01:01:04.695736+02:00
307332416,de:11000:900003201:3:54,-0.5,2026-10-02T01:01:04.695736+02:00
307332416,de:11000:900100001:3:54,-0.1,2026-10-02T01:01:04.695736+02:00
307332416,de:11000:900100002:1:50,-0.4,2026-10-02T01:01:04.695736+02:00
307332416,de:11000:900100003:2:52,-0.1,2026-10-02T01:01:04.695736+02:00
307332416,de:11000:900100004:1:50,-0.4,2026-10-02T01:01:04.695736+02:00
307332416,de:11000:900120005:4:55,-0.6,2026-10-02T01:01:04.695736+02:00
307332416,de:11000:900120004:1:50,-0.1,2026-10-02T01:01:04.695736+02:00
307332416,de:11000:900190001:1:51,-0.2,2026-10-02T01:01:04.695736+02:00
307332416,de:11000:900191002:1:50,0.0,2026-10-02T01:01:04.695736+02:00
307332416,de:11000:900191001:2:52,-0.4,2026-10-02T01:01:04.695736+02:00
307332416,de:11000:900192001:2:52,-0.7,2026-10-02T01:01:04.695736+02:00
307332416,de:11000:900193001:1:50,-0.2,2026-10-02T01:01:04.695736+02:00
307332416,de:11000:900193002:1:50,-0.8,2026-10-02T01:01:04.695736+02:00
307332416,de:11000:900195510:1:51,-0.2,2026-10-02T01:01:04.695736+02:00
307332416,de:11000:900196001:1:50,-0.4,2026-10-02T01:01:04.695736+02:00
307332416,de:12061:900260005:3:54,-0.2,2026-10-02T01:01:04.695736+02:00
307332416,de:12061:900260080:1:50,-0.7,2026-10-02T01:01:04.695736+02:00
307332416,de:12061:900260009:3:55,-0.9,2026-10-02T01:01:04.695736+02:00
307292201,de:11000:900044202:1:51,0.0,2026-10-02T01:01:04.695736+02:00
307292201,de:11000:900054105:1:51,-0.2,2026-10-02T01:01:04.695736+02:00
307292201,de:11000:900054104:2:53,-0.8,2026-10-02T01:01:04.695736+02:00
307292201,de:11000:900058101:5:59,-0.7,2026-10-02T01:01:04.695736+02:00
307292201,de:11000:900068201:1:51,-0.3,2026-10-02T01:01:04.695736+02:00
307292201,de:11000:900079221:1:51,-0.9,2026-10-02T01:01:04.695736+02:00
307292201,de:11000:900078201:1:51,-0.6,2026-10-02T01:01:04.695736+02:00
307292201,de:11000:900077155:1:51,-0.2,2026-10-02T01:01:04.695736+02:00
307292201,de:11000:900191001:2:51,-0.7,2026-10-02T01:01:04.695736+02:00
307292201,de:11000:900192001:2:52,-0.7,2026-10-02T01:01:04.695736+02:00
307292201,de:11000:900193001:1:50,-0.2,2026-10-02T01:01:04.695736+02:00
307292201,de:11000:900193002:1:50,-0.8,2026-10-02T01:01:04.695736+02:00
307292201,de:11000:900186001:1:50,-0.8,2026-10-02T01:01:04.695736+02:00
307292201,de:12061:900260004:1:50,-0.2,2026-10-02T01:01:04.695736+02:00
307292201,de:12061:900260003:1:50,-0.4,2026-10-02T01:01:04.695736+02:00
307292201,de:12061:900260002:1:51,-0.2,2026-10-02T01:01:04.695736+02:00
307292201,de:12061:900260001:2:52,-0.2,2026-10-02T01:01:04.695736+02:00
307301744,de:11000:900024102:2:52,0.0,2026-10-02T01:01:04.695736+02:00
307301744,de:11000:900024101:3:55,-0.8,2026-10-02T01:01:04.695736+02:00
307301744,de:11000:900024203:1:51,-0.8,2026-10-02T01:01:04.695736+02:00
307301744,de:11000:900023201:3:54,-0.7,2026-10-02T01:01:04.695736+02:00
307301744,de:11000:900003103:1:50,-0.8,2026-10-02T01:01:04.695736+02:00
307301744,de:11000:900003102:1:50,-0.9,2026-10-02T01:01:04.695736+02:00
307301744,de:11000:900003201:3:54,-0.5,2026-10-02T01:01:04.695736+02:00
307301744,de:11000:900100001:3:54,-0.1,2026-10-02T01:01:04.695736+02:00
307301744,de:11000:900100002:1:50,-0.4,2026-10-02T01:01:04.695736+02:00
307301744,de:11000:900100003:2:52,-0.1,2026-10-02T01:01:04.695736+02:00
307301744,de:11000:900100004:1:50,-0.4,2026-10-02T01:01:04.695736+02:00
307301744,de:11000:900120005:4:55,-0.6,2026-10-02T01:01:04.695736+02:00
307301744,de:11000:900120004:1:50,-0.1,2026-10-02T01:01:04.695736+02:00
307301744,de:11000:900120003:2:53,-0.4,2026-10-02T01:01:04.695736+02:00
307301744,de:11000:900160003:1:50,-0.7,2026-10-02T01:01:04.695736+02:00
307301744,de:11000:900160004:1:50,-0.7,2026-10-02T01:01:04.695736+02:00
307301744,de:11000:900171002:1:50,-0.2,2026-10-02T01:01:04.695736+02:00
307301744,de:11000:900171001:2:51,-0.3,2026-10-02T01:01:04.695736+02:00
307301744,de:11000:900175001:2:51,-0.5,2026-10-02T01:01:04.695736+02:00
307301744,de:11000:900175002:1:51,0.0,2026-10-02T01:01:04.695736+02:00
307301744,de:11000:900176001:2:52,-0.3,2026-10-02T01:01:04.695736+02:00
306044443,de:12064:900320007::2,0.0,2026-10-02T01:01:04.695736+02:00
306044443,de:12064:900320007::2,-20.0,2026-10-02T01:01:04.695736+02:00
306044443,de:12064:900320130::1,0.0,2026-10-02T01:01:04.695736+02:00
306044443,820093201371,0.0,2026-10-02T01:01:04.695736+02:00
306044443,de:12064:900320121::1,0.0,2026-10-02T01:01:04.695736+02:00
306044443,de:12064:900320135::1,0.0,2026-10-02T01:01:04.695736+02:00
306044443,de:12064:900320136::1,0.0,2026-10-02T01:01:04.695736+02:00
306044443,de:12064:900320141::1,0.0,2026-10-02T01:01:04.695736+02:00
306044443,de:12064:900320122::2,0.0,2026-10-02T01:01:04.695736+02:00
306044443,de:12064:900320121::2,0.0,2026-10-02T01:01:04.695736+02:00
306044443,820093201372,0.0,2026-10-02T01:01:04.695736+02:00
306044443,de:12064:900320007::2,20.0,2026-10-02T01:01:04.695736+02:00
306044443,de:12064:900320007::2,0.0,2026-10-02T01:01:04.695736+02:00
307431716,de:12061:900260001:1:50,0.0,2026-10-02T01:01:04.695736+02:00
307431716,de:12061:900260009:2:54,0.0,2026-10-02T01:01:04.695736+02:00
307431716,de:12072:900245836:2:51,0.0,2026-10-02T01:01:04.695736+02:00
307431716,de:12069:900220002:2:51,0.0,2026-10-02T01:01:04.695736+02:00
307431716,de:12054:900230002:1:52,0.0,2026-10-02T01:01:04.695736+02:00
307431716,de:12054:900220010:2:51,0.0,2026-10-02T01:01:04.695736+02:00
307431716,de:12054:900230007:2:52,0.0,2026-10-02T01:01:04.695736+02:00
307431716,de:12054:900230006:2:51,0.0,2026-10-02T01:01:04.695736+02:00
307431716,de:12054:900230999:2:52,0.0,2026-10-02T01:01:04.695736+02:00
307433935,de:12052:900470000:1:50,0.0,2026-10-02T01:01:04.695736+02:00
307433935,de:12052:900470001:3:52,0.0,2026-10-02T01:01:04.695736+02:00
307433935,de:12071:900445122:1:50,0.0,2026-10-02T01:01:04.695736+02:00
307433935,de:12071:900445010:2:52,0.0,2026-10-02T01:01:04.695736+02:00
307435033,de:12063:900210005:2:52,0.0,2026-10-02T01:01:04.695736+02:00
307435033,de:12063:900210326:2:51,0.0,2026-10-02T01:01:04.695736+02:00
307435033,de:12063:900210011:2:51,0.0,2026-10-02T01:01:04.695736+02:00
307435033,de:12063:900210010:2:51,0.0,2026-10-02T01:01:04.695736+02:00
307435033,de:12063:900210180:2:51,0.0,2026-10-02T01:01:04.695736+02:00
307435033,de:11000:900037168:2:51,0.0,2026-10-02T01:01:04.695736+02:00
307435033,de:11000:900029101:2:52,0.0,2026-10-02T01:01:04.695736+02:00
307435033,de:11000:900020201:1:50,0.0,2026-10-02T01:01:04.695736+02:00
307435033,de:11000:900007102:5:59,0.0,2026-10-02T01:01:04.695736+02:00
307435033,de:11000:900120003:4:56,0.0,2026-10-02T01:01:04.695736+02:00
307435033,de:11000:900192001:1:50,0.0,2026-10-02T01:01:04.695736+02:00
307435033,de:12061:900260001:1:50,0.0,2026-10-02T01:01:04.695736+02:00
307435033,de:12061:900260014:1:50,0.0,2026-10-02T01:01:04.695736+02:00
307435033,de:12061:900260611:1:50,0.0,2026-10-02T01:01:04.695736+02:00
307435033,de:12061:900260016:1:50,0.0,2026-10-02T01:01:04.695736+02:00
307435033,de:12061:900260017:2:51,0.0,2026-10-02T01:01:04.695736+02:00
307435033,de:12061:900260018:1:50,0.0,2026-10-02T01:01:04.695736+02:00
307435033,de:12061:900260019:1:50,0.0,2026-10-02T01:01:04.695736+02:00
307435033,de:12061:900261871:1:50,0.0,2026-10-02T01:01:04.695736+02:00
307435033,de:12061:900261549:1:50,0.0,2026-10-02T01:01:04.695736+02:00
307435033,de:12061:900261512:2:51,0.0,2026-10-02T01:01:04.695736+02:00
295900269,de:12065:900200000:4:54,0.0,2026-10-02T01:01:04.695736+02:00
295900269,de:11000:900091203:1:50,0.0,2026-10-02T01:01:04.695736+02:00
295900269,de:11000:900091205:1:50,-0.2,2026-10-02T01:01:04.695736+02:00
295900269,de:11000:900089303:1:51,-0.5,2026-10-02T01:01:04.695736+02:00
295900269,de:11000:900096405:1:50,-0.8,2026-10-02T01:01:04.695736+02:00
295900269,de:11000:900096458:1:50,-0.5,2026-10-02T01:01:04.695736+02:00
295900269,de:11000:900085105:1:50,-0.8,2026-10-02T01:01:04.695736+02:00
295900269,de:11000:900085201:1:51,0.0,2026-10-02T01:01:04.695736+02:00
295900269,de:11000:900130003:1:51,-0.8,2026-10-02T01:01:04.695736+02:00
295900269,de:11000:900110011:1:50,-0.9,2026-10-02T01:01:04.695736+02:00
295900269,de:11000:900007102:1:50,-0.7,2026-10-02T01:01:04.695736+02:00
295900269,de:11000:900008101:1:50,-0.4,2026-10-02T01:01:04.695736+02:00
295900269,de:11000:900007104:1:51,-0.2,2026-10-02T01:01:04.695736+02:00
295900269,de:11000:900100007:1:50,-0.2,2026-10-02T01:01:04.695736+02:00
295900269,de:11000:900100001:4:56,0.0,2026-10-02T01:01:04.695736+02:00
295900269,de:11000:900100025:1:50,-0.9,2026-10-02T01:01:04.695736+02:00
295900269,de:11000:900100020:3:54,-0.9,2026-10-02T01:01:04.695736+02:00
295900269,de:11000:900012101:1:51,0.0,2026-10-02T01:01:04.695736+02:00
295900269,de:11000:900058103:1:50,-0.7,2026-10-02T01:01:04.695736+02:00
295900269,de:11000:900058101:1:50,-0.3,2026-10-02T01:01:04.695736+02:00
295900269,de:11000:900058102:1:52,0.0,2026-10-02T01:01:04.695736+02:00
295900269,de:11000:900063452:1:50,-0.1,2026-10-02T01:01:04.695736+02:00
295900269,de:11000:900067221:1:50,-0.2,2026-10-02T01:01:04.695736+02:00
295900269,de:11000:900064301:3:52,-0.2,2026-10-02T01:01:04.695736+02:00
295900269,de:11000:900064256:1:50,-0.7,2026-10-02T01:01:04.695736+02:00
295900269,de:11000:900064201:1:50,-0.6,2026-10-02T01:01:04.695736+02:00
295900269,de:12069:900220114:1:51,-0.9,2026-10-02T01:01:04.695736+02:00
306050017,de:12064:900320007::3,0.0,2026-10-02T01:01:04.695736+02:00
306050017,de:12064:900320134::2,0.0,2026-10-02T01:01:04.695736+02:00
306050017,de:12064:900320133::2,0.0,2026-10-02T01:01:04.695736+02:00
306050017,de:12064:900320679::2,0.0,2026-10-02T01:01:04.695736+02:00
306050017,de:12064:900320673::2,0.0,2026-10-02T01:01:04.695736+02:00
306050017,de:12064:900320672::2,0.0,2026-10-02T01:01:04.695736+02:00
306050017,de:12064:900320674::2,0.0,2026-10-02T01:01:04.695736+02:00
306050017,de:12064:900320675::2,0.0,2026-10-02T01:01:04.695736+02:00
306050017,de:12064:900320006::1,0.0,2026-10-02T01:01:04.695736+02:00
306050017,de:12064:900320639::2,0.0,2026-10-02T01:01:04.695736+02:00
306050017,de:12064:900320638::2,0.0,2026-10-02T01:01:04.695736+02:00
306050017,de:12064:900320685::2,0.0,2026-10-02T01:01:04.695736+02:00
306050017,de:12064:900320642::2,0.0,2026-10-02T01:01:04.695736+02:00
306050017,de:12064:900320647::2,0.0,2026-10-02T01:01:04.695736+02:00
306050017,de:12064:900320645::2,0.0,2026-10-02T01:01:04.695736+02:00
306050017,de:12064:900320643::2,0.0,2026-10-02T01:01:04.695736+02:00
306050017,de:12064:900320610::2,0.0,2026-10-02T01:01:04.695736+02:00
306050017,de:12064:900320005::2,0.0,2026-10-02T01:01:04.695736+02:00
306044114,de:12064:900321627::1,0.0,2026-10-02T01:01:04.695736+02:00
306044114,de:12064:900321630::2,0.0,2026-10-02T01:01:04.695736+02:00
306044114,de:12064:900321847::1,0.0,2026-10-02T01:01:04.695736+02:00
306044114,de:12064:900321780::1,0.0,2026-10-02T01:01:04.695736+02:00
306044114,de:12064:900321782::1,0.0,2026-10-02T01:01:04.695736+02:00
306044114,de:12064:900321781::1,0.0,2026-10-02T01:01:04.695736+02:00
306044114,de:12064:900321493::2,0.0,2026-10-02T01:01:04.695736+02:00
306044114,de:12064:900321491::1,0.0,2026-10-02T01:01:04.695736+02:00
306044114,de:12064:900321492::1,0.0,2026-10-02T01:01:04.695736+02:00
306044114,de:12064:900320218::1,0.0,2026-10-02T01:01:04.695736+02:00
306044114,de:12064:900320221::1,0.0,2026-10-02T01:01:04.695736+02:00
306044114,de:12064:900320226::2,0.0,2026-10-02T01:01:04.695736+02:00
306044114,de:12064:900320228::1,0.0,2026-10-02T01:01:04.695736+02:00
306895581,de:12067:900310980::1,0.0,2026-10-02T01:01:04.695736+02:00
306895581,de:12067:900310810::1,0.0,2026-10-02T01:01:04.695736+02:00
306895581,de:12067:900310769::2,0.0,2026-10-02T01:01:04.695736+02:00
306895581,de:12067:900310695::3,0.0,2026-10-02T01:01:04.695736+02:00
306895581,de:12067:900310770::1,0.0,2026-10-02T01:01:04.695736+02:00
306895581,de:12067:900310010::3,0.0,2026-10-02T01:01:04.695736+02:00
306895581,de:12067:900310782::2,0.0,2026-10-02T01:01:04.695736+02:00
306895581,de:12067:900311109::2,0.0,2026-10-02T01:01:04.695736+02:00
306895581,de:12067:900310773::2,0.0,2026-10-02T01:01:04.695736+02:00
306895581,de:12067:900310823::2,0.0,2026-10-02T01:01:04.695736+02:00
306895581,de:12067:900311152::2,0.0,2026-10-02T01:01:04.695736+02:00
306895581,de:12067:900311151::2,0.0,2026-10-02T01:01:04.695736+02:00
306895581,de:12067:900310627::2,0.0,2026-10-02T01:01:04.695736+02:00
306895581,de:12067:900310816::2,0.0,2026-10-02T01:01:04.695736+02:00
306895581,de:12067:900310022::1,0.0,2026-10-02T01:01:04.695736+02:00
306895581,de:12067:900310001::11,0.0,2026-10-02T01:01:04.695736+02:00
306895581,de:12067:900310001::1,0.0,2026-10-02T01:01:04.695736+02:00
306895581,de:12067:900311149::1,0.0,2026-10-02T01:01:04.695736+02:00
306895581,de:12067:900311135::1,0.0,2026-10-02T01:01:04.695736+02:00
306895581,de:12067:900311150::1,0.0,2026-10-02T01:01:04.695736+02:00
306895581,de:12067:900310804::1,0.0,2026-10-02T01:01:04.695736+02:00
306895581,de:12067:900310814::1,0.0,2026-10-02T01:01:04.695736+02:00
306895581,de:12067:900311083::3,0.0,2026-10-02T01:01:04.695736+02:00
306052186,de:12064:900321742::3,0.0,2026-10-02T01:01:04.695736+02:00
306052186,de:12064:900321747::1,0.0,2026-10-02T01:01:04.695736+02:00
306052186,de:12064:900321750::1,0.0,2026-10-02T01:01:04.695736+02:00
306052186,de:12064:900321471::1,0.0,2026-10-02T01:01:04.695736+02:00
306052186,de:12064:900321603::1,0.0,2026-10-02T01:01:04.695736+02:00
306052186,de:12064:900321604::1,0.0,2026-10-02T01:01:04.695736+02:00
306052186,de:12064:900321433::1,0.0,2026-10-02T01:01:04.695736+02:00
306052186,de:12064:900321429::1,0.0,2026-10-02T01:01:04.695736+02:00
306052186,de:12064:900321430::1,0.0,2026-10-02T01:01:04.695736+02:00
306052186,de:12064:900321431::1,0.0,2026-10-02T01:01:04.695736+02:00
306052186,de:12064:900321428::1,0.0,2026-10-02T01:01:04.695736+02:00
306052186,de:12064:900321406::1,0.0,2026-10-02T01:01:04.695736+02:00
306052186,de:12064:900321871::1,0.0,2026-10-02T01:01:04.695736+02:00
306052186,de:12064:900321870::1,0.0,2026-10-02T01:01:04.695736+02:00
306052186,de:12064:900321830::1,0.0,2026-10-02T01:01:04.695736+02:00
306052186,de:12064:900321801::1,0.0,2026-10-02T01:01:04.695736+02:00
306052186,de:12064:900321800::1,0.0,2026-10-02T01:01:04.695736+02:00
306052186,de:12064:900321547::1,0.0,2026-10-02T01:01:04.695736+02:00
306046304,de:12064:900320028::1,0.0,2026-10-02T01:01:04.695736+02:00
306046304,de:12064:900320018::2,0.0,2026-10-02T01:01:04.695736+02:00
306046304,de:12064:900320019::2,0.0,2026-10-02T01:01:04.695736+02:00
306046304,de:12064:900320501::2,0.0,2026-10-02T01:01:04.695736+02:00
306046304,de:12064:900320026::2,0.0,2026-10-02T01:01:04.695736+02:00
306046304,de:11000:900176519::2,0.0,2026-10-02T01:01:04.695736+02:00
306046304,de:11000:900176011::2,0.0,2026-10-02T01:01:04.695736+02:00
306046304,de:11000:900320502::2,0.0,2026-10-02T01:01:04.695736+02:00
306046304,de:12064:900320503::1,0.0,2026-10-02T01:01:04.695736+02:00
306046304,de:12064:900320504::1,0.0,2026-10-02T01:01:04.695736+02:00
306046304,de:11000:900175010::4,0.0,2026-10-02T01:01:04.695736+02:00
306050658,de:12067:900310013::2,0.0,2026-10-02T01:01:04.695736+02:00
306050658,de:12067:900310572::1,0.0,2026-10-02T01:01:04.695736+02:00
306050658,de:11000:900310550::1,0.0,2026-10-02T01:01:04.695736+02:00
306050658,de:12067:900310534::1,0.0,2026-10-02T01:01:04.695736+02:00
306050658,de:12067:900310533::2,0.0,2026-10-02T01:01:04.695736+02:00
306050658,de:12067:900310532::2,0.0,2026-10-02T01:01:04.695736+02:00
306050658,de:12067:900310531::2,0.0,2026-10-02T01:01:04.695736+02:00
306050658,de:12067:900310530::2,0.0,2026-10-02T01:01:04.695736+02:00
306050658,de:12064:900320254::2,0.0,2026-10-02T01:01:04.695736+02:00
306050658,de:12064:900320246::4,0.0,2026-10-02T01:01:04.695736+02:00
306050658,de:12064:900320252::3,0.0,2026-10-02T01:01:04.695736+02:00
306050658,de:12064:900320283::2,0.0,2026-10-02T01:01:04.695736+02:00
306050658,de:12064:900320249::4,0.0,2026-10-02T01:01:04.695736+02:00
306050658,de:12064:900320242::2,0.0,2026-10-02T01:01:04.695736+02:00
306050658,de:12064:900320264::2,0.0,2026-10-02T01:01:04.695736+02:00
306050658,de:12064:900320263::2,0.0,2026-10-02T01:01:04.695736+02:00
306050658,de:12064:900320262::2,0.0,2026-10-02T01:01:04.695736+02:00
306050658,de:12064:900320275::2,0.0,2026-10-02T01:01:04.695736+02:00
306050658,de:12064:900320274::1,0.0,2026-10-02T01:01:04.695736+02:00
306050658,de:12064:900320282::2,0.0,2026-10-02T01:01:04.695736+02:00
306050658,de:12064:900320273::2,0.0,2026-10-02T01:01:04.695736+02:00
306050658,de:12064:900320659::2,0.0,2026-10-02T01:01:04.695736+02:00
306050658,de:12064:900320960::2,0.0,2026-10-02T01:01:04.695736+02:00
306050658,de:12064:900320998::2,0.0,2026-10-02T01:01:04.695736+02:00
306050658,de:12064:900320999::2,0.0,2026-10-02T01:01:04.695736+02:00
306050658,de:12064:900320562::2,0.0,2026-10-02T01:01:04.695736+02:00
306050658,de:12064:900320561::2,0.0,2026-10-02T01:01:04.695736+02:00
306050658,de:12064:900320004::4,0.0,2026-10-02T01:01:04.695736+02:00
306043103,de:12064:900320900::1,0.0,2026-10-02T01:01:04.695736+02:00
306043103,de:12064:900320900::2,0.0,2026-10-02T01:01:04.695736+02:00
306043103,de:12064:900320902::2,0.0,2026-10-02T01:01:04.695736+02:00
306043103,de:12064:900320903::2,0.0,2026-10-02T01:01:04.695736+02:00
306043103,de:12064:900320915::2,0.0,2026-10-02T01:01:04.695736+02:00
306043103,de:12064:900320914::1,0.0,2026-10-02T01:01:04.695736+02:00
306043103,de:12064:900320918::1,0.0,2026-10-02T01:01:04.695736+02:00
306043103,de:12064:900320907::1,0.0,2026-10-02T01:01:04.695736+02:00
306043103,de:12064:900320901::1,0.0,2026-10-02T01:01:04.695736+02:00
306043103,de:12064:900320951::1,0.0,2026-10-02T01:01:04.695736+02:00
306043103,de:12064:900320970::1,0.0,2026-10-02T01:01:04.695736+02:00
306043103,de:12064:900320972::1,0.0,2026-10-02T01:01:04.695736+02:00
306043103,de:12064:900320974::1,0.0,2026-10-02T01:01:04.695736+02:00
306043103,de:12064:900320972::2,0.0,2026-10-02T01:01:04.695736+02:00
306043103,de:12064:900320172::1,0.0,2026-10-02T01:01:04.695736+02:00
306043103,de:12064:900320980::1,0.0,2026-10-02T01:01:04.695736+02:00
306043103,de:12064:900320989::1,0.0,2026-10-02T01:01:04.695736+02:00
306043103,de:12064:900320990::2,0.0,2026-10-02T01:01:04.695736+02:00
306043103,de:12064:900320984::1,0.0,2026-10-02T01:01:04.695736+02:00
306043103,de:12064:900320985::1,0.0,2026-10-02T01:01:04.695736+02:00
306043103,de:12064:900320555::1,0.0,2026-10-02T01:01:04.695736+02:00
306043103,de:12064:900320551::1,0.0,2026-10-02T01:01:04.695736+02:00
306043103,de:12064:900320002::2,-1.0,2026-10-02T01:01:04.695736+02:00
306043103,de:12064:900320552::1,0.0,2026-10-02T01:01:04.695736+02:00
306043103,de:12064:900320553::1,0.0,2026-10-02T01:01:04.695736+02:00
306043103,de:12064:900320025::2,0.0,2026-10-02T01:01:04.695736+02:00
307432896,de:12072:900245027:2:53,0.0,2026-10-02T01:01:04.695736+02:00
307432896,de:12061:900260009:1:51,-1.0,2026-10-02T01:01:04.695736+02:00
307432896,de:11000:900192001:1:50,0.0,2026-10-02T01:01:04.695736+02:00
307432896,de:11000:900120003:4:57,0.0,2026-10-02T01:01:04.695736+02:00
307432896,de:11000:900160004:2:53,0.0,2026-10-02T01:01:04.695736+02:00
307432896,de:11000:900152001:2:52,0.0,2026-10-02T01:01:04.695736+02:00
307432896,de:12060:900350160:2:53,0.0,2026-10-02T01:01:04.695736+02:00
307432896,de:12060:900350158:1:50,-1.0,2026-10-02T01:01:04.695736+02:00
307432896,de:12060:900350137:1:50,0.0,2026-10-02T01:01:04.695736+02:00
307432896,de:12060:900350126:1:50,-1.0,2026-10-02T01:01:04.695736+02:00
307432896,de:12060:900350127:2:51,-1.0,2026-10-02T01:01:04.695736+02:00
307286725,de:11000:900040101:1:50,0.0,2026-10-02T01:01:04.695736+02:00
307286725,de:11000:900044101:1:50,-0.8,2026-10-02T01:01:04.695736+02:00
307286725,de:11000:900045102:1:51,-0.9,2026-10-02T01:01:04.695736+02:00
307286725,de:11000:900044202:1:51,-0.9,2026-10-02T01:01:04.695736+02:00
307286725,de:11000:900054105:1:51,-0.7,2026-10-02T01:01:04.695736+02:00
307286725,de:11000:900054104:2:53,-0.3,2026-10-02T01:01:04.695736+02:00
307286725,de:11000:900058101:5:59,-0.2,2026-10-02T01:01:04.695736+02:00
307286725,de:11000:900068201:1:51,-0.8,2026-10-02T01:01:04.695736+02:00
307286725,de:11000:900079221:1:51,-0.4,2026-10-02T01:01:04.695736+02:00
307286725,de:11000:900078201:1:51,-0.1,2026-10-02T01:01:04.695736+02:00
307286725,de:11000:900077106:1:51,0.0,2026-10-02T01:01:04.695736+02:00
307286725,de:11000:900190001:2:52,-0.9,2026-10-02T01:01:04.695736+02:00
307286725,de:11000:900120003:5:59,-0.4,2026-10-02T01:01:04.695736+02:00
307286725,de:11000:900120001:1:51,0.0,2026-10-02T01:01:04.695736+02:00
307286725,de:11000:900110012:1:51,-0.2,2026-10-02T01:01:04.695736+02:00
307286725,de:11000:900110004:1:51,-0.1,2026-10-02T01:01:04.695736+02:00
307286725,de:11000:900110003:1:51,-0.4,2026-10-02T01:01:04.695736+02:00
307286725,de:11000:900110002:1:51,-0.4,2026-10-02T01:01:04.695736+02:00
307286725,de:11000:900110001:1:51,-0.1,2026-10-02T01:01:04.695736+02:00
307286725,de:11000:900007102:1:51,-0.6,2026-10-02T01:01:04.695736+02:00
307286725,de:11000:900009104:1:50,-0.8,2026-10-02T01:01:04.695736+02:00
307286725,de:11000:900001201:1:50,-0.3,2026-10-02T01:01:04.695736+02:00
307286725,de:11000:900020202:1:50,-0.1,2026-10-02T01:01:04.695736+02:00
295940235,de:11000:900176001:2:52,0.0,2026-10-02T01:01:04.695736+02:00
295940235,de:11000:900175002:1:50,-0.7,2026-10-02T01:01:04.695736+02:00
295940235,de:11000:900175001:1:50,-0.6,2026-10-02T01:01:04.695736+02:00
295940235,de:11000:900171001:1:50,-0.3,2026-10-02T01:01:04.695736+02:00
295940235,de:11000:900171002:1:51,-0.4,2026-10-02T01:01:04.695736+02:00
295940235,de:11000:900160004:1:51,-0.8,2026-10-02T01:01:04.695736+02:00
295940235,de:11000:900160003:1:51,-0.9,2026-10-02T01:01:04.695736+02:00
295940235,de:11000:900120003:3:54,-0.1,2026-10-02T01:01:04.695736+02:00
295940235,de:11000:900120004:2:52,-0.6,2026-10-02T01:01:04.695736+02:00
307437684,de:12053:900360000:3:54,0.0,2026-10-02T01:01:04.695736+02:00
307437684,de:12067:900311233:1:50,0.0,2026-10-02T01:01:04.695736+02:00
307437684,de:12067:900311232:1:50,0.0,2026-10-02T01:01:04.695736+02:00
307437684,de:12067:900311620:1:50,0.0,2026-10-02T01:01:04.695736+02:00
307437684,de:12067:900311631:1:50,0.0,2026-10-02T01:01:04.695736+02:00
307437684,de:12067:900311307:1:50,0.0,2026-10-02T01:01:04.695736+02:00
307437684,de:12067:900310601:1:50,0.0,2026-10-02T01:01:04.695736+02:00
307437684,de:12067:900311612:1:51,0.0,2026-10-02T01:01:04.695736+02:00
307437684,de:12067:900311250:2:51,0.0,2026-10-02T01:01:04.695736+02:00
307437684,de:12071:900445593:1:50,0.0,2026-10-02T01:01:04.695736+02:00
307437684,de:12071:900445801:2:51,0.0,2026-10-02T01:01:04.695736+02:00
307437684,de:12071:900445751:2:51,-1.0,2026-10-02T01:01:04.695736+02:00
307437684,de:12071:900445750:2:51,0.0,2026-10-02T01:01:04.695736+02:00
307437684,de:12071:900446103:1:50,0.0,2026-10-02T01:01:04.695736+02:00
307437684,de:12071:900446411:1:50,0.0,2026-10-02T01:01:04.695736+02:00
307437684,de:12052:900470307:1:50,0.0,2026-10-02T01:01:04.695736+02:00
307437684,de:12052:900470163:1:50,0.0,2026-10-02T01:01:04.695736+02:00
307437684,de:12052:900470001:1:50,0.0,2026-10-02T01:01:04.695736+02:00
307437684,de:12052:900470000:4:55,0.0,2026-10-02T01:01:04.695736+02:00
307437684,de:12071:900445885:1:50,0.0,2026-10-02T01:01:04.695736+02:00
307437684,de:12066:900435459:2:51,0.0,2026-10-02T01:01:04.695736+02:00
307437684,de:12066:900435527:1:50,-1.0,2026-10-02T01:01:04.695736+02:00
307437684,de:12062:900415005:2:51,0.0,2026-10-02T01:01:04.695736+02:00
307437684,de:12062:900415112:3:52,0.0,2026-10-02T01:01:04.695736+02:00
307437684,de:12062:900415466:2:51,0.0,2026-10-02T01:01:04.695736+02:00
307437684,de:12062:900415357:2:51,0.0,2026-10-02T01:01:04.695736+02:00
307437684,de:12062:900415467:1:50,0.0,2026-10-02T01:01:04.695736+02:00
307437684,de:12062:900415345:4:55,0.0,2026-10-02T01:01:04.695736+02:00
307430064,de:12061:900260009:2:54,0.0,2026-10-02T01:01:04.695736+02:00
307430064,de:11000:900058101:4:57,0.0,2026-10-02T01:01:04.695736+02:00
307430064,de:11000:900100020:2:53,-1.0,2026-10-02T01:01:04.695736+02:00
307430064,de:11000:900003200:4:57,0.0,2026-10-02T01:01:04.695736+02:00
307440231,de:12065:900203452:1:51,0.0,2026-10-02T01:01:04.695736+02:00
307440231,de:12065:900204001:1:50,0.0,2026-10-02T01:01:04.695736+02:00
307440231,de:12065:900203671:1:50,0.0,2026-10-02T01:01:04.695736+02:00
307440231,de:12065:900204003:1:50,0.0,2026-10-02T01:01:04.695736+02:00
307440231,de:12065:900200004:1:50,0.0,2026-10-02T01:01:04.695736+02:00
307440231,de:12065:900200000:1:51,0.0,2026-10-02T01:01:04.695736+02:00
295933125,de:11000:900180003:1:50,0.0,2026-10-02T01:01:04.695736+02:00
295933125,de:11000:900192002:1:50,-0.4,2026-10-02T01:01:04.695736+02:00
295933125,de:11000:900192001:3:54,-0.2,2026-10-02T01:01:04.695736+02:00
295933125,de:11000:900191001:1:50,-0.9,2026-10-02T01:01:04.695736+02:00
295933125,de:11000:900077155:1:50,-0.4,2026-10-02T01:01:04.695736+02:00
295933125,de:11000:900078201:1:50,-0.9,2026-10-02T01:01:04.695736+02:00
295933125,de:11000:900079221:1:50,-0.7,2026-10-02T01:01:04.695736+02:00
295933125,de:11000:900068201:1:50,-0.3,2026-10-02T01:01:04.695736+02:00
295933125,de:11000:900058101:5:58,-0.6,2026-10-02T01:01:04.695736+02:00
306044890,de:12064:900320228::1,0.0,2026-10-02T01:01:04.695736+02:00
306044890,de:12064:900320211::2,0.0,2026-10-02T01:01:04.695736+02:00
306044890,de:12064:900320214::2,0.0,2026-10-02T01:01:04.695736+02:00
306044890,de:12064:900320227::2,0.0,2026-10-02T01:01:04.695736+02:00
306044890,de:12064:900320014::1,0.0,2026-10-02T01:01:04.695736+02:00
295879291,de:12065:900200005:3:1,0.0,2026-10-02T01:01:04.695736+02:00
295879291,de:12065:900200006:1:51,-0.3,2026-10-02T01:01:04.695736+02:00
295879291,de:12065:900200007:1:51,-0.7,2026-10-02T01:01:04.695736+02:00
295879291,de:12065:900200008:1:51,-0.2,2026-10-02T01:01:04.695736+02:00
295879291,de:12065:900200009:1:51,-0.1,2026-10-02T01:01:04.695736+02:00
295879291,de:11000:900092201:1:51,-0.7,2026-10-02T01:01:04.695736+02:00
295879291,de:11000:900093201:1:51,-0.4,2026-10-02T01:01:04.695736+02:00
295879291,de:11000:900094101:1:51,-0.8,2026-10-02T01:01:04.695736+02:00
295879291,de:11000:900096101:1:51,-0.1,2026-10-02T01:01:04.695736+02:00
295879291,de:11000:900084101:1:51,-0.2,2026-10-02T01:01:04.695736+02:00
295879291,de:11000:900085201:1:51,-0.8,2026-10-02T01:01:04.695736+02:00
295879291,de:11000:900130003:1:51,-0.8,2026-10-02T01:01:04.695736+02:00
295879291,de:11000:900110011:1:50,-0.9,2026-10-02T01:01:04.695736+02:00
295879291,de:11000:900007102:1:50,-0.9,2026-10-02T01:01:04.695736+02:00
295879291,de:11000:900008101:1:50,0.0,2026-10-02T01:01:04.695736+02:00
295879291,de:11000:900007104:1:51,-0.7,2026-10-02T01:01:04.695736+02:00
295879291,de:11000:900100007:1:50,-0.7,2026-10-02T01:01:04.695736+02:00
295879291,de:11000:900100001:4:56,-0.5,2026-10-02T01:01:04.695736+02:00
295879291,de:11000:900100025:1:50,-0.4,2026-10-02T01:01:04.695736+02:00
295879291,de:11000:900100020:3:54,-0.4,2026-10-02T01:01:04.695736+02:00
295879291,de:11000:900012101:1:51,-0.5,2026-10-02T01:01:04.695736+02:00
295879291,de:11000:900057102:1:50,-0.7,2026-10-02T01:01:04.695736+02:00
295879291,de:11000:900057104:2:51,-0.4,2026-10-02T01:01:04.695736+02:00
295879291,de:11000:900054104:1:50,-0.3,2026-10-02T01:01:04.695736+02:00
295879291,de:11000:900060101:1:50,-0.3,2026-10-02T01:01:04.695736+02:00
295879291,de:11000:900063101:1:50,-0.1,2026-10-02T01:01:04.695736+02:00
295879291,de:11000:900062202:1:50,-0.1,2026-10-02T01:01:04.695736+02:00
295879291,de:11000:900066102:1:50,-0.2,2026-10-02T01:01:04.695736+02:00
295879291,de:11000:900066101:1:50,-0.1,2026-10-02T01:01:04.695736+02:00
295879291,de:11000:900049202:1:50,-0.3,2026-10-02T01:01:04.695736+02:00
295879291,de:11000:900049201:1:50,-0.4,2026-10-02T01:01:04.695736+02:00
295879291,de:11000:900050301:1:50,0.0,2026-10-02T01:01:04.695736+02:00
295879291,de:11000:900050355:1:50,-0.1,2026-10-02T01:01:04.695736+02:00
295879291,de:11000:900052201:1:50,-0.5,2026-10-02T01:01:04.695736+02:00
295879291,de:11000:900053301:1:51,-0.9,2026-10-02T01:01:04.695736+02:00
295946329,de:11000:900170004:2:52,0.0,2026-10-02T01:01:04.695736+02:00
295946329,de:11000:900170003:1:51,-0.3,2026-10-02T01:01:04.695736+02:00
295946329,de:11000:900170002:1:51,-0.1,2026-10-02T01:01:04.695736+02:00
295946329,de:11000:900170001:1:51,-0.9,2026-10-02T01:01:04.695736+02:00
295946329,de:11000:900170005:1:51,-0.7,2026-10-02T01:01:04.695736+02:00
295946329,de:11000:900171003:1:51,-0.6,2026-10-02T01:01:04.695736+02:00
295946329,de:11000:900171002:1:51,-0.9,2026-10-02T01:01:04.695736+02:00
295946329,de:11000:900160004:1:51,-0.3,2026-10-02T01:01:04.695736+02:00
295946329,de:11000:900160003:1:51,-0.4,2026-10-02T01:01:04.695736+02:00
295946329,de:11000:900120003:3:55,-0.6,2026-10-02T01:01:04.695736+02:00
295946329,de:11000:900120004:2:53,-0.1,2026-10-02T01:01:04.695736+02:00
295946329,de:11000:900120005:5:58,-0.4,2026-10-02T01:01:04.695736+02:00
295946329,de:11000:900100004:1:51,-0.9,2026-10-02T01:01:04.695736+02:00
295946329,de:11000:900100003:2:53,-0.9,2026-10-02T01:01:04.695736+02:00
295946329,de:11000:900100002:1:51,-0.9,2026-10-02T01:01:04.695736+02:00
295946329,de:11000:900100001:3:55,-0.9,2026-10-02T01:01:04.695736+02:00
295946329,de:11000:900003201:3:55,-0.6,2026-10-02T01:01:04.695736+02:00
295946329,de:11000:900003102:1:51,-0.3,2026-10-02T01:01:04.695736+02:00
295946329,de:11000:900003103:1:51,-0.4,2026-10-02T01:01:04.695736+02:00
295946329,de:11000:900023201:3:55,-0.3,2026-10-02T01:01:04.695736+02:00
295946329,de:11000:900024203:1:51,-0.3,2026-10-02T01:01:04.695736+02:00
295946329,de:11000:900024101:4:57,-0.3,2026-10-02T01:01:04.695736+02:00
295946329,de:11000:900024102:1:50,-0.6,2026-10-02T01:01:04.695736+02:00
295946329,de:11000:900048101:1:50,-0.8,2026-10-02T01:01:04.695736+02:00
295946329,de:11000:900052201:2:52,0.0,2026-10-02T01:01:04.695736+02:00
295946329,de:11000:900053301:1:50,-0.4,2026-10-02T01:01:04.695736+02:00
295946329,de:12054:900230003:1:50,-0.4,2026-10-02T01:01:04.695736+02:00
295946329,de:12054:900230000:1:51,-0.4,2026-10-02T01:01:04.695736+02:00
295946329,de:12054:900230999:3:55,-0.9,2026-10-02T01:01:04.695736+02:00
307445971,de:12070:900216026:3:53,0.0,2026-10-02T01:01:04.695736+02:00
307445971,de:15090:8010121,0.0,2026-10-02T01:01:04.695736+02:00
307445971,de:15090:8012967,0.0,2026-10-02T01:01:04.695736+02:00
307445971,de:15090:8012568,0.0,2026-10-02T01:01:04.695736+02:00
307445971,de:15090:8011665,0.0,2026-10-02T01:01:04.695736+02:00
307445971,de:15090:8011460,0.0,2026-10-02T01:01:04.695736+02:00
307445971,000008013045,0.0,2026-10-02T01:01:04.695736+02:00
307445971,de:15090:8010335,0.0,2026-10-02T01:01:04.695736+02:00
307445971,de:15090:8010334,0.0,2026-10-02T01:01:04.695736+02:00
307445971,de:15090:8011355,0.0,2026-10-02T01:01:04.695736+02:00
307445971,de:15090:8013083,0.0,2026-10-02T01:01:04.695736+02:00
307445971,de:15083:8012295,0.0,2026-10-02T01:01:04.695736+02:00
307445971,de:15083:8011042,0.0,2026-10-02T01:01:04.695736+02:00
307445971,de:15083:8013402,0.0,2026-10-02T01:01:04.695736+02:00
307445971,de:15083:8073410,0.0,2026-10-02T01:01:04.695736+02:00
307445971,de:15083:8013344,0.0,2026-10-02T01:01:04.695736+02:00
307445971,de:15003:8010086,0.0,2026-10-02T01:01:04.695736+02:00
307445971,de:15003:8012289,0.0,2026-10-02T01:01:04.695736+02:00
307445971,de:15003:8010226,0.0,2026-10-02T01:01:04.695736+02:00
307445971,de:15003:8010224,0.0,2026-10-02T01:01:04.695736+02:00
306895487,de:12067:900310807::1,0.0,2026-10-02T01:01:04.695736+02:00
306895487,de:12067:900310815::2,0.0,2026-10-02T01:01:04.695736+02:00
306895487,de:12067:900310880::2,0.0,2026-10-02T01:01:04.695736+02:00
306895487,de:12067:900310010::2,0.0,2026-10-02T01:01:04.695736+02:00
306895487,de:12067:900310770::2,0.0,2026-10-02T01:01:04.695736+02:00
306895487,de:12067:900310812::2,0.0,2026-10-02T01:01:04.695736+02:00
306895487,de:12067:900310806::2,0.0,2026-10-02T01:01:04.695736+02:00
306895487,de:12067:900310821::2,0.0,2026-10-02T01:01:04.695736+02:00
306895487,de:12067:900310794::2,0.0,2026-10-02T01:01:04.695736+02:00
306895487,de:12067:900310808::2,0.0,2026-10-02T01:01:04.695736+02:00
306895487,de:12067:900310822::2,0.0,2026-10-02T01:01:04.695736+02:00
306895487,de:12067:900310781::2,0.0,2026-10-02T01:01:04.695736+02:00
306895487,de:12067:900310627::2,0.0,2026-10-02T01:01:04.695736+02:00
306895487,de:12067:900310816::2,0.0,2026-10-02T01:01:04.695736+02:00
306895487,de:12067:900310022::1,0.0,2026-10-02T01:01:04.695736+02:00
306895487,de:12067:900310001::11,0.0,2026-10-02T01:01:04.695736+02:00
306895487,de:12067:900310001::1,0.0,2026-10-02T01:01:04.695736+02:00
306895487,de:12067:900310696::1,0.0,2026-10-02T01:01:04.695736+02:00
306895487,de:12067:900310788::1,0.0,2026-10-02T01:01:04.695736+02:00
306895487,de:12067:900310790::1,0.0,2026-10-02T01:01:04.695736+02:00
306895487,de:12067:900310787::1,0.0,2026-10-02T01:01:04.695736+02:00
306895487,de:12067:900310809::1,0.0,2026-10-02T01:01:04.695736+02:00
306895487,de:12067:900310825::1,0.0,2026-10-02T01:01:04.695736+02:00
306895487,de:12067:900310792::2,0.0,2026-10-02T01:01:04.695736+02:00
306895487,de:12067:900310774::2,0.0,2026-10-02T01:01:04.695736+02:00
306895487,de:12067:900310793::1,0.0,2026-10-02T01:01:04.695736+02:00
306895487,de:12067:900310628::1,0.0,2026-10-02T01:01:04.695736+02:00
306895487,de:12067:900310814::1,0.0,2026-10-02T01:01:04.695736+02:00
306895487,de:12067:900311083::3,0.0,2026-10-02T01:01:04.695736+02:00
306896767,de:12067:900310013::5,0.0,2026-10-02T01:01:04.695736+02:00
306896767,de:12067:900310557::3,0.0,2026-10-02T01:01:04.695736+02:00
306896767,de:12067:900310555::1,0.0,2026-10-02T01:01:04.695736+02:00
306896767,de:12067:900311114::1,0.0,2026-10-02T01:01:04.695736+02:00
306896767,de:12067:900310002::7,0.0,2026-10-02T01:01:04.695736+02:00
306896767,de:12067:900310864::1,0.0,2026-10-02T01:01:04.695736+02:00
306896767,de:12067:900310861::1,0.0,2026-10-02T01:01:04.695736+02:00
306896767,de:12067:900311157::2,0.0,2026-10-02T01:01:04.695736+02:00
306896767,de:12067:900310860::2,0.0,2026-10-02T01:01:04.695736+02:00
306896767,de:12067:900311125::2,0.0,2026-10-02T01:01:04.695736+02:00
306896767,de:12067:900310936::2,0.0,2026-10-02T01:01:04.695736+02:00
306896767,de:12067:900310788::2,0.0,2026-10-02T01:01:04.695736+02:00
306896767,de:12067:900310696::2,0.0,2026-10-02T01:01:04.695736+02:00
306896767,de:12067:900310001::11,0.0,2026-10-02T01:01:04.695736+02:00
306051632,de:12064:900320006::1,0.0,2026-10-02T01:01:04.695736+02:00
306051632,de:12064:900320639::2,0.0,2026-10-02T01:01:04.695736+02:00
306051632,de:12064:900320650::1,0.0,2026-10-02T01:01:04.695736+02:00
306051632,de:12064:900320652::1,0.0,2026-10-02T01:01:04.695736+02:00
306051632,de:12064:900320657::1,0.0,2026-10-02T01:01:04.695736+02:00
306051632,de:12064:900320658::1,0.0,2026-10-02T01:01:04.695736+02:00
306051632,de:12064:900320653::1,0.0,2026-10-02T01:01:04.695736+02:00
306051632,de:12064:900320654::1,0.0,2026-10-02T01:01:04.695736+02:00
306051632,de:12064:900320655::1,0.0,2026-10-02T01:01:04.695736+02:00
306051632,de:12064:900320661::2,0.0,2026-10-02T01:01:04.695736+02:00
307430403,de:12063:900210005:2:53,0.0,2026-10-02T01:01:04.695736+02:00
307430403,de:12063:900210326:2:51,0.0,2026-10-02T01:01:04.695736+02:00
307430403,de:12063:900210011:2:51,0.0,2026-10-02T01:01:04.695736+02:00
307430403,de:12063:900210010:2:51,0.0,2026-10-02T01:01:04.695736+02:00
307430403,de:12063:900210180:2:51,0.0,2026-10-02T01:01:04.695736+02:00
307430403,de:11000:900037168:2:51,0.0,2026-10-02T01:01:04.695736+02:00
307430403,de:11000:900029101:2:52,0.0,2026-10-02T01:01:04.695736+02:00
306044090,de:12064:900320217::1,0.0,2026-10-02T01:01:04.695736+02:00
306044090,de:12064:900320228::1,0.0,2026-10-02T01:01:04.695736+02:00
306044090,de:12064:900320226::1,0.0,2026-10-02T01:01:04.695736+02:00
306044090,de:12064:900320213::2,0.0,2026-10-02T01:01:04.695736+02:00
306044090,de:12064:900320223::2,0.0,2026-10-02T01:01:04.695736+02:00
306044090,de:12064:900320212::2,0.0,2026-10-02T01:01:04.695736+02:00
306044090,de:12064:900320234::2,0.0,2026-10-02T01:01:04.695736+02:00
306044090,de:12064:900320235::2,0.0,2026-10-02T01:01:04.695736+02:00
306044090,de:12064:900320233::2,0.0,2026-10-02T01:01:04.695736+02:00
306044090,de:12064:900320204::1,0.0,2026-10-02T01:01:04.695736+02:00
306043079,de:12064:900320001::3,0.0,2026-10-02T01:01:04.695736+02:00
306043079,de:12064:900320554::2,0.0,2026-10-02T01:01:04.695736+02:00
306043079,de:12064:900320555::2,0.0,2026-10-02T01:01:04.695736+02:00
306043079,de:12064:900320984::1,0.0,2026-10-02T01:01:04.695736+02:00
306043079,de:12064:900320985::1,0.0,2026-10-02T01:01:04.695736+02:00
306043079,de:12064:900320990::1,0.0,2026-10-02T01:01:04.695736+02:00
306043079,de:12064:900320989::1,0.0,2026-10-02T01:01:04.695736+02:00
306043079,de:12064:900320980::2,0.0,2026-10-02T01:01:04.695736+02:00
306043079,de:12064:900320172::2,0.0,2026-10-02T01:01:04.695736+02:00
306043079,de:12064:900320972::1,0.0,2026-10-02T01:01:04.695736+02:00
306043079,de:12064:900320974::1,0.0,2026-10-02T01:01:04.695736+02:00
306043079,de:12064:900320972::2,0.0,2026-10-02T01:01:04.695736+02:00
306043079,de:12064:900320973::1,0.0,2026-10-02T01:01:04.695736+02:00
306043079,de:12064:900320951::1,0.0,2026-10-02T01:01:04.695736+02:00
306043079,de:12064:900320901::2,0.0,2026-10-02T01:01:04.695736+02:00
306043079,de:12064:900320908::1,0.0,2026-10-02T01:01:04.695736+02:00
306043079,de:12064:900320909::1,0.0,2026-10-02T01:01:04.695736+02:00
306043079,de:12064:900320908::2,0.0,2026-10-02T01:01:04.695736+02:00
306043079,de:12064:900320907::2,0.0,2026-10-02T01:01:04.695736+02:00
306043079,de:12064:900320918::2,0.0,2026-10-02T01:01:04.695736+02:00
306043079,de:12064:900320914::2,0.0,2026-10-02T01:01:04.695736+02:00
306043079,de:12064:900320915::1,0.0,2026-10-02T01:01:04.695736+02:00
306043079,de:12064:900320903::1,0.0,2026-10-02T01:01:04.695736+02:00
306043079,de:12064:900320902::1,0.0,2026-10-02T01:01:04.695736+02:00
306043079,de:12064:900320900::1,0.0,2026-10-02T01:01:04.695736+02:00
306043079,de:12064:900320900::2,0.0,2026-10-02T01:01:04.695736+02:00
306043079,de:12064:900320919::2,0.0,2026-10-02T01:01:04.695736+02:00
306043419,de:12064:900320005::1,0.0,2026-10-02T01:01:04.695736+02:00
306043419,de:12064:900320628::1,0.0,2026-10-02T01:01:04.695736+02:00
306043419,de:12064:900320629::1,0.0,2026-10-02T01:01:04.695736+02:00
306043419,de:12064:900320627::1,0.0,2026-10-02T01:01:04.695736+02:00
306043419,de:12064:900320608::1,0.0,2026-10-02T01:01:04.695736+02:00
306043419,de:12064:900320601::2,0.0,2026-10-02T01:01:04.695736+02:00
306043419,de:12064:900320602::2,0.0,2026-10-02T01:01:04.695736+02:00
306043419,de:12064:900320615::1,0.0,2026-10-02T01:01:04.695736+02:00
306043419,de:12064:900320603::1,0.0,2026-10-02T01:01:04.695736+02:00
306043419,de:12064:900320604::1,0.0,2026-10-02T01:01:04.695736+02:00
306043419,de:12064:900320605::1,0.0,2026-10-02T01:01:04.695736+02:00
306043419,de:12064:900320613::2,0.0,2026-10-02T01:01:04.695736+02:00
306043419,de:12064:900320606::1,0.0,2026-10-02T01:01:04.695736+02:00
306043419,de:12064:900320614::1,0.0,2026-10-02T01:01:04.695736+02:00
306043419,de:12064:900320607::1,0.0,2026-10-02T01:01:04.695736+02:00
306043419,de:12064:900320602::1,0.0,2026-10-02T01:01:04.695736+02:00
306043419,de:12064:900320601::1,0.0,2026-10-02T01:01:04.695736+02:00
306043419,de:12064:900320608::2,0.0,2026-10-02T01:01:04.695736+02:00
306043419,de:12064:900320600::1,0.0,2026-10-02T01:01:04.695736+02:00
306043419,de:12064:900320616::2,0.0,2026-10-02T01:01:04.695736+02:00
306043419,de:12064:900320004::1,0.0,2026-10-02T01:01:04.695736+02:00
307275238,de:11000:900180002:1:50,0.0,2026-10-02T01:01:04.695736+02:00
307275238,de:11000:900180001:1:51,-0.8,2026-10-02T01:01:04.695736+02:00
307275238,de:11000:900182001:1:51,-0.3,2026-10-02T01:01:04.695736+02:00
307275238,de:11000:900182002:1:51,-0.5,2026-10-02T01:01:04.695736+02:00
306042386,de:12064:900320841::1,0.0,2026-10-02T01:01:04.695736+02:00
306042386,de:12064:900320851::1,0.0,2026-10-02T01:01:04.695736+02:00
306042386,de:12064:900320803::1,0.0,2026-10-02T01:01:04.695736+02:00
306042386,de:12064:900320802::1,0.0,2026-10-02T01:01:04.695736+02:00
306042386,de:12064:900320828::1,0.0,2026-10-02T01:01:04.695736+02:00
306042386,de:12064:900320803::2,0.0,2026-10-02T01:01:04.695736+02:00
306042386,de:12064:900320827::2,0.0,2026-10-02T01:01:04.695736+02:00
306042386,de:12064:900320824::2,0.0,2026-10-02T01:01:04.695736+02:00
306042386,de:12064:900320825::2,0.0,2026-10-02T01:01:04.695736+02:00
306042386,de:12064:900320822::2,0.0,2026-10-02T01:01:04.695736+02:00
306042386,de:12064:900320821::2,0.0,2026-10-02T01:01:04.695736+02:00
306042386,de:12064:900320819::1,0.0,2026-10-02T01:01:04.695736+02:00
306052819,de:12064:900321442::1,0.0,2026-10-02T01:01:04.695736+02:00
306052819,de:12064:900321744::2,0.0,2026-10-02T01:01:04.695736+02:00
306052819,de:12064:900321742::5,0.0,2026-10-02T01:01:04.695736+02:00
306053985,de:12053:900360000::6,0.0,2026-10-02T01:01:04.695736+02:00
306053985,de:12053:900360123::1,0.0,2026-10-02T01:01:04.695736+02:00
306053985,de:12053:900360214::1,0.0,2026-10-02T01:01:04.695736+02:00
306053985,de:12053:900360209::1,0.0,2026-10-02T01:01:04.695736+02:00
306053985,de:12064:900321535::1,0.0,2026-10-02T01:01:04.695736+02:00
306053985,de:12064:900321534::1,0.0,2026-10-02T01:01:04.695736+02:00
306053985,de:12064:900321532::1,0.0,2026-10-02T01:01:04.695736+02:00
306053985,de:12064:900321530::2,0.0,2026-10-02T01:01:04.695736+02:00
306053985,de:12064:900321687::2,0.0,2026-10-02T01:01:04.695736+02:00
306053985,de:12064:900321685::2,0.0,2026-10-02T01:01:04.695736+02:00
306053985,de:12064:900321686::2,0.0,2026-10-02T01:01:04.695736+02:00
306053985,de:12064:900321689::2,0.0,2026-10-02T01:01:04.695736+02:00
306053985,de:12064:900321688::2,0.0,2026-10-02T01:01:04.695736+02:00
306053985,de:12064:900321472::2,0.0,2026-10-02T01:01:04.695736+02:00
306053985,de:12064:900321705::2,0.0,2026-10-02T01:01:04.695736+02:00
306053985,de:12064:900321708::2,0.0,2026-10-02T01:01:04.695736+02:00
306053985,de:12064:900321303::2,0.0,2026-10-02T01:01:04.695736+02:00
306053985,de:12064:900321470::2,0.0,2026-10-02T01:01:04.695736+02:00
306053985,de:12064:900321471::3,0.0,2026-10-02T01:01:04.695736+02:00
306053985,de:12064:900321431::1,0.0,2026-10-02T01:01:04.695736+02:00
306053985,de:12064:900321430::2,0.0,2026-10-02T01:01:04.695736+02:00
306053985,de:12064:900321429::2,0.0,2026-10-02T01:01:04.695736+02:00
306053985,de:12064:900321433::2,0.0,2026-10-02T01:01:04.695736+02:00
306053985,de:12064:900321604::2,0.0,2026-10-02T01:01:04.695736+02:00
306053985,de:12064:900321603::2,0.0,2026-10-02T01:01:04.695736+02:00
306053985,de:12064:900321471::2,0.0,2026-10-02T01:01:04.695736+02:00
306053985,de:12064:900321750::2,0.0,2026-10-02T01:01:04.695736+02:00
306053985,de:12064:900321747::2,0.0,2026-10-02T01:01:04.695736+02:00
306053985,de:12064:900321745::1,0.0,2026-10-02T01:01:04.695736+02:00
306053985,de:12064:900321748::2,0.0,2026-10-02T01:01:04.695736+02:00
306053985,de:12064:900321742::5,0.0,2026-10-02T01:01:04.695736+02:00
306049340,de:12064:900320005::2,0.0,2026-10-02T01:01:04.695736+02:00
306049340,de:12064:900320635::2,0.0,2026-10-02T01:01:04.695736+02:00
306049340,de:12064:900320611::2,0.0,2026-10-02T01:01:04.695736+02:00
306049340,de:12064:900320631::2,0.0,2026-10-02T01:01:04.695736+02:00
306049340,de:12064:900320701::2,0.0,2026-10-02T01:01:04.695736+02:00
306049340,de:12064:900320700::2,0.0,2026-10-02T01:01:04.695736+02:00
306049340,de:12064:900320684::2,0.0,2026-10-02T01:01:04.695736+02:00
306049340,de:12064:900320703::2,0.0,2026-10-02T01:01:04.695736+02:00
306049340,de:12064:900320683::2,0.0,2026-10-02T01:01:04.695736+02:00
306049340,de:12064:900320688::2,0.0,2026-10-02T01:01:04.695736+02:00
306049340,de:12064:900320677::2,0.0,2026-10-02T01:01:04.695736+02:00
306049340,de:12064:900320687::2,0.0,2026-10-02T01:01:04.695736+02:00
306049340,de:12064:900320681::2,0.0,2026-10-02T01:01:04.695736+02:00
306049340,de:12064:900320676::2,0.0,2026-10-02T01:01:04.695736+02:00
306049340,de:12064:900320009::1,0.0,2026-10-02T01:01:04.695736+02:00
306046371,de:11000:900175010::4,0.0,2026-10-02T01:01:04.695736+02:00
306046371,de:12064:900320520::1,0.0,2026-10-02T01:01:04.695736+02:00
306046371,de:11000:900320502::1,0.0,2026-10-02T01:01:04.695736+02:00
306046371,de:11000:900176011::1,0.0,2026-10-02T01:01:04.695736+02:00
306046371,de:11000:900176519::1,0.0,2026-10-02T01:01:04.695736+02:00
306046371,de:12064:900320026::1,0.0,2026-10-02T01:01:04.695736+02:00
306046371,de:12064:900320501::1,0.0,2026-10-02T01:01:04.695736+02:00
306046371,de:12064:900320019::1,0.0,2026-10-02T01:01:04.695736+02:00
306046371,de:12064:900320018::1,0.0,2026-10-02T01:01:04.695736+02:00
306046371,de:12064:900320034::1,0.0,2026-10-02T01:01:04.695736+02:00
306046371,de:12064:900320028::1,0.0,2026-10-02T01:01:04.695736+02:00
306051988,de:12064:900320014::2,0.0,2026-10-02T01:01:04.695736+02:00
306051988,de:12064:900320200::1,0.0,2026-10-02T01:01:04.695736+02:00
307430001,de:12061:900260009:2:53,0.0,2026-10-02T01:01:04.695736+02:00
307430001,de:11000:900160004:3:55,0.0,2026-10-02T01:01:04.695736+02:00
307430001,de:11000:900007102:4:56,0.0,2026-10-02T01:01:04.695736+02:00
307430001,de:11000:900003200:4:57,0.0,2026-10-02T01:01:04.695736+02:00
307437864,de:12062:900415345:2:52,0.0,2026-10-02T01:01:04.695736+02:00
307437864,de:12062:900415240:1:50,0.0,2026-10-02T01:01:04.695736+02:00
307437864,de:12062:900415167:1:50,0.0,2026-10-02T01:01:04.695736+02:00
307437864,de:12062:900416008:2:51,0.0,2026-10-02T01:01:04.695736+02:00
307437864,de:12066:900435203:1:50,0.0,2026-10-02T01:01:04.695736+02:00
307437864,de:12066:900435061:3:54,0.0,2026-10-02T01:01:04.695736+02:00
307437864,de:12066:900435802:1:50,0.0,2026-10-02T01:01:04.695736+02:00
307437864,de:12066:900435000:1:50,0.0,2026-10-02T01:01:04.695736+02:00
307437864,de:12066:900435001:1:50,0.0,2026-10-02T01:01:04.695736+02:00
307437864,de:12066:900435800:2:51,0.0,2026-10-02T01:01:04.695736+02:00
307437864,de:12066:900435347:2:51,0.0,2026-10-02T01:01:04.695736+02:00
307437864,de:12071:900445360:1:51,0.0,2026-10-02T01:01:04.695736+02:00
307437864,de:12071:900445986:1:50,0.0,2026-10-02T01:01:04.695736+02:00
307437864,de:12052:900470000:1:50,0.0,2026-10-02T01:01:04.695736+02:00
307437773,de:12052:900470000:2:51,0.0,2026-10-02T01:01:04.695736+02:00
307437773,de:12071:900445986:2:51,0.0,2026-10-02T01:01:04.695736+02:00
307437773,de:12071:900445360:1:50,0.0,2026-10-02T01:01:04.695736+02:00
307437773,de:12066:900435347:1:50,0.0,2026-10-02T01:01:04.695736+02:00
307437773,de:12066:900435800:1:50,0.0,2026-10-02T01:01:04.695736+02:00
307437773,de:12066:900435001:2:51,0.0,2026-10-02T01:01:04.695736+02:00
307437773,de:12066:900435000:2:52,0.0,2026-10-02T01:01:04.695736+02:00
307437773,de:12066:900435802:2:51,0.0,2026-10-02T01:01:04.695736+02:00
307437773,de:12066:900435061:2:51,0.0,2026-10-02T01:01:04.695736+02:00
307437773,de:12066:900435203:2:51,0.0,2026-10-02T01:01:04.695736+02:00
307437773,de:12062:900416008:1:50,0.0,2026-10-02T01:01:04.695736+02:00
307437773,de:12062:900415167:1:50,0.0,2026-10-02T01:01:04.695736+02:00
307437773,de:12062:900415240:1:50,0.0,2026-10-02T01:01:04.695736+02:00
307437773,de:12062:900415345:3:53,0.0,2026-10-02T01:01:04.695736+02:00
307431028,de:12063:900210001:1:50,0.0,2026-10-02T01:01:04.695736+02:00
307431028,de:12054:900220012:1:50,0.0,2026-10-02T01:01:04.695736+02:00
307431028,de:12054:900220010:2:51,0.0,2026-10-02T01:01:04.695736+02:00
307431028,de:12054:900230007:2:51,0.0,2026-10-02T01:01:04.695736+02:00
307431028,de:12054:900230006:2:51,0.0,2026-10-02T01:01:04.695736+02:00
307431028,de:12054:900230999:2:52,0.0,2026-10-02T01:01:04.695736+02:00
307431028,de:12054:900230003:4:53,0.0,2026-10-02T01:01:04.695736+02:00
307431028,de:11000:900053301:3:55,0.0,2026-10-02T01:01:04.695736+02:00
307431028,de:11000:900024101:1:50,0.0,2026-10-02T01:01:04.695736+02:00
307431028,de:11000:900029101:2:52,0.0,2026-10-02T01:01:04.695736+02:00
307431028,de:11000:900037168:1:50,0.0,2026-10-02T01:01:04.695736+02:00
307431028,de:12063:900210180:1:50,0.0,2026-10-02T01:01:04.695736+02:00
307431028,de:12063:900210010:1:50,0.0,2026-10-02T01:01:04.695736+02:00
307431028,de:12063:900210011:1:50,0.0,2026-10-02T01:01:04.695736+02:00
307431028,de:12065:900200000:1:51,0.0,2026-10-02T01:01:04.695736+02:00
306047874,de:12064:900320900::2,0.0,2026-10-02T01:01:04.695736+02:00
306047874,de:12064:900320902::2,0.0,2026-10-02T01:01:04.695736+02:00
306047874,de:12064:900320903::2,0.0,2026-10-02T01:01:04.695736+02:00
306047874,de:12064:900320906::2,0.0,2026-10-02T01:01:04.695736+02:00
306047874,de:12064:900320905::2,0.0,2026-10-02T01:01:04.695736+02:00
306047874,de:12064:900320123::2,0.0,2026-10-02T01:01:04.695736+02:00
306047874,de:12064:900320122::2,0.0,2026-10-02T01:01:04.695736+02:00
306047874,de:12064:900320121::2,0.0,2026-10-02T01:01:04.695736+02:00
306047874,de:12064:900320117::2,0.0,2026-10-02T01:01:04.695736+02:00
306047874,de:12064:900320118::2,0.0,2026-10-02T01:01:04.695736+02:00
306047874,de:12064:900320050::1,0.0,2026-10-02T01:01:04.695736+02:00
306047874,de:12064:900320008::1,0.0,2026-10-02T01:01:04.695736+02:00
307286662,de:11000:900024101:3:54,0.0,2026-10-02T01:01:04.695736+02:00
307286662,de:11000:900040101:1:50,-0.2,2026-10-02T01:01:04.695736+02:00
307286662,de:11000:900044101:1:50,-0.3,2026-10-02T01:01:04.695736+02:00
307286662,de:11000:900045102:1:51,-0.4,2026-10-02T01:01:04.695736+02:00
307286662,de:11000:900044202:1:51,-0.4,2026-10-02T01:01:04.695736+02:00
307286662,de:11000:900054105:1:51,-0.2,2026-10-02T01:01:04.695736+02:00
307286662,de:11000:900054104:2:53,-0.8,2026-10-02T01:01:04.695736+02:00
307286662,de:11000:900058101:5:59,-0.2,2026-10-02T01:01:04.695736+02:00
307286662,de:11000:900068201:1:51,-0.8,2026-10-02T01:01:04.695736+02:00
307286662,de:11000:900079221:1:51,-0.4,2026-10-02T01:01:04.695736+02:00
307286662,de:11000:900078201:1:51,-0.1,2026-10-02T01:01:04.695736+02:00
307286662,de:11000:900077106:1:51,0.0,2026-10-02T01:01:04.695736+02:00
307286662,de:11000:900190001:2:52,-0.9,2026-10-02T01:01:04.695736+02:00
307286662,de:11000:900120003:5:59,-0.4,2026-10-02T01:01:04.695736+02:00
307286662,de:11000:900120001:1:51,0.0,2026-10-02T01:01:04.695736+02:00
307286662,de:11000:900110012:1:51,-0.2,2026-10-02T01:01:04.695736+02:00
307286662,de:11000:900110004:1:51,-0.1,2026-10-02T01:01:04.695736+02:00
307286662,de:11000:900110003:1:51,-0.4,2026-10-02T01:01:04.695736+02:00
307286662,de:11000:900110002:1:51,-0.4,2026-10-02T01:01:04.695736+02:00
307286662,de:11000:900110001:1:51,-0.1,2026-10-02T01:01:04.695736+02:00
307286662,de:11000:900007102:1:51,-0.6,2026-10-02T01:01:04.695736+02:00
307286662,de:11000:900009104:1:51,-0.8,2026-10-02T01:01:04.695736+02:00
307286662,de:11000:900001201:1:51,-0.3,2026-10-02T01:01:04.695736+02:00
307286662,de:11000:900020202:1:51,-0.1,2026-10-02T01:01:04.695736+02:00
307276807,de:12067:900310004:3:53,0.0,2026-10-02T01:01:04.695736+02:00
307276807,de:11000:900183002:1:50,-0.1,2026-10-02T01:01:04.695736+02:00
307276807,de:11000:900183001:1:50,-0.4,2026-10-02T01:01:04.695736+02:00
307276807,de:11000:900182002:1:50,0.0,2026-10-02T01:01:04.695736+02:00
307276807,de:11000:900182001:1:50,-0.2,2026-10-02T01:01:04.695736+02:00
307276807,de:11000:900180001:1:50,-0.3,2026-10-02T01:01:04.695736+02:00
307276807,de:11000:900180002:1:51,-0.1,2026-10-02T01:01:04.695736+02:00
307276807,de:11000:900162001:1:51,-0.9,2026-10-02T01:01:04.695736+02:00
295941753,de:11000:900176001:2:53,0.0,2026-10-02T01:01:04.695736+02:00
295941753,de:12064:900320026:1:51,-0.1,2026-10-02T01:01:04.695736+02:00
295941753,de:12064:900320008:1:50,-0.7,2026-10-02T01:01:04.695736+02:00
295941753,de:12064:900320007:1:50,-0.4,2026-10-02T01:01:04.695736+02:00
295941753,de:12064:900320006:1:50,-0.8,2026-10-02T01:01:04.695736+02:00
295941753,de:12064:900320005:1:50,-0.2,2026-10-02T01:01:04.695736+02:00
295941753,de:12064:900320004:2:51,-0.9,2026-10-02T01:01:04.695736+02:00
295879402,de:11000:900053301:2:52,0.0,2026-10-02T01:01:04.695736+02:00
295879402,de:11000:900052201:1:51,0.0,2026-10-02T01:01:04.695736+02:00
295879402,de:11000:900050355:1:51,-0.3,2026-10-02T01:01:04.695736+02:00
295879402,de:11000:900050301:1:51,-0.4,2026-10-02T01:01:04.695736+02:00
295879402,de:11000:900049201:1:51,0.0,2026-10-02T01:01:04.695736+02:00
295879402,de:11000:900049202:1:51,0.0,2026-10-02T01:01:04.695736+02:00
295879402,de:11000:900066101:1:51,-0.3,2026-10-02T01:01:04.695736+02:00
295879402,de:11000:900066102:1:51,-0.2,2026-10-02T01:01:04.695736+02:00
295879402,de:11000:900062202:1:51,-0.2,2026-10-02T01:01:04.695736+02:00
295879402,de:11000:900063101:1:51,-0.2,2026-10-02T01:01:04.695736+02:00
295879402,de:11000:900060101:1:51,-0.9,2026-10-02T01:01:04.695736+02:00
295879402,de:11000:900054104:1:51,-0.9,2026-10-02T01:01:04.695736+02:00
295879402,de:11000:900057104:1:50,-0.4,2026-10-02T01:01:04.695736+02:00
295879402,de:11000:900057102:1:51,-0.1,2026-10-02T01:01:04.695736+02:00
295879402,de:11000:900012101:2:52,-0.9,2026-10-02T01:01:04.695736+02:00
295879402,de:11000:900100020:4:57,-0.3,2026-10-02T01:01:04.695736+02:00
295879402,de:11000:900100025:1:51,-0.4,2026-10-02T01:01:04.695736+02:00
295879402,de:11000:900100001:4:57,-0.1,2026-10-02T01:01:04.695736+02:00
295879402,de:11000:900100007:1:51,-0.2,2026-10-02T01:01:04.695736+02:00
295879402,de:11000:900007104:2:52,-0.2,2026-10-02T01:01:04.695736+02:00
295879402,de:11000:900008101:1:51,-0.9,2026-10-02T01:01:04.695736+02:00
295879402,de:11000:900007102:2:53,-0.6,2026-10-02T01:01:04.695736+02:00
295879402,de:11000:900110011:2:53,-0.9,2026-10-02T01:01:04.695736+02:00
295879402,de:11000:900085201:1:50,-0.9,2026-10-02T01:01:04.695736+02:00
295879402,de:11000:900084101:1:50,-0.7,2026-10-02T01:01:04.695736+02:00
295879402,de:11000:900096101:1:50,-0.8,2026-10-02T01:01:04.695736+02:00
295879402,de:11000:900094101:1:50,-0.1,2026-10-02T01:01:04.695736+02:00
295879402,de:11000:900093201:1:50,-0.4,2026-10-02T01:01:04.695736+02:00
295879402,de:11000:900092201:1:50,-0.2,2026-10-02T01:01:04.695736+02:00
295879402,de:12065:900200009:1:50,-0.7,2026-10-02T01:01:04.695736+02:00
295879402,de:12065:900200008:1:50,-0.7,2026-10-02T01:01:04.695736+02:00
295879402,de:12065:900200007:1:50,-0.2,2026-10-02T01:01:04.695736+02:00
295879402,de:12065:900200006:1:50,-0.5,2026-10-02T01:01:04.695736+02:00
295879402,de:12065:900200005:3:1,-0.9,2026-10-02T01:01:04.695736+02:00
307437552,de:12062:900415345:4:55,0.0,2026-10-02T01:01:04.695736+02:00
307437552,de:12062:900415467:2:51,0.0,2026-10-02T01:01:04.695736+02:00
307437552,de:12062:900415357:1:50,0.0,2026-10-02T01:01:04.695736+02:00
307437552,de:12062:900415466:1:50,0.0,2026-10-02T01:01:04.695736+02:00
307437552,de:12062:900415112:4:53,0.0,2026-10-02T01:01:04.695736+02:00
307437552,de:12062:900415005:1:50,0.0,2026-10-02T01:01:04.695736+02:00
307437552,de:12066:900435527:2:51,0.0,2026-10-02T01:01:04.695736+02:00
307437552,de:12066:900435459:2:51,-1.0,2026-10-02T01:01:04.695736+02:00
307437552,de:12071:900445885:2:51,-1.0,2026-10-02T01:01:04.695736+02:00
307437552,de:12052:900470000:3:54,-1.0,2026-10-02T01:01:04.695736+02:00
307437552,de:12052:900470001:2:51,0.0,2026-10-02T01:01:04.695736+02:00
307437552,de:12052:900470163:2:51,0.0,2026-10-02T01:01:04.695736+02:00
307437552,de:12052:900470307:2:51,0.0,2026-10-02T01:01:04.695736+02:00
307437552,de:12071:900446411:2:51,0.0,2026-10-02T01:01:04.695736+02:00
307437552,de:12071:900446103:2:51,0.0,2026-10-02T01:01:04.695736+02:00
307437552,de:12071:900445750:1:50,0.0,2026-10-02T01:01:04.695736+02:00
307437552,de:12071:900445751:1:50,0.0,2026-10-02T01:01:04.695736+02:00
307437552,de:12071:900445801:1:50,0.0,2026-10-02T01:01:04.695736+02:00
307437552,de:12071:900445593:2:52,0.0,2026-10-02T01:01:04.695736+02:00
307437552,de:12067:900311250:1:50,-1.0,2026-10-02T01:01:04.695736+02:00
307437552,de:12067:900311612:1:50,0.0,2026-10-02T01:01:04.695736+02:00
307437552,de:12067:900310601:1:51,0.0,2026-10-02T01:01:04.695736+02:00
307437552,de:12067:900311307:1:51,0.0,2026-10-02T01:01:04.695736+02:00
307437552,de:12067:900311631:1:51,0.0,2026-10-02T01:01:04.695736+02:00
307437552,de:12067:900311620:2:51,0.0,2026-10-02T01:01:04.695736+02:00
307437552,de:12067:900311232:2:51,0.0,2026-10-02T01:01:04.695736+02:00
307437552,de:12067:900311233:2:51,0.0,2026-10-02T01:01:04.695736+02:00
307437552,de:12053:900360000:3:54,0.0,2026-10-02T01:01:04.695736+02:00
307446269,de:14729:8013361,0.0,2026-10-02T01:01:04.695736+02:00
307446269,de:14729:8013362,0.0,2026-10-02T01:01:04.695736+02:00
307446269,de:14729:8011018,0.0,2026-10-02T01:01:04.695736+02:00
307446269,de:14729:8012284,-1.0,2026-10-02T01:01:04.695736+02:00
307446269,de:14729:8011626,-1.0,2026-10-02T01:01:04.695736+02:00
307446269,de:14729:8010059,0.0,2026-10-02T01:01:04.695736+02:00
307446269,de:14713:8011491,0.0,2026-10-02T01:01:04.695736+02:00
307446269,de:14713:8010008,0.0,2026-10-02T01:01:04.695736+02:00
307446269,de:14713:8012194,0.0,2026-10-02T01:01:04.695736+02:00
307446269,de:14713:8012343,0.0,2026-10-02T01:01:04.695736+02:00
307446269,de:14713:8012187,0.0,2026-10-02T01:01:04.695736+02:00
307446269,de:14713:8012184,0.0,2026-10-02T01:01:04.695736+02:00
307446269,de:14713:8012202,0.0,2026-10-02T01:01:04.695736+02:00
307446269,de:14713:8012186,0.0,2026-10-02T01:01:04.695736+02:00
307446269,de:14713:8098205,0.0,2026-10-02T01:01:04.695736+02:00
307258559,de:11000:900143001:1:51,0.0,2026-10-02T01:01:04.695736+02:00
307258559,de:11000:900142001:1:51,-0.3,2026-10-02T01:01:04.695736+02:00
307258559,de:11000:900130001:1:51,-0.8,2026-10-02T01:01:04.695736+02:00
307258559,de:11000:900130002:1:51,-0.3,2026-10-02T01:01:04.695736+02:00
307258559,de:11000:900110011:1:51,-0.7,2026-10-02T01:01:04.695736+02:00
307258559,de:11000:900007102:1:50,-0.7,2026-10-02T01:01:04.695736+02:00
307258559,de:11000:900008101:1:50,-0.5,2026-10-02T01:01:04.695736+02:00
307258559,de:11000:900007104:1:51,-0.2,2026-10-02T01:01:04.695736+02:00
307258559,de:11000:900100007:1:50,-0.2,2026-10-02T01:01:04.695736+02:00
307258559,de:11000:900100001:4:56,0.0,2026-10-02T01:01:04.695736+02:00
307258559,de:11000:900100025:1:50,-0.9,2026-10-02T01:01:04.695736+02:00
307258559,de:11000:900100020:3:54,-0.9,2026-10-02T01:01:04.695736+02:00
307258559,de:11000:900012101:1:51,0.0,2026-10-02T01:01:04.695736+02:00
307258559,de:11000:900058103:1:50,-0.8,2026-10-02T01:01:04.695736+02:00
307258559,de:11000:900058101:1:50,-0.4,2026-10-02T01:01:04.695736+02:00
307258559,de:11000:900058102:1:50,-0.4,2026-10-02T01:01:04.695736+02:00
307258559,de:11000:900068301:1:50,-0.7,2026-10-02T01:01:04.695736+02:00
307258559,de:11000:900073101:1:50,-0.9,2026-10-02T01:01:04.695736+02:00
307258559,de:11000:900072101:1:50,-0.2,2026-10-02T01:01:04.695736+02:00
307258559,de:11000:900074202:1:50,-0.2,2026-10-02T01:01:04.695736+02:00
307258559,de:11000:900074201:1:50,-0.4,2026-10-02T01:01:04.695736+02:00
307258559,de:12072:900245028:1:51,-0.9,2026-10-02T01:01:04.695736+02:00
307258559,de:12072:900245027:2:52,-0.9,2026-10-02T01:01:04.695736+02:00
307280606,de:11000:900020202:1:51,0.0,2026-10-02T01:01:04.695736+02:00
307280606,de:11000:900001201:1:51,-0.2,2026-10-02T01:01:04.695736+02:00
307280606,de:11000:900009104:1:51,-0.8,2026-10-02T01:01:04.695736+02:00
307280606,de:11000:900007102:2:52,-0.9,2026-10-02T01:01:04.695736+02:00
307280606,de:11000:900110001:1:50,-0.6,2026-10-02T01:01:04.695736+02:00
307280606,de:11000:900110002:1:50,-0.4,2026-10-02T01:01:04.695736+02:00
307280606,de:11000:900110003:1:50,-0.4,2026-10-02T01:01:04.695736+02:00
307280606,de:11000:900110004:1:50,-0.8,2026-10-02T01:01:04.695736+02:00
307280606,de:11000:900110012:1:50,-0.7,2026-10-02T01:01:04.695736+02:00
307280606,de:11000:900120001:1:50,-0.7,2026-10-02T01:01:04.695736+02:00
307280606,de:11000:900120003:5:58,-0.1,2026-10-02T01:01:04.695736+02:00
307280606,de:11000:900190001:1:50,-0.4,2026-10-02T01:01:04.695736+02:00
307280606,de:11000:900077106:1:50,-0.4,2026-10-02T01:01:04.695736+02:00
307280606,de:11000:900078201:1:50,-0.3,2026-10-02T01:01:04.695736+02:00
307280606,de:11000:900079221:1:50,-0.2,2026-10-02T01:01:04.695736+02:00
307280606,de:11000:900068201:1:50,-0.8,2026-10-02T01:01:04.695736+02:00
307280606,de:11000:900058101:5:58,-0.1,2026-10-02T01:01:04.695736+02:00
307280606,de:11000:900054104:2:52,-0.2,2026-10-02T01:01:04.695736+02:00
307280606,de:11000:900054105:1:50,-0.9,2026-10-02T01:01:04.695736+02:00
307280606,de:11000:900044202:1:50,-0.7,2026-10-02T01:01:04.695736+02:00
307280606,de:11000:900045102:1:50,-0.7,2026-10-02T01:01:04.695736+02:00
307280606,de:11000:900044101:1:50,-0.8,2026-10-02T01:01:04.695736+02:00
307280606,de:11000:900040101:1:50,-0.8,2026-10-02T01:01:04.695736+02:00
307275441,de:11000:900182002:1:50,0.0,2026-10-02T01:01:04.695736+02:00
307275441,de:11000:900182001:1:50,-0.2,2026-10-02T01:01:04.695736+02:00
307275441,de:11000:900180001:1:50,-0.3,2026-10-02T01:01:04.695736+02:00
307275441,de:11000:900180002:1:50,-0.9,2026-10-02T01:01:04.695736+02:00
307252373,de:11000:900003200:5:58,0.0,2026-10-02T01:01:04.695736+02:00
307252373,de:11000:900009104:1:50,-0.8,2026-10-02T01:01:04.695736+02:00
307252373,de:11000:900007102:2:52,-0.4,2026-10-02T01:01:04.695736+02:00
306046682,de:12064:900320008::4,0.0,2026-10-02T01:01:04.695736+02:00
306046682,de:12064:900320047::1,0.0,2026-10-02T01:01:04.695736+02:00
306046682,de:12064:900320041::1,0.0,2026-10-02T01:01:04.695736+02:00
306046682,de:12064:900320042::1,0.0,2026-10-02T01:01:04.695736+02:00
306046682,de:12064:900320043::1,0.0,2026-10-02T01:01:04.695736+02:00
306046682,de:12064:900320044::1,0.0,2026-10-02T01:01:04.695736+02:00
306046682,de:12064:900320045::1,0.0,2026-10-02T01:01:04.695736+02:00
306046682,de:12064:900320048::1,0.0,2026-10-02T01:01:04.695736+02:00
306046682,de:12064:900320046::1,0.0,2026-10-02T01:01:04.695736+02:00
306046682,de:12064:900320008::1,0.0,2026-10-02T01:01:04.695736+02:00
307318474,de:11000:900120005:4:55,0.0,2026-10-02T01:01:04.695736+02:00
307318474,de:11000:900120004:1:50,-0.3,2026-10-02T01:01:04.695736+02:00
307318474,de:11000:900120003:2:53,-0.6,2026-10-02T01:01:04.695736+02:00
307318474,de:11000:900160003:1:50,-0.7,2026-10-02T01:01:04.695736+02:00
307318474,de:11000:900160004:1:50,-0.7,2026-10-02T01:01:04.695736+02:00
307318474,de:11000:900171002:1:50,-0.2,2026-10-02T01:01:04.695736+02:00
307318474,de:11000:900171003:1:50,-0.3,2026-10-02T01:01:04.695736+02:00
307318474,de:11000:900152002:1:50,-0.1,2026-10-02T01:01:04.695736+02:00
307318474,de:11000:900152001:1:50,-0.3,2026-10-02T01:01:04.695736+02:00
307318474,de:11000:900151001:1:51,-0.9,2026-10-02T01:01:04.695736+02:00
307272011,de:11000:900029101:1:50,0.0,2026-10-02T01:01:04.695736+02:00
307272011,de:11000:900030202:1:50,-0.3,2026-10-02T01:01:04.695736+02:00
307272011,de:11000:900025424:1:51,-0.2,2026-10-02T01:01:04.695736+02:00
307272011,de:11000:900025321:1:51,-0.2,2026-10-02T01:01:04.695736+02:00
307272011,de:11000:900026105:1:50,-0.4,2026-10-02T01:01:04.695736+02:00
307272011,de:11000:900025423:1:50,-0.7,2026-10-02T01:01:04.695736+02:00
307272011,de:11000:900024102:2:53,-0.7,2026-10-02T01:01:04.695736+02:00
307272011,de:11000:900024101:3:55,-0.3,2026-10-02T01:01:04.695736+02:00
307272011,de:11000:900024203:1:51,-0.8,2026-10-02T01:01:04.695736+02:00
307272011,de:11000:900023201:3:54,-0.7,2026-10-02T01:01:04.695736+02:00
307272011,de:11000:900003103:1:50,-0.8,2026-10-02T01:01:04.695736+02:00
307272011,de:11000:900003102:1:50,-0.9,2026-10-02T01:01:04.695736+02:00
307272011,de:11000:900003201:3:54,-0.5,2026-10-02T01:01:04.695736+02:00
307272011,de:11000:900100001:3:54,-0.1,2026-10-02T01:01:04.695736+02:00
307272011,de:11000:900100002:1:50,-0.4,2026-10-02T01:01:04.695736+02:00
307272011,de:11000:900100003:2:52,-0.1,2026-10-02T01:01:04.695736+02:00
307272011,de:11000:900100004:1:50,-0.3,2026-10-02T01:01:04.695736+02:00
307272011,de:11000:900120005:4:55,-0.5,2026-10-02T01:01:04.695736+02:00
306895465,de:12067:900311083::3,0.0,2026-10-02T01:01:04.695736+02:00
306895465,de:12067:900310775::1,0.0,2026-10-02T01:01:04.695736+02:00
306895465,de:12067:900311083::2,0.0,2026-10-02T01:01:04.695736+02:00
306895465,de:12067:900310814::2,0.0,2026-10-02T01:01:04.695736+02:00
306895465,de:12067:900310628::2,0.0,2026-10-02T01:01:04.695736+02:00
306895465,de:12067:900310793::2,0.0,2026-10-02T01:01:04.695736+02:00
306895465,de:12067:900310774::1,0.0,2026-10-02T01:01:04.695736+02:00
306895465,de:12067:900310792::1,0.0,2026-10-02T01:01:04.695736+02:00
306895465,de:12067:900310825::1,0.0,2026-10-02T01:01:04.695736+02:00
306895465,de:12067:900310809::2,0.0,2026-10-02T01:01:04.695736+02:00
306895465,de:12067:900310787::2,0.0,2026-10-02T01:01:04.695736+02:00
306895465,de:12067:900310790::2,0.0,2026-10-02T01:01:04.695736+02:00
306895465,de:12067:900310788::2,0.0,2026-10-02T01:01:04.695736+02:00
306895465,de:12067:900310696::2,0.0,2026-10-02T01:01:04.695736+02:00
306895465,de:12067:900310001::11,0.0,2026-10-02T01:01:04.695736+02:00
306895465,de:12067:900310001::2,0.0,2026-10-02T01:01:04.695736+02:00
306895465,de:12067:900310816::1,0.0,2026-10-02T01:01:04.695736+02:00
306895465,de:12067:900310627::1,0.0,2026-10-02T01:01:04.695736+02:00
306895465,de:12067:900310781::1,0.0,2026-10-02T01:01:04.695736+02:00
306895465,de:12067:900310822::1,0.0,2026-10-02T01:01:04.695736+02:00
306895465,de:12067:900310808::1,0.0,2026-10-02T01:01:04.695736+02:00
306895465,de:12067:900310794::1,0.0,2026-10-02T01:01:04.695736+02:00
306895465,de:12067:900310821::1,0.0,2026-10-02T01:01:04.695736+02:00
306895465,de:12067:900310806::1,0.0,2026-10-02T01:01:04.695736+02:00
306895465,de:12067:900310812::1,0.0,2026-10-02T01:01:04.695736+02:00
306895465,de:12067:900310770::1,0.0,2026-10-02T01:01:04.695736+02:00
306895465,de:12067:900310010::3,0.0,2026-10-02T01:01:04.695736+02:00
306895465,de:12067:900310880::1,0.0,2026-10-02T01:01:04.695736+02:00
306895465,de:12067:900310815::1,0.0,2026-10-02T01:01:04.695736+02:00
306895465,de:12067:900310807::1,0.0,2026-10-02T01:01:04.695736+02:00
307420390,de:11000:900170004:1:51,0.0,2026-10-02T01:01:04.695736+02:00
307420390,de:12060:900350141:1:50,0.0,2026-10-02T01:01:04.695736+02:00
307420390,de:12060:900350142:1:50,0.0,2026-10-02T01:01:04.695736+02:00
307420390,de:12060:900350178:1:50,0.0,2026-10-02T01:01:04.695736+02:00
307420390,de:12060:900350151:1:50,0.0,2026-10-02T01:01:04.695736+02:00
307420390,de:12060:900350168:1:50,0.0,2026-10-02T01:01:04.695736+02:00
307420390,de:12060:900350172:1:50,0.0,2026-10-02T01:01:04.695736+02:00
295882513,de:11000:900092201:1:51,0.0,2026-10-02T01:01:04.695736+02:00
295882513,de:11000:900093201:1:51,-0.4,2026-10-02T01:01:04.695736+02:00
295882513,de:11000:900094101:1:51,-0.8,2026-10-02T01:01:04.695736+02:00
295882513,de:11000:900096101:1:51,-0.1,2026-10-02T01:01:04.695736+02:00
295882513,de:11000:900084101:1:51,-0.2,2026-10-02T01:01:04.695736+02:00
295882513,de:11000:900085201:1:51,-0.8,2026-10-02T01:01:04.695736+02:00
295882513,de:11000:900130003:1:51,-0.8,2026-10-02T01:01:04.695736+02:00
295882513,de:11000:900110011:1:50,-0.9,2026-10-02T01:01:04.695736+02:00
295882513,de:11000:900007102:1:50,-0.9,2026-10-02T01:01:04.695736+02:00
295882513,de:11000:900008101:1:50,0.0,2026-10-02T01:01:04.695736+02:00
295882513,de:11000:900007104:1:51,-0.7,2026-10-02T01:01:04.695736+02:00
295882513,de:11000:900100007:1:50,-0.7,2026-10-02T01:01:04.695736+02:00
295882513,de:11000:900100001:4:56,-0.5,2026-10-02T01:01:04.695736+02:00
295882513,de:11000:900100025:1:50,-0.4,2026-10-02T01:01:04.695736+02:00
295882513,de:11000:900100020:3:54,-0.4,2026-10-02T01:01:04.695736+02:00
295882513,de:11000:900012101:1:51,-0.5,2026-10-02T01:01:04.695736+02:00
295882513,de:11000:900057102:1:50,-0.7,2026-10-02T01:01:04.695736+02:00
295882513,de:11000:900057104:2:51,-0.4,2026-10-02T01:01:04.695736+02:00
295882513,de:11000:900054104:1:50,-0.3,2026-10-02T01:01:04.695736+02:00
295882513,de:11000:900060101:1:50,-0.3,2026-10-02T01:01:04.695736+02:00
295882513,de:11000:900063101:1:50,-0.1,2026-10-02T01:01:04.695736+02:00
295882513,de:11000:900062202:1:50,-0.1,2026-10-02T01:01:04.695736+02:00
295882513,de:11000:900066102:1:50,-0.2,2026-10-02T01:01:04.695736+02:00
295882513,de:11000:900066101:1:50,-0.1,2026-10-02T01:01:04.695736+02:00
295882513,de:11000:900049202:1:50,-0.3,2026-10-02T01:01:04.695736+02:00
295882513,de:11000:900049201:1:50,-0.4,2026-10-02T01:01:04.695736+02:00
295882513,de:11000:900050301:1:50,0.0,2026-10-02T01:01:04.695736+02:00
295882513,de:11000:900050355:1:50,-0.1,2026-10-02T01:01:04.695736+02:00
295882513,de:11000:900052201:1:50,-0.5,2026-10-02T01:01:04.695736+02:00
295882513,de:11000:900053301:1:51,-0.9,2026-10-02T01:01:04.695736+02:00
307420761,de:12053:900360000:1:51,0.0,2026-10-02T01:01:04.695736+02:00
307420761,de:12053:900360001:1:50,0.0,2026-10-02T01:01:04.695736+02:00
307420761,de:12053:900360016:1:50,0.0,2026-10-02T01:01:04.695736+02:00
307420761,de:12067:900311475:1:51,0.0,2026-10-02T01:01:04.695736+02:00
307420761,de:12067:900311470:1:50,0.0,2026-10-02T01:01:04.695736+02:00
307420761,de:12067:900310060:1:50,0.0,2026-10-02T01:01:04.695736+02:00
307420761,de:12067:900310616:1:50,0.0,2026-10-02T01:01:04.695736+02:00
307420761,de:12067:900310615:1:1,0.0,2026-10-02T01:01:04.695736+02:00
307420761,de:12067:900311129:1:50,0.0,2026-10-02T01:01:04.695736+02:00
306051944,de:12064:900320200::1,0.0,2026-10-02T01:01:04.695736+02:00
306051944,de:12064:900320014::1,0.0,2026-10-02T01:01:04.695736+02:00
306047316,de:12064:900320008::2,0.0,2026-10-02T01:01:04.695736+02:00
306047316,de:12064:900320050::2,0.0,2026-10-02T01:01:04.695736+02:00
306047316,de:12064:900320120::1,0.0,2026-10-02T01:01:04.695736+02:00
306047316,de:12064:900320119::1,0.0,2026-10-02T01:01:04.695736+02:00
306047316,de:12064:900320017::1,0.0,2026-10-02T01:01:04.695736+02:00
306047316,de:12064:900320523::1,0.0,2026-10-02T01:01:04.695736+02:00
306047316,de:12064:900320510::2,0.0,2026-10-02T01:01:04.695736+02:00
306047316,de:12064:900320511::2,0.0,2026-10-02T01:01:04.695736+02:00
306047316,de:12064:900320520::2,0.0,2026-10-02T01:01:04.695736+02:00
306047316,de:11000:900175010::5,-1.0,2026-10-02T01:01:04.695736+02:00
306047316,de:12064:900320022::2,0.0,2026-10-02T01:01:04.695736+02:00
306047316,de:12064:900320021::2,0.0,2026-10-02T01:01:04.695736+02:00
306047316,de:12064:900320505::2,0.0,2026-10-02T01:01:04.695736+02:00
306047316,de:12064:900320035::2,0.0,2026-10-02T01:01:04.695736+02:00
306047316,de:12064:900320506::2,0.0,2026-10-02T01:01:04.695736+02:00
306047316,de:12064:900320020::1,0.0,2026-10-02T01:01:04.695736+02:00
295967949,de:12061:900260009:3:55,0.0,2026-10-02T01:01:04.695736+02:00
295967949,de:12061:900260080:1:51,-0.7,2026-10-02T01:01:04.695736+02:00
295967949,de:12061:900260005:3:55,0.0,2026-10-02T01:01:04.695736+02:00
295967949,de:11000:900196001:1:51,0.0,2026-10-02T01:01:04.695736+02:00
295967949,de:11000:900195510:1:50,-0.4,2026-10-02T01:01:04.695736+02:00
295967949,de:11000:900193002:1:51,-0.6,2026-10-02T01:01:04.695736+02:00
295967949,de:11000:900193001:2:51,-0.3,2026-10-02T01:01:04.695736+02:00
295967949,de:11000:900192001:3:55,-0.2,2026-10-02T01:01:04.695736+02:00
295967949,de:11000:900191001:1:50,0.0,2026-10-02T01:01:04.695736+02:00
295967949,de:11000:900191002:1:51,-0.7,2026-10-02T01:01:04.695736+02:00
295967949,de:11000:900190001:2:53,-0.4,2026-10-02T01:01:04.695736+02:00
295967949,de:11000:900120004:2:53,-0.9,2026-10-02T01:01:04.695736+02:00
295967949,de:11000:900120005:5:58,-0.1,2026-10-02T01:01:04.695736+02:00
295967949,de:11000:900100004:1:51,-0.4,2026-10-02T01:01:04.695736+02:00
295967949,de:11000:900100003:2:53,-0.4,2026-10-02T01:01:04.695736+02:00
295967949,de:11000:900100002:1:51,-0.4,2026-10-02T01:01:04.695736+02:00
295967949,de:11000:900100001:3:55,-0.4,2026-10-02T01:01:04.695736+02:00
295967949,de:11000:900003201:3:55,-0.1,2026-10-02T01:01:04.695736+02:00
295967949,de:11000:900003102:1:51,-0.8,2026-10-02T01:01:04.695736+02:00
295967949,de:11000:900003103:1:51,-0.9,2026-10-02T01:01:04.695736+02:00
295967949,de:11000:900023201:3:55,-0.8,2026-10-02T01:01:04.695736+02:00
295967949,de:11000:900024203:1:51,-0.8,2026-10-02T01:01:04.695736+02:00
295967949,de:11000:900024101:4:57,-0.8,2026-10-02T01:01:04.695736+02:00
295967949,de:11000:900024102:1:50,-0.1,2026-10-02T01:01:04.695736+02:00
295967949,de:11000:900025423:1:50,-0.4,2026-10-02T01:01:04.695736+02:00
295967949,de:11000:900026105:1:50,-0.7,2026-10-02T01:01:04.695736+02:00
295967949,de:11000:900025321:1:50,-0.3,2026-10-02T01:01:04.695736+02:00
295967949,de:11000:900025424:1:50,-0.3,2026-10-02T01:01:04.695736+02:00
295967949,de:11000:900030202:1:50,-0.9,2026-10-02T01:01:04.695736+02:00
295967949,de:11000:900029101:1:51,-0.9,2026-10-02T01:01:04.695736+02:00
307431381,de:12065:900200000:1:51,0.0,2026-10-02T01:01:04.695736+02:00
307431381,de:12063:900210011:2:51,0.0,2026-10-02T01:01:04.695736+02:00
307431381,de:12063:900210010:2:51,0.0,2026-10-02T01:01:04.695736+02:00
307431381,de:12063:900210180:2:51,0.0,2026-10-02T01:01:04.695736+02:00
307431381,de:11000:900037168:2:51,0.0,2026-10-02T01:01:04.695736+02:00
307431381,de:11000:900029101:3:54,0.0,2026-10-02T01:01:04.695736+02:00
307431381,de:11000:900024101:1:51,0.0,2026-10-02T01:01:04.695736+02:00
295963575,de:11000:900130002:1:51,0.0,2026-10-02T01:01:04.695736+02:00
295963575,de:11000:900110011:1:51,-0.7,2026-10-02T01:01:04.695736+02:00
295963575,de:11000:900110001:1:50,-0.2,2026-10-02T01:01:04.695736+02:00
295963575,de:11000:900110002:1:50,-0.9,2026-10-02T01:01:04.695736+02:00
295963575,de:11000:900110003:1:50,-0.9,2026-10-02T01:01:04.695736+02:00
295963575,de:11000:900110004:1:50,-0.3,2026-10-02T01:01:04.695736+02:00
295963575,de:11000:900110012:1:50,-0.2,2026-10-02T01:01:04.695736+02:00
295963575,de:11000:900120001:1:50,-0.2,2026-10-02T01:01:04.695736+02:00
295963575,de:11000:900120003:5:58,-0.6,2026-10-02T01:01:04.695736+02:00
295963575,de:11000:900190001:1:51,-0.1,2026-10-02T01:01:04.695736+02:00
295963575,de:11000:900191002:1:50,0.0,2026-10-02T01:01:04.695736+02:00
295963575,de:11000:900191001:2:52,-0.4,2026-10-02T01:01:04.695736+02:00
295963575,de:11000:900192001:2:52,-0.2,2026-10-02T01:01:04.695736+02:00
295963575,de:11000:900193001:1:50,-0.7,2026-10-02T01:01:04.695736+02:00
295963575,de:11000:900193002:1:50,-0.3,2026-10-02T01:01:04.695736+02:00
295963575,de:11000:900195510:1:51,-0.7,2026-10-02T01:01:04.695736+02:00
295963575,de:11000:900196001:1:50,-0.9,2026-10-02T01:01:04.695736+02:00
295963575,de:12061:900260005:3:54,-0.7,2026-10-02T01:01:04.695736+02:00
295963575,de:12061:900260080:1:50,0.0,2026-10-02T01:01:04.695736+02:00
295963575,de:12061:900260009:3:56,-0.2,2026-10-02T01:01:04.695736+02:00
307276676,de:11000:900162001:1:51,0.0,2026-10-02T01:01:04.695736+02:00
307276676,de:11000:900180002:1:51,-0.8,2026-10-02T01:01:04.695736+02:00
307276676,de:11000:900180001:1:50,-0.6,2026-10-02T01:01:04.695736+02:00
307276676,de:11000:900182001:1:51,-0.1,2026-10-02T01:01:04.695736+02:00
307276676,de:11000:900182002:1:51,-0.3,2026-10-02T01:01:04.695736+02:00
307276676,de:11000:900183001:1:51,0.0,2026-10-02T01:01:04.695736+02:00
307276676,de:11000:900183002:1:51,-0.3,2026-10-02T01:01:04.695736+02:00
307276676,de:12067:900310004:3:52,-0.5,2026-10-02T01:01:04.695736+02:00
307307104,de:12064:900320004:2:51,0.0,2026-10-02T01:01:04.695736+02:00
307307104,de:12064:900320005:1:50,0.0,2026-10-02T01:01:04.695736+02:00
307307104,de:12064:900320006:1:51,-0.8,2026-10-02T01:01:04.695736+02:00
307307104,de:12064:900320007:1:50,-0.8,2026-10-02T01:01:04.695736+02:00
307307104,de:12064:900320008:1:51,-0.5,2026-10-02T01:01:04.695736+02:00
307307104,de:12064:900320026:1:50,-0.3,2026-10-02T01:01:04.695736+02:00
307307104,de:11000:900176001:2:53,-0.7,2026-10-02T01:01:04.695736+02:00
306049960,de:12064:900320005::1,0.0,2026-10-02T01:01:04.695736+02:00
306049960,de:12064:900320610::1,0.0,2026-10-02T01:01:04.695736+02:00
306049960,de:12064:900320643::1,0.0,2026-10-02T01:01:04.695736+02:00
306049960,de:12064:900320645::1,0.0,2026-10-02T01:01:04.695736+02:00
306049960,de:12064:900320647::1,0.0,2026-10-02T01:01:04.695736+02:00
306049960,de:12064:900320642::1,0.0,2026-10-02T01:01:04.695736+02:00
306049960,de:12064:900320685::1,0.0,2026-10-02T01:01:04.695736+02:00
306049960,de:12064:900320638::1,0.0,2026-10-02T01:01:04.695736+02:00
306049960,de:12064:900320639::1,0.0,2026-10-02T01:01:04.695736+02:00
306049960,de:12064:900320006::1,0.0,2026-10-02T01:01:04.695736+02:00
306049960,de:12064:900320675::1,0.0,2026-10-02T01:01:04.695736+02:00
306049960,de:12064:900320674::1,0.0,2026-10-02T01:01:04.695736+02:00
306049960,de:12064:900320672::1,0.0,2026-10-02T01:01:04.695736+02:00
306049960,de:12064:900320673::1,0.0,2026-10-02T01:01:04.695736+02:00
306049960,de:12064:900320679::1,0.0,2026-10-02T01:01:04.695736+02:00
306049960,de:12064:900320133::1,0.0,2026-10-02T01:01:04.695736+02:00
306049960,de:12064:900320134::1,0.0,2026-10-02T01:01:04.695736+02:00
306049960,de:12064:900320007::3,0.0,2026-10-02T01:01:04.695736+02:00
306054156,de:12064:900320243::1,0.0,2026-10-02T01:01:04.695736+02:00
306054156,de:12064:900320386::1,0.0,2026-10-02T01:01:04.695736+02:00
306054156,de:12067:900310080::2,0.0,2026-10-02T01:01:04.695736+02:00
306043568,de:12064:900320896::2,0.0,2026-10-02T01:01:04.695736+02:00
306043568,de:12064:900320898::2,0.0,2026-10-02T01:01:04.695736+02:00
306043568,de:12064:900320911::2,0.0,2026-10-02T01:01:04.695736+02:00
306043568,de:12064:900320859::2,0.0,2026-10-02T01:01:04.695736+02:00
306043568,de:12064:900320847::1,0.0,2026-10-02T01:01:04.695736+02:00
306043568,de:12064:900320853::1,0.0,2026-10-02T01:01:04.695736+02:00
306043568,de:12064:900320852::1,0.0,2026-10-02T01:01:04.695736+02:00
306043568,de:12064:900320856::1,0.0,2026-10-02T01:01:04.695736+02:00
306043568,de:12064:900320855::1,0.0,2026-10-02T01:01:04.695736+02:00
306043568,de:12064:900320856::2,0.0,2026-10-02T01:01:04.695736+02:00
306043568,de:12064:900320864::1,0.0,2026-10-02T01:01:04.695736+02:00
306043568,de:12064:900320852::2,0.0,2026-10-02T01:01:04.695736+02:00
306043568,de:12064:900320853::2,0.0,2026-10-02T01:01:04.695736+02:00
306043568,de:12064:900320866::1,0.0,2026-10-02T01:01:04.695736+02:00
306043568,de:12064:900320899::1,0.0,2026-10-02T01:01:04.695736+02:00
306049363,de:12064:900320009::1,0.0,2026-10-02T01:01:04.695736+02:00
306049363,de:12064:900320676::1,0.0,2026-10-02T01:01:04.695736+02:00
306049363,de:12064:900320681::1,0.0,2026-10-02T01:01:04.695736+02:00
306049363,de:12064:900320687::1,0.0,2026-10-02T01:01:04.695736+02:00
306049363,de:12064:900320677::1,0.0,2026-10-02T01:01:04.695736+02:00
306049363,de:12064:900320688::1,0.0,2026-10-02T01:01:04.695736+02:00
306049363,de:12064:900320683::1,0.0,2026-10-02T01:01:04.695736+02:00
306049363,de:12064:900320703::1,0.0,2026-10-02T01:01:04.695736+02:00
306049363,de:12064:900320684::1,0.0,2026-10-02T01:01:04.695736+02:00
306049363,de:12064:900320700::1,0.0,2026-10-02T01:01:04.695736+02:00
306049363,de:12064:900320701::1,0.0,2026-10-02T01:01:04.695736+02:00
306049363,de:12064:900320631::1,0.0,2026-10-02T01:01:04.695736+02:00
306049363,de:12064:900320611::1,0.0,2026-10-02T01:01:04.695736+02:00
306049363,de:12064:900320635::1,0.0,2026-10-02T01:01:04.695736+02:00
306049363,de:12064:900320005::1,0.0,2026-10-02T01:01:04.695736+02:00
306045587,de:12064:900320119::2,0.0,2026-10-02T01:01:04.695736+02:00
306045587,de:12064:900320120::4,0.0,2026-10-02T01:01:04.695736+02:00
306045587,de:12064:900320132::2,0.0,2026-10-02T01:01:04.695736+02:00
306045587,de:12064:900320114::2,0.0,2026-10-02T01:01:04.695736+02:00
306045587,de:12064:900320116::2,0.0,2026-10-02T01:01:04.695736+02:00
306045587,de:12064:900320115::2,0.0,2026-10-02T01:01:04.695736+02:00
306045587,de:12064:900320007::2,0.0,2026-10-02T01:01:04.695736+02:00
306045587,de:12064:900320113::2,0.0,2026-10-02T01:01:04.695736+02:00
306045587,de:12064:900320124::2,0.0,2026-10-02T01:01:04.695736+02:00
306045587,de:12064:900320112::2,0.0,2026-10-02T01:01:04.695736+02:00
306045587,de:12064:900320111::2,0.0,2026-10-02T01:01:04.695736+02:00
306045587,de:12064:900320110::2,0.0,2026-10-02T01:01:04.695736+02:00
306045587,de:12064:900320109::2,0.0,2026-10-02T01:01:04.695736+02:00
306045587,de:12064:900320108::2,0.0,2026-10-02T01:01:04.695736+02:00
306045587,de:12064:900320107::2,0.0,2026-10-02T01:01:04.695736+02:00
306045587,de:12064:900320106::2,0.0,2026-10-02T01:01:04.695736+02:00
306045587,de:12064:900320104::2,0.0,2026-10-02T01:01:04.695736+02:00
306045587,de:12064:900320103::2,0.0,2026-10-02T01:01:04.695736+02:00
306045587,de:12064:900320102::2,0.0,2026-10-02T01:01:04.695736+02:00
306045587,de:12064:900320101::2,0.0,2026-10-02T01:01:04.695736+02:00
306045587,de:12064:900320100::2,0.0,2026-10-02T01:01:04.695736+02:00
306045587,de:12064:900320008::1,-1.0,2026-10-02T01:01:04.695736+02:00
307443595,de:11000:900003200:1:50,0.0,2026-10-02T01:01:04.695736+02:00
307443595,de:11000:900100020:1:50,0.0,2026-10-02T01:01:04.695736+02:00
307443595,de:11000:900058101:2:53,-1.0,2026-10-02T01:01:04.695736+02:00
307443595,de:11000:900064301:2:51,0.0,2026-10-02T01:01:04.695736+02:00
307443595,de:12069:900220001:1:50,0.0,2026-10-02T01:01:04.695736+02:00
307443595,de:12072:900245032:1:50,1.0,2026-10-02T01:01:04.695736+02:00
307443595,de:12072:900245030:1:50,0.0,2026-10-02T01:01:04.695736+02:00
307443595,de:12072:900245029:1:50,0.0,2026-10-02T01:01:04.695736+02:00
307443595,de:12072:900245037:1:50,0.0,2026-10-02T01:01:04.695736+02:00
307443595,de:12072:900245010:1:50,0.0,2026-10-02T01:01:04.695736+02:00
307443595,de:12072:900245014:1:50,-1.0,2026-10-02T01:01:04.695736+02:00
307443595,de:12072:900245016:1:50,0.0,2026-10-02T01:01:04.695736+02:00
307443595,de:12072:900245002:2:52,0.0,2026-10-02T01:01:04.695736+02:00
306052968,de:12064:900321742::4,0.0,2026-10-02T01:01:04.695736+02:00
306052968,de:12064:900321751::1,0.0,2026-10-02T01:01:04.695736+02:00
306052968,de:12064:900321380::1,0.0,2026-10-02T01:01:04.695736+02:00
306052968,de:12064:900321381::2,0.0,2026-10-02T01:01:04.695736+02:00
306052968,de:12064:900321833::1,0.0,2026-10-02T01:01:04.695736+02:00
306052968,de:12064:900321585::1,0.0,2026-10-02T01:01:04.695736+02:00
306052377,de:12064:900321765::1,0.0,2026-10-02T01:01:04.695736+02:00
306052377,de:12064:900321764::2,0.0,2026-10-02T01:01:04.695736+02:00
306052377,de:12064:900321513::1,0.0,2026-10-02T01:01:04.695736+02:00
306052377,de:12064:900321514::1,0.0,2026-10-02T01:01:04.695736+02:00
306052377,de:12064:900321515::1,0.0,2026-10-02T01:01:04.695736+02:00
306052377,de:12064:900321762::1,0.0,2026-10-02T01:01:04.695736+02:00
306052377,de:12064:900321759::1,0.0,2026-10-02T01:01:04.695736+02:00
306052377,de:12064:900321761::1,0.0,2026-10-02T01:01:04.695736+02:00
306052377,de:12064:900321695::1,0.0,2026-10-02T01:01:04.695736+02:00
306052377,de:12064:900321697::1,0.0,2026-10-02T01:01:04.695736+02:00
306052377,de:12064:900321820::2,0.0,2026-10-02T01:01:04.695736+02:00
306052377,de:12064:900321550::2,0.0,2026-10-02T01:01:04.695736+02:00
306052377,de:12064:900321545::2,0.0,2026-10-02T01:01:04.695736+02:00
306052377,de:12064:900321545::2,-4.0,2026-10-02T01:01:04.695736+02:00
306052377,de:12064:900321547::1,0.0,2026-10-02T01:01:04.695736+02:00
306052377,de:12064:900321545::2,4.0,2026-10-02T01:01:04.695736+02:00
306052377,de:12064:900321545::2,0.0,2026-10-02T01:01:04.695736+02:00
306052377,de:12064:900321541::2,0.0,2026-10-02T01:01:04.695736+02:00
306052377,de:12064:900321542::2,0.0,2026-10-02T01:01:04.695736+02:00
306052377,de:12064:900321510::2,0.0,2026-10-02T01:01:04.695736+02:00
306052377,de:12064:900321445::2,0.0,2026-10-02T01:01:04.695736+02:00
306052377,de:12064:900321443::2,0.0,2026-10-02T01:01:04.695736+02:00
306052377,de:12064:900321444::2,0.0,2026-10-02T01:01:04.695736+02:00
306052377,de:12064:900321442::1,0.0,2026-10-02T01:01:04.695736+02:00
306052377,de:12064:900321744::2,0.0,2026-10-02T01:01:04.695736+02:00
306052377,de:12064:900321749::1,0.0,2026-10-02T01:01:04.695736+02:00
306052377,de:12064:900321745::1,0.0,2026-10-02T01:01:04.695736+02:00
306052377,de:12064:900321748::2,0.0,2026-10-02T01:01:04.695736+02:00
306052377,de:12064:900321742::5,0.0,2026-10-02T01:01:04.695736+02:00
307292696,de:12061:900260001:2:52,0.0,2026-10-02T01:01:04.695736+02:00
307292696,de:12061:900260002:1:51,-0.8,2026-10-02T01:01:04.695736+02:00
307292696,de:12061:900260003:1:51,-0.7,2026-10-02T01:01:04.695736+02:00
307292696,de:12061:900260004:1:51,-0.9,2026-10-02T01:01:04.695736+02:00
307292696,de:11000:900186001:2:53,-0.2,2026-10-02T01:01:04.695736+02:00
307292696,de:11000:900193002:1:51,-0.2,2026-10-02T01:01:04.695736+02:00
307292696,de:11000:900193001:2:51,-0.8,2026-10-02T01:01:04.695736+02:00
307292696,de:11000:900192001:3:55,-0.7,2026-10-02T01:01:04.695736+02:00
307292696,de:11000:900191001:1:50,-0.4,2026-10-02T01:01:04.695736+02:00
307292696,de:11000:900077155:1:50,-0.9,2026-10-02T01:01:04.695736+02:00
307292696,de:11000:900078201:1:50,-0.4,2026-10-02T01:01:04.695736+02:00
307292696,de:11000:900079221:1:50,-0.2,2026-10-02T01:01:04.695736+02:00
307292696,de:11000:900068201:1:50,-0.8,2026-10-02T01:01:04.695736+02:00
307292696,de:11000:900058101:5:58,-0.1,2026-10-02T01:01:04.695736+02:00
307292696,de:11000:900054104:2:52,-0.2,2026-10-02T01:01:04.695736+02:00
307292696,de:11000:900054105:1:50,-0.9,2026-10-02T01:01:04.695736+02:00
307292696,de:11000:900044202:1:50,-0.7,2026-10-02T01:01:04.695736+02:00
295946224,de:12054:900230999:3:55,0.0,2026-10-02T01:01:04.695736+02:00
295946224,de:12054:900230000:1:50,-0.3,2026-10-02T01:01:04.695736+02:00
295946224,de:12054:900230003:1:54,-0.3,2026-10-02T01:01:04.695736+02:00
295946224,de:11000:900053301:2:53,-0.4,2026-10-02T01:01:04.695736+02:00
295946224,de:11000:900052201:2:53,-0.7,2026-10-02T01:01:04.695736+02:00
295946224,de:11000:900048101:2:53,-0.9,2026-10-02T01:01:04.695736+02:00
295946224,de:11000:900024102:2:53,-0.9,2026-10-02T01:01:04.695736+02:00
295946224,de:11000:900024101:3:55,-0.3,2026-10-02T01:01:04.695736+02:00
295946224,de:11000:900024203:1:51,-0.3,2026-10-02T01:01:04.695736+02:00
295946224,de:11000:900023201:3:54,-0.2,2026-10-02T01:01:04.695736+02:00
295946224,de:11000:900003103:1:50,-0.3,2026-10-02T01:01:04.695736+02:00
295946224,de:11000:900003102:1:50,-0.4,2026-10-02T01:01:04.695736+02:00
295946224,de:11000:900003201:3:54,0.0,2026-10-02T01:01:04.695736+02:00
295946224,de:11000:900100001:3:54,-0.6,2026-10-02T01:01:04.695736+02:00
295946224,de:11000:900100002:1:50,-0.9,2026-10-02T01:01:04.695736+02:00
295946224,de:11000:900100003:2:52,-0.6,2026-10-02T01:01:04.695736+02:00
295946224,de:11000:900100004:1:50,-0.9,2026-10-02T01:01:04.695736+02:00
295946224,de:11000:900120005:4:55,-0.1,2026-10-02T01:01:04.695736+02:00
295946224,de:11000:900120004:1:50,-0.6,2026-10-02T01:01:04.695736+02:00
295946224,de:11000:900120003:2:53,-0.9,2026-10-02T01:01:04.695736+02:00
295946224,de:11000:900160003:1:50,-0.2,2026-10-02T01:01:04.695736+02:00
295946224,de:11000:900160004:1:50,-0.2,2026-10-02T01:01:04.695736+02:00
295946224,de:11000:900171002:1:50,-0.7,2026-10-02T01:01:04.695736+02:00
295946224,de:11000:900171003:1:50,-0.8,2026-10-02T01:01:04.695736+02:00
295946224,de:11000:900170005:1:50,-0.3,2026-10-02T01:01:04.695736+02:00
295946224,de:11000:900170001:1:50,-0.1,2026-10-02T01:01:04.695736+02:00
295946224,de:11000:900170002:1:50,-0.9,2026-10-02T01:01:04.695736+02:00
295946224,de:11000:900170003:1:50,-0.7,2026-10-02T01:01:04.695736+02:00
295946224,de:11000:900170004:2:52,-0.9,2026-10-02T01:01:04.695736+02:00
295949504,de:11000:900170004:2:52,0.0,2026-10-02T01:01:04.695736+02:00
295949504,de:11000:900170003:1:51,-0.3,2026-10-02T01:01:04.695736+02:00
295949504,de:11000:900170002:1:51,-0.1,2026-10-02T01:01:04.695736+02:00
295949504,de:11000:900170001:1:51,-0.9,2026-10-02T01:01:04.695736+02:00
295949504,de:11000:900170005:1:51,-0.7,2026-10-02T01:01:04.695736+02:00
295949504,de:11000:900171003:1:51,-0.6,2026-10-02T01:01:04.695736+02:00
295949504,de:11000:900171002:1:51,-0.9,2026-10-02T01:01:04.695736+02:00
295949504,de:11000:900160004:1:51,-0.3,2026-10-02T01:01:04.695736+02:00
295949504,de:11000:900160003:1:51,-0.4,2026-10-02T01:01:04.695736+02:00
295949504,de:11000:900120003:3:55,-0.6,2026-10-02T01:01:04.695736+02:00
295949504,de:11000:900120004:2:53,-0.1,2026-10-02T01:01:04.695736+02:00
295949504,de:11000:900120005:5:58,-0.4,2026-10-02T01:01:04.695736+02:00
295949504,de:11000:900100004:1:51,-0.9,2026-10-02T01:01:04.695736+02:00
295949504,de:11000:900100003:2:53,-0.9,2026-10-02T01:01:04.695736+02:00
295949504,de:11000:900100002:1:51,-0.9,2026-10-02T01:01:04.695736+02:00
295949504,de:11000:900100001:3:55,-0.9,2026-10-02T01:01:04.695736+02:00
295949504,de:11000:900003201:3:55,-0.6,2026-10-02T01:01:04.695736+02:00
295949504,de:11000:900003102:1:51,-0.3,2026-10-02T01:01:04.695736+02:00
295949504,de:11000:900003103:1:51,-0.4,2026-10-02T01:01:04.695736+02:00
295949504,de:11000:900023201:3:55,-0.3,2026-10-02T01:01:04.695736+02:00
295949504,de:11000:900024203:1:51,-0.3,2026-10-02T01:01:04.695736+02:00
295949504,de:11000:900024101:4:57,-0.3,2026-10-02T01:01:04.695736+02:00
295949504,de:11000:900024102:1:51,-0.6,2026-10-02T01:01:04.695736+02:00
295936912,de:11000:900176001:2:52,0.0,2026-10-02T01:01:04.695736+02:00
295936912,de:11000:900175002:1:50,-0.7,2026-10-02T01:01:04.695736+02:00
295936912,de:11000:900175001:1:50,-0.6,2026-10-02T01:01:04.695736+02:00
295936912,de:11000:900171001:1:50,-0.3,2026-10-02T01:01:04.695736+02:00
295936912,de:11000:900171002:1:51,-0.4,2026-10-02T01:01:04.695736+02:00
295936912,de:11000:900160004:1:51,-0.8,2026-10-02T01:01:04.695736+02:00
295936912,de:11000:900160003:1:51,-0.9,2026-10-02T01:01:04.695736+02:00
295936912,de:11000:900120003:3:55,-0.1,2026-10-02T01:01:04.695736+02:00
295936912,de:11000:900120004:2:53,-0.6,2026-10-02T01:01:04.695736+02:00
295936912,de:11000:900120005:5:58,-0.9,2026-10-02T01:01:04.695736+02:00
295936912,de:11000:900100004:1:51,-0.4,2026-10-02T01:01:04.695736+02:00
295936912,de:11000:900100003:2:53,-0.4,2026-10-02T01:01:04.695736+02:00
295936912,de:11000:900100002:1:51,-0.4,2026-10-02T01:01:04.695736+02:00
295936912,de:11000:900100001:3:55,-0.4,2026-10-02T01:01:04.695736+02:00
295936912,de:11000:900003201:3:55,-0.1,2026-10-02T01:01:04.695736+02:00
295936912,de:11000:900003102:1:51,-0.8,2026-10-02T01:01:04.695736+02:00
295936912,de:11000:900003103:1:51,-0.9,2026-10-02T01:01:04.695736+02:00
295936912,de:11000:900023201:3:55,-0.8,2026-10-02T01:01:04.695736+02:00
295936912,de:11000:900024203:1:51,-0.8,2026-10-02T01:01:04.695736+02:00
295936912,de:11000:900024101:4:57,-0.8,2026-10-02T01:01:04.695736+02:00
295936912,de:11000:900024102:1:51,-0.1,2026-10-02T01:01:04.695736+02:00
307442754,de:15091:8010222,0.0,2026-10-02T01:01:04.695736+02:00
307442754,de:15091:8013418,0.0,2026-10-02T01:01:04.695736+02:00
307442754,de:15091:8011290,0.0,2026-10-02T01:01:04.695736+02:00
307442754,de:15091:8013371,0.0,2026-10-02T01:01:04.695736+02:00
307442754,de:12072:900245018:1:50,0.0,2026-10-02T01:01:04.695736+02:00
307442754,de:12072:900245017:2:51,0.0,2026-10-02T01:01:04.695736+02:00
307442754,de:12072:900245002:1:50,0.0,2026-10-02T01:01:04.695736+02:00
307442754,de:12072:900245016:2:51,0.0,2026-10-02T01:01:04.695736+02:00
307442754,de:12072:900245014:2:51,0.0,2026-10-02T01:01:04.695736+02:00
307442754,de:12072:900245029:2:52,0.0,2026-10-02T01:01:04.695736+02:00
307442754,de:12072:900245030:2:51,0.0,2026-10-02T01:01:04.695736+02:00
307442754,de:12072:900245032:2:51,-3.0,2026-10-02T01:01:04.695736+02:00
307442754,de:12069:900220001:2:51,0.0,2026-10-02T01:01:04.695736+02:00
307442754,de:11000:900064301:2:51,0.0,2026-10-02T01:01:04.695736+02:00
307442754,de:11000:900058101:3:55,0.0,2026-10-02T01:01:04.695736+02:00
307442754,de:11000:900100020:2:52,0.0,2026-10-02T01:01:04.695736+02:00
307442754,de:11000:900003200:3:55,0.0,2026-10-02T01:01:04.695736+02:00
307442754,de:11000:900007102:5:58,-1.0,2026-10-02T01:01:04.695736+02:00
307442754,de:12060:900350160:2:53,0.0,2026-10-02T01:01:04.695736+02:00
307442754,de:12060:900350127:2:52,-2.0,2026-10-02T01:01:04.695736+02:00
307442754,de:12060:900350124:1:50,0.0,2026-10-02T01:01:04.695736+02:00
307442754,de:12060:900350125:1:50,0.0,2026-10-02T01:01:04.695736+02:00
307442754,000300570037,0.0,2026-10-02T01:01:04.695736+02:00
307442754,de:12073:900340003:1:50,0.0,2026-10-02T01:01:04.695736+02:00
307442754,de:12073:900341111:1:50,0.0,2026-10-02T01:01:04.695736+02:00
307442754,de:12073:900341110:1:50,0.0,2026-10-02T01:01:04.695736+02:00
307442729,de:15091:8010222,0.0,2026-10-02T01:01:04.695736+02:00
307442729,de:15091:8013371,0.0,2026-10-02T01:01:04.695736+02:00
307442729,de:12072:900245018:1:50,0.0,2026-10-02T01:01:04.695736+02:00
307442729,de:12072:900245017:2:51,0.0,2026-10-02T01:01:04.695736+02:00
307442729,de:12072:900245002:3:53,0.0,2026-10-02T01:01:04.695736+02:00
307442729,de:12072:900245016:2:51,0.0,2026-10-02T01:01:04.695736+02:00
307442729,de:12072:900245014:2:51,0.0,2026-10-02T01:01:04.695736+02:00
307442729,de:12072:900245029:2:52,0.0,2026-10-02T01:01:04.695736+02:00
307442729,de:12072:900245030:2:51,0.0,2026-10-02T01:01:04.695736+02:00
307442729,de:12072:900245032:2:51,-3.0,2026-10-02T01:01:04.695736+02:00
307442729,de:12069:900220001:2:51,0.0,2026-10-02T01:01:04.695736+02:00
307442729,de:11000:900064301:2:51,0.0,2026-10-02T01:01:04.695736+02:00
307442729,de:11000:900058101:3:55,0.0,2026-10-02T01:01:04.695736+02:00
307442729,de:11000:900100020:2:52,0.0,2026-10-02T01:01:04.695736+02:00
307442729,de:11000:900003200:3:55,0.0,2026-10-02T01:01:04.695736+02:00
307442729,de:11000:900007102:5:58,0.0,2026-10-02T01:01:04.695736+02:00
307442729,de:12060:900350160:2:53,0.0,2026-10-02T01:01:04.695736+02:00
307442729,de:12060:900350127:2:52,-2.0,2026-10-02T01:01:04.695736+02:00
307442729,de:12060:900350124:1:50,0.0,2026-10-02T01:01:04.695736+02:00
307442729,de:12060:900350125:1:50,0.0,2026-10-02T01:01:04.695736+02:00
307442729,000300570037,0.0,2026-10-02T01:01:04.695736+02:00
307442729,de:12073:900340003:1:50,0.0,2026-10-02T01:01:04.695736+02:00
307442729,de:12073:900341111:1:50,0.0,2026-10-02T01:01:04.695736+02:00
307442729,de:12073:900341110:1:50,0.0,2026-10-02T01:01:04.695736+02:00
307261751,de:11000:900074201:1:50,0.0,2026-10-02T01:01:04.695736+02:00
307261751,de:11000:900074202:2:51,-0.1,2026-10-02T01:01:04.695736+02:00
307261751,de:11000:900072101:2:51,-0.1,2026-10-02T01:01:04.695736+02:00
307261751,de:11000:900073101:1:51,-0.4,2026-10-02T01:01:04.695736+02:00
307261751,de:11000:900068301:1:51,-0.7,2026-10-02T01:01:04.695736+02:00
307261751,de:11000:900058102:2:51,-0.7,2026-10-02T01:01:04.695736+02:00
307261751,de:11000:900058101:1:51,-0.3,2026-10-02T01:01:04.695736+02:00
307261751,de:11000:900058103:1:51,-0.1,2026-10-02T01:01:04.695736+02:00
307261751,de:11000:900012101:2:53,-0.7,2026-10-02T01:01:04.695736+02:00
307261751,de:11000:900100020:4:57,-0.8,2026-10-02T01:01:04.695736+02:00
307261751,de:11000:900100025:1:51,-0.9,2026-10-02T01:01:04.695736+02:00
307261751,de:11000:900100001:4:57,-0.6,2026-10-02T01:01:04.695736+02:00
307261751,de:11000:900100007:1:51,-0.7,2026-10-02T01:01:04.695736+02:00
307261751,de:11000:900007104:2:52,-0.7,2026-10-02T01:01:04.695736+02:00
307261751,de:11000:900008101:1:51,-0.4,2026-10-02T01:01:04.695736+02:00
307261751,de:11000:900007102:2:53,-0.1,2026-10-02T01:01:04.695736+02:00
307261751,de:11000:900110011:2:52,-0.4,2026-10-02T01:01:04.695736+02:00
307261751,de:11000:900130002:1:50,-0.7,2026-10-02T01:01:04.695736+02:00
307261751,de:11000:900130001:1:50,-0.4,2026-10-02T01:01:04.695736+02:00
307261751,de:11000:900142001:1:50,-0.9,2026-10-02T01:01:04.695736+02:00
307261751,de:11000:900143001:1:51,-0.2,2026-10-02T01:01:04.695736+02:00
307443265,de:12073:900341110:1:50,0.0,2026-10-02T01:01:04.695736+02:00
307443265,de:12073:900341111:1:50,0.0,2026-10-02T01:01:04.695736+02:00
307443265,de:12073:900340003:1:50,0.0,2026-10-02T01:01:04.695736+02:00
307443265,000300570037,0.0,2026-10-02T01:01:04.695736+02:00
307443265,de:12060:900350125:2:51,0.0,2026-10-02T01:01:04.695736+02:00
307443265,de:12060:900350124:2:51,0.0,2026-10-02T01:01:04.695736+02:00
307443265,de:12060:900350127:3:53,0.0,2026-10-02T01:01:04.695736+02:00
307443265,de:12060:900350160:2:52,0.0,2026-10-02T01:01:04.695736+02:00
307443265,de:11000:900007102:4:57,0.0,2026-10-02T01:01:04.695736+02:00
307443265,de:11000:900003200:1:51,0.0,2026-10-02T01:01:04.695736+02:00
307443265,de:11000:900100020:1:50,0.0,2026-10-02T01:01:04.695736+02:00
307443265,de:11000:900058101:2:53,0.0,2026-10-02T01:01:04.695736+02:00
307443265,de:11000:900064301:1:50,0.0,2026-10-02T01:01:04.695736+02:00
307443265,de:12069:900220001:1:50,0.0,2026-10-02T01:01:04.695736+02:00
307443265,de:12072:900245032:1:50,2.0,2026-10-02T01:01:04.695736+02:00
307443265,de:12072:900245030:1:50,0.0,2026-10-02T01:01:04.695736+02:00
307443265,de:12072:900245029:1:51,0.0,2026-10-02T01:01:04.695736+02:00
307443265,de:12072:900245014:1:50,0.0,2026-10-02T01:01:04.695736+02:00
307443265,de:12072:900245016:1:50,0.0,2026-10-02T01:01:04.695736+02:00
307443265,de:12072:900245002:2:51,0.0,2026-10-02T01:01:04.695736+02:00
307443265,de:12072:900245018:2:51,0.0,2026-10-02T01:01:04.695736+02:00
307443265,de:15091:8013371,0.0,2026-10-02T01:01:04.695736+02:00
307443265,de:15091:8010222,0.0,2026-10-02T01:01:04.695736+02:00
306042478,de:12064:900321155::1,0.0,2026-10-02T01:01:04.695736+02:00
306042478,de:12064:900320301::2,0.0,2026-10-02T01:01:04.695736+02:00
306042478,de:12064:900321154::1,0.0,2026-10-02T01:01:04.695736+02:00
306042478,de:12064:900321074::2,0.0,2026-10-02T01:01:04.695736+02:00
306042478,de:12064:900320838::2,0.0,2026-10-02T01:01:04.695736+02:00
306042478,de:12064:900321098::2,0.0,2026-10-02T01:01:04.695736+02:00
306042478,de:12064:900321158::1,0.0,2026-10-02T01:01:04.695736+02:00
306042478,de:12064:900320872::1,0.0,2026-10-02T01:01:04.695736+02:00
306042478,de:12064:900320875::2,0.0,2026-10-02T01:01:04.695736+02:00
306042478,de:12064:900320876::1,0.0,2026-10-02T01:01:04.695736+02:00
306042478,de:12064:900320874::2,0.0,2026-10-02T01:01:04.695736+02:00
306042478,de:12064:900320877::2,0.0,2026-10-02T01:01:04.695736+02:00
306042478,de:12064:900321108::1,0.0,2026-10-02T01:01:04.695736+02:00
306042478,de:12064:900320564::2,0.0,2026-10-02T01:01:04.695736+02:00
306042478,de:12064:900320559::1,0.0,2026-10-02T01:01:04.695736+02:00
306042478,de:12064:900320001::3,0.0,2026-10-02T01:01:04.695736+02:00
306042478,de:12064:900320554::2,0.0,2026-10-02T01:01:04.695736+02:00
306042478,de:12064:900320551::1,0.0,2026-10-02T01:01:04.695736+02:00
306042478,de:12064:900320002::2,0.0,2026-10-02T01:01:04.695736+02:00
306042478,de:12064:900320552::1,0.0,2026-10-02T01:01:04.695736+02:00
306042478,de:12064:900320553::1,0.0,2026-10-02T01:01:04.695736+02:00
306042478,de:12064:900320025::2,0.0,2026-10-02T01:01:04.695736+02:00
306047967,de:12064:900320008::2,0.0,2026-10-02T01:01:04.695736+02:00
306047967,de:12064:900320050::2,0.0,2026-10-02T01:01:04.695736+02:00
306047967,de:12064:900320118::1,0.0,2026-10-02T01:01:04.695736+02:00
306047967,de:12064:900320117::1,0.0,2026-10-02T01:01:04.695736+02:00
306047967,de:12064:900320121::1,0.0,2026-10-02T01:01:04.695736+02:00
306047967,de:12064:900320122::1,0.0,2026-10-02T01:01:04.695736+02:00
306047967,de:12064:900320123::1,0.0,2026-10-02T01:01:04.695736+02:00
306047967,de:12064:900320905::1,0.0,2026-10-02T01:01:04.695736+02:00
306047967,de:12064:900320906::1,0.0,2026-10-02T01:01:04.695736+02:00
306047967,de:12064:900320903::1,0.0,2026-10-02T01:01:04.695736+02:00
306047967,de:12064:900320902::1,0.0,2026-10-02T01:01:04.695736+02:00
306047967,de:12064:900320900::1,0.0,2026-10-02T01:01:04.695736+02:00
306054072,de:12064:900321713::1,0.0,2026-10-02T01:01:04.695736+02:00
306054072,de:12064:900321712::2,0.0,2026-10-02T01:01:04.695736+02:00
306054072,de:12064:900321704::1,0.0,2026-10-02T01:01:04.695736+02:00
306054072,de:12064:900321705::1,0.0,2026-10-02T01:01:04.695736+02:00
306054072,de:12064:900321472::1,0.0,2026-10-02T01:01:04.695736+02:00
306054072,de:12064:900321688::1,0.0,2026-10-02T01:01:04.695736+02:00
306054072,de:12064:900321689::1,0.0,2026-10-02T01:01:04.695736+02:00
306054072,de:12064:900321686::1,0.0,2026-10-02T01:01:04.695736+02:00
306054072,de:12064:900321685::1,0.0,2026-10-02T01:01:04.695736+02:00
306054072,de:12064:900321687::1,0.0,2026-10-02T01:01:04.695736+02:00
306054072,de:12064:900321530::1,0.0,2026-10-02T01:01:04.695736+02:00
306054072,de:12064:900321536::1,0.0,2026-10-02T01:01:04.695736+02:00
306054072,de:12064:900321533::1,0.0,2026-10-02T01:01:04.695736+02:00
307430382,de:11000:900029101:2:53,0.0,2026-10-02T01:01:04.695736+02:00
307430382,de:11000:900037168:1:50,0.0,2026-10-02T01:01:04.695736+02:00
307430382,de:12063:900210180:1:50,0.0,2026-10-02T01:01:04.695736+02:00
307430382,de:12063:900210010:1:50,0.0,2026-10-02T01:01:04.695736+02:00
307430382,de:12063:900210011:1:50,0.0,2026-10-02T01:01:04.695736+02:00
307430382,de:12063:900210326:1:50,0.0,2026-10-02T01:01:04.695736+02:00
307430382,de:12063:900210005:2:53,0.0,2026-10-02T01:01:04.695736+02:00
295933007,de:11000:900058101:5:59,0.0,2026-10-02T01:01:04.695736+02:00
295933007,de:11000:900068201:1:51,-0.3,2026-10-02T01:01:04.695736+02:00
295933007,de:11000:900079221:1:51,-0.9,2026-10-02T01:01:04.695736+02:00
295933007,de:11000:900078201:1:51,-0.6,2026-10-02T01:01:04.695736+02:00
295933007,de:11000:900077155:1:51,-0.2,2026-10-02T01:01:04.695736+02:00
295933007,de:11000:900191001:2:51,-0.7,2026-10-02T01:01:04.695736+02:00
295933007,de:11000:900192001:2:53,-0.7,2026-10-02T01:01:04.695736+02:00
295933007,de:11000:900192002:1:50,-0.5,2026-10-02T01:01:04.695736+02:00
295933007,de:11000:900180003:1:50,-0.7,2026-10-02T01:01:04.695736+02:00
306895526,de:12067:900311083::3,0.0,2026-10-02T01:01:04.695736+02:00
306895526,de:12067:900310775::1,0.0,2026-10-02T01:01:04.695736+02:00
306895526,de:12067:900311083::2,0.0,2026-10-02T01:01:04.695736+02:00
306895526,de:12067:900310814::2,0.0,2026-10-02T01:01:04.695736+02:00
306895526,de:12067:900310804::2,0.0,2026-10-02T01:01:04.695736+02:00
306895526,de:12067:900311150::2,0.0,2026-10-02T01:01:04.695736+02:00
306895526,de:12067:900311135::2,0.0,2026-10-02T01:01:04.695736+02:00
306895526,de:12067:900311149::2,0.0,2026-10-02T01:01:04.695736+02:00
306895526,de:12067:900310001::11,0.0,2026-10-02T01:01:04.695736+02:00
306895526,de:12067:900310001::2,0.0,2026-10-02T01:01:04.695736+02:00
306895526,de:12067:900310816::1,0.0,2026-10-02T01:01:04.695736+02:00
306895526,de:12067:900310627::1,0.0,2026-10-02T01:01:04.695736+02:00
306895526,de:12067:900311151::1,0.0,2026-10-02T01:01:04.695736+02:00
306895526,de:12067:900311152::1,0.0,2026-10-02T01:01:04.695736+02:00
306895526,de:12067:900310823::1,0.0,2026-10-02T01:01:04.695736+02:00
306895526,de:12067:900310773::1,0.0,2026-10-02T01:01:04.695736+02:00
306052149,de:12064:900321309::1,0.0,2026-10-02T01:01:04.695736+02:00
306052149,de:12064:900321341::1,0.0,2026-10-02T01:01:04.695736+02:00
306052149,de:12064:900321615::1,0.0,2026-10-02T01:01:04.695736+02:00
306052149,de:12064:900321341::2,0.0,2026-10-02T01:01:04.695736+02:00
306052149,de:12064:900321518::1,0.0,2026-10-02T01:01:04.695736+02:00
306052149,de:12064:900321521::1,0.0,2026-10-02T01:01:04.695736+02:00
306052149,de:12064:900321518::2,0.0,2026-10-02T01:01:04.695736+02:00
306052149,de:12064:900321520::2,0.0,2026-10-02T01:01:04.695736+02:00
306052149,de:12064:900321583::2,0.0,2026-10-02T01:01:04.695736+02:00
306052149,de:12064:900321435::2,0.0,2026-10-02T01:01:04.695736+02:00
306052149,de:12064:900321435::2,-12.0,2026-10-02T01:01:04.695736+02:00
306052149,de:12064:900321436::1,0.0,2026-10-02T01:01:04.695736+02:00
306052149,de:12064:900321435::1,0.0,2026-10-02T01:01:04.695736+02:00
306052149,de:12064:900321582::1,0.0,2026-10-02T01:01:04.695736+02:00
306052149,de:12064:900321582::1,-5.0,2026-10-02T01:01:04.695736+02:00
306052149,de:12064:900321584::1,0.0,2026-10-02T01:01:04.695736+02:00
306052149,de:12064:900321581::2,0.0,2026-10-02T01:01:04.695736+02:00
306052149,de:12064:900321582::1,5.0,2026-10-02T01:01:04.695736+02:00
306052149,de:12064:900321582::1,0.0,2026-10-02T01:01:04.695736+02:00
306052149,de:12064:900321435::2,12.0,2026-10-02T01:01:04.695736+02:00
306052149,de:12064:900321435::2,0.0,2026-10-02T01:01:04.695736+02:00
306052149,de:12064:900321436::2,0.0,2026-10-02T01:01:04.695736+02:00
306052149,de:12064:900321431::1,0.0,2026-10-02T01:01:04.695736+02:00
306052149,de:12064:900321430::2,0.0,2026-10-02T01:01:04.695736+02:00
306052149,de:12064:900321429::2,0.0,2026-10-02T01:01:04.695736+02:00
306052149,de:12064:900321433::2,0.0,2026-10-02T01:01:04.695736+02:00
306052149,de:12064:900321604::2,0.0,2026-10-02T01:01:04.695736+02:00
306052149,de:12064:900321603::2,0.0,2026-10-02T01:01:04.695736+02:00
306052149,de:12064:900321471::2,0.0,2026-10-02T01:01:04.695736+02:00
306052149,de:12064:900321750::2,0.0,2026-10-02T01:01:04.695736+02:00
306052149,de:12064:900321747::2,0.0,2026-10-02T01:01:04.695736+02:00
306052149,de:12064:900321745::1,0.0,2026-10-02T01:01:04.695736+02:00
306052149,de:12064:900321748::2,0.0,2026-10-02T01:01:04.695736+02:00
306052149,de:12064:900321742::5,0.0,2026-10-02T01:01:04.695736+02:00
306050736,de:12064:900320004::4,0.0,2026-10-02T01:01:04.695736+02:00
306050736,de:12064:900320561::1,0.0,2026-10-02T01:01:04.695736+02:00
306050736,de:12064:900320562::1,0.0,2026-10-02T01:01:04.695736+02:00
306050736,de:12064:900320999::1,0.0,2026-10-02T01:01:04.695736+02:00
306050736,de:12064:900320998::1,0.0,2026-10-02T01:01:04.695736+02:00
306050736,de:12064:900320960::1,0.0,2026-10-02T01:01:04.695736+02:00
306050736,de:12064:900320659::1,0.0,2026-10-02T01:01:04.695736+02:00
306050736,de:12064:900320273::1,0.0,2026-10-02T01:01:04.695736+02:00
306050736,de:12064:900320282::1,0.0,2026-10-02T01:01:04.695736+02:00
306050736,de:12064:900320274::1,0.0,2026-10-02T01:01:04.695736+02:00
306050736,de:12064:900320275::1,0.0,2026-10-02T01:01:04.695736+02:00
306050736,de:12064:900320262::1,0.0,2026-10-02T01:01:04.695736+02:00
306050736,de:12064:900320263::1,0.0,2026-10-02T01:01:04.695736+02:00
306050736,de:12064:900320264::1,0.0,2026-10-02T01:01:04.695736+02:00
306050736,de:12064:900320242::1,0.0,2026-10-02T01:01:04.695736+02:00
306050736,de:12064:900320249::3,0.0,2026-10-02T01:01:04.695736+02:00
306050736,de:12064:900320283::1,0.0,2026-10-02T01:01:04.695736+02:00
306050736,de:12064:900320252::1,0.0,2026-10-02T01:01:04.695736+02:00
306050736,de:12064:900320246::3,0.0,2026-10-02T01:01:04.695736+02:00
306050736,de:12064:900320254::1,0.0,2026-10-02T01:01:04.695736+02:00
306050736,de:12067:900310530::1,0.0,2026-10-02T01:01:04.695736+02:00
306050736,de:12067:900310531::1,0.0,2026-10-02T01:01:04.695736+02:00
306050736,de:12067:900310532::1,0.0,2026-10-02T01:01:04.695736+02:00
306050736,de:12067:900310533::1,0.0,2026-10-02T01:01:04.695736+02:00
306050736,de:12067:900310534::2,0.0,2026-10-02T01:01:04.695736+02:00
306050736,de:11000:900310550::2,0.0,2026-10-02T01:01:04.695736+02:00
306050736,de:12067:900310572::2,0.0,2026-10-02T01:01:04.695736+02:00
306050736,de:12067:900310013::2,0.0,2026-10-02T01:01:04.695736+02:00
306047291,de:12064:900320020::1,0.0,2026-10-02T01:01:04.695736+02:00
306047291,de:12064:900320506::1,0.0,2026-10-02T01:01:04.695736+02:00
306047291,de:12064:900320035::1,0.0,2026-10-02T01:01:04.695736+02:00
306047291,de:12064:900320505::1,0.0,2026-10-02T01:01:04.695736+02:00
306047291,de:12064:900320021::1,0.0,2026-10-02T01:01:04.695736+02:00
306047291,de:12064:900320022::1,0.0,2026-10-02T01:01:04.695736+02:00
306047291,de:11000:900175010::4,0.0,2026-10-02T01:01:04.695736+02:00
306047291,de:12064:900320520::1,0.0,2026-10-02T01:01:04.695736+02:00
306047291,de:12064:900320511::1,0.0,2026-10-02T01:01:04.695736+02:00
306047291,de:12064:900320510::1,0.0,2026-10-02T01:01:04.695736+02:00
306047291,de:12064:900320523::2,0.0,2026-10-02T01:01:04.695736+02:00
306047291,de:12064:900320017::2,0.0,2026-10-02T01:01:04.695736+02:00
306047291,de:12064:900320119::2,0.0,2026-10-02T01:01:04.695736+02:00
306047291,de:12064:900320120::4,0.0,2026-10-02T01:01:04.695736+02:00
306047291,de:12064:900320118::2,0.0,2026-10-02T01:01:04.695736+02:00
306047291,de:12064:900320050::1,0.0,2026-10-02T01:01:04.695736+02:00
306047291,de:12064:900320008::1,0.0,2026-10-02T01:01:04.695736+02:00
306895861,de:12067:900310001::5,0.0,2026-10-02T01:01:04.695736+02:00
306895861,de:12067:900311149::1,0.0,2026-10-02T01:01:04.695736+02:00
306895861,de:12067:900310781::1,0.0,2026-10-02T01:01:04.695736+02:00
306895861,de:12067:900310789::1,0.0,2026-10-02T01:01:04.695736+02:00
306895861,de:12067:900310797::1,0.0,2026-10-02T01:01:04.695736+02:00
306895861,de:12067:900310773::1,0.0,2026-10-02T01:01:04.695736+02:00
306895861,de:12067:900311115::1,0.0,2026-10-02T01:01:04.695736+02:00
306052395,de:12064:900321441::1,0.0,2026-10-02T01:01:04.695736+02:00
306052395,de:12064:900321650::1,0.0,2026-10-02T01:01:04.695736+02:00
306052395,de:12064:900321652::1,0.0,2026-10-02T01:01:04.695736+02:00
306052395,de:12064:900321423::1,0.0,2026-10-02T01:01:04.695736+02:00
306052395,de:12064:900321426::1,0.0,2026-10-02T01:01:04.695736+02:00
306052395,de:12064:900321427::1,0.0,2026-10-02T01:01:04.695736+02:00
306052395,de:12064:900321424::1,0.0,2026-10-02T01:01:04.695736+02:00
306052395,de:12064:900321610::1,0.0,2026-10-02T01:01:04.695736+02:00
306052395,de:12064:900321611::1,0.0,2026-10-02T01:01:04.695736+02:00
306052395,de:12064:900321118::1,0.0,2026-10-02T01:01:04.695736+02:00
306052395,de:12064:900321612::1,0.0,2026-10-02T01:01:04.695736+02:00
306052395,de:12064:900321516::2,0.0,2026-10-02T01:01:04.695736+02:00
306052395,de:12064:900321517::2,0.0,2026-10-02T01:01:04.695736+02:00
306052395,de:12064:900321696::2,0.0,2026-10-02T01:01:04.695736+02:00
306052395,de:12064:900321820::2,0.0,2026-10-02T01:01:04.695736+02:00
306052395,de:12064:900321550::2,0.0,2026-10-02T01:01:04.695736+02:00
306052395,de:12064:900321545::2,0.0,2026-10-02T01:01:04.695736+02:00
306052395,de:12064:900321547::1,0.0,2026-10-02T01:01:04.695736+02:00
306052395,de:12064:900321550::1,0.0,2026-10-02T01:01:04.695736+02:00
306052395,de:12064:900321820::1,0.0,2026-10-02T01:01:04.695736+02:00
306052395,de:12064:900321696::1,0.0,2026-10-02T01:01:04.695736+02:00
306052395,de:12064:900321517::1,0.0,2026-10-02T01:01:04.695736+02:00
306052395,de:12064:900321760::1,0.0,2026-10-02T01:01:04.695736+02:00
306052395,de:12064:900321849::1,0.0,2026-10-02T01:01:04.695736+02:00
306052395,de:12064:900321850::1,0.0,2026-10-02T01:01:04.695736+02:00
306052395,de:12064:900321637::1,0.0,2026-10-02T01:01:04.695736+02:00
306052395,de:12064:900321142::1,0.0,2026-10-02T01:01:04.695736+02:00
306052395,de:12064:900321636::1,0.0,2026-10-02T01:01:04.695736+02:00
306048253,de:12064:900320008::5,0.0,2026-10-02T01:01:04.695736+02:00
306048253,de:12064:900320046::2,0.0,2026-10-02T01:01:04.695736+02:00
306048253,de:12064:900320048::2,0.0,2026-10-02T01:01:04.695736+02:00
306048253,de:12064:900320045::2,0.0,2026-10-02T01:01:04.695736+02:00
306048253,de:12064:900320044::2,0.0,2026-10-02T01:01:04.695736+02:00
306048253,de:12064:900320043::2,0.0,2026-10-02T01:01:04.695736+02:00
306048253,de:12064:900320042::2,0.0,2026-10-02T01:01:04.695736+02:00
306048253,de:12064:900320027::2,0.0,2026-10-02T01:01:04.695736+02:00
306048253,de:12064:900320023::1,-2.0,2026-10-02T01:01:04.695736+02:00
306048253,de:12064:900320027::1,0.0,2026-10-02T01:01:04.695736+02:00
306048253,de:12064:900320231::1,0.0,2026-10-02T01:01:04.695736+02:00
306048253,de:12064:900320075::1,0.0,2026-10-02T01:01:04.695736+02:00
306048253,de:12064:900320074::1,0.0,2026-10-02T01:01:04.695736+02:00
306048253,de:12064:900320041::1,0.0,2026-10-02T01:01:04.695736+02:00
306048253,de:12064:900320042::1,0.0,2026-10-02T01:01:04.695736+02:00
306048253,de:12064:900320043::1,0.0,2026-10-02T01:01:04.695736+02:00
306048253,de:12064:900320044::1,0.0,2026-10-02T01:01:04.695736+02:00
306048253,de:12064:900320045::1,0.0,2026-10-02T01:01:04.695736+02:00
306048253,de:12064:900320048::1,0.0,2026-10-02T01:01:04.695736+02:00
306048253,de:12064:900320046::1,0.0,2026-10-02T01:01:04.695736+02:00
306048253,de:12064:900320008::1,0.0,2026-10-02T01:01:04.695736+02:00
306053225,de:12064:900321742::2,0.0,2026-10-02T01:01:04.695736+02:00
306053225,de:12064:900321746::1,0.0,2026-10-02T01:01:04.695736+02:00
306053225,de:12064:900321876::1,0.0,2026-10-02T01:01:04.695736+02:00
306053225,de:12064:900321566::1,0.0,2026-10-02T01:01:04.695736+02:00
306053225,de:12064:900321565::1,0.0,2026-10-02T01:01:04.695736+02:00
306053225,de:12064:900321563::1,0.0,2026-10-02T01:01:04.695736+02:00
306053225,de:12064:900321561::1,0.0,2026-10-02T01:01:04.695736+02:00
306053225,de:12064:900321562::1,0.0,2026-10-02T01:01:04.695736+02:00
306053225,de:12064:900321560::1,0.0,2026-10-02T01:01:04.695736+02:00
306053225,de:12064:900321403::1,0.0,2026-10-02T01:01:04.695736+02:00
306053225,de:12064:900321401::1,0.0,2026-10-02T01:01:04.695736+02:00
306044225,de:12064:900320844::1,0.0,2026-10-02T01:01:04.695736+02:00
306044225,de:12064:900320837::2,0.0,2026-10-02T01:01:04.695736+02:00
306044225,de:12064:900320839::2,0.0,2026-10-02T01:01:04.695736+02:00
306044225,de:12064:900320875::1,0.0,2026-10-02T01:01:04.695736+02:00
306044225,de:12064:900320872::1,0.0,2026-10-02T01:01:04.695736+02:00
306044225,de:12064:900320863::2,0.0,2026-10-02T01:01:04.695736+02:00
306044225,de:12064:900320842::2,0.0,2026-10-02T01:01:04.695736+02:00
306044225,de:12064:900320754::1,0.0,2026-10-02T01:01:04.695736+02:00
306044225,de:12064:900321108::1,0.0,2026-10-02T01:01:04.695736+02:00
306052376,de:12064:900321636::1,0.0,2026-10-02T01:01:04.695736+02:00
306052376,de:12064:900321142::2,0.0,2026-10-02T01:01:04.695736+02:00
306052376,de:12064:900321637::2,0.0,2026-10-02T01:01:04.695736+02:00
306052376,de:12064:900321850::2,0.0,2026-10-02T01:01:04.695736+02:00
306052376,de:12064:900321849::2,0.0,2026-10-02T01:01:04.695736+02:00
306052376,de:12064:900321760::1,0.0,2026-10-02T01:01:04.695736+02:00
306052376,de:12064:900321511::1,0.0,2026-10-02T01:01:04.695736+02:00
306052376,de:12064:900321512::2,0.0,2026-10-02T01:01:04.695736+02:00
306052376,de:12064:900321602::2,0.0,2026-10-02T01:01:04.695736+02:00
306052376,de:12064:900321340::2,0.0,2026-10-02T01:01:04.695736+02:00
306052376,de:12064:900321625::1,0.0,2026-10-02T01:01:04.695736+02:00
306052376,de:12064:900321629::1,0.0,2026-10-02T01:01:04.695736+02:00
306052376,de:12064:900321627::1,0.0,2026-10-02T01:01:04.695736+02:00
306052376,de:12064:900321629::2,0.0,2026-10-02T01:01:04.695736+02:00
306052376,de:12064:900321625::2,0.0,2026-10-02T01:01:04.695736+02:00
306052376,de:12064:900321626::2,0.0,2026-10-02T01:01:04.695736+02:00
306052376,de:12064:900321679::2,0.0,2026-10-02T01:01:04.695736+02:00
306052376,de:12064:900321677::2,0.0,2026-10-02T01:01:04.695736+02:00
306052376,de:12064:900321445::2,0.0,2026-10-02T01:01:04.695736+02:00
306052376,de:12064:900321443::2,0.0,2026-10-02T01:01:04.695736+02:00
306052376,de:12064:900321444::2,0.0,2026-10-02T01:01:04.695736+02:00
306052376,de:12064:900321442::1,0.0,2026-10-02T01:01:04.695736+02:00
306052376,de:12064:900321744::2,0.0,2026-10-02T01:01:04.695736+02:00
306052376,de:12064:900321749::1,0.0,2026-10-02T01:01:04.695736+02:00
306052376,de:12064:900321745::1,0.0,2026-10-02T01:01:04.695736+02:00
306052376,de:12064:900321748::2,0.0,2026-10-02T01:01:04.695736+02:00
306052376,de:12064:900321742::5,0.0,2026-10-02T01:01:04.695736+02:00
306045647,de:12064:900320008::5,0.0,2026-10-02T01:01:04.695736+02:00
306045647,de:12064:900320100::1,0.0,2026-10-02T01:01:04.695736+02:00
306045647,de:12064:900320101::1,0.0,2026-10-02T01:01:04.695736+02:00
306045647,de:12064:900320102::1,0.0,2026-10-02T01:01:04.695736+02:00
306045647,de:12064:900320103::1,0.0,2026-10-02T01:01:04.695736+02:00
306045647,de:12064:900320104::1,0.0,2026-10-02T01:01:04.695736+02:00
306045647,de:12064:900320106::1,0.0,2026-10-02T01:01:04.695736+02:00
306045647,de:12064:900320107::1,0.0,2026-10-02T01:01:04.695736+02:00
306045647,de:12064:900320108::1,0.0,2026-10-02T01:01:04.695736+02:00
306045647,de:12064:900320109::1,0.0,2026-10-02T01:01:04.695736+02:00
306045647,de:12064:900320110::1,0.0,2026-10-02T01:01:04.695736+02:00
306045647,de:12064:900320111::1,0.0,2026-10-02T01:01:04.695736+02:00
306045647,de:12064:900320112::1,0.0,2026-10-02T01:01:04.695736+02:00
306045647,de:12064:900320124::1,0.0,2026-10-02T01:01:04.695736+02:00
306045647,de:12064:900320113::1,0.0,2026-10-02T01:01:04.695736+02:00
306045647,de:12064:900320130::1,0.0,2026-10-02T01:01:04.695736+02:00
306045647,de:12064:900320007::1,0.0,2026-10-02T01:01:04.695736+02:00
306045647,de:12064:900320115::1,0.0,2026-10-02T01:01:04.695736+02:00
306045647,de:12064:900320116::1,0.0,2026-10-02T01:01:04.695736+02:00
306045647,de:12064:900320114::1,0.0,2026-10-02T01:01:04.695736+02:00
306045647,de:12064:900320132::1,0.0,2026-10-02T01:01:04.695736+02:00
306045647,de:12064:900320118::2,0.0,2026-10-02T01:01:04.695736+02:00
306045647,de:12064:900320120::1,0.0,2026-10-02T01:01:04.695736+02:00
306045647,de:12064:900320119::2,0.0,2026-10-02T01:01:04.695736+02:00
295959954,de:12065:900200008:1:51,0.0,2026-10-02T01:01:04.695736+02:00
295959954,de:12065:900200009:1:51,-0.7,2026-10-02T01:01:04.695736+02:00
295959954,de:12065:900200011:1:51,-0.3,2026-10-02T01:01:04.695736+02:00
295959954,de:12065:900200012:1:51,-0.8,2026-10-02T01:01:04.695736+02:00
295959954,de:12065:900200013:1:50,-0.4,2026-10-02T01:01:04.695736+02:00
295959954,de:11000:900142001:1:51,-0.7,2026-10-02T01:01:04.695736+02:00
295959954,de:11000:900130001:1:51,-0.2,2026-10-02T01:01:04.695736+02:00
295959954,de:11000:900130002:1:51,-0.7,2026-10-02T01:01:04.695736+02:00
295959954,de:11000:900110011:1:51,-0.2,2026-10-02T01:01:04.695736+02:00
295959954,de:11000:900110001:1:50,-0.2,2026-10-02T01:01:04.695736+02:00
295959954,de:11000:900110002:1:50,-0.9,2026-10-02T01:01:04.695736+02:00
295959954,de:11000:900110003:1:50,-0.9,2026-10-02T01:01:04.695736+02:00
295959954,de:11000:900110004:1:50,-0.3,2026-10-02T01:01:04.695736+02:00
295959954,de:11000:900110012:1:50,-0.2,2026-10-02T01:01:04.695736+02:00
295959954,de:11000:900120001:1:50,-0.2,2026-10-02T01:01:04.695736+02:00
295959954,de:11000:900120003:5:58,-0.6,2026-10-02T01:01:04.695736+02:00
295959954,de:11000:900190001:1:50,-0.1,2026-10-02T01:01:04.695736+02:00
295959954,de:11000:900191002:1:50,0.0,2026-10-02T01:01:04.695736+02:00
295959954,de:11000:900191001:2:52,-0.4,2026-10-02T01:01:04.695736+02:00
295959954,de:11000:900192001:2:52,-0.2,2026-10-02T01:01:04.695736+02:00
295959954,de:11000:900193001:1:50,-0.7,2026-10-02T01:01:04.695736+02:00
295959954,de:11000:900193002:1:50,-0.3,2026-10-02T01:01:04.695736+02:00
295959954,de:11000:900186001:1:51,-0.3,2026-10-02T01:01:04.695736+02:00
307258808,de:12072:900245027:2:52,0.0,2026-10-02T01:01:04.695736+02:00
307258808,de:12072:900245028:1:50,-0.9,2026-10-02T01:01:04.695736+02:00
307258808,de:11000:900074201:1:50,-0.9,2026-10-02T01:01:04.695736+02:00
307258808,de:11000:900074202:2:51,-0.1,2026-10-02T01:01:04.695736+02:00
307258808,de:11000:900072101:2:51,-0.1,2026-10-02T01:01:04.695736+02:00
307258808,de:11000:900073101:1:51,-0.4,2026-10-02T01:01:04.695736+02:00
307258808,de:11000:900068301:1:51,-0.7,2026-10-02T01:01:04.695736+02:00
307258808,de:11000:900058102:2:51,-0.7,2026-10-02T01:01:04.695736+02:00
307258808,de:11000:900058101:1:51,-0.3,2026-10-02T01:01:04.695736+02:00
307258808,de:11000:900058103:1:51,-0.1,2026-10-02T01:01:04.695736+02:00
307258808,de:11000:900012101:2:53,-0.7,2026-10-02T01:01:04.695736+02:00
307258808,de:11000:900100020:4:57,-0.8,2026-10-02T01:01:04.695736+02:00
307258808,de:11000:900100025:1:51,-0.9,2026-10-02T01:01:04.695736+02:00
307258808,de:11000:900100001:4:57,-0.6,2026-10-02T01:01:04.695736+02:00
307258808,de:11000:900100007:1:51,-0.7,2026-10-02T01:01:04.695736+02:00
307258808,de:11000:900007104:2:52,-0.7,2026-10-02T01:01:04.695736+02:00
307258808,de:11000:900008101:1:51,-0.4,2026-10-02T01:01:04.695736+02:00
307258808,de:11000:900007102:2:53,-0.1,2026-10-02T01:01:04.695736+02:00
307258808,de:11000:900110011:2:52,-0.4,2026-10-02T01:01:04.695736+02:00
307258808,de:11000:900130002:1:50,-0.7,2026-10-02T01:01:04.695736+02:00
307258808,de:11000:900130001:1:50,-0.4,2026-10-02T01:01:04.695736+02:00
307258808,de:11000:900142001:1:50,-0.9,2026-10-02T01:01:04.695736+02:00
307258808,de:11000:900143001:1:51,-0.2,2026-10-02T01:01:04.695736+02:00
295940145,de:11000:900120004:1:51,0.0,2026-10-02T01:01:04.695736+02:00
295940145,de:11000:900120003:2:52,-0.4,2026-10-02T01:01:04.695736+02:00
295940145,de:11000:900160003:1:50,-0.7,2026-10-02T01:01:04.695736+02:00
295940145,de:11000:900160004:1:50,-0.7,2026-10-02T01:01:04.695736+02:00
295940145,de:11000:900171002:1:50,-0.2,2026-10-02T01:01:04.695736+02:00
295940145,de:11000:900171001:2:51,-0.3,2026-10-02T01:01:04.695736+02:00
295940145,de:11000:900175001:2:51,-0.5,2026-10-02T01:01:04.695736+02:00
295940145,de:11000:900175002:1:51,0.0,2026-10-02T01:01:04.695736+02:00
295940145,de:11000:900176001:2:52,-0.7,2026-10-02T01:01:04.695736+02:00
307432267,de:12054:900220010:1:50,0.0,2026-10-02T01:01:04.695736+02:00
307432267,de:12054:900230002:1:52,0.0,2026-10-02T01:01:04.695736+02:00
307432267,de:12069:900220002:1:50,0.0,2026-10-02T01:01:04.695736+02:00
307432267,de:12072:900245836:1:50,0.0,2026-10-02T01:01:04.695736+02:00
307432267,de:12061:900260009:2:54,4.0,2026-10-02T01:01:04.695736+02:00
307431846,de:12061:900260009:2:54,0.0,2026-10-02T01:01:04.695736+02:00
307431846,de:12072:900245836:2:51,0.0,2026-10-02T01:01:04.695736+02:00
307431846,de:12069:900220002:2:51,0.0,2026-10-02T01:01:04.695736+02:00
307431846,de:12054:900230002:1:50,0.0,2026-10-02T01:01:04.695736+02:00
307431846,de:12054:900220010:2:51,0.0,2026-10-02T01:01:04.695736+02:00
307431846,de:12054:900230007:2:52,0.0,2026-10-02T01:01:04.695736+02:00
307431846,de:12054:900230006:2:51,0.0,2026-10-02T01:01:04.695736+02:00
307431846,de:12054:900230999:2:53,-1.0,2026-10-02T01:01:04.695736+02:00
307431846,de:12054:900230003:4:53,0.0,2026-10-02T01:01:04.695736+02:00
307432317,de:12054:900230003:4:53,0.0,2026-10-02T01:01:04.695736+02:00
307432317,de:12054:900230999:1:51,-1.0,2026-10-02T01:01:04.695736+02:00
307432317,de:12054:900230006:1:50,0.0,2026-10-02T01:01:04.695736+02:00
307432317,de:12054:900230007:1:50,0.0,2026-10-02T01:01:04.695736+02:00
307432317,de:12054:900220010:1:50,0.0,2026-10-02T01:01:04.695736+02:00
307432317,de:12054:900230002:1:52,0.0,2026-10-02T01:01:04.695736+02:00
307432317,de:12069:900220002:1:50,0.0,2026-10-02T01:01:04.695736+02:00
307432317,de:12072:900245836:1:50,0.0,2026-10-02T01:01:04.695736+02:00
307432317,de:12061:900260009:2:54,4.0,2026-10-02T01:01:04.695736+02:00
307430681,de:12065:900200005:1:2,0.0,2026-10-02T01:01:04.695736+02:00
307430681,de:12065:900200008:1:50,0.0,2026-10-02T01:01:04.695736+02:00
307430681,de:12065:900200010:1:50,0.0,2026-10-02T01:01:04.695736+02:00
307430681,de:12065:900200000:1:50,-1.0,2026-10-02T01:01:04.695736+02:00
307430681,de:12063:900210001:1:50,0.0,2026-10-02T01:01:04.695736+02:00
307430681,de:12054:900220012:1:50,0.0,2026-10-02T01:01:04.695736+02:00
307430681,de:12054:900220010:2:51,0.0,2026-10-02T01:01:04.695736+02:00
307430681,de:12054:900230007:2:52,0.0,2026-10-02T01:01:04.695736+02:00
307430681,de:12054:900230006:2:51,0.0,2026-10-02T01:01:04.695736+02:00
307430681,de:12054:900230999:2:53,-1.0,2026-10-02T01:01:04.695736+02:00
307430681,de:12054:900230003:4:53,0.0,2026-10-02T01:01:04.695736+02:00
307430547,de:12054:900230003:4:53,0.0,2026-10-02T01:01:04.695736+02:00
307430547,de:12054:900230999:1:51,-1.0,2026-10-02T01:01:04.695736+02:00
307430547,de:12054:900230006:1:50,0.0,2026-10-02T01:01:04.695736+02:00
307430547,de:12054:900230007:1:50,0.0,2026-10-02T01:01:04.695736+02:00
307430547,de:12054:900220010:1:50,0.0,2026-10-02T01:01:04.695736+02:00
307430547,de:12054:900220012:2:51,-1.0,2026-10-02T01:01:04.695736+02:00
307430547,de:12063:900210001:2:51,0.0,2026-10-02T01:01:04.695736+02:00
307430547,de:12065:900200000:1:51,0.0,2026-10-02T01:01:04.695736+02:00
307430547,de:12065:900200010:1:50,0.0,2026-10-02T01:01:04.695736+02:00
307430547,de:12065:900200008:1:50,0.0,2026-10-02T01:01:04.695736+02:00
307430547,de:12065:900200005:1:2,0.0,2026-10-02T01:01:04.695736+02:00
307252220,de:11000:900007102:1:51,0.0,2026-10-02T01:01:04.695736+02:00
307252220,de:11000:900009104:1:51,-0.8,2026-10-02T01:01:04.695736+02:00
307252220,de:11000:900003200:5:58,-0.7,2026-10-02T01:01:04.695736+02:00
307436160,de:11000:900024101:1:51,0.0,2026-10-02T01:01:04.695736+02:00
307436160,de:11000:900053301:3:54,0.0,2026-10-02T01:01:04.695736+02:00
307436160,de:12069:900220005:1:50,0.0,2026-10-02T01:01:04.695736+02:00
307436160,de:12069:900222030:1:50,0.0,2026-10-02T01:01:04.695736+02:00
307436160,de:12069:900220141:1:50,0.0,2026-10-02T01:01:04.695736+02:00
307436160,de:12069:900220142:1:50,0.0,2026-10-02T01:01:04.695736+02:00
307436160,de:12069:900220143:1:50,0.0,2026-10-02T01:01:04.695736+02:00
307318665,de:11000:900151001:1:51,0.0,2026-10-02T01:01:04.695736+02:00
307318665,de:11000:900152001:1:51,-0.1,2026-10-02T01:01:04.695736+02:00
307318665,de:11000:900152002:1:51,-0.4,2026-10-02T01:01:04.695736+02:00
307318665,de:11000:900171003:1:51,-0.1,2026-10-02T01:01:04.695736+02:00
307318665,de:11000:900171002:1:51,-0.3,2026-10-02T01:01:04.695736+02:00
307318665,de:11000:900160004:1:51,-0.7,2026-10-02T01:01:04.695736+02:00
307318665,de:11000:900160003:1:51,-0.8,2026-10-02T01:01:04.695736+02:00
307318665,de:11000:900120003:3:55,0.0,2026-10-02T01:01:04.695736+02:00
307318665,de:11000:900120004:2:53,-0.3,2026-10-02T01:01:04.695736+02:00
307318665,de:11000:900120005:5:58,-0.6,2026-10-02T01:01:04.695736+02:00
295900331,de:12069:900220114:1:51,0.0,2026-10-02T01:01:04.695736+02:00
295900331,de:11000:900064201:1:51,-0.1,2026-10-02T01:01:04.695736+02:00
295900331,de:11000:900064256:1:51,0.0,2026-10-02T01:01:04.695736+02:00
295900331,de:11000:900064301:3:53,-0.3,2026-10-02T01:01:04.695736+02:00
295900331,de:11000:900067221:1:50,-0.3,2026-10-02T01:01:04.695736+02:00
295900331,de:11000:900063452:1:51,-0.4,2026-10-02T01:01:04.695736+02:00
295900331,de:11000:900058102:2:53,-0.5,2026-10-02T01:01:04.695736+02:00
295900331,de:11000:900058101:1:51,-0.3,2026-10-02T01:01:04.695736+02:00
295900331,de:11000:900058103:1:51,0.0,2026-10-02T01:01:04.695736+02:00
295900331,de:11000:900012101:2:53,-0.7,2026-10-02T01:01:04.695736+02:00
295900331,de:11000:900100020:4:57,-0.8,2026-10-02T01:01:04.695736+02:00
295900331,de:11000:900100025:1:51,-0.9,2026-10-02T01:01:04.695736+02:00
295900331,de:11000:900100001:4:57,-0.6,2026-10-02T01:01:04.695736+02:00
295900331,de:11000:900100007:1:51,-0.7,2026-10-02T01:01:04.695736+02:00
295900331,de:11000:900007104:2:52,-0.7,2026-10-02T01:01:04.695736+02:00
295900331,de:11000:900008101:1:51,-0.4,2026-10-02T01:01:04.695736+02:00
295900331,de:11000:900007102:2:53,-0.2,2026-10-02T01:01:04.695736+02:00
295900331,de:11000:900110011:2:53,-0.4,2026-10-02T01:01:04.695736+02:00
295900331,de:11000:900085201:1:50,-0.8,2026-10-02T01:01:04.695736+02:00
295900331,de:11000:900085105:1:50,-0.8,2026-10-02T01:01:04.695736+02:00
295900331,de:11000:900096458:1:50,-0.1,2026-10-02T01:01:04.695736+02:00
295900331,de:11000:900096405:1:50,-0.8,2026-10-02T01:01:04.695736+02:00
295900331,de:11000:900089303:1:50,-0.7,2026-10-02T01:01:04.695736+02:00
295900331,de:11000:900091205:1:50,-0.3,2026-10-02T01:01:04.695736+02:00
295900331,de:11000:900091203:1:50,-0.5,2026-10-02T01:01:04.695736+02:00
295900331,de:12065:900200000:1:55,-0.7,2026-10-02T01:01:04.695736+02:00
307436006,de:12066:900435000:2:53,0.0,2026-10-02T01:01:04.695736+02:00
307436006,de:12066:900435001:2:51,0.0,2026-10-02T01:01:04.695736+02:00
307436006,de:12066:900435339:1:50,0.0,2026-10-02T01:01:04.695736+02:00
307436006,de:12066:900435209:1:50,0.0,2026-10-02T01:01:04.695736+02:00
307436006,de:12066:900435818:1:50,0.0,2026-10-02T01:01:04.695736+02:00
307436006,de:12066:900435459:1:50,0.0,2026-10-02T01:01:04.695736+02:00
307436006,de:12066:900435602:2:52,0.0,2026-10-02T01:01:04.695736+02:00
295960026,de:11000:900186001:2:52,0.0,2026-10-02T01:01:04.695736+02:00
295960026,de:11000:900193002:1:51,-0.2,2026-10-02T01:01:04.695736+02:00
295960026,de:11000:900193001:2:51,-0.8,2026-10-02T01:01:04.695736+02:00
295960026,de:11000:900192001:3:55,-0.7,2026-10-02T01:01:04.695736+02:00
295960026,de:11000:900191001:1:50,-0.4,2026-10-02T01:01:04.695736+02:00
295960026,de:11000:900191002:1:51,-0.8,2026-10-02T01:01:04.695736+02:00
295960026,de:11000:900190001:2:53,-0.6,2026-10-02T01:01:04.695736+02:00
295960026,de:11000:900120003:5:59,0.0,2026-10-02T01:01:04.695736+02:00
295960026,de:11000:900120001:1:51,-0.6,2026-10-02T01:01:04.695736+02:00
295960026,de:11000:900110012:1:51,-0.8,2026-10-02T01:01:04.695736+02:00
295960026,de:11000:900110004:1:51,-0.7,2026-10-02T01:01:04.695736+02:00
295960026,de:11000:900110003:1:51,0.0,2026-10-02T01:01:04.695736+02:00
295960026,de:11000:900110002:1:51,0.0,2026-10-02T01:01:04.695736+02:00
295960026,de:11000:900110001:1:51,-0.7,2026-10-02T01:01:04.695736+02:00
295960026,de:11000:900110011:2:52,-0.4,2026-10-02T01:01:04.695736+02:00
295960026,de:11000:900130002:1:50,0.0,2026-10-02T01:01:04.695736+02:00
295960026,de:11000:900130001:1:50,-0.7,2026-10-02T01:01:04.695736+02:00
295960026,de:11000:900142001:1:50,-0.2,2026-10-02T01:01:04.695736+02:00
295963696,de:12061:900260009:3:56,0.0,2026-10-02T01:01:04.695736+02:00
295963696,de:12061:900260080:1:51,-0.7,2026-10-02T01:01:04.695736+02:00
295963696,de:12061:900260005:3:55,0.0,2026-10-02T01:01:04.695736+02:00
295963696,de:11000:900196001:1:51,0.0,2026-10-02T01:01:04.695736+02:00
295963696,de:11000:900195510:1:50,-0.4,2026-10-02T01:01:04.695736+02:00
295963696,de:11000:900193002:1:51,-0.6,2026-10-02T01:01:04.695736+02:00
295963696,de:11000:900193001:2:51,-0.3,2026-10-02T01:01:04.695736+02:00
295963696,de:11000:900192001:3:55,-0.2,2026-10-02T01:01:04.695736+02:00
295963696,de:11000:900191001:1:50,-0.9,2026-10-02T01:01:04.695736+02:00
295963696,de:11000:900191002:1:51,-0.3,2026-10-02T01:01:04.695736+02:00
295963696,de:11000:900190001:2:53,-0.1,2026-10-02T01:01:04.695736+02:00
295963696,de:11000:900120003:5:59,-0.3,2026-10-02T01:01:04.695736+02:00
295963696,de:11000:900120001:1:51,-0.6,2026-10-02T01:01:04.695736+02:00
295963696,de:11000:900110012:1:51,-0.8,2026-10-02T01:01:04.695736+02:00
295963696,de:11000:900110004:1:51,-0.7,2026-10-02T01:01:04.695736+02:00
295963696,de:11000:900110003:1:51,0.0,2026-10-02T01:01:04.695736+02:00
295963696,de:11000:900110002:1:51,0.0,2026-10-02T01:01:04.695736+02:00
295963696,de:11000:900110001:1:51,-0.7,2026-10-02T01:01:04.695736+02:00
295963696,de:11000:900110011:2:52,-0.4,2026-10-02T01:01:04.695736+02:00
295963696,de:11000:900130002:1:51,-0.8,2026-10-02T01:01:04.695736+02:00
295959915,de:11000:900142001:1:51,0.0,2026-10-02T01:01:04.695736+02:00
295959915,de:11000:900130001:1:51,-0.2,2026-10-02T01:01:04.695736+02:00
295959915,de:11000:900130002:1:51,-0.7,2026-10-02T01:01:04.695736+02:00
295959915,de:11000:900110011:1:51,-0.2,2026-10-02T01:01:04.695736+02:00
295959915,de:11000:900110001:1:50,-0.2,2026-10-02T01:01:04.695736+02:00
295959915,de:11000:900110002:1:50,-0.9,2026-10-02T01:01:04.695736+02:00
295959915,de:11000:900110003:1:50,-0.9,2026-10-02T01:01:04.695736+02:00
295959915,de:11000:900110004:1:50,-0.3,2026-10-02T01:01:04.695736+02:00
295959915,de:11000:900110012:1:50,-0.2,2026-10-02T01:01:04.695736+02:00
295959915,de:11000:900120001:1:50,-0.2,2026-10-02T01:01:04.695736+02:00
295959915,de:11000:900120003:5:58,-0.6,2026-10-02T01:01:04.695736+02:00
295959915,de:11000:900190001:1:50,-0.1,2026-10-02T01:01:04.695736+02:00
295959915,de:11000:900191002:1:50,0.0,2026-10-02T01:01:04.695736+02:00
295959915,de:11000:900191001:2:52,-0.4,2026-10-02T01:01:04.695736+02:00
295959915,de:11000:900192001:2:52,-0.2,2026-10-02T01:01:04.695736+02:00
295959915,de:11000:900193001:1:50,-0.7,2026-10-02T01:01:04.695736+02:00
295959915,de:11000:900193002:1:50,-0.3,2026-10-02T01:01:04.695736+02:00
295959915,de:11000:900186001:1:51,-0.3,2026-10-02T01:01:04.695736+02:00
307261664,de:11000:900143001:1:51,0.0,2026-10-02T01:01:04.695736+02:00
307261664,de:11000:900142001:1:51,-0.3,2026-10-02T01:01:04.695736+02:00
307261664,de:11000:900130001:1:51,-0.8,2026-10-02T01:01:04.695736+02:00
307261664,de:11000:900130002:1:51,-0.3,2026-10-02T01:01:04.695736+02:00
307261664,de:11000:900110011:1:51,-0.7,2026-10-02T01:01:04.695736+02:00
307261664,de:11000:900007102:1:50,-0.7,2026-10-02T01:01:04.695736+02:00
307261664,de:11000:900008101:1:50,-0.5,2026-10-02T01:01:04.695736+02:00
307261664,de:11000:900007104:1:51,-0.2,2026-10-02T01:01:04.695736+02:00
307261664,de:11000:900100007:1:50,-0.2,2026-10-02T01:01:04.695736+02:00
307261664,de:11000:900100001:4:56,0.0,2026-10-02T01:01:04.695736+02:00
307261664,de:11000:900100025:1:50,-0.9,2026-10-02T01:01:04.695736+02:00
307261664,de:11000:900100020:3:54,-0.9,2026-10-02T01:01:04.695736+02:00
307261664,de:11000:900012101:1:51,0.0,2026-10-02T01:01:04.695736+02:00
307261664,de:11000:900058103:1:50,-0.8,2026-10-02T01:01:04.695736+02:00
307261664,de:11000:900058101:1:50,-0.4,2026-10-02T01:01:04.695736+02:00
307261664,de:11000:900058102:1:50,-0.4,2026-10-02T01:01:04.695736+02:00
307261664,de:11000:900068301:1:50,-0.7,2026-10-02T01:01:04.695736+02:00
307261664,de:11000:900073101:1:50,-0.9,2026-10-02T01:01:04.695736+02:00
307261664,de:11000:900072101:1:50,-0.2,2026-10-02T01:01:04.695736+02:00
307261664,de:11000:900074202:1:50,-0.2,2026-10-02T01:01:04.695736+02:00
307261664,de:11000:900074201:1:50,-0.4,2026-10-02T01:01:04.695736+02:00
307280483,de:11000:900020202:1:50,0.0,2026-10-02T01:01:04.695736+02:00
307280483,de:11000:900001201:1:50,-0.2,2026-10-02T01:01:04.695736+02:00
307280483,de:11000:900009104:1:50,-0.8,2026-10-02T01:01:04.695736+02:00
307280483,de:11000:900007102:2:52,-0.4,2026-10-02T01:01:04.695736+02:00
307280483,de:11000:900110001:1:50,-0.6,2026-10-02T01:01:04.695736+02:00
307280483,de:11000:900110002:1:50,-0.4,2026-10-02T01:01:04.695736+02:00
307280483,de:11000:900110003:1:50,-0.4,2026-10-02T01:01:04.695736+02:00
307280483,de:11000:900110004:1:50,-0.8,2026-10-02T01:01:04.695736+02:00
307280483,de:11000:900110012:1:50,-0.7,2026-10-02T01:01:04.695736+02:00
307280483,de:11000:900120001:1:50,-0.7,2026-10-02T01:01:04.695736+02:00
307280483,de:11000:900120003:5:58,-0.1,2026-10-02T01:01:04.695736+02:00
307280483,de:11000:900190001:1:50,-0.4,2026-10-02T01:01:04.695736+02:00
307280483,de:11000:900077106:1:50,-0.4,2026-10-02T01:01:04.695736+02:00
307280483,de:11000:900078201:1:50,-0.3,2026-10-02T01:01:04.695736+02:00
307280483,de:11000:900079221:1:50,-0.2,2026-10-02T01:01:04.695736+02:00
307280483,de:11000:900068201:1:50,-0.8,2026-10-02T01:01:04.695736+02:00
307280483,de:11000:900058101:5:58,-0.1,2026-10-02T01:01:04.695736+02:00
307280483,de:11000:900054104:2:52,-0.7,2026-10-02T01:01:04.695736+02:00
307280483,de:11000:900054105:1:50,-0.9,2026-10-02T01:01:04.695736+02:00
307280483,de:11000:900044202:1:50,-0.7,2026-10-02T01:01:04.695736+02:00
307280483,de:11000:900045102:1:50,-0.7,2026-10-02T01:01:04.695736+02:00
307280483,de:11000:900044101:1:50,-0.8,2026-10-02T01:01:04.695736+02:00
307280483,de:11000:900040101:1:50,-0.3,2026-10-02T01:01:04.695736+02:00
307280483,de:11000:900024101:3:54,-0.8,2026-10-02T01:01:04.695736+02:00
307243157,de:12065:900200005:3:1,0.0,2026-10-02T01:01:04.695736+02:00
307243157,de:12065:900200006:1:51,-0.3,2026-10-02T01:01:04.695736+02:00
307243157,de:12065:900200007:1:51,-0.7,2026-10-02T01:01:04.695736+02:00
307243157,de:12065:900200008:1:51,-0.2,2026-10-02T01:01:04.695736+02:00
307243157,de:12065:900200009:1:51,-0.1,2026-10-02T01:01:04.695736+02:00
307243157,de:11000:900092201:1:51,2.3,2026-10-02T01:01:04.695736+02:00
307243157,de:11000:900093201:1:51,1.6,2026-10-02T01:01:04.695736+02:00
307243157,de:11000:900094101:1:51,2.2,2026-10-02T01:01:04.695736+02:00
307243157,de:11000:900096101:1:51,1.9,2026-10-02T01:01:04.695736+02:00
307243157,de:11000:900084101:1:51,-2.2,2026-10-02T01:01:04.695736+02:00
295892960,de:12060:900350160:1:51,0.0,2026-10-02T01:01:04.695736+02:00
295892960,de:12060:900350161:1:50,-0.3,2026-10-02T01:01:04.695736+02:00
295892960,de:12060:900350163:1:50,-0.1,2026-10-02T01:01:04.695736+02:00
295892960,de:12060:900350162:1:50,0.2,2026-10-02T01:01:04.695736+02:00
295892960,de:11000:900135001:1:50,-0.3,2026-10-02T01:01:04.695736+02:00
295892960,de:11000:900143001:1:51,0.2,2026-10-02T01:01:04.695736+02:00
295946222,de:12054:900230999:3:55,0.0,2026-10-02T01:01:04.695736+02:00
295946222,de:12054:900230000:1:50,-0.3,2026-10-02T01:01:04.695736+02:00
295946222,de:12054:900230003:1:54,-0.3,2026-10-02T01:01:04.695736+02:00
295946222,de:11000:900053301:2:53,-0.4,2026-10-02T01:01:04.695736+02:00
295946222,de:11000:900052201:2:53,0.3,2026-10-02T01:01:04.695736+02:00
306044217,de:12064:900320871::1,0.0,2026-10-02T01:01:04.695736+02:00
306044217,de:12064:900320838::1,0.0,2026-10-02T01:01:04.695736+02:00
306044217,de:12064:900320839::1,0.0,2026-10-02T01:01:04.695736+02:00
306044217,de:12064:900320837::1,0.0,2026-10-02T01:01:04.695736+02:00
306044217,de:12064:900320844::2,0.0,2026-10-02T01:01:04.695736+02:00
306044217,de:12064:900320842::2,0.0,2026-10-02T01:01:04.695736+02:00
306044217,de:12064:900320755::1,0.0,2026-10-02T01:01:04.695736+02:00
306044217,de:12064:900320754::1,0.0,2026-10-02T01:01:04.695736+02:00
306044217,de:12064:900321108::1,0.0,2026-10-02T01:01:04.695736+02:00
306044217,de:12064:900320876::1,0.0,2026-10-02T01:01:04.695736+02:00
307292200,de:11000:900044202:1:51,0.0,2026-10-02T01:01:04.695736+02:00
307292200,de:11000:900054105:1:51,-0.2,2026-10-02T01:01:04.695736+02:00
307292200,de:11000:900054104:2:53,-0.8,2026-10-02T01:01:04.695736+02:00
307292200,de:11000:900058101:5:59,-0.7,2026-10-02T01:01:04.695736+02:00
307292200,de:11000:900068201:1:51,-0.3,2026-10-02T01:01:04.695736+02:00
307292200,de:11000:900079221:1:51,-0.9,2026-10-02T01:01:04.695736+02:00
307292200,de:11000:900078201:1:51,-0.6,2026-10-02T01:01:04.695736+02:00
307292200,de:11000:900077155:1:51,-0.2,2026-10-02T01:01:04.695736+02:00
307292200,de:11000:900191001:2:51,-0.7,2026-10-02T01:01:04.695736+02:00
307292200,de:11000:900192001:2:52,-0.7,2026-10-02T01:01:04.695736+02:00
307292200,de:11000:900193001:1:50,-0.2,2026-10-02T01:01:04.695736+02:00
307292200,de:11000:900193002:1:50,-0.8,2026-10-02T01:01:04.695736+02:00
307292200,de:11000:900186001:1:50,-0.8,2026-10-02T01:01:04.695736+02:00
307292200,de:12061:900260004:1:50,-0.2,2026-10-02T01:01:04.695736+02:00
307292200,de:12061:900260003:1:50,-0.4,2026-10-02T01:01:04.695736+02:00
307292200,de:12061:900260002:1:51,-0.2,2026-10-02T01:01:04.695736+02:00
307292200,de:12061:900260001:2:52,-0.2,2026-10-02T01:01:04.695736+02:00
307332415,de:11000:900029101:1:51,0.0,2026-10-02T01:01:04.695736+02:00
307332415,de:11000:900030202:1:50,-0.3,2026-10-02T01:01:04.695736+02:00
307332415,de:11000:900025424:1:51,-0.2,2026-10-02T01:01:04.695736+02:00
307332415,de:11000:900025321:1:51,-0.2,2026-10-02T01:01:04.695736+02:00
307332415,de:11000:900026105:1:50,-0.4,2026-10-02T01:01:04.695736+02:00
307332415,de:11000:900025423:1:50,-0.7,2026-10-02T01:01:04.695736+02:00
307332415,de:11000:900024102:2:53,-0.7,2026-10-02T01:01:04.695736+02:00
307332415,de:11000:900024101:3:55,-0.3,2026-10-02T01:01:04.695736+02:00
307332415,de:11000:900024203:1:51,-0.8,2026-10-02T01:01:04.695736+02:00
307332415,de:11000:900023201:3:54,-0.7,2026-10-02T01:01:04.695736+02:00
307332415,de:11000:900003103:1:50,-0.8,2026-10-02T01:01:04.695736+02:00
307332415,de:11000:900003102:1:50,-0.9,2026-10-02T01:01:04.695736+02:00
307332415,de:11000:900003201:3:54,-0.5,2026-10-02T01:01:04.695736+02:00
307332415,de:11000:900100001:3:54,-0.1,2026-10-02T01:01:04.695736+02:00
307332415,de:11000:900100002:1:50,-0.4,2026-10-02T01:01:04.695736+02:00
307332415,de:11000:900100003:2:52,-0.1,2026-10-02T01:01:04.695736+02:00
307332415,de:11000:900100004:1:50,-0.4,2026-10-02T01:01:04.695736+02:00
307332415,de:11000:900120005:4:55,-0.6,2026-10-02T01:01:04.695736+02:00
307332415,de:11000:900120004:1:50,-0.1,2026-10-02T01:01:04.695736+02:00
307332415,de:11000:900190001:1:51,-0.2,2026-10-02T01:01:04.695736+02:00
307332415,de:11000:900191002:1:50,0.0,2026-10-02T01:01:04.695736+02:00
307332415,de:11000:900191001:2:52,-0.4,2026-10-02T01:01:04.695736+02:00
307332415,de:11000:900192001:2:52,-0.7,2026-10-02T01:01:04.695736+02:00
307332415,de:11000:900193001:1:50,-0.2,2026-10-02T01:01:04.695736+02:00
307332415,de:11000:900193002:1:50,-0.8,2026-10-02T01:01:04.695736+02:00
307332415,de:11000:900195510:1:51,-0.2,2026-10-02T01:01:04.695736+02:00
307332415,de:11000:900196001:1:50,-0.4,2026-10-02T01:01:04.695736+02:00
307332415,de:12061:900260005:3:54,-0.2,2026-10-02T01:01:04.695736+02:00
307332415,de:12061:900260080:1:50,-0.7,2026-10-02T01:01:04.695736+02:00
307332415,de:12061:900260009:3:55,-0.9,2026-10-02T01:01:04.695736+02:00
307301743,de:11000:900024102:2:52,0.0,2026-10-02T01:01:04.695736+02:00
307301743,de:11000:900024101:3:55,-0.8,2026-10-02T01:01:04.695736+02:00
307301743,de:11000:900024203:1:51,-0.8,2026-10-02T01:01:04.695736+02:00
307301743,de:11000:900023201:3:54,-0.7,2026-10-02T01:01:04.695736+02:00
307301743,de:11000:900003103:1:50,-0.8,2026-10-02T01:01:04.695736+02:00
307301743,de:11000:900003102:1:50,-0.9,2026-10-02T01:01:04.695736+02:00
307301743,de:11000:900003201:3:54,-0.5,2026-10-02T01:01:04.695736+02:00
307301743,de:11000:900100001:3:54,-0.1,2026-10-02T01:01:04.695736+02:00
307301743,de:11000:900100002:1:50,-0.4,2026-10-02T01:01:04.695736+02:00
307301743,de:11000:900100003:2:52,-0.1,2026-10-02T01:01:04.695736+02:00
307301743,de:11000:900100004:1:50,-0.4,2026-10-02T01:01:04.695736+02:00
307301743,de:11000:900120005:4:55,-0.6,2026-10-02T01:01:04.695736+02:00
307301743,de:11000:900120004:1:50,-0.1,2026-10-02T01:01:04.695736+02:00
307301743,de:11000:900120003:2:53,-0.4,2026-10-02T01:01:04.695736+02:00
307301743,de:11000:900160003:1:50,-0.7,2026-10-02T01:01:04.695736+02:00
307301743,de:11000:900160004:1:50,-0.7,2026-10-02T01:01:04.695736+02:00
307301743,de:11000:900171002:1:50,-0.2,2026-10-02T01:01:04.695736+02:00
307301743,de:11000:900171001:2:51,-0.3,2026-10-02T01:01:04.695736+02:00
307301743,de:11000:900175001:2:51,-0.5,2026-10-02T01:01:04.695736+02:00
307301743,de:11000:900175002:1:51,0.0,2026-10-02T01:01:04.695736+02:00
307301743,de:11000:900176001:2:52,-0.3,2026-10-02T01:01:04.695736+02:00
306827371,de:11000:900183003::1,0.0,2026-10-02T01:01:04.695736+02:00
306525544,de:12065:900200000::3,0.0,2026-10-02T01:01:04.695736+02:00
306050016,de:12064:900320007::3,0.0,2026-10-02T01:01:04.695736+02:00
306050016,de:12064:900320134::2,0.0,2026-10-02T01:01:04.695736+02:00
306050016,de:12064:900320133::2,0.0,2026-10-02T01:01:04.695736+02:00
306050016,de:12064:900320679::2,0.0,2026-10-02T01:01:04.695736+02:00
306050016,de:12064:900320673::2,0.0,2026-10-02T01:01:04.695736+02:00
306050016,de:12064:900320672::2,0.0,2026-10-02T01:01:04.695736+02:00
306050016,de:12064:900320674::2,0.0,2026-10-02T01:01:04.695736+02:00
306050016,de:12064:900320675::2,0.0,2026-10-02T01:01:04.695736+02:00
306050016,de:12064:900320006::1,0.0,2026-10-02T01:01:04.695736+02:00
306050016,de:12064:900320639::2,0.0,2026-10-02T01:01:04.695736+02:00
306050016,de:12064:900320638::2,0.0,2026-10-02T01:01:04.695736+02:00
306050016,de:12064:900320685::2,0.0,2026-10-02T01:01:04.695736+02:00
306050016,de:12064:900320642::2,0.0,2026-10-02T01:01:04.695736+02:00
306050016,de:12064:900320647::2,0.0,2026-10-02T01:01:04.695736+02:00
306050016,de:12064:900320645::2,0.0,2026-10-02T01:01:04.695736+02:00
306050016,de:12064:900320643::2,0.0,2026-10-02T01:01:04.695736+02:00
306050016,de:12064:900320610::2,0.0,2026-10-02T01:01:04.695736+02:00
306050016,de:12064:900320005::2,0.0,2026-10-02T01:01:04.695736+02:00
306054138,de:12067:900310080::1,0.0,2026-10-02T01:01:04.695736+02:00
306054138,de:12067:900310050::1,0.0,2026-10-02T01:01:04.695736+02:00
306054138,de:12064:900320386::2,0.0,2026-10-02T01:01:04.695736+02:00
306054138,de:12064:900320243::2,0.0,2026-10-02T01:01:04.695736+02:00
306054138,de:12064:900320221::1,0.0,2026-10-02T01:01:04.695736+02:00
306054138,de:12064:900320226::2,0.0,2026-10-02T01:01:04.695736+02:00
306054138,de:12064:900320228::1,0.0,2026-10-02T01:01:04.695736+02:00
302803883,de:12061:900260009::9,0.0,2026-10-02T01:01:04.695736+02:00
302803883,de:12061:900260538::1,0.0,2026-10-02T01:01:04.695736+02:00
302803883,de:12061:900260552::2,0.0,2026-10-02T01:01:04.695736+02:00
302803883,de:12061:900260506::2,0.0,2026-10-02T01:01:04.695736+02:00
302803883,de:12061:900260023::2,0.0,2026-10-02T01:01:04.695736+02:00
302803883,de:12061:900260601::1,0.0,2026-10-02T01:01:04.695736+02:00
302803883,de:12061:900260064::1,0.0,2026-10-02T01:01:04.695736+02:00
302803883,de:12061:900261085::1,0.0,2026-10-02T01:01:04.695736+02:00
302803883,de:12061:900261084::1,0.0,2026-10-02T01:01:04.695736+02:00
302803883,de:12061:900260060::1,0.0,2026-10-02T01:01:04.695736+02:00
302803883,de:12061:900260037::1,0.0,2026-10-02T01:01:04.695736+02:00
302803883,de:12061:900260038::1,-0.5,2026-10-02T01:01:04.695736+02:00
302803883,de:12061:900260047::1,0.0,2026-10-02T01:01:04.695736+02:00
302803883,de:12061:900260034::1,0.0,2026-10-02T01:01:04.695736+02:00
302803883,de:12061:900261075::1,0.0,2026-10-02T01:01:04.695736+02:00
302803883,de:12061:900261013::3,0.0,2026-10-02T01:01:04.695736+02:00
302803883,de:12061:900261015::2,0.0,2026-10-02T01:01:04.695736+02:00
302803883,de:12061:900260565::1,0.0,2026-10-02T01:01:04.695736+02:00
302803883,de:12061:900261025::2,0.0,2026-10-02T01:01:04.695736+02:00
302803883,de:12061:900261124::2,0.0,2026-10-02T01:01:04.695736+02:00
302803883,de:12061:900261077::1,0.0,2026-10-02T01:01:04.695736+02:00
302803883,de:12061:900261071::1,0.0,2026-10-02T01:01:04.695736+02:00
302803883,de:12061:900260002::1,0.0,2026-10-02T01:01:04.695736+02:00
302803883,de:12061:900260568::1,0.0,2026-10-02T01:01:04.695736+02:00
302803883,de:12061:900260567::2,0.0,2026-10-02T01:01:04.695736+02:00
302803883,de:12061:900260001::4,0.0,2026-10-02T01:01:04.695736+02:00
302803883,de:12061:900260790::2,0.0,2026-10-02T01:01:04.695736+02:00
302803883,de:12061:900260779::2,0.0,2026-10-02T01:01:04.695736+02:00
302803883,de:12061:900260782::2,0.0,2026-10-02T01:01:04.695736+02:00
302803883,de:12061:900260778::2,0.0,2026-10-02T01:01:04.695736+02:00
302803883,de:12061:900260542::2,0.0,2026-10-02T01:01:04.695736+02:00
302803883,de:12061:900260929::2,0.0,2026-10-02T01:01:04.695736+02:00
302803883,de:12061:900260930::2,0.0,2026-10-02T01:01:04.695736+02:00
302803883,de:12061:900260851::2,0.0,2026-10-02T01:01:04.695736+02:00
302803883,de:12061:900260853::2,0.0,2026-10-02T01:01:04.695736+02:00
302803883,de:12061:900260854::2,0.0,2026-10-02T01:01:04.695736+02:00
302803883,de:12061:900260852::2,0.0,2026-10-02T01:01:04.695736+02:00
302803883,de:12061:900260570::2,0.0,2026-10-02T01:01:04.695736+02:00
302803883,de:12061:900260856::2,0.0,2026-10-02T01:01:04.695736+02:00
306053581,de:12064:900321742::1,0.0,2026-10-02T01:01:04.695736+02:00
306053581,de:12064:900321746::1,0.0,2026-10-02T01:01:04.695736+02:00
306053581,de:12064:900321404::1,0.0,2026-10-02T01:01:04.695736+02:00
306053581,de:12064:900321386::1,0.0,2026-10-02T01:01:04.695736+02:00
306053581,de:12064:900321555::1,0.0,2026-10-02T01:01:04.695736+02:00
306053581,de:12064:900321360::1,0.0,2026-10-02T01:01:04.695736+02:00
306053581,de:12064:900321580::1,0.0,2026-10-02T01:01:04.695736+02:00
306053581,de:12064:900321306::1,0.0,2026-10-02T01:01:04.695736+02:00
306053581,de:12064:900321307::1,0.0,2026-10-02T01:01:04.695736+02:00
306053581,de:12064:900321733::1,0.0,2026-10-02T01:01:04.695736+02:00
306053581,de:12064:900321531::1,0.0,2026-10-02T01:01:04.695736+02:00
306053581,de:12064:900321532::2,0.0,2026-10-02T01:01:04.695736+02:00
306053581,de:12064:900321534::2,0.0,2026-10-02T01:01:04.695736+02:00
306053581,de:12064:900321535::2,0.0,2026-10-02T01:01:04.695736+02:00
306053581,de:12053:900360209::2,0.0,2026-10-02T01:01:04.695736+02:00
306053581,de:12053:900360024::2,0.0,2026-10-02T01:01:04.695736+02:00
306053581,de:12053:900360214::2,0.0,2026-10-02T01:01:04.695736+02:00
306053581,de:12053:900360141::3,0.0,2026-10-02T01:01:04.695736+02:00
306053581,de:12053:900360123::2,0.0,2026-10-02T01:01:04.695736+02:00
306053581,de:12053:900360000::3,0.0,2026-10-02T01:01:04.695736+02:00
306042938,de:12064:900320830::1,0.0,2026-10-02T01:01:04.695736+02:00
306042938,de:12064:900320820::1,0.0,2026-10-02T01:01:04.695736+02:00
306042938,de:12064:900320831::1,0.0,2026-10-02T01:01:04.695736+02:00
306042938,de:12064:900320819::1,0.0,2026-10-02T01:01:04.695736+02:00
306042938,de:12064:900320821::1,0.0,2026-10-02T01:01:04.695736+02:00
306042938,de:12064:900320822::1,0.0,2026-10-02T01:01:04.695736+02:00
306042938,de:12064:900320825::1,0.0,2026-10-02T01:01:04.695736+02:00
306042938,de:12064:900320824::1,0.0,2026-10-02T01:01:04.695736+02:00
306042938,de:12064:900320827::1,0.0,2026-10-02T01:01:04.695736+02:00
306042938,de:12064:900320803::1,0.0,2026-10-02T01:01:04.695736+02:00
306042938,de:12064:900320828::1,0.0,2026-10-02T01:01:04.695736+02:00
306042938,de:12064:900320828::1,-4.0,2026-10-02T01:01:04.695736+02:00
306042938,de:12064:900320802::1,0.0,2026-10-02T01:01:04.695736+02:00
306042938,de:12064:900320828::1,4.0,2026-10-02T01:01:04.695736+02:00
306042938,de:12064:900320828::1,0.0,2026-10-02T01:01:04.695736+02:00
306042938,de:12064:900320014::1,0.0,2026-10-02T01:01:04.695736+02:00
306042938,de:12064:900320227::1,0.0,2026-10-02T01:01:04.695736+02:00
306042938,de:12064:900320214::1,0.0,2026-10-02T01:01:04.695736+02:00
306042938,de:12064:900320211::1,0.0,2026-10-02T01:01:04.695736+02:00
306042938,de:12064:900320228::1,0.0,2026-10-02T01:01:04.695736+02:00
306042938,de:12064:900320226::1,0.0,2026-10-02T01:01:04.695736+02:00
306042938,de:12064:900320221::1,0.0,2026-10-02T01:01:04.695736+02:00
306053535,de:12053:900360000::6,0.0,2026-10-02T01:01:04.695736+02:00
306053535,de:12053:900360123::1,0.0,2026-10-02T01:01:04.695736+02:00
306053535,de:12053:900360214::1,0.0,2026-10-02T01:01:04.695736+02:00
306053535,de:12053:900360024::1,0.0,2026-10-02T01:01:04.695736+02:00
306053535,de:12053:900360075::1,0.0,2026-10-02T01:01:04.695736+02:00
306053535,de:12053:900360029::1,0.0,2026-10-02T01:01:04.695736+02:00
306053535,de:12053:900360033::1,0.0,2026-10-02T01:01:04.695736+02:00
306053535,de:12053:900360201::1,0.0,2026-10-02T01:01:04.695736+02:00
306053535,de:12053:900360203::1,0.0,2026-10-02T01:01:04.695736+02:00
306053535,de:12053:900360202::1,0.0,2026-10-02T01:01:04.695736+02:00
306053535,de:12064:900321845::1,0.0,2026-10-02T01:01:04.695736+02:00
306053535,de:12064:900321734::1,0.0,2026-10-02T01:01:04.695736+02:00
306053535,de:12064:900321733::1,0.0,2026-10-02T01:01:04.695736+02:00
306053535,de:12064:900321733::1,-16.0,2026-10-02T01:01:04.695736+02:00
306053535,de:12064:900321531::1,0.0,2026-10-02T01:01:04.695736+02:00
306053535,de:12064:900321533::1,0.0,2026-10-02T01:01:04.695736+02:00
306053535,de:12064:900321531::2,0.0,2026-10-02T01:01:04.695736+02:00
306053535,de:12064:900321733::1,16.0,2026-10-02T01:01:04.695736+02:00
306053535,de:12064:900321733::1,0.0,2026-10-02T01:01:04.695736+02:00
306053535,de:12064:900321360::2,0.0,2026-10-02T01:01:04.695736+02:00
306053535,de:12064:900321555::2,0.0,2026-10-02T01:01:04.695736+02:00
306053535,de:12064:900321386::2,0.0,2026-10-02T01:01:04.695736+02:00
306053535,de:12064:900321404::2,0.0,2026-10-02T01:01:04.695736+02:00
306053535,de:12064:900321749::1,0.0,2026-10-02T01:01:04.695736+02:00
306053535,de:12064:900321748::2,0.0,2026-10-02T01:01:04.695736+02:00
306053535,de:12064:900321742::6,0.0,2026-10-02T01:01:04.695736+02:00
306054071,de:12064:900321742::3,0.0,2026-10-02T01:01:04.695736+02:00
306054071,de:12064:900321747::1,0.0,2026-10-02T01:01:04.695736+02:00
306054071,de:12064:900321750::1,0.0,2026-10-02T01:01:04.695736+02:00
306054071,de:12064:900321471::1,0.0,2026-10-02T01:01:04.695736+02:00
306054071,de:12064:900321603::1,0.0,2026-10-02T01:01:04.695736+02:00
306054071,de:12064:900321604::1,0.0,2026-10-02T01:01:04.695736+02:00
306054071,de:12064:900321433::1,0.0,2026-10-02T01:01:04.695736+02:00
306054071,de:12064:900321582::1,0.0,2026-10-02T01:01:04.695736+02:00
306054071,de:12064:900321581::2,0.0,2026-10-02T01:01:04.695736+02:00
306054071,de:12064:900321474::1,0.0,2026-10-02T01:01:04.695736+02:00
306054071,de:12064:900321707::1,0.0,2026-10-02T01:01:04.695736+02:00
306054071,de:12064:900321705::1,0.0,2026-10-02T01:01:04.695736+02:00
306054071,de:12064:900321472::1,0.0,2026-10-02T01:01:04.695736+02:00
306054071,de:12064:900321688::1,0.0,2026-10-02T01:01:04.695736+02:00
306054071,de:12064:900321689::1,0.0,2026-10-02T01:01:04.695736+02:00
306054071,de:12064:900321686::1,0.0,2026-10-02T01:01:04.695736+02:00
306054071,de:12064:900321685::1,0.0,2026-10-02T01:01:04.695736+02:00
306054071,de:12064:900321687::1,0.0,2026-10-02T01:01:04.695736+02:00
306054071,de:12064:900321530::1,0.0,2026-10-02T01:01:04.695736+02:00
306054071,de:12064:900321536::1,0.0,2026-10-02T01:01:04.695736+02:00
306054071,de:12064:900321532::2,0.0,2026-10-02T01:01:04.695736+02:00
306054071,de:12064:900321534::2,0.0,2026-10-02T01:01:04.695736+02:00
306054071,de:12064:900321535::2,0.0,2026-10-02T01:01:04.695736+02:00
306054071,de:12053:900360209::2,0.0,2026-10-02T01:01:04.695736+02:00
306054071,de:12053:900360024::2,0.0,2026-10-02T01:01:04.695736+02:00
306054071,de:12053:900360214::2,0.0,2026-10-02T01:01:04.695736+02:00
306054071,de:12053:900360141::3,0.0,2026-10-02T01:01:04.695736+02:00
306054071,de:12053:900360123::2,0.0,2026-10-02T01:01:04.695736+02:00
306054071,de:12053:900360000::3,0.0,2026-10-02T01:01:04.695736+02:00
306053088,de:12064:900321742::4,0.0,2026-10-02T01:01:04.695736+02:00
306053088,de:12064:900321744::1,0.0,2026-10-02T01:01:04.695736+02:00
306053088,de:12064:900321444::1,0.0,2026-10-02T01:01:04.695736+02:00
306053088,de:12064:900321443::1,0.0,2026-10-02T01:01:04.695736+02:00
306053088,de:12064:900321445::1,0.0,2026-10-02T01:01:04.695736+02:00
306053088,de:12064:900321677::1,0.0,2026-10-02T01:01:04.695736+02:00
306053088,de:12064:900321679::1,0.0,2026-10-02T01:01:04.695736+02:00
306053088,de:12064:900321626::1,0.0,2026-10-02T01:01:04.695736+02:00
306053088,de:12064:900321625::1,0.0,2026-10-02T01:01:04.695736+02:00
306053088,de:12064:900321629::1,0.0,2026-10-02T01:01:04.695736+02:00
306053088,de:12064:900321627::1,0.0,2026-10-02T01:01:04.695736+02:00
306053088,de:12064:900320834::1,0.0,2026-10-02T01:01:04.695736+02:00
306053088,de:12064:900320833::2,0.0,2026-10-02T01:01:04.695736+02:00
306053088,de:12064:900320861::2,0.0,2026-10-02T01:01:04.695736+02:00
306053088,de:12064:900320840::1,0.0,2026-10-02T01:01:04.695736+02:00
306053088,de:12064:900320751::1,0.0,2026-10-02T01:01:04.695736+02:00
306053088,de:12064:900320835::2,0.0,2026-10-02T01:01:04.695736+02:00
306053088,de:12064:900320836::2,0.0,2026-10-02T01:01:04.695736+02:00
306053088,de:12064:900320910::2,0.0,2026-10-02T01:01:04.695736+02:00
306053088,de:12064:900320848::2,0.0,2026-10-02T01:01:04.695736+02:00
306053088,de:12064:900320830::2,0.0,2026-10-02T01:01:04.695736+02:00
306053088,de:12064:900320832::2,0.0,2026-10-02T01:01:04.695736+02:00
306053088,de:12064:900320858::2,0.0,2026-10-02T01:01:04.695736+02:00
306053088,de:12064:900320880::2,0.0,2026-10-02T01:01:04.695736+02:00
306053088,de:12064:900320870::2,0.0,2026-10-02T01:01:04.695736+02:00
306053088,de:12064:900320860::2,0.0,2026-10-02T01:01:04.695736+02:00
306053088,de:12064:900320001::3,0.0,2026-10-02T01:01:04.695736+02:00
306053088,de:12064:900320554::2,0.0,2026-10-02T01:01:04.695736+02:00
306053088,de:12064:900320557::2,0.0,2026-10-02T01:01:04.695736+02:00
306053088,de:12064:900320558::2,0.0,2026-10-02T01:01:04.695736+02:00
306053088,de:12064:900320560::2,0.0,2026-10-02T01:01:04.695736+02:00
306053088,de:12064:900320025::2,0.0,2026-10-02T01:01:04.695736+02:00
306053088,de:12064:900320550::1,0.0,2026-10-02T01:01:04.695736+02:00
306053088,de:12064:900320567::1,0.0,2026-10-02T01:01:04.695736+02:00
306053088,de:12064:900320004::3,0.0,2026-10-02T01:01:04.695736+02:00
306051935,de:12064:900320014::1,0.0,2026-10-02T01:01:04.695736+02:00
306051935,de:12064:900320227::1,0.0,2026-10-02T01:01:04.695736+02:00
306051935,de:12064:900320214::1,0.0,2026-10-02T01:01:04.695736+02:00
306051935,de:12064:900320211::1,0.0,2026-10-02T01:01:04.695736+02:00
306051935,de:12064:900320228::1,0.0,2026-10-02T01:01:04.695736+02:00
306051935,de:12064:900320226::1,0.0,2026-10-02T01:01:04.695736+02:00
306051935,de:12064:900320225::2,0.0,2026-10-02T01:01:04.695736+02:00
306051935,de:12064:900320218::2,0.0,2026-10-02T01:01:04.695736+02:00
306051935,de:12064:900321492::2,0.0,2026-10-02T01:01:04.695736+02:00
306051935,de:12064:900321491::2,0.0,2026-10-02T01:01:04.695736+02:00
306051935,de:12064:900321493::1,0.0,2026-10-02T01:01:04.695736+02:00
306051935,de:12064:900321781::2,0.0,2026-10-02T01:01:04.695736+02:00
306051935,de:12064:900321780::2,0.0,2026-10-02T01:01:04.695736+02:00
306051935,de:12064:900321848::1,0.0,2026-10-02T01:01:04.695736+02:00
306051935,de:12064:900321780::1,0.0,2026-10-02T01:01:04.695736+02:00
306051935,de:12064:900321781::1,0.0,2026-10-02T01:01:04.695736+02:00
306051935,de:12064:900321493::2,0.0,2026-10-02T01:01:04.695736+02:00
306051935,de:12064:900321490::2,0.0,2026-10-02T01:01:04.695736+02:00
306051935,de:12064:900321833::2,0.0,2026-10-02T01:01:04.695736+02:00
306051935,de:12064:900321381::1,0.0,2026-10-02T01:01:04.695736+02:00
306051935,de:12064:900321382::2,0.0,2026-10-02T01:01:04.695736+02:00
306051935,de:12064:900320865::2,0.0,2026-10-02T01:01:04.695736+02:00
306051935,de:12064:900321380::2,0.0,2026-10-02T01:01:04.695736+02:00
306051935,de:12064:900321751::2,0.0,2026-10-02T01:01:04.695736+02:00
306051935,de:12064:900321742::2,0.0,2026-10-02T01:01:04.695736+02:00
306051935,de:12064:900321749::1,0.0,2026-10-02T01:01:04.695736+02:00
306051935,de:12064:900321745::1,0.0,2026-10-02T01:01:04.695736+02:00
306051935,de:12064:900321748::2,0.0,2026-10-02T01:01:04.695736+02:00
306046303,de:12064:900320028::1,0.0,2026-10-02T01:01:04.695736+02:00
306046303,de:12064:900320018::2,0.0,2026-10-02T01:01:04.695736+02:00
306046303,de:12064:900320019::2,0.0,2026-10-02T01:01:04.695736+02:00
306046303,de:12064:900320501::2,0.0,2026-10-02T01:01:04.695736+02:00
306046303,de:12064:900320026::2,0.0,2026-10-02T01:01:04.695736+02:00
306046303,de:11000:900176519::2,0.0,2026-10-02T01:01:04.695736+02:00
306046303,de:11000:900176011::2,0.0,2026-10-02T01:01:04.695736+02:00
306046303,de:11000:900320502::2,0.0,2026-10-02T01:01:04.695736+02:00
306046303,de:12064:900320503::1,0.0,2026-10-02T01:01:04.695736+02:00
306046303,de:12064:900320504::1,0.0,2026-10-02T01:01:04.695736+02:00
306046303,de:11000:900175010::4,0.0,2026-10-02T01:01:04.695736+02:00
295900239,de:12065:900200000:1:55,0.0,2026-10-02T01:01:04.695736+02:00
295900239,de:11000:900091203:1:50,0.0,2026-10-02T01:01:04.695736+02:00
295900239,de:11000:900091205:1:50,-0.2,2026-10-02T01:01:04.695736+02:00
295900239,de:11000:900089303:1:51,-0.5,2026-10-02T01:01:04.695736+02:00
295900239,de:11000:900096405:1:50,-0.8,2026-10-02T01:01:04.695736+02:00
295900239,de:11000:900096458:1:50,-0.5,2026-10-02T01:01:04.695736+02:00
295900239,de:11000:900085105:1:50,-0.8,2026-10-02T01:01:04.695736+02:00
295900239,de:11000:900085201:1:51,0.0,2026-10-02T01:01:04.695736+02:00
295900239,de:11000:900130003:1:51,-0.8,2026-10-02T01:01:04.695736+02:00
295900239,de:11000:900110011:1:50,-0.9,2026-10-02T01:01:04.695736+02:00
295900239,de:11000:900007102:1:50,-0.7,2026-10-02T01:01:04.695736+02:00
295900239,de:11000:900008101:1:50,-0.4,2026-10-02T01:01:04.695736+02:00
295900239,de:11000:900007104:1:51,-0.2,2026-10-02T01:01:04.695736+02:00
295900239,de:11000:900100007:1:50,-0.2,2026-10-02T01:01:04.695736+02:00
295900239,de:11000:900100001:4:56,0.0,2026-10-02T01:01:04.695736+02:00
295900239,de:11000:900100025:1:50,-0.9,2026-10-02T01:01:04.695736+02:00
295900239,de:11000:900100020:3:54,-0.9,2026-10-02T01:01:04.695736+02:00
295900239,de:11000:900012101:1:51,0.0,2026-10-02T01:01:04.695736+02:00
295900239,de:11000:900058103:1:50,-0.7,2026-10-02T01:01:04.695736+02:00
295900239,de:11000:900058101:1:50,-0.3,2026-10-02T01:01:04.695736+02:00
295900239,de:11000:900058102:1:52,0.0,2026-10-02T01:01:04.695736+02:00
295900239,de:11000:900063452:1:50,-0.1,2026-10-02T01:01:04.695736+02:00
295900239,de:11000:900067221:1:50,-0.2,2026-10-02T01:01:04.695736+02:00
295900239,de:11000:900064301:3:52,-0.2,2026-10-02T01:01:04.695736+02:00
295900239,de:11000:900064256:1:50,-0.7,2026-10-02T01:01:04.695736+02:00
295900239,de:11000:900064201:1:50,-0.6,2026-10-02T01:01:04.695736+02:00
295900239,de:12069:900220114:1:51,-0.9,2026-10-02T01:01:04.695736+02:00
307272242,de:11000:900120005:5:58,0.0,2026-10-02T01:01:04.695736+02:00
307272242,de:11000:900100004:1:51,-0.4,2026-10-02T01:01:04.695736+02:00
307272242,de:11000:900100003:2:53,-0.4,2026-10-02T01:01:04.695736+02:00
307272242,de:11000:900100002:1:51,-0.4,2026-10-02T01:01:04.695736+02:00
307272242,de:11000:900100001:3:55,-0.4,2026-10-02T01:01:04.695736+02:00
307272242,de:11000:900003201:3:55,-0.1,2026-10-02T01:01:04.695736+02:00
307272242,de:11000:900003102:1:51,-0.8,2026-10-02T01:01:04.695736+02:00
307272242,de:11000:900003103:1:51,-0.9,2026-10-02T01:01:04.695736+02:00
307272242,de:11000:900023201:3:55,-0.8,2026-10-02T01:01:04.695736+02:00
307272242,de:11000:900024203:1:51,-0.8,2026-10-02T01:01:04.695736+02:00
307272242,de:11000:900024101:4:57,-0.8,2026-10-02T01:01:04.695736+02:00
307272242,de:11000:900024102:1:50,-0.1,2026-10-02T01:01:04.695736+02:00
307272242,de:11000:900025423:1:50,-0.4,2026-10-02T01:01:04.695736+02:00
307272242,de:11000:900026105:1:50,-0.7,2026-10-02T01:01:04.695736+02:00
307272242,de:11000:900025321:1:50,-0.3,2026-10-02T01:01:04.695736+02:00
307272242,de:11000:900025424:1:50,-0.3,2026-10-02T01:01:04.695736+02:00
307272242,de:11000:900030202:1:50,-0.9,2026-10-02T01:01:04.695736+02:00
307272242,de:11000:900029101:1:50,-0.9,2026-10-02T01:01:04.695736+02:00
295879386,de:11000:900053301:2:52,0.0,2026-10-02T01:01:04.695736+02:00
295879386,de:11000:900052201:1:51,0.0,2026-10-02T01:01:04.695736+02:00
295879386,de:11000:900050355:1:51,-0.3,2026-10-02T01:01:04.695736+02:00
295879386,de:11000:900050301:1:51,-0.4,2026-10-02T01:01:04.695736+02:00
295879386,de:11000:900049201:1:51,0.0,2026-10-02T01:01:04.695736+02:00
295879386,de:11000:900049202:1:51,0.0,2026-10-02T01:01:04.695736+02:00
295879386,de:11000:900066101:1:51,-0.3,2026-10-02T01:01:04.695736+02:00
295879386,de:11000:900066102:1:51,-0.2,2026-10-02T01:01:04.695736+02:00
295879386,de:11000:900062202:1:51,-0.2,2026-10-02T01:01:04.695736+02:00
295879386,de:11000:900063101:1:51,-0.2,2026-10-02T01:01:04.695736+02:00
295879386,de:11000:900060101:1:51,-0.9,2026-10-02T01:01:04.695736+02:00
295879386,de:11000:900054104:1:51,0.1,2026-10-02T01:01:04.695736+02:00
295879386,de:11000:900057104:1:50,-0.4,2026-10-02T01:01:04.695736+02:00
307435498,de:11000:900003200:2:53,0.0,2026-10-02T01:01:04.695736+02:00
307435498,de:11000:900100020:1:50,-1.0,2026-10-02T01:01:04.695736+02:00
307435498,de:11000:900058101:2:52,-1.0,2026-10-02T01:01:04.695736+02:00
307435498,de:12061:900260009:2:54,4.0,2026-10-02T01:01:04.695736+02:00
307435333,de:12061:900260009:2:54,0.0,2026-10-02T01:01:04.695736+02:00
307435333,de:11000:900058101:4:57,-1.0,2026-10-02T01:01:04.695736+02:00
307435333,de:11000:900100020:2:53,-1.0,2026-10-02T01:01:04.695736+02:00
307435333,de:11000:900003200:4:57,0.0,2026-10-02T01:01:04.695736+02:00
307429736,de:12061:900260009:2:54,0.0,2026-10-02T01:01:04.695736+02:00
307429736,de:11000:900160004:3:55,0.0,2026-10-02T01:01:04.695736+02:00
307429736,de:11000:900007102:4:56,-2.0,2026-10-02T01:01:04.695736+02:00
307429736,de:11000:900003200:4:57,0.0,2026-10-02T01:01:04.695736+02:00
307437971,de:12053:900360000:3:54,0.0,2026-10-02T01:01:04.695736+02:00
307437971,de:12067:900311233:1:50,0.0,2026-10-02T01:01:04.695736+02:00
307437971,de:12067:900311232:1:50,0.0,2026-10-02T01:01:04.695736+02:00
307437971,de:12067:900311620:1:50,0.0,2026-10-02T01:01:04.695736+02:00
307437971,de:12067:900311631:1:50,0.0,2026-10-02T01:01:04.695736+02:00
307437971,de:12067:900311307:1:50,0.0,2026-10-02T01:01:04.695736+02:00
307437971,de:12067:900310601:1:50,0.0,2026-10-02T01:01:04.695736+02:00
307437971,de:12067:900311612:1:51,0.0,2026-10-02T01:01:04.695736+02:00
307437971,de:12067:900311250:2:51,0.0,2026-10-02T01:01:04.695736+02:00
307437971,de:12071:900445593:1:50,0.0,2026-10-02T01:01:04.695736+02:00
307437971,de:12071:900445801:2:51,0.0,2026-10-02T01:01:04.695736+02:00
307437971,de:12071:900445751:2:51,-1.0,2026-10-02T01:01:04.695736+02:00
307437971,de:12071:900445750:2:51,0.0,2026-10-02T01:01:04.695736+02:00
307437971,de:12071:900446103:1:50,0.0,2026-10-02T01:01:04.695736+02:00
307437971,de:12071:900446411:1:50,0.0,2026-10-02T01:01:04.695736+02:00
307437971,de:12052:900470307:1:50,0.0,2026-10-02T01:01:04.695736+02:00
307437971,de:12052:900470163:1:50,0.0,2026-10-02T01:01:04.695736+02:00
307437971,de:12052:900470001:1:50,0.0,2026-10-02T01:01:04.695736+02:00
307437971,de:12052:900470000:4:55,0.0,2026-10-02T01:01:04.695736+02:00
307437971,de:12066:900435459:2:51,0.0,2026-10-02T01:01:04.695736+02:00
307437971,de:12062:900415005:2:51,0.0,2026-10-02T01:01:04.695736+02:00
307437971,de:12062:900415112:3:52,0.0,2026-10-02T01:01:04.695736+02:00
307437971,de:12062:900415345:4:55,-4.0,2026-10-02T01:01:04.695736+02:00
307437971,de:14730:8011131,0.0,2026-10-02T01:01:04.695736+02:00
307437971,de:14730:8010351,0.0,2026-10-02T01:01:04.695736+02:00
307437971,de:14730:8010095,0.0,2026-10-02T01:01:04.695736+02:00
307437971,de:14730:8013093,0.0,2026-10-02T01:01:04.695736+02:00
307437971,de:14713:8010205,0.0,2026-10-02T01:01:04.695736+02:00
295893056,de:12072:900245027:2:52,0.0,2026-10-02T01:01:04.695736+02:00
295893056,de:12072:900245028:1:50,-0.9,2026-10-02T01:01:04.695736+02:00
295893056,de:11000:900074201:1:50,0.1,2026-10-02T01:01:04.695736+02:00
295893056,de:11000:900074202:2:51,-0.1,2026-10-02T01:01:04.695736+02:00
295893056,de:11000:900072101:2:51,-0.1,2026-10-02T01:01:04.695736+02:00
295893056,de:11000:900073101:1:51,-0.4,2026-10-02T01:01:04.695736+02:00
295906906,de:11000:900029101:1:50,0.0,2026-10-02T01:01:04.695736+02:00
295906906,de:11000:900030202:1:50,4.7,2026-10-02T01:01:04.695736+02:00
295906906,de:11000:900025424:1:51,3.8,2026-10-02T01:01:04.695736+02:00
295906906,de:11000:900025321:1:51,3.8,2026-10-02T01:01:04.695736+02:00
295906906,de:11000:900026105:1:50,4.6,2026-10-02T01:01:04.695736+02:00
295906906,de:11000:900025423:1:50,4.3,2026-10-02T01:01:04.695736+02:00
295906906,de:11000:900024102:2:53,4.3,2026-10-02T01:01:04.695736+02:00
295906906,de:11000:900024101:3:55,4.7,2026-10-02T01:01:04.695736+02:00
295907122,de:12067:900310004:3:52,0.0,2026-10-02T01:01:04.695736+02:00
295907122,de:11000:900183002:1:50,-0.1,2026-10-02T01:01:04.695736+02:00
307443110,de:15091:8010222,0.0,2026-10-02T01:01:04.695736+02:00
307443110,de:15091:8013418,0.0,2026-10-02T01:01:04.695736+02:00
307443110,de:15091:8013371,0.0,2026-10-02T01:01:04.695736+02:00
307443110,de:12072:900245018:1:50,0.0,2026-10-02T01:01:04.695736+02:00
307443110,de:12072:900245002:3:53,0.0,2026-10-02T01:01:04.695736+02:00
307443110,de:12072:900245016:2:51,0.0,2026-10-02T01:01:04.695736+02:00
307443110,de:12072:900245014:2:51,0.0,2026-10-02T01:01:04.695736+02:00
307443110,de:12072:900245029:2:52,0.0,2026-10-02T01:01:04.695736+02:00
307443110,de:12072:900245030:2:51,0.0,2026-10-02T01:01:04.695736+02:00
307443110,de:12072:900245032:2:51,-3.0,2026-10-02T01:01:04.695736+02:00
307443110,de:12069:900220001:2:51,0.0,2026-10-02T01:01:04.695736+02:00
307443110,de:11000:900064301:2:51,0.0,2026-10-02T01:01:04.695736+02:00
307443110,de:11000:900058101:3:55,0.0,2026-10-02T01:01:04.695736+02:00
307443110,de:11000:900100020:2:52,0.0,2026-10-02T01:01:04.695736+02:00
307443110,de:11000:900003200:3:55,0.0,2026-10-02T01:01:04.695736+02:00
307443110,de:11000:900007102:5:58,-1.0,2026-10-02T01:01:04.695736+02:00
307443110,de:12060:900350160:2:53,0.0,2026-10-02T01:01:04.695736+02:00
307443110,de:12060:900350127:2:52,-2.0,2026-10-02T01:01:04.695736+02:00
307443110,de:12060:900350124:1:50,0.0,2026-10-02T01:01:04.695736+02:00
307443110,de:12060:900350125:1:50,0.0,2026-10-02T01:01:04.695736+02:00
307443110,000300570037,0.0,2026-10-02T01:01:04.695736+02:00
307443110,de:12073:900340003:1:50,0.0,2026-10-02T01:01:04.695736+02:00
307443110,de:12073:900341111:1:50,0.0,2026-10-02T01:01:04.695736+02:00
307443110,de:12073:900341110:1:50,0.0,2026-10-02T01:01:04.695736+02:00
307443626,de:12073:900341110:1:50,0.0,2026-10-02T01:01:04.695736+02:00
307443626,de:12073:900341111:1:50,0.0,2026-10-02T01:01:04.695736+02:00
307443626,de:12073:900340003:1:50,-1.0,2026-10-02T01:01:04.695736+02:00
307443626,000300570037,0.0,2026-10-02T01:01:04.695736+02:00
307443626,de:12060:900350125:2:51,-1.0,2026-10-02T01:01:04.695736+02:00
307443626,de:12060:900350124:1:50,0.0,2026-10-02T01:01:04.695736+02:00
307443626,de:12060:900350127:2:52,0.0,2026-10-02T01:01:04.695736+02:00
307443626,de:12060:900350126:1:50,0.0,2026-10-02T01:01:04.695736+02:00
307443626,de:12060:900350137:2:51,0.0,2026-10-02T01:01:04.695736+02:00
307443626,de:12060:900350158:2:51,-1.0,2026-10-02T01:01:04.695736+02:00
307443626,de:12060:900350160:2:52,-1.0,2026-10-02T01:01:04.695736+02:00
307443626,de:11000:900007102:4:57,-1.0,2026-10-02T01:01:04.695736+02:00
307443626,de:11000:900003200:1:51,-1.0,2026-10-02T01:01:04.695736+02:00
307443626,de:11000:900100020:1:50,0.0,2026-10-02T01:01:04.695736+02:00
307443626,de:11000:900058101:2:52,0.0,2026-10-02T01:01:04.695736+02:00
307443626,de:11000:900064301:2:51,0.0,2026-10-02T01:01:04.695736+02:00
307443626,de:12069:900220001:1:50,0.0,2026-10-02T01:01:04.695736+02:00
307443626,de:12072:900245032:1:50,0.0,2026-10-02T01:01:04.695736+02:00
307433905,de:12071:900445010:2:52,2.0,2026-10-02T01:01:04.695736+02:00
307433905,de:12071:900445122:1:50,4.0,2026-10-02T01:01:04.695736+02:00
307433905,de:12052:900470001:3:52,4.0,2026-10-02T01:01:04.695736+02:00
307433905,de:12052:900470000:3:53,0.0,2026-10-02T01:01:04.695736+02:00
307433922,de:12052:900470000:3:53,0.0,2026-10-02T01:01:04.695736+02:00
307433922,de:12052:900470001:3:52,0.0,2026-10-02T01:01:04.695736+02:00
307433922,de:12071:900445122:1:50,0.0,2026-10-02T01:01:04.695736+02:00
307433922,de:12071:900445010:2:52,0.0,2026-10-02T01:01:04.695736+02:00
295960101,de:11000:900186001:2:52,0.0,2026-10-02T01:01:04.695736+02:00
295960101,de:11000:900193002:1:51,-0.2,2026-10-02T01:01:04.695736+02:00
295960101,de:11000:900193001:2:51,0.2,2026-10-02T01:01:04.695736+02:00
295960101,de:11000:900192001:3:55,0.3,2026-10-02T01:01:04.695736+02:00
295960101,de:11000:900191001:1:50,0.6,2026-10-02T01:01:04.695736+02:00
295933124,de:11000:900180003:1:50,0.0,2026-10-02T01:01:04.695736+02:00
295933124,de:11000:900192002:1:50,-0.4,2026-10-02T01:01:04.695736+02:00
295933124,de:11000:900192001:3:54,-0.2,2026-10-02T01:01:04.695736+02:00
295933124,de:11000:900191001:1:50,-0.9,2026-10-02T01:01:04.695736+02:00
295933124,de:11000:900077155:1:50,-0.4,2026-10-02T01:01:04.695736+02:00
295933124,de:11000:900078201:1:50,-0.9,2026-10-02T01:01:04.695736+02:00
295933124,de:11000:900079221:1:50,-0.7,2026-10-02T01:01:04.695736+02:00
295933124,de:11000:900068201:1:50,-0.3,2026-10-02T01:01:04.695736+02:00
295933124,de:11000:900058101:5:58,-0.6,2026-10-02T01:01:04.695736+02:00
307286724,de:11000:900040101:1:50,0.0,2026-10-02T01:01:04.695736+02:00
307286724,de:11000:900044101:1:50,-0.8,2026-10-02T01:01:04.695736+02:00
307286724,de:11000:900045102:1:51,-0.9,2026-10-02T01:01:04.695736+02:00
307286724,de:11000:900044202:1:51,-0.9,2026-10-02T01:01:04.695736+02:00
307286724,de:11000:900054105:1:51,-0.7,2026-10-02T01:01:04.695736+02:00
307286724,de:11000:900054104:2:53,-0.3,2026-10-02T01:01:04.695736+02:00
307286724,de:11000:900058101:5:59,-0.2,2026-10-02T01:01:04.695736+02:00
307286724,de:11000:900068201:1:51,-0.8,2026-10-02T01:01:04.695736+02:00
307286724,de:11000:900079221:1:51,-0.4,2026-10-02T01:01:04.695736+02:00
307286724,de:11000:900078201:1:51,-0.1,2026-10-02T01:01:04.695736+02:00
307286724,de:11000:900077106:1:51,0.0,2026-10-02T01:01:04.695736+02:00
307286724,de:11000:900190001:2:52,-0.9,2026-10-02T01:01:04.695736+02:00
307286724,de:11000:900120003:5:59,-0.4,2026-10-02T01:01:04.695736+02:00
307286724,de:11000:900120001:1:51,0.0,2026-10-02T01:01:04.695736+02:00
307286724,de:11000:900110012:1:51,-0.2,2026-10-02T01:01:04.695736+02:00
307286724,de:11000:900110004:1:51,-0.1,2026-10-02T01:01:04.695736+02:00
307286724,de:11000:900110003:1:51,-0.4,2026-10-02T01:01:04.695736+02:00
307286724,de:11000:900110002:1:51,-0.4,2026-10-02T01:01:04.695736+02:00
307286724,de:11000:900110001:1:51,-0.1,2026-10-02T01:01:04.695736+02:00
307286724,de:11000:900007102:1:51,-0.6,2026-10-02T01:01:04.695736+02:00
307286724,de:11000:900009104:1:50,-0.8,2026-10-02T01:01:04.695736+02:00
307286724,de:11000:900001201:1:50,-0.3,2026-10-02T01:01:04.695736+02:00
307286724,de:11000:900020202:1:50,-0.1,2026-10-02T01:01:04.695736+02:00
295879347,de:12065:900200005:3:2,0.0,2026-10-02T01:01:04.695736+02:00
295879347,de:12065:900200006:1:51,-0.3,2026-10-02T01:01:04.695736+02:00
295879347,de:12065:900200007:1:51,-0.7,2026-10-02T01:01:04.695736+02:00
295879347,de:12065:900200008:1:51,-0.2,2026-10-02T01:01:04.695736+02:00
295879347,de:12065:900200009:1:51,-0.1,2026-10-02T01:01:04.695736+02:00
295879347,de:11000:900092201:1:51,-0.7,2026-10-02T01:01:04.695736+02:00
295879347,de:11000:900093201:1:51,-0.4,2026-10-02T01:01:04.695736+02:00
295879347,de:11000:900094101:1:51,-0.8,2026-10-02T01:01:04.695736+02:00
295879347,de:11000:900096101:1:51,-0.1,2026-10-02T01:01:04.695736+02:00
295879347,de:11000:900084101:1:51,-0.2,2026-10-02T01:01:04.695736+02:00
295879347,de:11000:900085201:1:51,-0.8,2026-10-02T01:01:04.695736+02:00
295879347,de:11000:900130003:1:51,-0.8,2026-10-02T01:01:04.695736+02:00
295879347,de:11000:900110011:1:50,-0.9,2026-10-02T01:01:04.695736+02:00
295879347,de:11000:900007102:1:50,-0.9,2026-10-02T01:01:04.695736+02:00
295879347,de:11000:900008101:1:50,0.0,2026-10-02T01:01:04.695736+02:00
295879347,de:11000:900007104:1:51,-0.7,2026-10-02T01:01:04.695736+02:00
295879347,de:11000:900100007:1:50,-0.7,2026-10-02T01:01:04.695736+02:00
295879347,de:11000:900100001:4:56,-0.5,2026-10-02T01:01:04.695736+02:00
295879347,de:11000:900100025:1:50,-0.4,2026-10-02T01:01:04.695736+02:00
295879347,de:11000:900100020:3:54,-0.4,2026-10-02T01:01:04.695736+02:00
295879347,de:11000:900012101:1:51,-0.5,2026-10-02T01:01:04.695736+02:00
295879347,de:11000:900057102:1:50,-0.7,2026-10-02T01:01:04.695736+02:00
295879347,de:11000:900057104:2:51,-0.4,2026-10-02T01:01:04.695736+02:00
295879347,de:11000:900054104:1:50,-0.3,2026-10-02T01:01:04.695736+02:00
295879347,de:11000:900060101:1:50,-0.3,2026-10-02T01:01:04.695736+02:00
295879347,de:11000:900063101:1:50,-0.1,2026-10-02T01:01:04.695736+02:00
295879347,de:11000:900062202:1:50,-0.1,2026-10-02T01:01:04.695736+02:00
295879347,de:11000:900066102:1:50,-0.2,2026-10-02T01:01:04.695736+02:00
295879347,de:11000:900066101:1:50,-0.1,2026-10-02T01:01:04.695736+02:00
295879347,de:11000:900049202:1:50,-0.3,2026-10-02T01:01:04.695736+02:00
295879347,de:11000:900049201:1:50,-0.4,2026-10-02T01:01:04.695736+02:00
295879347,de:11000:900050301:1:50,0.0,2026-10-02T01:01:04.695736+02:00
295879347,de:11000:900050355:1:50,-0.1,2026-10-02T01:01:04.695736+02:00
295879347,de:11000:900052201:1:50,-0.5,2026-10-02T01:01:04.695736+02:00
295879347,de:11000:900053301:1:51,-0.9,2026-10-02T01:01:04.695736+02:00
295946263,de:11000:900170004:2:52,0.0,2026-10-02T01:01:04.695736+02:00
295946263,de:11000:900170003:1:51,-0.3,2026-10-02T01:01:04.695736+02:00
295946263,de:11000:900170002:1:51,-0.1,2026-10-02T01:01:04.695736+02:00
295946263,de:11000:900170001:1:51,-0.9,2026-10-02T01:01:04.695736+02:00
295946263,de:11000:900170005:1:51,-0.7,2026-10-02T01:01:04.695736+02:00
295946263,de:11000:900171003:1:51,-0.6,2026-10-02T01:01:04.695736+02:00
295946263,de:11000:900171002:1:51,-0.9,2026-10-02T01:01:04.695736+02:00
295946263,de:11000:900160004:1:51,-0.3,2026-10-02T01:01:04.695736+02:00
295946263,de:11000:900160003:1:51,-0.4,2026-10-02T01:01:04.695736+02:00
295946263,de:11000:900120003:3:55,-0.6,2026-10-02T01:01:04.695736+02:00
295946263,de:11000:900120004:2:53,-0.1,2026-10-02T01:01:04.695736+02:00
295946263,de:11000:900120005:5:58,-0.4,2026-10-02T01:01:04.695736+02:00
295946263,de:11000:900100004:1:51,-0.9,2026-10-02T01:01:04.695736+02:00
295946263,de:11000:900100003:2:53,-0.9,2026-10-02T01:01:04.695736+02:00
295946263,de:11000:900100002:1:51,-0.9,2026-10-02T01:01:04.695736+02:00
295946263,de:11000:900100001:3:55,-0.9,2026-10-02T01:01:04.695736+02:00
295946263,de:11000:900003201:3:55,-0.6,2026-10-02T01:01:04.695736+02:00
295946263,de:11000:900003102:1:51,-0.3,2026-10-02T01:01:04.695736+02:00
295946263,de:11000:900003103:1:51,-0.4,2026-10-02T01:01:04.695736+02:00
295946263,de:11000:900023201:3:55,-0.3,2026-10-02T01:01:04.695736+02:00
295946263,de:11000:900024203:1:51,-0.3,2026-10-02T01:01:04.695736+02:00
295946263,de:11000:900024101:4:57,-0.3,2026-10-02T01:01:04.695736+02:00
295946263,de:11000:900024102:1:50,-0.6,2026-10-02T01:01:04.695736+02:00
295946263,de:11000:900048101:1:50,-0.8,2026-10-02T01:01:04.695736+02:00
295946263,de:11000:900052201:2:52,0.0,2026-10-02T01:01:04.695736+02:00
295946263,de:11000:900053301:1:50,-0.4,2026-10-02T01:01:04.695736+02:00
295946263,de:12054:900230003:1:50,-0.4,2026-10-02T01:01:04.695736+02:00
295946263,de:12054:900230000:1:51,-0.4,2026-10-02T01:01:04.695736+02:00
295946263,de:12054:900230999:3:54,-0.9,2026-10-02T01:01:04.695736+02:00
307307067,de:12064:900320001:1:50,0.0,2026-10-02T01:01:04.695736+02:00
307307067,de:12064:900320002:1:50,-0.3,2026-10-02T01:01:04.695736+02:00
307307067,de:12064:900320003:1:50,-0.1,2026-10-02T01:01:04.695736+02:00
307307067,de:12064:900320004:2:51,-0.8,2026-10-02T01:01:04.695736+02:00
307307067,de:12064:900320005:1:50,0.0,2026-10-02T01:01:04.695736+02:00
307307067,de:12064:900320006:1:51,-0.8,2026-10-02T01:01:04.695736+02:00
307307067,de:12064:900320007:1:50,-0.8,2026-10-02T01:01:04.695736+02:00
307307067,de:12064:900320008:1:51,-0.5,2026-10-02T01:01:04.695736+02:00
307307067,de:12064:900320026:1:50,-0.3,2026-10-02T01:01:04.695736+02:00
307307067,de:11000:900176001:2:53,-0.7,2026-10-02T01:01:04.695736+02:00
295940234,de:11000:900176001:2:52,0.0,2026-10-02T01:01:04.695736+02:00
295940234,de:11000:900175002:1:50,-0.7,2026-10-02T01:01:04.695736+02:00
295940234,de:11000:900175001:1:50,-0.6,2026-10-02T01:01:04.695736+02:00
295940234,de:11000:900171001:1:50,-0.3,2026-10-02T01:01:04.695736+02:00
295940234,de:11000:900171002:1:51,-0.4,2026-10-02T01:01:04.695736+02:00
295940234,de:11000:900160004:1:51,-0.8,2026-10-02T01:01:04.695736+02:00
295940234,de:11000:900160003:1:51,-0.9,2026-10-02T01:01:04.695736+02:00
295940234,de:11000:900120003:3:54,-0.1,2026-10-02T01:01:04.695736+02:00
295940234,de:11000:900120004:2:52,-0.6,2026-10-02T01:01:04.695736+02:00
295900237,de:12065:900200000:1:55,0.0,2026-10-02T01:01:04.695736+02:00
295900237,de:11000:900091203:1:50,0.0,2026-10-02T01:01:04.695736+02:00
295900237,de:11000:900091205:1:50,-0.2,2026-10-02T01:01:04.695736+02:00
295900237,de:11000:900089303:1:51,0.5,2026-10-02T01:01:04.695736+02:00
307332697,de:12061:900260009:3:55,0.0,2026-10-02T01:01:04.695736+02:00
307332697,de:12061:900260080:1:51,0.3,2026-10-02T01:01:04.695736+02:00
307332697,de:12061:900260005:3:55,0.0,2026-10-02T01:01:04.695736+02:00
307332697,de:11000:900196001:1:51,0.0,2026-10-02T01:01:04.695736+02:00
307332697,de:11000:900195510:1:50,-0.4,2026-10-02T01:01:04.695736+02:00
307332697,de:11000:900193002:1:51,-0.6,2026-10-02T01:01:04.695736+02:00
307332697,de:11000:900193001:2:51,-0.3,2026-10-02T01:01:04.695736+02:00
306461563,de:12053:900360000:3:55,0.0,2026-10-02T01:01:04.695736+02:00
306461563,de:12053:900360004:1:51,-0.6,2026-10-02T01:01:04.695736+02:00
306461563,de:12067:900310008:2:51,-0.6,2026-10-02T01:01:04.695736+02:00
306461563,de:12067:900310007:2:51,-0.6,2026-10-02T01:01:04.695736+02:00
306461563,de:12067:900310006:2:51,-0.5,2026-10-02T01:01:04.695736+02:00
306461563,de:12067:900310005:2:51,-0.6,2026-10-02T01:01:04.695736+02:00
306461563,de:12067:900310001:2:51,-0.5,2026-10-02T01:01:04.695736+02:00
306461563,de:12067:900310002:2:51,-0.9,2026-10-02T01:01:04.695736+02:00
306461563,de:12067:900310031:1:52,0.0,2026-10-02T01:01:04.695736+02:00
306461563,de:12067:900310004:2:51,-0.3,2026-10-02T01:01:04.695736+02:00
306051682,de:12064:900320006::1,0.0,2026-10-02T01:01:04.695736+02:00
306051682,de:12064:900320639::2,0.0,2026-10-02T01:01:04.695736+02:00
306051682,de:12064:900320650::1,0.0,2026-10-02T01:01:04.695736+02:00
306051682,de:12064:900320652::1,0.0,2026-10-02T01:01:04.695736+02:00
306051682,de:12064:900320657::1,0.0,2026-10-02T01:01:04.695736+02:00
306051682,de:12064:900320658::1,0.0,2026-10-02T01:01:04.695736+02:00
306051682,de:12064:900320653::1,0.0,2026-10-02T01:01:04.695736+02:00
306051682,de:12064:900320654::1,0.0,2026-10-02T01:01:04.695736+02:00
306051682,de:12064:900320655::1,0.0,2026-10-02T01:01:04.695736+02:00
306051682,de:12064:900320661::2,0.0,2026-10-02T01:01:04.695736+02:00
306051682,de:12064:900320661::1,0.0,2026-10-02T01:01:04.695736+02:00
306051682,de:12064:900320268::1,0.0,2026-10-02T01:01:04.695736+02:00
306051682,de:12064:900320257::1,0.0,2026-10-02T01:01:04.695736+02:00
306051682,de:12064:900320261::1,0.0,2026-10-02T01:01:04.695736+02:00
306051682,de:12064:900320265::1,0.0,2026-10-02T01:01:04.695736+02:00
306051682,de:12064:900320260::1,0.0,2026-10-02T01:01:04.695736+02:00
306051682,de:12064:900320283::1,0.0,2026-10-02T01:01:04.695736+02:00
307434331,de:11000:900192001:1:50,0.0,2026-10-02T01:01:04.695736+02:00
307434331,de:11000:900120003:4:57,12.0,2026-10-02T01:01:04.695736+02:00
307434331,de:11000:900007102:4:56,12.0,2026-10-02T01:01:04.695736+02:00
306884145,de:11000:900083201::2,0.0,2026-10-02T01:01:04.695736+02:00
306884145,de:11000:900083101::2,-0.5,2026-10-02T01:01:04.695736+02:00
306884145,de:11000:900083102::2,-0.5,2026-10-02T01:01:04.695736+02:00
306884145,de:11000:900082201::2,0.0,2026-10-02T01:01:04.695736+02:00
306884145,de:11000:900082202::2,-0.5,2026-10-02T01:01:04.695736+02:00
302194397,de:11000:900024101:2:53,0.0,2026-10-02T01:01:04.695736+02:00
302194397,de:11000:900053301:3:54,-0.2,2026-10-02T01:01:04.695736+02:00
302194397,de:12054:900230999:1:51,-0.7,2026-10-02T01:01:04.695736+02:00
302194397,de:12054:900230006:1:50,5.4,2026-10-02T01:01:04.695736+02:00
302194397,de:12054:900230007:1:50,3.6,2026-10-02T01:01:04.695736+02:00
302194397,de:12069:900220009:2:52,3.3,2026-10-02T01:01:04.695736+02:00
302194397,de:12069:900220699:2:51,2.5,2026-10-02T01:01:04.695736+02:00
302194397,de:12069:900220182:1:50,1.8,2026-10-02T01:01:04.695736+02:00
302194397,de:12051:900275110:1:50,1.2,2026-10-02T01:01:04.695736+02:00
306099293,de:11000:900024101:2:52,0.0,2026-10-02T01:01:04.695736+02:00
307420656,de:11000:900143001:1:50,0.0,2026-10-02T01:01:04.695736+02:00
307420656,de:12060:900350164:2:51,0.0,2026-10-02T01:01:04.695736+02:00
307420656,de:12060:900350165:1:50,0.0,2026-10-02T01:01:04.695736+02:00
307420656,de:12060:900350149:1:51,0.0,2026-10-02T01:01:04.695736+02:00
307420656,de:12060:900350169:1:50,0.0,2026-10-02T01:01:04.695736+02:00
307420656,de:12060:900350170:1:50,0.0,2026-10-02T01:01:04.695736+02:00
307420656,de:12060:900350154:1:50,0.0,2026-10-02T01:01:04.695736+02:00
306043509,de:12064:900320004::1,0.0,2026-10-02T01:01:04.695736+02:00
306043509,de:12064:900320600::2,0.0,2026-10-02T01:01:04.695736+02:00
306043509,de:12064:900320609::1,0.0,2026-10-02T01:01:04.695736+02:00
306043509,de:12064:900320630::1,0.0,2026-10-02T01:01:04.695736+02:00
306043509,de:12064:900320701::1,0.0,2026-10-02T01:01:04.695736+02:00
306043509,de:12064:900320631::1,0.0,2026-10-02T01:01:04.695736+02:00
306043509,de:12064:900320632::1,0.0,2026-10-02T01:01:04.695736+02:00
306043509,de:12064:900320635::1,0.0,2026-10-02T01:01:04.695736+02:00
306043509,de:12064:900320005::3,0.0,2026-10-02T01:01:04.695736+02:00
306043509,de:12064:900320685::1,0.0,2026-10-02T01:01:04.695736+02:00
306043509,de:12064:900320638::1,0.0,2026-10-02T01:01:04.695736+02:00
306043509,de:12064:900320650::1,0.0,2026-10-02T01:01:04.695736+02:00
306043509,de:12064:900320652::1,0.0,2026-10-02T01:01:04.695736+02:00
306043509,de:12064:900320657::1,0.0,2026-10-02T01:01:04.695736+02:00
306043509,de:12064:900320658::1,0.0,2026-10-02T01:01:04.695736+02:00
306043509,de:12064:900320674::2,0.0,2026-10-02T01:01:04.695736+02:00
306043509,de:12064:900320675::2,0.0,2026-10-02T01:01:04.695736+02:00
306043509,de:12064:900320639::2,0.0,2026-10-02T01:01:04.695736+02:00
306884788,de:11000:900029302::1,0.0,2026-10-02T01:01:04.695736+02:00
306884788,de:11000:900029301::1,0.0,2026-10-02T01:01:04.695736+02:00
306884788,de:11000:900033101::1,-0.5,2026-10-02T01:01:04.695736+02:00
306884788,de:11000:900034102::1,-0.5,2026-10-02T01:01:04.695736+02:00
306052005,de:12064:900321742::4,0.0,2026-10-02T01:01:04.695736+02:00
306052005,de:12064:900321751::1,0.0,2026-10-02T01:01:04.695736+02:00
306052005,de:12064:900321380::1,0.0,2026-10-02T01:01:04.695736+02:00
306052005,de:12064:900321381::2,0.0,2026-10-02T01:01:04.695736+02:00
306052005,de:12064:900321833::1,0.0,2026-10-02T01:01:04.695736+02:00
306052005,de:12064:900321490::1,0.0,2026-10-02T01:01:04.695736+02:00
306052005,de:12064:900321491::1,0.0,2026-10-02T01:01:04.695736+02:00
306052005,de:12064:900321492::1,0.0,2026-10-02T01:01:04.695736+02:00
306052005,de:12064:900320218::1,0.0,2026-10-02T01:01:04.695736+02:00
306052005,de:12064:900320225::1,0.0,2026-10-02T01:01:04.695736+02:00
306052005,de:12064:900320226::2,0.0,2026-10-02T01:01:04.695736+02:00
306052005,de:12064:900320228::1,0.0,2026-10-02T01:01:04.695736+02:00
306042301,de:12060:900350330::3,0.0,2026-10-02T01:01:04.695736+02:00
306042301,de:12060:900350337::2,0.0,2026-10-02T01:01:04.695736+02:00
306042301,de:12060:900350341::2,0.0,2026-10-02T01:01:04.695736+02:00
306042301,de:12060:900350351::2,0.0,2026-10-02T01:01:04.695736+02:00
306042301,de:12060:900350362::1,0.0,2026-10-02T01:01:04.695736+02:00
306042301,de:12060:900350370::1,0.0,2026-10-02T01:01:04.695736+02:00
306042301,de:12060:900350379::2,0.0,2026-10-02T01:01:04.695736+02:00
306042301,de:12060:900350368::2,0.0,2026-10-02T01:01:04.695736+02:00
306042301,de:12060:900350732::1,0.0,2026-10-02T01:01:04.695736+02:00
306042301,de:12060:900350730::1,0.0,2026-10-02T01:01:04.695736+02:00
306042301,de:12064:900321091::1,0.0,2026-10-02T01:01:04.695736+02:00
306042301,de:12064:900321093::1,0.0,2026-10-02T01:01:04.695736+02:00
306042301,de:12064:900321092::1,0.0,2026-10-02T01:01:04.695736+02:00
306042301,de:12060:900350726::1,0.0,2026-10-02T01:01:04.695736+02:00
306042301,de:12064:900320990::2,0.0,2026-10-02T01:01:04.695736+02:00
306042301,de:12064:900320555::1,0.0,2026-10-02T01:01:04.695736+02:00
306042301,de:12064:900320557::2,0.0,2026-10-02T01:01:04.695736+02:00
306042301,de:12064:900320558::2,0.0,2026-10-02T01:01:04.695736+02:00
306042301,de:12064:900320560::2,0.0,2026-10-02T01:01:04.695736+02:00
306042301,de:12064:900320025::2,0.0,2026-10-02T01:01:04.695736+02:00
306042301,de:12064:900320550::1,0.0,2026-10-02T01:01:04.695736+02:00
306042301,de:12064:900320567::1,0.0,2026-10-02T01:01:04.695736+02:00
306042301,de:12064:900320004::2,0.0,2026-10-02T01:01:04.695736+02:00
306049339,de:12064:900320005::2,0.0,2026-10-02T01:01:04.695736+02:00
306049339,de:12064:900320635::2,0.0,2026-10-02T01:01:04.695736+02:00
306049339,de:12064:900320611::2,0.0,2026-10-02T01:01:04.695736+02:00
306049339,de:12064:900320631::2,0.0,2026-10-02T01:01:04.695736+02:00
306049339,de:12064:900320701::2,0.0,2026-10-02T01:01:04.695736+02:00
306049339,de:12064:900320700::2,0.0,2026-10-02T01:01:04.695736+02:00
306049339,de:12064:900320684::2,0.0,2026-10-02T01:01:04.695736+02:00
306049339,de:12064:900320703::2,0.0,2026-10-02T01:01:04.695736+02:00
306049339,de:12064:900320683::2,0.0,2026-10-02T01:01:04.695736+02:00
306049339,de:12064:900320688::2,0.0,2026-10-02T01:01:04.695736+02:00
306049339,de:12064:900320677::2,0.0,2026-10-02T01:01:04.695736+02:00
306049339,de:12064:900320687::2,0.0,2026-10-02T01:01:04.695736+02:00
306049339,de:12064:900320681::2,0.0,2026-10-02T01:01:04.695736+02:00
306049339,de:12064:900320676::2,0.0,2026-10-02T01:01:04.695736+02:00
306049339,de:12064:900320009::1,0.0,2026-10-02T01:01:04.695736+02:00
306044958,de:12064:900320014::1,0.0,2026-10-02T01:01:04.695736+02:00
306044958,de:12064:900320227::1,0.0,2026-10-02T01:01:04.695736+02:00
306044958,de:12064:900320214::1,0.0,2026-10-02T01:01:04.695736+02:00
306044958,de:12064:900320211::1,0.0,2026-10-02T01:01:04.695736+02:00
306044958,de:12064:900320228::1,0.0,2026-10-02T01:01:04.695736+02:00
306052933,de:12064:900321585::1,0.0,2026-10-02T01:01:04.695736+02:00
306052933,de:12064:900321832::2,0.0,2026-10-02T01:01:04.695736+02:00
306052933,de:12064:900321831::2,0.0,2026-10-02T01:01:04.695736+02:00
306052933,de:12064:900321439::1,0.0,2026-10-02T01:01:04.695736+02:00
306052933,de:12064:900321381::1,0.0,2026-10-02T01:01:04.695736+02:00
306052933,de:12064:900321381::1,-8.0,2026-10-02T01:01:04.695736+02:00
306052933,de:12064:900321616::1,0.0,2026-10-02T01:01:04.695736+02:00
306052933,de:12064:900321381::1,8.0,2026-10-02T01:01:04.695736+02:00
306052933,de:12064:900321381::1,0.0,2026-10-02T01:01:04.695736+02:00
306052933,de:12064:900321380::2,0.0,2026-10-02T01:01:04.695736+02:00
306052933,de:12064:900321751::2,0.0,2026-10-02T01:01:04.695736+02:00
306052933,de:12064:900321742::2,0.0,2026-10-02T01:01:04.695736+02:00
306052933,de:12064:900321749::1,0.0,2026-10-02T01:01:04.695736+02:00
306052933,de:12064:900321745::1,0.0,2026-10-02T01:01:04.695736+02:00
306052933,de:12064:900321748::2,0.0,2026-10-02T01:01:04.695736+02:00
306042876,de:12064:900320014::2,0.0,2026-10-02T01:01:04.695736+02:00
306042876,de:12064:900320828::1,0.0,2026-10-02T01:01:04.695736+02:00
306042876,de:12064:900320828::1,-4.0,2026-10-02T01:01:04.695736+02:00
306042876,de:12064:900320802::1,0.0,2026-10-02T01:01:04.695736+02:00
306042876,de:12064:900320828::1,4.0,2026-10-02T01:01:04.695736+02:00
306042876,de:12064:900320828::1,0.0,2026-10-02T01:01:04.695736+02:00
306042876,de:12064:900320803::2,0.0,2026-10-02T01:01:04.695736+02:00
306042876,de:12064:900320827::2,0.0,2026-10-02T01:01:04.695736+02:00
306042876,de:12064:900320824::2,0.0,2026-10-02T01:01:04.695736+02:00
306042876,de:12064:900320825::2,0.0,2026-10-02T01:01:04.695736+02:00
306042876,de:12064:900320822::2,0.0,2026-10-02T01:01:04.695736+02:00
306042876,de:12064:900320821::2,0.0,2026-10-02T01:01:04.695736+02:00
306042876,de:12064:900320819::1,0.0,2026-10-02T01:01:04.695736+02:00
306044106,de:12064:900320204::1,0.0,2026-10-02T01:01:04.695736+02:00
306044106,de:12064:900320230::1,0.0,2026-10-02T01:01:04.695736+02:00
306044106,de:12064:900320233::1,0.0,2026-10-02T01:01:04.695736+02:00
306044106,de:12064:900320235::1,0.0,2026-10-02T01:01:04.695736+02:00
306044106,de:12064:900320234::1,0.0,2026-10-02T01:01:04.695736+02:00
306044106,de:12064:900320212::1,0.0,2026-10-02T01:01:04.695736+02:00
306044106,de:12064:900320223::1,0.0,2026-10-02T01:01:04.695736+02:00
306044106,de:12064:900320221::1,0.0,2026-10-02T01:01:04.695736+02:00
306044106,de:12064:900320213::1,0.0,2026-10-02T01:01:04.695736+02:00
306044106,de:12064:900320226::2,0.0,2026-10-02T01:01:04.695736+02:00
306044106,de:12064:900320228::1,0.0,2026-10-02T01:01:04.695736+02:00
307420520,de:11000:900160004:2:52,0.0,2026-10-02T01:01:04.695736+02:00
307420520,de:11000:900176001:3:54,0.0,2026-10-02T01:01:04.695736+02:00
307420520,de:12064:900320004:1:50,0.0,2026-10-02T01:01:04.695736+02:00
307420520,de:12064:900320011:2:51,0.0,2026-10-02T01:01:04.695736+02:00
307420520,de:12064:900320012:1:50,0.0,2026-10-02T01:01:04.695736+02:00
307420520,de:12064:900320014:1:50,0.0,2026-10-02T01:01:04.695736+02:00
306099354,de:11000:900007102:4:57,0.0,2026-10-02T01:01:04.695736+02:00
306099354,de:11000:900003200:1:51,0.0,2026-10-02T01:01:04.695736+02:00
307433522,de:12072:900245029:2:52,0.0,2026-10-02T01:01:04.695736+02:00
307433522,de:12072:900245030:2:51,0.0,2026-10-02T01:01:04.695736+02:00
307433522,de:12061:900260009:2:54,0.0,2026-10-02T01:01:04.695736+02:00
307433522,de:11000:900192001:1:51,0.0,2026-10-02T01:01:04.695736+02:00
307433522,de:11000:900120003:4:57,0.0,2026-10-02T01:01:04.695736+02:00
307433522,de:11000:900160004:4:56,0.0,2026-10-02T01:01:04.695736+02:00
307433881,de:12071:900445010:2:52,0.0,2026-10-02T01:01:04.695736+02:00
307433881,de:12071:900445122:1:50,0.0,2026-10-02T01:01:04.695736+02:00
307433881,de:12052:900470001:3:52,0.0,2026-10-02T01:01:04.695736+02:00
307433881,de:12052:900470000:1:50,0.0,2026-10-02T01:01:04.695736+02:00
295882533,de:11000:900049201:1:51,0.0,2026-10-02T01:01:04.695736+02:00
295882533,de:11000:900049202:1:51,0.0,2026-10-02T01:01:04.695736+02:00
295882533,de:11000:900066101:1:51,-0.3,2026-10-02T01:01:04.695736+02:00
295882533,de:11000:900066102:1:51,-0.2,2026-10-02T01:01:04.695736+02:00
295882533,de:11000:900062202:1:51,-0.2,2026-10-02T01:01:04.695736+02:00
295882533,de:11000:900063101:1:51,-0.2,2026-10-02T01:01:04.695736+02:00
295882533,de:11000:900060101:1:51,-0.9,2026-10-02T01:01:04.695736+02:00
295882533,de:11000:900054104:1:51,-0.9,2026-10-02T01:01:04.695736+02:00
295882533,de:11000:900057104:1:50,-0.4,2026-10-02T01:01:04.695736+02:00
295882533,de:11000:900057102:1:51,-0.1,2026-10-02T01:01:04.695736+02:00
295882533,de:11000:900012101:2:52,-0.9,2026-10-02T01:01:04.695736+02:00
295882533,de:11000:900100020:4:57,-0.3,2026-10-02T01:01:04.695736+02:00
295882533,de:11000:900100025:1:51,-0.4,2026-10-02T01:01:04.695736+02:00
295882533,de:11000:900100001:4:57,-0.1,2026-10-02T01:01:04.695736+02:00
295882533,de:11000:900100007:1:51,-0.2,2026-10-02T01:01:04.695736+02:00
295882533,de:11000:900007104:2:52,-0.2,2026-10-02T01:01:04.695736+02:00
295882533,de:11000:900008101:1:51,-0.9,2026-10-02T01:01:04.695736+02:00
295882533,de:11000:900007102:2:53,-0.6,2026-10-02T01:01:04.695736+02:00
295882533,de:11000:900110011:2:53,-0.9,2026-10-02T01:01:04.695736+02:00
295882533,de:11000:900085201:1:50,-0.9,2026-10-02T01:01:04.695736+02:00
295882533,de:11000:900084101:1:50,-0.7,2026-10-02T01:01:04.695736+02:00
295882533,de:11000:900096101:1:50,-0.8,2026-10-02T01:01:04.695736+02:00
295882533,de:11000:900094101:1:50,-0.1,2026-10-02T01:01:04.695736+02:00
307275237,de:11000:900180002:1:50,0.0,2026-10-02T01:01:04.695736+02:00
307275237,de:11000:900180001:1:51,-0.8,2026-10-02T01:01:04.695736+02:00
307275237,de:11000:900182001:1:51,-0.3,2026-10-02T01:01:04.695736+02:00
307275237,de:11000:900182002:1:51,-0.5,2026-10-02T01:01:04.695736+02:00
307431401,de:12065:900200000:1:51,0.0,2026-10-02T01:01:04.695736+02:00
307431401,de:12063:900210010:2:51,0.0,2026-10-02T01:01:04.695736+02:00
307431401,de:11000:900029101:3:55,0.0,2026-10-02T01:01:04.695736+02:00
307431401,de:11000:900024101:1:51,0.0,2026-10-02T01:01:04.695736+02:00
307431401,de:11000:900053301:3:54,0.0,2026-10-02T01:01:04.695736+02:00
307431401,de:12054:900230003:3:52,0.0,2026-10-02T01:01:04.695736+02:00
307431401,de:12054:900230999:1:51,0.0,2026-10-02T01:01:04.695736+02:00
307431401,de:12054:900230006:1:50,0.0,2026-10-02T01:01:04.695736+02:00
307431401,de:12054:900230007:1:50,0.0,2026-10-02T01:01:04.695736+02:00
307431401,de:12054:900220010:1:50,0.0,2026-10-02T01:01:04.695736+02:00
307431401,de:12054:900220012:2:51,0.0,2026-10-02T01:01:04.695736+02:00
307431401,de:12063:900210001:2:51,0.0,2026-10-02T01:01:04.695736+02:00
307437758,de:12052:900470000:4:55,0.0,2026-10-02T01:01:04.695736+02:00
307437758,de:12071:900445986:2:51,1.0,2026-10-02T01:01:04.695736+02:00
307437758,de:12071:900445360:1:51,1.0,2026-10-02T01:01:04.695736+02:00
307437758,de:12066:900435347:1:50,0.0,2026-10-02T01:01:04.695736+02:00
307437758,de:12066:900435800:1:50,0.0,2026-10-02T01:01:04.695736+02:00
307437758,de:12066:900435001:2:52,0.0,2026-10-02T01:01:04.695736+02:00
307437758,de:12066:900435000:2:52,-1.0,2026-10-02T01:01:04.695736+02:00
307431121,de:12063:900210001:1:50,0.0,2026-10-02T01:01:04.695736+02:00
307431121,de:12054:900220012:1:50,0.0,2026-10-02T01:01:04.695736+02:00
307431121,de:12054:900220010:2:51,0.0,2026-10-02T01:01:04.695736+02:00
307431121,de:12054:900230007:2:52,0.0,2026-10-02T01:01:04.695736+02:00
307431121,de:12054:900230006:2:51,0.0,2026-10-02T01:01:04.695736+02:00
307431121,de:12054:900230999:2:53,0.0,2026-10-02T01:01:04.695736+02:00
307431121,de:12054:900230003:4:53,0.0,2026-10-02T01:01:04.695736+02:00
307431121,de:11000:900053301:3:55,0.0,2026-10-02T01:01:04.695736+02:00
307431121,de:11000:900024101:1:50,0.0,2026-10-02T01:01:04.695736+02:00
307431121,de:11000:900029101:2:52,0.0,2026-10-02T01:01:04.695736+02:00
307431121,de:12063:900210010:1:50,0.0,2026-10-02T01:01:04.695736+02:00
307431121,de:12065:900200000:1:51,-1.0,2026-10-02T01:01:04.695736+02:00
307444546,de:11000:900029101:3:54,0.0,2026-10-02T01:01:04.695736+02:00
307444546,de:11000:900020201:1:50,0.0,2026-10-02T01:01:04.695736+02:00
307444546,de:11000:900003200:1:51,-1.0,2026-10-02T01:01:04.695736+02:00
307444546,de:11000:900100020:1:51,0.0,2026-10-02T01:01:04.695736+02:00
307444546,de:11000:900058101:2:53,0.0,2026-10-02T01:01:04.695736+02:00
307444546,de:11000:900064301:1:50,0.0,2026-10-02T01:01:04.695736+02:00
307444546,de:12072:900245029:1:50,0.0,2026-10-02T01:01:04.695736+02:00
307444546,de:12072:900245037:1:50,0.0,2026-10-02T01:01:04.695736+02:00
307444546,de:12072:900245010:1:50,0.0,2026-10-02T01:01:04.695736+02:00
307444546,de:12072:900245016:1:50,0.0,2026-10-02T01:01:04.695736+02:00
307444546,de:12072:900245002:2:52,-1.0,2026-10-02T01:01:04.695736+02:00
307435107,de:12063:900210005:1:50,0.0,2026-10-02T01:01:04.695736+02:00
307435107,de:12063:900210326:2:51,-1.0,2026-10-02T01:01:04.695736+02:00
307435107,de:12063:900210011:2:51,0.0,2026-10-02T01:01:04.695736+02:00
307435107,de:12063:900210010:2:51,0.0,2026-10-02T01:01:04.695736+02:00
307435107,de:12063:900210180:2:51,0.0,2026-10-02T01:01:04.695736+02:00
307435107,de:11000:900037168:2:51,0.0,2026-10-02T01:01:04.695736+02:00
307435107,de:11000:900029101:3:54,0.0,2026-10-02T01:01:04.695736+02:00
307435107,de:11000:900007102:4:57,0.0,2026-10-02T01:01:04.695736+02:00
307435107,de:11000:900120003:4:56,-2.0,2026-10-02T01:01:04.695736+02:00
307435107,de:11000:900192001:1:50,0.0,2026-10-02T01:01:04.695736+02:00
307444096,de:12072:900245002:2:52,0.0,2026-10-02T01:01:04.695736+02:00
307444096,de:12072:900245016:2:51,0.0,2026-10-02T01:01:04.695736+02:00
307444096,de:12072:900245010:2:51,0.0,2026-10-02T01:01:04.695736+02:00
307444096,de:12072:900245037:2:51,0.0,2026-10-02T01:01:04.695736+02:00
307444096,de:12072:900245029:2:53,0.0,2026-10-02T01:01:04.695736+02:00
307444096,de:12072:900245030:2:51,0.0,2026-10-02T01:01:04.695736+02:00
307444096,de:12072:900245032:2:51,0.0,2026-10-02T01:01:04.695736+02:00
307444096,de:12069:900220001:2:51,0.0,2026-10-02T01:01:04.695736+02:00
307444096,de:11000:900064301:2:51,0.0,2026-10-02T01:01:04.695736+02:00
307444096,de:11000:900058101:3:55,-1.0,2026-10-02T01:01:04.695736+02:00
307444096,de:11000:900100020:2:52,-1.0,2026-10-02T01:01:04.695736+02:00
307444096,de:11000:900003200:4:56,0.0,2026-10-02T01:01:04.695736+02:00
307444096,de:11000:900020201:1:51,0.0,2026-10-02T01:01:04.695736+02:00
307444096,de:11000:900029101:2:52,0.0,2026-10-02T01:01:04.695736+02:00
307444767,de:11000:900058101:2:53,0.0,2026-10-02T01:01:04.695736+02:00
307444767,de:11000:900100020:2:52,0.0,2026-10-02T01:01:04.695736+02:00
307444767,de:11000:900003200:3:55,1.0,2026-10-02T01:01:04.695736+02:00
307444767,de:11000:900007102:5:58,0.0,2026-10-02T01:01:04.695736+02:00
307444767,de:12065:900200005:1:1,2.0,2026-10-02T01:01:04.695736+02:00
307444767,de:12065:900203709:1:50,0.0,2026-10-02T01:01:04.695736+02:00
307444767,de:12065:900203749:1:50,1.0,2026-10-02T01:01:04.695736+02:00
307444767,de:12065:900203772:1:50,-1.0,2026-10-02T01:01:04.695736+02:00
307444767,de:13071:80001,0.0,2026-10-02T01:01:04.695736+02:00
306051526,de:12064:900320250::2,0.0,2026-10-02T01:01:04.695736+02:00
306051526,de:12064:900320255::2,0.0,2026-10-02T01:01:04.695736+02:00
306051526,de:12064:900320253::2,0.0,2026-10-02T01:01:04.695736+02:00
306051526,de:12064:900320252::2,0.0,2026-10-02T01:01:04.695736+02:00
306051526,de:12064:900320283::2,0.0,2026-10-02T01:01:04.695736+02:00
306051526,de:12064:900320246::3,0.0,2026-10-02T01:01:04.695736+02:00
306051526,de:12064:900320260::2,0.0,2026-10-02T01:01:04.695736+02:00
306051526,de:12064:900320265::2,0.0,2026-10-02T01:01:04.695736+02:00
306051526,de:12064:900320261::2,0.0,2026-10-02T01:01:04.695736+02:00
306051526,de:12064:900320257::2,0.0,2026-10-02T01:01:04.695736+02:00
306051526,de:12064:900320268::2,0.0,2026-10-02T01:01:04.695736+02:00
306051526,de:12064:900320660::2,0.0,2026-10-02T01:01:04.695736+02:00
306051526,de:12064:900320639::1,0.0,2026-10-02T01:01:04.695736+02:00
306051526,de:12064:900320006::1,0.0,2026-10-02T01:01:04.695736+02:00
307258558,de:11000:900143001:1:51,0.0,2026-10-02T01:01:04.695736+02:00
307258558,de:11000:900142001:1:51,-0.3,2026-10-02T01:01:04.695736+02:00
307258558,de:11000:900130001:1:51,-0.8,2026-10-02T01:01:04.695736+02:00
307258558,de:11000:900130002:1:51,-0.3,2026-10-02T01:01:04.695736+02:00
307258558,de:11000:900110011:1:51,-0.7,2026-10-02T01:01:04.695736+02:00
307258558,de:11000:900007102:1:50,-0.7,2026-10-02T01:01:04.695736+02:00
307258558,de:11000:900008101:1:50,-0.5,2026-10-02T01:01:04.695736+02:00
307258558,de:11000:900007104:1:51,-0.2,2026-10-02T01:01:04.695736+02:00
307258558,de:11000:900100007:1:50,-0.2,2026-10-02T01:01:04.695736+02:00
307258558,de:11000:900100001:4:56,0.0,2026-10-02T01:01:04.695736+02:00
307258558,de:11000:900100025:1:50,-0.9,2026-10-02T01:01:04.695736+02:00
307258558,de:11000:900100020:3:54,-0.9,2026-10-02T01:01:04.695736+02:00
307258558,de:11000:900012101:1:51,0.0,2026-10-02T01:01:04.695736+02:00
307258558,de:11000:900058103:1:50,-0.8,2026-10-02T01:01:04.695736+02:00
307258558,de:11000:900058101:1:50,-0.4,2026-10-02T01:01:04.695736+02:00
307258558,de:11000:900058102:1:50,-0.4,2026-10-02T01:01:04.695736+02:00
307258558,de:11000:900068301:1:50,-0.7,2026-10-02T01:01:04.695736+02:00
307258558,de:11000:900073101:1:50,-0.9,2026-10-02T01:01:04.695736+02:00
307258558,de:11000:900072101:1:50,-0.2,2026-10-02T01:01:04.695736+02:00
307258558,de:11000:900074202:1:50,-0.2,2026-10-02T01:01:04.695736+02:00
307258558,de:11000:900074201:1:50,-0.4,2026-10-02T01:01:04.695736+02:00
307258558,de:12072:900245028:1:51,-0.9,2026-10-02T01:01:04.695736+02:00
307258558,de:12072:900245027:2:52,-0.9,2026-10-02T01:01:04.695736+02:00
306046370,de:11000:900175010::4,0.0,2026-10-02T01:01:04.695736+02:00
306046370,de:12064:900320520::1,0.0,2026-10-02T01:01:04.695736+02:00
306046370,de:11000:900320502::1,0.0,2026-10-02T01:01:04.695736+02:00
306046370,de:11000:900176011::1,0.0,2026-10-02T01:01:04.695736+02:00
306046370,de:11000:900176519::1,0.0,2026-10-02T01:01:04.695736+02:00
306046370,de:12064:900320026::1,0.0,2026-10-02T01:01:04.695736+02:00
306046370,de:12064:900320501::1,0.0,2026-10-02T01:01:04.695736+02:00
306046370,de:12064:900320019::1,0.0,2026-10-02T01:01:04.695736+02:00
306046370,de:12064:900320018::1,0.0,2026-10-02T01:01:04.695736+02:00
306046370,de:12064:900320034::1,0.0,2026-10-02T01:01:04.695736+02:00
306046370,de:12064:900320028::1,0.0,2026-10-02T01:01:04.695736+02:00
307286661,de:11000:900024101:3:54,0.0,2026-10-02T01:01:04.695736+02:00
307286661,de:11000:900040101:1:50,-0.2,2026-10-02T01:01:04.695736+02:00
307286661,de:11000:900044101:1:50,-0.3,2026-10-02T01:01:04.695736+02:00
307286661,de:11000:900045102:1:51,-0.4,2026-10-02T01:01:04.695736+02:00
307286661,de:11000:900044202:1:51,-0.4,2026-10-02T01:01:04.695736+02:00
307286661,de:11000:900054105:1:51,-0.2,2026-10-02T01:01:04.695736+02:00
307286661,de:11000:900054104:2:53,-0.8,2026-10-02T01:01:04.695736+02:00
307286661,de:11000:900058101:5:59,-0.2,2026-10-02T01:01:04.695736+02:00
307286661,de:11000:900068201:1:51,-0.8,2026-10-02T01:01:04.695736+02:00
307286661,de:11000:900079221:1:51,-0.4,2026-10-02T01:01:04.695736+02:00
307286661,de:11000:900078201:1:51,-0.1,2026-10-02T01:01:04.695736+02:00
307286661,de:11000:900077106:1:51,0.0,2026-10-02T01:01:04.695736+02:00
307286661,de:11000:900190001:2:52,-0.9,2026-10-02T01:01:04.695736+02:00
307286661,de:11000:900120003:5:59,-0.4,2026-10-02T01:01:04.695736+02:00
307286661,de:11000:900120001:1:51,0.0,2026-10-02T01:01:04.695736+02:00
307286661,de:11000:900110012:1:51,-0.2,2026-10-02T01:01:04.695736+02:00
307286661,de:11000:900110004:1:51,-0.1,2026-10-02T01:01:04.695736+02:00
307286661,de:11000:900110003:1:51,-0.4,2026-10-02T01:01:04.695736+02:00
307286661,de:11000:900110002:1:51,-0.4,2026-10-02T01:01:04.695736+02:00
307286661,de:11000:900110001:1:51,-0.1,2026-10-02T01:01:04.695736+02:00
307286661,de:11000:900007102:1:51,-0.6,2026-10-02T01:01:04.695736+02:00
307286661,de:11000:900009104:1:51,-0.8,2026-10-02T01:01:04.695736+02:00
307286661,de:11000:900001201:1:51,-0.3,2026-10-02T01:01:04.695736+02:00
307286661,de:11000:900020202:1:51,-0.1,2026-10-02T01:01:04.695736+02:00
307280605,de:11000:900020202:1:51,0.0,2026-10-02T01:01:04.695736+02:00
307280605,de:11000:900001201:1:51,-0.2,2026-10-02T01:01:04.695736+02:00
307280605,de:11000:900009104:1:51,-0.8,2026-10-02T01:01:04.695736+02:00
307280605,de:11000:900007102:2:52,-0.9,2026-10-02T01:01:04.695736+02:00
307280605,de:11000:900110001:1:50,-0.6,2026-10-02T01:01:04.695736+02:00
307280605,de:11000:900110002:1:50,-0.4,2026-10-02T01:01:04.695736+02:00
307280605,de:11000:900110003:1:50,-0.4,2026-10-02T01:01:04.695736+02:00
307280605,de:11000:900110004:1:50,-0.8,2026-10-02T01:01:04.695736+02:00
307280605,de:11000:900110012:1:50,-0.7,2026-10-02T01:01:04.695736+02:00
307280605,de:11000:900120001:1:50,-0.7,2026-10-02T01:01:04.695736+02:00
307280605,de:11000:900120003:5:58,-0.1,2026-10-02T01:01:04.695736+02:00
307280605,de:11000:900190001:1:50,-0.4,2026-10-02T01:01:04.695736+02:00
307280605,de:11000:900077106:1:50,-0.4,2026-10-02T01:01:04.695736+02:00
307280605,de:11000:900078201:1:50,-0.3,2026-10-02T01:01:04.695736+02:00
307280605,de:11000:900079221:1:50,-0.2,2026-10-02T01:01:04.695736+02:00
307280605,de:11000:900068201:1:50,-0.8,2026-10-02T01:01:04.695736+02:00
307280605,de:11000:900058101:5:58,-0.1,2026-10-02T01:01:04.695736+02:00
307280605,de:11000:900054104:2:52,-0.2,2026-10-02T01:01:04.695736+02:00
307280605,de:11000:900054105:1:50,-0.9,2026-10-02T01:01:04.695736+02:00
307280605,de:11000:900044202:1:50,-0.7,2026-10-02T01:01:04.695736+02:00
307280605,de:11000:900045102:1:50,-0.7,2026-10-02T01:01:04.695736+02:00
307280605,de:11000:900044101:1:50,-0.8,2026-10-02T01:01:04.695736+02:00
307280605,de:11000:900040101:1:50,-0.8,2026-10-02T01:01:04.695736+02:00
307275440,de:11000:900182002:1:50,0.0,2026-10-02T01:01:04.695736+02:00
307275440,de:11000:900182001:1:50,-0.2,2026-10-02T01:01:04.695736+02:00
307275440,de:11000:900180001:1:50,-0.3,2026-10-02T01:01:04.695736+02:00
307275440,de:11000:900180002:1:50,-0.9,2026-10-02T01:01:04.695736+02:00
307276850,de:12067:900310004:3:52,0.0,2026-10-02T01:01:04.695736+02:00
307276850,de:11000:900183002:1:50,-0.1,2026-10-02T01:01:04.695736+02:00
307276850,de:11000:900183001:1:50,-0.4,2026-10-02T01:01:04.695736+02:00
307276850,de:11000:900182002:1:50,0.0,2026-10-02T01:01:04.695736+02:00
307276850,de:11000:900182001:1:50,-0.2,2026-10-02T01:01:04.695736+02:00
307276850,de:11000:900180001:1:50,-0.3,2026-10-02T01:01:04.695736+02:00
307276850,de:11000:900180002:1:51,-0.1,2026-10-02T01:01:04.695736+02:00
307276850,de:11000:900162001:1:51,-0.9,2026-10-02T01:01:04.695736+02:00
295941746,de:11000:900176001:2:53,0.0,2026-10-02T01:01:04.695736+02:00
295941746,de:12064:900320026:1:51,-0.1,2026-10-02T01:01:04.695736+02:00
295941746,de:12064:900320008:1:50,-0.7,2026-10-02T01:01:04.695736+02:00
295941746,de:12064:900320007:1:50,-0.4,2026-10-02T01:01:04.695736+02:00
295941746,de:12064:900320006:1:50,-0.8,2026-10-02T01:01:04.695736+02:00
295941746,de:12064:900320005:1:50,-0.2,2026-10-02T01:01:04.695736+02:00
295941746,de:12064:900320004:2:51,-0.9,2026-10-02T01:01:04.695736+02:00
295941746,de:12064:900320003:1:50,-0.8,2026-10-02T01:01:04.695736+02:00
295941746,de:12064:900320002:1:50,-0.5,2026-10-02T01:01:04.695736+02:00
295941746,de:12064:900320001:1:50,-0.2,2026-10-02T01:01:04.695736+02:00
295949432,de:11000:900024102:2:52,0.0,2026-10-02T01:01:04.695736+02:00
295949432,de:11000:900024101:3:55,-0.3,2026-10-02T01:01:04.695736+02:00
295949432,de:11000:900024203:1:51,-0.3,2026-10-02T01:01:04.695736+02:00
295949432,de:11000:900023201:3:54,-0.2,2026-10-02T01:01:04.695736+02:00
295949432,de:11000:900003103:1:50,-0.3,2026-10-02T01:01:04.695736+02:00
295949432,de:11000:900003102:1:50,-0.4,2026-10-02T01:01:04.695736+02:00
295949432,de:11000:900003201:3:54,0.0,2026-10-02T01:01:04.695736+02:00
295949432,de:11000:900100001:3:54,-0.6,2026-10-02T01:01:04.695736+02:00
295949432,de:11000:900100002:1:50,-0.9,2026-10-02T01:01:04.695736+02:00
295949432,de:11000:900100003:2:52,-0.6,2026-10-02T01:01:04.695736+02:00
295949432,de:11000:900100004:1:50,-0.9,2026-10-02T01:01:04.695736+02:00
295949432,de:11000:900120005:4:55,-0.1,2026-10-02T01:01:04.695736+02:00
295949432,de:11000:900120004:1:50,-0.6,2026-10-02T01:01:04.695736+02:00
295949432,de:11000:900120003:2:53,-0.9,2026-10-02T01:01:04.695736+02:00
295949432,de:11000:900160003:1:50,-0.2,2026-10-02T01:01:04.695736+02:00
295949432,de:11000:900160004:1:50,-0.2,2026-10-02T01:01:04.695736+02:00
295949432,de:11000:900171002:1:50,-0.7,2026-10-02T01:01:04.695736+02:00
295949432,de:11000:900171003:1:50,-0.8,2026-10-02T01:01:04.695736+02:00
295949432,de:11000:900170005:1:50,-0.3,2026-10-02T01:01:04.695736+02:00
295949432,de:11000:900170001:1:50,-0.1,2026-10-02T01:01:04.695736+02:00
295949432,de:11000:900170002:1:50,-0.9,2026-10-02T01:01:04.695736+02:00
295949432,de:11000:900170003:1:50,-0.7,2026-10-02T01:01:04.695736+02:00
295949432,de:11000:900170004:1:50,-0.9,2026-10-02T01:01:04.695736+02:00
295879401,de:11000:900053301:2:52,0.0,2026-10-02T01:01:04.695736+02:00
295879401,de:11000:900052201:1:51,0.0,2026-10-02T01:01:04.695736+02:00
295879401,de:11000:900050355:1:51,-0.3,2026-10-02T01:01:04.695736+02:00
295879401,de:11000:900050301:1:51,-0.4,2026-10-02T01:01:04.695736+02:00
295879401,de:11000:900049201:1:51,0.0,2026-10-02T01:01:04.695736+02:00
295879401,de:11000:900049202:1:51,0.0,2026-10-02T01:01:04.695736+02:00
295879401,de:11000:900066101:1:51,-0.3,2026-10-02T01:01:04.695736+02:00
295879401,de:11000:900066102:1:51,-0.2,2026-10-02T01:01:04.695736+02:00
295879401,de:11000:900062202:1:51,-0.2,2026-10-02T01:01:04.695736+02:00
295879401,de:11000:900063101:1:51,-0.2,2026-10-02T01:01:04.695736+02:00
295879401,de:11000:900060101:1:51,-0.9,2026-10-02T01:01:04.695736+02:00
295879401,de:11000:900054104:1:51,-0.9,2026-10-02T01:01:04.695736+02:00
295879401,de:11000:900057104:1:50,-0.4,2026-10-02T01:01:04.695736+02:00
295879401,de:11000:900057102:1:51,-0.1,2026-10-02T01:01:04.695736+02:00
295879401,de:11000:900012101:2:52,-0.9,2026-10-02T01:01:04.695736+02:00
295879401,de:11000:900100020:4:57,-0.3,2026-10-02T01:01:04.695736+02:00
295879401,de:11000:900100025:1:51,-0.4,2026-10-02T01:01:04.695736+02:00
295879401,de:11000:900100001:4:57,-0.1,2026-10-02T01:01:04.695736+02:00
295879401,de:11000:900100007:1:51,-0.2,2026-10-02T01:01:04.695736+02:00
295879401,de:11000:900007104:2:52,-0.2,2026-10-02T01:01:04.695736+02:00
295879401,de:11000:900008101:1:51,-0.9,2026-10-02T01:01:04.695736+02:00
295879401,de:11000:900007102:2:53,-0.6,2026-10-02T01:01:04.695736+02:00
295879401,de:11000:900110011:2:53,-0.9,2026-10-02T01:01:04.695736+02:00
295879401,de:11000:900085201:1:50,-0.9,2026-10-02T01:01:04.695736+02:00
295879401,de:11000:900084101:1:50,-0.7,2026-10-02T01:01:04.695736+02:00
295879401,de:11000:900096101:1:50,-0.8,2026-10-02T01:01:04.695736+02:00
295879401,de:11000:900094101:1:50,-0.1,2026-10-02T01:01:04.695736+02:00
295879401,de:11000:900093201:1:50,-0.4,2026-10-02T01:01:04.695736+02:00
295879401,de:11000:900092201:1:50,-0.2,2026-10-02T01:01:04.695736+02:00
295879401,de:12065:900200009:1:50,-0.7,2026-10-02T01:01:04.695736+02:00
295879401,de:12065:900200008:1:50,-0.7,2026-10-02T01:01:04.695736+02:00
295879401,de:12065:900200007:1:50,-0.2,2026-10-02T01:01:04.695736+02:00
295879401,de:12065:900200006:1:50,-0.5,2026-10-02T01:01:04.695736+02:00
295879401,de:12065:900200005:3:1,-0.9,2026-10-02T01:01:04.695736+02:00
307442747,de:15091:8010222,0.0,2026-10-02T01:01:04.695736+02:00
307442747,de:15091:8013418,0.0,2026-10-02T01:01:04.695736+02:00
307442747,de:15091:8011290,0.0,2026-10-02T01:01:04.695736+02:00
307442747,de:15091:8013371,0.0,2026-10-02T01:01:04.695736+02:00
307442747,de:12072:900245018:1:50,0.0,2026-10-02T01:01:04.695736+02:00
307442747,de:12072:900245017:2:51,0.0,2026-10-02T01:01:04.695736+02:00
307442747,de:12072:900245002:1:50,0.0,2026-10-02T01:01:04.695736+02:00
307442747,de:12072:900245016:2:51,0.0,2026-10-02T01:01:04.695736+02:00
307442747,de:12072:900245014:2:51,0.0,2026-10-02T01:01:04.695736+02:00
307442747,de:12072:900245029:2:52,0.0,2026-10-02T01:01:04.695736+02:00
307442747,de:12072:900245030:2:51,0.0,2026-10-02T01:01:04.695736+02:00
307442747,de:12072:900245032:2:51,-3.0,2026-10-02T01:01:04.695736+02:00
307442747,de:12069:900220001:2:51,0.0,2026-10-02T01:01:04.695736+02:00
307442747,de:11000:900064301:2:51,0.0,2026-10-02T01:01:04.695736+02:00
307442747,de:11000:900058101:3:55,0.0,2026-10-02T01:01:04.695736+02:00
307442747,de:11000:900100020:2:52,0.0,2026-10-02T01:01:04.695736+02:00
307442747,de:11000:900003200:3:55,0.0,2026-10-02T01:01:04.695736+02:00
307442747,de:11000:900007102:5:58,-1.0,2026-10-02T01:01:04.695736+02:00
307442747,de:12060:900350160:2:53,0.0,2026-10-02T01:01:04.695736+02:00
307442747,de:12060:900350127:2:52,-2.0,2026-10-02T01:01:04.695736+02:00
307442747,de:12060:900350124:1:50,0.0,2026-10-02T01:01:04.695736+02:00
307442747,de:12060:900350125:1:50,0.0,2026-10-02T01:01:04.695736+02:00
307442747,000300570037,0.0,2026-10-02T01:01:04.695736+02:00
307442747,de:12073:900340003:1:50,0.0,2026-10-02T01:01:04.695736+02:00
307442747,de:12073:900341111:1:50,0.0,2026-10-02T01:01:04.695736+02:00
307442747,de:12073:900341110:1:50,0.0,2026-10-02T01:01:04.695736+02:00
307239407,de:11000:900120005:1:50,0.0,2026-10-02T01:01:04.695736+02:00
307239407,de:11000:900120003:1:50,-0.2,2026-10-02T01:01:04.695736+02:00
307239407,de:12067:900310004:1:50,-0.3,2026-10-02T01:01:04.695736+02:00
307239407,de:12067:900310031:1:51,0.0,2026-10-02T01:01:04.695736+02:00
307239407,de:12067:900310002:1:50,-0.1,2026-10-02T01:01:04.695736+02:00
307239407,de:12067:900310001:1:50,-0.7,2026-10-02T01:01:04.695736+02:00
307239407,de:12067:900310006:1:50,-0.5,2026-10-02T01:01:04.695736+02:00
307239407,de:12067:900310007:1:50,-0.6,2026-10-02T01:01:04.695736+02:00
307239407,de:12067:900310008:1:50,-0.9,2026-10-02T01:01:04.695736+02:00
307239407,de:12053:900360004:1:50,0.0,2026-10-02T01:01:04.695736+02:00
307239407,de:12053:900360000:2:53,-0.3,2026-10-02T01:01:04.695736+02:00
307420852,de:12061:900260001:2:51,0.0,2026-10-02T01:01:04.695736+02:00
307420852,de:12061:900260010:1:50,0.0,2026-10-02T01:01:04.695736+02:00
307420852,de:12061:900260011:1:50,0.0,2026-10-02T01:01:04.695736+02:00
307420852,de:12061:900260012:1:50,0.0,2026-10-02T01:01:04.695736+02:00
307420852,de:12061:900260013:1:51,0.0,2026-10-02T01:01:04.695736+02:00
307420852,de:12067:900310610:1:50,0.0,2026-10-02T01:01:04.695736+02:00
307420852,de:12067:900310611:2:51,0.0,2026-10-02T01:01:04.695736+02:00
307312007,de:11000:900170004:2:52,0.0,2026-10-02T01:01:04.695736+02:00
307312007,de:11000:900170003:1:51,-0.3,2026-10-02T01:01:04.695736+02:00
307312007,de:11000:900170002:1:51,-0.1,2026-10-02T01:01:04.695736+02:00
307312007,de:11000:900170001:1:51,-0.9,2026-10-02T01:01:04.695736+02:00
307312007,de:11000:900170005:1:51,-0.7,2026-10-02T01:01:04.695736+02:00
307439626,de:12062:900415167:1:51,0.0,2026-10-02T01:01:04.695736+02:00
307439626,de:12062:900415502:1:50,0.0,2026-10-02T01:01:04.695736+02:00
307318473,de:11000:900120005:4:55,0.0,2026-10-02T01:01:04.695736+02:00
307318473,de:11000:900120004:1:50,-0.3,2026-10-02T01:01:04.695736+02:00
307318473,de:11000:900120003:2:53,-0.6,2026-10-02T01:01:04.695736+02:00
307318473,de:11000:900160003:1:50,-0.7,2026-10-02T01:01:04.695736+02:00
307318473,de:11000:900160004:1:50,-0.7,2026-10-02T01:01:04.695736+02:00
307318473,de:11000:900171002:1:50,-0.2,2026-10-02T01:01:04.695736+02:00
307318473,de:11000:900171003:1:50,-0.3,2026-10-02T01:01:04.695736+02:00
307318473,de:11000:900152002:1:50,-0.1,2026-10-02T01:01:04.695736+02:00
307318473,de:11000:900152001:1:50,-0.3,2026-10-02T01:01:04.695736+02:00
307318473,de:11000:900151001:1:51,-0.9,2026-10-02T01:01:04.695736+02:00
307252372,de:11000:900003200:5:58,0.0,2026-10-02T01:01:04.695736+02:00
307252372,de:11000:900009104:1:50,-0.8,2026-10-02T01:01:04.695736+02:00
307252372,de:11000:900007102:2:52,-0.4,2026-10-02T01:01:04.695736+02:00
307272010,de:11000:900029101:1:50,0.0,2026-10-02T01:01:04.695736+02:00
307272010,de:11000:900030202:1:50,-0.3,2026-10-02T01:01:04.695736+02:00
307272010,de:11000:900025424:1:51,-0.2,2026-10-02T01:01:04.695736+02:00
307272010,de:11000:900025321:1:51,-0.2,2026-10-02T01:01:04.695736+02:00
307272010,de:11000:900026105:1:50,-0.4,2026-10-02T01:01:04.695736+02:00
307272010,de:11000:900025423:1:50,-0.7,2026-10-02T01:01:04.695736+02:00
307272010,de:11000:900024102:2:53,-0.7,2026-10-02T01:01:04.695736+02:00
307272010,de:11000:900024101:3:55,-0.3,2026-10-02T01:01:04.695736+02:00
307272010,de:11000:900024203:1:51,-0.8,2026-10-02T01:01:04.695736+02:00
307272010,de:11000:900023201:3:54,-0.7,2026-10-02T01:01:04.695736+02:00
307272010,de:11000:900003103:1:50,-0.8,2026-10-02T01:01:04.695736+02:00
307272010,de:11000:900003102:1:50,-0.9,2026-10-02T01:01:04.695736+02:00
307272010,de:11000:900003201:3:54,-0.5,2026-10-02T01:01:04.695736+02:00
307272010,de:11000:900100001:3:54,-0.1,2026-10-02T01:01:04.695736+02:00
307272010,de:11000:900100002:1:50,-0.4,2026-10-02T01:01:04.695736+02:00
307272010,de:11000:900100003:2:52,-0.1,2026-10-02T01:01:04.695736+02:00
307272010,de:11000:900100004:1:50,-0.3,2026-10-02T01:01:04.695736+02:00
307272010,de:11000:900120005:4:55,-0.5,2026-10-02T01:01:04.695736+02:00
302803897,de:12061:900260009::9,0.0,2026-10-02T01:01:04.695736+02:00
302803897,de:12061:900260538::1,-0.4,2026-10-02T01:01:04.695736+02:00
302803897,de:12061:900260552::2,-3.05,2026-10-02T01:01:04.695736+02:00
302803897,de:12061:900260506::2,-0.6,2026-10-02T01:01:04.695736+02:00
302803897,de:12061:900260023::2,-0.6,2026-10-02T01:01:04.695736+02:00
302803897,de:12061:900260601::1,0.9333333333333333,2026-10-02T01:01:04.695736+02:00
302803897,de:12061:900260064::1,0.5166666666666667,2026-10-02T01:01:04.695736+02:00
302803897,de:12061:900261085::1,0.6333333333333333,2026-10-02T01:01:04.695736+02:00
302803897,de:12061:900261084::1,0.3,2026-10-02T01:01:04.695736+02:00
302803897,de:12061:900260060::1,-0.08333333333333333,2026-10-02T01:01:04.695736+02:00
302803897,de:12061:900260037::1,-0.36666666666666664,2026-10-02T01:01:04.695736+02:00
302803897,de:12061:900260038::1,-0.38333333333333336,2026-10-02T01:01:04.695736+02:00
302803897,de:12061:900260047::1,1.35,2026-10-02T01:01:04.695736+02:00
302803897,de:12061:900260034::1,0.8833333333333333,2026-10-02T01:01:04.695736+02:00
302803897,de:12061:900261075::1,1.3,2026-10-02T01:01:04.695736+02:00
302803897,de:12061:900261013::3,0.5666666666666667,2026-10-02T01:01:04.695736+02:00
302803897,de:12061:900261015::2,0.7833333333333333,2026-10-02T01:01:04.695736+02:00
302803897,de:12061:900260565::1,0.16666666666666666,2026-10-02T01:01:04.695736+02:00
302803897,de:12061:900261025::2,0.05,2026-10-02T01:01:04.695736+02:00
302803897,de:12061:900261124::2,-0.43333333333333335,2026-10-02T01:01:04.695736+02:00
302803897,de:12061:900261077::1,-0.31666666666666665,2026-10-02T01:01:04.695736+02:00
302803897,de:12061:900261071::1,-0.7166666666666667,2026-10-02T01:01:04.695736+02:00
302803897,de:12061:900260002::1,-1.3,2026-10-02T01:01:04.695736+02:00
302803897,de:12061:900260568::1,-0.7166666666666667,2026-10-02T01:01:04.695736+02:00
302803897,de:12061:900260567::2,-1.0166666666666666,2026-10-02T01:01:04.695736+02:00
302803897,de:12061:900260001::4,-1.8833333333333333,2026-10-02T01:01:04.695736+02:00
302803897,de:12061:900260790::2,-0.6,2026-10-02T01:01:04.695736+02:00
302803897,de:12061:900260779::2,-1.2333333333333334,2026-10-02T01:01:04.695736+02:00
302803897,de:12061:900260782::2,-1.6833333333333333,2026-10-02T01:01:04.695736+02:00
302803897,de:12061:900260778::2,-2.15,2026-10-02T01:01:04.695736+02:00
302803897,de:12061:900260542::2,1.45,2026-10-02T01:01:04.695736+02:00
302803897,de:12061:900260929::2,1.8333333333333333,2026-10-02T01:01:04.695736+02:00
302803897,de:12061:900260930::2,1.7166666666666666,2026-10-02T01:01:04.695736+02:00
302803897,de:12061:900260851::2,1.6833333333333333,2026-10-02T01:01:04.695736+02:00
302803897,de:12061:900260853::2,1.2,2026-10-02T01:01:04.695736+02:00
302803897,de:12061:900260854::2,0.8166666666666667,2026-10-02T01:01:04.695736+02:00
302803897,de:12061:900260852::2,0.5666666666666667,2026-10-02T01:01:04.695736+02:00
302803897,de:12061:900260570::2,0.4666666666666667,2026-10-02T01:01:04.695736+02:00
302803897,de:12061:900260856::2,0.48333333333333334,2026-10-02T01:01:04.695736+02:00
302803949,de:12061:900260856::2,0.0,2026-10-02T01:01:04.695736+02:00
302803949,de:12061:900260866::1,0.0,2026-10-02T01:01:04.695736+02:00
302803949,de:12061:900260908::1,0.0,2026-10-02T01:01:04.695736+02:00
302803949,de:12061:900260907::1,0.0,2026-10-02T01:01:04.695736+02:00
302803949,de:12061:900260906::1,0.0,2026-10-02T01:01:04.695736+02:00
302803949,de:12061:900260777::1,0.0,2026-10-02T01:01:04.695736+02:00
302803949,de:12061:900260773::1,0.0,2026-10-02T01:01:04.695736+02:00
302803949,de:12061:900260575::1,0.0,2026-10-02T01:01:04.695736+02:00
302803949,de:12061:900260783::1,-0.5,2026-10-02T01:01:04.695736+02:00
302803949,de:12061:900260566::1,0.0,2026-10-02T01:01:04.695736+02:00
302803949,de:12061:900260793::1,-0.5,2026-10-02T01:01:04.695736+02:00
302803949,de:12061:900260573::2,0.0,2026-10-02T01:01:04.695736+02:00
302803949,de:12061:900260001::4,0.0,2026-10-02T01:01:04.695736+02:00
302803949,de:12061:900260789::1,0.0,2026-10-02T01:01:04.695736+02:00
302803949,de:12061:900260567::1,0.0,2026-10-02T01:01:04.695736+02:00
302803949,de:12061:900260568::2,0.0,2026-10-02T01:01:04.695736+02:00
302803949,de:12061:900260002::2,0.0,2026-10-02T01:01:04.695736+02:00
302803949,de:12061:900261071::2,0.0,2026-10-02T01:01:04.695736+02:00
302803949,de:12061:900261077::2,0.0,2026-10-02T01:01:04.695736+02:00
302803949,de:12061:900261124::1,0.0,2026-10-02T01:01:04.695736+02:00
302803949,de:12061:900261025::1,0.0,2026-10-02T01:01:04.695736+02:00
302803949,de:12061:900260565::2,0.0,2026-10-02T01:01:04.695736+02:00
302803949,de:12061:900261015::1,-0.5,2026-10-02T01:01:04.695736+02:00
302803949,de:12061:900261013::1,0.0,2026-10-02T01:01:04.695736+02:00
302803949,de:12061:900261075::2,0.0,2026-10-02T01:01:04.695736+02:00
302803949,de:12061:900260034::2,0.0,2026-10-02T01:01:04.695736+02:00
302803949,de:12061:900260047::2,0.0,2026-10-02T01:01:04.695736+02:00
302803949,de:12061:900260038::2,0.0,2026-10-02T01:01:04.695736+02:00
302803949,de:12061:900260037::2,0.0,2026-10-02T01:01:04.695736+02:00
302803949,de:12061:900260060::2,0.0,2026-10-02T01:01:04.695736+02:00
302803949,de:12061:900261084::2,0.0,2026-10-02T01:01:04.695736+02:00
302803949,de:12061:900261085::2,0.0,2026-10-02T01:01:04.695736+02:00
302803949,de:12061:900260064::2,0.0,2026-10-02T01:01:04.695736+02:00
302803949,de:12061:900260601::2,0.0,2026-10-02T01:01:04.695736+02:00
302803949,de:12061:900260023::1,0.0,2026-10-02T01:01:04.695736+02:00
302803949,de:12061:900260506::1,0.0,2026-10-02T01:01:04.695736+02:00
302803949,de:12061:900260552::1,0.0,2026-10-02T01:01:04.695736+02:00
302803949,de:12061:900260538::2,0.0,2026-10-02T01:01:04.695736+02:00
302803949,de:12061:900260009::6,0.0,2026-10-02T01:01:04.695736+02:00
302803878,de:12061:900260009::9,0.0,2026-10-02T01:01:04.695736+02:00
302803878,de:12061:900260538::1,0.0,2026-10-02T01:01:04.695736+02:00
302803878,de:12061:900260552::2,0.0,2026-10-02T01:01:04.695736+02:00
302803878,de:12061:900260506::2,0.0,2026-10-02T01:01:04.695736+02:00
302803878,de:12061:900260023::2,0.0,2026-10-02T01:01:04.695736+02:00
302803878,de:12061:900260601::1,0.0,2026-10-02T01:01:04.695736+02:00
302803878,de:12061:900260064::1,0.0,2026-10-02T01:01:04.695736+02:00
302803878,de:12061:900261085::1,0.0,2026-10-02T01:01:04.695736+02:00
302803878,de:12061:900261084::1,0.0,2026-10-02T01:01:04.695736+02:00
302803878,de:12061:900260060::1,0.0,2026-10-02T01:01:04.695736+02:00
302803878,de:12061:900260037::1,0.0,2026-10-02T01:01:04.695736+02:00
302803878,de:12061:900260038::1,-0.5,2026-10-02T01:01:04.695736+02:00
302803878,de:12061:900260047::1,0.0,2026-10-02T01:01:04.695736+02:00
302803878,de:12061:900260034::1,0.0,2026-10-02T01:01:04.695736+02:00
302803878,de:12061:900261075::1,0.0,2026-10-02T01:01:04.695736+02:00
302803878,de:12061:900261013::3,0.0,2026-10-02T01:01:04.695736+02:00
302803878,de:12061:900261015::2,0.0,2026-10-02T01:01:04.695736+02:00
302803878,de:12061:900260565::1,0.0,2026-10-02T01:01:04.695736+02:00
302803878,de:12061:900261025::2,0.0,2026-10-02T01:01:04.695736+02:00
302803878,de:12061:900261124::2,0.0,2026-10-02T01:01:04.695736+02:00
302803878,de:12061:900261077::1,0.0,2026-10-02T01:01:04.695736+02:00
302803878,de:12061:900261071::1,0.0,2026-10-02T01:01:04.695736+02:00
302803878,de:12061:900260002::1,0.0,2026-10-02T01:01:04.695736+02:00
302803878,de:12061:900260568::1,0.0,2026-10-02T01:01:04.695736+02:00
302803878,de:12061:900260567::2,0.0,2026-10-02T01:01:04.695736+02:00
302803878,de:12061:900260001::4,0.0,2026-10-02T01:01:04.695736+02:00
302803878,de:12061:900260790::2,0.0,2026-10-02T01:01:04.695736+02:00
302803878,de:12061:900260779::2,0.0,2026-10-02T01:01:04.695736+02:00
302803878,de:12061:900260782::2,0.0,2026-10-02T01:01:04.695736+02:00
302803878,de:12061:900260778::2,0.0,2026-10-02T01:01:04.695736+02:00
302803878,de:12061:900260542::2,0.0,2026-10-02T01:01:04.695736+02:00
302803878,de:12061:900260929::2,0.0,2026-10-02T01:01:04.695736+02:00
302803878,de:12061:900260930::2,0.0,2026-10-02T01:01:04.695736+02:00
302803878,de:12061:900260851::2,0.0,2026-10-02T01:01:04.695736+02:00
302803878,de:12061:900260853::2,0.0,2026-10-02T01:01:04.695736+02:00
302803878,de:12061:900260854::2,0.0,2026-10-02T01:01:04.695736+02:00
302803878,de:12061:900260852::2,0.0,2026-10-02T01:01:04.695736+02:00
302803878,de:12061:900260570::2,0.0,2026-10-02T01:01:04.695736+02:00
302803878,de:12061:900260856::2,0.0,2026-10-02T01:01:04.695736+02:00
306044442,de:12064:900320007::2,0.0,2026-10-02T01:01:04.695736+02:00
306044442,de:12064:900320007::2,-20.0,2026-10-02T01:01:04.695736+02:00
306044442,de:12064:900320130::1,0.0,2026-10-02T01:01:04.695736+02:00
306044442,820093201371,0.0,2026-10-02T01:01:04.695736+02:00
306044442,de:12064:900320121::1,0.0,2026-10-02T01:01:04.695736+02:00
306044442,de:12064:900320135::1,0.0,2026-10-02T01:01:04.695736+02:00
306044442,de:12064:900320136::1,0.0,2026-10-02T01:01:04.695736+02:00
306044442,de:12064:900320141::1,0.0,2026-10-02T01:01:04.695736+02:00
306044442,de:12064:900320122::2,0.0,2026-10-02T01:01:04.695736+02:00
306044442,de:12064:900320121::2,0.0,2026-10-02T01:01:04.695736+02:00
306044442,820093201372,0.0,2026-10-02T01:01:04.695736+02:00
306044442,de:12064:900320007::2,20.0,2026-10-02T01:01:04.695736+02:00
306044442,de:12064:900320007::2,0.0,2026-10-02T01:01:04.695736+02:00
295879389,de:11000:900053301:2:52,0.0,2026-10-02T01:01:04.695736+02:00
295879389,de:11000:900052201:1:51,0.0,2026-10-02T01:01:04.695736+02:00
295879389,de:11000:900050355:1:51,-0.3,2026-10-02T01:01:04.695736+02:00
295882474,de:11000:900092201:1:51,0.0,2026-10-02T01:01:04.695736+02:00
295882474,de:11000:900093201:1:51,-0.4,2026-10-02T01:01:04.695736+02:00
295882474,de:11000:900094101:1:51,-0.8,2026-10-02T01:01:04.695736+02:00
295882474,de:11000:900096101:1:51,-0.1,2026-10-02T01:01:04.695736+02:00
295882474,de:11000:900084101:1:51,-0.2,2026-10-02T01:01:04.695736+02:00
295882474,de:11000:900085201:1:51,-0.8,2026-10-02T01:01:04.695736+02:00
295882474,de:11000:900130003:1:51,-0.8,2026-10-02T01:01:04.695736+02:00
295882474,de:11000:900110011:1:50,-0.9,2026-10-02T01:01:04.695736+02:00
295882474,de:11000:900007102:1:50,-0.9,2026-10-02T01:01:04.695736+02:00
295882474,de:11000:900008101:1:50,0.0,2026-10-02T01:01:04.695736+02:00
295882474,de:11000:900007104:1:51,-0.7,2026-10-02T01:01:04.695736+02:00
295882474,de:11000:900100007:1:50,-0.7,2026-10-02T01:01:04.695736+02:00
295882474,de:11000:900100001:4:56,-0.5,2026-10-02T01:01:04.695736+02:00
295882474,de:11000:900100025:1:50,-0.4,2026-10-02T01:01:04.695736+02:00
295882474,de:11000:900100020:3:54,-0.4,2026-10-02T01:01:04.695736+02:00
295882474,de:11000:900012101:1:51,-0.5,2026-10-02T01:01:04.695736+02:00
295882474,de:11000:900057102:1:50,-0.7,2026-10-02T01:01:04.695736+02:00
295882474,de:11000:900057104:2:51,-0.4,2026-10-02T01:01:04.695736+02:00
295882474,de:11000:900054104:1:50,-0.3,2026-10-02T01:01:04.695736+02:00
295882474,de:11000:900060101:1:50,-0.3,2026-10-02T01:01:04.695736+02:00
295882474,de:11000:900063101:1:50,-0.1,2026-10-02T01:01:04.695736+02:00
295882474,de:11000:900062202:1:50,-0.1,2026-10-02T01:01:04.695736+02:00
295882474,de:11000:900066102:1:50,-0.2,2026-10-02T01:01:04.695736+02:00
295882474,de:11000:900066101:1:50,-0.1,2026-10-02T01:01:04.695736+02:00
295882474,de:11000:900049202:1:50,-0.3,2026-10-02T01:01:04.695736+02:00
295882474,de:11000:900049201:1:50,-0.4,2026-10-02T01:01:04.695736+02:00
307443081,de:11000:900003200:3:54,0.0,2026-10-02T01:01:04.695736+02:00
307443081,de:11000:900007102:5:59,0.0,2026-10-02T01:01:04.695736+02:00
307443081,de:12060:900350160:2:53,0.0,2026-10-02T01:01:04.695736+02:00
307443081,de:12060:900350158:1:50,0.0,2026-10-02T01:01:04.695736+02:00
307443081,de:12060:900350137:1:50,0.0,2026-10-02T01:01:04.695736+02:00
307443081,de:12060:900350126:1:50,0.0,2026-10-02T01:01:04.695736+02:00
307443081,de:12060:900350127:2:52,0.0,2026-10-02T01:01:04.695736+02:00
307444815,de:11000:900058101:2:53,0.0,2026-10-02T01:01:04.695736+02:00
307444815,de:11000:900100020:2:52,0.0,2026-10-02T01:01:04.695736+02:00
307444815,de:11000:900003200:3:54,0.0,2026-10-02T01:01:04.695736+02:00
307444815,de:11000:900007102:5:59,0.0,2026-10-02T01:01:04.695736+02:00
307444815,de:12065:900200005:1:2,0.0,2026-10-02T01:01:04.695736+02:00
307444815,de:12065:900203709:2:51,0.0,2026-10-02T01:01:04.695736+02:00
307444815,de:12065:900203749:1:50,0.0,2026-10-02T01:01:04.695736+02:00
307444815,de:12065:900203772:1:50,0.0,2026-10-02T01:01:04.695736+02:00
307444815,de:13071:80001,0.0,2026-10-02T01:01:04.695736+02:00
307444815,de:13071:5787,0.0,2026-10-02T01:01:04.695736+02:00
307444815,de:13071:17001,0.0,2026-10-02T01:01:04.695736+02:00
307444815,000008010201,0.0,2026-10-02T01:01:04.695736+02:00
307444815,000008010153,0.0,2026-10-02T01:01:04.695736+02:00
307444815,de:13003:1489,0.0,2026-10-02T01:01:04.695736+02:00
306043395,de:12064:900320004::1,0.0,2026-10-02T01:01:04.695736+02:00
306043395,de:12064:900320616::1,0.0,2026-10-02T01:01:04.695736+02:00
306043395,de:12064:900320600::2,0.0,2026-10-02T01:01:04.695736+02:00
306043395,de:12064:900320608::1,0.0,2026-10-02T01:01:04.695736+02:00
306043395,de:12064:900320601::2,0.0,2026-10-02T01:01:04.695736+02:00
306043395,de:12064:900320602::2,0.0,2026-10-02T01:01:04.695736+02:00
306043395,de:12064:900320607::2,0.0,2026-10-02T01:01:04.695736+02:00
306043395,de:12064:900320614::2,0.0,2026-10-02T01:01:04.695736+02:00
306043395,de:12064:900320606::2,0.0,2026-10-02T01:01:04.695736+02:00
306043395,de:12064:900320613::1,0.0,2026-10-02T01:01:04.695736+02:00
306043395,de:12064:900320605::2,0.0,2026-10-02T01:01:04.695736+02:00
306043395,de:12064:900320604::2,0.0,2026-10-02T01:01:04.695736+02:00
306043395,de:12064:900320603::2,0.0,2026-10-02T01:01:04.695736+02:00
306043395,de:12064:900320615::2,0.0,2026-10-02T01:01:04.695736+02:00
306043395,de:12064:900320602::1,0.0,2026-10-02T01:01:04.695736+02:00
306043395,de:12064:900320601::1,0.0,2026-10-02T01:01:04.695736+02:00
306043395,de:12064:900320608::2,0.0,2026-10-02T01:01:04.695736+02:00
306043395,de:12064:900320627::2,0.0,2026-10-02T01:01:04.695736+02:00
306043395,de:12064:900320629::2,0.0,2026-10-02T01:01:04.695736+02:00
306043395,de:12064:900320628::2,0.0,2026-10-02T01:01:04.695736+02:00
306043395,de:12064:900320005::2,0.0,2026-10-02T01:01:04.695736+02:00
307434977,de:11000:900120003:4:56,0.0,2026-10-02T01:01:04.695736+02:00
307434977,de:11000:900192001:1:50,0.0,2026-10-02T01:01:04.695736+02:00
295906959,de:11000:900029101:1:50,0.0,2026-10-02T01:01:04.695736+02:00
295906959,de:11000:900030202:1:50,-0.3,2026-10-02T01:01:04.695736+02:00
307444814,de:11000:900058101:2:53,0.0,2026-10-02T01:01:04.695736+02:00
307444814,de:11000:900100020:2:52,0.0,2026-10-02T01:01:04.695736+02:00
307444814,de:11000:900003200:3:54,0.0,2026-10-02T01:01:04.695736+02:00
307444814,de:11000:900007102:5:59,0.0,2026-10-02T01:01:04.695736+02:00
307444814,de:12065:900200005:1:2,0.0,2026-10-02T01:01:04.695736+02:00
307444814,de:12065:900203709:2:51,0.0,2026-10-02T01:01:04.695736+02:00
307444814,de:12065:900203749:1:50,0.0,2026-10-02T01:01:04.695736+02:00
307444814,de:12065:900203772:1:50,0.0,2026-10-02T01:01:04.695736+02:00
307444814,de:13071:80001,0.0,2026-10-02T01:01:04.695736+02:00
307444814,de:13071:5787,0.0,2026-10-02T01:01:04.695736+02:00
307444814,de:13071:17001,0.0,2026-10-02T01:01:04.695736+02:00
307444814,000008010201,0.0,2026-10-02T01:01:04.695736+02:00
307444814,000008010153,0.0,2026-10-02T01:01:04.695736+02:00
307444814,de:13003:1489,0.0,2026-10-02T01:01:04.695736+02:00
302803975,de:12061:900260856::2,0.0,2026-10-02T01:01:04.695736+02:00
302803975,de:12061:900260866::1,0.9,2026-10-02T01:01:04.695736+02:00
302803975,de:12061:900260908::1,0.9,2026-10-02T01:01:04.695736+02:00
302803975,de:12061:900260907::1,0.9,2026-10-02T01:01:04.695736+02:00
302803975,de:12061:900260906::1,0.9,2026-10-02T01:01:04.695736+02:00
302803975,de:12061:900260777::1,0.9,2026-10-02T01:01:04.695736+02:00
302803975,de:12061:900260773::1,0.9,2026-10-02T01:01:04.695736+02:00
302803975,de:12061:900260575::1,0.9,2026-10-02T01:01:04.695736+02:00
302803975,de:12061:900260783::1,0.4,2026-10-02T01:01:04.695736+02:00
302803975,de:12061:900260566::1,0.9,2026-10-02T01:01:04.695736+02:00
302803975,de:12061:900260793::1,0.4,2026-10-02T01:01:04.695736+02:00
302803975,de:12061:900260573::2,0.9,2026-10-02T01:01:04.695736+02:00
302803975,de:12061:900260001::4,0.9,2026-10-02T01:01:04.695736+02:00
302803975,de:12061:900260789::1,0.9,2026-10-02T01:01:04.695736+02:00
302803975,de:12061:900260567::1,0.9,2026-10-02T01:01:04.695736+02:00
302803975,de:12061:900260568::2,0.9,2026-10-02T01:01:04.695736+02:00
302803975,de:12061:900260002::2,0.9,2026-10-02T01:01:04.695736+02:00
302803975,de:12061:900261071::2,0.9,2026-10-02T01:01:04.695736+02:00
302803975,de:12061:900261077::2,0.9,2026-10-02T01:01:04.695736+02:00
302803975,de:12061:900261124::1,0.9,2026-10-02T01:01:04.695736+02:00
302803975,de:12061:900261025::1,0.9,2026-10-02T01:01:04.695736+02:00
302803975,de:12061:900260565::2,0.9,2026-10-02T01:01:04.695736+02:00
302803975,de:12061:900261015::1,0.4,2026-10-02T01:01:04.695736+02:00
302803975,de:12061:900261013::1,0.9,2026-10-02T01:01:04.695736+02:00
302803975,de:12061:900261075::2,0.9,2026-10-02T01:01:04.695736+02:00
302803975,de:12061:900260034::2,0.9,2026-10-02T01:01:04.695736+02:00
302803975,de:12061:900260047::2,0.9,2026-10-02T01:01:04.695736+02:00
302803975,de:12061:900260038::2,0.9,2026-10-02T01:01:04.695736+02:00
302803975,de:12061:900260037::2,0.9,2026-10-02T01:01:04.695736+02:00
302803975,de:12061:900260060::2,0.9,2026-10-02T01:01:04.695736+02:00
302803975,de:12061:900261084::2,0.9,2026-10-02T01:01:04.695736+02:00
302803975,de:12061:900261085::2,0.9,2026-10-02T01:01:04.695736+02:00
302803975,de:12061:900260064::2,0.9,2026-10-02T01:01:04.695736+02:00
302803975,de:12061:900260601::2,0.9,2026-10-02T01:01:04.695736+02:00
302803975,de:12061:900260023::1,0.9,2026-10-02T01:01:04.695736+02:00
302803975,de:12061:900260506::1,0.9,2026-10-02T01:01:04.695736+02:00
302803975,de:12061:900260552::1,0.9,2026-10-02T01:01:04.695736+02:00
302803975,de:12061:900260538::2,0.9,2026-10-02T01:01:04.695736+02:00
302803975,de:12061:900260009::6,0.9,2026-10-02T01:01:04.695736+02:00
295967948,de:12061:900260009:3:55,0.0,2026-10-02T01:01:04.695736+02:00
295967948,de:12061:900260080:1:51,-0.7,2026-10-02T01:01:04.695736+02:00
295967948,de:12061:900260005:3:55,0.0,2026-10-02T01:01:04.695736+02:00
295967948,de:11000:900196001:1:51,0.0,2026-10-02T01:01:04.695736+02:00
295967948,de:11000:900195510:1:50,-0.4,2026-10-02T01:01:04.695736+02:00
295967948,de:11000:900193002:1:51,-0.6,2026-10-02T01:01:04.695736+02:00
295967948,de:11000:900193001:2:51,-0.3,2026-10-02T01:01:04.695736+02:00
295967948,de:11000:900192001:3:55,-0.2,2026-10-02T01:01:04.695736+02:00
295967948,de:11000:900191001:1:50,0.0,2026-10-02T01:01:04.695736+02:00
295967948,de:11000:900191002:1:51,-0.7,2026-10-02T01:01:04.695736+02:00
295967948,de:11000:900190001:2:53,-0.4,2026-10-02T01:01:04.695736+02:00
295967948,de:11000:900120004:2:53,-0.9,2026-10-02T01:01:04.695736+02:00
295967948,de:11000:900120005:5:58,-0.1,2026-10-02T01:01:04.695736+02:00
295967948,de:11000:900100004:1:51,-0.4,2026-10-02T01:01:04.695736+02:00
295967948,de:11000:900100003:2:53,-0.4,2026-10-02T01:01:04.695736+02:00
295967948,de:11000:900100002:1:51,-0.4,2026-10-02T01:01:04.695736+02:00
295967948,de:11000:900100001:3:55,-0.4,2026-10-02T01:01:04.695736+02:00
295967948,de:11000:900003201:3:55,-0.1,2026-10-02T01:01:04.695736+02:00
295967948,de:11000:900003102:1:51,-0.8,2026-10-02T01:01:04.695736+02:00
295967948,de:11000:900003103:1:51,-0.9,2026-10-02T01:01:04.695736+02:00
295967948,de:11000:900023201:3:55,-0.8,2026-10-02T01:01:04.695736+02:00
295967948,de:11000:900024203:1:51,-0.8,2026-10-02T01:01:04.695736+02:00
295967948,de:11000:900024101:4:57,-0.8,2026-10-02T01:01:04.695736+02:00
295967948,de:11000:900024102:1:50,-0.1,2026-10-02T01:01:04.695736+02:00
295967948,de:11000:900025423:1:50,-0.4,2026-10-02T01:01:04.695736+02:00
295967948,de:11000:900026105:1:50,-0.7,2026-10-02T01:01:04.695736+02:00
295967948,de:11000:900025321:1:50,-0.3,2026-10-02T01:01:04.695736+02:00
295967948,de:11000:900025424:1:50,-0.3,2026-10-02T01:01:04.695736+02:00
295967948,de:11000:900030202:1:50,-0.9,2026-10-02T01:01:04.695736+02:00
295967948,de:11000:900029101:1:51,-0.9,2026-10-02T01:01:04.695736+02:00
307243156,de:12065:900200005:3:1,0.0,2026-10-02T01:01:04.695736+02:00
307243156,de:12065:900200006:1:51,-0.3,2026-10-02T01:01:04.695736+02:00
307243156,de:12065:900200007:1:51,-0.7,2026-10-02T01:01:04.695736+02:00
306781834,de:11000:900009202::14,0.0,2026-10-02T01:01:04.695736+02:00
306047342,de:12064:900320008::2,0.0,2026-10-02T01:01:04.695736+02:00
306047342,de:12064:900320050::2,0.0,2026-10-02T01:01:04.695736+02:00
306047342,de:12064:900320120::1,0.0,2026-10-02T01:01:04.695736+02:00
306047342,de:12064:900320119::1,0.0,2026-10-02T01:01:04.695736+02:00
306047342,de:12064:900320017::1,0.0,2026-10-02T01:01:04.695736+02:00
306047342,de:12064:900320523::1,0.0,2026-10-02T01:01:04.695736+02:00
306047342,de:12064:900320510::2,0.0,2026-10-02T01:01:04.695736+02:00
306047342,de:12064:900320511::2,0.0,2026-10-02T01:01:04.695736+02:00
306047342,de:12064:900320520::2,0.0,2026-10-02T01:01:04.695736+02:00
306047342,de:11000:900175010::5,-1.0,2026-10-02T01:01:04.695736+02:00
306047342,de:12064:900320022::2,0.0,2026-10-02T01:01:04.695736+02:00
306047342,de:12064:900320021::2,0.0,2026-10-02T01:01:04.695736+02:00
306047342,de:12064:900320505::2,0.0,2026-10-02T01:01:04.695736+02:00
306047342,de:12064:900320035::2,0.0,2026-10-02T01:01:04.695736+02:00
306047342,de:12064:900320506::2,0.0,2026-10-02T01:01:04.695736+02:00
306047342,de:12064:900320020::1,0.0,2026-10-02T01:01:04.695736+02:00
307436946,de:12069:900220143:1:50,0.0,2026-10-02T01:01:04.695736+02:00
307436946,de:12069:900220142:2:51,3.0,2026-10-02T01:01:04.695736+02:00
307436946,de:12069:900220141:2:51,3.0,2026-10-02T01:01:04.695736+02:00
307436946,de:12069:900222030:2:51,3.0,2026-10-02T01:01:04.695736+02:00
307436946,de:12069:900220005:2:51,3.0,2026-10-02T01:01:04.695736+02:00
307436946,de:12069:900220004:1:50,2.0,2026-10-02T01:01:04.695736+02:00
307436946,de:12069:900220003:1:51,2.0,2026-10-02T01:01:04.695736+02:00
307436946,de:12069:900220006:2:51,2.0,2026-10-02T01:01:04.695736+02:00
307436946,de:12069:900220008:2:51,2.0,2026-10-02T01:01:04.695736+02:00
307436946,de:12054:900230001:2:51,2.0,2026-10-02T01:01:04.695736+02:00
307436946,de:11000:900053301:3:55,2.0,2026-10-02T01:01:04.695736+02:00
307436946,de:11000:900007102:5:59,0.0,2026-10-02T01:01:04.695736+02:00
307436109,de:11000:900024101:1:50,0.0,2026-10-02T01:01:04.695736+02:00
307436109,de:11000:900053301:3:54,-1.0,2026-10-02T01:01:04.695736+02:00
307436109,de:12054:900230001:1:50,-1.0,2026-10-02T01:01:04.695736+02:00
307436109,de:12069:900220008:1:50,0.0,2026-10-02T01:01:04.695736+02:00
307436109,de:12069:900220006:1:50,0.0,2026-10-02T01:01:04.695736+02:00
307436109,de:12069:900220003:1:50,0.0,2026-10-02T01:01:04.695736+02:00
307436109,de:12069:900220004:1:50,0.0,2026-10-02T01:01:04.695736+02:00
307436109,de:12069:900220005:1:50,0.0,2026-10-02T01:01:04.695736+02:00
307436109,de:12069:900222030:1:50,0.0,2026-10-02T01:01:04.695736+02:00
307436109,de:12069:900220141:1:50,0.0,2026-10-02T01:01:04.695736+02:00
307436109,de:12069:900220142:1:50,0.0,2026-10-02T01:01:04.695736+02:00
307436109,de:12069:900220143:1:50,0.0,2026-10-02T01:01:04.695736+02:00
307444813,de:11000:900058101:2:53,0.0,2026-10-02T01:01:04.695736+02:00
307444813,de:11000:900100020:2:52,0.0,2026-10-02T01:01:04.695736+02:00
307444813,de:11000:900003200:3:54,0.0,2026-10-02T01:01:04.695736+02:00
307444813,de:11000:900007102:5:59,0.0,2026-10-02T01:01:04.695736+02:00
307444813,de:12065:900200005:1:2,0.0,2026-10-02T01:01:04.695736+02:00
307444813,de:12065:900203709:2:51,0.0,2026-10-02T01:01:04.695736+02:00
307444813,de:12065:900203749:1:50,0.0,2026-10-02T01:01:04.695736+02:00
307444813,de:12065:900203772:1:50,0.0,2026-10-02T01:01:04.695736+02:00
307444813,de:13071:80001,0.0,2026-10-02T01:01:04.695736+02:00
307444813,de:13071:5787,0.0,2026-10-02T01:01:04.695736+02:00
307444813,de:13071:17001,0.0,2026-10-02T01:01:04.695736+02:00
307444813,000008010201,0.0,2026-10-02T01:01:04.695736+02:00
307444813,000008010153,0.0,2026-10-02T01:01:04.695736+02:00
307444813,de:13003:1489,0.0,2026-10-02T01:01:04.695736+02:00
307301976,de:11000:900024102:2:52,0.0,2026-10-02T01:01:04.695736+02:00
307301976,de:11000:900024101:3:55,0.2,2026-10-02T01:01:04.695736+02:00
307301976,de:11000:900024203:1:51,0.2,2026-10-02T01:01:04.695736+02:00
307301976,de:11000:900023201:3:54,0.3,2026-10-02T01:01:04.695736+02:00
307301976,de:11000:900003103:1:50,0.2,2026-10-02T01:01:04.695736+02:00
307301976,de:11000:900003102:1:50,0.1,2026-10-02T01:01:04.695736+02:00
307332946,de:12061:900260009:3:55,0.0,2026-10-02T01:01:04.695736+02:00
307431852,de:12061:900260009:2:54,0.0,2026-10-02T01:01:04.695736+02:00
307431852,de:12072:900245836:2:51,0.0,2026-10-02T01:01:04.695736+02:00
307431852,de:12069:900220002:2:51,1.0,2026-10-02T01:01:04.695736+02:00
307431852,de:12054:900230002:1:50,0.0,2026-10-02T01:01:04.695736+02:00
307431852,de:12054:900220010:1:50,2.0,2026-10-02T01:01:04.695736+02:00
295963574,de:11000:900130002:1:51,0.0,2026-10-02T01:01:04.695736+02:00
295963574,de:11000:900110011:1:51,-0.7,2026-10-02T01:01:04.695736+02:00
295963574,de:11000:900110001:1:50,-0.2,2026-10-02T01:01:04.695736+02:00
295963574,de:11000:900110002:1:50,-0.9,2026-10-02T01:01:04.695736+02:00
295963574,de:11000:900110003:1:50,-0.9,2026-10-02T01:01:04.695736+02:00
295963574,de:11000:900110004:1:50,-0.3,2026-10-02T01:01:04.695736+02:00
295963574,de:11000:900110012:1:50,-0.2,2026-10-02T01:01:04.695736+02:00
295963574,de:11000:900120001:1:50,-0.2,2026-10-02T01:01:04.695736+02:00
295963574,de:11000:900120003:5:58,-0.6,2026-10-02T01:01:04.695736+02:00
295963574,de:11000:900190001:1:51,-0.1,2026-10-02T01:01:04.695736+02:00
295963574,de:11000:900191002:1:50,0.0,2026-10-02T01:01:04.695736+02:00
295963574,de:11000:900191001:2:52,-0.4,2026-10-02T01:01:04.695736+02:00
295963574,de:11000:900192001:2:52,-0.2,2026-10-02T01:01:04.695736+02:00
295963574,de:11000:900193001:1:50,-0.7,2026-10-02T01:01:04.695736+02:00
295963574,de:11000:900193002:1:50,-0.3,2026-10-02T01:01:04.695736+02:00
295963574,de:11000:900195510:1:51,-0.7,2026-10-02T01:01:04.695736+02:00
295963574,de:11000:900196001:1:50,-0.9,2026-10-02T01:01:04.695736+02:00
295963574,de:12061:900260005:3:54,-0.7,2026-10-02T01:01:04.695736+02:00
295963574,de:12061:900260080:1:50,0.0,2026-10-02T01:01:04.695736+02:00
295963574,de:12061:900260009:3:56,-0.2,2026-10-02T01:01:04.695736+02:00
307276675,de:11000:900162001:1:51,0.0,2026-10-02T01:01:04.695736+02:00
307276675,de:11000:900180002:1:51,-0.8,2026-10-02T01:01:04.695736+02:00
307276675,de:11000:900180001:1:50,-0.6,2026-10-02T01:01:04.695736+02:00
307276675,de:11000:900182001:1:51,-0.1,2026-10-02T01:01:04.695736+02:00
307276675,de:11000:900182002:1:51,-0.3,2026-10-02T01:01:04.695736+02:00
307276675,de:11000:900183001:1:51,0.0,2026-10-02T01:01:04.695736+02:00
307276675,de:11000:900183002:1:51,-0.3,2026-10-02T01:01:04.695736+02:00
307276675,de:12067:900310004:3:52,-0.5,2026-10-02T01:01:04.695736+02:00
307429735,de:12061:900260009:2:53,0.0,2026-10-02T01:01:04.695736+02:00
307429735,de:11000:900192001:1:51,-6.0,2026-10-02T01:01:04.695736+02:00
307429735,de:11000:900120003:4:57,0.0,2026-10-02T01:01:04.695736+02:00
307429735,de:11000:900007102:4:56,-1.0,2026-10-02T01:01:04.695736+02:00
307429735,de:11000:900003200:3:54,0.0,2026-10-02T01:01:04.695736+02:00
307436936,de:12066:900435602:2:52,0.0,2026-10-02T01:01:04.695736+02:00
307436936,de:12066:900435459:2:52,2.0,2026-10-02T01:01:04.695736+02:00
307436936,de:12066:900435818:1:50,0.0,2026-10-02T01:01:04.695736+02:00
307436936,de:12066:900435209:1:50,1.0,2026-10-02T01:01:04.695736+02:00
307436936,de:12066:900435339:1:50,0.0,2026-10-02T01:01:04.695736+02:00
307436936,de:12066:900435001:3:53,0.0,2026-10-02T01:01:04.695736+02:00
307436936,de:12066:900435000:1:50,-1.0,2026-10-02T01:01:04.695736+02:00
307332412,de:11000:900029101:1:51,0.0,2026-10-02T01:01:04.695736+02:00
307332412,de:11000:900030202:1:50,-0.3,2026-10-02T01:01:04.695736+02:00
307332412,de:11000:900025424:1:51,-0.2,2026-10-02T01:01:04.695736+02:00
307332412,de:11000:900025321:1:51,-0.2,2026-10-02T01:01:04.695736+02:00
307332412,de:11000:900026105:1:50,0.6,2026-10-02T01:01:04.695736+02:00
306052144,de:12064:900321547::1,0.0,2026-10-02T01:01:04.695736+02:00
306052144,de:12064:900321545::2,0.0,2026-10-02T01:01:04.695736+02:00
306052144,de:12064:900321546::2,0.0,2026-10-02T01:01:04.695736+02:00
306052144,de:12064:900321800::2,0.0,2026-10-02T01:01:04.695736+02:00
306052144,de:12064:900321801::2,0.0,2026-10-02T01:01:04.695736+02:00
306052144,de:12064:900321830::1,0.0,2026-10-02T01:01:04.695736+02:00
306052144,de:12064:900321870::2,0.0,2026-10-02T01:01:04.695736+02:00
306052144,de:12064:900321873::2,0.0,2026-10-02T01:01:04.695736+02:00
306052144,de:12064:900321871::2,0.0,2026-10-02T01:01:04.695736+02:00
306052144,de:12064:900321874::1,0.0,2026-10-02T01:01:04.695736+02:00
306052144,de:12064:900321872::1,0.0,2026-10-02T01:01:04.695736+02:00
306052144,de:12064:900320049::1,0.0,2026-10-02T01:01:04.695736+02:00
306052144,de:12064:900321420::1,0.0,2026-10-02T01:01:04.695736+02:00
306052144,de:12064:900320049::2,0.0,2026-10-02T01:01:04.695736+02:00
306052144,de:12064:900321872::2,0.0,2026-10-02T01:01:04.695736+02:00
306052144,de:12064:900321874::2,0.0,2026-10-02T01:01:04.695736+02:00
306052144,de:12064:900321406::2,0.0,2026-10-02T01:01:04.695736+02:00
306052144,de:12064:900321428::2,0.0,2026-10-02T01:01:04.695736+02:00
306052144,de:12064:900321431::1,0.0,2026-10-02T01:01:04.695736+02:00
306052144,de:12064:900321747::2,0.0,2026-10-02T01:01:04.695736+02:00
306052144,de:12064:900321745::1,0.0,2026-10-02T01:01:04.695736+02:00
306052144,de:12064:900321748::2,0.0,2026-10-02T01:01:04.695736+02:00
306052144,de:12064:900321742::5,0.0,2026-10-02T01:01:04.695736+02:00
306049392,de:12064:900320009::1,0.0,2026-10-02T01:01:04.695736+02:00
306049392,de:12064:900320676::1,0.0,2026-10-02T01:01:04.695736+02:00
306049392,de:12064:900320681::1,0.0,2026-10-02T01:01:04.695736+02:00
306049392,de:12064:900320687::1,0.0,2026-10-02T01:01:04.695736+02:00
306049392,de:12064:900320677::1,0.0,2026-10-02T01:01:04.695736+02:00
306049392,de:12064:900320688::1,0.0,2026-10-02T01:01:04.695736+02:00
306049392,de:12064:900320683::1,0.0,2026-10-02T01:01:04.695736+02:00
306049392,de:12064:900320703::1,0.0,2026-10-02T01:01:04.695736+02:00
306049392,de:12064:900320684::1,0.0,2026-10-02T01:01:04.695736+02:00
306049392,de:12064:900320700::1,0.0,2026-10-02T01:01:04.695736+02:00
306049392,de:12064:900320701::1,0.0,2026-10-02T01:01:04.695736+02:00
306049392,de:12064:900320631::1,0.0,2026-10-02T01:01:04.695736+02:00
306049392,de:12064:900320611::1,0.0,2026-10-02T01:01:04.695736+02:00
306049392,de:12064:900320635::1,0.0,2026-10-02T01:01:04.695736+02:00
306049392,de:12064:900320005::1,0.0,2026-10-02T01:01:04.695736+02:00
306050657,de:12067:900310013::2,0.0,2026-10-02T01:01:04.695736+02:00
306050657,de:12067:900310572::1,0.0,2026-10-02T01:01:04.695736+02:00
306050657,de:11000:900310550::1,0.0,2026-10-02T01:01:04.695736+02:00
306050657,de:12067:900310534::1,0.0,2026-10-02T01:01:04.695736+02:00
306050657,de:12067:900310533::2,0.0,2026-10-02T01:01:04.695736+02:00
306050657,de:12067:900310532::2,0.0,2026-10-02T01:01:04.695736+02:00
306050657,de:12067:900310531::2,0.0,2026-10-02T01:01:04.695736+02:00
306050657,de:12067:900310530::2,0.0,2026-10-02T01:01:04.695736+02:00
306050657,de:12064:900320254::2,0.0,2026-10-02T01:01:04.695736+02:00
306050657,de:12064:900320246::4,0.0,2026-10-02T01:01:04.695736+02:00
306050657,de:12064:900320252::3,0.0,2026-10-02T01:01:04.695736+02:00
306050657,de:12064:900320283::2,0.0,2026-10-02T01:01:04.695736+02:00
306050657,de:12064:900320249::4,0.0,2026-10-02T01:01:04.695736+02:00
306050657,de:12064:900320242::2,0.0,2026-10-02T01:01:04.695736+02:00
306050657,de:12064:900320264::2,0.0,2026-10-02T01:01:04.695736+02:00
306050657,de:12064:900320263::2,0.0,2026-10-02T01:01:04.695736+02:00
306050657,de:12064:900320262::2,0.0,2026-10-02T01:01:04.695736+02:00
306050657,de:12064:900320275::2,0.0,2026-10-02T01:01:04.695736+02:00
306050657,de:12064:900320274::1,0.0,2026-10-02T01:01:04.695736+02:00
306050657,de:12064:900320282::2,0.0,2026-10-02T01:01:04.695736+02:00
306050657,de:12064:900320273::2,0.0,2026-10-02T01:01:04.695736+02:00
306050657,de:12064:900320659::2,0.0,2026-10-02T01:01:04.695736+02:00
306050657,de:12064:900320960::2,0.0,2026-10-02T01:01:04.695736+02:00
306050657,de:12064:900320998::2,0.0,2026-10-02T01:01:04.695736+02:00
306050657,de:12064:900320999::2,0.0,2026-10-02T01:01:04.695736+02:00
306050657,de:12064:900320562::2,0.0,2026-10-02T01:01:04.695736+02:00
306050657,de:12064:900320561::2,0.0,2026-10-02T01:01:04.695736+02:00
306050657,de:12064:900320004::4,0.0,2026-10-02T01:01:04.695736+02:00
306045586,de:12064:900320119::2,0.0,2026-10-02T01:01:04.695736+02:00
306045586,de:12064:900320120::4,0.0,2026-10-02T01:01:04.695736+02:00
306045586,de:12064:900320132::2,0.0,2026-10-02T01:01:04.695736+02:00
306045586,de:12064:900320114::2,0.0,2026-10-02T01:01:04.695736+02:00
306045586,de:12064:900320116::2,0.0,2026-10-02T01:01:04.695736+02:00
306045586,de:12064:900320115::2,0.0,2026-10-02T01:01:04.695736+02:00
306045586,de:12064:900320007::2,0.0,2026-10-02T01:01:04.695736+02:00
306045586,de:12064:900320113::2,0.0,2026-10-02T01:01:04.695736+02:00
306045586,de:12064:900320124::2,0.0,2026-10-02T01:01:04.695736+02:00
306045586,de:12064:900320112::2,0.0,2026-10-02T01:01:04.695736+02:00
306045586,de:12064:900320111::2,0.0,2026-10-02T01:01:04.695736+02:00
306045586,de:12064:900320110::2,0.0,2026-10-02T01:01:04.695736+02:00
306045586,de:12064:900320109::2,0.0,2026-10-02T01:01:04.695736+02:00
306045586,de:12064:900320108::2,0.0,2026-10-02T01:01:04.695736+02:00
306045586,de:12064:900320107::2,0.0,2026-10-02T01:01:04.695736+02:00
306045586,de:12064:900320106::2,0.0,2026-10-02T01:01:04.695736+02:00
306045586,de:12064:900320104::2,0.0,2026-10-02T01:01:04.695736+02:00
306045586,de:12064:900320103::2,0.0,2026-10-02T01:01:04.695736+02:00
306045586,de:12064:900320102::2,0.0,2026-10-02T01:01:04.695736+02:00
306045586,de:12064:900320101::2,0.0,2026-10-02T01:01:04.695736+02:00
306045586,de:12064:900320100::2,0.0,2026-10-02T01:01:04.695736+02:00
306045586,de:12064:900320008::1,-1.0,2026-10-02T01:01:04.695736+02:00
306049930,de:12064:900320005::1,0.0,2026-10-02T01:01:04.695736+02:00
306049930,de:12064:900320610::1,0.0,2026-10-02T01:01:04.695736+02:00
306049930,de:12064:900320643::1,0.0,2026-10-02T01:01:04.695736+02:00
306049930,de:12064:900320645::1,0.0,2026-10-02T01:01:04.695736+02:00
306049930,de:12064:900320647::1,0.0,2026-10-02T01:01:04.695736+02:00
306049930,de:12064:900320642::1,0.0,2026-10-02T01:01:04.695736+02:00
306049930,de:12064:900320685::1,0.0,2026-10-02T01:01:04.695736+02:00
306049930,de:12064:900320638::1,0.0,2026-10-02T01:01:04.695736+02:00
306049930,de:12064:900320639::1,0.0,2026-10-02T01:01:04.695736+02:00
306049930,de:12064:900320006::1,0.0,2026-10-02T01:01:04.695736+02:00
306049930,de:12064:900320675::1,0.0,2026-10-02T01:01:04.695736+02:00
306049930,de:12064:900320674::1,0.0,2026-10-02T01:01:04.695736+02:00
306049930,de:12064:900320672::1,0.0,2026-10-02T01:01:04.695736+02:00
306049930,de:12064:900320673::1,0.0,2026-10-02T01:01:04.695736+02:00
306049930,de:12064:900320679::1,0.0,2026-10-02T01:01:04.695736+02:00
306049930,de:12064:900320133::1,0.0,2026-10-02T01:01:04.695736+02:00
306049930,de:12064:900320134::1,0.0,2026-10-02T01:01:04.695736+02:00
306049930,de:12064:900320007::3,0.0,2026-10-02T01:01:04.695736+02:00
